,date,origine,od_happy_card,train_no,heure_arrivee,axe,destination,entity,destination_iata,heure_depart,origine_iata
0,2023-08-13,LYON (intramuros),NON,6618,15:00,SUD EST,PARIS (intramuros),RHONEPARIS,FRPLY,13:04,FRLPD
1,2023-08-13,AIX EN PROVENCE TGV,OUI,6128,20:22,SUD EST,PARIS (intramuros),PROVENCEPA,FRPLY,17:14,FRAIE
2,2023-08-13,PARIS (intramuros),OUI,8461,00:42,ATLANTIQUE,BORDEAUX ST JEAN,PASUDOUEST,FRBOJ,21:45,FRPMO
3,2023-08-13,ST PIERRE DES CORPS,OUI,8461,00:02,ATLANTIQUE,ANGOULEME,PASUDOUEST,FRANG,22:49,FRXSH
4,2023-08-13,BRUXELLES MIDI BRUSSEL ZUID,NON,9826,14:00,NORD,LYON (intramuros),JCNORDSUD,FRLPD,10:17,BEBMI
5,2023-08-13,BRUXELLES MIDI BRUSSEL ZUID,NON,9826,12:09,NORD,MARNE LA VALLEE CHESSY,JCNORDSUD,FRMLV,10:17,BEBMI
6,2023-08-13,AEROPORT CDG2 TGV ROISSY,NON,9826,14:00,NORD,LYON (intramuros),JCNORDSUD,FRLPD,12:00,FRMLW
7,2023-08-13,AEROPORT CDG2 TGV ROISSY,NON,9826,14:48,NORD,VALENCE TGV RHONE-ALPES SUD,JCNORDSUD,FRVLA,12:00,FRMLW
8,2023-08-13,MARNE LA VALLEE CHESSY,NON,9826,15:51,NORD,MONTPELLIER SUD DE FRANCE,JCNORDSUD,FRSUF,12:14,FRMLV
9,2023-08-13,AEROPORT CDG2 TGV ROISSY,NON,9826,15:30,NORD,NIMES PONT DU GARD,JCNORDSUD,FRXZP,12:00,FRMLW
10,2023-08-13,LUCON,NON,3835,17:39,IC SRO,LA ROCHELLE VILLE,NANTEBORDO,FRLRH,17:00,FRLCN
11,2023-08-13,LA ROCHELLE VILLE,NON,3835,20:11,IC SRO,BORDEAUX ST JEAN,NANTEBORDO,FRBOJ,17:43,FRLRH
12,2023-08-13,NANTES,NON,3835,20:11,IC SRO,BORDEAUX ST JEAN,NANTEBORDO,FRBOJ,15:55,FRNTE
13,2023-08-13,NANTES,NON,3835,16:58,IC SRO,LUCON,NANTEBORDO,FRLCN,15:55,FRNTE
14,2023-08-13,NANTES,NON,3835,16:35,IC SRO,LA ROCHE SUR YON,NANTEBORDO,FRXRO,15:55,FRNTE
15,2023-08-13,PARIS (intramuros),OUI,5789,06:53,IC NUIT,GAP,PABRIANCON,FRGAT,20:51,FRPAZ
16,2023-08-13,PARIS (intramuros),OUI,5789,07:11,IC NUIT,CHORGES,PABRIANCON,FRIGS,20:51,FRPAZ
17,2023-08-13,PARIS (intramuros),OUI,5789,08:26,IC NUIT,BRIANCON,PABRIANCON,FRXBC,20:51,FRPAZ
18,2023-08-13,AVIGNON TGV,OUI,6121,19:42,SUD EST,AIX EN PROVENCE TGV,PAPROVENCE,FRAIE,19:23,FRAVG
19,2023-08-13,PARIS (intramuros),NON,6121,19:57,SUD EST,MARSEILLE ST CHARLES,PAPROVENCE,FRMSC,16:38,FRPLY
20,2023-08-13,POITIERS,NON,8485,17:15,ATLANTIQUE,LIBOURNE,PASUDOUEST,FRXLR,15:57,FRPIS
21,2023-08-13,PARIS (intramuros),OUI,8485,15:54,ATLANTIQUE,POITIERS,PASUDOUEST,FRPIS,14:15,FRPMO
22,2023-08-13,LIBOURNE,OUI,8485,17:37,ATLANTIQUE,BORDEAUX ST JEAN,PASUDOUEST,FRBOJ,17:18,FRXLR
23,2023-08-13,ST PIERRE DES CORPS,NON,8485,16:34,ATLANTIQUE,ANGOULEME,PASUDOUEST,FRANG,15:21,FRXSH
24,2023-08-13,ST PIERRE DES CORPS,NON,8485,17:37,ATLANTIQUE,BORDEAUX ST JEAN,PASUDOUEST,FRBOJ,15:21,FRXSH
25,2023-08-13,MASSY TGV,NON,5354,14:50,SUD EST,NANTES,JCSUDATL,FRNTE,12:39,FRDJU
26,2023-08-13,LYON (intramuros),NON,5354,14:50,SUD EST,NANTES,JCSUDATL,FRNTE,10:30,FRLPD
27,2023-08-13,LYON (intramuros),NON,5354,13:29,SUD EST,LE MANS,JCSUDATL,FRAET,10:16,FRLPE
28,2023-08-13,LYON (intramuros),NON,5354,12:34,SUD EST,MASSY TGV,JCSUDATL,FRDJU,10:16,FRLPE
29,2023-08-13,UZERCHE,OUI,3656,15:27,IC ARO,LA SOUTERRAINE,TOULOUZECO,FRLST,14:18,FRAAW
30,2023-08-13,LIMOGES BENEDICTINS,NON,3656,16:23,IC ARO,ISSOUDUN,TOULOUZECO,FRFMN,14:57,FRAGQ
31,2023-08-13,LIMOGES BENEDICTINS,OUI,3656,15:27,IC ARO,LA SOUTERRAINE,TOULOUZECO,FRLST,14:57,FRAGQ
32,2023-08-13,LIMOGES BENEDICTINS,NON,3656,18:21,IC ARO,PARIS (intramuros),TOULOUZECO,FRPAZ,14:57,FRAGQ
33,2023-08-13,BRIVE LA GAILLARDE,NON,3656,18:21,IC ARO,PARIS (intramuros),TOULOUZECO,FRPAZ,13:52,FRBVE
34,2023-08-13,CHATEAUROUX,NON,3656,16:23,IC ARO,ISSOUDUN,TOULOUZECO,FRFMN,16:08,FRCHR
35,2023-08-13,GOURDON,NON,3656,16:46,IC ARO,VIERZON VILLE,TOULOUZECO,FRXVZ,13:08,FRFSI
36,2023-08-13,LA SOUTERRAINE,NON,3656,18:21,IC ARO,PARIS (intramuros),TOULOUZECO,FRPAZ,15:29,FRLST
37,2023-08-13,VIERZON VILLE,NON,3656,18:21,IC ARO,PARIS (intramuros),TOULOUZECO,FRPAZ,16:48,FRXVZ
38,2023-08-13,CAHORS,OUI,3656,14:17,IC ARO,UZERCHE,TOULOUZECO,FRAAW,12:41,FRZAO
39,2023-08-13,GOURDON,OUI,3656,15:27,IC ARO,LA SOUTERRAINE,TOULOUZECO,FRLST,13:08,FRFSI
40,2023-08-13,CAHORS,NON,3656,16:23,IC ARO,ISSOUDUN,TOULOUZECO,FRFMN,12:41,FRZAO
41,2023-08-13,GOURDON,NON,3656,16:23,IC ARO,ISSOUDUN,TOULOUZECO,FRFMN,13:08,FRFSI
42,2023-08-13,AVIGNON TGV,OUI,6124,19:22,SUD EST,PARIS (intramuros),AZURPA,FRPLY,16:41,FRAVG
43,2023-08-13,TOULON,NON,6124,16:38,SUD EST,AVIGNON TGV,AZURPA,FRAVG,15:07,FRTLN
44,2023-08-13,HYERES,NON,6124,16:38,SUD EST,AVIGNON TGV,AZURPA,FRAVG,14:50,FRXHE
45,2023-08-13,PARIS (intramuros),NON,6917,15:13,SUD EST,GRENOBLE,PAGRENOBLE,FRGNB,12:14,FRPLY
46,2023-08-13,BELFORT-MONTBELIARD TGV,NON,9219,20:26,INTERNATIONAL,ZUERICH HB,PABALZUR,CHAJD,18:41,FRTJA
47,2023-08-13,LAVAL,NON,8707,11:42,ATLANTIQUE,AURAY,PARISBRETA,FRXUY,09:58,FRACR
48,2023-08-13,PARIS (intramuros),NON,8707,12:00,ATLANTIQUE,LORIENT,PARISBRETA,FRLRT,08:40,FRPMO
49,2023-08-13,AURAY,OUI,8707,12:38,ATLANTIQUE,QUIMPER,PARISBRETA,FRUIP,11:45,FRXUY
50,2023-08-13,QUIMPERLE,OUI,8730,16:09,ATLANTIQUE,AURAY,BRETAPARIS,FRXUY,15:40,FRECO
51,2023-08-13,ROSPORDEN,NON,8730,19:06,ATLANTIQUE,PARIS (intramuros),BRETAPARIS,FRPMO,15:24,FRRSP
52,2023-08-13,QUIMPER,NON,8730,19:06,ATLANTIQUE,PARIS (intramuros),BRETAPARIS,FRPMO,15:10,FRUIP
53,2023-08-13,QUIMPER,NON,8730,16:23,ATLANTIQUE,VANNES,BRETAPARIS,FRVNE,15:10,FRUIP
54,2023-08-13,QUIMPER,OUI,8730,16:09,ATLANTIQUE,AURAY,BRETAPARIS,FRXUY,15:10,FRUIP
55,2023-08-13,VANNES,NON,8730,19:06,ATLANTIQUE,PARIS (intramuros),BRETAPARIS,FRPMO,16:27,FRVNE
56,2023-08-13,AURAY,NON,8730,16:23,ATLANTIQUE,VANNES,BRETAPARIS,FRVNE,16:13,FRXUY
57,2023-08-13,AIX EN PROVENCE TGV,NON,6060,18:14,SUD EST,AVIGNON TGV,JCSUDPROV,FRAVG,17:55,FRAIE
58,2023-08-13,MARSEILLE ST CHARLES,NON,6060,18:14,SUD EST,AVIGNON TGV,JCSUDPROV,FRAVG,17:36,FRMSC
59,2023-08-13,PARIS (intramuros),NON,9553,15:35,INTERNATIONAL,KAISERSLAUTERN HBF,PAFRANC,DEKLT,13:10,FRPST
60,2023-08-13,PARIS (intramuros),NON,9553,16:17,INTERNATIONAL,MANNHEIM HBF,PAFRANC,DEMHG,13:10,FRPST
61,2023-08-13,PARIS (intramuros),NON,9553,14:57,INTERNATIONAL,SARREBRUCK/SAARBRUECKEN,PAFRANC,DESBK,13:10,FRPST
62,2023-08-13,LE POULIGUEN,NON,8916,11:59,ATLANTIQUE,NANTES,LOIREPARIS,FRNTE,10:56,FREGS
63,2023-08-13,LA BAULE ESCOUBLAC,OUI,8916,11:21,ATLANTIQUE,ST NAZAIRE,LOIREPARIS,FRSNR,11:04,FRJEE
64,2023-08-13,NIORT,OUI,8379,15:18,ATLANTIQUE,LA ROCHELLE VILLE,PAROCHELLE,FRLRH,14:41,FRNIT
65,2023-08-13,PARIS (intramuros),NON,8379,14:38,ATLANTIQUE,NIORT,PAROCHELLE,FRNIT,12:16,FRPMO
66,2023-08-13,LYON (intramuros),OUI,5186,22:17,NORD,MARNE LA VALLEE CHESSY,JCSUDNORD,FRMLV,20:30,FRLPD
67,2023-08-13,MARNE LA VALLEE CHESSY,OUI,5186,23:26,NORD,LILLE (intramuros),JCSUDNORD,FRLLE,22:21,FRMLV
68,2023-08-13,AEROPORT CDG2 TGV ROISSY,OUI,5186,23:26,NORD,LILLE (intramuros),JCSUDNORD,FRLLE,22:37,FRMLW
69,2023-08-13,PARIS (intramuros),OUI,8347,21:43,ATLANTIQUE,VENDOME VILLIERS SUR LOIR,PAROCHELLE,FRESL,20:57,FRPMO
70,2023-08-13,CHATEAUROUX,OUI,3629,15:51,IC ARO,BRIVE LA GAILLARDE,PALITO,FRBVE,13:35,FRCHR
71,2023-08-13,LES AUBRAIS ORLEANS,NON,3629,15:51,IC ARO,BRIVE LA GAILLARDE,PALITO,FRBVE,12:26,FRLAB
72,2023-08-13,PARIS (intramuros),NON,3629,13:00,IC ARO,VIERZON VILLE,PALITO,FRXVZ,11:29,FRPAZ
73,2023-08-13,LIBOURNE,NON,8488,18:06,ATLANTIQUE,POITIERS,SUDOUESTPA,FRPIS,16:42,FRXLR
74,2023-08-13,BEZIERS,NON,6823,13:30,SUD EST,CARCASSONNE,JCPROVSUD,FRCCF,12:46,FRBZR
75,2023-08-13,CARCASSONNE,NON,6823,14:15,SUD EST,TOULOUSE MATABIAU,JCPROVSUD,FRXYT,13:33,FRCCF
76,2023-08-13,NIMES,NON,6823,12:02,SUD EST,MONTPELLIER SAINT-ROCH,JCPROVSUD,FRMPL,11:37,FRFNI
77,2023-08-13,LYON (intramuros),NON,6823,12:02,SUD EST,MONTPELLIER SAINT-ROCH,JCPROVSUD,FRMPL,10:08,FRLPD
78,2023-08-13,LYON (intramuros),NON,6823,14:15,SUD EST,TOULOUSE MATABIAU,JCPROVSUD,FRXYT,10:08,FRLPD
79,2023-08-13,MONTPELLIER SAINT-ROCH,NON,6823,12:43,SUD EST,BEZIERS,JCPROVSUD,FRBZR,12:06,FRMPL
80,2023-08-13,MONTPELLIER SAINT-ROCH,NON,6823,13:30,SUD EST,CARCASSONNE,JCPROVSUD,FRCCF,12:06,FRMPL
81,2023-08-13,MONTPELLIER SAINT-ROCH,NON,6823,12:59,SUD EST,NARBONNE,JCPROVSUD,FRXNA,12:06,FRMPL
82,2023-08-13,MONTPELLIER SAINT-ROCH,NON,6823,14:15,SUD EST,TOULOUSE MATABIAU,JCPROVSUD,FRXYT,12:06,FRMPL
83,2023-08-13,VALENCE TGV RHONE-ALPES SUD,NON,6823,13:30,SUD EST,CARCASSONNE,JCPROVSUD,FRCCF,10:49,FRVLA
84,2023-08-13,NARBONNE,NON,6823,13:30,SUD EST,CARCASSONNE,JCPROVSUD,FRCCF,13:02,FRXNA
85,2023-08-13,MULHOUSE VILLE,NON,6706,18:42,SUD EST,PARIS (intramuros),BOURPA,FRPLY,15:40,FRAEK
86,2023-08-13,MULHOUSE VILLE,OUI,6706,16:02,SUD EST,BELFORT-MONTBELIARD TGV,BOURPA,FRTJA,15:40,FRAEK
87,2023-08-13,BELFORT-MONTBELIARD TGV,OUI,6706,16:56,SUD EST,DIJON VILLE,BOURPA,FRABA,16:05,FRTJA
88,2023-08-13,BELFORT-MONTBELIARD TGV,OUI,6706,17:35,SUD EST,MONTBARD,BOURPA,FRGWE,16:05,FRTJA
89,2023-08-13,NIMES,OUI,6225,22:56,SUD EST,PERPIGNAN,PALANG,FRPGF,20:46,FRFNI
90,2023-08-13,MONTPELLIER SAINT-ROCH,OUI,6225,21:48,SUD EST,AGDE,PALANG,FRXAG,21:17,FRMPL
91,2023-08-13,PARIS (intramuros),NON,6225,20:42,SUD EST,NIMES,PALANG,FRFNI,17:42,FRPLY
92,2023-08-13,VALENCE TGV RHONE-ALPES SUD,NON,6225,22:03,SUD EST,BEZIERS,PALANG,FRBZR,19:56,FRVLA
93,2023-08-13,VALENCE TGV RHONE-ALPES SUD,NON,6225,21:31,SUD EST,SETE,PALANG,FRXSY,19:56,FRVLA
94,2023-08-13,SETE,OUI,6225,22:20,SUD EST,NARBONNE,PALANG,FRXNA,21:34,FRXSY
95,2023-08-13,CANNES,OUI,6074,10:55,SUD EST,ST RAPHAEL VALESCURE,AZURPA,FRXSK,10:32,FRJCA
96,2023-08-13,ANTIBES,NON,6074,12:33,SUD EST,MARSEILLE ST CHARLES,AZURPA,FRMSC,10:16,FRXAT
97,2023-08-13,REIMS,OUI,2715,10:10,EST,CHARLEVILLE MEZIERES,PABARSED,FRXCZ,09:19,FRRHE
98,2023-08-13,BIARRITZ,NON,8540,15:40,ATLANTIQUE,BORDEAUX ST JEAN,SUDOUESTPA,FRBOJ,13:27,FRBIQ
99,2023-08-13,BORDEAUX ST JEAN,NON,8540,17:52,ATLANTIQUE,PARIS (intramuros),SUDOUESTPA,FRPMO,15:46,FRBOJ
100,2023-08-13,BAYONNE,NON,8540,17:52,ATLANTIQUE,PARIS (intramuros),SUDOUESTPA,FRPMO,13:42,FRXBY
101,2023-08-13,ST JEAN DE LUZ CIBOURE,NON,8540,17:52,ATLANTIQUE,PARIS (intramuros),SUDOUESTPA,FRPMO,13:14,FRXJZ
102,2023-08-13,LORIENT,OUI,8742,19:05,ATLANTIQUE,AURAY,BRETAPARIS,FRXUY,18:50,FRLRT
103,2023-08-13,ROSPORDEN,OUI,8742,19:05,ATLANTIQUE,AURAY,BRETAPARIS,FRXUY,18:21,FRRSP
104,2023-08-13,REDON,NON,8742,21:56,ATLANTIQUE,PARIS (intramuros),BRETAPARIS,FRPMO,19:48,FRXRN
105,2023-08-13,PARIS (intramuros),NON,2369,15:41,EST,STRASBOURG,PASTRAMULH,FRAEG,13:55,FRPST
106,2023-08-13,CHAMBERY CHALLES LES EAUX,OUI,6941,15:59,SUD EST,AIX LES BAINS LE REVARD,PARISALPES,FRXAI,15:49,FRCMF
107,2023-08-13,MACON LOCHE TGV,NON,6941,15:59,SUD EST,AIX LES BAINS LE REVARD,PARISALPES,FRXAI,14:20,FRMLT
108,2023-08-13,UZERCHE,OUI,3648,13:35,IC ARO,ISSOUDUN,TOULOUZECO,FRFMN,11:30,FRAAW
109,2023-08-13,CHATEAUROUX,OUI,3648,13:57,IC ARO,VIERZON VILLE,TOULOUZECO,FRXVZ,13:21,FRCHR
110,2023-08-13,ARGENTON SUR CREUSE,OUI,3648,13:35,IC ARO,ISSOUDUN,TOULOUZECO,FRFMN,13:03,FRFMT
111,2023-08-13,UZERCHE,OUI,3648,13:02,IC ARO,ARGENTON SUR CREUSE,TOULOUZECO,FRFMT,11:30,FRAAW
112,2023-08-13,PARIS (intramuros),OUI,7481,21:18,NORD,LILLE (intramuros),PALILLE,FRADJ,20:16,FRPNO
113,2023-08-13,ANGERS ST LAUD,OUI,5300,07:19,SUD EST,MASSY TGV,JCATLSUD,FRDJU,05:33,FRACL
114,2023-08-13,ST PIERRE DES CORPS,OUI,5300,07:19,SUD EST,MASSY TGV,JCATLSUD,FRDJU,06:28,FRXSH
115,2023-08-13,VALENCE TGV RHONE-ALPES SUD,OUI,5300,10:58,SUD EST,NIMES PONT DU GARD,JCATLSUD,FRXZP,10:22,FRVLA
116,2023-08-13,ANGERS ST LAUD,NON,5300,10:58,SUD EST,NIMES PONT DU GARD,JCATLSUD,FRXZP,05:33,FRACL
117,2023-08-13,NIMES PONT DU GARD,OUI,5300,11:21,SUD EST,MONTPELLIER SUD DE FRANCE,JCATLSUD,FRSUF,11:01,FRXZP
118,2023-08-13,QUIMPERLE,OUI,8739,22:30,ATLANTIQUE,ROSPORDEN,PARISBRETA,FRRSP,22:16,FRECO
119,2023-08-13,PARIS (intramuros),NON,8739,22:45,ATLANTIQUE,QUIMPER,PARISBRETA,FRUIP,18:40,FRPMO
120,2023-08-13,PARIS (intramuros),NON,8739,21:03,ATLANTIQUE,REDON,PARISBRETA,FRXRN,18:40,FRPMO
121,2023-08-13,RENNES,NON,8739,22:30,ATLANTIQUE,ROSPORDEN,PARISBRETA,FRRSP,20:29,FRRNS
122,2023-08-13,VANNES,OUI,8739,21:59,ATLANTIQUE,LORIENT,PARISBRETA,FRLRT,21:31,FRVNE
123,2023-08-13,VANNES,OUI,8739,22:30,ATLANTIQUE,ROSPORDEN,PARISBRETA,FRRSP,21:31,FRVNE
124,2023-08-13,VANNES,OUI,8739,21:41,ATLANTIQUE,AURAY,PARISBRETA,FRXUY,21:31,FRVNE
125,2023-08-13,REDON,OUI,8739,21:41,ATLANTIQUE,AURAY,PARISBRETA,FRXUY,21:05,FRXRN
126,2023-08-13,VALENCE TGV RHONE-ALPES SUD,OUI,6864,15:18,SUD EST,LYON (intramuros),JCSUDPROV,FRLPD,14:40,FRVLA
127,2023-08-13,PARIS (intramuros),NON,9211,14:26,INTERNATIONAL,ZUERICH HB,PABALZUR,CHAJD,10:22,FRPLY
128,2023-08-13,PARIS (intramuros),NON,9211,13:26,INTERNATIONAL,BASEL SBB,PABALZUR,CHAJP,10:22,FRPLY
129,2023-08-13,NEVERS,NON,5963,17:29,IC ARO,CLERMONT FERRAND,PACLERMONT,FRCFE,15:59,FRNVS
130,2023-08-13,NEVERS,NON,5963,16:55,IC ARO,VICHY,PACLERMONT,FRVHY,15:59,FRNVS
131,2023-08-13,PARIS (intramuros),NON,5963,17:17,IC ARO,RIOM CHATEL GUYON,PACLERMONT,FRRIO,14:00,FRPBE
132,2023-08-13,PARIS (intramuros),NON,5963,16:28,IC ARO,MOULINS SUR ALLIER,PACLERMONT,FRXMU,14:00,FRPBE
133,2023-08-13,VICHY,OUI,5963,17:29,IC ARO,CLERMONT FERRAND,PACLERMONT,FRCFE,16:57,FRVHY
134,2023-08-13,MOULINS SUR ALLIER,OUI,5963,17:17,IC ARO,RIOM CHATEL GUYON,PACLERMONT,FRRIO,16:30,FRXMU
135,2023-08-13,RENNES,NON,8729,19:37,ATLANTIQUE,AURAY,PARISBRETA,FRXUY,18:29,FRRNS
136,2023-08-13,CLERMONT FERRAND,NON,15941,13:28,IC SRO,ISSOIRE,NORESTJOU,FRHLB,13:03,FRCFE
137,2023-08-13,CLERMONT FERRAND,NON,15941,13:42,IC SRO,BRASSAC LES MINES STE FLORINE,NORESTJOU,FRHLE,13:03,FRCFE
138,2023-08-13,CLERMONT FERRAND,NON,15941,18:57,IC SRO,BEDARIEUX,NORESTJOU,FRIMH,13:03,FRCFE
139,2023-08-13,CLERMONT FERRAND,NON,15941,17:35,IC SRO,MILLAU,NORESTJOU,FRMAU,13:03,FRCFE
140,2023-08-13,ARVANT,NON,15941,17:35,IC SRO,MILLAU,NORESTJOU,FRMAU,13:49,FRARV
141,2023-08-13,BEDARIEUX,NON,15941,19:32,IC SRO,BEZIERS,NORESTJOU,FRBZR,18:58,FRIMH
142,2023-08-13,AUMONT AUBRAC,NON,15941,19:32,IC SRO,BEZIERS,NORESTJOU,FRBZR,15:50,FRINC
143,2023-08-13,ISSOIRE,NON,15941,14:08,IC SRO,MASSIAC BLESLE,NORESTJOU,FRHMY,13:29,FRHLB
144,2023-08-13,ST CHELY D'APCHER,NON,15941,19:32,IC SRO,BEZIERS,NORESTJOU,FRBZR,15:37,FRINB
145,2023-08-13,MARVEJOLS,NON,15941,17:01,IC SRO,SEVERAC LE CHATEAU,NORESTJOU,FRSVC,16:14,FRINE
146,2023-08-13,ST FLOUR CHAUDES AIGUES,NON,15941,15:49,IC SRO,AUMONT AUBRAC,NORESTJOU,FRINC,14:57,FRIMW
147,2023-08-13,MILLAU,NON,15941,18:57,IC SRO,BEDARIEUX,NORESTJOU,FRIMH,17:38,FRMAU
148,2023-08-13,MASSIAC BLESLE,NON,15941,15:36,IC SRO,ST CHELY D'APCHER,NORESTJOU,FRINB,14:09,FRHMY
149,2023-08-13,ST FLOUR CHAUDES AIGUES,NON,15941,16:49,IC SRO,CAMPAGNAC ST GENIEZ,NORESTJOU,FRINJ,14:57,FRIMW
150,2023-08-13,ST CHELY D'APCHER,NON,15941,16:13,IC SRO,MARVEJOLS,NORESTJOU,FRINE,15:37,FRINB
151,2023-08-13,BANASSAC LA CANOURGUE,NON,15941,17:35,IC SRO,MILLAU,NORESTJOU,FRMAU,16:36,FRINH
152,2023-08-13,BEDARIEUX,NON,15941,19:17,IC SRO,MAGALAS,NORESTJOU,FRIMK,18:58,FRIMH
153,2023-08-13,ST ROME DE CERNON,NON,15941,19:17,IC SRO,MAGALAS,NORESTJOU,FRIMK,17:56,FRINN
154,2023-08-13,ARVANT,NON,15941,18:46,IC SRO,LE BOUSQUET D'ORB,NORESTJOU,FRIMG,13:49,FRARV
155,2023-08-13,CAMPAGNAC ST GENIEZ,NON,15941,19:32,IC SRO,BEZIERS,NORESTJOU,FRBZR,16:50,FRINJ
156,2023-08-13,CLERMONT FERRAND,NON,15941,18:27,IC SRO,CEILHES ROQUEREDONDE,NORESTJOU,FRIMC,13:03,FRCFE
157,2023-08-13,AUMONT AUBRAC,NON,15941,17:35,IC SRO,MILLAU,NORESTJOU,FRMAU,15:50,FRINC
158,2023-08-13,CLERMONT FERRAND,NON,15941,17:48,IC SRO,ST GEORGES DE LUZENCON,NORESTJOU,FRINM,13:03,FRCFE
159,2023-08-13,BRASSAC LES MINES STE FLORINE,NON,15941,19:32,IC SRO,BEZIERS,NORESTJOU,FRBZR,13:43,FRHLE
160,2023-08-13,BRASSAC LES MINES STE FLORINE,NON,15941,19:17,IC SRO,MAGALAS,NORESTJOU,FRIMK,13:43,FRHLE
161,2023-08-13,BRASSAC LES MINES STE FLORINE,NON,15941,18:03,IC SRO,TOURNEMIRE ROQUEFORT,NORESTJOU,FRINO,13:43,FRHLE
162,2023-08-13,ISSOIRE,NON,15941,16:49,IC SRO,CAMPAGNAC ST GENIEZ,NORESTJOU,FRINJ,13:29,FRHLB
163,2023-08-13,MASSIAC BLESLE,NON,15941,18:03,IC SRO,TOURNEMIRE ROQUEFORT,NORESTJOU,FRINO,14:09,FRHMY
164,2023-08-13,CEILHES ROQUEREDONDE,NON,15941,18:57,IC SRO,BEDARIEUX,NORESTJOU,FRIMH,18:28,FRIMC
165,2023-08-13,ST FLOUR CHAUDES AIGUES,NON,15941,17:48,IC SRO,ST GEORGES DE LUZENCON,NORESTJOU,FRINM,14:57,FRIMW
166,2023-08-13,CAMPAGNAC ST GENIEZ,NON,15941,18:46,IC SRO,LE BOUSQUET D'ORB,NORESTJOU,FRIMG,16:50,FRINJ
167,2023-08-13,NEUSSARGUES,NON,15941,17:48,IC SRO,ST GEORGES DE LUZENCON,NORESTJOU,FRINM,14:36,FRNEU
168,2023-08-13,MARVEJOLS,NON,15941,18:27,IC SRO,CEILHES ROQUEREDONDE,NORESTJOU,FRIMC,16:14,FRINE
169,2023-08-13,AUMONT AUBRAC,NON,15941,18:46,IC SRO,LE BOUSQUET D'ORB,NORESTJOU,FRIMG,15:50,FRINC
170,2023-08-13,MARVEJOLS,NON,15941,17:48,IC SRO,ST GEORGES DE LUZENCON,NORESTJOU,FRINM,16:14,FRINE
171,2023-08-13,ARVANT,NON,15941,18:03,IC SRO,TOURNEMIRE ROQUEFORT,NORESTJOU,FRINO,13:49,FRARV
172,2023-08-13,ST GEORGES DE LUZENCON,NON,15941,18:03,IC SRO,TOURNEMIRE ROQUEFORT,NORESTJOU,FRINO,17:49,FRINM
173,2023-08-13,CAMPAGNAC ST GENIEZ,NON,15941,18:03,IC SRO,TOURNEMIRE ROQUEFORT,NORESTJOU,FRINO,16:50,FRINJ
174,2023-08-13,CAMPAGNAC ST GENIEZ,NON,15941,17:55,IC SRO,ST ROME DE CERNON,NORESTJOU,FRINN,16:50,FRINJ
175,2023-08-13,ST CHELY D'APCHER,NON,15941,16:21,IC SRO,LE MONASTIER,NORESTJOU,FRLMR,15:37,FRINB
176,2023-08-13,TBD,NON,15941,17:35,IC SRO,TBD,NORESTJOU,FRMAU,16:22,FRLMR
177,2023-08-13,TBD,NON,15941,18:27,IC SRO,TBD,NORESTJOU,FRIMC,13:43,FRHLE
178,2023-08-13,CALAIS FRETHUN,OUI,7544,22:08,NORD,PARIS (intramuros),ARRASPA,FRPNO,20:06,FRSTH
179,2023-08-13,LE CROISIC,NON,8912,10:23,ATLANTIQUE,LE MANS,LOIREPARIS,FRAET,07:55,FREGU
180,2023-08-13,ST NAZAIRE,OUI,8912,08:59,ATLANTIQUE,NANTES,LOIREPARIS,FRNTE,08:24,FRSNR
181,2023-08-13,NIMES PONT DU GARD,OUI,6064,21:52,SUD EST,LYON (intramuros),JCSUDPROV,FRLPD,20:33,FRXZP
182,2023-08-13,QUIMPER,OUI,8732,17:54,ATLANTIQUE,VANNES,BRETAPARIS,FRVNE,16:56,FRUIP
183,2023-08-13,AIX EN PROVENCE TGV,OUI,6106,07:38,SUD EST,AVIGNON TGV,PROVENCEPA,FRAVG,07:18,FRAIE
184,2023-08-13,AIX EN PROVENCE TGV,NON,6106,10:22,SUD EST,PARIS (intramuros),PROVENCEPA,FRPLY,07:18,FRAIE
185,2023-08-13,MARSEILLE ST CHARLES,NON,6106,10:22,SUD EST,PARIS (intramuros),PROVENCEPA,FRPLY,07:04,FRMSC
186,2023-08-13,ZUERICH HB,NON,9226,16:53,INTERNATIONAL,MULHOUSE VILLE,ZURBALPA,FRAEK,15:34,CHAJD
187,2023-08-13,PARIS (intramuros),NON,6503,15:17,SUD EST,EVIAN LES BAINS,PARISALPES,FRXEB,10:30,FRPLY
188,2023-08-13,MONTBARD,OUI,6091,20:31,SUD EST,DIJON VILLE,PABOUR,FRABA,19:56,FRGWE
189,2023-08-13,FRANKFURT MAIN HBF,NON,9580,15:34,INTERNATIONAL,BADEN BADEN,FRANCMRS,DEZCC,13:56,DEFRH
190,2023-08-13,FRANKFURT MAIN HBF,NON,9580,21:12,INTERNATIONAL,AVIGNON TGV,FRANCMRS,FRAVG,13:56,DEFRH
191,2023-08-13,FRANKFURT MAIN HBF,NON,9580,17:55,INTERNATIONAL,BESANCON - F COMTE TGV,FRANCMRS,FRTJB,13:56,DEFRH
192,2023-08-13,MANNHEIM HBF,NON,9580,21:34,INTERNATIONAL,AIX EN PROVENCE TGV,FRANCMRS,FRAIE,14:39,DEMHG
193,2023-08-13,MANNHEIM HBF,NON,9580,17:55,INTERNATIONAL,BESANCON - F COMTE TGV,FRANCMRS,FRTJB,14:39,DEMHG
194,2023-08-13,MANNHEIM HBF,NON,9580,18:53,INTERNATIONAL,CHALON SUR SAONE,FRANCMRS,FRXCD,14:39,DEMHG
195,2023-08-13,KARLSRUHE HBF,NON,9580,15:34,INTERNATIONAL,BADEN BADEN,FRANCMRS,DEZCC,15:12,DEQKA
196,2023-08-13,KARLSRUHE HBF,NON,9580,19:56,INTERNATIONAL,LYON (intramuros),FRANCMRS,FRLPD,15:12,DEQKA
197,2023-08-13,KARLSRUHE HBF,NON,9580,17:55,INTERNATIONAL,BESANCON - F COMTE TGV,FRANCMRS,FRTJB,15:12,DEQKA
198,2023-08-13,BADEN BADEN,NON,9580,16:02,INTERNATIONAL,STRASBOURG,FRANCMRS,FRAEG,15:35,DEZCC
199,2023-08-13,BADEN BADEN,NON,9580,21:12,INTERNATIONAL,AVIGNON TGV,FRANCMRS,FRAVG,15:35,DEZCC
200,2023-08-13,BADEN BADEN,NON,9580,21:48,INTERNATIONAL,MARSEILLE ST CHARLES,FRANCMRS,FRMSC,15:35,DEZCC
201,2023-08-13,STRASBOURG,NON,9580,21:48,INTERNATIONAL,MARSEILLE ST CHARLES,FRANCMRS,FRMSC,16:15,FRAEG
202,2023-08-13,STRASBOURG,NON,9580,18:53,INTERNATIONAL,CHALON SUR SAONE,FRANCMRS,FRXCD,16:15,FRAEG
203,2023-08-13,MULHOUSE VILLE,NON,9580,19:56,INTERNATIONAL,LYON (intramuros),FRANCMRS,FRLPD,17:09,FRAEK
204,2023-08-13,MULHOUSE VILLE,NON,9580,17:31,INTERNATIONAL,BELFORT-MONTBELIARD TGV,FRANCMRS,FRTJA,17:09,FRAEK
205,2023-08-13,BELFORT-MONTBELIARD TGV,NON,9580,21:34,INTERNATIONAL,AIX EN PROVENCE TGV,FRANCMRS,FRAIE,17:34,FRTJA
206,2023-08-13,BESANCON - F COMTE TGV,NON,9580,21:34,INTERNATIONAL,AIX EN PROVENCE TGV,FRANCMRS,FRAIE,17:58,FRTJB
207,2023-08-13,CHALON SUR SAONE,NON,9580,19:56,INTERNATIONAL,LYON (intramuros),FRANCMRS,FRLPD,18:56,FRXCD
208,2023-08-13,CHALON SUR SAONE,NON,9580,21:48,INTERNATIONAL,MARSEILLE ST CHARLES,FRANCMRS,FRMSC,18:56,FRXCD
209,2023-08-13,AVIGNON TGV,NON,5376,08:37,SUD EST,VALENCE TGV RHONE-ALPES SUD,JCSUDATL,FRVLA,08:05,FRAVG
210,2023-08-13,VALENCE TGV RHONE-ALPES SUD,NON,5376,09:20,SUD EST,LYON (intramuros),JCSUDATL,FRLPD,08:42,FRVLA
211,2023-08-13,DIJON VILLE,NON,2239,21:59,EST,CANNES,JCRHINRHON,FRJCA,16:20,FRABA
212,2023-08-13,DIJON VILLE,NON,2239,19:45,EST,MARSEILLE ST CHARLES,JCRHINRHON,FRMSC,16:20,FRABA
213,2023-08-13,DIJON VILLE,NON,2239,22:11,EST,ANTIBES,JCRHINRHON,FRXAT,16:20,FRABA
214,2023-08-13,DIJON VILLE,NON,2239,16:39,EST,BEAUNE,JCRHINRHON,FRXBV,16:20,FRABA
215,2023-08-13,STRASBOURG,OUI,2239,14:30,EST,MULHOUSE VILLE,JCRHINRHON,FRAEK,13:37,FRAEG
216,2023-08-13,STRASBOURG,NON,2239,19:31,EST,AIX EN PROVENCE TGV,JCRHINRHON,FRAIE,13:37,FRAEG
217,2023-08-13,STRASBOURG,OUI,2239,15:02,EST,BELFORT-MONTBELIARD TGV,JCRHINRHON,FRTJA,13:37,FRAEG
218,2023-08-13,STRASBOURG,OUI,2239,15:29,EST,BESANCON - F COMTE TGV,JCRHINRHON,FRTJB,13:37,FRAEG
219,2023-08-13,COLMAR,NON,2239,19:45,EST,MARSEILLE ST CHARLES,JCRHINRHON,FRMSC,14:05,FRAEJ
220,2023-08-13,COLMAR,NON,2239,22:30,EST,NICE VILLE,JCRHINRHON,FRNIC,14:05,FRAEJ
221,2023-08-13,COLMAR,OUI,2239,15:29,EST,BESANCON - F COMTE TGV,JCRHINRHON,FRTJB,14:05,FRAEJ
222,2023-08-13,COLMAR,NON,2239,22:11,EST,ANTIBES,JCRHINRHON,FRXAT,14:05,FRAEJ
223,2023-08-13,COLMAR,NON,2239,21:17,EST,LES ARCS DRAGUIGNAN,JCRHINRHON,FRXRS,14:05,FRAEJ
224,2023-08-13,COLMAR,NON,2239,21:34,EST,ST RAPHAEL VALESCURE,JCRHINRHON,FRXSK,14:05,FRAEJ
225,2023-08-13,MULHOUSE VILLE,NON,2239,20:41,EST,TOULON,JCRHINRHON,FRTLN,14:41,FRAEK
226,2023-08-13,MULHOUSE VILLE,NON,2239,22:11,EST,ANTIBES,JCRHINRHON,FRXAT,14:41,FRAEK
227,2023-08-13,AIX EN PROVENCE TGV,NON,2239,21:59,EST,CANNES,JCRHINRHON,FRJCA,19:33,FRAIE
228,2023-08-13,AIX EN PROVENCE TGV,NON,2239,22:30,EST,NICE VILLE,JCRHINRHON,FRNIC,19:33,FRAIE
229,2023-08-13,AIX EN PROVENCE TGV,NON,2239,20:41,EST,TOULON,JCRHINRHON,FRTLN,19:33,FRAIE
230,2023-08-13,AVIGNON TGV,NON,2239,19:31,EST,AIX EN PROVENCE TGV,JCRHINRHON,FRAIE,19:12,FRAVG
231,2023-08-13,AVIGNON TGV,NON,2239,19:45,EST,MARSEILLE ST CHARLES,JCRHINRHON,FRMSC,19:12,FRAVG
232,2023-08-13,AVIGNON TGV,NON,2239,22:30,EST,NICE VILLE,JCRHINRHON,FRNIC,19:12,FRAVG
233,2023-08-13,AVIGNON TGV,NON,2239,20:41,EST,TOULON,JCRHINRHON,FRTLN,19:12,FRAVG
234,2023-08-13,LYON (intramuros),NON,2239,21:17,EST,LES ARCS DRAGUIGNAN,JCRHINRHON,FRXRS,18:04,FRLPD
235,2023-08-13,BELFORT-MONTBELIARD TGV,OUI,2239,16:04,EST,DIJON VILLE,JCRHINRHON,FRABA,15:06,FRTJA
236,2023-08-13,BELFORT-MONTBELIARD TGV,NON,2239,19:45,EST,MARSEILLE ST CHARLES,JCRHINRHON,FRMSC,15:06,FRTJA
237,2023-08-13,BESANCON - F COMTE TGV,NON,2239,17:56,EST,LYON (intramuros),JCRHINRHON,FRLPD,15:36,FRTJB
238,2023-08-13,TOULON,OUI,2239,21:59,EST,CANNES,JCRHINRHON,FRJCA,20:45,FRTLN
239,2023-08-13,BEAUNE,NON,2239,21:59,EST,CANNES,JCRHINRHON,FRJCA,16:42,FRXBV
240,2023-08-13,BEAUNE,NON,2239,22:11,EST,ANTIBES,JCRHINRHON,FRXAT,16:42,FRXBV
241,2023-08-13,LES ARCS DRAGUIGNAN,OUI,2239,21:59,EST,CANNES,JCRHINRHON,FRJCA,21:20,FRXRS
242,2023-08-13,ST RAPHAEL VALESCURE,OUI,2239,22:30,EST,NICE VILLE,JCRHINRHON,FRNIC,21:37,FRXSK
243,2023-08-13,BESANCON - F COMTE TGV,NON,2239,21:34,EST,ST RAPHAEL VALESCURE,JCRHINRHON,FRXSK,15:36,FRTJB
244,2023-08-13,BELFORT-MONTBELIARD TGV,NON,2239,21:17,EST,LES ARCS DRAGUIGNAN,JCRHINRHON,FRXRS,15:06,FRTJA
245,2023-08-13,COLMAR,NON,2239,16:39,EST,BEAUNE,JCRHINRHON,FRXBV,14:05,FRAEJ
246,2023-08-13,THIONVILLE,OUI,2872,16:52,EST,METZ VILLE,LUXMETZPA,FRADE,16:34,FRXTH
247,2023-08-13,CHAMBERY CHALLES LES EAUX,NON,9245,16:50,INTERNATIONAL,MILANO P GARIBALDI,PAITALIE,ITMPG,12:44,FRCMF
248,2023-08-13,MACON LOCHE TGV,NON,9245,13:49,INTERNATIONAL,MODANE,PAITALIE,FRAGR,11:20,FRMLT
249,2023-08-13,STRASBOURG,OUI,9894,18:32,NORD,CHAMPAGNE-ARDENNE,JCESTNORD,FREAH,17:01,FRAEG
250,2023-08-13,CHAMPAGNE-ARDENNE,OUI,9894,20:19,NORD,LILLE (intramuros),JCESTNORD,FRLLE,18:35,FREAH
251,2023-08-13,LORRAINE TGV,OUI,9894,18:01,NORD,MEUSE TGV,JCESTNORD,FREAJ,17:42,FREAM
252,2023-08-13,LILLE (intramuros),NON,9894,21:12,NORD,BRUXELLES MIDI BRUSSEL ZUID,JCESTNORD,BEBMI,20:34,FRLLE
253,2023-08-13,TGV HAUTE PICARDIE,NON,9894,21:12,NORD,BRUXELLES MIDI BRUSSEL ZUID,JCESTNORD,BEBMI,19:53,FRTHP
254,2023-08-13,TGV HAUTE PICARDIE,OUI,9894,20:19,NORD,LILLE (intramuros),JCESTNORD,FRLLE,19:53,FRTHP
255,2023-08-13,MEUSE TGV,OUI,9894,19:44,NORD,TGV HAUTE PICARDIE,JCESTNORD,FRTHP,18:09,FREAJ
256,2023-08-13,NIMES,NON,9862,15:25,NORD,BRUXELLES MIDI BRUSSEL ZUID,JCSUDNORD,BEBMI,09:25,FRFNI
257,2023-08-13,NIMES,NON,9862,14:24,NORD,LILLE (intramuros),JCSUDNORD,FRLLE,09:25,FRFNI
258,2023-08-13,AEROPORT CDG2 TGV ROISSY,NON,9862,14:24,NORD,LILLE (intramuros),JCSUDNORD,FRLLE,13:07,FRMLW
259,2023-08-13,AEROPORT CDG2 TGV ROISSY,NON,9862,13:34,NORD,TGV HAUTE PICARDIE,JCSUDNORD,FRTHP,13:07,FRMLW
260,2023-08-13,PERPIGNAN,OUI,9862,08:02,NORD,BEZIERS,JCSUDNORD,FRBZR,07:08,FRPGF
261,2023-08-13,PERPIGNAN,NON,9862,14:24,NORD,LILLE (intramuros),JCSUDNORD,FRLLE,07:08,FRPGF
262,2023-08-13,PERPIGNAN,NON,9862,12:47,NORD,MARNE LA VALLEE CHESSY,JCSUDNORD,FRMLV,07:08,FRPGF
263,2023-08-13,PERPIGNAN,OUI,9862,08:52,NORD,MONTPELLIER SAINT-ROCH,JCSUDNORD,FRMPL,07:08,FRPGF
264,2023-08-13,PERPIGNAN,NON,9862,10:10,NORD,VALENCE TGV RHONE-ALPES SUD,JCSUDNORD,FRVLA,07:08,FRPGF
265,2023-08-13,PERPIGNAN,OUI,9862,07:46,NORD,NARBONNE,JCSUDNORD,FRXNA,07:08,FRPGF
266,2023-08-13,ARRAS,NON,9862,15:25,NORD,BRUXELLES MIDI BRUSSEL ZUID,JCSUDNORD,BEBMI,14:03,FRQRV
267,2023-08-13,TGV HAUTE PICARDIE,NON,9862,14:24,NORD,LILLE (intramuros),JCSUDNORD,FRLLE,13:38,FRTHP
268,2023-08-13,VALENCE TGV RHONE-ALPES SUD,NON,9862,14:24,NORD,LILLE (intramuros),JCSUDNORD,FRLLE,10:15,FRVLA
269,2023-08-13,AGDE,NON,9862,13:01,NORD,AEROPORT CDG2 TGV ROISSY,JCSUDNORD,FRMLW,08:20,FRXAG
270,2023-08-13,NARBONNE,NON,9862,15:25,NORD,BRUXELLES MIDI BRUSSEL ZUID,JCSUDNORD,BEBMI,07:49,FRXNA
271,2023-08-13,NARBONNE,OUI,9862,08:02,NORD,BEZIERS,JCSUDNORD,FRBZR,07:49,FRXNA
272,2023-08-13,NARBONNE,NON,9862,09:22,NORD,NIMES,JCSUDNORD,FRFNI,07:49,FRXNA
273,2023-08-13,SETE,NON,9862,14:24,NORD,LILLE (intramuros),JCSUDNORD,FRLLE,08:36,FRXSY
274,2023-08-13,SETE,NON,9862,12:47,NORD,MARNE LA VALLEE CHESSY,JCSUDNORD,FRMLV,08:36,FRXSY
275,2023-08-13,SETE,OUI,9862,08:52,NORD,MONTPELLIER SAINT-ROCH,JCSUDNORD,FRMPL,08:36,FRXSY
276,2023-08-13,PERPIGNAN,NON,9862,13:34,NORD,TGV HAUTE PICARDIE,JCSUDNORD,FRTHP,07:08,FRPGF
277,2023-08-13,AGDE,NON,9862,13:34,NORD,TGV HAUTE PICARDIE,JCSUDNORD,FRTHP,08:20,FRXAG
278,2023-08-13,BIARRITZ,NON,8534,10:38,ATLANTIQUE,DAX,SUDOUESTPA,FRACG,09:53,FRBIQ
279,2023-08-13,BIARRITZ,NON,8534,14:20,ATLANTIQUE,PARIS (intramuros),SUDOUESTPA,FRPMO,09:53,FRBIQ
280,2023-08-13,BAYONNE,NON,8534,10:38,ATLANTIQUE,DAX,SUDOUESTPA,FRACG,10:07,FRXBY
281,2023-08-13,BEZIERS,OUI,6036,17:08,SUD EST,AGDE,LANGPA,FRXAG,16:58,FRBZR
282,2023-08-13,PERPIGNAN,OUI,6036,16:55,SUD EST,BEZIERS,LANGPA,FRBZR,16:05,FRPGF
283,2023-08-13,PERPIGNAN,OUI,6036,17:43,SUD EST,MONTPELLIER SAINT-ROCH,LANGPA,FRMPL,16:05,FRPGF
284,2023-08-13,NARBONNE,NON,6036,19:03,SUD EST,VALENCE TGV RHONE-ALPES SUD,LANGPA,FRVLA,16:42,FRXNA
285,2023-08-13,CHATEAUROUX,OUI,3655,21:10,IC ARO,BRIVE LA GAILLARDE,PALITO,FRBVE,18:56,FRCHR
286,2023-08-13,ISSOUDUN,OUI,3655,21:10,IC ARO,BRIVE LA GAILLARDE,PALITO,FRBVE,18:40,FRFMN
287,2023-08-13,LE MANS,OUI,9884,09:45,NORD,TGV HAUTE PICARDIE,JCBRETNORD,FRTHP,07:26,FRAET
288,2023-08-13,MASSY TGV,OUI,9884,10:17,NORD,LILLE (intramuros),JCBRETNORD,FRLLE,08:26,FRDJU
289,2023-08-13,LILLE (intramuros),NON,9884,11:01,NORD,BRUXELLES MIDI BRUSSEL ZUID,JCBRETNORD,BEBMI,10:27,FRLLE
290,2023-08-13,MARNE LA VALLEE CHESSY,OUI,9884,09:10,NORD,AEROPORT CDG2 TGV ROISSY,JCBRETNORD,FRMLW,09:01,FRMLV
291,2023-08-13,LIMOGES BENEDICTINS,OUI,3694,22:20,IC ARO,LES AUBRAIS ORLEANS,TOULOUZECO,FRLAB,20:01,FRAGQ
292,2023-08-13,CHATEAUROUX,OUI,3694,21:43,IC ARO,VIERZON VILLE,TOULOUZECO,FRXVZ,21:10,FRCHR
293,2023-08-13,GOURDON,OUI,3694,22:20,IC ARO,LES AUBRAIS ORLEANS,TOULOUZECO,FRLAB,18:12,FRFSI
294,2023-08-13,CAUSSADE TARN ET GARONNE,OUI,3694,18:10,IC ARO,GOURDON,TOULOUZECO,FRFSI,17:18,FRFTA
295,2023-08-13,CAUSSADE TARN ET GARONNE,OUI,3694,23:19,IC ARO,PARIS (intramuros),TOULOUZECO,FRPAZ,17:18,FRFTA
296,2023-08-13,LA SOUTERRAINE,OUI,3694,22:20,IC ARO,LES AUBRAIS ORLEANS,TOULOUZECO,FRLAB,20:32,FRLST
297,2023-08-13,SOUILLAC,OUI,3694,19:58,IC ARO,LIMOGES BENEDICTINS,TOULOUZECO,FRAGQ,18:29,FRSOU
298,2023-08-13,MONTAUBAN VILLE BOURBON,OUI,3694,18:55,IC ARO,BRIVE LA GAILLARDE,TOULOUZECO,FRBVE,17:05,FRXMW
299,2023-08-13,MONTAUBAN VILLE BOURBON,OUI,3694,22:20,IC ARO,LES AUBRAIS ORLEANS,TOULOUZECO,FRLAB,17:05,FRXMW
300,2023-08-13,TOULOUSE MATABIAU,OUI,3694,21:08,IC ARO,CHATEAUROUX,TOULOUZECO,FRCHR,16:32,FRXYT
301,2023-08-13,TOULOUSE MATABIAU,OUI,3694,22:20,IC ARO,LES AUBRAIS ORLEANS,TOULOUZECO,FRLAB,16:32,FRXYT
302,2023-08-13,TOULOUSE MATABIAU,OUI,3694,20:30,IC ARO,LA SOUTERRAINE,TOULOUZECO,FRLST,16:32,FRXYT
303,2023-08-13,TOULOUSE MATABIAU,OUI,3694,18:27,IC ARO,SOUILLAC,TOULOUZECO,FRSOU,16:32,FRXYT
304,2023-08-13,CAHORS,OUI,3694,21:43,IC ARO,VIERZON VILLE,TOULOUZECO,FRXVZ,17:45,FRZAO
305,2023-08-13,MONTPELLIER SUD DE FRANCE,NON,5182,20:47,NORD,MARNE LA VALLEE CHESSY,JCSUDNORD,FRMLV,17:05,FRSUF
306,2023-08-13,MONTPELLIER SUD DE FRANCE,NON,5182,18:50,NORD,LYON (intramuros),JCSUDNORD,FRLPD,17:05,FRSUF
307,2023-08-13,NIMES PONT DU GARD,NON,5182,20:47,NORD,MARNE LA VALLEE CHESSY,JCSUDNORD,FRMLV,17:27,FRXZP
308,2023-08-13,NICE VILLE,OUI,6174,10:28,SUD EST,CANNES,AZURPA,FRJCA,09:57,FRNIC
309,2023-08-13,NICE VILLE,NON,6174,15:50,SUD EST,PARIS (intramuros),AZURPA,FRPLY,09:57,FRNIC
310,2023-08-13,NICE VILLE,OUI,6174,10:13,SUD EST,ANTIBES,AZURPA,FRXAT,09:57,FRNIC
311,2023-08-13,ANTIBES,NON,6174,12:33,SUD EST,MARSEILLE ST CHARLES,AZURPA,FRMSC,10:16,FRXAT
312,2023-08-13,GENEVE,NON,9774,17:42,INTERNATIONAL,PARIS (intramuros),GENEVEPA,FRPLY,14:29,CHGVA
313,2023-08-13,GENEVE,NON,9774,15:49,INTERNATIONAL,BOURG EN BRESSE,GENEVEPA,FRXBK,14:29,CHGVA
314,2023-08-13,GUINGAMP,NON,8642,21:08,ATLANTIQUE,PARIS (intramuros),BRETAPARIS,FRPMO,18:24,FRGGP
315,2023-08-13,LES AUBRAIS ORLEANS,NON,3737,09:09,IC NUIT,LEUCATE LA FRANQUI,PARPALOMBE,FRILQ,22:49,FRLAB
316,2023-08-13,PARIS (intramuros),NON,3737,09:54,IC NUIT,ARGELES SUR MER,PARPALOMBE,FRARM,21:42,FRPAZ
317,2023-08-13,BEZIERS,NON,4758,13:50,IC ARO,MONTAUBAN VILLE BOURBON,TJOURSESO,FRXMW,11:47,FRBZR
318,2023-08-13,CARCASSONNE,NON,4758,13:17,IC ARO,TOULOUSE MATABIAU,TJOURSESO,FRXYT,12:34,FRCCF
319,2023-08-13,NIMES,NON,4758,13:50,IC ARO,MONTAUBAN VILLE BOURBON,TJOURSESO,FRXMW,10:38,FRFNI
320,2023-08-13,MONTPELLIER SAINT-ROCH,NON,4758,12:32,IC ARO,CARCASSONNE,TJOURSESO,FRCCF,11:07,FRMPL
321,2023-08-13,MONTPELLIER SAINT-ROCH,NON,4758,14:54,IC ARO,MARMANDE,TJOURSESO,FRXMR,11:07,FRMPL
322,2023-08-13,MARSEILLE ST CHARLES,NON,4758,11:44,IC ARO,BEZIERS,TJOURSESO,FRBZR,09:27,FRMSC
323,2023-08-13,MARSEILLE ST CHARLES,NON,4758,12:32,IC ARO,CARCASSONNE,TJOURSESO,FRCCF,09:27,FRMSC
324,2023-08-13,TOULOUSE MATABIAU,NON,4758,14:54,IC ARO,MARMANDE,TJOURSESO,FRXMR,13:25,FRXYT
325,2023-08-13,PARIS (intramuros),OUI,2747,18:14,EST,REIMS,PABARSED,FRRHE,17:28,FRPST
326,2023-08-13,PARIS (intramuros),NON,9579,21:04,INTERNATIONAL,STUTTGART HBF,PASTUTMUN,DESGT,17:55,FRPST
327,2023-08-13,RENNES,OUI,8691,13:10,ATLANTIQUE,LANNION,PARISBRETA,FRLAI,11:25,FRRNS
328,2023-08-13,BESANCON VIOTTE,OUI,6766,20:21,SUD EST,DIJON VILLE,BOURPA,FRABA,19:37,FRABG
329,2023-08-13,MONTBARD,OUI,6766,22:04,SUD EST,PARIS (intramuros),BOURPA,FRPLY,21:01,FRGWE
330,2023-08-13,CANNES,OUI,6177,19:58,SUD EST,NICE VILLE,PAAZUR,FRNIC,19:31,FRJCA
331,2023-08-13,MARSEILLE ST CHARLES,NON,6177,19:26,SUD EST,CANNES,PAAZUR,FRJCA,17:28,FRMSC
332,2023-08-13,MARSEILLE ST CHARLES,NON,6177,19:58,SUD EST,NICE VILLE,PAAZUR,FRNIC,17:28,FRMSC
333,2023-08-13,MARSEILLE ST CHARLES,NON,6177,19:01,SUD EST,ST RAPHAEL VALESCURE,PAAZUR,FRXSK,17:28,FRMSC
334,2023-08-13,PARIS (intramuros),NON,6177,17:14,SUD EST,MARSEILLE ST CHARLES,PAAZUR,FRMSC,14:10,FRPLY
335,2023-08-13,TOULON,OUI,6177,19:26,SUD EST,CANNES,PAAZUR,FRJCA,18:15,FRTLN
336,2023-08-13,TOULON,OUI,6177,19:39,SUD EST,ANTIBES,PAAZUR,FRXAT,18:15,FRTLN
337,2023-08-13,TOULON,OUI,6177,19:01,SUD EST,ST RAPHAEL VALESCURE,PAAZUR,FRXSK,18:15,FRTLN
338,2023-08-13,ST RAPHAEL VALESCURE,OUI,6177,19:26,SUD EST,CANNES,PAAZUR,FRJCA,19:04,FRXSK
339,2023-08-13,ST RAPHAEL VALESCURE,OUI,6177,19:39,SUD EST,ANTIBES,PAAZUR,FRXAT,19:04,FRXSK
340,2023-08-13,ANTIBES,NON,5772,07:54,IC NUIT,PARIS (intramuros),AZURPAR,FRPAZ,19:33,FRXAT
341,2023-08-13,LAUSANNE,NON,9270,20:04,INTERNATIONAL,PARIS (intramuros),SUISPA,FRPLY,16:23,CHAJF
342,2023-08-13,FRASNE,OUI,9270,17:57,INTERNATIONAL,DOLE VILLE,SUISPA,FRACE,17:15,FRFRA
343,2023-08-13,AIX EN PROVENCE TGV,OUI,9854,07:07,NORD,AVIGNON TGV,JCSUDNORD,FRAVG,06:47,FRAIE
344,2023-08-13,AIX EN PROVENCE TGV,NON,9854,11:27,NORD,LILLE (intramuros),JCSUDNORD,FRLLE,06:47,FRAIE
345,2023-08-13,AIX EN PROVENCE TGV,OUI,9854,08:20,NORD,LYON (intramuros),JCSUDNORD,FRLPD,06:47,FRAIE
346,2023-08-13,LYON (intramuros),NON,9854,11:27,NORD,LILLE (intramuros),JCSUDNORD,FRLLE,08:34,FRLPD
347,2023-08-13,MARNE LA VALLEE CHESSY,NON,9854,12:11,NORD,BRUXELLES MIDI BRUSSEL ZUID,JCSUDNORD,BEBMI,10:23,FRMLV
348,2023-08-13,MARNE LA VALLEE CHESSY,OUI,9854,10:32,NORD,AEROPORT CDG2 TGV ROISSY,JCSUDNORD,FRMLW,10:23,FRMLV
349,2023-08-13,AEROPORT CDG2 TGV ROISSY,NON,9854,12:11,NORD,BRUXELLES MIDI BRUSSEL ZUID,JCSUDNORD,BEBMI,10:38,FRMLW
350,2023-08-13,NEVERS,OUI,5979,21:29,IC ARO,CLERMONT FERRAND,PACLERMONT,FRCFE,19:59,FRNVS
351,2023-08-13,PARIS (intramuros),OUI,5979,21:29,IC ARO,CLERMONT FERRAND,PACLERMONT,FRCFE,17:57,FRPBE
352,2023-08-13,PARIS (intramuros),OUI,5979,20:55,IC ARO,VICHY,PACLERMONT,FRVHY,17:57,FRPBE
353,2023-08-13,MOULINS SUR ALLIER,OUI,5979,21:29,IC ARO,CLERMONT FERRAND,PACLERMONT,FRCFE,20:30,FRXMU
354,2023-08-13,VALENCE TGV RHONE-ALPES SUD,NON,6275,16:52,SUD EST,PERPIGNAN,PALANG,FRPGF,14:00,FRVLA
355,2023-08-13,VALENCE TGV RHONE-ALPES SUD,NON,6275,16:13,SUD EST,NARBONNE,PALANG,FRXNA,14:00,FRVLA
356,2023-08-13,SETE,NON,6275,15:41,SUD EST,AGDE,PALANG,FRXAG,15:28,FRXSY
357,2023-08-13,VALENCE TGV RHONE-ALPES SUD,NON,6275,14:59,SUD EST,MONTPELLIER SUD DE FRANCE,PALANG,FRSUF,14:00,FRVLA
358,2023-08-13,MONTPELLIER SUD DE FRANCE,NON,6275,15:41,SUD EST,AGDE,PALANG,FRXAG,15:10,FRSUF
359,2023-08-13,MONTPELLIER SUD DE FRANCE,NON,6275,15:56,SUD EST,BEZIERS,PALANG,FRBZR,15:10,FRSUF
360,2023-08-13,PARIS (intramuros),NON,6275,14:36,SUD EST,NIMES PONT DU GARD,PALANG,FRXZP,11:46,FRPLY
361,2023-08-13,NIMES PONT DU GARD,NON,6275,16:13,SUD EST,NARBONNE,PALANG,FRXNA,14:39,FRXZP
362,2023-08-13,NIMES PONT DU GARD,NON,6275,15:56,SUD EST,BEZIERS,PALANG,FRBZR,14:39,FRXZP
363,2023-08-13,AGEN,NON,4663,20:36,IC ARO,MARSEILLE ST CHARLES,TJOURSOSE,FRMSC,15:33,FRAGF
364,2023-08-13,BORDEAUX ST JEAN,NON,4663,15:31,IC ARO,AGEN,TJOURSOSE,FRAGF,14:28,FRBOJ
365,2023-08-13,BORDEAUX ST JEAN,NON,4663,16:37,IC ARO,TOULOUSE MATABIAU,TJOURSOSE,FRXYT,14:28,FRBOJ
366,2023-08-13,BEZIERS,NON,4663,18:54,IC ARO,MONTPELLIER SAINT-ROCH,TJOURSOSE,FRMPL,18:17,FRBZR
367,2023-08-13,BEZIERS,NON,4663,20:36,IC ARO,MARSEILLE ST CHARLES,TJOURSOSE,FRMSC,18:17,FRBZR
368,2023-08-13,NIMES,NON,4663,20:36,IC ARO,MARSEILLE ST CHARLES,TJOURSOSE,FRMSC,19:27,FRFNI
369,2023-08-13,MONTAUBAN VILLE BOURBON,NON,4663,20:36,IC ARO,MARSEILLE ST CHARLES,TJOURSOSE,FRMSC,16:11,FRXMW
370,2023-08-13,MONTAUBAN VILLE BOURBON,NON,4663,17:58,IC ARO,NARBONNE,TJOURSOSE,FRXNA,16:11,FRXMW
371,2023-08-13,AGEN,OUI,8517,21:31,ATLANTIQUE,TOULOUSE MATABIAU,PASUDOUEST,FRXYT,20:27,FRAGF
372,2023-08-13,BORDEAUX ST JEAN,OUI,8517,21:03,ATLANTIQUE,MONTAUBAN VILLE BOURBON,PASUDOUEST,FRXMW,19:20,FRBOJ
373,2023-08-13,PARIS (intramuros),NON,8517,21:03,ATLANTIQUE,MONTAUBAN VILLE BOURBON,PASUDOUEST,FRXMW,17:06,FRPMO
374,2023-08-13,NANTES,OUI,8988,23:16,ATLANTIQUE,PARIS (intramuros),LOIREPARIS,FRPMO,21:03,FRNTE
375,2023-08-13,LA ROCHE SUR YON,OUI,8988,21:41,ATLANTIQUE,ANGERS ST LAUD,LOIREPARIS,FRACL,20:11,FRXRO
376,2023-08-13,LA ROCHE SUR YON,OUI,8988,23:16,ATLANTIQUE,PARIS (intramuros),LOIREPARIS,FRPMO,20:11,FRXRO
377,2023-08-13,BORDEAUX ST JEAN,NON,8472,19:25,ATLANTIQUE,PARIS (intramuros),SUDOUESTPA,FRPMO,17:08,FRBOJ
378,2023-08-13,FACTURE BIGANOS,NON,8472,19:10,ATLANTIQUE,MASSY TGV,SUDOUESTPA,FRDJU,16:41,FRFAC
379,2023-08-13,DOLE VILLE,OUI,9269,14:42,INTERNATIONAL,FRASNE,PASUIS,FRFRA,14:00,FRACE
380,2023-08-13,PARIS (intramuros),NON,9269,14:57,INTERNATIONAL,VALLORBE,PASUIS,CHAGL,11:56,FRPLY
381,2023-08-13,PARIS (intramuros),NON,9269,13:58,INTERNATIONAL,DOLE VILLE,PASUIS,FRACE,11:56,FRPLY
382,2023-08-13,NEVERS,OUI,5983,22:17,IC ARO,RIOM CHATEL GUYON,PACLERMONT,FRRIO,20:59,FRNVS
383,2023-08-13,NEVERS,OUI,5983,21:55,IC ARO,VICHY,PACLERMONT,FRVHY,20:59,FRNVS
384,2023-08-13,PARIS (intramuros),OUI,5983,20:57,IC ARO,NEVERS,PACLERMONT,FRNVS,18:57,FRPBE
385,2023-08-13,VICHY,OUI,5983,22:29,IC ARO,CLERMONT FERRAND,PACLERMONT,FRCFE,21:57,FRVHY
386,2023-08-13,MOULINS SUR ALLIER,OUI,5983,22:29,IC ARO,CLERMONT FERRAND,PACLERMONT,FRCFE,21:30,FRXMU
387,2023-08-13,SURGERES,NON,8378,15:50,ATLANTIQUE,ST PIERRE DES CORPS,ROCHELLEPA,FRXSH,14:08,FREIP
388,2023-08-13,NIORT,NON,8378,14:43,ATLANTIQUE,ST MAIXENT DEUX SEVRES,ROCHELLEPA,FREJC,14:29,FRNIT
389,2023-08-13,NIORT,NON,8378,15:50,ATLANTIQUE,ST PIERRE DES CORPS,ROCHELLEPA,FRXSH,14:29,FRNIT
390,2023-08-13,ST PIERRE DES CORPS,NON,8378,16:57,ATLANTIQUE,PARIS (intramuros),ROCHELLEPA,FRPMO,15:54,FRXSH
391,2023-08-13,ST GAUDENS,NON,14150,20:27,IC SRO,TOULOUSE MATABIAU,SUDOUEST,FRXYT,19:36,FRFPH
392,2023-08-13,LOURDES,NON,14150,19:34,IC SRO,ST GAUDENS,SUDOUEST,FRFPH,18:39,FRLDE
393,2023-08-13,LOURDES,NON,14150,18:52,IC SRO,TARBES,SUDOUEST,FRXTB,18:39,FRLDE
394,2023-08-13,LOURDES,NON,14150,20:27,IC SRO,TOULOUSE MATABIAU,SUDOUEST,FRXYT,18:39,FRLDE
395,2023-08-13,VALENCE TGV RHONE-ALPES SUD,NON,6048,15:04,SUD EST,PARIS (intramuros),LANGPA,FRPLY,12:53,FRVLA
396,2023-08-13,CARCASSONNE,NON,6875,19:12,SUD EST,BEZIERS,JCSUDPROV,FRBZR,18:28,FRCCF
397,2023-08-13,NIMES PONT DU GARD,NON,6875,21:52,SUD EST,LYON (intramuros),JCSUDPROV,FRLPD,20:33,FRXZP
398,2023-08-13,NARBONNE,NON,6875,20:30,SUD EST,NIMES PONT DU GARD,JCSUDPROV,FRXZP,18:59,FRXNA
399,2023-08-13,LA ROCHE SUR YON,OUI,8984,17:45,ATLANTIQUE,ANGERS ST LAUD,LOIREPARIS,FRACL,16:10,FRXRO
400,2023-08-13,LA ROCHE SUR YON,OUI,8984,16:56,ATLANTIQUE,NANTES,LOIREPARIS,FRNTE,16:10,FRXRO
401,2023-08-13,DIJON VILLE,NON,9896,23:49,EST,LUXEMBOURG,JCRHONRHIN,LULUX,19:49,FRABA
402,2023-08-13,STRASBOURG,OUI,9896,23:23,EST,THIONVILLE,JCRHONRHIN,FRXTH,22:14,FRAEG
403,2023-08-13,MULHOUSE VILLE,OUI,9896,23:23,EST,THIONVILLE,JCRHONRHIN,FRXTH,21:12,FRAEK
404,2023-08-13,AIX EN PROVENCE TGV,NON,9896,20:16,EST,BESANCON - F COMTE TGV,JCRHONRHIN,FRTJB,16:11,FRAIE
405,2023-08-13,AVIGNON TGV,NON,9896,19:39,EST,DIJON VILLE,JCRHONRHIN,FRABA,16:33,FRAVG
406,2023-08-13,AVIGNON TGV,NON,9896,21:09,EST,MULHOUSE VILLE,JCRHONRHIN,FRAEK,16:33,FRAVG
407,2023-08-13,AVIGNON TGV,NON,9896,17:08,EST,VALENCE TGV RHONE-ALPES SUD,JCRHONRHIN,FRVLA,16:33,FRAVG
408,2023-08-13,AVIGNON TGV,NON,9896,23:23,EST,THIONVILLE,JCRHONRHIN,FRXTH,16:33,FRAVG
409,2023-08-13,LYON (intramuros),NON,9896,23:02,EST,METZ VILLE,JCRHONRHIN,FRADE,18:00,FRLPD
410,2023-08-13,MARSEILLE ST CHARLES,OUI,9896,16:08,EST,AIX EN PROVENCE TGV,JCRHONRHIN,FRAIE,15:56,FRMSC
411,2023-08-13,MARSEILLE ST CHARLES,NON,9896,17:08,EST,VALENCE TGV RHONE-ALPES SUD,JCRHONRHIN,FRVLA,15:56,FRMSC
412,2023-08-13,BESANCON - F COMTE TGV,NON,9896,23:02,EST,METZ VILLE,JCRHONRHIN,FRADE,20:19,FRTJB
413,2023-08-13,BESANCON - F COMTE TGV,NON,9896,21:09,EST,MULHOUSE VILLE,JCRHONRHIN,FRAEK,20:19,FRTJB
414,2023-08-13,VALENCE TGV RHONE-ALPES SUD,NON,9896,23:02,EST,METZ VILLE,JCRHONRHIN,FRADE,17:13,FRVLA
415,2023-08-13,VALENCE TGV RHONE-ALPES SUD,NON,9896,23:23,EST,THIONVILLE,JCRHONRHIN,FRXTH,17:13,FRVLA
416,2023-08-13,ST GAUDENS,NON,14151,17:25,IC SRO,BAYONNE,SUDOUEST,FRXBY,14:23,FRFPH
417,2023-08-13,TOULOUSE MATABIAU,NON,14151,15:49,IC SRO,PAU,SUDOUEST,FRAEE,13:34,FRXYT
418,2023-08-13,BEZIERS,NON,4764,18:32,IC ARO,CARCASSONNE,TJOURSESO,FRCCF,17:48,FRBZR
419,2023-08-13,BEZIERS,NON,4764,18:01,IC ARO,NARBONNE,TJOURSESO,FRXNA,17:48,FRBZR
420,2023-08-13,CARCASSONNE,NON,4764,21:32,IC ARO,BORDEAUX ST JEAN,TJOURSESO,FRBOJ,18:34,FRCCF
421,2023-08-13,NIMES,NON,4764,17:45,IC ARO,BEZIERS,TJOURSESO,FRBZR,16:38,FRFNI
422,2023-08-13,NIMES,NON,4764,19:48,IC ARO,MONTAUBAN VILLE BOURBON,TJOURSESO,FRXMW,16:38,FRFNI
423,2023-08-13,MONTPELLIER SAINT-ROCH,NON,4764,18:01,IC ARO,NARBONNE,TJOURSESO,FRXNA,17:07,FRMPL
424,2023-08-13,NARBONNE,NON,4764,21:32,IC ARO,BORDEAUX ST JEAN,TJOURSESO,FRBOJ,18:04,FRXNA
425,2023-08-13,NARBONNE,NON,4764,19:48,IC ARO,MONTAUBAN VILLE BOURBON,TJOURSESO,FRXMW,18:04,FRXNA
426,2023-08-13,AIX EN PROVENCE TGV,NON,2096,20:40,EST,BELFORT-MONTBELIARD TGV,JCRHONRHIN,FRTJA,16:11,FRAIE
427,2023-08-13,AVIGNON TGV,NON,2096,22:07,EST,STRASBOURG,JCRHONRHIN,FRAEG,16:33,FRAVG
428,2023-08-13,VALENCE TGV RHONE-ALPES SUD,NON,2096,17:51,EST,LYON (intramuros),JCRHONRHIN,FRLPD,17:13,FRVLA
429,2023-08-13,NANCY,OUI,2588,18:46,EST,PARIS (intramuros),NANCYPA,FRPST,17:16,FRENC
430,2023-08-13,BORDEAUX ST JEAN,NON,5260,11:27,NORD,MARNE LA VALLEE CHESSY,JCAQUINORD,FRMLV,07:58,FRBOJ
431,2023-08-13,MARNE LA VALLEE CHESSY,OUI,5260,12:40,NORD,LILLE (intramuros),JCAQUINORD,FRADJ,11:31,FRMLV
432,2023-08-13,POITIERS,NON,5260,10:49,NORD,MASSY TGV,JCAQUINORD,FRDJU,09:19,FRPIS
433,2023-08-13,POITIERS,OUI,5260,09:53,NORD,ST PIERRE DES CORPS,JCAQUINORD,FRXSH,09:19,FRPIS
434,2023-08-13,LE MANS,NON,8913,13:03,ATLANTIQUE,LE CROISIC,PARISLOIRE,FREGU,10:36,FRAET
435,2023-08-13,LE MANS,NON,8913,12:50,ATLANTIQUE,LA BAULE ESCOUBLAC,PARISLOIRE,FRJEE,10:36,FRAET
436,2023-08-13,PARIS (intramuros),NON,8913,13:03,ATLANTIQUE,LE CROISIC,PARISLOIRE,FREGU,09:36,FRPMO
437,2023-08-13,PARIS (intramuros),NON,8913,11:54,ATLANTIQUE,NANTES,PARISLOIRE,FRNTE,09:36,FRPMO
438,2023-08-13,ST NAZAIRE,OUI,8913,12:50,ATLANTIQUE,LA BAULE ESCOUBLAC,PARISLOIRE,FRJEE,12:36,FRSNR
439,2023-08-13,ANGOULEME,NON,5444,18:37,EST,STRASBOURG,JCATLEST,FRAEG,13:36,FRANG
440,2023-08-13,ANGOULEME,NON,5444,14:16,EST,POITIERS,JCATLEST,FRPIS,13:36,FRANG
441,2023-08-13,BORDEAUX ST JEAN,NON,5444,15:49,EST,MASSY TGV,JCATLEST,FRDJU,12:58,FRBOJ
442,2023-08-13,BORDEAUX ST JEAN,NON,5444,16:27,EST,MARNE LA VALLEE CHESSY,JCATLEST,FRMLV,12:58,FRBOJ
443,2023-08-13,LORRAINE TGV,OUI,5444,18:37,EST,STRASBOURG,JCATLEST,FRAEG,18:00,FREAM
444,2023-08-13,MARNE LA VALLEE CHESSY,NON,5444,17:52,EST,LORRAINE TGV,JCATLEST,FREAM,16:37,FRMLV
445,2023-08-13,POITIERS,NON,5444,18:37,EST,STRASBOURG,JCATLEST,FRAEG,14:19,FRPIS
446,2023-08-13,POITIERS,NON,5444,17:04,EST,CHAMPAGNE-ARDENNE,JCATLEST,FREAH,14:19,FRPIS
447,2023-08-13,POITIERS,NON,5444,17:52,EST,LORRAINE TGV,JCATLEST,FREAM,14:19,FRPIS
448,2023-08-13,ST PIERRE DES CORPS,NON,5444,16:27,EST,MARNE LA VALLEE CHESSY,JCATLEST,FRMLV,14:54,FRXSH
449,2023-08-13,FRANKFURT MAIN HBF,NON,9552,14:23,INTERNATIONAL,KAISERSLAUTERN HBF,FRANCPA,DEKLT,12:56,DEFRH
450,2023-08-13,FRANKFURT MAIN HBF,NON,9552,16:54,INTERNATIONAL,PARIS (intramuros),FRANCPA,FRPST,12:56,DEFRH
451,2023-08-13,MANNHEIM HBF,NON,9552,15:02,INTERNATIONAL,SARREBRUCK/SAARBRUECKEN,FRANCPA,DESBK,13:42,DEMHG
452,2023-08-13,MANNHEIM HBF,NON,9552,16:54,INTERNATIONAL,PARIS (intramuros),FRANCPA,FRPST,13:42,DEMHG
453,2023-08-13,NICE VILLE,NON,6188,13:50,SUD EST,PARIS (intramuros),AZURPA,FRPLY,07:57,FRNIC
454,2023-08-13,NICE VILLE,OUI,6188,09:44,SUD EST,TOULON,AZURPA,FRTLN,07:57,FRNIC
455,2023-08-13,NICE VILLE,OUI,6188,08:11,SUD EST,ANTIBES,AZURPA,FRXAT,07:57,FRNIC
456,2023-08-13,NICE VILLE,OUI,6188,08:50,SUD EST,ST RAPHAEL VALESCURE,AZURPA,FRXSK,07:57,FRNIC
457,2023-08-13,ANTIBES,NON,6188,10:33,SUD EST,MARSEILLE ST CHARLES,AZURPA,FRMSC,08:14,FRXAT
458,2023-08-13,ANTIBES,NON,6188,13:50,SUD EST,PARIS (intramuros),AZURPA,FRPLY,08:14,FRXAT
459,2023-08-13,ANTIBES,OUI,6188,08:50,SUD EST,ST RAPHAEL VALESCURE,AZURPA,FRXSK,08:14,FRXAT
460,2023-08-13,MONTREJEAU GOURDAN POLIGNAN,NON,14141,11:51,IC SRO,PAU,SUDOUEST,FRAEE,10:33,FRMTJ
461,2023-08-13,TARBES,NON,14141,11:51,IC SRO,PAU,SUDOUEST,FRAEE,11:09,FRXTB
462,2023-08-13,TARBES,NON,14141,11:23,IC SRO,LOURDES,SUDOUEST,FRLDE,11:09,FRXTB
463,2023-08-13,TOULOUSE MATABIAU,NON,14141,11:51,IC SRO,PAU,SUDOUEST,FRAEE,09:32,FRXYT
464,2023-08-13,DAX,OUI,3742,06:08,IC NUIT,LES AUBRAIS ORLEANS,PALOMBEPAR,FRLAB,20:34,FRACG
465,2023-08-13,PAU,OUI,3742,07:19,IC NUIT,PARIS (intramuros),PALOMBEPAR,FRPAZ,21:30,FRAEE
466,2023-08-13,BIARRITZ,OUI,3742,07:19,IC NUIT,PARIS (intramuros),PALOMBEPAR,FRPAZ,19:13,FRBIQ
467,2023-08-13,ORTHEZ,OUI,3742,07:19,IC NUIT,PARIS (intramuros),PALOMBEPAR,FRPAZ,21:04,FRGFI
468,2023-08-13,PARIS (intramuros),OUI,5771,06:20,IC NUIT,MARSEILLE BLANCARDE,PARAZUR,FRMBC,20:51,FRPAZ
469,2023-08-13,DAX,NON,8592,22:35,ATLANTIQUE,PAU,PASUDOUEST,FRAEE,21:46,FRACG
470,2023-08-13,ORTHEZ,NON,8592,22:35,ATLANTIQUE,PAU,PASUDOUEST,FRAEE,22:14,FRGFI
471,2023-08-13,PARIS (intramuros),NON,8592,23:03,ATLANTIQUE,LOURDES,PASUDOUEST,FRLDE,18:07,FRPMO
472,2023-08-13,PARIS (intramuros),NON,8089,09:51,ATLANTIQUE,RENNES,PARISBRETA,FRRNS,08:18,FRPMO
473,2023-08-13,DOUAI,OUI,7124,16:08,NORD,PARIS (intramuros),ARRASPA,FRPNO,14:51,FRXDN
474,2023-08-13,ANGERS ST LAUD,NON,4404,17:20,IC SRO,ROANNE,JOURNTELYN,FRRNE,12:33,FRACL
475,2023-08-13,ANGERS ST LAUD,NON,4404,16:19,IC SRO,MOULINS SUR ALLIER,JOURNTELYN,FRXMU,12:33,FRACL
476,2023-08-13,SAUMUR,NON,4404,14:56,IC SRO,BOURGES,JOURNTELYN,FRBOU,12:56,FRACN
477,2023-08-13,SAUMUR,NON,4404,18:26,IC SRO,LYON (intramuros),JOURNTELYN,FRLPD,12:56,FRACN
478,2023-08-13,SAUMUR,NON,4404,15:39,IC SRO,NEVERS,JOURNTELYN,FRNVS,12:56,FRACN
479,2023-08-13,SAUMUR,NON,4404,13:30,IC SRO,ST PIERRE DES CORPS,JOURNTELYN,FRXSH,12:56,FRACN
480,2023-08-13,NEVERS,NON,4404,16:41,IC SRO,ST GERMAIN DES FOSSES,JOURNTELYN,FRSGF,15:51,FRNVS
481,2023-08-13,ST PIERRE DES CORPS,NON,4404,14:56,IC SRO,BOURGES,JOURNTELYN,FRBOU,13:34,FRXSH
482,2023-08-13,ST PIERRE DES CORPS,NON,4404,16:19,IC SRO,MOULINS SUR ALLIER,JOURNTELYN,FRXMU,13:34,FRXSH
483,2023-08-13,VIERZON VILLE,NON,4404,14:56,IC SRO,BOURGES,JOURNTELYN,FRBOU,14:39,FRXVZ
484,2023-08-13,VIERZON VILLE,NON,4404,15:39,IC SRO,NEVERS,JOURNTELYN,FRNVS,14:39,FRXVZ
485,2023-08-13,CANNES,NON,6850,17:52,SUD EST,AIX EN PROVENCE TGV,JCSUDPROV,FRAIE,15:09,FRJCA
486,2023-08-13,MARSEILLE ST CHARLES,NON,6850,18:14,SUD EST,AVIGNON TGV,JCSUDPROV,FRAVG,17:36,FRMSC
487,2023-08-13,NICE VILLE,NON,6850,19:24,SUD EST,LYON (intramuros),JCSUDPROV,FRLPD,14:40,FRNIC
488,2023-08-13,NICE VILLE,OUI,6850,14:53,SUD EST,ANTIBES,JCSUDPROV,FRXAT,14:40,FRNIC
489,2023-08-13,TOULON,NON,6850,17:19,SUD EST,MARSEILLE ST CHARLES,JCSUDPROV,FRMSC,16:23,FRTLN
490,2023-08-13,ANTIBES,NON,6850,17:52,SUD EST,AIX EN PROVENCE TGV,JCSUDPROV,FRAIE,14:56,FRXAT
491,2023-08-13,ST RAPHAEL VALESCURE,NON,6850,19:24,SUD EST,LYON (intramuros),JCSUDPROV,FRLPD,15:34,FRXSK
492,2023-08-13,ST RAPHAEL VALESCURE,NON,6850,17:19,SUD EST,MARSEILLE ST CHARLES,JCSUDPROV,FRMSC,15:34,FRXSK
493,2023-08-13,DIJON VILLE,NON,9277,21:37,INTERNATIONAL,LAUSANNE,PASUIS,CHAJF,19:33,FRABA
494,2023-08-13,DIJON VILLE,NON,9277,20:42,INTERNATIONAL,FRASNE,PASUIS,FRFRA,19:33,FRABA
495,2023-08-13,DOLE VILLE,NON,9277,20:57,INTERNATIONAL,VALLORBE,PASUIS,CHAGL,19:57,FRACE
496,2023-08-13,MOUCHARD,NON,9277,20:57,INTERNATIONAL,VALLORBE,PASUIS,CHAGL,20:15,FRMCD
497,2023-08-13,MOUCHARD,NON,9277,21:37,INTERNATIONAL,LAUSANNE,PASUIS,CHAJF,20:15,FRMCD
498,2023-08-13,PARIS (intramuros),NON,9277,21:37,INTERNATIONAL,LAUSANNE,PASUIS,CHAJF,17:56,FRPLY
499,2023-08-13,PARIS (intramuros),NON,9277,19:55,INTERNATIONAL,DOLE VILLE,PASUIS,FRACE,17:56,FRPLY
500,2023-08-13,BORDEAUX ST JEAN,NON,3858,20:15,IC SRO,LA ROCHELLE VILLE,BORDONANTE,FRLRH,17:53,FRBOJ
501,2023-08-13,JONZAC,NON,3858,19:23,IC SRO,SAINTES,BORDONANTE,FRXST,18:41,FREMR
502,2023-08-13,LUCON,NON,3858,22:05,IC SRO,NANTES,BORDONANTE,FRNTE,21:00,FRLCN
503,2023-08-13,LA ROCHELLE VILLE,NON,3858,20:58,IC SRO,LUCON,BORDONANTE,FRLCN,20:19,FRLRH
504,2023-08-13,ROCHEFORT,NON,3858,22:05,IC SRO,NANTES,BORDONANTE,FRNTE,19:55,FRRCO
505,2023-08-13,LYON-SAINT EXUPERY TGV,NON,6920,17:46,SUD EST,PARIS (intramuros),GRENOBLEPA,FRPLY,15:59,FRJDQ
506,2023-08-13,NIORT,NON,8375,11:59,ATLANTIQUE,SURGERES,PAROCHELLE,FREIP,11:41,FRNIT
507,2023-08-13,POITIERS,NON,8375,11:59,ATLANTIQUE,SURGERES,PAROCHELLE,FREIP,10:53,FRPIS
508,2023-08-13,POITIERS,NON,8375,12:22,ATLANTIQUE,LA ROCHELLE VILLE,PAROCHELLE,FRLRH,10:53,FRPIS
509,2023-08-13,ST PIERRE DES CORPS,NON,8375,11:59,ATLANTIQUE,SURGERES,PAROCHELLE,FREIP,10:16,FRXSH
510,2023-08-13,ST PIERRE DES CORPS,NON,8375,10:50,ATLANTIQUE,POITIERS,PAROCHELLE,FRPIS,10:16,FRXSH
511,2023-08-13,AIX EN PROVENCE TGV,NON,2083,13:43,EST,STRASBOURG,JCRHONRHIN,FRAEG,08:25,FRAIE
512,2023-08-13,AIX EN PROVENCE TGV,NON,2083,12:51,EST,MULHOUSE VILLE,JCRHONRHIN,FRAEK,08:25,FRAIE
513,2023-08-13,AIX EN PROVENCE TGV,NON,2083,09:54,EST,LYON (intramuros),JCRHONRHIN,FRLPD,08:25,FRAIE
514,2023-08-13,AVIGNON TGV,NON,2083,12:51,EST,MULHOUSE VILLE,JCRHONRHIN,FRAEK,08:47,FRAVG
515,2023-08-13,AVIGNON TGV,NON,2083,12:24,EST,BELFORT-MONTBELIARD TGV,JCRHONRHIN,FRTJA,08:47,FRAVG
516,2023-08-13,MARSEILLE ST CHARLES,OUI,2083,08:22,EST,AIX EN PROVENCE TGV,JCRHONRHIN,FRAIE,08:11,FRMSC
517,2023-08-13,MARSEILLE ST CHARLES,NON,2083,09:54,EST,LYON (intramuros),JCRHONRHIN,FRLPD,08:11,FRMSC
518,2023-08-13,MARSEILLE ST CHARLES,NON,2083,12:24,EST,BELFORT-MONTBELIARD TGV,JCRHONRHIN,FRTJA,08:11,FRMSC
519,2023-08-13,AVIGNON TGV,OUI,6144,00:22,SUD EST,PARIS (intramuros),PROVENCEPA,FRPLY,21:40,FRAVG
520,2023-08-13,HENDAYE,OUI,8530,09:40,ATLANTIQUE,BORDEAUX ST JEAN,SUDOUESTPA,FRBOJ,07:12,FRAEF
521,2023-08-13,HENDAYE,NON,8530,11:52,ATLANTIQUE,PARIS (intramuros),SUDOUESTPA,FRPMO,07:12,FRAEF
522,2023-08-13,BAYONNE,NON,8530,11:52,ATLANTIQUE,PARIS (intramuros),SUDOUESTPA,FRPMO,07:54,FRXBY
523,2023-08-13,ST JEAN DE LUZ CIBOURE,OUI,8530,07:36,ATLANTIQUE,BIARRITZ,SUDOUESTPA,FRBIQ,07:26,FRXJZ
524,2023-08-13,ST JEAN DE LUZ CIBOURE,OUI,8530,09:40,ATLANTIQUE,BORDEAUX ST JEAN,SUDOUESTPA,FRBOJ,07:26,FRXJZ
525,2023-08-13,DOLE VILLE,NON,9261,11:52,INTERNATIONAL,LAUSANNE,PASUIS,CHAJF,10:00,FRACE
526,2023-08-13,DOLE VILLE,NON,9261,10:42,INTERNATIONAL,FRASNE,PASUIS,FRFRA,10:00,FRACE
527,2023-08-13,PARIS (intramuros),NON,9261,09:58,INTERNATIONAL,DOLE VILLE,PASUIS,FRACE,07:56,FRPLY
528,2023-08-13,LYON (intramuros),OUI,6612,12:08,SUD EST,PARIS (intramuros),RHONEPARIS,FRPLY,10:04,FRLPD
529,2023-08-13,LIMOGES BENEDICTINS,NON,3650,15:04,IC ARO,CHATEAUROUX,TOULOUZECO,FRCHR,13:53,FRAGQ
530,2023-08-13,BRIVE LA GAILLARDE,NON,3650,16:18,IC ARO,LES AUBRAIS ORLEANS,TOULOUZECO,FRLAB,12:48,FRBVE
531,2023-08-13,ARGENTON SUR CREUSE,NON,3650,15:04,IC ARO,CHATEAUROUX,TOULOUZECO,FRCHR,14:48,FRFMT
532,2023-08-13,CAUSSADE TARN ET GARONNE,OUI,3650,12:44,IC ARO,BRIVE LA GAILLARDE,TOULOUZECO,FRBVE,11:08,FRFTA
533,2023-08-13,LES AUBRAIS ORLEANS,NON,3650,17:19,IC ARO,PARIS (intramuros),TOULOUZECO,FRPAZ,16:20,FRLAB
534,2023-08-13,SOUILLAC,NON,3650,15:04,IC ARO,CHATEAUROUX,TOULOUZECO,FRCHR,12:19,FRSOU
535,2023-08-13,TOULOUSE MATABIAU,OUI,3650,11:33,IC ARO,CAHORS,TOULOUZECO,FRZAO,10:28,FRXYT
536,2023-08-13,CAHORS,NON,3650,16:18,IC ARO,LES AUBRAIS ORLEANS,TOULOUZECO,FRLAB,11:35,FRZAO
537,2023-08-13,CAHORS,OUI,3650,14:22,IC ARO,LA SOUTERRAINE,TOULOUZECO,FRLST,11:35,FRZAO
538,2023-08-13,CAHORS,NON,3650,15:38,IC ARO,VIERZON VILLE,TOULOUZECO,FRXVZ,11:35,FRZAO
539,2023-08-13,GOURDON,NON,3650,14:47,IC ARO,ARGENTON SUR CREUSE,TOULOUZECO,FRFMT,12:02,FRFSI
540,2023-08-13,SOUILLAC,NON,3650,14:47,IC ARO,ARGENTON SUR CREUSE,TOULOUZECO,FRFMT,12:19,FRSOU
541,2023-08-13,SOUILLAC,OUI,3650,14:22,IC ARO,LA SOUTERRAINE,TOULOUZECO,FRLST,12:19,FRSOU
542,2023-08-13,GENEVE,NON,9780,21:42,INTERNATIONAL,PARIS (intramuros),GENEVEPA,FRPLY,18:29,CHGVA
543,2023-08-13,BELLEGARDE,OUI,9780,21:42,INTERNATIONAL,PARIS (intramuros),GENEVEPA,FRPLY,19:02,FRXBF
544,2023-08-13,CLERMONT FERRAND,OUI,5970,13:40,IC ARO,RIOM CHATEL GUYON,CLERMONTPA,FRRIO,13:31,FRCFE
545,2023-08-13,VICHY,NON,5970,16:57,IC ARO,PARIS (intramuros),CLERMONTPA,FRPBE,14:06,FRVHY
546,2023-08-13,MOULINS SUR ALLIER,OUI,5970,14:58,IC ARO,NEVERS,CLERMONTPA,FRNVS,14:31,FRXMU
547,2023-08-13,ANGERS ST LAUD,NON,8977,16:46,ATLANTIQUE,LA ROCHE SUR YON,PARISLOIRE,FRXRO,15:19,FRACL
548,2023-08-13,PARIS (intramuros),NON,8977,16:46,ATLANTIQUE,LA ROCHE SUR YON,PARISLOIRE,FRXRO,13:32,FRPMO
549,2023-08-13,AIX EN PROVENCE TGV,NON,6801,11:06,SUD EST,NICE VILLE,JCPROVSUD,FRNIC,08:03,FRAIE
550,2023-08-13,AIX EN PROVENCE TGV,NON,6801,09:11,SUD EST,TOULON,JCPROVSUD,FRTLN,08:03,FRAIE
551,2023-08-13,AIX EN PROVENCE TGV,NON,6801,10:06,SUD EST,ST RAPHAEL VALESCURE,JCPROVSUD,FRXSK,08:03,FRAIE
552,2023-08-13,AVIGNON TGV,NON,6801,08:14,SUD EST,MARSEILLE ST CHARLES,JCPROVSUD,FRMSC,07:38,FRAVG
553,2023-08-13,AVIGNON TGV,NON,6801,11:06,SUD EST,NICE VILLE,JCPROVSUD,FRNIC,07:38,FRAVG
554,2023-08-13,AVIGNON TGV,NON,6801,10:47,SUD EST,ANTIBES,JCPROVSUD,FRXAT,07:38,FRAVG
555,2023-08-13,LYON (intramuros),NON,6801,10:35,SUD EST,CANNES,JCPROVSUD,FRJCA,06:04,FRLPD
556,2023-08-13,LYON (intramuros),NON,6801,11:06,SUD EST,NICE VILLE,JCPROVSUD,FRNIC,06:04,FRLPD
557,2023-08-13,LYON (intramuros),NON,6801,09:11,SUD EST,TOULON,JCPROVSUD,FRTLN,06:04,FRLPD
558,2023-08-13,MARSEILLE ST CHARLES,NON,6801,10:06,SUD EST,ST RAPHAEL VALESCURE,JCPROVSUD,FRXSK,08:28,FRMSC
559,2023-08-13,TOULON,NON,6801,10:35,SUD EST,CANNES,JCPROVSUD,FRJCA,09:15,FRTLN
560,2023-08-13,TOULON,NON,6801,10:47,SUD EST,ANTIBES,JCPROVSUD,FRXAT,09:15,FRTLN
561,2023-08-13,VALENCE TGV RHONE-ALPES SUD,NON,6801,08:00,SUD EST,AIX EN PROVENCE TGV,JCPROVSUD,FRAIE,07:00,FRVLA
562,2023-08-13,VALENCE TGV RHONE-ALPES SUD,NON,6801,10:35,SUD EST,CANNES,JCPROVSUD,FRJCA,07:00,FRVLA
563,2023-08-13,VALENCE TGV RHONE-ALPES SUD,NON,6801,10:06,SUD EST,ST RAPHAEL VALESCURE,JCPROVSUD,FRXSK,07:00,FRVLA
564,2023-08-13,ANTIBES,OUI,6801,11:06,SUD EST,NICE VILLE,JCPROVSUD,FRNIC,10:50,FRXAT
565,2023-08-13,ST RAPHAEL VALESCURE,OUI,6801,11:06,SUD EST,NICE VILLE,JCPROVSUD,FRNIC,10:09,FRXSK
566,2023-08-13,ST RAPHAEL VALESCURE,OUI,6801,10:47,SUD EST,ANTIBES,JCPROVSUD,FRXAT,10:09,FRXSK
567,2023-08-13,ARGENTON SUR CREUSE,OUI,3614,07:14,IC ARO,CHATEAUROUX,TOULOUZECO,FRCHR,06:59,FRFMT
568,2023-08-13,MONTAUBAN VILLE BOURBON,OUI,8516,18:32,ATLANTIQUE,AGEN,SUDOUESTPA,FRAGF,17:57,FRXMW
569,2023-08-13,MONTAUBAN VILLE BOURBON,OUI,8516,19:39,ATLANTIQUE,BORDEAUX ST JEAN,SUDOUESTPA,FRBOJ,17:57,FRXMW
570,2023-08-13,QUIMPER,OUI,8724,15:01,ATLANTIQUE,AURAY,BRETAPARIS,FRXUY,14:11,FRUIP
571,2023-08-13,VANNES,NON,8724,17:47,ATLANTIQUE,PARIS (intramuros),BRETAPARIS,FRPMO,15:17,FRVNE
572,2023-08-13,AURAY,NON,8724,17:47,ATLANTIQUE,PARIS (intramuros),BRETAPARIS,FRPMO,15:04,FRXUY
573,2023-08-13,AIX EN PROVENCE TGV,OUI,6123,20:56,SUD EST,MARSEILLE ST CHARLES,PAPROVENCE,FRMSC,20:44,FRAIE
574,2023-08-13,AVIGNON TGV,OUI,6123,20:56,SUD EST,MARSEILLE ST CHARLES,PAPROVENCE,FRMSC,20:20,FRAVG
575,2023-08-13,PARIS (intramuros),NON,6123,20:41,SUD EST,AIX EN PROVENCE TGV,PAPROVENCE,FRAIE,17:38,FRPLY
576,2023-08-13,DAX,NON,8562,12:06,ATLANTIQUE,BORDEAUX ST JEAN,SUDOUESTPA,FRBOJ,10:43,FRACG
577,2023-08-13,DAX,NON,8562,14:20,ATLANTIQUE,PARIS (intramuros),SUDOUESTPA,FRPMO,10:43,FRACG
578,2023-08-13,PAU,OUI,8562,10:34,ATLANTIQUE,DAX,SUDOUESTPA,FRACG,09:47,FRAEE
579,2023-08-13,LOURDES,NON,8562,14:20,ATLANTIQUE,PARIS (intramuros),SUDOUESTPA,FRPMO,09:19,FRLDE
580,2023-08-13,TARBES,NON,8562,12:06,ATLANTIQUE,BORDEAUX ST JEAN,SUDOUESTPA,FRBOJ,08:56,FRXTB
581,2023-08-13,TARBES,OUI,8562,09:09,ATLANTIQUE,LOURDES,SUDOUESTPA,FRLDE,08:56,FRXTB
582,2023-08-13,RIOM CHATEL GUYON,OUI,5974,15:29,IC ARO,MOULINS SUR ALLIER,CLERMONTPA,FRXMU,14:42,FRRIO
583,2023-08-13,STRASBOURG,NON,9560,20:42,INTERNATIONAL,PARIS (intramuros),FRANCPA,FRPST,18:57,FRAEG
584,2023-08-13,PARIS (intramuros),NON,9573,14:05,INTERNATIONAL,STUTTGART HBF,PASTUTMUN,DESGT,10:55,FRPST
585,2023-08-13,HENDAYE,OUI,8542,15:29,ATLANTIQUE,BIARRITZ,SUDOUESTPA,FRBIQ,15:07,FRAEF
586,2023-08-13,HENDAYE,NON,8542,17:39,ATLANTIQUE,BORDEAUX ST JEAN,SUDOUESTPA,FRBOJ,15:07,FRAEF
587,2023-08-13,ST JEAN DE LUZ CIBOURE,OUI,8542,16:17,ATLANTIQUE,DAX,SUDOUESTPA,FRACG,15:19,FRXJZ
588,2023-08-13,ANNEMASSE,NON,6504,18:34,SUD EST,PARIS (intramuros),ALPESPARIS,FRPLY,14:34,FRQNJ
589,2023-08-13,BELLEGARDE,NON,6504,18:34,SUD EST,PARIS (intramuros),ALPESPARIS,FRPLY,15:18,FRXBF
590,2023-08-13,THONON LES BAINS,OUI,6504,15:15,SUD EST,BELLEGARDE,ALPESPARIS,FRXBF,13:53,FRXTS
591,2023-08-13,AGEN,NON,8505,15:01,ATLANTIQUE,MONTAUBAN VILLE BOURBON,PASUDOUEST,FRXMW,14:24,FRAGF
592,2023-08-13,PARIS (intramuros),NON,8505,14:21,ATLANTIQUE,AGEN,PASUDOUEST,FRAGF,11:08,FRPMO
593,2023-08-13,PARIS (intramuros),NON,8505,15:31,ATLANTIQUE,TOULOUSE MATABIAU,PASUDOUEST,FRXYT,11:08,FRPMO
594,2023-08-13,MONTAUBAN VILLE BOURBON,OUI,8505,15:31,ATLANTIQUE,TOULOUSE MATABIAU,PASUDOUEST,FRXYT,15:04,FRXMW
595,2023-08-13,DIJON VILLE,NON,5537,19:45,EST,MARSEILLE ST CHARLES,JCRHINRHON,FRMSC,16:20,FRABA
596,2023-08-13,STRASBOURG,OUI,5537,14:30,EST,MULHOUSE VILLE,JCRHINRHON,FRAEK,13:37,FRAEG
597,2023-08-13,STRASBOURG,NON,5537,19:31,EST,AIX EN PROVENCE TGV,JCRHINRHON,FRAIE,13:37,FRAEG
598,2023-08-13,STRASBOURG,NON,5537,21:59,EST,CANNES,JCRHINRHON,FRJCA,13:37,FRAEG
599,2023-08-13,STRASBOURG,NON,5537,19:45,EST,MARSEILLE ST CHARLES,JCRHINRHON,FRMSC,13:37,FRAEG
600,2023-08-13,STRASBOURG,NON,5537,20:41,EST,TOULON,JCRHINRHON,FRTLN,13:37,FRAEG
601,2023-08-13,STRASBOURG,NON,5537,21:17,EST,LES ARCS DRAGUIGNAN,JCRHINRHON,FRXRS,13:37,FRAEG
602,2023-08-13,COLMAR,OUI,5537,14:30,EST,MULHOUSE VILLE,JCRHINRHON,FRAEK,14:05,FRAEJ
603,2023-08-13,COLMAR,NON,5537,19:45,EST,MARSEILLE ST CHARLES,JCRHINRHON,FRMSC,14:05,FRAEJ
604,2023-08-13,COLMAR,OUI,5537,15:29,EST,BESANCON - F COMTE TGV,JCRHINRHON,FRTJB,14:05,FRAEJ
605,2023-08-13,MULHOUSE VILLE,OUI,5537,16:04,EST,DIJON VILLE,JCRHINRHON,FRABA,14:41,FRAEK
606,2023-08-13,MULHOUSE VILLE,NON,5537,19:10,EST,AVIGNON TGV,JCRHINRHON,FRAVG,14:41,FRAEK
607,2023-08-13,MULHOUSE VILLE,NON,5537,19:45,EST,MARSEILLE ST CHARLES,JCRHINRHON,FRMSC,14:41,FRAEK
608,2023-08-13,MULHOUSE VILLE,NON,5537,21:34,EST,ST RAPHAEL VALESCURE,JCRHINRHON,FRXSK,14:41,FRAEK
609,2023-08-13,AIX EN PROVENCE TGV,NON,5537,19:45,EST,MARSEILLE ST CHARLES,JCRHINRHON,FRMSC,19:33,FRAIE
610,2023-08-13,AVIGNON TGV,NON,5537,19:45,EST,MARSEILLE ST CHARLES,JCRHINRHON,FRMSC,19:12,FRAVG
611,2023-08-13,AVIGNON TGV,NON,5537,20:41,EST,TOULON,JCRHINRHON,FRTLN,19:12,FRAVG
612,2023-08-13,NANCY,NON,5537,17:56,EST,LYON (intramuros),JCRHINRHON,FRLPD,11:46,FRENC
613,2023-08-13,NANCY,NON,5537,20:41,EST,TOULON,JCRHINRHON,FRTLN,11:46,FRENC
614,2023-08-13,NANCY,NON,5537,21:17,EST,LES ARCS DRAGUIGNAN,JCRHINRHON,FRXRS,11:46,FRENC
615,2023-08-13,LYON (intramuros),NON,5537,19:10,EST,AVIGNON TGV,JCRHINRHON,FRAVG,18:04,FRLPD
616,2023-08-13,BELFORT-MONTBELIARD TGV,OUI,5537,16:04,EST,DIJON VILLE,JCRHINRHON,FRABA,15:06,FRTJA
617,2023-08-13,BEAUNE,NON,5537,19:10,EST,AVIGNON TGV,JCRHINRHON,FRAVG,16:42,FRXBV
618,2023-08-13,LES ARCS DRAGUIGNAN,OUI,5537,21:34,EST,ST RAPHAEL VALESCURE,JCRHINRHON,FRXSK,21:20,FRXRS
619,2023-08-13,ST RAPHAEL VALESCURE,OUI,5537,22:11,EST,ANTIBES,JCRHINRHON,FRXAT,21:37,FRXSK
620,2023-08-13,NANCY,OUI,5537,14:30,EST,MULHOUSE VILLE,JCRHINRHON,FRAEK,11:46,FRENC
621,2023-08-13,BELFORT-MONTBELIARD TGV,NON,5537,21:59,EST,CANNES,JCRHINRHON,FRJCA,15:06,FRTJA
622,2023-08-13,MULHOUSE VILLE,NON,5537,16:39,EST,BEAUNE,JCRHINRHON,FRXBV,14:41,FRAEK
623,2023-08-13,SURGERES,OUI,8361,16:20,ATLANTIQUE,LA ROCHELLE VILLE,PAROCHELLE,FRLRH,15:59,FREIP
624,2023-08-13,LA ROCHELLE VILLE,OUI,8374,11:23,ATLANTIQUE,NIORT,ROCHELLEPA,FRNIT,10:44,FRLRH
625,2023-08-13,LA ROCHELLE VILLE,NON,8374,13:37,ATLANTIQUE,PARIS (intramuros),ROCHELLEPA,FRPMO,10:44,FRLRH
626,2023-08-13,DIJON VILLE,NON,6705,13:46,SUD EST,BELFORT-MONTBELIARD TGV,PABOUR,FRTJA,12:56,FRABA
627,2023-08-13,DIJON VILLE,NON,6705,13:22,SUD EST,BESANCON - F COMTE TGV,PABOUR,FRTJB,12:56,FRABA
628,2023-08-13,PARIS (intramuros),NON,6705,12:52,SUD EST,DIJON VILLE,PABOUR,FRABA,11:18,FRPLY
629,2023-08-13,PARIS (intramuros),NON,6705,14:12,SUD EST,MULHOUSE VILLE,PABOUR,FRAEK,11:18,FRPLY
630,2023-08-13,PARIS (intramuros),NON,6705,13:22,SUD EST,BESANCON - F COMTE TGV,PABOUR,FRTJB,11:18,FRPLY
631,2023-08-13,BELFORT-MONTBELIARD TGV,OUI,6705,14:12,SUD EST,MULHOUSE VILLE,PABOUR,FRAEK,13:49,FRTJA
632,2023-08-13,ANGOULEME,NON,8450,20:36,ATLANTIQUE,ST PIERRE DES CORPS,SUDOUESTPA,FRXSH,19:16,FRANG
633,2023-08-13,BORDEAUX ST JEAN,OUI,8450,19:55,ATLANTIQUE,POITIERS,SUDOUESTPA,FRPIS,18:38,FRBOJ
634,2023-08-13,BORDEAUX ST JEAN,NON,8450,20:36,ATLANTIQUE,ST PIERRE DES CORPS,SUDOUESTPA,FRXSH,18:38,FRBOJ
635,2023-08-13,POITIERS,NON,8450,21:41,ATLANTIQUE,PARIS (intramuros),SUDOUESTPA,FRPMO,20:05,FRPIS
636,2023-08-13,PARIS (intramuros),OUI,7061,18:48,NORD,LILLE (intramuros),PALILLE,FRADJ,17:46,FRPNO
637,2023-08-13,MANNHEIM HBF,NON,9568,08:05,INTERNATIONAL,KARLSRUHE HBF,FRANCPA,DEQKA,07:38,DEMHG
638,2023-08-13,MANNHEIM HBF,NON,9568,08:48,INTERNATIONAL,STRASBOURG,FRANCPA,FRAEG,07:38,DEMHG
639,2023-08-13,KARLSRUHE HBF,NON,9568,08:48,INTERNATIONAL,STRASBOURG,FRANCPA,FRAEG,08:06,DEQKA
640,2023-08-13,STRASBOURG,NON,9568,10:38,INTERNATIONAL,PARIS (intramuros),FRANCPA,FRPST,08:53,FRAEG
641,2023-08-13,MODANE,NON,9240,09:36,INTERNATIONAL,ST JEAN DE MAURIENNE ARVAN,ITALIEPA,FRHPN,09:13,FRAGR
642,2023-08-13,ST JEAN DE MAURIENNE ARVAN,NON,9240,11:40,INTERNATIONAL,MACON LOCHE TGV,ITALIEPA,FRMLT,09:37,FRHPN
643,2023-08-13,MILANO P GARIBALDI,NON,9240,09:36,INTERNATIONAL,ST JEAN DE MAURIENNE ARVAN,ITALIEPA,FRHPN,06:00,ITMPG
644,2023-08-13,OULX CESANA CLAV SESTRIERE,NON,9240,11:40,INTERNATIONAL,MACON LOCHE TGV,ITALIEPA,FRMLT,08:36,ITOCS
645,2023-08-13,TORINO PORTA SUSA,NON,9240,09:36,INTERNATIONAL,ST JEAN DE MAURIENNE ARVAN,ITALIEPA,FRHPN,07:36,ITTRS
646,2023-08-13,BORDEAUX ST JEAN,NON,3856,16:58,IC SRO,LUCON,BORDONANTE,FRLCN,13:53,FRBOJ
647,2023-08-13,JONZAC,NON,3856,16:58,IC SRO,LUCON,BORDONANTE,FRLCN,14:41,FREMR
648,2023-08-13,JONZAC,NON,3856,15:23,IC SRO,SAINTES,BORDONANTE,FRXST,14:41,FREMR
649,2023-08-13,ROCHEFORT,NON,3856,18:05,IC SRO,NANTES,BORDONANTE,FRNTE,15:56,FRRCO
650,2023-08-13,LA ROCHE SUR YON,NON,3856,18:05,IC SRO,NANTES,BORDONANTE,FRNTE,17:24,FRXRO
651,2023-08-13,BEZIERS,OUI,6212,18:46,SUD EST,AGDE,LANGPA,FRXAG,18:35,FRBZR
652,2023-08-13,NIMES,OUI,6212,22:55,SUD EST,PARIS (intramuros),LANGPA,FRPLY,19:53,FRFNI
653,2023-08-13,VALENCE TGV RHONE-ALPES SUD,OUI,6212,22:55,SUD EST,PARIS (intramuros),LANGPA,FRPLY,20:42,FRVLA
654,2023-08-13,AGDE,OUI,6212,19:21,SUD EST,MONTPELLIER SAINT-ROCH,LANGPA,FRMPL,18:49,FRXAG
655,2023-08-13,AGDE,OUI,6212,22:55,SUD EST,PARIS (intramuros),LANGPA,FRPLY,18:49,FRXAG
656,2023-08-13,AGDE,OUI,6212,19:03,SUD EST,SETE,LANGPA,FRXSY,18:49,FRXAG
657,2023-08-13,NARBONNE,OUI,6212,22:55,SUD EST,PARIS (intramuros),LANGPA,FRPLY,18:18,FRXNA
658,2023-08-13,NARBONNE,OUI,6212,19:03,SUD EST,SETE,LANGPA,FRXSY,18:18,FRXNA
659,2023-08-13,SETE,OUI,6212,19:49,SUD EST,NIMES,LANGPA,FRFNI,19:06,FRXSY
660,2023-08-13,PERPIGNAN,NON,6252,11:27,SUD EST,SETE,LANGPA,FRXSY,10:04,FRPGF
661,2023-08-13,AGDE,NON,6252,12:50,SUD EST,VALENCE TGV RHONE-ALPES SUD,LANGPA,FRVLA,11:13,FRXAG
662,2023-08-13,AGDE,NON,6252,11:27,SUD EST,SETE,LANGPA,FRXSY,11:13,FRXAG
663,2023-08-13,NARBONNE,NON,6252,12:50,SUD EST,VALENCE TGV RHONE-ALPES SUD,LANGPA,FRVLA,10:42,FRXNA
664,2023-08-13,NARBONNE,NON,6252,11:27,SUD EST,SETE,LANGPA,FRXSY,10:42,FRXNA
665,2023-08-13,SETE,NON,6252,15:04,SUD EST,PARIS (intramuros),LANGPA,FRPLY,11:30,FRXSY
666,2023-08-13,SETE,NON,6252,12:50,SUD EST,VALENCE TGV RHONE-ALPES SUD,LANGPA,FRVLA,11:30,FRXSY
667,2023-08-13,BEZIERS,NON,6252,11:46,SUD EST,MONTPELLIER SUD DE FRANCE,LANGPA,FRSUF,10:59,FRBZR
668,2023-08-13,AGDE,NON,6252,11:46,SUD EST,MONTPELLIER SUD DE FRANCE,LANGPA,FRSUF,11:13,FRXAG
669,2023-08-13,BEZIERS,NON,6252,12:11,SUD EST,NIMES PONT DU GARD,LANGPA,FRXZP,10:59,FRBZR
670,2023-08-13,AGEN,NON,4756,13:32,IC ARO,BORDEAUX ST JEAN,TJOURSESO,FRBOJ,12:28,FRAGF
671,2023-08-13,NIMES,NON,4756,13:32,IC ARO,BORDEAUX ST JEAN,TJOURSESO,FRBOJ,08:41,FRFNI
672,2023-08-13,NIMES,NON,4756,11:49,IC ARO,MONTAUBAN VILLE BOURBON,TJOURSESO,FRXMW,08:41,FRFNI
673,2023-08-13,NIMES,NON,4756,11:16,IC ARO,TOULOUSE MATABIAU,TJOURSESO,FRXYT,08:41,FRFNI
674,2023-08-13,ARLES,OUI,4756,08:38,IC ARO,NIMES,TJOURSESO,FRFNI,08:11,FRHZA
675,2023-08-13,ARLES,NON,4756,11:49,IC ARO,MONTAUBAN VILLE BOURBON,TJOURSESO,FRXMW,08:11,FRHZA
676,2023-08-13,ARLES,NON,4756,10:01,IC ARO,NARBONNE,TJOURSESO,FRXNA,08:11,FRHZA
677,2023-08-13,MONTPELLIER SAINT-ROCH,NON,4756,10:01,IC ARO,NARBONNE,TJOURSESO,FRXNA,09:08,FRMPL
678,2023-08-13,MONTPELLIER SAINT-ROCH,NON,4756,11:16,IC ARO,TOULOUSE MATABIAU,TJOURSESO,FRXYT,09:08,FRMPL
679,2023-08-13,MARSEILLE ST CHARLES,OUI,4756,08:09,IC ARO,ARLES,TJOURSESO,FRHZA,07:22,FRMSC
680,2023-08-13,NARBONNE,NON,4756,13:32,IC ARO,BORDEAUX ST JEAN,TJOURSESO,FRBOJ,10:04,FRXNA
681,2023-08-13,PARIS (intramuros),NON,9781,21:30,INTERNATIONAL,GENEVE,PAGENEVE,CHGVA,18:18,FRPLY
682,2023-08-13,PARIS (intramuros),NON,9781,20:35,INTERNATIONAL,NURIEUX,PAGENEVE,FRHQN,18:18,FRPLY
683,2023-08-13,LIMOGES BENEDICTINS,OUI,3635,17:44,IC ARO,GOURDON,PALITO,FRFSI,16:01,FRAGQ
684,2023-08-13,LIMOGES BENEDICTINS,OUI,3635,18:13,IC ARO,CAHORS,PALITO,FRZAO,16:01,FRAGQ
685,2023-08-13,BRIVE LA GAILLARDE,OUI,3635,17:28,IC ARO,SOUILLAC,PALITO,FRSOU,17:04,FRBVE
686,2023-08-13,CHATEAUROUX,NON,3635,15:24,IC ARO,LA SOUTERRAINE,PALITO,FRLST,14:45,FRCHR
687,2023-08-13,ARGENTON SUR CREUSE,OUI,3635,15:58,IC ARO,LIMOGES BENEDICTINS,PALITO,FRAGQ,15:01,FRFMT
688,2023-08-13,ARGENTON SUR CREUSE,OUI,3635,18:13,IC ARO,CAHORS,PALITO,FRZAO,15:01,FRFMT
689,2023-08-13,GOURDON,OUI,3635,18:13,IC ARO,CAHORS,PALITO,FRZAO,17:46,FRFSI
690,2023-08-13,SOUILLAC,OUI,3635,17:44,IC ARO,GOURDON,PALITO,FRFSI,17:30,FRSOU
691,2023-08-13,VIERZON VILLE,NON,3635,17:01,IC ARO,BRIVE LA GAILLARDE,PALITO,FRBVE,14:11,FRXVZ
692,2023-08-13,VIERZON VILLE,NON,3635,14:43,IC ARO,CHATEAUROUX,PALITO,FRCHR,14:11,FRXVZ
693,2023-08-13,VIERZON VILLE,NON,3635,15:00,IC ARO,ARGENTON SUR CREUSE,PALITO,FRFMT,14:11,FRXVZ
694,2023-08-13,ARGENTON SUR CREUSE,OUI,3635,17:28,IC ARO,SOUILLAC,PALITO,FRSOU,15:01,FRFMT
695,2023-08-13,ARGENTON SUR CREUSE,OUI,3635,17:44,IC ARO,GOURDON,PALITO,FRFSI,15:01,FRFMT
696,2023-08-13,PAU,NON,14148,16:52,IC SRO,TARBES,SUDOUEST,FRXTB,16:11,FRAEE
697,2023-08-13,PAU,NON,14148,18:27,IC SRO,TOULOUSE MATABIAU,SUDOUEST,FRXYT,16:11,FRAEE
698,2023-08-13,ORTHEZ,NON,14148,16:08,IC SRO,PAU,SUDOUEST,FRAEE,15:47,FRGFI
699,2023-08-13,ORTHEZ,NON,14148,17:17,IC SRO,LANNEMEZAN,SUDOUEST,FRLNZ,15:47,FRGFI
700,2023-08-13,BAYONNE,NON,14148,16:08,IC SRO,PAU,SUDOUEST,FRAEE,15:03,FRXBY
701,2023-08-13,BAYONNE,NON,14148,15:45,IC SRO,ORTHEZ,SUDOUEST,FRGFI,15:03,FRXBY
702,2023-08-13,LYON (intramuros),NON,6063,15:46,SUD EST,MARSEILLE ST CHARLES,JCPROVSUD,FRMSC,14:06,FRLPD
703,2023-08-13,ST MAIXENT DEUX SEVRES,NON,8380,18:37,ATLANTIQUE,PARIS (intramuros),ROCHELLEPA,FRPMO,16:40,FREJC
704,2023-08-13,ZUERICH HB,NON,9234,22:42,INTERNATIONAL,PARIS (intramuros),ZURBALPA,FRPLY,18:34,CHAJD
705,2023-08-13,ZUERICH HB,NON,9234,20:18,INTERNATIONAL,BELFORT-MONTBELIARD TGV,ZURBALPA,FRTJA,18:34,CHAJD
706,2023-08-13,ANGERS ST LAUD,OUI,8880,17:23,ATLANTIQUE,LE MANS,LOIREPARIS,FRAET,16:44,FRACL
707,2023-08-13,ANGERS ST LAUD,OUI,8880,18:25,ATLANTIQUE,PARIS (intramuros),LOIREPARIS,FRPMO,16:44,FRACL
708,2023-08-13,NANTES,OUI,8880,16:41,ATLANTIQUE,ANGERS ST LAUD,LOIREPARIS,FRACL,16:05,FRNTE
709,2023-08-13,AURAY,OUI,8715,13:57,ATLANTIQUE,LORIENT,PARISBRETA,FRLRT,13:41,FRXUY
710,2023-08-13,CHAMBERY CHALLES LES EAUX,NON,6964,13:14,SUD EST,PARIS (intramuros),ALPESPARIS,FRPLY,10:22,FRCMF
711,2023-08-13,BRUXELLES MIDI BRUSSEL ZUID,NON,9836,16:53,NORD,LILLE (intramuros),JCNORDSUD,FRLLE,16:17,BEBMI
712,2023-08-13,BRUXELLES MIDI BRUSSEL ZUID,NON,9836,17:53,NORD,AEROPORT CDG2 TGV ROISSY,JCNORDSUD,FRMLW,16:17,BEBMI
713,2023-08-13,LILLE (intramuros),OUI,9836,21:39,NORD,NIMES,JCNORDSUD,FRFNI,17:03,FRLLE
714,2023-08-13,LILLE (intramuros),OUI,9836,18:08,NORD,MARNE LA VALLEE CHESSY,JCNORDSUD,FRMLV,17:03,FRLLE
715,2023-08-13,LILLE (intramuros),OUI,9836,17:53,NORD,AEROPORT CDG2 TGV ROISSY,JCNORDSUD,FRMLW,17:03,FRLLE
716,2023-08-13,LYON (intramuros),OUI,9836,21:39,NORD,NIMES,JCNORDSUD,FRFNI,20:10,FRLPD
717,2023-08-13,MARNE LA VALLEE CHESSY,OUI,9836,22:08,NORD,MONTPELLIER SAINT-ROCH,JCNORDSUD,FRMPL,18:13,FRMLV
718,2023-08-13,AEROPORT CDG2 TGV ROISSY,OUI,9836,21:39,NORD,NIMES,JCNORDSUD,FRFNI,17:59,FRMLW
719,2023-08-13,AEROPORT CDG2 TGV ROISSY,OUI,9836,20:00,NORD,LYON (intramuros),JCNORDSUD,FRLPD,17:59,FRMLW
720,2023-08-13,VALENCE TGV RHONE-ALPES SUD,OUI,9836,21:39,NORD,NIMES,JCNORDSUD,FRFNI,20:54,FRVLA
721,2023-08-13,VALENCE TGV RHONE-ALPES SUD,OUI,9836,22:08,NORD,MONTPELLIER SAINT-ROCH,JCNORDSUD,FRMPL,20:54,FRVLA
722,2023-08-13,PARIS (intramuros),NON,8881,17:33,ATLANTIQUE,LE MANS,PARISLOIRE,FRAET,16:36,FRPMO
723,2023-08-13,PARIS (intramuros),OUI,2243,13:03,EST,CHAMPAGNE-ARDENNE,PANANCY,FREAH,12:23,FRPST
724,2023-08-13,CHAMBERY CHALLES LES EAUX,OUI,6951,22:30,SUD EST,ANNECY,PARISALPES,FRNCY,21:49,FRCMF
725,2023-08-13,PARIS (intramuros),NON,6951,21:35,SUD EST,CHAMBERY CHALLES LES EAUX,PARISALPES,FRCMF,18:46,FRPLY
726,2023-08-13,PARIS (intramuros),NON,6951,20:16,SUD EST,MACON LOCHE TGV,PARISALPES,FRMLT,18:46,FRPLY
727,2023-08-13,PARIS (intramuros),NON,6951,22:30,SUD EST,ANNECY,PARISALPES,FRNCY,18:46,FRPLY
728,2023-08-13,AIX EN PROVENCE TGV,NON,9866,16:00,NORD,AEROPORT CDG2 TGV ROISSY,JCSUDNORD,FRMLW,12:26,FRAIE
729,2023-08-13,AEROPORT CDG2 TGV ROISSY,NON,9866,16:57,NORD,LILLE (intramuros),JCSUDNORD,FRLLE,16:07,FRMLW
730,2023-08-13,MARSEILLE ST CHARLES,NON,9866,17:43,NORD,BRUXELLES MIDI BRUSSEL ZUID,JCSUDNORD,BEBMI,12:12,FRMSC
731,2023-08-13,MARSEILLE ST CHARLES,OUI,9866,12:23,NORD,AIX EN PROVENCE TGV,JCSUDNORD,FRAIE,12:12,FRMSC
732,2023-08-13,MARSEILLE ST CHARLES,NON,9866,13:54,NORD,LYON (intramuros),JCSUDNORD,FRLPD,12:12,FRMSC
733,2023-08-13,MARSEILLE ST CHARLES,NON,9866,15:46,NORD,MARNE LA VALLEE CHESSY,JCSUDNORD,FRMLV,12:12,FRMSC
734,2023-08-13,DIJON VILLE,OUI,5516,15:54,EST,STRASBOURG,JCRHONRHIN,FRAEG,13:37,FRABA
735,2023-08-13,DIJON VILLE,OUI,5516,14:30,EST,BELFORT-MONTBELIARD TGV,JCRHONRHIN,FRTJA,13:37,FRABA
736,2023-08-13,COLMAR,OUI,5516,15:54,EST,STRASBOURG,JCRHONRHIN,FRAEG,15:27,FRAEJ
737,2023-08-13,AIX EN PROVENCE TGV,NON,5516,15:54,EST,STRASBOURG,JCRHONRHIN,FRAEG,09:58,FRAIE
738,2023-08-13,AIX EN PROVENCE TGV,NON,5516,14:55,EST,MULHOUSE VILLE,JCRHONRHIN,FRAEK,09:58,FRAIE
739,2023-08-13,AIX EN PROVENCE TGV,NON,5516,11:26,EST,LYON (intramuros),JCRHONRHIN,FRLPD,09:58,FRAIE
740,2023-08-13,AVIGNON TGV,NON,5516,11:26,EST,LYON (intramuros),JCRHONRHIN,FRLPD,10:20,FRAVG
741,2023-08-13,AVIGNON TGV,NON,5516,12:41,EST,CHALON SUR SAONE,JCRHONRHIN,FRXCD,10:20,FRAVG
742,2023-08-13,MACON VILLE,NON,5516,13:25,EST,DIJON VILLE,JCRHONRHIN,FRABA,12:12,FRHGU
743,2023-08-13,MACON VILLE,NON,5516,13:03,EST,BEAUNE,JCRHONRHIN,FRXBV,12:12,FRHGU
744,2023-08-13,CANNES,NON,5516,13:03,EST,BEAUNE,JCRHONRHIN,FRXBV,07:30,FRJCA
745,2023-08-13,MARSEILLE ST CHARLES,NON,5516,13:25,EST,DIJON VILLE,JCRHONRHIN,FRABA,09:45,FRMSC
746,2023-08-13,MARSEILLE ST CHARLES,NON,5516,15:54,EST,STRASBOURG,JCRHONRHIN,FRAEG,09:45,FRMSC
747,2023-08-13,MARSEILLE ST CHARLES,NON,5516,15:24,EST,COLMAR,JCRHONRHIN,FRAEJ,09:45,FRMSC
748,2023-08-13,MARSEILLE ST CHARLES,NON,5516,12:09,EST,MACON VILLE,JCRHONRHIN,FRHGU,09:45,FRMSC
749,2023-08-13,MARSEILLE ST CHARLES,NON,5516,14:30,EST,BELFORT-MONTBELIARD TGV,JCRHONRHIN,FRTJA,09:45,FRMSC
750,2023-08-13,NICE VILLE,OUI,5516,07:26,EST,CANNES,JCRHONRHIN,FRJCA,07:00,FRNIC
751,2023-08-13,NICE VILLE,OUI,5516,09:33,EST,MARSEILLE ST CHARLES,JCRHONRHIN,FRMSC,07:00,FRNIC
752,2023-08-13,NICE VILLE,NON,5516,13:03,EST,BEAUNE,JCRHONRHIN,FRXBV,07:00,FRNIC
753,2023-08-13,NICE VILLE,OUI,5516,08:09,EST,LES ARCS DRAGUIGNAN,JCRHONRHIN,FRXRS,07:00,FRNIC
754,2023-08-13,NICE VILLE,OUI,5516,07:52,EST,ST RAPHAEL VALESCURE,JCRHONRHIN,FRXSK,07:00,FRNIC
755,2023-08-13,BESANCON - F COMTE TGV,OUI,5516,15:24,EST,COLMAR,JCRHONRHIN,FRAEJ,14:09,FRTJB
756,2023-08-13,BESANCON - F COMTE TGV,OUI,5516,14:55,EST,MULHOUSE VILLE,JCRHONRHIN,FRAEK,14:09,FRTJB
757,2023-08-13,TOULON,NON,5516,12:09,EST,MACON VILLE,JCRHONRHIN,FRHGU,08:50,FRTLN
758,2023-08-13,ANTIBES,NON,5516,09:55,EST,AIX EN PROVENCE TGV,JCRHONRHIN,FRAIE,07:16,FRXAT
759,2023-08-13,CHALON SUR SAONE,NON,5516,14:55,EST,MULHOUSE VILLE,JCRHONRHIN,FRAEK,12:44,FRXCD
760,2023-08-13,CHALON SUR SAONE,NON,5516,14:30,EST,BELFORT-MONTBELIARD TGV,JCRHONRHIN,FRTJA,12:44,FRXCD
761,2023-08-13,LES ARCS DRAGUIGNAN,NON,5516,09:55,EST,AIX EN PROVENCE TGV,JCRHONRHIN,FRAIE,08:12,FRXRS
762,2023-08-13,LES ARCS DRAGUIGNAN,NON,5516,17:35,EST,NANCY,JCRHONRHIN,FRENC,08:12,FRXRS
763,2023-08-13,LES ARCS DRAGUIGNAN,OUI,5516,09:33,EST,MARSEILLE ST CHARLES,JCRHONRHIN,FRMSC,08:12,FRXRS
764,2023-08-13,ST RAPHAEL VALESCURE,NON,5516,12:09,EST,MACON VILLE,JCRHONRHIN,FRHGU,07:55,FRXSK
765,2023-08-13,ST RAPHAEL VALESCURE,OUI,5516,08:09,EST,LES ARCS DRAGUIGNAN,JCRHONRHIN,FRXRS,07:55,FRXSK
766,2023-08-13,TOULON,NON,5516,14:30,EST,BELFORT-MONTBELIARD TGV,JCRHONRHIN,FRTJA,08:50,FRTLN
767,2023-08-13,BEAUNE,NON,5516,15:54,EST,STRASBOURG,JCRHONRHIN,FRAEG,13:06,FRXBV
768,2023-08-13,BEAUNE,NON,5516,14:30,EST,BELFORT-MONTBELIARD TGV,JCRHONRHIN,FRTJA,13:06,FRXBV
769,2023-08-13,QUIMPERLE,NON,8710,12:01,ATLANTIQUE,LAVAL,BRETAPARIS,FRACR,09:35,FRECO
770,2023-08-13,QUIMPERLE,OUI,8710,09:46,ATLANTIQUE,LORIENT,BRETAPARIS,FRLRT,09:35,FRECO
771,2023-08-13,QUIMPERLE,NON,8710,11:25,ATLANTIQUE,RENNES,BRETAPARIS,FRRNS,09:35,FRECO
772,2023-08-13,ROSPORDEN,OUI,8710,09:46,ATLANTIQUE,LORIENT,BRETAPARIS,FRLRT,09:20,FRRSP
773,2023-08-13,ROSPORDEN,NON,8710,13:19,ATLANTIQUE,PARIS (intramuros),BRETAPARIS,FRPMO,09:20,FRRSP
774,2023-08-13,ROSPORDEN,OUI,8710,10:05,ATLANTIQUE,AURAY,BRETAPARIS,FRXUY,09:20,FRRSP
775,2023-08-13,QUIMPER,NON,8710,12:01,ATLANTIQUE,LAVAL,BRETAPARIS,FRACR,09:06,FRUIP
776,2023-08-13,VANNES,NON,8710,12:01,ATLANTIQUE,LAVAL,BRETAPARIS,FRACR,10:23,FRVNE
777,2023-08-13,VANNES,NON,8710,13:19,ATLANTIQUE,PARIS (intramuros),BRETAPARIS,FRPMO,10:23,FRVNE
778,2023-08-13,LYON (intramuros),OUI,6676,00:14,SUD EST,PARIS (intramuros),RHONEPARIS,FRPLY,21:50,FRLPE
779,2023-08-13,CHAMPAGNE-ARDENNE,OUI,9874,17:37,NORD,STRASBOURG,JCNORDEST,FRAEG,16:04,FREAH
780,2023-08-13,LILLE (intramuros),NON,9874,17:37,NORD,STRASBOURG,JCNORDEST,FRAEG,14:03,FRLLE
781,2023-08-13,LILLE (intramuros),OUI,5224,09:58,NORD,DOUAI,JCNORDBRET,FRXDN,09:32,FRADJ
782,2023-08-13,MARNE LA VALLEE CHESSY,NON,5224,12:04,NORD,MASSY TGV,JCNORDBRET,FRDJU,11:32,FRMLV
783,2023-08-13,MARNE LA VALLEE CHESSY,NON,5224,13:04,NORD,ST PIERRE DES CORPS,JCNORDBRET,FRXSH,11:32,FRMLV
784,2023-08-13,AEROPORT CDG2 TGV ROISSY,NON,5224,11:28,NORD,MARNE LA VALLEE CHESSY,JCNORDBRET,FRMLV,11:19,FRMLW
785,2023-08-13,AEROPORT CDG2 TGV ROISSY,NON,5224,14:44,NORD,NANTES,JCNORDBRET,FRNTE,11:19,FRMLW
786,2023-08-13,TGV HAUTE PICARDIE,NON,5224,13:04,NORD,ST PIERRE DES CORPS,JCNORDBRET,FRXSH,10:45,FRTHP
787,2023-08-13,DOUAI,NON,5224,14:44,NORD,NANTES,JCNORDBRET,FRNTE,10:01,FRXDN
788,2023-08-13,PARIS (intramuros),NON,8619,16:25,ATLANTIQUE,BREST,PARISBRETA,FRBES,12:56,FRPMO
789,2023-08-13,DAX,OUI,8550,22:56,ATLANTIQUE,PARIS (intramuros),SUDOUESTPA,FRPMO,19:22,FRACG
790,2023-08-13,HENDAYE,OUI,8550,18:29,ATLANTIQUE,BIARRITZ,SUDOUESTPA,FRBIQ,18:07,FRAEF
791,2023-08-13,HENDAYE,OUI,8550,22:56,ATLANTIQUE,PARIS (intramuros),SUDOUESTPA,FRPMO,18:07,FRAEF
792,2023-08-13,HENDAYE,OUI,8550,18:17,ATLANTIQUE,ST JEAN DE LUZ CIBOURE,SUDOUESTPA,FRXJZ,18:07,FRAEF
793,2023-08-13,BIARRITZ,OUI,8550,20:40,ATLANTIQUE,BORDEAUX ST JEAN,SUDOUESTPA,FRBOJ,18:32,FRBIQ
794,2023-08-13,BIARRITZ,OUI,8550,22:56,ATLANTIQUE,PARIS (intramuros),SUDOUESTPA,FRPMO,18:32,FRBIQ
795,2023-08-13,BAYONNE,OUI,8550,19:17,ATLANTIQUE,DAX,SUDOUESTPA,FRACG,18:47,FRXBY
796,2023-08-13,BAYONNE,OUI,8550,22:56,ATLANTIQUE,PARIS (intramuros),SUDOUESTPA,FRPMO,18:47,FRXBY
797,2023-08-13,ST JEAN DE LUZ CIBOURE,OUI,8550,19:17,ATLANTIQUE,DAX,SUDOUESTPA,FRACG,18:19,FRXJZ
798,2023-08-13,ST JEAN DE LUZ CIBOURE,OUI,8550,20:40,ATLANTIQUE,BORDEAUX ST JEAN,SUDOUESTPA,FRBOJ,18:19,FRXJZ
799,2023-08-13,ST JEAN DE LUZ CIBOURE,OUI,8550,22:56,ATLANTIQUE,PARIS (intramuros),SUDOUESTPA,FRPMO,18:19,FRXJZ
800,2023-08-13,METZ VILLE,OUI,2833,19:27,EST,THIONVILLE,PAMETZLUX,FRXTH,19:10,FRADE
801,2023-08-13,PARIS (intramuros),NON,2833,19:52,EST,LUXEMBOURG,PAMETZLUX,LULUX,17:40,FRPST
802,2023-08-13,THIONVILLE,OUI,2833,19:52,EST,LUXEMBOURG,PAMETZLUX,LULUX,19:30,FRXTH
803,2023-08-13,PARIS (intramuros),NON,9213,16:26,INTERNATIONAL,ZUERICH HB,PABALZUR,CHAJD,12:22,FRPLY
804,2023-08-13,BREST,OUI,8630,15:15,ATLANTIQUE,GUINGAMP,BRETAPARIS,FRGGP,14:11,FRBES
805,2023-08-13,GUINGAMP,NON,8630,15:46,ATLANTIQUE,LAMBALLE,BRETAPARIS,FRLAM,15:18,FRGGP
806,2023-08-13,GUINGAMP,NON,8630,16:29,ATLANTIQUE,RENNES,BRETAPARIS,FRRNS,15:18,FRGGP
807,2023-08-13,LAMBALLE,NON,8630,16:29,ATLANTIQUE,RENNES,BRETAPARIS,FRRNS,15:48,FRLAM
808,2023-08-13,MORLAIX,OUI,8630,15:15,ATLANTIQUE,GUINGAMP,BRETAPARIS,FRGGP,14:44,FRMXN
809,2023-08-13,MORLAIX,NON,8630,15:46,ATLANTIQUE,LAMBALLE,BRETAPARIS,FRLAM,14:44,FRMXN
810,2023-08-13,MORLAIX,OUI,8630,15:32,ATLANTIQUE,ST BRIEUC,BRETAPARIS,FRSBK,14:44,FRMXN
811,2023-08-13,PLOUARET TREGOR,NON,8630,15:46,ATLANTIQUE,LAMBALLE,BRETAPARIS,FRLAM,15:02,FRPLT
812,2023-08-13,PLOUARET TREGOR,NON,8630,16:29,ATLANTIQUE,RENNES,BRETAPARIS,FRRNS,15:02,FRPLT
813,2023-08-13,RENNES,NON,8630,18:09,ATLANTIQUE,PARIS (intramuros),BRETAPARIS,FRPMO,16:35,FRRNS
814,2023-08-13,ST BRIEUC,NON,8630,18:09,ATLANTIQUE,PARIS (intramuros),BRETAPARIS,FRPMO,15:36,FRSBK
815,2023-08-13,JONZAC,NON,3831,12:07,IC SRO,BORDEAUX ST JEAN,NANTEBORDO,FRBOJ,11:11,FREMR
816,2023-08-13,LUCON,NON,3831,12:07,IC SRO,BORDEAUX ST JEAN,NANTEBORDO,FRBOJ,09:00,FRLCN
817,2023-08-13,LUCON,NON,3831,10:03,IC SRO,ROCHEFORT,NANTEBORDO,FRRCO,09:00,FRLCN
818,2023-08-13,NANTES,NON,3831,11:10,IC SRO,JONZAC,NANTEBORDO,FREMR,07:55,FRNTE
819,2023-08-13,LA ROCHE SUR YON,NON,3831,11:10,IC SRO,JONZAC,NANTEBORDO,FREMR,08:36,FRXRO
820,2023-08-13,SAINTES,NON,3831,11:10,IC SRO,JONZAC,NANTEBORDO,FREMR,10:34,FRXST
821,2023-08-13,PARIS (intramuros),NON,8985,20:16,ATLANTIQUE,ANGERS ST LAUD,PARISLOIRE,FRACL,18:48,FRPMO
822,2023-08-13,SABLE SUR SARTHE,OUI,8985,20:59,ATLANTIQUE,NANTES,PARISLOIRE,FRNTE,19:56,FRSAB
823,2023-08-13,LA ROCHE SUR YON,OUI,8985,22:19,ATLANTIQUE,LES SABLES D'OLONNE,PARISLOIRE,FRLSO,21:53,FRXRO
824,2023-08-13,DIJON VILLE,NON,9898,13:48,EST,THIONVILLE,JCRHONRHIN,FRXTH,10:08,FRABA
825,2023-08-13,DIJON VILLE,NON,9898,14:15,EST,LUXEMBOURG,JCRHONRHIN,LULUX,10:08,FRABA
826,2023-08-13,METZ VILLE,OUI,9898,14:15,EST,LUXEMBOURG,JCRHONRHIN,LULUX,13:29,FRADE
827,2023-08-13,COLMAR,NON,9898,13:48,EST,THIONVILLE,JCRHONRHIN,FRXTH,11:52,FRAEJ
828,2023-08-13,LYON (intramuros),NON,9898,14:15,EST,LUXEMBOURG,JCRHONRHIN,LULUX,08:30,FRLPD
829,2023-08-13,MONTPELLIER SAINT-ROCH,NON,9898,11:49,EST,COLMAR,JCRHONRHIN,FRAEJ,06:27,FRMPL
830,2023-08-13,MONTPELLIER SAINT-ROCH,NON,9898,10:34,EST,BESANCON - F COMTE TGV,JCRHONRHIN,FRTJB,06:27,FRMPL
831,2023-08-13,MONTPELLIER SAINT-ROCH,OUI,9898,07:39,EST,VALENCE TGV RHONE-ALPES SUD,JCRHONRHIN,FRVLA,06:27,FRMPL
832,2023-08-13,VALENCE TGV RHONE-ALPES SUD,NON,9898,09:58,EST,DIJON VILLE,JCRHONRHIN,FRABA,07:44,FRVLA
833,2023-08-13,VALENCE TGV RHONE-ALPES SUD,NON,9898,08:24,EST,LYON (intramuros),JCRHONRHIN,FRLPD,07:44,FRVLA
834,2023-08-13,VALENCE TGV RHONE-ALPES SUD,NON,9898,14:15,EST,LUXEMBOURG,JCRHONRHIN,LULUX,07:44,FRVLA
835,2023-08-13,ST GAUDENS,NON,14143,13:49,IC SRO,PAU,SUDOUEST,FRAEE,12:21,FRFPH
836,2023-08-13,LOURDES,NON,14143,14:13,IC SRO,ORTHEZ,SUDOUEST,FRGFI,13:24,FRLDE
837,2023-08-13,TARBES,NON,14143,14:13,IC SRO,ORTHEZ,SUDOUEST,FRGFI,13:08,FRXTB
838,2023-08-13,BEZIERS,NON,9713,14:24,SUD EST,NARBONNE,PABARCELONE,FRXNA,14:10,FRBZR
839,2023-08-13,NIMES,NON,9713,14:07,SUD EST,BEZIERS,PABARCELONE,FRBZR,12:50,FRFNI
840,2023-08-13,MONTPELLIER SAINT-ROCH,NON,9713,14:58,SUD EST,PERPIGNAN,PABARCELONE,FRPGF,13:20,FRMPL
841,2023-08-13,MONTPELLIER SAINT-ROCH,NON,9713,13:34,SUD EST,SETE,PABARCELONE,FRXSY,13:20,FRMPL
842,2023-08-13,PARIS (intramuros),NON,9713,11:57,SUD EST,VALENCE TGV RHONE-ALPES SUD,PABARCELONE,FRVLA,09:42,FRPLY
843,2023-08-13,PARIS (intramuros),NON,9713,14:24,SUD EST,NARBONNE,PABARCELONE,FRXNA,09:42,FRPLY
844,2023-08-13,PARIS (intramuros),NON,9713,13:34,SUD EST,SETE,PABARCELONE,FRXSY,09:42,FRPLY
845,2023-08-13,AGDE,NON,9713,14:24,SUD EST,NARBONNE,PABARCELONE,FRXNA,13:55,FRXAG
846,2023-08-13,NARBONNE,NON,9713,14:58,SUD EST,PERPIGNAN,PABARCELONE,FRPGF,14:27,FRXNA
847,2023-08-13,SETE,NON,9713,14:07,SUD EST,BEZIERS,PABARCELONE,FRBZR,13:37,FRXSY
848,2023-08-13,SETE,NON,9713,14:58,SUD EST,PERPIGNAN,PABARCELONE,FRPGF,13:37,FRXSY
849,2023-08-13,VALENCE TGV RHONE-ALPES SUD,NON,9713,16:34,SUD EST,BARCELONA SANTS,PABARCELONE,ESBST,12:00,FRVLA
850,2023-08-13,NIMES,NON,9713,15:46,SUD EST,GIRONA,PABARCELONE,ESGRO,12:50,FRFNI
851,2023-08-13,MONTPELLIER SAINT-ROCH,NON,9713,15:27,SUD EST,FIGUERES VILA TGV,PABARCELONE,ESFIR,13:20,FRMPL
852,2023-08-13,BEZIERS,NON,9713,15:27,SUD EST,FIGUERES VILA TGV,PABARCELONE,ESFIR,14:10,FRBZR
853,2023-08-13,SETE,NON,9713,15:27,SUD EST,FIGUERES VILA TGV,PABARCELONE,ESFIR,13:37,FRXSY
854,2023-08-13,MEUSE TGV,OUI,2237,10:51,EST,NANCY,PANANCY,FRENC,10:16,FREAJ
855,2023-08-13,ANGOULEME,OUI,8486,12:04,ATLANTIQUE,POITIERS,SUDOUESTPA,FRPIS,11:25,FRANG
856,2023-08-13,POITIERS,NON,8486,13:37,ATLANTIQUE,PARIS (intramuros),SUDOUESTPA,FRPMO,12:15,FRPIS
857,2023-08-13,BRUXELLES MIDI BRUSSEL ZUID,OUI,9870,07:51,NORD,LILLE (intramuros),JCNORDEST,FRLLE,07:17,BEBMI
858,2023-08-13,BRUXELLES MIDI BRUSSEL ZUID,OUI,9870,08:53,NORD,AEROPORT CDG2 TGV ROISSY,JCNORDEST,FRMLW,07:17,BEBMI
859,2023-08-13,LILLE (intramuros),OUI,9870,10:00,NORD,MEUSE TGV,JCNORDEST,FREAJ,08:02,FRLLE
860,2023-08-13,AVIGNON TGV,NON,6173,14:25,SUD EST,CANNES,PAAZUR,FRJCA,12:05,FRAVG
861,2023-08-13,AVIGNON TGV,NON,6173,14:57,SUD EST,NICE VILLE,PAAZUR,FRNIC,12:05,FRAVG
862,2023-08-13,TOULON,NON,6173,14:38,SUD EST,ANTIBES,PAAZUR,FRXAT,13:15,FRTLN
863,2023-08-13,ANTIBES,OUI,6173,14:57,SUD EST,NICE VILLE,PAAZUR,FRNIC,14:41,FRXAT
864,2023-08-13,ST NAZAIRE,OUI,8928,19:13,ATLANTIQUE,ANCENIS,LOIREPARIS,FREFN,18:11,FRSNR
865,2023-08-13,LAVAL,NON,8605,11:38,ATLANTIQUE,GUINGAMP,PARISBRETA,FRGGP,09:58,FRACR
866,2023-08-13,LAVAL,NON,8605,12:08,ATLANTIQUE,MORLAIX,PARISBRETA,FRMXN,09:58,FRACR
867,2023-08-13,LAVAL,NON,8605,10:25,ATLANTIQUE,RENNES,PARISBRETA,FRRNS,09:58,FRACR
868,2023-08-13,LAMBALLE,NON,8605,11:38,ATLANTIQUE,GUINGAMP,PARISBRETA,FRGGP,11:11,FRLAM
869,2023-08-13,PARIS (intramuros),NON,8605,12:43,ATLANTIQUE,BREST,PARISBRETA,FRBES,08:40,FRPMO
870,2023-08-13,PARIS (intramuros),NON,8605,11:38,ATLANTIQUE,GUINGAMP,PARISBRETA,FRGGP,08:40,FRPMO
871,2023-08-13,BIARRITZ,OUI,8544,17:17,ATLANTIQUE,DAX,SUDOUESTPA,FRACG,16:32,FRBIQ
872,2023-08-13,BIARRITZ,NON,8544,20:58,ATLANTIQUE,PARIS (intramuros),SUDOUESTPA,FRPMO,16:32,FRBIQ
873,2023-08-13,BIARRITZ,OUI,8544,16:44,ATLANTIQUE,BAYONNE,SUDOUESTPA,FRXBY,16:32,FRBIQ
874,2023-08-13,BORDEAUX ST JEAN,NON,8544,20:43,ATLANTIQUE,MASSY TGV,SUDOUESTPA,FRDJU,18:46,FRBOJ
875,2023-08-13,BAYONNE,NON,8544,20:58,ATLANTIQUE,PARIS (intramuros),SUDOUESTPA,FRPMO,16:47,FRXBY
876,2023-08-13,ST JEAN DE LUZ CIBOURE,OUI,8544,16:44,ATLANTIQUE,BAYONNE,SUDOUESTPA,FRXBY,16:19,FRXJZ
877,2023-08-13,ST JEAN DE LUZ CIBOURE,NON,8544,20:43,ATLANTIQUE,MASSY TGV,SUDOUESTPA,FRDJU,16:19,FRXJZ
878,2023-08-13,LILLE (intramuros),OUI,5036,20:00,NORD,LYON (intramuros),JCNORDSUD,FRLPD,17:03,FRLLE
879,2023-08-13,LYON (intramuros),OUI,5036,21:39,NORD,NIMES,JCNORDSUD,FRFNI,20:10,FRLPD
880,2023-08-13,MARNE LA VALLEE CHESSY,OUI,5036,21:39,NORD,NIMES,JCNORDSUD,FRFNI,18:13,FRMLV
881,2023-08-13,MARNE LA VALLEE CHESSY,OUI,5036,20:49,NORD,VALENCE TGV RHONE-ALPES SUD,JCNORDSUD,FRVLA,18:13,FRMLV
882,2023-08-13,AEROPORT CDG2 TGV ROISSY,OUI,5036,20:00,NORD,LYON (intramuros),JCNORDSUD,FRLPD,17:59,FRMLW
883,2023-08-13,AEROPORT CDG2 TGV ROISSY,OUI,5026,12:09,NORD,MARNE LA VALLEE CHESSY,JCNORDSUD,FRMLV,12:00,FRMLW
884,2023-08-13,PARIS (intramuros),OUI,2527,22:44,EST,NANCY,PANANCY,FRENC,21:12,FRPST
885,2023-08-13,BRUXELLES MIDI BRUSSEL ZUID,NON,9838,18:43,NORD,AEROPORT CDG2 TGV ROISSY,JCNORDBRET,FRMLW,16:47,BEBMI
886,2023-08-13,LE MANS,OUI,9838,21:01,NORD,LAVAL,JCNORDBRET,FRACR,20:32,FRAET
887,2023-08-13,LE MANS,OUI,9838,21:29,NORD,RENNES,JCNORDBRET,FRRNS,20:32,FRAET
888,2023-08-13,LILLE (intramuros),NON,9838,20:29,NORD,LE MANS,JCNORDBRET,FRAET,17:40,FRLLE
889,2023-08-13,MARNE LA VALLEE CHESSY,NON,9838,21:01,NORD,LAVAL,JCNORDBRET,FRACR,19:02,FRMLV
890,2023-08-13,BRUXELLES MIDI BRUSSEL ZUID,NON,9838,21:01,NORD,LAVAL,JCNORDBRET,FRACR,16:47,BEBMI
891,2023-08-13,PERPIGNAN,OUI,6254,08:33,SUD EST,NARBONNE,LANGPA,FRXNA,07:58,FRPGF
892,2023-08-13,NARBONNE,NON,6254,13:04,SUD EST,PARIS (intramuros),LANGPA,FRPLY,08:36,FRXNA
893,2023-08-13,NARBONNE,OUI,6254,09:39,SUD EST,MONTPELLIER SUD DE FRANCE,LANGPA,FRSUF,08:36,FRXNA
894,2023-08-13,AGDE,OUI,6254,09:39,SUD EST,MONTPELLIER SUD DE FRANCE,LANGPA,FRSUF,09:07,FRXAG
895,2023-08-13,REIMS,OUI,2738,15:01,EST,PARIS (intramuros),SEDBARPA,FRPST,14:15,FRRHE
896,2023-08-13,PARIS (intramuros),NON,8475,17:15,ATLANTIQUE,BORDEAUX ST JEAN,PASUDOUEST,FRBOJ,15:08,FRPMO
897,2023-08-13,THIONVILLE,OUI,2870,14:53,EST,METZ VILLE,LUXMETZPA,FRADE,14:34,FRXTH
898,2023-08-13,LUXEMBOURG,OUI,2870,14:31,EST,THIONVILLE,LUXMETZPA,FRXTH,14:10,LULUX
899,2023-08-13,PAU,OUI,8583,15:40,ATLANTIQUE,BORDEAUX ST JEAN,SUDOUESTPA,FRBOJ,13:16,FRAEE
900,2023-08-13,TARBES,OUI,8583,12:36,ATLANTIQUE,LOURDES,SUDOUESTPA,FRLDE,12:21,FRXTB
901,2023-08-13,BRUXELLES MIDI BRUSSEL ZUID,NON,9844,18:52,NORD,LILLE (intramuros),JCNORDSUD,FRLLE,18:17,BEBMI
902,2023-08-13,HENDAYE,NON,14142,10:29,IC SRO,ST JEAN DE LUZ CIBOURE,SUDOUEST,FRXJZ,10:19,FRAEF
903,2023-08-13,HENDAYE,NON,14142,12:53,IC SRO,TARBES,SUDOUEST,FRXTB,10:19,FRAEF
904,2023-08-13,BIARRITZ,NON,14142,13:30,IC SRO,MONTREJEAU GOURDAN POLIGNAN,SUDOUEST,FRMTJ,10:40,FRBIQ
905,2023-08-13,BIARRITZ,NON,14142,12:53,IC SRO,TARBES,SUDOUEST,FRXTB,10:40,FRBIQ
906,2023-08-13,ORTHEZ,NON,14142,12:37,IC SRO,LOURDES,SUDOUEST,FRLDE,11:48,FRGFI
907,2023-08-13,ORTHEZ,NON,14142,12:53,IC SRO,TARBES,SUDOUEST,FRXTB,11:48,FRGFI
908,2023-08-13,LOURDES,NON,14142,13:30,IC SRO,MONTREJEAU GOURDAN POLIGNAN,SUDOUEST,FRMTJ,12:40,FRLDE
909,2023-08-13,BAYONNE,NON,14142,12:09,IC SRO,PAU,SUDOUEST,FRAEE,11:02,FRXBY
910,2023-08-13,BAYONNE,NON,14142,11:46,IC SRO,ORTHEZ,SUDOUEST,FRGFI,11:02,FRXBY
911,2023-08-13,ST JEAN DE LUZ CIBOURE,NON,14142,12:53,IC SRO,TARBES,SUDOUEST,FRXTB,10:30,FRXJZ
912,2023-08-13,MONTREJEAU GOURDAN POLIGNAN,NON,14142,14:27,IC SRO,TOULOUSE MATABIAU,SUDOUEST,FRXYT,13:32,FRMTJ
913,2023-08-13,ORTHEZ,NON,14142,13:30,IC SRO,MONTREJEAU GOURDAN POLIGNAN,SUDOUEST,FRMTJ,11:48,FRGFI
914,2023-08-13,ST JEAN DE LUZ CIBOURE,NON,14142,13:30,IC SRO,MONTREJEAU GOURDAN POLIGNAN,SUDOUEST,FRMTJ,10:30,FRXJZ
915,2023-08-13,STRASBOURG,OUI,5454,15:31,EST,CHAMPAGNE-ARDENNE,JCESTATL,FREAH,14:01,FRAEG
916,2023-08-13,MASSY TGV,NON,5454,20:02,EST,BORDEAUX ST JEAN,JCESTATL,FRBOJ,17:10,FRDJU
917,2023-08-13,MASSY TGV,NON,5454,18:40,EST,POITIERS,JCESTATL,FRPIS,17:10,FRDJU
918,2023-08-13,MEUSE TGV,OUI,5454,15:31,EST,CHAMPAGNE-ARDENNE,JCESTATL,FREAH,15:05,FREAJ
919,2023-08-13,LORRAINE TGV,NON,5454,19:22,EST,ANGOULEME,JCESTATL,FRANG,14:39,FREAM
920,2023-08-13,LORRAINE TGV,OUI,5454,14:58,EST,MEUSE TGV,JCESTATL,FREAJ,14:39,FREAM
921,2023-08-13,MARNE LA VALLEE CHESSY,NON,5454,20:02,EST,BORDEAUX ST JEAN,JCESTATL,FRBOJ,16:32,FRMLV
922,2023-08-13,MARNE LA VALLEE CHESSY,NON,5454,17:04,EST,MASSY TGV,JCESTATL,FRDJU,16:32,FRMLV
923,2023-08-13,AEROPORT CDG2 TGV ROISSY,NON,5454,18:40,EST,POITIERS,JCESTATL,FRPIS,16:18,FRMLW
924,2023-08-13,ST PIERRE DES CORPS,NON,5454,18:40,EST,POITIERS,JCESTATL,FRPIS,18:10,FRXSH
925,2023-08-13,PARIS (intramuros),NON,8437,13:02,ATLANTIQUE,BORDEAUX ST JEAN,PASUDOUEST,FRBOJ,10:03,FRPMO
926,2023-08-13,ST PIERRE DES CORPS,NON,8437,11:41,ATLANTIQUE,POITIERS,PASUDOUEST,FRPIS,11:11,FRXSH
927,2023-08-13,LA ROCHELLE VILLE,OUI,8362,11:40,ATLANTIQUE,PARIS (intramuros),ROCHELLEPA,FRPMO,08:47,FRLRH
928,2023-08-13,ST PIERRE DES CORPS,OUI,8362,11:40,ATLANTIQUE,PARIS (intramuros),ROCHELLEPA,FRPMO,10:39,FRXSH
929,2023-08-13,DOL DE BRETAGNE,NON,8088,20:20,ATLANTIQUE,PARIS (intramuros),BRETAPARIS,FRPMO,17:58,FRDOL
930,2023-08-13,ST MALO,OUI,8088,17:55,ATLANTIQUE,DOL DE BRETAGNE,BRETAPARIS,FRDOL,17:42,FRXSB
931,2023-08-13,NIMES,NON,4762,18:26,IC ARO,AGEN,TJOURSESO,FRAGF,14:38,FRFNI
932,2023-08-13,MARSEILLE ST CHARLES,NON,4762,16:31,IC ARO,CARCASSONNE,TJOURSESO,FRCCF,13:23,FRMSC
933,2023-08-13,MARSEILLE ST CHARLES,NON,4762,15:02,IC ARO,MONTPELLIER SAINT-ROCH,TJOURSESO,FRMPL,13:23,FRMSC
934,2023-08-13,MONTAUBAN VILLE BOURBON,OUI,4762,19:32,IC ARO,BORDEAUX ST JEAN,TJOURSESO,FRBOJ,17:51,FRXMW
935,2023-08-13,NIMES,NON,5062,10:53,NORD,LYON (intramuros),JCSUDNORD,FRLPD,09:25,FRFNI
936,2023-08-13,AEROPORT CDG2 TGV ROISSY,NON,5062,14:24,NORD,LILLE (intramuros),JCSUDNORD,FRLLE,13:07,FRMLW
937,2023-08-13,AEROPORT CDG2 TGV ROISSY,NON,5062,13:55,NORD,ARRAS,JCSUDNORD,FRQRV,13:07,FRMLW
938,2023-08-13,VALENCE TGV RHONE-ALPES SUD,NON,5062,14:24,NORD,LILLE (intramuros),JCSUDNORD,FRLLE,10:15,FRVLA
939,2023-08-13,VALENCE TGV RHONE-ALPES SUD,NON,5062,13:01,NORD,AEROPORT CDG2 TGV ROISSY,JCSUDNORD,FRMLW,10:15,FRVLA
940,2023-08-13,LANNION,OUI,8690,17:35,ATLANTIQUE,RENNES,BRETAPARIS,FRRNS,15:59,FRLAI
941,2023-08-13,PARIS (intramuros),NON,9763,11:00,INTERNATIONAL,BELLEGARDE,PAGENEVE,FRXBF,08:18,FRPLY
942,2023-08-13,BREST,NON,8646,23:08,ATLANTIQUE,PARIS (intramuros),BRETAPARIS,FRPMO,19:22,FRBES
943,2023-08-13,GUINGAMP,NON,8646,20:38,ATLANTIQUE,ST BRIEUC,BRETAPARIS,FRSBK,20:24,FRGGP
944,2023-08-13,MORLAIX,NON,8646,23:08,ATLANTIQUE,PARIS (intramuros),BRETAPARIS,FRPMO,19:55,FRMXN
945,2023-08-13,MORLAIX,NON,8646,20:38,ATLANTIQUE,ST BRIEUC,BRETAPARIS,FRSBK,19:55,FRMXN
946,2023-08-13,PARIS (intramuros),OUI,7371,15:39,NORD,HAZEBROUCK,PAARRAS,FRHZK,13:52,FRPNO
947,2023-08-13,PARIS (intramuros),OUI,7371,14:40,NORD,ARRAS,PAARRAS,FRQRV,13:52,FRPNO
948,2023-08-13,AGEN,OUI,8504,10:40,ATLANTIQUE,BORDEAUX ST JEAN,SUDOUESTPA,FRBOJ,09:35,FRAGF
949,2023-08-13,MONTAUBAN VILLE BOURBON,NON,8504,12:52,ATLANTIQUE,PARIS (intramuros),SUDOUESTPA,FRPMO,08:57,FRXMW
950,2023-08-13,TOULOUSE MATABIAU,NON,8504,12:52,ATLANTIQUE,PARIS (intramuros),SUDOUESTPA,FRPMO,08:28,FRXYT
951,2023-08-13,BREST,NON,8622,17:08,ATLANTIQUE,PARIS (intramuros),BRETAPARIS,FRPMO,13:30,FRBES
952,2023-08-13,DUNKERQUE,OUI,7334,19:08,NORD,PARIS (intramuros),ARRASPA,FRPNO,16:56,FRADI
953,2023-08-13,LENS,OUI,7334,19:08,NORD,PARIS (intramuros),ARRASPA,FRPNO,17:57,FRXLE
954,2023-08-13,BEZIERS,NON,9715,19:56,SUD EST,PERPIGNAN,PABARCELONE,FRPGF,19:06,FRBZR
955,2023-08-13,PARIS (intramuros),NON,9715,19:56,SUD EST,PERPIGNAN,PABARCELONE,FRPGF,14:56,FRPLY
956,2023-08-13,VALENCE TGV RHONE-ALPES SUD,NON,9715,19:03,SUD EST,BEZIERS,PABARCELONE,FRBZR,17:09,FRVLA
957,2023-08-13,SETE,NON,9715,19:03,SUD EST,BEZIERS,PABARCELONE,FRBZR,18:34,FRXSY
958,2023-08-13,MONTPELLIER SUD DE FRANCE,NON,9715,19:56,SUD EST,PERPIGNAN,PABARCELONE,FRPGF,18:17,FRSUF
959,2023-08-13,MONTPELLIER SUD DE FRANCE,NON,9715,19:03,SUD EST,BEZIERS,PABARCELONE,FRBZR,18:17,FRSUF
960,2023-08-13,PERPIGNAN,NON,9715,20:27,SUD EST,FIGUERES VILA TGV,PABARCELONE,ESFIR,20:03,FRPGF
961,2023-08-13,VALENCE TGV RHONE-ALPES SUD,NON,9715,17:46,SUD EST,NIMES PONT DU GARD,PABARCELONE,FRXZP,17:09,FRVLA
962,2023-08-13,NARBONNE,NON,9715,20:44,SUD EST,GIRONA,PABARCELONE,ESGRO,19:23,FRXNA
963,2023-08-13,AGDE,NON,9715,20:44,SUD EST,GIRONA,PABARCELONE,ESGRO,18:51,FRXAG
964,2023-08-13,MONTPELLIER SUD DE FRANCE,NON,9715,20:44,SUD EST,GIRONA,PABARCELONE,ESGRO,18:17,FRSUF
965,2023-08-13,NIMES PONT DU GARD,NON,9715,20:44,SUD EST,GIRONA,PABARCELONE,ESGRO,17:49,FRXZP
966,2023-08-13,NIMES PONT DU GARD,NON,9715,20:27,SUD EST,FIGUERES VILA TGV,PABARCELONE,ESFIR,17:49,FRXZP
967,2023-08-13,MONTBARD,NON,6711,21:05,SUD EST,BESANCON - F COMTE TGV,PABOUR,FRTJB,19:56,FRGWE
968,2023-08-13,BELFORT-MONTBELIARD TGV,OUI,6711,21:55,SUD EST,MULHOUSE VILLE,PABOUR,FRAEK,21:32,FRTJA
969,2023-08-13,VENDOME VILLIERS SUR LOIR,OUI,8303,13:45,ATLANTIQUE,TOURS,PAROCHELLE,FRAFW,13:15,FRESL
970,2023-08-13,JONZAC,NON,3837,22:08,IC SRO,BORDEAUX ST JEAN,NANTEBORDO,FRBOJ,21:11,FREMR
971,2023-08-13,LUCON,NON,3837,20:03,IC SRO,ROCHEFORT,NANTEBORDO,FRRCO,19:00,FRLCN
972,2023-08-13,LA ROCHELLE VILLE,NON,3837,22:08,IC SRO,BORDEAUX ST JEAN,NANTEBORDO,FRBOJ,19:43,FRLRH
973,2023-08-13,LA ROCHELLE VILLE,NON,3837,20:03,IC SRO,ROCHEFORT,NANTEBORDO,FRRCO,19:43,FRLRH
974,2023-08-13,NANTES,NON,3837,19:39,IC SRO,LA ROCHELLE VILLE,NANTEBORDO,FRLRH,17:55,FRNTE
975,2023-08-13,LA ROCHE SUR YON,NON,3837,20:03,IC SRO,ROCHEFORT,NANTEBORDO,FRRCO,18:36,FRXRO
976,2023-08-13,METZ VILLE,NON,9879,14:18,EST,BELFORT-MONTBELIARD TGV,JCRHINRHON,FRTJA,12:12,FRADE
977,2023-08-13,METZ VILLE,NON,9879,17:50,EST,VALENCE TGV RHONE-ALPES SUD,JCRHINRHON,FRVLA,12:12,FRADE
978,2023-08-13,STRASBOURG,NON,9879,16:18,EST,MACON VILLE,JCRHINRHON,FRHGU,13:06,FRAEG
979,2023-08-13,STRASBOURG,NON,9879,14:18,EST,BELFORT-MONTBELIARD TGV,JCRHINRHON,FRTJA,13:06,FRAEG
980,2023-08-13,MACON VILLE,NON,9879,16:56,EST,LYON (intramuros),JCRHINRHON,FRLPD,16:21,FRHGU
981,2023-08-13,LYON (intramuros),NON,9879,17:50,EST,VALENCE TGV RHONE-ALPES SUD,JCRHINRHON,FRVLA,17:10,FRLPD
982,2023-08-13,BELFORT-MONTBELIARD TGV,NON,9879,14:41,EST,BESANCON - F COMTE TGV,JCRHINRHON,FRTJB,14:21,FRTJA
983,2023-08-13,BESANCON - F COMTE TGV,NON,9879,17:50,EST,VALENCE TGV RHONE-ALPES SUD,JCRHINRHON,FRVLA,14:44,FRTJB
984,2023-08-13,THIONVILLE,OUI,9879,13:00,EST,STRASBOURG,JCRHINRHON,FRAEG,11:48,FRXTH
985,2023-08-13,THIONVILLE,NON,9879,16:56,EST,LYON (intramuros),JCRHINRHON,FRLPD,11:48,FRXTH
986,2023-08-13,LUXEMBOURG,OUI,9879,12:07,EST,METZ VILLE,JCRHINRHON,FRADE,11:24,LULUX
987,2023-08-13,LUXEMBOURG,NON,9879,14:18,EST,BELFORT-MONTBELIARD TGV,JCRHINRHON,FRTJA,11:24,LULUX
988,2023-08-13,DIJON VILLE,NON,9879,18:53,EST,MONTPELLIER SUD DE FRANCE,JCRHINRHON,FRSUF,15:21,FRABA
989,2023-08-13,VALENCE TGV RHONE-ALPES SUD,OUI,9879,18:31,EST,NIMES PONT DU GARD,JCRHINRHON,FRXZP,17:55,FRVLA
990,2023-08-13,DIJON VILLE,OUI,2242,15:54,EST,STRASBOURG,JCRHONRHIN,FRAEG,13:37,FRABA
991,2023-08-13,DIJON VILLE,OUI,2242,14:30,EST,BELFORT-MONTBELIARD TGV,JCRHONRHIN,FRTJA,13:37,FRABA
992,2023-08-13,MULHOUSE VILLE,OUI,2242,15:54,EST,STRASBOURG,JCRHONRHIN,FRAEG,15:07,FRAEK
993,2023-08-13,AIX EN PROVENCE TGV,NON,2242,15:54,EST,STRASBOURG,JCRHONRHIN,FRAEG,09:58,FRAIE
994,2023-08-13,AIX EN PROVENCE TGV,NON,2242,11:26,EST,LYON (intramuros),JCRHONRHIN,FRLPD,09:58,FRAIE
995,2023-08-13,AIX EN PROVENCE TGV,NON,2242,14:30,EST,BELFORT-MONTBELIARD TGV,JCRHONRHIN,FRTJA,09:58,FRAIE
996,2023-08-13,AIX EN PROVENCE TGV,NON,2242,12:41,EST,CHALON SUR SAONE,JCRHONRHIN,FRXCD,09:58,FRAIE
997,2023-08-13,AVIGNON TGV,NON,2242,12:41,EST,CHALON SUR SAONE,JCRHONRHIN,FRXCD,10:20,FRAVG
998,2023-08-13,CANNES,NON,2242,13:25,EST,DIJON VILLE,JCRHONRHIN,FRABA,07:30,FRJCA
999,2023-08-13,CANNES,NON,2242,15:54,EST,STRASBOURG,JCRHONRHIN,FRAEG,07:30,FRJCA
1000,2023-08-13,CANNES,NON,2242,15:24,EST,COLMAR,JCRHONRHIN,FRAEJ,07:30,FRJCA
1001,2023-08-13,CANNES,NON,2242,14:55,EST,MULHOUSE VILLE,JCRHONRHIN,FRAEK,07:30,FRJCA
1002,2023-08-13,CANNES,OUI,2242,08:09,EST,LES ARCS DRAGUIGNAN,JCRHONRHIN,FRXRS,07:30,FRJCA
1003,2023-08-13,NICE VILLE,NON,2242,15:54,EST,STRASBOURG,JCRHONRHIN,FRAEG,07:00,FRNIC
1004,2023-08-13,NICE VILLE,NON,2242,14:55,EST,MULHOUSE VILLE,JCRHONRHIN,FRAEK,07:00,FRNIC
1005,2023-08-13,NICE VILLE,OUI,2242,08:46,EST,TOULON,JCRHONRHIN,FRTLN,07:00,FRNIC
1006,2023-08-13,BELFORT-MONTBELIARD TGV,OUI,2242,15:54,EST,STRASBOURG,JCRHONRHIN,FRAEG,14:33,FRTJA
1007,2023-08-13,BESANCON - F COMTE TGV,OUI,2242,15:54,EST,STRASBOURG,JCRHONRHIN,FRAEG,14:09,FRTJB
1008,2023-08-13,TOULON,NON,2242,10:17,EST,AVIGNON TGV,JCRHONRHIN,FRAVG,08:50,FRTLN
1009,2023-08-13,TOULON,NON,2242,12:41,EST,CHALON SUR SAONE,JCRHONRHIN,FRXCD,08:50,FRTLN
1010,2023-08-13,ANTIBES,NON,2242,13:25,EST,DIJON VILLE,JCRHONRHIN,FRABA,07:16,FRXAT
1011,2023-08-13,ANTIBES,NON,2242,10:17,EST,AVIGNON TGV,JCRHONRHIN,FRAVG,07:16,FRXAT
1012,2023-08-13,ANTIBES,OUI,2242,09:33,EST,MARSEILLE ST CHARLES,JCRHONRHIN,FRMSC,07:16,FRXAT
1013,2023-08-13,ANTIBES,OUI,2242,08:09,EST,LES ARCS DRAGUIGNAN,JCRHONRHIN,FRXRS,07:16,FRXAT
1014,2023-08-13,CHALON SUR SAONE,NON,2242,14:30,EST,BELFORT-MONTBELIARD TGV,JCRHONRHIN,FRTJA,12:44,FRXCD
1015,2023-08-13,LES ARCS DRAGUIGNAN,OUI,2242,09:33,EST,MARSEILLE ST CHARLES,JCRHONRHIN,FRMSC,08:12,FRXRS
1016,2023-08-13,ST RAPHAEL VALESCURE,NON,2242,13:25,EST,DIJON VILLE,JCRHONRHIN,FRABA,07:55,FRXSK
1017,2023-08-13,ST RAPHAEL VALESCURE,NON,2242,15:54,EST,STRASBOURG,JCRHONRHIN,FRAEG,07:55,FRXSK
1018,2023-08-13,ST RAPHAEL VALESCURE,OUI,2242,09:33,EST,MARSEILLE ST CHARLES,JCRHONRHIN,FRMSC,07:55,FRXSK
1019,2023-08-13,ST RAPHAEL VALESCURE,OUI,2242,08:09,EST,LES ARCS DRAGUIGNAN,JCRHONRHIN,FRXRS,07:55,FRXSK
1020,2023-08-13,LES ARCS DRAGUIGNAN,NON,2242,14:30,EST,BELFORT-MONTBELIARD TGV,JCRHONRHIN,FRTJA,08:12,FRXRS
1021,2023-08-13,ST RAPHAEL VALESCURE,NON,2242,14:30,EST,BELFORT-MONTBELIARD TGV,JCRHONRHIN,FRTJA,07:55,FRXSK
1022,2023-08-13,BEAUNE,NON,2242,14:55,EST,MULHOUSE VILLE,JCRHONRHIN,FRAEK,13:06,FRXBV
1023,2023-08-13,BEAUNE,NON,2242,14:30,EST,BELFORT-MONTBELIARD TGV,JCRHONRHIN,FRTJA,13:06,FRXBV
1024,2023-08-13,BEAUNE,NON,2242,14:06,EST,BESANCON - F COMTE TGV,JCRHONRHIN,FRTJB,13:06,FRXBV
1025,2023-08-13,ANGOULEME,NON,9406,12:55,EST,CHAMPAGNE-ARDENNE,JCATLEST,FREAH,09:07,FRANG
1026,2023-08-13,ANGOULEME,NON,9406,13:23,EST,MEUSE TGV,JCATLEST,FREAJ,09:07,FRANG
1027,2023-08-13,ANGOULEME,NON,9406,13:49,EST,LORRAINE TGV,JCATLEST,FREAM,09:07,FRANG
1028,2023-08-13,ANGOULEME,OUI,9406,09:45,EST,POITIERS,JCATLEST,FRPIS,09:07,FRANG
1029,2023-08-13,BORDEAUX ST JEAN,OUI,9406,09:45,EST,POITIERS,JCATLEST,FRPIS,08:29,FRBOJ
1030,2023-08-13,CHAMPAGNE-ARDENNE,NON,9406,14:29,EST,STRASBOURG,JCATLEST,FRAEG,12:58,FREAH
1031,2023-08-13,CHAMPAGNE-ARDENNE,NON,9406,13:23,EST,MEUSE TGV,JCATLEST,FREAJ,12:58,FREAH
1032,2023-08-13,MARNE LA VALLEE CHESSY,NON,9406,12:11,EST,AEROPORT CDG2 TGV ROISSY,JCATLEST,FRMLW,12:01,FRMLV
1033,2023-08-13,AEROPORT CDG2 TGV ROISSY,NON,9406,14:29,EST,STRASBOURG,JCATLEST,FRAEG,12:26,FRMLW
1034,2023-08-13,POITIERS,NON,9406,11:20,EST,MASSY TGV,JCATLEST,FRDJU,09:48,FRPIS
1035,2023-08-13,POITIERS,NON,9406,12:55,EST,CHAMPAGNE-ARDENNE,JCATLEST,FREAH,09:48,FRPIS
1036,2023-08-13,POITIERS,NON,9406,13:23,EST,MEUSE TGV,JCATLEST,FREAJ,09:48,FRPIS
1037,2023-08-13,POITIERS,NON,9406,11:57,EST,MARNE LA VALLEE CHESSY,JCATLEST,FRMLV,09:48,FRPIS
1038,2023-08-13,ST PIERRE DES CORPS,NON,9406,14:29,EST,STRASBOURG,JCATLEST,FRAEG,10:26,FRXSH
1039,2023-08-13,ST PIERRE DES CORPS,NON,9406,12:55,EST,CHAMPAGNE-ARDENNE,JCATLEST,FREAH,10:26,FRXSH
1040,2023-08-13,ST PIERRE DES CORPS,NON,9406,13:23,EST,MEUSE TGV,JCATLEST,FREAJ,10:26,FRXSH
1041,2023-08-13,ST PIERRE DES CORPS,NON,9406,13:49,EST,LORRAINE TGV,JCATLEST,FREAM,10:26,FRXSH
1042,2023-08-13,ST PIERRE DES CORPS,NON,9406,12:11,EST,AEROPORT CDG2 TGV ROISSY,JCATLEST,FRMLW,10:26,FRXSH
1043,2023-08-13,STRASBOURG,OUI,9406,15:43,EST,FREIBURG BREISGAU HBF,JCATLEST,DEFGB,14:35,FRAEG
1044,2023-08-13,OFFENBOURG/OFFENBURG,OUI,9406,15:43,EST,FREIBURG BREISGAU HBF,JCATLEST,DEFGB,14:56,DEZPA
1045,2023-08-13,BORDEAUX ST JEAN,NON,9406,15:43,EST,FREIBURG BREISGAU HBF,JCATLEST,DEFGB,08:29,FRBOJ
1046,2023-08-13,MARNE LA VALLEE CHESSY,NON,9406,15:43,EST,FREIBURG BREISGAU HBF,JCATLEST,DEFGB,12:01,FRMLV
1047,2023-08-13,CHAMPAGNE-ARDENNE,NON,9406,14:55,EST,OFFENBOURG/OFFENBURG,JCATLEST,DEZPA,12:58,FREAH
1048,2023-08-13,POITIERS,NON,9406,15:17,EST,RINGSHEIM/EU-PARK,JCATLEST,DERSH,09:48,FRPIS
1049,2023-08-13,ANGOULEME,NON,9406,15:17,EST,RINGSHEIM/EU-PARK,JCATLEST,DERSH,09:07,FRANG
1050,2023-08-13,AVIGNON TGV,OUI,6103,10:56,SUD EST,MARSEILLE ST CHARLES,PAPROVENCE,FRMSC,10:20,FRAVG
1051,2023-08-13,CHAMBERY CHALLES LES EAUX,OUI,6984,20:43,SUD EST,MACON LOCHE TGV,ALPESPARIS,FRMLT,19:22,FRCMF
1052,2023-08-13,ANNECY,OUI,6984,20:43,SUD EST,MACON LOCHE TGV,ALPESPARIS,FRMLT,18:31,FRNCY
1053,2023-08-13,TOURS,OUI,8318,18:33,ATLANTIQUE,PARIS (intramuros),ROCHELLEPA,FRPMO,17:04,FRAFW
1054,2023-08-13,ST PIERRE DES CORPS,OUI,8318,18:33,ATLANTIQUE,PARIS (intramuros),ROCHELLEPA,FRPMO,17:24,FRXSH
1055,2023-08-13,BIARRITZ,OUI,8537,14:41,ATLANTIQUE,ST JEAN DE LUZ CIBOURE,PASUDOUEST,FRXJZ,14:28,FRBIQ
1056,2023-08-13,BORDEAUX ST JEAN,NON,8537,14:25,ATLANTIQUE,BIARRITZ,PASUDOUEST,FRBIQ,12:20,FRBOJ
1057,2023-08-13,PARIS (intramuros),NON,8537,13:38,ATLANTIQUE,DAX,PASUDOUEST,FRACG,10:08,FRPMO
1058,2023-08-13,BAYONNE,OUI,8537,14:55,ATLANTIQUE,HENDAYE,PASUDOUEST,FRAEF,14:16,FRXBY
1059,2023-08-13,PARIS (intramuros),NON,8083,12:17,ATLANTIQUE,ST MALO,PARISBRETA,FRXSB,09:54,FRPMO
1060,2023-08-13,LE MANS,NON,8074,18:49,ATLANTIQUE,PARIS (intramuros),BRETAPARIS,FRPMO,17:49,FRAET
1061,2023-08-13,RENNES,OUI,8074,17:15,ATLANTIQUE,LAVAL,BRETAPARIS,FRACR,16:31,FRRNS
1062,2023-08-13,RENNES,OUI,8074,16:55,ATLANTIQUE,VITRE,BRETAPARIS,FRXVT,16:31,FRRNS
1063,2023-08-13,VITRE,OUI,8074,17:46,ATLANTIQUE,LE MANS,BRETAPARIS,FRAET,16:58,FRXVT
1064,2023-08-13,RETHEL,OUI,2754,18:01,EST,PARIS (intramuros),SEDBARPA,FRPST,16:48,FRBDT
1065,2023-08-13,RETHEL,OUI,2754,17:09,EST,REIMS,SEDBARPA,FRRHE,16:48,FRBDT
1066,2023-08-13,CHARLEVILLE MEZIERES,OUI,2754,18:01,EST,PARIS (intramuros),SEDBARPA,FRPST,16:17,FRXCZ
1067,2023-08-13,PARIS (intramuros),NON,2407,09:59,EST,STRASBOURG,PASTRAMULH,FRAEG,07:58,FRPST
1068,2023-08-13,ANGERS ST LAUD,NON,4504,18:38,IC SRO,NANTES,JOURLYNNTE,FRNTE,17:54,FRACL
1069,2023-08-13,BOURGES,NON,4504,15:49,IC SRO,VIERZON VILLE,JOURLYNNTE,FRXVZ,15:30,FRBOU
1070,2023-08-13,LYON (intramuros),NON,4504,17:52,IC SRO,ANGERS ST LAUD,JOURLYNNTE,FRACL,12:00,FRLPD
1071,2023-08-13,LYON (intramuros),NON,4504,17:29,IC SRO,SAUMUR,JOURLYNNTE,FRACN,12:00,FRLPD
1072,2023-08-13,LYON (intramuros),NON,4504,18:38,IC SRO,NANTES,JOURLYNNTE,FRNTE,11:47,FRLPE
1073,2023-08-13,LYON (intramuros),NON,4504,14:36,IC SRO,NEVERS,JOURLYNNTE,FRNVS,11:47,FRLPE
1074,2023-08-13,LYON (intramuros),NON,4504,13:43,IC SRO,ST GERMAIN DES FOSSES,JOURLYNNTE,FRSGF,11:47,FRLPE
1075,2023-08-13,LYON (intramuros),NON,4504,15:49,IC SRO,VIERZON VILLE,JOURLYNNTE,FRXVZ,11:47,FRLPE
1076,2023-08-13,NEVERS,NON,4504,17:29,IC SRO,SAUMUR,JOURLYNNTE,FRACN,14:49,FRNVS
1077,2023-08-13,NEVERS,NON,4504,15:28,IC SRO,BOURGES,JOURLYNNTE,FRBOU,14:49,FRNVS
1078,2023-08-13,ROANNE,NON,4504,17:52,IC SRO,ANGERS ST LAUD,JOURLYNNTE,FRACL,13:06,FRRNE
1079,2023-08-13,ROANNE,NON,4504,17:29,IC SRO,SAUMUR,JOURLYNNTE,FRACN,13:06,FRRNE
1080,2023-08-13,ROANNE,NON,4504,15:28,IC SRO,BOURGES,JOURLYNNTE,FRBOU,13:06,FRRNE
1081,2023-08-13,ROANNE,NON,4504,18:38,IC SRO,NANTES,JOURLYNNTE,FRNTE,13:06,FRRNE
1082,2023-08-13,ROANNE,NON,4504,16:55,IC SRO,ST PIERRE DES CORPS,JOURLYNNTE,FRXSH,13:06,FRRNE
1083,2023-08-13,ST GERMAIN DES FOSSES,NON,4504,14:36,IC SRO,NEVERS,JOURLYNNTE,FRNVS,13:45,FRSGF
1084,2023-08-13,ST GERMAIN DES FOSSES,NON,4504,16:55,IC SRO,ST PIERRE DES CORPS,JOURLYNNTE,FRXSH,13:45,FRSGF
1085,2023-08-13,MOULINS SUR ALLIER,NON,4504,17:52,IC SRO,ANGERS ST LAUD,JOURLYNNTE,FRACL,14:07,FRXMU
1086,2023-08-13,ST PIERRE DES CORPS,NON,4504,18:38,IC SRO,NANTES,JOURLYNNTE,FRNTE,16:58,FRXSH
1087,2023-08-13,VIERZON VILLE,NON,4504,18:38,IC SRO,NANTES,JOURLYNNTE,FRNTE,15:51,FRXVZ
1088,2023-08-13,VIERZON VILLE,NON,4504,16:55,IC SRO,ST PIERRE DES CORPS,JOURLYNNTE,FRXSH,15:51,FRXVZ
1089,2023-08-13,PARIS (intramuros),NON,8871,11:33,ATLANTIQUE,LE MANS,PARISLOIRE,FRAET,10:36,FRPMO
1090,2023-08-13,NANTES,OUI,8142,11:42,ATLANTIQUE,ANGERS ST LAUD,LOIREPARIS,FRACL,11:05,FRNTE
1091,2023-08-13,CLERMONT FERRAND,OUI,5986,18:40,IC ARO,RIOM CHATEL GUYON,CLERMONTPA,FRRIO,18:31,FRCFE
1092,2023-08-13,RIOM CHATEL GUYON,NON,5986,19:29,IC ARO,MOULINS SUR ALLIER,CLERMONTPA,FRXMU,18:42,FRRIO
1093,2023-08-13,VICHY,NON,5986,19:29,IC ARO,MOULINS SUR ALLIER,CLERMONTPA,FRXMU,19:06,FRVHY
1094,2023-08-13,PARIS (intramuros),OUI,6689,21:00,SUD EST,LYON (intramuros),PARISRHONE,FRLPD,19:00,FRPLY
1095,2023-08-13,LE CREUSOT MONTCEAU MONTCHANIN,OUI,6613,14:10,SUD EST,LYON (intramuros),PARISRHONE,FRLPE,13:13,FRXCC
1096,2023-08-13,AIX EN PROVENCE TGV,NON,6852,20:52,SUD EST,AVIGNON TGV,JCSUDPROV,FRAVG,20:32,FRAIE
1097,2023-08-13,AIX EN PROVENCE TGV,NON,6852,22:14,SUD EST,LYON (intramuros),JCSUDPROV,FRLPD,20:32,FRAIE
1098,2023-08-13,AVIGNON TGV,NON,6852,22:14,SUD EST,LYON (intramuros),JCSUDPROV,FRLPD,20:55,FRAVG
1099,2023-08-13,AVIGNON TGV,NON,6852,21:27,SUD EST,VALENCE TGV RHONE-ALPES SUD,JCSUDPROV,FRVLA,20:55,FRAVG
1100,2023-08-13,CANNES,NON,6852,20:29,SUD EST,AIX EN PROVENCE TGV,JCSUDPROV,FRAIE,17:59,FRJCA
1101,2023-08-13,MARSEILLE ST CHARLES,NON,6852,20:29,SUD EST,AIX EN PROVENCE TGV,JCSUDPROV,FRAIE,20:18,FRMSC
1102,2023-08-13,NICE VILLE,NON,6852,20:52,SUD EST,AVIGNON TGV,JCSUDPROV,FRAVG,17:27,FRNIC
1103,2023-08-13,NICE VILLE,OUI,6852,17:42,SUD EST,ANTIBES,JCSUDPROV,FRXAT,17:27,FRNIC
1104,2023-08-13,NICE VILLE,OUI,6852,18:37,SUD EST,LES ARCS DRAGUIGNAN,JCSUDPROV,FRXRS,17:27,FRNIC
1105,2023-08-13,TOULON,NON,6852,20:04,SUD EST,MARSEILLE ST CHARLES,JCSUDPROV,FRMSC,19:18,FRTLN
1106,2023-08-13,TOULON,NON,6852,21:27,SUD EST,VALENCE TGV RHONE-ALPES SUD,JCSUDPROV,FRVLA,19:18,FRTLN
1107,2023-08-13,ANTIBES,OUI,6852,17:55,SUD EST,CANNES,JCSUDPROV,FRJCA,17:45,FRXAT
1108,2023-08-13,ANTIBES,NON,6852,22:14,SUD EST,LYON (intramuros),JCSUDPROV,FRLPD,17:45,FRXAT
1109,2023-08-13,LES ARCS DRAGUIGNAN,NON,6852,20:04,SUD EST,MARSEILLE ST CHARLES,JCSUDPROV,FRMSC,18:40,FRXRS
1110,2023-08-13,ST RAPHAEL VALESCURE,NON,6852,20:52,SUD EST,AVIGNON TGV,JCSUDPROV,FRAVG,18:24,FRXSK
1111,2023-08-13,ST RAPHAEL VALESCURE,NON,6852,21:27,SUD EST,VALENCE TGV RHONE-ALPES SUD,JCSUDPROV,FRVLA,18:24,FRXSK
1112,2023-08-13,LILLE (intramuros),NON,5240,21:21,NORD,ANGOULEME,JCNORDAQUI,FRANG,17:16,FRADJ
1113,2023-08-13,LILLE (intramuros),NON,5240,22:02,NORD,BORDEAUX ST JEAN,JCNORDAQUI,FRBOJ,17:16,FRADJ
1114,2023-08-13,LILLE (intramuros),OUI,5240,18:10,NORD,AEROPORT CDG2 TGV ROISSY,JCNORDAQUI,FRMLW,17:16,FRADJ
1115,2023-08-13,MASSY TGV,NON,5240,22:02,NORD,BORDEAUX ST JEAN,JCNORDAQUI,FRBOJ,19:09,FRDJU
1116,2023-08-13,MARNE LA VALLEE CHESSY,NON,5240,22:02,NORD,BORDEAUX ST JEAN,JCNORDAQUI,FRBOJ,18:32,FRMLV
1117,2023-08-13,MARNE LA VALLEE CHESSY,NON,5240,20:06,NORD,ST PIERRE DES CORPS,JCNORDAQUI,FRXSH,18:32,FRMLV
1118,2023-08-13,AEROPORT CDG2 TGV ROISSY,NON,5240,22:02,NORD,BORDEAUX ST JEAN,JCNORDAQUI,FRBOJ,18:18,FRMLW
1119,2023-08-13,GENEVE,NON,9764,09:49,INTERNATIONAL,BOURG EN BRESSE,GENEVEPA,FRXBK,08:29,CHGVA
1120,2023-08-13,BELLEGARDE,NON,9764,11:42,INTERNATIONAL,PARIS (intramuros),GENEVEPA,FRPLY,09:00,FRXBF
1121,2023-08-13,STRASBOURG,NON,9571,09:26,INTERNATIONAL,KARLSRUHE HBF,PASTUTMUN,DEQKA,08:46,FRAEG
1122,2023-08-13,PARIS (intramuros),NON,9571,09:26,INTERNATIONAL,KARLSRUHE HBF,PASTUTMUN,DEQKA,06:55,FRPST
1123,2023-08-13,AIX EN PROVENCE TGV,OUI,6112,12:22,SUD EST,PARIS (intramuros),PROVENCEPA,FRPLY,09:18,FRAIE
1124,2023-08-13,MARSEILLE ST CHARLES,OUI,6112,09:15,SUD EST,AIX EN PROVENCE TGV,PROVENCEPA,FRAIE,09:04,FRMSC
1125,2023-08-13,PARIS (intramuros),OUI,7363,11:02,NORD,LENS,PAARRAS,FRXLE,09:52,FRPNO
1126,2023-08-13,PARIS (intramuros),OUI,7295,22:40,NORD,ARRAS,PAARRAS,FRQRV,21:52,FRPNO
1127,2023-08-13,MEUSE TGV,OUI,2595,21:44,EST,NANCY,PANANCY,FRENC,21:09,FREAJ
1128,2023-08-13,THIONVILLE,OUI,2860,08:43,EST,METZ VILLE,LUXMETZPA,FRADE,08:23,FRXTH
1129,2023-08-13,LUXEMBOURG,NON,2860,10:20,EST,PARIS (intramuros),LUXMETZPA,FRPST,07:59,LULUX
1130,2023-08-13,PARIS (intramuros),OUI,6195,20:57,SUD EST,AVIGNON CENTRE,PAVDR,FRAES,17:13,FRPLY
1131,2023-08-13,VALENCE VILLE,OUI,6195,21:18,SUD EST,ARLES,PAVDR,FRHZA,19:49,FRVAF
1132,2023-08-13,BRUXELLES MIDI BRUSSEL ZUID,NON,9830,13:53,NORD,LILLE (intramuros),JCNORDSUD,FRLLE,13:15,BEBMI
1133,2023-08-13,AIX EN PROVENCE TGV,OUI,9830,18:56,NORD,MARSEILLE ST CHARLES,JCNORDSUD,FRMSC,18:40,FRAIE
1134,2023-08-13,LILLE (intramuros),NON,9830,18:13,NORD,AVIGNON TGV,JCNORDSUD,FRAVG,14:03,FRLLE
1135,2023-08-13,LILLE (intramuros),NON,9830,14:53,NORD,AEROPORT CDG2 TGV ROISSY,JCNORDSUD,FRMLW,14:03,FRLLE
1136,2023-08-13,MARNE LA VALLEE CHESSY,NON,9830,18:37,NORD,AIX EN PROVENCE TGV,JCNORDSUD,FRAIE,15:15,FRMLV
1137,2023-08-13,MARNE LA VALLEE CHESSY,NON,9830,17:00,NORD,LYON (intramuros),JCNORDSUD,FRLPD,15:15,FRMLV
1138,2023-08-13,AEROPORT CDG2 TGV ROISSY,NON,9830,18:37,NORD,AIX EN PROVENCE TGV,JCNORDSUD,FRAIE,14:59,FRMLW
1139,2023-08-13,AEROPORT CDG2 TGV ROISSY,NON,9830,18:56,NORD,MARSEILLE ST CHARLES,JCNORDSUD,FRMSC,14:59,FRMLW
1140,2023-08-13,PARIS (intramuros),NON,6743,16:31,SUD EST,DIJON VILLE,PABOUR,FRABA,14:52,FRPLY
1141,2023-08-13,PARIS (intramuros),NON,6743,15:54,SUD EST,MONTBARD,PABOUR,FRGWE,14:52,FRPLY
1142,2023-08-13,SAVERDUN,NON,3972,06:08,IC NUIT,LES AUBRAIS ORLEANS,PALOMBEPAR,FRLAB,21:34,FRFPU
1143,2023-08-13,AUTERIVE,NON,3972,06:08,IC NUIT,LES AUBRAIS ORLEANS,PALOMBEPAR,FRLAB,21:46,FRFPW
1144,2023-08-13,ANDORRE - L'HOSPITALET,NON,3972,07:19,IC NUIT,PARIS (intramuros),PALOMBEPAR,FRPAZ,19:42,FRFQG
1145,2023-08-13,MERENS LES VALS,NON,3972,06:08,IC NUIT,LES AUBRAIS ORLEANS,PALOMBEPAR,FRLAB,19:59,FRFQH
1146,2023-08-13,LATOUR DE CAROL ENVEITG,NON,3972,07:19,IC NUIT,PARIS (intramuros),PALOMBEPAR,FRPAZ,19:15,FRXTE
1147,2023-08-13,BORDEAUX ST JEAN,OUI,8432,08:16,ATLANTIQUE,POITIERS,SUDOUESTPA,FRPIS,06:58,FRBOJ
1148,2023-08-13,DOLE VILLE,OUI,9279,14:42,INTERNATIONAL,FRASNE,PASUIS,FRFRA,14:00,FRACE
1149,2023-08-13,LORIENT,OUI,8794,20:44,ATLANTIQUE,AURAY,BRETAPARIS,FRXUY,20:28,FRLRT
1150,2023-08-13,AURAY,OUI,8794,20:57,ATLANTIQUE,VANNES,BRETAPARIS,FRVNE,20:47,FRXUY
1151,2023-08-13,NANTES,OUI,8128,19:13,ATLANTIQUE,ANCENIS,LOIREPARIS,FREFN,18:54,FRNTE
1152,2023-08-13,NIORT,OUI,8364,19:37,ATLANTIQUE,PARIS (intramuros),ROCHELLEPA,FRPMO,17:43,FRNIT
1153,2023-08-13,LAVAL,OUI,5280,13:49,NORD,MASSY TGV,JCBRETNORD,FRDJU,12:28,FRACR
1154,2023-08-13,LE MANS,OUI,5280,13:49,NORD,MASSY TGV,JCBRETNORD,FRDJU,13:00,FRAET
1155,2023-08-13,LE MANS,OUI,5280,14:27,NORD,MARNE LA VALLEE CHESSY,JCBRETNORD,FRMLV,13:00,FRAET
1156,2023-08-13,LE MANS,OUI,5280,14:41,NORD,AEROPORT CDG2 TGV ROISSY,JCBRETNORD,FRMLW,13:00,FRAET
1157,2023-08-13,MARNE LA VALLEE CHESSY,OUI,5280,15:49,NORD,LILLE (intramuros),JCBRETNORD,FRLLE,14:31,FRMLV
1158,2023-08-13,CHATEAUROUX,OUI,3685,21:56,IC ARO,ARGENTON SUR CREUSE,PALITO,FRFMT,21:41,FRCHR
1159,2023-08-13,PARIS (intramuros),OUI,3685,21:39,IC ARO,CHATEAUROUX,PALITO,FRCHR,19:39,FRPAZ
1160,2023-08-13,VIERZON VILLE,OUI,3685,21:56,IC ARO,ARGENTON SUR CREUSE,PALITO,FRFMT,21:10,FRXVZ
1161,2023-08-13,PARIS (intramuros),OUI,7571,14:40,NORD,ARRAS,PAARRAS,FRQRV,13:52,FRPNO
1162,2023-08-13,LAUSANNE,NON,9268,14:24,INTERNATIONAL,DIJON VILLE,SUISPA,FRABA,12:23,CHAJF
1163,2023-08-13,LAUSANNE,NON,9268,13:57,INTERNATIONAL,DOLE VILLE,SUISPA,FRACE,12:23,CHAJF
1164,2023-08-13,FRASNE,OUI,9268,13:57,INTERNATIONAL,DOLE VILLE,SUISPA,FRACE,13:15,FRFRA
1165,2023-08-13,FRASNE,OUI,9268,16:04,INTERNATIONAL,PARIS (intramuros),SUISPA,FRPLY,13:15,FRFRA
1166,2023-08-13,ANGERS ST LAUD,NON,4406,15:51,IC SRO,SAUMUR,JOURNTELYN,FRACN,15:28,FRACL
1167,2023-08-13,ANGERS ST LAUD,NON,4406,21:30,IC SRO,LYON (intramuros),JOURNTELYN,FRLPE,15:28,FRACL
1168,2023-08-13,ANGERS ST LAUD,NON,4406,19:12,IC SRO,MOULINS SUR ALLIER,JOURNTELYN,FRXMU,15:28,FRACL
1169,2023-08-13,ANGERS ST LAUD,NON,4406,16:31,IC SRO,ST PIERRE DES CORPS,JOURNTELYN,FRXSH,15:28,FRACL
1170,2023-08-13,SAUMUR,NON,4406,20:13,IC SRO,ROANNE,JOURNTELYN,FRRNE,15:53,FRACN
1171,2023-08-13,BOURGES,NON,4406,20:13,IC SRO,ROANNE,JOURNTELYN,FRRNE,17:59,FRBOU
1172,2023-08-13,NANTES,NON,4406,15:26,IC SRO,ANGERS ST LAUD,JOURNTELYN,FRACL,14:47,FRNTE
1173,2023-08-13,NANTES,NON,4406,15:51,IC SRO,SAUMUR,JOURNTELYN,FRACN,14:47,FRNTE
1174,2023-08-13,NANTES,NON,4406,17:57,IC SRO,BOURGES,JOURNTELYN,FRBOU,14:47,FRNTE
1175,2023-08-13,NANTES,NON,4406,16:31,IC SRO,ST PIERRE DES CORPS,JOURNTELYN,FRXSH,14:47,FRNTE
1176,2023-08-13,NEVERS,NON,4406,21:18,IC SRO,LYON (intramuros),JOURNTELYN,FRLPD,18:45,FRNVS
1177,2023-08-13,ROANNE,NON,4406,21:30,IC SRO,LYON (intramuros),JOURNTELYN,FRLPE,20:15,FRRNE
1178,2023-08-13,MOULINS SUR ALLIER,NON,4406,21:18,IC SRO,LYON (intramuros),JOURNTELYN,FRLPD,19:14,FRXMU
1179,2023-08-13,VIERZON VILLE,NON,4406,19:12,IC SRO,MOULINS SUR ALLIER,JOURNTELYN,FRXMU,17:40,FRXVZ
1180,2023-08-13,PARIS (intramuros),OUI,2785,20:32,EST,CHALONS EN CHAMPAGNE,PABARSED,FRXCR,19:28,FRPST
1181,2023-08-13,CHALONS EN CHAMPAGNE,OUI,2785,20:52,EST,VITRY LE FRANCOIS GARE,PABARSED,FRBFO,20:35,FRXCR
1182,2023-08-13,CARCASSONNE,NON,4760,16:25,IC ARO,AGEN,TJOURSESO,FRAGF,14:34,FRCCF
1183,2023-08-13,NIMES,NON,4760,16:25,IC ARO,AGEN,TJOURSESO,FRAGF,12:39,FRFNI
1184,2023-08-13,NIMES,NON,4760,17:33,IC ARO,BORDEAUX ST JEAN,TJOURSESO,FRBOJ,12:39,FRFNI
1185,2023-08-13,NIMES,OUI,4760,13:03,IC ARO,MONTPELLIER SAINT-ROCH,TJOURSESO,FRMPL,12:39,FRFNI
1186,2023-08-13,NIMES,NON,4760,15:16,IC ARO,TOULOUSE MATABIAU,TJOURSESO,FRXYT,12:39,FRFNI
1187,2023-08-13,ARLES,NON,4760,13:03,IC ARO,MONTPELLIER SAINT-ROCH,TJOURSESO,FRMPL,12:09,FRHZA
1188,2023-08-13,ARLES,NON,4760,15:16,IC ARO,TOULOUSE MATABIAU,TJOURSESO,FRXYT,12:09,FRHZA
1189,2023-08-13,MARSEILLE ST CHARLES,NON,4760,16:25,IC ARO,AGEN,TJOURSESO,FRAGF,11:24,FRMSC
1190,2023-08-13,MARSEILLE ST CHARLES,NON,4760,12:07,IC ARO,ARLES,TJOURSESO,FRHZA,11:24,FRMSC
1191,2023-08-13,MARSEILLE ST CHARLES,NON,4760,13:03,IC ARO,MONTPELLIER SAINT-ROCH,TJOURSESO,FRMPL,11:24,FRMSC
1192,2023-08-13,MARSEILLE ST CHARLES,NON,4760,14:01,IC ARO,NARBONNE,TJOURSESO,FRXNA,11:24,FRMSC
1193,2023-08-13,MARSEILLE ST CHARLES,NON,4760,13:22,IC ARO,SETE,TJOURSESO,FRXSY,11:24,FRMSC
1194,2023-08-13,NARBONNE,NON,4760,17:33,IC ARO,BORDEAUX ST JEAN,TJOURSESO,FRBOJ,14:04,FRXNA
1195,2023-08-13,SETE,NON,4760,16:25,IC ARO,AGEN,TJOURSESO,FRAGF,13:24,FRXSY
1196,2023-08-13,TOURS,OUI,8324,21:43,ATLANTIQUE,VENDOME VILLIERS SUR LOIR,ROCHELLEPA,FRESL,21:16,FRAFW
1197,2023-08-13,TOURS,OUI,8324,21:21,ATLANTIQUE,ST PIERRE DES CORPS,ROCHELLEPA,FRXSH,21:16,FRAFW
1198,2023-08-13,ANGERS ST LAUD,OUI,8926,20:29,ATLANTIQUE,PARIS (intramuros),LOIREPARIS,FRPMO,18:44,FRACL
1199,2023-08-13,LE CROISIC,OUI,8926,19:28,ATLANTIQUE,LE MANS,LOIREPARIS,FRAET,16:55,FREGU
1200,2023-08-13,LE CROISIC,OUI,8926,20:29,ATLANTIQUE,PARIS (intramuros),LOIREPARIS,FRPMO,16:55,FREGU
1201,2023-08-13,LA BAULE ESCOUBLAC,OUI,8926,19:28,ATLANTIQUE,LE MANS,LOIREPARIS,FRAET,17:07,FRJEE
1202,2023-08-13,LA BAULE ESCOUBLAC,OUI,8926,20:29,ATLANTIQUE,PARIS (intramuros),LOIREPARIS,FRPMO,17:07,FRJEE
1203,2023-08-13,SABLE SUR SARTHE,OUI,8926,19:28,ATLANTIQUE,LE MANS,LOIREPARIS,FRAET,19:07,FRSAB
1204,2023-08-13,SABLE SUR SARTHE,OUI,8926,20:29,ATLANTIQUE,PARIS (intramuros),LOIREPARIS,FRPMO,19:07,FRSAB
1205,2023-08-13,ST NAZAIRE,OUI,8926,18:41,ATLANTIQUE,ANGERS ST LAUD,LOIREPARIS,FRACL,17:24,FRSNR
1206,2023-08-13,LA BAULE ESCOUBLAC,OUI,8926,19:04,ATLANTIQUE,SABLE SUR SARTHE,LOIREPARIS,FRSAB,17:07,FRJEE
1207,2023-08-13,PARIS (intramuros),NON,8623,15:57,ATLANTIQUE,LAVAL,PARISBRETA,FRACR,14:41,FRPMO
1208,2023-08-13,PARIS (intramuros),NON,8623,18:37,ATLANTIQUE,BREST,PARISBRETA,FRBES,14:41,FRPMO
1209,2023-08-13,RENNES,NON,8623,17:16,ATLANTIQUE,ST BRIEUC,PARISBRETA,FRSBK,16:32,FRRNS
1210,2023-08-13,ST BRIEUC,NON,8623,17:33,ATLANTIQUE,GUINGAMP,PARISBRETA,FRGGP,17:19,FRSBK
1211,2023-08-13,ST BRIEUC,NON,8623,18:02,ATLANTIQUE,MORLAIX,PARISBRETA,FRMXN,17:19,FRSBK
1212,2023-08-13,CREST,OUI,5790,07:54,IC NUIT,PARIS (intramuros),BRIANCONPA,FRPAZ,23:49,FRCRE
1213,2023-08-13,CHORGES,OUI,5790,07:54,IC NUIT,PARIS (intramuros),BRIANCONPA,FRPAZ,21:15,FRIGS
1214,2023-08-13,MONTDAUPHIN GUILLESTRE,OUI,5790,07:54,IC NUIT,PARIS (intramuros),BRIANCONPA,FRPAZ,20:33,FRIGZ
1215,2023-08-13,POITIERS,OUI,8495,22:34,ATLANTIQUE,ANGOULEME,PASUDOUEST,FRANG,21:54,FRPIS
1216,2023-08-13,POITIERS,OUI,8495,23:43,ATLANTIQUE,BORDEAUX ST JEAN,PASUDOUEST,FRBOJ,21:54,FRPIS
1217,2023-08-13,ANGOULEME,NON,2092,11:20,EST,MASSY TGV,JCATLEST,FRDJU,09:07,FRANG
1218,2023-08-13,ANGOULEME,NON,2092,13:49,EST,LORRAINE TGV,JCATLEST,FREAM,09:07,FRANG
1219,2023-08-13,ANGOULEME,NON,2092,12:11,EST,AEROPORT CDG2 TGV ROISSY,JCATLEST,FRMLW,09:07,FRANG
1220,2023-08-13,ANGOULEME,OUI,2092,09:45,EST,POITIERS,JCATLEST,FRPIS,09:07,FRANG
1221,2023-08-13,CHAMPAGNE-ARDENNE,NON,2092,14:29,EST,STRASBOURG,JCATLEST,FRAEG,12:58,FREAH
1222,2023-08-13,MARNE LA VALLEE CHESSY,OUI,2092,12:11,EST,AEROPORT CDG2 TGV ROISSY,JCATLEST,FRMLW,12:01,FRMLV
1223,2023-08-13,AEROPORT CDG2 TGV ROISSY,NON,2092,14:29,EST,STRASBOURG,JCATLEST,FRAEG,12:26,FRMLW
1224,2023-08-13,AEROPORT CDG2 TGV ROISSY,NON,2092,12:55,EST,CHAMPAGNE-ARDENNE,JCATLEST,FREAH,12:26,FRMLW
1225,2023-08-13,AEROPORT CDG2 TGV ROISSY,NON,2092,13:49,EST,LORRAINE TGV,JCATLEST,FREAM,12:26,FRMLW
1226,2023-08-13,POITIERS,NON,2092,11:20,EST,MASSY TGV,JCATLEST,FRDJU,09:48,FRPIS
1227,2023-08-13,ST PIERRE DES CORPS,NON,2092,12:11,EST,AEROPORT CDG2 TGV ROISSY,JCATLEST,FRMLW,10:26,FRXSH
1228,2023-08-13,ANGERS ST LAUD,OUI,5358,23:09,SUD EST,NANTES,JCSUDATL,FRNTE,22:32,FRACL
1229,2023-08-13,VALENCE TGV RHONE-ALPES SUD,NON,5358,18:20,SUD EST,LYON (intramuros),JCSUDATL,FRLPD,17:42,FRVLA
1230,2023-08-13,ST PIERRE DES CORPS,OUI,5358,23:09,SUD EST,NANTES,JCSUDATL,FRNTE,21:35,FRXSH
1231,2023-08-13,MONTPELLIER SUD DE FRANCE,NON,5358,20:34,SUD EST,MASSY TGV,JCSUDATL,FRDJU,16:40,FRSUF
1232,2023-08-13,NIMES PONT DU GARD,OUI,5358,17:37,SUD EST,VALENCE TGV RHONE-ALPES SUD,JCSUDATL,FRVLA,17:01,FRXZP
1233,2023-08-13,NIMES PONT DU GARD,NON,5358,22:05,SUD EST,SAUMUR,JCSUDATL,FRACN,17:01,FRXZP
1234,2023-08-13,STRASBOURG,NON,5486,09:55,EST,MARNE LA VALLEE CHESSY,JCESTATL,FRMLV,07:31,FRAEG
1235,2023-08-13,CHAMPAGNE-ARDENNE,NON,5486,09:55,EST,MARNE LA VALLEE CHESSY,JCESTATL,FRMLV,08:58,FREAH
1236,2023-08-13,CHAMPAGNE-ARDENNE,NON,5486,09:28,EST,AEROPORT CDG2 TGV ROISSY,JCESTATL,FRMLW,08:58,FREAH
1237,2023-08-13,AEROPORT CDG2 TGV ROISSY,NON,5486,09:55,EST,MARNE LA VALLEE CHESSY,JCESTATL,FRMLV,09:45,FRMLW
1238,2023-08-13,ST PIERRE DES CORPS,OUI,5486,12:36,EST,ANGERS ST LAUD,JCESTATL,FRACL,11:40,FRXSH
1239,2023-08-13,ST PIERRE DES CORPS,OUI,5486,13:19,EST,NANTES,JCESTATL,FRNTE,11:40,FRXSH
1240,2023-08-13,CLERMONT FERRAND,OUI,5982,18:04,IC ARO,VICHY,CLERMONTPA,FRVHY,17:31,FRCFE
1241,2023-08-13,RIOM CHATEL GUYON,OUI,5982,20:57,IC ARO,PARIS (intramuros),CLERMONTPA,FRPBE,17:42,FRRIO
1242,2023-08-13,MOULINS SUR ALLIER,OUI,5982,18:58,IC ARO,NEVERS,CLERMONTPA,FRNVS,18:31,FRXMU
1243,2023-08-13,SAUMUR,NON,4402,13:22,IC SRO,LYON (intramuros),JOURNTELYN,FRLPE,07:32,FRACN
1244,2023-08-13,SAUMUR,NON,4402,09:15,IC SRO,VIERZON VILLE,JOURNTELYN,FRXVZ,07:32,FRACN
1245,2023-08-13,BOURGES,NON,4402,13:22,IC SRO,LYON (intramuros),JOURNTELYN,FRLPE,09:46,FRBOU
1246,2023-08-13,BOURGES,NON,4402,10:23,IC SRO,NEVERS,JOURNTELYN,FRNVS,09:46,FRBOU
1247,2023-08-13,NANTES,NON,4402,13:22,IC SRO,LYON (intramuros),JOURNTELYN,FRLPE,06:26,FRNTE
1248,2023-08-13,NANTES,NON,4402,11:26,IC SRO,ST GERMAIN DES FOSSES,JOURNTELYN,FRSGF,06:26,FRNTE
1249,2023-08-13,NEVERS,NON,4402,13:10,IC SRO,LYON (intramuros),JOURNTELYN,FRLPD,10:37,FRNVS
1250,2023-08-13,ROANNE,NON,4402,13:22,IC SRO,LYON (intramuros),JOURNTELYN,FRLPE,12:08,FRRNE
1251,2023-08-13,MOULINS SUR ALLIER,NON,4402,12:05,IC SRO,ROANNE,JOURNTELYN,FRRNE,11:07,FRXMU
1252,2023-08-13,VIERZON VILLE,NON,4402,10:23,IC SRO,NEVERS,JOURNTELYN,FRNVS,09:19,FRXVZ
1253,2023-08-13,VIERZON VILLE,NON,4402,12:05,IC SRO,ROANNE,JOURNTELYN,FRRNE,09:19,FRXVZ
1254,2023-08-13,VIERZON VILLE,NON,4402,11:26,IC SRO,ST GERMAIN DES FOSSES,JOURNTELYN,FRSGF,09:19,FRXVZ
1255,2023-08-13,LYON (intramuros),OUI,6610,08:58,SUD EST,LYON (intramuros),RHONEPARIS,FRLPD,08:50,FRLPE
1256,2023-08-13,AIX EN PROVENCE TGV,NON,6805,12:26,SUD EST,CANNES,JCPROVSUD,FRJCA,09:51,FRAIE
1257,2023-08-13,AIX EN PROVENCE TGV,NON,6805,10:03,SUD EST,MARSEILLE ST CHARLES,JCPROVSUD,FRMSC,09:51,FRAIE
1258,2023-08-13,AIX EN PROVENCE TGV,NON,6805,12:39,SUD EST,ANTIBES,JCPROVSUD,FRXAT,09:51,FRAIE
1259,2023-08-13,AVIGNON TGV,NON,6805,09:48,SUD EST,AIX EN PROVENCE TGV,JCPROVSUD,FRAIE,09:29,FRAVG
1260,2023-08-13,CANNES,OUI,6805,12:58,SUD EST,NICE VILLE,JCPROVSUD,FRNIC,12:31,FRJCA
1261,2023-08-13,LYON (intramuros),NON,6805,12:58,SUD EST,NICE VILLE,JCPROVSUD,FRNIC,08:06,FRLPD
1262,2023-08-13,LYON (intramuros),NON,6805,12:02,SUD EST,ST RAPHAEL VALESCURE,JCPROVSUD,FRXSK,08:06,FRLPD
1263,2023-08-13,MARSEILLE ST CHARLES,NON,6805,12:58,SUD EST,NICE VILLE,JCPROVSUD,FRNIC,10:20,FRMSC
1264,2023-08-13,MARSEILLE ST CHARLES,NON,6805,11:06,SUD EST,TOULON,JCPROVSUD,FRTLN,10:20,FRMSC
1265,2023-08-13,TOULON,OUI,6805,12:58,SUD EST,NICE VILLE,JCPROVSUD,FRNIC,11:11,FRTLN
1266,2023-08-13,TOULON,OUI,6805,12:39,SUD EST,ANTIBES,JCPROVSUD,FRXAT,11:11,FRTLN
1267,2023-08-13,VALENCE TGV RHONE-ALPES SUD,NON,6805,09:26,SUD EST,AVIGNON TGV,JCPROVSUD,FRAVG,08:53,FRVLA
1268,2023-08-13,VALENCE TGV RHONE-ALPES SUD,NON,6805,11:06,SUD EST,TOULON,JCPROVSUD,FRTLN,08:53,FRVLA
1269,2023-08-13,VALENCE TGV RHONE-ALPES SUD,NON,6805,12:02,SUD EST,ST RAPHAEL VALESCURE,JCPROVSUD,FRXSK,08:53,FRVLA
1270,2023-08-13,PARIS (intramuros),OUI,6621,17:08,SUD EST,LE CREUSOT MONTCEAU MONTCHANIN,PARISRHONE,FRXCC,15:52,FRPLY
1271,2023-08-13,LE CREUSOT MONTCEAU MONTCHANIN,OUI,6621,18:03,SUD EST,LYON (intramuros),PARISRHONE,FRLPD,17:11,FRXCC
1272,2023-08-13,LAUSANNE,NON,9784,23:42,INTERNATIONAL,PARIS (intramuros),GENEVEPA,FRPLY,19:45,CHAJF
1273,2023-08-13,PERPIGNAN,NON,9706,18:40,SUD EST,NARBONNE,BARCELONEPA,FRXNA,18:04,FRPGF
1274,2023-08-13,SETE,NON,9706,20:51,SUD EST,VALENCE TGV RHONE-ALPES SUD,BARCELONEPA,FRVLA,19:30,FRXSY
1275,2023-08-13,SETE,NON,9706,19:47,SUD EST,MONTPELLIER SUD DE FRANCE,BARCELONEPA,FRSUF,19:30,FRXSY
1276,2023-08-13,FIGUERES VILA TGV,NON,9706,17:32,SUD EST,PERPIGNAN,BARCELONEPA,FRPGF,17:08,ESFIR
1277,2023-08-13,NARBONNE,NON,9706,20:10,SUD EST,NIMES PONT DU GARD,BARCELONEPA,FRXZP,18:43,FRXNA
1278,2023-08-13,BARCELONA SANTS,NON,9706,17:32,SUD EST,PERPIGNAN,BARCELONEPA,FRPGF,16:10,ESBST
1279,2023-08-13,FIGUERES VILA TGV,NON,9706,23:05,SUD EST,PARIS (intramuros),BARCELONEPA,FRPLY,17:08,ESFIR
1280,2023-08-13,BARCELONA SANTS,NON,9706,20:51,SUD EST,VALENCE TGV RHONE-ALPES SUD,BARCELONEPA,FRVLA,16:10,ESBST
1281,2023-08-13,GIRONA,NON,9706,18:40,SUD EST,NARBONNE,BARCELONEPA,FRXNA,16:51,ESGRO
1282,2023-08-13,FIGUERES VILA TGV,NON,9706,19:27,SUD EST,SETE,BARCELONEPA,FRXSY,17:08,ESFIR
1283,2023-08-13,ANNEMASSE,NON,6506,21:22,SUD EST,PARIS (intramuros),ALPESPARIS,FRPLY,17:34,FRQNJ
1284,2023-08-13,EVIAN LES BAINS,OUI,6506,17:27,SUD EST,ANNEMASSE,ALPESPARIS,FRQNJ,16:45,FRXEB
1285,2023-08-13,THONON LES BAINS,NON,6506,21:22,SUD EST,PARIS (intramuros),ALPESPARIS,FRPLY,16:58,FRXTS
1286,2023-08-13,LE MANS,NON,5460,17:48,EST,MASSY TGV,JCATLEST,FRDJU,16:57,FRAET
1287,2023-08-13,MEUSE TGV,OUI,5460,20:25,EST,LORRAINE TGV,JCATLEST,FREAM,20:07,FREAJ
1288,2023-08-13,MARNE LA VALLEE CHESSY,NON,5460,20:25,EST,LORRAINE TGV,JCATLEST,FREAM,18:28,FRMLV
1289,2023-08-13,RENNES,NON,5460,18:23,EST,MARNE LA VALLEE CHESSY,JCATLEST,FRMLV,16:03,FRRNS
1290,2023-08-13,ANGERS ST LAUD,NON,8972,13:25,ATLANTIQUE,PARIS (intramuros),LOIREPARIS,FRPMO,11:45,FRACL
1291,2023-08-13,LES SABLES D'OLONNE,OUI,8972,10:08,ATLANTIQUE,LA ROCHE SUR YON,LOIREPARIS,FRXRO,09:44,FRLSO
1292,2023-08-13,PARIS (intramuros),NON,6685,15:48,SUD EST,ST ETIENNE CHATEAUCREUX,PARISRHONE,FRHHD,12:52,FRPLY
1293,2023-08-13,ORTHEZ,NON,14140,08:08,IC SRO,PAU,SUDOUEST,FRAEE,07:47,FRGFI
1294,2023-08-13,ORTHEZ,NON,14140,08:52,IC SRO,TARBES,SUDOUEST,FRXTB,07:47,FRGFI
1295,2023-08-13,LOURDES,NON,14140,09:34,IC SRO,ST GAUDENS,SUDOUEST,FRFPH,08:39,FRLDE
1296,2023-08-13,BAYONNE,NON,14140,08:08,IC SRO,PAU,SUDOUEST,FRAEE,07:00,FRXBY
1297,2023-08-13,DIJON VILLE,NON,2203,12:55,EST,MONTPELLIER SAINT-ROCH,JCRHINRHON,FRMPL,09:21,FRABA
1298,2023-08-13,STRASBOURG,OUI,2203,08:14,EST,BELFORT-MONTBELIARD TGV,JCRHINRHON,FRTJA,06:47,FRAEG
1299,2023-08-13,COLMAR,OUI,2203,09:11,EST,DIJON VILLE,JCRHINRHON,FRABA,07:16,FRAEJ
1300,2023-08-13,COLMAR,NON,2203,10:56,EST,LYON (intramuros),JCRHINRHON,FRLPD,07:16,FRAEJ
1301,2023-08-13,COLMAR,OUI,2203,08:38,EST,BESANCON - F COMTE TGV,JCRHINRHON,FRTJB,07:16,FRAEJ
1302,2023-08-13,COLMAR,NON,2203,09:54,EST,CHALON SUR SAONE,JCRHINRHON,FRXCD,07:16,FRAEJ
1303,2023-08-13,MULHOUSE VILLE,OUI,2203,08:14,EST,BELFORT-MONTBELIARD TGV,JCRHINRHON,FRTJA,07:52,FRAEK
1304,2023-08-13,NIMES,OUI,2203,12:55,EST,MONTPELLIER SAINT-ROCH,JCRHINRHON,FRMPL,12:27,FRFNI
1305,2023-08-13,LYON (intramuros),NON,2203,12:24,EST,NIMES,JCRHINRHON,FRFNI,11:02,FRLPD
1306,2023-08-13,BELFORT-MONTBELIARD TGV,OUI,2203,08:38,EST,BESANCON - F COMTE TGV,JCRHINRHON,FRTJB,08:17,FRTJA
1307,2023-08-13,BESANCON - F COMTE TGV,OUI,2203,09:11,EST,DIJON VILLE,JCRHINRHON,FRABA,08:41,FRTJB
1308,2023-08-13,BESANCON - F COMTE TGV,NON,2203,10:56,EST,LYON (intramuros),JCRHINRHON,FRLPD,08:41,FRTJB
1309,2023-08-13,BESANCON - F COMTE TGV,NON,2203,09:54,EST,CHALON SUR SAONE,JCRHINRHON,FRXCD,08:41,FRTJB
1310,2023-08-13,LYON (intramuros),OUI,5192,19:14,NORD,DOUAI,JCSUDNORD,FRXDN,16:00,FRLPD
1311,2023-08-13,LYON (intramuros),OUI,5192,17:47,NORD,MARNE LA VALLEE CHESSY,JCSUDNORD,FRMLV,15:46,FRLPE
1312,2023-08-13,MARNE LA VALLEE CHESSY,OUI,5192,19:44,NORD,LILLE (intramuros),JCSUDNORD,FRADJ,17:51,FRMLV
1313,2023-08-13,MARNE LA VALLEE CHESSY,OUI,5192,18:34,NORD,TGV HAUTE PICARDIE,JCSUDNORD,FRTHP,17:51,FRMLV
1314,2023-08-13,MARNE LA VALLEE CHESSY,OUI,5192,19:14,NORD,DOUAI,JCSUDNORD,FRXDN,17:51,FRMLV
1315,2023-08-13,AEROPORT CDG2 TGV ROISSY,OUI,5192,18:34,NORD,TGV HAUTE PICARDIE,JCSUDNORD,FRTHP,18:07,FRMLW
1316,2023-08-13,ARRAS,OUI,5192,19:14,NORD,DOUAI,JCSUDNORD,FRXDN,18:59,FRQRV
1317,2023-08-13,TGV HAUTE PICARDIE,OUI,5192,18:56,NORD,ARRAS,JCSUDNORD,FRQRV,18:39,FRTHP
1318,2023-08-13,DOUAI,OUI,5192,19:44,NORD,LILLE (intramuros),JCSUDNORD,FRADJ,19:19,FRXDN
1319,2023-08-13,CHAMPAGNE-ARDENNE,OUI,2571,14:48,EST,EPINAL,PANANCY,FREPL,13:06,FREAH
1320,2023-08-13,LAVAL,NON,8641,21:38,ATLANTIQUE,GUINGAMP,PARISBRETA,FRGGP,19:58,FRACR
1321,2023-08-13,LAVAL,NON,8641,21:08,ATLANTIQUE,LAMBALLE,PARISBRETA,FRLAM,19:58,FRACR
1322,2023-08-13,LAVAL,NON,8641,22:11,ATLANTIQUE,MORLAIX,PARISBRETA,FRMXN,19:58,FRACR
1323,2023-08-13,LAVAL,NON,8641,20:25,ATLANTIQUE,RENNES,PARISBRETA,FRRNS,19:58,FRACR
1324,2023-08-13,LAMBALLE,OUI,8641,21:53,ATLANTIQUE,PLOUARET TREGOR,PARISBRETA,FRPLT,21:11,FRLAM
1325,2023-08-13,PLOUARET TREGOR,OUI,8641,22:51,ATLANTIQUE,BREST,PARISBRETA,FRBES,21:55,FRPLT
1326,2023-08-13,PLOUARET TREGOR,OUI,8641,22:36,ATLANTIQUE,LANDERNEAU,PARISBRETA,FRXLD,21:55,FRPLT
1327,2023-08-13,RENNES,NON,8641,21:38,ATLANTIQUE,GUINGAMP,PARISBRETA,FRGGP,20:32,FRRNS
1328,2023-08-13,ST BRIEUC,OUI,8641,21:53,ATLANTIQUE,PLOUARET TREGOR,PARISBRETA,FRPLT,21:24,FRSBK
1329,2023-08-13,COLMAR,NON,2352,10:05,EST,PARIS (intramuros),MULHSTRAPA,FRPST,07:37,FRAEJ
1330,2023-08-13,BEZIERS,OUI,6825,21:34,SUD EST,CARCASSONNE,JCPROVSUD,FRCCF,20:51,FRBZR
1331,2023-08-13,BEZIERS,OUI,6825,21:04,SUD EST,NARBONNE,JCPROVSUD,FRXNA,20:51,FRBZR
1332,2023-08-13,NIMES,NON,6825,21:04,SUD EST,NARBONNE,JCPROVSUD,FRXNA,19:40,FRFNI
1333,2023-08-13,LYON (intramuros),NON,6825,21:34,SUD EST,CARCASSONNE,JCPROVSUD,FRCCF,18:09,FRLPD
1334,2023-08-13,MONTPELLIER SAINT-ROCH,NON,6825,21:34,SUD EST,CARCASSONNE,JCPROVSUD,FRCCF,20:10,FRMPL
1335,2023-08-13,NARBONNE,OUI,6825,21:34,SUD EST,CARCASSONNE,JCPROVSUD,FRCCF,21:07,FRXNA
1336,2023-08-13,SETE,OUI,6825,22:19,SUD EST,TOULOUSE MATABIAU,JCPROVSUD,FRXYT,20:26,FRXSY
1337,2023-08-13,PAU,NON,14157,21:22,IC SRO,BIARRITZ,SUDOUEST,FRBIQ,19:52,FRAEE
1338,2023-08-13,PAU,NON,14157,20:13,IC SRO,ORTHEZ,SUDOUEST,FRGFI,19:52,FRAEE
1339,2023-08-13,PAU,NON,14157,21:04,IC SRO,BAYONNE,SUDOUEST,FRXBY,19:52,FRAEE
1340,2023-08-13,PAU,NON,14157,21:36,IC SRO,ST JEAN DE LUZ CIBOURE,SUDOUEST,FRXJZ,19:52,FRAEE
1341,2023-08-13,ORTHEZ,NON,14157,21:49,IC SRO,HENDAYE,SUDOUEST,FRAEF,20:15,FRGFI
1342,2023-08-13,LOURDES,NON,14157,21:22,IC SRO,BIARRITZ,SUDOUEST,FRBIQ,19:24,FRLDE
1343,2023-08-13,LANNEMEZAN,NON,14157,21:04,IC SRO,BAYONNE,SUDOUEST,FRXBY,18:42,FRLNZ
1344,2023-08-13,TARBES,NON,14157,21:49,IC SRO,HENDAYE,SUDOUEST,FRAEF,19:08,FRXTB
1345,2023-08-13,TARBES,NON,14157,21:36,IC SRO,ST JEAN DE LUZ CIBOURE,SUDOUEST,FRXJZ,19:08,FRXTB
1346,2023-08-13,TOULOUSE MATABIAU,NON,14157,21:49,IC SRO,HENDAYE,SUDOUEST,FRAEF,17:32,FRXYT
1347,2023-08-13,LANNEMEZAN,NON,14157,21:22,IC SRO,BIARRITZ,SUDOUEST,FRBIQ,18:42,FRLNZ
1348,2023-08-13,ANGERS ST LAUD,OUI,5320,19:19,SUD EST,MASSY TGV,JCATLSUD,FRDJU,17:44,FRACL
1349,2023-08-13,NIMES,OUI,6227,23:25,SUD EST,MONTPELLIER SAINT-ROCH,PALANG,FRMPL,23:00,FRFNI
1350,2023-08-13,PARIS (intramuros),OUI,6227,22:56,SUD EST,NIMES,PALANG,FRFNI,19:52,FRPLY
1351,2023-08-13,LYON (intramuros),OUI,5092,17:47,NORD,MARNE LA VALLEE CHESSY,JCSUDNORD,FRMLV,16:00,FRLPD
1352,2023-08-13,LYON (intramuros),OUI,5092,19:14,NORD,DOUAI,JCSUDNORD,FRXDN,16:00,FRLPD
1353,2023-08-13,LYON (intramuros),OUI,5092,18:01,NORD,AEROPORT CDG2 TGV ROISSY,JCSUDNORD,FRMLW,15:46,FRLPE
1354,2023-08-13,LYON (intramuros),OUI,5092,18:56,NORD,ARRAS,JCSUDNORD,FRQRV,15:46,FRLPE
1355,2023-08-13,MARNE LA VALLEE CHESSY,OUI,5092,18:56,NORD,ARRAS,JCSUDNORD,FRQRV,17:51,FRMLV
1356,2023-08-13,AEROPORT CDG2 TGV ROISSY,OUI,5092,19:44,NORD,LILLE (intramuros),JCSUDNORD,FRADJ,18:07,FRMLW
1357,2023-08-13,ARRAS,OUI,5092,19:14,NORD,DOUAI,JCSUDNORD,FRXDN,18:59,FRQRV
1358,2023-08-13,TGV HAUTE PICARDIE,OUI,5092,19:44,NORD,LILLE (intramuros),JCSUDNORD,FRADJ,18:39,FRTHP
1359,2023-08-13,TGV HAUTE PICARDIE,OUI,5092,19:14,NORD,DOUAI,JCSUDNORD,FRXDN,18:39,FRTHP
1360,2023-08-13,LYON (intramuros),OUI,5092,19:14,NORD,DOUAI,JCSUDNORD,FRXDN,15:46,FRLPE
1361,2023-08-13,BRUXELLES MIDI BRUSSEL ZUID,NON,9810,11:52,NORD,AVIGNON TGV,JCNORDSUD,FRAVG,06:25,BEBMI
1362,2023-08-13,BRUXELLES MIDI BRUSSEL ZUID,NON,9810,10:29,NORD,LYON (intramuros),JCNORDSUD,FRLPD,06:25,BEBMI
1363,2023-08-13,BRUXELLES MIDI BRUSSEL ZUID,NON,9810,11:15,NORD,VALENCE TGV RHONE-ALPES SUD,JCNORDSUD,FRVLA,06:25,BEBMI
1364,2023-08-13,LILLE (intramuros),NON,9810,08:38,NORD,MARNE LA VALLEE CHESSY,JCNORDSUD,FRMLV,07:24,FRLLE
1365,2023-08-13,AEROPORT CDG2 TGV ROISSY,NON,9810,11:15,NORD,VALENCE TGV RHONE-ALPES SUD,JCNORDSUD,FRVLA,08:29,FRMLW
1366,2023-08-13,TGV HAUTE PICARDIE,NON,9810,08:38,NORD,MARNE LA VALLEE CHESSY,JCNORDSUD,FRMLV,07:54,FRTHP
1367,2023-08-13,LORIENT,NON,8720,13:25,ATLANTIQUE,RENNES,BRETAPARIS,FRRNS,12:01,FRLRT
1368,2023-08-13,VANNES,NON,8720,15:06,ATLANTIQUE,PARIS (intramuros),BRETAPARIS,FRPMO,12:28,FRVNE
1369,2023-08-13,FUTUROSCOPE,OUI,8346,21:20,ATLANTIQUE,PARIS (intramuros),ROCHELLEPA,FRPMO,19:33,FRTGO
1370,2023-08-13,LYON (intramuros),OUI,5316,21:53,SUD EST,AVIGNON TGV,JCATLSUD,FRAVG,20:40,FRLPD
1371,2023-08-13,VALENCE TGV RHONE-ALPES SUD,OUI,5316,21:53,SUD EST,AVIGNON TGV,JCATLSUD,FRAVG,21:22,FRVLA
1372,2023-08-13,ANGERS ST LAUD,NON,8923,18:00,ATLANTIQUE,LE POULIGUEN,PARISLOIRE,FREGS,16:13,FRACL
1373,2023-08-13,PORNICHET,OUI,8923,18:00,ATLANTIQUE,LE POULIGUEN,PARISLOIRE,FREGS,17:50,FREGR
1374,2023-08-13,NANTES,NON,8923,17:54,ATLANTIQUE,LA BAULE ESCOUBLAC,PARISLOIRE,FRJEE,16:59,FRNTE
1375,2023-08-13,NANTES,NON,8923,17:34,ATLANTIQUE,ST NAZAIRE,PARISLOIRE,FRSNR,16:59,FRNTE
1376,2023-08-13,PARIS (intramuros),NON,8923,16:10,ATLANTIQUE,ANGERS ST LAUD,PARISLOIRE,FRACL,14:45,FRPMO
1377,2023-08-13,PARIS (intramuros),NON,8923,17:47,ATLANTIQUE,PORNICHET,PARISLOIRE,FREGR,14:45,FRPMO
1378,2023-08-13,PARIS (intramuros),NON,8923,17:54,ATLANTIQUE,LA BAULE ESCOUBLAC,PARISLOIRE,FRJEE,14:45,FRPMO
1379,2023-08-13,LILLE (intramuros),NON,7428,11:44,NORD,PARIS (intramuros),LILLEPA,FRPNO,10:42,FRADJ
1380,2023-08-13,DOLE VILLE,OUI,6745,19:27,SUD EST,BESANCON VIOTTE,PABOUR,FRABG,19:04,FRACE
1381,2023-08-13,PARIS (intramuros),NON,6745,19:27,SUD EST,BESANCON VIOTTE,PABOUR,FRABG,16:52,FRPLY
1382,2023-08-13,CANNES,OUI,6166,13:25,SUD EST,ST RAPHAEL VALESCURE,AZURPA,FRXSK,13:04,FRJCA
1383,2023-08-13,NICE VILLE,NON,6166,18:16,SUD EST,PARIS (intramuros),AZURPA,FRPLY,12:35,FRNIC
1384,2023-08-13,NICE VILLE,OUI,6166,13:25,SUD EST,ST RAPHAEL VALESCURE,AZURPA,FRXSK,12:35,FRNIC
1385,2023-08-13,ANTIBES,OUI,6166,13:00,SUD EST,CANNES,AZURPA,FRJCA,12:50,FRXAT
1386,2023-08-13,ANTIBES,NON,6166,18:16,SUD EST,PARIS (intramuros),AZURPA,FRPLY,12:50,FRXAT
1387,2023-08-13,ST RAPHAEL VALESCURE,NON,6166,18:16,SUD EST,PARIS (intramuros),AZURPA,FRPLY,13:28,FRXSK
1388,2023-08-13,STRASBOURG,NON,2087,13:00,EST,LYON (intramuros),JCRHINRHON,FRLPD,09:03,FRAEG
1389,2023-08-13,STRASBOURG,OUI,2087,10:18,EST,BELFORT-MONTBELIARD TGV,JCRHINRHON,FRTJA,09:03,FRAEG
1390,2023-08-13,MULHOUSE VILLE,NON,2087,12:19,EST,MACON VILLE,JCRHINRHON,FRHGU,09:57,FRAEK
1391,2023-08-13,MACON VILLE,NON,2087,14:25,EST,AVIGNON TGV,JCRHINRHON,FRAVG,12:22,FRHGU
1392,2023-08-13,BELFORT-MONTBELIARD TGV,NON,2087,11:11,EST,DIJON VILLE,JCRHINRHON,FRABA,10:21,FRTJA
1393,2023-08-13,BELFORT-MONTBELIARD TGV,NON,2087,14:25,EST,AVIGNON TGV,JCRHINRHON,FRAVG,10:21,FRTJA
1394,2023-08-13,BESANCON - F COMTE TGV,NON,2087,14:49,EST,AIX EN PROVENCE TGV,JCRHINRHON,FRAIE,10:44,FRTJB
1395,2023-08-13,VALENCE TGV RHONE-ALPES SUD,NON,2087,14:25,EST,AVIGNON TGV,JCRHINRHON,FRAVG,13:51,FRVLA
1396,2023-08-13,VALLORBE,NON,9264,09:00,INTERNATIONAL,DOLE VILLE,SUISPA,FRACE,08:00,CHAGL
1397,2023-08-13,VALLORBE,NON,9264,08:13,INTERNATIONAL,FRASNE,SUISPA,FRFRA,08:00,CHAGL
1398,2023-08-13,VALLORBE,NON,9264,08:43,INTERNATIONAL,MOUCHARD,SUISPA,FRMCD,08:00,CHAGL
1399,2023-08-13,FRASNE,OUI,9264,09:26,INTERNATIONAL,DIJON VILLE,SUISPA,FRABA,08:15,FRFRA
1400,2023-08-13,FRASNE,OUI,9264,09:00,INTERNATIONAL,DOLE VILLE,SUISPA,FRACE,08:15,FRFRA
1401,2023-08-13,MOUCHARD,OUI,9264,09:26,INTERNATIONAL,DIJON VILLE,SUISPA,FRABA,08:45,FRMCD
1402,2023-08-13,AGEN,OUI,8514,18:36,ATLANTIQUE,BORDEAUX ST JEAN,SUDOUESTPA,FRBOJ,17:31,FRAGF
1403,2023-08-13,AGEN,NON,8514,20:43,ATLANTIQUE,MASSY TGV,SUDOUESTPA,FRDJU,17:31,FRAGF
1404,2023-08-13,LIMOGES BENEDICTINS,OUI,3674,18:54,IC ARO,ARGENTON SUR CREUSE,TOULOUZECO,FRFMT,18:00,FRAGQ
1405,2023-08-13,LIMOGES BENEDICTINS,OUI,3674,18:29,IC ARO,LA SOUTERRAINE,TOULOUZECO,FRLST,18:00,FRAGQ
1406,2023-08-13,LIMOGES BENEDICTINS,OUI,3674,19:45,IC ARO,VIERZON VILLE,TOULOUZECO,FRXVZ,18:00,FRAGQ
1407,2023-08-13,CHATEAUROUX,OUI,3674,21:20,IC ARO,PARIS (intramuros),TOULOUZECO,FRPAZ,19:12,FRCHR
1408,2023-08-13,DAX,OUI,8533,12:35,ATLANTIQUE,ST JEAN DE LUZ CIBOURE,PASUDOUEST,FRXJZ,11:39,FRACG
1409,2023-08-13,POITIERS,NON,8533,12:19,ATLANTIQUE,BIARRITZ,PASUDOUEST,FRBIQ,09:20,FRPIS
1410,2023-08-13,PARIS (intramuros),NON,8533,12:51,ATLANTIQUE,HENDAYE,PASUDOUEST,FRAEF,07:58,FRPMO
1411,2023-08-13,PARIS (intramuros),NON,8533,12:35,ATLANTIQUE,ST JEAN DE LUZ CIBOURE,PASUDOUEST,FRXJZ,07:58,FRPMO
1412,2023-08-13,POITIERS,NON,8533,12:35,ATLANTIQUE,ST JEAN DE LUZ CIBOURE,PASUDOUEST,FRXJZ,09:20,FRPIS
1413,2023-08-13,BORDEAUX ST JEAN,NON,8442,19:35,ATLANTIQUE,ST PIERRE DES CORPS,SUDOUESTPA,FRXSH,17:58,FRBOJ
1414,2023-08-13,DOL DE BRETAGNE,NON,8086,18:09,ATLANTIQUE,PARIS (intramuros),BRETAPARIS,FRPMO,15:55,FRDOL
1415,2023-08-13,RENNES,NON,8086,18:09,ATLANTIQUE,PARIS (intramuros),BRETAPARIS,FRPMO,16:35,FRRNS
1416,2023-08-13,LAUSANNE,NON,9756,08:41,INTERNATIONAL,GENEVE,GENEVEMED,CHGVA,07:45,CHAJF
1417,2023-08-13,AIX EN PROVENCE TGV,NON,9756,12:11,INTERNATIONAL,MARSEILLE ST CHARLES,GENEVEMED,FRMSC,11:58,FRAIE
1418,2023-08-13,NEVERS,NON,5955,11:55,IC ARO,VICHY,PACLERMONT,FRVHY,10:59,FRNVS
1419,2023-08-13,PARIS (intramuros),NON,5955,12:29,IC ARO,CLERMONT FERRAND,PACLERMONT,FRCFE,09:00,FRPBE
1420,2023-08-13,PARIS (intramuros),NON,5955,11:28,IC ARO,MOULINS SUR ALLIER,PACLERMONT,FRXMU,09:00,FRPBE
1421,2023-08-13,PARIS (intramuros),OUI,7163,10:58,NORD,DOUAI,PAARRAS,FRXDN,09:52,FRPNO
1422,2023-08-13,PARIS (intramuros),NON,6051,14:36,SUD EST,NIMES PONT DU GARD,PALANG,FRXZP,11:46,FRPLY
1423,2023-08-13,NIMES PONT DU GARD,OUI,6051,14:59,SUD EST,MONTPELLIER SUD DE FRANCE,PALANG,FRSUF,14:39,FRXZP
1424,2023-08-13,PARIS (intramuros),OUI,6631,22:10,SUD EST,LYON (intramuros),PARISRHONE,FRLPE,20:00,FRPLY
1425,2023-08-13,ARRAS,OUI,7546,23:08,NORD,PARIS (intramuros),ARRASPA,FRPNO,22:18,FRQRV
1426,2023-08-13,MORLAIX,OUI,8639,21:38,ATLANTIQUE,BREST,PARISBRETA,FRBES,21:05,FRMXN
1427,2023-08-13,PARIS (intramuros),NON,8639,21:03,ATLANTIQUE,MORLAIX,PARISBRETA,FRMXN,17:56,FRPMO
1428,2023-08-13,PARIS (intramuros),NON,8639,19:25,ATLANTIQUE,RENNES,PARISBRETA,FRRNS,17:56,FRPMO
1429,2023-08-13,PARIS (intramuros),NON,8639,20:16,ATLANTIQUE,ST BRIEUC,PARISBRETA,FRSBK,17:56,FRPMO
1430,2023-08-13,LAVAL,NON,5336,14:20,SUD EST,MASSY TGV,JCATLSUD,FRDJU,12:58,FRACR
1431,2023-08-13,LAVAL,NON,5336,16:29,SUD EST,LYON (intramuros),JCATLSUD,FRLPD,12:58,FRACR
1432,2023-08-13,RENNES,NON,5336,18:36,SUD EST,MONTPELLIER SUD DE FRANCE,JCATLSUD,FRSUF,12:30,FRRNS
1433,2023-08-13,MASSY TGV,NON,5336,18:36,SUD EST,MONTPELLIER SUD DE FRANCE,JCATLSUD,FRSUF,14:26,FRDJU
1434,2023-08-13,LYON (intramuros),OUI,5336,17:54,SUD EST,NIMES PONT DU GARD,JCATLSUD,FRXZP,16:37,FRLPD
1435,2023-08-13,LAVAL,NON,5336,18:36,SUD EST,MONTPELLIER SUD DE FRANCE,JCATLSUD,FRSUF,12:58,FRACR
1436,2023-08-13,VENDOME VILLIERS SUR LOIR,OUI,8331,09:07,ATLANTIQUE,CHATELLERAULT,PAROCHELLE,FRXCX,08:15,FRESL
1437,2023-08-13,AEROPORT CDG2 TGV ROISSY,OUI,5020,18:30,NORD,LYON (intramuros),JCNORDSUD,FRLPD,16:27,FRMLW
1438,2023-08-13,BOURG EN BRESSE,NON,9775,17:00,INTERNATIONAL,BELLEGARDE,PAGENEVE,FRXBF,16:12,FRXBK
1439,2023-08-13,GENEVE,NON,9775,18:14,INTERNATIONAL,LAUSANNE,PAGENEVE,CHAJF,17:39,CHGVA
1440,2023-08-13,MODANE,NON,9248,23:26,INTERNATIONAL,PARIS (intramuros),ITALIEPA,FRPLY,19:12,FRAGR
1441,2023-08-13,MILANO P GARIBALDI,NON,9248,19:06,INTERNATIONAL,MODANE,ITALIEPA,FRAGR,16:10,ITMPG
1442,2023-08-13,OULX CESANA CLAV SESTRIERE,NON,9248,23:26,INTERNATIONAL,PARIS (intramuros),ITALIEPA,FRPLY,18:36,ITOCS
1443,2023-08-13,TORINO PORTA SUSA,NON,9248,19:06,INTERNATIONAL,MODANE,ITALIEPA,FRAGR,17:38,ITTRS
1444,2023-08-13,BORDEAUX ST JEAN,OUI,12213,22:22,ATLANTIQUE,AGEN,PASUDOUEST,FRAGF,21:20,FRBOJ
1445,2023-08-13,LES AUBRAIS ORLEANS,OUI,3737,09:00,IC NUIT,PORT LA NOUVELLE,PARPALOMBE,FRILP,22:49,FRLAB
1446,2023-08-13,LES AUBRAIS ORLEANS,OUI,3737,09:34,IC NUIT,PERPIGNAN,PARPALOMBE,FRPGF,22:49,FRLAB
1447,2023-08-13,LES AUBRAIS ORLEANS,OUI,3737,10:20,IC NUIT,CERBERE,PARPALOMBE,FRXCE,22:49,FRLAB
1448,2023-08-13,LES AUBRAIS ORLEANS,OUI,3737,10:00,IC NUIT,COLLIOURE,PARPALOMBE,FRXCU,22:49,FRLAB
1449,2023-08-13,PARIS (intramuros),OUI,3737,07:55,IC NUIT,LEZIGNAN-CORBIERES,PARPALOMBE,FRFUX,21:42,FRPAZ
1450,2023-08-13,PARIS (intramuros),OUI,3737,09:00,IC NUIT,PORT LA NOUVELLE,PARPALOMBE,FRILP,21:42,FRPAZ
1451,2023-08-13,PARIS (intramuros),OUI,3737,09:09,IC NUIT,LEUCATE LA FRANQUI,PARPALOMBE,FRILQ,21:42,FRPAZ
1452,2023-08-13,PARIS (intramuros),OUI,3737,10:00,IC NUIT,COLLIOURE,PARPALOMBE,FRXCU,21:42,FRPAZ
1453,2023-08-13,MONTPELLIER SAINT-ROCH,NON,6202,12:18,SUD EST,PARIS (intramuros),LANGPA,FRPLY,08:48,FRMPL
1454,2023-08-13,PERPIGNAN,OUI,6202,07:55,SUD EST,BEZIERS,LANGPA,FRBZR,07:04,FRPGF
1455,2023-08-13,PERPIGNAN,OUI,6202,10:01,SUD EST,VALENCE TGV RHONE-ALPES SUD,LANGPA,FRVLA,07:04,FRPGF
1456,2023-08-13,VALENCE TGV RHONE-ALPES SUD,NON,6202,12:18,SUD EST,PARIS (intramuros),LANGPA,FRPLY,10:04,FRVLA
1457,2023-08-13,AGDE,OUI,6202,08:24,SUD EST,SETE,LANGPA,FRXSY,08:11,FRXAG
1458,2023-08-13,NARBONNE,OUI,6202,08:08,SUD EST,AGDE,LANGPA,FRXAG,07:42,FRXNA
1459,2023-08-13,NARBONNE,OUI,6202,08:24,SUD EST,SETE,LANGPA,FRXSY,07:42,FRXNA
1460,2023-08-13,AGEN,NON,4659,16:37,IC ARO,MARSEILLE ST CHARLES,TJOURSOSE,FRMSC,11:33,FRAGF
1461,2023-08-13,BORDEAUX ST JEAN,NON,4659,12:37,IC ARO,TOULOUSE MATABIAU,TJOURSOSE,FRXYT,10:27,FRBOJ
1462,2023-08-13,CARCASSONNE,NON,4659,15:22,IC ARO,NIMES,TJOURSOSE,FRFNI,13:29,FRCCF
1463,2023-08-13,MONTPELLIER SAINT-ROCH,OUI,4659,15:22,IC ARO,NIMES,TJOURSOSE,FRFNI,14:58,FRMPL
1464,2023-08-13,NARBONNE,NON,4659,15:22,IC ARO,NIMES,TJOURSOSE,FRFNI,14:01,FRXNA
1465,2023-08-13,NARBONNE,NON,4659,16:37,IC ARO,MARSEILLE ST CHARLES,TJOURSOSE,FRMSC,14:01,FRXNA
1466,2023-08-13,TOULOUSE MATABIAU,NON,4659,13:27,IC ARO,CARCASSONNE,TJOURSOSE,FRCCF,12:45,FRXYT
1467,2023-08-13,GENEVE,NON,9770,13:49,INTERNATIONAL,BOURG EN BRESSE,GENEVEPA,FRXBK,12:29,CHGVA
1468,2023-08-13,LILLE (intramuros),OUI,5202,10:41,NORD,POITIERS,JCNORDAQUI,FRPIS,06:15,FRADJ
1469,2023-08-13,MARNE LA VALLEE CHESSY,OUI,5202,09:04,NORD,MASSY TGV,JCNORDAQUI,FRDJU,08:35,FRMLV
1470,2023-08-13,ARRAS,OUI,5202,12:02,NORD,BORDEAUX ST JEAN,JCNORDAQUI,FRBOJ,07:00,FRQRV
1471,2023-08-13,ARRAS,OUI,5202,07:54,NORD,AEROPORT CDG2 TGV ROISSY,JCNORDAQUI,FRMLW,07:00,FRQRV
1472,2023-08-13,ARRAS,OUI,5202,10:41,NORD,POITIERS,JCNORDAQUI,FRPIS,07:00,FRQRV
1473,2023-08-13,DOUAI,OUI,5202,07:18,NORD,TGV HAUTE PICARDIE,JCNORDAQUI,FRTHP,06:37,FRXDN
1474,2023-08-13,ST PIERRE DES CORPS,OUI,5202,11:23,NORD,ANGOULEME,JCNORDAQUI,FRANG,10:10,FRXSH
1475,2023-08-13,ST PIERRE DES CORPS,OUI,5202,10:41,NORD,POITIERS,JCNORDAQUI,FRPIS,10:10,FRXSH
1476,2023-08-13,ZUERICH HB,NON,9222,17:38,INTERNATIONAL,PARIS (intramuros),ZURBALPA,FRPLY,13:34,CHAJD
1477,2023-08-13,MULHOUSE VILLE,OUI,9222,15:58,INTERNATIONAL,DIJON VILLE,ZURBALPA,FRABA,14:56,FRAEK
1478,2023-08-13,PARIS (intramuros),OUI,6279,23:01,SUD EST,BEZIERS,PALANG,FRBZR,18:56,FRPLY
1479,2023-08-13,PARIS (intramuros),OUI,6279,22:47,SUD EST,AGDE,PALANG,FRXAG,18:56,FRPLY
1480,2023-08-13,VALENCE TGV RHONE-ALPES SUD,OUI,6279,23:17,SUD EST,NARBONNE,PALANG,FRXNA,21:10,FRVLA
1481,2023-08-13,AGDE,OUI,6279,23:51,SUD EST,PERPIGNAN,PALANG,FRPGF,22:50,FRXAG
1482,2023-08-13,SETE,OUI,6279,23:01,SUD EST,BEZIERS,PALANG,FRBZR,22:34,FRXSY
1483,2023-08-13,MONTPELLIER SUD DE FRANCE,OUI,6279,22:31,SUD EST,SETE,PALANG,FRXSY,22:17,FRSUF
1484,2023-08-13,MONTPELLIER SUD DE FRANCE,OUI,6279,23:17,SUD EST,NARBONNE,PALANG,FRXNA,22:17,FRSUF
1485,2023-08-13,MONTPELLIER SUD DE FRANCE,OUI,6279,23:51,SUD EST,PERPIGNAN,PALANG,FRPGF,22:17,FRSUF
1486,2023-08-13,PARIS (intramuros),OUI,6279,21:46,SUD EST,NIMES PONT DU GARD,PALANG,FRXZP,18:56,FRPLY
1487,2023-08-13,NIMES PONT DU GARD,OUI,6279,23:51,SUD EST,PERPIGNAN,PALANG,FRPGF,21:49,FRXZP
1488,2023-08-13,NIMES PONT DU GARD,OUI,6279,23:17,SUD EST,NARBONNE,PALANG,FRXNA,21:49,FRXZP
1489,2023-08-13,NIMES PONT DU GARD,OUI,6279,23:01,SUD EST,BEZIERS,PALANG,FRBZR,21:49,FRXZP
1490,2023-08-13,NIMES PONT DU GARD,OUI,6279,22:31,SUD EST,SETE,PALANG,FRXSY,21:49,FRXZP
1491,2023-08-13,DUNKERQUE,OUI,7218,13:23,NORD,PARIS (intramuros),ARRASPA,FRPNO,11:25,FRADI
1492,2023-08-13,LILLE (intramuros),OUI,7218,13:23,NORD,PARIS (intramuros),ARRASPA,FRPNO,12:05,FRLLE
1493,2023-08-13,AIX EN PROVENCE TGV,OUI,6111,14:56,SUD EST,MARSEILLE ST CHARLES,PAPROVENCE,FRMSC,14:44,FRAIE
1494,2023-08-13,PARIS (intramuros),NON,6111,14:56,SUD EST,MARSEILLE ST CHARLES,PAPROVENCE,FRMSC,11:38,FRPLY
1495,2023-08-13,PARIS (intramuros),OUI,7385,20:16,NORD,BETHUNE,PAARRAS,FRXBH,18:52,FRPNO
1496,2023-08-13,PARIS (intramuros),OUI,7385,20:02,NORD,LENS,PAARRAS,FRXLE,18:52,FRPNO
1497,2023-08-13,VENDOME VILLIERS SUR LOIR,OUI,8342,18:33,ATLANTIQUE,PARIS (intramuros),ROCHELLEPA,FRPMO,17:46,FRESL
1498,2023-08-13,POITIERS,OUI,8342,16:41,ATLANTIQUE,CHATELLERAULT,ROCHELLEPA,FRXCX,16:19,FRPIS
1499,2023-08-13,CHATELLERAULT,OUI,8342,17:43,ATLANTIQUE,VENDOME VILLIERS SUR LOIR,ROCHELLEPA,FRESL,16:44,FRXCX
1500,2023-08-13,ST PIERRE DES CORPS,OUI,8342,18:33,ATLANTIQUE,PARIS (intramuros),ROCHELLEPA,FRPMO,17:24,FRXSH
1501,2023-08-13,RETHEL,OUI,2720,08:39,EST,REIMS,SEDBARPA,FRRHE,08:18,FRBDT
1502,2023-08-13,CHARLEVILLE MEZIERES,OUI,2720,08:15,EST,RETHEL,SEDBARPA,FRBDT,07:47,FRXCZ
1503,2023-08-13,NIMES PONT DU GARD,OUI,6049,18:08,SUD EST,MONTPELLIER SUD DE FRANCE,PALANG,FRSUF,17:49,FRXZP
1504,2023-08-13,KARLSRUHE HBF,NON,9572,16:13,INTERNATIONAL,STRASBOURG,MUNSTUTPA,FRAEG,15:32,DEQKA
1505,2023-08-13,LES AUBRAIS ORLEANS,OUI,3751,03:59,IC NUIT,SOUILLAC,PAVERMEIL,FRSOU,23:32,FRLAB
1506,2023-08-13,LES AUBRAIS ORLEANS,OUI,3751,06:19,IC NUIT,MONTAUBAN VILLE BOURBON,PAVERMEIL,FRXMW,23:32,FRLAB
1507,2023-08-13,PARIS (intramuros),OUI,3751,04:22,IC NUIT,GOURDON,PAVERMEIL,FRFSI,22:12,FRPAZ
1508,2023-08-13,ANGERS ST LAUD,OUI,5288,18:37,NORD,AEROPORT CDG2 TGV ROISSY,JCBRETNORD,FRMLW,16:02,FRACL
1509,2023-08-13,LE MANS,OUI,5288,18:23,NORD,MARNE LA VALLEE CHESSY,JCBRETNORD,FRMLV,16:57,FRAET
1510,2023-08-13,NANTES,OUI,5288,15:59,NORD,ANGERS ST LAUD,JCBRETNORD,FRACL,15:18,FRNTE
1511,2023-08-13,NANTES,OUI,5288,16:46,NORD,LE MANS,JCBRETNORD,FRAET,15:18,FRNTE
1512,2023-08-13,NANTES,OUI,5288,17:48,NORD,MASSY TGV,JCBRETNORD,FRDJU,15:18,FRNTE
1513,2023-08-13,PORNICHET,OUI,8930,20:41,ATLANTIQUE,ANGERS ST LAUD,LOIREPARIS,FRACL,19:11,FREGR
1514,2023-08-13,LE POULIGUEN,OUI,8930,19:00,ATLANTIQUE,LA BAULE ESCOUBLAC,LOIREPARIS,FRJEE,18:56,FREGS
1515,2023-08-13,LA BAULE ESCOUBLAC,OUI,8930,20:41,ATLANTIQUE,ANGERS ST LAUD,LOIREPARIS,FRACL,19:04,FRJEE
1516,2023-08-13,LA BAULE ESCOUBLAC,OUI,8930,21:23,ATLANTIQUE,LE MANS,LOIREPARIS,FRAET,19:04,FRJEE
1517,2023-08-13,LA BAULE ESCOUBLAC,OUI,8930,19:21,ATLANTIQUE,ST NAZAIRE,LOIREPARIS,FRSNR,19:04,FRJEE
1518,2023-08-13,PARIS (intramuros),OUI,2513,17:44,EST,NANCY,PANANCY,FRENC,16:07,FRPST
1519,2023-08-13,STRASBOURG,NON,5472,20:29,EST,LE MANS,JCESTATL,FRAET,16:48,FRAEG
1520,2023-08-13,MASSY TGV,NON,5472,21:29,EST,RENNES,JCESTATL,FRRNS,19:39,FRDJU
1521,2023-08-13,CHAMPAGNE-ARDENNE,NON,5472,20:29,EST,LE MANS,JCESTATL,FRAET,18:11,FREAH
1522,2023-08-13,LORRAINE TGV,NON,5472,21:01,EST,LAVAL,JCESTATL,FRACR,17:26,FREAM
1523,2023-08-13,LORRAINE TGV,NON,5472,18:04,EST,CHAMPAGNE-ARDENNE,JCESTATL,FREAH,17:26,FREAM
1524,2023-08-13,PARIS (intramuros),NON,2751,19:40,EST,RETHEL,PABARSED,FRBDT,18:28,FRPST
1525,2023-08-13,PARIS (intramuros),NON,2751,20:35,EST,SEDAN,PABARSED,FRXSW,18:28,FRPST
1526,2023-08-13,CHARLEVILLE MEZIERES,OUI,2751,20:35,EST,SEDAN,PABARSED,FRXSW,20:20,FRXCZ
1527,2023-08-13,NICE VILLE,OUI,6180,17:29,SUD EST,CANNES,AZURPA,FRJCA,16:57,FRNIC
1528,2023-08-13,TOULON,OUI,6180,22:38,SUD EST,PARIS (intramuros),AZURPA,FRPLY,18:48,FRTLN
1529,2023-08-13,ANTIBES,OUI,6180,18:44,SUD EST,TOULON,AZURPA,FRTLN,17:18,FRXAT
1530,2023-08-13,DIJON VILLE,OUI,6703,11:53,SUD EST,BELFORT-MONTBELIARD TGV,PABOUR,FRTJA,11:02,FRABA
1531,2023-08-13,MONTBARD,NON,6703,11:53,SUD EST,BELFORT-MONTBELIARD TGV,PABOUR,FRTJA,10:24,FRGWE
1532,2023-08-13,PARIS (intramuros),NON,6703,10:58,SUD EST,DIJON VILLE,PABOUR,FRABA,09:18,FRPLY
1533,2023-08-13,BESANCON - F COMTE TGV,OUI,6703,12:18,SUD EST,MULHOUSE VILLE,PABOUR,FRAEK,11:32,FRTJB
1534,2023-08-13,SURGERES,OUI,8371,09:44,ATLANTIQUE,LA ROCHELLE VILLE,PAROCHELLE,FRLRH,09:23,FREIP
1535,2023-08-13,AIX EN PROVENCE TGV,NON,9583,14:46,INTERNATIONAL,KARLSRUHE HBF,MRSFRANC,DEQKA,08:25,FRAIE
1536,2023-08-13,AIX EN PROVENCE TGV,NON,9583,09:54,INTERNATIONAL,LYON (intramuros),MRSFRANC,FRLPD,08:25,FRAIE
1537,2023-08-13,AVIGNON TGV,NON,9583,15:59,INTERNATIONAL,FRANKFURT MAIN HBF,MRSFRANC,DEFRH,08:47,FRAVG
1538,2023-08-13,AVIGNON TGV,NON,9583,13:43,INTERNATIONAL,STRASBOURG,MRSFRANC,FRAEG,08:47,FRAVG
1539,2023-08-13,AVIGNON TGV,NON,9583,09:54,INTERNATIONAL,LYON (intramuros),MRSFRANC,FRLPD,08:47,FRAVG
1540,2023-08-13,LYON (intramuros),NON,9583,15:59,INTERNATIONAL,FRANKFURT MAIN HBF,MRSFRANC,DEFRH,10:04,FRLPD
1541,2023-08-13,LYON (intramuros),NON,9583,14:23,INTERNATIONAL,BADEN BADEN,MRSFRANC,DEZCC,10:04,FRLPD
1542,2023-08-13,LYON (intramuros),NON,9583,12:51,INTERNATIONAL,MULHOUSE VILLE,MRSFRANC,FRAEK,10:04,FRLPD
1543,2023-08-13,LYON (intramuros),NON,9583,12:00,INTERNATIONAL,BESANCON - F COMTE TGV,MRSFRANC,FRTJB,10:04,FRLPD
1544,2023-08-13,MARSEILLE ST CHARLES,NON,9583,15:18,INTERNATIONAL,MANNHEIM HBF,MRSFRANC,DEMHG,08:11,FRMSC
1545,2023-08-13,MARSEILLE ST CHARLES,NON,9583,14:23,INTERNATIONAL,BADEN BADEN,MRSFRANC,DEZCC,08:11,FRMSC
1546,2023-08-13,MARSEILLE ST CHARLES,NON,9583,08:44,INTERNATIONAL,AVIGNON TGV,MRSFRANC,FRAVG,08:11,FRMSC
1547,2023-08-13,MARSEILLE ST CHARLES,NON,9583,09:54,INTERNATIONAL,LYON (intramuros),MRSFRANC,FRLPD,08:11,FRMSC
1548,2023-08-13,BELFORT-MONTBELIARD TGV,NON,9583,14:23,INTERNATIONAL,BADEN BADEN,MRSFRANC,DEZCC,12:27,FRTJA
1549,2023-08-13,BELFORT-MONTBELIARD TGV,NON,9583,12:51,INTERNATIONAL,MULHOUSE VILLE,MRSFRANC,FRAEK,12:27,FRTJA
1550,2023-08-13,BESANCON - F COMTE TGV,NON,9583,15:59,INTERNATIONAL,FRANKFURT MAIN HBF,MRSFRANC,DEFRH,12:03,FRTJB
1551,2023-08-13,BESANCON - F COMTE TGV,NON,9583,14:23,INTERNATIONAL,BADEN BADEN,MRSFRANC,DEZCC,12:03,FRTJB
1552,2023-08-13,NEVERS,OUI,5971,19:29,IC ARO,CLERMONT FERRAND,PACLERMONT,FRCFE,17:59,FRNVS
1553,2023-08-13,NEVERS,OUI,5971,19:17,IC ARO,RIOM CHATEL GUYON,PACLERMONT,FRRIO,17:59,FRNVS
1554,2023-08-13,PARIS (intramuros),NON,5971,19:29,IC ARO,CLERMONT FERRAND,PACLERMONT,FRCFE,16:00,FRPBE
1555,2023-08-13,PARIS (intramuros),NON,5971,18:55,IC ARO,VICHY,PACLERMONT,FRVHY,16:00,FRPBE
1556,2023-08-13,RIOM CHATEL GUYON,OUI,5971,19:29,IC ARO,CLERMONT FERRAND,PACLERMONT,FRCFE,19:19,FRRIO
1557,2023-08-13,LYON (intramuros),NON,4502,11:39,IC SRO,MOULINS SUR ALLIER,JOURLYNNTE,FRXMU,09:34,FRLPD
1558,2023-08-13,LYON (intramuros),NON,4502,14:25,IC SRO,ST PIERRE DES CORPS,JOURLYNNTE,FRXSH,09:34,FRLPD
1559,2023-08-13,LYON (intramuros),NON,4502,14:58,IC SRO,SAUMUR,JOURLYNNTE,FRACN,09:20,FRLPE
1560,2023-08-13,LYON (intramuros),NON,4502,09:28,IC SRO,LYON (intramuros),JOURLYNNTE,FRLPD,09:20,FRLPE
1561,2023-08-13,LYON (intramuros),NON,4502,10:37,IC SRO,ROANNE,JOURLYNNTE,FRRNE,09:20,FRLPE
1562,2023-08-13,NEVERS,NON,4502,15:21,IC SRO,ANGERS ST LAUD,JOURLYNNTE,FRACL,12:25,FRNVS
1563,2023-08-13,NEVERS,NON,4502,13:01,IC SRO,BOURGES,JOURLYNNTE,FRBOU,12:25,FRNVS
1564,2023-08-13,ST GERMAIN DES FOSSES,NON,4502,15:21,IC SRO,ANGERS ST LAUD,JOURLYNNTE,FRACL,11:19,FRSGF
1565,2023-08-13,MOULINS SUR ALLIER,NON,4502,13:01,IC SRO,BOURGES,JOURLYNNTE,FRBOU,11:41,FRXMU
1566,2023-08-13,MARSEILLE ST CHARLES,NON,6175,15:38,SUD EST,ANTIBES,PAAZUR,FRXAT,13:28,FRMSC
1567,2023-08-13,PARIS (intramuros),NON,6175,14:11,SUD EST,TOULON,PAAZUR,FRTLN,10:10,FRPLY
1568,2023-08-13,PARIS (intramuros),NON,6175,15:38,SUD EST,ANTIBES,PAAZUR,FRXAT,10:10,FRPLY
1569,2023-08-13,TOULON,NON,6175,15:57,SUD EST,NICE VILLE,PAAZUR,FRNIC,14:15,FRTLN
1570,2023-08-13,TOULON,NON,6175,15:38,SUD EST,ANTIBES,PAAZUR,FRXAT,14:15,FRTLN
1571,2023-08-13,LES ARCS DRAGUIGNAN,OUI,6175,15:38,SUD EST,ANTIBES,PAAZUR,FRXAT,14:51,FRXRS
1572,2023-08-13,LILLE (intramuros),OUI,5120,20:20,NORD,NIMES,JCNORDSUD,FRFNI,15:26,FRLLE
1573,2023-08-13,LILLE (intramuros),OUI,5120,20:54,NORD,MONTPELLIER SAINT-ROCH,JCNORDSUD,FRMPL,15:26,FRLLE
1574,2023-08-13,LYON (intramuros),OUI,5120,20:20,NORD,NIMES,JCNORDSUD,FRFNI,18:40,FRLPD
1575,2023-08-13,LYON (intramuros),OUI,5120,20:54,NORD,MONTPELLIER SAINT-ROCH,JCNORDSUD,FRMPL,18:40,FRLPD
1576,2023-08-13,MARNE LA VALLEE CHESSY,OUI,5120,19:21,NORD,VALENCE TGV RHONE-ALPES SUD,JCNORDSUD,FRVLA,16:41,FRMLV
1577,2023-08-13,AEROPORT CDG2 TGV ROISSY,OUI,5120,19:21,NORD,VALENCE TGV RHONE-ALPES SUD,JCNORDSUD,FRVLA,16:27,FRMLW
1578,2023-08-13,VALENCE TGV RHONE-ALPES SUD,OUI,5120,20:54,NORD,MONTPELLIER SAINT-ROCH,JCNORDSUD,FRMPL,19:24,FRVLA
1579,2023-08-13,LUXEMBOURG,NON,2892,22:20,EST,PARIS (intramuros),LUXMETZPA,FRPST,20:10,LULUX
1580,2023-08-13,LUXEMBOURG,OUI,2892,20:31,EST,THIONVILLE,LUXMETZPA,FRXTH,20:10,LULUX
1581,2023-08-13,PARIS (intramuros),NON,6617,16:10,SUD EST,LYON (intramuros),PARISRHONE,FRLPE,13:52,FRPLY
1582,2023-08-13,BREST,OUI,8636,16:43,ATLANTIQUE,MORLAIX,BRETAPARIS,FRMXN,16:13,FRBES
1583,2023-08-13,GUINGAMP,OUI,8636,17:44,ATLANTIQUE,LAMBALLE,BRETAPARIS,FRLAM,17:16,FRGGP
1584,2023-08-13,GUINGAMP,NON,8636,20:20,ATLANTIQUE,PARIS (intramuros),BRETAPARIS,FRPMO,17:16,FRGGP
1585,2023-08-13,ST BRIEUC,OUI,8636,17:44,ATLANTIQUE,LAMBALLE,BRETAPARIS,FRLAM,17:34,FRSBK
1586,2023-08-13,PARIS (intramuros),NON,12259,14:15,ATLANTIQUE,BORDEAUX ST JEAN,PASUDOUEST,FRBOJ,12:08,FRPMO
1587,2023-08-13,NIORT,OUI,8388,19:59,ATLANTIQUE,POITIERS,ROCHELLEPA,FRPIS,19:15,FRNIT
1588,2023-08-13,NIORT,OUI,8388,20:36,ATLANTIQUE,ST PIERRE DES CORPS,ROCHELLEPA,FRXSH,19:15,FRNIT
1589,2023-08-13,POITIERS,OUI,8388,21:41,ATLANTIQUE,PARIS (intramuros),ROCHELLEPA,FRPMO,20:05,FRPIS
1590,2023-08-13,POITIERS,OUI,8388,20:36,ATLANTIQUE,ST PIERRE DES CORPS,ROCHELLEPA,FRXSH,20:05,FRPIS
1591,2023-08-13,DIJON VILLE,NON,5500,19:09,EST,MULHOUSE VILLE,JCRHONRHIN,FRAEK,17:50,FRABA
1592,2023-08-13,COLMAR,OUI,5500,21:13,EST,METZ VILLE,JCRHONRHIN,FRADE,19:44,FRAEJ
1593,2023-08-13,COLMAR,OUI,5500,20:13,EST,STRASBOURG,JCRHONRHIN,FRAEG,19:44,FRAEJ
1594,2023-08-13,NIMES,NON,5500,19:41,EST,COLMAR,JCRHONRHIN,FRAEJ,14:23,FRFNI
1595,2023-08-13,NIMES,NON,5500,19:09,EST,MULHOUSE VILLE,JCRHONRHIN,FRAEK,14:23,FRFNI
1596,2023-08-13,MACON VILLE,NON,5500,18:17,EST,BESANCON - F COMTE TGV,JCRHONRHIN,FRTJB,16:41,FRHGU
1597,2023-08-13,LYON (intramuros),NON,5500,17:40,EST,DIJON VILLE,JCRHONRHIN,FRABA,16:04,FRLPD
1598,2023-08-13,LYON (intramuros),NON,5500,20:13,EST,STRASBOURG,JCRHONRHIN,FRAEG,16:04,FRLPD
1599,2023-08-13,LYON (intramuros),NON,5500,16:39,EST,MACON VILLE,JCRHONRHIN,FRHGU,16:04,FRLPD
1600,2023-08-13,MONTPELLIER SAINT-ROCH,NON,5500,17:40,EST,DIJON VILLE,JCRHONRHIN,FRABA,13:55,FRMPL
1601,2023-08-13,MONTPELLIER SAINT-ROCH,NON,5500,19:09,EST,MULHOUSE VILLE,JCRHONRHIN,FRAEK,13:55,FRMPL
1602,2023-08-13,BESANCON - F COMTE TGV,NON,5500,19:41,EST,COLMAR,JCRHONRHIN,FRAEJ,18:22,FRTJB
1603,2023-08-13,BESANCON - F COMTE TGV,NON,5500,19:09,EST,MULHOUSE VILLE,JCRHONRHIN,FRAEK,18:22,FRTJB
1604,2023-08-13,VALENCE TGV RHONE-ALPES SUD,NON,5500,17:40,EST,DIJON VILLE,JCRHONRHIN,FRABA,15:12,FRVLA
1605,2023-08-13,VALENCE TGV RHONE-ALPES SUD,NON,5500,21:13,EST,METZ VILLE,JCRHONRHIN,FRADE,15:12,FRVLA
1606,2023-08-13,VALENCE TGV RHONE-ALPES SUD,NON,5500,20:13,EST,STRASBOURG,JCRHONRHIN,FRAEG,15:12,FRVLA
1607,2023-08-13,VALENCE TGV RHONE-ALPES SUD,NON,5500,19:41,EST,COLMAR,JCRHONRHIN,FRAEJ,15:12,FRVLA
1608,2023-08-13,VALENCE TGV RHONE-ALPES SUD,NON,5500,18:17,EST,BESANCON - F COMTE TGV,JCRHONRHIN,FRTJB,15:12,FRVLA
1609,2023-08-13,KAISERSLAUTERN HBF,NON,9557,22:59,INTERNATIONAL,FRANKFURT MAIN HBF,PAFRANC,DEFRH,21:37,DEKLT
1610,2023-08-13,FORBACH,NON,9557,22:17,INTERNATIONAL,MANNHEIM HBF,PAFRANC,DEMHG,20:49,FRBQT
1611,2023-08-13,MONTPELLIER SAINT-ROCH,OUI,6034,17:18,SUD EST,PARIS (intramuros),LANGPA,FRPLY,13:48,FRMPL
1612,2023-08-13,VALENCE TGV RHONE-ALPES SUD,OUI,6034,17:18,SUD EST,PARIS (intramuros),LANGPA,FRPLY,15:04,FRVLA
1613,2023-08-13,LYON (intramuros),NON,6616,14:00,SUD EST,PARIS (intramuros),RHONEPARIS,FRPLY,12:04,FRLPD
1614,2023-08-13,LYON (intramuros),NON,6616,14:00,SUD EST,PARIS (intramuros),RHONEPARIS,FRPLY,11:50,FRLPE
1615,2023-08-13,PARIS (intramuros),OUI,8389,19:57,ATLANTIQUE,LA ROCHELLE VILLE,PAROCHELLE,FRLRH,16:57,FRPMO
1616,2023-08-13,PARIS (intramuros),OUI,8389,18:13,ATLANTIQUE,CHATELLERAULT,PAROCHELLE,FRXCX,16:57,FRPMO
1617,2023-08-13,LIMOGES BENEDICTINS,OUI,3628,08:51,IC ARO,ARGENTON SUR CREUSE,TOULOUZECO,FRFMT,07:57,FRAGQ
1618,2023-08-13,CHATEAUROUX,OUI,3628,11:17,IC ARO,PARIS (intramuros),TOULOUZECO,FRPAZ,09:10,FRCHR
1619,2023-08-13,ARGENTON SUR CREUSE,OUI,3628,11:17,IC ARO,PARIS (intramuros),TOULOUZECO,FRPAZ,08:52,FRFMT
1620,2023-08-13,LA SOUTERRAINE,OUI,3628,09:08,IC ARO,CHATEAUROUX,TOULOUZECO,FRCHR,08:29,FRLST
1621,2023-08-13,MULHOUSE VILLE,OUI,6708,18:31,SUD EST,BESANCON - F COMTE TGV,BOURPA,FRTJB,17:46,FRAEK
1622,2023-08-13,SURGERES,OUI,8395,23:31,ATLANTIQUE,LA ROCHELLE VILLE,PAROCHELLE,FRLRH,23:10,FREIP
1623,2023-08-13,ST MAIXENT DEUX SEVRES,OUI,8395,23:08,ATLANTIQUE,SURGERES,PAROCHELLE,FREIP,22:31,FREJC
1624,2023-08-13,NIORT,OUI,8395,23:08,ATLANTIQUE,SURGERES,PAROCHELLE,FREIP,22:50,FRNIT
1625,2023-08-13,PERPIGNAN,OUI,6206,16:13,SUD EST,NIMES,LANGPA,FRFNI,14:04,FRPGF
1626,2023-08-13,AIX EN PROVENCE TGV,OUI,6116,12:37,SUD EST,AVIGNON TGV,PROVENCEPA,FRAVG,12:18,FRAIE
1627,2023-08-13,CLERMONT FERRAND,OUI,5990,20:29,IC ARO,MOULINS SUR ALLIER,CLERMONTPA,FRXMU,19:31,FRCFE
1628,2023-08-13,CHARLEVILLE MEZIERES,OUI,2765,23:35,EST,SEDAN,PABARSED,FRXSW,23:20,FRXCZ
1629,2023-08-13,AVIGNON TGV,OUI,6127,21:44,SUD EST,AIX EN PROVENCE TGV,PAPROVENCE,FRAIE,21:24,FRAVG
1630,2023-08-13,STRASBOURG,NON,2200,11:32,EST,ST PIERRE DES CORPS,JCESTATL,FRXSH,07:31,FRAEG
1631,2023-08-13,MASSY TGV,NON,2200,12:36,EST,ANGERS ST LAUD,JCESTATL,FRACL,10:38,FRDJU
1632,2023-08-13,LORRAINE TGV,OUI,2200,09:28,EST,AEROPORT CDG2 TGV ROISSY,JCESTATL,FRMLW,08:09,FREAM
1633,2023-08-13,AEROPORT CDG2 TGV ROISSY,NON,2200,12:36,EST,ANGERS ST LAUD,JCESTATL,FRACL,09:45,FRMLW
1634,2023-08-13,AEROPORT CDG2 TGV ROISSY,NON,2200,11:32,EST,ST PIERRE DES CORPS,JCESTATL,FRXSH,09:45,FRMLW
1635,2023-08-13,MEUSE TGV,OUI,2234,19:50,EST,PARIS (intramuros),NANCYPA,FRPST,18:48,FREAJ
1636,2023-08-13,NANCY,OUI,2234,19:50,EST,PARIS (intramuros),NANCYPA,FRPST,18:11,FRENC
1637,2023-08-13,ANGOULEME,NON,5284,15:49,NORD,MASSY TGV,JCAQUINORD,FRDJU,13:36,FRANG
1638,2023-08-13,ANGOULEME,NON,5284,16:27,NORD,MARNE LA VALLEE CHESSY,JCAQUINORD,FRMLV,13:36,FRANG
1639,2023-08-13,BORDEAUX ST JEAN,NON,5284,15:49,NORD,MASSY TGV,JCAQUINORD,FRDJU,12:58,FRBOJ
1640,2023-08-13,BORDEAUX ST JEAN,NON,5284,17:57,NORD,LILLE (intramuros),JCAQUINORD,FRLLE,12:58,FRBOJ
1641,2023-08-13,BORDEAUX ST JEAN,NON,5284,17:15,NORD,TGV HAUTE PICARDIE,JCAQUINORD,FRTHP,12:58,FRBOJ
1642,2023-08-13,MASSY TGV,NON,5284,17:15,NORD,TGV HAUTE PICARDIE,JCAQUINORD,FRTHP,15:55,FRDJU
1643,2023-08-13,AEROPORT CDG2 TGV ROISSY,OUI,5284,17:57,NORD,LILLE (intramuros),JCAQUINORD,FRLLE,16:47,FRMLW
1644,2023-08-13,POITIERS,NON,5284,15:49,NORD,MASSY TGV,JCAQUINORD,FRDJU,14:19,FRPIS
1645,2023-08-13,POITIERS,NON,5284,16:27,NORD,MARNE LA VALLEE CHESSY,JCAQUINORD,FRMLV,14:19,FRPIS
1646,2023-08-13,POITIERS,NON,5284,14:50,NORD,ST PIERRE DES CORPS,JCAQUINORD,FRXSH,14:19,FRPIS
1647,2023-08-13,ST PIERRE DES CORPS,NON,5284,15:49,NORD,MASSY TGV,JCAQUINORD,FRDJU,14:54,FRXSH
1648,2023-08-13,ST PIERRE DES CORPS,NON,5284,17:15,NORD,TGV HAUTE PICARDIE,JCAQUINORD,FRTHP,14:54,FRXSH
1649,2023-08-13,AIX EN PROVENCE TGV,NON,9752,15:30,INTERNATIONAL,LYON (intramuros),MEDGENEVE,FRLPD,14:00,FRAIE
1650,2023-08-13,AVIGNON TGV,NON,9752,15:30,INTERNATIONAL,LYON (intramuros),MEDGENEVE,FRLPD,14:23,FRAVG
1651,2023-08-13,LAVAL,NON,5080,14:41,NORD,AEROPORT CDG2 TGV ROISSY,JCBRETNORD,FRMLW,12:28,FRACR
1652,2023-08-13,RENNES,OUI,5080,12:25,NORD,LAVAL,JCBRETNORD,FRACR,12:00,FRRNS
1653,2023-08-13,AEROPORT CDG2 TGV ROISSY,NON,5210,10:29,NORD,LE MANS,JCNORDBRET,FRAET,08:48,FRMLW
1654,2023-08-13,AEROPORT CDG2 TGV ROISSY,OUI,5210,08:57,NORD,MARNE LA VALLEE CHESSY,JCNORDBRET,FRMLV,08:48,FRMLW
1655,2023-08-13,BRUXELLES MIDI BRUSSEL ZUID,OUI,9832,15:38,NORD,LILLE (intramuros),JCNORDBRET,FRLLE,15:02,BEBMI
1656,2023-08-13,BRUXELLES MIDI BRUSSEL ZUID,NON,9832,16:58,NORD,MARNE LA VALLEE CHESSY,JCNORDBRET,FRMLV,15:02,BEBMI
1657,2023-08-13,LE MANS,NON,9832,19:09,NORD,ANGERS ST LAUD,JCNORDBRET,FRACL,18:32,FRAET
1658,2023-08-13,MASSY TGV,NON,9832,19:50,NORD,NANTES,JCNORDBRET,FRNTE,17:39,FRDJU
1659,2023-08-13,LILLE (intramuros),NON,9832,17:33,NORD,MASSY TGV,JCNORDBRET,FRDJU,15:52,FRLLE
1660,2023-08-13,AEROPORT CDG2 TGV ROISSY,NON,9832,18:29,NORD,LE MANS,JCNORDBRET,FRAET,16:49,FRMLW
1661,2023-08-13,PARIS (intramuros),OUI,7195,22:40,NORD,ARRAS,PAARRAS,FRQRV,21:52,FRPNO
1662,2023-08-13,JONZAC,NON,3833,16:08,IC SRO,BORDEAUX ST JEAN,NANTEBORDO,FRBOJ,15:11,FREMR
1663,2023-08-13,LUCON,NON,3833,16:08,IC SRO,BORDEAUX ST JEAN,NANTEBORDO,FRBOJ,13:00,FRLCN
1664,2023-08-13,LUCON,NON,3833,14:03,IC SRO,ROCHEFORT,NANTEBORDO,FRRCO,13:00,FRLCN
1665,2023-08-13,LUCON,NON,3833,14:32,IC SRO,SAINTES,NANTEBORDO,FRXST,13:00,FRLCN
1666,2023-08-13,LA ROCHELLE VILLE,NON,3833,14:03,IC SRO,ROCHEFORT,NANTEBORDO,FRRCO,13:43,FRLRH
1667,2023-08-13,ROCHEFORT,NON,3833,15:10,IC SRO,JONZAC,NANTEBORDO,FREMR,14:05,FRRCO
1668,2023-08-13,CANNES,OUI,6168,16:55,SUD EST,ST RAPHAEL VALESCURE,AZURPA,FRXSK,16:32,FRJCA
1669,2023-08-13,NICE VILLE,OUI,6168,18:33,SUD EST,MARSEILLE ST CHARLES,AZURPA,FRMSC,16:01,FRNIC
1670,2023-08-13,PARIS (intramuros),NON,8931,20:16,ATLANTIQUE,ANGERS ST LAUD,PARISLOIRE,FRACL,18:48,FRPMO
1671,2023-08-13,PARIS (intramuros),NON,8931,21:55,ATLANTIQUE,LA BAULE ESCOUBLAC,PARISLOIRE,FRJEE,18:48,FRPMO
1672,2023-08-13,ST NAZAIRE,OUI,8931,22:08,ATLANTIQUE,LE CROISIC,PARISLOIRE,FREGU,21:42,FRSNR
1673,2023-08-13,UZERCHE,OUI,3617,12:04,IC ARO,BRIVE LA GAILLARDE,PALITO,FRBVE,11:37,FRAAW
1674,2023-08-13,ARGENTON SUR CREUSE,OUI,3617,10:56,IC ARO,LIMOGES BENEDICTINS,PALITO,FRAGQ,09:59,FRFMT
1675,2023-08-13,LA SOUTERRAINE,OUI,3617,10:56,IC ARO,LIMOGES BENEDICTINS,PALITO,FRAGQ,10:24,FRLST
1676,2023-08-13,PARIS (intramuros),OUI,3617,11:36,IC ARO,UZERCHE,PALITO,FRAAW,07:41,FRPAZ
1677,2023-08-13,PARIS (intramuros),OUI,3617,10:22,IC ARO,LA SOUTERRAINE,PALITO,FRLST,07:41,FRPAZ
1678,2023-08-13,VIERZON VILLE,OUI,3617,10:22,IC ARO,LA SOUTERRAINE,PALITO,FRLST,09:11,FRXVZ
1679,2023-08-13,PAU,OUI,8589,00:27,ATLANTIQUE,PARIS (intramuros),SUDOUESTPA,FRPMO,20:10,FRAEE
1680,2023-08-13,LOURDES,OUI,8589,20:56,ATLANTIQUE,DAX,SUDOUESTPA,FRACG,19:42,FRLDE
1681,2023-08-13,LOURDES,OUI,8589,22:11,ATLANTIQUE,BORDEAUX ST JEAN,SUDOUESTPA,FRBOJ,19:42,FRLDE
1682,2023-08-13,PARIS (intramuros),NON,9711,11:56,SUD EST,PERPIGNAN,PABARCELONE,FRPGF,06:56,FRPLY
1683,2023-08-13,PARIS (intramuros),NON,9711,11:20,SUD EST,NARBONNE,PABARCELONE,FRXNA,06:56,FRPLY
1684,2023-08-13,VALENCE TGV RHONE-ALPES SUD,NON,9711,11:03,SUD EST,BEZIERS,PABARCELONE,FRBZR,09:10,FRVLA
1685,2023-08-13,VALENCE TGV RHONE-ALPES SUD,NON,9711,10:31,SUD EST,SETE,PABARCELONE,FRXSY,09:10,FRVLA
1686,2023-08-13,NARBONNE,NON,9711,11:56,SUD EST,PERPIGNAN,PABARCELONE,FRPGF,11:23,FRXNA
1687,2023-08-13,SETE,NON,9711,11:56,SUD EST,PERPIGNAN,PABARCELONE,FRPGF,10:34,FRXSY
1688,2023-08-13,SETE,NON,9711,11:20,SUD EST,NARBONNE,PABARCELONE,FRXNA,10:34,FRXSY
1689,2023-08-13,PARIS (intramuros),NON,9711,10:08,SUD EST,MONTPELLIER SUD DE FRANCE,PABARCELONE,FRSUF,06:56,FRPLY
1690,2023-08-13,BEZIERS,NON,9711,13:25,SUD EST,BARCELONA SANTS,PABARCELONE,ESBST,11:06,FRBZR
1691,2023-08-13,NARBONNE,NON,9711,12:44,SUD EST,GIRONA,PABARCELONE,ESGRO,11:23,FRXNA
1692,2023-08-13,AGDE,NON,9711,13:25,SUD EST,BARCELONA SANTS,PABARCELONE,ESBST,10:51,FRXAG
1693,2023-08-13,VALENCE TGV RHONE-ALPES SUD,NON,9711,12:27,SUD EST,FIGUERES VILA TGV,PABARCELONE,ESFIR,09:10,FRVLA
1694,2023-08-13,SETE,NON,9711,12:44,SUD EST,GIRONA,PABARCELONE,ESGRO,10:34,FRXSY
1695,2023-08-13,PARIS (intramuros),NON,8731,20:51,ATLANTIQUE,LORIENT,PARISBRETA,FRLRT,17:56,FRPMO
1696,2023-08-13,PARIS (intramuros),NON,8731,19:25,ATLANTIQUE,RENNES,PARISBRETA,FRRNS,17:56,FRPMO
1697,2023-08-13,LA ROCHELLE VILLE,OUI,8392,22:35,ATLANTIQUE,POITIERS,ROCHELLEPA,FRPIS,21:09,FRLRH
1698,2023-08-13,NIORT,OUI,8392,22:35,ATLANTIQUE,POITIERS,ROCHELLEPA,FRPIS,21:52,FRNIT
1699,2023-08-13,POITIERS,OUI,8392,23:12,ATLANTIQUE,ST PIERRE DES CORPS,ROCHELLEPA,FRXSH,22:41,FRPIS
1700,2023-08-13,PARIS (intramuros),OUI,7081,21:18,NORD,LILLE (intramuros),PALILLE,FRADJ,20:16,FRPNO
1701,2023-08-13,FRANKFURT MAIN HBF,NON,9554,12:23,INTERNATIONAL,KAISERSLAUTERN HBF,FRANCPA,DEKLT,10:56,DEFRH
1702,2023-08-13,FRANKFURT MAIN HBF,NON,9554,13:01,INTERNATIONAL,SARREBRUCK/SAARBRUECKEN,FRANCPA,DESBK,10:56,DEFRH
1703,2023-08-13,KAISERSLAUTERN HBF,NON,9554,13:01,INTERNATIONAL,SARREBRUCK/SAARBRUECKEN,FRANCPA,DESBK,12:24,DEKLT
1704,2023-08-13,NIMES,NON,2204,18:17,EST,BESANCON - F COMTE TGV,JCRHONRHIN,FRTJB,14:23,FRFNI
1705,2023-08-13,NIMES,NON,2204,15:09,EST,VALENCE TGV RHONE-ALPES SUD,JCRHONRHIN,FRVLA,14:23,FRFNI
1706,2023-08-13,MACON VILLE,NON,2204,18:44,EST,BELFORT-MONTBELIARD TGV,JCRHONRHIN,FRTJA,16:41,FRHGU
1707,2023-08-13,MONTPELLIER SAINT-ROCH,NON,2204,20:13,EST,STRASBOURG,JCRHONRHIN,FRAEG,13:55,FRMPL
1708,2023-08-13,MONTPELLIER SAINT-ROCH,NON,2204,19:41,EST,COLMAR,JCRHONRHIN,FRAEJ,13:55,FRMPL
1709,2023-08-13,MONTPELLIER SAINT-ROCH,OUI,2204,14:20,EST,NIMES,JCRHONRHIN,FRFNI,13:55,FRMPL
1710,2023-08-13,MONTPELLIER SAINT-ROCH,NON,2204,15:09,EST,VALENCE TGV RHONE-ALPES SUD,JCRHONRHIN,FRVLA,13:55,FRMPL
1711,2023-08-13,BELFORT-MONTBELIARD TGV,NON,2204,20:13,EST,STRASBOURG,JCRHONRHIN,FRAEG,18:47,FRTJA
1712,2023-08-13,BESANCON - F COMTE TGV,NON,2204,20:13,EST,STRASBOURG,JCRHONRHIN,FRAEG,18:22,FRTJB
1713,2023-08-13,BESANCON - F COMTE TGV,NON,2204,19:41,EST,COLMAR,JCRHONRHIN,FRAEJ,18:22,FRTJB
1714,2023-08-13,VALENCE TGV RHONE-ALPES SUD,NON,2204,18:44,EST,BELFORT-MONTBELIARD TGV,JCRHONRHIN,FRTJA,15:12,FRVLA
1715,2023-08-13,QUIMPERLE,OUI,8751,23:30,ATLANTIQUE,ROSPORDEN,PARISBRETA,FRRSP,23:16,FRECO
1716,2023-08-13,PARIS (intramuros),NON,8751,23:13,ATLANTIQUE,QUIMPERLE,PARISBRETA,FRECO,19:54,FRPMO
1717,2023-08-13,PARIS (intramuros),NON,8751,22:59,ATLANTIQUE,LORIENT,PARISBRETA,FRLRT,19:54,FRPMO
1718,2023-08-13,RENNES,NON,8751,22:59,ATLANTIQUE,LORIENT,PARISBRETA,FRLRT,21:29,FRRNS
1719,2023-08-13,VANNES,OUI,8751,22:41,ATLANTIQUE,AURAY,PARISBRETA,FRXUY,22:31,FRVNE
1720,2023-08-13,REDON,NON,8751,23:45,ATLANTIQUE,QUIMPER,PARISBRETA,FRUIP,22:05,FRXRN
1721,2023-08-13,AURAY,OUI,8751,23:13,ATLANTIQUE,QUIMPERLE,PARISBRETA,FRECO,22:44,FRXUY
1722,2023-08-13,AURAY,OUI,8751,22:59,ATLANTIQUE,LORIENT,PARISBRETA,FRLRT,22:44,FRXUY
1723,2023-08-13,AURAY,OUI,8751,23:45,ATLANTIQUE,QUIMPER,PARISBRETA,FRUIP,22:44,FRXUY
1724,2023-08-13,NIMES,OUI,9812,14:03,NORD,MONTPELLIER SAINT-ROCH,JCNORDSUD,FRMPL,13:38,FRFNI
1725,2023-08-13,DAX,OUI,8541,16:56,ATLANTIQUE,HENDAYE,PASUDOUEST,FRAEF,15:41,FRACG
1726,2023-08-13,DAX,OUI,8541,16:26,ATLANTIQUE,BIARRITZ,PASUDOUEST,FRBIQ,15:41,FRACG
1727,2023-08-13,BAYONNE,OUI,8541,16:56,ATLANTIQUE,HENDAYE,PASUDOUEST,FRAEF,16:17,FRXBY
1728,2023-08-13,BAYONNE,OUI,8541,16:26,ATLANTIQUE,BIARRITZ,PASUDOUEST,FRBIQ,16:17,FRXBY
1729,2023-08-13,LYON (intramuros),OUI,6627,20:10,SUD EST,LYON (intramuros),PARISRHONE,FRLPE,20:02,FRLPD
1730,2023-08-13,PARIS (intramuros),OUI,6627,19:56,SUD EST,LYON (intramuros),PARISRHONE,FRLPD,17:52,FRPLY
1731,2023-08-13,MULHOUSE VILLE,OUI,6704,13:23,SUD EST,DIJON VILLE,BOURPA,FRABA,12:05,FRAEK
1732,2023-08-13,MULHOUSE VILLE,OUI,6704,12:28,SUD EST,BELFORT-MONTBELIARD TGV,BOURPA,FRTJA,12:05,FRAEK
1733,2023-08-13,GRENOBLE,OUI,6928,21:50,SUD EST,LYON-SAINT EXUPERY TGV,GRENOBLEPA,FRJDQ,20:47,FRGNB
1734,2023-08-13,AVIGNON TGV,OUI,6134,23:30,SUD EST,PARIS (intramuros),PROVENCEPA,FRPLY,20:45,FRAVG
1735,2023-08-13,AGEN,NON,4655,09:27,IC ARO,CARCASSONNE,TJOURSOSE,FRCCF,07:33,FRAGF
1736,2023-08-13,AGEN,NON,4655,10:54,IC ARO,MONTPELLIER SAINT-ROCH,TJOURSOSE,FRMPL,07:33,FRAGF
1737,2023-08-13,BORDEAUX ST JEAN,NON,4655,10:15,IC ARO,BEZIERS,TJOURSOSE,FRBZR,06:28,FRBOJ
1738,2023-08-13,CARCASSONNE,NON,4655,11:22,IC ARO,NIMES,TJOURSOSE,FRFNI,09:29,FRCCF
1739,2023-08-13,CARCASSONNE,NON,4655,12:36,IC ARO,MARSEILLE ST CHARLES,TJOURSOSE,FRMSC,09:29,FRCCF
1740,2023-08-13,MONTAUBAN VILLE BOURBON,NON,4655,09:58,IC ARO,NARBONNE,TJOURSOSE,FRXNA,08:10,FRXMW
1741,2023-08-13,NARBONNE,NON,4655,12:36,IC ARO,MARSEILLE ST CHARLES,TJOURSOSE,FRMSC,10:01,FRXNA
1742,2023-08-13,CARCASSONNE,NON,6873,17:12,SUD EST,BEZIERS,JCSUDPROV,FRBZR,16:27,FRCCF
1743,2023-08-13,NARBONNE,NON,6873,17:12,SUD EST,BEZIERS,JCSUDPROV,FRBZR,16:59,FRXNA
1744,2023-08-13,SETE,NON,6873,17:55,SUD EST,MONTPELLIER SAINT-ROCH,JCSUDPROV,FRMPL,17:39,FRXSY
1745,2023-08-13,NIMES,OUI,6033,13:15,SUD EST,MONTPELLIER SAINT-ROCH,PALANG,FRMPL,12:50,FRFNI
1746,2023-08-13,VALENCE TGV RHONE-ALPES SUD,NON,6033,12:45,SUD EST,NIMES,PALANG,FRFNI,12:00,FRVLA
1747,2023-08-13,AIX EN PROVENCE TGV,OUI,6136,09:22,SUD EST,PARIS (intramuros),PROVENCEPA,FRPLY,06:18,FRAIE
1748,2023-08-13,MARSEILLE ST CHARLES,OUI,6136,09:22,SUD EST,PARIS (intramuros),PROVENCEPA,FRPLY,06:04,FRMSC
1749,2023-08-13,MASSY TGV,OUI,5380,10:02,SUD EST,LAVAL,JCSUDATL,FRACR,08:39,FRDJU
1750,2023-08-13,LYON (intramuros),OUI,5380,10:02,SUD EST,LAVAL,JCSUDATL,FRACR,06:30,FRLPD
1751,2023-08-13,BEZIERS,OUI,6223,21:56,SUD EST,PERPIGNAN,PALANG,FRPGF,21:07,FRBZR
1752,2023-08-13,BEZIERS,OUI,6223,21:20,SUD EST,NARBONNE,PALANG,FRXNA,21:07,FRBZR
1753,2023-08-13,NIMES,NON,6223,20:15,SUD EST,MONTPELLIER SAINT-ROCH,PALANG,FRMPL,19:50,FRFNI
1754,2023-08-13,NIMES,NON,6223,21:56,SUD EST,PERPIGNAN,PALANG,FRPGF,19:50,FRFNI
1755,2023-08-13,MONTPELLIER SAINT-ROCH,NON,6223,21:56,SUD EST,PERPIGNAN,PALANG,FRPGF,20:21,FRMPL
1756,2023-08-13,PARIS (intramuros),NON,6223,21:56,SUD EST,PERPIGNAN,PALANG,FRPGF,16:42,FRPLY
1757,2023-08-13,PARIS (intramuros),NON,6223,20:50,SUD EST,AGDE,PALANG,FRXAG,16:42,FRPLY
1758,2023-08-13,VALENCE TGV RHONE-ALPES SUD,NON,6223,21:56,SUD EST,PERPIGNAN,PALANG,FRPGF,19:01,FRVLA
1759,2023-08-13,VALENCE TGV RHONE-ALPES SUD,NON,6223,20:50,SUD EST,AGDE,PALANG,FRXAG,19:01,FRVLA
1760,2023-08-13,AGDE,NON,6223,21:56,SUD EST,PERPIGNAN,PALANG,FRPGF,20:53,FRXAG
1761,2023-08-13,NARBONNE,OUI,6223,21:56,SUD EST,PERPIGNAN,PALANG,FRPGF,21:23,FRXNA
1762,2023-08-13,DIJON VILLE,NON,5521,12:24,EST,NIMES,JCRHINRHON,FRFNI,09:21,FRABA
1763,2023-08-13,DIJON VILLE,NON,5521,12:55,EST,MONTPELLIER SAINT-ROCH,JCRHINRHON,FRMPL,09:21,FRABA
1764,2023-08-13,METZ VILLE,NON,5521,09:11,EST,DIJON VILLE,JCRHINRHON,FRABA,05:46,FRADE
1765,2023-08-13,METZ VILLE,OUI,5521,07:48,EST,MULHOUSE VILLE,JCRHINRHON,FRAEK,05:46,FRADE
1766,2023-08-13,STRASBOURG,OUI,5521,07:13,EST,COLMAR,JCRHINRHON,FRAEJ,06:47,FRAEG
1767,2023-08-13,STRASBOURG,OUI,5521,07:48,EST,MULHOUSE VILLE,JCRHINRHON,FRAEK,06:47,FRAEG
1768,2023-08-13,STRASBOURG,NON,5521,10:56,EST,LYON (intramuros),JCRHINRHON,FRLPD,06:47,FRAEG
1769,2023-08-13,COLMAR,NON,5521,09:11,EST,DIJON VILLE,JCRHINRHON,FRABA,07:16,FRAEJ
1770,2023-08-13,NIMES,OUI,5521,12:55,EST,MONTPELLIER SAINT-ROCH,JCRHINRHON,FRMPL,12:27,FRFNI
1771,2023-08-13,BELFORT-MONTBELIARD TGV,NON,5521,09:11,EST,DIJON VILLE,JCRHINRHON,FRABA,08:17,FRTJA
1772,2023-08-13,BELFORT-MONTBELIARD TGV,NON,5521,10:56,EST,LYON (intramuros),JCRHINRHON,FRLPD,08:17,FRTJA
1773,2023-08-13,BELFORT-MONTBELIARD TGV,NON,5521,12:55,EST,MONTPELLIER SAINT-ROCH,JCRHINRHON,FRMPL,08:17,FRTJA
1774,2023-08-13,BELFORT-MONTBELIARD TGV,OUI,5521,08:38,EST,BESANCON - F COMTE TGV,JCRHINRHON,FRTJB,08:17,FRTJA
1775,2023-08-13,CHALON SUR SAONE,NON,5521,12:55,EST,MONTPELLIER SAINT-ROCH,JCRHINRHON,FRMPL,09:56,FRXCD
1776,2023-08-13,OFFENBOURG/OFFENBURG,OUI,9408,08:13,EST,STRASBOURG,MULHSTRAPA,FRAEG,07:50,DEZPA
1777,2023-08-13,LAHR SCHWARZW,OUI,9408,07:49,EST,OFFENBOURG/OFFENBURG,MULHSTRAPA,DEZPA,07:37,DEANL
1778,2023-08-13,FREIBURG BREISGAU HBF,OUI,9408,07:26,EST,RINGSHEIM/EU-PARK,MULHSTRAPA,DERSH,07:08,DEFGB
1779,2023-08-13,RINGSHEIM/EU-PARK,OUI,9408,07:49,EST,OFFENBOURG/OFFENBURG,MULHSTRAPA,DEZPA,07:28,DERSH
1780,2023-08-13,RINGSHEIM/EU-PARK,NON,9408,10:05,EST,PARIS (intramuros),MULHSTRAPA,FRPST,07:28,DERSH
1781,2023-08-13,RINGSHEIM/EU-PARK,OUI,9408,08:13,EST,STRASBOURG,MULHSTRAPA,FRAEG,07:28,DERSH
1782,2023-08-13,AIX EN PROVENCE TGV,OUI,6120,17:30,SUD EST,PARIS (intramuros),PROVENCEPA,FRPLY,14:18,FRAIE
1783,2023-08-13,AVIGNON TGV,OUI,6120,17:30,SUD EST,PARIS (intramuros),PROVENCEPA,FRPLY,14:40,FRAVG
1784,2023-08-13,MARSEILLE ST CHARLES,OUI,6120,17:30,SUD EST,PARIS (intramuros),PROVENCEPA,FRPLY,14:04,FRMSC
1785,2023-08-13,DAX,OUI,8585,19:35,ATLANTIQUE,BORDEAUX ST JEAN,SUDOUESTPA,FRBOJ,18:17,FRACG
1786,2023-08-13,ORTHEZ,OUI,8585,18:13,ATLANTIQUE,DAX,SUDOUESTPA,FRACG,17:44,FRGFI
1787,2023-08-13,LOURDES,OUI,8585,17:41,ATLANTIQUE,ORTHEZ,SUDOUESTPA,FRGFI,16:49,FRLDE
1788,2023-08-13,TARBES,OUI,8585,17:17,ATLANTIQUE,PAU,SUDOUESTPA,FRAEE,16:25,FRXTB
1789,2023-08-13,TARBES,OUI,8585,16:39,ATLANTIQUE,LOURDES,SUDOUESTPA,FRLDE,16:25,FRXTB
1790,2023-08-13,MONTPELLIER SUD DE FRANCE,OUI,6054,19:51,SUD EST,VALENCE TGV RHONE-ALPES SUD,LANGPA,FRVLA,18:52,FRSUF
1791,2023-08-13,NIMES PONT DU GARD,OUI,6054,22:08,SUD EST,PARIS (intramuros),LANGPA,FRPLY,19:14,FRXZP
1792,2023-08-13,MONTPELLIER SUD DE FRANCE,OUI,6054,19:11,SUD EST,NIMES PONT DU GARD,LANGPA,FRXZP,18:52,FRSUF
1793,2023-08-13,BIARRITZ,NON,3742,06:08,IC NUIT,LES AUBRAIS ORLEANS,PALOMBEPAR,FRLAB,19:13,FRBIQ
1794,2023-08-13,LOURDES,NON,3742,06:08,IC NUIT,LES AUBRAIS ORLEANS,PALOMBEPAR,FRLAB,21:58,FRLDE
1795,2023-08-13,LOURDES,NON,3742,07:19,IC NUIT,PARIS (intramuros),PALOMBEPAR,FRPAZ,21:58,FRLDE
1796,2023-08-13,TARBES,NON,3742,07:19,IC NUIT,PARIS (intramuros),PALOMBEPAR,FRPAZ,22:14,FRXTB
1797,2023-08-13,SURGERES,OUI,8391,21:21,ATLANTIQUE,LA ROCHELLE VILLE,PAROCHELLE,FRLRH,21:00,FREIP
1798,2023-08-13,ST MAIXENT DEUX SEVRES,OUI,8391,21:21,ATLANTIQUE,LA ROCHELLE VILLE,PAROCHELLE,FRLRH,20:21,FREJC
1799,2023-08-13,NIORT,OUI,8391,20:58,ATLANTIQUE,SURGERES,PAROCHELLE,FREIP,20:40,FRNIT
1800,2023-08-13,PARIS (intramuros),OUI,8391,20:37,ATLANTIQUE,NIORT,PAROCHELLE,FRNIT,18:24,FRPMO
1801,2023-08-13,CAMPAGNAC ST GENIEZ,NON,15940,12:26,IC SRO,BANASSAC LA CANOURGUE,JOUNOREST,FRINH,12:12,FRINJ
1802,2023-08-13,MASSIAC BLESLE,NON,15940,15:16,IC SRO,ARVANT,JOUNOREST,FRARV,14:58,FRHMY
1803,2023-08-13,MASSIAC BLESLE,NON,15940,16:01,IC SRO,CLERMONT FERRAND,JOUNOREST,FRCFE,14:58,FRHMY
1804,2023-08-13,BEZIERS,NON,15940,11:56,IC SRO,SEVERAC LE CHATEAU,JOUNOREST,FRSVC,09:33,FRBZR
1805,2023-08-13,ST CHELY D'APCHER,NON,15940,16:01,IC SRO,CLERMONT FERRAND,JOUNOREST,FRCFE,13:28,FRINB
1806,2023-08-13,BEZIERS,NON,15940,12:49,IC SRO,MARVEJOLS,JOUNOREST,FRINE,09:33,FRBZR
1807,2023-08-13,ST GEORGES DE LUZENCON,NON,15940,14:27,IC SRO,NEUSSARGUES,JOUNOREST,FRNEU,11:14,FRINM
1808,2023-08-13,BEDARIEUX,NON,15940,12:49,IC SRO,MARVEJOLS,JOUNOREST,FRINE,10:08,FRIMH
1809,2023-08-13,ST CHELY D'APCHER,NON,15940,15:35,IC SRO,ISSOIRE,JOUNOREST,FRHLB,13:28,FRINB
1810,2023-08-13,BEZIERS,NON,15940,10:18,IC SRO,LE BOUSQUET D'ORB,JOUNOREST,FRIMG,09:33,FRBZR
1811,2023-08-13,BEZIERS,NON,15940,15:35,IC SRO,ISSOIRE,JOUNOREST,FRHLB,09:33,FRBZR
1812,2023-08-13,MILLAU,NON,15940,12:49,IC SRO,MARVEJOLS,JOUNOREST,FRINE,11:26,FRMAU
1813,2023-08-13,MILLAU,NON,15940,12:26,IC SRO,BANASSAC LA CANOURGUE,JOUNOREST,FRINH,11:26,FRMAU
1814,2023-08-13,ST CHELY D'APCHER,NON,15940,15:22,IC SRO,BRASSAC LES MINES STE FLORINE,JOUNOREST,FRHLE,13:28,FRINB
1815,2023-08-13,SEVERAC LE CHATEAU,NON,15940,15:16,IC SRO,ARVANT,JOUNOREST,FRARV,11:58,FRSVC
1816,2023-08-13,CAMPAGNAC ST GENIEZ,NON,15940,16:01,IC SRO,CLERMONT FERRAND,JOUNOREST,FRCFE,12:12,FRINJ
1817,2023-08-13,BEDARIEUX,NON,15940,11:24,IC SRO,MILLAU,JOUNOREST,FRMAU,10:08,FRIMH
1818,2023-08-13,SEVERAC LE CHATEAU,NON,15940,14:27,IC SRO,NEUSSARGUES,JOUNOREST,FRNEU,11:58,FRSVC
1819,2023-08-13,AUMONT AUBRAC,NON,15940,14:27,IC SRO,NEUSSARGUES,JOUNOREST,FRNEU,13:15,FRINC
1820,2023-08-13,MILLAU,NON,15940,14:57,IC SRO,MASSIAC BLESLE,JOUNOREST,FRHMY,11:26,FRMAU
1821,2023-08-13,AUMONT AUBRAC,NON,15940,15:16,IC SRO,ARVANT,JOUNOREST,FRARV,13:15,FRINC
1822,2023-08-13,TOURNEMIRE ROQUEFORT,NON,15940,11:06,IC SRO,ST ROME DE CERNON,JOUNOREST,FRINN,10:59,FRINO
1823,2023-08-13,BEDARIEUX,NON,15940,15:16,IC SRO,ARVANT,JOUNOREST,FRARV,10:08,FRIMH
1824,2023-08-13,MILLAU,NON,15940,15:35,IC SRO,ISSOIRE,JOUNOREST,FRHLB,11:26,FRMAU
1825,2023-08-13,ST ROME DE CERNON,NON,15940,13:27,IC SRO,ST CHELY D'APCHER,JOUNOREST,FRINB,11:07,FRINN
1826,2023-08-13,ST ROME DE CERNON,NON,15940,15:35,IC SRO,ISSOIRE,JOUNOREST,FRHLB,11:07,FRINN
1827,2023-08-13,CEILHES ROQUEREDONDE,NON,15940,14:06,IC SRO,ST FLOUR CHAUDES AIGUES,JOUNOREST,FRIMW,10:34,FRIMC
1828,2023-08-13,BANASSAC LA CANOURGUE,NON,15940,13:14,IC SRO,AUMONT AUBRAC,JOUNOREST,FRINC,12:29,FRINH
1829,2023-08-13,BEDARIEUX,NON,15940,15:22,IC SRO,BRASSAC LES MINES STE FLORINE,JOUNOREST,FRHLE,10:08,FRIMH
1830,2023-08-13,ST GEORGES DE LUZENCON,NON,15940,12:49,IC SRO,MARVEJOLS,JOUNOREST,FRINE,11:14,FRINM
1831,2023-08-13,LE BOUSQUET D'ORB,NON,15940,15:35,IC SRO,ISSOIRE,JOUNOREST,FRHLB,10:19,FRIMG
1832,2023-08-13,BANASSAC LA CANOURGUE,NON,15940,15:35,IC SRO,ISSOIRE,JOUNOREST,FRHLB,12:29,FRINH
1833,2023-08-13,TOURNEMIRE ROQUEFORT,NON,15940,15:22,IC SRO,BRASSAC LES MINES STE FLORINE,JOUNOREST,FRHLE,10:59,FRINO
1834,2023-08-13,LE BOUSQUET D'ORB,NON,15940,13:27,IC SRO,ST CHELY D'APCHER,JOUNOREST,FRINB,10:19,FRIMG
1835,2023-08-13,ST ROME DE CERNON,NON,15940,11:56,IC SRO,SEVERAC LE CHATEAU,JOUNOREST,FRSVC,11:07,FRINN
1836,2023-08-13,ST GEORGES DE LUZENCON,NON,15940,12:26,IC SRO,BANASSAC LA CANOURGUE,JOUNOREST,FRINH,11:14,FRINM
1837,2023-08-13,ST GEORGES DE LUZENCON,NON,15940,14:06,IC SRO,ST FLOUR CHAUDES AIGUES,JOUNOREST,FRIMW,11:14,FRINM
1838,2023-08-13,MAGALAS,NON,15940,12:49,IC SRO,MARVEJOLS,JOUNOREST,FRINE,09:47,FRIMK
1839,2023-08-13,ST ROME DE CERNON,NON,15940,13:14,IC SRO,AUMONT AUBRAC,JOUNOREST,FRINC,11:07,FRINN
1840,2023-08-13,CAMPAGNAC ST GENIEZ,NON,15940,15:16,IC SRO,ARVANT,JOUNOREST,FRARV,12:12,FRINJ
1841,2023-08-13,TOURNEMIRE ROQUEFORT,NON,15940,13:27,IC SRO,ST CHELY D'APCHER,JOUNOREST,FRINB,10:59,FRINO
1842,2023-08-13,BEDARIEUX,NON,15940,12:11,IC SRO,CAMPAGNAC ST GENIEZ,JOUNOREST,FRINJ,10:08,FRIMH
1843,2023-08-13,TBD,NON,15940,12:41,IC SRO,TBD,JOUNOREST,FRLMR,11:26,FRMAU
1844,2023-08-13,STRASBOURG,OUI,9591,19:54,EST,LAHR SCHWARZW,PASTRAMULH,DEANL,19:17,FRAEG
1845,2023-08-13,STRASBOURG,OUI,9591,20:02,EST,RINGSHEIM/EU-PARK,PASTRAMULH,DERSH,19:17,FRAEG
1846,2023-08-13,LYON (intramuros),OUI,5338,21:47,SUD EST,LYON (intramuros),JCATLSUD,FRLPE,21:39,FRLPD
1847,2023-08-13,ZUERICH HB,NON,9206,08:28,INTERNATIONAL,BASEL SBB,ZURBALPA,CHAJP,07:34,CHAJD
1848,2023-08-13,BASEL SBB,NON,9206,09:17,INTERNATIONAL,BELFORT-MONTBELIARD TGV,ZURBALPA,FRTJA,08:34,CHAJP
1849,2023-08-13,MULHOUSE VILLE,NON,9206,11:38,INTERNATIONAL,PARIS (intramuros),ZURBALPA,FRPLY,08:56,FRAEK
1850,2023-08-13,ANGOULEME,OUI,8491,21:16,ATLANTIQUE,LIBOURNE,PASUDOUEST,FRXLR,20:37,FRANG
1851,2023-08-13,POITIERS,OUI,8491,21:44,ATLANTIQUE,BORDEAUX ST JEAN,PASUDOUEST,FRBOJ,19:54,FRPIS
1852,2023-08-13,STRASBOURG,NON,2098,20:02,EST,BORDEAUX ST JEAN,JCESTATL,FRBOJ,14:01,FRAEG
1853,2023-08-13,CHAMPAGNE-ARDENNE,NON,2098,20:02,EST,BORDEAUX ST JEAN,JCESTATL,FRBOJ,15:34,FREAH
1854,2023-08-13,CHAMPAGNE-ARDENNE,NON,2098,17:04,EST,MASSY TGV,JCESTATL,FRDJU,15:34,FREAH
1855,2023-08-13,CHAMPAGNE-ARDENNE,NON,2098,18:40,EST,POITIERS,JCESTATL,FRPIS,15:34,FREAH
1856,2023-08-13,CHAMPAGNE-ARDENNE,NON,2098,18:06,EST,ST PIERRE DES CORPS,JCESTATL,FRXSH,15:34,FREAH
1857,2023-08-13,MEUSE TGV,NON,2098,19:22,EST,ANGOULEME,JCESTATL,FRANG,15:05,FREAJ
1858,2023-08-13,MEUSE TGV,NON,2098,18:06,EST,ST PIERRE DES CORPS,JCESTATL,FRXSH,15:05,FREAJ
1859,2023-08-13,LORRAINE TGV,NON,2098,19:22,EST,ANGOULEME,JCESTATL,FRANG,14:39,FREAM
1860,2023-08-13,LORRAINE TGV,NON,2098,16:27,EST,MARNE LA VALLEE CHESSY,JCESTATL,FRMLV,14:39,FREAM
1861,2023-08-13,MARNE LA VALLEE CHESSY,NON,2098,20:02,EST,BORDEAUX ST JEAN,JCESTATL,FRBOJ,16:32,FRMLV
1862,2023-08-13,AEROPORT CDG2 TGV ROISSY,NON,2098,19:22,EST,ANGOULEME,JCESTATL,FRANG,16:18,FRMLW
1863,2023-08-13,POITIERS,NON,2098,20:02,EST,BORDEAUX ST JEAN,JCESTATL,FRBOJ,18:43,FRPIS
1864,2023-08-13,ST PIERRE DES CORPS,NON,2098,20:02,EST,BORDEAUX ST JEAN,JCESTATL,FRBOJ,18:10,FRXSH
1865,2023-08-13,BORDEAUX ST JEAN,NON,4669,23:22,IC ARO,NIMES,TJOURSOSE,FRFNI,18:28,FRBOJ
1866,2023-08-13,CARCASSONNE,OUI,4669,23:22,IC ARO,NIMES,TJOURSOSE,FRFNI,21:29,FRCCF
1867,2023-08-13,MARMANDE,NON,4669,21:27,IC ARO,CARCASSONNE,TJOURSOSE,FRCCF,19:06,FRXMR
1868,2023-08-13,SETE,OUI,4669,23:22,IC ARO,NIMES,TJOURSOSE,FRFNI,22:36,FRXSY
1869,2023-08-13,TOULOUSE MATABIAU,OUI,4669,22:54,IC ARO,MONTPELLIER SAINT-ROCH,TJOURSOSE,FRMPL,20:45,FRXYT
1870,2023-08-13,KAISERSLAUTERN HBF,NON,9551,12:59,INTERNATIONAL,FRANKFURT MAIN HBF,PAFRANC,DEFRH,11:36,DEKLT
1871,2023-08-13,SARREBRUCK/SAARBRUECKEN,NON,9551,11:34,INTERNATIONAL,KAISERSLAUTERN HBF,PAFRANC,DEKLT,10:58,DESBK
1872,2023-08-13,BREST,NON,8610,12:01,ATLANTIQUE,LAVAL,BRETAPARIS,FRACR,09:07,FRBES
1873,2023-08-13,BREST,OUI,8610,10:33,ATLANTIQUE,ST BRIEUC,BRETAPARIS,FRSBK,09:07,FRBES
1874,2023-08-13,GUINGAMP,NON,8610,11:29,ATLANTIQUE,RENNES,BRETAPARIS,FRRNS,10:18,FRGGP
1875,2023-08-13,MORLAIX,NON,8610,13:19,ATLANTIQUE,PARIS (intramuros),BRETAPARIS,FRPMO,09:44,FRMXN
1876,2023-08-13,PLOUARET TREGOR,NON,8610,13:19,ATLANTIQUE,PARIS (intramuros),BRETAPARIS,FRPMO,10:02,FRPLT
1877,2023-08-13,ST BRIEUC,NON,8610,12:01,ATLANTIQUE,LAVAL,BRETAPARIS,FRACR,10:37,FRSBK
1878,2023-08-13,LANDERNEAU,OUI,8610,09:59,ATLANTIQUE,PLOUARET TREGOR,BRETAPARIS,FRPLT,09:20,FRXLD
1879,2023-08-13,LANDERNEAU,NON,8610,12:01,ATLANTIQUE,LAVAL,BRETAPARIS,FRACR,09:20,FRXLD
1880,2023-08-13,LE MANS,OUI,9886,08:18,NORD,MASSY TGV,JCBRETNORD,FRDJU,07:26,FRAET
1881,2023-08-13,LE MANS,OUI,9886,09:10,NORD,AEROPORT CDG2 TGV ROISSY,JCBRETNORD,FRMLW,07:26,FRAET
1882,2023-08-13,NANTES,OUI,9886,06:38,NORD,ANGERS ST LAUD,JCBRETNORD,FRACL,06:01,FRNTE
1883,2023-08-13,NANTES,OUI,9886,10:17,NORD,LILLE (intramuros),JCBRETNORD,FRLLE,06:01,FRNTE
1884,2023-08-13,CHAMBERY CHALLES LES EAUX,NON,6980,21:14,SUD EST,PARIS (intramuros),ALPESPARIS,FRPLY,18:22,FRCMF
1885,2023-08-13,AIX LES BAINS LE REVARD,OUI,6980,19:38,SUD EST,MACON LOCHE TGV,ALPESPARIS,FRMLT,17:59,FRXAI
1886,2023-08-13,PARIS (intramuros),OUI,8393,21:41,ATLANTIQUE,NIORT,PAROCHELLE,FRNIT,19:16,FRPMO
1887,2023-08-13,PARIS (intramuros),NON,8547,18:25,ATLANTIQUE,BIARRITZ,PASUDOUEST,FRBIQ,14:03,FRPMO
1888,2023-08-13,PARIS (intramuros),NON,9789,23:00,INTERNATIONAL,BELLEGARDE,PAGENEVE,FRXBF,20:18,FRPLY
1889,2023-08-13,BRIVE LA GAILLARDE,OUI,3684,20:25,IC ARO,ISSOUDUN,TOULOUZECO,FRFMN,17:55,FRBVE
1890,2023-08-13,BRIVE LA GAILLARDE,OUI,3684,19:31,IC ARO,LA SOUTERRAINE,TOULOUZECO,FRLST,17:55,FRBVE
1891,2023-08-13,CHATEAUROUX,OUI,3684,20:46,IC ARO,VIERZON VILLE,TOULOUZECO,FRXVZ,20:10,FRCHR
1892,2023-08-13,ISSOUDUN,OUI,3684,22:19,IC ARO,PARIS (intramuros),TOULOUZECO,FRPAZ,20:26,FRFMN
1893,2023-08-13,LA SOUTERRAINE,OUI,3684,20:46,IC ARO,VIERZON VILLE,TOULOUZECO,FRXVZ,19:33,FRLST
1894,2023-08-13,VIERZON VILLE,OUI,3684,22:19,IC ARO,PARIS (intramuros),TOULOUZECO,FRPAZ,20:48,FRXVZ
1895,2023-08-13,TOULOUSE MATABIAU,OUI,8522,00:27,ATLANTIQUE,PARIS (intramuros),SUDOUESTPA,FRPMO,20:03,FRXYT
1896,2023-08-13,STRASBOURG,OUI,2377,21:19,EST,COLMAR,PASTRAMULH,FRAEJ,20:47,FRAEG
1897,2023-08-13,ANGERS ST LAUD,OUI,8122,16:23,ATLANTIQUE,LE MANS,LOIREPARIS,FRAET,15:44,FRACL
1898,2023-08-13,LUXEMBOURG,NON,2864,12:20,EST,PARIS (intramuros),LUXMETZPA,FRPST,10:10,LULUX
1899,2023-08-13,LUXEMBOURG,OUI,2864,10:31,EST,THIONVILLE,LUXMETZPA,FRXTH,10:10,LULUX
1900,2023-08-13,PARIS (intramuros),OUI,7585,21:43,NORD,RANG DU FLIERS VERTON,PAARRAS,FRCVU,18:52,FRPNO
1901,2023-08-13,STUTTGART HBF,NON,9577,20:21,INTERNATIONAL,ULM HBF,PASTUTMUN,DEQUL,19:20,DESGT
1902,2023-08-13,STRASBOURG,NON,9577,21:04,INTERNATIONAL,AUGSBURG HBF,PASTUTMUN,DEAGB,17:46,FRAEG
1903,2023-08-13,PARIS (intramuros),NON,9577,21:04,INTERNATIONAL,AUGSBURG HBF,PASTUTMUN,DEAGB,15:55,FRPST
1904,2023-08-13,PARIS (intramuros),NON,9577,18:24,INTERNATIONAL,KARLSRUHE HBF,PASTUTMUN,DEQKA,15:55,FRPST
1905,2023-08-13,PARIS (intramuros),NON,9577,20:21,INTERNATIONAL,ULM HBF,PASTUTMUN,DEQUL,15:55,FRPST
1906,2023-08-13,PARIS (intramuros),NON,9577,19:04,INTERNATIONAL,STUTTGART HBF,PASTUTMUN,DESGT,15:55,FRPST
1907,2023-08-13,KARLSRUHE HBF,NON,9570,20:13,INTERNATIONAL,STRASBOURG,MUNSTUTPA,FRAEG,19:32,DEQKA
1908,2023-08-13,KARLSRUHE HBF,NON,9570,22:05,INTERNATIONAL,PARIS (intramuros),MUNSTUTPA,FRPST,19:32,DEQKA
1909,2023-08-13,STUTTGART HBF,NON,9570,19:30,INTERNATIONAL,KARLSRUHE HBF,MUNSTUTPA,DEQKA,18:52,DESGT
1910,2023-08-13,STUTTGART HBF,NON,9570,20:13,INTERNATIONAL,STRASBOURG,MUNSTUTPA,FRAEG,18:52,DESGT
1911,2023-08-13,STRASBOURG,NON,9570,22:05,INTERNATIONAL,PARIS (intramuros),MUNSTUTPA,FRPST,20:20,FRAEG
1912,2023-08-13,MORLAIX,OUI,8615,14:47,ATLANTIQUE,BREST,PARISBRETA,FRBES,14:14,FRMXN
1913,2023-08-13,PARIS (intramuros),NON,8615,14:47,ATLANTIQUE,BREST,PARISBRETA,FRBES,10:53,FRPMO
1914,2023-08-13,ANGOULEME,OUI,8483,09:45,ATLANTIQUE,LIBOURNE,PASUDOUEST,FRXLR,09:06,FRANG
1915,2023-08-13,PARIS (intramuros),OUI,8483,09:03,ATLANTIQUE,ANGOULEME,PASUDOUEST,FRANG,06:47,FRPMO
1916,2023-08-13,LIBOURNE,OUI,8483,10:12,ATLANTIQUE,BORDEAUX ST JEAN,PASUDOUEST,FRBOJ,09:48,FRXLR
1917,2023-08-13,VENDOME VILLIERS SUR LOIR,OUI,8313,17:43,ATLANTIQUE,TOURS,PAROCHELLE,FRAFW,17:16,FRESL
1918,2023-08-13,PARIS (intramuros),OUI,8313,17:13,ATLANTIQUE,VENDOME VILLIERS SUR LOIR,PAROCHELLE,FRESL,16:28,FRPMO
1919,2023-08-13,PORT LA NOUVELLE,OUI,3736,06:08,IC NUIT,LES AUBRAIS ORLEANS,PALOMBEPAR,FRLAB,20:24,FRILP
1920,2023-08-13,PORT LA NOUVELLE,OUI,3736,07:19,IC NUIT,PARIS (intramuros),PALOMBEPAR,FRPAZ,20:24,FRILP
1921,2023-08-13,CERBERE,OUI,3736,06:08,IC NUIT,LES AUBRAIS ORLEANS,PALOMBEPAR,FRLAB,19:04,FRXCE
1922,2023-08-13,COLLIOURE,OUI,3736,07:19,IC NUIT,PARIS (intramuros),PALOMBEPAR,FRPAZ,19:24,FRXCU
1923,2023-08-13,NARBONNE,OUI,3736,06:08,IC NUIT,LES AUBRAIS ORLEANS,PALOMBEPAR,FRLAB,21:12,FRXNA
1924,2023-08-13,NIMES,NON,6821,08:37,SUD EST,MONTPELLIER SAINT-ROCH,JCPROVSUD,FRMPL,08:07,FRFNI
1925,2023-08-13,LYON (intramuros),NON,6821,09:44,SUD EST,NARBONNE,JCPROVSUD,FRXNA,06:37,FRLPD
1926,2023-08-13,MONTPELLIER SAINT-ROCH,NON,6821,09:00,SUD EST,SETE,JCPROVSUD,FRXSY,08:44,FRMPL
1927,2023-08-13,MONTPELLIER SAINT-ROCH,NON,6821,11:02,SUD EST,TOULOUSE MATABIAU,JCPROVSUD,FRXYT,08:44,FRMPL
1928,2023-08-13,VALENCE TGV RHONE-ALPES SUD,NON,6821,09:44,SUD EST,NARBONNE,JCPROVSUD,FRXNA,07:18,FRVLA
1929,2023-08-13,VALENCE TGV RHONE-ALPES SUD,NON,6821,11:02,SUD EST,TOULOUSE MATABIAU,JCPROVSUD,FRXYT,07:18,FRVLA
1930,2023-08-13,NARBONNE,NON,6821,10:17,SUD EST,CARCASSONNE,JCPROVSUD,FRCCF,09:47,FRXNA
1931,2023-08-13,SETE,NON,6821,09:27,SUD EST,BEZIERS,JCPROVSUD,FRBZR,09:03,FRXSY
1932,2023-08-13,LYON (intramuros),OUI,6632,19:58,SUD EST,LYON (intramuros),RHONEPARIS,FRLPD,19:50,FRLPE
1933,2023-08-13,LYON (intramuros),OUI,6632,22:00,SUD EST,PARIS (intramuros),RHONEPARIS,FRPLY,19:50,FRLPE
1934,2023-08-13,ANGERS ST LAUD,NON,2206,16:20,EST,MASSY TGV,JCATLEST,FRDJU,14:49,FRACL
1935,2023-08-13,MASSY TGV,NON,2206,18:00,EST,CHAMPAGNE-ARDENNE,JCATLEST,FREAH,16:26,FRDJU
1936,2023-08-13,MASSY TGV,NON,2206,17:13,EST,AEROPORT CDG2 TGV ROISSY,JCATLEST,FRMLW,16:26,FRDJU
1937,2023-08-13,CHAMPAGNE-ARDENNE,OUI,2206,19:29,EST,STRASBOURG,JCATLEST,FRAEG,18:10,FREAH
1938,2023-08-13,AEROPORT CDG2 TGV ROISSY,NON,2206,18:48,EST,LORRAINE TGV,JCATLEST,FREAM,17:29,FRMLW
1939,2023-08-13,NANTES,NON,2206,19:29,EST,STRASBOURG,JCATLEST,FRAEG,14:09,FRNTE
1940,2023-08-13,ALBI MADELEINE,NON,3754,06:50,IC NUIT,PARIS (intramuros),OCCITANPAR,FRPAZ,20:55,FRAMA
1941,2023-08-13,CAPDENAC,NON,3754,05:43,IC NUIT,LES AUBRAIS ORLEANS,OCCITANPAR,FRLAB,23:47,FRCDC
1942,2023-08-13,FIGEAC,NON,3754,05:43,IC NUIT,LES AUBRAIS ORLEANS,OCCITANPAR,FRLAB,23:56,FRFIG
1943,2023-08-13,ST CHRISTOPHE,NON,3754,05:43,IC NUIT,LES AUBRAIS ORLEANS,OCCITANPAR,FRLAB,23:06,FRFST
1944,2023-08-13,VIVIEZ DECAZEVILLE,NON,3754,06:50,IC NUIT,PARIS (intramuros),OCCITANPAR,FRPAZ,23:29,FRVZD
1945,2023-08-13,PARIS (intramuros),OUI,2587,10:13,EST,MEUSE TGV,PANANCY,FREAJ,09:13,FRPST
1946,2023-08-13,TOULOUSE MATABIAU,NON,8508,14:52,ATLANTIQUE,PARIS (intramuros),SUDOUESTPA,FRPMO,10:39,FRXYT
1947,2023-08-13,MODANE,NON,9241,13:49,INTERNATIONAL,MILANO P GARIBALDI,PAITALIE,ITMPG,10:55,FRAGR
1948,2023-08-13,CHAMBERY CHALLES LES EAUX,NON,9241,12:23,INTERNATIONAL,TORINO PORTA SUSA,PAITALIE,ITTRS,09:44,FRCMF
1949,2023-08-13,MACON LOCHE TGV,NON,9241,10:52,INTERNATIONAL,MODANE,PAITALIE,FRAGR,08:19,FRMLT
1950,2023-08-13,AIX EN PROVENCE TGV,NON,9868,16:53,NORD,LYON (intramuros),JCSUDNORD,FRLPD,15:24,FRAIE
1951,2023-08-13,AVIGNON TGV,NON,9868,20:43,NORD,BRUXELLES MIDI BRUSSEL ZUID,JCSUDNORD,BEBMI,15:46,FRAVG
1952,2023-08-13,LYON (intramuros),NON,9868,20:43,NORD,BRUXELLES MIDI BRUSSEL ZUID,JCSUDNORD,BEBMI,17:00,FRLPD
1953,2023-08-13,MARSEILLE ST CHARLES,NON,9868,20:43,NORD,BRUXELLES MIDI BRUSSEL ZUID,JCSUDNORD,BEBMI,15:11,FRMSC
1954,2023-08-13,MARSEILLE ST CHARLES,NON,9868,16:53,NORD,LYON (intramuros),JCSUDNORD,FRLPD,15:11,FRMSC
1955,2023-08-13,SARREBRUCK/SAARBRUECKEN,NON,9555,20:17,INTERNATIONAL,MANNHEIM HBF,PAFRANC,DEMHG,18:59,DESBK
1956,2023-08-13,ST MALO,OUI,8096,23:08,ATLANTIQUE,PARIS (intramuros),BRETAPARIS,FRPMO,20:42,FRXSB
1957,2023-08-13,PARIS (intramuros),NON,8717,14:57,ATLANTIQUE,LORIENT,PARISBRETA,FRLRT,11:53,FRPMO
1958,2023-08-13,PARIS (intramuros),NON,8717,13:25,ATLANTIQUE,RENNES,PARISBRETA,FRRNS,11:53,FRPMO
1959,2023-08-13,RENNES,NON,8717,14:38,ATLANTIQUE,AURAY,PARISBRETA,FRXUY,13:29,FRRNS
1960,2023-08-13,NIMES,OUI,6208,23:18,SUD EST,PARIS (intramuros),LANGPA,FRPLY,20:15,FRFNI
1961,2023-08-13,NIMES,OUI,6208,21:00,SUD EST,VALENCE TGV RHONE-ALPES SUD,LANGPA,FRVLA,20:15,FRFNI
1962,2023-08-13,MONTPELLIER SAINT-ROCH,OUI,6208,23:18,SUD EST,PARIS (intramuros),LANGPA,FRPLY,19:44,FRMPL
1963,2023-08-13,BASEL SBB,NON,9203,11:26,INTERNATIONAL,ZUERICH HB,PABALZUR,CHAJD,10:33,CHAJP
1964,2023-08-13,PARIS (intramuros),NON,9203,11:26,INTERNATIONAL,ZUERICH HB,PABALZUR,CHAJD,07:22,FRPLY
1965,2023-08-13,BELFORT-MONTBELIARD TGV,NON,9203,10:26,INTERNATIONAL,BASEL SBB,PABALZUR,CHAJP,09:41,FRTJA
1966,2023-08-13,AIX EN PROVENCE TGV,NON,5066,13:54,NORD,LYON (intramuros),JCSUDNORD,FRLPD,12:26,FRAIE
1967,2023-08-13,AIX EN PROVENCE TGV,NON,5066,15:46,NORD,MARNE LA VALLEE CHESSY,JCSUDNORD,FRMLV,12:26,FRAIE
1968,2023-08-13,AIX EN PROVENCE TGV,NON,5066,16:00,NORD,AEROPORT CDG2 TGV ROISSY,JCSUDNORD,FRMLW,12:26,FRAIE
1969,2023-08-13,LYON (intramuros),NON,5066,16:57,NORD,LILLE (intramuros),JCSUDNORD,FRLLE,14:00,FRLPD
1970,2023-08-13,LYON (intramuros),NON,5066,16:00,NORD,AEROPORT CDG2 TGV ROISSY,JCSUDNORD,FRMLW,14:00,FRLPD
1971,2023-08-13,MARSEILLE ST CHARLES,NON,5066,15:46,NORD,MARNE LA VALLEE CHESSY,JCSUDNORD,FRMLV,12:12,FRMSC
1972,2023-08-13,MEUSE TGV,OUI,2247,19:48,EST,NANCY,PANANCY,FRENC,19:13,FREAJ
1973,2023-08-13,VALLORBE,NON,9278,18:24,INTERNATIONAL,DIJON VILLE,SUISPA,FRABA,17:00,CHAGL
1974,2023-08-13,LAUSANNE,NON,9278,17:13,INTERNATIONAL,FRASNE,SUISPA,FRFRA,16:23,CHAJF
1975,2023-08-13,LAUSANNE,NON,9278,20:04,INTERNATIONAL,PARIS (intramuros),SUISPA,FRPLY,16:23,CHAJF
1976,2023-08-13,FRASNE,OUI,9278,17:57,INTERNATIONAL,DOLE VILLE,SUISPA,FRACE,17:15,FRFRA
1977,2023-08-13,AIX EN PROVENCE TGV,NON,9882,18:54,NORD,LYON (intramuros),JCSUDNORD,FRLPD,17:22,FRAIE
1978,2023-08-13,LILLE (intramuros),OUI,9882,22:43,NORD,BRUXELLES MIDI BRUSSEL ZUID,JCSUDNORD,BEBMI,22:08,FRLLE
1979,2023-08-13,LYON (intramuros),NON,9882,20:47,NORD,MARNE LA VALLEE CHESSY,JCSUDNORD,FRMLV,19:00,FRLPD
1980,2023-08-13,LYON (intramuros),NON,9882,21:01,NORD,AEROPORT CDG2 TGV ROISSY,JCSUDNORD,FRMLW,19:00,FRLPD
1981,2023-08-13,BEZIERS,OUI,6231,13:31,SUD EST,NARBONNE,PALANG,FRXNA,13:17,FRBZR
1982,2023-08-13,NIMES,OUI,6231,13:31,SUD EST,NARBONNE,PALANG,FRXNA,11:55,FRFNI
1983,2023-08-13,MONTPELLIER SAINT-ROCH,OUI,6231,14:17,SUD EST,PERPIGNAN,PALANG,FRPGF,12:26,FRMPL
1984,2023-08-13,MONTPELLIER SAINT-ROCH,OUI,6231,12:42,SUD EST,SETE,PALANG,FRXSY,12:26,FRMPL
1985,2023-08-13,PARIS (intramuros),NON,6231,12:42,SUD EST,SETE,PALANG,FRXSY,08:56,FRPLY
1986,2023-08-13,NARBONNE,OUI,6231,14:17,SUD EST,PERPIGNAN,PALANG,FRPGF,13:34,FRXNA
1987,2023-08-13,SETE,OUI,6231,14:17,SUD EST,PERPIGNAN,PALANG,FRPGF,12:45,FRXSY
1988,2023-08-13,SETE,OUI,6231,13:31,SUD EST,NARBONNE,PALANG,FRXNA,12:45,FRXSY
1989,2023-08-13,NICE VILLE,NON,6170,13:53,SUD EST,AVIGNON TGV,AZURPA,FRAVG,10:54,FRNIC
1990,2023-08-13,ANTIBES,OUI,6170,11:55,SUD EST,ST RAPHAEL VALESCURE,AZURPA,FRXSK,11:16,FRXAT
1991,2023-08-13,ST RAPHAEL VALESCURE,NON,6170,16:34,SUD EST,PARIS (intramuros),AZURPA,FRPLY,11:58,FRXSK
1992,2023-08-13,ST RAPHAEL VALESCURE,OUI,6170,12:43,SUD EST,TOULON,AZURPA,FRTLN,11:58,FRXSK
1993,2023-08-13,LANNION,NON,8692,22:08,ATLANTIQUE,PARIS (intramuros),BRETAPARIS,FRPMO,18:55,FRLAI
1994,2023-08-13,LANNION,OUI,8692,19:40,ATLANTIQUE,ST BRIEUC,BRETAPARIS,FRSBK,18:55,FRLAI
1995,2023-08-13,RENNES,NON,8692,22:08,ATLANTIQUE,PARIS (intramuros),BRETAPARIS,FRPMO,20:35,FRRNS
1996,2023-08-13,STRASBOURG,OUI,9402,18:54,EST,LORRAINE TGV,MULHSTRAPA,FREAM,18:19,FRAEG
1997,2023-08-13,FREIBURG BREISGAU HBF,OUI,9402,17:07,EST,RINGSHEIM/EU-PARK,MULHSTRAPA,DERSH,16:45,DEFGB
1998,2023-08-13,RINGSHEIM/EU-PARK,OUI,9402,17:16,EST,LAHR SCHWARZW,MULHSTRAPA,DEANL,17:08,DERSH
1999,2023-08-13,OFFENBOURG/OFFENBURG,OUI,9402,19:35,EST,CHAMPAGNE-ARDENNE,MULHSTRAPA,FREAH,17:41,DEZPA
2000,2023-08-13,FREIBURG BREISGAU HBF,OUI,9402,18:54,EST,LORRAINE TGV,MULHSTRAPA,FREAM,16:45,DEFGB
2001,2023-08-13,OFFENBOURG/OFFENBURG,OUI,9402,18:54,EST,LORRAINE TGV,MULHSTRAPA,FREAM,17:41,DEZPA
2002,2023-08-13,LAHR SCHWARZW,OUI,9402,19:35,EST,CHAMPAGNE-ARDENNE,MULHSTRAPA,FREAH,17:19,DEANL
2003,2023-08-13,GAP,NON,5790,07:54,IC NUIT,PARIS (intramuros),BRIANCONPA,FRPAZ,21:34,FRGAT
2004,2023-08-13,LUC EN DIOIS,NON,5790,07:54,IC NUIT,PARIS (intramuros),BRIANCONPA,FRPAZ,22:55,FRIFP
2005,2023-08-13,MONTDAUPHIN GUILLESTRE,NON,5790,07:54,IC NUIT,PARIS (intramuros),BRIANCONPA,FRPAZ,20:33,FRIGZ
2006,2023-08-13,VENDOME VILLIERS SUR LOIR,OUI,8320,20:12,ATLANTIQUE,PARIS (intramuros),ROCHELLEPA,FRPMO,19:25,FRESL
2007,2023-08-13,ST PIERRE DES CORPS,OUI,8320,20:12,ATLANTIQUE,PARIS (intramuros),ROCHELLEPA,FRPMO,19:04,FRXSH
2008,2023-08-13,LES AUBRAIS ORLEANS,NON,3741,07:22,IC NUIT,LOURDES,PARPALOMBE,FRLDE,22:49,FRLAB
2009,2023-08-13,LES AUBRAIS ORLEANS,NON,3741,10:10,IC NUIT,ST JEAN DE LUZ CIBOURE,PARPALOMBE,FRXJZ,22:49,FRLAB
2010,2023-08-13,LES AUBRAIS ORLEANS,NON,3741,07:05,IC NUIT,TARBES,PARPALOMBE,FRXTB,22:49,FRLAB
2011,2023-08-13,PARIS (intramuros),NON,3741,08:44,IC NUIT,DAX,PARPALOMBE,FRACG,21:42,FRPAZ
2012,2023-08-13,LYON-SAINT EXUPERY TGV,NON,6193,15:09,SUD EST,MONTELIMAR GARE SNCF,PAVDR,FRXMK,14:11,FRJDQ
2013,2023-08-13,PARIS (intramuros),NON,6193,16:36,SUD EST,MIRAMAS,PAVDR,FRMAZ,12:14,FRPLY
2014,2023-08-13,PARIS (intramuros),NON,6193,15:38,SUD EST,ORANGE,PAVDR,FRXOG,12:14,FRPLY
2015,2023-08-13,FACTURE BIGANOS,OUI,8476,20:24,ATLANTIQUE,ANGOULEME,SUDOUESTPA,FRANG,19:20,FRFAC
2016,2023-08-13,FACTURE BIGANOS,OUI,8476,21:28,ATLANTIQUE,ST PIERRE DES CORPS,SUDOUESTPA,FRXSH,19:20,FRFAC
2017,2023-08-13,LA TESTE,OUI,8476,20:24,ATLANTIQUE,ANGOULEME,SUDOUESTPA,FRANG,19:04,FRFCJ
2018,2023-08-13,LA TESTE,OUI,8476,19:17,ATLANTIQUE,FACTURE BIGANOS,SUDOUESTPA,FRFAC,19:04,FRFCJ
2019,2023-08-13,LA TESTE,OUI,8476,22:37,ATLANTIQUE,PARIS (intramuros),SUDOUESTPA,FRPMO,19:04,FRFCJ
2020,2023-08-13,ARCACHON,OUI,8476,19:44,ATLANTIQUE,BORDEAUX ST JEAN,SUDOUESTPA,FRBOJ,18:58,FRXAC
2021,2023-08-13,ARRAS,OUI,7130,18:08,NORD,PARIS (intramuros),ARRASPA,FRPNO,17:18,FRQRV
2022,2023-08-13,HENDAYE,OUI,8536,12:19,ATLANTIQUE,DAX,SUDOUESTPA,FRACG,11:09,FRAEF
2023,2023-08-13,BIARRITZ,OUI,8536,11:45,ATLANTIQUE,BAYONNE,SUDOUESTPA,FRXBY,11:34,FRBIQ
2024,2023-08-13,BORDEAUX ST JEAN,NON,8536,15:52,ATLANTIQUE,PARIS (intramuros),SUDOUESTPA,FRPMO,13:46,FRBOJ
2025,2023-08-13,ST JEAN DE LUZ CIBOURE,OUI,8536,11:31,ATLANTIQUE,BIARRITZ,SUDOUESTPA,FRBIQ,11:21,FRXJZ
2026,2023-08-13,ST JEAN DE LUZ CIBOURE,NON,8536,15:52,ATLANTIQUE,PARIS (intramuros),SUDOUESTPA,FRPMO,11:21,FRXJZ
2027,2023-08-13,MARNE LA VALLEE CHESSY,NON,5012,12:00,NORD,LYON (intramuros),JCNORDSUD,FRLPD,10:12,FRMLV
2028,2023-08-13,PARIS (intramuros),NON,2613,17:04,EST,METZ VILLE,PAMETZLUX,FRADE,15:40,FRPST
2029,2023-08-13,LYON (intramuros),OUI,6614,13:00,SUD EST,PARIS (intramuros),RHONEPARIS,FRPLY,10:50,FRLPE
2030,2023-08-13,NICE VILLE,OUI,6182,22:50,SUD EST,PARIS (intramuros),AZURPA,FRPLY,16:34,FRNIC
2031,2023-08-13,ANTIBES,OUI,6182,18:41,SUD EST,TOULON,AZURPA,FRTLN,16:51,FRXAT
2032,2023-08-13,PARIS (intramuros),OUI,8323,22:19,ATLANTIQUE,TOURS,PAROCHELLE,FRAFW,20:57,FRPMO
2033,2023-08-13,LES AUBRAIS ORLEANS,NON,3751,04:22,IC NUIT,GOURDON,PAVERMEIL,FRFSI,23:32,FRLAB
2034,2023-08-13,LES AUBRAIS ORLEANS,NON,3751,06:19,IC NUIT,MONTAUBAN VILLE BOURBON,PAVERMEIL,FRXMW,23:32,FRLAB
2035,2023-08-13,PARIS (intramuros),NON,3751,04:22,IC NUIT,GOURDON,PAVERMEIL,FRFSI,22:12,FRPAZ
2036,2023-08-13,PARIS (intramuros),NON,3751,03:59,IC NUIT,SOUILLAC,PAVERMEIL,FRSOU,22:12,FRPAZ
2037,2023-08-13,DAX,OUI,8574,19:14,ATLANTIQUE,LOURDES,PASUDOUEST,FRLDE,17:46,FRACG
2038,2023-08-13,BORDEAUX ST JEAN,NON,8574,19:14,ATLANTIQUE,LOURDES,PASUDOUEST,FRLDE,16:21,FRBOJ
2039,2023-08-13,MASSY TGV,NON,8574,16:15,ATLANTIQUE,BORDEAUX ST JEAN,PASUDOUEST,FRBOJ,14:15,FRDJU
2040,2023-08-13,ORTHEZ,OUI,8574,18:44,ATLANTIQUE,PAU,PASUDOUEST,FRAEE,18:17,FRGFI
2041,2023-08-13,ORTHEZ,OUI,8574,19:36,ATLANTIQUE,TARBES,PASUDOUEST,FRXTB,18:17,FRGFI
2042,2023-08-13,PARIS (intramuros),NON,8574,16:15,ATLANTIQUE,BORDEAUX ST JEAN,PASUDOUEST,FRBOJ,14:03,FRPMO
2043,2023-08-13,CAUSSADE TARN ET GARONNE,NON,3750,05:43,IC NUIT,LES AUBRAIS ORLEANS,OCCITANPAR,FRLAB,23:05,FRFTA
2044,2023-08-13,TOULOUSE MATABIAU,NON,3750,06:50,IC NUIT,PARIS (intramuros),OCCITANPAR,FRPAZ,22:18,FRXYT
2045,2023-08-13,AGEN,NON,4661,15:28,IC ARO,CARCASSONNE,TJOURSOSE,FRCCF,13:33,FRAGF
2046,2023-08-13,AGEN,NON,4661,16:52,IC ARO,MONTPELLIER SAINT-ROCH,TJOURSOSE,FRMPL,13:33,FRAGF
2047,2023-08-13,BORDEAUX ST JEAN,NON,4661,16:14,IC ARO,BEZIERS,TJOURSOSE,FRBZR,12:28,FRBOJ
2048,2023-08-13,BORDEAUX ST JEAN,NON,4661,18:35,IC ARO,MARSEILLE ST CHARLES,TJOURSOSE,FRMSC,12:28,FRBOJ
2049,2023-08-13,CARCASSONNE,NON,4661,17:20,IC ARO,NIMES,TJOURSOSE,FRFNI,15:30,FRCCF
2050,2023-08-13,NIMES,NON,4661,17:48,IC ARO,ARLES,TJOURSOSE,FRHZA,17:23,FRFNI
2051,2023-08-13,NIMES,NON,4661,18:35,IC ARO,MARSEILLE ST CHARLES,TJOURSOSE,FRMSC,17:23,FRFNI
2052,2023-08-13,MONTPELLIER SAINT-ROCH,NON,4661,17:20,IC ARO,NIMES,TJOURSOSE,FRFNI,16:56,FRMPL
2053,2023-08-13,MONTPELLIER SAINT-ROCH,NON,4661,18:35,IC ARO,MARSEILLE ST CHARLES,TJOURSOSE,FRMSC,16:56,FRMPL
2054,2023-08-13,MONTAUBAN VILLE BOURBON,NON,4661,16:14,IC ARO,BEZIERS,TJOURSOSE,FRBZR,14:10,FRXMW
2055,2023-08-13,MONTAUBAN VILLE BOURBON,NON,4661,18:35,IC ARO,MARSEILLE ST CHARLES,TJOURSOSE,FRMSC,14:10,FRXMW
2056,2023-08-13,MONTAUBAN VILLE BOURBON,NON,4661,15:58,IC ARO,NARBONNE,TJOURSOSE,FRXNA,14:10,FRXMW
2057,2023-08-13,NARBONNE,NON,4661,16:14,IC ARO,BEZIERS,TJOURSOSE,FRBZR,16:01,FRXNA
2058,2023-08-13,NARBONNE,NON,4661,17:20,IC ARO,NIMES,TJOURSOSE,FRFNI,16:01,FRXNA
2059,2023-08-13,NARBONNE,NON,4661,18:35,IC ARO,MARSEILLE ST CHARLES,TJOURSOSE,FRMSC,16:01,FRXNA
2060,2023-08-13,STRASBOURG,OUI,5488,19:31,EST,MARNE LA VALLEE CHESSY,JCESTATL,FRMLV,17:01,FRAEG
2061,2023-08-13,STRASBOURG,OUI,5488,19:06,EST,AEROPORT CDG2 TGV ROISSY,JCESTATL,FRMLW,17:01,FRAEG
2062,2023-08-13,LE MANS,OUI,5488,22:19,EST,NANTES,JCESTATL,FRNTE,21:03,FRAET
2063,2023-08-13,MASSY TGV,NON,5488,22:19,EST,NANTES,JCESTATL,FRNTE,20:10,FRDJU
2064,2023-08-13,CHAMPAGNE-ARDENNE,NON,5488,20:04,EST,MASSY TGV,JCESTATL,FRDJU,18:35,FREAH
2065,2023-08-13,CHAMPAGNE-ARDENNE,OUI,5488,19:31,EST,MARNE LA VALLEE CHESSY,JCESTATL,FRMLV,18:35,FREAH
2066,2023-08-13,MEUSE TGV,OUI,5488,19:06,EST,AEROPORT CDG2 TGV ROISSY,JCESTATL,FRMLW,18:09,FREAJ
2067,2023-08-13,LORRAINE TGV,OUI,5488,18:01,EST,MEUSE TGV,JCESTATL,FREAJ,17:42,FREAM
2068,2023-08-13,LORRAINE TGV,OUI,5488,19:31,EST,MARNE LA VALLEE CHESSY,JCESTATL,FRMLV,17:42,FREAM
2069,2023-08-13,AEROPORT CDG2 TGV ROISSY,NON,5488,22:19,EST,NANTES,JCESTATL,FRNTE,19:21,FRMLW
2070,2023-08-13,ETAPLES LE TOUQUET,OUI,7534,19:08,NORD,PARIS (intramuros),ARRASPA,FRPNO,16:22,FRETA
2071,2023-08-13,LILLE (intramuros),OUI,7534,19:08,NORD,PARIS (intramuros),ARRASPA,FRPNO,17:51,FRLLE
2072,2023-08-13,MASSY TGV,NON,5332,13:24,SUD EST,MARSEILLE ST CHARLES,JCATLSUD,FRMSC,09:26,FRDJU
2073,2023-08-13,LYON (intramuros),NON,5332,13:24,SUD EST,MARSEILLE ST CHARLES,JCATLSUD,FRMSC,11:38,FRLPD
2074,2023-08-13,LORIENT,OUI,8723,18:28,ATLANTIQUE,ROSPORDEN,PARISBRETA,FRRSP,18:02,FRLRT
2075,2023-08-13,PARIS (intramuros),NON,8723,18:28,ATLANTIQUE,ROSPORDEN,PARISBRETA,FRRSP,14:41,FRPMO
2076,2023-08-13,ROSPORDEN,OUI,8723,18:44,ATLANTIQUE,QUIMPER,PARISBRETA,FRUIP,18:31,FRRSP
2077,2023-08-13,VANNES,NON,8723,17:40,ATLANTIQUE,AURAY,PARISBRETA,FRXUY,17:31,FRVNE
2078,2023-08-13,REDON,NON,8723,18:12,ATLANTIQUE,QUIMPERLE,PARISBRETA,FRECO,17:05,FRXRN
2079,2023-08-13,REDON,NON,8723,17:59,ATLANTIQUE,LORIENT,PARISBRETA,FRLRT,17:05,FRXRN
2080,2023-08-13,AURAY,OUI,8723,18:44,ATLANTIQUE,QUIMPER,PARISBRETA,FRUIP,17:43,FRXUY
2081,2023-08-13,LE CREUSOT MONTCEAU MONTCHANIN,OUI,6633,23:24,SUD EST,LYON (intramuros),PARISRHONE,FRLPE,22:20,FRXCC
2082,2023-08-13,AIX EN PROVENCE TGV,OUI,5124,23:53,NORD,MARSEILLE ST CHARLES,JCNORDSUD,FRMSC,23:41,FRAIE
2083,2023-08-13,LILLE (intramuros),OUI,5124,23:38,NORD,AIX EN PROVENCE TGV,JCNORDSUD,FRAIE,18:22,FRLLE
2084,2023-08-13,LILLE (intramuros),OUI,5124,23:53,NORD,MARSEILLE ST CHARLES,JCNORDSUD,FRMSC,18:22,FRLLE
2085,2023-08-13,LYON (intramuros),OUI,5124,23:38,NORD,AIX EN PROVENCE TGV,JCNORDSUD,FRAIE,22:06,FRLPD
2086,2023-08-13,MARNE LA VALLEE CHESSY,OUI,5124,23:38,NORD,AIX EN PROVENCE TGV,JCNORDSUD,FRAIE,20:13,FRMLV
2087,2023-08-13,AEROPORT CDG2 TGV ROISSY,OUI,5124,23:38,NORD,AIX EN PROVENCE TGV,JCNORDSUD,FRAIE,20:00,FRMLW
2088,2023-08-13,AEROPORT CDG2 TGV ROISSY,OUI,5124,20:09,NORD,MARNE LA VALLEE CHESSY,JCNORDSUD,FRMLV,20:00,FRMLW
2089,2023-08-13,ARRAS,OUI,5124,23:38,NORD,AIX EN PROVENCE TGV,JCNORDSUD,FRAIE,18:46,FRQRV
2090,2023-08-13,ARRAS,OUI,5124,23:14,NORD,AVIGNON TGV,JCNORDSUD,FRAVG,18:46,FRQRV
2091,2023-08-13,ARRAS,OUI,5124,19:06,NORD,TGV HAUTE PICARDIE,JCNORDSUD,FRTHP,18:46,FRQRV
2092,2023-08-13,TGV HAUTE PICARDIE,OUI,5124,22:00,NORD,LYON (intramuros),JCNORDSUD,FRLPD,19:15,FRTHP
2093,2023-08-13,TGV HAUTE PICARDIE,OUI,5124,19:43,NORD,AEROPORT CDG2 TGV ROISSY,JCNORDSUD,FRMLW,19:15,FRTHP
2094,2023-08-13,PARIS (intramuros),NON,6129,22:41,SUD EST,AIX EN PROVENCE TGV,PAPROVENCE,FRAIE,19:38,FRPLY
2095,2023-08-13,LYON (intramuros),OUI,6630,18:58,SUD EST,LYON (intramuros),RHONEPARIS,FRLPD,18:50,FRLPE
2096,2023-08-13,METZ VILLE,OUI,2680,18:17,EST,CHAMPAGNE-ARDENNE,LUXMETZPA,FREAH,17:28,FRADE
2097,2023-08-13,STRASBOURG,NON,5470,14:47,EST,RENNES,JCESTATL,FRRNS,10:01,FRAEG
2098,2023-08-13,CHAMPAGNE-ARDENNE,NON,5470,13:04,EST,MASSY TGV,JCESTATL,FRDJU,11:28,FREAH
2099,2023-08-13,VANNES,OUI,8744,22:45,ATLANTIQUE,PARIS (intramuros),BRETAPARIS,FRPMO,20:16,FRVNE
2100,2023-08-13,LES ARCS DRAGUIGNAN,OUI,5772,07:54,IC NUIT,PARIS (intramuros),AZURPAR,FRPAZ,20:30,FRXRS
2101,2023-08-13,PARIS (intramuros),OUI,2591,15:06,EST,MEUSE TGV,PANANCY,FREAJ,13:58,FRPST
2102,2023-08-13,MARNE LA VALLEE CHESSY,NON,5450,10:41,EST,POITIERS,JCESTATL,FRPIS,08:35,FRMLV
2103,2023-08-13,MARNE LA VALLEE CHESSY,NON,5450,10:06,EST,ST PIERRE DES CORPS,JCESTATL,FRXSH,08:35,FRMLV
2104,2023-08-13,ST PIERRE DES CORPS,NON,5450,12:02,EST,BORDEAUX ST JEAN,JCESTATL,FRBOJ,10:10,FRXSH
2105,2023-08-13,ST PIERRE DES CORPS,NON,5450,10:41,EST,POITIERS,JCESTATL,FRPIS,10:10,FRXSH
2106,2023-08-13,PARIS (intramuros),NON,5789,04:42,IC NUIT,CREST,PABRIANCON,FRCRE,20:51,FRPAZ
2107,2023-08-13,MARNE LA VALLEE CHESSY,NON,9864,19:01,NORD,AEROPORT CDG2 TGV ROISSY,JCSUDNORD,FRMLW,18:51,FRMLV
2108,2023-08-13,MONTPELLIER SAINT-ROCH,NON,9864,20:43,NORD,BRUXELLES MIDI BRUSSEL ZUID,JCSUDNORD,BEBMI,14:51,FRMPL
2109,2023-08-13,MONTPELLIER SAINT-ROCH,OUI,9864,15:16,NORD,NIMES,JCSUDNORD,FRFNI,14:51,FRMPL
2110,2023-08-13,VALENCE TGV RHONE-ALPES SUD,NON,9864,20:43,NORD,BRUXELLES MIDI BRUSSEL ZUID,JCSUDNORD,BEBMI,16:10,FRVLA
2111,2023-08-13,VALENCE TGV RHONE-ALPES SUD,NON,9864,19:01,NORD,AEROPORT CDG2 TGV ROISSY,JCSUDNORD,FRMLW,16:10,FRVLA
2112,2023-08-13,DIJON VILLE,NON,9877,15:07,EST,MARSEILLE ST CHARLES,JCRHINRHON,FRMSC,11:21,FRABA
2113,2023-08-13,METZ VILLE,NON,9877,14:25,EST,AVIGNON TGV,JCRHINRHON,FRAVG,08:08,FRADE
2114,2023-08-13,METZ VILLE,NON,9877,10:18,EST,BELFORT-MONTBELIARD TGV,JCRHINRHON,FRTJA,08:08,FRADE
2115,2023-08-13,METZ VILLE,NON,9877,13:46,EST,VALENCE TGV RHONE-ALPES SUD,JCRHINRHON,FRVLA,08:08,FRADE
2116,2023-08-13,STRASBOURG,NON,9877,11:11,EST,DIJON VILLE,JCRHINRHON,FRABA,09:03,FRAEG
2117,2023-08-13,STRASBOURG,NON,9877,15:07,EST,MARSEILLE ST CHARLES,JCRHINRHON,FRMSC,09:03,FRAEG
2118,2023-08-13,MULHOUSE VILLE,NON,9877,12:19,EST,MACON VILLE,JCRHINRHON,FRHGU,09:57,FRAEK
2119,2023-08-13,MULHOUSE VILLE,NON,9877,13:00,EST,LYON (intramuros),JCRHINRHON,FRLPD,09:57,FRAEK
2120,2023-08-13,AVIGNON TGV,OUI,9877,15:07,EST,MARSEILLE ST CHARLES,JCRHINRHON,FRMSC,14:28,FRAVG
2121,2023-08-13,MACON VILLE,NON,9877,13:00,EST,LYON (intramuros),JCRHINRHON,FRLPD,12:22,FRHGU
2122,2023-08-13,BELFORT-MONTBELIARD TGV,NON,9877,14:49,EST,AIX EN PROVENCE TGV,JCRHINRHON,FRAIE,10:21,FRTJA
2123,2023-08-13,BELFORT-MONTBELIARD TGV,NON,9877,15:07,EST,MARSEILLE ST CHARLES,JCRHINRHON,FRMSC,10:21,FRTJA
2124,2023-08-13,BELFORT-MONTBELIARD TGV,NON,9877,10:41,EST,BESANCON - F COMTE TGV,JCRHINRHON,FRTJB,10:21,FRTJA
2125,2023-08-13,BESANCON - F COMTE TGV,NON,9877,11:11,EST,DIJON VILLE,JCRHINRHON,FRABA,10:44,FRTJB
2126,2023-08-13,BESANCON - F COMTE TGV,NON,9877,14:25,EST,AVIGNON TGV,JCRHINRHON,FRAVG,10:44,FRTJB
2127,2023-08-13,THIONVILLE,OUI,9877,08:04,EST,METZ VILLE,JCRHINRHON,FRADE,07:47,FRXTH
2128,2023-08-13,THIONVILLE,NON,9877,13:00,EST,LYON (intramuros),JCRHINRHON,FRLPD,07:47,FRXTH
2129,2023-08-13,THIONVILLE,NON,9877,13:46,EST,VALENCE TGV RHONE-ALPES SUD,JCRHINRHON,FRVLA,07:47,FRXTH
2130,2023-08-13,LUXEMBOURG,OUI,9877,08:56,EST,STRASBOURG,JCRHINRHON,FRAEG,07:24,LULUX
2131,2023-08-13,LUXEMBOURG,OUI,9877,09:54,EST,MULHOUSE VILLE,JCRHINRHON,FRAEK,07:24,LULUX
2132,2023-08-13,LUXEMBOURG,NON,9877,10:41,EST,BESANCON - F COMTE TGV,JCRHINRHON,FRTJB,07:24,LULUX
2133,2023-08-13,LUXEMBOURG,NON,9877,13:46,EST,VALENCE TGV RHONE-ALPES SUD,JCRHINRHON,FRVLA,07:24,LULUX
2134,2023-08-13,AIX EN PROVENCE TGV,OUI,6117,19:00,SUD EST,MARSEILLE ST CHARLES,PAPROVENCE,FRMSC,18:48,FRAIE
2135,2023-08-13,CHAMBERY CHALLES LES EAUX,OUI,6949,21:34,SUD EST,ANNECY,PARISALPES,FRNCY,20:52,FRCMF
2136,2023-08-13,KARLSRUHE HBF,NON,9575,17:04,INTERNATIONAL,STUTTGART HBF,PASTUTMUN,DESGT,16:28,DEQKA
2137,2023-08-13,PARIS (intramuros),NON,9575,16:26,INTERNATIONAL,KARLSRUHE HBF,PASTUTMUN,DEQKA,13:55,FRPST
2138,2023-08-13,PERPIGNAN,OUI,6258,14:09,SUD EST,AGDE,LANGPA,FRXAG,13:04,FRPGF
2139,2023-08-13,PERPIGNAN,OUI,6258,13:39,SUD EST,NARBONNE,LANGPA,FRXNA,13:04,FRPGF
2140,2023-08-13,NARBONNE,OUI,6258,13:55,SUD EST,BEZIERS,LANGPA,FRBZR,13:42,FRXNA
2141,2023-08-13,SETE,OUI,6258,15:51,SUD EST,VALENCE TGV RHONE-ALPES SUD,LANGPA,FRVLA,14:28,FRXSY
2142,2023-08-13,NARBONNE,OUI,6258,14:43,SUD EST,MONTPELLIER SUD DE FRANCE,LANGPA,FRSUF,13:42,FRXNA
2143,2023-08-13,MONTPELLIER SUD DE FRANCE,OUI,6258,15:12,SUD EST,NIMES PONT DU GARD,LANGPA,FRXZP,14:50,FRSUF
2144,2023-08-13,BEZIERS,OUI,6258,15:12,SUD EST,NIMES PONT DU GARD,LANGPA,FRXZP,13:58,FRBZR
2145,2023-08-13,NARBONNE,OUI,6258,15:12,SUD EST,NIMES PONT DU GARD,LANGPA,FRXZP,13:42,FRXNA
2146,2023-08-13,PARIS (intramuros),NON,8629,20:38,ATLANTIQUE,BREST,PARISBRETA,FRBES,16:53,FRPMO
2147,2023-08-13,RENNES,NON,8629,20:38,ATLANTIQUE,BREST,PARISBRETA,FRBES,18:32,FRRNS
2148,2023-08-13,ST BRIEUC,OUI,8629,19:33,ATLANTIQUE,GUINGAMP,PARISBRETA,FRGGP,19:19,FRSBK
2149,2023-08-13,MONTPELLIER SAINT-ROCH,NON,9704,18:16,SUD EST,NIMES,BARCELONEPA,FRFNI,17:51,FRMPL
2150,2023-08-13,VALENCE TGV RHONE-ALPES SUD,NON,9704,21:18,SUD EST,PARIS (intramuros),BARCELONEPA,FRPLY,19:06,FRVLA
2151,2023-08-13,AGDE,NON,9704,18:16,SUD EST,NIMES,BARCELONEPA,FRFNI,17:11,FRXAG
2152,2023-08-13,AGDE,NON,9704,21:18,SUD EST,PARIS (intramuros),BARCELONEPA,FRPLY,17:11,FRXAG
2153,2023-08-13,SETE,NON,9704,19:03,SUD EST,VALENCE TGV RHONE-ALPES SUD,BARCELONEPA,FRVLA,17:27,FRXSY
2154,2023-08-13,BARCELONA SANTS,NON,9704,16:39,SUD EST,NARBONNE,BARCELONEPA,FRXNA,14:32,ESBST
2155,2023-08-13,GIRONA,NON,9704,17:08,SUD EST,AGDE,BARCELONEPA,FRXAG,15:13,ESGRO
2156,2023-08-13,GIRONA,NON,9704,16:39,SUD EST,NARBONNE,BARCELONEPA,FRXNA,15:13,ESGRO
2157,2023-08-13,BARCELONA SANTS,NON,9704,17:24,SUD EST,SETE,BARCELONEPA,FRXSY,14:32,ESBST
2158,2023-08-13,GIRONA,NON,9704,16:55,SUD EST,BEZIERS,BARCELONEPA,FRBZR,15:13,ESGRO
2159,2023-08-13,FIGUERES VILA TGV,NON,9704,17:43,SUD EST,MONTPELLIER SAINT-ROCH,BARCELONEPA,FRMPL,15:30,ESFIR
2160,2023-08-13,NIMES,OUI,6210,22:16,SUD EST,VALENCE TGV RHONE-ALPES SUD,LANGPA,FRVLA,21:32,FRFNI
2161,2023-08-13,MONTPELLIER SAINT-ROCH,OUI,6210,21:28,SUD EST,NIMES,LANGPA,FRFNI,20:59,FRMPL
2162,2023-08-13,MONTPELLIER SAINT-ROCH,OUI,6210,00:30,SUD EST,PARIS (intramuros),LANGPA,FRPLY,20:59,FRMPL
2163,2023-08-13,ANGERS ST LAUD,NON,5306,17:49,SUD EST,LYON (intramuros),JCATLSUD,FRLPE,13:27,FRACL
2164,2023-08-13,SAUMUR,NON,5306,17:30,SUD EST,LYON (intramuros),JCATLSUD,FRLPD,13:50,FRACN
2165,2023-08-13,NANTES,NON,5306,17:49,SUD EST,LYON (intramuros),JCATLSUD,FRLPE,12:44,FRNTE
2166,2023-08-13,NANTES,NON,5306,14:24,SUD EST,ST PIERRE DES CORPS,JCATLSUD,FRXSH,12:44,FRNTE
2167,2023-08-13,BORDEAUX ST JEAN,NON,3852,09:53,IC SRO,ROCHEFORT,BORDONANTE,FRRCO,07:53,FRBOJ
2168,2023-08-13,JONZAC,NON,3852,10:58,IC SRO,LUCON,BORDONANTE,FRLCN,08:41,FREMR
2169,2023-08-13,LUCON,NON,3852,11:22,IC SRO,LA ROCHE SUR YON,BORDONANTE,FRXRO,11:00,FRLCN
2170,2023-08-13,LA ROCHELLE VILLE,NON,3852,12:05,IC SRO,NANTES,BORDONANTE,FRNTE,10:19,FRLRH
2171,2023-08-13,ROCHEFORT,NON,3852,11:22,IC SRO,LA ROCHE SUR YON,BORDONANTE,FRXRO,09:55,FRRCO
2172,2023-08-13,LA ROCHE SUR YON,NON,3852,12:05,IC SRO,NANTES,BORDONANTE,FRNTE,11:24,FRXRO
2173,2023-08-13,VENDOME VILLIERS SUR LOIR,OUI,8319,19:45,ATLANTIQUE,TOURS,PAROCHELLE,FRAFW,19:15,FRESL
2174,2023-08-13,MEUSE TGV,OUI,2583,21:44,EST,NANCY,PANANCY,FRENC,21:09,FREAJ
2175,2023-08-13,PARIS (intramuros),OUI,2583,21:44,EST,NANCY,PANANCY,FRENC,20:07,FRPST
2176,2023-08-13,PARIS (intramuros),NON,3755,05:01,IC NUIT,ROCAMADOUR PADIRAC,PAVERMEIL,FRFSA,22:12,FRPAZ
2177,2023-08-13,PARIS (intramuros),NON,3755,06:19,IC NUIT,CRANSAC,PAVERMEIL,FRFSR,22:12,FRPAZ
2178,2023-08-13,PARIS (intramuros),NON,3755,04:44,IC NUIT,ST DENIS PRES MARTEL,PAVERMEIL,FRSDM,22:12,FRPAZ
2179,2023-08-13,PARIS (intramuros),NON,3755,06:09,IC NUIT,VIVIEZ DECAZEVILLE,PAVERMEIL,FRVZD,22:12,FRPAZ
2180,2023-08-13,FORBACH,NON,9550,22:53,INTERNATIONAL,PARIS (intramuros),FRANCPA,FRPST,21:12,FRBQT
2181,2023-08-13,CANNES,OUI,6163,20:40,SUD EST,ANTIBES,PAAZUR,FRXAT,20:31,FRJCA
2182,2023-08-13,ST RAPHAEL VALESCURE,OUI,6163,21:00,SUD EST,NICE VILLE,PAAZUR,FRNIC,20:05,FRXSK
2183,2023-08-13,BEZIERS,NON,4766,21:17,IC ARO,TOULOUSE MATABIAU,TJOURSESO,FRXYT,19:47,FRBZR
2184,2023-08-13,NARBONNE,NON,4766,22:27,IC ARO,AGEN,TJOURSESO,FRAGF,20:05,FRXNA
2185,2023-08-13,NARBONNE,NON,4766,23:32,IC ARO,BORDEAUX ST JEAN,TJOURSESO,FRBOJ,20:05,FRXNA
2186,2023-08-13,LA SOUTERRAINE,OUI,3625,14:38,IC ARO,UZERCHE,PALITO,FRAAW,13:26,FRLST
2187,2023-08-13,PARIS (intramuros),OUI,3625,14:38,IC ARO,UZERCHE,PALITO,FRAAW,10:40,FRPAZ
2188,2023-08-13,PARIS (intramuros),OUI,3625,15:04,IC ARO,BRIVE LA GAILLARDE,PALITO,FRBVE,10:40,FRPAZ
2189,2023-08-13,PARIS (intramuros),OUI,3625,12:46,IC ARO,CHATEAUROUX,PALITO,FRCHR,10:40,FRPAZ
2190,2023-08-13,VIERZON VILLE,OUI,3625,15:04,IC ARO,BRIVE LA GAILLARDE,PALITO,FRBVE,12:13,FRXVZ
2191,2023-08-13,ISSOUDUN,OUI,3625,14:38,IC ARO,UZERCHE,PALITO,FRAAW,12:33,FRFMN
2192,2023-08-13,NICE VILLE,OUI,6186,20:30,SUD EST,AVIGNON TGV,AZURPA,FRAVG,17:39,FRNIC
2193,2023-08-13,NICE VILLE,OUI,6186,19:20,SUD EST,TOULON,AZURPA,FRTLN,17:39,FRNIC
2194,2023-08-13,NICE VILLE,OUI,6186,18:30,SUD EST,ST RAPHAEL VALESCURE,AZURPA,FRXSK,17:39,FRNIC
2195,2023-08-13,ANTIBES,OUI,6186,23:13,SUD EST,PARIS (intramuros),AZURPA,FRPLY,17:54,FRXAT
2196,2023-08-13,ANTIBES,OUI,6186,19:20,SUD EST,TOULON,AZURPA,FRTLN,17:54,FRXAT
2197,2023-08-13,PARIS (intramuros),OUI,8067,19:10,ATLANTIQUE,RENNES,PARISBRETA,FRRNS,17:12,FRPMO
2198,2023-08-13,PARIS (intramuros),NON,6055,21:07,SUD EST,VALENCE TGV RHONE-ALPES SUD,PALANG,FRVLA,18:56,FRPLY
2199,2023-08-13,RETHEL,OUI,2766,22:09,EST,REIMS,SEDBARPA,FRRHE,21:48,FRBDT
2200,2023-08-13,SEDAN,OUI,2766,23:01,EST,PARIS (intramuros),SEDBARPA,FRPST,20:53,FRXSW
2201,2023-08-13,SEDAN,OUI,2766,21:07,EST,CHARLEVILLE MEZIERES,SEDBARPA,FRXCZ,20:53,FRXSW
2202,2023-08-13,AVIGNON TGV,NON,6165,16:25,SUD EST,CANNES,PAAZUR,FRJCA,14:04,FRAVG
2203,2023-08-13,CANNES,OUI,6165,16:58,SUD EST,NICE VILLE,PAAZUR,FRNIC,16:30,FRJCA
2204,2023-08-13,PARIS (intramuros),NON,6165,16:39,SUD EST,ANTIBES,PAAZUR,FRXAT,11:22,FRPLY
2205,2023-08-13,PARIS (intramuros),OUI,8827,23:13,ATLANTIQUE,ANGERS ST LAUD,PARISLOIRE,FRACL,21:49,FRPMO
2206,2023-08-13,AVIGNON CENTRE,NON,6196,15:48,SUD EST,LYON-SAINT EXUPERY TGV,VDRPA,FRJDQ,14:04,FRAES
2207,2023-08-13,AVIGNON CENTRE,NON,6196,17:46,SUD EST,PARIS (intramuros),VDRPA,FRPLY,14:04,FRAES
2208,2023-08-13,VALENCE VILLE,NON,6196,15:48,SUD EST,LYON-SAINT EXUPERY TGV,VDRPA,FRJDQ,15:13,FRVAF
2209,2023-08-13,BEZIERS,OUI,6047,11:56,SUD EST,PERPIGNAN,PALANG,FRPGF,11:06,FRBZR
2210,2023-08-13,PARIS (intramuros),NON,6047,11:56,SUD EST,PERPIGNAN,PALANG,FRPGF,06:56,FRPLY
2211,2023-08-13,PARIS (intramuros),NON,6047,11:20,SUD EST,NARBONNE,PALANG,FRXNA,06:56,FRPLY
2212,2023-08-13,VALENCE TGV RHONE-ALPES SUD,NON,6047,11:03,SUD EST,BEZIERS,PALANG,FRBZR,09:10,FRVLA
2213,2023-08-13,VALENCE TGV RHONE-ALPES SUD,NON,6047,11:56,SUD EST,PERPIGNAN,PALANG,FRPGF,09:10,FRVLA
2214,2023-08-13,VALENCE TGV RHONE-ALPES SUD,NON,6047,10:48,SUD EST,AGDE,PALANG,FRXAG,09:10,FRVLA
2215,2023-08-13,AGDE,OUI,6047,11:03,SUD EST,BEZIERS,PALANG,FRBZR,10:51,FRXAG
2216,2023-08-13,AGDE,OUI,6047,11:56,SUD EST,PERPIGNAN,PALANG,FRPGF,10:51,FRXAG
2217,2023-08-13,SETE,OUI,6047,10:48,SUD EST,AGDE,PALANG,FRXAG,10:34,FRXSY
2218,2023-08-13,MONTPELLIER SUD DE FRANCE,OUI,6047,10:48,SUD EST,AGDE,PALANG,FRXAG,10:17,FRSUF
2219,2023-08-13,PARIS (intramuros),NON,6047,09:46,SUD EST,NIMES PONT DU GARD,PALANG,FRXZP,06:56,FRPLY
2220,2023-08-13,NIMES PONT DU GARD,NON,6047,11:20,SUD EST,NARBONNE,PALANG,FRXNA,09:49,FRXZP
2221,2023-08-13,NIMES PONT DU GARD,NON,6047,10:08,SUD EST,MONTPELLIER SUD DE FRANCE,PALANG,FRSUF,09:49,FRXZP
2222,2023-08-13,DOUAI,OUI,7112,10:08,NORD,PARIS (intramuros),ARRASPA,FRPNO,08:51,FRXDN
2223,2023-08-13,AIX EN PROVENCE TGV,OUI,6181,21:11,SUD EST,TOULON,PAAZUR,FRTLN,20:20,FRAIE
2224,2023-08-13,PARIS (intramuros),OUI,6181,23:00,SUD EST,NICE VILLE,PAAZUR,FRNIC,17:22,FRPLY
2225,2023-08-13,PARIS (intramuros),OUI,6181,22:02,SUD EST,ST RAPHAEL VALESCURE,PAAZUR,FRXSK,17:22,FRPLY
2226,2023-08-13,ANTIBES,OUI,6181,23:00,SUD EST,NICE VILLE,PAAZUR,FRNIC,22:44,FRXAT
2227,2023-08-13,CANNES,OUI,6176,13:44,SUD EST,TOULON,AZURPA,FRTLN,12:33,FRJCA
2228,2023-08-13,TOULON,NON,6176,17:50,SUD EST,PARIS (intramuros),AZURPA,FRPLY,13:48,FRTLN
2229,2023-08-13,BOURGES,NON,4506,21:22,IC SRO,ANGERS ST LAUD,JOURLYNNTE,FRACL,19:08,FRBOU
2230,2023-08-13,BOURGES,NON,4506,20:59,IC SRO,SAUMUR,JOURLYNNTE,FRACN,19:08,FRBOU
2231,2023-08-13,BOURGES,NON,4506,22:04,IC SRO,NANTES,JOURLYNNTE,FRNTE,19:08,FRBOU
2232,2023-08-13,BOURGES,NON,4506,19:25,IC SRO,VIERZON VILLE,JOURLYNNTE,FRXVZ,19:08,FRBOU
2233,2023-08-13,LYON (intramuros),NON,4506,21:22,IC SRO,ANGERS ST LAUD,JOURLYNNTE,FRACL,15:46,FRLPD
2234,2023-08-13,LYON (intramuros),NON,4506,19:06,IC SRO,BOURGES,JOURLYNNTE,FRBOU,15:46,FRLPD
2235,2023-08-13,LYON (intramuros),NON,4506,18:19,IC SRO,NEVERS,JOURLYNNTE,FRNVS,15:46,FRLPD
2236,2023-08-13,LYON (intramuros),NON,4506,20:26,IC SRO,ST PIERRE DES CORPS,JOURLYNNTE,FRXSH,15:46,FRLPD
2237,2023-08-13,LYON (intramuros),NON,4506,19:06,IC SRO,BOURGES,JOURLYNNTE,FRBOU,15:32,FRLPE
2238,2023-08-13,LYON (intramuros),NON,4506,15:40,IC SRO,LYON (intramuros),JOURLYNNTE,FRLPD,15:32,FRLPE
2239,2023-08-13,LYON (intramuros),NON,4506,16:49,IC SRO,ROANNE,JOURLYNNTE,FRRNE,15:32,FRLPE
2240,2023-08-13,LYON (intramuros),NON,4506,20:26,IC SRO,ST PIERRE DES CORPS,JOURLYNNTE,FRXSH,15:32,FRLPE
2241,2023-08-13,ST GERMAIN DES FOSSES,NON,4506,20:59,IC SRO,SAUMUR,JOURLYNNTE,FRACN,17:30,FRSGF
2242,2023-08-13,ST GERMAIN DES FOSSES,NON,4506,18:19,IC SRO,NEVERS,JOURLYNNTE,FRNVS,17:30,FRSGF
2243,2023-08-13,MOULINS SUR ALLIER,NON,4506,19:06,IC SRO,BOURGES,JOURLYNNTE,FRBOU,17:51,FRXMU
2244,2023-08-13,MOULINS SUR ALLIER,NON,4506,22:04,IC SRO,NANTES,JOURLYNNTE,FRNTE,17:51,FRXMU
2245,2023-08-13,MOULINS SUR ALLIER,NON,4506,18:19,IC SRO,NEVERS,JOURLYNNTE,FRNVS,17:51,FRXMU
2246,2023-08-13,PARIS (intramuros),NON,8073,22:26,ATLANTIQUE,RENNES,PARISBRETA,FRRNS,20:13,FRPMO
2247,2023-08-13,BEZIERS,NON,6871,11:07,SUD EST,VALENCE TGV RHONE-ALPES SUD,JCSUDPROV,FRVLA,09:15,FRBZR
2248,2023-08-13,CARCASSONNE,OUI,6871,09:36,SUD EST,SETE,JCSUDPROV,FRXSY,08:27,FRCCF
2249,2023-08-13,TOULOUSE MATABIAU,OUI,6871,09:55,SUD EST,MONTPELLIER SUD DE FRANCE,JCSUDPROV,FRSUF,07:43,FRXYT
2250,2023-08-13,CARCASSONNE,OUI,6871,09:55,SUD EST,MONTPELLIER SUD DE FRANCE,JCSUDPROV,FRSUF,08:27,FRCCF
2251,2023-08-13,SETE,OUI,6871,09:55,SUD EST,MONTPELLIER SUD DE FRANCE,JCSUDPROV,FRSUF,09:39,FRXSY
2252,2023-08-13,MONTPELLIER SUD DE FRANCE,NON,6871,11:50,SUD EST,LYON (intramuros),JCSUDPROV,FRLPD,10:05,FRSUF
2253,2023-08-13,NIMES PONT DU GARD,NON,6871,11:07,SUD EST,VALENCE TGV RHONE-ALPES SUD,JCSUDPROV,FRVLA,10:27,FRXZP
2254,2023-08-13,MONTPELLIER SUD DE FRANCE,NON,6871,10:24,SUD EST,NIMES PONT DU GARD,JCSUDPROV,FRXZP,10:05,FRSUF
2255,2023-08-13,MEUSE TGV,OUI,2573,19:48,EST,NANCY,PANANCY,FRENC,19:13,FREAJ
2256,2023-08-13,MEUSE TGV,OUI,2573,21:05,EST,REMIREMONT,PANANCY,FRRNT,19:13,FREAJ
2257,2023-08-13,PARIS (intramuros),OUI,2573,19:10,EST,MEUSE TGV,PANANCY,FREAJ,18:10,FRPST
2258,2023-08-13,ANGERS ST LAUD,NON,5480,15:27,EST,LE MANS,JCATLEST,FRAET,14:49,FRACL
2259,2023-08-13,LE MANS,NON,5480,19:29,EST,STRASBOURG,JCATLEST,FRAEG,15:30,FRAET
2260,2023-08-13,LE MANS,NON,5480,18:00,EST,CHAMPAGNE-ARDENNE,JCATLEST,FREAH,15:30,FRAET
2261,2023-08-13,LE MANS,NON,5480,16:57,EST,MARNE LA VALLEE CHESSY,JCATLEST,FRMLV,15:30,FRAET
2262,2023-08-13,LE MANS,NON,5480,17:13,EST,AEROPORT CDG2 TGV ROISSY,JCATLEST,FRMLW,15:30,FRAET
2263,2023-08-13,MARNE LA VALLEE CHESSY,OUI,5480,17:13,EST,AEROPORT CDG2 TGV ROISSY,JCATLEST,FRMLW,17:03,FRMLV
2264,2023-08-13,AEROPORT CDG2 TGV ROISSY,NON,5480,18:00,EST,CHAMPAGNE-ARDENNE,JCATLEST,FREAH,17:29,FRMLW
2265,2023-08-13,NANTES,OUI,5480,14:46,EST,ANGERS ST LAUD,JCATLEST,FRACL,14:09,FRNTE
2266,2023-08-13,PARIS (intramuros),NON,6715,21:58,SUD EST,DIJON VILLE,PABOUR,FRABA,20:22,FRPLY
2267,2023-08-13,CASTELNAUDARY,NON,3736,07:19,IC NUIT,PARIS (intramuros),PALOMBEPAR,FRPAZ,22:07,FRCTY
2268,2023-08-13,ELNE,NON,3736,06:08,IC NUIT,LES AUBRAIS ORLEANS,PALOMBEPAR,FRLAB,19:38,FRIOG
2269,2023-08-13,BANYULS SUR MER,NON,3736,07:19,IC NUIT,PARIS (intramuros),PALOMBEPAR,FRPAZ,19:12,FRXBU
2270,2023-08-13,VALENCE TGV RHONE-ALPES SUD,OUI,6052,23:05,SUD EST,PARIS (intramuros),LANGPA,FRPLY,20:54,FRVLA
2271,2023-08-13,AGDE,OUI,6052,20:51,SUD EST,VALENCE TGV RHONE-ALPES SUD,LANGPA,FRVLA,19:14,FRXAG
2272,2023-08-13,NARBONNE,OUI,6052,18:57,SUD EST,BEZIERS,LANGPA,FRBZR,18:43,FRXNA
2273,2023-08-13,NARBONNE,OUI,6052,20:51,SUD EST,VALENCE TGV RHONE-ALPES SUD,LANGPA,FRVLA,18:43,FRXNA
2274,2023-08-13,MONTPELLIER SUD DE FRANCE,OUI,6052,20:10,SUD EST,NIMES PONT DU GARD,LANGPA,FRXZP,19:52,FRSUF
2275,2023-08-13,SETE,OUI,6052,20:10,SUD EST,NIMES PONT DU GARD,LANGPA,FRXZP,19:30,FRXSY
2276,2023-08-13,BEZIERS,NON,9708,17:18,SUD EST,PARIS (intramuros),BARCELONEPA,FRPLY,12:58,FRBZR
2277,2023-08-13,PERPIGNAN,NON,9708,12:55,SUD EST,BEZIERS,BARCELONEPA,FRBZR,12:04,FRPGF
2278,2023-08-13,PERPIGNAN,NON,9708,13:10,SUD EST,AGDE,BARCELONEPA,FRXAG,12:04,FRPGF
2279,2023-08-13,VALENCE TGV RHONE-ALPES SUD,NON,9708,17:18,SUD EST,PARIS (intramuros),BARCELONEPA,FRPLY,15:04,FRVLA
2280,2023-08-13,AGDE,NON,9708,13:43,SUD EST,MONTPELLIER SAINT-ROCH,BARCELONEPA,FRMPL,13:13,FRXAG
2281,2023-08-13,AGDE,NON,9708,15:01,SUD EST,VALENCE TGV RHONE-ALPES SUD,BARCELONEPA,FRVLA,13:13,FRXAG
2282,2023-08-13,NARBONNE,NON,9708,13:26,SUD EST,SETE,BARCELONEPA,FRXSY,12:42,FRXNA
2283,2023-08-13,SETE,NON,9708,15:01,SUD EST,VALENCE TGV RHONE-ALPES SUD,BARCELONEPA,FRVLA,13:29,FRXSY
2284,2023-08-13,BARCELONA SANTS,NON,9708,17:18,SUD EST,PARIS (intramuros),BARCELONEPA,FRPLY,10:33,ESBST
2285,2023-08-13,BARCELONA SANTS,NON,9708,12:39,SUD EST,NARBONNE,BARCELONEPA,FRXNA,10:33,ESBST
2286,2023-08-13,BARCELONA SANTS,NON,9708,15:01,SUD EST,VALENCE TGV RHONE-ALPES SUD,BARCELONEPA,FRVLA,10:33,ESBST
2287,2023-08-13,GIRONA,NON,9708,15:01,SUD EST,VALENCE TGV RHONE-ALPES SUD,BARCELONEPA,FRVLA,11:14,ESGRO
2288,2023-08-13,GIRONA,NON,9708,13:10,SUD EST,AGDE,BARCELONEPA,FRXAG,11:14,ESGRO
2289,2023-08-13,GIRONA,NON,9708,12:39,SUD EST,NARBONNE,BARCELONEPA,FRXNA,11:14,ESGRO
2290,2023-08-13,BARCELONA SANTS,NON,9708,13:26,SUD EST,SETE,BARCELONEPA,FRXSY,10:33,ESBST
2291,2023-08-13,FIGUERES VILA TGV,NON,9708,13:43,SUD EST,MONTPELLIER SAINT-ROCH,BARCELONEPA,FRMPL,11:31,ESFIR
2292,2023-08-13,DAX,OUI,8549,20:55,ATLANTIQUE,HENDAYE,PASUDOUEST,FRAEF,19:41,FRACG
2293,2023-08-13,BORDEAUX ST JEAN,NON,8549,20:24,ATLANTIQUE,BIARRITZ,PASUDOUEST,FRBIQ,18:20,FRBOJ
2294,2023-08-13,BORDEAUX ST JEAN,NON,8549,20:40,ATLANTIQUE,ST JEAN DE LUZ CIBOURE,PASUDOUEST,FRXJZ,18:20,FRBOJ
2295,2023-08-13,PARIS (intramuros),NON,8549,20:55,ATLANTIQUE,HENDAYE,PASUDOUEST,FRAEF,16:08,FRPMO
2296,2023-08-13,KARLSRUHE HBF,NON,9574,14:05,INTERNATIONAL,PARIS (intramuros),MUNSTUTPA,FRPST,11:32,DEQKA
2297,2023-08-13,LIMOGES BENEDICTINS,OUI,3664,20:32,IC ARO,PARIS (intramuros),TOULOUZECO,FRPAZ,16:56,FRAGQ
2298,2023-08-13,LIMOGES BENEDICTINS,OUI,3664,18:40,IC ARO,VIERZON VILLE,TOULOUZECO,FRXVZ,16:56,FRAGQ
2299,2023-08-13,CHATEAUROUX,OUI,3664,20:32,IC ARO,PARIS (intramuros),TOULOUZECO,FRPAZ,18:08,FRCHR
2300,2023-08-13,LA SOUTERRAINE,OUI,3664,18:06,IC ARO,CHATEAUROUX,TOULOUZECO,FRCHR,17:27,FRLST
2301,2023-08-13,LA SOUTERRAINE,OUI,3664,17:50,IC ARO,ARGENTON SUR CREUSE,TOULOUZECO,FRFMT,17:27,FRLST
2302,2023-08-13,NIMES,NON,6221,12:03,SUD EST,BEZIERS,PALANG,FRBZR,10:46,FRFNI
2303,2023-08-13,NIMES,NON,6221,11:11,SUD EST,MONTPELLIER SAINT-ROCH,PALANG,FRMPL,10:46,FRFNI
2304,2023-08-13,NIMES,NON,6221,11:48,SUD EST,AGDE,PALANG,FRXAG,10:46,FRFNI
2305,2023-08-13,NIMES,NON,6221,12:20,SUD EST,NARBONNE,PALANG,FRXNA,10:46,FRFNI
2306,2023-08-13,PARIS (intramuros),NON,6221,12:03,SUD EST,BEZIERS,PALANG,FRBZR,07:42,FRPLY
2307,2023-08-13,PARIS (intramuros),NON,6221,11:48,SUD EST,AGDE,PALANG,FRXAG,07:42,FRPLY
2308,2023-08-13,PARIS (intramuros),NON,6221,11:31,SUD EST,SETE,PALANG,FRXSY,07:42,FRPLY
2309,2023-08-13,VALENCE TGV RHONE-ALPES SUD,NON,6221,12:03,SUD EST,BEZIERS,PALANG,FRBZR,09:55,FRVLA
2310,2023-08-13,AGDE,OUI,6221,12:56,SUD EST,PERPIGNAN,PALANG,FRPGF,11:51,FRXAG
2311,2023-08-13,NARBONNE,OUI,6221,12:56,SUD EST,PERPIGNAN,PALANG,FRPGF,12:23,FRXNA
2312,2023-08-13,SETE,OUI,6221,12:56,SUD EST,PERPIGNAN,PALANG,FRPGF,11:34,FRXSY
2313,2023-08-13,CHATEAUROUX,OUI,3665,19:57,IC ARO,ARGENTON SUR CREUSE,PALITO,FRFMT,19:42,FRCHR
2314,2023-08-13,CHATEAUROUX,OUI,3665,22:44,IC ARO,GOURDON,PALITO,FRFSI,19:42,FRCHR
2315,2023-08-13,LA SOUTERRAINE,OUI,3665,20:55,IC ARO,LIMOGES BENEDICTINS,PALITO,FRAGQ,20:24,FRLST
2316,2023-08-13,LA SOUTERRAINE,OUI,3665,23:13,IC ARO,CAHORS,PALITO,FRZAO,20:24,FRLST
2317,2023-08-13,PARIS (intramuros),OUI,3665,22:01,IC ARO,BRIVE LA GAILLARDE,PALITO,FRBVE,17:41,FRPAZ
2318,2023-08-13,PARIS (intramuros),OUI,3665,19:40,IC ARO,CHATEAUROUX,PALITO,FRCHR,17:41,FRPAZ
2319,2023-08-13,POITIERS,OUI,8330,08:33,ATLANTIQUE,PARIS (intramuros),ROCHELLEPA,FRPMO,06:31,FRPIS
2320,2023-08-13,ST PIERRE DES CORPS,OUI,8330,07:43,ATLANTIQUE,VENDOME VILLIERS SUR LOIR,ROCHELLEPA,FRESL,07:25,FRXSH
2321,2023-08-13,ST PIERRE DES CORPS,OUI,8330,08:33,ATLANTIQUE,PARIS (intramuros),ROCHELLEPA,FRPMO,07:25,FRXSH
2322,2023-08-13,LILLE (intramuros),OUI,7014,09:14,NORD,PARIS (intramuros),LILLEPA,FRPNO,08:12,FRADJ
2323,2023-08-13,DAX,OUI,8551,22:23,ATLANTIQUE,BIARRITZ,PASUDOUEST,FRBIQ,21:40,FRACG
2324,2023-08-13,PARIS (intramuros),NON,8551,22:54,ATLANTIQUE,HENDAYE,PASUDOUEST,FRAEF,18:07,FRPMO
2325,2023-08-13,LA ROCHELLE VILLE,OUI,8396,23:11,ATLANTIQUE,POITIERS,ROCHELLEPA,FRPIS,21:52,FRLRH
2326,2023-08-13,AIX EN PROVENCE TGV,OUI,6131,00:01,SUD EST,MARSEILLE ST CHARLES,PAPROVENCE,FRMSC,23:49,FRAIE
2327,2023-08-13,NEVERS,NON,5959,16:17,IC ARO,RIOM CHATEL GUYON,PACLERMONT,FRRIO,14:59,FRNVS
2328,2023-08-13,PARIS (intramuros),NON,5959,16:17,IC ARO,RIOM CHATEL GUYON,PACLERMONT,FRRIO,13:00,FRPBE
2329,2023-08-13,VICHY,OUI,5959,16:29,IC ARO,CLERMONT FERRAND,PACLERMONT,FRCFE,15:57,FRVHY
2330,2023-08-13,CHAMBERY CHALLES LES EAUX,NON,6978,19:14,SUD EST,PARIS (intramuros),ALPESPARIS,FRPLY,16:23,FRCMF
2331,2023-08-13,ANNECY,OUI,6978,17:38,SUD EST,MACON LOCHE TGV,ALPESPARIS,FRMLT,15:31,FRNCY
2332,2023-08-13,AIX LES BAINS LE REVARD,NON,6978,19:14,SUD EST,PARIS (intramuros),ALPESPARIS,FRPLY,15:59,FRXAI
2333,2023-08-13,TOURS,OUI,8314,12:43,ATLANTIQUE,VENDOME VILLIERS SUR LOIR,ROCHELLEPA,FRESL,12:14,FRAFW
2334,2023-08-13,TOURS,OUI,8314,13:33,ATLANTIQUE,PARIS (intramuros),ROCHELLEPA,FRPMO,12:14,FRAFW
2335,2023-08-13,TOURS,OUI,8314,12:19,ATLANTIQUE,ST PIERRE DES CORPS,ROCHELLEPA,FRXSH,12:14,FRAFW
2336,2023-08-13,ST PIERRE DES CORPS,OUI,8314,12:43,ATLANTIQUE,VENDOME VILLIERS SUR LOIR,ROCHELLEPA,FRESL,12:25,FRXSH
2337,2023-08-13,BORDEAUX ST JEAN,OUI,8519,23:31,ATLANTIQUE,TOULOUSE MATABIAU,PASUDOUEST,FRXYT,21:20,FRBOJ
2338,2023-08-13,PARIS (intramuros),OUI,8519,22:22,ATLANTIQUE,AGEN,PASUDOUEST,FRAGF,19:08,FRPMO
2339,2023-08-13,PARIS (intramuros),OUI,8519,23:02,ATLANTIQUE,MONTAUBAN VILLE BOURBON,PASUDOUEST,FRXMW,19:08,FRPMO
2340,2023-08-13,PARIS (intramuros),OUI,7389,21:16,NORD,BETHUNE,PAARRAS,FRXBH,19:52,FRPNO
2341,2023-08-13,LORIENT,OUI,8722,14:02,ATLANTIQUE,AURAY,BRETAPARIS,FRXUY,13:46,FRLRT
2342,2023-08-13,REDON,NON,8722,15:25,ATLANTIQUE,RENNES,BRETAPARIS,FRRNS,14:50,FRXRN
2343,2023-08-13,AURAY,NON,8722,15:25,ATLANTIQUE,RENNES,BRETAPARIS,FRRNS,14:07,FRXUY
2344,2023-08-13,AURAY,OUI,8722,14:17,ATLANTIQUE,VANNES,BRETAPARIS,FRVNE,14:07,FRXUY
2345,2023-08-13,ULM HBF,NON,9576,09:01,INTERNATIONAL,STUTTGART HBF,MUNSTUTPA,DESGT,08:04,DEQUL
2346,2023-08-13,STUTTGART HBF,NON,9576,09:51,INTERNATIONAL,KARLSRUHE HBF,MUNSTUTPA,DEQKA,09:11,DESGT
2347,2023-08-13,STUTTGART HBF,NON,9576,10:37,INTERNATIONAL,STRASBOURG,MUNSTUTPA,FRAEG,09:11,DESGT
2348,2023-08-13,STRASBOURG,NON,9576,12:31,INTERNATIONAL,PARIS (intramuros),MUNSTUTPA,FRPST,10:44,FRAEG
2349,2023-08-13,STRASBOURG,OUI,9890,09:44,NORD,BRUXELLES MIDI BRUSSEL ZUID,JCESTNORD,BEBMI,06:01,FRAEG
2350,2023-08-13,MEUSE TGV,OUI,9890,07:23,NORD,CHAMPAGNE-ARDENNE,JCESTNORD,FREAH,06:59,FREAJ
2351,2023-08-13,LYON (intramuros),NON,5351,10:39,SUD EST,ANGERS ST LAUD,JCSUDATL,FRACL,06:30,FRLPD
2352,2023-08-13,LYON (intramuros),NON,5351,11:19,SUD EST,NANTES,JCSUDATL,FRNTE,06:30,FRLPD
2353,2023-08-13,LYON (intramuros),OUI,5351,08:34,SUD EST,MASSY TGV,JCSUDATL,FRDJU,06:16,FRLPE
2354,2023-08-13,DAX,NON,8572,14:46,ATLANTIQUE,PAU,PASUDOUEST,FRAEE,13:46,FRACG
2355,2023-08-13,PARIS (intramuros),NON,8572,13:38,ATLANTIQUE,DAX,PASUDOUEST,FRACG,10:08,FRPMO
2356,2023-08-13,PARIS (intramuros),NON,8572,15:16,ATLANTIQUE,LOURDES,PASUDOUEST,FRLDE,10:08,FRPMO
2357,2023-08-13,LES AUBRAIS ORLEANS,NON,3971,08:18,IC NUIT,ANDORRE - L'HOSPITALET,PARPALOMBE,FRFQG,22:49,FRLAB
2358,2023-08-13,LES AUBRAIS ORLEANS,NON,3971,07:25,IC NUIT,LUZENAC GARANOU,PARPALOMBE,FRFQI,22:49,FRLAB
2359,2023-08-13,LES AUBRAIS ORLEANS,NON,3971,06:38,IC NUIT,PAMIERS,PARPALOMBE,FRPMS,22:49,FRLAB
2360,2023-08-13,PARIS (intramuros),NON,3971,07:08,IC NUIT,TARASCON SUR ARIEGE,PARPALOMBE,FRFQM,21:42,FRPAZ
2361,2023-08-13,BEZIERS,NON,6262,19:51,SUD EST,VALENCE TGV RHONE-ALPES SUD,LANGPA,FRVLA,18:00,FRBZR
2362,2023-08-13,MONTPELLIER SUD DE FRANCE,NON,6262,22:08,SUD EST,PARIS (intramuros),LANGPA,FRPLY,18:52,FRSUF
2363,2023-08-13,PERPIGNAN,NON,6262,19:11,SUD EST,NIMES PONT DU GARD,LANGPA,FRXZP,17:04,FRPGF
2364,2023-08-13,LAVAL,OUI,8093,21:01,ATLANTIQUE,ST MALO,PARISBRETA,FRXSB,19:29,FRACR
2365,2023-08-13,LAVAL,OUI,8093,19:46,ATLANTIQUE,VITRE,PARISBRETA,FRXVT,19:29,FRACR
2366,2023-08-13,PARIS (intramuros),OUI,8093,19:26,ATLANTIQUE,LAVAL,PARISBRETA,FRACR,18:11,FRPMO
2367,2023-08-13,VITRE,OUI,8093,21:01,ATLANTIQUE,ST MALO,PARISBRETA,FRXSB,19:49,FRXVT
2368,2023-08-13,LYON (intramuros),OUI,6622,17:00,SUD EST,PARIS (intramuros),RHONEPARIS,FRPLY,15:04,FRLPD
2369,2023-08-13,BELLEGARDE,NON,9768,13:42,INTERNATIONAL,PARIS (intramuros),GENEVEPA,FRPLY,11:02,FRXBF
2370,2023-08-13,BOURG EN BRESSE,NON,9768,13:42,INTERNATIONAL,PARIS (intramuros),GENEVEPA,FRPLY,11:52,FRXBK
2371,2023-08-13,AVIGNON TGV,NON,6813,16:43,SUD EST,TOULON,JCPROVSUD,FRTLN,15:13,FRAVG
2372,2023-08-13,LYON (intramuros),NON,6813,15:46,SUD EST,MARSEILLE ST CHARLES,JCPROVSUD,FRMSC,14:06,FRLPD
2373,2023-08-13,AGEN,NON,4665,19:27,IC ARO,CARCASSONNE,TJOURSOSE,FRCCF,17:32,FRAGF
2374,2023-08-13,AGEN,NON,4665,20:52,IC ARO,MONTPELLIER SAINT-ROCH,TJOURSOSE,FRMPL,17:32,FRAGF
2375,2023-08-13,AGEN,NON,4665,22:31,IC ARO,MARSEILLE ST CHARLES,TJOURSOSE,FRMSC,17:32,FRAGF
2376,2023-08-13,AGEN,NON,4665,19:58,IC ARO,NARBONNE,TJOURSOSE,FRXNA,17:32,FRAGF
2377,2023-08-13,BORDEAUX ST JEAN,NON,4665,17:30,IC ARO,AGEN,TJOURSOSE,FRAGF,16:28,FRBOJ
2378,2023-08-13,BORDEAUX ST JEAN,NON,4665,21:20,IC ARO,NIMES,TJOURSOSE,FRFNI,16:28,FRBOJ
2379,2023-08-13,BORDEAUX ST JEAN,NON,4665,22:31,IC ARO,MARSEILLE ST CHARLES,TJOURSOSE,FRMSC,16:28,FRBOJ
2380,2023-08-13,BEZIERS,NON,4665,22:31,IC ARO,MARSEILLE ST CHARLES,TJOURSOSE,FRMSC,20:17,FRBZR
2381,2023-08-13,CARCASSONNE,NON,4665,20:14,IC ARO,BEZIERS,TJOURSOSE,FRBZR,19:29,FRCCF
2382,2023-08-13,CARCASSONNE,NON,4665,20:52,IC ARO,MONTPELLIER SAINT-ROCH,TJOURSOSE,FRMPL,19:29,FRCCF
2383,2023-08-13,CARCASSONNE,NON,4665,22:31,IC ARO,MARSEILLE ST CHARLES,TJOURSOSE,FRMSC,19:29,FRCCF
2384,2023-08-13,NARBONNE,NON,4665,21:20,IC ARO,NIMES,TJOURSOSE,FRFNI,20:01,FRXNA
2385,2023-08-13,TOULOUSE MATABIAU,NON,4665,22:31,IC ARO,MARSEILLE ST CHARLES,TJOURSOSE,FRMSC,18:45,FRXYT
2386,2023-08-13,METZ VILLE,OUI,2817,15:27,EST,THIONVILLE,PAMETZLUX,FRXTH,15:10,FRADE
2387,2023-08-13,PARIS (intramuros),NON,2817,15:27,EST,THIONVILLE,PAMETZLUX,FRXTH,13:40,FRPST
2388,2023-08-13,BORDEAUX ST JEAN,NON,3854,12:58,IC SRO,LUCON,BORDONANTE,FRLCN,09:53,FRBOJ
2389,2023-08-13,BORDEAUX ST JEAN,NON,3854,14:05,IC SRO,NANTES,BORDONANTE,FRNTE,09:53,FRBOJ
2390,2023-08-13,JONZAC,NON,3854,12:15,IC SRO,LA ROCHELLE VILLE,BORDONANTE,FRLRH,10:41,FREMR
2391,2023-08-13,LA ROCHELLE VILLE,NON,3854,13:22,IC SRO,LA ROCHE SUR YON,BORDONANTE,FRXRO,12:19,FRLRH
2392,2023-08-13,ROCHEFORT,NON,3854,12:15,IC SRO,LA ROCHELLE VILLE,BORDONANTE,FRLRH,11:55,FRRCO
2393,2023-08-13,ROCHEFORT,NON,3854,13:22,IC SRO,LA ROCHE SUR YON,BORDONANTE,FRXRO,11:55,FRRCO
2394,2023-08-13,LA ROCHE SUR YON,NON,3854,14:05,IC SRO,NANTES,BORDONANTE,FRNTE,13:24,FRXRO
2395,2023-08-13,SAINTES,NON,3854,11:53,IC SRO,ROCHEFORT,BORDONANTE,FRRCO,11:25,FRXST
2396,2023-08-13,LE MANS,OUI,5386,20:32,SUD EST,RENNES,JCSUDATL,FRRNS,19:34,FRAET
2397,2023-08-13,AIX EN PROVENCE TGV,NON,5386,20:05,SUD EST,LAVAL,JCSUDATL,FRACR,14:50,FRAIE
2398,2023-08-13,AIX EN PROVENCE TGV,NON,5386,19:29,SUD EST,LE MANS,JCSUDATL,FRAET,14:50,FRAIE
2399,2023-08-13,AIX EN PROVENCE TGV,NON,5386,18:34,SUD EST,MASSY TGV,JCSUDATL,FRDJU,14:50,FRAIE
2400,2023-08-13,AVIGNON TGV,NON,5386,20:05,SUD EST,LAVAL,JCSUDATL,FRACR,15:15,FRAVG
2401,2023-08-13,AVIGNON TGV,NON,5386,19:29,SUD EST,LE MANS,JCSUDATL,FRAET,15:15,FRAVG
2402,2023-08-13,LYON (intramuros),NON,5386,19:29,SUD EST,LE MANS,JCSUDATL,FRAET,16:30,FRLPD
2403,2023-08-13,LYON (intramuros),NON,5386,20:32,SUD EST,RENNES,JCSUDATL,FRRNS,16:30,FRLPD
2404,2023-08-13,LIMOGES BENEDICTINS,NON,3619,13:27,IC ARO,SOUILLAC,PALITO,FRSOU,11:59,FRAGQ
2405,2023-08-13,BRIVE LA GAILLARDE,OUI,3619,15:22,IC ARO,TOULOUSE MATABIAU,PALITO,FRXYT,13:04,FRBVE
2406,2023-08-13,CHATEAUROUX,NON,3619,11:20,IC ARO,LA SOUTERRAINE,PALITO,FRLST,10:41,FRCHR
2407,2023-08-13,ARGENTON SUR CREUSE,NON,3619,11:54,IC ARO,LIMOGES BENEDICTINS,PALITO,FRAGQ,10:57,FRFMT
2408,2023-08-13,ARGENTON SUR CREUSE,NON,3619,15:22,IC ARO,TOULOUSE MATABIAU,PALITO,FRXYT,10:57,FRFMT
2409,2023-08-13,ARGENTON SUR CREUSE,NON,3619,14:11,IC ARO,CAHORS,PALITO,FRZAO,10:57,FRFMT
2410,2023-08-13,CAUSSADE TARN ET GARONNE,OUI,3619,15:22,IC ARO,TOULOUSE MATABIAU,PALITO,FRXYT,14:39,FRFTA
2411,2023-08-13,LES AUBRAIS ORLEANS,NON,3619,14:38,IC ARO,CAUSSADE TARN ET GARONNE,PALITO,FRFTA,09:29,FRLAB
2412,2023-08-13,LES AUBRAIS ORLEANS,NON,3619,13:27,IC ARO,SOUILLAC,PALITO,FRSOU,09:29,FRLAB
2413,2023-08-13,LES AUBRAIS ORLEANS,NON,3619,14:53,IC ARO,MONTAUBAN VILLE BOURBON,PALITO,FRXMW,09:29,FRLAB
2414,2023-08-13,LA SOUTERRAINE,NON,3619,11:54,IC ARO,LIMOGES BENEDICTINS,PALITO,FRAGQ,11:22,FRLST
2415,2023-08-13,LA SOUTERRAINE,NON,3619,13:44,IC ARO,GOURDON,PALITO,FRFSI,11:22,FRLST
2416,2023-08-13,LA SOUTERRAINE,NON,3619,14:11,IC ARO,CAHORS,PALITO,FRZAO,11:22,FRLST
2417,2023-08-13,PARIS (intramuros),NON,3619,13:00,IC ARO,BRIVE LA GAILLARDE,PALITO,FRBVE,08:28,FRPAZ
2418,2023-08-13,PARIS (intramuros),NON,3619,10:39,IC ARO,CHATEAUROUX,PALITO,FRCHR,08:28,FRPAZ
2419,2023-08-13,PARIS (intramuros),NON,3619,14:11,IC ARO,CAHORS,PALITO,FRZAO,08:28,FRPAZ
2420,2023-08-13,VIERZON VILLE,NON,3619,11:54,IC ARO,LIMOGES BENEDICTINS,PALITO,FRAGQ,10:10,FRXVZ
2421,2023-08-13,VIERZON VILLE,NON,3619,10:56,IC ARO,ARGENTON SUR CREUSE,PALITO,FRFMT,10:10,FRXVZ
2422,2023-08-13,VIERZON VILLE,NON,3619,14:53,IC ARO,MONTAUBAN VILLE BOURBON,PALITO,FRXMW,10:10,FRXVZ
2423,2023-08-13,ARGENTON SUR CREUSE,NON,3619,13:27,IC ARO,SOUILLAC,PALITO,FRSOU,10:57,FRFMT
2424,2023-08-13,ARGENTON SUR CREUSE,NON,3619,13:44,IC ARO,GOURDON,PALITO,FRFSI,10:57,FRFMT
2425,2023-08-13,AVIGNON TGV,NON,6107,12:41,SUD EST,AIX EN PROVENCE TGV,PAPROVENCE,FRAIE,12:22,FRAVG
2426,2023-08-13,AVIGNON TGV,NON,6107,12:56,SUD EST,MARSEILLE ST CHARLES,PAPROVENCE,FRMSC,12:22,FRAVG
2427,2023-08-13,REMIREMONT,OUI,2578,10:05,EST,NANCY,NANCYPA,FRENC,08:57,FRRNT
2428,2023-08-13,REMIREMONT,NON,2578,11:50,EST,PARIS (intramuros),NANCYPA,FRPST,08:57,FRRNT
2429,2023-08-13,CHAMBERY CHALLES LES EAUX,NON,9249,18:49,INTERNATIONAL,MODANE,PAITALIE,FRAGR,17:44,FRCMF
2430,2023-08-13,ST JEAN DE MAURIENNE ARVAN,NON,9249,20:22,INTERNATIONAL,TORINO PORTA SUSA,PAITALIE,ITTRS,18:25,FRHPN
2431,2023-08-13,AVIGNON CENTRE,OUI,6198,18:18,SUD EST,ORANGE,VDRPA,FRXOG,18:04,FRAES
2432,2023-08-13,ARLES,NON,6198,21:46,SUD EST,PARIS (intramuros),VDRPA,FRPLY,17:36,FRHZA
2433,2023-08-13,MIRAMAS,OUI,6198,18:00,SUD EST,AVIGNON CENTRE,VDRPA,FRAES,17:15,FRMAZ
2434,2023-08-13,MIRAMAS,OUI,6198,17:33,SUD EST,ARLES,VDRPA,FRHZA,17:15,FRMAZ
2435,2023-08-13,MIRAMAS,NON,6198,19:46,SUD EST,LYON-SAINT EXUPERY TGV,VDRPA,FRJDQ,17:15,FRMAZ
2436,2023-08-13,VALENCE VILLE,NON,6198,19:46,SUD EST,LYON-SAINT EXUPERY TGV,VDRPA,FRJDQ,19:13,FRVAF
2437,2023-08-13,ORANGE,OUI,6198,19:10,SUD EST,VALENCE VILLE,VDRPA,FRVAF,18:21,FRXOG
2438,2023-08-13,ANGERS ST LAUD,NON,8921,16:04,ATLANTIQUE,LE CROISIC,PARISLOIRE,FREGU,14:17,FRACL
2439,2023-08-13,ANGERS ST LAUD,NON,8921,15:33,ATLANTIQUE,ST NAZAIRE,PARISLOIRE,FRSNR,14:17,FRACL
2440,2023-08-13,NANTES,OUI,8921,15:33,ATLANTIQUE,ST NAZAIRE,PARISLOIRE,FRSNR,15:00,FRNTE
2441,2023-08-13,PARIS (intramuros),NON,8921,14:13,ATLANTIQUE,ANGERS ST LAUD,PARISLOIRE,FRACL,12:49,FRPMO
2442,2023-08-13,PARIS (intramuros),NON,8921,15:50,ATLANTIQUE,LA BAULE ESCOUBLAC,PARISLOIRE,FRJEE,12:49,FRPMO
2443,2023-08-13,ST NAZAIRE,OUI,8921,16:04,ATLANTIQUE,LE CROISIC,PARISLOIRE,FREGU,15:36,FRSNR
2444,2023-08-13,REIMS,OUI,2722,12:47,EST,PARIS (intramuros),SEDBARPA,FRPST,12:01,FRRHE
2445,2023-08-13,CANNES,OUI,6077,19:58,SUD EST,NICE VILLE,PAAZUR,FRNIC,19:31,FRJCA
2446,2023-08-13,MARSEILLE ST CHARLES,NON,6077,19:01,SUD EST,ST RAPHAEL VALESCURE,PAAZUR,FRXSK,17:28,FRMSC
2447,2023-08-13,TOULON,OUI,6077,19:26,SUD EST,CANNES,PAAZUR,FRJCA,18:15,FRTLN
2448,2023-08-13,TOULON,OUI,6077,19:01,SUD EST,ST RAPHAEL VALESCURE,PAAZUR,FRXSK,18:15,FRTLN
2449,2023-08-13,LE CROISIC,OUI,8936,21:53,ATLANTIQUE,LA BAULE ESCOUBLAC,LOIREPARIS,FRJEE,21:44,FREGU
2450,2023-08-13,LA BAULE ESCOUBLAC,OUI,8936,22:09,ATLANTIQUE,ST NAZAIRE,LOIREPARIS,FRSNR,21:56,FRJEE
2451,2023-08-13,CLERMONT FERRAND,NON,5962,09:58,IC ARO,NEVERS,CLERMONTPA,FRNVS,08:31,FRCFE
2452,2023-08-13,CLERMONT FERRAND,OUI,5962,08:40,IC ARO,RIOM CHATEL GUYON,CLERMONTPA,FRRIO,08:31,FRCFE
2453,2023-08-13,CLERMONT FERRAND,NON,5962,09:29,IC ARO,MOULINS SUR ALLIER,CLERMONTPA,FRXMU,08:31,FRCFE
2454,2023-08-13,MOULINS SUR ALLIER,NON,5962,11:57,IC ARO,PARIS (intramuros),CLERMONTPA,FRPBE,09:31,FRXMU
2455,2023-08-13,LYON (intramuros),OUI,6628,18:46,SUD EST,LE CREUSOT MONTCEAU MONTCHANIN,RHONEPARIS,FRXCC,17:50,FRLPE
2456,2023-08-13,LE CROISIC,OUI,8922,15:41,ATLANTIQUE,ANGERS ST LAUD,LOIREPARIS,FRACL,13:52,FREGU
2457,2023-08-13,AIX EN PROVENCE TGV,NON,6866,20:54,SUD EST,LYON (intramuros),JCSUDPROV,FRLPD,19:26,FRAIE
2458,2023-08-13,MARSEILLE ST CHARLES,OUI,6866,19:45,SUD EST,AVIGNON TGV,JCSUDPROV,FRAVG,19:11,FRMSC
2459,2023-08-13,TOULON,OUI,6866,18:53,SUD EST,MARSEILLE ST CHARLES,JCSUDPROV,FRMSC,17:53,FRTLN
2460,2023-08-13,CHAMBERY CHALLES LES EAUX,NON,9244,17:38,INTERNATIONAL,MACON LOCHE TGV,ITALIEPA,FRMLT,16:23,FRCMF
2461,2023-08-13,MILANO P GARIBALDI,NON,9244,15:03,INTERNATIONAL,MODANE,ITALIEPA,FRAGR,12:10,ITMPG
2462,2023-08-13,OULX CESANA CLAV SESTRIERE,NON,9244,16:15,INTERNATIONAL,CHAMBERY CHALLES LES EAUX,ITALIEPA,FRCMF,14:36,ITOCS
2463,2023-08-13,TORINO PORTA SUSA,NON,9244,16:15,INTERNATIONAL,CHAMBERY CHALLES LES EAUX,ITALIEPA,FRCMF,13:38,ITTRS
2464,2023-08-13,NANCY,NON,2534,09:46,EST,PARIS (intramuros),NANCYPA,FRPST,08:16,FRENC
2465,2023-08-13,LYON (intramuros),OUI,6605,10:10,SUD EST,LYON (intramuros),PARISRHONE,FRLPE,10:02,FRLPD
2466,2023-08-13,PARIS (intramuros),NON,6605,09:10,SUD EST,LE CREUSOT MONTCEAU MONTCHANIN,PARISRHONE,FRXCC,07:52,FRPLY
2467,2023-08-13,BORDEAUX ST JEAN,NON,4657,11:27,IC ARO,CARCASSONNE,TJOURSOSE,FRCCF,08:28,FRBOJ
2468,2023-08-13,BORDEAUX ST JEAN,NON,4657,13:22,IC ARO,NIMES,TJOURSOSE,FRFNI,08:28,FRBOJ
2469,2023-08-13,BORDEAUX ST JEAN,NON,4657,12:54,IC ARO,MONTPELLIER SAINT-ROCH,TJOURSOSE,FRMPL,08:28,FRBOJ
2470,2023-08-13,ARLES,OUI,4657,14:37,IC ARO,MARSEILLE ST CHARLES,TJOURSOSE,FRMSC,13:52,FRHZA
2471,2023-08-13,MONTPELLIER SAINT-ROCH,OUI,4657,13:22,IC ARO,NIMES,TJOURSOSE,FRFNI,12:58,FRMPL
2472,2023-08-13,MARMANDE,NON,4657,10:08,IC ARO,MONTAUBAN VILLE BOURBON,TJOURSOSE,FRXMW,09:06,FRXMR
2473,2023-08-13,MONTAUBAN VILLE BOURBON,NON,4657,13:22,IC ARO,NIMES,TJOURSOSE,FRFNI,10:10,FRXMW
2474,2023-08-13,NARBONNE,NON,4657,13:50,IC ARO,ARLES,TJOURSOSE,FRHZA,12:01,FRXNA
2475,2023-08-13,NARBONNE,NON,4657,12:54,IC ARO,MONTPELLIER SAINT-ROCH,TJOURSOSE,FRMPL,12:01,FRXNA
2476,2023-08-13,SETE,NON,4657,12:54,IC ARO,MONTPELLIER SAINT-ROCH,TJOURSOSE,FRMPL,12:36,FRXSY
2477,2023-08-13,TOULOUSE MATABIAU,NON,4657,11:27,IC ARO,CARCASSONNE,TJOURSOSE,FRCCF,10:45,FRXYT
2478,2023-08-13,TOULOUSE MATABIAU,NON,4657,12:54,IC ARO,MONTPELLIER SAINT-ROCH,TJOURSOSE,FRMPL,10:45,FRXYT
2479,2023-08-13,MONTPELLIER SAINT-ROCH,OUI,6208,20:11,SUD EST,NIMES,LANGPA,FRFNI,19:44,FRMPL
2480,2023-08-13,PARIS (intramuros),NON,9203,10:26,INTERNATIONAL,BASEL SBB,PABALZUR,CHAJP,07:22,FRPLY
2481,2023-08-13,AIX EN PROVENCE TGV,NON,5066,16:57,NORD,LILLE (intramuros),JCSUDNORD,FRLLE,12:26,FRAIE
2482,2023-08-13,MARSEILLE ST CHARLES,OUI,5066,12:45,NORD,AVIGNON TGV,JCSUDNORD,FRAVG,12:12,FRMSC
2483,2023-08-13,PARIS (intramuros),OUI,2247,19:48,EST,NANCY,PANANCY,FRENC,18:10,FRPST
2484,2023-08-13,DOLE VILLE,OUI,9278,20:04,INTERNATIONAL,PARIS (intramuros),SUISPA,FRPLY,18:00,FRACE
2485,2023-08-13,AIX EN PROVENCE TGV,NON,9882,21:01,NORD,AEROPORT CDG2 TGV ROISSY,JCSUDNORD,FRMLW,17:22,FRAIE
2486,2023-08-13,AVIGNON TGV,NON,9882,21:57,NORD,LILLE (intramuros),JCSUDNORD,FRLLE,17:45,FRAVG
2487,2023-08-13,AEROPORT CDG2 TGV ROISSY,NON,9882,22:43,NORD,BRUXELLES MIDI BRUSSEL ZUID,JCSUDNORD,BEBMI,21:07,FRMLW
2488,2023-08-13,AEROPORT CDG2 TGV ROISSY,NON,9882,21:57,NORD,LILLE (intramuros),JCSUDNORD,FRLLE,21:07,FRMLW
2489,2023-08-13,MARSEILLE ST CHARLES,NON,9882,20:47,NORD,MARNE LA VALLEE CHESSY,JCSUDNORD,FRMLV,17:04,FRMSC
2490,2023-08-13,NIMES,OUI,6231,13:14,SUD EST,BEZIERS,PALANG,FRBZR,11:55,FRFNI
2491,2023-08-13,NIMES,OUI,6231,12:19,SUD EST,MONTPELLIER SAINT-ROCH,PALANG,FRMPL,11:55,FRFNI
2492,2023-08-13,NIMES,OUI,6231,12:42,SUD EST,SETE,PALANG,FRXSY,11:55,FRFNI
2493,2023-08-13,MONTPELLIER SAINT-ROCH,OUI,6231,13:14,SUD EST,BEZIERS,PALANG,FRBZR,12:26,FRMPL
2494,2023-08-13,PARIS (intramuros),NON,6231,12:19,SUD EST,MONTPELLIER SAINT-ROCH,PALANG,FRMPL,08:56,FRPLY
2495,2023-08-13,PARIS (intramuros),NON,6231,13:31,SUD EST,NARBONNE,PALANG,FRXNA,08:56,FRPLY
2496,2023-08-13,SETE,OUI,6231,13:14,SUD EST,BEZIERS,PALANG,FRBZR,12:45,FRXSY
2497,2023-08-13,NICE VILLE,OUI,6170,11:13,SUD EST,ANTIBES,AZURPA,FRXAT,10:54,FRNIC
2498,2023-08-13,ANTIBES,OUI,6170,12:43,SUD EST,TOULON,AZURPA,FRTLN,11:16,FRXAT
2499,2023-08-13,LYON (intramuros),OUI,6626,19:00,SUD EST,PARIS (intramuros),RHONEPARIS,FRPLY,16:50,FRLPE
2500,2023-08-13,CHAMPAGNE-ARDENNE,OUI,9402,20:20,EST,PARIS (intramuros),MULHSTRAPA,FRPST,19:38,FREAH
2501,2023-08-13,LORRAINE TGV,OUI,9402,19:35,EST,CHAMPAGNE-ARDENNE,MULHSTRAPA,FREAH,18:57,FREAM
2502,2023-08-13,LORRAINE TGV,OUI,9402,20:20,EST,PARIS (intramuros),MULHSTRAPA,FRPST,18:57,FREAM
2503,2023-08-13,FREIBURG BREISGAU HBF,OUI,9402,17:36,EST,OFFENBOURG/OFFENBURG,MULHSTRAPA,DEZPA,16:45,DEFGB
2504,2023-08-13,RINGSHEIM/EU-PARK,OUI,9402,20:20,EST,PARIS (intramuros),MULHSTRAPA,FRPST,17:08,DERSH
2505,2023-08-13,RINGSHEIM/EU-PARK,OUI,9402,18:12,EST,STRASBOURG,MULHSTRAPA,FRAEG,17:08,DERSH
2506,2023-08-13,MULHOUSE VILLE,OUI,6702,09:02,SUD EST,DIJON VILLE,BOURPA,FRABA,07:46,FRAEK
2507,2023-08-13,BESANCON - F COMTE TGV,NON,6702,10:46,SUD EST,PARIS (intramuros),BOURPA,FRPLY,08:34,FRTJB
2508,2023-08-13,LILLE (intramuros),OUI,7446,23:08,NORD,PARIS (intramuros),ARRASPA,FRPNO,21:51,FRLLE
2509,2023-08-13,TOURS,OUI,8320,19:22,ATLANTIQUE,VENDOME VILLIERS SUR LOIR,ROCHELLEPA,FRESL,18:56,FRAFW
2510,2023-08-13,LES AUBRAIS ORLEANS,NON,3741,07:50,IC NUIT,PAU,PARPALOMBE,FRAEE,22:49,FRLAB
2511,2023-08-13,PARIS (intramuros),NON,3741,07:22,IC NUIT,LOURDES,PARPALOMBE,FRLDE,21:42,FRPAZ
2512,2023-08-13,PARIS (intramuros),NON,3741,06:18,IC NUIT,ST GAUDENS,PARPALOMBE,FRFPH,21:42,FRPAZ
2513,2023-08-13,AVIGNON CENTRE,OUI,6193,16:16,SUD EST,ARLES,PAVDR,FRHZA,15:59,FRAES
2514,2023-08-13,LYON-SAINT EXUPERY TGV,NON,6193,14:46,SUD EST,VALENCE VILLE,PAVDR,FRVAF,14:11,FRJDQ
2515,2023-08-13,PARIS (intramuros),NON,6193,14:46,SUD EST,VALENCE VILLE,PAVDR,FRVAF,12:14,FRPLY
2516,2023-08-13,MONTELIMAR GARE SNCF,OUI,6193,15:56,SUD EST,AVIGNON CENTRE,PAVDR,FRAES,15:12,FRXMK
2517,2023-08-13,MONTELIMAR GARE SNCF,OUI,6193,16:36,SUD EST,MIRAMAS,PAVDR,FRMAZ,15:12,FRXMK
2518,2023-08-13,ORANGE,OUI,6193,15:56,SUD EST,AVIGNON CENTRE,PAVDR,FRAES,15:41,FRXOG
2519,2023-08-13,ORANGE,OUI,6193,16:36,SUD EST,MIRAMAS,PAVDR,FRMAZ,15:41,FRXOG
2520,2023-08-13,FACTURE BIGANOS,OUI,8476,22:37,ATLANTIQUE,PARIS (intramuros),SUDOUESTPA,FRPMO,19:20,FRFAC
2521,2023-08-13,LA TESTE,OUI,8476,21:28,ATLANTIQUE,ST PIERRE DES CORPS,SUDOUESTPA,FRXSH,19:04,FRFCJ
2522,2023-08-13,ST ETIENNE CHATEAUCREUX,OUI,6696,19:34,SUD EST,PARIS (intramuros),RHONEPARIS,FRPLY,16:43,FRHHD
2523,2023-08-13,BIARRITZ,NON,8536,15:52,ATLANTIQUE,PARIS (intramuros),SUDOUESTPA,FRPMO,11:34,FRBIQ
2524,2023-08-13,BAYONNE,OUI,8536,12:19,ATLANTIQUE,DAX,SUDOUESTPA,FRACG,11:48,FRXBY
2525,2023-08-13,BAYONNE,NON,8536,15:52,ATLANTIQUE,PARIS (intramuros),SUDOUESTPA,FRPMO,11:48,FRXBY
2526,2023-08-13,LILLE (intramuros),NON,5012,12:00,NORD,LYON (intramuros),JCNORDSUD,FRLPD,09:03,FRLLE
2527,2023-08-13,LILLE (intramuros),NON,5012,10:08,NORD,MARNE LA VALLEE CHESSY,JCNORDSUD,FRMLV,09:03,FRLLE
2528,2023-08-13,LYON (intramuros),OUI,6614,10:58,SUD EST,LYON (intramuros),RHONEPARIS,FRLPD,10:50,FRLPE
2529,2023-08-13,CANNES,OUI,6182,20:03,SUD EST,AVIGNON TGV,AZURPA,FRAVG,17:05,FRJCA
2530,2023-08-13,CANNES,OUI,6182,17:33,SUD EST,ST RAPHAEL VALESCURE,AZURPA,FRXSK,17:05,FRJCA
2531,2023-08-13,NICE VILLE,OUI,6182,20:03,SUD EST,AVIGNON TGV,AZURPA,FRAVG,16:34,FRNIC
2532,2023-08-13,ANTIBES,OUI,6182,17:01,SUD EST,CANNES,AZURPA,FRJCA,16:51,FRXAT
2533,2023-08-13,ANTIBES,OUI,6182,17:33,SUD EST,ST RAPHAEL VALESCURE,AZURPA,FRXSK,16:51,FRXAT
2534,2023-08-13,ST RAPHAEL VALESCURE,OUI,6182,20:03,SUD EST,AVIGNON TGV,AZURPA,FRAVG,17:36,FRXSK
2535,2023-08-13,PARIS (intramuros),OUI,8323,22:05,ATLANTIQUE,ST PIERRE DES CORPS,PAROCHELLE,FRXSH,20:57,FRPMO
2536,2023-08-13,PARIS (intramuros),NON,3751,06:19,IC NUIT,MONTAUBAN VILLE BOURBON,PAVERMEIL,FRXMW,22:12,FRPAZ
2537,2023-08-13,BORDEAUX ST JEAN,NON,8574,18:44,ATLANTIQUE,PAU,PASUDOUEST,FRAEE,16:21,FRBOJ
2538,2023-08-13,MASSY TGV,NON,8574,17:38,ATLANTIQUE,DAX,PASUDOUEST,FRACG,14:15,FRDJU
2539,2023-08-13,PARIS (intramuros),NON,8574,18:15,ATLANTIQUE,ORTHEZ,PASUDOUEST,FRGFI,14:03,FRPMO
2540,2023-08-13,PARIS (intramuros),NON,8574,19:36,ATLANTIQUE,TARBES,PASUDOUEST,FRXTB,14:03,FRPMO
2541,2023-08-13,MASSY TGV,NON,8574,18:15,ATLANTIQUE,ORTHEZ,PASUDOUEST,FRGFI,14:15,FRDJU
2542,2023-08-13,TOULOUSE MATABIAU,NON,3750,05:43,IC NUIT,LES AUBRAIS ORLEANS,OCCITANPAR,FRLAB,22:18,FRXYT
2543,2023-08-13,BORDEAUX ST JEAN,NON,4661,15:28,IC ARO,CARCASSONNE,TJOURSOSE,FRCCF,12:28,FRBOJ
2544,2023-08-13,BORDEAUX ST JEAN,NON,4661,17:48,IC ARO,ARLES,TJOURSOSE,FRHZA,12:28,FRBOJ
2545,2023-08-13,BORDEAUX ST JEAN,NON,4661,14:08,IC ARO,MONTAUBAN VILLE BOURBON,TJOURSOSE,FRXMW,12:28,FRBOJ
2546,2023-08-13,BEZIERS,NON,4661,16:52,IC ARO,MONTPELLIER SAINT-ROCH,TJOURSOSE,FRMPL,16:17,FRBZR
2547,2023-08-13,CARCASSONNE,NON,4661,16:52,IC ARO,MONTPELLIER SAINT-ROCH,TJOURSOSE,FRMPL,15:30,FRCCF
2548,2023-08-13,CARCASSONNE,NON,4661,18:35,IC ARO,MARSEILLE ST CHARLES,TJOURSOSE,FRMSC,15:30,FRCCF
2549,2023-08-13,CARCASSONNE,NON,4661,15:58,IC ARO,NARBONNE,TJOURSOSE,FRXNA,15:30,FRCCF
2550,2023-08-13,ARLES,OUI,4661,18:35,IC ARO,MARSEILLE ST CHARLES,TJOURSOSE,FRMSC,17:50,FRHZA
2551,2023-08-13,MONTAUBAN VILLE BOURBON,NON,4661,17:20,IC ARO,NIMES,TJOURSOSE,FRFNI,14:10,FRXMW
2552,2023-08-13,MONTAUBAN VILLE BOURBON,NON,4661,17:48,IC ARO,ARLES,TJOURSOSE,FRHZA,14:10,FRXMW
2553,2023-08-13,TOULOUSE MATABIAU,NON,4661,15:28,IC ARO,CARCASSONNE,TJOURSOSE,FRCCF,14:45,FRXYT
2554,2023-08-13,STRASBOURG,NON,5488,21:40,EST,ANGERS ST LAUD,JCESTATL,FRACL,17:01,FRAEG
2555,2023-08-13,LE MANS,OUI,5488,21:40,EST,ANGERS ST LAUD,JCESTATL,FRACL,21:03,FRAET
2556,2023-08-13,MASSY TGV,NON,5488,21:00,EST,LE MANS,JCESTATL,FRAET,20:10,FRDJU
2557,2023-08-13,CHAMPAGNE-ARDENNE,OUI,5488,19:06,EST,AEROPORT CDG2 TGV ROISSY,JCESTATL,FRMLW,18:35,FREAH
2558,2023-08-13,LORRAINE TGV,NON,5488,21:40,EST,ANGERS ST LAUD,JCESTATL,FRACL,17:42,FREAM
2559,2023-08-13,MARNE LA VALLEE CHESSY,NON,5488,22:19,EST,NANTES,JCESTATL,FRNTE,19:35,FRMLV
2560,2023-08-13,AEROPORT CDG2 TGV ROISSY,NON,5488,21:40,EST,ANGERS ST LAUD,JCESTATL,FRACL,19:21,FRMLW
2561,2023-08-13,AEROPORT CDG2 TGV ROISSY,NON,5488,20:04,EST,MASSY TGV,JCESTATL,FRDJU,19:21,FRMLW
2562,2023-08-13,MEUSE TGV,NON,5488,21:40,EST,ANGERS ST LAUD,JCESTATL,FRACL,18:09,FREAJ
2563,2023-08-13,LE MANS,NON,5332,12:45,SUD EST,AVIGNON TGV,JCATLSUD,FRAVG,08:26,FRAET
2564,2023-08-13,AVIGNON TGV,OUI,5332,13:24,SUD EST,MARSEILLE ST CHARLES,JCATLSUD,FRMSC,12:50,FRAVG
2565,2023-08-13,MASSY TGV,NON,5332,12:45,SUD EST,AVIGNON TGV,JCATLSUD,FRAVG,09:26,FRDJU
2566,2023-08-13,RENNES,NON,5332,09:16,SUD EST,MASSY TGV,JCATLSUD,FRDJU,07:31,FRRNS
2567,2023-08-13,RENNES,NON,5332,11:30,SUD EST,LYON (intramuros),JCATLSUD,FRLPD,07:31,FRRNS
2568,2023-08-13,LAVAL,NON,8723,16:25,ATLANTIQUE,RENNES,PARISBRETA,FRRNS,16:00,FRACR
2569,2023-08-13,LAVAL,NON,8723,17:28,ATLANTIQUE,VANNES,PARISBRETA,FRVNE,16:00,FRACR
2570,2023-08-13,LORIENT,OUI,8723,18:44,ATLANTIQUE,QUIMPER,PARISBRETA,FRUIP,18:02,FRLRT
2571,2023-08-13,PARIS (intramuros),NON,8723,18:44,ATLANTIQUE,QUIMPER,PARISBRETA,FRUIP,14:41,FRPMO
2572,2023-08-13,PARIS (intramuros),NON,8723,17:03,ATLANTIQUE,REDON,PARISBRETA,FRXRN,14:41,FRPMO
2573,2023-08-13,PARIS (intramuros),NON,8723,17:40,ATLANTIQUE,AURAY,PARISBRETA,FRXUY,14:41,FRPMO
2574,2023-08-13,RENNES,NON,8723,18:12,ATLANTIQUE,QUIMPERLE,PARISBRETA,FRECO,16:29,FRRNS
2575,2023-08-13,RENNES,NON,8723,17:59,ATLANTIQUE,LORIENT,PARISBRETA,FRLRT,16:29,FRRNS
2576,2023-08-13,RENNES,NON,8723,18:28,ATLANTIQUE,ROSPORDEN,PARISBRETA,FRRSP,16:29,FRRNS
2577,2023-08-13,RENNES,NON,8723,17:40,ATLANTIQUE,AURAY,PARISBRETA,FRXUY,16:29,FRRNS
2578,2023-08-13,VANNES,NON,8723,18:44,ATLANTIQUE,QUIMPER,PARISBRETA,FRUIP,17:31,FRVNE
2579,2023-08-13,AURAY,OUI,8723,17:59,ATLANTIQUE,LORIENT,PARISBRETA,FRLRT,17:43,FRXUY
2580,2023-08-13,LYON (intramuros),OUI,6633,23:24,SUD EST,LYON (intramuros),PARISRHONE,FRLPE,23:16,FRLPD
2581,2023-08-13,PARIS (intramuros),OUI,6633,23:24,SUD EST,LYON (intramuros),PARISRHONE,FRLPE,21:00,FRPLY
2582,2023-08-13,AVIGNON TGV,OUI,5124,23:53,NORD,MARSEILLE ST CHARLES,JCNORDSUD,FRMSC,23:17,FRAVG
2583,2023-08-13,LILLE (intramuros),OUI,5124,23:14,NORD,AVIGNON TGV,JCNORDSUD,FRAVG,18:22,FRLLE
2584,2023-08-13,LILLE (intramuros),OUI,5124,19:43,NORD,AEROPORT CDG2 TGV ROISSY,JCNORDSUD,FRMLW,18:22,FRLLE
2585,2023-08-13,LILLE (intramuros),OUI,5124,18:41,NORD,ARRAS,JCNORDSUD,FRQRV,18:22,FRLLE
2586,2023-08-13,LYON (intramuros),OUI,5124,23:53,NORD,MARSEILLE ST CHARLES,JCNORDSUD,FRMSC,22:06,FRLPD
2587,2023-08-13,AEROPORT CDG2 TGV ROISSY,OUI,5124,22:00,NORD,LYON (intramuros),JCNORDSUD,FRLPD,20:00,FRMLW
2588,2023-08-13,AVIGNON TGV,OUI,6129,22:41,SUD EST,AIX EN PROVENCE TGV,PAPROVENCE,FRAIE,22:20,FRAVG
2589,2023-08-13,AVIGNON TGV,OUI,6129,22:56,SUD EST,MARSEILLE ST CHARLES,PAPROVENCE,FRMSC,22:20,FRAVG
2590,2023-08-13,CHAMPAGNE-ARDENNE,OUI,2680,19:01,EST,PARIS (intramuros),LUXMETZPA,FRPST,18:20,FREAH
2591,2023-08-13,LORRAINE TGV,NON,5470,13:59,EST,LE MANS,JCESTATL,FRAET,10:40,FREAM
2592,2023-08-13,LORRAINE TGV,NON,5470,11:25,EST,CHAMPAGNE-ARDENNE,JCESTATL,FREAH,10:40,FREAM
2593,2023-08-13,MARNE LA VALLEE CHESSY,NON,5470,13:59,EST,LE MANS,JCESTATL,FRAET,12:30,FRMLV
2594,2023-08-13,MARNE LA VALLEE CHESSY,NON,5470,13:04,EST,MASSY TGV,JCESTATL,FRDJU,12:30,FRMLV
2595,2023-08-13,MARNE LA VALLEE CHESSY,NON,5470,14:47,EST,RENNES,JCESTATL,FRRNS,12:30,FRMLV
2596,2023-08-13,MEUSE TGV,NON,5470,13:59,EST,LE MANS,JCESTATL,FRAET,11:01,FREAJ
2597,2023-08-13,MEUSE TGV,NON,5470,14:47,EST,RENNES,JCESTATL,FRRNS,11:01,FREAJ
2598,2023-08-13,QUIMPER,OUI,8744,20:13,ATLANTIQUE,VANNES,BRETAPARIS,FRVNE,19:09,FRUIP
2599,2023-08-13,TOULON,OUI,5772,07:54,IC NUIT,PARIS (intramuros),AZURPAR,FRPAZ,21:12,FRTLN
2600,2023-08-13,ANTIBES,OUI,5772,07:54,IC NUIT,PARIS (intramuros),AZURPAR,FRPAZ,19:33,FRXAT
2601,2023-08-13,STRASBOURG,NON,5450,09:04,EST,MASSY TGV,JCESTATL,FRDJU,06:18,FRAEG
2602,2023-08-13,ANGOULEME,NON,5450,12:02,EST,BORDEAUX ST JEAN,JCESTATL,FRBOJ,11:26,FRANG
2603,2023-08-13,MASSY TGV,NON,5450,10:41,EST,POITIERS,JCESTATL,FRPIS,09:09,FRDJU
2604,2023-08-13,CHAMPAGNE-ARDENNE,NON,5450,10:06,EST,ST PIERRE DES CORPS,JCESTATL,FRXSH,07:45,FREAH
2605,2023-08-13,MARNE LA VALLEE CHESSY,NON,5450,11:23,EST,ANGOULEME,JCESTATL,FRANG,08:35,FRMLV
2606,2023-08-13,ST PIERRE DES CORPS,NON,5450,11:23,EST,ANGOULEME,JCESTATL,FRANG,10:10,FRXSH
2607,2023-08-13,PARIS (intramuros),NON,5789,05:20,IC NUIT,DIE,PABRIANCON,FRDIE,20:51,FRPAZ
2608,2023-08-13,PARIS (intramuros),NON,5789,07:11,IC NUIT,CHORGES,PABRIANCON,FRIGS,20:51,FRPAZ
2609,2023-08-13,NIMES,NON,9864,16:49,NORD,LYON (intramuros),JCSUDNORD,FRLPD,15:19,FRFNI
2610,2023-08-13,LYON (intramuros),NON,9864,18:47,NORD,MARNE LA VALLEE CHESSY,JCSUDNORD,FRMLV,17:00,FRLPD
2611,2023-08-13,LYON (intramuros),NON,9864,19:01,NORD,AEROPORT CDG2 TGV ROISSY,JCSUDNORD,FRMLW,17:00,FRLPD
2612,2023-08-13,MONTPELLIER SAINT-ROCH,NON,9864,19:56,NORD,LILLE (intramuros),JCSUDNORD,FRLLE,14:51,FRMPL
2613,2023-08-13,DIJON VILLE,NON,9877,14:49,EST,AIX EN PROVENCE TGV,JCRHINRHON,FRAIE,11:21,FRABA
2614,2023-08-13,DIJON VILLE,NON,9877,13:00,EST,LYON (intramuros),JCRHINRHON,FRLPD,11:21,FRABA
2615,2023-08-13,METZ VILLE,OUI,9877,08:56,EST,STRASBOURG,JCRHINRHON,FRAEG,08:08,FRADE
2616,2023-08-13,METZ VILLE,OUI,9877,09:54,EST,MULHOUSE VILLE,JCRHINRHON,FRAEK,08:08,FRADE
2617,2023-08-13,METZ VILLE,NON,9877,14:49,EST,AIX EN PROVENCE TGV,JCRHINRHON,FRAIE,08:08,FRADE
2618,2023-08-13,METZ VILLE,NON,9877,13:00,EST,LYON (intramuros),JCRHINRHON,FRLPD,08:08,FRADE
2619,2023-08-13,METZ VILLE,NON,9877,10:41,EST,BESANCON - F COMTE TGV,JCRHINRHON,FRTJB,08:08,FRADE
2620,2023-08-13,STRASBOURG,NON,9877,14:49,EST,AIX EN PROVENCE TGV,JCRHINRHON,FRAIE,09:03,FRAEG
2621,2023-08-13,STRASBOURG,NON,9877,10:18,EST,BELFORT-MONTBELIARD TGV,JCRHINRHON,FRTJA,09:03,FRAEG
2622,2023-08-13,STRASBOURG,NON,9877,13:46,EST,VALENCE TGV RHONE-ALPES SUD,JCRHINRHON,FRVLA,09:03,FRAEG
2623,2023-08-13,MULHOUSE VILLE,NON,9877,14:49,EST,AIX EN PROVENCE TGV,JCRHINRHON,FRAIE,09:57,FRAEK
2624,2023-08-13,MULHOUSE VILLE,NON,9877,10:18,EST,BELFORT-MONTBELIARD TGV,JCRHINRHON,FRTJA,09:57,FRAEK
2625,2023-08-13,MULHOUSE VILLE,NON,9877,13:46,EST,VALENCE TGV RHONE-ALPES SUD,JCRHINRHON,FRVLA,09:57,FRAEK
2626,2023-08-13,AIX EN PROVENCE TGV,OUI,9877,15:07,EST,MARSEILLE ST CHARLES,JCRHINRHON,FRMSC,14:52,FRAIE
2627,2023-08-13,MACON VILLE,NON,9877,14:49,EST,AIX EN PROVENCE TGV,JCRHINRHON,FRAIE,12:22,FRHGU
2628,2023-08-13,MACON VILLE,NON,9877,14:25,EST,AVIGNON TGV,JCRHINRHON,FRAVG,12:22,FRHGU
2629,2023-08-13,MACON VILLE,NON,9877,15:07,EST,MARSEILLE ST CHARLES,JCRHINRHON,FRMSC,12:22,FRHGU
2630,2023-08-13,LYON (intramuros),NON,9877,14:25,EST,AVIGNON TGV,JCRHINRHON,FRAVG,13:06,FRLPD
2631,2023-08-13,BESANCON - F COMTE TGV,NON,9877,14:49,EST,AIX EN PROVENCE TGV,JCRHINRHON,FRAIE,10:44,FRTJB
2632,2023-08-13,BESANCON - F COMTE TGV,NON,9877,13:46,EST,VALENCE TGV RHONE-ALPES SUD,JCRHINRHON,FRVLA,10:44,FRTJB
2633,2023-08-13,VALENCE TGV RHONE-ALPES SUD,NON,9877,14:49,EST,AIX EN PROVENCE TGV,JCRHINRHON,FRAIE,13:51,FRVLA
2634,2023-08-13,THIONVILLE,NON,9877,10:18,EST,BELFORT-MONTBELIARD TGV,JCRHINRHON,FRTJA,07:47,FRXTH
2635,2023-08-13,LUXEMBOURG,OUI,9877,07:45,EST,THIONVILLE,JCRHINRHON,FRXTH,07:24,LULUX
2636,2023-08-13,AVIGNON TGV,OUI,6117,19:00,SUD EST,MARSEILLE ST CHARLES,PAPROVENCE,FRMSC,18:25,FRAVG
2637,2023-08-13,PARIS (intramuros),NON,6117,19:00,SUD EST,MARSEILLE ST CHARLES,PAPROVENCE,FRMSC,15:38,FRPLY
2638,2023-08-13,PARIS (intramuros),OUI,6949,20:36,SUD EST,CHAMBERY CHALLES LES EAUX,PARISALPES,FRCMF,17:46,FRPLY
2639,2023-08-13,PARIS (intramuros),NON,9575,15:41,INTERNATIONAL,STRASBOURG,PASTUTMUN,FRAEG,13:55,FRPST
2640,2023-08-13,PERPIGNAN,OUI,6258,18:12,SUD EST,PARIS (intramuros),LANGPA,FRPLY,13:04,FRPGF
2641,2023-08-13,AGDE,OUI,6258,18:12,SUD EST,PARIS (intramuros),LANGPA,FRPLY,14:12,FRXAG
2642,2023-08-13,NARBONNE,OUI,6258,18:12,SUD EST,PARIS (intramuros),LANGPA,FRPLY,13:42,FRXNA
2643,2023-08-13,NARBONNE,OUI,6258,15:51,SUD EST,VALENCE TGV RHONE-ALPES SUD,LANGPA,FRVLA,13:42,FRXNA
2644,2023-08-13,SETE,OUI,6258,18:12,SUD EST,PARIS (intramuros),LANGPA,FRPLY,14:28,FRXSY
2645,2023-08-13,NIMES PONT DU GARD,OUI,6258,15:51,SUD EST,VALENCE TGV RHONE-ALPES SUD,LANGPA,FRVLA,15:15,FRXZP
2646,2023-08-13,GUINGAMP,OUI,8629,20:02,ATLANTIQUE,MORLAIX,PARISBRETA,FRMXN,19:36,FRGGP
2647,2023-08-13,RENNES,NON,8629,20:02,ATLANTIQUE,MORLAIX,PARISBRETA,FRMXN,18:32,FRRNS
2648,2023-08-13,BEZIERS,NON,9704,18:16,SUD EST,NIMES,BARCELONEPA,FRFNI,16:58,FRBZR
2649,2023-08-13,NIMES,NON,9704,21:18,SUD EST,PARIS (intramuros),BARCELONEPA,FRPLY,18:20,FRFNI
2650,2023-08-13,NIMES,NON,9704,19:03,SUD EST,VALENCE TGV RHONE-ALPES SUD,BARCELONEPA,FRVLA,18:20,FRFNI
2651,2023-08-13,MONTPELLIER SAINT-ROCH,NON,9704,21:18,SUD EST,PARIS (intramuros),BARCELONEPA,FRPLY,17:51,FRMPL
2652,2023-08-13,PERPIGNAN,NON,9704,16:55,SUD EST,BEZIERS,BARCELONEPA,FRBZR,16:05,FRPGF
2653,2023-08-13,PERPIGNAN,NON,9704,17:43,SUD EST,MONTPELLIER SAINT-ROCH,BARCELONEPA,FRMPL,16:05,FRPGF
2654,2023-08-13,PERPIGNAN,NON,9704,19:03,SUD EST,VALENCE TGV RHONE-ALPES SUD,BARCELONEPA,FRVLA,16:05,FRPGF
2655,2023-08-13,PERPIGNAN,NON,9704,16:39,SUD EST,NARBONNE,BARCELONEPA,FRXNA,16:05,FRPGF
2656,2023-08-13,NARBONNE,NON,9704,17:08,SUD EST,AGDE,BARCELONEPA,FRXAG,16:42,FRXNA
2657,2023-08-13,NARBONNE,NON,9704,17:24,SUD EST,SETE,BARCELONEPA,FRXSY,16:42,FRXNA
2658,2023-08-13,BARCELONA SANTS,NON,9704,21:18,SUD EST,PARIS (intramuros),BARCELONEPA,FRPLY,14:32,ESBST
2659,2023-08-13,FIGUERES VILA TGV,NON,9704,21:18,SUD EST,PARIS (intramuros),BARCELONEPA,FRPLY,15:30,ESFIR
2660,2023-08-13,BARCELONA SANTS,NON,9704,17:43,SUD EST,MONTPELLIER SAINT-ROCH,BARCELONEPA,FRMPL,14:32,ESBST
2661,2023-08-13,GIRONA,NON,9704,15:52,SUD EST,PERPIGNAN,BARCELONEPA,FRPGF,15:13,ESGRO
2662,2023-08-13,FIGUERES VILA TGV,NON,9704,16:55,SUD EST,BEZIERS,BARCELONEPA,FRBZR,15:30,ESFIR
2663,2023-08-13,ANGERS ST LAUD,NON,5306,15:20,SUD EST,MASSY TGV,JCATLSUD,FRDJU,13:27,FRACL
2664,2023-08-13,LYON (intramuros),OUI,5306,17:49,SUD EST,LYON (intramuros),JCATLSUD,FRLPE,17:40,FRLPD
2665,2023-08-13,NANTES,NON,5306,17:30,SUD EST,LYON (intramuros),JCATLSUD,FRLPD,12:44,FRNTE
2666,2023-08-13,LUCON,NON,3852,12:05,IC SRO,NANTES,BORDONANTE,FRNTE,11:00,FRLCN
2667,2023-08-13,LA ROCHELLE VILLE,NON,3852,10:58,IC SRO,LUCON,BORDONANTE,FRLCN,10:19,FRLRH
2668,2023-08-13,SAINTES,NON,3852,09:53,IC SRO,ROCHEFORT,BORDONANTE,FRRCO,09:25,FRXST
2669,2023-08-13,PARIS (intramuros),OUI,8319,19:13,ATLANTIQUE,VENDOME VILLIERS SUR LOIR,PAROCHELLE,FRESL,18:28,FRPMO
2670,2023-08-13,ST PIERRE DES CORPS,OUI,8319,19:45,ATLANTIQUE,TOURS,PAROCHELLE,FRAFW,19:40,FRXSH
2671,2023-08-13,LES AUBRAIS ORLEANS,NON,3755,05:40,IC NUIT,FIGEAC,PAVERMEIL,FRFIG,23:32,FRLAB
2672,2023-08-13,LES AUBRAIS ORLEANS,NON,3755,05:08,IC NUIT,GRAMAT,PAVERMEIL,FRFSB,23:32,FRLAB
2673,2023-08-13,LES AUBRAIS ORLEANS,NON,3755,04:44,IC NUIT,ST DENIS PRES MARTEL,PAVERMEIL,FRSDM,23:32,FRLAB
2674,2023-08-13,PARIS (intramuros),NON,3755,05:40,IC NUIT,FIGEAC,PAVERMEIL,FRFIG,22:12,FRPAZ
2675,2023-08-13,PARIS (intramuros),NON,3755,07:06,IC NUIT,RODEZ,PAVERMEIL,FRRDZ,22:12,FRPAZ
2676,2023-08-13,AVIGNON TGV,OUI,6163,19:08,SUD EST,TOULON,PAAZUR,FRTLN,17:58,FRAVG
2677,2023-08-13,AVIGNON TGV,OUI,6163,20:40,SUD EST,ANTIBES,PAAZUR,FRXAT,17:58,FRAVG
2678,2023-08-13,PARIS (intramuros),NON,6163,21:00,SUD EST,NICE VILLE,PAAZUR,FRNIC,15:20,FRPLY
2679,2023-08-13,ANTIBES,OUI,6163,21:00,SUD EST,NICE VILLE,PAAZUR,FRNIC,20:43,FRXAT
2680,2023-08-13,ST RAPHAEL VALESCURE,OUI,6163,20:27,SUD EST,CANNES,PAAZUR,FRJCA,20:05,FRXSK
2681,2023-08-13,AGEN,OUI,4766,23:32,IC ARO,BORDEAUX ST JEAN,TJOURSESO,FRBOJ,22:29,FRAGF
2682,2023-08-13,BEZIERS,NON,4766,22:27,IC ARO,AGEN,TJOURSESO,FRAGF,19:47,FRBZR
2683,2023-08-13,CARCASSONNE,NON,4766,21:17,IC ARO,TOULOUSE MATABIAU,TJOURSESO,FRXYT,20:35,FRCCF
2684,2023-08-13,NIMES,NON,4766,19:44,IC ARO,BEZIERS,TJOURSESO,FRBZR,18:39,FRFNI
2685,2023-08-13,NIMES,NON,4766,19:03,IC ARO,MONTPELLIER SAINT-ROCH,TJOURSESO,FRMPL,18:39,FRFNI
2686,2023-08-13,NIMES,NON,4766,21:49,IC ARO,MONTAUBAN VILLE BOURBON,TJOURSESO,FRXMW,18:39,FRFNI
2687,2023-08-13,MONTPELLIER SAINT-ROCH,NON,4766,21:17,IC ARO,TOULOUSE MATABIAU,TJOURSESO,FRXYT,19:07,FRMPL
2688,2023-08-13,MARSEILLE ST CHARLES,NON,4766,20:33,IC ARO,CARCASSONNE,TJOURSESO,FRCCF,17:28,FRMSC
2689,2023-08-13,NARBONNE,NON,4766,21:17,IC ARO,TOULOUSE MATABIAU,TJOURSESO,FRXYT,20:05,FRXNA
2690,2023-08-13,CHATEAUROUX,OUI,3625,14:38,IC ARO,UZERCHE,PALITO,FRAAW,12:48,FRCHR
2691,2023-08-13,CHATEAUROUX,OUI,3625,13:24,IC ARO,LA SOUTERRAINE,PALITO,FRLST,12:48,FRCHR
2692,2023-08-13,ISSOUDUN,OUI,3625,12:46,IC ARO,CHATEAUROUX,PALITO,FRCHR,12:33,FRFMN
2693,2023-08-13,LA SOUTERRAINE,OUI,3625,13:57,IC ARO,LIMOGES BENEDICTINS,PALITO,FRAGQ,13:26,FRLST
2694,2023-08-13,PARIS (intramuros),OUI,3625,13:24,IC ARO,LA SOUTERRAINE,PALITO,FRLST,10:40,FRPAZ
2695,2023-08-13,VIERZON VILLE,OUI,3625,13:24,IC ARO,LA SOUTERRAINE,PALITO,FRLST,12:13,FRXVZ
2696,2023-08-13,AVIGNON TGV,OUI,6186,23:13,SUD EST,PARIS (intramuros),AZURPA,FRPLY,20:33,FRAVG
2697,2023-08-13,CANNES,OUI,6186,23:13,SUD EST,PARIS (intramuros),AZURPA,FRPLY,18:08,FRJCA
2698,2023-08-13,TOULON,OUI,6186,23:13,SUD EST,PARIS (intramuros),AZURPA,FRPLY,19:24,FRTLN
2699,2023-08-13,ANTIBES,OUI,6186,20:30,SUD EST,AVIGNON TGV,AZURPA,FRAVG,17:54,FRXAT
2700,2023-08-13,VALENCE TGV RHONE-ALPES SUD,OUI,6055,21:46,SUD EST,NIMES PONT DU GARD,PALANG,FRXZP,21:10,FRVLA
2701,2023-08-13,REIMS,OUI,2766,23:01,EST,PARIS (intramuros),SEDBARPA,FRPST,22:15,FRRHE
2702,2023-08-13,CHARLEVILLE MEZIERES,OUI,2766,22:09,EST,REIMS,SEDBARPA,FRRHE,21:17,FRXCZ
2703,2023-08-13,AVIGNON TGV,NON,6165,16:01,SUD EST,ST RAPHAEL VALESCURE,PAAZUR,FRXSK,14:04,FRAVG
2704,2023-08-13,PARIS (intramuros),NON,6165,14:01,SUD EST,AVIGNON TGV,PAAZUR,FRAVG,11:22,FRPLY
2705,2023-08-13,PARIS (intramuros),NON,6165,16:58,SUD EST,NICE VILLE,PAAZUR,FRNIC,11:22,FRPLY
2706,2023-08-13,PARIS (intramuros),NON,6165,16:01,SUD EST,ST RAPHAEL VALESCURE,PAAZUR,FRXSK,11:22,FRPLY
2707,2023-08-13,TOULON,OUI,6165,16:58,SUD EST,NICE VILLE,PAAZUR,FRNIC,15:15,FRTLN
2708,2023-08-13,TOULON,OUI,6165,16:01,SUD EST,ST RAPHAEL VALESCURE,PAAZUR,FRXSK,15:15,FRTLN
2709,2023-08-13,ANTIBES,OUI,6165,16:58,SUD EST,NICE VILLE,PAAZUR,FRNIC,16:42,FRXAT
2710,2023-08-13,ST RAPHAEL VALESCURE,OUI,6165,16:25,SUD EST,CANNES,PAAZUR,FRJCA,16:04,FRXSK
2711,2023-08-13,LYON (intramuros),OUI,6624,18:08,SUD EST,PARIS (intramuros),RHONEPARIS,FRPLY,15:51,FRLPE
2712,2023-08-13,BORDEAUX ST JEAN,OUI,12274,19:10,ATLANTIQUE,MASSY TGV,SUDOUESTPA,FRDJU,17:08,FRBOJ
2713,2023-08-13,LYON-SAINT EXUPERY TGV,NON,6196,17:46,SUD EST,PARIS (intramuros),VDRPA,FRPLY,15:59,FRJDQ
2714,2023-08-13,MONTELIMAR GARE SNCF,NON,6196,17:46,SUD EST,PARIS (intramuros),VDRPA,FRPLY,14:49,FRXMK
2715,2023-08-13,MONTELIMAR GARE SNCF,OUI,6196,15:10,SUD EST,VALENCE VILLE,VDRPA,FRVAF,14:49,FRXMK
2716,2023-08-13,PARIS (intramuros),NON,6047,10:31,SUD EST,SETE,PALANG,FRXSY,06:56,FRPLY
2717,2023-08-13,SETE,OUI,6047,11:03,SUD EST,BEZIERS,PALANG,FRBZR,10:34,FRXSY
2718,2023-08-13,SETE,OUI,6047,11:20,SUD EST,NARBONNE,PALANG,FRXNA,10:34,FRXSY
2719,2023-08-13,MONTPELLIER SUD DE FRANCE,OUI,6047,10:31,SUD EST,SETE,PALANG,FRXSY,10:17,FRSUF
2720,2023-08-13,MONTPELLIER SUD DE FRANCE,OUI,6047,11:20,SUD EST,NARBONNE,PALANG,FRXNA,10:17,FRSUF
2721,2023-08-13,MONTPELLIER SUD DE FRANCE,OUI,6047,11:03,SUD EST,BEZIERS,PALANG,FRBZR,10:17,FRSUF
2722,2023-08-13,VALENCE TGV RHONE-ALPES SUD,NON,6047,09:46,SUD EST,NIMES PONT DU GARD,PALANG,FRXZP,09:10,FRVLA
2723,2023-08-13,NIMES PONT DU GARD,NON,6047,10:48,SUD EST,AGDE,PALANG,FRXAG,09:49,FRXZP
2724,2023-08-13,NIMES PONT DU GARD,NON,6047,10:31,SUD EST,SETE,PALANG,FRXSY,09:49,FRXZP
2725,2023-08-13,CANNES,OUI,6181,22:41,SUD EST,ANTIBES,PAAZUR,FRXAT,22:33,FRJCA
2726,2023-08-13,PARIS (intramuros),OUI,6181,22:28,SUD EST,CANNES,PAAZUR,FRJCA,17:22,FRPLY
2727,2023-08-13,PARIS (intramuros),OUI,6181,21:11,SUD EST,TOULON,PAAZUR,FRTLN,17:22,FRPLY
2728,2023-08-13,ST RAPHAEL VALESCURE,OUI,6181,22:41,SUD EST,ANTIBES,PAAZUR,FRXAT,22:05,FRXSK
2729,2023-08-13,CANNES,NON,6176,17:50,SUD EST,PARIS (intramuros),AZURPA,FRPLY,12:33,FRJCA
2730,2023-08-13,NICE VILLE,NON,6176,17:50,SUD EST,PARIS (intramuros),AZURPA,FRPLY,12:02,FRNIC
2731,2023-08-13,NICE VILLE,OUI,6176,13:44,SUD EST,TOULON,AZURPA,FRTLN,12:02,FRNIC
2732,2023-08-13,NICE VILLE,OUI,6176,12:16,SUD EST,ANTIBES,AZURPA,FRXAT,12:02,FRNIC
2733,2023-08-13,SAUMUR,NON,4506,22:04,IC SRO,NANTES,JOURLYNNTE,FRNTE,21:01,FRACN
2734,2023-08-13,LYON (intramuros),NON,4506,20:59,IC SRO,SAUMUR,JOURLYNNTE,FRACN,15:46,FRLPD
2735,2023-08-13,LYON (intramuros),NON,4506,22:04,IC SRO,NANTES,JOURLYNNTE,FRNTE,15:46,FRLPD
2736,2023-08-13,LYON (intramuros),NON,4506,16:49,IC SRO,ROANNE,JOURLYNNTE,FRRNE,15:46,FRLPD
2737,2023-08-13,LYON (intramuros),NON,4506,22:04,IC SRO,NANTES,JOURLYNNTE,FRNTE,15:32,FRLPE
2738,2023-08-13,LYON (intramuros),NON,4506,17:28,IC SRO,ST GERMAIN DES FOSSES,JOURLYNNTE,FRSGF,15:32,FRLPE
2739,2023-08-13,NEVERS,NON,4506,21:22,IC SRO,ANGERS ST LAUD,JOURLYNNTE,FRACL,18:29,FRNVS
2740,2023-08-13,NEVERS,NON,4506,19:25,IC SRO,VIERZON VILLE,JOURLYNNTE,FRXVZ,18:29,FRNVS
2741,2023-08-13,ROANNE,NON,4506,22:04,IC SRO,NANTES,JOURLYNNTE,FRNTE,16:51,FRRNE
2742,2023-08-13,ROANNE,NON,4506,18:19,IC SRO,NEVERS,JOURLYNNTE,FRNVS,16:51,FRRNE
2743,2023-08-13,ST GERMAIN DES FOSSES,NON,4506,17:49,IC SRO,MOULINS SUR ALLIER,JOURLYNNTE,FRXMU,17:30,FRSGF
2744,2023-08-13,MOULINS SUR ALLIER,NON,4506,20:59,IC SRO,SAUMUR,JOURLYNNTE,FRACN,17:51,FRXMU
2745,2023-08-13,MOULINS SUR ALLIER,NON,4506,20:26,IC SRO,ST PIERRE DES CORPS,JOURLYNNTE,FRXSH,17:51,FRXMU
2746,2023-08-13,VIERZON VILLE,NON,4506,20:59,IC SRO,SAUMUR,JOURLYNNTE,FRACN,19:27,FRXVZ
2747,2023-08-13,LE MANS,OUI,8073,22:02,ATLANTIQUE,VITRE,PARISBRETA,FRXVT,21:13,FRAET
2748,2023-08-13,PARIS (intramuros),NON,8073,21:41,ATLANTIQUE,LAVAL,PARISBRETA,FRACR,20:13,FRPMO
2749,2023-08-13,PARIS (intramuros),NON,8073,22:02,ATLANTIQUE,VITRE,PARISBRETA,FRXVT,20:13,FRPMO
2750,2023-08-13,BEZIERS,OUI,6871,09:36,SUD EST,SETE,JCSUDPROV,FRXSY,09:15,FRBZR
2751,2023-08-13,CARCASSONNE,NON,6871,11:50,SUD EST,LYON (intramuros),JCSUDPROV,FRLPD,08:27,FRCCF
2752,2023-08-13,NARBONNE,NON,6871,11:07,SUD EST,VALENCE TGV RHONE-ALPES SUD,JCSUDPROV,FRVLA,08:59,FRXNA
2753,2023-08-13,NARBONNE,OUI,6871,09:36,SUD EST,SETE,JCSUDPROV,FRXSY,08:59,FRXNA
2754,2023-08-13,SETE,NON,6871,11:50,SUD EST,LYON (intramuros),JCSUDPROV,FRLPD,09:39,FRXSY
2755,2023-08-13,TOULOUSE MATABIAU,OUI,6871,08:24,SUD EST,CARCASSONNE,JCSUDPROV,FRCCF,07:43,FRXYT
2756,2023-08-13,MONTPELLIER SUD DE FRANCE,NON,6871,11:07,SUD EST,VALENCE TGV RHONE-ALPES SUD,JCSUDPROV,FRVLA,10:05,FRSUF
2757,2023-08-13,MEUSE TGV,OUI,2573,20:41,EST,EPINAL,PANANCY,FREPL,19:13,FREAJ
2758,2023-08-13,ANGERS ST LAUD,NON,5480,18:00,EST,CHAMPAGNE-ARDENNE,JCATLEST,FREAH,14:49,FRACL
2759,2023-08-13,ANGERS ST LAUD,NON,5480,17:13,EST,AEROPORT CDG2 TGV ROISSY,JCATLEST,FRMLW,14:49,FRACL
2760,2023-08-13,LE MANS,NON,5480,16:20,EST,MASSY TGV,JCATLEST,FRDJU,15:30,FRAET
2761,2023-08-13,MASSY TGV,NON,5480,16:57,EST,MARNE LA VALLEE CHESSY,JCATLEST,FRMLV,16:26,FRDJU
2762,2023-08-13,MARNE LA VALLEE CHESSY,NON,5480,19:29,EST,STRASBOURG,JCATLEST,FRAEG,17:03,FRMLV
2763,2023-08-13,MARNE LA VALLEE CHESSY,NON,5480,18:48,EST,LORRAINE TGV,JCATLEST,FREAM,17:03,FRMLV
2764,2023-08-13,AEROPORT CDG2 TGV ROISSY,NON,5480,18:48,EST,LORRAINE TGV,JCATLEST,FREAM,17:29,FRMLW
2765,2023-08-13,NANTES,NON,5480,16:57,EST,MARNE LA VALLEE CHESSY,JCATLEST,FRMLV,14:09,FRNTE
2766,2023-08-13,NANTES,NON,5480,17:13,EST,AEROPORT CDG2 TGV ROISSY,JCATLEST,FRMLW,14:09,FRNTE
2767,2023-08-13,DIJON VILLE,OUI,6715,23:20,SUD EST,MULHOUSE VILLE,PABOUR,FRAEK,22:02,FRABA
2768,2023-08-13,DIJON VILLE,OUI,6715,22:52,SUD EST,BELFORT-MONTBELIARD TGV,PABOUR,FRTJA,22:02,FRABA
2769,2023-08-13,PARIS (intramuros),NON,6715,22:52,SUD EST,BELFORT-MONTBELIARD TGV,PABOUR,FRTJA,20:22,FRPLY
2770,2023-08-13,BELFORT-MONTBELIARD TGV,OUI,6715,23:20,SUD EST,MULHOUSE VILLE,PABOUR,FRAEK,22:55,FRTJA
2771,2023-08-13,BESANCON - F COMTE TGV,OUI,6715,23:20,SUD EST,MULHOUSE VILLE,PABOUR,FRAEK,22:31,FRTJB
2772,2023-08-13,CARCASSONNE,NON,3736,07:19,IC NUIT,PARIS (intramuros),PALOMBEPAR,FRPAZ,21:47,FRCCF
2773,2023-08-13,LEZIGNAN-CORBIERES,NON,3736,06:08,IC NUIT,LES AUBRAIS ORLEANS,PALOMBEPAR,FRLAB,21:27,FRFUX
2774,2023-08-13,LEZIGNAN-CORBIERES,NON,3736,07:19,IC NUIT,PARIS (intramuros),PALOMBEPAR,FRPAZ,21:27,FRFUX
2775,2023-08-13,RIVESALTES,NON,3736,06:08,IC NUIT,LES AUBRAIS ORLEANS,PALOMBEPAR,FRLAB,20:00,FRIOF
2776,2023-08-13,ELNE,NON,3736,07:19,IC NUIT,PARIS (intramuros),PALOMBEPAR,FRPAZ,19:38,FRIOG
2777,2023-08-13,PERPIGNAN,NON,3736,06:08,IC NUIT,LES AUBRAIS ORLEANS,PALOMBEPAR,FRLAB,19:51,FRPGF
2778,2023-08-13,PERPIGNAN,NON,3736,07:19,IC NUIT,PARIS (intramuros),PALOMBEPAR,FRPAZ,19:51,FRPGF
2779,2023-08-13,BANYULS SUR MER,NON,3736,06:08,IC NUIT,LES AUBRAIS ORLEANS,PALOMBEPAR,FRLAB,19:12,FRXBU
2780,2023-08-13,CERBERE,NON,3736,07:19,IC NUIT,PARIS (intramuros),PALOMBEPAR,FRPAZ,19:04,FRXCE
2781,2023-08-13,PORT VENDRES VILLE,NON,3736,07:19,IC NUIT,PARIS (intramuros),PALOMBEPAR,FRPAZ,19:19,FRXPV
2782,2023-08-13,BEZIERS,OUI,6052,23:05,SUD EST,PARIS (intramuros),LANGPA,FRPLY,19:00,FRBZR
2783,2023-08-13,PERPIGNAN,OUI,6052,18:57,SUD EST,BEZIERS,LANGPA,FRBZR,18:04,FRPGF
2784,2023-08-13,PERPIGNAN,OUI,6052,18:40,SUD EST,NARBONNE,LANGPA,FRXNA,18:04,FRPGF
2785,2023-08-13,SETE,OUI,6052,23:05,SUD EST,PARIS (intramuros),LANGPA,FRPLY,19:30,FRXSY
2786,2023-08-13,SETE,OUI,6052,20:51,SUD EST,VALENCE TGV RHONE-ALPES SUD,LANGPA,FRVLA,19:30,FRXSY
2787,2023-08-13,SETE,OUI,6052,19:47,SUD EST,MONTPELLIER SUD DE FRANCE,LANGPA,FRSUF,19:30,FRXSY
2788,2023-08-13,PERPIGNAN,OUI,6052,19:47,SUD EST,MONTPELLIER SUD DE FRANCE,LANGPA,FRSUF,18:04,FRPGF
2789,2023-08-13,NIMES PONT DU GARD,OUI,6052,20:51,SUD EST,VALENCE TGV RHONE-ALPES SUD,LANGPA,FRVLA,20:13,FRXZP
2790,2023-08-13,PERPIGNAN,OUI,6052,20:10,SUD EST,NIMES PONT DU GARD,LANGPA,FRXZP,18:04,FRPGF
2791,2023-08-13,BEZIERS,NON,9708,15:01,SUD EST,VALENCE TGV RHONE-ALPES SUD,BARCELONEPA,FRVLA,12:58,FRBZR
2792,2023-08-13,BEZIERS,NON,9708,13:26,SUD EST,SETE,BARCELONEPA,FRXSY,12:58,FRBZR
2793,2023-08-13,NIMES,NON,9708,15:01,SUD EST,VALENCE TGV RHONE-ALPES SUD,BARCELONEPA,FRVLA,14:17,FRFNI
2794,2023-08-13,MONTPELLIER SAINT-ROCH,NON,9708,14:13,SUD EST,NIMES,BARCELONEPA,FRFNI,13:48,FRMPL
2795,2023-08-13,MONTPELLIER SAINT-ROCH,NON,9708,15:01,SUD EST,VALENCE TGV RHONE-ALPES SUD,BARCELONEPA,FRVLA,13:48,FRMPL
2796,2023-08-13,PERPIGNAN,NON,9708,14:13,SUD EST,NIMES,BARCELONEPA,FRFNI,12:04,FRPGF
2797,2023-08-13,AGDE,NON,9708,14:13,SUD EST,NIMES,BARCELONEPA,FRFNI,13:13,FRXAG
2798,2023-08-13,AGDE,NON,9708,13:26,SUD EST,SETE,BARCELONEPA,FRXSY,13:13,FRXAG
2799,2023-08-13,NARBONNE,NON,9708,13:10,SUD EST,AGDE,BARCELONEPA,FRXAG,12:42,FRXNA
2800,2023-08-13,SETE,NON,9708,13:43,SUD EST,MONTPELLIER SAINT-ROCH,BARCELONEPA,FRMPL,13:29,FRXSY
2801,2023-08-13,GIRONA,NON,9708,17:18,SUD EST,PARIS (intramuros),BARCELONEPA,FRPLY,11:14,ESGRO
2802,2023-08-13,GIRONA,NON,9708,14:13,SUD EST,NIMES,BARCELONEPA,FRFNI,11:14,ESGRO
2803,2023-08-13,FIGUERES VILA TGV,NON,9708,12:39,SUD EST,NARBONNE,BARCELONEPA,FRXNA,11:31,ESFIR
2804,2023-08-13,BORDEAUX ST JEAN,NON,8549,19:37,ATLANTIQUE,DAX,PASUDOUEST,FRACG,18:20,FRBOJ
2805,2023-08-13,PARIS (intramuros),NON,8549,20:24,ATLANTIQUE,BIARRITZ,PASUDOUEST,FRBIQ,16:08,FRPMO
2806,2023-08-13,PARIS (intramuros),NON,8549,18:14,ATLANTIQUE,BORDEAUX ST JEAN,PASUDOUEST,FRBOJ,16:08,FRPMO
2807,2023-08-13,PARIS (intramuros),NON,8549,20:40,ATLANTIQUE,ST JEAN DE LUZ CIBOURE,PASUDOUEST,FRXJZ,16:08,FRPMO
2808,2023-08-13,BAYONNE,OUI,8549,20:24,ATLANTIQUE,BIARRITZ,PASUDOUEST,FRBIQ,20:15,FRXBY
2809,2023-08-13,BAYONNE,OUI,8549,20:40,ATLANTIQUE,ST JEAN DE LUZ CIBOURE,PASUDOUEST,FRXJZ,20:15,FRXBY
2810,2023-08-13,KARLSRUHE HBF,NON,9574,12:13,INTERNATIONAL,STRASBOURG,MUNSTUTPA,FRAEG,11:32,DEQKA
2811,2023-08-13,STUTTGART HBF,NON,9574,11:30,INTERNATIONAL,KARLSRUHE HBF,MUNSTUTPA,DEQKA,10:52,DESGT
2812,2023-08-13,LIMOGES BENEDICTINS,OUI,3664,18:06,IC ARO,CHATEAUROUX,TOULOUZECO,FRCHR,16:56,FRAGQ
2813,2023-08-13,CHATEAUROUX,OUI,3664,18:40,IC ARO,VIERZON VILLE,TOULOUZECO,FRXVZ,18:08,FRCHR
2814,2023-08-13,ARGENTON SUR CREUSE,OUI,3664,18:06,IC ARO,CHATEAUROUX,TOULOUZECO,FRCHR,17:51,FRFMT
2815,2023-08-13,BEZIERS,OUI,6221,12:56,SUD EST,PERPIGNAN,PALANG,FRPGF,12:06,FRBZR
2816,2023-08-13,MONTPELLIER SAINT-ROCH,NON,6221,12:56,SUD EST,PERPIGNAN,PALANG,FRPGF,11:17,FRMPL
2817,2023-08-13,MONTPELLIER SAINT-ROCH,NON,6221,11:48,SUD EST,AGDE,PALANG,FRXAG,11:17,FRMPL
2818,2023-08-13,MONTPELLIER SAINT-ROCH,NON,6221,11:31,SUD EST,SETE,PALANG,FRXSY,11:17,FRMPL
2819,2023-08-13,VALENCE TGV RHONE-ALPES SUD,NON,6221,11:31,SUD EST,SETE,PALANG,FRXSY,09:55,FRVLA
2820,2023-08-13,SETE,OUI,6221,12:03,SUD EST,BEZIERS,PALANG,FRBZR,11:34,FRXSY
2821,2023-08-13,LIMOGES BENEDICTINS,OUI,3665,22:44,IC ARO,GOURDON,PALITO,FRFSI,20:58,FRAGQ
2822,2023-08-13,LIMOGES BENEDICTINS,OUI,3665,22:28,IC ARO,SOUILLAC,PALITO,FRSOU,20:58,FRAGQ
2823,2023-08-13,BRIVE LA GAILLARDE,OUI,3665,23:13,IC ARO,CAHORS,PALITO,FRZAO,22:04,FRBVE
2824,2023-08-13,CHATEAUROUX,OUI,3665,20:55,IC ARO,LIMOGES BENEDICTINS,PALITO,FRAGQ,19:42,FRCHR
2825,2023-08-13,CHATEAUROUX,OUI,3665,22:01,IC ARO,BRIVE LA GAILLARDE,PALITO,FRBVE,19:42,FRCHR
2826,2023-08-13,CHATEAUROUX,OUI,3665,23:13,IC ARO,CAHORS,PALITO,FRZAO,19:42,FRCHR
2827,2023-08-13,ARGENTON SUR CREUSE,OUI,3665,20:55,IC ARO,LIMOGES BENEDICTINS,PALITO,FRAGQ,19:58,FRFMT
2828,2023-08-13,ARGENTON SUR CREUSE,OUI,3665,22:01,IC ARO,BRIVE LA GAILLARDE,PALITO,FRBVE,19:58,FRFMT
2829,2023-08-13,PARIS (intramuros),OUI,3665,19:57,IC ARO,ARGENTON SUR CREUSE,PALITO,FRFMT,17:41,FRPAZ
2830,2023-08-13,PARIS (intramuros),OUI,3665,22:44,IC ARO,GOURDON,PALITO,FRFSI,17:41,FRPAZ
2831,2023-08-13,PARIS (intramuros),OUI,3665,19:09,IC ARO,VIERZON VILLE,PALITO,FRXVZ,17:41,FRPAZ
2832,2023-08-13,PARIS (intramuros),OUI,3665,23:13,IC ARO,CAHORS,PALITO,FRZAO,17:41,FRPAZ
2833,2023-08-13,VIERZON VILLE,OUI,3665,19:40,IC ARO,CHATEAUROUX,PALITO,FRCHR,19:11,FRXVZ
2834,2023-08-13,VIERZON VILLE,OUI,3665,23:13,IC ARO,CAHORS,PALITO,FRZAO,19:11,FRXVZ
2835,2023-08-13,ARGENTON SUR CREUSE,OUI,3665,22:44,IC ARO,GOURDON,PALITO,FRFSI,19:58,FRFMT
2836,2023-08-13,POITIERS,OUI,8330,07:22,ATLANTIQUE,ST PIERRE DES CORPS,ROCHELLEPA,FRXSH,06:31,FRPIS
2837,2023-08-13,CHATELLERAULT,OUI,8330,08:33,ATLANTIQUE,PARIS (intramuros),ROCHELLEPA,FRPMO,06:51,FRXCX
2838,2023-08-13,ANGERS ST LAUD,OUI,8905,19:54,ATLANTIQUE,NANTES,PARISLOIRE,FRNTE,19:16,FRACL
2839,2023-08-13,DAX,OUI,8551,22:54,ATLANTIQUE,HENDAYE,PASUDOUEST,FRAEF,21:40,FRACG
2840,2023-08-13,BIARRITZ,OUI,8551,22:39,ATLANTIQUE,ST JEAN DE LUZ CIBOURE,PASUDOUEST,FRXJZ,22:26,FRBIQ
2841,2023-08-13,BORDEAUX ST JEAN,NON,8551,22:54,ATLANTIQUE,HENDAYE,PASUDOUEST,FRAEF,20:20,FRBOJ
2842,2023-08-13,BORDEAUX ST JEAN,NON,8551,22:23,ATLANTIQUE,BIARRITZ,PASUDOUEST,FRBIQ,20:20,FRBOJ
2843,2023-08-13,PARIS (intramuros),NON,8551,20:14,ATLANTIQUE,BORDEAUX ST JEAN,PASUDOUEST,FRBOJ,18:07,FRPMO
2844,2023-08-13,BAYONNE,OUI,8551,22:23,ATLANTIQUE,BIARRITZ,PASUDOUEST,FRBIQ,22:14,FRXBY
2845,2023-08-13,BORDEAUX ST JEAN,NON,8509,19:26,ATLANTIQUE,TOULOUSE MATABIAU,PASUDOUEST,FRXYT,17:21,FRBOJ
2846,2023-08-13,PARIS (intramuros),NON,8509,17:15,ATLANTIQUE,BORDEAUX ST JEAN,PASUDOUEST,FRBOJ,15:08,FRPMO
2847,2023-08-13,AVIGNON TGV,OUI,6131,00:01,SUD EST,MARSEILLE ST CHARLES,PAPROVENCE,FRMSC,23:25,FRAVG
2848,2023-08-13,PARIS (intramuros),OUI,6131,23:46,SUD EST,AIX EN PROVENCE TGV,PAPROVENCE,FRAIE,20:38,FRPLY
2849,2023-08-13,PARIS (intramuros),OUI,6131,00:01,SUD EST,MARSEILLE ST CHARLES,PAPROVENCE,FRMSC,20:38,FRPLY
2850,2023-08-13,NEVERS,NON,5959,15:55,IC ARO,VICHY,PACLERMONT,FRVHY,14:59,FRNVS
2851,2023-08-13,PARIS (intramuros),NON,5959,16:29,IC ARO,CLERMONT FERRAND,PACLERMONT,FRCFE,13:00,FRPBE
2852,2023-08-13,PARIS (intramuros),NON,5959,14:57,IC ARO,NEVERS,PACLERMONT,FRNVS,13:00,FRPBE
2853,2023-08-13,PARIS (intramuros),NON,5959,15:55,IC ARO,VICHY,PACLERMONT,FRVHY,13:00,FRPBE
2854,2023-08-13,PARIS (intramuros),NON,5959,15:28,IC ARO,MOULINS SUR ALLIER,PACLERMONT,FRXMU,13:00,FRPBE
2855,2023-08-13,MOULINS SUR ALLIER,NON,5959,15:55,IC ARO,VICHY,PACLERMONT,FRVHY,15:30,FRXMU
2856,2023-08-13,ANNECY,OUI,6978,16:10,SUD EST,CHAMBERY CHALLES LES EAUX,ALPESPARIS,FRCMF,15:31,FRNCY
2857,2023-08-13,ANNECY,OUI,6978,15:56,SUD EST,AIX LES BAINS LE REVARD,ALPESPARIS,FRXAI,15:31,FRNCY
2858,2023-08-13,AGEN,OUI,8519,23:31,ATLANTIQUE,TOULOUSE MATABIAU,PASUDOUEST,FRXYT,22:25,FRAGF
2859,2023-08-13,BORDEAUX ST JEAN,OUI,8519,23:02,ATLANTIQUE,MONTAUBAN VILLE BOURBON,PASUDOUEST,FRXMW,21:20,FRBOJ
2860,2023-08-13,LORIENT,OUI,8722,14:17,ATLANTIQUE,VANNES,BRETAPARIS,FRVNE,13:46,FRLRT
2861,2023-08-13,VANNES,NON,8722,15:25,ATLANTIQUE,RENNES,BRETAPARIS,FRRNS,14:22,FRVNE
2862,2023-08-13,AURAY,NON,8722,14:48,ATLANTIQUE,REDON,BRETAPARIS,FRXRN,14:07,FRXUY
2863,2023-08-13,MUENCHEN HBF,NON,9576,12:31,INTERNATIONAL,PARIS (intramuros),MUNSTUTPA,FRPST,06:51,DEBEG
2864,2023-08-13,ULM HBF,NON,9576,09:51,INTERNATIONAL,KARLSRUHE HBF,MUNSTUTPA,DEQKA,08:04,DEQUL
2865,2023-08-13,ULM HBF,NON,9576,12:31,INTERNATIONAL,PARIS (intramuros),MUNSTUTPA,FRPST,08:04,DEQUL
2866,2023-08-13,STUTTGART HBF,NON,9576,12:31,INTERNATIONAL,PARIS (intramuros),MUNSTUTPA,FRPST,09:11,DESGT
2867,2023-08-13,CHAMPAGNE-ARDENNE,OUI,9890,09:44,NORD,BRUXELLES MIDI BRUSSEL ZUID,JCESTNORD,BEBMI,07:26,FREAH
2868,2023-08-13,MEUSE TGV,OUI,9890,08:56,NORD,LILLE (intramuros),JCESTNORD,FRLLE,06:59,FREAJ
2869,2023-08-13,LORRAINE TGV,OUI,9890,06:56,NORD,MEUSE TGV,JCESTNORD,FREAJ,06:38,FREAM
2870,2023-08-13,LORRAINE TGV,OUI,9890,08:56,NORD,LILLE (intramuros),JCESTNORD,FRLLE,06:38,FREAM
2871,2023-08-13,LILLE (intramuros),OUI,9890,09:44,NORD,BRUXELLES MIDI BRUSSEL ZUID,JCESTNORD,BEBMI,09:09,FRLLE
2872,2023-08-13,MASSY TGV,NON,5351,10:39,SUD EST,ANGERS ST LAUD,JCSUDATL,FRACL,08:43,FRDJU
2873,2023-08-13,LYON (intramuros),NON,5351,10:39,SUD EST,ANGERS ST LAUD,JCSUDATL,FRACL,06:16,FRLPE
2874,2023-08-13,LYON (intramuros),OUI,5351,06:24,SUD EST,LYON (intramuros),JCSUDATL,FRLPD,06:16,FRLPE
2875,2023-08-13,ST PIERRE DES CORPS,NON,5351,11:19,SUD EST,NANTES,JCSUDATL,FRNTE,09:47,FRXSH
2876,2023-08-13,BORDEAUX ST JEAN,NON,8572,13:38,ATLANTIQUE,DAX,PASUDOUEST,FRACG,12:20,FRBOJ
2877,2023-08-13,BORDEAUX ST JEAN,NON,8572,14:46,ATLANTIQUE,PAU,PASUDOUEST,FRAEE,12:20,FRBOJ
2878,2023-08-13,ORTHEZ,NON,8572,14:46,ATLANTIQUE,PAU,PASUDOUEST,FRAEE,14:18,FRGFI
2879,2023-08-13,ORTHEZ,NON,8572,15:16,ATLANTIQUE,LOURDES,PASUDOUEST,FRLDE,14:18,FRGFI
2880,2023-08-13,LES AUBRAIS ORLEANS,NON,3971,07:08,IC NUIT,TARASCON SUR ARIEGE,PARPALOMBE,FRFQM,22:49,FRLAB
2881,2023-08-13,LES AUBRAIS ORLEANS,NON,3971,06:52,IC NUIT,FOIX,PARPALOMBE,FRXFX,22:49,FRLAB
2882,2023-08-13,PARIS (intramuros),NON,3971,08:26,IC NUIT,PORTE PUYMORENS,PARPALOMBE,FRFQF,21:42,FRPAZ
2883,2023-08-13,PARIS (intramuros),NON,3971,08:02,IC NUIT,MERENS LES VALS,PARPALOMBE,FRFQH,21:42,FRPAZ
2884,2023-08-13,PARIS (intramuros),NON,3971,08:46,IC NUIT,LATOUR DE CAROL ENVEITG,PARPALOMBE,FRXTE,21:42,FRPAZ
2885,2023-08-13,LES AUBRAIS ORLEANS,NON,3971,06:24,IC NUIT,SAVERDUN,PARPALOMBE,FRFPU,22:49,FRLAB
2886,2023-08-13,AGDE,NON,6262,22:08,SUD EST,PARIS (intramuros),LANGPA,FRPLY,18:14,FRXAG
2887,2023-08-13,AGDE,NON,6262,19:51,SUD EST,VALENCE TGV RHONE-ALPES SUD,LANGPA,FRVLA,18:14,FRXAG
2888,2023-08-13,SETE,NON,6262,22:08,SUD EST,PARIS (intramuros),LANGPA,FRPLY,18:30,FRXSY
2889,2023-08-13,SETE,NON,6262,19:51,SUD EST,VALENCE TGV RHONE-ALPES SUD,LANGPA,FRVLA,18:30,FRXSY
2890,2023-08-13,GENEVE,NON,9768,13:42,INTERNATIONAL,PARIS (intramuros),GENEVEPA,FRPLY,10:29,CHGVA
2891,2023-08-13,AIX EN PROVENCE TGV,OUI,6109,13:56,SUD EST,MARSEILLE ST CHARLES,PAPROVENCE,FRMSC,13:44,FRAIE
2892,2023-08-13,AVIGNON TGV,OUI,6109,13:41,SUD EST,AIX EN PROVENCE TGV,PAPROVENCE,FRAIE,13:21,FRAVG
2893,2023-08-13,AVIGNON TGV,OUI,6109,13:56,SUD EST,MARSEILLE ST CHARLES,PAPROVENCE,FRMSC,13:21,FRAVG
2894,2023-08-13,PARIS (intramuros),OUI,8063,23:09,ATLANTIQUE,RENNES,PARISBRETA,FRRNS,21:12,FRPMO
2895,2023-08-13,AIX EN PROVENCE TGV,OUI,6813,15:46,SUD EST,MARSEILLE ST CHARLES,JCPROVSUD,FRMSC,15:35,FRAIE
2896,2023-08-13,MARSEILLE ST CHARLES,NON,6813,16:43,SUD EST,TOULON,JCPROVSUD,FRTLN,15:58,FRMSC
2897,2023-08-13,AGEN,NON,4665,20:14,IC ARO,BEZIERS,TJOURSOSE,FRBZR,17:32,FRAGF
2898,2023-08-13,AGEN,NON,4665,18:37,IC ARO,TOULOUSE MATABIAU,TJOURSOSE,FRXYT,17:32,FRAGF
2899,2023-08-13,BORDEAUX ST JEAN,NON,4665,20:14,IC ARO,BEZIERS,TJOURSOSE,FRBZR,16:28,FRBOJ
2900,2023-08-13,BORDEAUX ST JEAN,NON,4665,19:27,IC ARO,CARCASSONNE,TJOURSOSE,FRCCF,16:28,FRBOJ
2901,2023-08-13,CARCASSONNE,NON,4665,19:58,IC ARO,NARBONNE,TJOURSOSE,FRXNA,19:29,FRCCF
2902,2023-08-13,NIMES,OUI,4665,22:31,IC ARO,MARSEILLE ST CHARLES,TJOURSOSE,FRMSC,21:23,FRFNI
2903,2023-08-13,TOULOUSE MATABIAU,NON,4665,20:14,IC ARO,BEZIERS,TJOURSOSE,FRBZR,18:45,FRXYT
2904,2023-08-13,TOULOUSE MATABIAU,NON,4665,21:20,IC ARO,NIMES,TJOURSOSE,FRFNI,18:45,FRXYT
2905,2023-08-13,TOULOUSE MATABIAU,NON,4665,19:58,IC ARO,NARBONNE,TJOURSOSE,FRXNA,18:45,FRXYT
2906,2023-08-13,THIONVILLE,OUI,2817,15:52,EST,LUXEMBOURG,PAMETZLUX,LULUX,15:30,FRXTH
2907,2023-08-13,BORDEAUX ST JEAN,NON,3854,11:53,IC SRO,ROCHEFORT,BORDONANTE,FRRCO,09:53,FRBOJ
2908,2023-08-13,JONZAC,NON,3854,11:23,IC SRO,SAINTES,BORDONANTE,FRXST,10:41,FREMR
2909,2023-08-13,LA ROCHELLE VILLE,NON,3854,12:58,IC SRO,LUCON,BORDONANTE,FRLCN,12:19,FRLRH
2910,2023-08-13,ROCHEFORT,NON,3854,12:58,IC SRO,LUCON,BORDONANTE,FRLCN,11:55,FRRCO
2911,2023-08-13,SAINTES,NON,3854,12:58,IC SRO,LUCON,BORDONANTE,FRLCN,11:25,FRXST
2912,2023-08-13,SAINTES,NON,3854,12:15,IC SRO,LA ROCHELLE VILLE,BORDONANTE,FRLRH,11:25,FRXST
2913,2023-08-13,SAINTES,NON,3854,14:05,IC SRO,NANTES,BORDONANTE,FRNTE,11:25,FRXST
2914,2023-08-13,AIX EN PROVENCE TGV,NON,5386,16:22,SUD EST,LYON (intramuros),JCSUDATL,FRLPD,14:50,FRAIE
2915,2023-08-13,MASSY TGV,NON,5386,19:29,SUD EST,LE MANS,JCSUDATL,FRAET,18:39,FRDJU
2916,2023-08-13,MARSEILLE ST CHARLES,NON,5386,18:34,SUD EST,MASSY TGV,JCSUDATL,FRDJU,14:36,FRMSC
2917,2023-08-13,MARSEILLE ST CHARLES,NON,5386,20:32,SUD EST,RENNES,JCSUDATL,FRRNS,14:36,FRMSC
2918,2023-08-13,LIMOGES BENEDICTINS,NON,3619,14:11,IC ARO,CAHORS,PALITO,FRZAO,11:59,FRAGQ
2919,2023-08-13,BRIVE LA GAILLARDE,OUI,3619,13:27,IC ARO,SOUILLAC,PALITO,FRSOU,13:04,FRBVE
2920,2023-08-13,CHATEAUROUX,NON,3619,13:00,IC ARO,BRIVE LA GAILLARDE,PALITO,FRBVE,10:41,FRCHR
2921,2023-08-13,CHATEAUROUX,NON,3619,10:56,IC ARO,ARGENTON SUR CREUSE,PALITO,FRFMT,10:41,FRCHR
2922,2023-08-13,CHATEAUROUX,NON,3619,14:38,IC ARO,CAUSSADE TARN ET GARONNE,PALITO,FRFTA,10:41,FRCHR
2923,2023-08-13,CHATEAUROUX,NON,3619,13:27,IC ARO,SOUILLAC,PALITO,FRSOU,10:41,FRCHR
2924,2023-08-13,ARGENTON SUR CREUSE,NON,3619,11:20,IC ARO,LA SOUTERRAINE,PALITO,FRLST,10:57,FRFMT
2925,2023-08-13,GOURDON,OUI,3619,14:38,IC ARO,CAUSSADE TARN ET GARONNE,PALITO,FRFTA,13:46,FRFSI
2926,2023-08-13,GOURDON,OUI,3619,15:22,IC ARO,TOULOUSE MATABIAU,PALITO,FRXYT,13:46,FRFSI
2927,2023-08-13,GOURDON,OUI,3619,14:11,IC ARO,CAHORS,PALITO,FRZAO,13:46,FRFSI
2928,2023-08-13,LES AUBRAIS ORLEANS,NON,3619,11:54,IC ARO,LIMOGES BENEDICTINS,PALITO,FRAGQ,09:29,FRLAB
2929,2023-08-13,LES AUBRAIS ORLEANS,NON,3619,10:39,IC ARO,CHATEAUROUX,PALITO,FRCHR,09:29,FRLAB
2930,2023-08-13,LES AUBRAIS ORLEANS,NON,3619,13:44,IC ARO,GOURDON,PALITO,FRFSI,09:29,FRLAB
2931,2023-08-13,LES AUBRAIS ORLEANS,NON,3619,11:20,IC ARO,LA SOUTERRAINE,PALITO,FRLST,09:29,FRLAB
2932,2023-08-13,LA SOUTERRAINE,NON,3619,13:27,IC ARO,SOUILLAC,PALITO,FRSOU,11:22,FRLST
2933,2023-08-13,PARIS (intramuros),NON,3619,11:54,IC ARO,LIMOGES BENEDICTINS,PALITO,FRAGQ,08:28,FRPAZ
2934,2023-08-13,PARIS (intramuros),NON,3619,10:56,IC ARO,ARGENTON SUR CREUSE,PALITO,FRFMT,08:28,FRPAZ
2935,2023-08-13,PARIS (intramuros),NON,3619,14:38,IC ARO,CAUSSADE TARN ET GARONNE,PALITO,FRFTA,08:28,FRPAZ
2936,2023-08-13,PARIS (intramuros),NON,3619,10:07,IC ARO,VIERZON VILLE,PALITO,FRXVZ,08:28,FRPAZ
2937,2023-08-13,VIERZON VILLE,NON,3619,13:44,IC ARO,GOURDON,PALITO,FRFSI,10:10,FRXVZ
2938,2023-08-13,VIERZON VILLE,NON,3619,13:27,IC ARO,SOUILLAC,PALITO,FRSOU,10:10,FRXVZ
2939,2023-08-13,LA SOUTERRAINE,NON,3619,14:53,IC ARO,MONTAUBAN VILLE BOURBON,PALITO,FRXMW,11:22,FRLST
2940,2023-08-13,NANCY,NON,2578,11:50,EST,PARIS (intramuros),NANCYPA,FRPST,10:11,FRENC
2941,2023-08-13,EPINAL,OUI,2578,10:05,EST,NANCY,NANCYPA,FRENC,09:21,FREPL
2942,2023-08-13,REMIREMONT,OUI,2578,09:18,EST,EPINAL,NANCYPA,FREPL,08:57,FRRNT
2943,2023-08-13,EPINAL,NON,2578,11:05,EST,CHAMPAGNE-ARDENNE,NANCYPA,FREAH,09:21,FREPL
2944,2023-08-13,MODANE,NON,9249,21:49,INTERNATIONAL,MILANO P GARIBALDI,PAITALIE,ITMPG,18:55,FRAGR
2945,2023-08-13,MODANE,NON,9249,20:22,INTERNATIONAL,TORINO PORTA SUSA,PAITALIE,ITTRS,18:55,FRAGR
2946,2023-08-13,CHAMBERY CHALLES LES EAUX,NON,9249,20:22,INTERNATIONAL,TORINO PORTA SUSA,PAITALIE,ITTRS,17:44,FRCMF
2947,2023-08-13,ST JEAN DE MAURIENNE ARVAN,NON,9249,21:49,INTERNATIONAL,MILANO P GARIBALDI,PAITALIE,ITMPG,18:25,FRHPN
2948,2023-08-13,ST JEAN DE MAURIENNE ARVAN,NON,9249,19:23,INTERNATIONAL,OULX CESANA CLAV SESTRIERE,PAITALIE,ITOCS,18:25,FRHPN
2949,2023-08-13,PARIS (intramuros),NON,9249,21:49,INTERNATIONAL,MILANO P GARIBALDI,PAITALIE,ITMPG,14:46,FRPLY
2950,2023-08-13,AVIGNON CENTRE,NON,6198,19:46,SUD EST,LYON-SAINT EXUPERY TGV,VDRPA,FRJDQ,18:04,FRAES
2951,2023-08-13,MIRAMAS,OUI,6198,18:18,SUD EST,ORANGE,VDRPA,FRXOG,17:15,FRMAZ
2952,2023-08-13,MONTELIMAR GARE SNCF,NON,6198,21:46,SUD EST,PARIS (intramuros),VDRPA,FRPLY,18:49,FRXMK
2953,2023-08-13,MONTELIMAR GARE SNCF,OUI,6198,19:10,SUD EST,VALENCE VILLE,VDRPA,FRVAF,18:49,FRXMK
2954,2023-08-13,ORANGE,NON,6198,19:46,SUD EST,LYON-SAINT EXUPERY TGV,VDRPA,FRJDQ,18:21,FRXOG
2955,2023-08-13,ANGERS ST LAUD,NON,8921,14:54,ATLANTIQUE,NANTES,PARISLOIRE,FRNTE,14:17,FRACL
2956,2023-08-13,MARSEILLE ST CHARLES,NON,6077,19:26,SUD EST,CANNES,PAAZUR,FRJCA,17:28,FRMSC
2957,2023-08-13,MARSEILLE ST CHARLES,NON,6077,19:39,SUD EST,ANTIBES,PAAZUR,FRXAT,17:28,FRMSC
2958,2023-08-13,TOULON,OUI,6077,19:39,SUD EST,ANTIBES,PAAZUR,FRXAT,18:15,FRTLN
2959,2023-08-13,ANTIBES,OUI,6077,19:58,SUD EST,NICE VILLE,PAAZUR,FRNIC,19:42,FRXAT
2960,2023-08-13,ST RAPHAEL VALESCURE,OUI,6077,19:58,SUD EST,NICE VILLE,PAAZUR,FRNIC,19:04,FRXSK
2961,2023-08-13,LE CROISIC,OUI,8936,00:50,ATLANTIQUE,PARIS (intramuros),LOIREPARIS,FRPMO,21:44,FREGU
2962,2023-08-13,LA BAULE ESCOUBLAC,OUI,8936,00:50,ATLANTIQUE,PARIS (intramuros),LOIREPARIS,FRPMO,21:56,FRJEE
2963,2023-08-13,ST NAZAIRE,OUI,8936,22:46,ATLANTIQUE,NANTES,LOIREPARIS,FRNTE,22:12,FRSNR
2964,2023-08-13,CLERMONT FERRAND,NON,5962,11:57,IC ARO,PARIS (intramuros),CLERMONTPA,FRPBE,08:31,FRCFE
2965,2023-08-13,CLERMONT FERRAND,OUI,5962,09:04,IC ARO,VICHY,CLERMONTPA,FRVHY,08:31,FRCFE
2966,2023-08-13,NEVERS,NON,5962,11:57,IC ARO,PARIS (intramuros),CLERMONTPA,FRPBE,10:00,FRNVS
2967,2023-08-13,RIOM CHATEL GUYON,OUI,5962,09:04,IC ARO,VICHY,CLERMONTPA,FRVHY,08:42,FRRIO
2968,2023-08-13,RIOM CHATEL GUYON,NON,5962,09:29,IC ARO,MOULINS SUR ALLIER,CLERMONTPA,FRXMU,08:42,FRRIO
2969,2023-08-13,LYON (intramuros),OUI,6628,20:08,SUD EST,PARIS (intramuros),RHONEPARIS,FRPLY,17:50,FRLPE
2970,2023-08-13,NANTES,OUI,8922,16:23,ATLANTIQUE,LE MANS,LOIREPARIS,FRAET,15:05,FRNTE
2971,2023-08-13,AIX EN PROVENCE TGV,OUI,6866,19:45,SUD EST,AVIGNON TGV,JCSUDPROV,FRAVG,19:26,FRAIE
2972,2023-08-13,TOULON,OUI,6866,19:45,SUD EST,AVIGNON TGV,JCSUDPROV,FRAVG,17:53,FRTLN
2973,2023-08-13,MILANO P GARIBALDI,NON,9244,16:15,INTERNATIONAL,CHAMBERY CHALLES LES EAUX,ITALIEPA,FRCMF,12:10,ITMPG
2974,2023-08-13,TORINO PORTA SUSA,NON,9244,15:03,INTERNATIONAL,MODANE,ITALIEPA,FRAGR,13:38,ITTRS
2975,2023-08-13,TORINO PORTA SUSA,NON,9244,17:38,INTERNATIONAL,MACON LOCHE TGV,ITALIEPA,FRMLT,13:38,ITTRS
2976,2023-08-13,LE CREUSOT MONTCEAU MONTCHANIN,NON,6605,09:56,SUD EST,LYON (intramuros),PARISRHONE,FRLPD,09:13,FRXCC
2977,2023-08-13,LE CREUSOT MONTCEAU MONTCHANIN,NON,6605,10:10,SUD EST,LYON (intramuros),PARISRHONE,FRLPE,09:13,FRXCC
2978,2023-08-13,BORDEAUX ST JEAN,NON,4657,13:50,IC ARO,ARLES,TJOURSOSE,FRHZA,08:28,FRBOJ
2979,2023-08-13,BORDEAUX ST JEAN,NON,4657,14:37,IC ARO,MARSEILLE ST CHARLES,TJOURSOSE,FRMSC,08:28,FRBOJ
2980,2023-08-13,BORDEAUX ST JEAN,NON,4657,11:58,IC ARO,NARBONNE,TJOURSOSE,FRXNA,08:28,FRBOJ
2981,2023-08-13,BORDEAUX ST JEAN,NON,4657,10:37,IC ARO,TOULOUSE MATABIAU,TJOURSOSE,FRXYT,08:28,FRBOJ
2982,2023-08-13,CARCASSONNE,NON,4657,11:58,IC ARO,NARBONNE,TJOURSOSE,FRXNA,11:29,FRCCF
2983,2023-08-13,MARMANDE,NON,4657,13:22,IC ARO,NIMES,TJOURSOSE,FRFNI,09:06,FRXMR
2984,2023-08-13,MARMANDE,NON,4657,13:50,IC ARO,ARLES,TJOURSOSE,FRHZA,09:06,FRXMR
2985,2023-08-13,MARMANDE,NON,4657,12:54,IC ARO,MONTPELLIER SAINT-ROCH,TJOURSOSE,FRMPL,09:06,FRXMR
2986,2023-08-13,MARMANDE,NON,4657,14:37,IC ARO,MARSEILLE ST CHARLES,TJOURSOSE,FRMSC,09:06,FRXMR
2987,2023-08-13,MARMANDE,NON,4657,11:58,IC ARO,NARBONNE,TJOURSOSE,FRXNA,09:06,FRXMR
2988,2023-08-13,MARMANDE,NON,4657,12:34,IC ARO,SETE,TJOURSOSE,FRXSY,09:06,FRXMR
2989,2023-08-13,MARMANDE,NON,4657,10:37,IC ARO,TOULOUSE MATABIAU,TJOURSOSE,FRXYT,09:06,FRXMR
2990,2023-08-13,MONTAUBAN VILLE BOURBON,NON,4657,12:54,IC ARO,MONTPELLIER SAINT-ROCH,TJOURSOSE,FRMPL,10:10,FRXMW
2991,2023-08-13,MONTAUBAN VILLE BOURBON,NON,4657,11:58,IC ARO,NARBONNE,TJOURSOSE,FRXNA,10:10,FRXMW
2992,2023-08-13,NARBONNE,NON,4657,12:34,IC ARO,SETE,TJOURSOSE,FRXSY,12:01,FRXNA
2993,2023-08-13,TOULOUSE MATABIAU,NON,4657,14:37,IC ARO,MARSEILLE ST CHARLES,TJOURSOSE,FRMSC,10:45,FRXYT
2994,2023-08-13,TOULOUSE MATABIAU,NON,4657,11:58,IC ARO,NARBONNE,TJOURSOSE,FRXNA,10:45,FRXYT
2995,2023-08-13,LYON (intramuros),OUI,6620,13:58,SUD EST,LYON (intramuros),RHONEPARIS,FRLPD,13:50,FRLPE
2996,2023-08-13,LYON (intramuros),NON,6620,16:08,SUD EST,PARIS (intramuros),RHONEPARIS,FRPLY,13:50,FRLPE
2997,2023-08-13,PARIS (intramuros),NON,6687,18:56,SUD EST,LYON (intramuros),PARISRHONE,FRLPD,17:00,FRPLY
2998,2023-08-13,AVIGNON TGV,OUI,6128,20:22,SUD EST,PARIS (intramuros),PROVENCEPA,FRPLY,17:37,FRAVG
2999,2023-08-13,POITIERS,OUI,8461,00:42,ATLANTIQUE,BORDEAUX ST JEAN,PASUDOUEST,FRBOJ,23:24,FRPIS
3000,2023-08-13,PARIS (intramuros),OUI,8461,23:20,ATLANTIQUE,POITIERS,PASUDOUEST,FRPIS,21:45,FRPMO
3001,2023-08-13,PARIS (intramuros),OUI,8461,22:45,ATLANTIQUE,ST PIERRE DES CORPS,PASUDOUEST,FRXSH,21:45,FRPMO
3002,2023-08-13,LILLE (intramuros),NON,9826,14:00,NORD,LYON (intramuros),JCNORDSUD,FRLPD,11:04,FRLLE
3003,2023-08-13,LYON (intramuros),NON,9826,14:48,NORD,VALENCE TGV RHONE-ALPES SUD,JCNORDSUD,FRVLA,14:10,FRLPD
3004,2023-08-13,AEROPORT CDG2 TGV ROISSY,NON,9826,12:09,NORD,MARNE LA VALLEE CHESSY,JCNORDSUD,FRMLV,12:00,FRMLW
3005,2023-08-13,BRUXELLES MIDI BRUSSEL ZUID,NON,9826,15:51,NORD,MONTPELLIER SUD DE FRANCE,JCNORDSUD,FRSUF,10:17,BEBMI
3006,2023-08-13,LILLE (intramuros),NON,9826,15:30,NORD,NIMES PONT DU GARD,JCNORDSUD,FRXZP,11:04,FRLLE
3007,2023-08-13,LA ROCHELLE VILLE,NON,3835,19:10,IC SRO,JONZAC,NANTEBORDO,FREMR,17:43,FRLRH
3008,2023-08-13,LA ROCHELLE VILLE,NON,3835,18:03,IC SRO,ROCHEFORT,NANTEBORDO,FRRCO,17:43,FRLRH
3009,2023-08-13,NANTES,NON,3835,19:10,IC SRO,JONZAC,NANTEBORDO,FREMR,15:55,FRNTE
3010,2023-08-13,NANTES,NON,3835,18:32,IC SRO,SAINTES,NANTEBORDO,FRXST,15:55,FRNTE
3011,2023-08-13,ROCHEFORT,NON,3835,20:11,IC SRO,BORDEAUX ST JEAN,NANTEBORDO,FRBOJ,18:05,FRRCO
3012,2023-08-13,ROCHEFORT,NON,3835,18:32,IC SRO,SAINTES,NANTEBORDO,FRXST,18:05,FRRCO
3013,2023-08-13,LA ROCHE SUR YON,NON,3835,20:11,IC SRO,BORDEAUX ST JEAN,NANTEBORDO,FRBOJ,16:36,FRXRO
3014,2023-08-13,LA ROCHE SUR YON,NON,3835,19:10,IC SRO,JONZAC,NANTEBORDO,FREMR,16:36,FRXRO
3015,2023-08-13,PARIS (intramuros),NON,6121,19:20,SUD EST,AVIGNON TGV,PAPROVENCE,FRAVG,16:38,FRPLY
3016,2023-08-13,POITIERS,NON,8485,17:37,ATLANTIQUE,BORDEAUX ST JEAN,PASUDOUEST,FRBOJ,15:57,FRPIS
3017,2023-08-13,PARIS (intramuros),NON,8485,16:34,ATLANTIQUE,ANGOULEME,PASUDOUEST,FRANG,14:15,FRPMO
3018,2023-08-13,MASSY TGV,NON,5354,13:29,SUD EST,LE MANS,JCSUDATL,FRAET,12:39,FRDJU
3019,2023-08-13,LYON (intramuros),NON,5354,14:09,SUD EST,ANGERS ST LAUD,JCSUDATL,FRACL,10:30,FRLPD
3020,2023-08-13,LYON (intramuros),NON,5354,13:29,SUD EST,LE MANS,JCSUDATL,FRAET,10:30,FRLPD
3021,2023-08-13,BRIVE LA GAILLARDE,OUI,3656,15:27,IC ARO,LA SOUTERRAINE,TOULOUZECO,FRLST,13:52,FRBVE
3022,2023-08-13,ISSOUDUN,NON,3656,16:46,IC ARO,VIERZON VILLE,TOULOUZECO,FRXVZ,16:24,FRFMN
3023,2023-08-13,GOURDON,OUI,3656,13:49,IC ARO,BRIVE LA GAILLARDE,TOULOUZECO,FRBVE,13:08,FRFSI
3024,2023-08-13,LA SOUTERRAINE,NON,3656,16:23,IC ARO,ISSOUDUN,TOULOUZECO,FRFMN,15:29,FRLST
3025,2023-08-13,LA SOUTERRAINE,NON,3656,16:46,IC ARO,VIERZON VILLE,TOULOUZECO,FRXVZ,15:29,FRLST
3026,2023-08-13,CAHORS,OUI,3656,16:06,IC ARO,CHATEAUROUX,TOULOUZECO,FRCHR,12:41,FRZAO
3027,2023-08-13,SOUILLAC,OUI,3656,15:27,IC ARO,LA SOUTERRAINE,TOULOUZECO,FRLST,13:25,FRSOU
3028,2023-08-13,SOUILLAC,OUI,3656,14:17,IC ARO,UZERCHE,TOULOUZECO,FRAAW,13:25,FRSOU
3029,2023-08-13,MARSEILLE ST CHARLES,OUI,6124,16:38,SUD EST,AVIGNON TGV,AZURPA,FRAVG,16:04,FRMSC
3030,2023-08-13,TOULON,NON,6124,19:22,SUD EST,PARIS (intramuros),AZURPA,FRPLY,15:07,FRTLN
3031,2023-08-13,HYERES,NON,6124,15:50,SUD EST,MARSEILLE ST CHARLES,AZURPA,FRMSC,14:50,FRXHE
3032,2023-08-13,BREST,NON,8644,21:24,ATLANTIQUE,PARIS (intramuros),BRETAPARIS,FRPMO,17:59,FRBES
3033,2023-08-13,BREST,OUI,8644,19:07,ATLANTIQUE,ST BRIEUC,BRETAPARIS,FRSBK,17:59,FRBES
3034,2023-08-13,PARIS (intramuros),NON,5771,06:20,IC NUIT,MARSEILLE BLANCARDE,PARAZUR,FRMBC,20:51,FRPAZ
3035,2023-08-13,PARIS (intramuros),NON,5771,09:08,IC NUIT,NICE VILLE,PARAZUR,FRNIC,20:51,FRPAZ
3036,2023-08-13,PARIS (intramuros),NON,5771,08:06,IC NUIT,ST RAPHAEL VALESCURE,PARAZUR,FRXSK,20:51,FRPAZ
3037,2023-08-13,LYON-SAINT EXUPERY TGV,NON,6917,15:13,SUD EST,GRENOBLE,PAGRENOBLE,FRGNB,14:07,FRJDQ
3038,2023-08-13,MULHOUSE VILLE,NON,9219,20:26,INTERNATIONAL,ZUERICH HB,PABALZUR,CHAJD,19:06,FRAEK
3039,2023-08-13,PARIS (intramuros),NON,9219,18:38,INTERNATIONAL,BELFORT-MONTBELIARD TGV,PABALZUR,FRTJA,16:22,FRPLY
3040,2023-08-13,LAVAL,NON,8707,12:00,ATLANTIQUE,LORIENT,PARISBRETA,FRLRT,09:58,FRACR
3041,2023-08-13,PARIS (intramuros),NON,8707,09:55,ATLANTIQUE,LAVAL,PARISBRETA,FRACR,08:40,FRPMO
3042,2023-08-13,PARIS (intramuros),NON,8707,10:25,ATLANTIQUE,RENNES,PARISBRETA,FRRNS,08:40,FRPMO
3043,2023-08-13,PARIS (intramuros),NON,8707,11:04,ATLANTIQUE,REDON,PARISBRETA,FRXRN,08:40,FRPMO
3044,2023-08-13,REDON,NON,8707,12:00,ATLANTIQUE,LORIENT,PARISBRETA,FRLRT,11:06,FRXRN
3045,2023-08-13,LORIENT,NON,8730,19:06,ATLANTIQUE,PARIS (intramuros),BRETAPARIS,FRPMO,15:53,FRLRT
3046,2023-08-13,LORIENT,NON,8730,16:23,ATLANTIQUE,VANNES,BRETAPARIS,FRVNE,15:53,FRLRT
3047,2023-08-13,RENNES,NON,8730,19:06,ATLANTIQUE,PARIS (intramuros),BRETAPARIS,FRPMO,17:35,FRRNS
3048,2023-08-13,ROSPORDEN,NON,8730,17:25,ATLANTIQUE,RENNES,BRETAPARIS,FRRNS,15:24,FRRSP
3049,2023-08-13,AIX EN PROVENCE TGV,NON,6060,19:24,SUD EST,LYON (intramuros),JCSUDPROV,FRLPD,17:55,FRAIE
3050,2023-08-13,AVIGNON TGV,NON,6060,19:24,SUD EST,LYON (intramuros),JCSUDPROV,FRLPD,18:17,FRAVG
3051,2023-08-13,SARREBRUCK/SAARBRUECKEN,NON,9553,16:59,INTERNATIONAL,FRANKFURT MAIN HBF,PAFRANC,DEFRH,14:59,DESBK
3052,2023-08-13,PARIS (intramuros),NON,9553,16:59,INTERNATIONAL,FRANKFURT MAIN HBF,PAFRANC,DEFRH,13:10,FRPST
3053,2023-08-13,LE POULIGUEN,OUI,8916,11:21,ATLANTIQUE,ST NAZAIRE,LOIREPARIS,FRSNR,10:56,FREGS
3054,2023-08-13,LE CROISIC,OUI,8916,11:00,ATLANTIQUE,LA BAULE ESCOUBLAC,LOIREPARIS,FRJEE,10:48,FREGU
3055,2023-08-13,LE CROISIC,OUI,8916,11:21,ATLANTIQUE,ST NAZAIRE,LOIREPARIS,FRSNR,10:48,FREGU
3056,2023-08-13,ST NAZAIRE,NON,8916,14:09,ATLANTIQUE,PARIS (intramuros),LOIREPARIS,FRPMO,11:24,FRSNR
3057,2023-08-13,LYON (intramuros),OUI,5186,20:24,NORD,LYON (intramuros),JCSUDNORD,FRLPD,20:16,FRLPE
3058,2023-08-13,PARIS (intramuros),OUI,8347,22:05,ATLANTIQUE,ST PIERRE DES CORPS,PAROCHELLE,FRXSH,20:57,FRPMO
3059,2023-08-13,LIMOGES BENEDICTINS,OUI,3629,15:51,IC ARO,BRIVE LA GAILLARDE,PALITO,FRBVE,14:51,FRAGQ
3060,2023-08-13,LES AUBRAIS ORLEANS,NON,3629,13:33,IC ARO,CHATEAUROUX,PALITO,FRCHR,12:26,FRLAB
3061,2023-08-13,LA SOUTERRAINE,OUI,3629,14:48,IC ARO,LIMOGES BENEDICTINS,PALITO,FRAGQ,14:14,FRLST
3062,2023-08-13,LA SOUTERRAINE,OUI,3629,15:51,IC ARO,BRIVE LA GAILLARDE,PALITO,FRBVE,14:14,FRLST
3063,2023-08-13,BORDEAUX ST JEAN,NON,8488,19:33,ATLANTIQUE,PARIS (intramuros),SUDOUESTPA,FRPMO,16:19,FRBOJ
3064,2023-08-13,NIMES,NON,6823,12:43,SUD EST,BEZIERS,JCPROVSUD,FRBZR,11:37,FRFNI
3065,2023-08-13,LYON (intramuros),NON,6823,13:30,SUD EST,CARCASSONNE,JCPROVSUD,FRCCF,10:08,FRLPD
3066,2023-08-13,VALENCE TGV RHONE-ALPES SUD,NON,6823,12:43,SUD EST,BEZIERS,JCPROVSUD,FRBZR,10:49,FRVLA
3067,2023-08-13,VALENCE TGV RHONE-ALPES SUD,NON,6823,12:02,SUD EST,MONTPELLIER SAINT-ROCH,JCPROVSUD,FRMPL,10:49,FRVLA
3068,2023-08-13,MULHOUSE VILLE,OUI,6706,16:56,SUD EST,DIJON VILLE,BOURPA,FRABA,15:40,FRAEK
3069,2023-08-13,MULHOUSE VILLE,OUI,6706,16:25,SUD EST,BESANCON - F COMTE TGV,BOURPA,FRTJB,15:40,FRAEK
3070,2023-08-13,BELFORT-MONTBELIARD TGV,NON,6706,18:42,SUD EST,PARIS (intramuros),BOURPA,FRPLY,16:05,FRTJA
3071,2023-08-13,NIMES,OUI,6225,22:03,SUD EST,BEZIERS,PALANG,FRBZR,20:46,FRFNI
3072,2023-08-13,NIMES,OUI,6225,22:20,SUD EST,NARBONNE,PALANG,FRXNA,20:46,FRFNI
3073,2023-08-13,NIMES,OUI,6225,21:31,SUD EST,SETE,PALANG,FRXSY,20:46,FRFNI
3074,2023-08-13,MONTPELLIER SAINT-ROCH,OUI,6225,22:03,SUD EST,BEZIERS,PALANG,FRBZR,21:17,FRMPL
3075,2023-08-13,PARIS (intramuros),NON,6225,21:31,SUD EST,SETE,PALANG,FRXSY,17:42,FRPLY
3076,2023-08-13,CANNES,NON,6074,15:50,SUD EST,PARIS (intramuros),AZURPA,FRPLY,10:32,FRJCA
3077,2023-08-13,MARSEILLE ST CHARLES,NON,6074,15:50,SUD EST,PARIS (intramuros),AZURPA,FRPLY,12:47,FRMSC
3078,2023-08-13,NICE VILLE,NON,6074,15:50,SUD EST,PARIS (intramuros),AZURPA,FRPLY,09:57,FRNIC
3079,2023-08-13,ANTIBES,NON,6074,11:44,SUD EST,TOULON,AZURPA,FRTLN,10:16,FRXAT
3080,2023-08-13,ST RAPHAEL VALESCURE,NON,6074,12:33,SUD EST,MARSEILLE ST CHARLES,AZURPA,FRMSC,10:58,FRXSK
3081,2023-08-13,HENDAYE,OUI,8540,13:24,ATLANTIQUE,BIARRITZ,SUDOUESTPA,FRBIQ,13:01,FRAEF
3082,2023-08-13,BAYONNE,OUI,8540,14:14,ATLANTIQUE,DAX,SUDOUESTPA,FRACG,13:42,FRXBY
3083,2023-08-13,BAYONNE,NON,8540,15:40,ATLANTIQUE,BORDEAUX ST JEAN,SUDOUESTPA,FRBOJ,13:42,FRXBY
3084,2023-08-13,ST JEAN DE LUZ CIBOURE,OUI,8540,13:24,ATLANTIQUE,BIARRITZ,SUDOUESTPA,FRBIQ,13:14,FRXJZ
3085,2023-08-13,QUIMPERLE,NON,8742,21:56,ATLANTIQUE,PARIS (intramuros),BRETAPARIS,FRPMO,18:36,FRECO
3086,2023-08-13,LORIENT,OUI,8742,19:18,ATLANTIQUE,VANNES,BRETAPARIS,FRVNE,18:50,FRLRT
3087,2023-08-13,ROSPORDEN,NON,8742,21:56,ATLANTIQUE,PARIS (intramuros),BRETAPARIS,FRPMO,18:21,FRRSP
3088,2023-08-13,QUIMPER,OUI,8742,18:19,ATLANTIQUE,ROSPORDEN,BRETAPARIS,FRRSP,18:08,FRUIP
3089,2023-08-13,QUIMPER,OUI,8742,19:18,ATLANTIQUE,VANNES,BRETAPARIS,FRVNE,18:08,FRUIP
3090,2023-08-13,QUIMPER,OUI,8742,19:05,ATLANTIQUE,AURAY,BRETAPARIS,FRXUY,18:08,FRUIP
3091,2023-08-13,VANNES,NON,8742,21:56,ATLANTIQUE,PARIS (intramuros),BRETAPARIS,FRPMO,19:21,FRVNE
3092,2023-08-13,STRASBOURG,OUI,2369,16:26,EST,COLMAR,PASTRAMULH,FRAEJ,15:56,FRAEG
3093,2023-08-13,MASSY TGV,OUI,8455,22:26,ATLANTIQUE,ANGOULEME,PASUDOUEST,FRANG,20:49,FRDJU
3094,2023-08-13,CHAMBERY CHALLES LES EAUX,OUI,6941,16:32,SUD EST,ANNECY,PARISALPES,FRNCY,15:49,FRCMF
3095,2023-08-13,MACON LOCHE TGV,NON,6941,15:36,SUD EST,CHAMBERY CHALLES LES EAUX,PARISALPES,FRCMF,14:20,FRMLT
3096,2023-08-13,UZERCHE,OUI,3648,12:06,IC ARO,LIMOGES BENEDICTINS,TOULOUZECO,FRAGQ,11:30,FRAAW
3097,2023-08-13,UZERCHE,OUI,3648,15:32,IC ARO,PARIS (intramuros),TOULOUZECO,FRPAZ,11:30,FRAAW
3098,2023-08-13,BRIVE LA GAILLARDE,OUI,3648,15:32,IC ARO,PARIS (intramuros),TOULOUZECO,FRPAZ,11:05,FRBVE
3099,2023-08-13,CHAMPAGNE-ARDENNE,OUI,2552,21:51,EST,PARIS (intramuros),NANCYPA,FRPST,21:10,FREAH
3100,2023-08-13,NANCY,OUI,2552,21:07,EST,CHAMPAGNE-ARDENNE,NANCYPA,FREAH,20:14,FRENC
3101,2023-08-13,NANCY,OUI,2552,21:51,EST,PARIS (intramuros),NANCYPA,FRPST,20:14,FRENC
3102,2023-08-13,MASSY TGV,NON,5300,10:17,SUD EST,VALENCE TGV RHONE-ALPES SUD,JCATLSUD,FRVLA,07:26,FRDJU
3103,2023-08-13,MASSY TGV,NON,5300,11:21,SUD EST,MONTPELLIER SUD DE FRANCE,JCATLSUD,FRSUF,07:26,FRDJU
3104,2023-08-13,LYON (intramuros),NON,5300,10:58,SUD EST,NIMES PONT DU GARD,JCATLSUD,FRXZP,09:39,FRLPD
3105,2023-08-13,LAVAL,NON,8739,21:59,ATLANTIQUE,LORIENT,PARISBRETA,FRLRT,19:58,FRACR
3106,2023-08-13,LAVAL,OUI,8739,20:25,ATLANTIQUE,RENNES,PARISBRETA,FRRNS,19:58,FRACR
3107,2023-08-13,LAVAL,NON,8739,22:30,ATLANTIQUE,ROSPORDEN,PARISBRETA,FRRSP,19:58,FRACR
3108,2023-08-13,LORIENT,OUI,8739,22:45,ATLANTIQUE,QUIMPER,PARISBRETA,FRUIP,22:02,FRLRT
3109,2023-08-13,PARIS (intramuros),NON,8739,22:13,ATLANTIQUE,QUIMPERLE,PARISBRETA,FRECO,18:40,FRPMO
3110,2023-08-13,RENNES,NON,8739,22:45,ATLANTIQUE,QUIMPER,PARISBRETA,FRUIP,20:29,FRRNS
3111,2023-08-13,RENNES,NON,8739,21:28,ATLANTIQUE,VANNES,PARISBRETA,FRVNE,20:29,FRRNS
3112,2023-08-13,VANNES,OUI,8739,22:13,ATLANTIQUE,QUIMPERLE,PARISBRETA,FRECO,21:31,FRVNE
3113,2023-08-13,REDON,OUI,8739,22:45,ATLANTIQUE,QUIMPER,PARISBRETA,FRUIP,21:05,FRXRN
3114,2023-08-13,AURAY,OUI,8739,22:30,ATLANTIQUE,ROSPORDEN,PARISBRETA,FRRSP,21:44,FRXUY
3115,2023-08-13,AURAY,OUI,8739,22:45,ATLANTIQUE,QUIMPER,PARISBRETA,FRUIP,21:44,FRXUY
3116,2023-08-13,MARSEILLE ST CHARLES,NON,6864,14:37,SUD EST,VALENCE TGV RHONE-ALPES SUD,JCSUDPROV,FRVLA,13:30,FRMSC
3117,2023-08-13,PARIS (intramuros),NON,2839,21:04,EST,METZ VILLE,PAMETZLUX,FRADE,19:40,FRPST
3118,2023-08-13,DIJON VILLE,NON,9211,14:26,INTERNATIONAL,ZUERICH HB,PABALZUR,CHAJD,12:01,FRABA
3119,2023-08-13,MULHOUSE VILLE,NON,9211,14:26,INTERNATIONAL,ZUERICH HB,PABALZUR,CHAJD,13:06,FRAEK
3120,2023-08-13,PARIS (intramuros),NON,9211,11:57,INTERNATIONAL,DIJON VILLE,PABALZUR,FRABA,10:22,FRPLY
3121,2023-08-13,VICHY,OUI,5963,17:17,IC ARO,RIOM CHATEL GUYON,PACLERMONT,FRRIO,16:57,FRVHY
3122,2023-08-13,RENNES,NON,8729,20:33,ATLANTIQUE,QUIMPER,PARISBRETA,FRUIP,18:29,FRRNS
3123,2023-08-13,VANNES,OUI,8729,20:33,ATLANTIQUE,QUIMPER,PARISBRETA,FRUIP,19:27,FRVNE
3124,2023-08-13,ISSOIRE,NON,15941,13:48,IC SRO,ARVANT,NORESTJOU,FRARV,13:29,FRHLB
3125,2023-08-13,BRASSAC LES MINES STE FLORINE,NON,15941,13:48,IC SRO,ARVANT,NORESTJOU,FRARV,13:43,FRHLE
3126,2023-08-13,NEUSSARGUES,NON,15941,14:56,IC SRO,ST FLOUR CHAUDES AIGUES,NORESTJOU,FRIMW,14:36,FRNEU
3127,2023-08-13,CLERMONT FERRAND,NON,15941,16:13,IC SRO,MARVEJOLS,NORESTJOU,FRINE,13:03,FRCFE
3128,2023-08-13,CLERMONT FERRAND,NON,15941,17:01,IC SRO,SEVERAC LE CHATEAU,NORESTJOU,FRSVC,13:03,FRCFE
3129,2023-08-13,ST CHELY D'APCHER,NON,15941,15:49,IC SRO,AUMONT AUBRAC,NORESTJOU,FRINC,15:37,FRINB
3130,2023-08-13,MARVEJOLS,NON,15941,19:32,IC SRO,BEZIERS,NORESTJOU,FRBZR,16:14,FRINE
3131,2023-08-13,SEVERAC LE CHATEAU,NON,15941,19:32,IC SRO,BEZIERS,NORESTJOU,FRBZR,17:02,FRSVC
3132,2023-08-13,NEUSSARGUES,NON,15941,19:32,IC SRO,BEZIERS,NORESTJOU,FRBZR,14:36,FRNEU
3133,2023-08-13,ARVANT,NON,15941,16:35,IC SRO,BANASSAC LA CANOURGUE,NORESTJOU,FRINH,13:49,FRARV
3134,2023-08-13,ST CHELY D'APCHER,NON,15941,16:35,IC SRO,BANASSAC LA CANOURGUE,NORESTJOU,FRINH,15:37,FRINB
3135,2023-08-13,ARVANT,NON,15941,19:17,IC SRO,MAGALAS,NORESTJOU,FRIMK,13:49,FRARV
3136,2023-08-13,ST CHELY D'APCHER,NON,15941,17:01,IC SRO,SEVERAC LE CHATEAU,NORESTJOU,FRSVC,15:37,FRINB
3137,2023-08-13,NEUSSARGUES,NON,15941,15:36,IC SRO,ST CHELY D'APCHER,NORESTJOU,FRINB,14:36,FRNEU
3138,2023-08-13,ISSOIRE,NON,15941,17:35,IC SRO,MILLAU,NORESTJOU,FRMAU,13:29,FRHLB
3139,2023-08-13,NEUSSARGUES,NON,15941,15:49,IC SRO,AUMONT AUBRAC,NORESTJOU,FRINC,14:36,FRNEU
3140,2023-08-13,CLERMONT FERRAND,NON,15941,18:03,IC SRO,TOURNEMIRE ROQUEFORT,NORESTJOU,FRINO,13:03,FRCFE
3141,2023-08-13,SEVERAC LE CHATEAU,NON,15941,17:48,IC SRO,ST GEORGES DE LUZENCON,NORESTJOU,FRINM,17:02,FRSVC
3142,2023-08-13,NEUSSARGUES,NON,15941,17:01,IC SRO,SEVERAC LE CHATEAU,NORESTJOU,FRSVC,14:36,FRNEU
3143,2023-08-13,ISSOIRE,NON,15941,18:57,IC SRO,BEDARIEUX,NORESTJOU,FRIMH,13:29,FRHLB
3144,2023-08-13,ST ROME DE CERNON,NON,15941,18:27,IC SRO,CEILHES ROQUEREDONDE,NORESTJOU,FRIMC,17:56,FRINN
3145,2023-08-13,LE BOUSQUET D'ORB,NON,15941,19:32,IC SRO,BEZIERS,NORESTJOU,FRBZR,18:47,FRIMG
3146,2023-08-13,CLERMONT FERRAND,NON,15941,19:17,IC SRO,MAGALAS,NORESTJOU,FRIMK,13:03,FRCFE
3147,2023-08-13,ARVANT,NON,15941,18:57,IC SRO,BEDARIEUX,NORESTJOU,FRIMH,13:49,FRARV
3148,2023-08-13,ISSOIRE,NON,15941,16:13,IC SRO,MARVEJOLS,NORESTJOU,FRINE,13:29,FRHLB
3149,2023-08-13,MILLAU,NON,15941,19:17,IC SRO,MAGALAS,NORESTJOU,FRIMK,17:38,FRMAU
3150,2023-08-13,BRASSAC LES MINES STE FLORINE,NON,15941,14:56,IC SRO,ST FLOUR CHAUDES AIGUES,NORESTJOU,FRIMW,13:43,FRHLE
3151,2023-08-13,ST ROME DE CERNON,NON,15941,18:03,IC SRO,TOURNEMIRE ROQUEFORT,NORESTJOU,FRINO,17:56,FRINN
3152,2023-08-13,MARVEJOLS,NON,15941,19:17,IC SRO,MAGALAS,NORESTJOU,FRIMK,16:14,FRINE
3153,2023-08-13,ST CHELY D'APCHER,NON,15941,19:17,IC SRO,MAGALAS,NORESTJOU,FRIMK,15:37,FRINB
3154,2023-08-13,AUMONT AUBRAC,NON,15941,18:57,IC SRO,BEDARIEUX,NORESTJOU,FRIMH,15:50,FRINC
3155,2023-08-13,ISSOIRE,NON,15941,17:55,IC SRO,ST ROME DE CERNON,NORESTJOU,FRINN,13:29,FRHLB
3156,2023-08-13,ST GEORGES DE LUZENCON,NON,15941,18:57,IC SRO,BEDARIEUX,NORESTJOU,FRIMH,17:49,FRINM
3157,2023-08-13,TOURNEMIRE ROQUEFORT,NON,15941,18:46,IC SRO,LE BOUSQUET D'ORB,NORESTJOU,FRIMG,18:04,FRINO
3158,2023-08-13,ISSOIRE,NON,15941,19:17,IC SRO,MAGALAS,NORESTJOU,FRIMK,13:29,FRHLB
3159,2023-08-13,MASSIAC BLESLE,NON,15941,18:57,IC SRO,BEDARIEUX,NORESTJOU,FRIMH,14:09,FRHMY
3160,2023-08-13,BRASSAC LES MINES STE FLORINE,NON,15941,16:35,IC SRO,BANASSAC LA CANOURGUE,NORESTJOU,FRINH,13:43,FRHLE
3161,2023-08-13,AUMONT AUBRAC,NON,15941,16:35,IC SRO,BANASSAC LA CANOURGUE,NORESTJOU,FRINH,15:50,FRINC
3162,2023-08-13,SEVERAC LE CHATEAU,NON,15941,18:03,IC SRO,TOURNEMIRE ROQUEFORT,NORESTJOU,FRINO,17:02,FRSVC
3163,2023-08-13,ST CHELY D'APCHER,NON,15941,18:46,IC SRO,LE BOUSQUET D'ORB,NORESTJOU,FRIMG,15:37,FRINB
3164,2023-08-13,BANASSAC LA CANOURGUE,NON,15941,18:27,IC SRO,CEILHES ROQUEREDONDE,NORESTJOU,FRIMC,16:36,FRINH
3165,2023-08-13,NEUSSARGUES,NON,15941,16:21,IC SRO,LE MONASTIER,NORESTJOU,FRLMR,14:36,FRNEU
3166,2023-08-13,LE MONASTIER,NON,15941,18:57,IC SRO,BEDARIEUX,NORESTJOU,FRIMH,16:22,FRLMR
3167,2023-08-13,NANCY,OUI,2554,22:46,EST,PARIS (intramuros),NANCYPA,FRPST,21:16,FRENC
3168,2023-08-13,ANGERS ST LAUD,NON,8912,10:23,ATLANTIQUE,LE MANS,LOIREPARIS,FRAET,09:44,FRACL
3169,2023-08-13,LE MANS,NON,8912,11:25,ATLANTIQUE,PARIS (intramuros),LOIREPARIS,FRPMO,10:26,FRAET
3170,2023-08-13,LA BAULE ESCOUBLAC,OUI,8912,08:59,ATLANTIQUE,NANTES,LOIREPARIS,FRNTE,08:07,FRJEE
3171,2023-08-13,LA BAULE ESCOUBLAC,NON,8912,11:25,ATLANTIQUE,PARIS (intramuros),LOIREPARIS,FRPMO,08:07,FRJEE
3172,2023-08-13,NANTES,NON,8912,11:25,ATLANTIQUE,PARIS (intramuros),LOIREPARIS,FRPMO,09:05,FRNTE
3173,2023-08-13,ST NAZAIRE,NON,8912,10:23,ATLANTIQUE,LE MANS,LOIREPARIS,FRAET,08:24,FRSNR
3174,2023-08-13,LORIENT,OUI,8732,17:54,ATLANTIQUE,VANNES,BRETAPARIS,FRVNE,17:31,FRLRT
3175,2023-08-13,ZUERICH HB,NON,9226,19:38,INTERNATIONAL,PARIS (intramuros),ZURBALPA,FRPLY,15:34,CHAJD
3176,2023-08-13,BASEL SBB,NON,9226,19:38,INTERNATIONAL,PARIS (intramuros),ZURBALPA,FRPLY,16:34,CHAJP
3177,2023-08-13,MULHOUSE VILLE,OUI,9226,17:58,INTERNATIONAL,DIJON VILLE,ZURBALPA,FRABA,16:56,FRAEK
3178,2023-08-13,BELLEGARDE,OUI,6503,15:06,SUD EST,THONON LES BAINS,PARISALPES,FRXTS,13:43,FRXBF
3179,2023-08-13,LAVAL,OUI,8066,23:49,ATLANTIQUE,PARIS (intramuros),BRETAPARIS,FRPMO,22:19,FRACR
3180,2023-08-13,LE MANS,OUI,8066,23:49,ATLANTIQUE,PARIS (intramuros),BRETAPARIS,FRPMO,22:52,FRAET
3181,2023-08-13,PARIS (intramuros),NON,6091,19:53,SUD EST,MONTBARD,PABOUR,FRGWE,18:52,FRPLY
3182,2023-08-13,PARIS (intramuros),NON,9765,13:30,INTERNATIONAL,GENEVE,PAGENEVE,CHGVA,10:18,FRPLY
3183,2023-08-13,MANNHEIM HBF,NON,9580,19:56,INTERNATIONAL,LYON (intramuros),FRANCMRS,FRLPD,14:39,DEMHG
3184,2023-08-13,MANNHEIM HBF,NON,9580,17:31,INTERNATIONAL,BELFORT-MONTBELIARD TGV,FRANCMRS,FRTJA,14:39,DEMHG
3185,2023-08-13,KARLSRUHE HBF,NON,9580,18:53,INTERNATIONAL,CHALON SUR SAONE,FRANCMRS,FRXCD,15:12,DEQKA
3186,2023-08-13,BADEN BADEN,NON,9580,18:53,INTERNATIONAL,CHALON SUR SAONE,FRANCMRS,FRXCD,15:35,DEZCC
3187,2023-08-13,STRASBOURG,NON,9580,21:12,INTERNATIONAL,AVIGNON TGV,FRANCMRS,FRAVG,16:15,FRAEG
3188,2023-08-13,MULHOUSE VILLE,NON,9580,21:12,INTERNATIONAL,AVIGNON TGV,FRANCMRS,FRAVG,17:09,FRAEK
3189,2023-08-13,MULHOUSE VILLE,NON,9580,17:55,INTERNATIONAL,BESANCON - F COMTE TGV,FRANCMRS,FRTJB,17:09,FRAEK
3190,2023-08-13,AVIGNON TGV,NON,9580,21:34,INTERNATIONAL,AIX EN PROVENCE TGV,FRANCMRS,FRAIE,21:15,FRAVG
3191,2023-08-13,LYON (intramuros),NON,9580,21:12,INTERNATIONAL,AVIGNON TGV,FRANCMRS,FRAVG,20:06,FRLPD
3192,2023-08-13,BELFORT-MONTBELIARD TGV,NON,9580,21:12,INTERNATIONAL,AVIGNON TGV,FRANCMRS,FRAVG,17:34,FRTJA
3193,2023-08-13,BELFORT-MONTBELIARD TGV,NON,9580,19:56,INTERNATIONAL,LYON (intramuros),FRANCMRS,FRLPD,17:34,FRTJA
3194,2023-08-13,BESANCON - F COMTE TGV,NON,9580,21:12,INTERNATIONAL,AVIGNON TGV,FRANCMRS,FRAVG,17:58,FRTJB
3195,2023-08-13,MARSEILLE ST CHARLES,OUI,5376,08:02,SUD EST,AVIGNON TGV,JCSUDATL,FRAVG,07:35,FRMSC
3196,2023-08-13,MARSEILLE ST CHARLES,NON,5376,09:20,SUD EST,LYON (intramuros),JCSUDATL,FRLPD,07:35,FRMSC
3197,2023-08-13,MARSEILLE ST CHARLES,NON,5376,08:37,SUD EST,VALENCE TGV RHONE-ALPES SUD,JCSUDATL,FRVLA,07:35,FRMSC
3198,2023-08-13,DIJON VILLE,NON,2239,19:10,EST,AVIGNON TGV,JCRHINRHON,FRAVG,16:20,FRABA
3199,2023-08-13,DIJON VILLE,NON,2239,22:30,EST,NICE VILLE,JCRHINRHON,FRNIC,16:20,FRABA
3200,2023-08-13,STRASBOURG,OUI,2239,16:04,EST,DIJON VILLE,JCRHINRHON,FRABA,13:37,FRAEG
3201,2023-08-13,STRASBOURG,NON,2239,19:10,EST,AVIGNON TGV,JCRHINRHON,FRAVG,13:37,FRAEG
3202,2023-08-13,STRASBOURG,NON,2239,22:30,EST,NICE VILLE,JCRHINRHON,FRNIC,13:37,FRAEG
3203,2023-08-13,STRASBOURG,NON,2239,20:41,EST,TOULON,JCRHINRHON,FRTLN,13:37,FRAEG
3204,2023-08-13,COLMAR,NON,2239,19:31,EST,AIX EN PROVENCE TGV,JCRHINRHON,FRAIE,14:05,FRAEJ
3205,2023-08-13,COLMAR,NON,2239,20:41,EST,TOULON,JCRHINRHON,FRTLN,14:05,FRAEJ
3206,2023-08-13,MULHOUSE VILLE,OUI,2239,16:04,EST,DIJON VILLE,JCRHINRHON,FRABA,14:41,FRAEK
3207,2023-08-13,MULHOUSE VILLE,NON,2239,19:10,EST,AVIGNON TGV,JCRHINRHON,FRAVG,14:41,FRAEK
3208,2023-08-13,MULHOUSE VILLE,NON,2239,19:45,EST,MARSEILLE ST CHARLES,JCRHINRHON,FRMSC,14:41,FRAEK
3209,2023-08-13,MULHOUSE VILLE,NON,2239,21:17,EST,LES ARCS DRAGUIGNAN,JCRHINRHON,FRXRS,14:41,FRAEK
3210,2023-08-13,AIX EN PROVENCE TGV,NON,2239,19:45,EST,MARSEILLE ST CHARLES,JCRHINRHON,FRMSC,19:33,FRAIE
3211,2023-08-13,CANNES,OUI,2239,22:30,EST,NICE VILLE,JCRHINRHON,FRNIC,22:03,FRJCA
3212,2023-08-13,LYON (intramuros),NON,2239,19:31,EST,AIX EN PROVENCE TGV,JCRHINRHON,FRAIE,18:04,FRLPD
3213,2023-08-13,LYON (intramuros),NON,2239,21:59,EST,CANNES,JCRHINRHON,FRJCA,18:04,FRLPD
3214,2023-08-13,LYON (intramuros),NON,2239,19:45,EST,MARSEILLE ST CHARLES,JCRHINRHON,FRMSC,18:04,FRLPD
3215,2023-08-13,MARSEILLE ST CHARLES,NON,2239,22:30,EST,NICE VILLE,JCRHINRHON,FRNIC,19:57,FRMSC
3216,2023-08-13,MARSEILLE ST CHARLES,NON,2239,21:34,EST,ST RAPHAEL VALESCURE,JCRHINRHON,FRXSK,19:57,FRMSC
3217,2023-08-13,BESANCON - F COMTE TGV,OUI,2239,16:04,EST,DIJON VILLE,JCRHINRHON,FRABA,15:36,FRTJB
3218,2023-08-13,TOULON,OUI,2239,22:11,EST,ANTIBES,JCRHINRHON,FRXAT,20:45,FRTLN
3219,2023-08-13,BEAUNE,NON,2239,21:17,EST,LES ARCS DRAGUIGNAN,JCRHINRHON,FRXRS,16:42,FRXBV
3220,2023-08-13,BEAUNE,NON,2239,21:34,EST,ST RAPHAEL VALESCURE,JCRHINRHON,FRXSK,16:42,FRXBV
3221,2023-08-13,LES ARCS DRAGUIGNAN,OUI,2239,22:11,EST,ANTIBES,JCRHINRHON,FRXAT,21:20,FRXRS
3222,2023-08-13,ST RAPHAEL VALESCURE,OUI,2239,21:59,EST,CANNES,JCRHINRHON,FRJCA,21:37,FRXSK
3223,2023-08-13,BELFORT-MONTBELIARD TGV,NON,2239,21:34,EST,ST RAPHAEL VALESCURE,JCRHINRHON,FRXSK,15:06,FRTJA
3224,2023-08-13,BELFORT-MONTBELIARD TGV,NON,2239,22:11,EST,ANTIBES,JCRHINRHON,FRXAT,15:06,FRTJA
3225,2023-08-13,BELFORT-MONTBELIARD TGV,NON,2239,21:59,EST,CANNES,JCRHINRHON,FRJCA,15:06,FRTJA
3226,2023-08-13,BELFORT-MONTBELIARD TGV,NON,2239,22:30,EST,NICE VILLE,JCRHINRHON,FRNIC,15:06,FRTJA
3227,2023-08-13,BELFORT-MONTBELIARD TGV,NON,2239,16:39,EST,BEAUNE,JCRHINRHON,FRXBV,15:06,FRTJA
3228,2023-08-13,THIONVILLE,OUI,2872,18:20,EST,PARIS (intramuros),LUXMETZPA,FRPST,16:34,FRXTH
3229,2023-08-13,CHAMBERY CHALLES LES EAUX,NON,9245,13:49,INTERNATIONAL,MODANE,PAITALIE,FRAGR,12:44,FRCMF
3230,2023-08-13,STRASBOURG,NON,9894,21:12,NORD,BRUXELLES MIDI BRUSSEL ZUID,JCESTNORD,BEBMI,17:01,FRAEG
3231,2023-08-13,STRASBOURG,OUI,9894,17:39,NORD,LORRAINE TGV,JCESTNORD,FREAM,17:01,FRAEG
3232,2023-08-13,STRASBOURG,OUI,9894,19:06,NORD,AEROPORT CDG2 TGV ROISSY,JCESTNORD,FRMLW,17:01,FRAEG
3233,2023-08-13,MEUSE TGV,OUI,9894,18:32,NORD,CHAMPAGNE-ARDENNE,JCESTNORD,FREAH,18:09,FREAJ
3234,2023-08-13,AEROPORT CDG2 TGV ROISSY,NON,9894,21:12,NORD,BRUXELLES MIDI BRUSSEL ZUID,JCESTNORD,BEBMI,19:13,FRMLW
3235,2023-08-13,PARIS (intramuros),OUI,6665,20:50,SUD EST,LYON (intramuros),PARISRHONE,FRLPE,18:42,FRPLY
3236,2023-08-13,BEZIERS,NON,9862,09:22,NORD,NIMES,JCSUDNORD,FRFNI,08:05,FRBZR
3237,2023-08-13,BEZIERS,NON,9862,10:53,NORD,LYON (intramuros),JCSUDNORD,FRLPD,08:05,FRBZR
3238,2023-08-13,BEZIERS,NON,9862,13:01,NORD,AEROPORT CDG2 TGV ROISSY,JCSUDNORD,FRMLW,08:05,FRBZR
3239,2023-08-13,BEZIERS,NON,9862,10:10,NORD,VALENCE TGV RHONE-ALPES SUD,JCSUDNORD,FRVLA,08:05,FRBZR
3240,2023-08-13,BEZIERS,OUI,9862,08:33,NORD,SETE,JCSUDNORD,FRXSY,08:05,FRBZR
3241,2023-08-13,NIMES,NON,9862,12:47,NORD,MARNE LA VALLEE CHESSY,JCSUDNORD,FRMLV,09:25,FRFNI
3242,2023-08-13,LYON (intramuros),NON,9862,15:25,NORD,BRUXELLES MIDI BRUSSEL ZUID,JCSUDNORD,BEBMI,11:00,FRLPD
3243,2023-08-13,MARNE LA VALLEE CHESSY,NON,9862,13:55,NORD,ARRAS,JCSUDNORD,FRQRV,12:51,FRMLV
3244,2023-08-13,MONTPELLIER SAINT-ROCH,NON,9862,12:47,NORD,MARNE LA VALLEE CHESSY,JCSUDNORD,FRMLV,08:57,FRMPL
3245,2023-08-13,TGV HAUTE PICARDIE,NON,9862,15:25,NORD,BRUXELLES MIDI BRUSSEL ZUID,JCSUDNORD,BEBMI,13:38,FRTHP
3246,2023-08-13,VALENCE TGV RHONE-ALPES SUD,NON,9862,15:25,NORD,BRUXELLES MIDI BRUSSEL ZUID,JCSUDNORD,BEBMI,10:15,FRVLA
3247,2023-08-13,AGDE,NON,9862,09:22,NORD,NIMES,JCSUDNORD,FRFNI,08:20,FRXAG
3248,2023-08-13,NARBONNE,NON,9862,10:53,NORD,LYON (intramuros),JCSUDNORD,FRLPD,07:49,FRXNA
3249,2023-08-13,NARBONNE,NON,9862,13:01,NORD,AEROPORT CDG2 TGV ROISSY,JCSUDNORD,FRMLW,07:49,FRXNA
3250,2023-08-13,NARBONNE,OUI,9862,08:17,NORD,AGDE,JCSUDNORD,FRXAG,07:49,FRXNA
3251,2023-08-13,SETE,NON,9862,10:10,NORD,VALENCE TGV RHONE-ALPES SUD,JCSUDNORD,FRVLA,08:36,FRXSY
3252,2023-08-13,AGDE,NON,9862,13:55,NORD,ARRAS,JCSUDNORD,FRQRV,08:20,FRXAG
3253,2023-08-13,HENDAYE,NON,8534,10:38,ATLANTIQUE,DAX,SUDOUESTPA,FRACG,09:28,FRAEF
3254,2023-08-13,BIARRITZ,NON,8534,12:06,ATLANTIQUE,BORDEAUX ST JEAN,SUDOUESTPA,FRBOJ,09:53,FRBIQ
3255,2023-08-13,BIARRITZ,OUI,8534,10:04,ATLANTIQUE,BAYONNE,SUDOUESTPA,FRXBY,09:53,FRBIQ
3256,2023-08-13,ST JEAN DE LUZ CIBOURE,OUI,8534,10:04,ATLANTIQUE,BAYONNE,SUDOUESTPA,FRXBY,09:40,FRXJZ
3257,2023-08-13,BEZIERS,OUI,6036,17:43,SUD EST,MONTPELLIER SAINT-ROCH,LANGPA,FRMPL,16:58,FRBZR
3258,2023-08-13,NIMES,NON,6036,21:18,SUD EST,PARIS (intramuros),LANGPA,FRPLY,18:20,FRFNI
3259,2023-08-13,NIMES,NON,6036,19:03,SUD EST,VALENCE TGV RHONE-ALPES SUD,LANGPA,FRVLA,18:20,FRFNI
3260,2023-08-13,MONTPELLIER SAINT-ROCH,OUI,6036,18:16,SUD EST,NIMES,LANGPA,FRFNI,17:51,FRMPL
3261,2023-08-13,MONTPELLIER SAINT-ROCH,NON,6036,21:18,SUD EST,PARIS (intramuros),LANGPA,FRPLY,17:51,FRMPL
3262,2023-08-13,PERPIGNAN,OUI,6036,16:39,SUD EST,NARBONNE,LANGPA,FRXNA,16:05,FRPGF
3263,2023-08-13,VALENCE TGV RHONE-ALPES SUD,NON,6036,21:18,SUD EST,PARIS (intramuros),LANGPA,FRPLY,19:06,FRVLA
3264,2023-08-13,AGDE,OUI,6036,18:16,SUD EST,NIMES,LANGPA,FRFNI,17:11,FRXAG
3265,2023-08-13,AGDE,OUI,6036,17:43,SUD EST,MONTPELLIER SAINT-ROCH,LANGPA,FRMPL,17:11,FRXAG
3266,2023-08-13,AGDE,NON,6036,19:03,SUD EST,VALENCE TGV RHONE-ALPES SUD,LANGPA,FRVLA,17:11,FRXAG
3267,2023-08-13,NARBONNE,NON,6036,21:18,SUD EST,PARIS (intramuros),LANGPA,FRPLY,16:42,FRXNA
3268,2023-08-13,NARBONNE,OUI,6036,17:08,SUD EST,AGDE,LANGPA,FRXAG,16:42,FRXNA
3269,2023-08-13,SETE,NON,6036,21:18,SUD EST,PARIS (intramuros),LANGPA,FRPLY,17:27,FRXSY
3270,2023-08-13,LIMOGES BENEDICTINS,OUI,3655,20:43,IC ARO,UZERCHE,PALITO,FRAAW,20:07,FRAGQ
3271,2023-08-13,CHATEAUROUX,OUI,3655,19:31,IC ARO,LA SOUTERRAINE,PALITO,FRLST,18:56,FRCHR
3272,2023-08-13,ISSOUDUN,OUI,3655,18:54,IC ARO,CHATEAUROUX,PALITO,FRCHR,18:40,FRFMN
3273,2023-08-13,ISSOUDUN,OUI,3655,19:31,IC ARO,LA SOUTERRAINE,PALITO,FRLST,18:40,FRFMN
3274,2023-08-13,PARIS (intramuros),OUI,3655,20:43,IC ARO,UZERCHE,PALITO,FRAAW,16:41,FRPAZ
3275,2023-08-13,PARIS (intramuros),OUI,3655,21:10,IC ARO,BRIVE LA GAILLARDE,PALITO,FRBVE,16:41,FRPAZ
3276,2023-08-13,PARIS (intramuros),OUI,3655,18:39,IC ARO,ISSOUDUN,PALITO,FRFMN,16:41,FRPAZ
3277,2023-08-13,PARIS (intramuros),OUI,3655,19:31,IC ARO,LA SOUTERRAINE,PALITO,FRLST,16:41,FRPAZ
3278,2023-08-13,VIERZON VILLE,OUI,3655,20:43,IC ARO,UZERCHE,PALITO,FRAAW,18:21,FRXVZ
3279,2023-08-13,LAVAL,OUI,9884,07:16,NORD,LE MANS,JCBRETNORD,FRAET,06:47,FRACR
3280,2023-08-13,LAVAL,OUI,9884,08:18,NORD,MASSY TGV,JCBRETNORD,FRDJU,06:47,FRACR
3281,2023-08-13,LAVAL,OUI,9884,09:10,NORD,AEROPORT CDG2 TGV ROISSY,JCBRETNORD,FRMLW,06:47,FRACR
3282,2023-08-13,LE MANS,OUI,9884,10:17,NORD,LILLE (intramuros),JCBRETNORD,FRLLE,07:26,FRAET
3283,2023-08-13,AEROPORT CDG2 TGV ROISSY,OUI,9884,10:17,NORD,LILLE (intramuros),JCBRETNORD,FRLLE,09:16,FRMLW
3284,2023-08-13,RENNES,OUI,9884,08:18,NORD,MASSY TGV,JCBRETNORD,FRDJU,06:19,FRRNS
3285,2023-08-13,RENNES,NON,9884,11:01,NORD,BRUXELLES MIDI BRUSSEL ZUID,JCBRETNORD,BEBMI,06:19,FRRNS
3286,2023-08-13,LIMOGES BENEDICTINS,OUI,3694,20:30,IC ARO,LA SOUTERRAINE,TOULOUZECO,FRLST,20:01,FRAGQ
3287,2023-08-13,LIMOGES BENEDICTINS,OUI,3694,21:43,IC ARO,VIERZON VILLE,TOULOUZECO,FRXVZ,20:01,FRAGQ
3288,2023-08-13,BRIVE LA GAILLARDE,OUI,3694,23:19,IC ARO,PARIS (intramuros),TOULOUZECO,FRPAZ,18:58,FRBVE
3289,2023-08-13,GOURDON,OUI,3694,19:58,IC ARO,LIMOGES BENEDICTINS,TOULOUZECO,FRAGQ,18:12,FRFSI
3290,2023-08-13,CAUSSADE TARN ET GARONNE,OUI,3694,19:58,IC ARO,LIMOGES BENEDICTINS,TOULOUZECO,FRAGQ,17:18,FRFTA
3291,2023-08-13,LA SOUTERRAINE,OUI,3694,21:08,IC ARO,CHATEAUROUX,TOULOUZECO,FRCHR,20:32,FRLST
3292,2023-08-13,SOUILLAC,OUI,3694,22:20,IC ARO,LES AUBRAIS ORLEANS,TOULOUZECO,FRLAB,18:29,FRSOU
3293,2023-08-13,SOUILLAC,OUI,3694,21:43,IC ARO,VIERZON VILLE,TOULOUZECO,FRXVZ,18:29,FRSOU
3294,2023-08-13,MONTAUBAN VILLE BOURBON,OUI,3694,19:58,IC ARO,LIMOGES BENEDICTINS,TOULOUZECO,FRAGQ,17:05,FRXMW
3295,2023-08-13,MONTAUBAN VILLE BOURBON,OUI,3694,18:10,IC ARO,GOURDON,TOULOUZECO,FRFSI,17:05,FRXMW
3296,2023-08-13,MONTAUBAN VILLE BOURBON,OUI,3694,20:30,IC ARO,LA SOUTERRAINE,TOULOUZECO,FRLST,17:05,FRXMW
3297,2023-08-13,MONTAUBAN VILLE BOURBON,OUI,3694,18:27,IC ARO,SOUILLAC,TOULOUZECO,FRSOU,17:05,FRXMW
3298,2023-08-13,MONTAUBAN VILLE BOURBON,OUI,3694,21:43,IC ARO,VIERZON VILLE,TOULOUZECO,FRXVZ,17:05,FRXMW
3299,2023-08-13,TOULOUSE MATABIAU,OUI,3694,17:17,IC ARO,CAUSSADE TARN ET GARONNE,TOULOUZECO,FRFTA,16:32,FRXYT
3300,2023-08-13,TOULOUSE MATABIAU,OUI,3694,23:19,IC ARO,PARIS (intramuros),TOULOUZECO,FRPAZ,16:32,FRXYT
3301,2023-08-13,CAHORS,OUI,3694,21:08,IC ARO,CHATEAUROUX,TOULOUZECO,FRCHR,17:45,FRZAO
3302,2023-08-13,CAHORS,OUI,3694,23:19,IC ARO,PARIS (intramuros),TOULOUZECO,FRPAZ,17:45,FRZAO
3303,2023-08-13,CAHORS,OUI,3694,18:27,IC ARO,SOUILLAC,TOULOUZECO,FRSOU,17:45,FRZAO
3304,2023-08-13,CLERMONT FERRAND,OUI,5978,17:58,IC ARO,NEVERS,CLERMONTPA,FRNVS,16:31,FRCFE
3305,2023-08-13,CLERMONT FERRAND,OUI,5978,19:57,IC ARO,PARIS (intramuros),CLERMONTPA,FRPBE,16:31,FRCFE
3306,2023-08-13,CLERMONT FERRAND,OUI,5978,16:40,IC ARO,RIOM CHATEL GUYON,CLERMONTPA,FRRIO,16:31,FRCFE
3307,2023-08-13,VICHY,OUI,5978,19:57,IC ARO,PARIS (intramuros),CLERMONTPA,FRPBE,17:06,FRVHY
3308,2023-08-13,LE MANS,NON,8973,11:13,ATLANTIQUE,ANGERS ST LAUD,PARISLOIRE,FRACL,10:36,FRAET
3309,2023-08-13,LE MANS,NON,8973,11:54,ATLANTIQUE,NANTES,PARISLOIRE,FRNTE,10:36,FRAET
3310,2023-08-13,PARIS (intramuros),NON,8973,12:45,ATLANTIQUE,LA ROCHE SUR YON,PARISLOIRE,FRXRO,09:36,FRPMO
3311,2023-08-13,LYON (intramuros),OUI,5182,21:57,NORD,LILLE (intramuros),JCSUDNORD,FRLLE,19:00,FRLPD
3312,2023-08-13,LYON (intramuros),OUI,5182,20:47,NORD,MARNE LA VALLEE CHESSY,JCSUDNORD,FRMLV,19:00,FRLPD
3313,2023-08-13,LYON (intramuros),OUI,5182,21:01,NORD,AEROPORT CDG2 TGV ROISSY,JCSUDNORD,FRMLW,19:00,FRLPD
3314,2023-08-13,MARNE LA VALLEE CHESSY,OUI,5182,21:57,NORD,LILLE (intramuros),JCSUDNORD,FRLLE,20:51,FRMLV
3315,2023-08-13,MARNE LA VALLEE CHESSY,OUI,5182,21:01,NORD,AEROPORT CDG2 TGV ROISSY,JCSUDNORD,FRMLW,20:51,FRMLV
3316,2023-08-13,VALENCE TGV RHONE-ALPES SUD,NON,5182,21:57,NORD,LILLE (intramuros),JCSUDNORD,FRLLE,18:10,FRVLA
3317,2023-08-13,VALENCE TGV RHONE-ALPES SUD,NON,5182,21:01,NORD,AEROPORT CDG2 TGV ROISSY,JCSUDNORD,FRMLW,18:10,FRVLA
3318,2023-08-13,MONTPELLIER SUD DE FRANCE,NON,5182,21:57,NORD,LILLE (intramuros),JCSUDNORD,FRLLE,17:05,FRSUF
3319,2023-08-13,CANNES,OUI,6174,11:44,SUD EST,TOULON,AZURPA,FRTLN,10:32,FRJCA
3320,2023-08-13,NICE VILLE,NON,6174,12:33,SUD EST,MARSEILLE ST CHARLES,AZURPA,FRMSC,09:57,FRNIC
3321,2023-08-13,ANTIBES,OUI,6174,10:28,SUD EST,CANNES,AZURPA,FRJCA,10:16,FRXAT
3322,2023-08-13,LAUSANNE,NON,9774,14:21,INTERNATIONAL,GENEVE,GENEVEPA,CHGVA,13:45,CHAJF
3323,2023-08-13,BELLEGARDE,NON,9774,15:49,INTERNATIONAL,BOURG EN BRESSE,GENEVEPA,FRXBK,15:02,FRXBF
3324,2023-08-13,GUINGAMP,OUI,8642,18:38,ATLANTIQUE,ST BRIEUC,BRETAPARIS,FRSBK,18:24,FRGGP
3325,2023-08-13,MORLAIX,OUI,8642,18:21,ATLANTIQUE,GUINGAMP,BRETAPARIS,FRGGP,17:55,FRMXN
3326,2023-08-13,MORLAIX,OUI,8642,19:29,ATLANTIQUE,RENNES,BRETAPARIS,FRRNS,17:55,FRMXN
3327,2023-08-13,MORLAIX,OUI,8642,18:38,ATLANTIQUE,ST BRIEUC,BRETAPARIS,FRSBK,17:55,FRMXN
3328,2023-08-13,RENNES,NON,8642,21:08,ATLANTIQUE,PARIS (intramuros),BRETAPARIS,FRPMO,19:35,FRRNS
3329,2023-08-13,LES AUBRAIS ORLEANS,NON,3737,09:00,IC NUIT,PORT LA NOUVELLE,PARPALOMBE,FRILP,22:49,FRLAB
3330,2023-08-13,LES AUBRAIS ORLEANS,NON,3737,09:26,IC NUIT,RIVESALTES,PARPALOMBE,FRIOF,22:49,FRLAB
3331,2023-08-13,LES AUBRAIS ORLEANS,NON,3737,10:00,IC NUIT,COLLIOURE,PARPALOMBE,FRXCU,22:49,FRLAB
3332,2023-08-13,PARIS (intramuros),NON,3737,06:57,IC NUIT,CASTELNAUDARY,PARPALOMBE,FRCTY,21:42,FRPAZ
3333,2023-08-13,PARIS (intramuros),NON,3737,09:09,IC NUIT,LEUCATE LA FRANQUI,PARPALOMBE,FRILQ,21:42,FRPAZ
3334,2023-08-13,PARIS (intramuros),NON,3737,09:26,IC NUIT,RIVESALTES,PARPALOMBE,FRIOF,21:42,FRPAZ
3335,2023-08-13,PARIS (intramuros),NON,3737,08:13,IC NUIT,NARBONNE,PARPALOMBE,FRXNA,21:42,FRPAZ
3336,2023-08-13,NIMES,NON,4758,11:44,IC ARO,BEZIERS,TJOURSESO,FRBZR,10:38,FRFNI
3337,2023-08-13,MARSEILLE ST CHARLES,NON,4758,14:54,IC ARO,MARMANDE,TJOURSESO,FRXMR,09:27,FRMSC
3338,2023-08-13,MONTAUBAN VILLE BOURBON,NON,4758,14:54,IC ARO,MARMANDE,TJOURSESO,FRXMR,13:52,FRXMW
3339,2023-08-13,TOULOUSE MATABIAU,NON,4758,13:50,IC ARO,MONTAUBAN VILLE BOURBON,TJOURSESO,FRXMW,13:25,FRXYT
3340,2023-08-13,STRASBOURG,NON,9579,21:04,INTERNATIONAL,STUTTGART HBF,PASTUTMUN,DESGT,19:46,FRAEG
3341,2023-08-13,PARIS (intramuros),NON,9579,20:25,INTERNATIONAL,KARLSRUHE HBF,PASTUTMUN,DEQKA,17:55,FRPST
3342,2023-08-13,PARIS (intramuros),NON,9579,19:41,INTERNATIONAL,STRASBOURG,PASTUTMUN,FRAEG,17:55,FRPST
3343,2023-08-13,GUINGAMP,OUI,8691,13:10,ATLANTIQUE,LANNION,PARISBRETA,FRLAI,12:40,FRGGP
3344,2023-08-13,PARIS (intramuros),NON,8691,12:20,ATLANTIQUE,ST BRIEUC,PARISBRETA,FRSBK,09:54,FRPMO
3345,2023-08-13,ST BRIEUC,OUI,8691,13:10,ATLANTIQUE,LANNION,PARISBRETA,FRLAI,12:23,FRSBK
3346,2023-08-13,DIJON VILLE,OUI,6766,22:04,SUD EST,PARIS (intramuros),BOURPA,FRPLY,20:25,FRABA
3347,2023-08-13,BESANCON - F COMTE TGV,OUI,6766,22:04,SUD EST,PARIS (intramuros),BOURPA,FRPLY,19:53,FRTJB
3348,2023-08-13,CANNES,OUI,6177,19:39,SUD EST,ANTIBES,PAAZUR,FRXAT,19:31,FRJCA
3349,2023-08-13,MARSEILLE ST CHARLES,NON,6177,19:39,SUD EST,ANTIBES,PAAZUR,FRXAT,17:28,FRMSC
3350,2023-08-13,PARIS (intramuros),NON,6177,19:58,SUD EST,NICE VILLE,PAAZUR,FRNIC,14:10,FRPLY
3351,2023-08-13,PARIS (intramuros),NON,6177,19:01,SUD EST,ST RAPHAEL VALESCURE,PAAZUR,FRXSK,14:10,FRPLY
3352,2023-08-13,CANNES,NON,5772,07:54,IC NUIT,PARIS (intramuros),AZURPAR,FRPAZ,19:46,FRJCA
3353,2023-08-13,NICE VILLE,NON,5772,07:54,IC NUIT,PARIS (intramuros),AZURPAR,FRPAZ,19:11,FRNIC
3354,2023-08-13,ST RAPHAEL VALESCURE,NON,5772,07:54,IC NUIT,PARIS (intramuros),AZURPAR,FRPAZ,20:13,FRXSK
3355,2023-08-13,DOLE VILLE,OUI,9270,20:04,INTERNATIONAL,PARIS (intramuros),SUISPA,FRPLY,18:00,FRACE
3356,2023-08-13,AVIGNON TGV,NON,9854,12:11,NORD,BRUXELLES MIDI BRUSSEL ZUID,JCSUDNORD,BEBMI,07:12,FRAVG
3357,2023-08-13,LYON (intramuros),NON,9854,10:19,NORD,MARNE LA VALLEE CHESSY,JCSUDNORD,FRMLV,08:34,FRLPD
3358,2023-08-13,MARSEILLE ST CHARLES,OUI,9854,07:07,NORD,AVIGNON TGV,JCSUDNORD,FRAVG,06:33,FRMSC
3359,2023-08-13,PARIS (intramuros),OUI,5979,21:17,IC ARO,RIOM CHATEL GUYON,PACLERMONT,FRRIO,17:57,FRPBE
3360,2023-08-13,VICHY,OUI,5979,21:29,IC ARO,CLERMONT FERRAND,PACLERMONT,FRCFE,20:57,FRVHY
3361,2023-08-13,VICHY,OUI,5979,21:17,IC ARO,RIOM CHATEL GUYON,PACLERMONT,FRRIO,20:57,FRVHY
3362,2023-08-13,BEZIERS,OUI,6275,16:52,SUD EST,PERPIGNAN,PALANG,FRPGF,15:59,FRBZR
3363,2023-08-13,BEZIERS,OUI,6275,16:13,SUD EST,NARBONNE,PALANG,FRXNA,15:59,FRBZR
3364,2023-08-13,PARIS (intramuros),NON,6275,15:56,SUD EST,BEZIERS,PALANG,FRBZR,11:46,FRPLY
3365,2023-08-13,PARIS (intramuros),NON,6275,16:52,SUD EST,PERPIGNAN,PALANG,FRPGF,11:46,FRPLY
3366,2023-08-13,VALENCE TGV RHONE-ALPES SUD,NON,6275,15:25,SUD EST,SETE,PALANG,FRXSY,14:00,FRVLA
3367,2023-08-13,AGDE,NON,6275,16:52,SUD EST,PERPIGNAN,PALANG,FRPGF,15:44,FRXAG
3368,2023-08-13,NARBONNE,OUI,6275,16:52,SUD EST,PERPIGNAN,PALANG,FRPGF,16:16,FRXNA
3369,2023-08-13,MONTPELLIER SUD DE FRANCE,NON,6275,16:13,SUD EST,NARBONNE,PALANG,FRXNA,15:10,FRSUF
3370,2023-08-13,BORDEAUX ST JEAN,NON,4663,18:14,IC ARO,BEZIERS,TJOURSOSE,FRBZR,14:28,FRBOJ
3371,2023-08-13,BORDEAUX ST JEAN,NON,4663,17:27,IC ARO,CARCASSONNE,TJOURSOSE,FRCCF,14:28,FRBOJ
3372,2023-08-13,BORDEAUX ST JEAN,NON,4663,19:24,IC ARO,NIMES,TJOURSOSE,FRFNI,14:28,FRBOJ
3373,2023-08-13,BORDEAUX ST JEAN,NON,4663,16:09,IC ARO,MONTAUBAN VILLE BOURBON,TJOURSOSE,FRXMW,14:28,FRBOJ
3374,2023-08-13,BORDEAUX ST JEAN,NON,4663,17:58,IC ARO,NARBONNE,TJOURSOSE,FRXNA,14:28,FRBOJ
3375,2023-08-13,CARCASSONNE,NON,4663,18:14,IC ARO,BEZIERS,TJOURSOSE,FRBZR,17:29,FRCCF
3376,2023-08-13,CARCASSONNE,NON,4663,18:54,IC ARO,MONTPELLIER SAINT-ROCH,TJOURSOSE,FRMPL,17:29,FRCCF
3377,2023-08-13,MONTPELLIER SAINT-ROCH,NON,4663,19:24,IC ARO,NIMES,TJOURSOSE,FRFNI,18:58,FRMPL
3378,2023-08-13,MONTPELLIER SAINT-ROCH,NON,4663,20:36,IC ARO,MARSEILLE ST CHARLES,TJOURSOSE,FRMSC,18:58,FRMPL
3379,2023-08-13,NARBONNE,NON,4663,18:14,IC ARO,BEZIERS,TJOURSOSE,FRBZR,18:01,FRXNA
3380,2023-08-13,TOULOUSE MATABIAU,NON,4663,19:24,IC ARO,NIMES,TJOURSOSE,FRFNI,16:45,FRXYT
3381,2023-08-13,TOULOUSE MATABIAU,NON,4663,20:36,IC ARO,MARSEILLE ST CHARLES,TJOURSOSE,FRMSC,16:45,FRXYT
3382,2023-08-13,TOULOUSE MATABIAU,NON,4663,17:58,IC ARO,NARBONNE,TJOURSOSE,FRXNA,16:45,FRXYT
3383,2023-08-13,AIX EN PROVENCE TGV,OUI,6024,16:38,SUD EST,AVIGNON TGV,PROVENCEPA,FRAVG,16:19,FRAIE
3384,2023-08-13,MARSEILLE ST CHARLES,OUI,6024,16:16,SUD EST,AIX EN PROVENCE TGV,PROVENCEPA,FRAIE,16:04,FRMSC
3385,2023-08-13,MARSEILLE ST CHARLES,OUI,6024,16:38,SUD EST,AVIGNON TGV,PROVENCEPA,FRAVG,16:04,FRMSC
3386,2023-08-13,MARSEILLE ST CHARLES,NON,6024,19:22,SUD EST,PARIS (intramuros),PROVENCEPA,FRPLY,16:04,FRMSC
3387,2023-08-13,AGEN,OUI,8517,21:03,ATLANTIQUE,MONTAUBAN VILLE BOURBON,PASUDOUEST,FRXMW,20:27,FRAGF
3388,2023-08-13,MONTAUBAN VILLE BOURBON,OUI,8517,21:31,ATLANTIQUE,TOULOUSE MATABIAU,PASUDOUEST,FRXYT,21:06,FRXMW
3389,2023-08-13,ANGERS ST LAUD,OUI,8988,23:16,ATLANTIQUE,PARIS (intramuros),LOIREPARIS,FRPMO,21:44,FRACL
3390,2023-08-13,LES SABLES D'OLONNE,OUI,8988,20:52,ATLANTIQUE,NANTES,LOIREPARIS,FRNTE,19:44,FRLSO
3391,2023-08-13,LES SABLES D'OLONNE,OUI,8988,20:08,ATLANTIQUE,LA ROCHE SUR YON,LOIREPARIS,FRXRO,19:44,FRLSO
3392,2023-08-13,ARCACHON,NON,8472,16:38,ATLANTIQUE,FACTURE BIGANOS,SUDOUESTPA,FRFAC,16:23,FRXAC
3393,2023-08-13,ARCACHON,NON,8472,19:25,ATLANTIQUE,PARIS (intramuros),SUDOUESTPA,FRPMO,16:23,FRXAC
3394,2023-08-13,NEVERS,OUI,5983,21:28,IC ARO,MOULINS SUR ALLIER,PACLERMONT,FRXMU,20:59,FRNVS
3395,2023-08-13,SURGERES,NON,8378,15:16,ATLANTIQUE,POITIERS,ROCHELLEPA,FRPIS,14:08,FREIP
3396,2023-08-13,ST MAIXENT DEUX SEVRES,NON,8378,16:57,ATLANTIQUE,PARIS (intramuros),ROCHELLEPA,FRPMO,14:46,FREJC
3397,2023-08-13,NIORT,NON,8378,15:16,ATLANTIQUE,POITIERS,ROCHELLEPA,FRPIS,14:29,FRNIT
3398,2023-08-13,POITIERS,NON,8378,16:57,ATLANTIQUE,PARIS (intramuros),ROCHELLEPA,FRPMO,15:19,FRPIS
3399,2023-08-13,LENS,OUI,7324,16:08,NORD,PARIS (intramuros),ARRASPA,FRPNO,14:57,FRXLE
3400,2023-08-13,PAU,NON,14150,19:34,IC SRO,ST GAUDENS,SUDOUEST,FRFPH,18:11,FRAEE
3401,2023-08-13,PAU,NON,14150,18:36,IC SRO,LOURDES,SUDOUEST,FRLDE,18:11,FRAEE
3402,2023-08-13,PAU,NON,14150,20:27,IC SRO,TOULOUSE MATABIAU,SUDOUEST,FRXYT,18:11,FRAEE
3403,2023-08-13,ORTHEZ,NON,14150,18:08,IC SRO,PAU,SUDOUEST,FRAEE,17:47,FRGFI
3404,2023-08-13,ORTHEZ,NON,14150,19:34,IC SRO,ST GAUDENS,SUDOUEST,FRFPH,17:47,FRGFI
3405,2023-08-13,TARBES,NON,14150,19:34,IC SRO,ST GAUDENS,SUDOUEST,FRFPH,18:55,FRXTB
3406,2023-08-13,TARBES,NON,14150,20:27,IC SRO,TOULOUSE MATABIAU,SUDOUEST,FRXYT,18:55,FRXTB
3407,2023-08-13,NIMES PONT DU GARD,NON,6048,15:04,SUD EST,PARIS (intramuros),LANGPA,FRPLY,12:14,FRXZP
3408,2023-08-13,CARCASSONNE,NON,6875,21:52,SUD EST,LYON (intramuros),JCSUDPROV,FRLPD,18:28,FRCCF
3409,2023-08-13,CARCASSONNE,NON,6875,19:36,SUD EST,SETE,JCSUDPROV,FRXSY,18:28,FRCCF
3410,2023-08-13,VALENCE TGV RHONE-ALPES SUD,NON,6875,21:52,SUD EST,LYON (intramuros),JCSUDPROV,FRLPD,21:13,FRVLA
3411,2023-08-13,NARBONNE,NON,6875,19:12,SUD EST,BEZIERS,JCSUDPROV,FRBZR,18:59,FRXNA
3412,2023-08-13,NARBONNE,NON,6875,21:52,SUD EST,LYON (intramuros),JCSUDPROV,FRLPD,18:59,FRXNA
3413,2023-08-13,NARBONNE,NON,6875,21:10,SUD EST,VALENCE TGV RHONE-ALPES SUD,JCSUDPROV,FRVLA,18:59,FRXNA
3414,2023-08-13,NARBONNE,NON,6875,19:36,SUD EST,SETE,JCSUDPROV,FRXSY,18:59,FRXNA
3415,2023-08-13,SETE,NON,6875,21:52,SUD EST,LYON (intramuros),JCSUDPROV,FRLPD,19:39,FRXSY
3416,2023-08-13,TOULOUSE MATABIAU,NON,6875,19:12,SUD EST,BEZIERS,JCSUDPROV,FRBZR,17:43,FRXYT
3417,2023-08-13,TOULOUSE MATABIAU,NON,6875,21:10,SUD EST,VALENCE TGV RHONE-ALPES SUD,JCSUDPROV,FRVLA,17:43,FRXYT
3418,2023-08-13,TOULOUSE MATABIAU,OUI,6875,18:56,SUD EST,NARBONNE,JCSUDPROV,FRXNA,17:43,FRXYT
3419,2023-08-13,NIMES PONT DU GARD,NON,6875,21:10,SUD EST,VALENCE TGV RHONE-ALPES SUD,JCSUDPROV,FRVLA,20:33,FRXZP
3420,2023-08-13,TOULOUSE MATABIAU,NON,6875,20:30,SUD EST,NIMES PONT DU GARD,JCSUDPROV,FRXZP,17:43,FRXYT
3421,2023-08-13,NANTES,OUI,8984,17:45,ATLANTIQUE,ANGERS ST LAUD,LOIREPARIS,FRACL,17:09,FRNTE
3422,2023-08-13,LA ROCHE SUR YON,OUI,8984,19:14,ATLANTIQUE,PARIS (intramuros),LOIREPARIS,FRPMO,16:10,FRXRO
3423,2023-08-13,DIJON VILLE,NON,9896,20:40,EST,BELFORT-MONTBELIARD TGV,JCRHONRHIN,FRTJA,19:49,FRABA
3424,2023-08-13,DIJON VILLE,NON,9896,23:23,EST,THIONVILLE,JCRHONRHIN,FRXTH,19:49,FRABA
3425,2023-08-13,METZ VILLE,OUI,9896,23:23,EST,THIONVILLE,JCRHONRHIN,FRXTH,23:07,FRADE
3426,2023-08-13,METZ VILLE,OUI,9896,23:49,EST,LUXEMBOURG,JCRHONRHIN,LULUX,23:07,FRADE
3427,2023-08-13,AIX EN PROVENCE TGV,NON,9896,23:02,EST,METZ VILLE,JCRHONRHIN,FRADE,16:11,FRAIE
3428,2023-08-13,AIX EN PROVENCE TGV,NON,9896,20:40,EST,BELFORT-MONTBELIARD TGV,JCRHONRHIN,FRTJA,16:11,FRAIE
3429,2023-08-13,AVIGNON TGV,NON,9896,17:51,EST,LYON (intramuros),JCRHONRHIN,FRLPD,16:33,FRAVG
3430,2023-08-13,AVIGNON TGV,NON,9896,20:40,EST,BELFORT-MONTBELIARD TGV,JCRHONRHIN,FRTJA,16:33,FRAVG
3431,2023-08-13,LYON (intramuros),NON,9896,19:39,EST,DIJON VILLE,JCRHONRHIN,FRABA,18:00,FRLPD
3432,2023-08-13,LYON (intramuros),NON,9896,23:49,EST,LUXEMBOURG,JCRHONRHIN,LULUX,18:00,FRLPD
3433,2023-08-13,MARSEILLE ST CHARLES,NON,9896,22:07,EST,STRASBOURG,JCRHONRHIN,FRAEG,15:56,FRMSC
3434,2023-08-13,MARSEILLE ST CHARLES,NON,9896,17:51,EST,LYON (intramuros),JCRHONRHIN,FRLPD,15:56,FRMSC
3435,2023-08-13,MARSEILLE ST CHARLES,NON,9896,23:23,EST,THIONVILLE,JCRHONRHIN,FRXTH,15:56,FRMSC
3436,2023-08-13,BELFORT-MONTBELIARD TGV,NON,9896,21:09,EST,MULHOUSE VILLE,JCRHONRHIN,FRAEK,20:45,FRTJA
3437,2023-08-13,BELFORT-MONTBELIARD TGV,NON,9896,23:49,EST,LUXEMBOURG,JCRHONRHIN,LULUX,20:45,FRTJA
3438,2023-08-13,BESANCON - F COMTE TGV,NON,9896,22:07,EST,STRASBOURG,JCRHONRHIN,FRAEG,20:19,FRTJB
3439,2023-08-13,VALENCE TGV RHONE-ALPES SUD,NON,9896,20:16,EST,BESANCON - F COMTE TGV,JCRHONRHIN,FRTJB,17:13,FRVLA
3440,2023-08-13,PAU,NON,14151,17:25,IC SRO,BAYONNE,SUDOUEST,FRXBY,15:52,FRAEE
3441,2023-08-13,ST GAUDENS,NON,14151,16:12,IC SRO,ORTHEZ,SUDOUEST,FRGFI,14:23,FRFPH
3442,2023-08-13,ST GAUDENS,NON,14151,15:22,IC SRO,LOURDES,SUDOUEST,FRLDE,14:23,FRFPH
3443,2023-08-13,ST GAUDENS,NON,14151,15:06,IC SRO,TARBES,SUDOUEST,FRXTB,14:23,FRFPH
3444,2023-08-13,ORTHEZ,NON,14151,17:25,IC SRO,BAYONNE,SUDOUEST,FRXBY,16:14,FRGFI
3445,2023-08-13,LOURDES,NON,14151,17:25,IC SRO,BAYONNE,SUDOUEST,FRXBY,15:25,FRLDE
3446,2023-08-13,TOULOUSE MATABIAU,NON,14151,14:21,IC SRO,ST GAUDENS,SUDOUEST,FRFPH,13:34,FRXYT
3447,2023-08-13,TOULOUSE MATABIAU,NON,14151,16:12,IC SRO,ORTHEZ,SUDOUEST,FRGFI,13:34,FRXYT
3448,2023-08-13,TOULOUSE MATABIAU,NON,14151,15:22,IC SRO,LOURDES,SUDOUEST,FRLDE,13:34,FRXYT
3449,2023-08-13,TOULOUSE MATABIAU,NON,14151,17:25,IC SRO,BAYONNE,SUDOUEST,FRXBY,13:34,FRXYT
3450,2023-08-13,MONTPELLIER SAINT-ROCH,NON,4764,21:32,IC ARO,BORDEAUX ST JEAN,TJOURSESO,FRBOJ,17:07,FRMPL
3451,2023-08-13,MARSEILLE ST CHARLES,NON,4764,18:32,IC ARO,CARCASSONNE,TJOURSESO,FRCCF,15:27,FRMSC
3452,2023-08-13,MARSEILLE ST CHARLES,NON,4764,17:03,IC ARO,MONTPELLIER SAINT-ROCH,TJOURSESO,FRMPL,15:27,FRMSC
3453,2023-08-13,MARSEILLE ST CHARLES,NON,4764,19:16,IC ARO,TOULOUSE MATABIAU,TJOURSESO,FRXYT,15:27,FRMSC
3454,2023-08-13,NARBONNE,NON,4764,19:16,IC ARO,TOULOUSE MATABIAU,TJOURSESO,FRXYT,18:04,FRXNA
3455,2023-08-13,TOULOUSE MATABIAU,OUI,4764,21:32,IC ARO,BORDEAUX ST JEAN,TJOURSESO,FRBOJ,19:24,FRXYT
3456,2023-08-13,DIJON VILLE,OUI,2096,21:09,EST,MULHOUSE VILLE,JCRHONRHIN,FRAEK,19:49,FRABA
3457,2023-08-13,DIJON VILLE,OUI,2096,20:40,EST,BELFORT-MONTBELIARD TGV,JCRHONRHIN,FRTJA,19:49,FRABA
3458,2023-08-13,AIX EN PROVENCE TGV,NON,2096,21:09,EST,MULHOUSE VILLE,JCRHONRHIN,FRAEK,16:11,FRAIE
3459,2023-08-13,AIX EN PROVENCE TGV,NON,2096,20:16,EST,BESANCON - F COMTE TGV,JCRHONRHIN,FRTJB,16:11,FRAIE
3460,2023-08-13,AVIGNON TGV,NON,2096,19:39,EST,DIJON VILLE,JCRHONRHIN,FRABA,16:33,FRAVG
3461,2023-08-13,AVIGNON TGV,NON,2096,21:09,EST,MULHOUSE VILLE,JCRHONRHIN,FRAEK,16:33,FRAVG
3462,2023-08-13,AVIGNON TGV,NON,2096,17:08,EST,VALENCE TGV RHONE-ALPES SUD,JCRHONRHIN,FRVLA,16:33,FRAVG
3463,2023-08-13,LYON (intramuros),NON,2096,19:39,EST,DIJON VILLE,JCRHONRHIN,FRABA,18:00,FRLPD
3464,2023-08-13,LYON (intramuros),NON,2096,22:07,EST,STRASBOURG,JCRHONRHIN,FRAEG,18:00,FRLPD
3465,2023-08-13,LYON (intramuros),NON,2096,20:16,EST,BESANCON - F COMTE TGV,JCRHONRHIN,FRTJB,18:00,FRLPD
3466,2023-08-13,BELFORT-MONTBELIARD TGV,OUI,2096,21:09,EST,MULHOUSE VILLE,JCRHONRHIN,FRAEK,20:45,FRTJA
3467,2023-08-13,ANGOULEME,NON,5260,12:40,NORD,LILLE (intramuros),JCAQUINORD,FRADJ,08:36,FRANG
3468,2023-08-13,ANGOULEME,OUI,5260,09:16,NORD,POITIERS,JCAQUINORD,FRPIS,08:36,FRANG
3469,2023-08-13,ANGOULEME,OUI,5260,09:53,NORD,ST PIERRE DES CORPS,JCAQUINORD,FRXSH,08:36,FRANG
3470,2023-08-13,BORDEAUX ST JEAN,NON,5260,11:41,NORD,AEROPORT CDG2 TGV ROISSY,JCAQUINORD,FRMLW,07:58,FRBOJ
3471,2023-08-13,BORDEAUX ST JEAN,OUI,5260,09:53,NORD,ST PIERRE DES CORPS,JCAQUINORD,FRXSH,07:58,FRBOJ
3472,2023-08-13,ST PIERRE DES CORPS,NON,5260,11:27,NORD,MARNE LA VALLEE CHESSY,JCAQUINORD,FRMLV,09:57,FRXSH
3473,2023-08-13,LE MANS,NON,8913,11:13,ATLANTIQUE,ANGERS ST LAUD,PARISLOIRE,FRACL,10:36,FRAET
3474,2023-08-13,PARIS (intramuros),NON,8913,11:13,ATLANTIQUE,ANGERS ST LAUD,PARISLOIRE,FRACL,09:36,FRPMO
3475,2023-08-13,PARIS (intramuros),NON,8913,10:33,ATLANTIQUE,LE MANS,PARISLOIRE,FRAET,09:36,FRPMO
3476,2023-08-13,PARIS (intramuros),NON,8913,12:33,ATLANTIQUE,ST NAZAIRE,PARISLOIRE,FRSNR,09:36,FRPMO
3477,2023-08-13,ANGOULEME,NON,5444,17:04,EST,CHAMPAGNE-ARDENNE,JCATLEST,FREAH,13:36,FRANG
3478,2023-08-13,ANGOULEME,NON,5444,17:52,EST,LORRAINE TGV,JCATLEST,FREAM,13:36,FRANG
3479,2023-08-13,ANGOULEME,NON,5444,14:50,EST,ST PIERRE DES CORPS,JCATLEST,FRXSH,13:36,FRANG
3480,2023-08-13,BORDEAUX ST JEAN,NON,5444,18:37,EST,STRASBOURG,JCATLEST,FRAEG,12:58,FRBOJ
3481,2023-08-13,BORDEAUX ST JEAN,NON,5444,17:52,EST,LORRAINE TGV,JCATLEST,FREAM,12:58,FRBOJ
3482,2023-08-13,MASSY TGV,NON,5444,17:04,EST,CHAMPAGNE-ARDENNE,JCATLEST,FREAH,15:55,FRDJU
3483,2023-08-13,CHAMPAGNE-ARDENNE,NON,5444,17:52,EST,LORRAINE TGV,JCATLEST,FREAM,17:07,FREAH
3484,2023-08-13,MEUSE TGV,OUI,5444,18:37,EST,STRASBOURG,JCATLEST,FRAEG,17:34,FREAJ
3485,2023-08-13,MEUSE TGV,OUI,5444,17:52,EST,LORRAINE TGV,JCATLEST,FREAM,17:34,FREAJ
3486,2023-08-13,ST PIERRE DES CORPS,NON,5444,18:37,EST,STRASBOURG,JCATLEST,FRAEG,14:54,FRXSH
3487,2023-08-13,ST PIERRE DES CORPS,NON,5444,15:49,EST,MASSY TGV,JCATLEST,FRDJU,14:54,FRXSH
3488,2023-08-13,ST PIERRE DES CORPS,NON,5444,17:04,EST,CHAMPAGNE-ARDENNE,JCATLEST,FREAH,14:54,FRXSH
3489,2023-08-13,SARREBRUCK/SAARBRUECKEN,NON,9552,16:54,INTERNATIONAL,PARIS (intramuros),FRANCPA,FRPST,15:03,DESBK
3490,2023-08-13,NICE VILLE,OUI,6188,09:07,SUD EST,LES ARCS DRAGUIGNAN,AZURPA,FRXRS,07:57,FRNIC
3491,2023-08-13,TOULON,NON,6188,10:33,SUD EST,MARSEILLE ST CHARLES,AZURPA,FRMSC,09:48,FRTLN
3492,2023-08-13,TOULON,NON,6188,13:50,SUD EST,PARIS (intramuros),AZURPA,FRPLY,09:48,FRTLN
3493,2023-08-13,ANTIBES,OUI,6188,08:24,SUD EST,CANNES,AZURPA,FRJCA,08:14,FRXAT
3494,2023-08-13,ANTIBES,OUI,6188,09:44,SUD EST,TOULON,AZURPA,FRTLN,08:14,FRXAT
3495,2023-08-13,LES ARCS DRAGUIGNAN,NON,6188,13:50,SUD EST,PARIS (intramuros),AZURPA,FRPLY,09:10,FRXRS
3496,2023-08-13,ST RAPHAEL VALESCURE,NON,6188,10:33,SUD EST,MARSEILLE ST CHARLES,AZURPA,FRMSC,08:53,FRXSK
3497,2023-08-13,LOURDES,NON,14141,13:00,IC SRO,BAYONNE,SUDOUEST,FRXBY,11:26,FRLDE
3498,2023-08-13,MONTREJEAU GOURDAN POLIGNAN,NON,14141,12:14,IC SRO,ORTHEZ,SUDOUEST,FRGFI,10:33,FRMTJ
3499,2023-08-13,MONTREJEAU GOURDAN POLIGNAN,NON,14141,11:06,IC SRO,TARBES,SUDOUEST,FRXTB,10:33,FRMTJ
3500,2023-08-13,TOULOUSE MATABIAU,NON,14141,12:14,IC SRO,ORTHEZ,SUDOUEST,FRGFI,09:32,FRXYT
3501,2023-08-13,TOULOUSE MATABIAU,NON,14141,11:06,IC SRO,TARBES,SUDOUEST,FRXTB,09:32,FRXYT
3502,2023-08-13,PAU,OUI,3742,06:08,IC NUIT,LES AUBRAIS ORLEANS,PALOMBEPAR,FRLAB,21:30,FRAEE
3503,2023-08-13,HENDAYE,OUI,3742,07:19,IC NUIT,PARIS (intramuros),PALOMBEPAR,FRPAZ,18:49,FRAEF
3504,2023-08-13,BIARRITZ,OUI,3742,06:08,IC NUIT,LES AUBRAIS ORLEANS,PALOMBEPAR,FRLAB,19:13,FRBIQ
3505,2023-08-13,LOURDES,OUI,3742,07:19,IC NUIT,PARIS (intramuros),PALOMBEPAR,FRPAZ,21:58,FRLDE
3506,2023-08-13,BAYONNE,OUI,3742,06:08,IC NUIT,LES AUBRAIS ORLEANS,PALOMBEPAR,FRLAB,19:28,FRXBY
3507,2023-08-13,PARIS (intramuros),OUI,5771,08:43,IC NUIT,ANTIBES,PARAZUR,FRXAT,20:51,FRPAZ
3508,2023-08-13,PARIS (intramuros),OUI,5771,08:06,IC NUIT,ST RAPHAEL VALESCURE,PARAZUR,FRXSK,20:51,FRPAZ
3509,2023-08-13,DAX,NON,8592,22:12,ATLANTIQUE,ORTHEZ,PASUDOUEST,FRGFI,21:46,FRACG
3510,2023-08-13,PAU,OUI,8592,23:28,ATLANTIQUE,TARBES,PASUDOUEST,FRXTB,22:38,FRAEE
3511,2023-08-13,BORDEAUX ST JEAN,NON,8592,23:03,ATLANTIQUE,LOURDES,PASUDOUEST,FRLDE,20:20,FRBOJ
3512,2023-08-13,LYON (intramuros),OUI,6608,07:58,SUD EST,LYON (intramuros),RHONEPARIS,FRLPD,07:50,FRLPE
3513,2023-08-13,ANGERS ST LAUD,NON,4404,14:35,IC SRO,VIERZON VILLE,JOURNTELYN,FRXVZ,12:33,FRACL
3514,2023-08-13,SAUMUR,NON,4404,18:39,IC SRO,LYON (intramuros),JOURNTELYN,FRLPE,12:56,FRACN
3515,2023-08-13,SAUMUR,NON,4404,17:20,IC SRO,ROANNE,JOURNTELYN,FRRNE,12:56,FRACN
3516,2023-08-13,SAUMUR,NON,4404,16:41,IC SRO,ST GERMAIN DES FOSSES,JOURNTELYN,FRSGF,12:56,FRACN
3517,2023-08-13,NANTES,NON,4404,12:54,IC SRO,SAUMUR,JOURNTELYN,FRACN,11:51,FRNTE
3518,2023-08-13,NANTES,NON,4404,18:26,IC SRO,LYON (intramuros),JOURNTELYN,FRLPD,11:51,FRNTE
3519,2023-08-13,NANTES,NON,4404,18:39,IC SRO,LYON (intramuros),JOURNTELYN,FRLPE,11:51,FRNTE
3520,2023-08-13,NANTES,NON,4404,13:30,IC SRO,ST PIERRE DES CORPS,JOURNTELYN,FRXSH,11:51,FRNTE
3521,2023-08-13,NEVERS,NON,4404,16:19,IC SRO,MOULINS SUR ALLIER,JOURNTELYN,FRXMU,15:51,FRNVS
3522,2023-08-13,ROANNE,NON,4404,18:26,IC SRO,LYON (intramuros),JOURNTELYN,FRLPD,17:23,FRRNE
3523,2023-08-13,ST GERMAIN DES FOSSES,NON,4404,17:20,IC SRO,ROANNE,JOURNTELYN,FRRNE,16:43,FRSGF
3524,2023-08-13,MOULINS SUR ALLIER,NON,4404,18:26,IC SRO,LYON (intramuros),JOURNTELYN,FRLPD,16:21,FRXMU
3525,2023-08-13,MOULINS SUR ALLIER,NON,4404,17:20,IC SRO,ROANNE,JOURNTELYN,FRRNE,16:21,FRXMU
3526,2023-08-13,ST PIERRE DES CORPS,NON,4404,18:39,IC SRO,LYON (intramuros),JOURNTELYN,FRLPE,13:34,FRXSH
3527,2023-08-13,ST PIERRE DES CORPS,NON,4404,17:20,IC SRO,ROANNE,JOURNTELYN,FRRNE,13:34,FRXSH
3528,2023-08-13,VIERZON VILLE,NON,4404,16:19,IC SRO,MOULINS SUR ALLIER,JOURNTELYN,FRXMU,14:39,FRXVZ
3529,2023-08-13,AIX EN PROVENCE TGV,NON,6850,18:14,SUD EST,AVIGNON TGV,JCSUDPROV,FRAVG,17:55,FRAIE
3530,2023-08-13,AVIGNON TGV,NON,6850,19:24,SUD EST,LYON (intramuros),JCSUDPROV,FRLPD,18:17,FRAVG
3531,2023-08-13,MARSEILLE ST CHARLES,NON,6850,19:24,SUD EST,LYON (intramuros),JCSUDPROV,FRLPD,17:36,FRMSC
3532,2023-08-13,NICE VILLE,OUI,6850,15:05,SUD EST,CANNES,JCSUDPROV,FRJCA,14:40,FRNIC
3533,2023-08-13,NICE VILLE,OUI,6850,16:19,SUD EST,TOULON,JCSUDPROV,FRTLN,14:40,FRNIC
3534,2023-08-13,ANTIBES,OUI,6850,15:05,SUD EST,CANNES,JCSUDPROV,FRJCA,14:56,FRXAT
3535,2023-08-13,ANTIBES,OUI,6850,15:31,SUD EST,ST RAPHAEL VALESCURE,JCSUDPROV,FRXSK,14:56,FRXAT
3536,2023-08-13,ST RAPHAEL VALESCURE,OUI,6850,16:19,SUD EST,TOULON,JCSUDPROV,FRTLN,15:34,FRXSK
3537,2023-08-13,DOLE VILLE,NON,9277,21:37,INTERNATIONAL,LAUSANNE,PASUIS,CHAJF,19:57,FRACE
3538,2023-08-13,DOLE VILLE,NON,9277,20:42,INTERNATIONAL,FRASNE,PASUIS,FRFRA,19:57,FRACE
3539,2023-08-13,BORDEAUX ST JEAN,NON,3858,20:58,IC SRO,LUCON,BORDONANTE,FRLCN,17:53,FRBOJ
3540,2023-08-13,JONZAC,NON,3858,20:58,IC SRO,LUCON,BORDONANTE,FRLCN,18:41,FREMR
3541,2023-08-13,LA ROCHELLE VILLE,NON,3858,22:05,IC SRO,NANTES,BORDONANTE,FRNTE,20:19,FRLRH
3542,2023-08-13,LA ROCHELLE VILLE,NON,3858,21:22,IC SRO,LA ROCHE SUR YON,BORDONANTE,FRXRO,20:19,FRLRH
3543,2023-08-13,SAINTES,NON,3858,22:05,IC SRO,NANTES,BORDONANTE,FRNTE,19:25,FRXST
3544,2023-08-13,ST MAIXENT DEUX SEVRES,NON,8375,12:22,ATLANTIQUE,LA ROCHELLE VILLE,PAROCHELLE,FRLRH,11:23,FREJC
3545,2023-08-13,PARIS (intramuros),NON,8375,11:38,ATLANTIQUE,NIORT,PAROCHELLE,FRNIT,09:12,FRPMO
3546,2023-08-13,ST PIERRE DES CORPS,NON,8375,12:22,ATLANTIQUE,LA ROCHELLE VILLE,PAROCHELLE,FRLRH,10:16,FRXSH
3547,2023-08-13,AIX EN PROVENCE TGV,OUI,2083,08:44,EST,AVIGNON TGV,JCRHONRHIN,FRAVG,08:25,FRAIE
3548,2023-08-13,AIX EN PROVENCE TGV,NON,2083,12:24,EST,BELFORT-MONTBELIARD TGV,JCRHONRHIN,FRTJA,08:25,FRAIE
3549,2023-08-13,AIX EN PROVENCE TGV,NON,2083,11:03,EST,CHALON SUR SAONE,JCRHONRHIN,FRXCD,08:25,FRAIE
3550,2023-08-13,AVIGNON TGV,NON,2083,12:00,EST,BESANCON - F COMTE TGV,JCRHONRHIN,FRTJB,08:47,FRAVG
3551,2023-08-13,LYON (intramuros),NON,2083,12:24,EST,BELFORT-MONTBELIARD TGV,JCRHONRHIN,FRTJA,10:04,FRLPD
3552,2023-08-13,MARSEILLE ST CHARLES,NON,2083,13:43,EST,STRASBOURG,JCRHONRHIN,FRAEG,08:11,FRMSC
3553,2023-08-13,MARSEILLE ST CHARLES,NON,2083,12:00,EST,BESANCON - F COMTE TGV,JCRHONRHIN,FRTJB,08:11,FRMSC
3554,2023-08-13,BELFORT-MONTBELIARD TGV,NON,2083,12:51,EST,MULHOUSE VILLE,JCRHONRHIN,FRAEK,12:27,FRTJA
3555,2023-08-13,BESANCON - F COMTE TGV,NON,2083,13:43,EST,STRASBOURG,JCRHONRHIN,FRAEG,12:03,FRTJB
3556,2023-08-13,BESANCON - F COMTE TGV,NON,2083,12:24,EST,BELFORT-MONTBELIARD TGV,JCRHONRHIN,FRTJA,12:03,FRTJB
3557,2023-08-13,CHALON SUR SAONE,NON,2083,12:24,EST,BELFORT-MONTBELIARD TGV,JCRHONRHIN,FRTJA,11:06,FRXCD
3558,2023-08-13,DAX,OUI,8530,09:40,ATLANTIQUE,BORDEAUX ST JEAN,SUDOUESTPA,FRBOJ,08:28,FRACG
3559,2023-08-13,DAX,NON,8530,11:52,ATLANTIQUE,PARIS (intramuros),SUDOUESTPA,FRPMO,08:28,FRACG
3560,2023-08-13,BAYONNE,OUI,8530,09:40,ATLANTIQUE,BORDEAUX ST JEAN,SUDOUESTPA,FRBOJ,07:54,FRXBY
3561,2023-08-13,ST JEAN DE LUZ CIBOURE,NON,8530,11:52,ATLANTIQUE,PARIS (intramuros),SUDOUESTPA,FRPMO,07:26,FRXJZ
3562,2023-08-13,DIJON VILLE,NON,9261,10:57,INTERNATIONAL,VALLORBE,PASUIS,CHAGL,09:35,FRABA
3563,2023-08-13,PARIS (intramuros),NON,9261,11:52,INTERNATIONAL,LAUSANNE,PASUIS,CHAJF,07:56,FRPLY
3564,2023-08-13,PARIS (intramuros),NON,9261,09:31,INTERNATIONAL,DIJON VILLE,PASUIS,FRABA,07:56,FRPLY
3565,2023-08-13,PARIS (intramuros),OUI,6039,20:15,SUD EST,MONTPELLIER SAINT-ROCH,PALANG,FRMPL,16:42,FRPLY
3566,2023-08-13,PARIS (intramuros),OUI,6039,18:58,SUD EST,VALENCE TGV RHONE-ALPES SUD,PALANG,FRVLA,16:42,FRPLY
3567,2023-08-13,VALENCE TGV RHONE-ALPES SUD,OUI,6039,19:46,SUD EST,NIMES,PALANG,FRFNI,19:01,FRVLA
3568,2023-08-13,LYON (intramuros),OUI,6612,09:58,SUD EST,LYON (intramuros),RHONEPARIS,FRLPD,09:50,FRLPE
3569,2023-08-13,LIMOGES BENEDICTINS,NON,3650,16:18,IC ARO,LES AUBRAIS ORLEANS,TOULOUZECO,FRLAB,13:53,FRAGQ
3570,2023-08-13,CHATEAUROUX,NON,3650,15:38,IC ARO,VIERZON VILLE,TOULOUZECO,FRXVZ,15:06,FRCHR
3571,2023-08-13,ARGENTON SUR CREUSE,NON,3650,16:18,IC ARO,LES AUBRAIS ORLEANS,TOULOUZECO,FRLAB,14:48,FRFMT
3572,2023-08-13,GOURDON,NON,3650,16:18,IC ARO,LES AUBRAIS ORLEANS,TOULOUZECO,FRLAB,12:02,FRFSI
3573,2023-08-13,GOURDON,NON,3650,17:19,IC ARO,PARIS (intramuros),TOULOUZECO,FRPAZ,12:02,FRFSI
3574,2023-08-13,GOURDON,OUI,3650,12:17,IC ARO,SOUILLAC,TOULOUZECO,FRSOU,12:02,FRFSI
3575,2023-08-13,CAUSSADE TARN ET GARONNE,OUI,3650,13:48,IC ARO,LIMOGES BENEDICTINS,TOULOUZECO,FRAGQ,11:08,FRFTA
3576,2023-08-13,LA SOUTERRAINE,NON,3650,14:47,IC ARO,ARGENTON SUR CREUSE,TOULOUZECO,FRFMT,14:24,FRLST
3577,2023-08-13,LA SOUTERRAINE,NON,3650,17:19,IC ARO,PARIS (intramuros),TOULOUZECO,FRPAZ,14:24,FRLST
3578,2023-08-13,LA SOUTERRAINE,NON,3650,15:38,IC ARO,VIERZON VILLE,TOULOUZECO,FRXVZ,14:24,FRLST
3579,2023-08-13,SOUILLAC,OUI,3650,13:48,IC ARO,LIMOGES BENEDICTINS,TOULOUZECO,FRAGQ,12:19,FRSOU
3580,2023-08-13,SOUILLAC,NON,3650,15:38,IC ARO,VIERZON VILLE,TOULOUZECO,FRXVZ,12:19,FRSOU
3581,2023-08-13,MONTAUBAN VILLE BOURBON,NON,3650,16:18,IC ARO,LES AUBRAIS ORLEANS,TOULOUZECO,FRLAB,10:55,FRXMW
3582,2023-08-13,MONTAUBAN VILLE BOURBON,OUI,3650,12:17,IC ARO,SOUILLAC,TOULOUZECO,FRSOU,10:55,FRXMW
3583,2023-08-13,MONTAUBAN VILLE BOURBON,OUI,3650,11:33,IC ARO,CAHORS,TOULOUZECO,FRZAO,10:55,FRXMW
3584,2023-08-13,VIERZON VILLE,NON,3650,17:19,IC ARO,PARIS (intramuros),TOULOUZECO,FRPAZ,15:41,FRXVZ
3585,2023-08-13,TOULOUSE MATABIAU,OUI,3650,13:48,IC ARO,LIMOGES BENEDICTINS,TOULOUZECO,FRAGQ,10:28,FRXYT
3586,2023-08-13,TOULOUSE MATABIAU,NON,3650,15:04,IC ARO,CHATEAUROUX,TOULOUZECO,FRCHR,10:28,FRXYT
3587,2023-08-13,TOULOUSE MATABIAU,OUI,3650,14:22,IC ARO,LA SOUTERRAINE,TOULOUZECO,FRLST,10:28,FRXYT
3588,2023-08-13,CAHORS,OUI,3650,12:44,IC ARO,BRIVE LA GAILLARDE,TOULOUZECO,FRBVE,11:35,FRZAO
3589,2023-08-13,CAHORS,OUI,3650,12:00,IC ARO,GOURDON,TOULOUZECO,FRFSI,11:35,FRZAO
3590,2023-08-13,CAHORS,NON,3650,17:19,IC ARO,PARIS (intramuros),TOULOUZECO,FRPAZ,11:35,FRZAO
3591,2023-08-13,GOURDON,OUI,3650,14:22,IC ARO,LA SOUTERRAINE,TOULOUZECO,FRLST,12:02,FRFSI
3592,2023-08-13,PARIS (intramuros),OUI,2757,21:14,EST,REIMS,PABARSED,FRRHE,20:28,FRPST
3593,2023-08-13,BELLEGARDE,OUI,9780,19:49,INTERNATIONAL,BOURG EN BRESSE,GENEVEPA,FRXBK,19:02,FRXBF
3594,2023-08-13,BOURG EN BRESSE,OUI,9780,21:42,INTERNATIONAL,PARIS (intramuros),GENEVEPA,FRPLY,19:52,FRXBK
3595,2023-08-13,NEVERS,NON,5970,16:57,IC ARO,PARIS (intramuros),CLERMONTPA,FRPBE,15:00,FRNVS
3596,2023-08-13,RIOM CHATEL GUYON,OUI,5970,14:58,IC ARO,NEVERS,CLERMONTPA,FRNVS,13:42,FRRIO
3597,2023-08-13,RIOM CHATEL GUYON,OUI,5970,14:29,IC ARO,MOULINS SUR ALLIER,CLERMONTPA,FRXMU,13:42,FRRIO
3598,2023-08-13,VICHY,OUI,5970,14:58,IC ARO,NEVERS,CLERMONTPA,FRNVS,14:06,FRVHY
3599,2023-08-13,MOULINS SUR ALLIER,NON,5970,16:57,IC ARO,PARIS (intramuros),CLERMONTPA,FRPBE,14:31,FRXMU
3600,2023-08-13,LE MANS,NON,8977,15:15,ATLANTIQUE,ANGERS ST LAUD,PARISLOIRE,FRACL,14:32,FRAET
3601,2023-08-13,LE MANS,NON,8977,15:55,ATLANTIQUE,NANTES,PARISLOIRE,FRNTE,14:32,FRAET
3602,2023-08-13,NANTES,OUI,8977,16:46,ATLANTIQUE,LA ROCHE SUR YON,PARISLOIRE,FRXRO,16:06,FRNTE
3603,2023-08-13,SABLE SUR SARTHE,NON,8977,15:55,ATLANTIQUE,NANTES,PARISLOIRE,FRNTE,14:54,FRSAB
3604,2023-08-13,AIX EN PROVENCE TGV,NON,6801,10:35,SUD EST,CANNES,JCPROVSUD,FRJCA,08:03,FRAIE
3605,2023-08-13,AVIGNON TGV,NON,6801,10:35,SUD EST,CANNES,JCPROVSUD,FRJCA,07:38,FRAVG
3606,2023-08-13,LYON (intramuros),NON,6801,08:00,SUD EST,AIX EN PROVENCE TGV,JCPROVSUD,FRAIE,06:04,FRLPD
3607,2023-08-13,LYON (intramuros),NON,6801,06:56,SUD EST,VALENCE TGV RHONE-ALPES SUD,JCPROVSUD,FRVLA,06:04,FRLPD
3608,2023-08-13,LYON (intramuros),NON,6801,10:47,SUD EST,ANTIBES,JCPROVSUD,FRXAT,06:04,FRLPD
3609,2023-08-13,TOULON,NON,6801,11:06,SUD EST,NICE VILLE,JCPROVSUD,FRNIC,09:15,FRTLN
3610,2023-08-13,LES ARCS DRAGUIGNAN,OUI,6801,11:06,SUD EST,NICE VILLE,JCPROVSUD,FRNIC,09:52,FRXRS
3611,2023-08-13,LES ARCS DRAGUIGNAN,OUI,6801,10:47,SUD EST,ANTIBES,JCPROVSUD,FRXAT,09:52,FRXRS
3612,2023-08-13,LIMOGES BENEDICTINS,OUI,3614,06:58,IC ARO,ARGENTON SUR CREUSE,TOULOUZECO,FRFMT,06:03,FRAGQ
3613,2023-08-13,LIMOGES BENEDICTINS,OUI,3614,07:48,IC ARO,VIERZON VILLE,TOULOUZECO,FRXVZ,06:03,FRAGQ
3614,2023-08-13,ARGENTON SUR CREUSE,OUI,3614,07:48,IC ARO,VIERZON VILLE,TOULOUZECO,FRXVZ,06:59,FRFMT
3615,2023-08-13,LA SOUTERRAINE,OUI,3614,06:58,IC ARO,ARGENTON SUR CREUSE,TOULOUZECO,FRFMT,06:35,FRLST
3616,2023-08-13,LORIENT,NON,8724,17:47,ATLANTIQUE,PARIS (intramuros),BRETAPARIS,FRPMO,14:46,FRLRT
3617,2023-08-13,LORIENT,OUI,8724,15:14,ATLANTIQUE,VANNES,BRETAPARIS,FRVNE,14:46,FRLRT
3618,2023-08-13,QUIMPER,OUI,8724,14:43,ATLANTIQUE,LORIENT,BRETAPARIS,FRLRT,14:11,FRUIP
3619,2023-08-13,LOURDES,OUI,8562,10:34,ATLANTIQUE,DAX,SUDOUESTPA,FRACG,09:19,FRLDE
3620,2023-08-13,LOURDES,OUI,8562,09:45,ATLANTIQUE,PAU,SUDOUESTPA,FRAEE,09:19,FRLDE
3621,2023-08-13,CLERMONT FERRAND,OUI,5974,17:57,IC ARO,PARIS (intramuros),CLERMONTPA,FRPBE,14:31,FRCFE
3622,2023-08-13,RIOM CHATEL GUYON,OUI,5974,15:58,IC ARO,NEVERS,CLERMONTPA,FRNVS,14:42,FRRIO
3623,2023-08-13,RIOM CHATEL GUYON,OUI,5974,17:57,IC ARO,PARIS (intramuros),CLERMONTPA,FRPBE,14:42,FRRIO
3624,2023-08-13,VICHY,OUI,5974,15:58,IC ARO,NEVERS,CLERMONTPA,FRNVS,15:06,FRVHY
3625,2023-08-13,VICHY,OUI,5974,17:57,IC ARO,PARIS (intramuros),CLERMONTPA,FRPBE,15:06,FRVHY
3626,2023-08-13,FRANKFURT MAIN HBF,NON,9560,17:36,INTERNATIONAL,MANNHEIM HBF,FRANCPA,DEMHG,16:56,DEFRH
3627,2023-08-13,STRASBOURG,NON,9573,14:05,INTERNATIONAL,STUTTGART HBF,PASTUTMUN,DESGT,12:46,FRAEG
3628,2023-08-13,BORDEAUX ST JEAN,OUI,8542,19:52,ATLANTIQUE,PARIS (intramuros),SUDOUESTPA,FRPMO,17:46,FRBOJ
3629,2023-08-13,BAYONNE,OUI,8542,16:17,ATLANTIQUE,DAX,SUDOUESTPA,FRACG,15:47,FRXBY
3630,2023-08-13,ST JEAN DE LUZ CIBOURE,NON,8542,17:39,ATLANTIQUE,BORDEAUX ST JEAN,SUDOUESTPA,FRBOJ,15:19,FRXJZ
3631,2023-08-13,EVIAN LES BAINS,NON,6504,18:34,SUD EST,PARIS (intramuros),ALPESPARIS,FRPLY,13:40,FRXEB
3632,2023-08-13,EVIAN LES BAINS,OUI,6504,13:49,SUD EST,THONON LES BAINS,ALPESPARIS,FRXTS,13:40,FRXEB
3633,2023-08-13,THONON LES BAINS,OUI,6504,14:21,SUD EST,ANNEMASSE,ALPESPARIS,FRQNJ,13:53,FRXTS
3634,2023-08-13,BORDEAUX ST JEAN,NON,8505,14:21,ATLANTIQUE,AGEN,PASUDOUEST,FRAGF,13:20,FRBOJ
3635,2023-08-13,ZUERICH HB,NON,9218,12:53,INTERNATIONAL,MULHOUSE VILLE,ZURBALPA,FRAEK,11:34,CHAJD
3636,2023-08-13,ZUERICH HB,NON,9218,15:38,INTERNATIONAL,PARIS (intramuros),ZURBALPA,FRPLY,11:34,CHAJD
3637,2023-08-13,ZUERICH HB,NON,9218,13:17,INTERNATIONAL,BELFORT-MONTBELIARD TGV,ZURBALPA,FRTJA,11:34,CHAJD
3638,2023-08-13,BASEL SBB,NON,9218,15:38,INTERNATIONAL,PARIS (intramuros),ZURBALPA,FRPLY,12:34,CHAJP
3639,2023-08-13,DIJON VILLE,NON,5537,19:31,EST,AIX EN PROVENCE TGV,JCRHINRHON,FRAIE,16:20,FRABA
3640,2023-08-13,DIJON VILLE,NON,5537,19:10,EST,AVIGNON TGV,JCRHINRHON,FRAVG,16:20,FRABA
3641,2023-08-13,DIJON VILLE,NON,5537,16:39,EST,BEAUNE,JCRHINRHON,FRXBV,16:20,FRABA
3642,2023-08-13,STRASBOURG,OUI,5537,14:02,EST,COLMAR,JCRHINRHON,FRAEJ,13:37,FRAEG
3643,2023-08-13,STRASBOURG,OUI,5537,15:29,EST,BESANCON - F COMTE TGV,JCRHINRHON,FRTJB,13:37,FRAEG
3644,2023-08-13,STRASBOURG,NON,5537,22:11,EST,ANTIBES,JCRHINRHON,FRXAT,13:37,FRAEG
3645,2023-08-13,COLMAR,NON,5537,19:31,EST,AIX EN PROVENCE TGV,JCRHINRHON,FRAIE,14:05,FRAEJ
3646,2023-08-13,MULHOUSE VILLE,NON,5537,19:31,EST,AIX EN PROVENCE TGV,JCRHINRHON,FRAIE,14:41,FRAEK
3647,2023-08-13,MULHOUSE VILLE,NON,5537,20:41,EST,TOULON,JCRHINRHON,FRTLN,14:41,FRAEK
3648,2023-08-13,AIX EN PROVENCE TGV,NON,5537,21:59,EST,CANNES,JCRHINRHON,FRJCA,19:33,FRAIE
3649,2023-08-13,AVIGNON TGV,NON,5537,21:59,EST,CANNES,JCRHINRHON,FRJCA,19:12,FRAVG
3650,2023-08-13,AVIGNON TGV,NON,5537,22:11,EST,ANTIBES,JCRHINRHON,FRXAT,19:12,FRAVG
3651,2023-08-13,NANCY,NON,5537,19:45,EST,MARSEILLE ST CHARLES,JCRHINRHON,FRMSC,11:46,FRENC
3652,2023-08-13,NANCY,NON,5537,21:34,EST,ST RAPHAEL VALESCURE,JCRHINRHON,FRXSK,11:46,FRENC
3653,2023-08-13,LYON (intramuros),NON,5537,22:11,EST,ANTIBES,JCRHINRHON,FRXAT,18:04,FRLPD
3654,2023-08-13,LYON (intramuros),NON,5537,21:17,EST,LES ARCS DRAGUIGNAN,JCRHINRHON,FRXRS,18:04,FRLPD
3655,2023-08-13,LYON (intramuros),NON,5537,21:34,EST,ST RAPHAEL VALESCURE,JCRHINRHON,FRXSK,18:04,FRLPD
3656,2023-08-13,MARSEILLE ST CHARLES,NON,5537,20:41,EST,TOULON,JCRHINRHON,FRTLN,19:57,FRMSC
3657,2023-08-13,MARSEILLE ST CHARLES,NON,5537,22:11,EST,ANTIBES,JCRHINRHON,FRXAT,19:57,FRMSC
3658,2023-08-13,BELFORT-MONTBELIARD TGV,NON,5537,19:45,EST,MARSEILLE ST CHARLES,JCRHINRHON,FRMSC,15:06,FRTJA
3659,2023-08-13,TOULON,OUI,5537,21:59,EST,CANNES,JCRHINRHON,FRJCA,20:45,FRTLN
3660,2023-08-13,BEAUNE,NON,5537,17:56,EST,LYON (intramuros),JCRHINRHON,FRLPD,16:42,FRXBV
3661,2023-08-13,BEAUNE,NON,5537,19:45,EST,MARSEILLE ST CHARLES,JCRHINRHON,FRMSC,16:42,FRXBV
3662,2023-08-13,LES ARCS DRAGUIGNAN,OUI,5537,21:59,EST,CANNES,JCRHINRHON,FRJCA,21:20,FRXRS
3663,2023-08-13,ST RAPHAEL VALESCURE,OUI,5537,21:59,EST,CANNES,JCRHINRHON,FRJCA,21:37,FRXSK
3664,2023-08-13,BESANCON - F COMTE TGV,NON,5537,21:34,EST,ST RAPHAEL VALESCURE,JCRHINRHON,FRXSK,15:36,FRTJB
3665,2023-08-13,BELFORT-MONTBELIARD TGV,NON,5537,22:11,EST,ANTIBES,JCRHINRHON,FRXAT,15:06,FRTJA
3666,2023-08-13,BESANCON - F COMTE TGV,NON,5537,21:17,EST,LES ARCS DRAGUIGNAN,JCRHINRHON,FRXRS,15:36,FRTJB
3667,2023-08-13,PARIS (intramuros),OUI,8361,15:56,ATLANTIQUE,SURGERES,PAROCHELLE,FREIP,13:37,FRPMO
3668,2023-08-13,PARIS (intramuros),OUI,8361,15:35,ATLANTIQUE,NIORT,PAROCHELLE,FRNIT,13:37,FRPMO
3669,2023-08-13,LA ROCHELLE VILLE,NON,8374,12:09,ATLANTIQUE,POITIERS,ROCHELLEPA,FRPIS,10:44,FRLRH
3670,2023-08-13,ANGOULEME,NON,8450,21:41,ATLANTIQUE,PARIS (intramuros),SUDOUESTPA,FRPMO,19:16,FRANG
3671,2023-08-13,ST PIERRE DES CORPS,OUI,8450,21:41,ATLANTIQUE,PARIS (intramuros),SUDOUESTPA,FRPMO,20:40,FRXSH
3672,2023-08-13,CHAMBERY CHALLES LES EAUX,NON,9240,11:40,INTERNATIONAL,MACON LOCHE TGV,ITALIEPA,FRMLT,10:22,FRCMF
3673,2023-08-13,CHAMBERY CHALLES LES EAUX,NON,9240,13:14,INTERNATIONAL,PARIS (intramuros),ITALIEPA,FRPLY,10:22,FRCMF
3674,2023-08-13,MILANO P GARIBALDI,NON,9240,10:15,INTERNATIONAL,CHAMBERY CHALLES LES EAUX,ITALIEPA,FRCMF,06:00,ITMPG
3675,2023-08-13,OULX CESANA CLAV SESTRIERE,NON,9240,09:03,INTERNATIONAL,MODANE,ITALIEPA,FRAGR,08:36,ITOCS
3676,2023-08-13,OULX CESANA CLAV SESTRIERE,NON,9240,13:14,INTERNATIONAL,PARIS (intramuros),ITALIEPA,FRPLY,08:36,ITOCS
3677,2023-08-13,BORDEAUX ST JEAN,NON,3856,16:15,IC SRO,LA ROCHELLE VILLE,BORDONANTE,FRLRH,13:53,FRBOJ
3678,2023-08-13,BORDEAUX ST JEAN,NON,3856,15:23,IC SRO,SAINTES,BORDONANTE,FRXST,13:53,FRBOJ
3679,2023-08-13,JONZAC,NON,3856,15:54,IC SRO,ROCHEFORT,BORDONANTE,FRRCO,14:41,FREMR
3680,2023-08-13,LUCON,NON,3856,18:05,IC SRO,NANTES,BORDONANTE,FRNTE,17:00,FRLCN
3681,2023-08-13,LA ROCHELLE VILLE,NON,3856,17:22,IC SRO,LA ROCHE SUR YON,BORDONANTE,FRXRO,16:19,FRLRH
3682,2023-08-13,SAINTES,NON,3856,16:58,IC SRO,LUCON,BORDONANTE,FRLCN,15:25,FRXST
3683,2023-08-13,SAINTES,NON,3856,16:15,IC SRO,LA ROCHELLE VILLE,BORDONANTE,FRLRH,15:25,FRXST
3684,2023-08-13,BEZIERS,OUI,6212,19:03,SUD EST,SETE,LANGPA,FRXSY,18:35,FRBZR
3685,2023-08-13,MONTPELLIER SAINT-ROCH,OUI,6212,22:55,SUD EST,PARIS (intramuros),LANGPA,FRPLY,19:25,FRMPL
3686,2023-08-13,NARBONNE,OUI,6212,19:49,SUD EST,NIMES,LANGPA,FRFNI,18:18,FRXNA
3687,2023-08-13,SETE,OUI,6212,20:37,SUD EST,VALENCE TGV RHONE-ALPES SUD,LANGPA,FRVLA,19:06,FRXSY
3688,2023-08-13,STRASBOURG,OUI,2362,19:05,EST,PARIS (intramuros),MULHSTRAPA,FRPST,17:19,FRAEG
3689,2023-08-13,BEZIERS,OUI,6252,11:10,SUD EST,AGDE,LANGPA,FRXAG,10:59,FRBZR
3690,2023-08-13,BEZIERS,NON,6252,11:27,SUD EST,SETE,LANGPA,FRXSY,10:59,FRBZR
3691,2023-08-13,PERPIGNAN,OUI,6252,10:56,SUD EST,BEZIERS,LANGPA,FRBZR,10:04,FRPGF
3692,2023-08-13,PERPIGNAN,NON,6252,15:04,SUD EST,PARIS (intramuros),LANGPA,FRPLY,10:04,FRPGF
3693,2023-08-13,NARBONNE,OUI,6252,10:56,SUD EST,BEZIERS,LANGPA,FRBZR,10:42,FRXNA
3694,2023-08-13,NARBONNE,OUI,6252,11:10,SUD EST,AGDE,LANGPA,FRXAG,10:42,FRXNA
3695,2023-08-13,PERPIGNAN,NON,6252,11:46,SUD EST,MONTPELLIER SUD DE FRANCE,LANGPA,FRSUF,10:04,FRPGF
3696,2023-08-13,AGDE,NON,6252,12:11,SUD EST,NIMES PONT DU GARD,LANGPA,FRXZP,11:13,FRXAG
3697,2023-08-13,CARCASSONNE,NON,4756,11:49,IC ARO,MONTAUBAN VILLE BOURBON,TJOURSESO,FRXMW,10:34,FRCCF
3698,2023-08-13,NIMES,OUI,4756,09:05,IC ARO,MONTPELLIER SAINT-ROCH,TJOURSESO,FRMPL,08:41,FRFNI
3699,2023-08-13,ARLES,NON,4756,12:26,IC ARO,AGEN,TJOURSESO,FRAGF,08:11,FRHZA
3700,2023-08-13,ARLES,NON,4756,13:32,IC ARO,BORDEAUX ST JEAN,TJOURSESO,FRBOJ,08:11,FRHZA
3701,2023-08-13,ARLES,NON,4756,10:32,IC ARO,CARCASSONNE,TJOURSESO,FRCCF,08:11,FRHZA
3702,2023-08-13,MONTPELLIER SAINT-ROCH,NON,4756,13:32,IC ARO,BORDEAUX ST JEAN,TJOURSESO,FRBOJ,09:08,FRMPL
3703,2023-08-13,MONTPELLIER SAINT-ROCH,NON,4756,11:49,IC ARO,MONTAUBAN VILLE BOURBON,TJOURSESO,FRXMW,09:08,FRMPL
3704,2023-08-13,MARSEILLE ST CHARLES,NON,4756,11:16,IC ARO,TOULOUSE MATABIAU,TJOURSESO,FRXYT,07:22,FRMSC
3705,2023-08-13,MONTAUBAN VILLE BOURBON,NON,4756,12:26,IC ARO,AGEN,TJOURSESO,FRAGF,11:51,FRXMW
3706,2023-08-13,NARBONNE,NON,4756,11:49,IC ARO,MONTAUBAN VILLE BOURBON,TJOURSESO,FRXMW,10:04,FRXNA
3707,2023-08-13,NARBONNE,NON,4756,11:16,IC ARO,TOULOUSE MATABIAU,TJOURSESO,FRXYT,10:04,FRXNA
3708,2023-08-13,SETE,NON,4756,12:26,IC ARO,AGEN,TJOURSESO,FRAGF,09:24,FRXSY
3709,2023-08-13,SETE,NON,4756,10:32,IC ARO,CARCASSONNE,TJOURSESO,FRCCF,09:24,FRXSY
3710,2023-08-13,SETE,NON,4756,10:01,IC ARO,NARBONNE,TJOURSESO,FRXNA,09:24,FRXSY
3711,2023-08-13,NURIEUX,NON,9781,21:00,INTERNATIONAL,BELLEGARDE,PAGENEVE,FRXBF,20:37,FRHQN
3712,2023-08-13,PARIS (intramuros),NON,9781,20:07,INTERNATIONAL,BOURG EN BRESSE,PAGENEVE,FRXBK,18:18,FRPLY
3713,2023-08-13,CHATEAUROUX,NON,3635,17:28,IC ARO,SOUILLAC,PALITO,FRSOU,14:45,FRCHR
3714,2023-08-13,ARGENTON SUR CREUSE,OUI,3635,17:01,IC ARO,BRIVE LA GAILLARDE,PALITO,FRBVE,15:01,FRFMT
3715,2023-08-13,LA SOUTERRAINE,OUI,3635,17:01,IC ARO,BRIVE LA GAILLARDE,PALITO,FRBVE,15:26,FRLST
3716,2023-08-13,LA SOUTERRAINE,OUI,3635,17:28,IC ARO,SOUILLAC,PALITO,FRSOU,15:26,FRLST
3717,2023-08-13,LA SOUTERRAINE,OUI,3635,18:13,IC ARO,CAHORS,PALITO,FRZAO,15:26,FRLST
3718,2023-08-13,PARIS (intramuros),NON,3635,18:13,IC ARO,CAHORS,PALITO,FRZAO,12:41,FRPAZ
3719,2023-08-13,VIERZON VILLE,NON,3635,17:44,IC ARO,GOURDON,PALITO,FRFSI,14:11,FRXVZ
3720,2023-08-13,ORTHEZ,NON,14148,16:36,IC SRO,LOURDES,SUDOUEST,FRLDE,15:47,FRGFI
3721,2023-08-13,LOURDES,NON,14148,18:27,IC SRO,TOULOUSE MATABIAU,SUDOUEST,FRXYT,16:39,FRLDE
3722,2023-08-13,LANNEMEZAN,NON,14148,18:27,IC SRO,TOULOUSE MATABIAU,SUDOUEST,FRXYT,17:19,FRLNZ
3723,2023-08-13,BAYONNE,NON,14148,17:17,IC SRO,LANNEMEZAN,SUDOUEST,FRLNZ,15:03,FRXBY
3724,2023-08-13,ST MAIXENT DEUX SEVRES,NON,8380,17:11,ATLANTIQUE,POITIERS,ROCHELLEPA,FRPIS,16:40,FREJC
3725,2023-08-13,NIORT,NON,8380,16:38,ATLANTIQUE,ST MAIXENT DEUX SEVRES,ROCHELLEPA,FREJC,16:24,FRNIT
3726,2023-08-13,ZUERICH HB,NON,9234,19:28,INTERNATIONAL,BASEL SBB,ZURBALPA,CHAJP,18:34,CHAJD
3727,2023-08-13,LE MANS,OUI,8880,18:25,ATLANTIQUE,PARIS (intramuros),LOIREPARIS,FRPMO,17:26,FRAET
3728,2023-08-13,NANTES,OUI,8880,18:25,ATLANTIQUE,PARIS (intramuros),LOIREPARIS,FRPMO,16:05,FRNTE
3729,2023-08-13,RENNES,NON,8715,13:57,ATLANTIQUE,LORIENT,PARISBRETA,FRLRT,12:29,FRRNS
3730,2023-08-13,RENNES,NON,8715,13:25,ATLANTIQUE,VANNES,PARISBRETA,FRVNE,12:29,FRRNS
3731,2023-08-13,RENNES,NON,8715,13:38,ATLANTIQUE,AURAY,PARISBRETA,FRXUY,12:29,FRRNS
3732,2023-08-13,ANNECY,OUI,6964,11:40,SUD EST,MACON LOCHE TGV,ALPESPARIS,FRMLT,09:29,FRNCY
3733,2023-08-13,ANNECY,NON,6964,13:14,SUD EST,PARIS (intramuros),ALPESPARIS,FRPLY,09:29,FRNCY
3734,2023-08-13,AIX LES BAINS LE REVARD,OUI,6964,10:09,SUD EST,CHAMBERY CHALLES LES EAUX,ALPESPARIS,FRCMF,10:00,FRXAI
3735,2023-08-13,AIX LES BAINS LE REVARD,OUI,6964,11:40,SUD EST,MACON LOCHE TGV,ALPESPARIS,FRMLT,10:00,FRXAI
3736,2023-08-13,BRUXELLES MIDI BRUSSEL ZUID,NON,9836,21:39,NORD,NIMES,JCNORDSUD,FRFNI,16:17,BEBMI
3737,2023-08-13,BRUXELLES MIDI BRUSSEL ZUID,NON,9836,18:08,NORD,MARNE LA VALLEE CHESSY,JCNORDSUD,FRMLV,16:17,BEBMI
3738,2023-08-13,LILLE (intramuros),OUI,9836,22:08,NORD,MONTPELLIER SAINT-ROCH,JCNORDSUD,FRMPL,17:03,FRLLE
3739,2023-08-13,MARNE LA VALLEE CHESSY,OUI,9836,21:39,NORD,NIMES,JCNORDSUD,FRFNI,18:13,FRMLV
3740,2023-08-13,LE MANS,NON,8881,18:58,ATLANTIQUE,NANTES,PARISLOIRE,FRNTE,17:36,FRAET
3741,2023-08-13,AIX LES BAINS LE REVARD,OUI,6951,22:30,SUD EST,ANNECY,PARISALPES,FRNCY,22:03,FRXAI
3742,2023-08-13,AIX EN PROVENCE TGV,NON,9866,17:43,NORD,BRUXELLES MIDI BRUSSEL ZUID,JCSUDNORD,BEBMI,12:26,FRAIE
3743,2023-08-13,AIX EN PROVENCE TGV,NON,9866,15:46,NORD,MARNE LA VALLEE CHESSY,JCSUDNORD,FRMLV,12:26,FRAIE
3744,2023-08-13,AVIGNON TGV,NON,9866,17:43,NORD,BRUXELLES MIDI BRUSSEL ZUID,JCSUDNORD,BEBMI,12:48,FRAVG
3745,2023-08-13,MARNE LA VALLEE CHESSY,NON,9866,17:43,NORD,BRUXELLES MIDI BRUSSEL ZUID,JCSUDNORD,BEBMI,15:50,FRMLV
3746,2023-08-13,MARNE LA VALLEE CHESSY,NON,9866,16:00,NORD,AEROPORT CDG2 TGV ROISSY,JCSUDNORD,FRMLW,15:50,FRMLV
3747,2023-08-13,AEROPORT CDG2 TGV ROISSY,NON,9866,17:43,NORD,BRUXELLES MIDI BRUSSEL ZUID,JCSUDNORD,BEBMI,16:07,FRMLW
3748,2023-08-13,MARSEILLE ST CHARLES,NON,9866,16:00,NORD,AEROPORT CDG2 TGV ROISSY,JCSUDNORD,FRMLW,12:12,FRMSC
3749,2023-08-13,DIJON VILLE,OUI,5516,17:35,EST,NANCY,JCRHONRHIN,FRENC,13:37,FRABA
3750,2023-08-13,DIJON VILLE,OUI,5516,14:06,EST,BESANCON - F COMTE TGV,JCRHONRHIN,FRTJB,13:37,FRABA
3751,2023-08-13,STRASBOURG,OUI,5516,17:35,EST,NANCY,JCRHONRHIN,FRENC,16:00,FRAEG
3752,2023-08-13,MULHOUSE VILLE,OUI,5516,15:54,EST,STRASBOURG,JCRHONRHIN,FRAEG,15:07,FRAEK
3753,2023-08-13,AIX EN PROVENCE TGV,NON,5516,13:25,EST,DIJON VILLE,JCRHONRHIN,FRABA,09:58,FRAIE
3754,2023-08-13,AIX EN PROVENCE TGV,NON,5516,15:24,EST,COLMAR,JCRHONRHIN,FRAEJ,09:58,FRAIE
3755,2023-08-13,AIX EN PROVENCE TGV,NON,5516,17:35,EST,NANCY,JCRHONRHIN,FRENC,09:58,FRAIE
3756,2023-08-13,MACON VILLE,NON,5516,15:54,EST,STRASBOURG,JCRHONRHIN,FRAEG,12:12,FRHGU
3757,2023-08-13,MACON VILLE,NON,5516,15:24,EST,COLMAR,JCRHONRHIN,FRAEJ,12:12,FRHGU
3758,2023-08-13,MACON VILLE,NON,5516,17:35,EST,NANCY,JCRHONRHIN,FRENC,12:12,FRHGU
3759,2023-08-13,CANNES,NON,5516,15:54,EST,STRASBOURG,JCRHONRHIN,FRAEG,07:30,FRJCA
3760,2023-08-13,CANNES,NON,5516,15:24,EST,COLMAR,JCRHONRHIN,FRAEJ,07:30,FRJCA
3761,2023-08-13,CANNES,NON,5516,17:35,EST,NANCY,JCRHONRHIN,FRENC,07:30,FRJCA
3762,2023-08-13,CANNES,NON,5516,11:26,EST,LYON (intramuros),JCRHONRHIN,FRLPD,07:30,FRJCA
3763,2023-08-13,LYON (intramuros),NON,5516,14:55,EST,MULHOUSE VILLE,JCRHONRHIN,FRAEK,11:32,FRLPD
3764,2023-08-13,LYON (intramuros),NON,5516,12:41,EST,CHALON SUR SAONE,JCRHONRHIN,FRXCD,11:32,FRLPD
3765,2023-08-13,MARSEILLE ST CHARLES,NON,5516,10:17,EST,AVIGNON TGV,JCRHONRHIN,FRAVG,09:45,FRMSC
3766,2023-08-13,MARSEILLE ST CHARLES,NON,5516,11:26,EST,LYON (intramuros),JCRHONRHIN,FRLPD,09:45,FRMSC
3767,2023-08-13,MARSEILLE ST CHARLES,NON,5516,12:41,EST,CHALON SUR SAONE,JCRHONRHIN,FRXCD,09:45,FRMSC
3768,2023-08-13,NICE VILLE,NON,5516,10:17,EST,AVIGNON TGV,JCRHONRHIN,FRAVG,07:00,FRNIC
3769,2023-08-13,NICE VILLE,OUI,5516,08:46,EST,TOULON,JCRHONRHIN,FRTLN,07:00,FRNIC
3770,2023-08-13,NICE VILLE,NON,5516,12:41,EST,CHALON SUR SAONE,JCRHONRHIN,FRXCD,07:00,FRNIC
3771,2023-08-13,BELFORT-MONTBELIARD TGV,OUI,5516,15:24,EST,COLMAR,JCRHONRHIN,FRAEJ,14:33,FRTJA
3772,2023-08-13,TOULON,NON,5516,15:54,EST,STRASBOURG,JCRHONRHIN,FRAEG,08:50,FRTLN
3773,2023-08-13,TOULON,NON,5516,09:55,EST,AIX EN PROVENCE TGV,JCRHONRHIN,FRAIE,08:50,FRTLN
3774,2023-08-13,TOULON,NON,5516,13:03,EST,BEAUNE,JCRHONRHIN,FRXBV,08:50,FRTLN
3775,2023-08-13,ANTIBES,NON,5516,15:24,EST,COLMAR,JCRHONRHIN,FRAEJ,07:16,FRXAT
3776,2023-08-13,ANTIBES,NON,5516,14:55,EST,MULHOUSE VILLE,JCRHONRHIN,FRAEK,07:16,FRXAT
3777,2023-08-13,ANTIBES,NON,5516,13:03,EST,BEAUNE,JCRHONRHIN,FRXBV,07:16,FRXAT
3778,2023-08-13,ANTIBES,OUI,5516,07:52,EST,ST RAPHAEL VALESCURE,JCRHONRHIN,FRXSK,07:16,FRXAT
3779,2023-08-13,CHALON SUR SAONE,NON,5516,15:54,EST,STRASBOURG,JCRHONRHIN,FRAEG,12:44,FRXCD
3780,2023-08-13,LES ARCS DRAGUIGNAN,NON,5516,15:54,EST,STRASBOURG,JCRHONRHIN,FRAEG,08:12,FRXRS
3781,2023-08-13,LES ARCS DRAGUIGNAN,NON,5516,15:24,EST,COLMAR,JCRHONRHIN,FRAEJ,08:12,FRXRS
3782,2023-08-13,LES ARCS DRAGUIGNAN,NON,5516,14:55,EST,MULHOUSE VILLE,JCRHONRHIN,FRAEK,08:12,FRXRS
3783,2023-08-13,LES ARCS DRAGUIGNAN,NON,5516,11:26,EST,LYON (intramuros),JCRHONRHIN,FRLPD,08:12,FRXRS
3784,2023-08-13,LES ARCS DRAGUIGNAN,NON,5516,13:03,EST,BEAUNE,JCRHONRHIN,FRXBV,08:12,FRXRS
3785,2023-08-13,ST RAPHAEL VALESCURE,NON,5516,13:25,EST,DIJON VILLE,JCRHONRHIN,FRABA,07:55,FRXSK
3786,2023-08-13,ST RAPHAEL VALESCURE,NON,5516,15:24,EST,COLMAR,JCRHONRHIN,FRAEJ,07:55,FRXSK
3787,2023-08-13,ST RAPHAEL VALESCURE,NON,5516,14:55,EST,MULHOUSE VILLE,JCRHONRHIN,FRAEK,07:55,FRXSK
3788,2023-08-13,ST RAPHAEL VALESCURE,NON,5516,09:55,EST,AIX EN PROVENCE TGV,JCRHONRHIN,FRAIE,07:55,FRXSK
3789,2023-08-13,CANNES,NON,5516,14:06,EST,BESANCON - F COMTE TGV,JCRHONRHIN,FRTJB,07:30,FRJCA
3790,2023-08-13,NICE VILLE,NON,5516,14:06,EST,BESANCON - F COMTE TGV,JCRHONRHIN,FRTJB,07:00,FRNIC
3791,2023-08-13,BESANCON - F COMTE TGV,OUI,5516,17:35,EST,NANCY,JCRHONRHIN,FRENC,14:09,FRTJB
3792,2023-08-13,TOULON,NON,5516,14:06,EST,BESANCON - F COMTE TGV,JCRHONRHIN,FRTJB,08:50,FRTLN
3793,2023-08-13,BEAUNE,NON,5516,14:06,EST,BESANCON - F COMTE TGV,JCRHONRHIN,FRTJB,13:06,FRXBV
3794,2023-08-13,LYON-SAINT EXUPERY TGV,OUI,6905,10:13,SUD EST,GRENOBLE,PAGRENOBLE,FRGNB,09:05,FRJDQ
3795,2023-08-13,PARIS (intramuros),NON,6905,10:13,SUD EST,GRENOBLE,PAGRENOBLE,FRGNB,07:14,FRPLY
3796,2023-08-13,PARIS (intramuros),NON,6905,09:01,SUD EST,LYON-SAINT EXUPERY TGV,PAGRENOBLE,FRJDQ,07:14,FRPLY
3797,2023-08-13,QUIMPERLE,NON,8710,13:19,ATLANTIQUE,PARIS (intramuros),BRETAPARIS,FRPMO,09:35,FRECO
3798,2023-08-13,QUIMPERLE,OUI,8710,10:19,ATLANTIQUE,VANNES,BRETAPARIS,FRVNE,09:35,FRECO
3799,2023-08-13,LORIENT,NON,8710,13:19,ATLANTIQUE,PARIS (intramuros),BRETAPARIS,FRPMO,09:50,FRLRT
3800,2023-08-13,LORIENT,OUI,8710,10:19,ATLANTIQUE,VANNES,BRETAPARIS,FRVNE,09:50,FRLRT
3801,2023-08-13,RENNES,NON,8710,13:19,ATLANTIQUE,PARIS (intramuros),BRETAPARIS,FRPMO,11:35,FRRNS
3802,2023-08-13,QUIMPER,OUI,8710,09:32,ATLANTIQUE,QUIMPERLE,BRETAPARIS,FRECO,09:06,FRUIP
3803,2023-08-13,REDON,NON,8710,12:01,ATLANTIQUE,LAVAL,BRETAPARIS,FRACR,10:51,FRXRN
3804,2023-08-13,REDON,NON,8710,11:25,ATLANTIQUE,RENNES,BRETAPARIS,FRRNS,10:51,FRXRN
3805,2023-08-13,AURAY,NON,8710,11:25,ATLANTIQUE,RENNES,BRETAPARIS,FRRNS,10:09,FRXUY
3806,2023-08-13,LYON (intramuros),OUI,6676,00:14,SUD EST,PARIS (intramuros),RHONEPARIS,FRPLY,22:04,FRLPD
3807,2023-08-13,MACON LOCHE TGV,OUI,6676,22:53,SUD EST,LE CREUSOT MONTCEAU MONTCHANIN,RHONEPARIS,FRXCC,22:34,FRMLT
3808,2023-08-13,LE CREUSOT MONTCEAU MONTCHANIN,OUI,6676,00:14,SUD EST,PARIS (intramuros),RHONEPARIS,FRPLY,22:56,FRXCC
3809,2023-08-13,BRUXELLES MIDI BRUSSEL ZUID,NON,9874,16:48,NORD,LORRAINE TGV,JCNORDEST,FREAM,13:15,BEBMI
3810,2023-08-13,BRUXELLES MIDI BRUSSEL ZUID,OUI,9874,14:53,NORD,AEROPORT CDG2 TGV ROISSY,JCNORDEST,FRMLW,13:15,BEBMI
3811,2023-08-13,CHAMPAGNE-ARDENNE,OUI,9874,16:48,NORD,LORRAINE TGV,JCNORDEST,FREAM,16:04,FREAH
3812,2023-08-13,LILLE (intramuros),NON,9874,16:48,NORD,LORRAINE TGV,JCNORDEST,FREAM,14:03,FRLLE
3813,2023-08-13,AEROPORT CDG2 TGV ROISSY,NON,9874,17:37,NORD,STRASBOURG,JCNORDEST,FRAEG,14:59,FRMLW
3814,2023-08-13,AEROPORT CDG2 TGV ROISSY,NON,9874,15:55,NORD,CHAMPAGNE-ARDENNE,JCNORDEST,FREAH,14:59,FRMLW
3815,2023-08-13,LILLE (intramuros),OUI,5224,11:13,NORD,AEROPORT CDG2 TGV ROISSY,JCNORDBRET,FRMLW,09:32,FRADJ
3816,2023-08-13,LILLE (intramuros),OUI,5224,10:37,NORD,TGV HAUTE PICARDIE,JCNORDBRET,FRTHP,09:32,FRADJ
3817,2023-08-13,MASSY TGV,NON,5224,14:02,NORD,ANGERS ST LAUD,JCNORDBRET,FRACL,12:10,FRDJU
3818,2023-08-13,MASSY TGV,NON,5224,14:44,NORD,NANTES,JCNORDBRET,FRNTE,12:10,FRDJU
3819,2023-08-13,MARNE LA VALLEE CHESSY,NON,5224,14:44,NORD,NANTES,JCNORDBRET,FRNTE,11:32,FRMLV
3820,2023-08-13,AEROPORT CDG2 TGV ROISSY,NON,5224,14:02,NORD,ANGERS ST LAUD,JCNORDBRET,FRACL,11:19,FRMLW
3821,2023-08-13,ARRAS,NON,5224,12:04,NORD,MASSY TGV,JCNORDBRET,FRDJU,10:19,FRQRV
3822,2023-08-13,ARRAS,OUI,5224,10:37,NORD,TGV HAUTE PICARDIE,JCNORDBRET,FRTHP,10:19,FRQRV
3823,2023-08-13,TGV HAUTE PICARDIE,OUI,5224,11:13,NORD,AEROPORT CDG2 TGV ROISSY,JCNORDBRET,FRMLW,10:45,FRTHP
3824,2023-08-13,TGV HAUTE PICARDIE,NON,5224,14:44,NORD,NANTES,JCNORDBRET,FRNTE,10:45,FRTHP
3825,2023-08-13,DOUAI,NON,5224,11:28,NORD,MARNE LA VALLEE CHESSY,JCNORDBRET,FRMLV,10:01,FRXDN
3826,2023-08-13,DOUAI,OUI,5224,11:13,NORD,AEROPORT CDG2 TGV ROISSY,JCNORDBRET,FRMLW,10:01,FRXDN
3827,2023-08-13,ST PIERRE DES CORPS,OUI,5224,14:02,NORD,ANGERS ST LAUD,JCNORDBRET,FRACL,13:09,FRXSH
3828,2023-08-13,ST PIERRE DES CORPS,OUI,5224,14:44,NORD,NANTES,JCNORDBRET,FRNTE,13:09,FRXSH
3829,2023-08-13,PARIS (intramuros),NON,8619,15:13,ATLANTIQUE,ST BRIEUC,PARISBRETA,FRSBK,12:56,FRPMO
3830,2023-08-13,RENNES,NON,8619,16:25,ATLANTIQUE,BREST,PARISBRETA,FRBES,14:29,FRRNS
3831,2023-08-13,RENNES,NON,8619,15:13,ATLANTIQUE,ST BRIEUC,PARISBRETA,FRSBK,14:29,FRRNS
3832,2023-08-13,DAX,OUI,8550,20:40,ATLANTIQUE,BORDEAUX ST JEAN,SUDOUESTPA,FRBOJ,19:22,FRACG
3833,2023-08-13,HENDAYE,OUI,8550,20:40,ATLANTIQUE,BORDEAUX ST JEAN,SUDOUESTPA,FRBOJ,18:07,FRAEF
3834,2023-08-13,BIARRITZ,OUI,8550,19:17,ATLANTIQUE,DAX,SUDOUESTPA,FRACG,18:32,FRBIQ
3835,2023-08-13,BORDEAUX ST JEAN,OUI,8550,22:56,ATLANTIQUE,PARIS (intramuros),SUDOUESTPA,FRPMO,20:50,FRBOJ
3836,2023-08-13,BAYONNE,OUI,8550,20:40,ATLANTIQUE,BORDEAUX ST JEAN,SUDOUESTPA,FRBOJ,18:47,FRXBY
3837,2023-08-13,DIJON VILLE,NON,9213,15:26,INTERNATIONAL,BASEL SBB,PABALZUR,CHAJP,14:01,FRABA
3838,2023-08-13,BREST,OUI,8630,14:59,ATLANTIQUE,PLOUARET TREGOR,BRETAPARIS,FRPLT,14:11,FRBES
3839,2023-08-13,GUINGAMP,NON,8630,18:09,ATLANTIQUE,PARIS (intramuros),BRETAPARIS,FRPMO,15:18,FRGGP
3840,2023-08-13,MORLAIX,NON,8630,18:09,ATLANTIQUE,PARIS (intramuros),BRETAPARIS,FRPMO,14:44,FRMXN
3841,2023-08-13,MORLAIX,NON,8630,16:29,ATLANTIQUE,RENNES,BRETAPARIS,FRRNS,14:44,FRMXN
3842,2023-08-13,PLOUARET TREGOR,OUI,8630,15:32,ATLANTIQUE,ST BRIEUC,BRETAPARIS,FRSBK,15:02,FRPLT
3843,2023-08-13,LUCON,NON,3831,09:39,IC SRO,LA ROCHELLE VILLE,NANTEBORDO,FRLRH,09:00,FRLCN
3844,2023-08-13,LA ROCHELLE VILLE,NON,3831,12:07,IC SRO,BORDEAUX ST JEAN,NANTEBORDO,FRBOJ,09:43,FRLRH
3845,2023-08-13,LA ROCHELLE VILLE,NON,3831,10:03,IC SRO,ROCHEFORT,NANTEBORDO,FRRCO,09:43,FRLRH
3846,2023-08-13,LA ROCHELLE VILLE,NON,3831,10:32,IC SRO,SAINTES,NANTEBORDO,FRXST,09:43,FRLRH
3847,2023-08-13,NANTES,NON,3831,08:35,IC SRO,LA ROCHE SUR YON,NANTEBORDO,FRXRO,07:55,FRNTE
3848,2023-08-13,LA ROCHE SUR YON,NON,3831,12:07,IC SRO,BORDEAUX ST JEAN,NANTEBORDO,FRBOJ,08:36,FRXRO
3849,2023-08-13,LA ROCHE SUR YON,NON,3831,10:03,IC SRO,ROCHEFORT,NANTEBORDO,FRRCO,08:36,FRXRO
3850,2023-08-13,NANTES,OUI,8985,22:19,ATLANTIQUE,LES SABLES D'OLONNE,PARISLOIRE,FRLSO,21:10,FRNTE
3851,2023-08-13,NANTES,OUI,8985,21:50,ATLANTIQUE,LA ROCHE SUR YON,PARISLOIRE,FRXRO,21:10,FRNTE
3852,2023-08-13,SABLE SUR SARTHE,OUI,8985,21:50,ATLANTIQUE,LA ROCHE SUR YON,PARISLOIRE,FRXRO,19:56,FRSAB
3853,2023-08-13,DIJON VILLE,NON,9898,10:57,EST,BELFORT-MONTBELIARD TGV,JCRHONRHIN,FRTJA,10:08,FRABA
3854,2023-08-13,STRASBOURG,OUI,9898,13:24,EST,METZ VILLE,JCRHONRHIN,FRADE,12:31,FRAEG
3855,2023-08-13,STRASBOURG,OUI,9898,14:15,EST,LUXEMBOURG,JCRHONRHIN,LULUX,12:31,FRAEG
3856,2023-08-13,COLMAR,NON,9898,13:24,EST,METZ VILLE,JCRHONRHIN,FRADE,11:52,FRAEJ
3857,2023-08-13,MULHOUSE VILLE,NON,9898,13:24,EST,METZ VILLE,JCRHONRHIN,FRADE,11:24,FRAEK
3858,2023-08-13,NIMES,NON,9898,11:21,EST,MULHOUSE VILLE,JCRHONRHIN,FRAEK,06:54,FRFNI
3859,2023-08-13,NIMES,NON,9898,08:24,EST,LYON (intramuros),JCRHONRHIN,FRLPD,06:54,FRFNI
3860,2023-08-13,NIMES,NON,9898,13:48,EST,THIONVILLE,JCRHONRHIN,FRXTH,06:54,FRFNI
3861,2023-08-13,LYON (intramuros),NON,9898,09:58,EST,DIJON VILLE,JCRHONRHIN,FRABA,08:30,FRLPD
3862,2023-08-13,LYON (intramuros),NON,9898,11:49,EST,COLMAR,JCRHONRHIN,FRAEJ,08:30,FRLPD
3863,2023-08-13,LYON (intramuros),NON,9898,10:57,EST,BELFORT-MONTBELIARD TGV,JCRHONRHIN,FRTJA,08:30,FRLPD
3864,2023-08-13,MONTPELLIER SAINT-ROCH,NON,9898,12:24,EST,STRASBOURG,JCRHONRHIN,FRAEG,06:27,FRMPL
3865,2023-08-13,MONTPELLIER SAINT-ROCH,NON,9898,08:24,EST,LYON (intramuros),JCRHONRHIN,FRLPD,06:27,FRMPL
3866,2023-08-13,MONTPELLIER SAINT-ROCH,NON,9898,13:48,EST,THIONVILLE,JCRHONRHIN,FRXTH,06:27,FRMPL
3867,2023-08-13,BELFORT-MONTBELIARD TGV,NON,9898,11:49,EST,COLMAR,JCRHONRHIN,FRAEJ,10:59,FRTJA
3868,2023-08-13,BESANCON - F COMTE TGV,NON,9898,13:24,EST,METZ VILLE,JCRHONRHIN,FRADE,10:36,FRTJB
3869,2023-08-13,BESANCON - F COMTE TGV,NON,9898,11:49,EST,COLMAR,JCRHONRHIN,FRAEJ,10:36,FRTJB
3870,2023-08-13,VALENCE TGV RHONE-ALPES SUD,NON,9898,13:24,EST,METZ VILLE,JCRHONRHIN,FRADE,07:44,FRVLA
3871,2023-08-13,VALENCE TGV RHONE-ALPES SUD,NON,9898,10:34,EST,BESANCON - F COMTE TGV,JCRHONRHIN,FRTJB,07:44,FRVLA
3872,2023-08-13,ST GAUDENS,NON,14143,14:59,IC SRO,BAYONNE,SUDOUEST,FRXBY,12:21,FRFPH
3873,2023-08-13,TARBES,NON,14143,13:21,IC SRO,LOURDES,SUDOUEST,FRLDE,13:08,FRXTB
3874,2023-08-13,TARBES,NON,14143,14:59,IC SRO,BAYONNE,SUDOUEST,FRXBY,13:08,FRXTB
3875,2023-08-13,MONTPELLIER SAINT-ROCH,NON,9713,14:24,SUD EST,NARBONNE,PABARCELONE,FRXNA,13:20,FRMPL
3876,2023-08-13,PARIS (intramuros),NON,9713,16:34,SUD EST,BARCELONA SANTS,PABARCELONE,ESBST,09:42,FRPLY
3877,2023-08-13,PERPIGNAN,NON,9713,16:34,SUD EST,BARCELONA SANTS,PABARCELONE,ESBST,15:04,FRPGF
3878,2023-08-13,MONTPELLIER SAINT-ROCH,NON,9713,16:34,SUD EST,BARCELONA SANTS,PABARCELONE,ESBST,13:20,FRMPL
3879,2023-08-13,VALENCE TGV RHONE-ALPES SUD,NON,9713,15:46,SUD EST,GIRONA,PABARCELONE,ESGRO,12:00,FRVLA
3880,2023-08-13,VALENCE TGV RHONE-ALPES SUD,NON,9713,15:27,SUD EST,FIGUERES VILA TGV,PABARCELONE,ESFIR,12:00,FRVLA
3881,2023-08-13,NARBONNE,NON,9713,15:27,SUD EST,FIGUERES VILA TGV,PABARCELONE,ESFIR,14:27,FRXNA
3882,2023-08-13,BEZIERS,NON,9713,15:46,SUD EST,GIRONA,PABARCELONE,ESGRO,14:10,FRBZR
3883,2023-08-13,SETE,NON,9713,15:46,SUD EST,GIRONA,PABARCELONE,ESGRO,13:37,FRXSY
3884,2023-08-13,MARSEILLE ST CHARLES,OUI,6153,22:11,SUD EST,TOULON,PAAZUR,FRTLN,21:28,FRMSC
3885,2023-08-13,ANGOULEME,NON,8486,13:37,ATLANTIQUE,PARIS (intramuros),SUDOUESTPA,FRPMO,11:25,FRANG
3886,2023-08-13,BORDEAUX ST JEAN,NON,8486,13:37,ATLANTIQUE,PARIS (intramuros),SUDOUESTPA,FRPMO,10:14,FRBOJ
3887,2023-08-13,BORDEAUX ST JEAN,OUI,8486,10:40,ATLANTIQUE,LIBOURNE,SUDOUESTPA,FRXLR,10:14,FRBOJ
3888,2023-08-13,DOL DE BRETAGNE,OUI,8092,20:25,ATLANTIQUE,RENNES,BRETAPARIS,FRRNS,19:52,FRDOL
3889,2023-08-13,BRUXELLES MIDI BRUSSEL ZUID,OUI,9870,09:28,NORD,CHAMPAGNE-ARDENNE,JCNORDEST,FREAH,07:17,BEBMI
3890,2023-08-13,CHAMPAGNE-ARDENNE,OUI,9870,10:25,NORD,LORRAINE TGV,JCNORDEST,FREAM,09:34,FREAH
3891,2023-08-13,AEROPORT CDG2 TGV ROISSY,OUI,9870,10:00,NORD,MEUSE TGV,JCNORDEST,FREAJ,08:59,FRMLW
3892,2023-08-13,BRUXELLES MIDI BRUSSEL ZUID,OUI,9870,10:00,NORD,MEUSE TGV,JCNORDEST,FREAJ,07:17,BEBMI
3893,2023-08-13,PARIS (intramuros),NON,6173,12:02,SUD EST,AVIGNON TGV,PAAZUR,FRAVG,09:26,FRPLY
3894,2023-08-13,PARIS (intramuros),NON,6173,14:25,SUD EST,CANNES,PAAZUR,FRJCA,09:26,FRPLY
3895,2023-08-13,PARIS (intramuros),NON,6173,14:57,SUD EST,NICE VILLE,PAAZUR,FRNIC,09:26,FRPLY
3896,2023-08-13,ST RAPHAEL VALESCURE,OUI,6173,14:57,SUD EST,NICE VILLE,PAAZUR,FRNIC,14:04,FRXSK
3897,2023-08-13,ST RAPHAEL VALESCURE,OUI,6173,14:38,SUD EST,ANTIBES,PAAZUR,FRXAT,14:04,FRXSK
3898,2023-08-13,ANCENIS,OUI,8928,21:12,ATLANTIQUE,PARIS (intramuros),LOIREPARIS,FRPMO,19:15,FREFN
3899,2023-08-13,LE CROISIC,OUI,8928,21:12,ATLANTIQUE,PARIS (intramuros),LOIREPARIS,FRPMO,17:39,FREGU
3900,2023-08-13,LA BAULE ESCOUBLAC,OUI,8928,19:42,ATLANTIQUE,ANGERS ST LAUD,LOIREPARIS,FRACL,17:55,FRJEE
3901,2023-08-13,LA BAULE ESCOUBLAC,OUI,8928,21:12,ATLANTIQUE,PARIS (intramuros),LOIREPARIS,FRPMO,17:55,FRJEE
3902,2023-08-13,ST NAZAIRE,OUI,8928,21:12,ATLANTIQUE,PARIS (intramuros),LOIREPARIS,FRPMO,18:11,FRSNR
3903,2023-08-13,LA BAULE ESCOUBLAC,OUI,8928,19:13,ATLANTIQUE,ANCENIS,LOIREPARIS,FREFN,17:55,FRJEE
3904,2023-08-13,LAVAL,NON,8605,12:43,ATLANTIQUE,BREST,PARISBRETA,FRBES,09:58,FRACR
3905,2023-08-13,GUINGAMP,OUI,8605,12:08,ATLANTIQUE,MORLAIX,PARISBRETA,FRMXN,11:41,FRGGP
3906,2023-08-13,MORLAIX,OUI,8605,12:43,ATLANTIQUE,BREST,PARISBRETA,FRBES,12:10,FRMXN
3907,2023-08-13,RENNES,NON,8605,12:43,ATLANTIQUE,BREST,PARISBRETA,FRBES,10:32,FRRNS
3908,2023-08-13,RENNES,NON,8605,12:08,ATLANTIQUE,MORLAIX,PARISBRETA,FRMXN,10:32,FRRNS
3909,2023-08-13,ST BRIEUC,OUI,8605,11:38,ATLANTIQUE,GUINGAMP,PARISBRETA,FRGGP,11:24,FRSBK
3910,2023-08-13,DAX,NON,8544,20:58,ATLANTIQUE,PARIS (intramuros),SUDOUESTPA,FRPMO,17:22,FRACG
3911,2023-08-13,MASSY TGV,OUI,8544,20:58,ATLANTIQUE,PARIS (intramuros),SUDOUESTPA,FRPMO,20:46,FRDJU
3912,2023-08-13,BAYONNE,OUI,8544,17:17,ATLANTIQUE,DAX,SUDOUESTPA,FRACG,16:47,FRXBY
3913,2023-08-13,BAYONNE,NON,8544,20:43,ATLANTIQUE,MASSY TGV,SUDOUESTPA,FRDJU,16:47,FRXBY
3914,2023-08-13,ST JEAN DE LUZ CIBOURE,OUI,8544,16:29,ATLANTIQUE,BIARRITZ,SUDOUESTPA,FRBIQ,16:19,FRXJZ
3915,2023-08-13,ST JEAN DE LUZ CIBOURE,NON,8544,20:58,ATLANTIQUE,PARIS (intramuros),SUDOUESTPA,FRPMO,16:19,FRXJZ
3916,2023-08-13,LILLE (intramuros),OUI,5036,17:53,NORD,AEROPORT CDG2 TGV ROISSY,JCNORDSUD,FRMLW,17:03,FRLLE
3917,2023-08-13,MARNE LA VALLEE CHESSY,OUI,5036,20:00,NORD,LYON (intramuros),JCNORDSUD,FRLPD,18:13,FRMLV
3918,2023-08-13,MARNE LA VALLEE CHESSY,NON,5026,14:00,NORD,LYON (intramuros),JCNORDSUD,FRLPD,12:14,FRMLV
3919,2023-08-13,AEROPORT CDG2 TGV ROISSY,NON,5026,14:00,NORD,LYON (intramuros),JCNORDSUD,FRLPD,12:00,FRMLW
3920,2023-08-13,BRUXELLES MIDI BRUSSEL ZUID,NON,9838,18:58,NORD,MARNE LA VALLEE CHESSY,JCNORDBRET,FRMLV,16:47,BEBMI
3921,2023-08-13,LILLE (intramuros),OUI,9838,18:07,NORD,TGV HAUTE PICARDIE,JCNORDBRET,FRTHP,17:40,FRLLE
3922,2023-08-13,BEZIERS,NON,6254,13:04,SUD EST,PARIS (intramuros),LANGPA,FRPLY,08:53,FRBZR
3923,2023-08-13,BEZIERS,NON,6254,10:41,SUD EST,VALENCE TGV RHONE-ALPES SUD,LANGPA,FRVLA,08:53,FRBZR
3924,2023-08-13,PERPIGNAN,OUI,6254,09:04,SUD EST,AGDE,LANGPA,FRXAG,07:58,FRPGF
3925,2023-08-13,VALENCE TGV RHONE-ALPES SUD,NON,6254,13:04,SUD EST,PARIS (intramuros),LANGPA,FRPLY,10:44,FRVLA
3926,2023-08-13,SETE,NON,6254,10:41,SUD EST,VALENCE TGV RHONE-ALPES SUD,LANGPA,FRVLA,09:23,FRXSY
3927,2023-08-13,MONTPELLIER SUD DE FRANCE,NON,6254,10:01,SUD EST,NIMES PONT DU GARD,LANGPA,FRXZP,09:43,FRSUF
3928,2023-08-13,SETE,NON,6254,10:01,SUD EST,NIMES PONT DU GARD,LANGPA,FRXZP,09:23,FRXSY
3929,2023-08-13,BORDEAUX ST JEAN,OUI,8475,17:46,ATLANTIQUE,FACTURE BIGANOS,PASUDOUEST,FRFAC,17:25,FRBOJ
3930,2023-08-13,THIONVILLE,NON,2870,16:31,EST,PARIS (intramuros),LUXMETZPA,FRPST,14:34,FRXTH
3931,2023-08-13,PAU,OUI,8583,13:38,ATLANTIQUE,ORTHEZ,SUDOUESTPA,FRGFI,13:16,FRAEE
3932,2023-08-13,ORTHEZ,OUI,8583,14:10,ATLANTIQUE,DAX,SUDOUESTPA,FRACG,13:40,FRGFI
3933,2023-08-13,ORTHEZ,NON,8583,17:52,ATLANTIQUE,PARIS (intramuros),SUDOUESTPA,FRPMO,13:40,FRGFI
3934,2023-08-13,LILLE (intramuros),OUI,9844,22:18,NORD,LYON (intramuros),JCNORDSUD,FRLPE,19:03,FRLLE
3935,2023-08-13,LILLE (intramuros),OUI,9844,20:09,NORD,MARNE LA VALLEE CHESSY,JCNORDSUD,FRMLV,19:03,FRLLE
3936,2023-08-13,LILLE (intramuros),OUI,9844,19:54,NORD,AEROPORT CDG2 TGV ROISSY,JCNORDSUD,FRMLW,19:03,FRLLE
3937,2023-08-13,AEROPORT CDG2 TGV ROISSY,OUI,9844,22:18,NORD,LYON (intramuros),JCNORDSUD,FRLPE,20:00,FRMLW
3938,2023-08-13,PARIS (intramuros),OUI,7045,16:18,NORD,LILLE (intramuros),PALILLE,FRADJ,15:16,FRPNO
3939,2023-08-13,ANGOULEME,OUI,8454,23:12,ATLANTIQUE,ST PIERRE DES CORPS,SUDOUESTPA,FRXSH,21:52,FRANG
3940,2023-08-13,BORDEAUX ST JEAN,OUI,8454,22:31,ATLANTIQUE,POITIERS,SUDOUESTPA,FRPIS,21:14,FRBOJ
3941,2023-08-13,BORDEAUX ST JEAN,OUI,8454,00:17,ATLANTIQUE,PARIS (intramuros),SUDOUESTPA,FRPMO,21:14,FRBOJ
3942,2023-08-13,PAU,NON,14142,12:53,IC SRO,TARBES,SUDOUEST,FRXTB,12:12,FRAEE
3943,2023-08-13,BAYONNE,NON,14142,12:53,IC SRO,TARBES,SUDOUEST,FRXTB,11:02,FRXBY
3944,2023-08-13,BAYONNE,NON,14142,14:27,IC SRO,TOULOUSE MATABIAU,SUDOUEST,FRXYT,11:02,FRXBY
3945,2023-08-13,ST JEAN DE LUZ CIBOURE,NON,14142,11:46,IC SRO,ORTHEZ,SUDOUEST,FRGFI,10:30,FRXJZ
3946,2023-08-13,ST JEAN DE LUZ CIBOURE,NON,14142,10:52,IC SRO,BAYONNE,SUDOUEST,FRXBY,10:30,FRXJZ
3947,2023-08-13,TARBES,NON,14142,14:27,IC SRO,TOULOUSE MATABIAU,SUDOUEST,FRXYT,12:56,FRXTB
3948,2023-08-13,STRASBOURG,NON,5454,17:04,EST,MASSY TGV,JCESTATL,FRDJU,14:01,FRAEG
3949,2023-08-13,STRASBOURG,OUI,5454,14:58,EST,MEUSE TGV,JCESTATL,FREAJ,14:01,FRAEG
3950,2023-08-13,STRASBOURG,NON,5454,18:40,EST,POITIERS,JCESTATL,FRPIS,14:01,FRAEG
3951,2023-08-13,ANGOULEME,OUI,5454,20:02,EST,BORDEAUX ST JEAN,JCESTATL,FRBOJ,19:25,FRANG
3952,2023-08-13,CHAMPAGNE-ARDENNE,NON,5454,20:02,EST,BORDEAUX ST JEAN,JCESTATL,FRBOJ,15:34,FREAH
3953,2023-08-13,MEUSE TGV,NON,5454,20:02,EST,BORDEAUX ST JEAN,JCESTATL,FRBOJ,15:05,FREAJ
3954,2023-08-13,MEUSE TGV,NON,5454,16:27,EST,MARNE LA VALLEE CHESSY,JCESTATL,FRMLV,15:05,FREAJ
3955,2023-08-13,LORRAINE TGV,NON,5454,17:04,EST,MASSY TGV,JCESTATL,FRDJU,14:39,FREAM
3956,2023-08-13,MARNE LA VALLEE CHESSY,NON,5454,19:22,EST,ANGOULEME,JCESTATL,FRANG,16:32,FRMLV
3957,2023-08-13,AEROPORT CDG2 TGV ROISSY,NON,5454,17:04,EST,MASSY TGV,JCESTATL,FRDJU,16:18,FRMLW
3958,2023-08-13,POITIERS,NON,5454,19:22,EST,ANGOULEME,JCESTATL,FRANG,18:43,FRPIS
3959,2023-08-13,POITIERS,NON,5454,20:02,EST,BORDEAUX ST JEAN,JCESTATL,FRBOJ,18:43,FRPIS
3960,2023-08-13,ST PIERRE DES CORPS,NON,5454,20:02,EST,BORDEAUX ST JEAN,JCESTATL,FRBOJ,18:10,FRXSH
3961,2023-08-13,POITIERS,NON,8437,12:23,ATLANTIQUE,ANGOULEME,PASUDOUEST,FRANG,11:44,FRPIS
3962,2023-08-13,PARIS (intramuros),NON,8437,11:41,ATLANTIQUE,POITIERS,PASUDOUEST,FRPIS,10:03,FRPMO
3963,2023-08-13,SURGERES,OUI,8362,09:26,ATLANTIQUE,NIORT,ROCHELLEPA,FRNIT,09:08,FREIP
3964,2023-08-13,SURGERES,OUI,8362,11:40,ATLANTIQUE,PARIS (intramuros),ROCHELLEPA,FRPMO,09:08,FREIP
3965,2023-08-13,NIORT,OUI,8362,11:40,ATLANTIQUE,PARIS (intramuros),ROCHELLEPA,FRPMO,09:29,FRNIT
3966,2023-08-13,RENNES,NON,8088,20:20,ATLANTIQUE,PARIS (intramuros),BRETAPARIS,FRPMO,18:35,FRRNS
3967,2023-08-13,ST MALO,OUI,8088,18:29,ATLANTIQUE,RENNES,BRETAPARIS,FRRNS,17:42,FRXSB
3968,2023-08-13,BEZIERS,NON,4762,19:32,IC ARO,BORDEAUX ST JEAN,TJOURSESO,FRBOJ,15:46,FRBZR
3969,2023-08-13,BEZIERS,NON,4762,15:59,IC ARO,NARBONNE,TJOURSESO,FRXNA,15:46,FRBZR
3970,2023-08-13,CARCASSONNE,NON,4762,18:26,IC ARO,AGEN,TJOURSESO,FRAGF,16:33,FRCCF
3971,2023-08-13,NIMES,NON,4762,15:59,IC ARO,NARBONNE,TJOURSESO,FRXNA,14:38,FRFNI
3972,2023-08-13,MONTPELLIER SAINT-ROCH,NON,4762,15:43,IC ARO,BEZIERS,TJOURSESO,FRBZR,15:06,FRMPL
3973,2023-08-13,MARSEILLE ST CHARLES,NON,4762,15:43,IC ARO,BEZIERS,TJOURSESO,FRBZR,13:23,FRMSC
3974,2023-08-13,NARBONNE,NON,4762,19:32,IC ARO,BORDEAUX ST JEAN,TJOURSESO,FRBOJ,16:02,FRXNA
3975,2023-08-13,TOULOUSE MATABIAU,OUI,4762,19:32,IC ARO,BORDEAUX ST JEAN,TJOURSESO,FRBOJ,17:24,FRXYT
3976,2023-08-13,NIMES,NON,5062,12:47,NORD,MARNE LA VALLEE CHESSY,JCSUDNORD,FRMLV,09:25,FRFNI
3977,2023-08-13,NIMES,NON,5062,13:01,NORD,AEROPORT CDG2 TGV ROISSY,JCSUDNORD,FRMLW,09:25,FRFNI
3978,2023-08-13,LYON (intramuros),NON,5062,13:01,NORD,AEROPORT CDG2 TGV ROISSY,JCSUDNORD,FRMLW,11:00,FRLPD
3979,2023-08-13,LYON (intramuros),NON,5062,13:34,NORD,TGV HAUTE PICARDIE,JCSUDNORD,FRTHP,11:00,FRLPD
3980,2023-08-13,MONTPELLIER SAINT-ROCH,NON,5062,14:24,NORD,LILLE (intramuros),JCSUDNORD,FRLLE,08:57,FRMPL
3981,2023-08-13,MONTPELLIER SAINT-ROCH,NON,5062,10:53,NORD,LYON (intramuros),JCSUDNORD,FRLPD,08:57,FRMPL
3982,2023-08-13,MONTPELLIER SAINT-ROCH,NON,5062,12:47,NORD,MARNE LA VALLEE CHESSY,JCSUDNORD,FRMLV,08:57,FRMPL
3983,2023-08-13,ARRAS,OUI,5062,14:24,NORD,LILLE (intramuros),JCSUDNORD,FRLLE,14:03,FRQRV
3984,2023-08-13,VALENCE TGV RHONE-ALPES SUD,NON,5062,12:47,NORD,MARNE LA VALLEE CHESSY,JCSUDNORD,FRMLV,10:15,FRVLA
3985,2023-08-13,VALENCE TGV RHONE-ALPES SUD,NON,5062,13:55,NORD,ARRAS,JCSUDNORD,FRQRV,10:15,FRVLA
3986,2023-08-13,LANNION,NON,8690,19:06,ATLANTIQUE,PARIS (intramuros),BRETAPARIS,FRPMO,15:59,FRLAI
3987,2023-08-13,LANNION,OUI,8690,16:38,ATLANTIQUE,ST BRIEUC,BRETAPARIS,FRSBK,15:59,FRLAI
3988,2023-08-13,RENNES,NON,8690,19:06,ATLANTIQUE,PARIS (intramuros),BRETAPARIS,FRPMO,17:35,FRRNS
3989,2023-08-13,PARIS (intramuros),NON,9763,11:30,INTERNATIONAL,GENEVE,PAGENEVE,CHGVA,08:18,FRPLY
3990,2023-08-13,AIX EN PROVENCE TGV,OUI,6132,19:37,SUD EST,AVIGNON TGV,PROVENCEPA,FRAVG,19:18,FRAIE
3991,2023-08-13,AVIGNON TGV,OUI,6132,22:22,SUD EST,PARIS (intramuros),PROVENCEPA,FRPLY,19:40,FRAVG
3992,2023-08-13,BREST,OUI,8646,20:21,ATLANTIQUE,GUINGAMP,BRETAPARIS,FRGGP,19:22,FRBES
3993,2023-08-13,MORLAIX,OUI,8646,20:21,ATLANTIQUE,GUINGAMP,BRETAPARIS,FRGGP,19:55,FRMXN
3994,2023-08-13,PARIS (intramuros),OUI,7371,15:16,NORD,BETHUNE,PAARRAS,FRXBH,13:52,FRPNO
3995,2023-08-13,PARIS (intramuros),OUI,7371,15:03,NORD,LENS,PAARRAS,FRXLE,13:52,FRPNO
3996,2023-08-13,LYON (intramuros),OUI,6634,20:57,SUD EST,LYON (intramuros),RHONEPARIS,FRLPD,20:49,FRLPE
3997,2023-08-13,MONTAUBAN VILLE BOURBON,OUI,8504,09:32,ATLANTIQUE,AGEN,SUDOUESTPA,FRAGF,08:57,FRXMW
3998,2023-08-13,TOULOUSE MATABIAU,OUI,8504,09:32,ATLANTIQUE,AGEN,SUDOUESTPA,FRAGF,08:28,FRXYT
3999,2023-08-13,BREST,OUI,8622,14:36,ATLANTIQUE,ST BRIEUC,BRETAPARIS,FRSBK,13:30,FRBES
4000,2023-08-13,ST BRIEUC,NON,8622,17:08,ATLANTIQUE,PARIS (intramuros),BRETAPARIS,FRPMO,14:40,FRSBK
4001,2023-08-13,AGDE,NON,9715,19:20,SUD EST,NARBONNE,PABARCELONE,FRXNA,18:51,FRXAG
4002,2023-08-13,PARIS (intramuros),NON,9715,18:08,SUD EST,MONTPELLIER SUD DE FRANCE,PABARCELONE,FRSUF,14:56,FRPLY
4003,2023-08-13,VALENCE TGV RHONE-ALPES SUD,NON,9715,18:08,SUD EST,MONTPELLIER SUD DE FRANCE,PABARCELONE,FRSUF,17:09,FRVLA
4004,2023-08-13,MONTPELLIER SUD DE FRANCE,NON,9715,19:20,SUD EST,NARBONNE,PABARCELONE,FRXNA,18:17,FRSUF
4005,2023-08-13,NIMES PONT DU GARD,NON,9715,19:20,SUD EST,NARBONNE,PABARCELONE,FRXNA,17:49,FRXZP
4006,2023-08-13,PARIS (intramuros),NON,9715,20:27,SUD EST,FIGUERES VILA TGV,PABARCELONE,ESFIR,14:56,FRPLY
4007,2023-08-13,MONTPELLIER SUD DE FRANCE,NON,9715,21:25,SUD EST,BARCELONA SANTS,PABARCELONE,ESBST,18:17,FRSUF
4008,2023-08-13,NARBONNE,NON,9715,20:27,SUD EST,FIGUERES VILA TGV,PABARCELONE,ESFIR,19:23,FRXNA
4009,2023-08-13,BEZIERS,NON,9715,20:27,SUD EST,FIGUERES VILA TGV,PABARCELONE,ESFIR,19:06,FRBZR
4010,2023-08-13,SETE,NON,9715,20:27,SUD EST,FIGUERES VILA TGV,PABARCELONE,ESFIR,18:34,FRXSY
4011,2023-08-13,MONTBARD,NON,6711,21:55,SUD EST,MULHOUSE VILLE,PABOUR,FRAEK,19:56,FRGWE
4012,2023-08-13,PARIS (intramuros),NON,8303,13:13,ATLANTIQUE,VENDOME VILLIERS SUR LOIR,PAROCHELLE,FRESL,12:28,FRPMO
4013,2023-08-13,LUCON,NON,3837,22:08,IC SRO,BORDEAUX ST JEAN,NANTEBORDO,FRBOJ,19:00,FRLCN
4014,2023-08-13,LUCON,NON,3837,19:39,IC SRO,LA ROCHELLE VILLE,NANTEBORDO,FRLRH,19:00,FRLCN
4015,2023-08-13,NANTES,NON,3837,22:08,IC SRO,BORDEAUX ST JEAN,NANTEBORDO,FRBOJ,17:55,FRNTE
4016,2023-08-13,LA ROCHE SUR YON,NON,3837,18:58,IC SRO,LUCON,NANTEBORDO,FRLCN,18:36,FRXRO
4017,2023-08-13,SAINTES,NON,3837,22:08,IC SRO,BORDEAUX ST JEAN,NANTEBORDO,FRBOJ,20:34,FRXST
4018,2023-08-13,PARIS (intramuros),OUI,6929,22:05,SUD EST,LYON-SAINT EXUPERY TGV,PAGRENOBLE,FRJDQ,20:14,FRPLY
4019,2023-08-13,DIJON VILLE,NON,9879,17:50,EST,VALENCE TGV RHONE-ALPES SUD,JCRHINRHON,FRVLA,15:21,FRABA
4020,2023-08-13,METZ VILLE,OUI,9879,13:00,EST,STRASBOURG,JCRHINRHON,FRAEG,12:12,FRADE
4021,2023-08-13,STRASBOURG,NON,9879,16:56,EST,LYON (intramuros),JCRHINRHON,FRLPD,13:06,FRAEG
4022,2023-08-13,MULHOUSE VILLE,NON,9879,15:11,EST,DIJON VILLE,JCRHINRHON,FRABA,13:57,FRAEK
4023,2023-08-13,BESANCON - F COMTE TGV,NON,9879,16:56,EST,LYON (intramuros),JCRHINRHON,FRLPD,14:44,FRTJB
4024,2023-08-13,THIONVILLE,NON,9879,16:18,EST,MACON VILLE,JCRHINRHON,FRHGU,11:48,FRXTH
4025,2023-08-13,THIONVILLE,NON,9879,14:41,EST,BESANCON - F COMTE TGV,JCRHINRHON,FRTJB,11:48,FRXTH
4026,2023-08-13,LUXEMBOURG,NON,9879,16:56,EST,LYON (intramuros),JCRHINRHON,FRLPD,11:24,LULUX
4027,2023-08-13,LUXEMBOURG,NON,9879,14:41,EST,BESANCON - F COMTE TGV,JCRHINRHON,FRTJB,11:24,LULUX
4028,2023-08-13,LUXEMBOURG,NON,9879,17:50,EST,VALENCE TGV RHONE-ALPES SUD,JCRHINRHON,FRVLA,11:24,LULUX
4029,2023-08-13,MULHOUSE VILLE,NON,9879,18:53,EST,MONTPELLIER SUD DE FRANCE,JCRHINRHON,FRSUF,13:57,FRAEK
4030,2023-08-13,METZ VILLE,NON,9879,18:53,EST,MONTPELLIER SUD DE FRANCE,JCRHINRHON,FRSUF,12:12,FRADE
4031,2023-08-13,BELFORT-MONTBELIARD TGV,NON,9879,18:53,EST,MONTPELLIER SUD DE FRANCE,JCRHINRHON,FRSUF,14:21,FRTJA
4032,2023-08-13,LYON (intramuros),NON,9879,18:31,EST,NIMES PONT DU GARD,JCRHINRHON,FRXZP,17:10,FRLPD
4033,2023-08-13,STRASBOURG,NON,9879,18:31,EST,NIMES PONT DU GARD,JCRHINRHON,FRXZP,13:06,FRAEG
4034,2023-08-13,PARIS (intramuros),OUI,8035,21:25,ATLANTIQUE,RENNES,PARISBRETA,FRRNS,19:54,FRPMO
4035,2023-08-13,DIJON VILLE,OUI,2242,14:06,EST,BESANCON - F COMTE TGV,JCRHONRHIN,FRTJB,13:37,FRABA
4036,2023-08-13,MULHOUSE VILLE,OUI,2242,15:24,EST,COLMAR,JCRHONRHIN,FRAEJ,15:07,FRAEK
4037,2023-08-13,AVIGNON TGV,NON,2242,15:24,EST,COLMAR,JCRHONRHIN,FRAEJ,10:20,FRAVG
4038,2023-08-13,AVIGNON TGV,NON,2242,14:30,EST,BELFORT-MONTBELIARD TGV,JCRHONRHIN,FRTJA,10:20,FRAVG
4039,2023-08-13,AVIGNON TGV,NON,2242,14:06,EST,BESANCON - F COMTE TGV,JCRHONRHIN,FRTJB,10:20,FRAVG
4040,2023-08-13,MACON VILLE,NON,2242,15:54,EST,STRASBOURG,JCRHONRHIN,FRAEG,12:12,FRHGU
4041,2023-08-13,CANNES,NON,2242,10:17,EST,AVIGNON TGV,JCRHONRHIN,FRAVG,07:30,FRJCA
4042,2023-08-13,CANNES,OUI,2242,07:52,EST,ST RAPHAEL VALESCURE,JCRHONRHIN,FRXSK,07:30,FRJCA
4043,2023-08-13,LYON (intramuros),NON,2242,13:25,EST,DIJON VILLE,JCRHONRHIN,FRABA,11:32,FRLPD
4044,2023-08-13,LYON (intramuros),NON,2242,12:09,EST,MACON VILLE,JCRHONRHIN,FRHGU,11:32,FRLPD
4045,2023-08-13,LYON (intramuros),NON,2242,14:30,EST,BELFORT-MONTBELIARD TGV,JCRHONRHIN,FRTJA,11:32,FRLPD
4046,2023-08-13,LYON (intramuros),NON,2242,12:41,EST,CHALON SUR SAONE,JCRHONRHIN,FRXCD,11:32,FRLPD
4047,2023-08-13,MARSEILLE ST CHARLES,NON,2242,11:26,EST,LYON (intramuros),JCRHONRHIN,FRLPD,09:45,FRMSC
4048,2023-08-13,MARSEILLE ST CHARLES,NON,2242,12:41,EST,CHALON SUR SAONE,JCRHONRHIN,FRXCD,09:45,FRMSC
4049,2023-08-13,NICE VILLE,NON,2242,12:09,EST,MACON VILLE,JCRHONRHIN,FRHGU,07:00,FRNIC
4050,2023-08-13,NICE VILLE,NON,2242,11:26,EST,LYON (intramuros),JCRHONRHIN,FRLPD,07:00,FRNIC
4051,2023-08-13,BESANCON - F COMTE TGV,OUI,2242,14:55,EST,MULHOUSE VILLE,JCRHONRHIN,FRAEK,14:09,FRTJB
4052,2023-08-13,TOULON,NON,2242,15:24,EST,COLMAR,JCRHONRHIN,FRAEJ,08:50,FRTLN
4053,2023-08-13,ANTIBES,NON,2242,11:26,EST,LYON (intramuros),JCRHONRHIN,FRLPD,07:16,FRXAT
4054,2023-08-13,ANTIBES,NON,2242,13:03,EST,BEAUNE,JCRHONRHIN,FRXBV,07:16,FRXAT
4055,2023-08-13,LES ARCS DRAGUIGNAN,NON,2242,13:25,EST,DIJON VILLE,JCRHONRHIN,FRABA,08:12,FRXRS
4056,2023-08-13,LES ARCS DRAGUIGNAN,NON,2242,15:24,EST,COLMAR,JCRHONRHIN,FRAEJ,08:12,FRXRS
4057,2023-08-13,LES ARCS DRAGUIGNAN,NON,2242,12:41,EST,CHALON SUR SAONE,JCRHONRHIN,FRXCD,08:12,FRXRS
4058,2023-08-13,ST RAPHAEL VALESCURE,NON,2242,14:55,EST,MULHOUSE VILLE,JCRHONRHIN,FRAEK,07:55,FRXSK
4059,2023-08-13,ST RAPHAEL VALESCURE,NON,2242,12:09,EST,MACON VILLE,JCRHONRHIN,FRHGU,07:55,FRXSK
4060,2023-08-13,ST RAPHAEL VALESCURE,NON,2242,11:26,EST,LYON (intramuros),JCRHONRHIN,FRLPD,07:55,FRXSK
4061,2023-08-13,ST RAPHAEL VALESCURE,NON,2242,12:41,EST,CHALON SUR SAONE,JCRHONRHIN,FRXCD,07:55,FRXSK
4062,2023-08-13,LES ARCS DRAGUIGNAN,NON,2242,14:06,EST,BESANCON - F COMTE TGV,JCRHONRHIN,FRTJB,08:12,FRXRS
4063,2023-08-13,ANTIBES,NON,2242,14:06,EST,BESANCON - F COMTE TGV,JCRHONRHIN,FRTJB,07:16,FRXAT
4064,2023-08-13,ANGOULEME,NON,9406,11:20,EST,MASSY TGV,JCATLEST,FRDJU,09:07,FRANG
4065,2023-08-13,BORDEAUX ST JEAN,NON,9406,14:29,EST,STRASBOURG,JCATLEST,FRAEG,08:29,FRBOJ
4066,2023-08-13,BORDEAUX ST JEAN,NON,9406,11:20,EST,MASSY TGV,JCATLEST,FRDJU,08:29,FRBOJ
4067,2023-08-13,BORDEAUX ST JEAN,NON,9406,13:23,EST,MEUSE TGV,JCATLEST,FREAJ,08:29,FRBOJ
4068,2023-08-13,MASSY TGV,NON,9406,14:29,EST,STRASBOURG,JCATLEST,FRAEG,11:26,FRDJU
4069,2023-08-13,MARNE LA VALLEE CHESSY,NON,9406,12:55,EST,CHAMPAGNE-ARDENNE,JCATLEST,FREAH,12:01,FRMLV
4070,2023-08-13,MARNE LA VALLEE CHESSY,NON,9406,13:49,EST,LORRAINE TGV,JCATLEST,FREAM,12:01,FRMLV
4071,2023-08-13,AEROPORT CDG2 TGV ROISSY,NON,9406,13:49,EST,LORRAINE TGV,JCATLEST,FREAM,12:26,FRMLW
4072,2023-08-13,POITIERS,NON,9406,14:29,EST,STRASBOURG,JCATLEST,FRAEG,09:48,FRPIS
4073,2023-08-13,POITIERS,NON,9406,12:11,EST,AEROPORT CDG2 TGV ROISSY,JCATLEST,FRMLW,09:48,FRPIS
4074,2023-08-13,STRASBOURG,OUI,9406,15:07,EST,LAHR SCHWARZW,JCATLEST,DEANL,14:35,FRAEG
4075,2023-08-13,OFFENBOURG/OFFENBURG,OUI,9406,15:07,EST,LAHR SCHWARZW,JCATLEST,DEANL,14:56,DEZPA
4076,2023-08-13,LAHR SCHWARZW,OUI,9406,15:43,EST,FREIBURG BREISGAU HBF,JCATLEST,DEFGB,15:08,DEANL
4077,2023-08-13,STRASBOURG,OUI,9406,15:17,EST,RINGSHEIM/EU-PARK,JCATLEST,DERSH,14:35,FRAEG
4078,2023-08-13,ST PIERRE DES CORPS,NON,9406,15:43,EST,FREIBURG BREISGAU HBF,JCATLEST,DEFGB,10:26,FRXSH
4079,2023-08-13,MASSY TGV,NON,9406,15:17,EST,RINGSHEIM/EU-PARK,JCATLEST,DERSH,11:26,FRDJU
4080,2023-08-13,POITIERS,NON,9406,14:55,EST,OFFENBOURG/OFFENBURG,JCATLEST,DEZPA,09:48,FRPIS
4081,2023-08-13,BORDEAUX ST JEAN,NON,9406,15:07,EST,LAHR SCHWARZW,JCATLEST,DEANL,08:29,FRBOJ
4082,2023-08-13,PARIS (intramuros),NON,7015,09:48,NORD,LILLE (intramuros),PALILLE,FRADJ,08:46,FRPNO
4083,2023-08-13,AVIGNON TGV,OUI,6103,10:41,SUD EST,AIX EN PROVENCE TGV,PAPROVENCE,FRAIE,10:20,FRAVG
4084,2023-08-13,PARIS (intramuros),NON,6103,10:41,SUD EST,AIX EN PROVENCE TGV,PAPROVENCE,FRAIE,07:38,FRPLY
4085,2023-08-13,PARIS (intramuros),NON,6103,10:56,SUD EST,MARSEILLE ST CHARLES,PAPROVENCE,FRMSC,07:38,FRPLY
4086,2023-08-13,ANNECY,OUI,6984,22:17,SUD EST,PARIS (intramuros),ALPESPARIS,FRPLY,18:31,FRNCY
4087,2023-08-13,BORDEAUX ST JEAN,NON,8537,14:41,ATLANTIQUE,ST JEAN DE LUZ CIBOURE,PASUDOUEST,FRXJZ,12:20,FRBOJ
4088,2023-08-13,PARIS (intramuros),NON,6609,12:10,SUD EST,LYON (intramuros),PARISRHONE,FRLPE,10:00,FRPLY
4089,2023-08-13,DOL DE BRETAGNE,OUI,8083,12:17,ATLANTIQUE,ST MALO,PARISBRETA,FRXSB,12:04,FRDOL
4090,2023-08-13,PARIS (intramuros),NON,8083,11:25,ATLANTIQUE,RENNES,PARISBRETA,FRRNS,09:54,FRPMO
4091,2023-08-13,LAVAL,OUI,8074,17:46,ATLANTIQUE,LE MANS,BRETAPARIS,FRAET,17:18,FRACR
4092,2023-08-13,CHARLEVILLE MEZIERES,OUI,2754,16:45,EST,RETHEL,SEDBARPA,FRBDT,16:17,FRXCZ
4093,2023-08-13,PARIS (intramuros),NON,2407,08:38,EST,CHAMPAGNE-ARDENNE,PASTRAMULH,FREAH,07:58,FRPST
4094,2023-08-13,PARIS (intramuros),NON,2407,09:05,EST,MEUSE TGV,PASTRAMULH,FREAJ,07:58,FRPST
4095,2023-08-13,SAUMUR,NON,4504,18:38,IC SRO,NANTES,JOURLYNNTE,FRNTE,17:31,FRACN
4096,2023-08-13,BOURGES,NON,4504,18:38,IC SRO,NANTES,JOURLYNNTE,FRNTE,15:30,FRBOU
4097,2023-08-13,LYON (intramuros),NON,4504,13:43,IC SRO,ST GERMAIN DES FOSSES,JOURLYNNTE,FRSGF,12:00,FRLPD
4098,2023-08-13,LYON (intramuros),NON,4504,17:29,IC SRO,SAUMUR,JOURLYNNTE,FRACN,11:47,FRLPE
4099,2023-08-13,LYON (intramuros),NON,4504,11:55,IC SRO,LYON (intramuros),JOURLYNNTE,FRLPD,11:47,FRLPE
4100,2023-08-13,LYON (intramuros),NON,4504,16:55,IC SRO,ST PIERRE DES CORPS,JOURLYNNTE,FRXSH,11:47,FRLPE
4101,2023-08-13,ROANNE,NON,4504,15:49,IC SRO,VIERZON VILLE,JOURLYNNTE,FRXVZ,13:06,FRRNE
4102,2023-08-13,ST GERMAIN DES FOSSES,NON,4504,17:52,IC SRO,ANGERS ST LAUD,JOURLYNNTE,FRACL,13:45,FRSGF
4103,2023-08-13,MOULINS SUR ALLIER,NON,4504,15:28,IC SRO,BOURGES,JOURLYNNTE,FRBOU,14:07,FRXMU
4104,2023-08-13,MOULINS SUR ALLIER,NON,4504,18:38,IC SRO,NANTES,JOURLYNNTE,FRNTE,14:07,FRXMU
4105,2023-08-13,MOULINS SUR ALLIER,NON,4504,14:36,IC SRO,NEVERS,JOURLYNNTE,FRNVS,14:07,FRXMU
4106,2023-08-13,LE MANS,NON,8871,12:54,ATLANTIQUE,NANTES,PARISLOIRE,FRNTE,11:36,FRAET
4107,2023-08-13,LE MANS,OUI,8142,13:25,ATLANTIQUE,PARIS (intramuros),LOIREPARIS,FRPMO,12:26,FRAET
4108,2023-08-13,NANTES,OUI,8142,13:25,ATLANTIQUE,PARIS (intramuros),LOIREPARIS,FRPMO,11:05,FRNTE
4109,2023-08-13,RIOM CHATEL GUYON,NON,5986,19:58,IC ARO,NEVERS,CLERMONTPA,FRNVS,18:42,FRRIO
4110,2023-08-13,VICHY,NON,5986,21:57,IC ARO,PARIS (intramuros),CLERMONTPA,FRPBE,19:06,FRVHY
4111,2023-08-13,MOULINS SUR ALLIER,NON,5986,19:58,IC ARO,NEVERS,CLERMONTPA,FRNVS,19:31,FRXMU
4112,2023-08-13,PARIS (intramuros),OUI,6919,17:13,SUD EST,GRENOBLE,PAGRENOBLE,FRGNB,14:14,FRPLY
4113,2023-08-13,PARIS (intramuros),OUI,6919,16:05,SUD EST,LYON-SAINT EXUPERY TGV,PAGRENOBLE,FRJDQ,14:14,FRPLY
4114,2023-08-13,LYON (intramuros),OUI,6689,21:48,SUD EST,ST ETIENNE CHATEAUCREUX,PARISRHONE,FRHHD,21:06,FRLPD
4115,2023-08-13,PARIS (intramuros),OUI,6689,21:48,SUD EST,ST ETIENNE CHATEAUCREUX,PARISRHONE,FRHHD,19:00,FRPLY
4116,2023-08-13,PARIS (intramuros),OUI,6613,13:10,SUD EST,LE CREUSOT MONTCEAU MONTCHANIN,PARISRHONE,FRXCC,11:52,FRPLY
4117,2023-08-13,CANNES,OUI,6852,19:14,SUD EST,TOULON,JCSUDPROV,FRTLN,17:59,FRJCA
4118,2023-08-13,CANNES,NON,6852,21:27,SUD EST,VALENCE TGV RHONE-ALPES SUD,JCSUDPROV,FRVLA,17:59,FRJCA
4119,2023-08-13,MARSEILLE ST CHARLES,NON,6852,22:14,SUD EST,LYON (intramuros),JCSUDPROV,FRLPD,20:18,FRMSC
4120,2023-08-13,NICE VILLE,OUI,6852,17:55,SUD EST,CANNES,JCSUDPROV,FRJCA,17:27,FRNIC
4121,2023-08-13,NICE VILLE,NON,6852,22:14,SUD EST,LYON (intramuros),JCSUDPROV,FRLPD,17:27,FRNIC
4122,2023-08-13,TOULON,NON,6852,22:14,SUD EST,LYON (intramuros),JCSUDPROV,FRLPD,19:18,FRTLN
4123,2023-08-13,VALENCE TGV RHONE-ALPES SUD,OUI,6852,22:14,SUD EST,LYON (intramuros),JCSUDPROV,FRLPD,21:30,FRVLA
4124,2023-08-13,ANTIBES,NON,6852,20:52,SUD EST,AVIGNON TGV,JCSUDPROV,FRAVG,17:45,FRXAT
4125,2023-08-13,ANTIBES,OUI,6852,18:21,SUD EST,ST RAPHAEL VALESCURE,JCSUDPROV,FRXSK,17:45,FRXAT
4126,2023-08-13,LES ARCS DRAGUIGNAN,NON,6852,20:29,SUD EST,AIX EN PROVENCE TGV,JCSUDPROV,FRAIE,18:40,FRXRS
4127,2023-08-13,ST RAPHAEL VALESCURE,NON,6852,20:29,SUD EST,AIX EN PROVENCE TGV,JCSUDPROV,FRAIE,18:24,FRXSK
4128,2023-08-13,LILLE (intramuros),NON,5240,20:40,NORD,POITIERS,JCNORDAQUI,FRPIS,17:16,FRADJ
4129,2023-08-13,MARNE LA VALLEE CHESSY,NON,5240,21:21,NORD,ANGOULEME,JCNORDAQUI,FRANG,18:32,FRMLV
4130,2023-08-13,MARNE LA VALLEE CHESSY,NON,5240,20:40,NORD,POITIERS,JCNORDAQUI,FRPIS,18:32,FRMLV
4131,2023-08-13,AEROPORT CDG2 TGV ROISSY,NON,5240,21:21,NORD,ANGOULEME,JCNORDAQUI,FRANG,18:18,FRMLW
4132,2023-08-13,AEROPORT CDG2 TGV ROISSY,NON,5240,20:40,NORD,POITIERS,JCNORDAQUI,FRPIS,18:18,FRMLW
4133,2023-08-13,GENEVE,NON,9764,11:42,INTERNATIONAL,PARIS (intramuros),GENEVEPA,FRPLY,08:29,CHGVA
4134,2023-08-13,NURIEUX,NON,9764,11:42,INTERNATIONAL,PARIS (intramuros),GENEVEPA,FRPLY,09:25,FRHQN
4135,2023-08-13,STRASBOURG,NON,9571,10:05,INTERNATIONAL,STUTTGART HBF,PASTUTMUN,DESGT,08:46,FRAEG
4136,2023-08-13,FACTURE BIGANOS,OUI,8473,14:10,ATLANTIQUE,ARCACHON,PASUDOUEST,FRXAC,13:49,FRFAC
4137,2023-08-13,PARIS (intramuros),NON,8473,13:46,ATLANTIQUE,FACTURE BIGANOS,PASUDOUEST,FRFAC,11:08,FRPMO
4138,2023-08-13,PARIS (intramuros),NON,8473,14:10,ATLANTIQUE,ARCACHON,PASUDOUEST,FRXAC,11:08,FRPMO
4139,2023-08-13,AIX EN PROVENCE TGV,OUI,6112,09:39,SUD EST,AVIGNON TGV,PROVENCEPA,FRAVG,09:18,FRAIE
4140,2023-08-13,AVIGNON TGV,OUI,6112,12:22,SUD EST,PARIS (intramuros),PROVENCEPA,FRPLY,09:42,FRAVG
4141,2023-08-13,PARIS (intramuros),OUI,7363,12:04,NORD,DUNKERQUE,PAARRAS,FRADI,09:52,FRPNO
4142,2023-08-13,PARIS (intramuros),NON,9223,21:03,INTERNATIONAL,MULHOUSE VILLE,PABALZUR,FRAEK,18:22,FRPLY
4143,2023-08-13,AVIGNON CENTRE,OUI,6195,21:18,SUD EST,ARLES,PAVDR,FRHZA,21:00,FRAES
4144,2023-08-13,LYON-SAINT EXUPERY TGV,OUI,6195,20:57,SUD EST,AVIGNON CENTRE,PAVDR,FRAES,19:13,FRJDQ
4145,2023-08-13,LYON-SAINT EXUPERY TGV,OUI,6195,20:10,SUD EST,MONTELIMAR GARE SNCF,PAVDR,FRXMK,19:13,FRJDQ
4146,2023-08-13,PARIS (intramuros),OUI,6195,19:01,SUD EST,LYON-SAINT EXUPERY TGV,PAVDR,FRJDQ,17:13,FRPLY
4147,2023-08-13,VALENCE VILLE,OUI,6195,20:38,SUD EST,ORANGE,PAVDR,FRXOG,19:49,FRVAF
4148,2023-08-13,MONTELIMAR GARE SNCF,OUI,6195,21:40,SUD EST,MIRAMAS,PAVDR,FRMAZ,20:13,FRXMK
4149,2023-08-13,LILLE (intramuros),NON,9830,17:00,NORD,LYON (intramuros),JCNORDSUD,FRLPD,14:03,FRLLE
4150,2023-08-13,AEROPORT CDG2 TGV ROISSY,NON,9830,18:13,NORD,AVIGNON TGV,JCNORDSUD,FRAVG,14:59,FRMLW
4151,2023-08-13,DIJON VILLE,OUI,6743,16:58,SUD EST,DOLE VILLE,PABOUR,FRACE,16:35,FRABA
4152,2023-08-13,SAVERDUN,NON,3972,07:19,IC NUIT,PARIS (intramuros),PALOMBEPAR,FRPAZ,21:34,FRFPU
4153,2023-08-13,AUTERIVE,NON,3972,07:19,IC NUIT,PARIS (intramuros),PALOMBEPAR,FRPAZ,21:46,FRFPW
4154,2023-08-13,PAMIERS,NON,3972,06:08,IC NUIT,LES AUBRAIS ORLEANS,PALOMBEPAR,FRLAB,21:21,FRPMS
4155,2023-08-13,AX LES THERMES,NON,3972,07:19,IC NUIT,PARIS (intramuros),PALOMBEPAR,FRPAZ,20:15,FRXLT
4156,2023-08-13,LATOUR DE CAROL ENVEITG,NON,3972,06:08,IC NUIT,LES AUBRAIS ORLEANS,PALOMBEPAR,FRLAB,19:15,FRXTE
4157,2023-08-13,LUZENAC GARANOU,NON,3972,07:19,IC NUIT,PARIS (intramuros),PALOMBEPAR,FRPAZ,20:27,FRFQI
4158,2023-08-13,POITIERS,NON,8432,08:50,ATLANTIQUE,ST PIERRE DES CORPS,SUDOUESTPA,FRXSH,08:19,FRPIS
4159,2023-08-13,DIJON VILLE,OUI,9279,14:42,INTERNATIONAL,FRASNE,PASUIS,FRFRA,13:35,FRABA
4160,2023-08-13,PARIS (intramuros),NON,9279,13:58,INTERNATIONAL,DOLE VILLE,PASUIS,FRACE,11:56,FRPLY
4161,2023-08-13,LA ROCHELLE VILLE,OUI,8364,17:40,ATLANTIQUE,NIORT,ROCHELLEPA,FRNIT,17:01,FRLRH
4162,2023-08-13,LAVAL,OUI,5280,15:49,NORD,LILLE (intramuros),JCBRETNORD,FRLLE,12:28,FRACR
4163,2023-08-13,LAVAL,OUI,5280,14:41,NORD,AEROPORT CDG2 TGV ROISSY,JCBRETNORD,FRMLW,12:28,FRACR
4164,2023-08-13,MASSY TGV,OUI,5280,14:27,NORD,MARNE LA VALLEE CHESSY,JCBRETNORD,FRMLV,13:55,FRDJU
4165,2023-08-13,AEROPORT CDG2 TGV ROISSY,OUI,5280,15:49,NORD,LILLE (intramuros),JCBRETNORD,FRLLE,14:58,FRMLW
4166,2023-08-13,RENNES,OUI,5280,13:49,NORD,MASSY TGV,JCBRETNORD,FRDJU,12:00,FRRNS
4167,2023-08-13,ARGENTON SUR CREUSE,OUI,3685,00:01,IC ARO,BRIVE LA GAILLARDE,PALITO,FRBVE,21:57,FRFMT
4168,2023-08-13,LA SOUTERRAINE,OUI,3685,00:01,IC ARO,BRIVE LA GAILLARDE,PALITO,FRBVE,22:23,FRLST
4169,2023-08-13,PARIS (intramuros),OUI,3685,22:55,IC ARO,LIMOGES BENEDICTINS,PALITO,FRAGQ,19:39,FRPAZ
4170,2023-08-13,PARIS (intramuros),OUI,7571,15:43,NORD,CALAIS FRETHUN,PAARRAS,FRSTH,13:52,FRPNO
4171,2023-08-13,VALLORBE,NON,9268,13:13,INTERNATIONAL,FRASNE,SUISPA,FRFRA,13:00,CHAGL
4172,2023-08-13,FRASNE,OUI,9268,14:24,INTERNATIONAL,DIJON VILLE,SUISPA,FRABA,13:15,FRFRA
4173,2023-08-13,ANGERS ST LAUD,NON,4406,18:35,IC SRO,NEVERS,JOURNTELYN,FRNVS,15:28,FRACL
4174,2023-08-13,SAUMUR,NON,4406,19:34,IC SRO,ST GERMAIN DES FOSSES,JOURNTELYN,FRSGF,15:53,FRACN
4175,2023-08-13,SAUMUR,NON,4406,19:12,IC SRO,MOULINS SUR ALLIER,JOURNTELYN,FRXMU,15:53,FRACN
4176,2023-08-13,SAUMUR,NON,4406,17:38,IC SRO,VIERZON VILLE,JOURNTELYN,FRXVZ,15:53,FRACN
4177,2023-08-13,NANTES,NON,4406,21:18,IC SRO,LYON (intramuros),JOURNTELYN,FRLPD,14:47,FRNTE
4178,2023-08-13,NANTES,NON,4406,20:13,IC SRO,ROANNE,JOURNTELYN,FRRNE,14:47,FRNTE
4179,2023-08-13,NEVERS,NON,4406,20:13,IC SRO,ROANNE,JOURNTELYN,FRRNE,18:45,FRNVS
4180,2023-08-13,NEVERS,NON,4406,19:34,IC SRO,ST GERMAIN DES FOSSES,JOURNTELYN,FRSGF,18:45,FRNVS
4181,2023-08-13,NEVERS,NON,4406,19:12,IC SRO,MOULINS SUR ALLIER,JOURNTELYN,FRXMU,18:45,FRNVS
4182,2023-08-13,ST PIERRE DES CORPS,NON,4406,18:35,IC SRO,NEVERS,JOURNTELYN,FRNVS,16:35,FRXSH
4183,2023-08-13,ST PIERRE DES CORPS,NON,4406,20:13,IC SRO,ROANNE,JOURNTELYN,FRRNE,16:35,FRXSH
4184,2023-08-13,VIERZON VILLE,NON,4406,20:13,IC SRO,ROANNE,JOURNTELYN,FRRNE,17:40,FRXVZ
4185,2023-08-13,CHAMPAGNE-ARDENNE,OUI,2785,21:19,EST,BAR LE DUC,PABARSED,FRXBD,20:11,FREAH
4186,2023-08-13,CHAMPAGNE-ARDENNE,OUI,2785,20:32,EST,CHALONS EN CHAMPAGNE,PABARSED,FRXCR,20:11,FREAH
4187,2023-08-13,PARIS (intramuros),OUI,2785,20:08,EST,CHAMPAGNE-ARDENNE,PABARSED,FREAH,19:28,FRPST
4188,2023-08-13,CHALONS EN CHAMPAGNE,OUI,2785,21:19,EST,BAR LE DUC,PABARSED,FRXBD,20:35,FRXCR
4189,2023-08-13,AGEN,NON,4760,17:33,IC ARO,BORDEAUX ST JEAN,TJOURSESO,FRBOJ,16:27,FRAGF
4190,2023-08-13,CARCASSONNE,NON,4760,15:48,IC ARO,MONTAUBAN VILLE BOURBON,TJOURSESO,FRXMW,14:34,FRCCF
4191,2023-08-13,CARCASSONNE,NON,4760,15:16,IC ARO,TOULOUSE MATABIAU,TJOURSESO,FRXYT,14:34,FRCCF
4192,2023-08-13,ARLES,NON,4760,15:48,IC ARO,MONTAUBAN VILLE BOURBON,TJOURSESO,FRXMW,12:09,FRHZA
4193,2023-08-13,ARLES,NON,4760,14:01,IC ARO,NARBONNE,TJOURSESO,FRXNA,12:09,FRHZA
4194,2023-08-13,MONTPELLIER SAINT-ROCH,NON,4760,16:25,IC ARO,AGEN,TJOURSESO,FRAGF,13:06,FRMPL
4195,2023-08-13,MONTPELLIER SAINT-ROCH,NON,4760,14:32,IC ARO,CARCASSONNE,TJOURSESO,FRCCF,13:06,FRMPL
4196,2023-08-13,MONTPELLIER SAINT-ROCH,NON,4760,15:48,IC ARO,MONTAUBAN VILLE BOURBON,TJOURSESO,FRXMW,13:06,FRMPL
4197,2023-08-13,MONTPELLIER SAINT-ROCH,NON,4760,15:16,IC ARO,TOULOUSE MATABIAU,TJOURSESO,FRXYT,13:06,FRMPL
4198,2023-08-13,MARSEILLE ST CHARLES,NON,4760,14:32,IC ARO,CARCASSONNE,TJOURSESO,FRCCF,11:24,FRMSC
4199,2023-08-13,MONTAUBAN VILLE BOURBON,NON,4760,16:25,IC ARO,AGEN,TJOURSESO,FRAGF,15:50,FRXMW
4200,2023-08-13,NARBONNE,NON,4760,15:16,IC ARO,TOULOUSE MATABIAU,TJOURSESO,FRXYT,14:04,FRXNA
4201,2023-08-13,SETE,NON,4760,14:01,IC ARO,NARBONNE,TJOURSESO,FRXNA,13:24,FRXSY
4202,2023-08-13,SETE,NON,4760,15:16,IC ARO,TOULOUSE MATABIAU,TJOURSESO,FRXYT,13:24,FRXSY
4203,2023-08-13,TOURS,OUI,8324,22:33,ATLANTIQUE,PARIS (intramuros),ROCHELLEPA,FRPMO,21:16,FRAFW
4204,2023-08-13,ST PIERRE DES CORPS,OUI,8324,22:33,ATLANTIQUE,PARIS (intramuros),ROCHELLEPA,FRPMO,21:24,FRXSH
4205,2023-08-13,LE MANS,OUI,8926,20:29,ATLANTIQUE,PARIS (intramuros),LOIREPARIS,FRPMO,19:31,FRAET
4206,2023-08-13,LE CROISIC,OUI,8926,18:41,ATLANTIQUE,ANGERS ST LAUD,LOIREPARIS,FRACL,16:55,FREGU
4207,2023-08-13,LE CROISIC,OUI,8926,17:59,ATLANTIQUE,NANTES,LOIREPARIS,FRNTE,16:55,FREGU
4208,2023-08-13,LA BAULE ESCOUBLAC,OUI,8926,17:21,ATLANTIQUE,ST NAZAIRE,LOIREPARIS,FRSNR,17:07,FRJEE
4209,2023-08-13,NANTES,OUI,8926,19:04,ATLANTIQUE,SABLE SUR SARTHE,LOIREPARIS,FRSAB,18:05,FRNTE
4210,2023-08-13,ST NAZAIRE,OUI,8926,19:28,ATLANTIQUE,LE MANS,LOIREPARIS,FRAET,17:24,FRSNR
4211,2023-08-13,LAVAL,NON,8623,17:33,ATLANTIQUE,GUINGAMP,PARISBRETA,FRGGP,16:00,FRACR
4212,2023-08-13,LAVAL,NON,8623,16:25,ATLANTIQUE,RENNES,PARISBRETA,FRRNS,16:00,FRACR
4213,2023-08-13,MORLAIX,OUI,8623,18:37,ATLANTIQUE,BREST,PARISBRETA,FRBES,18:04,FRMXN
4214,2023-08-13,RENNES,NON,8623,18:37,ATLANTIQUE,BREST,PARISBRETA,FRBES,16:32,FRRNS
4215,2023-08-13,VEYNES DEVOLUY,OUI,5790,07:54,IC NUIT,PARIS (intramuros),BRIANCONPA,FRPAZ,22:07,FRVDY
4216,2023-08-13,PARIS (intramuros),OUI,8495,23:16,ATLANTIQUE,LIBOURNE,PASUDOUEST,FRXLR,20:24,FRPMO
4217,2023-08-13,ANGOULEME,NON,2092,14:29,EST,STRASBOURG,JCATLEST,FRAEG,09:07,FRANG
4218,2023-08-13,ANGOULEME,NON,2092,12:55,EST,CHAMPAGNE-ARDENNE,JCATLEST,FREAH,09:07,FRANG
4219,2023-08-13,BORDEAUX ST JEAN,NON,2092,11:57,EST,MARNE LA VALLEE CHESSY,JCATLEST,FRMLV,08:29,FRBOJ
4220,2023-08-13,MASSY TGV,NON,2092,14:29,EST,STRASBOURG,JCATLEST,FRAEG,11:26,FRDJU
4221,2023-08-13,CHAMPAGNE-ARDENNE,NON,2092,13:23,EST,MEUSE TGV,JCATLEST,FREAJ,12:58,FREAH
4222,2023-08-13,LORRAINE TGV,OUI,2092,14:29,EST,STRASBOURG,JCATLEST,FRAEG,13:52,FREAM
4223,2023-08-13,MARNE LA VALLEE CHESSY,NON,2092,13:49,EST,LORRAINE TGV,JCATLEST,FREAM,12:01,FRMLV
4224,2023-08-13,POITIERS,NON,2092,13:23,EST,MEUSE TGV,JCATLEST,FREAJ,09:48,FRPIS
4225,2023-08-13,POITIERS,NON,2092,13:49,EST,LORRAINE TGV,JCATLEST,FREAM,09:48,FRPIS
4226,2023-08-13,POITIERS,NON,2092,10:18,EST,ST PIERRE DES CORPS,JCATLEST,FRXSH,09:48,FRPIS
4227,2023-08-13,ST PIERRE DES CORPS,NON,2092,12:55,EST,CHAMPAGNE-ARDENNE,JCATLEST,FREAH,10:26,FRXSH
4228,2023-08-13,ST PIERRE DES CORPS,NON,2092,13:49,EST,LORRAINE TGV,JCATLEST,FREAM,10:26,FRXSH
4229,2023-08-13,SAUMUR,OUI,5358,23:09,SUD EST,NANTES,JCSUDATL,FRNTE,22:08,FRACN
4230,2023-08-13,MASSY TGV,OUI,5358,21:31,SUD EST,ST PIERRE DES CORPS,JCSUDATL,FRXSH,20:38,FRDJU
4231,2023-08-13,LYON (intramuros),NON,5358,22:05,SUD EST,SAUMUR,JCSUDATL,FRACN,18:30,FRLPD
4232,2023-08-13,LYON (intramuros),NON,5358,21:31,SUD EST,ST PIERRE DES CORPS,JCSUDATL,FRXSH,18:30,FRLPD
4233,2023-08-13,VALENCE TGV RHONE-ALPES SUD,NON,5358,22:05,SUD EST,SAUMUR,JCSUDATL,FRACN,17:42,FRVLA
4234,2023-08-13,MONTPELLIER SUD DE FRANCE,NON,5358,22:29,SUD EST,ANGERS ST LAUD,JCSUDATL,FRACL,16:40,FRSUF
4235,2023-08-13,MONTPELLIER SUD DE FRANCE,NON,5358,23:09,SUD EST,NANTES,JCSUDATL,FRNTE,16:40,FRSUF
4236,2023-08-13,MONTPELLIER SUD DE FRANCE,OUI,5358,16:58,SUD EST,NIMES PONT DU GARD,JCSUDATL,FRXZP,16:40,FRSUF
4237,2023-08-13,NIMES PONT DU GARD,NON,5358,22:29,SUD EST,ANGERS ST LAUD,JCSUDATL,FRACL,17:01,FRXZP
4238,2023-08-13,STRASBOURG,NON,5486,10:34,EST,MASSY TGV,JCESTATL,FRDJU,07:31,FRAEG
4239,2023-08-13,STRASBOURG,NON,5486,09:28,EST,AEROPORT CDG2 TGV ROISSY,JCESTATL,FRMLW,07:31,FRAEG
4240,2023-08-13,MASSY TGV,NON,5486,12:36,EST,ANGERS ST LAUD,JCESTATL,FRACL,10:38,FRDJU
4241,2023-08-13,CHAMPAGNE-ARDENNE,NON,5486,10:34,EST,MASSY TGV,JCESTATL,FRDJU,08:58,FREAH
4242,2023-08-13,LORRAINE TGV,NON,5486,09:28,EST,AEROPORT CDG2 TGV ROISSY,JCESTATL,FRMLW,08:09,FREAM
4243,2023-08-13,LORRAINE TGV,NON,5486,11:32,EST,ST PIERRE DES CORPS,JCESTATL,FRXSH,08:09,FREAM
4244,2023-08-13,MARNE LA VALLEE CHESSY,NON,5486,10:34,EST,MASSY TGV,JCESTATL,FRDJU,10:02,FRMLV
4245,2023-08-13,MARNE LA VALLEE CHESSY,NON,5486,13:19,EST,NANTES,JCESTATL,FRNTE,10:02,FRMLV
4246,2023-08-13,AEROPORT CDG2 TGV ROISSY,NON,5486,12:36,EST,ANGERS ST LAUD,JCESTATL,FRACL,09:45,FRMLW
4247,2023-08-13,RIOM CHATEL GUYON,OUI,5982,18:58,IC ARO,NEVERS,CLERMONTPA,FRNVS,17:42,FRRIO
4248,2023-08-13,RIOM CHATEL GUYON,OUI,5982,18:04,IC ARO,VICHY,CLERMONTPA,FRVHY,17:42,FRRIO
4249,2023-08-13,VICHY,OUI,5982,18:29,IC ARO,MOULINS SUR ALLIER,CLERMONTPA,FRXMU,18:06,FRVHY
4250,2023-08-13,ANGERS ST LAUD,NON,4402,13:10,IC SRO,LYON (intramuros),JOURNTELYN,FRLPD,07:10,FRACL
4251,2023-08-13,ANGERS ST LAUD,NON,4402,12:05,IC SRO,ROANNE,JOURNTELYN,FRRNE,07:10,FRACL
4252,2023-08-13,ANGERS ST LAUD,NON,4402,11:26,IC SRO,ST GERMAIN DES FOSSES,JOURNTELYN,FRSGF,07:10,FRACL
4253,2023-08-13,ANGERS ST LAUD,NON,4402,11:05,IC SRO,MOULINS SUR ALLIER,JOURNTELYN,FRXMU,07:10,FRACL
4254,2023-08-13,BOURGES,NON,4402,13:10,IC SRO,LYON (intramuros),JOURNTELYN,FRLPD,09:46,FRBOU
4255,2023-08-13,BOURGES,NON,4402,12:05,IC SRO,ROANNE,JOURNTELYN,FRRNE,09:46,FRBOU
4256,2023-08-13,NANTES,NON,4402,12:05,IC SRO,ROANNE,JOURNTELYN,FRRNE,06:26,FRNTE
4257,2023-08-13,NANTES,NON,4402,08:05,IC SRO,ST PIERRE DES CORPS,JOURNTELYN,FRXSH,06:26,FRNTE
4258,2023-08-13,ST GERMAIN DES FOSSES,NON,4402,13:22,IC SRO,LYON (intramuros),JOURNTELYN,FRLPE,11:28,FRSGF
4259,2023-08-13,MOULINS SUR ALLIER,NON,4402,13:22,IC SRO,LYON (intramuros),JOURNTELYN,FRLPE,11:07,FRXMU
4260,2023-08-13,ST PIERRE DES CORPS,NON,4402,13:10,IC SRO,LYON (intramuros),JOURNTELYN,FRLPD,08:09,FRXSH
4261,2023-08-13,ST PIERRE DES CORPS,NON,4402,11:26,IC SRO,ST GERMAIN DES FOSSES,JOURNTELYN,FRSGF,08:09,FRXSH
4262,2023-08-13,ST PIERRE DES CORPS,NON,4402,11:05,IC SRO,MOULINS SUR ALLIER,JOURNTELYN,FRXMU,08:09,FRXSH
4263,2023-08-13,VIERZON VILLE,NON,4402,09:44,IC SRO,BOURGES,JOURNTELYN,FRBOU,09:19,FRXVZ
4264,2023-08-13,AIX EN PROVENCE TGV,NON,6805,12:58,SUD EST,NICE VILLE,JCPROVSUD,FRNIC,09:51,FRAIE
4265,2023-08-13,AIX EN PROVENCE TGV,NON,6805,11:06,SUD EST,TOULON,JCPROVSUD,FRTLN,09:51,FRAIE
4266,2023-08-13,AIX EN PROVENCE TGV,NON,6805,12:02,SUD EST,ST RAPHAEL VALESCURE,JCPROVSUD,FRXSK,09:51,FRAIE
4267,2023-08-13,MARSEILLE ST CHARLES,NON,6805,12:26,SUD EST,CANNES,JCPROVSUD,FRJCA,10:20,FRMSC
4268,2023-08-13,MARSEILLE ST CHARLES,NON,6805,12:02,SUD EST,ST RAPHAEL VALESCURE,JCPROVSUD,FRXSK,10:20,FRMSC
4269,2023-08-13,TOULON,OUI,6805,12:26,SUD EST,CANNES,JCPROVSUD,FRJCA,11:11,FRTLN
4270,2023-08-13,VALENCE TGV RHONE-ALPES SUD,NON,6805,09:48,SUD EST,AIX EN PROVENCE TGV,JCPROVSUD,FRAIE,08:53,FRVLA
4271,2023-08-13,ST RAPHAEL VALESCURE,OUI,6805,12:26,SUD EST,CANNES,JCPROVSUD,FRJCA,12:05,FRXSK
4272,2023-08-13,PARIS (intramuros),OUI,6621,18:03,SUD EST,LYON (intramuros),PARISRHONE,FRLPD,15:52,FRPLY
4273,2023-08-13,PARIS (intramuros),OUI,6621,17:29,SUD EST,MACON LOCHE TGV,PARISRHONE,FRMLT,15:52,FRPLY
4274,2023-08-13,BEZIERS,NON,9706,23:05,SUD EST,PARIS (intramuros),BARCELONEPA,FRPLY,19:00,FRBZR
4275,2023-08-13,BEZIERS,NON,9706,20:51,SUD EST,VALENCE TGV RHONE-ALPES SUD,BARCELONEPA,FRVLA,19:00,FRBZR
4276,2023-08-13,NARBONNE,NON,9706,20:51,SUD EST,VALENCE TGV RHONE-ALPES SUD,BARCELONEPA,FRVLA,18:43,FRXNA
4277,2023-08-13,NARBONNE,NON,9706,19:11,SUD EST,AGDE,BARCELONEPA,FRXAG,18:43,FRXNA
4278,2023-08-13,MONTPELLIER SUD DE FRANCE,NON,9706,20:51,SUD EST,VALENCE TGV RHONE-ALPES SUD,BARCELONEPA,FRVLA,19:52,FRSUF
4279,2023-08-13,NARBONNE,NON,9706,19:47,SUD EST,MONTPELLIER SUD DE FRANCE,BARCELONEPA,FRSUF,18:43,FRXNA
4280,2023-08-13,AGDE,NON,9706,19:47,SUD EST,MONTPELLIER SUD DE FRANCE,BARCELONEPA,FRSUF,19:14,FRXAG
4281,2023-08-13,NIMES PONT DU GARD,NON,9706,20:51,SUD EST,VALENCE TGV RHONE-ALPES SUD,BARCELONEPA,FRVLA,20:13,FRXZP
4282,2023-08-13,BARCELONA SANTS,NON,9706,19:47,SUD EST,MONTPELLIER SUD DE FRANCE,BARCELONEPA,FRSUF,16:10,ESBST
4283,2023-08-13,FIGUERES VILA TGV,NON,9706,18:40,SUD EST,NARBONNE,BARCELONEPA,FRXNA,17:08,ESFIR
4284,2023-08-13,GIRONA,NON,9706,20:10,SUD EST,NIMES PONT DU GARD,BARCELONEPA,FRXZP,16:51,ESGRO
4285,2023-08-13,BELLEGARDE,NON,6506,21:22,SUD EST,PARIS (intramuros),ALPESPARIS,FRPLY,18:18,FRXBF
4286,2023-08-13,LE MANS,NON,5460,20:25,EST,LORRAINE TGV,JCATLEST,FREAM,16:57,FRAET
4287,2023-08-13,LE MANS,NON,5460,18:37,EST,AEROPORT CDG2 TGV ROISSY,JCATLEST,FRMLW,16:57,FRAET
4288,2023-08-13,MASSY TGV,NON,5460,21:04,EST,STRASBOURG,JCATLEST,FRAEG,17:54,FRDJU
4289,2023-08-13,MASSY TGV,NON,5460,20:25,EST,LORRAINE TGV,JCATLEST,FREAM,17:54,FRDJU
4290,2023-08-13,CHAMPAGNE-ARDENNE,OUI,5460,20:00,EST,MEUSE TGV,JCATLEST,FREAJ,19:35,FREAH
4291,2023-08-13,LORRAINE TGV,OUI,5460,21:04,EST,STRASBOURG,JCATLEST,FRAEG,20:28,FREAM
4292,2023-08-13,MARNE LA VALLEE CHESSY,NON,5460,21:04,EST,STRASBOURG,JCATLEST,FRAEG,18:28,FRMLV
4293,2023-08-13,MARNE LA VALLEE CHESSY,NON,5460,19:29,EST,CHAMPAGNE-ARDENNE,JCATLEST,FREAH,18:28,FRMLV
4294,2023-08-13,AEROPORT CDG2 TGV ROISSY,NON,5460,20:25,EST,LORRAINE TGV,JCATLEST,FREAM,18:53,FRMLW
4295,2023-08-13,RENNES,NON,5460,16:51,EST,LE MANS,JCATLEST,FRAET,16:03,FRRNS
4296,2023-08-13,RENNES,NON,5460,18:37,EST,AEROPORT CDG2 TGV ROISSY,JCATLEST,FRMLW,16:03,FRRNS
4297,2023-08-13,RENNES,NON,5460,20:00,EST,MEUSE TGV,JCATLEST,FREAJ,16:03,FRRNS
4298,2023-08-13,LA ROCHE SUR YON,OUI,8972,11:42,ATLANTIQUE,ANGERS ST LAUD,LOIREPARIS,FRACL,10:10,FRXRO
4299,2023-08-13,LA ROCHE SUR YON,NON,8972,13:25,ATLANTIQUE,PARIS (intramuros),LOIREPARIS,FRPMO,10:10,FRXRO
4300,2023-08-13,ST GAUDENS,NON,14140,10:30,IC SRO,TOULOUSE MATABIAU,SUDOUEST,FRXYT,09:36,FRFPH
4301,2023-08-13,BAYONNE,NON,14140,07:45,IC SRO,ORTHEZ,SUDOUEST,FRGFI,07:00,FRXBY
4302,2023-08-13,BAYONNE,NON,14140,08:36,IC SRO,LOURDES,SUDOUEST,FRLDE,07:00,FRXBY
4303,2023-08-13,PARIS (intramuros),OUI,12279,13:52,ATLANTIQUE,POITIERS,PAROCHELLE,FRPIS,12:16,FRPMO
4304,2023-08-13,ST PIERRE DES CORPS,OUI,12279,13:52,ATLANTIQUE,POITIERS,PAROCHELLE,FRPIS,13:20,FRXSH
4305,2023-08-13,DIJON VILLE,NON,2203,12:24,EST,NIMES,JCRHINRHON,FRFNI,09:21,FRABA
4306,2023-08-13,DIJON VILLE,NON,2203,10:56,EST,LYON (intramuros),JCRHINRHON,FRLPD,09:21,FRABA
4307,2023-08-13,STRASBOURG,OUI,2203,07:13,EST,COLMAR,JCRHINRHON,FRAEJ,06:47,FRAEG
4308,2023-08-13,STRASBOURG,NON,2203,12:55,EST,MONTPELLIER SAINT-ROCH,JCRHINRHON,FRMPL,06:47,FRAEG
4309,2023-08-13,STRASBOURG,NON,2203,09:54,EST,CHALON SUR SAONE,JCRHINRHON,FRXCD,06:47,FRAEG
4310,2023-08-13,COLMAR,OUI,2203,07:48,EST,MULHOUSE VILLE,JCRHINRHON,FRAEK,07:16,FRAEJ
4311,2023-08-13,MULHOUSE VILLE,OUI,2203,08:38,EST,BESANCON - F COMTE TGV,JCRHINRHON,FRTJB,07:52,FRAEK
4312,2023-08-13,MULHOUSE VILLE,NON,2203,09:54,EST,CHALON SUR SAONE,JCRHINRHON,FRXCD,07:52,FRAEK
4313,2023-08-13,BELFORT-MONTBELIARD TGV,OUI,2203,09:11,EST,DIJON VILLE,JCRHINRHON,FRABA,08:17,FRTJA
4314,2023-08-13,BELFORT-MONTBELIARD TGV,NON,2203,12:55,EST,MONTPELLIER SAINT-ROCH,JCRHINRHON,FRMPL,08:17,FRTJA
4315,2023-08-13,BELFORT-MONTBELIARD TGV,NON,2203,09:54,EST,CHALON SUR SAONE,JCRHINRHON,FRXCD,08:17,FRTJA
4316,2023-08-13,BESANCON - F COMTE TGV,NON,2203,12:55,EST,MONTPELLIER SAINT-ROCH,JCRHINRHON,FRMPL,08:41,FRTJB
4317,2023-08-13,LYON (intramuros),OUI,5192,17:47,NORD,MARNE LA VALLEE CHESSY,JCSUDNORD,FRMLV,16:00,FRLPD
4318,2023-08-13,LYON (intramuros),OUI,5192,19:44,NORD,LILLE (intramuros),JCSUDNORD,FRADJ,15:46,FRLPE
4319,2023-08-13,LYON (intramuros),OUI,5192,18:01,NORD,AEROPORT CDG2 TGV ROISSY,JCSUDNORD,FRMLW,15:46,FRLPE
4320,2023-08-13,AEROPORT CDG2 TGV ROISSY,OUI,5192,19:44,NORD,LILLE (intramuros),JCSUDNORD,FRADJ,18:07,FRMLW
4321,2023-08-13,AEROPORT CDG2 TGV ROISSY,OUI,5192,18:56,NORD,ARRAS,JCSUDNORD,FRQRV,18:07,FRMLW
4322,2023-08-13,CHAMPAGNE-ARDENNE,OUI,2571,15:12,EST,REMIREMONT,PANANCY,FRRNT,13:06,FREAH
4323,2023-08-13,GUINGAMP,OUI,8641,22:51,ATLANTIQUE,BREST,PARISBRETA,FRBES,21:40,FRGGP
4324,2023-08-13,GUINGAMP,OUI,8641,22:11,ATLANTIQUE,MORLAIX,PARISBRETA,FRMXN,21:40,FRGGP
4325,2023-08-13,LAMBALLE,OUI,8641,21:21,ATLANTIQUE,ST BRIEUC,PARISBRETA,FRSBK,21:11,FRLAM
4326,2023-08-13,MORLAIX,OUI,8641,22:51,ATLANTIQUE,BREST,PARISBRETA,FRBES,22:14,FRMXN
4327,2023-08-13,PLOUARET TREGOR,OUI,8641,22:11,ATLANTIQUE,MORLAIX,PARISBRETA,FRMXN,21:55,FRPLT
4328,2023-08-13,PARIS (intramuros),NON,8641,21:38,ATLANTIQUE,GUINGAMP,PARISBRETA,FRGGP,18:40,FRPMO
4329,2023-08-13,PARIS (intramuros),NON,8641,21:53,ATLANTIQUE,PLOUARET TREGOR,PARISBRETA,FRPLT,18:40,FRPMO
4330,2023-08-13,PARIS (intramuros),NON,8641,20:25,ATLANTIQUE,RENNES,PARISBRETA,FRRNS,18:40,FRPMO
4331,2023-08-13,RENNES,NON,8641,22:51,ATLANTIQUE,BREST,PARISBRETA,FRBES,20:32,FRRNS
4332,2023-08-13,RENNES,NON,8641,22:11,ATLANTIQUE,MORLAIX,PARISBRETA,FRMXN,20:32,FRRNS
4333,2023-08-13,STRASBOURG,NON,2352,10:05,EST,PARIS (intramuros),MULHSTRAPA,FRPST,08:20,FRAEG
4334,2023-08-13,COLMAR,OUI,2352,07:47,EST,SELESTAT,MULHSTRAPA,FRXSQ,07:37,FRAEJ
4335,2023-08-13,LYON (intramuros),NON,6825,19:37,SUD EST,NIMES,JCPROVSUD,FRFNI,18:09,FRLPD
4336,2023-08-13,LYON (intramuros),NON,6825,18:48,SUD EST,VALENCE TGV RHONE-ALPES SUD,JCPROVSUD,FRVLA,18:09,FRLPD
4337,2023-08-13,MONTPELLIER SAINT-ROCH,NON,6825,20:48,SUD EST,BEZIERS,JCPROVSUD,FRBZR,20:10,FRMPL
4338,2023-08-13,MONTPELLIER SAINT-ROCH,NON,6825,20:23,SUD EST,SETE,JCPROVSUD,FRXSY,20:10,FRMPL
4339,2023-08-13,VALENCE TGV RHONE-ALPES SUD,NON,6825,19:37,SUD EST,NIMES,JCPROVSUD,FRFNI,18:53,FRVLA
4340,2023-08-13,VALENCE TGV RHONE-ALPES SUD,NON,6825,21:04,SUD EST,NARBONNE,JCPROVSUD,FRXNA,18:53,FRVLA
4341,2023-08-13,SETE,OUI,6825,20:48,SUD EST,BEZIERS,JCPROVSUD,FRBZR,20:26,FRXSY
4342,2023-08-13,SETE,OUI,6825,21:34,SUD EST,CARCASSONNE,JCPROVSUD,FRCCF,20:26,FRXSY
4343,2023-08-13,ORTHEZ,NON,14157,21:22,IC SRO,BIARRITZ,SUDOUEST,FRBIQ,20:15,FRGFI
4344,2023-08-13,LANNEMEZAN,NON,14157,19:49,IC SRO,PAU,SUDOUEST,FRAEE,18:42,FRLNZ
4345,2023-08-13,LANNEMEZAN,NON,14157,20:13,IC SRO,ORTHEZ,SUDOUEST,FRGFI,18:42,FRLNZ
4346,2023-08-13,LANNEMEZAN,NON,14157,19:21,IC SRO,LOURDES,SUDOUEST,FRLDE,18:42,FRLNZ
4347,2023-08-13,BAYONNE,NON,14157,21:22,IC SRO,BIARRITZ,SUDOUEST,FRBIQ,21:14,FRXBY
4348,2023-08-13,BAYONNE,NON,14157,21:36,IC SRO,ST JEAN DE LUZ CIBOURE,SUDOUEST,FRXJZ,21:14,FRXBY
4349,2023-08-13,TARBES,NON,14157,20:13,IC SRO,ORTHEZ,SUDOUEST,FRGFI,19:08,FRXTB
4350,2023-08-13,TARBES,NON,14157,21:04,IC SRO,BAYONNE,SUDOUEST,FRXBY,19:08,FRXTB
4351,2023-08-13,TOULOUSE MATABIAU,NON,14157,20:13,IC SRO,ORTHEZ,SUDOUEST,FRGFI,17:32,FRXYT
4352,2023-08-13,TOULOUSE MATABIAU,NON,14157,18:40,IC SRO,LANNEMEZAN,SUDOUEST,FRLNZ,17:32,FRXYT
4353,2023-08-13,LANNEMEZAN,NON,14157,21:49,IC SRO,HENDAYE,SUDOUEST,FRAEF,18:42,FRLNZ
4354,2023-08-13,LE MANS,OUI,5320,21:47,SUD EST,LYON (intramuros),JCATLSUD,FRLPE,18:30,FRAET
4355,2023-08-13,NANTES,OUI,5320,17:41,SUD EST,ANGERS ST LAUD,JCATLSUD,FRACL,17:05,FRNTE
4356,2023-08-13,NANTES,OUI,5320,18:24,SUD EST,LE MANS,JCATLSUD,FRAET,17:05,FRNTE
4357,2023-08-13,VALENCE TGV RHONE-ALPES SUD,OUI,6227,23:25,SUD EST,MONTPELLIER SAINT-ROCH,PALANG,FRMPL,22:05,FRVLA
4358,2023-08-13,AEROPORT CDG2 TGV ROISSY,OUI,5092,18:34,NORD,TGV HAUTE PICARDIE,JCSUDNORD,FRTHP,18:07,FRMLW
4359,2023-08-13,AGEN,NON,8512,14:40,ATLANTIQUE,BORDEAUX ST JEAN,SUDOUESTPA,FRBOJ,13:35,FRAGF
4360,2023-08-13,BRUXELLES MIDI BRUSSEL ZUID,OUI,9810,07:12,NORD,LILLE (intramuros),JCNORDSUD,FRLLE,06:25,BEBMI
4361,2023-08-13,BRUXELLES MIDI BRUSSEL ZUID,NON,9810,08:38,NORD,MARNE LA VALLEE CHESSY,JCNORDSUD,FRMLV,06:25,BEBMI
4362,2023-08-13,LILLE (intramuros),NON,9810,11:52,NORD,AVIGNON TGV,JCNORDSUD,FRAVG,07:24,FRLLE
4363,2023-08-13,LILLE (intramuros),NON,9810,12:24,NORD,MARSEILLE ST CHARLES,JCNORDSUD,FRMSC,07:24,FRLLE
4364,2023-08-13,LYON (intramuros),NON,9810,11:15,NORD,VALENCE TGV RHONE-ALPES SUD,JCNORDSUD,FRVLA,10:35,FRLPD
4365,2023-08-13,MARNE LA VALLEE CHESSY,NON,9810,11:52,NORD,AVIGNON TGV,JCNORDSUD,FRAVG,08:43,FRMLV
4366,2023-08-13,MARNE LA VALLEE CHESSY,NON,9810,11:15,NORD,VALENCE TGV RHONE-ALPES SUD,JCNORDSUD,FRVLA,08:43,FRMLV
4367,2023-08-13,VALENCE TGV RHONE-ALPES SUD,NON,9810,12:24,NORD,MARSEILLE ST CHARLES,JCNORDSUD,FRMSC,11:20,FRVLA
4368,2023-08-13,QUIMPER,OUI,8720,12:24,ATLANTIQUE,VANNES,BRETAPARIS,FRVNE,11:24,FRUIP
4369,2023-08-13,FUTUROSCOPE,OUI,8346,19:44,ATLANTIQUE,CHATELLERAULT,ROCHELLEPA,FRXCX,19:33,FRTGO
4370,2023-08-13,CHATELLERAULT,OUI,8346,21:20,ATLANTIQUE,PARIS (intramuros),ROCHELLEPA,FRPMO,19:47,FRXCX
4371,2023-08-13,ST PIERRE DES CORPS,OUI,8346,21:20,ATLANTIQUE,PARIS (intramuros),ROCHELLEPA,FRPMO,20:19,FRXSH
4372,2023-08-13,AVIGNON TGV,OUI,5316,22:25,SUD EST,MARSEILLE ST CHARLES,JCATLSUD,FRMSC,21:56,FRAVG
4373,2023-08-13,ANGERS ST LAUD,NON,8923,17:34,ATLANTIQUE,ST NAZAIRE,PARISLOIRE,FRSNR,16:13,FRACL
4374,2023-08-13,PORNICHET,OUI,8923,17:54,ATLANTIQUE,LA BAULE ESCOUBLAC,PARISLOIRE,FRJEE,17:50,FREGR
4375,2023-08-13,LE POULIGUEN,OUI,8923,18:09,ATLANTIQUE,LE CROISIC,PARISLOIRE,FREGU,18:03,FREGS
4376,2023-08-13,NANTES,NON,8923,17:47,ATLANTIQUE,PORNICHET,PARISLOIRE,FREGR,16:59,FRNTE
4377,2023-08-13,PARIS (intramuros),NON,8923,16:53,ATLANTIQUE,NANTES,PARISLOIRE,FRNTE,14:45,FRPMO
4378,2023-08-13,PARIS (intramuros),NON,8923,17:34,ATLANTIQUE,ST NAZAIRE,PARISLOIRE,FRSNR,14:45,FRPMO
4379,2023-08-13,TOULON,NON,6166,15:24,SUD EST,AVIGNON TGV,AZURPA,FRAVG,14:18,FRTLN
4380,2023-08-13,ANTIBES,OUI,6166,13:25,SUD EST,ST RAPHAEL VALESCURE,AZURPA,FRXSK,12:50,FRXAT
4381,2023-08-13,ST RAPHAEL VALESCURE,OUI,6166,14:14,SUD EST,TOULON,AZURPA,FRTLN,13:28,FRXSK
4382,2023-08-13,DIJON VILLE,NON,2087,14:49,EST,AIX EN PROVENCE TGV,JCRHINRHON,FRAIE,11:21,FRABA
4383,2023-08-13,DIJON VILLE,NON,2087,13:46,EST,VALENCE TGV RHONE-ALPES SUD,JCRHINRHON,FRVLA,11:21,FRABA
4384,2023-08-13,STRASBOURG,OUI,2087,09:54,EST,MULHOUSE VILLE,JCRHINRHON,FRAEK,09:03,FRAEG
4385,2023-08-13,STRASBOURG,NON,2087,12:19,EST,MACON VILLE,JCRHINRHON,FRHGU,09:03,FRAEG
4386,2023-08-13,STRASBOURG,NON,2087,15:07,EST,MARSEILLE ST CHARLES,JCRHINRHON,FRMSC,09:03,FRAEG
4387,2023-08-13,MULHOUSE VILLE,NON,2087,11:11,EST,DIJON VILLE,JCRHINRHON,FRABA,09:57,FRAEK
4388,2023-08-13,AIX EN PROVENCE TGV,OUI,2087,15:07,EST,MARSEILLE ST CHARLES,JCRHINRHON,FRMSC,14:52,FRAIE
4389,2023-08-13,AVIGNON TGV,OUI,2087,15:07,EST,MARSEILLE ST CHARLES,JCRHINRHON,FRMSC,14:28,FRAVG
4390,2023-08-13,MACON VILLE,NON,2087,14:49,EST,AIX EN PROVENCE TGV,JCRHINRHON,FRAIE,12:22,FRHGU
4391,2023-08-13,LYON (intramuros),NON,2087,14:25,EST,AVIGNON TGV,JCRHINRHON,FRAVG,13:06,FRLPD
4392,2023-08-13,BELFORT-MONTBELIARD TGV,NON,2087,13:00,EST,LYON (intramuros),JCRHINRHON,FRLPD,10:21,FRTJA
4393,2023-08-13,BESANCON - F COMTE TGV,NON,2087,14:25,EST,AVIGNON TGV,JCRHINRHON,FRAVG,10:44,FRTJB
4394,2023-08-13,BESANCON - F COMTE TGV,NON,2087,15:07,EST,MARSEILLE ST CHARLES,JCRHINRHON,FRMSC,10:44,FRTJB
4395,2023-08-13,VALENCE TGV RHONE-ALPES SUD,NON,2087,14:49,EST,AIX EN PROVENCE TGV,JCRHINRHON,FRAIE,13:51,FRVLA
4396,2023-08-13,LAUSANNE,NON,9264,08:43,INTERNATIONAL,MOUCHARD,SUISPA,FRMCD,07:23,CHAJF
4397,2023-08-13,LAUSANNE,NON,9264,11:08,INTERNATIONAL,PARIS (intramuros),SUISPA,FRPLY,07:23,CHAJF
4398,2023-08-13,DOLE VILLE,NON,9264,11:08,INTERNATIONAL,PARIS (intramuros),SUISPA,FRPLY,09:02,FRACE
4399,2023-08-13,FRASNE,OUI,9264,08:43,INTERNATIONAL,MOUCHARD,SUISPA,FRMCD,08:15,FRFRA
4400,2023-08-13,AGEN,NON,8514,20:58,ATLANTIQUE,PARIS (intramuros),SUDOUESTPA,FRPMO,17:31,FRAGF
4401,2023-08-13,BORDEAUX ST JEAN,NON,8514,20:43,ATLANTIQUE,MASSY TGV,SUDOUESTPA,FRDJU,18:46,FRBOJ
4402,2023-08-13,BORDEAUX ST JEAN,NON,8514,20:58,ATLANTIQUE,PARIS (intramuros),SUDOUESTPA,FRPMO,18:46,FRBOJ
4403,2023-08-13,LA SOUTERRAINE,OUI,3674,18:54,IC ARO,ARGENTON SUR CREUSE,TOULOUZECO,FRFMT,18:31,FRLST
4404,2023-08-13,LA SOUTERRAINE,OUI,3674,21:20,IC ARO,PARIS (intramuros),TOULOUZECO,FRPAZ,18:31,FRLST
4405,2023-08-13,DAX,OUI,8533,12:07,ATLANTIQUE,BAYONNE,PASUDOUEST,FRXBY,11:39,FRACG
4406,2023-08-13,BIARRITZ,OUI,8533,12:51,ATLANTIQUE,HENDAYE,PASUDOUEST,FRAEF,12:22,FRBIQ
4407,2023-08-13,PARIS (intramuros),NON,8533,11:35,ATLANTIQUE,DAX,PASUDOUEST,FRACG,07:58,FRPMO
4408,2023-08-13,BAYONNE,OUI,8533,12:51,ATLANTIQUE,HENDAYE,PASUDOUEST,FRAEF,12:10,FRXBY
4409,2023-08-13,BAYONNE,OUI,8533,12:19,ATLANTIQUE,BIARRITZ,PASUDOUEST,FRBIQ,12:10,FRXBY
4410,2023-08-13,ST PIERRE DES CORPS,OUI,8442,20:45,ATLANTIQUE,PARIS (intramuros),SUDOUESTPA,FRPMO,19:39,FRXSH
4411,2023-08-13,PARIS (intramuros),OUI,6927,21:05,SUD EST,LYON-SAINT EXUPERY TGV,PAGRENOBLE,FRJDQ,19:14,FRPLY
4412,2023-08-13,GENEVE,NON,9756,11:33,INTERNATIONAL,AVIGNON TGV,GENEVEMED,FRAVG,08:41,CHGVA
4413,2023-08-13,LYON (intramuros),NON,9756,11:33,INTERNATIONAL,AVIGNON TGV,GENEVEMED,FRAVG,10:28,FRLPD
4414,2023-08-13,BELLEGARDE,NON,9756,11:33,INTERNATIONAL,AVIGNON TGV,GENEVEMED,FRAVG,09:12,FRXBF
4415,2023-08-13,GENEVE,NON,9756,09:09,INTERNATIONAL,BELLEGARDE,GENEVEMED,FRXBF,08:41,CHGVA
4416,2023-08-13,NEVERS,NON,5955,11:28,IC ARO,MOULINS SUR ALLIER,PACLERMONT,FRXMU,10:59,FRNVS
4417,2023-08-13,PARIS (intramuros),NON,5955,12:17,IC ARO,RIOM CHATEL GUYON,PACLERMONT,FRRIO,09:00,FRPBE
4418,2023-08-13,RIOM CHATEL GUYON,NON,5955,12:29,IC ARO,CLERMONT FERRAND,PACLERMONT,FRCFE,12:19,FRRIO
4419,2023-08-13,MOULINS SUR ALLIER,NON,5955,12:17,IC ARO,RIOM CHATEL GUYON,PACLERMONT,FRRIO,11:30,FRXMU
4420,2023-08-13,EPINAL,OUI,2580,17:08,EST,NANCY,NANCYPA,FRENC,16:23,FREPL
4421,2023-08-13,REMIREMONT,OUI,2580,16:20,EST,EPINAL,NANCYPA,FREPL,15:58,FRRNT
4422,2023-08-13,GUINGAMP,OUI,8639,21:03,ATLANTIQUE,MORLAIX,PARISBRETA,FRMXN,20:36,FRGGP
4423,2023-08-13,PARIS (intramuros),NON,8639,21:38,ATLANTIQUE,BREST,PARISBRETA,FRBES,17:56,FRPMO
4424,2023-08-13,LAVAL,NON,5336,17:15,SUD EST,VALENCE TGV RHONE-ALPES SUD,JCATLSUD,FRVLA,12:58,FRACR
4425,2023-08-13,LE MANS,NON,5336,17:15,SUD EST,VALENCE TGV RHONE-ALPES SUD,JCATLSUD,FRVLA,13:30,FRAET
4426,2023-08-13,MASSY TGV,NON,5336,16:29,SUD EST,LYON (intramuros),JCATLSUD,FRLPD,14:26,FRDJU
4427,2023-08-13,LYON (intramuros),OUI,5336,17:15,SUD EST,VALENCE TGV RHONE-ALPES SUD,JCATLSUD,FRVLA,16:37,FRLPD
4428,2023-08-13,LE MANS,NON,5336,17:54,SUD EST,NIMES PONT DU GARD,JCATLSUD,FRXZP,13:30,FRAET
4429,2023-08-13,NIMES PONT DU GARD,OUI,5336,18:36,SUD EST,MONTPELLIER SUD DE FRANCE,JCATLSUD,FRSUF,17:57,FRXZP
4430,2023-08-13,LAVAL,NON,5336,17:54,SUD EST,NIMES PONT DU GARD,JCATLSUD,FRXZP,12:58,FRACR
4431,2023-08-13,PARIS (intramuros),OUI,8331,08:12,ATLANTIQUE,VENDOME VILLIERS SUR LOIR,PAROCHELLE,FRESL,07:28,FRPMO
4432,2023-08-13,CHATELLERAULT,OUI,8331,09:34,ATLANTIQUE,POITIERS,PAROCHELLE,FRPIS,09:09,FRXCX
4433,2023-08-13,ST PIERRE DES CORPS,OUI,8331,09:22,ATLANTIQUE,FUTUROSCOPE,PAROCHELLE,FRTGO,08:42,FRXSH
4434,2023-08-13,MARNE LA VALLEE CHESSY,OUI,5020,18:30,NORD,LYON (intramuros),JCNORDSUD,FRLPD,16:41,FRMLV
4435,2023-08-13,BOURG EN BRESSE,NON,9775,17:30,INTERNATIONAL,GENEVE,PAGENEVE,CHGVA,16:12,FRXBK
4436,2023-08-13,MILANO P GARIBALDI,NON,9248,20:14,INTERNATIONAL,CHAMBERY CHALLES LES EAUX,ITALIEPA,FRCMF,16:10,ITMPG
4437,2023-08-13,PARIS (intramuros),NON,12213,23:02,ATLANTIQUE,MONTAUBAN VILLE BOURBON,PASUDOUEST,FRXMW,19:08,FRPMO
4438,2023-08-13,LES AUBRAIS ORLEANS,OUI,3737,07:55,IC NUIT,LEZIGNAN-CORBIERES,PARPALOMBE,FRFUX,22:49,FRLAB
4439,2023-08-13,LES AUBRAIS ORLEANS,OUI,3737,09:26,IC NUIT,RIVESALTES,PARPALOMBE,FRIOF,22:49,FRLAB
4440,2023-08-13,LES AUBRAIS ORLEANS,OUI,3737,10:05,IC NUIT,PORT VENDRES VILLE,PARPALOMBE,FRXPV,22:49,FRLAB
4441,2023-08-13,PARIS (intramuros),OUI,3737,09:34,IC NUIT,PERPIGNAN,PARPALOMBE,FRPGF,21:42,FRPAZ
4442,2023-08-13,BEZIERS,OUI,6202,08:43,SUD EST,MONTPELLIER SAINT-ROCH,LANGPA,FRMPL,07:58,FRBZR
4443,2023-08-13,BEZIERS,OUI,6202,08:24,SUD EST,SETE,LANGPA,FRXSY,07:58,FRBZR
4444,2023-08-13,NIMES,NON,6202,12:18,SUD EST,PARIS (intramuros),LANGPA,FRPLY,09:17,FRFNI
4445,2023-08-13,NIMES,OUI,6202,10:01,SUD EST,VALENCE TGV RHONE-ALPES SUD,LANGPA,FRVLA,09:17,FRFNI
4446,2023-08-13,MONTPELLIER SAINT-ROCH,OUI,6202,10:01,SUD EST,VALENCE TGV RHONE-ALPES SUD,LANGPA,FRVLA,08:48,FRMPL
4447,2023-08-13,PERPIGNAN,OUI,6202,08:43,SUD EST,MONTPELLIER SAINT-ROCH,LANGPA,FRMPL,07:04,FRPGF
4448,2023-08-13,PERPIGNAN,OUI,6202,08:08,SUD EST,AGDE,LANGPA,FRXAG,07:04,FRPGF
4449,2023-08-13,AGDE,NON,6202,12:18,SUD EST,PARIS (intramuros),LANGPA,FRPLY,08:11,FRXAG
4450,2023-08-13,SETE,NON,6202,12:18,SUD EST,PARIS (intramuros),LANGPA,FRPLY,08:27,FRXSY
4451,2023-08-13,AGEN,NON,4659,13:27,IC ARO,CARCASSONNE,TJOURSOSE,FRCCF,11:33,FRAGF
4452,2023-08-13,BORDEAUX ST JEAN,NON,4659,13:27,IC ARO,CARCASSONNE,TJOURSOSE,FRCCF,10:27,FRBOJ
4453,2023-08-13,BORDEAUX ST JEAN,NON,4659,15:22,IC ARO,NIMES,TJOURSOSE,FRFNI,10:27,FRBOJ
4454,2023-08-13,CARCASSONNE,NON,4659,14:14,IC ARO,BEZIERS,TJOURSOSE,FRBZR,13:29,FRCCF
4455,2023-08-13,CARCASSONNE,NON,4659,14:54,IC ARO,MONTPELLIER SAINT-ROCH,TJOURSOSE,FRMPL,13:29,FRCCF
4456,2023-08-13,NIMES,NON,4659,16:37,IC ARO,MARSEILLE ST CHARLES,TJOURSOSE,FRMSC,15:25,FRFNI
4457,2023-08-13,MONTAUBAN VILLE BOURBON,NON,4659,15:22,IC ARO,NIMES,TJOURSOSE,FRFNI,12:10,FRXMW
4458,2023-08-13,MONTAUBAN VILLE BOURBON,NON,4659,16:37,IC ARO,MARSEILLE ST CHARLES,TJOURSOSE,FRMSC,12:10,FRXMW
4459,2023-08-13,TOULOUSE MATABIAU,NON,4659,14:14,IC ARO,BEZIERS,TJOURSOSE,FRBZR,12:45,FRXYT
4460,2023-08-13,TOULOUSE MATABIAU,NON,4659,16:37,IC ARO,MARSEILLE ST CHARLES,TJOURSOSE,FRMSC,12:45,FRXYT
4461,2023-08-13,BOURG EN BRESSE,NON,9770,15:42,INTERNATIONAL,PARIS (intramuros),GENEVEPA,FRPLY,13:52,FRXBK
4462,2023-08-13,MASSY TGV,OUI,5202,11:23,NORD,ANGOULEME,JCNORDAQUI,FRANG,09:09,FRDJU
4463,2023-08-13,MASSY TGV,OUI,5202,12:02,NORD,BORDEAUX ST JEAN,JCNORDAQUI,FRBOJ,09:09,FRDJU
4464,2023-08-13,MARNE LA VALLEE CHESSY,OUI,5202,11:23,NORD,ANGOULEME,JCNORDAQUI,FRANG,08:35,FRMLV
4465,2023-08-13,AEROPORT CDG2 TGV ROISSY,OUI,5202,09:04,NORD,MASSY TGV,JCNORDAQUI,FRDJU,08:10,FRMLW
4466,2023-08-13,AEROPORT CDG2 TGV ROISSY,OUI,5202,10:06,NORD,ST PIERRE DES CORPS,JCNORDAQUI,FRXSH,08:10,FRMLW
4467,2023-08-13,ARRAS,OUI,5202,11:23,NORD,ANGOULEME,JCNORDAQUI,FRANG,07:00,FRQRV
4468,2023-08-13,TGV HAUTE PICARDIE,OUI,5202,12:02,NORD,BORDEAUX ST JEAN,JCNORDAQUI,FRBOJ,07:25,FRTHP
4469,2023-08-13,TGV HAUTE PICARDIE,OUI,5202,09:04,NORD,MASSY TGV,JCNORDAQUI,FRDJU,07:25,FRTHP
4470,2023-08-13,TGV HAUTE PICARDIE,OUI,5202,07:54,NORD,AEROPORT CDG2 TGV ROISSY,JCNORDAQUI,FRMLW,07:25,FRTHP
4471,2023-08-13,TGV HAUTE PICARDIE,OUI,5202,10:41,NORD,POITIERS,JCNORDAQUI,FRPIS,07:25,FRTHP
4472,2023-08-13,DOUAI,OUI,5202,12:02,NORD,BORDEAUX ST JEAN,JCNORDAQUI,FRBOJ,06:37,FRXDN
4473,2023-08-13,DOUAI,OUI,5202,08:22,NORD,MARNE LA VALLEE CHESSY,JCNORDAQUI,FRMLV,06:37,FRXDN
4474,2023-08-13,DOUAI,OUI,5202,10:41,NORD,POITIERS,JCNORDAQUI,FRPIS,06:37,FRXDN
4475,2023-08-13,ST PIERRE DES CORPS,OUI,5202,12:02,NORD,BORDEAUX ST JEAN,JCNORDAQUI,FRBOJ,10:10,FRXSH
4476,2023-08-13,ZUERICH HB,NON,9222,15:58,INTERNATIONAL,DIJON VILLE,ZURBALPA,FRABA,13:34,CHAJD
4477,2023-08-13,PARIS (intramuros),OUI,6279,22:31,SUD EST,SETE,PALANG,FRXSY,18:56,FRPLY
4478,2023-08-13,VALENCE TGV RHONE-ALPES SUD,OUI,6279,23:01,SUD EST,BEZIERS,PALANG,FRBZR,21:10,FRVLA
4479,2023-08-13,VALENCE TGV RHONE-ALPES SUD,OUI,6279,23:51,SUD EST,PERPIGNAN,PALANG,FRPGF,21:10,FRVLA
4480,2023-08-13,AGDE,OUI,6279,23:17,SUD EST,NARBONNE,PALANG,FRXNA,22:50,FRXAG
4481,2023-08-13,NARBONNE,OUI,6279,23:51,SUD EST,PERPIGNAN,PALANG,FRPGF,23:20,FRXNA
4482,2023-08-13,SETE,OUI,6279,22:47,SUD EST,AGDE,PALANG,FRXAG,22:34,FRXSY
4483,2023-08-13,VALENCE TGV RHONE-ALPES SUD,OUI,6279,22:08,SUD EST,MONTPELLIER SUD DE FRANCE,PALANG,FRSUF,21:10,FRVLA
4484,2023-08-13,VALENCE TGV RHONE-ALPES SUD,OUI,6279,21:46,SUD EST,NIMES PONT DU GARD,PALANG,FRXZP,21:10,FRVLA
4485,2023-08-13,NIMES PONT DU GARD,OUI,6279,22:47,SUD EST,AGDE,PALANG,FRXAG,21:49,FRXZP
4486,2023-08-13,NIMES PONT DU GARD,OUI,6279,22:08,SUD EST,MONTPELLIER SUD DE FRANCE,PALANG,FRSUF,21:49,FRXZP
4487,2023-08-13,PARIS (intramuros),NON,6111,14:17,SUD EST,AVIGNON TGV,PAPROVENCE,FRAVG,11:38,FRPLY
4488,2023-08-13,PARIS (intramuros),OUI,6923,20:13,SUD EST,GRENOBLE,PAGRENOBLE,FRGNB,17:13,FRPLY
4489,2023-08-13,PARIS (intramuros),OUI,6923,19:01,SUD EST,LYON-SAINT EXUPERY TGV,PAGRENOBLE,FRJDQ,17:13,FRPLY
4490,2023-08-13,PARIS (intramuros),OUI,7385,20:39,NORD,HAZEBROUCK,PAARRAS,FRHZK,18:52,FRPNO
4491,2023-08-13,PARIS (intramuros),OUI,7385,19:40,NORD,ARRAS,PAARRAS,FRQRV,18:52,FRPNO
4492,2023-08-13,MEUSE TGV,OUI,2540,13:55,EST,CHAMPAGNE-ARDENNE,NANCYPA,FREAH,13:32,FREAJ
4493,2023-08-13,MEUSE TGV,NON,2540,14:42,EST,PARIS (intramuros),NANCYPA,FRPST,13:32,FREAJ
4494,2023-08-13,NANCY,OUI,2540,13:29,EST,MEUSE TGV,NANCYPA,FREAJ,12:55,FRENC
4495,2023-08-13,POITIERS,OUI,8342,17:15,ATLANTIQUE,ST PIERRE DES CORPS,ROCHELLEPA,FRXSH,16:19,FRPIS
4496,2023-08-13,FUTUROSCOPE,OUI,8342,16:41,ATLANTIQUE,CHATELLERAULT,ROCHELLEPA,FRXCX,16:30,FRTGO
4497,2023-08-13,FUTUROSCOPE,OUI,8342,17:15,ATLANTIQUE,ST PIERRE DES CORPS,ROCHELLEPA,FRXSH,16:30,FRTGO
4498,2023-08-13,SEDAN,OUI,2720,08:15,EST,RETHEL,SEDBARPA,FRBDT,07:23,FRXSW
4499,2023-08-13,SEDAN,OUI,2720,08:39,EST,REIMS,SEDBARPA,FRRHE,07:23,FRXSW
4500,2023-08-13,MEUSE TGV,OUI,2598,19:50,EST,PARIS (intramuros),NANCYPA,FRPST,18:48,FREAJ
4501,2023-08-13,VALENCE TGV RHONE-ALPES SUD,OUI,6049,18:08,SUD EST,MONTPELLIER SUD DE FRANCE,PALANG,FRSUF,17:09,FRVLA
4502,2023-08-13,VALENCE TGV RHONE-ALPES SUD,OUI,6049,17:46,SUD EST,NIMES PONT DU GARD,PALANG,FRXZP,17:09,FRVLA
4503,2023-08-13,LAVAL,OUI,8052,08:45,ATLANTIQUE,LE MANS,BRETAPARIS,FRAET,08:15,FRACR
4504,2023-08-13,ANGERS ST LAUD,OUI,5288,17:48,NORD,MASSY TGV,JCBRETNORD,FRDJU,16:02,FRACL
4505,2023-08-13,LE MANS,OUI,5288,17:48,NORD,MASSY TGV,JCBRETNORD,FRDJU,16:57,FRAET
4506,2023-08-13,LE MANS,OUI,5288,19:35,NORD,LILLE (intramuros),JCBRETNORD,FRLLE,16:57,FRAET
4507,2023-08-13,LE MANS,OUI,5288,18:37,NORD,AEROPORT CDG2 TGV ROISSY,JCBRETNORD,FRMLW,16:57,FRAET
4508,2023-08-13,MASSY TGV,OUI,5288,18:37,NORD,AEROPORT CDG2 TGV ROISSY,JCBRETNORD,FRMLW,17:54,FRDJU
4509,2023-08-13,ANGERS ST LAUD,OUI,8930,21:23,ATLANTIQUE,LE MANS,LOIREPARIS,FRAET,20:44,FRACL
4510,2023-08-13,ANGERS ST LAUD,OUI,8930,22:25,ATLANTIQUE,PARIS (intramuros),LOIREPARIS,FRPMO,20:44,FRACL
4511,2023-08-13,PORNICHET,OUI,8930,21:23,ATLANTIQUE,LE MANS,LOIREPARIS,FRAET,19:11,FREGR
4512,2023-08-13,PORNICHET,OUI,8930,19:59,ATLANTIQUE,NANTES,LOIREPARIS,FRNTE,19:11,FREGR
4513,2023-08-13,PORNICHET,OUI,8930,22:25,ATLANTIQUE,PARIS (intramuros),LOIREPARIS,FRPMO,19:11,FREGR
4514,2023-08-13,PORNICHET,OUI,8930,19:21,ATLANTIQUE,ST NAZAIRE,LOIREPARIS,FRSNR,19:11,FREGR
4515,2023-08-13,LE POULIGUEN,OUI,8930,20:41,ATLANTIQUE,ANGERS ST LAUD,LOIREPARIS,FRACL,18:56,FREGS
4516,2023-08-13,LE POULIGUEN,OUI,8930,22:25,ATLANTIQUE,PARIS (intramuros),LOIREPARIS,FRPMO,18:56,FREGS
4517,2023-08-13,LE POULIGUEN,OUI,8930,19:21,ATLANTIQUE,ST NAZAIRE,LOIREPARIS,FRSNR,18:56,FREGS
4518,2023-08-13,LE CROISIC,OUI,8930,19:08,ATLANTIQUE,PORNICHET,LOIREPARIS,FREGR,18:48,FREGU
4519,2023-08-13,LE CROISIC,OUI,8930,19:00,ATLANTIQUE,LA BAULE ESCOUBLAC,LOIREPARIS,FRJEE,18:48,FREGU
4520,2023-08-13,LE CROISIC,OUI,8930,19:59,ATLANTIQUE,NANTES,LOIREPARIS,FRNTE,18:48,FREGU
4521,2023-08-13,LE CROISIC,OUI,8930,22:25,ATLANTIQUE,PARIS (intramuros),LOIREPARIS,FRPMO,18:48,FREGU
4522,2023-08-13,LA BAULE ESCOUBLAC,OUI,8930,22:25,ATLANTIQUE,PARIS (intramuros),LOIREPARIS,FRPMO,19:04,FRJEE
4523,2023-08-13,NANTES,OUI,8930,21:23,ATLANTIQUE,LE MANS,LOIREPARIS,FRAET,20:05,FRNTE
4524,2023-08-13,NANTES,OUI,8930,22:25,ATLANTIQUE,PARIS (intramuros),LOIREPARIS,FRPMO,20:05,FRNTE
4525,2023-08-13,ST NAZAIRE,OUI,8930,21:23,ATLANTIQUE,LE MANS,LOIREPARIS,FRAET,19:24,FRSNR
4526,2023-08-13,ST NAZAIRE,OUI,8930,19:59,ATLANTIQUE,NANTES,LOIREPARIS,FRNTE,19:24,FRSNR
4527,2023-08-13,LAVAL,OUI,5472,21:29,EST,RENNES,JCESTATL,FRRNS,21:04,FRACR
4528,2023-08-13,STRASBOURG,OUI,5472,17:23,EST,LORRAINE TGV,JCESTATL,FREAM,16:48,FRAEG
4529,2023-08-13,STRASBOURG,NON,5472,21:29,EST,RENNES,JCESTATL,FRRNS,16:48,FRAEG
4530,2023-08-13,LE MANS,OUI,5472,21:01,EST,LAVAL,JCESTATL,FRACR,20:32,FRAET
4531,2023-08-13,MASSY TGV,NON,5472,21:01,EST,LAVAL,JCESTATL,FRACR,19:39,FRDJU
4532,2023-08-13,CHAMPAGNE-ARDENNE,NON,5472,21:01,EST,LAVAL,JCESTATL,FRACR,18:11,FREAH
4533,2023-08-13,RETHEL,OUI,2751,20:11,EST,CHARLEVILLE MEZIERES,PABARSED,FRXCZ,19:43,FRBDT
4534,2023-08-13,PARIS (intramuros),NON,2751,20:11,EST,CHARLEVILLE MEZIERES,PABARSED,FRXCZ,18:28,FRPST
4535,2023-08-13,REIMS,OUI,2751,20:11,EST,CHARLEVILLE MEZIERES,PABARSED,FRXCZ,19:20,FRRHE
4536,2023-08-13,CANNES,OUI,6180,19:55,SUD EST,AVIGNON TGV,AZURPA,FRAVG,17:33,FRJCA
4537,2023-08-13,CANNES,OUI,6180,22:38,SUD EST,PARIS (intramuros),AZURPA,FRPLY,17:33,FRJCA
4538,2023-08-13,CANNES,OUI,6180,18:44,SUD EST,TOULON,AZURPA,FRTLN,17:33,FRJCA
4539,2023-08-13,TOULON,OUI,6180,19:55,SUD EST,AVIGNON TGV,AZURPA,FRAVG,18:48,FRTLN
4540,2023-08-13,ANTIBES,OUI,6180,22:38,SUD EST,PARIS (intramuros),AZURPA,FRPLY,17:18,FRXAT
4541,2023-08-13,ANTIBES,OUI,6180,18:07,SUD EST,LES ARCS DRAGUIGNAN,AZURPA,FRXRS,17:18,FRXAT
4542,2023-08-13,LES ARCS DRAGUIGNAN,OUI,6180,22:38,SUD EST,PARIS (intramuros),AZURPA,FRPLY,18:10,FRXRS
4543,2023-08-13,LES ARCS DRAGUIGNAN,OUI,6180,18:44,SUD EST,TOULON,AZURPA,FRTLN,18:10,FRXRS
4544,2023-08-13,DIJON VILLE,OUI,6703,12:18,SUD EST,MULHOUSE VILLE,PABOUR,FRAEK,11:02,FRABA
4545,2023-08-13,DIJON VILLE,OUI,6703,11:29,SUD EST,BESANCON - F COMTE TGV,PABOUR,FRTJB,11:02,FRABA
4546,2023-08-13,MONTBARD,NON,6703,12:18,SUD EST,MULHOUSE VILLE,PABOUR,FRAEK,10:24,FRGWE
4547,2023-08-13,PARIS (intramuros),NON,6703,12:18,SUD EST,MULHOUSE VILLE,PABOUR,FRAEK,09:18,FRPLY
4548,2023-08-13,PARIS (intramuros),NON,6703,11:53,SUD EST,BELFORT-MONTBELIARD TGV,PABOUR,FRTJA,09:18,FRPLY
4549,2023-08-13,NIORT,OUI,8371,09:21,ATLANTIQUE,SURGERES,PAROCHELLE,FREIP,09:03,FRNIT
4550,2023-08-13,POITIERS,OUI,8371,09:44,ATLANTIQUE,LA ROCHELLE VILLE,PAROCHELLE,FRLRH,08:14,FRPIS
4551,2023-08-13,PARIS (intramuros),OUI,8371,09:21,ATLANTIQUE,SURGERES,PAROCHELLE,FREIP,06:47,FRPMO
4552,2023-08-13,PARIS (intramuros),OUI,8371,08:10,ATLANTIQUE,POITIERS,PAROCHELLE,FRPIS,06:47,FRPMO
4553,2023-08-13,MANNHEIM HBF,NON,9583,15:59,INTERNATIONAL,FRANKFURT MAIN HBF,MRSFRANC,DEFRH,15:21,DEMHG
4554,2023-08-13,KARLSRUHE HBF,NON,9583,15:59,INTERNATIONAL,FRANKFURT MAIN HBF,MRSFRANC,DEFRH,14:54,DEQKA
4555,2023-08-13,KARLSRUHE HBF,NON,9583,15:18,INTERNATIONAL,MANNHEIM HBF,MRSFRANC,DEMHG,14:54,DEQKA
4556,2023-08-13,BADEN BADEN,NON,9583,15:59,INTERNATIONAL,FRANKFURT MAIN HBF,MRSFRANC,DEFRH,14:25,DEZCC
4557,2023-08-13,BADEN BADEN,NON,9583,14:46,INTERNATIONAL,KARLSRUHE HBF,MRSFRANC,DEQKA,14:25,DEZCC
4558,2023-08-13,STRASBOURG,NON,9583,15:18,INTERNATIONAL,MANNHEIM HBF,MRSFRANC,DEMHG,13:55,FRAEG
4559,2023-08-13,MULHOUSE VILLE,NON,9583,13:43,INTERNATIONAL,STRASBOURG,MRSFRANC,FRAEG,12:54,FRAEK
4560,2023-08-13,AIX EN PROVENCE TGV,NON,9583,14:23,INTERNATIONAL,BADEN BADEN,MRSFRANC,DEZCC,08:25,FRAIE
4561,2023-08-13,AIX EN PROVENCE TGV,NON,9583,12:51,INTERNATIONAL,MULHOUSE VILLE,MRSFRANC,FRAEK,08:25,FRAIE
4562,2023-08-13,AIX EN PROVENCE TGV,NON,9583,11:03,INTERNATIONAL,CHALON SUR SAONE,MRSFRANC,FRXCD,08:25,FRAIE
4563,2023-08-13,AVIGNON TGV,NON,9583,14:46,INTERNATIONAL,KARLSRUHE HBF,MRSFRANC,DEQKA,08:47,FRAVG
4564,2023-08-13,AVIGNON TGV,NON,9583,12:00,INTERNATIONAL,BESANCON - F COMTE TGV,MRSFRANC,FRTJB,08:47,FRAVG
4565,2023-08-13,AVIGNON TGV,NON,9583,11:03,INTERNATIONAL,CHALON SUR SAONE,MRSFRANC,FRXCD,08:47,FRAVG
4566,2023-08-13,LYON (intramuros),NON,9583,15:18,INTERNATIONAL,MANNHEIM HBF,MRSFRANC,DEMHG,10:04,FRLPD
4567,2023-08-13,MARSEILLE ST CHARLES,NON,9583,13:43,INTERNATIONAL,STRASBOURG,MRSFRANC,FRAEG,08:11,FRMSC
4568,2023-08-13,MARSEILLE ST CHARLES,NON,9583,12:00,INTERNATIONAL,BESANCON - F COMTE TGV,MRSFRANC,FRTJB,08:11,FRMSC
4569,2023-08-13,MARSEILLE ST CHARLES,NON,9583,11:03,INTERNATIONAL,CHALON SUR SAONE,MRSFRANC,FRXCD,08:11,FRMSC
4570,2023-08-13,BELFORT-MONTBELIARD TGV,NON,9583,13:43,INTERNATIONAL,STRASBOURG,MRSFRANC,FRAEG,12:27,FRTJA
4571,2023-08-13,BESANCON - F COMTE TGV,NON,9583,12:24,INTERNATIONAL,BELFORT-MONTBELIARD TGV,MRSFRANC,FRTJA,12:03,FRTJB
4572,2023-08-13,CHALON SUR SAONE,NON,9583,14:46,INTERNATIONAL,KARLSRUHE HBF,MRSFRANC,DEQKA,11:06,FRXCD
4573,2023-08-13,CHALON SUR SAONE,NON,9583,14:23,INTERNATIONAL,BADEN BADEN,MRSFRANC,DEZCC,11:06,FRXCD
4574,2023-08-13,CHALON SUR SAONE,NON,9583,12:24,INTERNATIONAL,BELFORT-MONTBELIARD TGV,MRSFRANC,FRTJA,11:06,FRXCD
4575,2023-08-13,PARIS (intramuros),NON,5971,19:17,IC ARO,RIOM CHATEL GUYON,PACLERMONT,FRRIO,16:00,FRPBE
4576,2023-08-13,MOULINS SUR ALLIER,OUI,5971,19:17,IC ARO,RIOM CHATEL GUYON,PACLERMONT,FRRIO,18:30,FRXMU
4577,2023-08-13,ANGERS ST LAUD,NON,4502,16:04,IC SRO,NANTES,JOURLYNNTE,FRNTE,15:23,FRACL
4578,2023-08-13,SAUMUR,NON,4502,15:21,IC SRO,ANGERS ST LAUD,JOURLYNNTE,FRACL,15:00,FRACN
4579,2023-08-13,BOURGES,NON,4502,14:58,IC SRO,SAUMUR,JOURLYNNTE,FRACN,13:03,FRBOU
4580,2023-08-13,LYON (intramuros),NON,4502,13:01,IC SRO,BOURGES,JOURLYNNTE,FRBOU,09:34,FRLPD
4581,2023-08-13,LYON (intramuros),NON,4502,12:10,IC SRO,NEVERS,JOURLYNNTE,FRNVS,09:34,FRLPD
4582,2023-08-13,LYON (intramuros),NON,4502,11:17,IC SRO,ST GERMAIN DES FOSSES,JOURLYNNTE,FRSGF,09:34,FRLPD
4583,2023-08-13,LYON (intramuros),NON,4502,11:17,IC SRO,ST GERMAIN DES FOSSES,JOURLYNNTE,FRSGF,09:20,FRLPE
4584,2023-08-13,LYON (intramuros),NON,4502,11:39,IC SRO,MOULINS SUR ALLIER,JOURLYNNTE,FRXMU,09:20,FRLPE
4585,2023-08-13,NEVERS,NON,4502,16:04,IC SRO,NANTES,JOURLYNNTE,FRNTE,12:25,FRNVS
4586,2023-08-13,ROANNE,NON,4502,11:17,IC SRO,ST GERMAIN DES FOSSES,JOURLYNNTE,FRSGF,10:40,FRRNE
4587,2023-08-13,ROANNE,NON,4502,14:25,IC SRO,ST PIERRE DES CORPS,JOURLYNNTE,FRXSH,10:40,FRRNE
4588,2023-08-13,ST GERMAIN DES FOSSES,NON,4502,16:04,IC SRO,NANTES,JOURLYNNTE,FRNTE,11:19,FRSGF
4589,2023-08-13,ST GERMAIN DES FOSSES,NON,4502,11:39,IC SRO,MOULINS SUR ALLIER,JOURLYNNTE,FRXMU,11:19,FRSGF
4590,2023-08-13,ST GERMAIN DES FOSSES,NON,4502,13:21,IC SRO,VIERZON VILLE,JOURLYNNTE,FRXVZ,11:19,FRSGF
4591,2023-08-13,MOULINS SUR ALLIER,NON,4502,16:04,IC SRO,NANTES,JOURLYNNTE,FRNTE,11:41,FRXMU
4592,2023-08-13,MOULINS SUR ALLIER,NON,4502,13:21,IC SRO,VIERZON VILLE,JOURLYNNTE,FRXVZ,11:41,FRXMU
4593,2023-08-13,VIERZON VILLE,NON,4502,15:21,IC SRO,ANGERS ST LAUD,JOURLYNNTE,FRACL,13:23,FRXVZ
4594,2023-08-13,VIERZON VILLE,NON,4502,16:04,IC SRO,NANTES,JOURLYNNTE,FRNTE,13:23,FRXVZ
4595,2023-08-13,PARIS (intramuros),NON,6175,13:14,SUD EST,MARSEILLE ST CHARLES,PAAZUR,FRMSC,10:10,FRPLY
4596,2023-08-13,TOULON,NON,6175,14:48,SUD EST,LES ARCS DRAGUIGNAN,PAAZUR,FRXRS,14:15,FRTLN
4597,2023-08-13,ANTIBES,OUI,6175,15:57,SUD EST,NICE VILLE,PAAZUR,FRNIC,15:41,FRXAT
4598,2023-08-13,AEROPORT CDG2 TGV ROISSY,OUI,5120,18:30,NORD,LYON (intramuros),JCNORDSUD,FRLPD,16:27,FRMLW
4599,2023-08-13,KARLSRUHE HBF,NON,9563,18:59,INTERNATIONAL,FRANKFURT MAIN HBF,PAFRANC,DEFRH,17:55,DEQKA
4600,2023-08-13,PARIS (intramuros),NON,9563,17:53,INTERNATIONAL,KARLSRUHE HBF,PAFRANC,DEQKA,15:21,FRPST
4601,2023-08-13,LE CREUSOT MONTCEAU MONTCHANIN,OUI,6617,15:56,SUD EST,LYON (intramuros),PARISRHONE,FRLPD,15:13,FRXCC
4602,2023-08-13,LE CREUSOT MONTCEAU MONTCHANIN,OUI,6617,16:10,SUD EST,LYON (intramuros),PARISRHONE,FRLPE,15:13,FRXCC
4603,2023-08-13,BREST,OUI,8636,18:25,ATLANTIQUE,RENNES,BRETAPARIS,FRRNS,16:13,FRBES
4604,2023-08-13,GUINGAMP,OUI,8636,18:25,ATLANTIQUE,RENNES,BRETAPARIS,FRRNS,17:16,FRGGP
4605,2023-08-13,MORLAIX,NON,8636,20:20,ATLANTIQUE,PARIS (intramuros),BRETAPARIS,FRPMO,16:47,FRMXN
4606,2023-08-13,MORLAIX,OUI,8636,18:25,ATLANTIQUE,RENNES,BRETAPARIS,FRRNS,16:47,FRMXN
4607,2023-08-13,RENNES,NON,8636,19:01,ATLANTIQUE,LAVAL,BRETAPARIS,FRACR,18:35,FRRNS
4608,2023-08-13,RENNES,NON,8636,20:20,ATLANTIQUE,PARIS (intramuros),BRETAPARIS,FRPMO,18:35,FRRNS
4609,2023-08-13,ST BRIEUC,NON,8636,19:01,ATLANTIQUE,LAVAL,BRETAPARIS,FRACR,17:34,FRSBK
4610,2023-08-13,LA ROCHELLE VILLE,OUI,8388,19:59,ATLANTIQUE,POITIERS,ROCHELLEPA,FRPIS,18:37,FRLRH
4611,2023-08-13,DIJON VILLE,NON,5500,19:41,EST,COLMAR,JCRHONRHIN,FRAEJ,17:50,FRABA
4612,2023-08-13,MULHOUSE VILLE,OUI,5500,20:13,EST,STRASBOURG,JCRHONRHIN,FRAEG,19:12,FRAEK
4613,2023-08-13,MULHOUSE VILLE,OUI,5500,19:41,EST,COLMAR,JCRHONRHIN,FRAEJ,19:12,FRAEK
4614,2023-08-13,NIMES,NON,5500,21:13,EST,METZ VILLE,JCRHONRHIN,FRADE,14:23,FRFNI
4615,2023-08-13,NIMES,NON,5500,16:39,EST,MACON VILLE,JCRHONRHIN,FRHGU,14:23,FRFNI
4616,2023-08-13,MACON VILLE,NON,5500,20:13,EST,STRASBOURG,JCRHONRHIN,FRAEG,16:41,FRHGU
4617,2023-08-13,LYON (intramuros),NON,5500,19:41,EST,COLMAR,JCRHONRHIN,FRAEJ,16:04,FRLPD
4618,2023-08-13,MONTPELLIER SAINT-ROCH,NON,5500,21:13,EST,METZ VILLE,JCRHONRHIN,FRADE,13:55,FRMPL
4619,2023-08-13,MONTPELLIER SAINT-ROCH,NON,5500,20:13,EST,STRASBOURG,JCRHONRHIN,FRAEG,13:55,FRMPL
4620,2023-08-13,MONTPELLIER SAINT-ROCH,OUI,5500,14:20,EST,NIMES,JCRHONRHIN,FRFNI,13:55,FRMPL
4621,2023-08-13,BELFORT-MONTBELIARD TGV,NON,5500,21:13,EST,METZ VILLE,JCRHONRHIN,FRADE,18:47,FRTJA
4622,2023-08-13,BELFORT-MONTBELIARD TGV,NON,5500,20:13,EST,STRASBOURG,JCRHONRHIN,FRAEG,18:47,FRTJA
4623,2023-08-13,BESANCON - F COMTE TGV,NON,5500,21:13,EST,METZ VILLE,JCRHONRHIN,FRADE,18:22,FRTJB
4624,2023-08-13,VALENCE TGV RHONE-ALPES SUD,NON,5500,19:09,EST,MULHOUSE VILLE,JCRHONRHIN,FRAEK,15:12,FRVLA
4625,2023-08-13,FORBACH,NON,9557,21:35,INTERNATIONAL,KAISERSLAUTERN HBF,PAFRANC,DEKLT,20:49,FRBQT
4626,2023-08-13,PARIS (intramuros),NON,9557,21:35,INTERNATIONAL,KAISERSLAUTERN HBF,PAFRANC,DEKLT,19:07,FRPST
4627,2023-08-13,PARIS (intramuros),NON,9557,20:47,INTERNATIONAL,FORBACH,PAFRANC,FRBQT,19:07,FRPST
4628,2023-08-13,POITIERS,OUI,8389,19:18,ATLANTIQUE,NIORT,PAROCHELLE,FRNIT,18:34,FRPIS
4629,2023-08-13,LIMOGES BENEDICTINS,OUI,3628,08:27,IC ARO,LA SOUTERRAINE,TOULOUZECO,FRLST,07:57,FRAGQ
4630,2023-08-13,BRIVE LA GAILLARDE,OUI,3628,09:08,IC ARO,CHATEAUROUX,TOULOUZECO,FRCHR,06:55,FRBVE
4631,2023-08-13,ARGENTON SUR CREUSE,OUI,3628,09:08,IC ARO,CHATEAUROUX,TOULOUZECO,FRCHR,08:52,FRFMT
4632,2023-08-13,DIJON VILLE,OUI,6708,20:42,SUD EST,PARIS (intramuros),BOURPA,FRPLY,19:06,FRABA
4633,2023-08-13,MULHOUSE VILLE,OUI,6708,20:42,SUD EST,PARIS (intramuros),BOURPA,FRPLY,17:46,FRAEK
4634,2023-08-13,MULHOUSE VILLE,OUI,6708,18:08,SUD EST,BELFORT-MONTBELIARD TGV,BOURPA,FRTJA,17:46,FRAEK
4635,2023-08-13,BELFORT-MONTBELIARD TGV,OUI,6708,19:02,SUD EST,DIJON VILLE,BOURPA,FRABA,18:11,FRTJA
4636,2023-08-13,BESANCON - F COMTE TGV,OUI,6708,19:02,SUD EST,DIJON VILLE,BOURPA,FRABA,18:34,FRTJB
4637,2023-08-13,BESANCON - F COMTE TGV,OUI,6708,20:42,SUD EST,PARIS (intramuros),BOURPA,FRPLY,18:34,FRTJB
4638,2023-08-13,NIORT,OUI,8395,23:31,ATLANTIQUE,LA ROCHELLE VILLE,PAROCHELLE,FRLRH,22:50,FRNIT
4639,2023-08-13,POITIERS,OUI,8395,22:29,ATLANTIQUE,ST MAIXENT DEUX SEVRES,PAROCHELLE,FREJC,21:49,FRPIS
4640,2023-08-13,BEZIERS,OUI,6206,19:18,SUD EST,PARIS (intramuros),LANGPA,FRPLY,14:57,FRBZR
4641,2023-08-13,PERPIGNAN,OUI,6206,15:07,SUD EST,AGDE,LANGPA,FRXAG,14:04,FRPGF
4642,2023-08-13,AGDE,OUI,6206,19:18,SUD EST,PARIS (intramuros),LANGPA,FRPLY,15:10,FRXAG
4643,2023-08-13,AGDE,OUI,6206,17:01,SUD EST,VALENCE TGV RHONE-ALPES SUD,LANGPA,FRVLA,15:10,FRXAG
4644,2023-08-13,MARSEILLE ST CHARLES,OUI,6116,12:15,SUD EST,AIX EN PROVENCE TGV,PROVENCEPA,FRAIE,12:04,FRMSC
4645,2023-08-13,RIOM CHATEL GUYON,OUI,5990,20:58,IC ARO,NEVERS,CLERMONTPA,FRNVS,19:42,FRRIO
4646,2023-08-13,MOULINS SUR ALLIER,OUI,5990,20:58,IC ARO,NEVERS,CLERMONTPA,FRNVS,20:31,FRXMU
4647,2023-08-13,RETHEL,OUI,2765,23:11,EST,CHARLEVILLE MEZIERES,PABARSED,FRXCZ,22:42,FRBDT
4648,2023-08-13,RETHEL,OUI,2765,23:35,EST,SEDAN,PABARSED,FRXSW,22:42,FRBDT
4649,2023-08-13,PARIS (intramuros),NON,6127,21:21,SUD EST,AVIGNON TGV,PAPROVENCE,FRAVG,18:38,FRPLY
4650,2023-08-13,ANGERS ST LAUD,OUI,2200,13:19,EST,NANTES,JCESTATL,FRNTE,12:39,FRACL
4651,2023-08-13,MASSY TGV,NON,2200,13:19,EST,NANTES,JCESTATL,FRNTE,10:38,FRDJU
4652,2023-08-13,CHAMPAGNE-ARDENNE,NON,2200,10:34,EST,MASSY TGV,JCESTATL,FRDJU,08:58,FREAH
4653,2023-08-13,CHAMPAGNE-ARDENNE,NON,2200,11:32,EST,ST PIERRE DES CORPS,JCESTATL,FRXSH,08:58,FREAH
4654,2023-08-13,LORRAINE TGV,NON,2200,09:55,EST,MARNE LA VALLEE CHESSY,JCESTATL,FRMLV,08:09,FREAM
4655,2023-08-13,AEROPORT CDG2 TGV ROISSY,NON,2200,10:34,EST,MASSY TGV,JCESTATL,FRDJU,09:45,FRMLW
4656,2023-08-13,ST PIERRE DES CORPS,OUI,2200,13:19,EST,NANTES,JCESTATL,FRNTE,11:40,FRXSH
4657,2023-08-13,PARIS (intramuros),OUI,7473,20:18,NORD,LILLE (intramuros),PALILLE,FRADJ,19:16,FRPNO
4658,2023-08-13,ANGOULEME,NON,5284,17:57,NORD,LILLE (intramuros),JCAQUINORD,FRLLE,13:36,FRANG
4659,2023-08-13,ANGOULEME,NON,5284,14:50,NORD,ST PIERRE DES CORPS,JCAQUINORD,FRXSH,13:36,FRANG
4660,2023-08-13,BORDEAUX ST JEAN,OUI,5284,13:33,NORD,ANGOULEME,JCAQUINORD,FRANG,12:58,FRBOJ
4661,2023-08-13,BORDEAUX ST JEAN,NON,5284,14:16,NORD,POITIERS,JCAQUINORD,FRPIS,12:58,FRBOJ
4662,2023-08-13,MARNE LA VALLEE CHESSY,NON,5284,17:15,NORD,TGV HAUTE PICARDIE,JCAQUINORD,FRTHP,16:31,FRMLV
4663,2023-08-13,ST PIERRE DES CORPS,NON,5284,17:57,NORD,LILLE (intramuros),JCAQUINORD,FRLLE,14:54,FRXSH
4664,2023-08-13,ST PIERRE DES CORPS,NON,5284,16:27,NORD,MARNE LA VALLEE CHESSY,JCAQUINORD,FRMLV,14:54,FRXSH
4665,2023-08-13,AIX EN PROVENCE TGV,NON,9752,17:45,INTERNATIONAL,GENEVE,MEDGENEVE,CHGVA,14:00,FRAIE
4666,2023-08-13,AVIGNON TGV,NON,9752,16:58,INTERNATIONAL,BELLEGARDE,MEDGENEVE,FRXBF,14:23,FRAVG
4667,2023-08-13,MARSEILLE ST CHARLES,NON,9752,17:45,INTERNATIONAL,GENEVE,MEDGENEVE,CHGVA,13:46,FRMSC
4668,2023-08-13,MARSEILLE ST CHARLES,NON,9752,14:19,INTERNATIONAL,AVIGNON TGV,MEDGENEVE,FRAVG,13:46,FRMSC
4669,2023-08-13,MARSEILLE ST CHARLES,NON,9752,15:30,INTERNATIONAL,LYON (intramuros),MEDGENEVE,FRLPD,13:46,FRMSC
4670,2023-08-13,LAVAL,NON,5080,13:49,NORD,MASSY TGV,JCBRETNORD,FRDJU,12:28,FRACR
4671,2023-08-13,LAVAL,NON,5080,15:49,NORD,LILLE (intramuros),JCBRETNORD,FRLLE,12:28,FRACR
4672,2023-08-13,RENNES,NON,5080,12:57,NORD,LE MANS,JCBRETNORD,FRAET,12:00,FRRNS
4673,2023-08-13,RENNES,NON,5080,13:49,NORD,MASSY TGV,JCBRETNORD,FRDJU,12:00,FRRNS
4674,2023-08-13,RENNES,NON,5080,15:49,NORD,LILLE (intramuros),JCBRETNORD,FRLLE,12:00,FRRNS
4675,2023-08-13,LE MANS,NON,5210,11:17,NORD,RENNES,JCNORDBRET,FRRNS,10:32,FRAET
4676,2023-08-13,MASSY TGV,NON,5210,10:29,NORD,LE MANS,JCNORDBRET,FRAET,09:39,FRDJU
4677,2023-08-13,MARNE LA VALLEE CHESSY,OUI,5210,09:34,NORD,MASSY TGV,JCNORDBRET,FRDJU,09:02,FRMLV
4678,2023-08-13,AEROPORT CDG2 TGV ROISSY,OUI,5210,09:34,NORD,MASSY TGV,JCNORDBRET,FRDJU,08:48,FRMLW
4679,2023-08-13,AEROPORT CDG2 TGV ROISSY,NON,5210,11:17,NORD,RENNES,JCNORDBRET,FRRNS,08:48,FRMLW
4680,2023-08-13,ANGERS ST LAUD,OUI,9832,19:50,NORD,NANTES,JCNORDBRET,FRNTE,19:12,FRACL
4681,2023-08-13,LILLE (intramuros),NON,9832,19:09,NORD,ANGERS ST LAUD,JCNORDBRET,FRACL,15:52,FRLLE
4682,2023-08-13,LILLE (intramuros),NON,9832,16:58,NORD,MARNE LA VALLEE CHESSY,JCNORDBRET,FRMLV,15:52,FRLLE
4683,2023-08-13,MARNE LA VALLEE CHESSY,NON,9832,18:29,NORD,LE MANS,JCNORDBRET,FRAET,17:02,FRMLV
4684,2023-08-13,MARNE LA VALLEE CHESSY,NON,9832,19:50,NORD,NANTES,JCNORDBRET,FRNTE,17:02,FRMLV
4685,2023-08-13,AEROPORT CDG2 TGV ROISSY,NON,9832,19:50,NORD,NANTES,JCNORDBRET,FRNTE,16:49,FRMLW
4686,2023-08-13,BRUXELLES MIDI BRUSSEL ZUID,NON,9832,19:50,NORD,NANTES,JCNORDBRET,FRNTE,15:02,BEBMI
4687,2023-08-13,BRUXELLES MIDI BRUSSEL ZUID,NON,9832,17:33,NORD,MASSY TGV,JCNORDBRET,FRDJU,15:02,BEBMI
4688,2023-08-13,PARIS (intramuros),OUI,7195,23:02,NORD,DOUAI,PAARRAS,FRXDN,21:52,FRPNO
4689,2023-08-13,LUCON,NON,3833,13:39,IC SRO,LA ROCHELLE VILLE,NANTEBORDO,FRLRH,13:00,FRLCN
4690,2023-08-13,NANTES,NON,3833,12:35,IC SRO,LA ROCHE SUR YON,NANTEBORDO,FRXRO,11:55,FRNTE
4691,2023-08-13,NANTES,NON,3833,14:32,IC SRO,SAINTES,NANTEBORDO,FRXST,11:55,FRNTE
4692,2023-08-13,LA ROCHE SUR YON,NON,3833,16:08,IC SRO,BORDEAUX ST JEAN,NANTEBORDO,FRBOJ,12:36,FRXRO
4693,2023-08-13,LA ROCHE SUR YON,NON,3833,14:03,IC SRO,ROCHEFORT,NANTEBORDO,FRRCO,12:36,FRXRO
4694,2023-08-13,LA ROCHE SUR YON,NON,3833,14:32,IC SRO,SAINTES,NANTEBORDO,FRXST,12:36,FRXRO
4695,2023-08-13,CANNES,NON,6168,21:50,SUD EST,PARIS (intramuros),AZURPA,FRPLY,16:32,FRJCA
4696,2023-08-13,TOULON,OUI,6168,18:33,SUD EST,MARSEILLE ST CHARLES,AZURPA,FRMSC,17:48,FRTLN
4697,2023-08-13,TOULON,NON,6168,21:50,SUD EST,PARIS (intramuros),AZURPA,FRPLY,17:48,FRTLN
4698,2023-08-13,ANTIBES,OUI,6168,17:44,SUD EST,TOULON,AZURPA,FRTLN,16:17,FRXAT
4699,2023-08-13,ANTIBES,OUI,6168,16:55,SUD EST,ST RAPHAEL VALESCURE,AZURPA,FRXSK,16:17,FRXAT
4700,2023-08-13,ST RAPHAEL VALESCURE,OUI,6168,17:44,SUD EST,TOULON,AZURPA,FRTLN,16:58,FRXSK
4701,2023-08-13,ANGERS ST LAUD,OUI,8931,21:55,ATLANTIQUE,LA BAULE ESCOUBLAC,PARISLOIRE,FRJEE,20:19,FRACL
4702,2023-08-13,ANGERS ST LAUD,OUI,8931,21:39,ATLANTIQUE,ST NAZAIRE,PARISLOIRE,FRSNR,20:19,FRACL
4703,2023-08-13,NANTES,OUI,8931,21:39,ATLANTIQUE,ST NAZAIRE,PARISLOIRE,FRSNR,21:05,FRNTE
4704,2023-08-13,PARIS (intramuros),NON,8931,20:59,ATLANTIQUE,NANTES,PARISLOIRE,FRNTE,18:48,FRPMO
4705,2023-08-13,PARIS (intramuros),NON,8931,19:54,ATLANTIQUE,SABLE SUR SARTHE,PARISLOIRE,FRSAB,18:48,FRPMO
4706,2023-08-13,SABLE SUR SARTHE,OUI,8931,22:08,ATLANTIQUE,LE CROISIC,PARISLOIRE,FREGU,19:56,FRSAB
4707,2023-08-13,SABLE SUR SARTHE,OUI,8931,20:59,ATLANTIQUE,NANTES,PARISLOIRE,FRNTE,19:56,FRSAB
4708,2023-08-13,CHATEAUROUX,OUI,3617,10:22,IC ARO,LA SOUTERRAINE,PALITO,FRLST,09:43,FRCHR
4709,2023-08-13,ARGENTON SUR CREUSE,OUI,3617,11:36,IC ARO,UZERCHE,PALITO,FRAAW,09:59,FRFMT
4710,2023-08-13,VIERZON VILLE,OUI,3617,09:41,IC ARO,CHATEAUROUX,PALITO,FRCHR,09:11,FRXVZ
4711,2023-08-13,VIERZON VILLE,OUI,3617,09:58,IC ARO,ARGENTON SUR CREUSE,PALITO,FRFMT,09:11,FRXVZ
4712,2023-08-13,DAX,OUI,8589,22:11,ATLANTIQUE,BORDEAUX ST JEAN,SUDOUESTPA,FRBOJ,20:59,FRACG
4713,2023-08-13,PAU,OUI,8589,20:56,ATLANTIQUE,DAX,SUDOUESTPA,FRACG,20:10,FRAEE
4714,2023-08-13,PAU,OUI,8589,22:11,ATLANTIQUE,BORDEAUX ST JEAN,SUDOUESTPA,FRBOJ,20:10,FRAEE
4715,2023-08-13,BORDEAUX ST JEAN,OUI,8589,00:27,ATLANTIQUE,PARIS (intramuros),SUDOUESTPA,FRPMO,22:21,FRBOJ
4716,2023-08-13,LOURDES,OUI,8589,00:27,ATLANTIQUE,PARIS (intramuros),SUDOUESTPA,FRPMO,19:42,FRLDE
4717,2023-08-13,PARIS (intramuros),NON,9711,11:03,SUD EST,BEZIERS,PABARCELONE,FRBZR,06:56,FRPLY
4718,2023-08-13,PARIS (intramuros),NON,9711,09:07,SUD EST,VALENCE TGV RHONE-ALPES SUD,PABARCELONE,FRVLA,06:56,FRPLY
4719,2023-08-13,PARIS (intramuros),NON,9711,10:48,SUD EST,AGDE,PABARCELONE,FRXAG,06:56,FRPLY
4720,2023-08-13,VALENCE TGV RHONE-ALPES SUD,NON,9711,11:56,SUD EST,PERPIGNAN,PABARCELONE,FRPGF,09:10,FRVLA
4721,2023-08-13,PERPIGNAN,NON,9711,12:27,SUD EST,FIGUERES VILA TGV,PABARCELONE,ESFIR,12:03,FRPGF
4722,2023-08-13,NIMES PONT DU GARD,NON,9711,10:31,SUD EST,SETE,PABARCELONE,FRXSY,09:49,FRXZP
4723,2023-08-13,VALENCE TGV RHONE-ALPES SUD,NON,9711,13:25,SUD EST,BARCELONA SANTS,PABARCELONE,ESBST,09:10,FRVLA
4724,2023-08-13,NIMES PONT DU GARD,NON,9711,12:44,SUD EST,GIRONA,PABARCELONE,ESGRO,09:49,FRXZP
4725,2023-08-13,MONTPELLIER SUD DE FRANCE,NON,9711,12:27,SUD EST,FIGUERES VILA TGV,PABARCELONE,ESFIR,10:17,FRSUF
4726,2023-08-13,PARIS (intramuros),NON,8731,21:28,ATLANTIQUE,QUIMPER,PARISBRETA,FRUIP,17:56,FRPMO
4727,2023-08-13,VANNES,OUI,8731,20:51,ATLANTIQUE,LORIENT,PARISBRETA,FRLRT,20:27,FRVNE
4728,2023-08-13,VANNES,OUI,8731,21:28,ATLANTIQUE,QUIMPER,PARISBRETA,FRUIP,20:27,FRVNE
4729,2023-08-13,SURGERES,OUI,8392,23:12,ATLANTIQUE,ST PIERRE DES CORPS,ROCHELLEPA,FRXSH,21:31,FREIP
4730,2023-08-13,LA ROCHELLE VILLE,OUI,8392,21:49,ATLANTIQUE,NIORT,ROCHELLEPA,FRNIT,21:09,FRLRH
4731,2023-08-13,LA ROCHELLE VILLE,OUI,8392,23:12,ATLANTIQUE,ST PIERRE DES CORPS,ROCHELLEPA,FRXSH,21:09,FRLRH
4732,2023-08-13,NIORT,OUI,8392,00:17,ATLANTIQUE,PARIS (intramuros),ROCHELLEPA,FRPMO,21:52,FRNIT
4733,2023-08-13,MANNHEIM HBF,NON,9554,14:52,INTERNATIONAL,PARIS (intramuros),FRANCPA,FRPST,11:40,DEMHG
4734,2023-08-13,FORBACH,NON,9554,14:52,INTERNATIONAL,PARIS (intramuros),FRANCPA,FRPST,13:12,FRBQT
4735,2023-08-13,DIJON VILLE,NON,2204,19:09,EST,MULHOUSE VILLE,JCRHONRHIN,FRAEK,17:50,FRABA
4736,2023-08-13,MULHOUSE VILLE,OUI,2204,19:41,EST,COLMAR,JCRHONRHIN,FRAEJ,19:12,FRAEK
4737,2023-08-13,NIMES,NON,2204,15:51,EST,LYON (intramuros),JCRHONRHIN,FRLPD,14:23,FRFNI
4738,2023-08-13,MACON VILLE,NON,2204,19:41,EST,COLMAR,JCRHONRHIN,FRAEJ,16:41,FRHGU
4739,2023-08-13,LYON (intramuros),NON,2204,19:09,EST,MULHOUSE VILLE,JCRHONRHIN,FRAEK,16:04,FRLPD
4740,2023-08-13,MONTPELLIER SAINT-ROCH,NON,2204,19:09,EST,MULHOUSE VILLE,JCRHONRHIN,FRAEK,13:55,FRMPL
4741,2023-08-13,MONTPELLIER SAINT-ROCH,NON,2204,18:44,EST,BELFORT-MONTBELIARD TGV,JCRHONRHIN,FRTJA,13:55,FRMPL
4742,2023-08-13,MONTPELLIER SAINT-ROCH,NON,2204,18:17,EST,BESANCON - F COMTE TGV,JCRHONRHIN,FRTJB,13:55,FRMPL
4743,2023-08-13,BELFORT-MONTBELIARD TGV,NON,2204,19:09,EST,MULHOUSE VILLE,JCRHONRHIN,FRAEK,18:47,FRTJA
4744,2023-08-13,BESANCON - F COMTE TGV,NON,2204,18:44,EST,BELFORT-MONTBELIARD TGV,JCRHONRHIN,FRTJA,18:22,FRTJB
4745,2023-08-13,VALENCE TGV RHONE-ALPES SUD,NON,2204,20:13,EST,STRASBOURG,JCRHONRHIN,FRAEG,15:12,FRVLA
4746,2023-08-13,VALENCE TGV RHONE-ALPES SUD,NON,2204,19:41,EST,COLMAR,JCRHONRHIN,FRAEJ,15:12,FRVLA
4747,2023-08-13,VALENCE TGV RHONE-ALPES SUD,NON,2204,16:39,EST,MACON VILLE,JCRHONRHIN,FRHGU,15:12,FRVLA
4748,2023-08-13,LORIENT,OUI,8751,23:45,ATLANTIQUE,QUIMPER,PARISBRETA,FRUIP,23:02,FRLRT
4749,2023-08-13,PARIS (intramuros),NON,8751,23:45,ATLANTIQUE,QUIMPER,PARISBRETA,FRUIP,19:54,FRPMO
4750,2023-08-13,RENNES,NON,8751,22:03,ATLANTIQUE,REDON,PARISBRETA,FRXRN,21:29,FRRNS
4751,2023-08-13,RENNES,NON,8751,22:41,ATLANTIQUE,AURAY,PARISBRETA,FRXUY,21:29,FRRNS
4752,2023-08-13,VANNES,OUI,8751,22:59,ATLANTIQUE,LORIENT,PARISBRETA,FRLRT,22:31,FRVNE
4753,2023-08-13,REDON,NON,8751,23:30,ATLANTIQUE,ROSPORDEN,PARISBRETA,FRRSP,22:05,FRXRN
4754,2023-08-13,REDON,NON,8751,22:28,ATLANTIQUE,VANNES,PARISBRETA,FRVNE,22:05,FRXRN
4755,2023-08-13,REDON,NON,8751,22:41,ATLANTIQUE,AURAY,PARISBRETA,FRXUY,22:05,FRXRN
4756,2023-08-13,AEROPORT CDG2 TGV ROISSY,NON,9812,12:00,NORD,LYON (intramuros),JCNORDSUD,FRLPD,09:58,FRMLW
4757,2023-08-13,AEROPORT CDG2 TGV ROISSY,NON,9812,10:08,NORD,MARNE LA VALLEE CHESSY,JCNORDSUD,FRMLV,09:58,FRMLW
4758,2023-08-13,VALENCE TGV RHONE-ALPES SUD,NON,9812,14:03,NORD,MONTPELLIER SAINT-ROCH,JCNORDSUD,FRMPL,12:50,FRVLA
4759,2023-08-13,BIARRITZ,OUI,8541,16:42,ATLANTIQUE,ST JEAN DE LUZ CIBOURE,PASUDOUEST,FRXJZ,16:29,FRBIQ
4760,2023-08-13,BORDEAUX ST JEAN,NON,8541,15:37,ATLANTIQUE,DAX,PASUDOUEST,FRACG,14:21,FRBOJ
4761,2023-08-13,BORDEAUX ST JEAN,NON,8541,16:14,ATLANTIQUE,BAYONNE,PASUDOUEST,FRXBY,14:21,FRBOJ
4762,2023-08-13,PARIS (intramuros),OUI,6627,19:09,SUD EST,LE CREUSOT MONTCEAU MONTCHANIN,PARISRHONE,FRXCC,17:52,FRPLY
4763,2023-08-13,LE CREUSOT MONTCEAU MONTCHANIN,OUI,6627,19:56,SUD EST,LYON (intramuros),PARISRHONE,FRLPD,19:12,FRXCC
4764,2023-08-13,MULHOUSE VILLE,NON,6704,14:02,SUD EST,MONTBARD,BOURPA,FRGWE,12:05,FRAEK
4765,2023-08-13,BELFORT-MONTBELIARD TGV,OUI,6704,13:23,SUD EST,DIJON VILLE,BOURPA,FRABA,12:31,FRTJA
4766,2023-08-13,BELFORT-MONTBELIARD TGV,NON,6704,15:08,SUD EST,PARIS (intramuros),BOURPA,FRPLY,12:31,FRTJA
4767,2023-08-13,BELFORT-MONTBELIARD TGV,OUI,6704,12:51,SUD EST,BESANCON - F COMTE TGV,BOURPA,FRTJB,12:31,FRTJA
4768,2023-08-13,BESANCON - F COMTE TGV,NON,6704,15:08,SUD EST,PARIS (intramuros),BOURPA,FRPLY,12:54,FRTJB
4769,2023-08-13,GRENOBLE,OUI,6928,23:46,SUD EST,PARIS (intramuros),GRENOBLEPA,FRPLY,20:47,FRGNB
4770,2023-08-13,LYON-SAINT EXUPERY TGV,OUI,6928,23:46,SUD EST,PARIS (intramuros),GRENOBLEPA,FRPLY,21:54,FRJDQ
4771,2023-08-13,AIX EN PROVENCE TGV,OUI,6134,23:30,SUD EST,PARIS (intramuros),PROVENCEPA,FRPLY,20:23,FRAIE
4772,2023-08-13,CARCASSONNE,NON,4655,10:54,IC ARO,MONTPELLIER SAINT-ROCH,TJOURSOSE,FRMPL,09:29,FRCCF
4773,2023-08-13,MONTPELLIER SAINT-ROCH,NON,4655,11:22,IC ARO,NIMES,TJOURSOSE,FRFNI,10:58,FRMPL
4774,2023-08-13,MONTPELLIER SAINT-ROCH,NON,4655,12:36,IC ARO,MARSEILLE ST CHARLES,TJOURSOSE,FRMSC,10:58,FRMPL
4775,2023-08-13,MONTAUBAN VILLE BOURBON,NON,4655,10:15,IC ARO,BEZIERS,TJOURSOSE,FRBZR,08:10,FRXMW
4776,2023-08-13,MONTAUBAN VILLE BOURBON,NON,4655,09:27,IC ARO,CARCASSONNE,TJOURSOSE,FRCCF,08:10,FRXMW
4777,2023-08-13,BEZIERS,NON,6873,18:23,SUD EST,NIMES,JCSUDPROV,FRFNI,17:15,FRBZR
4778,2023-08-13,BEZIERS,NON,6873,17:36,SUD EST,SETE,JCSUDPROV,FRXSY,17:15,FRBZR
4779,2023-08-13,CARCASSONNE,NON,6873,18:23,SUD EST,NIMES,JCSUDPROV,FRFNI,16:27,FRCCF
4780,2023-08-13,MONTPELLIER SAINT-ROCH,NON,6873,18:23,SUD EST,NIMES,JCSUDPROV,FRFNI,17:59,FRMPL
4781,2023-08-13,NARBONNE,NON,6873,19:10,SUD EST,VALENCE TGV RHONE-ALPES SUD,JCSUDPROV,FRVLA,16:59,FRXNA
4782,2023-08-13,TOULOUSE MATABIAU,NON,6873,17:12,SUD EST,BEZIERS,JCSUDPROV,FRBZR,15:43,FRXYT
4783,2023-08-13,TOULOUSE MATABIAU,NON,6873,19:51,SUD EST,LYON (intramuros),JCSUDPROV,FRLPD,15:43,FRXYT
4784,2023-08-13,PARIS (intramuros),NON,6033,12:45,SUD EST,NIMES,PALANG,FRFNI,09:42,FRPLY
4785,2023-08-13,PARIS (intramuros),NON,6033,13:15,SUD EST,MONTPELLIER SAINT-ROCH,PALANG,FRMPL,09:42,FRPLY
4786,2023-08-13,PARIS (intramuros),NON,6033,11:57,SUD EST,VALENCE TGV RHONE-ALPES SUD,PALANG,FRVLA,09:42,FRPLY
4787,2023-08-13,VALENCE TGV RHONE-ALPES SUD,NON,6033,13:15,SUD EST,MONTPELLIER SAINT-ROCH,PALANG,FRMPL,12:00,FRVLA
4788,2023-08-13,AIX EN PROVENCE TGV,OUI,6136,06:38,SUD EST,AVIGNON TGV,PROVENCEPA,FRAVG,06:18,FRAIE
4789,2023-08-13,MARSEILLE ST CHARLES,OUI,6136,06:38,SUD EST,AVIGNON TGV,PROVENCEPA,FRAVG,06:04,FRMSC
4790,2023-08-13,LYON (intramuros),OUI,5380,09:30,SUD EST,LE MANS,JCSUDATL,FRAET,06:30,FRLPD
4791,2023-08-13,LYON (intramuros),OUI,5380,10:30,SUD EST,RENNES,JCSUDATL,FRRNS,06:30,FRLPD
4792,2023-08-13,NIMES,NON,6223,21:04,SUD EST,BEZIERS,PALANG,FRBZR,19:50,FRFNI
4793,2023-08-13,NIMES,NON,6223,20:50,SUD EST,AGDE,PALANG,FRXAG,19:50,FRFNI
4794,2023-08-13,MONTPELLIER SAINT-ROCH,NON,6223,21:04,SUD EST,BEZIERS,PALANG,FRBZR,20:21,FRMPL
4795,2023-08-13,MONTPELLIER SAINT-ROCH,NON,6223,20:50,SUD EST,AGDE,PALANG,FRXAG,20:21,FRMPL
4796,2023-08-13,PARIS (intramuros),NON,6223,18:58,SUD EST,VALENCE TGV RHONE-ALPES SUD,PALANG,FRVLA,16:42,FRPLY
4797,2023-08-13,VALENCE TGV RHONE-ALPES SUD,NON,6223,19:46,SUD EST,NIMES,PALANG,FRFNI,19:01,FRVLA
4798,2023-08-13,SETE,NON,6223,21:04,SUD EST,BEZIERS,PALANG,FRBZR,20:38,FRXSY
4799,2023-08-13,SETE,NON,6223,21:56,SUD EST,PERPIGNAN,PALANG,FRPGF,20:38,FRXSY
4800,2023-08-13,SETE,NON,6223,21:20,SUD EST,NARBONNE,PALANG,FRXNA,20:38,FRXSY
4801,2023-08-13,METZ VILLE,OUI,5521,06:40,EST,STRASBOURG,JCRHINRHON,FRAEG,05:46,FRADE
4802,2023-08-13,METZ VILLE,NON,5521,12:55,EST,MONTPELLIER SAINT-ROCH,JCRHINRHON,FRMPL,05:46,FRADE
4803,2023-08-13,METZ VILLE,OUI,5521,08:38,EST,BESANCON - F COMTE TGV,JCRHINRHON,FRTJB,05:46,FRADE
4804,2023-08-13,STRASBOURG,NON,5521,12:55,EST,MONTPELLIER SAINT-ROCH,JCRHINRHON,FRMPL,06:47,FRAEG
4805,2023-08-13,COLMAR,NON,5521,12:24,EST,NIMES,JCRHINRHON,FRFNI,07:16,FRAEJ
4806,2023-08-13,COLMAR,NON,5521,12:55,EST,MONTPELLIER SAINT-ROCH,JCRHINRHON,FRMPL,07:16,FRAEJ
4807,2023-08-13,COLMAR,NON,5521,09:54,EST,CHALON SUR SAONE,JCRHINRHON,FRXCD,07:16,FRAEJ
4808,2023-08-13,MULHOUSE VILLE,NON,5521,12:55,EST,MONTPELLIER SAINT-ROCH,JCRHINRHON,FRMPL,07:52,FRAEK
4809,2023-08-13,MULHOUSE VILLE,OUI,5521,08:14,EST,BELFORT-MONTBELIARD TGV,JCRHINRHON,FRTJA,07:52,FRAEK
4810,2023-08-13,MULHOUSE VILLE,OUI,5521,08:38,EST,BESANCON - F COMTE TGV,JCRHINRHON,FRTJB,07:52,FRAEK
4811,2023-08-13,BELFORT-MONTBELIARD TGV,NON,5521,09:54,EST,CHALON SUR SAONE,JCRHINRHON,FRXCD,08:17,FRTJA
4812,2023-08-13,BESANCON - F COMTE TGV,NON,5521,09:11,EST,DIJON VILLE,JCRHINRHON,FRABA,08:41,FRTJB
4813,2023-08-13,BESANCON - F COMTE TGV,NON,5521,10:56,EST,LYON (intramuros),JCRHINRHON,FRLPD,08:41,FRTJB
4814,2023-08-13,CHALON SUR SAONE,NON,5521,10:56,EST,LYON (intramuros),JCRHINRHON,FRLPD,09:56,FRXCD
4815,2023-08-13,GRENOBLE,OUI,6922,17:50,SUD EST,LYON-SAINT EXUPERY TGV,GRENOBLEPA,FRJDQ,16:47,FRGNB
4816,2023-08-13,FREIBURG BREISGAU HBF,NON,9408,10:05,EST,PARIS (intramuros),MULHSTRAPA,FRPST,07:08,DEFGB
4817,2023-08-13,LAHR SCHWARZW,OUI,9408,08:13,EST,STRASBOURG,MULHSTRAPA,FRAEG,07:37,DEANL
4818,2023-08-13,RINGSHEIM/EU-PARK,OUI,9408,07:36,EST,LAHR SCHWARZW,MULHSTRAPA,DEANL,07:28,DERSH
4819,2023-08-13,DAX,NON,8585,21:52,ATLANTIQUE,PARIS (intramuros),SUDOUESTPA,FRPMO,18:17,FRACG
4820,2023-08-13,TARBES,OUI,8585,18:13,ATLANTIQUE,DAX,SUDOUESTPA,FRACG,16:25,FRXTB
4821,2023-08-13,TARBES,NON,8585,21:52,ATLANTIQUE,PARIS (intramuros),SUDOUESTPA,FRPMO,16:25,FRXTB
4822,2023-08-13,PAU,NON,3742,07:19,IC NUIT,PARIS (intramuros),PALOMBEPAR,FRPAZ,21:30,FRAEE
4823,2023-08-13,ORTHEZ,NON,3742,06:08,IC NUIT,LES AUBRAIS ORLEANS,PALOMBEPAR,FRLAB,21:04,FRGFI
4824,2023-08-13,ST GAUDENS,NON,3742,07:19,IC NUIT,PARIS (intramuros),PALOMBEPAR,FRPAZ,22:57,FRFPH
4825,2023-08-13,ST MAIXENT DEUX SEVRES,OUI,8391,20:58,ATLANTIQUE,SURGERES,PAROCHELLE,FREIP,20:21,FREJC
4826,2023-08-13,POITIERS,OUI,8391,20:37,ATLANTIQUE,NIORT,PAROCHELLE,FRNIT,19:49,FRPIS
4827,2023-08-13,PARIS (intramuros),OUI,8391,20:18,ATLANTIQUE,ST MAIXENT DEUX SEVRES,PAROCHELLE,FREJC,18:24,FRPMO
4828,2023-08-13,PARIS (intramuros),OUI,8391,19:45,ATLANTIQUE,POITIERS,PAROCHELLE,FRPIS,18:24,FRPMO
4829,2023-08-13,ISSOIRE,NON,15940,16:01,IC SRO,CLERMONT FERRAND,JOUNOREST,FRCFE,15:36,FRHLB
4830,2023-08-13,ST FLOUR CHAUDES AIGUES,NON,15940,14:27,IC SRO,NEUSSARGUES,JOUNOREST,FRNEU,14:07,FRIMW
4831,2023-08-13,SEVERAC LE CHATEAU,NON,15940,12:49,IC SRO,MARVEJOLS,JOUNOREST,FRINE,11:58,FRSVC
4832,2023-08-13,BEZIERS,NON,15940,13:14,IC SRO,AUMONT AUBRAC,JOUNOREST,FRINC,09:33,FRBZR
4833,2023-08-13,BANASSAC LA CANOURGUE,NON,15940,13:27,IC SRO,ST CHELY D'APCHER,JOUNOREST,FRINB,12:29,FRINH
4834,2023-08-13,BEZIERS,NON,15940,11:24,IC SRO,MILLAU,JOUNOREST,FRMAU,09:33,FRBZR
4835,2023-08-13,MARVEJOLS,NON,15940,14:27,IC SRO,NEUSSARGUES,JOUNOREST,FRNEU,12:50,FRINE
4836,2023-08-13,BEDARIEUX,NON,15940,16:01,IC SRO,CLERMONT FERRAND,JOUNOREST,FRCFE,10:08,FRIMH
4837,2023-08-13,SEVERAC LE CHATEAU,NON,15940,12:26,IC SRO,BANASSAC LA CANOURGUE,JOUNOREST,FRINH,11:58,FRSVC
4838,2023-08-13,BEDARIEUX,NON,15940,11:06,IC SRO,ST ROME DE CERNON,JOUNOREST,FRINN,10:08,FRIMH
4839,2023-08-13,MARVEJOLS,NON,15940,13:27,IC SRO,ST CHELY D'APCHER,JOUNOREST,FRINB,12:50,FRINE
4840,2023-08-13,MASSIAC BLESLE,NON,15940,15:35,IC SRO,ISSOIRE,JOUNOREST,FRHLB,14:58,FRHMY
4841,2023-08-13,CEILHES ROQUEREDONDE,NON,15940,11:24,IC SRO,MILLAU,JOUNOREST,FRMAU,10:34,FRIMC
4842,2023-08-13,BEZIERS,NON,15940,15:22,IC SRO,BRASSAC LES MINES STE FLORINE,JOUNOREST,FRHLE,09:33,FRBZR
4843,2023-08-13,LE BOUSQUET D'ORB,NON,15940,11:56,IC SRO,SEVERAC LE CHATEAU,JOUNOREST,FRSVC,10:19,FRIMG
4844,2023-08-13,BEZIERS,NON,15940,14:57,IC SRO,MASSIAC BLESLE,JOUNOREST,FRHMY,09:33,FRBZR
4845,2023-08-13,ST ROME DE CERNON,NON,15940,16:01,IC SRO,CLERMONT FERRAND,JOUNOREST,FRCFE,11:07,FRINN
4846,2023-08-13,BEDARIEUX,NON,15940,10:33,IC SRO,CEILHES ROQUEREDONDE,JOUNOREST,FRIMC,10:08,FRIMH
4847,2023-08-13,CEILHES ROQUEREDONDE,NON,15940,12:49,IC SRO,MARVEJOLS,JOUNOREST,FRINE,10:34,FRIMC
4848,2023-08-13,SEVERAC LE CHATEAU,NON,15940,15:35,IC SRO,ISSOIRE,JOUNOREST,FRHLB,11:58,FRSVC
4849,2023-08-13,MARVEJOLS,NON,15940,15:35,IC SRO,ISSOIRE,JOUNOREST,FRHLB,12:50,FRINE
4850,2023-08-13,CEILHES ROQUEREDONDE,NON,15940,11:13,IC SRO,ST GEORGES DE LUZENCON,JOUNOREST,FRINM,10:34,FRIMC
4851,2023-08-13,SEVERAC LE CHATEAU,NON,15940,14:57,IC SRO,MASSIAC BLESLE,JOUNOREST,FRHMY,11:58,FRSVC
4852,2023-08-13,LE BOUSQUET D'ORB,NON,15940,10:33,IC SRO,CEILHES ROQUEREDONDE,JOUNOREST,FRIMC,10:19,FRIMG
4853,2023-08-13,ST GEORGES DE LUZENCON,NON,15940,11:24,IC SRO,MILLAU,JOUNOREST,FRMAU,11:14,FRINM
4854,2023-08-13,ST GEORGES DE LUZENCON,NON,15940,13:14,IC SRO,AUMONT AUBRAC,JOUNOREST,FRINC,11:14,FRINM
4855,2023-08-13,TOURNEMIRE ROQUEFORT,NON,15940,11:24,IC SRO,MILLAU,JOUNOREST,FRMAU,10:59,FRINO
4856,2023-08-13,CEILHES ROQUEREDONDE,NON,15940,13:27,IC SRO,ST CHELY D'APCHER,JOUNOREST,FRINB,10:34,FRIMC
4857,2023-08-13,MARVEJOLS,NON,15940,15:22,IC SRO,BRASSAC LES MINES STE FLORINE,JOUNOREST,FRHLE,12:50,FRINE
4858,2023-08-13,ST GEORGES DE LUZENCON,NON,15940,11:56,IC SRO,SEVERAC LE CHATEAU,JOUNOREST,FRSVC,11:14,FRINM
4859,2023-08-13,LE BOUSQUET D'ORB,NON,15940,12:26,IC SRO,BANASSAC LA CANOURGUE,JOUNOREST,FRINH,10:19,FRIMG
4860,2023-08-13,BANASSAC LA CANOURGUE,NON,15940,15:16,IC SRO,ARVANT,JOUNOREST,FRARV,12:29,FRINH
4861,2023-08-13,MAGALAS,NON,15940,16:01,IC SRO,CLERMONT FERRAND,JOUNOREST,FRCFE,09:47,FRIMK
4862,2023-08-13,MAGALAS,NON,15940,12:26,IC SRO,BANASSAC LA CANOURGUE,JOUNOREST,FRINH,09:47,FRIMK
4863,2023-08-13,MAGALAS,NON,15940,13:14,IC SRO,AUMONT AUBRAC,JOUNOREST,FRINC,09:47,FRIMK
4864,2023-08-13,MAGALAS,NON,15940,14:06,IC SRO,ST FLOUR CHAUDES AIGUES,JOUNOREST,FRIMW,09:47,FRIMK
4865,2023-08-13,BEDARIEUX,NON,15940,14:57,IC SRO,MASSIAC BLESLE,JOUNOREST,FRHMY,10:08,FRIMH
4866,2023-08-13,MAGALAS,NON,15940,10:18,IC SRO,LE BOUSQUET D'ORB,JOUNOREST,FRIMG,09:47,FRIMK
4867,2023-08-13,TOURNEMIRE ROQUEFORT,NON,15940,11:13,IC SRO,ST GEORGES DE LUZENCON,JOUNOREST,FRINM,10:59,FRINO
4868,2023-08-13,CAMPAGNAC ST GENIEZ,NON,15940,12:49,IC SRO,MARVEJOLS,JOUNOREST,FRINE,12:12,FRINJ
4869,2023-08-13,MAGALAS,NON,15940,11:13,IC SRO,ST GEORGES DE LUZENCON,JOUNOREST,FRINM,09:47,FRIMK
4870,2023-08-13,TOURNEMIRE ROQUEFORT,NON,15940,14:06,IC SRO,ST FLOUR CHAUDES AIGUES,JOUNOREST,FRIMW,10:59,FRINO
4871,2023-08-13,BANASSAC LA CANOURGUE,NON,15940,14:57,IC SRO,MASSIAC BLESLE,JOUNOREST,FRHMY,12:29,FRINH
4872,2023-08-13,LE BOUSQUET D'ORB,NON,15940,12:41,IC SRO,LE MONASTIER,JOUNOREST,FRLMR,10:19,FRIMG
4873,2023-08-13,TBD,NON,15940,15:35,IC SRO,TBD,JOUNOREST,FRHLB,12:42,FRLMR
4874,2023-08-13,TBD,NON,15940,14:06,IC SRO,TBD,JOUNOREST,FRIMW,12:42,FRLMR
4875,2023-08-13,TBD,NON,15940,15:22,IC SRO,TBD,JOUNOREST,FRHLE,10:34,FRIMC
4876,2023-08-13,PARIS (intramuros),OUI,7189,20:40,NORD,ARRAS,PAARRAS,FRQRV,19:52,FRPNO
4877,2023-08-13,BORDEAUX ST JEAN,OUI,8404,09:57,ATLANTIQUE,PARIS (intramuros),SUDOUESTPA,FRPMO,07:44,FRBOJ
4878,2023-08-13,MASSY TGV,OUI,8404,09:57,ATLANTIQUE,PARIS (intramuros),SUDOUESTPA,FRPMO,09:46,FRDJU
4879,2023-08-13,PARIS (intramuros),OUI,9591,19:54,EST,LAHR SCHWARZW,PASTRAMULH,DEANL,17:25,FRPST
4880,2023-08-13,OFFENBOURG/OFFENBURG,OUI,9591,20:26,EST,FREIBURG BREISGAU HBF,PASTRAMULH,DEFGB,19:44,DEZPA
4881,2023-08-13,BELFORT-MONTBELIARD TGV,NON,9206,11:38,INTERNATIONAL,PARIS (intramuros),ZURBALPA,FRPLY,09:20,FRTJA
4882,2023-08-13,PARIS (intramuros),OUI,8491,20:34,ATLANTIQUE,ANGOULEME,PASUDOUEST,FRANG,18:24,FRPMO
4883,2023-08-13,STRASBOURG,NON,2098,19:22,EST,ANGOULEME,JCESTATL,FRANG,14:01,FRAEG
4884,2023-08-13,ANGOULEME,OUI,2098,20:02,EST,BORDEAUX ST JEAN,JCESTATL,FRBOJ,19:25,FRANG
4885,2023-08-13,MASSY TGV,NON,2098,19:22,EST,ANGOULEME,JCESTATL,FRANG,17:10,FRDJU
4886,2023-08-13,MASSY TGV,NON,2098,18:06,EST,ST PIERRE DES CORPS,JCESTATL,FRXSH,17:10,FRDJU
4887,2023-08-13,CHAMPAGNE-ARDENNE,NON,2098,19:22,EST,ANGOULEME,JCESTATL,FRANG,15:34,FREAH
4888,2023-08-13,CHAMPAGNE-ARDENNE,NON,2098,16:27,EST,MARNE LA VALLEE CHESSY,JCESTATL,FRMLV,15:34,FREAH
4889,2023-08-13,MEUSE TGV,NON,2098,20:02,EST,BORDEAUX ST JEAN,JCESTATL,FRBOJ,15:05,FREAJ
4890,2023-08-13,AEROPORT CDG2 TGV ROISSY,NON,2098,20:02,EST,BORDEAUX ST JEAN,JCESTATL,FRBOJ,16:18,FRMLW
4891,2023-08-13,AEROPORT CDG2 TGV ROISSY,NON,2098,17:04,EST,MASSY TGV,JCESTATL,FRDJU,16:18,FRMLW
4892,2023-08-13,POITIERS,NON,2098,19:22,EST,ANGOULEME,JCESTATL,FRANG,18:43,FRPIS
4893,2023-08-13,BORDEAUX ST JEAN,NON,4669,21:27,IC ARO,CARCASSONNE,TJOURSOSE,FRCCF,18:28,FRBOJ
4894,2023-08-13,BORDEAUX ST JEAN,NON,4669,20:09,IC ARO,MONTAUBAN VILLE BOURBON,TJOURSOSE,FRXMW,18:28,FRBOJ
4895,2023-08-13,CARCASSONNE,OUI,4669,21:58,IC ARO,NARBONNE,TJOURSOSE,FRXNA,21:29,FRCCF
4896,2023-08-13,CARCASSONNE,OUI,4669,22:34,IC ARO,SETE,TJOURSOSE,FRXSY,21:29,FRCCF
4897,2023-08-13,MONTPELLIER SAINT-ROCH,OUI,4669,23:22,IC ARO,NIMES,TJOURSOSE,FRFNI,22:58,FRMPL
4898,2023-08-13,MARMANDE,NON,4669,20:09,IC ARO,MONTAUBAN VILLE BOURBON,TJOURSOSE,FRXMW,19:06,FRXMR
4899,2023-08-13,MONTAUBAN VILLE BOURBON,NON,4669,21:27,IC ARO,CARCASSONNE,TJOURSOSE,FRCCF,20:11,FRXMW
4900,2023-08-13,MONTAUBAN VILLE BOURBON,NON,4669,21:58,IC ARO,NARBONNE,TJOURSOSE,FRXNA,20:11,FRXMW
4901,2023-08-13,MONTAUBAN VILLE BOURBON,NON,4669,20:37,IC ARO,TOULOUSE MATABIAU,TJOURSOSE,FRXYT,20:11,FRXMW
4902,2023-08-13,NARBONNE,OUI,4669,22:54,IC ARO,MONTPELLIER SAINT-ROCH,TJOURSOSE,FRMPL,22:01,FRXNA
4903,2023-08-13,TOULOUSE MATABIAU,OUI,4669,21:27,IC ARO,CARCASSONNE,TJOURSOSE,FRCCF,20:45,FRXYT
4904,2023-08-13,PARIS (intramuros),NON,9551,12:17,INTERNATIONAL,MANNHEIM HBF,PAFRANC,DEMHG,09:06,FRPST
4905,2023-08-13,PARIS (intramuros),NON,9551,10:56,INTERNATIONAL,SARREBRUCK/SAARBRUECKEN,PAFRANC,DESBK,09:06,FRPST
4906,2023-08-13,BREST,NON,8610,10:45,ATLANTIQUE,LAMBALLE,BRETAPARIS,FRLAM,09:07,FRBES
4907,2023-08-13,BREST,OUI,8610,09:41,ATLANTIQUE,MORLAIX,BRETAPARIS,FRMXN,09:07,FRBES
4908,2023-08-13,BREST,NON,8610,11:29,ATLANTIQUE,RENNES,BRETAPARIS,FRRNS,09:07,FRBES
4909,2023-08-13,BREST,OUI,8610,09:18,ATLANTIQUE,LANDERNEAU,BRETAPARIS,FRXLD,09:07,FRBES
4910,2023-08-13,MORLAIX,OUI,8610,10:15,ATLANTIQUE,GUINGAMP,BRETAPARIS,FRGGP,09:44,FRMXN
4911,2023-08-13,MORLAIX,NON,8610,10:45,ATLANTIQUE,LAMBALLE,BRETAPARIS,FRLAM,09:44,FRMXN
4912,2023-08-13,PLOUARET TREGOR,NON,8610,10:45,ATLANTIQUE,LAMBALLE,BRETAPARIS,FRLAM,10:02,FRPLT
4913,2023-08-13,ST BRIEUC,NON,8610,11:29,ATLANTIQUE,RENNES,BRETAPARIS,FRRNS,10:37,FRSBK
4914,2023-08-13,LANDERNEAU,OUI,8610,09:41,ATLANTIQUE,MORLAIX,BRETAPARIS,FRMXN,09:20,FRXLD
4915,2023-08-13,LANDERNEAU,NON,8610,11:29,ATLANTIQUE,RENNES,BRETAPARIS,FRRNS,09:20,FRXLD
4916,2023-08-13,LE MANS,OUI,9886,08:57,NORD,MARNE LA VALLEE CHESSY,JCBRETNORD,FRMLV,07:26,FRAET
4917,2023-08-13,LE MANS,OUI,9886,09:45,NORD,TGV HAUTE PICARDIE,JCBRETNORD,FRTHP,07:26,FRAET
4918,2023-08-13,MASSY TGV,OUI,9886,08:57,NORD,MARNE LA VALLEE CHESSY,JCBRETNORD,FRMLV,08:26,FRDJU
4919,2023-08-13,MARNE LA VALLEE CHESSY,OUI,9886,09:10,NORD,AEROPORT CDG2 TGV ROISSY,JCBRETNORD,FRMLW,09:01,FRMLV
4920,2023-08-13,NANTES,OUI,9886,07:20,NORD,LE MANS,JCBRETNORD,FRAET,06:01,FRNTE
4921,2023-08-13,NANTES,OUI,9886,08:18,NORD,MASSY TGV,JCBRETNORD,FRDJU,06:01,FRNTE
4922,2023-08-13,TGV HAUTE PICARDIE,NON,9886,11:01,NORD,BRUXELLES MIDI BRUSSEL ZUID,JCBRETNORD,BEBMI,09:50,FRTHP
4923,2023-08-13,NIORT,OUI,8393,22:25,ATLANTIQUE,LA ROCHELLE VILLE,PAROCHELLE,FRLRH,21:44,FRNIT
4924,2023-08-13,POITIERS,OUI,8393,22:02,ATLANTIQUE,SURGERES,PAROCHELLE,FREIP,20:58,FRPIS
4925,2023-08-13,POITIERS,OUI,8393,22:25,ATLANTIQUE,LA ROCHELLE VILLE,PAROCHELLE,FRLRH,20:58,FRPIS
4926,2023-08-13,PARIS (intramuros),OUI,8393,22:25,ATLANTIQUE,LA ROCHELLE VILLE,PAROCHELLE,FRLRH,19:16,FRPMO
4927,2023-08-13,BAYONNE,OUI,8547,18:41,ATLANTIQUE,ST JEAN DE LUZ CIBOURE,PASUDOUEST,FRXJZ,18:16,FRXBY
4928,2023-08-13,MASSY TGV,NON,8547,18:56,ATLANTIQUE,HENDAYE,PASUDOUEST,FRAEF,14:15,FRDJU
4929,2023-08-13,MASSY TGV,NON,8547,18:41,ATLANTIQUE,ST JEAN DE LUZ CIBOURE,PASUDOUEST,FRXJZ,14:15,FRDJU
4930,2023-08-13,PARIS (intramuros),NON,9789,23:30,INTERNATIONAL,GENEVE,PAGENEVE,CHGVA,20:18,FRPLY
4931,2023-08-13,UZERCHE,OUI,3684,18:58,IC ARO,LIMOGES BENEDICTINS,TOULOUZECO,FRAGQ,18:21,FRAAW
4932,2023-08-13,UZERCHE,OUI,3684,20:08,IC ARO,CHATEAUROUX,TOULOUZECO,FRCHR,18:21,FRAAW
4933,2023-08-13,UZERCHE,OUI,3684,22:19,IC ARO,PARIS (intramuros),TOULOUZECO,FRPAZ,18:21,FRAAW
4934,2023-08-13,LIMOGES BENEDICTINS,OUI,3684,20:08,IC ARO,CHATEAUROUX,TOULOUZECO,FRCHR,19:01,FRAGQ
4935,2023-08-13,BRIVE LA GAILLARDE,OUI,3684,20:08,IC ARO,CHATEAUROUX,TOULOUZECO,FRCHR,17:55,FRBVE
4936,2023-08-13,BRIVE LA GAILLARDE,OUI,3684,22:19,IC ARO,PARIS (intramuros),TOULOUZECO,FRPAZ,17:55,FRBVE
4937,2023-08-13,LA SOUTERRAINE,OUI,3684,22:19,IC ARO,PARIS (intramuros),TOULOUZECO,FRPAZ,19:33,FRLST
4938,2023-08-13,BORDEAUX ST JEAN,OUI,8522,00:27,ATLANTIQUE,PARIS (intramuros),SUDOUESTPA,FRPMO,22:21,FRBOJ
4939,2023-08-13,TOULOUSE MATABIAU,OUI,8522,22:15,ATLANTIQUE,BORDEAUX ST JEAN,SUDOUESTPA,FRBOJ,20:03,FRXYT
4940,2023-08-13,LE MANS,OUI,8122,17:25,ATLANTIQUE,PARIS (intramuros),LOIREPARIS,FRPMO,16:26,FRAET
4941,2023-08-13,ULM HBF,NON,9577,21:04,INTERNATIONAL,AUGSBURG HBF,PASTUTMUN,DEAGB,20:23,DEQUL
4942,2023-08-13,STUTTGART HBF,NON,9570,22:05,INTERNATIONAL,PARIS (intramuros),MUNSTUTPA,FRPST,18:52,DESGT
4943,2023-08-13,PLOUARET TREGOR,OUI,8615,14:47,ATLANTIQUE,BREST,PARISBRETA,FRBES,13:56,FRPLT
4944,2023-08-13,PARIS (intramuros),NON,8615,14:12,ATLANTIQUE,MORLAIX,PARISBRETA,FRMXN,10:53,FRPMO
4945,2023-08-13,RENNES,NON,8615,13:37,ATLANTIQUE,GUINGAMP,PARISBRETA,FRGGP,12:32,FRRNS
4946,2023-08-13,RENNES,NON,8615,13:20,ATLANTIQUE,ST BRIEUC,PARISBRETA,FRSBK,12:32,FRRNS
4947,2023-08-13,ANGOULEME,OUI,8483,10:12,ATLANTIQUE,BORDEAUX ST JEAN,PASUDOUEST,FRBOJ,09:06,FRANG
4948,2023-08-13,POITIERS,OUI,8483,09:45,ATLANTIQUE,LIBOURNE,PASUDOUEST,FRXLR,08:23,FRPIS
4949,2023-08-13,PARIS (intramuros),OUI,8483,08:10,ATLANTIQUE,POITIERS,PASUDOUEST,FRPIS,06:47,FRPMO
4950,2023-08-13,ST PIERRE DES CORPS,OUI,8313,17:43,ATLANTIQUE,TOURS,PAROCHELLE,FRAFW,17:38,FRXSH
4951,2023-08-13,CASTELNAUDARY,OUI,3736,06:08,IC NUIT,LES AUBRAIS ORLEANS,PALOMBEPAR,FRLAB,22:07,FRCTY
4952,2023-08-13,CASTELNAUDARY,OUI,3736,07:19,IC NUIT,PARIS (intramuros),PALOMBEPAR,FRPAZ,22:07,FRCTY
4953,2023-08-13,ELNE,OUI,3736,07:19,IC NUIT,PARIS (intramuros),PALOMBEPAR,FRPAZ,19:38,FRIOG
4954,2023-08-13,PERPIGNAN,OUI,3736,07:19,IC NUIT,PARIS (intramuros),PALOMBEPAR,FRPAZ,19:51,FRPGF
4955,2023-08-13,PORT VENDRES VILLE,OUI,3736,06:08,IC NUIT,LES AUBRAIS ORLEANS,PALOMBEPAR,FRLAB,19:19,FRXPV
4956,2023-08-13,BEZIERS,NON,6821,10:17,SUD EST,CARCASSONNE,JCPROVSUD,FRCCF,09:30,FRBZR
4957,2023-08-13,BEZIERS,NON,6821,09:44,SUD EST,NARBONNE,JCPROVSUD,FRXNA,09:30,FRBZR
4958,2023-08-13,NIMES,NON,6821,10:17,SUD EST,CARCASSONNE,JCPROVSUD,FRCCF,08:07,FRFNI
4959,2023-08-13,NIMES,NON,6821,09:44,SUD EST,NARBONNE,JCPROVSUD,FRXNA,08:07,FRFNI
4960,2023-08-13,NIMES,NON,6821,11:02,SUD EST,TOULOUSE MATABIAU,JCPROVSUD,FRXYT,08:07,FRFNI
4961,2023-08-13,LYON (intramuros),NON,6821,09:27,SUD EST,BEZIERS,JCPROVSUD,FRBZR,06:37,FRLPD
4962,2023-08-13,LYON (intramuros),NON,6821,08:37,SUD EST,MONTPELLIER SAINT-ROCH,JCPROVSUD,FRMPL,06:37,FRLPD
4963,2023-08-13,LYON (intramuros),OUI,6821,07:15,SUD EST,VALENCE TGV RHONE-ALPES SUD,JCPROVSUD,FRVLA,06:37,FRLPD
4964,2023-08-13,LYON (intramuros),NON,6821,09:00,SUD EST,SETE,JCPROVSUD,FRXSY,06:37,FRLPD
4965,2023-08-13,MONTPELLIER SAINT-ROCH,NON,6821,10:17,SUD EST,CARCASSONNE,JCPROVSUD,FRCCF,08:44,FRMPL
4966,2023-08-13,MONTPELLIER SAINT-ROCH,NON,6821,09:44,SUD EST,NARBONNE,JCPROVSUD,FRXNA,08:44,FRMPL
4967,2023-08-13,VALENCE TGV RHONE-ALPES SUD,NON,6821,08:04,SUD EST,NIMES,JCPROVSUD,FRFNI,07:18,FRVLA
4968,2023-08-13,LYON-SAINT EXUPERY TGV,OUI,6924,21:46,SUD EST,PARIS (intramuros),GRENOBLEPA,FRPLY,19:57,FRJDQ
4969,2023-08-13,MARSEILLE ST CHARLES,OUI,6122,15:13,SUD EST,AIX EN PROVENCE TGV,PROVENCEPA,FRAIE,15:02,FRMSC
4970,2023-08-13,MARSEILLE ST CHARLES,OUI,6122,18:22,SUD EST,PARIS (intramuros),PROVENCEPA,FRPLY,15:02,FRMSC
4971,2023-08-13,ANGERS ST LAUD,NON,2206,15:27,EST,LE MANS,JCATLEST,FRAET,14:49,FRACL
4972,2023-08-13,LE MANS,NON,2206,16:57,EST,MARNE LA VALLEE CHESSY,JCATLEST,FRMLV,15:30,FRAET
4973,2023-08-13,CHAMPAGNE-ARDENNE,OUI,2206,18:48,EST,LORRAINE TGV,JCATLEST,FREAM,18:10,FREAH
4974,2023-08-13,MARNE LA VALLEE CHESSY,NON,2206,18:48,EST,LORRAINE TGV,JCATLEST,FREAM,17:03,FRMLV
4975,2023-08-13,MARNE LA VALLEE CHESSY,NON,2206,17:13,EST,AEROPORT CDG2 TGV ROISSY,JCATLEST,FRMLW,17:03,FRMLV
4976,2023-08-13,NANTES,NON,2206,15:27,EST,LE MANS,JCATLEST,FRAET,14:09,FRNTE
4977,2023-08-13,ALBI VILLE,NON,3754,06:50,IC NUIT,PARIS (intramuros),OCCITANPAR,FRPAZ,20:50,FRAFJ
4978,2023-08-13,FIGEAC,NON,3754,06:50,IC NUIT,PARIS (intramuros),OCCITANPAR,FRPAZ,23:56,FRFIG
4979,2023-08-13,CARMAUX,NON,3754,06:50,IC NUIT,PARIS (intramuros),OCCITANPAR,FRPAZ,21:13,FRFWA
4980,2023-08-13,VIVIEZ DECAZEVILLE,NON,3754,05:43,IC NUIT,LES AUBRAIS ORLEANS,OCCITANPAR,FRLAB,23:29,FRVZD
4981,2023-08-13,TOULOUSE MATABIAU,NON,8508,12:40,ATLANTIQUE,BORDEAUX ST JEAN,SUDOUESTPA,FRBOJ,10:39,FRXYT
4982,2023-08-13,CHAMBERY CHALLES LES EAUX,NON,9241,11:23,INTERNATIONAL,OULX CESANA CLAV SESTRIERE,PAITALIE,ITOCS,09:44,FRCMF
4983,2023-08-13,MACON LOCHE TGV,NON,9241,11:23,INTERNATIONAL,OULX CESANA CLAV SESTRIERE,PAITALIE,ITOCS,08:19,FRMLT
4984,2023-08-13,PARIS (intramuros),NON,9241,09:36,INTERNATIONAL,CHAMBERY CHALLES LES EAUX,PAITALIE,FRCMF,06:44,FRPLY
4985,2023-08-13,PARIS (intramuros),NON,9241,11:23,INTERNATIONAL,OULX CESANA CLAV SESTRIERE,PAITALIE,ITOCS,06:44,FRPLY
4986,2023-08-13,AIX EN PROVENCE TGV,NON,9868,19:01,NORD,AEROPORT CDG2 TGV ROISSY,JCSUDNORD,FRMLW,15:24,FRAIE
4987,2023-08-13,AVIGNON TGV,NON,9868,16:53,NORD,LYON (intramuros),JCSUDNORD,FRLPD,15:46,FRAVG
4988,2023-08-13,MARNE LA VALLEE CHESSY,NON,9868,19:56,NORD,LILLE (intramuros),JCSUDNORD,FRLLE,18:51,FRMLV
4989,2023-08-13,METZ VILLE,OUI,2815,12:27,EST,THIONVILLE,PAMETZLUX,FRXTH,12:10,FRADE
4990,2023-08-13,KAISERSLAUTERN HBF,NON,9555,20:17,INTERNATIONAL,MANNHEIM HBF,PAFRANC,DEMHG,19:37,DEKLT
4991,2023-08-13,SARREBRUCK/SAARBRUECKEN,NON,9555,19:35,INTERNATIONAL,KAISERSLAUTERN HBF,PAFRANC,DEKLT,18:59,DESBK
4992,2023-08-13,PARIS (intramuros),NON,9555,18:57,INTERNATIONAL,SARREBRUCK/SAARBRUECKEN,PAFRANC,DESBK,17:10,FRPST
4993,2023-08-13,PARIS (intramuros),NON,8717,15:34,ATLANTIQUE,QUIMPER,PARISBRETA,FRUIP,11:53,FRPMO
4994,2023-08-13,RENNES,NON,8717,14:57,ATLANTIQUE,LORIENT,PARISBRETA,FRLRT,13:29,FRRNS
4995,2023-08-13,VANNES,OUI,8717,14:57,ATLANTIQUE,LORIENT,PARISBRETA,FRLRT,14:28,FRVNE
4996,2023-08-13,AURAY,OUI,8717,15:34,ATLANTIQUE,QUIMPER,PARISBRETA,FRUIP,14:41,FRXUY
4997,2023-08-13,VALENCE TGV RHONE-ALPES SUD,OUI,6208,23:18,SUD EST,PARIS (intramuros),LANGPA,FRPLY,21:05,FRVLA
4998,2023-08-13,MULHOUSE VILLE,NON,9203,11:26,INTERNATIONAL,ZUERICH HB,PABALZUR,CHAJD,10:06,FRAEK
4999,2023-08-13,BELFORT-MONTBELIARD TGV,NON,9203,11:26,INTERNATIONAL,ZUERICH HB,PABALZUR,CHAJD,09:41,FRTJA
5000,2023-08-13,AIX EN PROVENCE TGV,OUI,5066,12:45,NORD,AVIGNON TGV,JCSUDNORD,FRAVG,12:26,FRAIE
5001,2023-08-13,AVIGNON TGV,NON,5066,16:57,NORD,LILLE (intramuros),JCSUDNORD,FRLLE,12:48,FRAVG
5002,2023-08-13,AVIGNON TGV,NON,5066,16:00,NORD,AEROPORT CDG2 TGV ROISSY,JCSUDNORD,FRMLW,12:48,FRAVG
5003,2023-08-13,LYON (intramuros),NON,5066,15:46,NORD,MARNE LA VALLEE CHESSY,JCSUDNORD,FRMLV,14:00,FRLPD
5004,2023-08-13,MARSEILLE ST CHARLES,NON,5066,16:00,NORD,AEROPORT CDG2 TGV ROISSY,JCSUDNORD,FRMLW,12:12,FRMSC
5005,2023-08-13,VALLORBE,NON,9278,17:57,INTERNATIONAL,DOLE VILLE,SUISPA,FRACE,17:00,CHAGL
5006,2023-08-13,VALLORBE,NON,9278,17:13,INTERNATIONAL,FRASNE,SUISPA,FRFRA,17:00,CHAGL
5007,2023-08-13,LAUSANNE,NON,9278,18:24,INTERNATIONAL,DIJON VILLE,SUISPA,FRABA,16:23,CHAJF
5008,2023-08-13,DIJON VILLE,OUI,9278,20:04,INTERNATIONAL,PARIS (intramuros),SUISPA,FRPLY,18:28,FRABA
5009,2023-08-13,AIX EN PROVENCE TGV,NON,9882,22:43,NORD,BRUXELLES MIDI BRUSSEL ZUID,JCSUDNORD,BEBMI,17:22,FRAIE
5010,2023-08-13,AVIGNON TGV,NON,9882,20:47,NORD,MARNE LA VALLEE CHESSY,JCSUDNORD,FRMLV,17:45,FRAVG
5011,2023-08-13,AVIGNON TGV,NON,9882,21:01,NORD,AEROPORT CDG2 TGV ROISSY,JCSUDNORD,FRMLW,17:45,FRAVG
5012,2023-08-13,LYON (intramuros),NON,9882,22:43,NORD,BRUXELLES MIDI BRUSSEL ZUID,JCSUDNORD,BEBMI,19:00,FRLPD
5013,2023-08-13,MARSEILLE ST CHARLES,OUI,9882,17:19,NORD,AIX EN PROVENCE TGV,JCSUDNORD,FRAIE,17:04,FRMSC
5014,2023-08-13,MARSEILLE ST CHARLES,NON,9882,21:57,NORD,LILLE (intramuros),JCSUDNORD,FRLLE,17:04,FRMSC
5015,2023-08-13,BEZIERS,OUI,6231,14:17,SUD EST,PERPIGNAN,PALANG,FRPGF,13:17,FRBZR
5016,2023-08-13,NIMES,OUI,6231,14:17,SUD EST,PERPIGNAN,PALANG,FRPGF,11:55,FRFNI
5017,2023-08-13,PARIS (intramuros),NON,6231,11:51,SUD EST,NIMES,PALANG,FRFNI,08:56,FRPLY
5018,2023-08-13,PARIS (intramuros),NON,6231,14:17,SUD EST,PERPIGNAN,PALANG,FRPGF,08:56,FRPLY
5019,2023-08-13,AGDE,OUI,6231,13:14,SUD EST,BEZIERS,PALANG,FRBZR,13:02,FRXAG
5020,2023-08-13,AGDE,OUI,6231,14:17,SUD EST,PERPIGNAN,PALANG,FRPGF,13:02,FRXAG
5021,2023-08-13,AGDE,OUI,6231,13:31,SUD EST,NARBONNE,PALANG,FRXNA,13:02,FRXAG
5022,2023-08-13,SETE,OUI,6231,12:59,SUD EST,AGDE,PALANG,FRXAG,12:45,FRXSY
5023,2023-08-13,CANNES,NON,6170,13:53,SUD EST,AVIGNON TGV,AZURPA,FRAVG,11:33,FRJCA
5024,2023-08-13,CANNES,NON,6170,16:34,SUD EST,PARIS (intramuros),AZURPA,FRPLY,11:33,FRJCA
5025,2023-08-13,CANNES,OUI,6170,12:43,SUD EST,TOULON,AZURPA,FRTLN,11:33,FRJCA
5026,2023-08-13,CANNES,OUI,6170,11:55,SUD EST,ST RAPHAEL VALESCURE,AZURPA,FRXSK,11:33,FRJCA
5027,2023-08-13,TOULON,NON,6170,16:34,SUD EST,PARIS (intramuros),AZURPA,FRPLY,12:47,FRTLN
5028,2023-08-13,ANTIBES,OUI,6170,11:29,SUD EST,CANNES,AZURPA,FRJCA,11:16,FRXAT
5029,2023-08-13,GUINGAMP,NON,8692,22:08,ATLANTIQUE,PARIS (intramuros),BRETAPARIS,FRPMO,19:25,FRGGP
5030,2023-08-13,LANNION,OUI,8692,19:22,ATLANTIQUE,GUINGAMP,BRETAPARIS,FRGGP,18:55,FRLAI
5031,2023-08-13,ST BRIEUC,NON,8692,22:08,ATLANTIQUE,PARIS (intramuros),BRETAPARIS,FRPMO,19:43,FRSBK
5032,2023-08-13,LAHR SCHWARZW,OUI,9402,17:36,EST,OFFENBOURG/OFFENBURG,MULHSTRAPA,DEZPA,17:19,DEANL
5033,2023-08-13,LAHR SCHWARZW,OUI,9402,18:12,EST,STRASBOURG,MULHSTRAPA,FRAEG,17:19,DEANL
5034,2023-08-13,RINGSHEIM/EU-PARK,OUI,9402,18:54,EST,LORRAINE TGV,MULHSTRAPA,FREAM,17:08,DERSH
5035,2023-08-13,DIJON VILLE,NON,6702,10:46,SUD EST,PARIS (intramuros),BOURPA,FRPLY,09:06,FRABA
5036,2023-08-13,MULHOUSE VILLE,OUI,6702,08:31,SUD EST,BESANCON - F COMTE TGV,BOURPA,FRTJB,07:46,FRAEK
5037,2023-08-13,BELFORT-MONTBELIARD TGV,OUI,6702,08:31,SUD EST,BESANCON - F COMTE TGV,BOURPA,FRTJB,08:11,FRTJA
5038,2023-08-13,CREST,NON,5790,07:54,IC NUIT,PARIS (intramuros),BRIANCONPA,FRPAZ,23:49,FRCRE
5039,2023-08-13,CHORGES,NON,5790,07:54,IC NUIT,PARIS (intramuros),BRIANCONPA,FRPAZ,21:15,FRIGS
5040,2023-08-13,VEYNES DEVOLUY,NON,5790,07:54,IC NUIT,PARIS (intramuros),BRIANCONPA,FRPAZ,22:07,FRVDY
5041,2023-08-13,BRIANCON,NON,5790,07:54,IC NUIT,PARIS (intramuros),BRIANCONPA,FRPAZ,20:03,FRXBC
5042,2023-08-13,TOURS,OUI,8320,20:12,ATLANTIQUE,PARIS (intramuros),ROCHELLEPA,FRPMO,18:56,FRAFW
5043,2023-08-13,ST PIERRE DES CORPS,OUI,8320,19:22,ATLANTIQUE,VENDOME VILLIERS SUR LOIR,ROCHELLEPA,FRESL,19:04,FRXSH
5044,2023-08-13,LES AUBRAIS ORLEANS,NON,3741,09:55,IC NUIT,BIARRITZ,PARPALOMBE,FRBIQ,22:49,FRLAB
5045,2023-08-13,LES AUBRAIS ORLEANS,NON,3741,08:14,IC NUIT,ORTHEZ,PARPALOMBE,FRGFI,22:49,FRLAB
5046,2023-08-13,LES AUBRAIS ORLEANS,NON,3741,09:43,IC NUIT,BAYONNE,PARPALOMBE,FRXBY,22:49,FRLAB
5047,2023-08-13,PARIS (intramuros),NON,3741,10:24,IC NUIT,HENDAYE,PARPALOMBE,FRAEF,21:42,FRPAZ
5048,2023-08-13,PARIS (intramuros),NON,3741,08:14,IC NUIT,ORTHEZ,PARPALOMBE,FRGFI,21:42,FRPAZ
5049,2023-08-13,PARIS (intramuros),NON,3741,09:43,IC NUIT,BAYONNE,PARPALOMBE,FRXBY,21:42,FRPAZ
5050,2023-08-13,LYON-SAINT EXUPERY TGV,NON,6193,15:56,SUD EST,AVIGNON CENTRE,PAVDR,FRAES,14:11,FRJDQ
5051,2023-08-13,LYON-SAINT EXUPERY TGV,NON,6193,16:16,SUD EST,ARLES,PAVDR,FRHZA,14:11,FRJDQ
5052,2023-08-13,PARIS (intramuros),NON,6193,16:16,SUD EST,ARLES,PAVDR,FRHZA,12:14,FRPLY
5053,2023-08-13,PARIS (intramuros),NON,6193,14:03,SUD EST,LYON-SAINT EXUPERY TGV,PAVDR,FRJDQ,12:14,FRPLY
5054,2023-08-13,VALENCE VILLE,NON,6193,16:16,SUD EST,ARLES,PAVDR,FRHZA,14:49,FRVAF
5055,2023-08-13,MONTELIMAR GARE SNCF,OUI,6193,15:38,SUD EST,ORANGE,PAVDR,FRXOG,15:12,FRXMK
5056,2023-08-13,ANGOULEME,OUI,8476,22:37,ATLANTIQUE,PARIS (intramuros),SUDOUESTPA,FRPMO,20:27,FRANG
5057,2023-08-13,ANGOULEME,OUI,8476,21:28,ATLANTIQUE,ST PIERRE DES CORPS,SUDOUESTPA,FRXSH,20:27,FRANG
5058,2023-08-13,BORDEAUX ST JEAN,OUI,8476,20:24,ATLANTIQUE,ANGOULEME,SUDOUESTPA,FRANG,19:50,FRBOJ
5059,2023-08-13,ARCACHON,OUI,8476,19:17,ATLANTIQUE,FACTURE BIGANOS,SUDOUESTPA,FRFAC,18:58,FRXAC
5060,2023-08-13,ST PIERRE DES CORPS,OUI,8476,22:37,ATLANTIQUE,PARIS (intramuros),SUDOUESTPA,FRPMO,21:32,FRXSH
5061,2023-08-13,HENDAYE,OUI,8536,11:31,ATLANTIQUE,BIARRITZ,SUDOUESTPA,FRBIQ,11:09,FRAEF
5062,2023-08-13,BAYONNE,OUI,8536,13:40,ATLANTIQUE,BORDEAUX ST JEAN,SUDOUESTPA,FRBOJ,11:48,FRXBY
5063,2023-08-13,CANNES,OUI,6182,18:41,SUD EST,TOULON,AZURPA,FRTLN,17:05,FRJCA
5064,2023-08-13,NICE VILLE,OUI,6182,18:41,SUD EST,TOULON,AZURPA,FRTLN,16:34,FRNIC
5065,2023-08-13,TOULON,OUI,6182,20:03,SUD EST,AVIGNON TGV,AZURPA,FRAVG,18:51,FRTLN
5066,2023-08-13,ANTIBES,OUI,6182,22:50,SUD EST,PARIS (intramuros),AZURPA,FRPLY,16:51,FRXAT
5067,2023-08-13,VENDOME VILLIERS SUR LOIR,OUI,8323,22:05,ATLANTIQUE,ST PIERRE DES CORPS,PAROCHELLE,FRXSH,21:45,FRESL
5068,2023-08-13,LES AUBRAIS ORLEANS,NON,3751,05:45,IC NUIT,CAUSSADE TARN ET GARONNE,PAVERMEIL,FRFTA,23:32,FRLAB
5069,2023-08-13,PAU,OUI,8574,19:14,ATLANTIQUE,LOURDES,PASUDOUEST,FRLDE,18:47,FRAEE
5070,2023-08-13,MASSY TGV,NON,8574,18:44,ATLANTIQUE,PAU,PASUDOUEST,FRAEE,14:15,FRDJU
5071,2023-08-13,MASSY TGV,NON,8574,19:36,ATLANTIQUE,TARBES,PASUDOUEST,FRXTB,14:15,FRDJU
5072,2023-08-13,LOURDES,OUI,8574,19:36,ATLANTIQUE,TARBES,PASUDOUEST,FRXTB,19:19,FRLDE
5073,2023-08-13,PARIS (intramuros),NON,8574,18:44,ATLANTIQUE,PAU,PASUDOUEST,FRAEE,14:03,FRPMO
5074,2023-08-13,PARIS (intramuros),OUI,8574,14:12,ATLANTIQUE,MASSY TGV,PASUDOUEST,FRDJU,14:03,FRPMO
5075,2023-08-13,PARIS (intramuros),NON,8574,19:14,ATLANTIQUE,LOURDES,PASUDOUEST,FRLDE,14:03,FRPMO
5076,2023-08-13,MONTAUBAN VILLE BOURBON,NON,3750,05:43,IC NUIT,LES AUBRAIS ORLEANS,OCCITANPAR,FRLAB,22:51,FRXMW
5077,2023-08-13,MONTAUBAN VILLE BOURBON,NON,3750,06:50,IC NUIT,PARIS (intramuros),OCCITANPAR,FRPAZ,22:51,FRXMW
5078,2023-08-13,CAHORS,NON,3750,05:43,IC NUIT,LES AUBRAIS ORLEANS,OCCITANPAR,FRLAB,23:33,FRZAO
5079,2023-08-13,AGEN,NON,4661,14:37,IC ARO,TOULOUSE MATABIAU,TJOURSOSE,FRXYT,13:33,FRAGF
5080,2023-08-13,BORDEAUX ST JEAN,NON,4661,13:31,IC ARO,AGEN,TJOURSOSE,FRAGF,12:28,FRBOJ
5081,2023-08-13,BEZIERS,NON,4661,17:20,IC ARO,NIMES,TJOURSOSE,FRFNI,16:17,FRBZR
5082,2023-08-13,BEZIERS,NON,4661,18:35,IC ARO,MARSEILLE ST CHARLES,TJOURSOSE,FRMSC,16:17,FRBZR
5083,2023-08-13,CARCASSONNE,NON,4661,16:14,IC ARO,BEZIERS,TJOURSOSE,FRBZR,15:30,FRCCF
5084,2023-08-13,CARCASSONNE,NON,4661,17:48,IC ARO,ARLES,TJOURSOSE,FRHZA,15:30,FRCCF
5085,2023-08-13,MONTPELLIER SAINT-ROCH,NON,4661,17:48,IC ARO,ARLES,TJOURSOSE,FRHZA,16:56,FRMPL
5086,2023-08-13,TOULOUSE MATABIAU,NON,4661,17:20,IC ARO,NIMES,TJOURSOSE,FRFNI,14:45,FRXYT
5087,2023-08-13,TOULOUSE MATABIAU,NON,4661,17:48,IC ARO,ARLES,TJOURSOSE,FRHZA,14:45,FRXYT
5088,2023-08-13,TOULOUSE MATABIAU,NON,4661,16:52,IC ARO,MONTPELLIER SAINT-ROCH,TJOURSOSE,FRMPL,14:45,FRXYT
5089,2023-08-13,ANGERS ST LAUD,OUI,5488,22:19,EST,NANTES,JCESTATL,FRNTE,21:43,FRACL
5090,2023-08-13,STRASBOURG,NON,5488,20:04,EST,MASSY TGV,JCESTATL,FRDJU,17:01,FRAEG
5091,2023-08-13,STRASBOURG,OUI,5488,18:32,EST,CHAMPAGNE-ARDENNE,JCESTATL,FREAH,17:01,FRAEG
5092,2023-08-13,CHAMPAGNE-ARDENNE,NON,5488,21:40,EST,ANGERS ST LAUD,JCESTATL,FRACL,18:35,FREAH
5093,2023-08-13,MEUSE TGV,OUI,5488,19:31,EST,MARNE LA VALLEE CHESSY,JCESTATL,FRMLV,18:09,FREAJ
5094,2023-08-13,LORRAINE TGV,NON,5488,21:00,EST,LE MANS,JCESTATL,FRAET,17:42,FREAM
5095,2023-08-13,LORRAINE TGV,OUI,5488,18:32,EST,CHAMPAGNE-ARDENNE,JCESTATL,FREAH,17:42,FREAM
5096,2023-08-13,LORRAINE TGV,OUI,5488,19:06,EST,AEROPORT CDG2 TGV ROISSY,JCESTATL,FRMLW,17:42,FREAM
5097,2023-08-13,AEROPORT CDG2 TGV ROISSY,OUI,5488,19:31,EST,MARNE LA VALLEE CHESSY,JCESTATL,FRMLV,19:21,FRMLW
5098,2023-08-13,MEUSE TGV,NON,5488,21:00,EST,LE MANS,JCESTATL,FRAET,18:09,FREAJ
5099,2023-08-13,LE MANS,NON,5332,11:30,SUD EST,LYON (intramuros),JCATLSUD,FRLPD,08:26,FRAET
5100,2023-08-13,LE MANS,NON,5332,13:24,SUD EST,MARSEILLE ST CHARLES,JCATLSUD,FRMSC,08:26,FRAET
5101,2023-08-13,AIX EN PROVENCE TGV,OUI,5332,13:24,SUD EST,MARSEILLE ST CHARLES,JCATLSUD,FRMSC,13:13,FRAIE
5102,2023-08-13,MASSY TGV,NON,5332,13:10,SUD EST,AIX EN PROVENCE TGV,JCATLSUD,FRAIE,09:26,FRDJU
5103,2023-08-13,MASSY TGV,NON,5332,11:30,SUD EST,LYON (intramuros),JCATLSUD,FRLPD,09:26,FRDJU
5104,2023-08-13,RENNES,OUI,5332,08:22,SUD EST,LE MANS,JCATLSUD,FRAET,07:31,FRRNS
5105,2023-08-13,RENNES,NON,5332,13:10,SUD EST,AIX EN PROVENCE TGV,JCATLSUD,FRAIE,07:31,FRRNS
5106,2023-08-13,RENNES,NON,5332,12:45,SUD EST,AVIGNON TGV,JCATLSUD,FRAVG,07:31,FRRNS
5107,2023-08-13,RENNES,NON,5332,13:24,SUD EST,MARSEILLE ST CHARLES,JCATLSUD,FRMSC,07:31,FRRNS
5108,2023-08-13,LAVAL,NON,8723,18:28,ATLANTIQUE,ROSPORDEN,PARISBRETA,FRRSP,16:00,FRACR
5109,2023-08-13,LAVAL,NON,8723,17:40,ATLANTIQUE,AURAY,PARISBRETA,FRXUY,16:00,FRACR
5110,2023-08-13,QUIMPERLE,OUI,8723,18:44,ATLANTIQUE,QUIMPER,PARISBRETA,FRUIP,18:15,FRECO
5111,2023-08-13,PARIS (intramuros),NON,8723,15:57,ATLANTIQUE,LAVAL,PARISBRETA,FRACR,14:41,FRPMO
5112,2023-08-13,PARIS (intramuros),NON,8723,17:59,ATLANTIQUE,LORIENT,PARISBRETA,FRLRT,14:41,FRPMO
5113,2023-08-13,RENNES,NON,8723,17:28,ATLANTIQUE,VANNES,PARISBRETA,FRVNE,16:29,FRRNS
5114,2023-08-13,RENNES,NON,8723,17:03,ATLANTIQUE,REDON,PARISBRETA,FRXRN,16:29,FRRNS
5115,2023-08-13,VANNES,NON,8723,17:59,ATLANTIQUE,LORIENT,PARISBRETA,FRLRT,17:31,FRVNE
5116,2023-08-13,REDON,NON,8723,17:28,ATLANTIQUE,VANNES,PARISBRETA,FRVNE,17:05,FRXRN
5117,2023-08-13,AURAY,OUI,8723,18:12,ATLANTIQUE,QUIMPERLE,PARISBRETA,FRECO,17:43,FRXUY
5118,2023-08-13,MACON LOCHE TGV,OUI,6633,23:24,SUD EST,LYON (intramuros),PARISRHONE,FRLPE,22:41,FRMLT
5119,2023-08-13,LE CREUSOT MONTCEAU MONTCHANIN,OUI,6633,22:38,SUD EST,MACON LOCHE TGV,PARISRHONE,FRMLT,22:20,FRXCC
5120,2023-08-13,LILLE (intramuros),OUI,5124,19:06,NORD,TGV HAUTE PICARDIE,JCNORDSUD,FRTHP,18:22,FRLLE
5121,2023-08-13,LYON (intramuros),OUI,5124,23:14,NORD,AVIGNON TGV,JCNORDSUD,FRAVG,22:06,FRLPD
5122,2023-08-13,MARNE LA VALLEE CHESSY,OUI,5124,23:14,NORD,AVIGNON TGV,JCNORDSUD,FRAVG,20:13,FRMLV
5123,2023-08-13,MARNE LA VALLEE CHESSY,OUI,5124,23:53,NORD,MARSEILLE ST CHARLES,JCNORDSUD,FRMSC,20:13,FRMLV
5124,2023-08-13,AEROPORT CDG2 TGV ROISSY,OUI,5124,23:14,NORD,AVIGNON TGV,JCNORDSUD,FRAVG,20:00,FRMLW
5125,2023-08-13,ARRAS,OUI,5124,20:09,NORD,MARNE LA VALLEE CHESSY,JCNORDSUD,FRMLV,18:46,FRQRV
5126,2023-08-13,ARRAS,OUI,5124,19:43,NORD,AEROPORT CDG2 TGV ROISSY,JCNORDSUD,FRMLW,18:46,FRQRV
5127,2023-08-13,TGV HAUTE PICARDIE,OUI,5124,23:38,NORD,AIX EN PROVENCE TGV,JCNORDSUD,FRAIE,19:15,FRTHP
5128,2023-08-13,TGV HAUTE PICARDIE,OUI,5124,23:14,NORD,AVIGNON TGV,JCNORDSUD,FRAVG,19:15,FRTHP
5129,2023-08-13,PARIS (intramuros),NON,6129,22:56,SUD EST,MARSEILLE ST CHARLES,PAPROVENCE,FRMSC,19:38,FRPLY
5130,2023-08-13,LYON (intramuros),OUI,6630,21:00,SUD EST,PARIS (intramuros),RHONEPARIS,FRPLY,19:04,FRLPD
5131,2023-08-13,LYON (intramuros),OUI,6630,21:00,SUD EST,PARIS (intramuros),RHONEPARIS,FRPLY,18:50,FRLPE
5132,2023-08-13,STRASBOURG,OUI,2074,22:33,EST,PARIS (intramuros),MULHSTRAPA,FRPST,20:47,FRAEG
5133,2023-08-13,STRASBOURG,NON,5470,13:59,EST,LE MANS,JCESTATL,FRAET,10:01,FRAEG
5134,2023-08-13,STRASBOURG,NON,5470,10:58,EST,MEUSE TGV,JCESTATL,FREAJ,10:01,FRAEG
5135,2023-08-13,STRASBOURG,OUI,5470,10:37,EST,LORRAINE TGV,JCESTATL,FREAM,10:01,FRAEG
5136,2023-08-13,CHAMPAGNE-ARDENNE,NON,5470,13:59,EST,LE MANS,JCESTATL,FRAET,11:28,FREAH
5137,2023-08-13,MEUSE TGV,NON,5470,12:01,EST,AEROPORT CDG2 TGV ROISSY,JCESTATL,FRMLW,11:01,FREAJ
5138,2023-08-13,LORRAINE TGV,NON,5470,12:26,EST,MARNE LA VALLEE CHESSY,JCESTATL,FRMLV,10:40,FREAM
5139,2023-08-13,LORRAINE TGV,NON,5470,12:01,EST,AEROPORT CDG2 TGV ROISSY,JCESTATL,FRMLW,10:40,FREAM
5140,2023-08-13,AEROPORT CDG2 TGV ROISSY,NON,5470,13:59,EST,LE MANS,JCESTATL,FRAET,12:16,FRMLW
5141,2023-08-13,LORIENT,OUI,8744,20:13,ATLANTIQUE,VANNES,BRETAPARIS,FRVNE,19:45,FRLRT
5142,2023-08-13,QUIMPER,OUI,8744,22:45,ATLANTIQUE,PARIS (intramuros),BRETAPARIS,FRPMO,19:09,FRUIP
5143,2023-08-13,QUIMPER,OUI,8744,20:00,ATLANTIQUE,AURAY,BRETAPARIS,FRXUY,19:09,FRUIP
5144,2023-08-13,AURAY,OUI,8744,20:13,ATLANTIQUE,VANNES,BRETAPARIS,FRVNE,20:03,FRXUY
5145,2023-08-13,CANNES,OUI,5772,07:54,IC NUIT,PARIS (intramuros),AZURPAR,FRPAZ,19:46,FRJCA
5146,2023-08-13,ST RAPHAEL VALESCURE,OUI,5772,07:54,IC NUIT,PARIS (intramuros),AZURPAR,FRPAZ,20:13,FRXSK
5147,2023-08-13,CHAMPAGNE-ARDENNE,OUI,2591,15:44,EST,NANCY,PANANCY,FRENC,14:41,FREAH
5148,2023-08-13,STRASBOURG,NON,5450,11:23,EST,ANGOULEME,JCESTATL,FRANG,06:18,FRAEG
5149,2023-08-13,MASSY TGV,NON,5450,11:23,EST,ANGOULEME,JCESTATL,FRANG,09:09,FRDJU
5150,2023-08-13,MASSY TGV,NON,5450,10:06,EST,ST PIERRE DES CORPS,JCESTATL,FRXSH,09:09,FRDJU
5151,2023-08-13,CHAMPAGNE-ARDENNE,NON,5450,09:04,EST,MASSY TGV,JCESTATL,FRDJU,07:45,FREAH
5152,2023-08-13,CHAMPAGNE-ARDENNE,NON,5450,10:41,EST,POITIERS,JCESTATL,FRPIS,07:45,FREAH
5153,2023-08-13,LORRAINE TGV,NON,5450,12:02,EST,BORDEAUX ST JEAN,JCESTATL,FRBOJ,06:56,FREAM
5154,2023-08-13,MARNE LA VALLEE CHESSY,NON,5450,09:04,EST,MASSY TGV,JCESTATL,FRDJU,08:35,FRMLV
5155,2023-08-13,POITIERS,NON,5450,11:23,EST,ANGOULEME,JCESTATL,FRANG,10:44,FRPIS
5156,2023-08-13,PARIS (intramuros),NON,5789,05:40,IC NUIT,LUC EN DIOIS,PABRIANCON,FRIFP,20:51,FRPAZ
5157,2023-08-13,PARIS (intramuros),NON,5789,07:50,IC NUIT,MONTDAUPHIN GUILLESTRE,PABRIANCON,FRIGZ,20:51,FRPAZ
5158,2023-08-13,PARIS (intramuros),NON,5789,08:04,IC NUIT,L'ARGENTIERE LES ECRINS   (05),PABRIANCON,FRIHC,20:51,FRPAZ
5159,2023-08-13,NIMES,NON,9864,18:47,NORD,MARNE LA VALLEE CHESSY,JCSUDNORD,FRMLV,15:19,FRFNI
5160,2023-08-13,NIMES,OUI,9864,16:05,NORD,VALENCE TGV RHONE-ALPES SUD,JCSUDNORD,FRVLA,15:19,FRFNI
5161,2023-08-13,LYON (intramuros),NON,9864,20:43,NORD,BRUXELLES MIDI BRUSSEL ZUID,JCSUDNORD,BEBMI,17:00,FRLPD
5162,2023-08-13,MARNE LA VALLEE CHESSY,NON,9864,19:56,NORD,LILLE (intramuros),JCSUDNORD,FRLLE,18:51,FRMLV
5163,2023-08-13,MONTPELLIER SAINT-ROCH,NON,9864,19:01,NORD,AEROPORT CDG2 TGV ROISSY,JCSUDNORD,FRMLW,14:51,FRMPL
5164,2023-08-13,VALENCE TGV RHONE-ALPES SUD,NON,9864,19:56,NORD,LILLE (intramuros),JCSUDNORD,FRLLE,16:10,FRVLA
5165,2023-08-13,DIJON VILLE,NON,9877,12:19,EST,MACON VILLE,JCRHINRHON,FRHGU,11:21,FRABA
5166,2023-08-13,METZ VILLE,NON,9877,11:11,EST,DIJON VILLE,JCRHINRHON,FRABA,08:08,FRADE
5167,2023-08-13,STRASBOURG,NON,9877,10:41,EST,BESANCON - F COMTE TGV,JCRHINRHON,FRTJB,09:03,FRAEG
5168,2023-08-13,MULHOUSE VILLE,NON,9877,15:07,EST,MARSEILLE ST CHARLES,JCRHINRHON,FRMSC,09:57,FRAEK
5169,2023-08-13,LYON (intramuros),NON,9877,15:07,EST,MARSEILLE ST CHARLES,JCRHINRHON,FRMSC,13:06,FRLPD
5170,2023-08-13,LYON (intramuros),NON,9877,13:46,EST,VALENCE TGV RHONE-ALPES SUD,JCRHINRHON,FRVLA,13:06,FRLPD
5171,2023-08-13,BELFORT-MONTBELIARD TGV,NON,9877,11:11,EST,DIJON VILLE,JCRHINRHON,FRABA,10:21,FRTJA
5172,2023-08-13,BELFORT-MONTBELIARD TGV,NON,9877,13:00,EST,LYON (intramuros),JCRHINRHON,FRLPD,10:21,FRTJA
5173,2023-08-13,BELFORT-MONTBELIARD TGV,NON,9877,13:46,EST,VALENCE TGV RHONE-ALPES SUD,JCRHINRHON,FRVLA,10:21,FRTJA
5174,2023-08-13,BESANCON - F COMTE TGV,NON,9877,13:00,EST,LYON (intramuros),JCRHINRHON,FRLPD,10:44,FRTJB
5175,2023-08-13,THIONVILLE,NON,9877,14:25,EST,AVIGNON TGV,JCRHINRHON,FRAVG,07:47,FRXTH
5176,2023-08-13,THIONVILLE,NON,9877,12:19,EST,MACON VILLE,JCRHINRHON,FRHGU,07:47,FRXTH
5177,2023-08-13,THIONVILLE,NON,9877,10:41,EST,BESANCON - F COMTE TGV,JCRHINRHON,FRTJB,07:47,FRXTH
5178,2023-08-13,LUXEMBOURG,NON,9877,14:25,EST,AVIGNON TGV,JCRHINRHON,FRAVG,07:24,LULUX
5179,2023-08-13,LUXEMBOURG,NON,9877,12:19,EST,MACON VILLE,JCRHINRHON,FRHGU,07:24,LULUX
5180,2023-08-13,LUXEMBOURG,NON,9877,10:18,EST,BELFORT-MONTBELIARD TGV,JCRHINRHON,FRTJA,07:24,LULUX
5181,2023-08-13,CHAMBERY CHALLES LES EAUX,OUI,6949,21:04,SUD EST,AIX LES BAINS LE REVARD,PARISALPES,FRXAI,20:52,FRCMF
5182,2023-08-13,MACON LOCHE TGV,OUI,6949,21:34,SUD EST,ANNECY,PARISALPES,FRNCY,19:20,FRMLT
5183,2023-08-13,AIX LES BAINS LE REVARD,OUI,6949,21:34,SUD EST,ANNECY,PARISALPES,FRNCY,21:07,FRXAI
5184,2023-08-13,STRASBOURG,NON,9575,16:26,INTERNATIONAL,KARLSRUHE HBF,PASTUTMUN,DEQKA,15:46,FRAEG
5185,2023-08-13,PARIS (intramuros),NON,9575,17:04,INTERNATIONAL,STUTTGART HBF,PASTUTMUN,DESGT,13:55,FRPST
5186,2023-08-13,BEZIERS,OUI,6258,15:51,SUD EST,VALENCE TGV RHONE-ALPES SUD,LANGPA,FRVLA,13:58,FRBZR
5187,2023-08-13,VALENCE TGV RHONE-ALPES SUD,OUI,6258,18:12,SUD EST,PARIS (intramuros),LANGPA,FRPLY,15:54,FRVLA
5188,2023-08-13,AGDE,OUI,6258,15:51,SUD EST,VALENCE TGV RHONE-ALPES SUD,LANGPA,FRVLA,14:12,FRXAG
5189,2023-08-13,AGDE,OUI,6258,14:25,SUD EST,SETE,LANGPA,FRXSY,14:12,FRXAG
5190,2023-08-13,NARBONNE,OUI,6258,14:09,SUD EST,AGDE,LANGPA,FRXAG,13:42,FRXNA
5191,2023-08-13,MONTPELLIER SUD DE FRANCE,OUI,6258,15:51,SUD EST,VALENCE TGV RHONE-ALPES SUD,LANGPA,FRVLA,14:50,FRSUF
5192,2023-08-13,NIMES PONT DU GARD,OUI,6258,18:12,SUD EST,PARIS (intramuros),LANGPA,FRPLY,15:15,FRXZP
5193,2023-08-13,MORLAIX,OUI,8629,20:38,ATLANTIQUE,BREST,PARISBRETA,FRBES,20:05,FRMXN
5194,2023-08-13,PARIS (intramuros),NON,8629,20:02,ATLANTIQUE,MORLAIX,PARISBRETA,FRMXN,16:53,FRPMO
5195,2023-08-13,ST BRIEUC,OUI,8629,20:38,ATLANTIQUE,BREST,PARISBRETA,FRBES,19:19,FRSBK
5196,2023-08-13,BEZIERS,NON,9704,17:24,SUD EST,SETE,BARCELONEPA,FRXSY,16:58,FRBZR
5197,2023-08-13,MONTPELLIER SAINT-ROCH,NON,9704,19:03,SUD EST,VALENCE TGV RHONE-ALPES SUD,BARCELONEPA,FRVLA,17:51,FRMPL
5198,2023-08-13,PERPIGNAN,NON,9704,18:16,SUD EST,NIMES,BARCELONEPA,FRFNI,16:05,FRPGF
5199,2023-08-13,PERPIGNAN,NON,9704,21:18,SUD EST,PARIS (intramuros),BARCELONEPA,FRPLY,16:05,FRPGF
5200,2023-08-13,AGDE,NON,9704,19:03,SUD EST,VALENCE TGV RHONE-ALPES SUD,BARCELONEPA,FRVLA,17:11,FRXAG
5201,2023-08-13,AGDE,NON,9704,17:24,SUD EST,SETE,BARCELONEPA,FRXSY,17:11,FRXAG
5202,2023-08-13,NARBONNE,NON,9704,16:55,SUD EST,BEZIERS,BARCELONEPA,FRBZR,16:42,FRXNA
5203,2023-08-13,SETE,NON,9704,18:16,SUD EST,NIMES,BARCELONEPA,FRFNI,17:27,FRXSY
5204,2023-08-13,SETE,NON,9704,17:43,SUD EST,MONTPELLIER SAINT-ROCH,BARCELONEPA,FRMPL,17:27,FRXSY
5205,2023-08-13,FIGUERES VILA TGV,NON,9704,15:52,SUD EST,PERPIGNAN,BARCELONEPA,FRPGF,15:30,ESFIR
5206,2023-08-13,GIRONA,NON,9704,17:43,SUD EST,MONTPELLIER SAINT-ROCH,BARCELONEPA,FRMPL,15:13,ESGRO
5207,2023-08-13,FIGUERES VILA TGV,NON,9704,18:16,SUD EST,NIMES,BARCELONEPA,FRFNI,15:30,ESFIR
5208,2023-08-13,FIGUERES VILA TGV,NON,9704,17:24,SUD EST,SETE,BARCELONEPA,FRXSY,15:30,ESFIR
5209,2023-08-13,ANGERS ST LAUD,NON,5306,17:30,SUD EST,LYON (intramuros),JCATLSUD,FRLPD,13:27,FRACL
5210,2023-08-13,ANGERS ST LAUD,NON,5306,14:24,SUD EST,ST PIERRE DES CORPS,JCATLSUD,FRXSH,13:27,FRACL
5211,2023-08-13,SAUMUR,NON,5306,14:24,SUD EST,ST PIERRE DES CORPS,JCATLSUD,FRXSH,13:50,FRACN
5212,2023-08-13,NANTES,NON,5306,15:20,SUD EST,MASSY TGV,JCATLSUD,FRDJU,12:44,FRNTE
5213,2023-08-13,ST PIERRE DES CORPS,NON,5306,15:20,SUD EST,MASSY TGV,JCATLSUD,FRDJU,14:28,FRXSH
5214,2023-08-13,BORDEAUX ST JEAN,NON,3852,11:22,IC SRO,LA ROCHE SUR YON,BORDONANTE,FRXRO,07:53,FRBOJ
5215,2023-08-13,BORDEAUX ST JEAN,NON,3852,09:23,IC SRO,SAINTES,BORDONANTE,FRXST,07:53,FRBOJ
5216,2023-08-13,JONZAC,NON,3852,12:05,IC SRO,NANTES,BORDONANTE,FRNTE,08:41,FREMR
5217,2023-08-13,JONZAC,NON,3852,09:53,IC SRO,ROCHEFORT,BORDONANTE,FRRCO,08:41,FREMR
5218,2023-08-13,ROCHEFORT,NON,3852,10:58,IC SRO,LUCON,BORDONANTE,FRLCN,09:55,FRRCO
5219,2023-08-13,ROCHEFORT,NON,3852,12:05,IC SRO,NANTES,BORDONANTE,FRNTE,09:55,FRRCO
5220,2023-08-13,SAINTES,NON,3852,10:58,IC SRO,LUCON,BORDONANTE,FRLCN,09:25,FRXST
5221,2023-08-13,SAINTES,NON,3852,10:15,IC SRO,LA ROCHELLE VILLE,BORDONANTE,FRLRH,09:25,FRXST
5222,2023-08-13,SAINTES,NON,3852,11:22,IC SRO,LA ROCHE SUR YON,BORDONANTE,FRXRO,09:25,FRXST
5223,2023-08-13,PARIS (intramuros),OUI,8319,19:45,ATLANTIQUE,TOURS,PAROCHELLE,FRAFW,18:28,FRPMO
5224,2023-08-13,PARIS (intramuros),OUI,8319,19:35,ATLANTIQUE,ST PIERRE DES CORPS,PAROCHELLE,FRXSH,18:28,FRPMO
5225,2023-08-13,PARIS (intramuros),OUI,2583,21:06,EST,MEUSE TGV,PANANCY,FREAJ,20:07,FRPST
5226,2023-08-13,LES AUBRAIS ORLEANS,NON,3755,05:01,IC NUIT,ROCAMADOUR PADIRAC,PAVERMEIL,FRFSA,23:32,FRLAB
5227,2023-08-13,LES AUBRAIS ORLEANS,NON,3755,07:06,IC NUIT,RODEZ,PAVERMEIL,FRRDZ,23:32,FRLAB
5228,2023-08-13,LES AUBRAIS ORLEANS,NON,3755,06:09,IC NUIT,VIVIEZ DECAZEVILLE,PAVERMEIL,FRVZD,23:32,FRLAB
5229,2023-08-13,PARIS (intramuros),NON,3755,06:15,IC NUIT,AUBIN,PAVERMEIL,FRFSQ,22:12,FRPAZ
5230,2023-08-13,PARIS (intramuros),NON,3755,06:33,IC NUIT,ST CHRISTOPHE,PAVERMEIL,FRFST,22:12,FRPAZ
5231,2023-08-13,LES AUBRAIS ORLEANS,NON,3755,06:19,IC NUIT,CRANSAC,PAVERMEIL,FRFSR,23:32,FRLAB
5232,2023-08-13,FRANKFURT MAIN HBF,NON,9550,20:21,INTERNATIONAL,KAISERSLAUTERN HBF,FRANCPA,DEKLT,18:56,DEFRH
5233,2023-08-13,FRANKFURT MAIN HBF,NON,9550,21:00,INTERNATIONAL,SARREBRUCK/SAARBRUECKEN,FRANCPA,DESBK,18:56,DEFRH
5234,2023-08-13,FRANKFURT MAIN HBF,NON,9550,21:10,INTERNATIONAL,FORBACH,FRANCPA,FRBQT,18:56,DEFRH
5235,2023-08-13,FRANKFURT MAIN HBF,NON,9550,22:53,INTERNATIONAL,PARIS (intramuros),FRANCPA,FRPST,18:56,DEFRH
5236,2023-08-13,MANNHEIM HBF,NON,9550,20:21,INTERNATIONAL,KAISERSLAUTERN HBF,FRANCPA,DEKLT,19:40,DEMHG
5237,2023-08-13,MANNHEIM HBF,NON,9550,22:53,INTERNATIONAL,PARIS (intramuros),FRANCPA,FRPST,19:40,DEMHG
5238,2023-08-13,AVIGNON TGV,OUI,6163,20:02,SUD EST,ST RAPHAEL VALESCURE,PAAZUR,FRXSK,17:58,FRAVG
5239,2023-08-13,PARIS (intramuros),NON,6163,19:08,SUD EST,TOULON,PAAZUR,FRTLN,15:20,FRPLY
5240,2023-08-13,PARIS (intramuros),NON,6163,20:02,SUD EST,ST RAPHAEL VALESCURE,PAAZUR,FRXSK,15:20,FRPLY
5241,2023-08-13,TOULON,OUI,6163,20:27,SUD EST,CANNES,PAAZUR,FRJCA,19:11,FRTLN
5242,2023-08-13,TOULON,OUI,6163,21:00,SUD EST,NICE VILLE,PAAZUR,FRNIC,19:11,FRTLN
5243,2023-08-13,TOULON,OUI,6163,20:02,SUD EST,ST RAPHAEL VALESCURE,PAAZUR,FRXSK,19:11,FRTLN
5244,2023-08-13,BEZIERS,NON,4766,21:49,IC ARO,MONTAUBAN VILLE BOURBON,TJOURSESO,FRXMW,19:47,FRBZR
5245,2023-08-13,NIMES,NON,4766,23:32,IC ARO,BORDEAUX ST JEAN,TJOURSESO,FRBOJ,18:39,FRFNI
5246,2023-08-13,NIMES,NON,4766,20:33,IC ARO,CARCASSONNE,TJOURSESO,FRCCF,18:39,FRFNI
5247,2023-08-13,NIMES,NON,4766,20:02,IC ARO,NARBONNE,TJOURSESO,FRXNA,18:39,FRFNI
5248,2023-08-13,MONTPELLIER SAINT-ROCH,NON,4766,22:27,IC ARO,AGEN,TJOURSESO,FRAGF,19:07,FRMPL
5249,2023-08-13,MONTPELLIER SAINT-ROCH,NON,4766,19:44,IC ARO,BEZIERS,TJOURSESO,FRBZR,19:07,FRMPL
5250,2023-08-13,MARSEILLE ST CHARLES,NON,4766,21:17,IC ARO,TOULOUSE MATABIAU,TJOURSESO,FRXYT,17:28,FRMSC
5251,2023-08-13,MONTAUBAN VILLE BOURBON,OUI,4766,22:27,IC ARO,AGEN,TJOURSESO,FRAGF,21:51,FRXMW
5252,2023-08-13,NARBONNE,NON,4766,20:33,IC ARO,CARCASSONNE,TJOURSESO,FRCCF,20:05,FRXNA
5253,2023-08-13,UZERCHE,OUI,3625,15:04,IC ARO,BRIVE LA GAILLARDE,PALITO,FRBVE,14:39,FRAAW
5254,2023-08-13,ISSOUDUN,OUI,3625,15:04,IC ARO,BRIVE LA GAILLARDE,PALITO,FRBVE,12:33,FRFMN
5255,2023-08-13,VIERZON VILLE,OUI,3625,14:38,IC ARO,UZERCHE,PALITO,FRAAW,12:13,FRXVZ
5256,2023-08-13,VIERZON VILLE,OUI,3625,12:31,IC ARO,ISSOUDUN,PALITO,FRFMN,12:13,FRXVZ
5257,2023-08-13,NICE VILLE,OUI,6186,23:13,SUD EST,PARIS (intramuros),AZURPA,FRPLY,17:39,FRNIC
5258,2023-08-13,NICE VILLE,OUI,6186,17:51,SUD EST,ANTIBES,AZURPA,FRXAT,17:39,FRNIC
5259,2023-08-13,ANTIBES,OUI,6186,18:30,SUD EST,ST RAPHAEL VALESCURE,AZURPA,FRXSK,17:54,FRXAT
5260,2023-08-13,RETHEL,OUI,2766,23:01,EST,PARIS (intramuros),SEDBARPA,FRPST,21:48,FRBDT
5261,2023-08-13,CHARLEVILLE MEZIERES,OUI,2766,21:45,EST,RETHEL,SEDBARPA,FRBDT,21:17,FRXCZ
5262,2023-08-13,CHARLEVILLE MEZIERES,OUI,2766,23:01,EST,PARIS (intramuros),SEDBARPA,FRPST,21:17,FRXCZ
5263,2023-08-13,AVIGNON TGV,NON,6155,13:11,SUD EST,TOULON,PAAZUR,FRTLN,12:05,FRAVG
5264,2023-08-13,PARIS (intramuros),NON,6155,13:40,SUD EST,HYERES,PAAZUR,FRXHE,09:26,FRPLY
5265,2023-08-13,AVIGNON TGV,NON,6165,16:39,SUD EST,ANTIBES,PAAZUR,FRXAT,14:04,FRAVG
5266,2023-08-13,ST RAPHAEL VALESCURE,OUI,6165,16:39,SUD EST,ANTIBES,PAAZUR,FRXAT,16:04,FRXSK
5267,2023-08-13,LYON (intramuros),OUI,6624,15:58,SUD EST,LYON (intramuros),RHONEPARIS,FRLPD,15:51,FRLPE
5268,2023-08-13,LE CREUSOT MONTCEAU MONTCHANIN,OUI,6624,18:08,SUD EST,PARIS (intramuros),RHONEPARIS,FRPLY,16:50,FRXCC
5269,2023-08-13,BORDEAUX ST JEAN,OUI,12274,19:25,ATLANTIQUE,PARIS (intramuros),SUDOUESTPA,FRPMO,17:08,FRBOJ
5270,2023-08-13,AVIGNON CENTRE,OUI,6196,15:10,SUD EST,VALENCE VILLE,VDRPA,FRVAF,14:04,FRAES
5271,2023-08-13,BEZIERS,OUI,6047,11:20,SUD EST,NARBONNE,PALANG,FRXNA,11:06,FRBZR
5272,2023-08-13,PARIS (intramuros),OUI,6047,09:07,SUD EST,VALENCE TGV RHONE-ALPES SUD,PALANG,FRVLA,06:56,FRPLY
5273,2023-08-13,SETE,OUI,6047,11:56,SUD EST,PERPIGNAN,PALANG,FRPGF,10:34,FRXSY
5274,2023-08-13,ARRAS,OUI,7112,10:08,NORD,PARIS (intramuros),ARRASPA,FRPNO,09:18,FRQRV
5275,2023-08-13,AIX EN PROVENCE TGV,OUI,6181,22:28,SUD EST,CANNES,PAAZUR,FRJCA,20:20,FRAIE
5276,2023-08-13,ST RAPHAEL VALESCURE,OUI,6181,22:28,SUD EST,CANNES,PAAZUR,FRJCA,22:05,FRXSK
5277,2023-08-13,CANNES,OUI,6176,12:55,SUD EST,ST RAPHAEL VALESCURE,AZURPA,FRXSK,12:33,FRJCA
5278,2023-08-13,NICE VILLE,OUI,6176,12:55,SUD EST,ST RAPHAEL VALESCURE,AZURPA,FRXSK,12:02,FRNIC
5279,2023-08-13,TOULON,NON,6176,14:33,SUD EST,MARSEILLE ST CHARLES,AZURPA,FRMSC,13:48,FRTLN
5280,2023-08-13,ANTIBES,NON,6176,14:33,SUD EST,MARSEILLE ST CHARLES,AZURPA,FRMSC,12:19,FRXAT
5281,2023-08-13,ANTIBES,NON,6176,17:50,SUD EST,PARIS (intramuros),AZURPA,FRPLY,12:19,FRXAT
5282,2023-08-13,ST RAPHAEL VALESCURE,NON,6176,14:33,SUD EST,MARSEILLE ST CHARLES,AZURPA,FRMSC,12:58,FRXSK
5283,2023-08-13,ST RAPHAEL VALESCURE,NON,6176,17:50,SUD EST,PARIS (intramuros),AZURPA,FRPLY,12:58,FRXSK
5284,2023-08-13,ANGERS ST LAUD,NON,4506,22:04,IC SRO,NANTES,JOURLYNNTE,FRNTE,21:24,FRACL
5285,2023-08-13,SAUMUR,NON,4506,21:22,IC SRO,ANGERS ST LAUD,JOURLYNNTE,FRACL,21:01,FRACN
5286,2023-08-13,LYON (intramuros),NON,4506,17:28,IC SRO,ST GERMAIN DES FOSSES,JOURLYNNTE,FRSGF,15:46,FRLPD
5287,2023-08-13,LYON (intramuros),NON,4506,21:22,IC SRO,ANGERS ST LAUD,JOURLYNNTE,FRACL,15:32,FRLPE
5288,2023-08-13,LYON (intramuros),NON,4506,20:59,IC SRO,SAUMUR,JOURLYNNTE,FRACN,15:32,FRLPE
5289,2023-08-13,LYON (intramuros),NON,4506,18:19,IC SRO,NEVERS,JOURLYNNTE,FRNVS,15:32,FRLPE
5290,2023-08-13,NEVERS,NON,4506,20:59,IC SRO,SAUMUR,JOURLYNNTE,FRACN,18:29,FRNVS
5291,2023-08-13,NEVERS,NON,4506,20:26,IC SRO,ST PIERRE DES CORPS,JOURLYNNTE,FRXSH,18:29,FRNVS
5292,2023-08-13,ROANNE,NON,4506,21:22,IC SRO,ANGERS ST LAUD,JOURLYNNTE,FRACL,16:51,FRRNE
5293,2023-08-13,ST GERMAIN DES FOSSES,NON,4506,21:22,IC SRO,ANGERS ST LAUD,JOURLYNNTE,FRACL,17:30,FRSGF
5294,2023-08-13,ST GERMAIN DES FOSSES,NON,4506,19:06,IC SRO,BOURGES,JOURLYNNTE,FRBOU,17:30,FRSGF
5295,2023-08-13,ST GERMAIN DES FOSSES,NON,4506,20:26,IC SRO,ST PIERRE DES CORPS,JOURLYNNTE,FRXSH,17:30,FRSGF
5296,2023-08-13,ST GERMAIN DES FOSSES,NON,4506,19:25,IC SRO,VIERZON VILLE,JOURLYNNTE,FRXVZ,17:30,FRSGF
5297,2023-08-13,ST PIERRE DES CORPS,NON,4506,21:22,IC SRO,ANGERS ST LAUD,JOURLYNNTE,FRACL,20:29,FRXSH
5298,2023-08-13,ST PIERRE DES CORPS,NON,4506,20:59,IC SRO,SAUMUR,JOURLYNNTE,FRACN,20:29,FRXSH
5299,2023-08-13,VITRE,OUI,8073,22:26,ATLANTIQUE,RENNES,PARISBRETA,FRRNS,22:05,FRXVT
5300,2023-08-13,NARBONNE,OUI,6871,09:12,SUD EST,BEZIERS,JCSUDPROV,FRBZR,08:59,FRXNA
5301,2023-08-13,TOULOUSE MATABIAU,OUI,6871,09:12,SUD EST,BEZIERS,JCSUDPROV,FRBZR,07:43,FRXYT
5302,2023-08-13,NARBONNE,OUI,6871,09:55,SUD EST,MONTPELLIER SUD DE FRANCE,JCSUDPROV,FRSUF,08:59,FRXNA
5303,2023-08-13,BEZIERS,OUI,6871,09:55,SUD EST,MONTPELLIER SUD DE FRANCE,JCSUDPROV,FRSUF,09:15,FRBZR
5304,2023-08-13,TOULOUSE MATABIAU,NON,6871,10:24,SUD EST,NIMES PONT DU GARD,JCSUDPROV,FRXZP,07:43,FRXYT
5305,2023-08-13,CARCASSONNE,NON,6871,10:24,SUD EST,NIMES PONT DU GARD,JCSUDPROV,FRXZP,08:27,FRCCF
5306,2023-08-13,NANCY,OUI,2573,20:41,EST,EPINAL,PANANCY,FREPL,19:58,FRENC
5307,2023-08-13,NANCY,OUI,2573,21:05,EST,REMIREMONT,PANANCY,FRRNT,19:58,FRENC
5308,2023-08-13,PARIS (intramuros),OUI,2573,19:48,EST,NANCY,PANANCY,FRENC,18:10,FRPST
5309,2023-08-13,PARIS (intramuros),OUI,2573,20:41,EST,EPINAL,PANANCY,FREPL,18:10,FRPST
5310,2023-08-13,ANGERS ST LAUD,NON,5480,16:20,EST,MASSY TGV,JCATLEST,FRDJU,14:49,FRACL
5311,2023-08-13,ANGERS ST LAUD,NON,5480,18:48,EST,LORRAINE TGV,JCATLEST,FREAM,14:49,FRACL
5312,2023-08-13,MASSY TGV,NON,5480,19:29,EST,STRASBOURG,JCATLEST,FRAEG,16:26,FRDJU
5313,2023-08-13,MASSY TGV,NON,5480,18:00,EST,CHAMPAGNE-ARDENNE,JCATLEST,FREAH,16:26,FRDJU
5314,2023-08-13,CHAMPAGNE-ARDENNE,OUI,5480,19:29,EST,STRASBOURG,JCATLEST,FRAEG,18:10,FREAH
5315,2023-08-13,MARNE LA VALLEE CHESSY,NON,5480,18:00,EST,CHAMPAGNE-ARDENNE,JCATLEST,FREAH,17:03,FRMLV
5316,2023-08-13,NANTES,NON,5480,19:29,EST,STRASBOURG,JCATLEST,FRAEG,14:09,FRNTE
5317,2023-08-13,PARIS (intramuros),NON,6715,23:20,SUD EST,MULHOUSE VILLE,PABOUR,FRAEK,20:22,FRPLY
5318,2023-08-13,BESANCON - F COMTE TGV,OUI,6715,22:52,SUD EST,BELFORT-MONTBELIARD TGV,PABOUR,FRTJA,22:31,FRTJB
5319,2023-08-13,ARGELES SUR MER,NON,3736,06:08,IC NUIT,LES AUBRAIS ORLEANS,PALOMBEPAR,FRLAB,19:30,FRARM
5320,2023-08-13,ARGELES SUR MER,NON,3736,07:19,IC NUIT,PARIS (intramuros),PALOMBEPAR,FRPAZ,19:30,FRARM
5321,2023-08-13,PORT LA NOUVELLE,NON,3736,07:19,IC NUIT,PARIS (intramuros),PALOMBEPAR,FRPAZ,20:24,FRILP
5322,2023-08-13,LEUCATE LA FRANQUI,NON,3736,07:19,IC NUIT,PARIS (intramuros),PALOMBEPAR,FRPAZ,20:15,FRILQ
5323,2023-08-13,CERBERE,NON,3736,06:08,IC NUIT,LES AUBRAIS ORLEANS,PALOMBEPAR,FRLAB,19:04,FRXCE
5324,2023-08-13,COLLIOURE,NON,3736,06:08,IC NUIT,LES AUBRAIS ORLEANS,PALOMBEPAR,FRLAB,19:24,FRXCU
5325,2023-08-13,PORT VENDRES VILLE,NON,3736,06:08,IC NUIT,LES AUBRAIS ORLEANS,PALOMBEPAR,FRLAB,19:19,FRXPV
5326,2023-08-13,BEZIERS,OUI,6052,19:27,SUD EST,SETE,LANGPA,FRXSY,19:00,FRBZR
5327,2023-08-13,PERPIGNAN,OUI,6052,19:11,SUD EST,AGDE,LANGPA,FRXAG,18:04,FRPGF
5328,2023-08-13,MONTPELLIER SUD DE FRANCE,OUI,6052,20:51,SUD EST,VALENCE TGV RHONE-ALPES SUD,LANGPA,FRVLA,19:52,FRSUF
5329,2023-08-13,MONTPELLIER SUD DE FRANCE,OUI,6052,23:05,SUD EST,PARIS (intramuros),LANGPA,FRPLY,19:52,FRSUF
5330,2023-08-13,AGDE,OUI,6052,19:47,SUD EST,MONTPELLIER SUD DE FRANCE,LANGPA,FRSUF,19:14,FRXAG
5331,2023-08-13,AGDE,OUI,6052,20:10,SUD EST,NIMES PONT DU GARD,LANGPA,FRXZP,19:14,FRXAG
5332,2023-08-13,BEZIERS,NON,9708,13:43,SUD EST,MONTPELLIER SAINT-ROCH,BARCELONEPA,FRMPL,12:58,FRBZR
5333,2023-08-13,AGDE,NON,9708,17:18,SUD EST,PARIS (intramuros),BARCELONEPA,FRPLY,13:13,FRXAG
5334,2023-08-13,BARCELONA SANTS,NON,9708,13:43,SUD EST,MONTPELLIER SAINT-ROCH,BARCELONEPA,FRMPL,10:33,ESBST
5335,2023-08-13,BARCELONA SANTS,NON,9708,14:13,SUD EST,NIMES,BARCELONEPA,FRFNI,10:33,ESBST
5336,2023-08-13,GIRONA,NON,9708,12:55,SUD EST,BEZIERS,BARCELONEPA,FRBZR,11:14,ESGRO
5337,2023-08-13,FIGUERES VILA TGV,NON,9708,14:13,SUD EST,NIMES,BARCELONEPA,FRFNI,11:31,ESFIR
5338,2023-08-13,GIRONA,NON,9708,13:26,SUD EST,SETE,BARCELONEPA,FRXSY,11:14,ESGRO
5339,2023-08-13,FIGUERES VILA TGV,NON,9708,13:26,SUD EST,SETE,BARCELONEPA,FRXSY,11:31,ESFIR
5340,2023-08-13,DAX,OUI,8549,20:12,ATLANTIQUE,BAYONNE,PASUDOUEST,FRXBY,19:41,FRACG
5341,2023-08-13,STUTTGART HBF,NON,9574,12:13,INTERNATIONAL,STRASBOURG,MUNSTUTPA,FRAEG,10:52,DESGT
5342,2023-08-13,STRASBOURG,NON,9574,14:05,INTERNATIONAL,PARIS (intramuros),MUNSTUTPA,FRPST,12:19,FRAEG
5343,2023-08-13,BRIVE LA GAILLARDE,OUI,3664,18:40,IC ARO,VIERZON VILLE,TOULOUZECO,FRXVZ,15:54,FRBVE
5344,2023-08-13,ARGENTON SUR CREUSE,OUI,3664,20:32,IC ARO,PARIS (intramuros),TOULOUZECO,FRPAZ,17:51,FRFMT
5345,2023-08-13,BEZIERS,OUI,6221,12:20,SUD EST,NARBONNE,PALANG,FRXNA,12:06,FRBZR
5346,2023-08-13,NIMES,NON,6221,12:56,SUD EST,PERPIGNAN,PALANG,FRPGF,10:46,FRFNI
5347,2023-08-13,MONTPELLIER SAINT-ROCH,NON,6221,12:03,SUD EST,BEZIERS,PALANG,FRBZR,11:17,FRMPL
5348,2023-08-13,PARIS (intramuros),NON,6221,10:42,SUD EST,NIMES,PALANG,FRFNI,07:42,FRPLY
5349,2023-08-13,PARIS (intramuros),NON,6221,12:56,SUD EST,PERPIGNAN,PALANG,FRPGF,07:42,FRPLY
5350,2023-08-13,PARIS (intramuros),NON,6221,09:52,SUD EST,VALENCE TGV RHONE-ALPES SUD,PALANG,FRVLA,07:42,FRPLY
5351,2023-08-13,VALENCE TGV RHONE-ALPES SUD,NON,6221,11:11,SUD EST,MONTPELLIER SAINT-ROCH,PALANG,FRMPL,09:55,FRVLA
5352,2023-08-13,VALENCE TGV RHONE-ALPES SUD,NON,6221,12:56,SUD EST,PERPIGNAN,PALANG,FRPGF,09:55,FRVLA
5353,2023-08-13,VALENCE TGV RHONE-ALPES SUD,NON,6221,12:20,SUD EST,NARBONNE,PALANG,FRXNA,09:55,FRVLA
5354,2023-08-13,SETE,OUI,6221,12:20,SUD EST,NARBONNE,PALANG,FRXNA,11:34,FRXSY
5355,2023-08-13,LIMOGES BENEDICTINS,OUI,3665,23:13,IC ARO,CAHORS,PALITO,FRZAO,20:58,FRAGQ
5356,2023-08-13,BRIVE LA GAILLARDE,OUI,3665,22:44,IC ARO,GOURDON,PALITO,FRFSI,22:04,FRBVE
5357,2023-08-13,ARGENTON SUR CREUSE,OUI,3665,23:13,IC ARO,CAHORS,PALITO,FRZAO,19:58,FRFMT
5358,2023-08-13,GOURDON,OUI,3665,23:13,IC ARO,CAHORS,PALITO,FRZAO,22:46,FRFSI
5359,2023-08-13,LA SOUTERRAINE,OUI,3665,22:28,IC ARO,SOUILLAC,PALITO,FRSOU,20:24,FRLST
5360,2023-08-13,PARIS (intramuros),OUI,3665,20:22,IC ARO,LA SOUTERRAINE,PALITO,FRLST,17:41,FRPAZ
5361,2023-08-13,PARIS (intramuros),OUI,3665,22:28,IC ARO,SOUILLAC,PALITO,FRSOU,17:41,FRPAZ
5362,2023-08-13,SOUILLAC,OUI,3665,22:44,IC ARO,GOURDON,PALITO,FRFSI,22:30,FRSOU
5363,2023-08-13,SOUILLAC,OUI,3665,23:13,IC ARO,CAHORS,PALITO,FRZAO,22:30,FRSOU
5364,2023-08-13,VIERZON VILLE,OUI,3665,22:01,IC ARO,BRIVE LA GAILLARDE,PALITO,FRBVE,19:11,FRXVZ
5365,2023-08-13,VIERZON VILLE,OUI,3665,22:44,IC ARO,GOURDON,PALITO,FRFSI,19:11,FRXVZ
5366,2023-08-13,POITIERS,OUI,8330,06:49,ATLANTIQUE,CHATELLERAULT,ROCHELLEPA,FRXCX,06:31,FRPIS
5367,2023-08-13,NANTES,OUI,8905,20:34,ATLANTIQUE,ST NAZAIRE,PARISLOIRE,FRSNR,20:00,FRNTE
5368,2023-08-13,PARIS (intramuros),NON,8905,19:54,ATLANTIQUE,NANTES,PARISLOIRE,FRNTE,17:48,FRPMO
5369,2023-08-13,DAX,OUI,8551,22:11,ATLANTIQUE,BAYONNE,PASUDOUEST,FRXBY,21:40,FRACG
5370,2023-08-13,BORDEAUX ST JEAN,NON,8551,21:36,ATLANTIQUE,DAX,PASUDOUEST,FRACG,20:20,FRBOJ
5371,2023-08-13,BAYONNE,OUI,8551,22:54,ATLANTIQUE,HENDAYE,PASUDOUEST,FRAEF,22:14,FRXBY
5372,2023-08-13,PARIS (intramuros),NON,8509,19:26,ATLANTIQUE,TOULOUSE MATABIAU,PASUDOUEST,FRXYT,15:08,FRPMO
5373,2023-08-13,LA ROCHELLE VILLE,OUI,8396,22:27,ATLANTIQUE,NIORT,ROCHELLEPA,FRNIT,21:52,FRLRH
5374,2023-08-13,NIORT,OUI,8396,23:11,ATLANTIQUE,POITIERS,ROCHELLEPA,FRPIS,22:30,FRNIT
5375,2023-08-13,PARIS (intramuros),OUI,6131,23:22,SUD EST,AVIGNON TGV,PAPROVENCE,FRAVG,20:38,FRPLY
5376,2023-08-13,NEVERS,NON,5959,15:28,IC ARO,MOULINS SUR ALLIER,PACLERMONT,FRXMU,14:59,FRNVS
5377,2023-08-13,MOULINS SUR ALLIER,NON,5959,16:29,IC ARO,CLERMONT FERRAND,PACLERMONT,FRCFE,15:30,FRXMU
5378,2023-08-13,MOULINS SUR ALLIER,NON,5959,16:17,IC ARO,RIOM CHATEL GUYON,PACLERMONT,FRRIO,15:30,FRXMU
5379,2023-08-13,ANNECY,NON,6978,19:14,SUD EST,PARIS (intramuros),ALPESPARIS,FRPLY,15:31,FRNCY
5380,2023-08-13,AIX LES BAINS LE REVARD,OUI,6978,16:10,SUD EST,CHAMBERY CHALLES LES EAUX,ALPESPARIS,FRCMF,15:59,FRXAI
5381,2023-08-13,AGEN,OUI,8519,23:02,ATLANTIQUE,MONTAUBAN VILLE BOURBON,PASUDOUEST,FRXMW,22:25,FRAGF
5382,2023-08-13,PARIS (intramuros),OUI,8519,21:14,ATLANTIQUE,BORDEAUX ST JEAN,PASUDOUEST,FRBOJ,19:08,FRPMO
5383,2023-08-13,QUIMPER,OUI,8722,14:17,ATLANTIQUE,VANNES,BRETAPARIS,FRVNE,13:11,FRUIP
5384,2023-08-13,VANNES,NON,8722,14:48,ATLANTIQUE,REDON,BRETAPARIS,FRXRN,14:22,FRVNE
5385,2023-08-13,AUGSBURG HBF,NON,9576,12:31,INTERNATIONAL,PARIS (intramuros),MUNSTUTPA,FRPST,07:20,DEAGB
5386,2023-08-13,KARLSRUHE HBF,NON,9576,10:37,INTERNATIONAL,STRASBOURG,MUNSTUTPA,FRAEG,09:53,DEQKA
5387,2023-08-13,KARLSRUHE HBF,NON,9576,12:31,INTERNATIONAL,PARIS (intramuros),MUNSTUTPA,FRPST,09:53,DEQKA
5388,2023-08-13,STRASBOURG,OUI,9890,07:23,NORD,CHAMPAGNE-ARDENNE,JCESTNORD,FREAH,06:01,FRAEG
5389,2023-08-13,STRASBOURG,OUI,9890,06:56,NORD,MEUSE TGV,JCESTNORD,FREAJ,06:01,FRAEG
5390,2023-08-13,STRASBOURG,OUI,9890,08:56,NORD,LILLE (intramuros),JCESTNORD,FRLLE,06:01,FRAEG
5391,2023-08-13,ANGERS ST LAUD,OUI,5351,11:19,SUD EST,NANTES,JCSUDATL,FRNTE,10:42,FRACL
5392,2023-08-13,MASSY TGV,NON,5351,11:19,SUD EST,NANTES,JCSUDATL,FRNTE,08:43,FRDJU
5393,2023-08-13,MASSY TGV,OUI,5351,09:43,SUD EST,ST PIERRE DES CORPS,JCSUDATL,FRXSH,08:43,FRDJU
5394,2023-08-13,LYON (intramuros),OUI,5351,08:34,SUD EST,MASSY TGV,JCSUDATL,FRDJU,06:30,FRLPD
5395,2023-08-13,LYON (intramuros),NON,5351,11:19,SUD EST,NANTES,JCSUDATL,FRNTE,06:16,FRLPE
5396,2023-08-13,LYON (intramuros),OUI,5351,09:43,SUD EST,ST PIERRE DES CORPS,JCSUDATL,FRXSH,06:16,FRLPE
5397,2023-08-13,PAU,OUI,8572,15:43,ATLANTIQUE,TARBES,PASUDOUEST,FRXTB,14:49,FRAEE
5398,2023-08-13,BORDEAUX ST JEAN,NON,8572,14:16,ATLANTIQUE,ORTHEZ,PASUDOUEST,FRGFI,12:20,FRBOJ
5399,2023-08-13,PARIS (intramuros),NON,8572,14:46,ATLANTIQUE,PAU,PASUDOUEST,FRAEE,10:08,FRPMO
5400,2023-08-13,PARIS (intramuros),NON,8572,12:14,ATLANTIQUE,BORDEAUX ST JEAN,PASUDOUEST,FRBOJ,10:08,FRPMO
5401,2023-08-13,LES AUBRAIS ORLEANS,NON,3971,08:26,IC NUIT,PORTE PUYMORENS,PARPALOMBE,FRFQF,22:49,FRLAB
5402,2023-08-13,LES AUBRAIS ORLEANS,NON,3971,07:17,IC NUIT,LES CABANNES,PARPALOMBE,FRFQK,22:49,FRLAB
5403,2023-08-13,PARIS (intramuros),NON,3971,06:24,IC NUIT,SAVERDUN,PARPALOMBE,FRFPU,21:42,FRPAZ
5404,2023-08-13,PARIS (intramuros),NON,3971,06:13,IC NUIT,AUTERIVE,PARPALOMBE,FRFPW,21:42,FRPAZ
5405,2023-08-13,PARIS (intramuros),NON,3971,07:25,IC NUIT,LUZENAC GARANOU,PARPALOMBE,FRFQI,21:42,FRPAZ
5406,2023-08-13,PARIS (intramuros),NON,3971,06:52,IC NUIT,FOIX,PARPALOMBE,FRXFX,21:42,FRPAZ
5407,2023-08-13,LES AUBRAIS ORLEANS,NON,3971,06:13,IC NUIT,AUTERIVE,PARPALOMBE,FRFPW,22:49,FRLAB
5408,2023-08-13,BEZIERS,NON,6262,22:08,SUD EST,PARIS (intramuros),LANGPA,FRPLY,18:00,FRBZR
5409,2023-08-13,PERPIGNAN,NON,6262,18:27,SUD EST,SETE,LANGPA,FRXSY,17:04,FRPGF
5410,2023-08-13,NARBONNE,NON,6262,22:08,SUD EST,PARIS (intramuros),LANGPA,FRPLY,17:42,FRXNA
5411,2023-08-13,NARBONNE,NON,6262,19:11,SUD EST,NIMES PONT DU GARD,LANGPA,FRXZP,17:42,FRXNA
5412,2023-08-13,VITRE,OUI,8093,20:10,ATLANTIQUE,RENNES,PARISBRETA,FRRNS,19:49,FRXVT
5413,2023-08-13,LYON (intramuros),OUI,6622,14:58,SUD EST,LYON (intramuros),RHONEPARIS,FRLPD,14:50,FRLPE
5414,2023-08-13,GENEVE,NON,9768,11:49,INTERNATIONAL,BOURG EN BRESSE,GENEVEPA,FRXBK,10:29,CHGVA
5415,2023-08-13,BELLEGARDE,NON,9768,11:49,INTERNATIONAL,BOURG EN BRESSE,GENEVEPA,FRXBK,11:02,FRXBF
5416,2023-08-13,PARIS (intramuros),OUI,8063,22:10,ATLANTIQUE,LE MANS,PARISBRETA,FRAET,21:12,FRPMO
5417,2023-08-13,AVIGNON TGV,OUI,6813,15:32,SUD EST,AIX EN PROVENCE TGV,JCPROVSUD,FRAIE,15:13,FRAVG
5418,2023-08-13,AVIGNON TGV,OUI,6813,15:46,SUD EST,MARSEILLE ST CHARLES,JCPROVSUD,FRMSC,15:13,FRAVG
5419,2023-08-13,LYON (intramuros),NON,6813,16:43,SUD EST,TOULON,JCPROVSUD,FRTLN,14:06,FRLPD
5420,2023-08-13,STRASBOURG,OUI,2440,17:35,EST,PARIS (intramuros),MULHSTRAPA,FRPST,15:44,FRAEG
5421,2023-08-13,AGEN,NON,4665,18:09,IC ARO,MONTAUBAN VILLE BOURBON,TJOURSOSE,FRXMW,17:32,FRAGF
5422,2023-08-13,BORDEAUX ST JEAN,NON,4665,18:09,IC ARO,MONTAUBAN VILLE BOURBON,TJOURSOSE,FRXMW,16:28,FRBOJ
5423,2023-08-13,BEZIERS,NON,4665,21:20,IC ARO,NIMES,TJOURSOSE,FRFNI,20:17,FRBZR
5424,2023-08-13,CARCASSONNE,NON,4665,21:20,IC ARO,NIMES,TJOURSOSE,FRFNI,19:29,FRCCF
5425,2023-08-13,MONTPELLIER SAINT-ROCH,OUI,4665,21:20,IC ARO,NIMES,TJOURSOSE,FRFNI,20:56,FRMPL
5426,2023-08-13,MONTPELLIER SAINT-ROCH,OUI,4665,22:31,IC ARO,MARSEILLE ST CHARLES,TJOURSOSE,FRMSC,20:56,FRMPL
5427,2023-08-13,METZ VILLE,OUI,2817,15:52,EST,LUXEMBOURG,PAMETZLUX,LULUX,15:10,FRADE
5428,2023-08-13,PARIS (intramuros),OUI,7053,17:48,NORD,LILLE (intramuros),PALILLE,FRADJ,16:46,FRPNO
5429,2023-08-13,JONZAC,NON,3854,12:58,IC SRO,LUCON,BORDONANTE,FRLCN,10:41,FREMR
5430,2023-08-13,JONZAC,NON,3854,14:05,IC SRO,NANTES,BORDONANTE,FRNTE,10:41,FREMR
5431,2023-08-13,LUCON,NON,3854,13:22,IC SRO,LA ROCHE SUR YON,BORDONANTE,FRXRO,13:00,FRLCN
5432,2023-08-13,SAINTES,NON,3854,13:22,IC SRO,LA ROCHE SUR YON,BORDONANTE,FRXRO,11:25,FRXST
5433,2023-08-13,AIX EN PROVENCE TGV,OUI,5386,15:10,SUD EST,AVIGNON TGV,JCSUDATL,FRAVG,14:50,FRAIE
5434,2023-08-13,AVIGNON TGV,NON,5386,18:34,SUD EST,MASSY TGV,JCSUDATL,FRDJU,15:15,FRAVG
5435,2023-08-13,AVIGNON TGV,NON,5386,16:22,SUD EST,LYON (intramuros),JCSUDATL,FRLPD,15:15,FRAVG
5436,2023-08-13,MASSY TGV,NON,5386,20:05,SUD EST,LAVAL,JCSUDATL,FRACR,18:39,FRDJU
5437,2023-08-13,MARSEILLE ST CHARLES,NON,5386,20:05,SUD EST,LAVAL,JCSUDATL,FRACR,14:36,FRMSC
5438,2023-08-13,MARSEILLE ST CHARLES,OUI,5386,14:47,SUD EST,AIX EN PROVENCE TGV,JCSUDATL,FRAIE,14:36,FRMSC
5439,2023-08-13,MARSEILLE ST CHARLES,NON,5386,16:22,SUD EST,LYON (intramuros),JCSUDATL,FRLPD,14:36,FRMSC
5440,2023-08-13,LIMOGES BENEDICTINS,NON,3619,14:38,IC ARO,CAUSSADE TARN ET GARONNE,PALITO,FRFTA,11:59,FRAGQ
5441,2023-08-13,LIMOGES BENEDICTINS,NON,3619,14:53,IC ARO,MONTAUBAN VILLE BOURBON,PALITO,FRXMW,11:59,FRAGQ
5442,2023-08-13,BRIVE LA GAILLARDE,OUI,3619,13:44,IC ARO,GOURDON,PALITO,FRFSI,13:04,FRBVE
5443,2023-08-13,BRIVE LA GAILLARDE,OUI,3619,14:53,IC ARO,MONTAUBAN VILLE BOURBON,PALITO,FRXMW,13:04,FRBVE
5444,2023-08-13,ARGENTON SUR CREUSE,NON,3619,13:00,IC ARO,BRIVE LA GAILLARDE,PALITO,FRBVE,10:57,FRFMT
5445,2023-08-13,LES AUBRAIS ORLEANS,NON,3619,10:56,IC ARO,ARGENTON SUR CREUSE,PALITO,FRFMT,09:29,FRLAB
5446,2023-08-13,PARIS (intramuros),NON,3619,13:44,IC ARO,GOURDON,PALITO,FRFSI,08:28,FRPAZ
5447,2023-08-13,PARIS (intramuros),NON,3619,09:27,IC ARO,LES AUBRAIS ORLEANS,PALITO,FRLAB,08:28,FRPAZ
5448,2023-08-13,PARIS (intramuros),NON,3619,15:22,IC ARO,TOULOUSE MATABIAU,PALITO,FRXYT,08:28,FRPAZ
5449,2023-08-13,SOUILLAC,OUI,3619,13:44,IC ARO,GOURDON,PALITO,FRFSI,13:29,FRSOU
5450,2023-08-13,SOUILLAC,OUI,3619,14:38,IC ARO,CAUSSADE TARN ET GARONNE,PALITO,FRFTA,13:29,FRSOU
5451,2023-08-13,MONTAUBAN VILLE BOURBON,OUI,3619,15:22,IC ARO,TOULOUSE MATABIAU,PALITO,FRXYT,14:55,FRXMW
5452,2023-08-13,VIERZON VILLE,NON,3619,13:00,IC ARO,BRIVE LA GAILLARDE,PALITO,FRBVE,10:10,FRXVZ
5453,2023-08-13,VIERZON VILLE,NON,3619,10:39,IC ARO,CHATEAUROUX,PALITO,FRCHR,10:10,FRXVZ
5454,2023-08-13,ARGENTON SUR CREUSE,NON,3619,14:38,IC ARO,CAUSSADE TARN ET GARONNE,PALITO,FRFTA,10:57,FRFMT
5455,2023-08-13,NANCY,NON,2578,11:05,EST,CHAMPAGNE-ARDENNE,NANCYPA,FREAH,10:11,FRENC
5456,2023-08-13,EPINAL,NON,2578,11:50,EST,PARIS (intramuros),NANCYPA,FRPST,09:21,FREPL
5457,2023-08-13,REMIREMONT,NON,2578,11:05,EST,CHAMPAGNE-ARDENNE,NANCYPA,FREAH,08:57,FRRNT
5458,2023-08-13,MODANE,NON,9249,19:23,INTERNATIONAL,OULX CESANA CLAV SESTRIERE,PAITALIE,ITOCS,18:55,FRAGR
5459,2023-08-13,CHAMBERY CHALLES LES EAUX,NON,9249,19:23,INTERNATIONAL,OULX CESANA CLAV SESTRIERE,PAITALIE,ITOCS,17:44,FRCMF
5460,2023-08-13,PARIS (intramuros),NON,9249,18:49,INTERNATIONAL,MODANE,PAITALIE,FRAGR,14:46,FRPLY
5461,2023-08-13,PARIS (intramuros),NON,9249,18:24,INTERNATIONAL,ST JEAN DE MAURIENNE ARVAN,PAITALIE,FRHPN,14:46,FRPLY
5462,2023-08-13,AVIGNON CENTRE,OUI,6198,19:10,SUD EST,VALENCE VILLE,VDRPA,FRVAF,18:04,FRAES
5463,2023-08-13,ARLES,OUI,6198,18:46,SUD EST,MONTELIMAR GARE SNCF,VDRPA,FRXMK,17:36,FRHZA
5464,2023-08-13,ARLES,OUI,6198,18:18,SUD EST,ORANGE,VDRPA,FRXOG,17:36,FRHZA
5465,2023-08-13,MIRAMAS,OUI,6198,18:46,SUD EST,MONTELIMAR GARE SNCF,VDRPA,FRXMK,17:15,FRMAZ
5466,2023-08-13,MONTELIMAR GARE SNCF,NON,6198,19:46,SUD EST,LYON-SAINT EXUPERY TGV,VDRPA,FRJDQ,18:49,FRXMK
5467,2023-08-13,ORANGE,OUI,6198,18:46,SUD EST,MONTELIMAR GARE SNCF,VDRPA,FRXMK,18:21,FRXOG
5468,2023-08-13,NANTES,OUI,8921,15:50,ATLANTIQUE,LA BAULE ESCOUBLAC,PARISLOIRE,FRJEE,15:00,FRNTE
5469,2023-08-13,PARIS (intramuros),NON,8921,16:04,ATLANTIQUE,LE CROISIC,PARISLOIRE,FREGU,12:49,FRPMO
5470,2023-08-13,PARIS (intramuros),NON,8921,15:33,ATLANTIQUE,ST NAZAIRE,PARISLOIRE,FRSNR,12:49,FRPMO
5471,2023-08-13,ST NAZAIRE,OUI,8921,15:50,ATLANTIQUE,LA BAULE ESCOUBLAC,PARISLOIRE,FRJEE,15:36,FRSNR
5472,2023-08-13,MARSEILLE ST CHARLES,NON,6077,19:58,SUD EST,NICE VILLE,PAAZUR,FRNIC,17:28,FRMSC
5473,2023-08-13,ST RAPHAEL VALESCURE,OUI,6077,19:26,SUD EST,CANNES,PAAZUR,FRJCA,19:04,FRXSK
5474,2023-08-13,ST RAPHAEL VALESCURE,OUI,6077,19:39,SUD EST,ANTIBES,PAAZUR,FRXAT,19:04,FRXSK
5475,2023-08-13,LE CROISIC,OUI,8936,22:09,ATLANTIQUE,ST NAZAIRE,LOIREPARIS,FRSNR,21:44,FREGU
5476,2023-08-13,NANTES,OUI,8936,00:50,ATLANTIQUE,PARIS (intramuros),LOIREPARIS,FRPMO,22:50,FRNTE
5477,2023-08-13,ST NAZAIRE,OUI,8936,00:50,ATLANTIQUE,PARIS (intramuros),LOIREPARIS,FRPMO,22:12,FRSNR
5478,2023-08-13,RIOM CHATEL GUYON,NON,5962,09:58,IC ARO,NEVERS,CLERMONTPA,FRNVS,08:42,FRRIO
5479,2023-08-13,VICHY,NON,5962,11:57,IC ARO,PARIS (intramuros),CLERMONTPA,FRPBE,09:06,FRVHY
5480,2023-08-13,VICHY,NON,5962,09:29,IC ARO,MOULINS SUR ALLIER,CLERMONTPA,FRXMU,09:06,FRVHY
5481,2023-08-13,LE CREUSOT MONTCEAU MONTCHANIN,OUI,6628,20:08,SUD EST,PARIS (intramuros),RHONEPARIS,FRPLY,18:49,FRXCC
5482,2023-08-13,ANGERS ST LAUD,OUI,8922,16:23,ATLANTIQUE,LE MANS,LOIREPARIS,FRAET,15:44,FRACL
5483,2023-08-13,LA BAULE ESCOUBLAC,OUI,8922,14:59,ATLANTIQUE,NANTES,LOIREPARIS,FRNTE,14:05,FRJEE
5484,2023-08-13,NANTES,OUI,8922,15:41,ATLANTIQUE,ANGERS ST LAUD,LOIREPARIS,FRACL,15:05,FRNTE
5485,2023-08-13,ST NAZAIRE,NON,8922,17:25,ATLANTIQUE,PARIS (intramuros),LOIREPARIS,FRPMO,14:24,FRSNR
5486,2023-08-13,MARSEILLE ST CHARLES,NON,6866,20:54,SUD EST,LYON (intramuros),JCSUDPROV,FRLPD,19:11,FRMSC
5487,2023-08-13,CHAMBERY CHALLES LES EAUX,NON,9244,19:14,INTERNATIONAL,PARIS (intramuros),ITALIEPA,FRPLY,16:23,FRCMF
5488,2023-08-13,MILANO P GARIBALDI,NON,9244,17:38,INTERNATIONAL,MACON LOCHE TGV,ITALIEPA,FRMLT,12:10,ITMPG
5489,2023-08-13,MILANO P GARIBALDI,NON,9244,19:14,INTERNATIONAL,PARIS (intramuros),ITALIEPA,FRPLY,12:10,ITMPG
5490,2023-08-13,TORINO PORTA SUSA,NON,9244,19:14,INTERNATIONAL,PARIS (intramuros),ITALIEPA,FRPLY,13:38,ITTRS
5491,2023-08-13,PARIS (intramuros),NON,6605,10:10,SUD EST,LYON (intramuros),PARISRHONE,FRLPE,07:52,FRPLY
5492,2023-08-13,CARCASSONNE,NON,4657,13:50,IC ARO,ARLES,TJOURSOSE,FRHZA,11:29,FRCCF
5493,2023-08-13,MONTPELLIER SAINT-ROCH,OUI,4657,14:37,IC ARO,MARSEILLE ST CHARLES,TJOURSOSE,FRMSC,12:58,FRMPL
5494,2023-08-13,MONTAUBAN VILLE BOURBON,NON,4657,11:27,IC ARO,CARCASSONNE,TJOURSOSE,FRCCF,10:10,FRXMW
5495,2023-08-13,MONTAUBAN VILLE BOURBON,NON,4657,14:37,IC ARO,MARSEILLE ST CHARLES,TJOURSOSE,FRMSC,10:10,FRXMW
5496,2023-08-13,MONTAUBAN VILLE BOURBON,NON,4657,12:34,IC ARO,SETE,TJOURSOSE,FRXSY,10:10,FRXMW
5497,2023-08-13,NARBONNE,NON,4657,13:22,IC ARO,NIMES,TJOURSOSE,FRFNI,12:01,FRXNA
5498,2023-08-13,SETE,NON,4657,14:37,IC ARO,MARSEILLE ST CHARLES,TJOURSOSE,FRMSC,12:36,FRXSY
5499,2023-08-13,TOULOUSE MATABIAU,NON,4657,13:50,IC ARO,ARLES,TJOURSOSE,FRHZA,10:45,FRXYT
5500,2023-08-13,TOULOUSE MATABIAU,NON,4657,12:34,IC ARO,SETE,TJOURSOSE,FRXSY,10:45,FRXYT
5501,2023-08-13,NANTES,OUI,8144,19:14,ATLANTIQUE,PARIS (intramuros),LOIREPARIS,FRPMO,17:09,FRNTE
5502,2023-08-13,MARSEILLE ST CHARLES,OUI,6128,17:34,SUD EST,AVIGNON TGV,PROVENCEPA,FRAVG,17:00,FRMSC
5503,2023-08-13,POITIERS,OUI,8461,00:02,ATLANTIQUE,ANGOULEME,PASUDOUEST,FRANG,23:24,FRPIS
5504,2023-08-13,AEROPORT CDG2 TGV ROISSY,NON,9826,15:51,NORD,MONTPELLIER SUD DE FRANCE,JCNORDSUD,FRSUF,12:00,FRMLW
5505,2023-08-13,VALENCE TGV RHONE-ALPES SUD,NON,9826,15:51,NORD,MONTPELLIER SUD DE FRANCE,JCNORDSUD,FRSUF,14:53,FRVLA
5506,2023-08-13,LILLE (intramuros),NON,9826,15:51,NORD,MONTPELLIER SUD DE FRANCE,JCNORDSUD,FRSUF,11:04,FRLLE
5507,2023-08-13,LYON (intramuros),NON,9826,15:51,NORD,MONTPELLIER SUD DE FRANCE,JCNORDSUD,FRSUF,14:10,FRLPD
5508,2023-08-13,LYON (intramuros),NON,9826,15:30,NORD,NIMES PONT DU GARD,JCNORDSUD,FRXZP,14:10,FRLPD
5509,2023-08-13,LUCON,NON,3835,18:03,IC SRO,ROCHEFORT,NANTEBORDO,FRRCO,17:00,FRLCN
5510,2023-08-13,LUCON,NON,3835,18:32,IC SRO,SAINTES,NANTEBORDO,FRXST,17:00,FRLCN
5511,2023-08-13,PARIS (intramuros),OUI,5789,05:20,IC NUIT,DIE,PABRIANCON,FRDIE,20:51,FRPAZ
5512,2023-08-13,PARIS (intramuros),OUI,5789,07:50,IC NUIT,MONTDAUPHIN GUILLESTRE,PABRIANCON,FRIGZ,20:51,FRPAZ
5513,2023-08-13,AIX EN PROVENCE TGV,OUI,6121,19:57,SUD EST,MARSEILLE ST CHARLES,PAPROVENCE,FRMSC,19:45,FRAIE
5514,2023-08-13,ANGOULEME,OUI,8485,17:37,ATLANTIQUE,BORDEAUX ST JEAN,PASUDOUEST,FRBOJ,16:37,FRANG
5515,2023-08-13,ANGOULEME,OUI,8485,17:15,ATLANTIQUE,LIBOURNE,PASUDOUEST,FRXLR,16:37,FRANG
5516,2023-08-13,PARIS (intramuros),NON,8485,17:37,ATLANTIQUE,BORDEAUX ST JEAN,PASUDOUEST,FRBOJ,14:15,FRPMO
5517,2023-08-13,LYON (intramuros),NON,5354,12:34,SUD EST,MASSY TGV,JCSUDATL,FRDJU,10:30,FRLPD
5518,2023-08-13,UZERCHE,OUI,3656,14:54,IC ARO,LIMOGES BENEDICTINS,TOULOUZECO,FRAGQ,14:18,FRAAW
5519,2023-08-13,UZERCHE,NON,3656,16:46,IC ARO,VIERZON VILLE,TOULOUZECO,FRXVZ,14:18,FRAAW
5520,2023-08-13,BRIVE LA GAILLARDE,NON,3656,16:23,IC ARO,ISSOUDUN,TOULOUZECO,FRFMN,13:52,FRBVE
5521,2023-08-13,CHATEAUROUX,NON,3656,18:21,IC ARO,PARIS (intramuros),TOULOUZECO,FRPAZ,16:08,FRCHR
5522,2023-08-13,CHATEAUROUX,NON,3656,16:46,IC ARO,VIERZON VILLE,TOULOUZECO,FRXVZ,16:08,FRCHR
5523,2023-08-13,GOURDON,NON,3656,18:21,IC ARO,PARIS (intramuros),TOULOUZECO,FRPAZ,13:08,FRFSI
5524,2023-08-13,GOURDON,OUI,3656,13:23,IC ARO,SOUILLAC,TOULOUZECO,FRSOU,13:08,FRFSI
5525,2023-08-13,SOUILLAC,NON,3656,18:21,IC ARO,PARIS (intramuros),TOULOUZECO,FRPAZ,13:25,FRSOU
5526,2023-08-13,CAHORS,OUI,3656,13:49,IC ARO,BRIVE LA GAILLARDE,TOULOUZECO,FRBVE,12:41,FRZAO
5527,2023-08-13,CAHORS,OUI,3656,13:23,IC ARO,SOUILLAC,TOULOUZECO,FRSOU,12:41,FRZAO
5528,2023-08-13,CAHORS,NON,3656,16:46,IC ARO,VIERZON VILLE,TOULOUZECO,FRXVZ,12:41,FRZAO
5529,2023-08-13,AIX EN PROVENCE TGV,OUI,6124,19:22,SUD EST,PARIS (intramuros),AZURPA,FRPLY,16:19,FRAIE
5530,2023-08-13,MARSEILLE ST CHARLES,OUI,6124,16:16,SUD EST,AIX EN PROVENCE TGV,AZURPA,FRAIE,16:04,FRMSC
5531,2023-08-13,HYERES,OUI,6124,15:03,SUD EST,TOULON,AZURPA,FRTLN,14:50,FRXHE
5532,2023-08-13,PARIS (intramuros),NON,5771,08:43,IC NUIT,ANTIBES,PARAZUR,FRXAT,20:51,FRPAZ
5533,2023-08-13,PARIS (intramuros),NON,9219,20:26,INTERNATIONAL,ZUERICH HB,PABALZUR,CHAJD,16:22,FRPLY
5534,2023-08-13,PARIS (intramuros),NON,9219,19:03,INTERNATIONAL,MULHOUSE VILLE,PABALZUR,FRAEK,16:22,FRPLY
5535,2023-08-13,LAVAL,NON,8707,10:25,ATLANTIQUE,RENNES,PARISBRETA,FRRNS,09:58,FRACR
5536,2023-08-13,LAVAL,NON,8707,11:04,ATLANTIQUE,REDON,PARISBRETA,FRXRN,09:58,FRACR
5537,2023-08-13,PARIS (intramuros),NON,8707,12:38,ATLANTIQUE,QUIMPER,PARISBRETA,FRUIP,08:40,FRPMO
5538,2023-08-13,PARIS (intramuros),NON,8707,11:42,ATLANTIQUE,AURAY,PARISBRETA,FRXUY,08:40,FRPMO
5539,2023-08-13,RENNES,NON,8707,12:38,ATLANTIQUE,QUIMPER,PARISBRETA,FRUIP,10:29,FRRNS
5540,2023-08-13,VANNES,NON,8707,12:00,ATLANTIQUE,LORIENT,PARISBRETA,FRLRT,11:32,FRVNE
5541,2023-08-13,VANNES,NON,8707,11:42,ATLANTIQUE,AURAY,PARISBRETA,FRXUY,11:32,FRVNE
5542,2023-08-13,QUIMPERLE,NON,8730,17:25,ATLANTIQUE,RENNES,BRETAPARIS,FRRNS,15:40,FRECO
5543,2023-08-13,LORIENT,NON,8730,17:25,ATLANTIQUE,RENNES,BRETAPARIS,FRRNS,15:53,FRLRT
5544,2023-08-13,ROSPORDEN,OUI,8730,15:37,ATLANTIQUE,QUIMPERLE,BRETAPARIS,FRECO,15:24,FRRSP
5545,2023-08-13,ROSPORDEN,OUI,8730,16:09,ATLANTIQUE,AURAY,BRETAPARIS,FRXUY,15:24,FRRSP
5546,2023-08-13,QUIMPER,OUI,8730,15:22,ATLANTIQUE,ROSPORDEN,BRETAPARIS,FRRSP,15:10,FRUIP
5547,2023-08-13,KAISERSLAUTERN HBF,NON,9553,16:59,INTERNATIONAL,FRANKFURT MAIN HBF,PAFRANC,DEFRH,15:37,DEKLT
5548,2023-08-13,LE POULIGUEN,OUI,8916,11:00,ATLANTIQUE,LA BAULE ESCOUBLAC,LOIREPARIS,FRJEE,10:56,FREGS
5549,2023-08-13,LE POULIGUEN,NON,8916,14:09,ATLANTIQUE,PARIS (intramuros),LOIREPARIS,FRPMO,10:56,FREGS
5550,2023-08-13,LE CROISIC,OUI,8916,11:08,ATLANTIQUE,PORNICHET,LOIREPARIS,FREGR,10:48,FREGU
5551,2023-08-13,LA BAULE ESCOUBLAC,OUI,8916,11:08,ATLANTIQUE,PORNICHET,LOIREPARIS,FREGR,11:04,FRJEE
5552,2023-08-13,LA BAULE ESCOUBLAC,NON,8916,11:59,ATLANTIQUE,NANTES,LOIREPARIS,FRNTE,11:04,FRJEE
5553,2023-08-13,NANTES,NON,8916,14:09,ATLANTIQUE,PARIS (intramuros),LOIREPARIS,FRPMO,12:09,FRNTE
5554,2023-08-13,PARIS (intramuros),NON,8379,15:18,ATLANTIQUE,LA ROCHELLE VILLE,PAROCHELLE,FRLRH,12:16,FRPMO
5555,2023-08-13,PARIS (intramuros),NON,8379,13:52,ATLANTIQUE,POITIERS,PAROCHELLE,FRPIS,12:16,FRPMO
5556,2023-08-13,ST PIERRE DES CORPS,NON,8379,15:18,ATLANTIQUE,LA ROCHELLE VILLE,PAROCHELLE,FRLRH,13:20,FRXSH
5557,2023-08-13,LYON (intramuros),OUI,5186,22:31,NORD,AEROPORT CDG2 TGV ROISSY,JCSUDNORD,FRMLW,20:30,FRLPD
5558,2023-08-13,LYON (intramuros),OUI,5186,22:17,NORD,MARNE LA VALLEE CHESSY,JCSUDNORD,FRMLV,20:16,FRLPE
5559,2023-08-13,VENDOME VILLIERS SUR LOIR,OUI,8347,22:34,ATLANTIQUE,CHATELLERAULT,PAROCHELLE,FRXCX,21:45,FRESL
5560,2023-08-13,VENDOME VILLIERS SUR LOIR,OUI,8347,22:05,ATLANTIQUE,ST PIERRE DES CORPS,PAROCHELLE,FRXSH,21:45,FRESL
5561,2023-08-13,PARIS (intramuros),OUI,8347,22:34,ATLANTIQUE,CHATELLERAULT,PAROCHELLE,FRXCX,20:57,FRPMO
5562,2023-08-13,CHATEAUROUX,OUI,3629,14:48,IC ARO,LIMOGES BENEDICTINS,PALITO,FRAGQ,13:35,FRCHR
5563,2023-08-13,PARIS (intramuros),OUI,3629,12:24,IC ARO,LES AUBRAIS ORLEANS,PALITO,FRLAB,11:29,FRPAZ
5564,2023-08-13,BORDEAUX ST JEAN,OUI,8488,16:39,ATLANTIQUE,LIBOURNE,SUDOUESTPA,FRXLR,16:19,FRBOJ
5565,2023-08-13,POITIERS,NON,8488,19:33,ATLANTIQUE,PARIS (intramuros),SUDOUESTPA,FRPMO,18:09,FRPIS
5566,2023-08-13,BEZIERS,NON,6823,12:59,SUD EST,NARBONNE,JCPROVSUD,FRXNA,12:46,FRBZR
5567,2023-08-13,NIMES,NON,6823,14:15,SUD EST,TOULOUSE MATABIAU,JCPROVSUD,FRXYT,11:37,FRFNI
5568,2023-08-13,LYON (intramuros),NON,6823,12:43,SUD EST,BEZIERS,JCPROVSUD,FRBZR,10:08,FRLPD
5569,2023-08-13,VALENCE TGV RHONE-ALPES SUD,NON,6823,11:34,SUD EST,NIMES,JCPROVSUD,FRFNI,10:49,FRVLA
5570,2023-08-13,VALENCE TGV RHONE-ALPES SUD,NON,6823,12:59,SUD EST,NARBONNE,JCPROVSUD,FRXNA,10:49,FRVLA
5571,2023-08-13,MONTBARD,NON,6706,18:42,SUD EST,PARIS (intramuros),BOURPA,FRPLY,17:38,FRGWE
5572,2023-08-13,BESANCON - F COMTE TGV,OUI,6706,16:56,SUD EST,DIJON VILLE,BOURPA,FRABA,16:28,FRTJB
5573,2023-08-13,BESANCON - F COMTE TGV,OUI,6706,17:35,SUD EST,MONTBARD,BOURPA,FRGWE,16:28,FRTJB
5574,2023-08-13,BEZIERS,OUI,6225,22:20,SUD EST,NARBONNE,PALANG,FRXNA,22:06,FRBZR
5575,2023-08-13,NIMES,OUI,6225,21:11,SUD EST,MONTPELLIER SAINT-ROCH,PALANG,FRMPL,20:46,FRFNI
5576,2023-08-13,MONTPELLIER SAINT-ROCH,OUI,6225,22:56,SUD EST,PERPIGNAN,PALANG,FRPGF,21:17,FRMPL
5577,2023-08-13,MONTPELLIER SAINT-ROCH,OUI,6225,21:31,SUD EST,SETE,PALANG,FRXSY,21:17,FRMPL
5578,2023-08-13,PARIS (intramuros),NON,6225,22:03,SUD EST,BEZIERS,PALANG,FRBZR,17:42,FRPLY
5579,2023-08-13,PARIS (intramuros),NON,6225,22:20,SUD EST,NARBONNE,PALANG,FRXNA,17:42,FRPLY
5580,2023-08-13,VALENCE TGV RHONE-ALPES SUD,NON,6225,21:48,SUD EST,AGDE,PALANG,FRXAG,19:56,FRVLA
5581,2023-08-13,NARBONNE,OUI,6225,22:56,SUD EST,PERPIGNAN,PALANG,FRPGF,22:23,FRXNA
5582,2023-08-13,SETE,OUI,6225,22:56,SUD EST,PERPIGNAN,PALANG,FRPGF,21:34,FRXSY
5583,2023-08-13,SETE,OUI,6225,21:48,SUD EST,AGDE,PALANG,FRXAG,21:34,FRXSY
5584,2023-08-13,CANNES,NON,6074,11:44,SUD EST,TOULON,AZURPA,FRTLN,10:32,FRJCA
5585,2023-08-13,NICE VILLE,NON,6074,12:33,SUD EST,MARSEILLE ST CHARLES,AZURPA,FRMSC,09:57,FRNIC
5586,2023-08-13,NICE VILLE,NON,6074,11:44,SUD EST,TOULON,AZURPA,FRTLN,09:57,FRNIC
5587,2023-08-13,ANTIBES,OUI,6074,10:28,SUD EST,CANNES,AZURPA,FRJCA,10:16,FRXAT
5588,2023-08-13,ST RAPHAEL VALESCURE,NON,6074,15:50,SUD EST,PARIS (intramuros),AZURPA,FRPLY,10:58,FRXSK
5589,2023-08-13,PARIS (intramuros),OUI,2715,09:39,EST,RETHEL,PABARSED,FRBDT,08:28,FRPST
5590,2023-08-13,DAX,NON,8540,17:52,ATLANTIQUE,PARIS (intramuros),SUDOUESTPA,FRPMO,14:19,FRACG
5591,2023-08-13,HENDAYE,NON,8540,17:52,ATLANTIQUE,PARIS (intramuros),SUDOUESTPA,FRPMO,13:01,FRAEF
5592,2023-08-13,HENDAYE,OUI,8540,13:39,ATLANTIQUE,BAYONNE,SUDOUESTPA,FRXBY,13:01,FRAEF
5593,2023-08-13,BIARRITZ,NON,8540,17:52,ATLANTIQUE,PARIS (intramuros),SUDOUESTPA,FRPMO,13:27,FRBIQ
5594,2023-08-13,BIARRITZ,OUI,8540,13:39,ATLANTIQUE,BAYONNE,SUDOUESTPA,FRXBY,13:27,FRBIQ
5595,2023-08-13,ST JEAN DE LUZ CIBOURE,NON,8540,15:40,ATLANTIQUE,BORDEAUX ST JEAN,SUDOUESTPA,FRBOJ,13:14,FRXJZ
5596,2023-08-13,QUIMPERLE,OUI,8742,18:47,ATLANTIQUE,LORIENT,BRETAPARIS,FRLRT,18:36,FRECO
5597,2023-08-13,QUIMPERLE,OUI,8742,19:05,ATLANTIQUE,AURAY,BRETAPARIS,FRXUY,18:36,FRECO
5598,2023-08-13,ROSPORDEN,OUI,8742,19:18,ATLANTIQUE,VANNES,BRETAPARIS,FRVNE,18:21,FRRSP
5599,2023-08-13,QUIMPER,OUI,8742,18:34,ATLANTIQUE,QUIMPERLE,BRETAPARIS,FRECO,18:08,FRUIP
5600,2023-08-13,QUIMPER,OUI,8742,18:47,ATLANTIQUE,LORIENT,BRETAPARIS,FRLRT,18:08,FRUIP
5601,2023-08-13,QUIMPER,NON,8742,19:45,ATLANTIQUE,REDON,BRETAPARIS,FRXRN,18:08,FRUIP
5602,2023-08-13,VANNES,NON,8742,19:45,ATLANTIQUE,REDON,BRETAPARIS,FRXRN,19:21,FRVNE
5603,2023-08-13,AURAY,NON,8742,19:45,ATLANTIQUE,REDON,BRETAPARIS,FRXRN,19:08,FRXUY
5604,2023-08-13,PARIS (intramuros),NON,2421,14:38,EST,STRASBOURG,PASTRAMULH,FRAEG,12:52,FRPST
5605,2023-08-13,PARIS (intramuros),NON,6941,14:17,SUD EST,MACON LOCHE TGV,PARISALPES,FRMLT,12:46,FRPLY
5606,2023-08-13,LIMOGES BENEDICTINS,OUI,3648,13:02,IC ARO,ARGENTON SUR CREUSE,TOULOUZECO,FRFMT,12:09,FRAGQ
5607,2023-08-13,LIMOGES BENEDICTINS,OUI,3648,13:57,IC ARO,VIERZON VILLE,TOULOUZECO,FRXVZ,12:09,FRAGQ
5608,2023-08-13,BRIVE LA GAILLARDE,OUI,3648,11:29,IC ARO,UZERCHE,TOULOUZECO,FRAAW,11:05,FRBVE
5609,2023-08-13,BRIVE LA GAILLARDE,OUI,3648,13:19,IC ARO,CHATEAUROUX,TOULOUZECO,FRCHR,11:05,FRBVE
5610,2023-08-13,BRIVE LA GAILLARDE,OUI,3648,13:35,IC ARO,ISSOUDUN,TOULOUZECO,FRFMN,11:05,FRBVE
5611,2023-08-13,BRIVE LA GAILLARDE,OUI,3648,13:57,IC ARO,VIERZON VILLE,TOULOUZECO,FRXVZ,11:05,FRBVE
5612,2023-08-13,ISSOUDUN,OUI,3648,13:57,IC ARO,VIERZON VILLE,TOULOUZECO,FRXVZ,13:36,FRFMN
5613,2023-08-13,VIERZON VILLE,OUI,3648,15:32,IC ARO,PARIS (intramuros),TOULOUZECO,FRPAZ,13:59,FRXVZ
5614,2023-08-13,ANGERS ST LAUD,OUI,5300,06:24,SUD EST,ST PIERRE DES CORPS,JCATLSUD,FRXSH,05:33,FRACL
5615,2023-08-13,MASSY TGV,NON,5300,09:30,SUD EST,LYON (intramuros),JCATLSUD,FRLPD,07:26,FRDJU
5616,2023-08-13,ST PIERRE DES CORPS,NON,5300,11:21,SUD EST,MONTPELLIER SUD DE FRANCE,JCATLSUD,FRSUF,06:28,FRXSH
5617,2023-08-13,LAVAL,NON,8739,22:45,ATLANTIQUE,QUIMPER,PARISBRETA,FRUIP,19:58,FRACR
5618,2023-08-13,LAVAL,NON,8739,21:41,ATLANTIQUE,AURAY,PARISBRETA,FRXUY,19:58,FRACR
5619,2023-08-13,QUIMPERLE,OUI,8739,22:45,ATLANTIQUE,QUIMPER,PARISBRETA,FRUIP,22:16,FRECO
5620,2023-08-13,PARIS (intramuros),NON,8739,19:55,ATLANTIQUE,LAVAL,PARISBRETA,FRACR,18:40,FRPMO
5621,2023-08-13,PARIS (intramuros),NON,8739,22:30,ATLANTIQUE,ROSPORDEN,PARISBRETA,FRRSP,18:40,FRPMO
5622,2023-08-13,RENNES,NON,8739,22:13,ATLANTIQUE,QUIMPERLE,PARISBRETA,FRECO,20:29,FRRNS
5623,2023-08-13,AIX EN PROVENCE TGV,NON,6864,14:03,SUD EST,AVIGNON TGV,JCSUDPROV,FRAVG,13:44,FRAIE
5624,2023-08-13,AIX EN PROVENCE TGV,NON,6864,14:37,SUD EST,VALENCE TGV RHONE-ALPES SUD,JCSUDPROV,FRVLA,13:44,FRAIE
5625,2023-08-13,AVIGNON TGV,NON,6864,14:37,SUD EST,VALENCE TGV RHONE-ALPES SUD,JCSUDPROV,FRVLA,14:06,FRAVG
5626,2023-08-13,MARSEILLE ST CHARLES,OUI,6864,13:41,SUD EST,AIX EN PROVENCE TGV,JCSUDPROV,FRAIE,13:30,FRMSC
5627,2023-08-13,DIJON VILLE,NON,9211,13:03,INTERNATIONAL,MULHOUSE VILLE,PABALZUR,FRAEK,12:01,FRABA
5628,2023-08-13,NEVERS,NON,5963,16:28,IC ARO,MOULINS SUR ALLIER,PACLERMONT,FRXMU,15:59,FRNVS
5629,2023-08-13,PARIS (intramuros),NON,5963,17:29,IC ARO,CLERMONT FERRAND,PACLERMONT,FRCFE,14:00,FRPBE
5630,2023-08-13,RIOM CHATEL GUYON,OUI,5963,17:29,IC ARO,CLERMONT FERRAND,PACLERMONT,FRCFE,17:19,FRRIO
5631,2023-08-13,MOULINS SUR ALLIER,OUI,5963,16:55,IC ARO,VICHY,PACLERMONT,FRVHY,16:30,FRXMU
5632,2023-08-13,PARIS (intramuros),NON,8729,19:56,ATLANTIQUE,LORIENT,PARISBRETA,FRLRT,16:53,FRPMO
5633,2023-08-13,PARIS (intramuros),NON,8729,19:24,ATLANTIQUE,VANNES,PARISBRETA,FRVNE,16:53,FRPMO
5634,2023-08-13,RENNES,NON,8729,19:24,ATLANTIQUE,VANNES,PARISBRETA,FRVNE,18:29,FRRNS
5635,2023-08-13,VANNES,OUI,8729,19:56,ATLANTIQUE,LORIENT,PARISBRETA,FRLRT,19:27,FRVNE
5636,2023-08-13,AURAY,OUI,8729,20:33,ATLANTIQUE,QUIMPER,PARISBRETA,FRUIP,19:40,FRXUY
5637,2023-08-13,CLERMONT FERRAND,NON,15941,13:48,IC SRO,ARVANT,NORESTJOU,FRARV,13:03,FRCFE
5638,2023-08-13,ARVANT,NON,15941,15:49,IC SRO,AUMONT AUBRAC,NORESTJOU,FRINC,13:49,FRARV
5639,2023-08-13,SEVERAC LE CHATEAU,NON,15941,18:57,IC SRO,BEDARIEUX,NORESTJOU,FRIMH,17:02,FRSVC
5640,2023-08-13,CLERMONT FERRAND,NON,15941,14:30,IC SRO,NEUSSARGUES,NORESTJOU,FRNEU,13:03,FRCFE
5641,2023-08-13,NEUSSARGUES,NON,15941,18:57,IC SRO,BEDARIEUX,NORESTJOU,FRIMH,14:36,FRNEU
5642,2023-08-13,MILLAU,NON,15941,19:32,IC SRO,BEZIERS,NORESTJOU,FRBZR,17:38,FRMAU
5643,2023-08-13,BANASSAC LA CANOURGUE,NON,15941,19:32,IC SRO,BEZIERS,NORESTJOU,FRBZR,16:36,FRINH
5644,2023-08-13,CLERMONT FERRAND,NON,15941,16:49,IC SRO,CAMPAGNAC ST GENIEZ,NORESTJOU,FRINJ,13:03,FRCFE
5645,2023-08-13,CLERMONT FERRAND,NON,15941,16:35,IC SRO,BANASSAC LA CANOURGUE,NORESTJOU,FRINH,13:03,FRCFE
5646,2023-08-13,MILLAU,NON,15941,18:03,IC SRO,TOURNEMIRE ROQUEFORT,NORESTJOU,FRINO,17:38,FRMAU
5647,2023-08-13,CLERMONT FERRAND,NON,15941,18:46,IC SRO,LE BOUSQUET D'ORB,NORESTJOU,FRIMG,13:03,FRCFE
5648,2023-08-13,NEUSSARGUES,NON,15941,19:17,IC SRO,MAGALAS,NORESTJOU,FRIMK,14:36,FRNEU
5649,2023-08-13,ST CHELY D'APCHER,NON,15941,16:49,IC SRO,CAMPAGNAC ST GENIEZ,NORESTJOU,FRINJ,15:37,FRINB
5650,2023-08-13,CEILHES ROQUEREDONDE,NON,15941,19:32,IC SRO,BEZIERS,NORESTJOU,FRBZR,18:28,FRIMC
5651,2023-08-13,SEVERAC LE CHATEAU,NON,15941,19:17,IC SRO,MAGALAS,NORESTJOU,FRIMK,17:02,FRSVC
5652,2023-08-13,ST FLOUR CHAUDES AIGUES,NON,15941,17:01,IC SRO,SEVERAC LE CHATEAU,NORESTJOU,FRSVC,14:57,FRIMW
5653,2023-08-13,BRASSAC LES MINES STE FLORINE,NON,15941,14:30,IC SRO,NEUSSARGUES,NORESTJOU,FRNEU,13:43,FRHLE
5654,2023-08-13,ST FLOUR CHAUDES AIGUES,NON,15941,18:57,IC SRO,BEDARIEUX,NORESTJOU,FRIMH,14:57,FRIMW
5655,2023-08-13,ST FLOUR CHAUDES AIGUES,NON,15941,17:35,IC SRO,MILLAU,NORESTJOU,FRMAU,14:57,FRIMW
5656,2023-08-13,AUMONT AUBRAC,NON,15941,19:17,IC SRO,MAGALAS,NORESTJOU,FRIMK,15:50,FRINC
5657,2023-08-13,TOURNEMIRE ROQUEFORT,NON,15941,18:57,IC SRO,BEDARIEUX,NORESTJOU,FRIMH,18:04,FRINO
5658,2023-08-13,ISSOIRE,NON,15941,17:01,IC SRO,SEVERAC LE CHATEAU,NORESTJOU,FRSVC,13:29,FRHLB
5659,2023-08-13,MASSIAC BLESLE,NON,15941,14:56,IC SRO,ST FLOUR CHAUDES AIGUES,NORESTJOU,FRIMW,14:09,FRHMY
5660,2023-08-13,NEUSSARGUES,NON,15941,18:03,IC SRO,TOURNEMIRE ROQUEFORT,NORESTJOU,FRINO,14:36,FRNEU
5661,2023-08-13,NEUSSARGUES,NON,15941,18:27,IC SRO,CEILHES ROQUEREDONDE,NORESTJOU,FRIMC,14:36,FRNEU
5662,2023-08-13,BRASSAC LES MINES STE FLORINE,NON,15941,17:35,IC SRO,MILLAU,NORESTJOU,FRMAU,13:43,FRHLE
5663,2023-08-13,ST FLOUR CHAUDES AIGUES,NON,15941,16:35,IC SRO,BANASSAC LA CANOURGUE,NORESTJOU,FRINH,14:57,FRIMW
5664,2023-08-13,CAMPAGNAC ST GENIEZ,NON,15941,17:35,IC SRO,MILLAU,NORESTJOU,FRMAU,16:50,FRINJ
5665,2023-08-13,AUMONT AUBRAC,NON,15941,17:55,IC SRO,ST ROME DE CERNON,NORESTJOU,FRINN,15:50,FRINC
5666,2023-08-13,ISSOIRE,NON,15941,18:46,IC SRO,LE BOUSQUET D'ORB,NORESTJOU,FRIMG,13:29,FRHLB
5667,2023-08-13,BRASSAC LES MINES STE FLORINE,NON,15941,14:08,IC SRO,MASSIAC BLESLE,NORESTJOU,FRHMY,13:43,FRHLE
5668,2023-08-13,CEILHES ROQUEREDONDE,NON,15941,18:46,IC SRO,LE BOUSQUET D'ORB,NORESTJOU,FRIMG,18:28,FRIMC
5669,2023-08-13,MARVEJOLS,NON,15941,18:46,IC SRO,LE BOUSQUET D'ORB,NORESTJOU,FRIMG,16:14,FRINE
5670,2023-08-13,CAMPAGNAC ST GENIEZ,NON,15941,19:17,IC SRO,MAGALAS,NORESTJOU,FRIMK,16:50,FRINJ
5671,2023-08-13,ISSOIRE,NON,15941,16:35,IC SRO,BANASSAC LA CANOURGUE,NORESTJOU,FRINH,13:29,FRHLB
5672,2023-08-13,MARVEJOLS,NON,15941,18:03,IC SRO,TOURNEMIRE ROQUEFORT,NORESTJOU,FRINO,16:14,FRINE
5673,2023-08-13,MARVEJOLS,NON,15941,17:55,IC SRO,ST ROME DE CERNON,NORESTJOU,FRINN,16:14,FRINE
5674,2023-08-13,ST CHELY D'APCHER,NON,15941,17:48,IC SRO,ST GEORGES DE LUZENCON,NORESTJOU,FRINM,15:37,FRINB
5675,2023-08-13,BANASSAC LA CANOURGUE,NON,15941,19:17,IC SRO,MAGALAS,NORESTJOU,FRIMK,16:36,FRINH
5676,2023-08-13,MASSIAC BLESLE,NON,15941,19:17,IC SRO,MAGALAS,NORESTJOU,FRIMK,14:09,FRHMY
5677,2023-08-13,CLERMONT FERRAND,NON,15941,16:21,IC SRO,LE MONASTIER,NORESTJOU,FRLMR,13:03,FRCFE
5678,2023-08-13,BRASSAC LES MINES STE FLORINE,NON,15941,17:55,IC SRO,ST ROME DE CERNON,NORESTJOU,FRINN,13:43,FRHLE
5679,2023-08-13,TBD,NON,15941,18:27,IC SRO,TBD,NORESTJOU,FRIMC,16:22,FRLMR
5680,2023-08-13,LE CROISIC,OUI,8912,08:21,ATLANTIQUE,ST NAZAIRE,LOIREPARIS,FRSNR,07:55,FREGU
5681,2023-08-13,LA BAULE ESCOUBLAC,OUI,8912,08:21,ATLANTIQUE,ST NAZAIRE,LOIREPARIS,FRSNR,08:07,FRJEE
5682,2023-08-13,ST NAZAIRE,NON,8912,11:25,ATLANTIQUE,PARIS (intramuros),LOIREPARIS,FRPMO,08:24,FRSNR
5683,2023-08-13,MONTPELLIER SUD DE FRANCE,OUI,6064,21:10,SUD EST,VALENCE TGV RHONE-ALPES SUD,JCSUDPROV,FRVLA,20:11,FRSUF
5684,2023-08-13,LORIENT,OUI,8732,20:24,ATLANTIQUE,PARIS (intramuros),BRETAPARIS,FRPMO,17:31,FRLRT
5685,2023-08-13,VANNES,OUI,8732,20:24,ATLANTIQUE,PARIS (intramuros),BRETAPARIS,FRPMO,17:57,FRVNE
5686,2023-08-13,MARSEILLE ST CHARLES,OUI,6106,07:15,SUD EST,AIX EN PROVENCE TGV,PROVENCEPA,FRAIE,07:04,FRMSC
5687,2023-08-13,MARSEILLE ST CHARLES,OUI,6106,07:38,SUD EST,AVIGNON TGV,PROVENCEPA,FRAVG,07:04,FRMSC
5688,2023-08-13,MULHOUSE VILLE,OUI,9226,19:38,INTERNATIONAL,PARIS (intramuros),ZURBALPA,FRPLY,16:56,FRAEK
5689,2023-08-13,PARIS (intramuros),NON,6503,13:35,SUD EST,BELLEGARDE,PARISALPES,FRXBF,10:30,FRPLY
5690,2023-08-13,ANNEMASSE,OUI,6503,15:17,SUD EST,EVIAN LES BAINS,PARISALPES,FRXEB,14:26,FRQNJ
5691,2023-08-13,THONON LES BAINS,OUI,6503,15:17,SUD EST,EVIAN LES BAINS,PARISALPES,FRXEB,15:09,FRXTS
5692,2023-08-13,LAVAL,OUI,8066,22:49,ATLANTIQUE,LE MANS,BRETAPARIS,FRAET,22:19,FRACR
5693,2023-08-13,BOURG EN BRESSE,NON,9765,13:00,INTERNATIONAL,BELLEGARDE,PAGENEVE,FRXBF,12:12,FRXBK
5694,2023-08-13,FRANKFURT MAIN HBF,NON,9580,21:34,INTERNATIONAL,AIX EN PROVENCE TGV,FRANCMRS,FRAIE,13:56,DEFRH
5695,2023-08-13,FRANKFURT MAIN HBF,NON,9580,17:31,INTERNATIONAL,BELFORT-MONTBELIARD TGV,FRANCMRS,FRTJA,13:56,DEFRH
5696,2023-08-13,MANNHEIM HBF,NON,9580,15:34,INTERNATIONAL,BADEN BADEN,FRANCMRS,DEZCC,14:39,DEMHG
5697,2023-08-13,KARLSRUHE HBF,NON,9580,21:48,INTERNATIONAL,MARSEILLE ST CHARLES,FRANCMRS,FRMSC,15:12,DEQKA
5698,2023-08-13,KARLSRUHE HBF,NON,9580,17:31,INTERNATIONAL,BELFORT-MONTBELIARD TGV,FRANCMRS,FRTJA,15:12,DEQKA
5699,2023-08-13,BADEN BADEN,NON,9580,17:05,INTERNATIONAL,MULHOUSE VILLE,FRANCMRS,FRAEK,15:35,DEZCC
5700,2023-08-13,BADEN BADEN,NON,9580,19:56,INTERNATIONAL,LYON (intramuros),FRANCMRS,FRLPD,15:35,DEZCC
5701,2023-08-13,STRASBOURG,NON,9580,17:05,INTERNATIONAL,MULHOUSE VILLE,FRANCMRS,FRAEK,16:15,FRAEG
5702,2023-08-13,STRASBOURG,NON,9580,21:34,INTERNATIONAL,AIX EN PROVENCE TGV,FRANCMRS,FRAIE,16:15,FRAEG
5703,2023-08-13,MULHOUSE VILLE,NON,9580,21:48,INTERNATIONAL,MARSEILLE ST CHARLES,FRANCMRS,FRMSC,17:09,FRAEK
5704,2023-08-13,MULHOUSE VILLE,NON,9580,18:53,INTERNATIONAL,CHALON SUR SAONE,FRANCMRS,FRXCD,17:09,FRAEK
5705,2023-08-13,BELFORT-MONTBELIARD TGV,NON,9580,17:55,INTERNATIONAL,BESANCON - F COMTE TGV,FRANCMRS,FRTJB,17:34,FRTJA
5706,2023-08-13,BELFORT-MONTBELIARD TGV,NON,9580,18:53,INTERNATIONAL,CHALON SUR SAONE,FRANCMRS,FRXCD,17:34,FRTJA
5707,2023-08-13,BESANCON - F COMTE TGV,NON,9580,21:48,INTERNATIONAL,MARSEILLE ST CHARLES,FRANCMRS,FRMSC,17:58,FRTJB
5708,2023-08-13,CHALON SUR SAONE,NON,9580,21:12,INTERNATIONAL,AVIGNON TGV,FRANCMRS,FRAVG,18:56,FRXCD
5709,2023-08-13,AVIGNON TGV,NON,5376,09:20,SUD EST,LYON (intramuros),JCSUDATL,FRLPD,08:05,FRAVG
5710,2023-08-13,DIJON VILLE,NON,2239,21:17,EST,LES ARCS DRAGUIGNAN,JCRHINRHON,FRXRS,16:20,FRABA
5711,2023-08-13,STRASBOURG,NON,2239,21:59,EST,CANNES,JCRHINRHON,FRJCA,13:37,FRAEG
5712,2023-08-13,STRASBOURG,NON,2239,17:56,EST,LYON (intramuros),JCRHINRHON,FRLPD,13:37,FRAEG
5713,2023-08-13,STRASBOURG,NON,2239,19:45,EST,MARSEILLE ST CHARLES,JCRHINRHON,FRMSC,13:37,FRAEG
5714,2023-08-13,STRASBOURG,NON,2239,22:11,EST,ANTIBES,JCRHINRHON,FRXAT,13:37,FRAEG
5715,2023-08-13,STRASBOURG,NON,2239,21:17,EST,LES ARCS DRAGUIGNAN,JCRHINRHON,FRXRS,13:37,FRAEG
5716,2023-08-13,COLMAR,OUI,2239,16:04,EST,DIJON VILLE,JCRHINRHON,FRABA,14:05,FRAEJ
5717,2023-08-13,COLMAR,OUI,2239,15:02,EST,BELFORT-MONTBELIARD TGV,JCRHINRHON,FRTJA,14:05,FRAEJ
5718,2023-08-13,MULHOUSE VILLE,OUI,2239,15:02,EST,BELFORT-MONTBELIARD TGV,JCRHINRHON,FRTJA,14:41,FRAEK
5719,2023-08-13,AIX EN PROVENCE TGV,NON,2239,21:34,EST,ST RAPHAEL VALESCURE,JCRHINRHON,FRXSK,19:33,FRAIE
5720,2023-08-13,AVIGNON TGV,NON,2239,22:11,EST,ANTIBES,JCRHINRHON,FRXAT,19:12,FRAVG
5721,2023-08-13,AVIGNON TGV,NON,2239,21:34,EST,ST RAPHAEL VALESCURE,JCRHINRHON,FRXSK,19:12,FRAVG
5722,2023-08-13,MARSEILLE ST CHARLES,NON,2239,21:59,EST,CANNES,JCRHINRHON,FRJCA,19:57,FRMSC
5723,2023-08-13,BELFORT-MONTBELIARD TGV,NON,2239,19:10,EST,AVIGNON TGV,JCRHINRHON,FRAVG,15:06,FRTJA
5724,2023-08-13,BEAUNE,NON,2239,19:31,EST,AIX EN PROVENCE TGV,JCRHINRHON,FRAIE,16:42,FRXBV
5725,2023-08-13,BEAUNE,NON,2239,22:30,EST,NICE VILLE,JCRHINRHON,FRNIC,16:42,FRXBV
5726,2023-08-13,BEAUNE,NON,2239,20:41,EST,TOULON,JCRHINRHON,FRTLN,16:42,FRXBV
5727,2023-08-13,LES ARCS DRAGUIGNAN,OUI,2239,22:30,EST,NICE VILLE,JCRHINRHON,FRNIC,21:20,FRXRS
5728,2023-08-13,BESANCON - F COMTE TGV,NON,2239,21:59,EST,CANNES,JCRHINRHON,FRJCA,15:36,FRTJB
5729,2023-08-13,BESANCON - F COMTE TGV,NON,2239,21:17,EST,LES ARCS DRAGUIGNAN,JCRHINRHON,FRXRS,15:36,FRTJB
5730,2023-08-13,BESANCON - F COMTE TGV,NON,2239,22:11,EST,ANTIBES,JCRHINRHON,FRXAT,15:36,FRTJB
5731,2023-08-13,MULHOUSE VILLE,NON,2239,16:39,EST,BEAUNE,JCRHINRHON,FRXBV,14:41,FRAEK
5732,2023-08-13,BESANCON - F COMTE TGV,NON,2239,16:39,EST,BEAUNE,JCRHINRHON,FRXBV,15:36,FRTJB
5733,2023-08-13,MODANE,NON,9245,14:23,INTERNATIONAL,OULX CESANA CLAV SESTRIERE,PAITALIE,ITOCS,13:55,FRAGR
5734,2023-08-13,CHAMBERY CHALLES LES EAUX,NON,9245,14:23,INTERNATIONAL,OULX CESANA CLAV SESTRIERE,PAITALIE,ITOCS,12:44,FRCMF
5735,2023-08-13,CHAMBERY CHALLES LES EAUX,NON,9245,15:23,INTERNATIONAL,TORINO PORTA SUSA,PAITALIE,ITTRS,12:44,FRCMF
5736,2023-08-13,MACON LOCHE TGV,NON,9245,12:36,INTERNATIONAL,CHAMBERY CHALLES LES EAUX,PAITALIE,FRCMF,11:20,FRMLT
5737,2023-08-13,MACON LOCHE TGV,NON,9245,15:23,INTERNATIONAL,TORINO PORTA SUSA,PAITALIE,ITTRS,11:20,FRMLT
5738,2023-08-13,PARIS (intramuros),NON,9245,13:49,INTERNATIONAL,MODANE,PAITALIE,FRAGR,09:46,FRPLY
5739,2023-08-13,PARIS (intramuros),NON,9245,12:36,INTERNATIONAL,CHAMBERY CHALLES LES EAUX,PAITALIE,FRCMF,09:46,FRPLY
5740,2023-08-13,PARIS (intramuros),NON,9245,16:50,INTERNATIONAL,MILANO P GARIBALDI,PAITALIE,ITMPG,09:46,FRPLY
5741,2023-08-13,PARIS (intramuros),NON,9245,15:23,INTERNATIONAL,TORINO PORTA SUSA,PAITALIE,ITTRS,09:46,FRPLY
5742,2023-08-13,MASSY TGV,NON,5382,14:50,SUD EST,LE MANS,JCSUDATL,FRAET,13:56,FRDJU
5743,2023-08-13,LYON (intramuros),NON,5382,14:50,SUD EST,LE MANS,JCSUDATL,FRAET,11:50,FRLPD
5744,2023-08-13,LYON (intramuros),OUI,5382,11:44,SUD EST,LYON (intramuros),JCSUDATL,FRLPD,11:36,FRLPE
5745,2023-08-13,LYON (intramuros),NON,5382,15:40,SUD EST,RENNES,JCSUDATL,FRRNS,11:36,FRLPE
5746,2023-08-13,CHAMPAGNE-ARDENNE,NON,9894,21:12,NORD,BRUXELLES MIDI BRUSSEL ZUID,JCESTNORD,BEBMI,18:35,FREAH
5747,2023-08-13,MEUSE TGV,OUI,9894,20:19,NORD,LILLE (intramuros),JCESTNORD,FRLLE,18:09,FREAJ
5748,2023-08-13,LORRAINE TGV,NON,9894,21:12,NORD,BRUXELLES MIDI BRUSSEL ZUID,JCESTNORD,BEBMI,17:42,FREAM
5749,2023-08-13,LORRAINE TGV,OUI,9894,18:32,NORD,CHAMPAGNE-ARDENNE,JCESTNORD,FREAH,17:42,FREAM
5750,2023-08-13,LORRAINE TGV,OUI,9894,20:19,NORD,LILLE (intramuros),JCESTNORD,FRLLE,17:42,FREAM
5751,2023-08-13,AEROPORT CDG2 TGV ROISSY,OUI,9894,19:44,NORD,TGV HAUTE PICARDIE,JCESTNORD,FRTHP,19:13,FRMLW
5752,2023-08-13,BEZIERS,NON,9862,14:24,NORD,LILLE (intramuros),JCSUDNORD,FRLLE,08:05,FRBZR
5753,2023-08-13,BEZIERS,OUI,9862,08:52,NORD,MONTPELLIER SAINT-ROCH,JCSUDNORD,FRMPL,08:05,FRBZR
5754,2023-08-13,NIMES,NON,9862,10:53,NORD,LYON (intramuros),JCSUDNORD,FRLPD,09:25,FRFNI
5755,2023-08-13,LILLE (intramuros),NON,9862,15:25,NORD,BRUXELLES MIDI BRUSSEL ZUID,JCSUDNORD,BEBMI,14:51,FRLLE
5756,2023-08-13,LYON (intramuros),NON,9862,13:01,NORD,AEROPORT CDG2 TGV ROISSY,JCSUDNORD,FRMLW,11:00,FRLPD
5757,2023-08-13,LYON (intramuros),NON,9862,13:34,NORD,TGV HAUTE PICARDIE,JCSUDNORD,FRTHP,11:00,FRLPD
5758,2023-08-13,MARNE LA VALLEE CHESSY,NON,9862,15:25,NORD,BRUXELLES MIDI BRUSSEL ZUID,JCSUDNORD,BEBMI,12:51,FRMLV
5759,2023-08-13,MARNE LA VALLEE CHESSY,NON,9862,13:01,NORD,AEROPORT CDG2 TGV ROISSY,JCSUDNORD,FRMLW,12:51,FRMLV
5760,2023-08-13,AEROPORT CDG2 TGV ROISSY,NON,9862,13:55,NORD,ARRAS,JCSUDNORD,FRQRV,13:07,FRMLW
5761,2023-08-13,MONTPELLIER SAINT-ROCH,NON,9862,15:25,NORD,BRUXELLES MIDI BRUSSEL ZUID,JCSUDNORD,BEBMI,08:57,FRMPL
5762,2023-08-13,MONTPELLIER SAINT-ROCH,NON,9862,13:55,NORD,ARRAS,JCSUDNORD,FRQRV,08:57,FRMPL
5763,2023-08-13,PERPIGNAN,NON,9862,10:53,NORD,LYON (intramuros),JCSUDNORD,FRLPD,07:08,FRPGF
5764,2023-08-13,VALENCE TGV RHONE-ALPES SUD,NON,9862,10:53,NORD,LYON (intramuros),JCSUDNORD,FRLPD,10:15,FRVLA
5765,2023-08-13,VALENCE TGV RHONE-ALPES SUD,NON,9862,13:34,NORD,TGV HAUTE PICARDIE,JCSUDNORD,FRTHP,10:15,FRVLA
5766,2023-08-13,AGDE,NON,9862,15:25,NORD,BRUXELLES MIDI BRUSSEL ZUID,JCSUDNORD,BEBMI,08:20,FRXAG
5767,2023-08-13,AGDE,NON,9862,14:24,NORD,LILLE (intramuros),JCSUDNORD,FRLLE,08:20,FRXAG
5768,2023-08-13,AGDE,NON,9862,10:53,NORD,LYON (intramuros),JCSUDNORD,FRLPD,08:20,FRXAG
5769,2023-08-13,AGDE,NON,9862,12:47,NORD,MARNE LA VALLEE CHESSY,JCSUDNORD,FRMLV,08:20,FRXAG
5770,2023-08-13,NARBONNE,NON,9862,14:24,NORD,LILLE (intramuros),JCSUDNORD,FRLLE,07:49,FRXNA
5771,2023-08-13,NARBONNE,NON,9862,12:47,NORD,MARNE LA VALLEE CHESSY,JCSUDNORD,FRMLV,07:49,FRXNA
5772,2023-08-13,NARBONNE,OUI,9862,08:33,NORD,SETE,JCSUDNORD,FRXSY,07:49,FRXNA
5773,2023-08-13,SETE,NON,9862,13:01,NORD,AEROPORT CDG2 TGV ROISSY,JCSUDNORD,FRMLW,08:36,FRXSY
5774,2023-08-13,BEZIERS,NON,9862,13:55,NORD,ARRAS,JCSUDNORD,FRQRV,08:05,FRBZR
5775,2023-08-13,SETE,NON,9862,13:55,NORD,ARRAS,JCSUDNORD,FRQRV,08:36,FRXSY
5776,2023-08-13,SETE,NON,9862,13:34,NORD,TGV HAUTE PICARDIE,JCSUDNORD,FRTHP,08:36,FRXSY
5777,2023-08-13,HENDAYE,OUI,8534,09:38,ATLANTIQUE,ST JEAN DE LUZ CIBOURE,SUDOUESTPA,FRXJZ,09:28,FRAEF
5778,2023-08-13,BAYONNE,NON,8534,12:06,ATLANTIQUE,BORDEAUX ST JEAN,SUDOUESTPA,FRBOJ,10:07,FRXBY
5779,2023-08-13,ST JEAN DE LUZ CIBOURE,OUI,8534,09:50,ATLANTIQUE,BIARRITZ,SUDOUESTPA,FRBIQ,09:40,FRXJZ
5780,2023-08-13,BEZIERS,NON,6036,21:18,SUD EST,PARIS (intramuros),LANGPA,FRPLY,16:58,FRBZR
5781,2023-08-13,PERPIGNAN,OUI,6036,17:08,SUD EST,AGDE,LANGPA,FRXAG,16:05,FRPGF
5782,2023-08-13,NARBONNE,OUI,6036,16:55,SUD EST,BEZIERS,LANGPA,FRBZR,16:42,FRXNA
5783,2023-08-13,NARBONNE,OUI,6036,17:43,SUD EST,MONTPELLIER SAINT-ROCH,LANGPA,FRMPL,16:42,FRXNA
5784,2023-08-13,SETE,OUI,6036,18:16,SUD EST,NIMES,LANGPA,FRFNI,17:27,FRXSY
5785,2023-08-13,SETE,NON,6036,19:03,SUD EST,VALENCE TGV RHONE-ALPES SUD,LANGPA,FRVLA,17:27,FRXSY
5786,2023-08-13,UZERCHE,OUI,3655,21:10,IC ARO,BRIVE LA GAILLARDE,PALITO,FRBVE,20:44,FRAAW
5787,2023-08-13,LIMOGES BENEDICTINS,OUI,3655,21:10,IC ARO,BRIVE LA GAILLARDE,PALITO,FRBVE,20:07,FRAGQ
5788,2023-08-13,CHATEAUROUX,OUI,3655,20:04,IC ARO,LIMOGES BENEDICTINS,PALITO,FRAGQ,18:56,FRCHR
5789,2023-08-13,ISSOUDUN,OUI,3655,20:04,IC ARO,LIMOGES BENEDICTINS,PALITO,FRAGQ,18:40,FRFMN
5790,2023-08-13,PARIS (intramuros),OUI,3655,18:19,IC ARO,VIERZON VILLE,PALITO,FRXVZ,16:41,FRPAZ
5791,2023-08-13,VIERZON VILLE,OUI,3655,21:10,IC ARO,BRIVE LA GAILLARDE,PALITO,FRBVE,18:21,FRXVZ
5792,2023-08-13,LAVAL,OUI,9884,10:17,NORD,LILLE (intramuros),JCBRETNORD,FRLLE,06:47,FRACR
5793,2023-08-13,LE MANS,OUI,9884,08:18,NORD,MASSY TGV,JCBRETNORD,FRDJU,07:26,FRAET
5794,2023-08-13,LE MANS,OUI,9884,08:57,NORD,MARNE LA VALLEE CHESSY,JCBRETNORD,FRMLV,07:26,FRAET
5795,2023-08-13,MASSY TGV,OUI,9884,08:57,NORD,MARNE LA VALLEE CHESSY,JCBRETNORD,FRMLV,08:26,FRDJU
5796,2023-08-13,MASSY TGV,OUI,9884,09:45,NORD,TGV HAUTE PICARDIE,JCBRETNORD,FRTHP,08:26,FRDJU
5797,2023-08-13,MARNE LA VALLEE CHESSY,NON,9884,11:01,NORD,BRUXELLES MIDI BRUSSEL ZUID,JCBRETNORD,BEBMI,09:01,FRMLV
5798,2023-08-13,AEROPORT CDG2 TGV ROISSY,NON,9884,11:01,NORD,BRUXELLES MIDI BRUSSEL ZUID,JCBRETNORD,BEBMI,09:16,FRMLW
5799,2023-08-13,RENNES,OUI,9884,09:45,NORD,TGV HAUTE PICARDIE,JCBRETNORD,FRTHP,06:19,FRRNS
5800,2023-08-13,TGV HAUTE PICARDIE,NON,9884,11:01,NORD,BRUXELLES MIDI BRUSSEL ZUID,JCBRETNORD,BEBMI,09:50,FRTHP
5801,2023-08-13,TGV HAUTE PICARDIE,OUI,9884,10:17,NORD,LILLE (intramuros),JCBRETNORD,FRLLE,09:50,FRTHP
5802,2023-08-13,LAVAL,OUI,9884,09:45,NORD,TGV HAUTE PICARDIE,JCBRETNORD,FRTHP,06:47,FRACR
5803,2023-08-13,LE MANS,NON,9884,11:01,NORD,BRUXELLES MIDI BRUSSEL ZUID,JCBRETNORD,BEBMI,07:26,FRAET
5804,2023-08-13,LAVAL,NON,9884,11:01,NORD,BRUXELLES MIDI BRUSSEL ZUID,JCBRETNORD,BEBMI,06:47,FRACR
5805,2023-08-13,BRIVE LA GAILLARDE,OUI,3694,21:08,IC ARO,CHATEAUROUX,TOULOUZECO,FRCHR,18:58,FRBVE
5806,2023-08-13,CHATEAUROUX,OUI,3694,22:20,IC ARO,LES AUBRAIS ORLEANS,TOULOUZECO,FRLAB,21:10,FRCHR
5807,2023-08-13,CHATEAUROUX,OUI,3694,23:19,IC ARO,PARIS (intramuros),TOULOUZECO,FRPAZ,21:10,FRCHR
5808,2023-08-13,GOURDON,OUI,3694,18:55,IC ARO,BRIVE LA GAILLARDE,TOULOUZECO,FRBVE,18:12,FRFSI
5809,2023-08-13,GOURDON,OUI,3694,21:43,IC ARO,VIERZON VILLE,TOULOUZECO,FRXVZ,18:12,FRFSI
5810,2023-08-13,CAUSSADE TARN ET GARONNE,OUI,3694,21:08,IC ARO,CHATEAUROUX,TOULOUZECO,FRCHR,17:18,FRFTA
5811,2023-08-13,CAUSSADE TARN ET GARONNE,OUI,3694,18:27,IC ARO,SOUILLAC,TOULOUZECO,FRSOU,17:18,FRFTA
5812,2023-08-13,CAUSSADE TARN ET GARONNE,OUI,3694,21:43,IC ARO,VIERZON VILLE,TOULOUZECO,FRXVZ,17:18,FRFTA
5813,2023-08-13,LES AUBRAIS ORLEANS,OUI,3694,23:19,IC ARO,PARIS (intramuros),TOULOUZECO,FRPAZ,22:22,FRLAB
5814,2023-08-13,LA SOUTERRAINE,OUI,3694,21:43,IC ARO,VIERZON VILLE,TOULOUZECO,FRXVZ,20:32,FRLST
5815,2023-08-13,TOULOUSE MATABIAU,OUI,3694,17:03,IC ARO,MONTAUBAN VILLE BOURBON,TOULOUZECO,FRXMW,16:32,FRXYT
5816,2023-08-13,TOULOUSE MATABIAU,OUI,3694,21:43,IC ARO,VIERZON VILLE,TOULOUZECO,FRXVZ,16:32,FRXYT
5817,2023-08-13,CAHORS,OUI,3694,18:55,IC ARO,BRIVE LA GAILLARDE,TOULOUZECO,FRBVE,17:45,FRZAO
5818,2023-08-13,CAHORS,OUI,3694,18:10,IC ARO,GOURDON,TOULOUZECO,FRFSI,17:45,FRZAO
5819,2023-08-13,CAHORS,OUI,3694,20:30,IC ARO,LA SOUTERRAINE,TOULOUZECO,FRLST,17:45,FRZAO
5820,2023-08-13,GOURDON,OUI,3694,20:30,IC ARO,LA SOUTERRAINE,TOULOUZECO,FRLST,18:12,FRFSI
5821,2023-08-13,CAUSSADE TARN ET GARONNE,OUI,3694,20:30,IC ARO,LA SOUTERRAINE,TOULOUZECO,FRLST,17:18,FRFTA
5822,2023-08-13,ANGERS ST LAUD,NON,8973,13:14,ATLANTIQUE,LES SABLES D'OLONNE,PARISLOIRE,FRLSO,11:16,FRACL
5823,2023-08-13,ANGERS ST LAUD,NON,8973,11:54,ATLANTIQUE,NANTES,PARISLOIRE,FRNTE,11:16,FRACL
5824,2023-08-13,ANGERS ST LAUD,NON,8973,12:45,ATLANTIQUE,LA ROCHE SUR YON,PARISLOIRE,FRXRO,11:16,FRACL
5825,2023-08-13,NANTES,OUI,8973,12:45,ATLANTIQUE,LA ROCHE SUR YON,PARISLOIRE,FRXRO,12:05,FRNTE
5826,2023-08-13,PARIS (intramuros),NON,8973,11:13,ATLANTIQUE,ANGERS ST LAUD,PARISLOIRE,FRACL,09:36,FRPMO
5827,2023-08-13,PARIS (intramuros),NON,8973,10:33,ATLANTIQUE,LE MANS,PARISLOIRE,FRAET,09:36,FRPMO
5828,2023-08-13,PARIS (intramuros),NON,8973,13:14,ATLANTIQUE,LES SABLES D'OLONNE,PARISLOIRE,FRLSO,09:36,FRPMO
5829,2023-08-13,LA ROCHE SUR YON,OUI,8973,13:14,ATLANTIQUE,LES SABLES D'OLONNE,PARISLOIRE,FRLSO,12:48,FRXRO
5830,2023-08-13,VALENCE TGV RHONE-ALPES SUD,NON,5182,18:50,NORD,LYON (intramuros),JCSUDNORD,FRLPD,18:10,FRVLA
5831,2023-08-13,NIMES PONT DU GARD,NON,5182,18:50,NORD,LYON (intramuros),JCSUDNORD,FRLPD,17:27,FRXZP
5832,2023-08-13,NIMES PONT DU GARD,NON,5182,21:01,NORD,AEROPORT CDG2 TGV ROISSY,JCSUDNORD,FRMLW,17:27,FRXZP
5833,2023-08-13,CANNES,NON,6174,15:50,SUD EST,PARIS (intramuros),AZURPA,FRPLY,10:32,FRJCA
5834,2023-08-13,MARSEILLE ST CHARLES,NON,6174,15:50,SUD EST,PARIS (intramuros),AZURPA,FRPLY,12:47,FRMSC
5835,2023-08-13,NICE VILLE,OUI,6174,10:55,SUD EST,ST RAPHAEL VALESCURE,AZURPA,FRXSK,09:57,FRNIC
5836,2023-08-13,TOULON,NON,6174,15:50,SUD EST,PARIS (intramuros),AZURPA,FRPLY,11:48,FRTLN
5837,2023-08-13,ANTIBES,OUI,6174,10:55,SUD EST,ST RAPHAEL VALESCURE,AZURPA,FRXSK,10:16,FRXAT
5838,2023-08-13,ST RAPHAEL VALESCURE,OUI,6174,11:44,SUD EST,TOULON,AZURPA,FRTLN,10:58,FRXSK
5839,2023-08-13,LAUSANNE,NON,9774,17:42,INTERNATIONAL,PARIS (intramuros),GENEVEPA,FRPLY,13:45,CHAJF
5840,2023-08-13,LES AUBRAIS ORLEANS,NON,3737,07:55,IC NUIT,LEZIGNAN-CORBIERES,PARPALOMBE,FRFUX,22:49,FRLAB
5841,2023-08-13,LES AUBRAIS ORLEANS,NON,3737,09:46,IC NUIT,ELNE,PARPALOMBE,FRIOG,22:49,FRLAB
5842,2023-08-13,LES AUBRAIS ORLEANS,NON,3737,09:34,IC NUIT,PERPIGNAN,PARPALOMBE,FRPGF,22:49,FRLAB
5843,2023-08-13,LES AUBRAIS ORLEANS,NON,3737,10:12,IC NUIT,BANYULS SUR MER,PARPALOMBE,FRXBU,22:49,FRLAB
5844,2023-08-13,LES AUBRAIS ORLEANS,NON,3737,08:13,IC NUIT,NARBONNE,PARPALOMBE,FRXNA,22:49,FRLAB
5845,2023-08-13,PARIS (intramuros),NON,3737,09:46,IC NUIT,ELNE,PARPALOMBE,FRIOG,21:42,FRPAZ
5846,2023-08-13,PARIS (intramuros),NON,3737,10:12,IC NUIT,BANYULS SUR MER,PARPALOMBE,FRXBU,21:42,FRPAZ
5847,2023-08-13,BEZIERS,NON,4758,12:01,IC ARO,NARBONNE,TJOURSESO,FRXNA,11:47,FRBZR
5848,2023-08-13,CARCASSONNE,NON,4758,13:50,IC ARO,MONTAUBAN VILLE BOURBON,TJOURSESO,FRXMW,12:34,FRCCF
5849,2023-08-13,NIMES,NON,4758,12:32,IC ARO,CARCASSONNE,TJOURSESO,FRCCF,10:38,FRFNI
5850,2023-08-13,NIMES,NON,4758,11:03,IC ARO,MONTPELLIER SAINT-ROCH,TJOURSESO,FRMPL,10:38,FRFNI
5851,2023-08-13,MONTPELLIER SAINT-ROCH,NON,4758,15:33,IC ARO,BORDEAUX ST JEAN,TJOURSESO,FRBOJ,11:07,FRMPL
5852,2023-08-13,MONTPELLIER SAINT-ROCH,NON,4758,12:01,IC ARO,NARBONNE,TJOURSESO,FRXNA,11:07,FRMPL
5853,2023-08-13,MARSEILLE ST CHARLES,NON,4758,11:03,IC ARO,MONTPELLIER SAINT-ROCH,TJOURSESO,FRMPL,09:27,FRMSC
5854,2023-08-13,NARBONNE,NON,4758,13:50,IC ARO,MONTAUBAN VILLE BOURBON,TJOURSESO,FRXMW,12:04,FRXNA
5855,2023-08-13,PARIS (intramuros),NON,8691,12:37,ATLANTIQUE,GUINGAMP,PARISBRETA,FRGGP,09:54,FRPMO
5856,2023-08-13,PARIS (intramuros),NON,6177,18:11,SUD EST,TOULON,PAAZUR,FRTLN,14:10,FRPLY
5857,2023-08-13,ANTIBES,OUI,6177,19:58,SUD EST,NICE VILLE,PAAZUR,FRNIC,19:42,FRXAT
5858,2023-08-13,TOULON,NON,5772,07:54,IC NUIT,PARIS (intramuros),AZURPAR,FRPAZ,21:12,FRTLN
5859,2023-08-13,LES ARCS DRAGUIGNAN,NON,5772,07:54,IC NUIT,PARIS (intramuros),AZURPAR,FRPAZ,20:30,FRXRS
5860,2023-08-13,VALLORBE,NON,9270,17:57,INTERNATIONAL,DOLE VILLE,SUISPA,FRACE,17:00,CHAGL
5861,2023-08-13,LAUSANNE,NON,9270,17:13,INTERNATIONAL,FRASNE,SUISPA,FRFRA,16:23,CHAJF
5862,2023-08-13,FRASNE,OUI,9270,18:24,INTERNATIONAL,DIJON VILLE,SUISPA,FRABA,17:15,FRFRA
5863,2023-08-13,AIX EN PROVENCE TGV,NON,9854,10:32,NORD,AEROPORT CDG2 TGV ROISSY,JCSUDNORD,FRMLW,06:47,FRAIE
5864,2023-08-13,AVIGNON TGV,NON,9854,10:32,NORD,AEROPORT CDG2 TGV ROISSY,JCSUDNORD,FRMLW,07:12,FRAVG
5865,2023-08-13,LILLE (intramuros),NON,9854,12:11,NORD,BRUXELLES MIDI BRUSSEL ZUID,JCSUDNORD,BEBMI,11:37,FRLLE
5866,2023-08-13,LYON (intramuros),NON,9854,12:11,NORD,BRUXELLES MIDI BRUSSEL ZUID,JCSUDNORD,BEBMI,08:34,FRLPD
5867,2023-08-13,MARNE LA VALLEE CHESSY,OUI,9854,11:27,NORD,LILLE (intramuros),JCSUDNORD,FRLLE,10:23,FRMLV
5868,2023-08-13,MARSEILLE ST CHARLES,NON,9854,12:11,NORD,BRUXELLES MIDI BRUSSEL ZUID,JCSUDNORD,BEBMI,06:33,FRMSC
5869,2023-08-13,MARSEILLE ST CHARLES,OUI,9854,08:20,NORD,LYON (intramuros),JCSUDNORD,FRLPD,06:33,FRMSC
5870,2023-08-13,MARSEILLE ST CHARLES,NON,9854,10:19,NORD,MARNE LA VALLEE CHESSY,JCSUDNORD,FRMLV,06:33,FRMSC
5871,2023-08-13,MARSEILLE ST CHARLES,NON,9854,10:32,NORD,AEROPORT CDG2 TGV ROISSY,JCSUDNORD,FRMLW,06:33,FRMSC
5872,2023-08-13,NEVERS,OUI,5979,20:55,IC ARO,VICHY,PACLERMONT,FRVHY,19:59,FRNVS
5873,2023-08-13,RIOM CHATEL GUYON,OUI,5979,21:29,IC ARO,CLERMONT FERRAND,PACLERMONT,FRCFE,21:19,FRRIO
5874,2023-08-13,MOULINS SUR ALLIER,OUI,5979,21:17,IC ARO,RIOM CHATEL GUYON,PACLERMONT,FRRIO,20:30,FRXMU
5875,2023-08-13,PARIS (intramuros),NON,6275,15:41,SUD EST,AGDE,PALANG,FRXAG,11:46,FRPLY
5876,2023-08-13,PARIS (intramuros),NON,6275,16:13,SUD EST,NARBONNE,PALANG,FRXNA,11:46,FRPLY
5877,2023-08-13,PARIS (intramuros),NON,6275,15:25,SUD EST,SETE,PALANG,FRXSY,11:46,FRPLY
5878,2023-08-13,VALENCE TGV RHONE-ALPES SUD,NON,6275,15:56,SUD EST,BEZIERS,PALANG,FRBZR,14:00,FRVLA
5879,2023-08-13,SETE,NON,6275,15:56,SUD EST,BEZIERS,PALANG,FRBZR,15:28,FRXSY
5880,2023-08-13,SETE,NON,6275,16:52,SUD EST,PERPIGNAN,PALANG,FRPGF,15:28,FRXSY
5881,2023-08-13,SETE,NON,6275,16:13,SUD EST,NARBONNE,PALANG,FRXNA,15:28,FRXSY
5882,2023-08-13,MONTPELLIER SUD DE FRANCE,NON,6275,16:52,SUD EST,PERPIGNAN,PALANG,FRPGF,15:10,FRSUF
5883,2023-08-13,NIMES PONT DU GARD,NON,6275,15:41,SUD EST,AGDE,PALANG,FRXAG,14:39,FRXZP
5884,2023-08-13,NIMES PONT DU GARD,NON,6275,15:25,SUD EST,SETE,PALANG,FRXSY,14:39,FRXZP
5885,2023-08-13,AGEN,NON,4663,18:14,IC ARO,BEZIERS,TJOURSOSE,FRBZR,15:33,FRAGF
5886,2023-08-13,AGEN,NON,4663,17:27,IC ARO,CARCASSONNE,TJOURSOSE,FRCCF,15:33,FRAGF
5887,2023-08-13,AGEN,NON,4663,16:09,IC ARO,MONTAUBAN VILLE BOURBON,TJOURSOSE,FRXMW,15:33,FRAGF
5888,2023-08-13,AGEN,NON,4663,17:58,IC ARO,NARBONNE,TJOURSOSE,FRXNA,15:33,FRAGF
5889,2023-08-13,CARCASSONNE,NON,4663,19:24,IC ARO,NIMES,TJOURSOSE,FRFNI,17:29,FRCCF
5890,2023-08-13,CARCASSONNE,NON,4663,20:36,IC ARO,MARSEILLE ST CHARLES,TJOURSOSE,FRMSC,17:29,FRCCF
5891,2023-08-13,MONTAUBAN VILLE BOURBON,NON,4663,19:24,IC ARO,NIMES,TJOURSOSE,FRFNI,16:11,FRXMW
5892,2023-08-13,MONTAUBAN VILLE BOURBON,NON,4663,18:54,IC ARO,MONTPELLIER SAINT-ROCH,TJOURSOSE,FRMPL,16:11,FRXMW
5893,2023-08-13,NARBONNE,NON,4663,18:54,IC ARO,MONTPELLIER SAINT-ROCH,TJOURSOSE,FRMPL,18:01,FRXNA
5894,2023-08-13,NARBONNE,NON,4663,20:36,IC ARO,MARSEILLE ST CHARLES,TJOURSOSE,FRMSC,18:01,FRXNA
5895,2023-08-13,TOULOUSE MATABIAU,NON,4663,18:14,IC ARO,BEZIERS,TJOURSOSE,FRBZR,16:45,FRXYT
5896,2023-08-13,AVIGNON TGV,NON,6024,19:22,SUD EST,PARIS (intramuros),PROVENCEPA,FRPLY,16:41,FRAVG
5897,2023-08-13,PARIS (intramuros),NON,8517,19:14,ATLANTIQUE,BORDEAUX ST JEAN,PASUDOUEST,FRBOJ,17:06,FRPMO
5898,2023-08-13,LES SABLES D'OLONNE,OUI,8988,23:16,ATLANTIQUE,PARIS (intramuros),LOIREPARIS,FRPMO,19:44,FRLSO
5899,2023-08-13,NANTES,OUI,8988,21:41,ATLANTIQUE,ANGERS ST LAUD,LOIREPARIS,FRACL,21:03,FRNTE
5900,2023-08-13,BORDEAUX ST JEAN,NON,8472,19:10,ATLANTIQUE,MASSY TGV,SUDOUESTPA,FRDJU,17:08,FRBOJ
5901,2023-08-13,MASSY TGV,NON,8472,19:25,ATLANTIQUE,PARIS (intramuros),SUDOUESTPA,FRPMO,19:13,FRDJU
5902,2023-08-13,DOLE VILLE,NON,9269,14:57,INTERNATIONAL,VALLORBE,PASUIS,CHAGL,14:00,FRACE
5903,2023-08-13,DOLE VILLE,NON,9269,15:37,INTERNATIONAL,LAUSANNE,PASUIS,CHAJF,14:00,FRACE
5904,2023-08-13,FRASNE,NON,9269,14:57,INTERNATIONAL,VALLORBE,PASUIS,CHAGL,14:44,FRFRA
5905,2023-08-13,FRASNE,NON,9269,15:37,INTERNATIONAL,LAUSANNE,PASUIS,CHAJF,14:44,FRFRA
5906,2023-08-13,PARIS (intramuros),NON,9269,15:37,INTERNATIONAL,LAUSANNE,PASUIS,CHAJF,11:56,FRPLY
5907,2023-08-13,PARIS (intramuros),NON,9269,14:42,INTERNATIONAL,FRASNE,PASUIS,FRFRA,11:56,FRPLY
5908,2023-08-13,NEVERS,OUI,5983,22:29,IC ARO,CLERMONT FERRAND,PACLERMONT,FRCFE,20:59,FRNVS
5909,2023-08-13,PARIS (intramuros),OUI,5983,22:29,IC ARO,CLERMONT FERRAND,PACLERMONT,FRCFE,18:57,FRPBE
5910,2023-08-13,MOULINS SUR ALLIER,OUI,5983,22:17,IC ARO,RIOM CHATEL GUYON,PACLERMONT,FRRIO,21:30,FRXMU
5911,2023-08-13,SURGERES,OUI,8378,14:26,ATLANTIQUE,NIORT,ROCHELLEPA,FRNIT,14:08,FREIP
5912,2023-08-13,ST MAIXENT DEUX SEVRES,NON,8378,15:16,ATLANTIQUE,POITIERS,ROCHELLEPA,FRPIS,14:46,FREJC
5913,2023-08-13,LA ROCHELLE VILLE,OUI,8378,14:05,ATLANTIQUE,SURGERES,ROCHELLEPA,FREIP,13:47,FRLRH
5914,2023-08-13,PARIS (intramuros),OUI,2743,16:14,EST,REIMS,PABARSED,FRRHE,15:28,FRPST
5915,2023-08-13,HAZEBROUCK,OUI,7324,16:08,NORD,PARIS (intramuros),ARRASPA,FRPNO,14:20,FRHZK
5916,2023-08-13,ARRAS,OUI,7324,16:08,NORD,PARIS (intramuros),ARRASPA,FRPNO,15:18,FRQRV
5917,2023-08-13,PAU,NON,14150,18:52,IC SRO,TARBES,SUDOUEST,FRXTB,18:11,FRAEE
5918,2023-08-13,ORTHEZ,NON,14150,18:36,IC SRO,LOURDES,SUDOUEST,FRLDE,17:47,FRGFI
5919,2023-08-13,BAYONNE,NON,14150,18:08,IC SRO,PAU,SUDOUEST,FRAEE,17:03,FRXBY
5920,2023-08-13,BAYONNE,NON,14150,19:34,IC SRO,ST GAUDENS,SUDOUEST,FRFPH,17:03,FRXBY
5921,2023-08-13,BAYONNE,NON,14150,17:45,IC SRO,ORTHEZ,SUDOUEST,FRGFI,17:03,FRXBY
5922,2023-08-13,BEZIERS,NON,6875,21:52,SUD EST,LYON (intramuros),JCSUDPROV,FRLPD,19:15,FRBZR
5923,2023-08-13,BEZIERS,NON,6875,21:10,SUD EST,VALENCE TGV RHONE-ALPES SUD,JCSUDPROV,FRVLA,19:15,FRBZR
5924,2023-08-13,CARCASSONNE,NON,6875,21:10,SUD EST,VALENCE TGV RHONE-ALPES SUD,JCSUDPROV,FRVLA,18:28,FRCCF
5925,2023-08-13,SETE,NON,6875,21:10,SUD EST,VALENCE TGV RHONE-ALPES SUD,JCSUDPROV,FRVLA,19:39,FRXSY
5926,2023-08-13,TOULOUSE MATABIAU,NON,6875,19:36,SUD EST,SETE,JCSUDPROV,FRXSY,17:43,FRXYT
5927,2023-08-13,TOULOUSE MATABIAU,NON,6875,20:01,SUD EST,MONTPELLIER SUD DE FRANCE,JCSUDPROV,FRSUF,17:43,FRXYT
5928,2023-08-13,MONTPELLIER SUD DE FRANCE,NON,6875,21:10,SUD EST,VALENCE TGV RHONE-ALPES SUD,JCSUDPROV,FRVLA,20:11,FRSUF
5929,2023-08-13,SETE,NON,6875,20:01,SUD EST,MONTPELLIER SUD DE FRANCE,JCSUDPROV,FRSUF,19:39,FRXSY
5930,2023-08-13,BEZIERS,NON,6875,20:01,SUD EST,MONTPELLIER SUD DE FRANCE,JCSUDPROV,FRSUF,19:15,FRBZR
5931,2023-08-13,MONTPELLIER SUD DE FRANCE,NON,6875,21:52,SUD EST,LYON (intramuros),JCSUDPROV,FRLPD,20:11,FRSUF
5932,2023-08-13,MONTPELLIER SUD DE FRANCE,NON,6875,20:30,SUD EST,NIMES PONT DU GARD,JCSUDPROV,FRXZP,20:11,FRSUF
5933,2023-08-13,SETE,NON,6875,20:30,SUD EST,NIMES PONT DU GARD,JCSUDPROV,FRXZP,19:39,FRXSY
5934,2023-08-13,CARCASSONNE,NON,6875,20:30,SUD EST,NIMES PONT DU GARD,JCSUDPROV,FRXZP,18:28,FRCCF
5935,2023-08-13,LES SABLES D'OLONNE,OUI,8984,16:08,ATLANTIQUE,LA ROCHE SUR YON,LOIREPARIS,FRXRO,15:44,FRLSO
5936,2023-08-13,DIJON VILLE,NON,9896,22:07,EST,STRASBOURG,JCRHONRHIN,FRAEG,19:49,FRABA
5937,2023-08-13,STRASBOURG,OUI,9896,23:49,EST,LUXEMBOURG,JCRHONRHIN,LULUX,22:14,FRAEG
5938,2023-08-13,MULHOUSE VILLE,OUI,9896,22:07,EST,STRASBOURG,JCRHONRHIN,FRAEG,21:12,FRAEK
5939,2023-08-13,AIX EN PROVENCE TGV,NON,9896,21:09,EST,MULHOUSE VILLE,JCRHONRHIN,FRAEK,16:11,FRAIE
5940,2023-08-13,AIX EN PROVENCE TGV,OUI,9896,16:30,EST,AVIGNON TGV,JCRHONRHIN,FRAVG,16:11,FRAIE
5941,2023-08-13,AIX EN PROVENCE TGV,NON,9896,17:51,EST,LYON (intramuros),JCRHONRHIN,FRLPD,16:11,FRAIE
5942,2023-08-13,AIX EN PROVENCE TGV,NON,9896,17:08,EST,VALENCE TGV RHONE-ALPES SUD,JCRHONRHIN,FRVLA,16:11,FRAIE
5943,2023-08-13,AIX EN PROVENCE TGV,NON,9896,23:49,EST,LUXEMBOURG,JCRHONRHIN,LULUX,16:11,FRAIE
5944,2023-08-13,AVIGNON TGV,NON,9896,23:02,EST,METZ VILLE,JCRHONRHIN,FRADE,16:33,FRAVG
5945,2023-08-13,AVIGNON TGV,NON,9896,23:49,EST,LUXEMBOURG,JCRHONRHIN,LULUX,16:33,FRAVG
5946,2023-08-13,LYON (intramuros),NON,9896,22:07,EST,STRASBOURG,JCRHONRHIN,FRAEG,18:00,FRLPD
5947,2023-08-13,LYON (intramuros),NON,9896,20:16,EST,BESANCON - F COMTE TGV,JCRHONRHIN,FRTJB,18:00,FRLPD
5948,2023-08-13,MARSEILLE ST CHARLES,NON,9896,19:39,EST,DIJON VILLE,JCRHONRHIN,FRABA,15:56,FRMSC
5949,2023-08-13,MARSEILLE ST CHARLES,NON,9896,23:02,EST,METZ VILLE,JCRHONRHIN,FRADE,15:56,FRMSC
5950,2023-08-13,MARSEILLE ST CHARLES,NON,9896,21:09,EST,MULHOUSE VILLE,JCRHONRHIN,FRAEK,15:56,FRMSC
5951,2023-08-13,MARSEILLE ST CHARLES,NON,9896,20:40,EST,BELFORT-MONTBELIARD TGV,JCRHONRHIN,FRTJA,15:56,FRMSC
5952,2023-08-13,MARSEILLE ST CHARLES,NON,9896,23:49,EST,LUXEMBOURG,JCRHONRHIN,LULUX,15:56,FRMSC
5953,2023-08-13,BELFORT-MONTBELIARD TGV,NON,9896,23:02,EST,METZ VILLE,JCRHONRHIN,FRADE,20:45,FRTJA
5954,2023-08-13,BESANCON - F COMTE TGV,NON,9896,23:23,EST,THIONVILLE,JCRHONRHIN,FRXTH,20:19,FRTJB
5955,2023-08-13,VALENCE TGV RHONE-ALPES SUD,NON,9896,19:39,EST,DIJON VILLE,JCRHONRHIN,FRABA,17:13,FRVLA
5956,2023-08-13,VALENCE TGV RHONE-ALPES SUD,NON,9896,17:51,EST,LYON (intramuros),JCRHONRHIN,FRLPD,17:13,FRVLA
5957,2023-08-13,TARBES,NON,14151,15:49,IC SRO,PAU,SUDOUEST,FRAEE,15:09,FRXTB
5958,2023-08-13,TOULOUSE MATABIAU,NON,14151,15:06,IC SRO,TARBES,SUDOUEST,FRXTB,13:34,FRXYT
5959,2023-08-13,BEZIERS,NON,4764,21:32,IC ARO,BORDEAUX ST JEAN,TJOURSESO,FRBOJ,17:48,FRBZR
5960,2023-08-13,BEZIERS,NON,4764,19:16,IC ARO,TOULOUSE MATABIAU,TJOURSESO,FRXYT,17:48,FRBZR
5961,2023-08-13,NIMES,NON,4764,18:32,IC ARO,CARCASSONNE,TJOURSESO,FRCCF,16:38,FRFNI
5962,2023-08-13,NIMES,NON,4764,18:01,IC ARO,NARBONNE,TJOURSESO,FRXNA,16:38,FRFNI
5963,2023-08-13,NIMES,NON,4764,19:16,IC ARO,TOULOUSE MATABIAU,TJOURSESO,FRXYT,16:38,FRFNI
5964,2023-08-13,MONTPELLIER SAINT-ROCH,NON,4764,18:32,IC ARO,CARCASSONNE,TJOURSESO,FRCCF,17:07,FRMPL
5965,2023-08-13,MARSEILLE ST CHARLES,NON,4764,20:53,IC ARO,MARMANDE,TJOURSESO,FRXMR,15:27,FRMSC
5966,2023-08-13,MARSEILLE ST CHARLES,NON,4764,19:48,IC ARO,MONTAUBAN VILLE BOURBON,TJOURSESO,FRXMW,15:27,FRMSC
5967,2023-08-13,MARMANDE,OUI,4764,21:32,IC ARO,BORDEAUX ST JEAN,TJOURSESO,FRBOJ,20:55,FRXMR
5968,2023-08-13,MONTAUBAN VILLE BOURBON,OUI,4764,21:32,IC ARO,BORDEAUX ST JEAN,TJOURSESO,FRBOJ,19:50,FRXMW
5969,2023-08-13,NARBONNE,NON,4764,20:53,IC ARO,MARMANDE,TJOURSESO,FRXMR,18:04,FRXNA
5970,2023-08-13,TOULOUSE MATABIAU,OUI,4764,19:48,IC ARO,MONTAUBAN VILLE BOURBON,TJOURSESO,FRXMW,19:24,FRXYT
5971,2023-08-13,DIJON VILLE,OUI,2096,22:07,EST,STRASBOURG,JCRHONRHIN,FRAEG,19:49,FRABA
5972,2023-08-13,DIJON VILLE,OUI,2096,20:16,EST,BESANCON - F COMTE TGV,JCRHONRHIN,FRTJB,19:49,FRABA
5973,2023-08-13,AIX EN PROVENCE TGV,OUI,2096,16:30,EST,AVIGNON TGV,JCRHONRHIN,FRAVG,16:11,FRAIE
5974,2023-08-13,AIX EN PROVENCE TGV,NON,2096,17:51,EST,LYON (intramuros),JCRHONRHIN,FRLPD,16:11,FRAIE
5975,2023-08-13,AVIGNON TGV,NON,2096,20:40,EST,BELFORT-MONTBELIARD TGV,JCRHONRHIN,FRTJA,16:33,FRAVG
5976,2023-08-13,MARSEILLE ST CHARLES,NON,2096,21:09,EST,MULHOUSE VILLE,JCRHONRHIN,FRAEK,15:56,FRMSC
5977,2023-08-13,MARSEILLE ST CHARLES,OUI,2096,16:08,EST,AIX EN PROVENCE TGV,JCRHONRHIN,FRAIE,15:56,FRMSC
5978,2023-08-13,MARSEILLE ST CHARLES,NON,2096,20:40,EST,BELFORT-MONTBELIARD TGV,JCRHONRHIN,FRTJA,15:56,FRMSC
5979,2023-08-13,MARSEILLE ST CHARLES,NON,2096,17:08,EST,VALENCE TGV RHONE-ALPES SUD,JCRHONRHIN,FRVLA,15:56,FRMSC
5980,2023-08-13,VALENCE TGV RHONE-ALPES SUD,NON,2096,19:39,EST,DIJON VILLE,JCRHONRHIN,FRABA,17:13,FRVLA
5981,2023-08-13,BORDEAUX ST JEAN,OUI,5260,08:33,NORD,ANGOULEME,JCAQUINORD,FRANG,07:58,FRBOJ
5982,2023-08-13,MASSY TGV,NON,5260,11:27,NORD,MARNE LA VALLEE CHESSY,JCAQUINORD,FRMLV,10:55,FRDJU
5983,2023-08-13,MARNE LA VALLEE CHESSY,OUI,5260,11:41,NORD,AEROPORT CDG2 TGV ROISSY,JCAQUINORD,FRMLW,11:31,FRMLV
5984,2023-08-13,AEROPORT CDG2 TGV ROISSY,OUI,5260,12:40,NORD,LILLE (intramuros),JCAQUINORD,FRADJ,11:48,FRMLW
5985,2023-08-13,POITIERS,NON,5260,11:41,NORD,AEROPORT CDG2 TGV ROISSY,JCAQUINORD,FRMLW,09:19,FRPIS
5986,2023-08-13,ST PIERRE DES CORPS,NON,5260,12:40,NORD,LILLE (intramuros),JCAQUINORD,FRADJ,09:57,FRXSH
5987,2023-08-13,ST PIERRE DES CORPS,NON,5260,10:49,NORD,MASSY TGV,JCAQUINORD,FRDJU,09:57,FRXSH
5988,2023-08-13,ANGERS ST LAUD,NON,8913,12:50,ATLANTIQUE,LA BAULE ESCOUBLAC,PARISLOIRE,FRJEE,11:16,FRACL
5989,2023-08-13,LA BAULE ESCOUBLAC,OUI,8913,13:03,ATLANTIQUE,LE CROISIC,PARISLOIRE,FREGU,12:54,FRJEE
5990,2023-08-13,NANTES,NON,8913,13:03,ATLANTIQUE,LE CROISIC,PARISLOIRE,FREGU,12:00,FRNTE
5991,2023-08-13,PARIS (intramuros),NON,6611,13:10,SUD EST,LYON (intramuros),PARISRHONE,FRLPE,11:00,FRPLY
5992,2023-08-13,ANGOULEME,NON,5444,15:49,EST,MASSY TGV,JCATLEST,FRDJU,13:36,FRANG
5993,2023-08-13,ANGOULEME,NON,5444,17:31,EST,MEUSE TGV,JCATLEST,FREAJ,13:36,FRANG
5994,2023-08-13,BORDEAUX ST JEAN,NON,5444,17:04,EST,CHAMPAGNE-ARDENNE,JCATLEST,FREAH,12:58,FRBOJ
5995,2023-08-13,BORDEAUX ST JEAN,NON,5444,14:50,EST,ST PIERRE DES CORPS,JCATLEST,FRXSH,12:58,FRBOJ
5996,2023-08-13,CHAMPAGNE-ARDENNE,NON,5444,17:31,EST,MEUSE TGV,JCATLEST,FREAJ,17:07,FREAH
5997,2023-08-13,POITIERS,NON,5444,15:49,EST,MASSY TGV,JCATLEST,FRDJU,14:19,FRPIS
5998,2023-08-13,POITIERS,NON,5444,16:27,EST,MARNE LA VALLEE CHESSY,JCATLEST,FRMLV,14:19,FRPIS
5999,2023-08-13,ST PIERRE DES CORPS,NON,5444,17:31,EST,MEUSE TGV,JCATLEST,FREAJ,14:54,FRXSH
6000,2023-08-13,ST PIERRE DES CORPS,NON,5444,17:52,EST,LORRAINE TGV,JCATLEST,FREAM,14:54,FRXSH
6001,2023-08-13,FRANKFURT MAIN HBF,NON,9552,15:02,INTERNATIONAL,SARREBRUCK/SAARBRUECKEN,FRANCPA,DESBK,12:56,DEFRH
6002,2023-08-13,KAISERSLAUTERN HBF,NON,9552,15:02,INTERNATIONAL,SARREBRUCK/SAARBRUECKEN,FRANCPA,DESBK,14:24,DEKLT
6003,2023-08-13,ANTIBES,OUI,6188,09:07,SUD EST,LES ARCS DRAGUIGNAN,AZURPA,FRXRS,08:14,FRXAT
6004,2023-08-13,LES ARCS DRAGUIGNAN,OUI,6188,09:44,SUD EST,TOULON,AZURPA,FRTLN,09:10,FRXRS
6005,2023-08-13,ST RAPHAEL VALESCURE,NON,6188,13:50,SUD EST,PARIS (intramuros),AZURPA,FRPLY,08:53,FRXSK
6006,2023-08-13,ST RAPHAEL VALESCURE,OUI,6188,09:07,SUD EST,LES ARCS DRAGUIGNAN,AZURPA,FRXRS,08:53,FRXSK
6007,2023-08-13,PAU,NON,14141,12:14,IC SRO,ORTHEZ,SUDOUEST,FRGFI,11:54,FRAEE
6008,2023-08-13,LOURDES,NON,14141,11:51,IC SRO,PAU,SUDOUEST,FRAEE,11:26,FRLDE
6009,2023-08-13,LOURDES,NON,14141,12:14,IC SRO,ORTHEZ,SUDOUEST,FRGFI,11:26,FRLDE
6010,2023-08-13,MONTREJEAU GOURDAN POLIGNAN,NON,14141,13:00,IC SRO,BAYONNE,SUDOUEST,FRXBY,10:33,FRMTJ
6011,2023-08-13,TARBES,NON,14141,12:14,IC SRO,ORTHEZ,SUDOUEST,FRGFI,11:09,FRXTB
6012,2023-08-13,TARBES,NON,14141,13:00,IC SRO,BAYONNE,SUDOUEST,FRXBY,11:09,FRXTB
6013,2023-08-13,TOULOUSE MATABIAU,NON,14141,11:23,IC SRO,LOURDES,SUDOUEST,FRLDE,09:32,FRXYT
6014,2023-08-13,TOULOUSE MATABIAU,NON,14141,13:00,IC SRO,BAYONNE,SUDOUEST,FRXBY,09:32,FRXYT
6015,2023-08-13,DAX,OUI,3742,07:19,IC NUIT,PARIS (intramuros),PALOMBEPAR,FRPAZ,20:34,FRACG
6016,2023-08-13,TARBES,OUI,3742,06:08,IC NUIT,LES AUBRAIS ORLEANS,PALOMBEPAR,FRLAB,22:14,FRXTB
6017,2023-08-13,TARBES,OUI,3742,07:19,IC NUIT,PARIS (intramuros),PALOMBEPAR,FRPAZ,22:14,FRXTB
6018,2023-08-13,ST GAUDENS,OUI,3742,06:08,IC NUIT,LES AUBRAIS ORLEANS,PALOMBEPAR,FRLAB,22:57,FRFPH
6019,2023-08-13,PARIS (intramuros),OUI,7031,12:48,NORD,LILLE (intramuros),PALILLE,FRADJ,11:46,FRPNO
6020,2023-08-13,PARIS (intramuros),OUI,5771,08:30,IC NUIT,CANNES,PARAZUR,FRJCA,20:51,FRPAZ
6021,2023-08-13,PARIS (intramuros),OUI,5771,09:08,IC NUIT,NICE VILLE,PARAZUR,FRNIC,20:51,FRPAZ
6022,2023-08-13,DAX,NON,8592,23:03,ATLANTIQUE,LOURDES,PASUDOUEST,FRLDE,21:46,FRACG
6023,2023-08-13,BORDEAUX ST JEAN,NON,8592,21:36,ATLANTIQUE,DAX,PASUDOUEST,FRACG,20:20,FRBOJ
6024,2023-08-13,LOURDES,OUI,8592,23:28,ATLANTIQUE,TARBES,PASUDOUEST,FRXTB,23:13,FRLDE
6025,2023-08-13,PARIS (intramuros),NON,8592,22:12,ATLANTIQUE,ORTHEZ,PASUDOUEST,FRGFI,18:07,FRPMO
6026,2023-08-13,PARIS (intramuros),NON,8592,23:28,ATLANTIQUE,TARBES,PASUDOUEST,FRXTB,18:07,FRPMO
6027,2023-08-13,LYON (intramuros),OUI,6608,10:08,SUD EST,PARIS (intramuros),RHONEPARIS,FRPLY,08:04,FRLPD
6028,2023-08-13,LYON (intramuros),OUI,6608,08:46,SUD EST,LE CREUSOT MONTCEAU MONTCHANIN,RHONEPARIS,FRXCC,07:50,FRLPE
6029,2023-08-13,ANGERS ST LAUD,NON,4404,13:30,IC SRO,ST PIERRE DES CORPS,JOURNTELYN,FRXSH,12:33,FRACL
6030,2023-08-13,SAUMUR,NON,4404,16:19,IC SRO,MOULINS SUR ALLIER,JOURNTELYN,FRXMU,12:56,FRACN
6031,2023-08-13,BOURGES,NON,4404,15:39,IC SRO,NEVERS,JOURNTELYN,FRNVS,14:58,FRBOU
6032,2023-08-13,BOURGES,NON,4404,17:20,IC SRO,ROANNE,JOURNTELYN,FRRNE,14:58,FRBOU
6033,2023-08-13,BOURGES,NON,4404,16:19,IC SRO,MOULINS SUR ALLIER,JOURNTELYN,FRXMU,14:58,FRBOU
6034,2023-08-13,LYON (intramuros),NON,4404,18:39,IC SRO,LYON (intramuros),JOURNTELYN,FRLPE,18:31,FRLPD
6035,2023-08-13,NANTES,NON,4404,12:31,IC SRO,ANGERS ST LAUD,JOURNTELYN,FRACL,11:51,FRNTE
6036,2023-08-13,NANTES,NON,4404,14:56,IC SRO,BOURGES,JOURNTELYN,FRBOU,11:51,FRNTE
6037,2023-08-13,NANTES,NON,4404,15:39,IC SRO,NEVERS,JOURNTELYN,FRNVS,11:51,FRNTE
6038,2023-08-13,NANTES,NON,4404,14:35,IC SRO,VIERZON VILLE,JOURNTELYN,FRXVZ,11:51,FRNTE
6039,2023-08-13,NEVERS,NON,4404,17:20,IC SRO,ROANNE,JOURNTELYN,FRRNE,15:51,FRNVS
6040,2023-08-13,ROANNE,NON,4404,18:39,IC SRO,LYON (intramuros),JOURNTELYN,FRLPE,17:23,FRRNE
6041,2023-08-13,ST GERMAIN DES FOSSES,NON,4404,18:39,IC SRO,LYON (intramuros),JOURNTELYN,FRLPE,16:43,FRSGF
6042,2023-08-13,ST PIERRE DES CORPS,NON,4404,18:26,IC SRO,LYON (intramuros),JOURNTELYN,FRLPD,13:34,FRXSH
6043,2023-08-13,VIERZON VILLE,NON,4404,18:26,IC SRO,LYON (intramuros),JOURNTELYN,FRLPD,14:39,FRXVZ
6044,2023-08-13,VIERZON VILLE,NON,4404,18:39,IC SRO,LYON (intramuros),JOURNTELYN,FRLPE,14:39,FRXVZ
6045,2023-08-13,CANNES,NON,6850,18:14,SUD EST,AVIGNON TGV,JCSUDPROV,FRAVG,15:09,FRJCA
6046,2023-08-13,CANNES,OUI,6850,16:19,SUD EST,TOULON,JCSUDPROV,FRTLN,15:09,FRJCA
6047,2023-08-13,MARSEILLE ST CHARLES,NON,6850,17:52,SUD EST,AIX EN PROVENCE TGV,JCSUDPROV,FRAIE,17:36,FRMSC
6048,2023-08-13,NICE VILLE,NON,6850,18:14,SUD EST,AVIGNON TGV,JCSUDPROV,FRAVG,14:40,FRNIC
6049,2023-08-13,TOULON,NON,6850,17:52,SUD EST,AIX EN PROVENCE TGV,JCSUDPROV,FRAIE,16:23,FRTLN
6050,2023-08-13,ST RAPHAEL VALESCURE,NON,6850,17:52,SUD EST,AIX EN PROVENCE TGV,JCSUDPROV,FRAIE,15:34,FRXSK
6051,2023-08-13,FRASNE,NON,9277,20:57,INTERNATIONAL,VALLORBE,PASUIS,CHAGL,20:44,FRFRA
6052,2023-08-13,MOUCHARD,NON,9277,20:42,INTERNATIONAL,FRASNE,PASUIS,FRFRA,20:15,FRMCD
6053,2023-08-13,PARIS (intramuros),NON,9277,19:30,INTERNATIONAL,DIJON VILLE,PASUIS,FRABA,17:56,FRPLY
6054,2023-08-13,PARIS (intramuros),NON,9277,20:42,INTERNATIONAL,FRASNE,PASUIS,FRFRA,17:56,FRPLY
6055,2023-08-13,PARIS (intramuros),NON,9277,20:13,INTERNATIONAL,MOUCHARD,PASUIS,FRMCD,17:56,FRPLY
6056,2023-08-13,BORDEAUX ST JEAN,NON,3858,19:53,IC SRO,ROCHEFORT,BORDONANTE,FRRCO,17:53,FRBOJ
6057,2023-08-13,JONZAC,NON,3858,20:15,IC SRO,LA ROCHELLE VILLE,BORDONANTE,FRLRH,18:41,FREMR
6058,2023-08-13,JONZAC,NON,3858,22:05,IC SRO,NANTES,BORDONANTE,FRNTE,18:41,FREMR
6059,2023-08-13,JONZAC,NON,3858,19:53,IC SRO,ROCHEFORT,BORDONANTE,FRRCO,18:41,FREMR
6060,2023-08-13,SAINTES,NON,3858,20:58,IC SRO,LUCON,BORDONANTE,FRLCN,19:25,FRXST
6061,2023-08-13,SAINTES,NON,3858,20:15,IC SRO,LA ROCHELLE VILLE,BORDONANTE,FRLRH,19:25,FRXST
6062,2023-08-13,SAINTES,NON,3858,21:22,IC SRO,LA ROCHE SUR YON,BORDONANTE,FRXRO,19:25,FRXST
6063,2023-08-13,GRENOBLE,NON,6920,15:55,SUD EST,LYON-SAINT EXUPERY TGV,GRENOBLEPA,FRJDQ,14:46,FRGNB
6064,2023-08-13,GRENOBLE,NON,6920,17:46,SUD EST,PARIS (intramuros),GRENOBLEPA,FRPLY,14:46,FRGNB
6065,2023-08-13,SURGERES,OUI,8375,12:22,ATLANTIQUE,LA ROCHELLE VILLE,PAROCHELLE,FRLRH,12:02,FREIP
6066,2023-08-13,NIORT,NON,8375,12:22,ATLANTIQUE,LA ROCHELLE VILLE,PAROCHELLE,FRLRH,11:41,FRNIT
6067,2023-08-13,POITIERS,NON,8375,11:21,ATLANTIQUE,ST MAIXENT DEUX SEVRES,PAROCHELLE,FREJC,10:53,FRPIS
6068,2023-08-13,POITIERS,NON,8375,11:38,ATLANTIQUE,NIORT,PAROCHELLE,FRNIT,10:53,FRPIS
6069,2023-08-13,PARIS (intramuros),NON,8375,11:21,ATLANTIQUE,ST MAIXENT DEUX SEVRES,PAROCHELLE,FREJC,09:12,FRPMO
6070,2023-08-13,LYON (intramuros),NON,2083,11:03,EST,CHALON SUR SAONE,JCRHONRHIN,FRXCD,10:04,FRLPD
6071,2023-08-13,BELFORT-MONTBELIARD TGV,NON,2083,13:43,EST,STRASBOURG,JCRHONRHIN,FRAEG,12:27,FRTJA
6072,2023-08-13,BESANCON - F COMTE TGV,NON,2083,12:51,EST,MULHOUSE VILLE,JCRHONRHIN,FRAEK,12:03,FRTJB
6073,2023-08-13,CHALON SUR SAONE,NON,2083,12:00,EST,BESANCON - F COMTE TGV,JCRHONRHIN,FRTJB,11:06,FRXCD
6074,2023-08-13,AIX EN PROVENCE TGV,OUI,6144,21:37,SUD EST,AVIGNON TGV,PROVENCEPA,FRAVG,21:17,FRAIE
6075,2023-08-13,AIX EN PROVENCE TGV,OUI,6144,00:22,SUD EST,PARIS (intramuros),PROVENCEPA,FRPLY,21:17,FRAIE
6076,2023-08-13,BAYONNE,OUI,8530,08:23,ATLANTIQUE,DAX,SUDOUESTPA,FRACG,07:54,FRXBY
6077,2023-08-13,DIJON VILLE,NON,9261,11:52,INTERNATIONAL,LAUSANNE,PASUIS,CHAJF,09:35,FRABA
6078,2023-08-13,LYON (intramuros),OUI,6612,12:08,SUD EST,PARIS (intramuros),RHONEPARIS,FRPLY,09:50,FRLPE
6079,2023-08-13,LIMOGES BENEDICTINS,OUI,3650,14:22,IC ARO,LA SOUTERRAINE,TOULOUZECO,FRLST,13:53,FRAGQ
6080,2023-08-13,LIMOGES BENEDICTINS,NON,3650,17:19,IC ARO,PARIS (intramuros),TOULOUZECO,FRPAZ,13:53,FRAGQ
6081,2023-08-13,BRIVE LA GAILLARDE,OUI,3650,14:22,IC ARO,LA SOUTERRAINE,TOULOUZECO,FRLST,12:48,FRBVE
6082,2023-08-13,BRIVE LA GAILLARDE,NON,3650,17:19,IC ARO,PARIS (intramuros),TOULOUZECO,FRPAZ,12:48,FRBVE
6083,2023-08-13,BRIVE LA GAILLARDE,NON,3650,15:38,IC ARO,VIERZON VILLE,TOULOUZECO,FRXVZ,12:48,FRBVE
6084,2023-08-13,ARGENTON SUR CREUSE,NON,3650,17:19,IC ARO,PARIS (intramuros),TOULOUZECO,FRPAZ,14:48,FRFMT
6085,2023-08-13,CAUSSADE TARN ET GARONNE,NON,3650,17:19,IC ARO,PARIS (intramuros),TOULOUZECO,FRPAZ,11:08,FRFTA
6086,2023-08-13,CAUSSADE TARN ET GARONNE,OUI,3650,12:17,IC ARO,SOUILLAC,TOULOUZECO,FRSOU,11:08,FRFTA
6087,2023-08-13,LA SOUTERRAINE,NON,3650,16:18,IC ARO,LES AUBRAIS ORLEANS,TOULOUZECO,FRLAB,14:24,FRLST
6088,2023-08-13,SOUILLAC,OUI,3650,12:44,IC ARO,BRIVE LA GAILLARDE,TOULOUZECO,FRBVE,12:19,FRSOU
6089,2023-08-13,SOUILLAC,NON,3650,16:18,IC ARO,LES AUBRAIS ORLEANS,TOULOUZECO,FRLAB,12:19,FRSOU
6090,2023-08-13,SOUILLAC,NON,3650,17:19,IC ARO,PARIS (intramuros),TOULOUZECO,FRPAZ,12:19,FRSOU
6091,2023-08-13,MONTAUBAN VILLE BOURBON,NON,3650,15:04,IC ARO,CHATEAUROUX,TOULOUZECO,FRCHR,10:55,FRXMW
6092,2023-08-13,MONTAUBAN VILLE BOURBON,NON,3650,14:47,IC ARO,ARGENTON SUR CREUSE,TOULOUZECO,FRFMT,10:55,FRXMW
6093,2023-08-13,MONTAUBAN VILLE BOURBON,OUI,3650,12:00,IC ARO,GOURDON,TOULOUZECO,FRFSI,10:55,FRXMW
6094,2023-08-13,MONTAUBAN VILLE BOURBON,OUI,3650,11:07,IC ARO,CAUSSADE TARN ET GARONNE,TOULOUZECO,FRFTA,10:55,FRXMW
6095,2023-08-13,MONTAUBAN VILLE BOURBON,OUI,3650,14:22,IC ARO,LA SOUTERRAINE,TOULOUZECO,FRLST,10:55,FRXMW
6096,2023-08-13,MONTAUBAN VILLE BOURBON,NON,3650,17:19,IC ARO,PARIS (intramuros),TOULOUZECO,FRPAZ,10:55,FRXMW
6097,2023-08-13,VIERZON VILLE,NON,3650,16:18,IC ARO,LES AUBRAIS ORLEANS,TOULOUZECO,FRLAB,15:41,FRXVZ
6098,2023-08-13,TOULOUSE MATABIAU,NON,3650,17:19,IC ARO,PARIS (intramuros),TOULOUZECO,FRPAZ,10:28,FRXYT
6099,2023-08-13,TOULOUSE MATABIAU,OUI,3650,12:17,IC ARO,SOUILLAC,TOULOUZECO,FRSOU,10:28,FRXYT
6100,2023-08-13,TOULOUSE MATABIAU,OUI,3650,10:53,IC ARO,MONTAUBAN VILLE BOURBON,TOULOUZECO,FRXMW,10:28,FRXYT
6101,2023-08-13,CLERMONT FERRAND,OUI,5970,14:29,IC ARO,MOULINS SUR ALLIER,CLERMONTPA,FRXMU,13:31,FRCFE
6102,2023-08-13,RIOM CHATEL GUYON,NON,5970,16:57,IC ARO,PARIS (intramuros),CLERMONTPA,FRPBE,13:42,FRRIO
6103,2023-08-13,RIOM CHATEL GUYON,OUI,5970,14:04,IC ARO,VICHY,CLERMONTPA,FRVHY,13:42,FRRIO
6104,2023-08-13,ANGERS ST LAUD,NON,8977,15:55,ATLANTIQUE,NANTES,PARISLOIRE,FRNTE,15:19,FRACL
6105,2023-08-13,LE MANS,NON,8977,17:14,ATLANTIQUE,LES SABLES D'OLONNE,PARISLOIRE,FRLSO,14:32,FRAET
6106,2023-08-13,PARIS (intramuros),NON,8977,15:15,ATLANTIQUE,ANGERS ST LAUD,PARISLOIRE,FRACL,13:32,FRPMO
6107,2023-08-13,PARIS (intramuros),NON,8977,14:29,ATLANTIQUE,LE MANS,PARISLOIRE,FRAET,13:32,FRPMO
6108,2023-08-13,LYON (intramuros),NON,6801,08:14,SUD EST,MARSEILLE ST CHARLES,JCPROVSUD,FRMSC,06:04,FRLPD
6109,2023-08-13,MARSEILLE ST CHARLES,NON,6801,11:06,SUD EST,NICE VILLE,JCPROVSUD,FRNIC,08:28,FRMSC
6110,2023-08-13,MARSEILLE ST CHARLES,NON,6801,10:47,SUD EST,ANTIBES,JCPROVSUD,FRXAT,08:28,FRMSC
6111,2023-08-13,MARSEILLE ST CHARLES,NON,6801,09:49,SUD EST,LES ARCS DRAGUIGNAN,JCPROVSUD,FRXRS,08:28,FRMSC
6112,2023-08-13,TOULON,NON,6801,10:06,SUD EST,ST RAPHAEL VALESCURE,JCPROVSUD,FRXSK,09:15,FRTLN
6113,2023-08-13,VALENCE TGV RHONE-ALPES SUD,NON,6801,07:35,SUD EST,AVIGNON TGV,JCPROVSUD,FRAVG,07:00,FRVLA
6114,2023-08-13,UZERCHE,OUI,3614,06:00,IC ARO,LIMOGES BENEDICTINS,TOULOUZECO,FRAGQ,05:24,FRAAW
6115,2023-08-13,UZERCHE,OUI,3614,07:14,IC ARO,CHATEAUROUX,TOULOUZECO,FRCHR,05:24,FRAAW
6116,2023-08-13,UZERCHE,OUI,3614,06:33,IC ARO,LA SOUTERRAINE,TOULOUZECO,FRLST,05:24,FRAAW
6117,2023-08-13,UZERCHE,NON,3614,09:19,IC ARO,PARIS (intramuros),TOULOUZECO,FRPAZ,05:24,FRAAW
6118,2023-08-13,UZERCHE,OUI,3614,07:48,IC ARO,VIERZON VILLE,TOULOUZECO,FRXVZ,05:24,FRAAW
6119,2023-08-13,LIMOGES BENEDICTINS,NON,3614,09:19,IC ARO,PARIS (intramuros),TOULOUZECO,FRPAZ,06:03,FRAGQ
6120,2023-08-13,ARGENTON SUR CREUSE,NON,3614,09:19,IC ARO,PARIS (intramuros),TOULOUZECO,FRPAZ,06:59,FRFMT
6121,2023-08-13,LA SOUTERRAINE,OUI,3614,07:14,IC ARO,CHATEAUROUX,TOULOUZECO,FRCHR,06:35,FRLST
6122,2023-08-13,UZERCHE,OUI,3614,06:58,IC ARO,ARGENTON SUR CREUSE,TOULOUZECO,FRFMT,05:24,FRAAW
6123,2023-08-13,REIMS,OUI,2756,19:31,EST,PARIS (intramuros),SEDBARPA,FRPST,18:45,FRRHE
6124,2023-08-13,MONTAUBAN VILLE BOURBON,OUI,8516,21:52,ATLANTIQUE,PARIS (intramuros),SUDOUESTPA,FRPMO,17:57,FRXMW
6125,2023-08-13,TOULOUSE MATABIAU,OUI,8516,18:32,ATLANTIQUE,AGEN,SUDOUESTPA,FRAGF,17:28,FRXYT
6126,2023-08-13,TOULOUSE MATABIAU,OUI,8516,21:52,ATLANTIQUE,PARIS (intramuros),SUDOUESTPA,FRPMO,17:28,FRXYT
6127,2023-08-13,TOULOUSE MATABIAU,OUI,8516,17:54,ATLANTIQUE,MONTAUBAN VILLE BOURBON,SUDOUESTPA,FRXMW,17:28,FRXYT
6128,2023-08-13,LORIENT,OUI,8724,15:01,ATLANTIQUE,AURAY,BRETAPARIS,FRXUY,14:46,FRLRT
6129,2023-08-13,QUIMPER,NON,8724,17:47,ATLANTIQUE,PARIS (intramuros),BRETAPARIS,FRPMO,14:11,FRUIP
6130,2023-08-13,QUIMPER,OUI,8724,15:14,ATLANTIQUE,VANNES,BRETAPARIS,FRVNE,14:11,FRUIP
6131,2023-08-13,AURAY,OUI,8724,15:14,ATLANTIQUE,VANNES,BRETAPARIS,FRVNE,15:04,FRXUY
6132,2023-08-13,PARIS (intramuros),NON,6123,20:56,SUD EST,MARSEILLE ST CHARLES,PAPROVENCE,FRMSC,17:38,FRPLY
6133,2023-08-13,TARBES,OUI,8562,09:45,ATLANTIQUE,PAU,SUDOUESTPA,FRAEE,08:56,FRXTB
6134,2023-08-13,PARIS (intramuros),OUI,7177,17:40,NORD,ARRAS,PAARRAS,FRQRV,16:52,FRPNO
6135,2023-08-13,KARLSRUHE HBF,NON,9560,18:48,INTERNATIONAL,STRASBOURG,FRANCPA,FRAEG,18:05,DEQKA
6136,2023-08-13,KARLSRUHE HBF,NON,9560,20:42,INTERNATIONAL,PARIS (intramuros),FRANCPA,FRPST,18:05,DEQKA
6137,2023-08-13,STRASBOURG,NON,9573,13:26,INTERNATIONAL,KARLSRUHE HBF,PASTUTMUN,DEQKA,12:46,FRAEG
6138,2023-08-13,PARIS (intramuros),NON,9573,13:26,INTERNATIONAL,KARLSRUHE HBF,PASTUTMUN,DEQKA,10:55,FRPST
6139,2023-08-13,HENDAYE,OUI,8542,16:17,ATLANTIQUE,DAX,SUDOUESTPA,FRACG,15:07,FRAEF
6140,2023-08-13,HENDAYE,NON,8542,19:52,ATLANTIQUE,PARIS (intramuros),SUDOUESTPA,FRPMO,15:07,FRAEF
6141,2023-08-13,HENDAYE,OUI,8542,15:44,ATLANTIQUE,BAYONNE,SUDOUESTPA,FRXBY,15:07,FRAEF
6142,2023-08-13,HENDAYE,OUI,8542,15:17,ATLANTIQUE,ST JEAN DE LUZ CIBOURE,SUDOUESTPA,FRXJZ,15:07,FRAEF
6143,2023-08-13,BIARRITZ,OUI,8542,16:17,ATLANTIQUE,DAX,SUDOUESTPA,FRACG,15:32,FRBIQ
6144,2023-08-13,BIARRITZ,NON,8542,19:52,ATLANTIQUE,PARIS (intramuros),SUDOUESTPA,FRPMO,15:32,FRBIQ
6145,2023-08-13,BAYONNE,NON,8542,17:39,ATLANTIQUE,BORDEAUX ST JEAN,SUDOUESTPA,FRBOJ,15:47,FRXBY
6146,2023-08-13,BAYONNE,NON,8542,19:52,ATLANTIQUE,PARIS (intramuros),SUDOUESTPA,FRPMO,15:47,FRXBY
6147,2023-08-13,EVIAN LES BAINS,OUI,6504,14:21,SUD EST,ANNEMASSE,ALPESPARIS,FRQNJ,13:40,FRXEB
6148,2023-08-13,BORDEAUX ST JEAN,NON,8505,15:31,ATLANTIQUE,TOULOUSE MATABIAU,PASUDOUEST,FRXYT,13:20,FRBOJ
6149,2023-08-13,MULHOUSE VILLE,NON,9218,15:38,INTERNATIONAL,PARIS (intramuros),ZURBALPA,FRPLY,12:56,FRAEK
6150,2023-08-13,DIJON VILLE,NON,5537,21:59,EST,CANNES,JCRHINRHON,FRJCA,16:20,FRABA
6151,2023-08-13,COLMAR,NON,5537,17:56,EST,LYON (intramuros),JCRHINRHON,FRLPD,14:05,FRAEJ
6152,2023-08-13,COLMAR,NON,5537,22:30,EST,NICE VILLE,JCRHINRHON,FRNIC,14:05,FRAEJ
6153,2023-08-13,COLMAR,OUI,5537,15:02,EST,BELFORT-MONTBELIARD TGV,JCRHINRHON,FRTJA,14:05,FRAEJ
6154,2023-08-13,COLMAR,NON,5537,22:11,EST,ANTIBES,JCRHINRHON,FRXAT,14:05,FRAEJ
6155,2023-08-13,MULHOUSE VILLE,NON,5537,21:59,EST,CANNES,JCRHINRHON,FRJCA,14:41,FRAEK
6156,2023-08-13,MULHOUSE VILLE,NON,5537,22:30,EST,NICE VILLE,JCRHINRHON,FRNIC,14:41,FRAEK
6157,2023-08-13,MULHOUSE VILLE,OUI,5537,15:02,EST,BELFORT-MONTBELIARD TGV,JCRHINRHON,FRTJA,14:41,FRAEK
6158,2023-08-13,AIX EN PROVENCE TGV,NON,5537,20:41,EST,TOULON,JCRHINRHON,FRTLN,19:33,FRAIE
6159,2023-08-13,AIX EN PROVENCE TGV,NON,5537,21:34,EST,ST RAPHAEL VALESCURE,JCRHINRHON,FRXSK,19:33,FRAIE
6160,2023-08-13,NANCY,NON,5537,19:31,EST,AIX EN PROVENCE TGV,JCRHINRHON,FRAIE,11:46,FRENC
6161,2023-08-13,NANCY,NON,5537,21:59,EST,CANNES,JCRHINRHON,FRJCA,11:46,FRENC
6162,2023-08-13,NANCY,NON,5537,22:30,EST,NICE VILLE,JCRHINRHON,FRNIC,11:46,FRENC
6163,2023-08-13,CANNES,OUI,5537,22:30,EST,NICE VILLE,JCRHINRHON,FRNIC,22:03,FRJCA
6164,2023-08-13,LYON (intramuros),NON,5537,21:59,EST,CANNES,JCRHINRHON,FRJCA,18:04,FRLPD
6165,2023-08-13,MARSEILLE ST CHARLES,NON,5537,21:34,EST,ST RAPHAEL VALESCURE,JCRHINRHON,FRXSK,19:57,FRMSC
6166,2023-08-13,BELFORT-MONTBELIARD TGV,NON,5537,19:10,EST,AVIGNON TGV,JCRHINRHON,FRAVG,15:06,FRTJA
6167,2023-08-13,BELFORT-MONTBELIARD TGV,NON,5537,17:56,EST,LYON (intramuros),JCRHINRHON,FRLPD,15:06,FRTJA
6168,2023-08-13,BESANCON - F COMTE TGV,NON,5537,19:45,EST,MARSEILLE ST CHARLES,JCRHINRHON,FRMSC,15:36,FRTJB
6169,2023-08-13,TOULON,OUI,5537,22:30,EST,NICE VILLE,JCRHINRHON,FRNIC,20:45,FRTLN
6170,2023-08-13,TOULON,OUI,5537,22:11,EST,ANTIBES,JCRHINRHON,FRXAT,20:45,FRTLN
6171,2023-08-13,ANTIBES,OUI,5537,22:30,EST,NICE VILLE,JCRHINRHON,FRNIC,22:14,FRXAT
6172,2023-08-13,BEAUNE,NON,5537,21:17,EST,LES ARCS DRAGUIGNAN,JCRHINRHON,FRXRS,16:42,FRXBV
6173,2023-08-13,LES ARCS DRAGUIGNAN,OUI,5537,22:30,EST,NICE VILLE,JCRHINRHON,FRNIC,21:20,FRXRS
6174,2023-08-13,BESANCON - F COMTE TGV,NON,5537,21:59,EST,CANNES,JCRHINRHON,FRJCA,15:36,FRTJB
6175,2023-08-13,BELFORT-MONTBELIARD TGV,NON,5537,20:41,EST,TOULON,JCRHINRHON,FRTLN,15:06,FRTJA
6176,2023-08-13,BELFORT-MONTBELIARD TGV,NON,5537,22:30,EST,NICE VILLE,JCRHINRHON,FRNIC,15:06,FRTJA
6177,2023-08-13,NANCY,OUI,5537,15:02,EST,BELFORT-MONTBELIARD TGV,JCRHINRHON,FRTJA,11:46,FRENC
6178,2023-08-13,NANCY,OUI,5537,14:02,EST,COLMAR,JCRHINRHON,FRAEJ,11:46,FRENC
6179,2023-08-13,BESANCON - F COMTE TGV,NON,5537,16:39,EST,BEAUNE,JCRHINRHON,FRXBV,15:36,FRTJB
6180,2023-08-13,PARIS (intramuros),NON,9777,19:30,INTERNATIONAL,GENEVE,PAGENEVE,CHGVA,16:18,FRPLY
6181,2023-08-13,PARIS (intramuros),NON,9777,19:00,INTERNATIONAL,BELLEGARDE,PAGENEVE,FRXBF,16:18,FRPLY
6182,2023-08-13,BOURG EN BRESSE,NON,9777,19:30,INTERNATIONAL,GENEVE,PAGENEVE,CHGVA,18:12,FRXBK
6183,2023-08-13,BOURG EN BRESSE,NON,9777,19:00,INTERNATIONAL,BELLEGARDE,PAGENEVE,FRXBF,18:12,FRXBK
6184,2023-08-13,GENEVE,NON,9777,20:14,INTERNATIONAL,LAUSANNE,PAGENEVE,CHAJF,19:39,CHGVA
6185,2023-08-13,ST MAIXENT DEUX SEVRES,OUI,8361,15:56,ATLANTIQUE,SURGERES,PAROCHELLE,FREIP,15:20,FREJC
6186,2023-08-13,NIORT,OUI,8361,15:56,ATLANTIQUE,SURGERES,PAROCHELLE,FREIP,15:38,FRNIT
6187,2023-08-13,NIORT,OUI,8361,16:20,ATLANTIQUE,LA ROCHELLE VILLE,PAROCHELLE,FRLRH,15:38,FRNIT
6188,2023-08-13,PARIS (intramuros),OUI,8361,15:17,ATLANTIQUE,ST MAIXENT DEUX SEVRES,PAROCHELLE,FREJC,13:37,FRPMO
6189,2023-08-13,SURGERES,OUI,8374,11:23,ATLANTIQUE,NIORT,ROCHELLEPA,FRNIT,11:05,FREIP
6190,2023-08-13,SURGERES,NON,8374,12:09,ATLANTIQUE,POITIERS,ROCHELLEPA,FRPIS,11:05,FREIP
6191,2023-08-13,LA ROCHELLE VILLE,OUI,8374,11:02,ATLANTIQUE,SURGERES,ROCHELLEPA,FREIP,10:44,FRLRH
6192,2023-08-13,NIORT,NON,8374,13:37,ATLANTIQUE,PARIS (intramuros),ROCHELLEPA,FRPMO,11:26,FRNIT
6193,2023-08-13,BESANCON - F COMTE TGV,OUI,6705,14:12,SUD EST,MULHOUSE VILLE,PABOUR,FRAEK,13:25,FRTJB
6194,2023-08-13,BORDEAUX ST JEAN,NON,8450,21:41,ATLANTIQUE,PARIS (intramuros),SUDOUESTPA,FRPMO,18:38,FRBOJ
6195,2023-08-13,FRANKFURT MAIN HBF,NON,9568,08:05,INTERNATIONAL,KARLSRUHE HBF,FRANCPA,DEQKA,06:56,DEFRH
6196,2023-08-13,MODANE,NON,9240,10:15,INTERNATIONAL,CHAMBERY CHALLES LES EAUX,ITALIEPA,FRCMF,09:13,FRAGR
6197,2023-08-13,ST JEAN DE MAURIENNE ARVAN,NON,9240,10:15,INTERNATIONAL,CHAMBERY CHALLES LES EAUX,ITALIEPA,FRCMF,09:37,FRHPN
6198,2023-08-13,MILANO P GARIBALDI,NON,9240,11:40,INTERNATIONAL,MACON LOCHE TGV,ITALIEPA,FRMLT,06:00,ITMPG
6199,2023-08-13,TORINO PORTA SUSA,NON,9240,11:40,INTERNATIONAL,MACON LOCHE TGV,ITALIEPA,FRMLT,07:36,ITTRS
6200,2023-08-13,TORINO PORTA SUSA,NON,9240,13:14,INTERNATIONAL,PARIS (intramuros),ITALIEPA,FRPLY,07:36,ITTRS
6201,2023-08-13,BORDEAUX ST JEAN,NON,3856,15:54,IC SRO,ROCHEFORT,BORDONANTE,FRRCO,13:53,FRBOJ
6202,2023-08-13,BORDEAUX ST JEAN,NON,3856,17:22,IC SRO,LA ROCHE SUR YON,BORDONANTE,FRXRO,13:53,FRBOJ
6203,2023-08-13,JONZAC,NON,3856,18:05,IC SRO,NANTES,BORDONANTE,FRNTE,14:41,FREMR
6204,2023-08-13,LUCON,NON,3856,17:22,IC SRO,LA ROCHE SUR YON,BORDONANTE,FRXRO,17:00,FRLCN
6205,2023-08-13,LA ROCHELLE VILLE,NON,3856,16:58,IC SRO,LUCON,BORDONANTE,FRLCN,16:19,FRLRH
6206,2023-08-13,LA ROCHELLE VILLE,NON,3856,18:05,IC SRO,NANTES,BORDONANTE,FRNTE,16:19,FRLRH
6207,2023-08-13,SAINTES,NON,3856,18:05,IC SRO,NANTES,BORDONANTE,FRNTE,15:25,FRXST
6208,2023-08-13,BEZIERS,OUI,6212,20:37,SUD EST,VALENCE TGV RHONE-ALPES SUD,LANGPA,FRVLA,18:35,FRBZR
6209,2023-08-13,NIMES,OUI,6212,20:37,SUD EST,VALENCE TGV RHONE-ALPES SUD,LANGPA,FRVLA,19:53,FRFNI
6210,2023-08-13,MONTPELLIER SAINT-ROCH,OUI,6212,19:49,SUD EST,NIMES,LANGPA,FRFNI,19:25,FRMPL
6211,2023-08-13,MONTPELLIER SAINT-ROCH,OUI,6212,20:37,SUD EST,VALENCE TGV RHONE-ALPES SUD,LANGPA,FRVLA,19:25,FRMPL
6212,2023-08-13,PERPIGNAN,OUI,6212,22:55,SUD EST,PARIS (intramuros),LANGPA,FRPLY,17:40,FRPGF
6213,2023-08-13,PERPIGNAN,OUI,6212,18:46,SUD EST,AGDE,LANGPA,FRXAG,17:40,FRPGF
6214,2023-08-13,PERPIGNAN,OUI,6212,18:15,SUD EST,NARBONNE,LANGPA,FRXNA,17:40,FRPGF
6215,2023-08-13,NARBONNE,OUI,6212,19:21,SUD EST,MONTPELLIER SAINT-ROCH,LANGPA,FRMPL,18:18,FRXNA
6216,2023-08-13,NARBONNE,OUI,6212,20:37,SUD EST,VALENCE TGV RHONE-ALPES SUD,LANGPA,FRVLA,18:18,FRXNA
6217,2023-08-13,PERPIGNAN,NON,6252,12:50,SUD EST,VALENCE TGV RHONE-ALPES SUD,LANGPA,FRVLA,10:04,FRPGF
6218,2023-08-13,PERPIGNAN,OUI,6252,11:10,SUD EST,AGDE,LANGPA,FRXAG,10:04,FRPGF
6219,2023-08-13,SETE,NON,6252,11:46,SUD EST,MONTPELLIER SUD DE FRANCE,LANGPA,FRSUF,11:30,FRXSY
6220,2023-08-13,SETE,NON,6252,12:11,SUD EST,NIMES PONT DU GARD,LANGPA,FRXZP,11:30,FRXSY
6221,2023-08-13,CARCASSONNE,NON,4756,12:26,IC ARO,AGEN,TJOURSESO,FRAGF,10:34,FRCCF
6222,2023-08-13,NIMES,NON,4756,12:26,IC ARO,AGEN,TJOURSESO,FRAGF,08:41,FRFNI
6223,2023-08-13,NIMES,NON,4756,10:32,IC ARO,CARCASSONNE,TJOURSESO,FRCCF,08:41,FRFNI
6224,2023-08-13,ARLES,NON,4756,09:22,IC ARO,SETE,TJOURSESO,FRXSY,08:11,FRHZA
6225,2023-08-13,MONTPELLIER SAINT-ROCH,NON,4756,09:22,IC ARO,SETE,TJOURSESO,FRXSY,09:08,FRMPL
6226,2023-08-13,MARSEILLE ST CHARLES,OUI,4756,08:38,IC ARO,NIMES,TJOURSESO,FRFNI,07:22,FRMSC
6227,2023-08-13,MARSEILLE ST CHARLES,OUI,4756,09:05,IC ARO,MONTPELLIER SAINT-ROCH,TJOURSESO,FRMPL,07:22,FRMSC
6228,2023-08-13,MARSEILLE ST CHARLES,NON,4756,09:22,IC ARO,SETE,TJOURSESO,FRXSY,07:22,FRMSC
6229,2023-08-13,MONTAUBAN VILLE BOURBON,NON,4756,13:32,IC ARO,BORDEAUX ST JEAN,TJOURSESO,FRBOJ,11:51,FRXMW
6230,2023-08-13,NARBONNE,NON,4756,10:32,IC ARO,CARCASSONNE,TJOURSESO,FRCCF,10:04,FRXNA
6231,2023-08-13,SETE,NON,4756,11:49,IC ARO,MONTAUBAN VILLE BOURBON,TJOURSESO,FRXMW,09:24,FRXSY
6232,2023-08-13,TOULOUSE MATABIAU,NON,4756,13:32,IC ARO,BORDEAUX ST JEAN,TJOURSESO,FRBOJ,11:24,FRXYT
6233,2023-08-13,LYON (intramuros),OUI,6607,11:10,SUD EST,LYON (intramuros),PARISRHONE,FRLPE,11:02,FRLPD
6234,2023-08-13,NURIEUX,NON,9781,21:30,INTERNATIONAL,GENEVE,PAGENEVE,CHGVA,20:37,FRHQN
6235,2023-08-13,BOURG EN BRESSE,NON,9781,21:30,INTERNATIONAL,GENEVE,PAGENEVE,CHGVA,20:10,FRXBK
6236,2023-08-13,BOURG EN BRESSE,NON,9781,21:00,INTERNATIONAL,BELLEGARDE,PAGENEVE,FRXBF,20:10,FRXBK
6237,2023-08-13,BOURG EN BRESSE,NON,9781,20:35,INTERNATIONAL,NURIEUX,PAGENEVE,FRHQN,20:10,FRXBK
6238,2023-08-13,LIMOGES BENEDICTINS,OUI,3635,17:01,IC ARO,BRIVE LA GAILLARDE,PALITO,FRBVE,16:01,FRAGQ
6239,2023-08-13,BRIVE LA GAILLARDE,OUI,3635,17:44,IC ARO,GOURDON,PALITO,FRFSI,17:04,FRBVE
6240,2023-08-13,BRIVE LA GAILLARDE,OUI,3635,18:13,IC ARO,CAHORS,PALITO,FRZAO,17:04,FRBVE
6241,2023-08-13,CHATEAUROUX,NON,3635,15:58,IC ARO,LIMOGES BENEDICTINS,PALITO,FRAGQ,14:45,FRCHR
6242,2023-08-13,CHATEAUROUX,NON,3635,15:00,IC ARO,ARGENTON SUR CREUSE,PALITO,FRFMT,14:45,FRCHR
6243,2023-08-13,PARIS (intramuros),NON,3635,15:58,IC ARO,LIMOGES BENEDICTINS,PALITO,FRAGQ,12:41,FRPAZ
6244,2023-08-13,PARIS (intramuros),NON,3635,15:24,IC ARO,LA SOUTERRAINE,PALITO,FRLST,12:41,FRPAZ
6245,2023-08-13,VIERZON VILLE,NON,3635,17:28,IC ARO,SOUILLAC,PALITO,FRSOU,14:11,FRXVZ
6246,2023-08-13,ORTHEZ,NON,14148,16:52,IC SRO,TARBES,SUDOUEST,FRXTB,15:47,FRGFI
6247,2023-08-13,BAYONNE,NON,14148,16:36,IC SRO,LOURDES,SUDOUEST,FRLDE,15:03,FRXBY
6248,2023-08-13,TARBES,NON,14148,18:27,IC SRO,TOULOUSE MATABIAU,SUDOUEST,FRXYT,16:55,FRXTB
6249,2023-08-13,LYON (intramuros),NON,6063,15:10,SUD EST,AVIGNON TGV,JCPROVSUD,FRAVG,14:06,FRLPD
6250,2023-08-13,LA ROCHELLE VILLE,NON,8380,16:38,ATLANTIQUE,ST MAIXENT DEUX SEVRES,ROCHELLEPA,FREJC,15:47,FRLRH
6251,2023-08-13,LA ROCHELLE VILLE,NON,8380,17:11,ATLANTIQUE,POITIERS,ROCHELLEPA,FRPIS,15:47,FRLRH
6252,2023-08-13,BASEL SBB,NON,9234,20:18,INTERNATIONAL,BELFORT-MONTBELIARD TGV,ZURBALPA,FRTJA,19:34,CHAJP
6253,2023-08-13,MULHOUSE VILLE,OUI,9234,22:42,INTERNATIONAL,PARIS (intramuros),ZURBALPA,FRPLY,19:56,FRAEK
6254,2023-08-13,PARIS (intramuros),NON,8715,13:57,ATLANTIQUE,LORIENT,PARISBRETA,FRLRT,10:53,FRPMO
6255,2023-08-13,PARIS (intramuros),NON,8715,14:34,ATLANTIQUE,QUIMPER,PARISBRETA,FRUIP,10:53,FRPMO
6256,2023-08-13,PARIS (intramuros),NON,8715,13:25,ATLANTIQUE,VANNES,PARISBRETA,FRVNE,10:53,FRPMO
6257,2023-08-13,PARIS (intramuros),NON,8715,13:38,ATLANTIQUE,AURAY,PARISBRETA,FRXUY,10:53,FRPMO
6258,2023-08-13,RENNES,NON,8715,14:34,ATLANTIQUE,QUIMPER,PARISBRETA,FRUIP,12:29,FRRNS
6259,2023-08-13,ARRAS,OUI,7518,13:23,NORD,PARIS (intramuros),ARRASPA,FRPNO,12:32,FRQRV
6260,2023-08-13,BRUXELLES MIDI BRUSSEL ZUID,NON,9836,22:08,NORD,MONTPELLIER SAINT-ROCH,JCNORDSUD,FRMPL,16:17,BEBMI
6261,2023-08-13,NIMES,OUI,9836,22:08,NORD,MONTPELLIER SAINT-ROCH,JCNORDSUD,FRMPL,21:42,FRFNI
6262,2023-08-13,LYON (intramuros),OUI,9836,22:08,NORD,MONTPELLIER SAINT-ROCH,JCNORDSUD,FRMPL,20:10,FRLPD
6263,2023-08-13,LYON (intramuros),OUI,9836,20:49,NORD,VALENCE TGV RHONE-ALPES SUD,JCNORDSUD,FRVLA,20:10,FRLPD
6264,2023-08-13,AEROPORT CDG2 TGV ROISSY,OUI,9836,18:08,NORD,MARNE LA VALLEE CHESSY,JCNORDSUD,FRMLV,17:59,FRMLW
6265,2023-08-13,PARIS (intramuros),OUI,2243,14:00,EST,NANCY,PANANCY,FRENC,12:23,FRPST
6266,2023-08-13,MACON LOCHE TGV,OUI,6951,21:35,SUD EST,CHAMBERY CHALLES LES EAUX,PARISALPES,FRCMF,20:19,FRMLT
6267,2023-08-13,MACON LOCHE TGV,OUI,6951,22:30,SUD EST,ANNECY,PARISALPES,FRNCY,20:19,FRMLT
6268,2023-08-13,AVIGNON TGV,NON,9866,16:57,NORD,LILLE (intramuros),JCSUDNORD,FRLLE,12:48,FRAVG
6269,2023-08-13,AVIGNON TGV,NON,9866,15:46,NORD,MARNE LA VALLEE CHESSY,JCSUDNORD,FRMLV,12:48,FRAVG
6270,2023-08-13,LYON (intramuros),NON,9866,16:57,NORD,LILLE (intramuros),JCSUDNORD,FRLLE,14:00,FRLPD
6271,2023-08-13,LYON (intramuros),NON,9866,16:00,NORD,AEROPORT CDG2 TGV ROISSY,JCSUDNORD,FRMLW,14:00,FRLPD
6272,2023-08-13,MARSEILLE ST CHARLES,OUI,9866,12:45,NORD,AVIGNON TGV,JCSUDNORD,FRAVG,12:12,FRMSC
6273,2023-08-13,DIJON VILLE,OUI,5516,15:24,EST,COLMAR,JCRHONRHIN,FRAEJ,13:37,FRABA
6274,2023-08-13,DIJON VILLE,OUI,5516,14:55,EST,MULHOUSE VILLE,JCRHONRHIN,FRAEK,13:37,FRABA
6275,2023-08-13,MULHOUSE VILLE,OUI,5516,15:24,EST,COLMAR,JCRHONRHIN,FRAEJ,15:07,FRAEK
6276,2023-08-13,AIX EN PROVENCE TGV,NON,5516,12:09,EST,MACON VILLE,JCRHONRHIN,FRHGU,09:58,FRAIE
6277,2023-08-13,AIX EN PROVENCE TGV,NON,5516,14:30,EST,BELFORT-MONTBELIARD TGV,JCRHONRHIN,FRTJA,09:58,FRAIE
6278,2023-08-13,AIX EN PROVENCE TGV,NON,5516,12:41,EST,CHALON SUR SAONE,JCRHONRHIN,FRXCD,09:58,FRAIE
6279,2023-08-13,AVIGNON TGV,NON,5516,13:25,EST,DIJON VILLE,JCRHONRHIN,FRABA,10:20,FRAVG
6280,2023-08-13,AVIGNON TGV,NON,5516,15:54,EST,STRASBOURG,JCRHONRHIN,FRAEG,10:20,FRAVG
6281,2023-08-13,AVIGNON TGV,NON,5516,15:24,EST,COLMAR,JCRHONRHIN,FRAEJ,10:20,FRAVG
6282,2023-08-13,AVIGNON TGV,NON,5516,14:06,EST,BESANCON - F COMTE TGV,JCRHONRHIN,FRTJB,10:20,FRAVG
6283,2023-08-13,MACON VILLE,NON,5516,14:06,EST,BESANCON - F COMTE TGV,JCRHONRHIN,FRTJB,12:12,FRHGU
6284,2023-08-13,CANNES,NON,5516,13:25,EST,DIJON VILLE,JCRHONRHIN,FRABA,07:30,FRJCA
6285,2023-08-13,CANNES,NON,5516,14:55,EST,MULHOUSE VILLE,JCRHONRHIN,FRAEK,07:30,FRJCA
6286,2023-08-13,CANNES,NON,5516,09:55,EST,AIX EN PROVENCE TGV,JCRHONRHIN,FRAIE,07:30,FRJCA
6287,2023-08-13,LYON (intramuros),NON,5516,15:24,EST,COLMAR,JCRHONRHIN,FRAEJ,11:32,FRLPD
6288,2023-08-13,LYON (intramuros),NON,5516,14:30,EST,BELFORT-MONTBELIARD TGV,JCRHONRHIN,FRTJA,11:32,FRLPD
6289,2023-08-13,MARSEILLE ST CHARLES,NON,5516,14:55,EST,MULHOUSE VILLE,JCRHONRHIN,FRAEK,09:45,FRMSC
6290,2023-08-13,MARSEILLE ST CHARLES,NON,5516,14:06,EST,BESANCON - F COMTE TGV,JCRHONRHIN,FRTJB,09:45,FRMSC
6291,2023-08-13,NICE VILLE,NON,5516,13:25,EST,DIJON VILLE,JCRHONRHIN,FRABA,07:00,FRNIC
6292,2023-08-13,NICE VILLE,NON,5516,09:55,EST,AIX EN PROVENCE TGV,JCRHONRHIN,FRAIE,07:00,FRNIC
6293,2023-08-13,NICE VILLE,NON,5516,17:35,EST,NANCY,JCRHONRHIN,FRENC,07:00,FRNIC
6294,2023-08-13,BELFORT-MONTBELIARD TGV,OUI,5516,15:54,EST,STRASBOURG,JCRHONRHIN,FRAEG,14:33,FRTJA
6295,2023-08-13,BELFORT-MONTBELIARD TGV,OUI,5516,14:55,EST,MULHOUSE VILLE,JCRHONRHIN,FRAEK,14:33,FRTJA
6296,2023-08-13,BESANCON - F COMTE TGV,OUI,5516,15:54,EST,STRASBOURG,JCRHONRHIN,FRAEG,14:09,FRTJB
6297,2023-08-13,BESANCON - F COMTE TGV,OUI,5516,14:30,EST,BELFORT-MONTBELIARD TGV,JCRHONRHIN,FRTJA,14:09,FRTJB
6298,2023-08-13,TOULON,NON,5516,10:17,EST,AVIGNON TGV,JCRHONRHIN,FRAVG,08:50,FRTLN
6299,2023-08-13,ANTIBES,NON,5516,13:25,EST,DIJON VILLE,JCRHONRHIN,FRABA,07:16,FRXAT
6300,2023-08-13,ANTIBES,NON,5516,15:54,EST,STRASBOURG,JCRHONRHIN,FRAEG,07:16,FRXAT
6301,2023-08-13,ANTIBES,OUI,5516,08:46,EST,TOULON,JCRHONRHIN,FRTLN,07:16,FRXAT
6302,2023-08-13,BEAUNE,NON,5516,13:25,EST,DIJON VILLE,JCRHONRHIN,FRABA,13:06,FRXBV
6303,2023-08-13,CHALON SUR SAONE,NON,5516,13:25,EST,DIJON VILLE,JCRHONRHIN,FRABA,12:44,FRXCD
6304,2023-08-13,CHALON SUR SAONE,NON,5516,15:24,EST,COLMAR,JCRHONRHIN,FRAEJ,12:44,FRXCD
6305,2023-08-13,LES ARCS DRAGUIGNAN,NON,5516,10:17,EST,AVIGNON TGV,JCRHONRHIN,FRAVG,08:12,FRXRS
6306,2023-08-13,LES ARCS DRAGUIGNAN,NON,5516,12:41,EST,CHALON SUR SAONE,JCRHONRHIN,FRXCD,08:12,FRXRS
6307,2023-08-13,ST RAPHAEL VALESCURE,NON,5516,10:17,EST,AVIGNON TGV,JCRHONRHIN,FRAVG,07:55,FRXSK
6308,2023-08-13,ST RAPHAEL VALESCURE,NON,5516,17:35,EST,NANCY,JCRHONRHIN,FRENC,07:55,FRXSK
6309,2023-08-13,ST RAPHAEL VALESCURE,OUI,5516,09:33,EST,MARSEILLE ST CHARLES,JCRHONRHIN,FRMSC,07:55,FRXSK
6310,2023-08-13,AVIGNON TGV,NON,5516,13:03,EST,BEAUNE,JCRHONRHIN,FRXBV,10:20,FRAVG
6311,2023-08-13,CANNES,NON,5516,14:30,EST,BELFORT-MONTBELIARD TGV,JCRHONRHIN,FRTJA,07:30,FRJCA
6312,2023-08-13,NICE VILLE,NON,5516,14:30,EST,BELFORT-MONTBELIARD TGV,JCRHONRHIN,FRTJA,07:00,FRNIC
6313,2023-08-13,BELFORT-MONTBELIARD TGV,OUI,5516,17:35,EST,NANCY,JCRHONRHIN,FRENC,14:33,FRTJA
6314,2023-08-13,ST RAPHAEL VALESCURE,NON,5516,14:30,EST,BELFORT-MONTBELIARD TGV,JCRHONRHIN,FRTJA,07:55,FRXSK
6315,2023-08-13,ANTIBES,NON,5516,14:30,EST,BELFORT-MONTBELIARD TGV,JCRHONRHIN,FRTJA,07:16,FRXAT
6316,2023-08-13,LES ARCS DRAGUIGNAN,NON,5516,14:06,EST,BESANCON - F COMTE TGV,JCRHONRHIN,FRTJB,08:12,FRXRS
6317,2023-08-13,ST RAPHAEL VALESCURE,NON,5516,14:06,EST,BESANCON - F COMTE TGV,JCRHONRHIN,FRTJB,07:55,FRXSK
6318,2023-08-13,BEAUNE,NON,5516,15:24,EST,COLMAR,JCRHONRHIN,FRAEJ,13:06,FRXBV
6319,2023-08-13,LORIENT,NON,8710,12:01,ATLANTIQUE,LAVAL,BRETAPARIS,FRACR,09:50,FRLRT
6320,2023-08-13,LORIENT,NON,8710,10:48,ATLANTIQUE,REDON,BRETAPARIS,FRXRN,09:50,FRLRT
6321,2023-08-13,ROSPORDEN,OUI,8710,09:32,ATLANTIQUE,QUIMPERLE,BRETAPARIS,FRECO,09:20,FRRSP
6322,2023-08-13,ROSPORDEN,NON,8710,11:25,ATLANTIQUE,RENNES,BRETAPARIS,FRRNS,09:20,FRRSP
6323,2023-08-13,QUIMPER,OUI,8710,09:46,ATLANTIQUE,LORIENT,BRETAPARIS,FRLRT,09:06,FRUIP
6324,2023-08-13,QUIMPER,NON,8710,11:25,ATLANTIQUE,RENNES,BRETAPARIS,FRRNS,09:06,FRUIP
6325,2023-08-13,QUIMPER,OUI,8710,10:19,ATLANTIQUE,VANNES,BRETAPARIS,FRVNE,09:06,FRUIP
6326,2023-08-13,QUIMPER,OUI,8710,10:05,ATLANTIQUE,AURAY,BRETAPARIS,FRXUY,09:06,FRUIP
6327,2023-08-13,AURAY,NON,8710,12:01,ATLANTIQUE,LAVAL,BRETAPARIS,FRACR,10:09,FRXUY
6328,2023-08-13,LYON (intramuros),OUI,6676,22:53,SUD EST,LE CREUSOT MONTCEAU MONTCHANIN,RHONEPARIS,FRXCC,22:04,FRLPD
6329,2023-08-13,LYON (intramuros),OUI,6676,21:58,SUD EST,LYON (intramuros),RHONEPARIS,FRLPD,21:50,FRLPE
6330,2023-08-13,BRUXELLES MIDI BRUSSEL ZUID,NON,9874,15:55,NORD,CHAMPAGNE-ARDENNE,JCNORDEST,FREAH,13:15,BEBMI
6331,2023-08-13,MARNE LA VALLEE CHESSY,NON,9874,16:48,NORD,LORRAINE TGV,JCNORDEST,FREAM,15:23,FRMLV
6332,2023-08-13,ANGERS ST LAUD,OUI,5224,14:44,NORD,NANTES,JCNORDBRET,FRNTE,14:05,FRACL
6333,2023-08-13,LILLE (intramuros),NON,5224,12:04,NORD,MASSY TGV,JCNORDBRET,FRDJU,09:32,FRADJ
6334,2023-08-13,LILLE (intramuros),NON,5224,14:44,NORD,NANTES,JCNORDBRET,FRNTE,09:32,FRADJ
6335,2023-08-13,MARNE LA VALLEE CHESSY,NON,5224,14:02,NORD,ANGERS ST LAUD,JCNORDBRET,FRACL,11:32,FRMLV
6336,2023-08-13,AEROPORT CDG2 TGV ROISSY,NON,5224,12:04,NORD,MASSY TGV,JCNORDBRET,FRDJU,11:19,FRMLW
6337,2023-08-13,ARRAS,NON,5224,11:28,NORD,MARNE LA VALLEE CHESSY,JCNORDBRET,FRMLV,10:19,FRQRV
6338,2023-08-13,DOUAI,OUI,5224,10:37,NORD,TGV HAUTE PICARDIE,JCNORDBRET,FRTHP,10:01,FRXDN
6339,2023-08-13,ARRAS,NON,5224,14:02,NORD,ANGERS ST LAUD,JCNORDBRET,FRACL,10:19,FRQRV
6340,2023-08-13,ARRAS,NON,5224,14:44,NORD,NANTES,JCNORDBRET,FRNTE,10:19,FRQRV
6341,2023-08-13,DOUAI,NON,5224,14:02,NORD,ANGERS ST LAUD,JCNORDBRET,FRACL,10:01,FRXDN
6342,2023-08-13,ST BRIEUC,OUI,8619,16:25,ATLANTIQUE,BREST,PARISBRETA,FRBES,15:16,FRSBK
6343,2023-08-13,PARIS (intramuros),NON,2833,19:04,EST,METZ VILLE,PAMETZLUX,FRADE,17:40,FRPST
6344,2023-08-13,DIJON VILLE,NON,9213,15:03,INTERNATIONAL,MULHOUSE VILLE,PABALZUR,FRAEK,14:01,FRABA
6345,2023-08-13,BREST,NON,8630,16:29,ATLANTIQUE,RENNES,BRETAPARIS,FRRNS,14:11,FRBES
6346,2023-08-13,BREST,OUI,8630,15:32,ATLANTIQUE,ST BRIEUC,BRETAPARIS,FRSBK,14:11,FRBES
6347,2023-08-13,LAMBALLE,NON,8630,18:09,ATLANTIQUE,PARIS (intramuros),BRETAPARIS,FRPMO,15:48,FRLAM
6348,2023-08-13,LUCON,NON,3831,11:10,IC SRO,JONZAC,NANTEBORDO,FREMR,09:00,FRLCN
6349,2023-08-13,LUCON,NON,3831,10:32,IC SRO,SAINTES,NANTEBORDO,FRXST,09:00,FRLCN
6350,2023-08-13,LA ROCHELLE VILLE,NON,3831,11:10,IC SRO,JONZAC,NANTEBORDO,FREMR,09:43,FRLRH
6351,2023-08-13,NANTES,NON,3831,12:07,IC SRO,BORDEAUX ST JEAN,NANTEBORDO,FRBOJ,07:55,FRNTE
6352,2023-08-13,NANTES,NON,3831,08:58,IC SRO,LUCON,NANTEBORDO,FRLCN,07:55,FRNTE
6353,2023-08-13,NANTES,NON,3831,10:03,IC SRO,ROCHEFORT,NANTEBORDO,FRRCO,07:55,FRNTE
6354,2023-08-13,LA ROCHE SUR YON,NON,3831,10:32,IC SRO,SAINTES,NANTEBORDO,FRXST,08:36,FRXRO
6355,2023-08-13,SAINTES,NON,3831,12:07,IC SRO,BORDEAUX ST JEAN,NANTEBORDO,FRBOJ,10:34,FRXST
6356,2023-08-13,PARIS (intramuros),NON,8985,19:54,ATLANTIQUE,SABLE SUR SARTHE,PARISLOIRE,FRSAB,18:48,FRPMO
6357,2023-08-13,PARIS (intramuros),NON,8985,21:50,ATLANTIQUE,LA ROCHE SUR YON,PARISLOIRE,FRXRO,18:48,FRPMO
6358,2023-08-13,SABLE SUR SARTHE,OUI,8985,22:19,ATLANTIQUE,LES SABLES D'OLONNE,PARISLOIRE,FRLSO,19:56,FRSAB
6359,2023-08-13,DIJON VILLE,NON,9898,10:34,EST,BESANCON - F COMTE TGV,JCRHONRHIN,FRTJB,10:08,FRABA
6360,2023-08-13,COLMAR,NON,9898,12:24,EST,STRASBOURG,JCRHONRHIN,FRAEG,11:52,FRAEJ
6361,2023-08-13,MULHOUSE VILLE,NON,9898,13:48,EST,THIONVILLE,JCRHONRHIN,FRXTH,11:24,FRAEK
6362,2023-08-13,NIMES,NON,9898,12:24,EST,STRASBOURG,JCRHONRHIN,FRAEG,06:54,FRFNI
6363,2023-08-13,NIMES,OUI,9898,07:39,EST,VALENCE TGV RHONE-ALPES SUD,JCRHONRHIN,FRVLA,06:54,FRFNI
6364,2023-08-13,NIMES,NON,9898,14:15,EST,LUXEMBOURG,JCRHONRHIN,LULUX,06:54,FRFNI
6365,2023-08-13,LYON (intramuros),NON,9898,12:24,EST,STRASBOURG,JCRHONRHIN,FRAEG,08:30,FRLPD
6366,2023-08-13,MONTPELLIER SAINT-ROCH,NON,9898,10:57,EST,BELFORT-MONTBELIARD TGV,JCRHONRHIN,FRTJA,06:27,FRMPL
6367,2023-08-13,BELFORT-MONTBELIARD TGV,NON,9898,11:21,EST,MULHOUSE VILLE,JCRHONRHIN,FRAEK,10:59,FRTJA
6368,2023-08-13,BELFORT-MONTBELIARD TGV,NON,9898,13:48,EST,THIONVILLE,JCRHONRHIN,FRXTH,10:59,FRTJA
6369,2023-08-13,BESANCON - F COMTE TGV,NON,9898,11:21,EST,MULHOUSE VILLE,JCRHONRHIN,FRAEK,10:36,FRTJB
6370,2023-08-13,VALENCE TGV RHONE-ALPES SUD,NON,9898,13:48,EST,THIONVILLE,JCRHONRHIN,FRXTH,07:44,FRVLA
6371,2023-08-13,THIONVILLE,OUI,9898,14:15,EST,LUXEMBOURG,JCRHONRHIN,LULUX,13:51,FRXTH
6372,2023-08-13,PAU,NON,14143,14:13,IC SRO,ORTHEZ,SUDOUEST,FRGFI,13:52,FRAEE
6373,2023-08-13,PAU,NON,14143,14:59,IC SRO,BAYONNE,SUDOUEST,FRXBY,13:52,FRAEE
6374,2023-08-13,ST GAUDENS,NON,14143,14:13,IC SRO,ORTHEZ,SUDOUEST,FRGFI,12:21,FRFPH
6375,2023-08-13,LOURDES,NON,14143,14:59,IC SRO,BAYONNE,SUDOUEST,FRXBY,13:24,FRLDE
6376,2023-08-13,TARBES,NON,14143,13:49,IC SRO,PAU,SUDOUEST,FRAEE,13:08,FRXTB
6377,2023-08-13,TOULOUSE MATABIAU,NON,14143,13:21,IC SRO,LOURDES,SUDOUEST,FRLDE,11:32,FRXYT
6378,2023-08-13,PARIS (intramuros),NON,9713,13:15,SUD EST,MONTPELLIER SAINT-ROCH,PABARCELONE,FRMPL,09:42,FRPLY
6379,2023-08-13,PARIS (intramuros),NON,9713,13:52,SUD EST,AGDE,PABARCELONE,FRXAG,09:42,FRPLY
6380,2023-08-13,VALENCE TGV RHONE-ALPES SUD,NON,9713,12:45,SUD EST,NIMES,PABARCELONE,FRFNI,12:00,FRVLA
6381,2023-08-13,VALENCE TGV RHONE-ALPES SUD,NON,9713,13:15,SUD EST,MONTPELLIER SAINT-ROCH,PABARCELONE,FRMPL,12:00,FRVLA
6382,2023-08-13,PERPIGNAN,NON,9713,15:27,SUD EST,FIGUERES VILA TGV,PABARCELONE,ESFIR,15:04,FRPGF
6383,2023-08-13,PARIS (intramuros),NON,9713,15:27,SUD EST,FIGUERES VILA TGV,PABARCELONE,ESFIR,09:42,FRPLY
6384,2023-08-13,NARBONNE,NON,9713,16:34,SUD EST,BARCELONA SANTS,PABARCELONE,ESBST,14:27,FRXNA
6385,2023-08-13,NARBONNE,NON,9713,15:46,SUD EST,GIRONA,PABARCELONE,ESGRO,14:27,FRXNA
6386,2023-08-13,AGDE,NON,9713,16:34,SUD EST,BARCELONA SANTS,PABARCELONE,ESBST,13:55,FRXAG
6387,2023-08-13,NIMES,NON,9713,15:27,SUD EST,FIGUERES VILA TGV,PABARCELONE,ESFIR,12:50,FRFNI
6388,2023-08-13,AGDE,NON,9713,15:27,SUD EST,FIGUERES VILA TGV,PABARCELONE,ESFIR,13:55,FRXAG
6389,2023-08-13,PARIS (intramuros),NON,6153,22:11,SUD EST,TOULON,PAAZUR,FRTLN,18:10,FRPLY
6390,2023-08-13,ST MALO,NON,8092,22:08,ATLANTIQUE,PARIS (intramuros),BRETAPARIS,FRPMO,19:37,FRXSB
6391,2023-08-13,BRUXELLES MIDI BRUSSEL ZUID,OUI,9870,11:05,NORD,STRASBOURG,JCNORDEST,FRAEG,07:17,BEBMI
6392,2023-08-13,CHAMPAGNE-ARDENNE,OUI,9870,11:05,NORD,STRASBOURG,JCNORDEST,FRAEG,09:34,FREAH
6393,2023-08-13,MEUSE TGV,OUI,9870,10:25,NORD,LORRAINE TGV,JCNORDEST,FREAM,10:07,FREAJ
6394,2023-08-13,LORRAINE TGV,OUI,9870,11:05,NORD,STRASBOURG,JCNORDEST,FRAEG,10:28,FREAM
6395,2023-08-13,LILLE (intramuros),OUI,9870,11:05,NORD,STRASBOURG,JCNORDEST,FRAEG,08:02,FRLLE
6396,2023-08-13,LILLE (intramuros),OUI,9870,09:28,NORD,CHAMPAGNE-ARDENNE,JCNORDEST,FREAH,08:02,FRLLE
6397,2023-08-13,AEROPORT CDG2 TGV ROISSY,OUI,9870,10:25,NORD,LORRAINE TGV,JCNORDEST,FREAM,08:59,FRMLW
6398,2023-08-13,AVIGNON TGV,NON,6173,14:38,SUD EST,ANTIBES,PAAZUR,FRXAT,12:05,FRAVG
6399,2023-08-13,CANNES,OUI,6173,14:57,SUD EST,NICE VILLE,PAAZUR,FRNIC,14:30,FRJCA
6400,2023-08-13,PARIS (intramuros),NON,6173,13:11,SUD EST,TOULON,PAAZUR,FRTLN,09:26,FRPLY
6401,2023-08-13,LE CROISIC,OUI,8928,18:48,ATLANTIQUE,NANTES,LOIREPARIS,FRNTE,17:39,FREGU
6402,2023-08-13,NANTES,OUI,8928,19:42,ATLANTIQUE,ANGERS ST LAUD,LOIREPARIS,FRACL,18:54,FRNTE
6403,2023-08-13,NANTES,OUI,8928,21:12,ATLANTIQUE,PARIS (intramuros),LOIREPARIS,FRPMO,18:54,FRNTE
6404,2023-08-13,LE CROISIC,OUI,8928,19:13,ATLANTIQUE,ANCENIS,LOIREPARIS,FREFN,17:39,FREGU
6405,2023-08-13,LAMBALLE,NON,8605,12:08,ATLANTIQUE,MORLAIX,PARISBRETA,FRMXN,11:11,FRLAM
6406,2023-08-13,PARIS (intramuros),NON,8605,11:08,ATLANTIQUE,LAMBALLE,PARISBRETA,FRLAM,08:40,FRPMO
6407,2023-08-13,PARIS (intramuros),NON,8605,10:25,ATLANTIQUE,RENNES,PARISBRETA,FRRNS,08:40,FRPMO
6408,2023-08-13,RENNES,NON,8605,11:08,ATLANTIQUE,LAMBALLE,PARISBRETA,FRLAM,10:32,FRRNS
6409,2023-08-13,ST BRIEUC,OUI,8605,12:08,ATLANTIQUE,MORLAIX,PARISBRETA,FRMXN,11:24,FRSBK
6410,2023-08-13,DAX,NON,8544,20:43,ATLANTIQUE,MASSY TGV,SUDOUESTPA,FRDJU,17:22,FRACG
6411,2023-08-13,HENDAYE,OUI,8544,16:29,ATLANTIQUE,BIARRITZ,SUDOUESTPA,FRBIQ,16:07,FRAEF
6412,2023-08-13,BIARRITZ,NON,8544,18:40,ATLANTIQUE,BORDEAUX ST JEAN,SUDOUESTPA,FRBOJ,16:32,FRBIQ
6413,2023-08-13,ST JEAN DE LUZ CIBOURE,OUI,8544,17:17,ATLANTIQUE,DAX,SUDOUESTPA,FRACG,16:19,FRXJZ
6414,2023-08-13,ST JEAN DE LUZ CIBOURE,NON,8544,18:40,ATLANTIQUE,BORDEAUX ST JEAN,SUDOUESTPA,FRBOJ,16:19,FRXJZ
6415,2023-08-13,BIARRITZ,NON,8544,20:43,ATLANTIQUE,MASSY TGV,SUDOUESTPA,FRDJU,16:32,FRBIQ
6416,2023-08-13,HENDAYE,NON,8544,20:43,ATLANTIQUE,MASSY TGV,SUDOUESTPA,FRDJU,16:07,FRAEF
6417,2023-08-13,LILLE (intramuros),OUI,5036,18:08,NORD,MARNE LA VALLEE CHESSY,JCNORDSUD,FRMLV,17:03,FRLLE
6418,2023-08-13,LYON (intramuros),OUI,5036,20:49,NORD,VALENCE TGV RHONE-ALPES SUD,JCNORDSUD,FRVLA,20:10,FRLPD
6419,2023-08-13,AEROPORT CDG2 TGV ROISSY,OUI,5036,21:39,NORD,NIMES,JCNORDSUD,FRFNI,17:59,FRMLW
6420,2023-08-13,AEROPORT CDG2 TGV ROISSY,OUI,5036,22:08,NORD,MONTPELLIER SAINT-ROCH,JCNORDSUD,FRMPL,17:59,FRMLW
6421,2023-08-13,VALENCE TGV RHONE-ALPES SUD,OUI,5036,21:39,NORD,NIMES,JCNORDSUD,FRFNI,20:54,FRVLA
6422,2023-08-13,LILLE (intramuros),NON,5026,14:00,NORD,LYON (intramuros),JCNORDSUD,FRLPD,11:04,FRLLE
6423,2023-08-13,MASSY TGV,NON,9838,21:01,NORD,LAVAL,JCNORDBRET,FRACR,19:39,FRDJU
6424,2023-08-13,MASSY TGV,NON,9838,20:29,NORD,LE MANS,JCNORDBRET,FRAET,19:39,FRDJU
6425,2023-08-13,LILLE (intramuros),NON,9838,19:34,NORD,MASSY TGV,JCNORDBRET,FRDJU,17:40,FRLLE
6426,2023-08-13,MARNE LA VALLEE CHESSY,NON,9838,21:29,NORD,RENNES,JCNORDBRET,FRRNS,19:02,FRMLV
6427,2023-08-13,AEROPORT CDG2 TGV ROISSY,NON,9838,21:01,NORD,LAVAL,JCNORDBRET,FRACR,18:49,FRMLW
6428,2023-08-13,AEROPORT CDG2 TGV ROISSY,NON,9838,19:34,NORD,MASSY TGV,JCNORDBRET,FRDJU,18:49,FRMLW
6429,2023-08-13,TGV HAUTE PICARDIE,NON,9838,18:58,NORD,MARNE LA VALLEE CHESSY,JCNORDBRET,FRMLV,18:15,FRTHP
6430,2023-08-13,TGV HAUTE PICARDIE,NON,9838,20:29,NORD,LE MANS,JCNORDBRET,FRAET,18:15,FRTHP
6431,2023-08-13,TGV HAUTE PICARDIE,NON,9838,21:01,NORD,LAVAL,JCNORDBRET,FRACR,18:15,FRTHP
6432,2023-08-13,ARRAS,OUI,7144,22:08,NORD,PARIS (intramuros),ARRASPA,FRPNO,21:18,FRQRV
6433,2023-08-13,BEZIERS,OUI,6254,09:20,SUD EST,SETE,LANGPA,FRXSY,08:53,FRBZR
6434,2023-08-13,PERPIGNAN,NON,6254,13:04,SUD EST,PARIS (intramuros),LANGPA,FRPLY,07:58,FRPGF
6435,2023-08-13,PERPIGNAN,OUI,6254,09:20,SUD EST,SETE,LANGPA,FRXSY,07:58,FRPGF
6436,2023-08-13,AGDE,NON,6254,13:04,SUD EST,PARIS (intramuros),LANGPA,FRPLY,09:07,FRXAG
6437,2023-08-13,AGDE,OUI,6254,09:20,SUD EST,SETE,LANGPA,FRXSY,09:07,FRXAG
6438,2023-08-13,NARBONNE,OUI,6254,08:50,SUD EST,BEZIERS,LANGPA,FRBZR,08:36,FRXNA
6439,2023-08-13,NARBONNE,NON,6254,10:41,SUD EST,VALENCE TGV RHONE-ALPES SUD,LANGPA,FRVLA,08:36,FRXNA
6440,2023-08-13,SETE,NON,6254,13:04,SUD EST,PARIS (intramuros),LANGPA,FRPLY,09:23,FRXSY
6441,2023-08-13,BEZIERS,OUI,6254,09:39,SUD EST,MONTPELLIER SUD DE FRANCE,LANGPA,FRSUF,08:53,FRBZR
6442,2023-08-13,PERPIGNAN,NON,6254,10:01,SUD EST,NIMES PONT DU GARD,LANGPA,FRXZP,07:58,FRPGF
6443,2023-08-13,AGDE,NON,6254,10:01,SUD EST,NIMES PONT DU GARD,LANGPA,FRXZP,09:07,FRXAG
6444,2023-08-13,BORDEAUX ST JEAN,OUI,8475,18:10,ATLANTIQUE,ARCACHON,PASUDOUEST,FRXAC,17:25,FRBOJ
6445,2023-08-13,LUXEMBOURG,OUI,2870,14:53,EST,METZ VILLE,LUXMETZPA,FRADE,14:10,LULUX
6446,2023-08-13,LUXEMBOURG,NON,2870,16:31,EST,PARIS (intramuros),LUXMETZPA,FRPST,14:10,LULUX
6447,2023-08-13,DAX,OUI,8583,15:40,ATLANTIQUE,BORDEAUX ST JEAN,SUDOUESTPA,FRBOJ,14:19,FRACG
6448,2023-08-13,DAX,NON,8583,17:52,ATLANTIQUE,PARIS (intramuros),SUDOUESTPA,FRPMO,14:19,FRACG
6449,2023-08-13,PAU,OUI,8583,14:10,ATLANTIQUE,DAX,SUDOUESTPA,FRACG,13:16,FRAEE
6450,2023-08-13,LOURDES,OUI,8583,13:13,ATLANTIQUE,PAU,SUDOUESTPA,FRAEE,12:46,FRLDE
6451,2023-08-13,TARBES,OUI,8583,15:40,ATLANTIQUE,BORDEAUX ST JEAN,SUDOUESTPA,FRBOJ,12:21,FRXTB
6452,2023-08-13,BRUXELLES MIDI BRUSSEL ZUID,NON,9844,19:54,NORD,AEROPORT CDG2 TGV ROISSY,JCNORDSUD,FRMLW,18:17,BEBMI
6453,2023-08-13,MARNE LA VALLEE CHESSY,OUI,9844,22:18,NORD,LYON (intramuros),JCNORDSUD,FRLPE,20:13,FRMLV
6454,2023-08-13,BORDEAUX ST JEAN,OUI,8454,21:49,ATLANTIQUE,ANGOULEME,SUDOUESTPA,FRANG,21:14,FRBOJ
6455,2023-08-13,POITIERS,OUI,8454,23:12,ATLANTIQUE,ST PIERRE DES CORPS,SUDOUESTPA,FRXSH,22:41,FRPIS
6456,2023-08-13,PAU,NON,14142,13:30,IC SRO,MONTREJEAU GOURDAN POLIGNAN,SUDOUEST,FRMTJ,12:12,FRAEE
6457,2023-08-13,HENDAYE,NON,14142,12:09,IC SRO,PAU,SUDOUEST,FRAEE,10:19,FRAEF
6458,2023-08-13,HENDAYE,NON,14142,11:46,IC SRO,ORTHEZ,SUDOUEST,FRGFI,10:19,FRAEF
6459,2023-08-13,HENDAYE,NON,14142,12:37,IC SRO,LOURDES,SUDOUEST,FRLDE,10:19,FRAEF
6460,2023-08-13,HENDAYE,NON,14142,13:30,IC SRO,MONTREJEAU GOURDAN POLIGNAN,SUDOUEST,FRMTJ,10:19,FRAEF
6461,2023-08-13,HENDAYE,NON,14142,10:52,IC SRO,BAYONNE,SUDOUEST,FRXBY,10:19,FRAEF
6462,2023-08-13,BIARRITZ,NON,14142,12:09,IC SRO,PAU,SUDOUEST,FRAEE,10:40,FRBIQ
6463,2023-08-13,ORTHEZ,NON,14142,12:09,IC SRO,PAU,SUDOUEST,FRAEE,11:48,FRGFI
6464,2023-08-13,LOURDES,NON,14142,12:53,IC SRO,TARBES,SUDOUEST,FRXTB,12:40,FRLDE
6465,2023-08-13,BAYONNE,NON,14142,13:30,IC SRO,MONTREJEAU GOURDAN POLIGNAN,SUDOUEST,FRMTJ,11:02,FRXBY
6466,2023-08-13,ST JEAN DE LUZ CIBOURE,NON,14142,12:09,IC SRO,PAU,SUDOUEST,FRAEE,10:30,FRXJZ
6467,2023-08-13,STRASBOURG,NON,5454,16:04,EST,AEROPORT CDG2 TGV ROISSY,JCESTATL,FRMLW,14:01,FRAEG
6468,2023-08-13,MASSY TGV,NON,5454,18:06,EST,ST PIERRE DES CORPS,JCESTATL,FRXSH,17:10,FRDJU
6469,2023-08-13,CHAMPAGNE-ARDENNE,NON,5454,16:27,EST,MARNE LA VALLEE CHESSY,JCESTATL,FRMLV,15:34,FREAH
6470,2023-08-13,CHAMPAGNE-ARDENNE,NON,5454,18:06,EST,ST PIERRE DES CORPS,JCESTATL,FRXSH,15:34,FREAH
6471,2023-08-13,LORRAINE TGV,NON,5454,16:04,EST,AEROPORT CDG2 TGV ROISSY,JCESTATL,FRMLW,14:39,FREAM
6472,2023-08-13,MARNE LA VALLEE CHESSY,NON,5454,18:06,EST,ST PIERRE DES CORPS,JCESTATL,FRXSH,16:32,FRMLV
6473,2023-08-13,AEROPORT CDG2 TGV ROISSY,NON,5454,19:22,EST,ANGOULEME,JCESTATL,FRANG,16:18,FRMLW
6474,2023-08-13,ST PIERRE DES CORPS,NON,5454,19:22,EST,ANGOULEME,JCESTATL,FRANG,18:10,FRXSH
6475,2023-08-13,PARIS (intramuros),OUI,8437,11:07,ATLANTIQUE,ST PIERRE DES CORPS,PASUDOUEST,FRXSH,10:03,FRPMO
6476,2023-08-13,ST PIERRE DES CORPS,NON,8437,12:23,ATLANTIQUE,ANGOULEME,PASUDOUEST,FRANG,11:11,FRXSH
6477,2023-08-13,DOL DE BRETAGNE,NON,8088,19:01,ATLANTIQUE,LAVAL,BRETAPARIS,FRACR,17:58,FRDOL
6478,2023-08-13,CARCASSONNE,NON,4762,19:32,IC ARO,BORDEAUX ST JEAN,TJOURSESO,FRBOJ,16:33,FRCCF
6479,2023-08-13,CARCASSONNE,NON,4762,17:49,IC ARO,MONTAUBAN VILLE BOURBON,TJOURSESO,FRXMW,16:33,FRCCF
6480,2023-08-13,NIMES,NON,4762,15:43,IC ARO,BEZIERS,TJOURSESO,FRBZR,14:38,FRFNI
6481,2023-08-13,NIMES,NON,4762,15:02,IC ARO,MONTPELLIER SAINT-ROCH,TJOURSESO,FRMPL,14:38,FRFNI
6482,2023-08-13,NIMES,NON,4762,17:49,IC ARO,MONTAUBAN VILLE BOURBON,TJOURSESO,FRXMW,14:38,FRFNI
6483,2023-08-13,MONTPELLIER SAINT-ROCH,NON,4762,18:26,IC ARO,AGEN,TJOURSESO,FRAGF,15:06,FRMPL
6484,2023-08-13,MONTPELLIER SAINT-ROCH,NON,4762,15:59,IC ARO,NARBONNE,TJOURSESO,FRXNA,15:06,FRMPL
6485,2023-08-13,MONTPELLIER SAINT-ROCH,NON,4762,17:18,IC ARO,TOULOUSE MATABIAU,TJOURSESO,FRXYT,15:06,FRMPL
6486,2023-08-13,MARSEILLE ST CHARLES,NON,4762,19:32,IC ARO,BORDEAUX ST JEAN,TJOURSESO,FRBOJ,13:23,FRMSC
6487,2023-08-13,MARSEILLE ST CHARLES,NON,4762,15:59,IC ARO,NARBONNE,TJOURSESO,FRXNA,13:23,FRMSC
6488,2023-08-13,MARSEILLE ST CHARLES,NON,4762,17:18,IC ARO,TOULOUSE MATABIAU,TJOURSESO,FRXYT,13:23,FRMSC
6489,2023-08-13,MONTAUBAN VILLE BOURBON,OUI,4762,18:26,IC ARO,AGEN,TJOURSESO,FRAGF,17:51,FRXMW
6490,2023-08-13,NARBONNE,NON,4762,18:26,IC ARO,AGEN,TJOURSESO,FRAGF,16:02,FRXNA
6491,2023-08-13,NARBONNE,NON,4762,17:49,IC ARO,MONTAUBAN VILLE BOURBON,TJOURSESO,FRXMW,16:02,FRXNA
6492,2023-08-13,NIMES,NON,5062,10:10,NORD,VALENCE TGV RHONE-ALPES SUD,JCSUDNORD,FRVLA,09:25,FRFNI
6493,2023-08-13,LYON (intramuros),NON,5062,13:55,NORD,ARRAS,JCSUDNORD,FRQRV,11:00,FRLPD
6494,2023-08-13,MARNE LA VALLEE CHESSY,NON,5062,13:01,NORD,AEROPORT CDG2 TGV ROISSY,JCSUDNORD,FRMLW,12:51,FRMLV
6495,2023-08-13,AEROPORT CDG2 TGV ROISSY,NON,5062,13:34,NORD,TGV HAUTE PICARDIE,JCSUDNORD,FRTHP,13:07,FRMLW
6496,2023-08-13,MONTPELLIER SAINT-ROCH,NON,5062,13:55,NORD,ARRAS,JCSUDNORD,FRQRV,08:57,FRMPL
6497,2023-08-13,VALENCE TGV RHONE-ALPES SUD,NON,5062,13:34,NORD,TGV HAUTE PICARDIE,JCSUDNORD,FRTHP,10:15,FRVLA
6498,2023-08-13,MARSEILLE ST CHARLES,OUI,6132,19:15,SUD EST,AIX EN PROVENCE TGV,PROVENCEPA,FRAIE,19:04,FRMSC
6499,2023-08-13,GUINGAMP,NON,8646,23:08,ATLANTIQUE,PARIS (intramuros),BRETAPARIS,FRPMO,20:24,FRGGP
6500,2023-08-13,MORLAIX,NON,8646,21:29,ATLANTIQUE,RENNES,BRETAPARIS,FRRNS,19:55,FRMXN
6501,2023-08-13,ST BRIEUC,NON,8646,21:29,ATLANTIQUE,RENNES,BRETAPARIS,FRRNS,20:41,FRSBK
6502,2023-08-13,PARIS (intramuros),OUI,7371,16:04,NORD,DUNKERQUE,PAARRAS,FRADI,13:52,FRPNO
6503,2023-08-13,LYON (intramuros),OUI,6634,21:45,SUD EST,LE CREUSOT MONTCEAU MONTCHANIN,RHONEPARIS,FRXCC,21:03,FRLPD
6504,2023-08-13,AGEN,NON,8504,12:52,ATLANTIQUE,PARIS (intramuros),SUDOUESTPA,FRPMO,09:35,FRAGF
6505,2023-08-13,BORDEAUX ST JEAN,NON,8504,12:52,ATLANTIQUE,PARIS (intramuros),SUDOUESTPA,FRPMO,10:46,FRBOJ
6506,2023-08-13,MONTAUBAN VILLE BOURBON,OUI,8504,10:40,ATLANTIQUE,BORDEAUX ST JEAN,SUDOUESTPA,FRBOJ,08:57,FRXMW
6507,2023-08-13,TOULOUSE MATABIAU,OUI,8504,08:54,ATLANTIQUE,MONTAUBAN VILLE BOURBON,SUDOUESTPA,FRXMW,08:28,FRXYT
6508,2023-08-13,PARIS (intramuros),NON,9715,18:31,SUD EST,SETE,PABARCELONE,FRXSY,14:56,FRPLY
6509,2023-08-13,VALENCE TGV RHONE-ALPES SUD,NON,9715,19:56,SUD EST,PERPIGNAN,PABARCELONE,FRPGF,17:09,FRVLA
6510,2023-08-13,AGDE,NON,9715,19:03,SUD EST,BEZIERS,PABARCELONE,FRBZR,18:51,FRXAG
6511,2023-08-13,NARBONNE,NON,9715,19:56,SUD EST,PERPIGNAN,PABARCELONE,FRPGF,19:23,FRXNA
6512,2023-08-13,SETE,NON,9715,18:48,SUD EST,AGDE,PABARCELONE,FRXAG,18:34,FRXSY
6513,2023-08-13,PARIS (intramuros),NON,9715,21:25,SUD EST,BARCELONA SANTS,PABARCELONE,ESBST,14:56,FRPLY
6514,2023-08-13,NIMES PONT DU GARD,NON,9715,19:56,SUD EST,PERPIGNAN,PABARCELONE,FRPGF,17:49,FRXZP
6515,2023-08-13,NIMES PONT DU GARD,NON,9715,18:48,SUD EST,AGDE,PABARCELONE,FRXAG,17:49,FRXZP
6516,2023-08-13,NIMES PONT DU GARD,NON,9715,18:08,SUD EST,MONTPELLIER SUD DE FRANCE,PABARCELONE,FRSUF,17:49,FRXZP
6517,2023-08-13,VALENCE TGV RHONE-ALPES SUD,NON,9715,21:25,SUD EST,BARCELONA SANTS,PABARCELONE,ESBST,17:09,FRVLA
6518,2023-08-13,VALENCE TGV RHONE-ALPES SUD,NON,9715,20:44,SUD EST,GIRONA,PABARCELONE,ESGRO,17:09,FRVLA
6519,2023-08-13,PERPIGNAN,NON,9715,20:44,SUD EST,GIRONA,PABARCELONE,ESGRO,20:03,FRPGF
6520,2023-08-13,NIMES PONT DU GARD,NON,9715,21:25,SUD EST,BARCELONA SANTS,PABARCELONE,ESBST,17:49,FRXZP
6521,2023-08-13,SETE,NON,9715,21:25,SUD EST,BARCELONA SANTS,PABARCELONE,ESBST,18:34,FRXSY
6522,2023-08-13,BEZIERS,NON,9715,20:44,SUD EST,GIRONA,PABARCELONE,ESGRO,19:06,FRBZR
6523,2023-08-13,SETE,NON,9715,20:44,SUD EST,GIRONA,PABARCELONE,ESGRO,18:34,FRXSY
6524,2023-08-13,MONTPELLIER SUD DE FRANCE,NON,9715,20:27,SUD EST,FIGUERES VILA TGV,PABARCELONE,ESFIR,18:17,FRSUF
6525,2023-08-13,PARIS (intramuros),NON,6711,20:31,SUD EST,DIJON VILLE,PABOUR,FRABA,18:52,FRPLY
6526,2023-08-13,PARIS (intramuros),NON,8303,13:45,ATLANTIQUE,TOURS,PAROCHELLE,FRAFW,12:28,FRPMO
6527,2023-08-13,NANTES,NON,3837,18:58,IC SRO,LUCON,NANTEBORDO,FRLCN,17:55,FRNTE
6528,2023-08-13,ROCHEFORT,NON,3837,22:08,IC SRO,BORDEAUX ST JEAN,NANTEBORDO,FRBOJ,20:05,FRRCO
6529,2023-08-13,ROCHEFORT,NON,3837,21:10,IC SRO,JONZAC,NANTEBORDO,FREMR,20:05,FRRCO
6530,2023-08-13,LA ROCHE SUR YON,NON,3837,19:39,IC SRO,LA ROCHELLE VILLE,NANTEBORDO,FRLRH,18:36,FRXRO
6531,2023-08-13,LA ROCHE SUR YON,NON,3837,20:32,IC SRO,SAINTES,NANTEBORDO,FRXST,18:36,FRXRO
6532,2023-08-13,METZ VILLE,NON,9879,15:11,EST,DIJON VILLE,JCRHINRHON,FRABA,12:12,FRADE
6533,2023-08-13,STRASBOURG,NON,9879,13:54,EST,MULHOUSE VILLE,JCRHINRHON,FRAEK,13:06,FRAEG
6534,2023-08-13,STRASBOURG,NON,9879,17:50,EST,VALENCE TGV RHONE-ALPES SUD,JCRHINRHON,FRVLA,13:06,FRAEG
6535,2023-08-13,MULHOUSE VILLE,NON,9879,16:56,EST,LYON (intramuros),JCRHINRHON,FRLPD,13:57,FRAEK
6536,2023-08-13,MULHOUSE VILLE,NON,9879,14:41,EST,BESANCON - F COMTE TGV,JCRHINRHON,FRTJB,13:57,FRAEK
6537,2023-08-13,MACON VILLE,NON,9879,17:50,EST,VALENCE TGV RHONE-ALPES SUD,JCRHINRHON,FRVLA,16:21,FRHGU
6538,2023-08-13,BELFORT-MONTBELIARD TGV,NON,9879,15:11,EST,DIJON VILLE,JCRHINRHON,FRABA,14:21,FRTJA
6539,2023-08-13,BELFORT-MONTBELIARD TGV,NON,9879,16:18,EST,MACON VILLE,JCRHINRHON,FRHGU,14:21,FRTJA
6540,2023-08-13,BESANCON - F COMTE TGV,NON,9879,15:11,EST,DIJON VILLE,JCRHINRHON,FRABA,14:44,FRTJB
6541,2023-08-13,LUXEMBOURG,OUI,9879,13:00,EST,STRASBOURG,JCRHINRHON,FRAEG,11:24,LULUX
6542,2023-08-13,LUXEMBOURG,OUI,9879,11:45,EST,THIONVILLE,JCRHINRHON,FRXTH,11:24,LULUX
6543,2023-08-13,LYON (intramuros),NON,9879,18:53,EST,MONTPELLIER SUD DE FRANCE,JCRHINRHON,FRSUF,17:10,FRLPD
6544,2023-08-13,MACON VILLE,NON,9879,18:53,EST,MONTPELLIER SUD DE FRANCE,JCRHINRHON,FRSUF,16:21,FRHGU
6545,2023-08-13,THIONVILLE,NON,9879,18:53,EST,MONTPELLIER SUD DE FRANCE,JCRHINRHON,FRSUF,11:48,FRXTH
6546,2023-08-13,THIONVILLE,NON,9879,18:31,EST,NIMES PONT DU GARD,JCRHINRHON,FRXZP,11:48,FRXTH
6547,2023-08-13,NIMES PONT DU GARD,OUI,9879,18:53,EST,MONTPELLIER SUD DE FRANCE,JCRHINRHON,FRSUF,18:34,FRXZP
6548,2023-08-13,DIJON VILLE,OUI,2242,15:24,EST,COLMAR,JCRHONRHIN,FRAEJ,13:37,FRABA
6549,2023-08-13,AIX EN PROVENCE TGV,NON,2242,15:24,EST,COLMAR,JCRHONRHIN,FRAEJ,09:58,FRAIE
6550,2023-08-13,AIX EN PROVENCE TGV,NON,2242,10:17,EST,AVIGNON TGV,JCRHONRHIN,FRAVG,09:58,FRAIE
6551,2023-08-13,AVIGNON TGV,NON,2242,13:25,EST,DIJON VILLE,JCRHONRHIN,FRABA,10:20,FRAVG
6552,2023-08-13,AVIGNON TGV,NON,2242,12:09,EST,MACON VILLE,JCRHONRHIN,FRHGU,10:20,FRAVG
6553,2023-08-13,AVIGNON TGV,NON,2242,11:26,EST,LYON (intramuros),JCRHONRHIN,FRLPD,10:20,FRAVG
6554,2023-08-13,MACON VILLE,NON,2242,13:25,EST,DIJON VILLE,JCRHONRHIN,FRABA,12:12,FRHGU
6555,2023-08-13,MACON VILLE,NON,2242,15:24,EST,COLMAR,JCRHONRHIN,FRAEJ,12:12,FRHGU
6556,2023-08-13,MACON VILLE,NON,2242,14:55,EST,MULHOUSE VILLE,JCRHONRHIN,FRAEK,12:12,FRHGU
6557,2023-08-13,MACON VILLE,NON,2242,14:30,EST,BELFORT-MONTBELIARD TGV,JCRHONRHIN,FRTJA,12:12,FRHGU
6558,2023-08-13,MACON VILLE,NON,2242,14:06,EST,BESANCON - F COMTE TGV,JCRHONRHIN,FRTJB,12:12,FRHGU
6559,2023-08-13,MACON VILLE,NON,2242,13:03,EST,BEAUNE,JCRHONRHIN,FRXBV,12:12,FRHGU
6560,2023-08-13,CANNES,NON,2242,11:26,EST,LYON (intramuros),JCRHONRHIN,FRLPD,07:30,FRJCA
6561,2023-08-13,CANNES,NON,2242,12:41,EST,CHALON SUR SAONE,JCRHONRHIN,FRXCD,07:30,FRJCA
6562,2023-08-13,LYON (intramuros),NON,2242,15:54,EST,STRASBOURG,JCRHONRHIN,FRAEG,11:32,FRLPD
6563,2023-08-13,LYON (intramuros),NON,2242,14:06,EST,BESANCON - F COMTE TGV,JCRHONRHIN,FRTJB,11:32,FRLPD
6564,2023-08-13,MARSEILLE ST CHARLES,NON,2242,15:24,EST,COLMAR,JCRHONRHIN,FRAEJ,09:45,FRMSC
6565,2023-08-13,MARSEILLE ST CHARLES,NON,2242,14:55,EST,MULHOUSE VILLE,JCRHONRHIN,FRAEK,09:45,FRMSC
6566,2023-08-13,MARSEILLE ST CHARLES,NON,2242,14:30,EST,BELFORT-MONTBELIARD TGV,JCRHONRHIN,FRTJA,09:45,FRMSC
6567,2023-08-13,MARSEILLE ST CHARLES,NON,2242,13:03,EST,BEAUNE,JCRHONRHIN,FRXBV,09:45,FRMSC
6568,2023-08-13,NICE VILLE,NON,2242,09:55,EST,AIX EN PROVENCE TGV,JCRHONRHIN,FRAIE,07:00,FRNIC
6569,2023-08-13,BELFORT-MONTBELIARD TGV,OUI,2242,14:55,EST,MULHOUSE VILLE,JCRHONRHIN,FRAEK,14:33,FRTJA
6570,2023-08-13,BESANCON - F COMTE TGV,OUI,2242,15:24,EST,COLMAR,JCRHONRHIN,FRAEJ,14:09,FRTJB
6571,2023-08-13,TOULON,NON,2242,13:25,EST,DIJON VILLE,JCRHONRHIN,FRABA,08:50,FRTLN
6572,2023-08-13,TOULON,NON,2242,09:55,EST,AIX EN PROVENCE TGV,JCRHONRHIN,FRAIE,08:50,FRTLN
6573,2023-08-13,TOULON,NON,2242,13:03,EST,BEAUNE,JCRHONRHIN,FRXBV,08:50,FRTLN
6574,2023-08-13,ANTIBES,NON,2242,14:55,EST,MULHOUSE VILLE,JCRHONRHIN,FRAEK,07:16,FRXAT
6575,2023-08-13,ANTIBES,NON,2242,09:55,EST,AIX EN PROVENCE TGV,JCRHONRHIN,FRAIE,07:16,FRXAT
6576,2023-08-13,ANTIBES,NON,2242,12:09,EST,MACON VILLE,JCRHONRHIN,FRHGU,07:16,FRXAT
6577,2023-08-13,BEAUNE,NON,2242,13:25,EST,DIJON VILLE,JCRHONRHIN,FRABA,13:06,FRXBV
6578,2023-08-13,CHALON SUR SAONE,NON,2242,15:54,EST,STRASBOURG,JCRHONRHIN,FRAEG,12:44,FRXCD
6579,2023-08-13,CHALON SUR SAONE,NON,2242,15:24,EST,COLMAR,JCRHONRHIN,FRAEJ,12:44,FRXCD
6580,2023-08-13,LES ARCS DRAGUIGNAN,NON,2242,13:03,EST,BEAUNE,JCRHONRHIN,FRXBV,08:12,FRXRS
6581,2023-08-13,ST RAPHAEL VALESCURE,NON,2242,15:24,EST,COLMAR,JCRHONRHIN,FRAEJ,07:55,FRXSK
6582,2023-08-13,ST RAPHAEL VALESCURE,NON,2242,09:55,EST,AIX EN PROVENCE TGV,JCRHONRHIN,FRAIE,07:55,FRXSK
6583,2023-08-13,ST RAPHAEL VALESCURE,NON,2242,13:03,EST,BEAUNE,JCRHONRHIN,FRXBV,07:55,FRXSK
6584,2023-08-13,TOULON,NON,2242,14:30,EST,BELFORT-MONTBELIARD TGV,JCRHONRHIN,FRTJA,08:50,FRTLN
6585,2023-08-13,ST RAPHAEL VALESCURE,NON,2242,14:06,EST,BESANCON - F COMTE TGV,JCRHONRHIN,FRTJB,07:55,FRXSK
6586,2023-08-13,BORDEAUX ST JEAN,OUI,9406,09:04,EST,ANGOULEME,JCATLEST,FRANG,08:29,FRBOJ
6587,2023-08-13,MASSY TGV,NON,9406,12:11,EST,AEROPORT CDG2 TGV ROISSY,JCATLEST,FRMLW,11:26,FRDJU
6588,2023-08-13,MEUSE TGV,NON,9406,14:29,EST,STRASBOURG,JCATLEST,FRAEG,13:30,FREAJ
6589,2023-08-13,LORRAINE TGV,OUI,9406,14:29,EST,STRASBOURG,JCATLEST,FRAEG,13:52,FREAM
6590,2023-08-13,MARNE LA VALLEE CHESSY,NON,9406,13:23,EST,MEUSE TGV,JCATLEST,FREAJ,12:01,FRMLV
6591,2023-08-13,OFFENBOURG/OFFENBURG,OUI,9406,15:17,EST,RINGSHEIM/EU-PARK,JCATLEST,DERSH,14:56,DEZPA
6592,2023-08-13,BORDEAUX ST JEAN,NON,9406,15:17,EST,RINGSHEIM/EU-PARK,JCATLEST,DERSH,08:29,FRBOJ
6593,2023-08-13,LORRAINE TGV,OUI,9406,15:17,EST,RINGSHEIM/EU-PARK,JCATLEST,DERSH,13:52,FREAM
6594,2023-08-13,ANGOULEME,NON,9406,14:55,EST,OFFENBOURG/OFFENBURG,JCATLEST,DEZPA,09:07,FRANG
6595,2023-08-13,ANGOULEME,NON,9406,15:43,EST,FREIBURG BREISGAU HBF,JCATLEST,DEFGB,09:07,FRANG
6596,2023-08-13,CHAMPAGNE-ARDENNE,NON,9406,15:43,EST,FREIBURG BREISGAU HBF,JCATLEST,DEFGB,12:58,FREAH
6597,2023-08-13,LORRAINE TGV,OUI,9406,14:55,EST,OFFENBOURG/OFFENBURG,JCATLEST,DEZPA,13:52,FREAM
6598,2023-08-13,MARNE LA VALLEE CHESSY,NON,9406,15:17,EST,RINGSHEIM/EU-PARK,JCATLEST,DERSH,12:01,FRMLV
6599,2023-08-13,MEUSE TGV,NON,9406,14:55,EST,OFFENBOURG/OFFENBURG,JCATLEST,DEZPA,13:30,FREAJ
6600,2023-08-13,MEUSE TGV,NON,9406,15:43,EST,FREIBURG BREISGAU HBF,JCATLEST,DEFGB,13:30,FREAJ
6601,2023-08-13,CHAMBERY CHALLES LES EAUX,OUI,6984,22:17,SUD EST,PARIS (intramuros),ALPESPARIS,FRPLY,19:22,FRCMF
6602,2023-08-13,MACON LOCHE TGV,OUI,6984,22:17,SUD EST,PARIS (intramuros),ALPESPARIS,FRPLY,20:46,FRMLT
6603,2023-08-13,ANNECY,OUI,6984,19:09,SUD EST,CHAMBERY CHALLES LES EAUX,ALPESPARIS,FRCMF,18:31,FRNCY
6604,2023-08-13,ST PIERRE DES CORPS,OUI,8318,17:43,ATLANTIQUE,VENDOME VILLIERS SUR LOIR,ROCHELLEPA,FRESL,17:24,FRXSH
6605,2023-08-13,BORDEAUX ST JEAN,NON,8537,13:38,ATLANTIQUE,DAX,PASUDOUEST,FRACG,12:20,FRBOJ
6606,2023-08-13,BORDEAUX ST JEAN,NON,8537,14:55,ATLANTIQUE,HENDAYE,PASUDOUEST,FRAEF,12:20,FRBOJ
6607,2023-08-13,PARIS (intramuros),NON,8537,14:25,ATLANTIQUE,BIARRITZ,PASUDOUEST,FRBIQ,10:08,FRPMO
6608,2023-08-13,PARIS (intramuros),NON,8537,12:14,ATLANTIQUE,BORDEAUX ST JEAN,PASUDOUEST,FRBOJ,10:08,FRPMO
6609,2023-08-13,PARIS (intramuros),NON,8537,14:13,ATLANTIQUE,BAYONNE,PASUDOUEST,FRXBY,10:08,FRPMO
6610,2023-08-13,BAYONNE,OUI,8537,14:41,ATLANTIQUE,ST JEAN DE LUZ CIBOURE,PASUDOUEST,FRXJZ,14:16,FRXBY
6611,2023-08-13,PARIS (intramuros),NON,6609,11:56,SUD EST,LYON (intramuros),PARISRHONE,FRLPD,10:00,FRPLY
6612,2023-08-13,PARIS (intramuros),NON,8083,12:01,ATLANTIQUE,DOL DE BRETAGNE,PARISBRETA,FRDOL,09:54,FRPMO
6613,2023-08-13,RENNES,OUI,8083,12:17,ATLANTIQUE,ST MALO,PARISBRETA,FRXSB,11:30,FRRNS
6614,2023-08-13,RENNES,OUI,8074,17:46,ATLANTIQUE,LE MANS,BRETAPARIS,FRAET,16:31,FRRNS
6615,2023-08-13,VITRE,NON,8074,18:49,ATLANTIQUE,PARIS (intramuros),BRETAPARIS,FRPMO,16:58,FRXVT
6616,2023-08-13,REIMS,OUI,2754,18:01,EST,PARIS (intramuros),SEDBARPA,FRPST,17:15,FRRHE
6617,2023-08-13,CHARLEVILLE MEZIERES,OUI,2754,17:09,EST,REIMS,SEDBARPA,FRRHE,16:17,FRXCZ
6618,2023-08-13,MEUSE TGV,NON,2407,09:59,EST,STRASBOURG,PASTRAMULH,FRAEG,09:08,FREAJ
6619,2023-08-13,SAUMUR,NON,4504,17:52,IC SRO,ANGERS ST LAUD,JOURLYNNTE,FRACL,17:31,FRACN
6620,2023-08-13,LYON (intramuros),NON,4504,15:28,IC SRO,BOURGES,JOURLYNNTE,FRBOU,12:00,FRLPD
6621,2023-08-13,LYON (intramuros),NON,4504,14:36,IC SRO,NEVERS,JOURLYNNTE,FRNVS,12:00,FRLPD
6622,2023-08-13,LYON (intramuros),NON,4504,13:03,IC SRO,ROANNE,JOURLYNNTE,FRRNE,12:00,FRLPD
6623,2023-08-13,LYON (intramuros),NON,4504,17:52,IC SRO,ANGERS ST LAUD,JOURLYNNTE,FRACL,11:47,FRLPE
6624,2023-08-13,ROANNE,NON,4504,14:36,IC SRO,NEVERS,JOURLYNNTE,FRNVS,13:06,FRRNE
6625,2023-08-13,ST GERMAIN DES FOSSES,NON,4504,17:29,IC SRO,SAUMUR,JOURLYNNTE,FRACN,13:45,FRSGF
6626,2023-08-13,ST GERMAIN DES FOSSES,NON,4504,18:38,IC SRO,NANTES,JOURLYNNTE,FRNTE,13:45,FRSGF
6627,2023-08-13,MOULINS SUR ALLIER,NON,4504,15:49,IC SRO,VIERZON VILLE,JOURLYNNTE,FRXVZ,14:07,FRXMU
6628,2023-08-13,VIERZON VILLE,NON,4504,17:52,IC SRO,ANGERS ST LAUD,JOURLYNNTE,FRACL,15:51,FRXVZ
6629,2023-08-13,LE MANS,NON,8871,12:13,ATLANTIQUE,ANGERS ST LAUD,PARISLOIRE,FRACL,11:36,FRAET
6630,2023-08-13,ANGERS ST LAUD,OUI,8142,12:23,ATLANTIQUE,LE MANS,LOIREPARIS,FRAET,11:45,FRACL
6631,2023-08-13,ANGERS ST LAUD,OUI,8142,13:25,ATLANTIQUE,PARIS (intramuros),LOIREPARIS,FRPMO,11:45,FRACL
6632,2023-08-13,NICE VILLE,NON,6852,21:27,SUD EST,VALENCE TGV RHONE-ALPES SUD,JCSUDPROV,FRVLA,17:27,FRNIC
6633,2023-08-13,TOULON,NON,6852,20:29,SUD EST,AIX EN PROVENCE TGV,JCSUDPROV,FRAIE,19:18,FRTLN
6634,2023-08-13,LES ARCS DRAGUIGNAN,NON,6852,20:52,SUD EST,AVIGNON TGV,JCSUDPROV,FRAVG,18:40,FRXRS
6635,2023-08-13,LES ARCS DRAGUIGNAN,OUI,6852,19:14,SUD EST,TOULON,JCSUDPROV,FRTLN,18:40,FRXRS
6636,2023-08-13,ST RAPHAEL VALESCURE,OUI,6852,18:37,SUD EST,LES ARCS DRAGUIGNAN,JCSUDPROV,FRXRS,18:24,FRXSK
6637,2023-08-13,LILLE (intramuros),NON,5240,20:06,NORD,ST PIERRE DES CORPS,JCNORDAQUI,FRXSH,17:16,FRADJ
6638,2023-08-13,MASSY TGV,NON,5240,21:21,NORD,ANGOULEME,JCNORDAQUI,FRANG,19:09,FRDJU
6639,2023-08-13,MASSY TGV,NON,5240,20:06,NORD,ST PIERRE DES CORPS,JCNORDAQUI,FRXSH,19:09,FRDJU
6640,2023-08-13,AEROPORT CDG2 TGV ROISSY,OUI,5240,18:27,NORD,MARNE LA VALLEE CHESSY,JCNORDAQUI,FRMLV,18:18,FRMLW
6641,2023-08-13,ST PIERRE DES CORPS,NON,5240,20:40,NORD,POITIERS,JCNORDAQUI,FRPIS,20:10,FRXSH
6642,2023-08-13,LENS,OUI,7342,21:08,NORD,PARIS (intramuros),ARRASPA,FRPNO,19:57,FRXLE
6643,2023-08-13,GENEVE,NON,9764,09:22,INTERNATIONAL,NURIEUX,GENEVEPA,FRHQN,08:29,CHGVA
6644,2023-08-13,KARLSRUHE HBF,NON,9571,10:05,INTERNATIONAL,STUTTGART HBF,PASTUTMUN,DESGT,09:28,DEQKA
6645,2023-08-13,PARIS (intramuros),NON,9571,10:05,INTERNATIONAL,STUTTGART HBF,PASTUTMUN,DESGT,06:55,FRPST
6646,2023-08-13,BORDEAUX ST JEAN,OUI,8473,13:46,ATLANTIQUE,FACTURE BIGANOS,PASUDOUEST,FRFAC,13:24,FRBOJ
6647,2023-08-13,MARSEILLE ST CHARLES,OUI,6112,12:22,SUD EST,PARIS (intramuros),PROVENCEPA,FRPLY,09:04,FRMSC
6648,2023-08-13,PARIS (intramuros),OUI,7363,11:39,NORD,HAZEBROUCK,PAARRAS,FRHZK,09:52,FRPNO
6649,2023-08-13,PARIS (intramuros),OUI,7363,11:16,NORD,BETHUNE,PAARRAS,FRXBH,09:52,FRPNO
6650,2023-08-13,BASEL SBB,NON,9223,22:26,INTERNATIONAL,ZUERICH HB,PABALZUR,CHAJD,21:34,CHAJP
6651,2023-08-13,PARIS (intramuros),NON,9223,22:26,INTERNATIONAL,ZUERICH HB,PABALZUR,CHAJD,18:22,FRPLY
6652,2023-08-13,PARIS (intramuros),OUI,2595,21:06,EST,MEUSE TGV,PANANCY,FREAJ,20:07,FRPST
6653,2023-08-13,METZ VILLE,NON,2860,10:20,EST,PARIS (intramuros),LUXMETZPA,FRPST,08:50,FRADE
6654,2023-08-13,LUXEMBOURG,OUI,2860,08:20,EST,THIONVILLE,LUXMETZPA,FRXTH,07:59,LULUX
6655,2023-08-13,ARLES,OUI,6195,21:40,SUD EST,MIRAMAS,PAVDR,FRMAZ,21:21,FRHZA
6656,2023-08-13,PARIS (intramuros),OUI,6195,21:18,SUD EST,ARLES,PAVDR,FRHZA,17:13,FRPLY
6657,2023-08-13,PARIS (intramuros),OUI,6195,21:40,SUD EST,MIRAMAS,PAVDR,FRMAZ,17:13,FRPLY
6658,2023-08-13,VALENCE VILLE,OUI,6195,20:57,SUD EST,AVIGNON CENTRE,PAVDR,FRAES,19:49,FRVAF
6659,2023-08-13,VALENCE VILLE,OUI,6195,21:40,SUD EST,MIRAMAS,PAVDR,FRMAZ,19:49,FRVAF
6660,2023-08-13,ORANGE,OUI,6195,21:40,SUD EST,MIRAMAS,PAVDR,FRMAZ,20:41,FRXOG
6661,2023-08-13,BRUXELLES MIDI BRUSSEL ZUID,NON,9830,17:00,NORD,LYON (intramuros),JCNORDSUD,FRLPD,13:15,BEBMI
6662,2023-08-13,LILLE (intramuros),NON,9830,15:09,NORD,MARNE LA VALLEE CHESSY,JCNORDSUD,FRMLV,14:03,FRLLE
6663,2023-08-13,LYON (intramuros),NON,9830,18:37,NORD,AIX EN PROVENCE TGV,JCNORDSUD,FRAIE,17:06,FRLPD
6664,2023-08-13,LYON (intramuros),NON,9830,18:56,NORD,MARSEILLE ST CHARLES,JCNORDSUD,FRMSC,17:06,FRLPD
6665,2023-08-13,DIJON VILLE,OUI,6743,17:27,SUD EST,BESANCON VIOTTE,PABOUR,FRABG,16:35,FRABA
6666,2023-08-13,MONTBARD,NON,6743,17:27,SUD EST,BESANCON VIOTTE,PABOUR,FRABG,15:57,FRGWE
6667,2023-08-13,PARIS (intramuros),NON,6743,17:27,SUD EST,BESANCON VIOTTE,PABOUR,FRABG,14:52,FRPLY
6668,2023-08-13,TARASCON SUR ARIEGE,NON,3972,06:08,IC NUIT,LES AUBRAIS ORLEANS,PALOMBEPAR,FRLAB,20:47,FRFQM
6669,2023-08-13,FOIX,NON,3972,07:19,IC NUIT,PARIS (intramuros),PALOMBEPAR,FRPAZ,21:06,FRXFX
6670,2023-08-13,AX LES THERMES,NON,3972,06:08,IC NUIT,LES AUBRAIS ORLEANS,PALOMBEPAR,FRLAB,20:15,FRXLT
6671,2023-08-13,LUZENAC GARANOU,NON,3972,06:08,IC NUIT,LES AUBRAIS ORLEANS,PALOMBEPAR,FRLAB,20:27,FRFQI
6672,2023-08-13,ANGOULEME,NON,8432,10:01,ATLANTIQUE,PARIS (intramuros),SUDOUESTPA,FRPMO,07:36,FRANG
6673,2023-08-13,ST PIERRE DES CORPS,OUI,8432,10:01,ATLANTIQUE,PARIS (intramuros),SUDOUESTPA,FRPMO,08:54,FRXSH
6674,2023-08-13,DIJON VILLE,NON,9279,15:37,INTERNATIONAL,LAUSANNE,PASUIS,CHAJF,13:35,FRABA
6675,2023-08-13,DOLE VILLE,NON,9279,15:37,INTERNATIONAL,LAUSANNE,PASUIS,CHAJF,14:00,FRACE
6676,2023-08-13,PARIS (intramuros),NON,9279,14:57,INTERNATIONAL,VALLORBE,PASUIS,CHAGL,11:56,FRPLY
6677,2023-08-13,PARIS (intramuros),NON,9279,15:37,INTERNATIONAL,LAUSANNE,PASUIS,CHAJF,11:56,FRPLY
6678,2023-08-13,PARIS (intramuros),NON,9279,13:31,INTERNATIONAL,DIJON VILLE,PASUIS,FRABA,11:56,FRPLY
6679,2023-08-13,LORIENT,OUI,8794,20:57,ATLANTIQUE,VANNES,BRETAPARIS,FRVNE,20:28,FRLRT
6680,2023-08-13,AURAY,OUI,8794,23:29,ATLANTIQUE,PARIS (intramuros),BRETAPARIS,FRPMO,20:47,FRXUY
6681,2023-08-13,ANCENIS,OUI,8128,21:12,ATLANTIQUE,PARIS (intramuros),LOIREPARIS,FRPMO,19:15,FREFN
6682,2023-08-13,NANTES,OUI,8128,19:42,ATLANTIQUE,ANGERS ST LAUD,LOIREPARIS,FRACL,18:54,FRNTE
6683,2023-08-13,NANTES,OUI,8128,21:12,ATLANTIQUE,PARIS (intramuros),LOIREPARIS,FRPMO,18:54,FRNTE
6684,2023-08-13,SURGERES,OUI,8364,17:40,ATLANTIQUE,NIORT,ROCHELLEPA,FRNIT,17:22,FREIP
6685,2023-08-13,LA ROCHELLE VILLE,OUI,8364,19:37,ATLANTIQUE,PARIS (intramuros),ROCHELLEPA,FRPMO,17:01,FRLRH
6686,2023-08-13,MASSY TGV,OUI,5280,15:49,NORD,LILLE (intramuros),JCBRETNORD,FRLLE,13:55,FRDJU
6687,2023-08-13,CHATEAUROUX,OUI,3685,22:55,IC ARO,LIMOGES BENEDICTINS,PALITO,FRAGQ,21:41,FRCHR
6688,2023-08-13,ARGENTON SUR CREUSE,OUI,3685,22:21,IC ARO,LA SOUTERRAINE,PALITO,FRLST,21:57,FRFMT
6689,2023-08-13,LA SOUTERRAINE,OUI,3685,22:55,IC ARO,LIMOGES BENEDICTINS,PALITO,FRAGQ,22:23,FRLST
6690,2023-08-13,PARIS (intramuros),OUI,3685,00:01,IC ARO,BRIVE LA GAILLARDE,PALITO,FRBVE,19:39,FRPAZ
6691,2023-08-13,PARIS (intramuros),OUI,3685,22:21,IC ARO,LA SOUTERRAINE,PALITO,FRLST,19:39,FRPAZ
6692,2023-08-13,PARIS (intramuros),OUI,3685,21:08,IC ARO,VIERZON VILLE,PALITO,FRXVZ,19:39,FRPAZ
6693,2023-08-13,VIERZON VILLE,OUI,3685,22:55,IC ARO,LIMOGES BENEDICTINS,PALITO,FRAGQ,21:10,FRXVZ
6694,2023-08-13,PARIS (intramuros),OUI,7571,16:44,NORD,RANG DU FLIERS VERTON,PAARRAS,FRCVU,13:52,FRPNO
6695,2023-08-13,PARIS (intramuros),OUI,7571,16:34,NORD,ETAPLES LE TOUQUET,PAARRAS,FRETA,13:52,FRPNO
6696,2023-08-13,VALLORBE,NON,9268,14:24,INTERNATIONAL,DIJON VILLE,SUISPA,FRABA,13:00,CHAGL
6697,2023-08-13,VALLORBE,NON,9268,16:04,INTERNATIONAL,PARIS (intramuros),SUISPA,FRPLY,13:00,CHAGL
6698,2023-08-13,SAUMUR,NON,4406,18:35,IC SRO,NEVERS,JOURNTELYN,FRNVS,15:53,FRACN
6699,2023-08-13,BOURGES,NON,4406,18:35,IC SRO,NEVERS,JOURNTELYN,FRNVS,17:59,FRBOU
6700,2023-08-13,LYON (intramuros),NON,4406,21:30,IC SRO,LYON (intramuros),JOURNTELYN,FRLPE,21:22,FRLPD
6701,2023-08-13,NANTES,NON,4406,17:38,IC SRO,VIERZON VILLE,JOURNTELYN,FRXVZ,14:47,FRNTE
6702,2023-08-13,NEVERS,NON,4406,21:30,IC SRO,LYON (intramuros),JOURNTELYN,FRLPE,18:45,FRNVS
6703,2023-08-13,MOULINS SUR ALLIER,NON,4406,21:30,IC SRO,LYON (intramuros),JOURNTELYN,FRLPE,19:14,FRXMU
6704,2023-08-13,ST PIERRE DES CORPS,NON,4406,17:57,IC SRO,BOURGES,JOURNTELYN,FRBOU,16:35,FRXSH
6705,2023-08-13,ST PIERRE DES CORPS,NON,4406,19:34,IC SRO,ST GERMAIN DES FOSSES,JOURNTELYN,FRSGF,16:35,FRXSH
6706,2023-08-13,VIERZON VILLE,NON,4406,21:18,IC SRO,LYON (intramuros),JOURNTELYN,FRLPD,17:40,FRXVZ
6707,2023-08-13,VIERZON VILLE,NON,4406,19:34,IC SRO,ST GERMAIN DES FOSSES,JOURNTELYN,FRSGF,17:40,FRXVZ
6708,2023-08-13,CHAMPAGNE-ARDENNE,OUI,2785,20:52,EST,VITRY LE FRANCOIS GARE,PABARSED,FRBFO,20:11,FREAH
6709,2023-08-13,PARIS (intramuros),OUI,2785,20:52,EST,VITRY LE FRANCOIS GARE,PABARSED,FRBFO,19:28,FRPST
6710,2023-08-13,PARIS (intramuros),OUI,2785,21:19,EST,BAR LE DUC,PABARSED,FRXBD,19:28,FRPST
6711,2023-08-13,NIMES,NON,4760,15:48,IC ARO,MONTAUBAN VILLE BOURBON,TJOURSESO,FRXMW,12:39,FRFNI
6712,2023-08-13,MARSEILLE ST CHARLES,NON,4760,15:48,IC ARO,MONTAUBAN VILLE BOURBON,TJOURSESO,FRXMW,11:24,FRMSC
6713,2023-08-13,MARSEILLE ST CHARLES,NON,4760,15:16,IC ARO,TOULOUSE MATABIAU,TJOURSESO,FRXYT,11:24,FRMSC
6714,2023-08-13,MONTAUBAN VILLE BOURBON,NON,4760,17:33,IC ARO,BORDEAUX ST JEAN,TJOURSESO,FRBOJ,15:50,FRXMW
6715,2023-08-13,SETE,NON,4760,15:48,IC ARO,MONTAUBAN VILLE BOURBON,TJOURSESO,FRXMW,13:24,FRXSY
6716,2023-08-13,TOULOUSE MATABIAU,NON,4760,15:48,IC ARO,MONTAUBAN VILLE BOURBON,TJOURSESO,FRXMW,15:24,FRXYT
6717,2023-08-13,VENDOME VILLIERS SUR LOIR,OUI,8324,22:33,ATLANTIQUE,PARIS (intramuros),ROCHELLEPA,FRPMO,21:46,FRESL
6718,2023-08-13,ANGERS ST LAUD,OUI,8926,19:28,ATLANTIQUE,LE MANS,LOIREPARIS,FRAET,18:44,FRACL
6719,2023-08-13,LE CROISIC,OUI,8926,17:03,ATLANTIQUE,LA BAULE ESCOUBLAC,LOIREPARIS,FRJEE,16:55,FREGU
6720,2023-08-13,LE CROISIC,OUI,8926,17:21,ATLANTIQUE,ST NAZAIRE,LOIREPARIS,FRSNR,16:55,FREGU
6721,2023-08-13,LA BAULE ESCOUBLAC,OUI,8926,18:41,ATLANTIQUE,ANGERS ST LAUD,LOIREPARIS,FRACL,17:07,FRJEE
6722,2023-08-13,NANTES,OUI,8926,19:28,ATLANTIQUE,LE MANS,LOIREPARIS,FRAET,18:05,FRNTE
6723,2023-08-13,ST NAZAIRE,OUI,8926,17:59,ATLANTIQUE,NANTES,LOIREPARIS,FRNTE,17:24,FRSNR
6724,2023-08-13,GUINGAMP,OUI,8623,18:37,ATLANTIQUE,BREST,PARISBRETA,FRBES,17:35,FRGGP
6725,2023-08-13,RENNES,NON,8623,18:02,ATLANTIQUE,MORLAIX,PARISBRETA,FRMXN,16:32,FRRNS
6726,2023-08-13,ST BRIEUC,NON,8623,18:37,ATLANTIQUE,BREST,PARISBRETA,FRBES,17:19,FRSBK
6727,2023-08-13,EMBRUN,OUI,5790,07:54,IC NUIT,PARIS (intramuros),BRIANCONPA,FRPAZ,20:52,FRIGV
6728,2023-08-13,L'ARGENTIERE LES ECRINS   (05),OUI,5790,07:54,IC NUIT,PARIS (intramuros),BRIANCONPA,FRPAZ,20:19,FRIHC
6729,2023-08-13,ANGOULEME,OUI,8495,23:16,ATLANTIQUE,LIBOURNE,PASUDOUEST,FRXLR,22:37,FRANG
6730,2023-08-13,ANGOULEME,NON,2092,13:23,EST,MEUSE TGV,JCATLEST,FREAJ,09:07,FRANG
6731,2023-08-13,ANGOULEME,NON,2092,10:18,EST,ST PIERRE DES CORPS,JCATLEST,FRXSH,09:07,FRANG
6732,2023-08-13,BORDEAUX ST JEAN,NON,2092,14:29,EST,STRASBOURG,JCATLEST,FRAEG,08:29,FRBOJ
6733,2023-08-13,BORDEAUX ST JEAN,NON,2092,13:49,EST,LORRAINE TGV,JCATLEST,FREAM,08:29,FRBOJ
6734,2023-08-13,BORDEAUX ST JEAN,OUI,2092,09:45,EST,POITIERS,JCATLEST,FRPIS,08:29,FRBOJ
6735,2023-08-13,MASSY TGV,NON,2092,12:55,EST,CHAMPAGNE-ARDENNE,JCATLEST,FREAH,11:26,FRDJU
6736,2023-08-13,MARNE LA VALLEE CHESSY,NON,2092,14:29,EST,STRASBOURG,JCATLEST,FRAEG,12:01,FRMLV
6737,2023-08-13,MARNE LA VALLEE CHESSY,NON,2092,13:23,EST,MEUSE TGV,JCATLEST,FREAJ,12:01,FRMLV
6738,2023-08-13,POITIERS,NON,2092,12:55,EST,CHAMPAGNE-ARDENNE,JCATLEST,FREAH,09:48,FRPIS
6739,2023-08-13,POITIERS,NON,2092,11:57,EST,MARNE LA VALLEE CHESSY,JCATLEST,FRMLV,09:48,FRPIS
6740,2023-08-13,POITIERS,NON,2092,12:11,EST,AEROPORT CDG2 TGV ROISSY,JCATLEST,FRMLW,09:48,FRPIS
6741,2023-08-13,ST PIERRE DES CORPS,NON,2092,14:29,EST,STRASBOURG,JCATLEST,FRAEG,10:26,FRXSH
6742,2023-08-13,ST PIERRE DES CORPS,NON,2092,11:57,EST,MARNE LA VALLEE CHESSY,JCATLEST,FRMLV,10:26,FRXSH
6743,2023-08-13,SAUMUR,OUI,5358,22:29,SUD EST,ANGERS ST LAUD,JCSUDATL,FRACL,22:08,FRACN
6744,2023-08-13,MASSY TGV,OUI,5358,22:05,SUD EST,SAUMUR,JCSUDATL,FRACN,20:38,FRDJU
6745,2023-08-13,LYON (intramuros),NON,5358,22:29,SUD EST,ANGERS ST LAUD,JCSUDATL,FRACL,18:30,FRLPD
6746,2023-08-13,VALENCE TGV RHONE-ALPES SUD,NON,5358,21:31,SUD EST,ST PIERRE DES CORPS,JCSUDATL,FRXSH,17:42,FRVLA
6747,2023-08-13,MONTPELLIER SUD DE FRANCE,OUI,5358,17:37,SUD EST,VALENCE TGV RHONE-ALPES SUD,JCSUDATL,FRVLA,16:40,FRSUF
6748,2023-08-13,MONTPELLIER SUD DE FRANCE,NON,5358,21:31,SUD EST,ST PIERRE DES CORPS,JCSUDATL,FRXSH,16:40,FRSUF
6749,2023-08-13,NIMES PONT DU GARD,NON,5358,23:09,SUD EST,NANTES,JCSUDATL,FRNTE,17:01,FRXZP
6750,2023-08-13,NIMES PONT DU GARD,NON,5358,21:31,SUD EST,ST PIERRE DES CORPS,JCSUDATL,FRXSH,17:01,FRXZP
6751,2023-08-13,ANGERS ST LAUD,OUI,5486,13:19,EST,NANTES,JCESTATL,FRNTE,12:39,FRACL
6752,2023-08-13,STRASBOURG,NON,5486,11:32,EST,ST PIERRE DES CORPS,JCESTATL,FRXSH,07:31,FRAEG
6753,2023-08-13,LORRAINE TGV,NON,5486,09:55,EST,MARNE LA VALLEE CHESSY,JCESTATL,FRMLV,08:09,FREAM
6754,2023-08-13,LORRAINE TGV,NON,5486,13:19,EST,NANTES,JCESTATL,FRNTE,08:09,FREAM
6755,2023-08-13,AEROPORT CDG2 TGV ROISSY,NON,5486,10:34,EST,MASSY TGV,JCESTATL,FRDJU,09:45,FRMLW
6756,2023-08-13,CLERMONT FERRAND,OUI,5982,20:57,IC ARO,PARIS (intramuros),CLERMONTPA,FRPBE,17:31,FRCFE
6757,2023-08-13,VICHY,OUI,5982,20:57,IC ARO,PARIS (intramuros),CLERMONTPA,FRPBE,18:06,FRVHY
6758,2023-08-13,MOULINS SUR ALLIER,OUI,5982,20:57,IC ARO,PARIS (intramuros),CLERMONTPA,FRPBE,18:31,FRXMU
6759,2023-08-13,ANGERS ST LAUD,NON,4402,07:30,IC SRO,SAUMUR,JOURNTELYN,FRACN,07:10,FRACL
6760,2023-08-13,ANGERS ST LAUD,NON,4402,09:15,IC SRO,VIERZON VILLE,JOURNTELYN,FRXVZ,07:10,FRACL
6761,2023-08-13,BOURGES,NON,4402,11:26,IC SRO,ST GERMAIN DES FOSSES,JOURNTELYN,FRSGF,09:46,FRBOU
6762,2023-08-13,NANTES,NON,4402,07:08,IC SRO,ANGERS ST LAUD,JOURNTELYN,FRACL,06:26,FRNTE
6763,2023-08-13,NANTES,NON,4402,07:30,IC SRO,SAUMUR,JOURNTELYN,FRACN,06:26,FRNTE
6764,2023-08-13,NANTES,NON,4402,09:44,IC SRO,BOURGES,JOURNTELYN,FRBOU,06:26,FRNTE
6765,2023-08-13,NANTES,NON,4402,10:23,IC SRO,NEVERS,JOURNTELYN,FRNVS,06:26,FRNTE
6766,2023-08-13,NEVERS,NON,4402,13:22,IC SRO,LYON (intramuros),JOURNTELYN,FRLPE,10:37,FRNVS
6767,2023-08-13,ST GERMAIN DES FOSSES,NON,4402,13:10,IC SRO,LYON (intramuros),JOURNTELYN,FRLPD,11:28,FRSGF
6768,2023-08-13,LYON (intramuros),OUI,6610,11:00,SUD EST,PARIS (intramuros),RHONEPARIS,FRPLY,08:50,FRLPE
6769,2023-08-13,AVIGNON TGV,NON,6805,10:03,SUD EST,MARSEILLE ST CHARLES,JCPROVSUD,FRMSC,09:29,FRAVG
6770,2023-08-13,AVIGNON TGV,NON,6805,12:58,SUD EST,NICE VILLE,JCPROVSUD,FRNIC,09:29,FRAVG
6771,2023-08-13,AVIGNON TGV,NON,6805,12:39,SUD EST,ANTIBES,JCPROVSUD,FRXAT,09:29,FRAVG
6772,2023-08-13,LYON (intramuros),NON,6805,12:26,SUD EST,CANNES,JCPROVSUD,FRJCA,08:06,FRLPD
6773,2023-08-13,LYON (intramuros),NON,6805,10:03,SUD EST,MARSEILLE ST CHARLES,JCPROVSUD,FRMSC,08:06,FRLPD
6774,2023-08-13,LYON (intramuros),NON,6805,12:39,SUD EST,ANTIBES,JCPROVSUD,FRXAT,08:06,FRLPD
6775,2023-08-13,VALENCE TGV RHONE-ALPES SUD,NON,6805,10:03,SUD EST,MARSEILLE ST CHARLES,JCPROVSUD,FRMSC,08:53,FRVLA
6776,2023-08-13,LYON (intramuros),OUI,6621,18:17,SUD EST,LYON (intramuros),PARISRHONE,FRLPE,18:09,FRLPD
6777,2023-08-13,LAUSANNE,NON,9784,21:48,INTERNATIONAL,BOURG EN BRESSE,GENEVEPA,FRXBK,19:45,CHAJF
6778,2023-08-13,PERPIGNAN,NON,9706,18:57,SUD EST,BEZIERS,BARCELONEPA,FRBZR,18:04,FRPGF
6779,2023-08-13,PERPIGNAN,NON,9706,19:27,SUD EST,SETE,BARCELONEPA,FRXSY,18:04,FRPGF
6780,2023-08-13,AGDE,NON,9706,23:05,SUD EST,PARIS (intramuros),BARCELONEPA,FRPLY,19:14,FRXAG
6781,2023-08-13,AGDE,NON,9706,20:51,SUD EST,VALENCE TGV RHONE-ALPES SUD,BARCELONEPA,FRVLA,19:14,FRXAG
6782,2023-08-13,PERPIGNAN,NON,9706,19:47,SUD EST,MONTPELLIER SUD DE FRANCE,BARCELONEPA,FRSUF,18:04,FRPGF
6783,2023-08-13,SETE,NON,9706,20:10,SUD EST,NIMES PONT DU GARD,BARCELONEPA,FRXZP,19:30,FRXSY
6784,2023-08-13,BARCELONA SANTS,NON,9706,19:27,SUD EST,SETE,BARCELONEPA,FRXSY,16:10,ESBST
6785,2023-08-13,BARCELONA SANTS,NON,9706,20:10,SUD EST,NIMES PONT DU GARD,BARCELONEPA,FRXZP,16:10,ESBST
6786,2023-08-13,FIGUERES VILA TGV,NON,9706,20:51,SUD EST,VALENCE TGV RHONE-ALPES SUD,BARCELONEPA,FRVLA,17:08,ESFIR
6787,2023-08-13,FIGUERES VILA TGV,NON,9706,20:10,SUD EST,NIMES PONT DU GARD,BARCELONEPA,FRXZP,17:08,ESFIR
6788,2023-08-13,GIRONA,NON,9706,19:27,SUD EST,SETE,BARCELONEPA,FRXSY,16:51,ESGRO
6789,2023-08-13,THONON LES BAINS,OUI,6506,18:15,SUD EST,BELLEGARDE,ALPESPARIS,FRXBF,16:58,FRXTS
6790,2023-08-13,LE MANS,NON,5460,21:04,EST,STRASBOURG,JCATLEST,FRAEG,16:57,FRAET
6791,2023-08-13,MASSY TGV,NON,5460,19:29,EST,CHAMPAGNE-ARDENNE,JCATLEST,FREAH,17:54,FRDJU
6792,2023-08-13,MASSY TGV,NON,5460,18:37,EST,AEROPORT CDG2 TGV ROISSY,JCATLEST,FRMLW,17:54,FRDJU
6793,2023-08-13,AEROPORT CDG2 TGV ROISSY,NON,5460,21:04,EST,STRASBOURG,JCATLEST,FRAEG,18:53,FRMLW
6794,2023-08-13,RENNES,NON,5460,21:04,EST,STRASBOURG,JCATLEST,FRAEG,16:03,FRRNS
6795,2023-08-13,RENNES,NON,5460,20:25,EST,LORRAINE TGV,JCATLEST,FREAM,16:03,FRRNS
6796,2023-08-13,ANGERS ST LAUD,NON,8972,12:23,ATLANTIQUE,LE MANS,LOIREPARIS,FRAET,11:45,FRACL
6797,2023-08-13,LES SABLES D'OLONNE,OUI,8972,11:42,ATLANTIQUE,ANGERS ST LAUD,LOIREPARIS,FRACL,09:44,FRLSO
6798,2023-08-13,LES SABLES D'OLONNE,NON,8972,12:23,ATLANTIQUE,LE MANS,LOIREPARIS,FRAET,09:44,FRLSO
6799,2023-08-13,LES SABLES D'OLONNE,OUI,8972,10:54,ATLANTIQUE,NANTES,LOIREPARIS,FRNTE,09:44,FRLSO
6800,2023-08-13,NANTES,NON,8972,12:23,ATLANTIQUE,LE MANS,LOIREPARIS,FRAET,11:05,FRNTE
6801,2023-08-13,LA ROCHE SUR YON,NON,8972,12:23,ATLANTIQUE,LE MANS,LOIREPARIS,FRAET,10:10,FRXRO
6802,2023-08-13,PAU,NON,14140,09:34,IC SRO,ST GAUDENS,SUDOUEST,FRFPH,08:11,FRAEE
6803,2023-08-13,ORTHEZ,NON,14140,09:34,IC SRO,ST GAUDENS,SUDOUEST,FRFPH,07:47,FRGFI
6804,2023-08-13,ORTHEZ,NON,14140,08:36,IC SRO,LOURDES,SUDOUEST,FRLDE,07:47,FRGFI
6805,2023-08-13,BAYONNE,NON,14140,09:34,IC SRO,ST GAUDENS,SUDOUEST,FRFPH,07:00,FRXBY
6806,2023-08-13,TARBES,NON,14140,09:34,IC SRO,ST GAUDENS,SUDOUEST,FRFPH,08:55,FRXTB
6807,2023-08-13,TARBES,NON,14140,10:30,IC SRO,TOULOUSE MATABIAU,SUDOUEST,FRXYT,08:55,FRXTB
6808,2023-08-13,PARIS (intramuros),OUI,12279,13:17,ATLANTIQUE,ST PIERRE DES CORPS,PAROCHELLE,FRXSH,12:16,FRPMO
6809,2023-08-13,STRASBOURG,NON,2203,12:24,EST,NIMES,JCRHINRHON,FRFNI,06:47,FRAEG
6810,2023-08-13,STRASBOURG,NON,2203,10:56,EST,LYON (intramuros),JCRHINRHON,FRLPD,06:47,FRAEG
6811,2023-08-13,COLMAR,OUI,2203,08:14,EST,BELFORT-MONTBELIARD TGV,JCRHINRHON,FRTJA,07:16,FRAEJ
6812,2023-08-13,MULHOUSE VILLE,NON,2203,12:55,EST,MONTPELLIER SAINT-ROCH,JCRHINRHON,FRMPL,07:52,FRAEK
6813,2023-08-13,LYON (intramuros),NON,2203,12:55,EST,MONTPELLIER SAINT-ROCH,JCRHINRHON,FRMPL,11:02,FRLPD
6814,2023-08-13,BELFORT-MONTBELIARD TGV,NON,2203,12:24,EST,NIMES,JCRHINRHON,FRFNI,08:17,FRTJA
6815,2023-08-13,BESANCON - F COMTE TGV,NON,2203,12:24,EST,NIMES,JCRHINRHON,FRFNI,08:41,FRTJB
6816,2023-08-13,CHALON SUR SAONE,NON,2203,12:55,EST,MONTPELLIER SAINT-ROCH,JCRHINRHON,FRMPL,09:56,FRXCD
6817,2023-08-13,LYON (intramuros),OUI,5192,19:44,NORD,LILLE (intramuros),JCSUDNORD,FRADJ,16:00,FRLPD
6818,2023-08-13,LYON (intramuros),OUI,5192,18:01,NORD,AEROPORT CDG2 TGV ROISSY,JCSUDNORD,FRMLW,16:00,FRLPD
6819,2023-08-13,LYON (intramuros),OUI,5192,18:56,NORD,ARRAS,JCSUDNORD,FRQRV,15:46,FRLPE
6820,2023-08-13,LYON (intramuros),OUI,5192,19:14,NORD,DOUAI,JCSUDNORD,FRXDN,15:46,FRLPE
6821,2023-08-13,PARIS (intramuros),OUI,7277,17:40,NORD,ARRAS,PAARRAS,FRQRV,16:52,FRPNO
6822,2023-08-13,NANCY,OUI,2571,14:48,EST,EPINAL,PANANCY,FREPL,14:05,FRENC
6823,2023-08-13,PARIS (intramuros),OUI,2571,13:03,EST,CHAMPAGNE-ARDENNE,PANANCY,FREAH,12:23,FRPST
6824,2023-08-13,LAVAL,NON,8641,22:51,ATLANTIQUE,BREST,PARISBRETA,FRBES,19:58,FRACR
6825,2023-08-13,LAVAL,NON,8641,21:53,ATLANTIQUE,PLOUARET TREGOR,PARISBRETA,FRPLT,19:58,FRACR
6826,2023-08-13,LAVAL,NON,8641,21:21,ATLANTIQUE,ST BRIEUC,PARISBRETA,FRSBK,19:58,FRACR
6827,2023-08-13,LAVAL,NON,8641,22:36,ATLANTIQUE,LANDERNEAU,PARISBRETA,FRXLD,19:58,FRACR
6828,2023-08-13,PARIS (intramuros),NON,8641,22:36,ATLANTIQUE,LANDERNEAU,PARISBRETA,FRXLD,18:40,FRPMO
6829,2023-08-13,ST BRIEUC,OUI,8641,22:36,ATLANTIQUE,LANDERNEAU,PARISBRETA,FRXLD,21:24,FRSBK
6830,2023-08-13,COLMAR,OUI,2352,08:09,EST,STRASBOURG,MULHSTRAPA,FRAEG,07:37,FRAEJ
6831,2023-08-13,SELESTAT,OUI,2352,08:09,EST,STRASBOURG,MULHSTRAPA,FRAEG,07:50,FRXSQ
6832,2023-08-13,BEZIERS,OUI,6825,22:19,SUD EST,TOULOUSE MATABIAU,JCPROVSUD,FRXYT,20:51,FRBZR
6833,2023-08-13,CARCASSONNE,OUI,6825,22:19,SUD EST,TOULOUSE MATABIAU,JCPROVSUD,FRXYT,21:37,FRCCF
6834,2023-08-13,NIMES,NON,6825,20:48,SUD EST,BEZIERS,JCPROVSUD,FRBZR,19:40,FRFNI
6835,2023-08-13,NIMES,NON,6825,20:05,SUD EST,MONTPELLIER SAINT-ROCH,JCPROVSUD,FRMPL,19:40,FRFNI
6836,2023-08-13,LYON (intramuros),NON,6825,21:04,SUD EST,NARBONNE,JCPROVSUD,FRXNA,18:09,FRLPD
6837,2023-08-13,LYON (intramuros),NON,6825,20:23,SUD EST,SETE,JCPROVSUD,FRXSY,18:09,FRLPD
6838,2023-08-13,VALENCE TGV RHONE-ALPES SUD,NON,6825,21:34,SUD EST,CARCASSONNE,JCPROVSUD,FRCCF,18:53,FRVLA
6839,2023-08-13,VALENCE TGV RHONE-ALPES SUD,NON,6825,20:05,SUD EST,MONTPELLIER SAINT-ROCH,JCPROVSUD,FRMPL,18:53,FRVLA
6840,2023-08-13,NARBONNE,OUI,6825,22:19,SUD EST,TOULOUSE MATABIAU,JCPROVSUD,FRXYT,21:07,FRXNA
6841,2023-08-13,BIARRITZ,NON,14157,21:36,IC SRO,ST JEAN DE LUZ CIBOURE,SUDOUEST,FRXJZ,21:23,FRBIQ
6842,2023-08-13,LOURDES,NON,14157,21:49,IC SRO,HENDAYE,SUDOUEST,FRAEF,19:24,FRLDE
6843,2023-08-13,LOURDES,NON,14157,20:13,IC SRO,ORTHEZ,SUDOUEST,FRGFI,19:24,FRLDE
6844,2023-08-13,TARBES,NON,14157,19:49,IC SRO,PAU,SUDOUEST,FRAEE,19:08,FRXTB
6845,2023-08-13,TARBES,NON,14157,21:22,IC SRO,BIARRITZ,SUDOUEST,FRBIQ,19:08,FRXTB
6846,2023-08-13,TARBES,NON,14157,19:21,IC SRO,LOURDES,SUDOUEST,FRLDE,19:08,FRXTB
6847,2023-08-13,TOULOUSE MATABIAU,NON,14157,19:05,IC SRO,TARBES,SUDOUEST,FRXTB,17:32,FRXYT
6848,2023-08-13,LE MANS,OUI,5320,19:19,SUD EST,MASSY TGV,JCATLSUD,FRDJU,18:30,FRAET
6849,2023-08-13,LE MANS,OUI,5320,21:30,SUD EST,LYON (intramuros),JCATLSUD,FRLPD,18:30,FRAET
6850,2023-08-13,NANTES,OUI,5320,21:47,SUD EST,LYON (intramuros),JCATLSUD,FRLPE,17:05,FRNTE
6851,2023-08-13,LYON (intramuros),OUI,5092,18:01,NORD,AEROPORT CDG2 TGV ROISSY,JCSUDNORD,FRMLW,16:00,FRLPD
6852,2023-08-13,LYON (intramuros),OUI,5092,18:34,NORD,TGV HAUTE PICARDIE,JCSUDNORD,FRTHP,16:00,FRLPD
6853,2023-08-13,LYON (intramuros),OUI,5092,19:44,NORD,LILLE (intramuros),JCSUDNORD,FRADJ,15:46,FRLPE
6854,2023-08-13,LYON (intramuros),OUI,5092,15:54,NORD,LYON (intramuros),JCSUDNORD,FRLPD,15:46,FRLPE
6855,2023-08-13,LYON (intramuros),OUI,5092,17:47,NORD,MARNE LA VALLEE CHESSY,JCSUDNORD,FRMLV,15:46,FRLPE
6856,2023-08-13,MARNE LA VALLEE CHESSY,OUI,5092,19:44,NORD,LILLE (intramuros),JCSUDNORD,FRADJ,17:51,FRMLV
6857,2023-08-13,MARNE LA VALLEE CHESSY,OUI,5092,18:01,NORD,AEROPORT CDG2 TGV ROISSY,JCSUDNORD,FRMLW,17:51,FRMLV
6858,2023-08-13,MARNE LA VALLEE CHESSY,OUI,5092,19:14,NORD,DOUAI,JCSUDNORD,FRXDN,17:51,FRMLV
6859,2023-08-13,AEROPORT CDG2 TGV ROISSY,OUI,5092,18:56,NORD,ARRAS,JCSUDNORD,FRQRV,18:07,FRMLW
6860,2023-08-13,ARRAS,OUI,5092,19:44,NORD,LILLE (intramuros),JCSUDNORD,FRADJ,18:59,FRQRV
6861,2023-08-13,TGV HAUTE PICARDIE,OUI,5092,18:56,NORD,ARRAS,JCSUDNORD,FRQRV,18:39,FRTHP
6862,2023-08-13,DOUAI,OUI,5092,19:44,NORD,LILLE (intramuros),JCSUDNORD,FRADJ,19:19,FRXDN
6863,2023-08-13,AGEN,NON,8512,17:12,ATLANTIQUE,PARIS (intramuros),SUDOUESTPA,FRPMO,13:35,FRAGF
6864,2023-08-13,TOULOUSE MATABIAU,NON,8512,15:20,ATLANTIQUE,ANGOULEME,SUDOUESTPA,FRANG,12:32,FRXYT
6865,2023-08-13,BRUXELLES MIDI BRUSSEL ZUID,OUI,9810,08:23,NORD,AEROPORT CDG2 TGV ROISSY,JCNORDSUD,FRMLW,06:25,BEBMI
6866,2023-08-13,LYON (intramuros),NON,9810,12:24,NORD,MARSEILLE ST CHARLES,JCNORDSUD,FRMSC,10:35,FRLPD
6867,2023-08-13,MARNE LA VALLEE CHESSY,NON,9810,12:24,NORD,MARSEILLE ST CHARLES,JCNORDSUD,FRMSC,08:43,FRMLV
6868,2023-08-13,AEROPORT CDG2 TGV ROISSY,NON,9810,08:38,NORD,MARNE LA VALLEE CHESSY,JCNORDSUD,FRMLV,08:29,FRMLW
6869,2023-08-13,TGV HAUTE PICARDIE,NON,9810,11:15,NORD,VALENCE TGV RHONE-ALPES SUD,JCNORDSUD,FRVLA,07:54,FRTHP
6870,2023-08-13,BRUXELLES MIDI BRUSSEL ZUID,OUI,9810,07:51,NORD,TGV HAUTE PICARDIE,JCNORDSUD,FRTHP,06:25,BEBMI
6871,2023-08-13,LORIENT,OUI,8720,12:24,ATLANTIQUE,VANNES,BRETAPARIS,FRVNE,12:01,FRLRT
6872,2023-08-13,QUIMPER,OUI,8720,11:56,ATLANTIQUE,LORIENT,BRETAPARIS,FRLRT,11:24,FRUIP
6873,2023-08-13,QUIMPER,NON,8720,13:25,ATLANTIQUE,RENNES,BRETAPARIS,FRRNS,11:24,FRUIP
6874,2023-08-13,POITIERS,OUI,8346,21:20,ATLANTIQUE,PARIS (intramuros),ROCHELLEPA,FRPMO,19:22,FRPIS
6875,2023-08-13,POITIERS,OUI,8346,19:44,ATLANTIQUE,CHATELLERAULT,ROCHELLEPA,FRXCX,19:22,FRPIS
6876,2023-08-13,FUTUROSCOPE,OUI,8346,20:16,ATLANTIQUE,ST PIERRE DES CORPS,ROCHELLEPA,FRXSH,19:33,FRTGO
6877,2023-08-13,LYON (intramuros),OUI,5316,22:25,SUD EST,MARSEILLE ST CHARLES,JCATLSUD,FRMSC,20:40,FRLPD
6878,2023-08-13,ANGERS ST LAUD,NON,8923,17:54,ATLANTIQUE,LA BAULE ESCOUBLAC,PARISLOIRE,FRJEE,16:13,FRACL
6879,2023-08-13,PARIS (intramuros),NON,8923,18:09,ATLANTIQUE,LE CROISIC,PARISLOIRE,FREGU,14:45,FRPMO
6880,2023-08-13,ST NAZAIRE,OUI,8923,17:47,ATLANTIQUE,PORNICHET,PARISLOIRE,FREGR,17:37,FRSNR
6881,2023-08-13,MONTBARD,NON,6745,18:35,SUD EST,DIJON VILLE,PABOUR,FRABA,17:57,FRGWE
6882,2023-08-13,PARIS (intramuros),NON,6745,17:54,SUD EST,MONTBARD,PABOUR,FRGWE,16:52,FRPLY
6883,2023-08-13,CANNES,OUI,6166,14:14,SUD EST,TOULON,AZURPA,FRTLN,13:04,FRJCA
6884,2023-08-13,NICE VILLE,OUI,6166,13:00,SUD EST,CANNES,AZURPA,FRJCA,12:35,FRNIC
6885,2023-08-13,NICE VILLE,OUI,6166,14:14,SUD EST,TOULON,AZURPA,FRTLN,12:35,FRNIC
6886,2023-08-13,NICE VILLE,OUI,6166,12:47,SUD EST,ANTIBES,AZURPA,FRXAT,12:35,FRNIC
6887,2023-08-13,DIJON VILLE,NON,2087,12:19,EST,MACON VILLE,JCRHINRHON,FRHGU,11:21,FRABA
6888,2023-08-13,DIJON VILLE,NON,2087,13:00,EST,LYON (intramuros),JCRHINRHON,FRLPD,11:21,FRABA
6889,2023-08-13,MULHOUSE VILLE,NON,2087,13:00,EST,LYON (intramuros),JCRHINRHON,FRLPD,09:57,FRAEK
6890,2023-08-13,MULHOUSE VILLE,OUI,2087,10:18,EST,BELFORT-MONTBELIARD TGV,JCRHINRHON,FRTJA,09:57,FRAEK
6891,2023-08-13,MULHOUSE VILLE,OUI,2087,10:41,EST,BESANCON - F COMTE TGV,JCRHINRHON,FRTJB,09:57,FRAEK
6892,2023-08-13,BELFORT-MONTBELIARD TGV,NON,2087,13:46,EST,VALENCE TGV RHONE-ALPES SUD,JCRHINRHON,FRVLA,10:21,FRTJA
6893,2023-08-13,BESANCON - F COMTE TGV,NON,2087,11:11,EST,DIJON VILLE,JCRHINRHON,FRABA,10:44,FRTJB
6894,2023-08-13,VALENCE TGV RHONE-ALPES SUD,NON,2087,15:07,EST,MARSEILLE ST CHARLES,JCRHINRHON,FRMSC,13:51,FRVLA
6895,2023-08-13,VALLORBE,NON,9264,09:26,INTERNATIONAL,DIJON VILLE,SUISPA,FRABA,08:00,CHAGL
6896,2023-08-13,VALLORBE,NON,9264,11:08,INTERNATIONAL,PARIS (intramuros),SUISPA,FRPLY,08:00,CHAGL
6897,2023-08-13,LAUSANNE,NON,9264,09:00,INTERNATIONAL,DOLE VILLE,SUISPA,FRACE,07:23,CHAJF
6898,2023-08-13,DIJON VILLE,NON,9264,11:08,INTERNATIONAL,PARIS (intramuros),SUISPA,FRPLY,09:30,FRABA
6899,2023-08-13,LIMOGES BENEDICTINS,OUI,3674,19:10,IC ARO,CHATEAUROUX,TOULOUZECO,FRCHR,18:00,FRAGQ
6900,2023-08-13,BRIVE LA GAILLARDE,OUI,3674,19:10,IC ARO,CHATEAUROUX,TOULOUZECO,FRCHR,16:57,FRBVE
6901,2023-08-13,BRIVE LA GAILLARDE,OUI,3674,18:54,IC ARO,ARGENTON SUR CREUSE,TOULOUZECO,FRFMT,16:57,FRBVE
6902,2023-08-13,ARGENTON SUR CREUSE,OUI,3674,21:20,IC ARO,PARIS (intramuros),TOULOUZECO,FRPAZ,18:55,FRFMT
6903,2023-08-13,LA SOUTERRAINE,OUI,3674,19:45,IC ARO,VIERZON VILLE,TOULOUZECO,FRXVZ,18:31,FRLST
6904,2023-08-13,VIERZON VILLE,OUI,3674,21:20,IC ARO,PARIS (intramuros),TOULOUZECO,FRPAZ,19:47,FRXVZ
6905,2023-08-13,BORDEAUX ST JEAN,NON,8533,12:51,ATLANTIQUE,HENDAYE,PASUDOUEST,FRAEF,10:25,FRBOJ
6906,2023-08-13,BORDEAUX ST JEAN,NON,8533,12:19,ATLANTIQUE,BIARRITZ,PASUDOUEST,FRBIQ,10:25,FRBOJ
6907,2023-08-13,BORDEAUX ST JEAN,NON,8533,12:07,ATLANTIQUE,BAYONNE,PASUDOUEST,FRXBY,10:25,FRBOJ
6908,2023-08-13,POITIERS,NON,8533,10:19,ATLANTIQUE,BORDEAUX ST JEAN,PASUDOUEST,FRBOJ,09:20,FRPIS
6909,2023-08-13,POITIERS,NON,8533,12:07,ATLANTIQUE,BAYONNE,PASUDOUEST,FRXBY,09:20,FRPIS
6910,2023-08-13,PARIS (intramuros),NON,8533,12:19,ATLANTIQUE,BIARRITZ,PASUDOUEST,FRBIQ,07:58,FRPMO
6911,2023-08-13,PARIS (intramuros),NON,8533,12:07,ATLANTIQUE,BAYONNE,PASUDOUEST,FRXBY,07:58,FRPMO
6912,2023-08-13,BORDEAUX ST JEAN,OUI,8442,18:33,ATLANTIQUE,ANGOULEME,SUDOUESTPA,FRANG,17:58,FRBOJ
6913,2023-08-13,ST MALO,NON,8086,18:09,ATLANTIQUE,PARIS (intramuros),BRETAPARIS,FRPMO,15:39,FRXSB
6914,2023-08-13,LYON-SAINT EXUPERY TGV,OUI,6927,22:13,SUD EST,GRENOBLE,PAGRENOBLE,FRGNB,21:09,FRJDQ
6915,2023-08-13,GENEVE,NON,9756,12:11,INTERNATIONAL,MARSEILLE ST CHARLES,GENEVEMED,FRMSC,08:41,CHGVA
6916,2023-08-13,LYON (intramuros),NON,9756,12:11,INTERNATIONAL,MARSEILLE ST CHARLES,GENEVEMED,FRMSC,10:28,FRLPD
6917,2023-08-13,BELLEGARDE,NON,9756,10:22,INTERNATIONAL,LYON (intramuros),GENEVEMED,FRLPD,09:12,FRXBF
6918,2023-08-13,BELLEGARDE,NON,9756,11:55,INTERNATIONAL,AIX EN PROVENCE TGV,GENEVEMED,FRAIE,09:12,FRXBF
6919,2023-08-13,NEVERS,NON,5955,12:29,IC ARO,CLERMONT FERRAND,PACLERMONT,FRCFE,10:59,FRNVS
6920,2023-08-13,PARIS (intramuros),NON,5955,10:57,IC ARO,NEVERS,PACLERMONT,FRNVS,09:00,FRPBE
6921,2023-08-13,VICHY,NON,5955,12:29,IC ARO,CLERMONT FERRAND,PACLERMONT,FRCFE,11:57,FRVHY
6922,2023-08-13,MOULINS SUR ALLIER,NON,5955,12:29,IC ARO,CLERMONT FERRAND,PACLERMONT,FRCFE,11:30,FRXMU
6923,2023-08-13,MOULINS SUR ALLIER,NON,5955,11:55,IC ARO,VICHY,PACLERMONT,FRVHY,11:30,FRXMU
6924,2023-08-13,VALENCE TGV RHONE-ALPES SUD,NON,6051,14:59,SUD EST,MONTPELLIER SUD DE FRANCE,PALANG,FRSUF,14:00,FRVLA
6925,2023-08-13,NANCY,OUI,2580,18:46,EST,PARIS (intramuros),NANCYPA,FRPST,17:16,FRENC
6926,2023-08-13,REMIREMONT,OUI,2580,18:46,EST,PARIS (intramuros),NANCYPA,FRPST,15:58,FRRNT
6927,2023-08-13,PARIS (intramuros),NON,8639,20:33,ATLANTIQUE,GUINGAMP,PARISBRETA,FRGGP,17:56,FRPMO
6928,2023-08-13,RENNES,NON,8639,21:38,ATLANTIQUE,BREST,PARISBRETA,FRBES,19:32,FRRNS
6929,2023-08-13,ST BRIEUC,NON,8639,20:33,ATLANTIQUE,GUINGAMP,PARISBRETA,FRGGP,20:19,FRSBK
6930,2023-08-13,LAVAL,NON,5336,13:27,SUD EST,LE MANS,JCATLSUD,FRAET,12:58,FRACR
6931,2023-08-13,MASSY TGV,NON,5336,17:15,SUD EST,VALENCE TGV RHONE-ALPES SUD,JCATLSUD,FRVLA,14:26,FRDJU
6932,2023-08-13,VALENCE TGV RHONE-ALPES SUD,OUI,5336,18:36,SUD EST,MONTPELLIER SUD DE FRANCE,JCATLSUD,FRSUF,17:18,FRVLA
6933,2023-08-13,VENDOME VILLIERS SUR LOIR,OUI,8331,08:35,ATLANTIQUE,ST PIERRE DES CORPS,PAROCHELLE,FRXSH,08:15,FRESL
6934,2023-08-13,VENDOME VILLIERS SUR LOIR,OUI,8331,09:22,ATLANTIQUE,FUTUROSCOPE,PAROCHELLE,FRTGO,08:15,FRESL
6935,2023-08-13,CHATELLERAULT,OUI,8331,09:22,ATLANTIQUE,FUTUROSCOPE,PAROCHELLE,FRTGO,09:09,FRXCX
6936,2023-08-13,LILLE (intramuros),OUI,5020,18:30,NORD,LYON (intramuros),JCNORDSUD,FRLPD,15:26,FRLLE
6937,2023-08-13,LILLE (intramuros),OUI,5020,16:36,NORD,MARNE LA VALLEE CHESSY,JCNORDSUD,FRMLV,15:26,FRLLE
6938,2023-08-13,AEROPORT CDG2 TGV ROISSY,OUI,5020,16:36,NORD,MARNE LA VALLEE CHESSY,JCNORDSUD,FRMLV,16:27,FRMLW
6939,2023-08-13,PARIS (intramuros),NON,9775,18:14,INTERNATIONAL,LAUSANNE,PAGENEVE,CHAJF,14:18,FRPLY
6940,2023-08-13,PARIS (intramuros),NON,9775,17:30,INTERNATIONAL,GENEVE,PAGENEVE,CHGVA,14:18,FRPLY
6941,2023-08-13,CHAMBERY CHALLES LES EAUX,NON,9248,23:26,INTERNATIONAL,PARIS (intramuros),ITALIEPA,FRPLY,20:18,FRCMF
6942,2023-08-13,OULX CESANA CLAV SESTRIERE,NON,9248,19:06,INTERNATIONAL,MODANE,ITALIEPA,FRAGR,18:36,ITOCS
6943,2023-08-13,TORINO PORTA SUSA,NON,9248,20:14,INTERNATIONAL,CHAMBERY CHALLES LES EAUX,ITALIEPA,FRCMF,17:38,ITTRS
6944,2023-08-13,PARIS (intramuros),NON,12213,22:22,ATLANTIQUE,AGEN,PASUDOUEST,FRAGF,19:08,FRPMO
6945,2023-08-13,LES AUBRAIS ORLEANS,OUI,3737,07:22,IC NUIT,CARCASSONNE,PARPALOMBE,FRCCF,22:49,FRLAB
6946,2023-08-13,PARIS (intramuros),OUI,3737,09:54,IC NUIT,ARGELES SUR MER,PARPALOMBE,FRARM,21:42,FRPAZ
6947,2023-08-13,PARIS (intramuros),OUI,3737,07:22,IC NUIT,CARCASSONNE,PARPALOMBE,FRCCF,21:42,FRPAZ
6948,2023-08-13,PARIS (intramuros),OUI,3737,09:46,IC NUIT,ELNE,PARPALOMBE,FRIOG,21:42,FRPAZ
6949,2023-08-13,PARIS (intramuros),OUI,3737,08:13,IC NUIT,NARBONNE,PARPALOMBE,FRXNA,21:42,FRPAZ
6950,2023-08-13,PARIS (intramuros),OUI,3737,10:05,IC NUIT,PORT VENDRES VILLE,PARPALOMBE,FRXPV,21:42,FRPAZ
6951,2023-08-13,BEZIERS,NON,6202,12:18,SUD EST,PARIS (intramuros),LANGPA,FRPLY,07:58,FRBZR
6952,2023-08-13,BEZIERS,OUI,6202,10:01,SUD EST,VALENCE TGV RHONE-ALPES SUD,LANGPA,FRVLA,07:58,FRBZR
6953,2023-08-13,BEZIERS,OUI,6202,08:08,SUD EST,AGDE,LANGPA,FRXAG,07:58,FRBZR
6954,2023-08-13,PERPIGNAN,NON,6202,12:18,SUD EST,PARIS (intramuros),LANGPA,FRPLY,07:04,FRPGF
6955,2023-08-13,NARBONNE,OUI,6202,07:55,SUD EST,BEZIERS,LANGPA,FRBZR,07:42,FRXNA
6956,2023-08-13,NARBONNE,OUI,6202,08:43,SUD EST,MONTPELLIER SAINT-ROCH,LANGPA,FRMPL,07:42,FRXNA
6957,2023-08-13,NARBONNE,OUI,6202,10:01,SUD EST,VALENCE TGV RHONE-ALPES SUD,LANGPA,FRVLA,07:42,FRXNA
6958,2023-08-13,SETE,OUI,6202,08:43,SUD EST,MONTPELLIER SAINT-ROCH,LANGPA,FRMPL,08:27,FRXSY
6959,2023-08-13,AGEN,NON,4659,15:22,IC ARO,NIMES,TJOURSOSE,FRFNI,11:33,FRAGF
6960,2023-08-13,BORDEAUX ST JEAN,NON,4659,14:54,IC ARO,MONTPELLIER SAINT-ROCH,TJOURSOSE,FRMPL,10:27,FRBOJ
6961,2023-08-13,BORDEAUX ST JEAN,NON,4659,13:58,IC ARO,NARBONNE,TJOURSOSE,FRXNA,10:27,FRBOJ
6962,2023-08-13,MONTPELLIER SAINT-ROCH,NON,4659,16:37,IC ARO,MARSEILLE ST CHARLES,TJOURSOSE,FRMSC,14:58,FRMPL
6963,2023-08-13,MONTAUBAN VILLE BOURBON,NON,4659,12:37,IC ARO,TOULOUSE MATABIAU,TJOURSOSE,FRXYT,12:10,FRXMW
6964,2023-08-13,NARBONNE,OUI,4659,14:14,IC ARO,BEZIERS,TJOURSOSE,FRBZR,14:01,FRXNA
6965,2023-08-13,BELLEGARDE,NON,9770,13:49,INTERNATIONAL,BOURG EN BRESSE,GENEVEPA,FRXBK,13:02,FRXBF
6966,2023-08-13,LILLE (intramuros),OUI,5202,08:22,NORD,MARNE LA VALLEE CHESSY,JCNORDAQUI,FRMLV,06:15,FRADJ
6967,2023-08-13,LILLE (intramuros),OUI,5202,07:18,NORD,TGV HAUTE PICARDIE,JCNORDAQUI,FRTHP,06:15,FRADJ
6968,2023-08-13,LILLE (intramuros),OUI,5202,10:06,NORD,ST PIERRE DES CORPS,JCNORDAQUI,FRXSH,06:15,FRADJ
6969,2023-08-13,MARNE LA VALLEE CHESSY,OUI,5202,12:02,NORD,BORDEAUX ST JEAN,JCNORDAQUI,FRBOJ,08:35,FRMLV
6970,2023-08-13,MARNE LA VALLEE CHESSY,OUI,5202,10:06,NORD,ST PIERRE DES CORPS,JCNORDAQUI,FRXSH,08:35,FRMLV
6971,2023-08-13,AEROPORT CDG2 TGV ROISSY,OUI,5202,12:02,NORD,BORDEAUX ST JEAN,JCNORDAQUI,FRBOJ,08:10,FRMLW
6972,2023-08-13,POITIERS,OUI,5202,11:23,NORD,ANGOULEME,JCNORDAQUI,FRANG,10:44,FRPIS
6973,2023-08-13,TGV HAUTE PICARDIE,OUI,5202,11:23,NORD,ANGOULEME,JCNORDAQUI,FRANG,07:25,FRTHP
6974,2023-08-13,TGV HAUTE PICARDIE,OUI,5202,08:22,NORD,MARNE LA VALLEE CHESSY,JCNORDAQUI,FRMLV,07:25,FRTHP
6975,2023-08-13,DOUAI,OUI,5202,09:04,NORD,MASSY TGV,JCNORDAQUI,FRDJU,06:37,FRXDN
6976,2023-08-13,DOUAI,OUI,5202,06:55,NORD,ARRAS,JCNORDAQUI,FRQRV,06:37,FRXDN
6977,2023-08-13,BEZIERS,OUI,6279,23:51,SUD EST,PERPIGNAN,PALANG,FRPGF,23:04,FRBZR
6978,2023-08-13,PARIS (intramuros),OUI,6279,23:51,SUD EST,PERPIGNAN,PALANG,FRPGF,18:56,FRPLY
6979,2023-08-13,PARIS (intramuros),OUI,6279,21:07,SUD EST,VALENCE TGV RHONE-ALPES SUD,PALANG,FRVLA,18:56,FRPLY
6980,2023-08-13,PARIS (intramuros),OUI,6279,23:17,SUD EST,NARBONNE,PALANG,FRXNA,18:56,FRPLY
6981,2023-08-13,VALENCE TGV RHONE-ALPES SUD,OUI,6279,22:31,SUD EST,SETE,PALANG,FRXSY,21:10,FRVLA
6982,2023-08-13,AGDE,OUI,6279,23:01,SUD EST,BEZIERS,PALANG,FRBZR,22:50,FRXAG
6983,2023-08-13,MONTPELLIER SUD DE FRANCE,OUI,6279,23:01,SUD EST,BEZIERS,PALANG,FRBZR,22:17,FRSUF
6984,2023-08-13,POITIERS,OUI,8342,18:33,ATLANTIQUE,PARIS (intramuros),ROCHELLEPA,FRPMO,16:19,FRPIS
6985,2023-08-13,CHATELLERAULT,OUI,8342,17:15,ATLANTIQUE,ST PIERRE DES CORPS,ROCHELLEPA,FRXSH,16:44,FRXCX
6986,2023-08-13,FUTUROSCOPE,OUI,8342,17:43,ATLANTIQUE,VENDOME VILLIERS SUR LOIR,ROCHELLEPA,FRESL,16:30,FRTGO
6987,2023-08-13,SEDAN,OUI,2720,09:31,EST,PARIS (intramuros),SEDBARPA,FRPST,07:23,FRXSW
6988,2023-08-13,NANCY,OUI,2598,18:45,EST,MEUSE TGV,NANCYPA,FREAJ,18:11,FRENC
6989,2023-08-13,PARIS (intramuros),NON,6049,18:08,SUD EST,MONTPELLIER SUD DE FRANCE,PALANG,FRSUF,14:56,FRPLY
6990,2023-08-13,STUTTGART HBF,NON,9572,16:13,INTERNATIONAL,STRASBOURG,MUNSTUTPA,FRAEG,14:52,DESGT
6991,2023-08-13,LES AUBRAIS ORLEANS,OUI,3751,05:45,IC NUIT,CAUSSADE TARN ET GARONNE,PAVERMEIL,FRFTA,23:32,FRLAB
6992,2023-08-13,LES AUBRAIS ORLEANS,OUI,3751,07:07,IC NUIT,TOULOUSE MATABIAU,PAVERMEIL,FRXYT,23:32,FRLAB
6993,2023-08-13,LES AUBRAIS ORLEANS,OUI,3751,05:01,IC NUIT,CAHORS,PAVERMEIL,FRZAO,23:32,FRLAB
6994,2023-08-13,LE CROISIC,OUI,8930,20:41,ATLANTIQUE,ANGERS ST LAUD,LOIREPARIS,FRACL,18:48,FREGU
6995,2023-08-13,LE CROISIC,OUI,8930,18:53,ATLANTIQUE,LE POULIGUEN,LOIREPARIS,FREGS,18:48,FREGU
6996,2023-08-13,ST NAZAIRE,OUI,8930,20:41,ATLANTIQUE,ANGERS ST LAUD,LOIREPARIS,FRACL,19:24,FRSNR
6997,2023-08-13,CHAMPAGNE-ARDENNE,OUI,2513,17:44,EST,NANCY,PANANCY,FRENC,16:49,FREAH
6998,2023-08-13,PARIS (intramuros),OUI,2513,16:46,EST,CHAMPAGNE-ARDENNE,PANANCY,FREAH,16:07,FRPST
6999,2023-08-13,STRASBOURG,NON,5472,21:01,EST,LAVAL,JCESTATL,FRACR,16:48,FRAEG
7000,2023-08-13,MASSY TGV,NON,5472,20:29,EST,LE MANS,JCESTATL,FRAET,19:39,FRDJU
7001,2023-08-13,CHAMPAGNE-ARDENNE,NON,5472,19:34,EST,MASSY TGV,JCESTATL,FRDJU,18:11,FREAH
7002,2023-08-13,CHAMPAGNE-ARDENNE,NON,5472,18:40,EST,MARNE LA VALLEE CHESSY,JCESTATL,FRMLV,18:11,FREAH
7003,2023-08-13,LORRAINE TGV,NON,5472,20:29,EST,LE MANS,JCESTATL,FRAET,17:26,FREAM
7004,2023-08-13,LORRAINE TGV,NON,5472,19:34,EST,MASSY TGV,JCESTATL,FRDJU,17:26,FREAM
7005,2023-08-13,MARNE LA VALLEE CHESSY,NON,5472,19:34,EST,MASSY TGV,JCESTATL,FRDJU,19:02,FRMLV
7006,2023-08-13,MARNE LA VALLEE CHESSY,NON,5472,21:29,EST,RENNES,JCESTATL,FRRNS,19:02,FRMLV
7007,2023-08-13,PARIS (intramuros),NON,2751,19:14,EST,REIMS,PABARSED,FRRHE,18:28,FRPST
7008,2023-08-13,REIMS,OUI,2751,19:40,EST,RETHEL,PABARSED,FRBDT,19:20,FRRHE
7009,2023-08-13,NICE VILLE,OUI,6180,19:55,SUD EST,AVIGNON TGV,AZURPA,FRAVG,16:57,FRNIC
7010,2023-08-13,NICE VILLE,OUI,6180,22:38,SUD EST,PARIS (intramuros),AZURPA,FRPLY,16:57,FRNIC
7011,2023-08-13,NICE VILLE,OUI,6180,18:07,SUD EST,LES ARCS DRAGUIGNAN,AZURPA,FRXRS,16:57,FRNIC
7012,2023-08-13,LES ARCS DRAGUIGNAN,OUI,6180,19:55,SUD EST,AVIGNON TGV,AZURPA,FRAVG,18:10,FRXRS
7013,2023-08-13,PARIS (intramuros),NON,6703,11:29,SUD EST,BESANCON - F COMTE TGV,PABOUR,FRTJB,09:18,FRPLY
7014,2023-08-13,BESANCON - F COMTE TGV,OUI,6703,11:53,SUD EST,BELFORT-MONTBELIARD TGV,PABOUR,FRTJA,11:32,FRTJB
7015,2023-08-13,POITIERS,OUI,8371,09:00,ATLANTIQUE,NIORT,PAROCHELLE,FRNIT,08:14,FRPIS
7016,2023-08-13,PARIS (intramuros),OUI,8371,09:44,ATLANTIQUE,LA ROCHELLE VILLE,PAROCHELLE,FRLRH,06:47,FRPMO
7017,2023-08-13,PARIS (intramuros),OUI,8371,09:00,ATLANTIQUE,NIORT,PAROCHELLE,FRNIT,06:47,FRPMO
7018,2023-08-13,STRASBOURG,NON,9583,15:59,INTERNATIONAL,FRANKFURT MAIN HBF,MRSFRANC,DEFRH,13:55,FRAEG
7019,2023-08-13,MULHOUSE VILLE,NON,9583,15:18,INTERNATIONAL,MANNHEIM HBF,MRSFRANC,DEMHG,12:54,FRAEK
7020,2023-08-13,MULHOUSE VILLE,NON,9583,14:23,INTERNATIONAL,BADEN BADEN,MRSFRANC,DEZCC,12:54,FRAEK
7021,2023-08-13,AVIGNON TGV,NON,9583,12:24,INTERNATIONAL,BELFORT-MONTBELIARD TGV,MRSFRANC,FRTJA,08:47,FRAVG
7022,2023-08-13,LYON (intramuros),NON,9583,11:03,INTERNATIONAL,CHALON SUR SAONE,MRSFRANC,FRXCD,10:04,FRLPD
7023,2023-08-13,MARSEILLE ST CHARLES,NON,9583,14:46,INTERNATIONAL,KARLSRUHE HBF,MRSFRANC,DEQKA,08:11,FRMSC
7024,2023-08-13,MARSEILLE ST CHARLES,NON,9583,12:51,INTERNATIONAL,MULHOUSE VILLE,MRSFRANC,FRAEK,08:11,FRMSC
7025,2023-08-13,MARSEILLE ST CHARLES,NON,9583,12:24,INTERNATIONAL,BELFORT-MONTBELIARD TGV,MRSFRANC,FRTJA,08:11,FRMSC
7026,2023-08-13,BELFORT-MONTBELIARD TGV,NON,9583,15:18,INTERNATIONAL,MANNHEIM HBF,MRSFRANC,DEMHG,12:27,FRTJA
7027,2023-08-13,BELFORT-MONTBELIARD TGV,NON,9583,14:46,INTERNATIONAL,KARLSRUHE HBF,MRSFRANC,DEQKA,12:27,FRTJA
7028,2023-08-13,BESANCON - F COMTE TGV,NON,9583,14:46,INTERNATIONAL,KARLSRUHE HBF,MRSFRANC,DEQKA,12:03,FRTJB
7029,2023-08-13,CHALON SUR SAONE,NON,9583,12:00,INTERNATIONAL,BESANCON - F COMTE TGV,MRSFRANC,FRTJB,11:06,FRXCD
7030,2023-08-13,NEVERS,OUI,5971,18:55,IC ARO,VICHY,PACLERMONT,FRVHY,17:59,FRNVS
7031,2023-08-13,MOULINS SUR ALLIER,OUI,5971,19:29,IC ARO,CLERMONT FERRAND,PACLERMONT,FRCFE,18:30,FRXMU
7032,2023-08-13,MOULINS SUR ALLIER,OUI,5971,18:55,IC ARO,VICHY,PACLERMONT,FRVHY,18:30,FRXMU
7033,2023-08-13,BOURGES,NON,4502,13:21,IC SRO,VIERZON VILLE,JOURLYNNTE,FRXVZ,13:03,FRBOU
7034,2023-08-13,LYON (intramuros),NON,4502,15:21,IC SRO,ANGERS ST LAUD,JOURLYNNTE,FRACL,09:20,FRLPE
7035,2023-08-13,LYON (intramuros),NON,4502,13:01,IC SRO,BOURGES,JOURLYNNTE,FRBOU,09:20,FRLPE
7036,2023-08-13,LYON (intramuros),NON,4502,14:25,IC SRO,ST PIERRE DES CORPS,JOURLYNNTE,FRXSH,09:20,FRLPE
7037,2023-08-13,LYON (intramuros),NON,4502,13:21,IC SRO,VIERZON VILLE,JOURLYNNTE,FRXVZ,09:20,FRLPE
7038,2023-08-13,NEVERS,NON,4502,13:21,IC SRO,VIERZON VILLE,JOURLYNNTE,FRXVZ,12:25,FRNVS
7039,2023-08-13,ROANNE,NON,4502,12:10,IC SRO,NEVERS,JOURLYNNTE,FRNVS,10:40,FRRNE
7040,2023-08-13,ROANNE,NON,4502,13:21,IC SRO,VIERZON VILLE,JOURLYNNTE,FRXVZ,10:40,FRRNE
7041,2023-08-13,MOULINS SUR ALLIER,NON,4502,15:21,IC SRO,ANGERS ST LAUD,JOURLYNNTE,FRACL,11:41,FRXMU
7042,2023-08-13,MOULINS SUR ALLIER,NON,4502,14:25,IC SRO,ST PIERRE DES CORPS,JOURLYNNTE,FRXSH,11:41,FRXMU
7043,2023-08-13,ST PIERRE DES CORPS,NON,4502,14:58,IC SRO,SAUMUR,JOURLYNNTE,FRACN,14:28,FRXSH
7044,2023-08-13,ST PIERRE DES CORPS,NON,4502,16:04,IC SRO,NANTES,JOURLYNNTE,FRNTE,14:28,FRXSH
7045,2023-08-13,CANNES,OUI,6175,15:38,SUD EST,ANTIBES,PAAZUR,FRXAT,15:30,FRJCA
7046,2023-08-13,MARSEILLE ST CHARLES,NON,6175,15:57,SUD EST,NICE VILLE,PAAZUR,FRNIC,13:28,FRMSC
7047,2023-08-13,MARSEILLE ST CHARLES,NON,6175,14:11,SUD EST,TOULON,PAAZUR,FRTLN,13:28,FRMSC
7048,2023-08-13,MARSEILLE ST CHARLES,NON,6175,14:48,SUD EST,LES ARCS DRAGUIGNAN,PAAZUR,FRXRS,13:28,FRMSC
7049,2023-08-13,PARIS (intramuros),NON,6175,15:25,SUD EST,CANNES,PAAZUR,FRJCA,10:10,FRPLY
7050,2023-08-13,MARNE LA VALLEE CHESSY,OUI,5120,20:20,NORD,NIMES,JCNORDSUD,FRFNI,16:41,FRMLV
7051,2023-08-13,MARNE LA VALLEE CHESSY,OUI,5120,18:30,NORD,LYON (intramuros),JCNORDSUD,FRLPD,16:41,FRMLV
7052,2023-08-13,MARNE LA VALLEE CHESSY,OUI,5120,20:54,NORD,MONTPELLIER SAINT-ROCH,JCNORDSUD,FRMPL,16:41,FRMLV
7053,2023-08-13,AEROPORT CDG2 TGV ROISSY,OUI,5120,20:54,NORD,MONTPELLIER SAINT-ROCH,JCNORDSUD,FRMPL,16:27,FRMLW
7054,2023-08-13,VALENCE TGV RHONE-ALPES SUD,OUI,5120,20:20,NORD,NIMES,JCNORDSUD,FRFNI,19:24,FRVLA
7055,2023-08-13,KARLSRUHE HBF,NON,9563,18:18,INTERNATIONAL,MANNHEIM HBF,PAFRANC,DEMHG,17:55,DEQKA
7056,2023-08-13,STRASBOURG,NON,9563,17:53,INTERNATIONAL,KARLSRUHE HBF,PAFRANC,DEQKA,17:13,FRAEG
7057,2023-08-13,LYON (intramuros),OUI,6617,16:10,SUD EST,LYON (intramuros),PARISRHONE,FRLPE,16:02,FRLPD
7058,2023-08-13,PARIS (intramuros),NON,6617,15:56,SUD EST,LYON (intramuros),PARISRHONE,FRLPD,13:52,FRPLY
7059,2023-08-13,PARIS (intramuros),NON,6617,15:10,SUD EST,LE CREUSOT MONTCEAU MONTCHANIN,PARISRHONE,FRXCC,13:52,FRPLY
7060,2023-08-13,BREST,NON,8636,19:01,ATLANTIQUE,LAVAL,BRETAPARIS,FRACR,16:13,FRBES
7061,2023-08-13,BREST,NON,8636,20:20,ATLANTIQUE,PARIS (intramuros),BRETAPARIS,FRPMO,16:13,FRBES
7062,2023-08-13,GUINGAMP,NON,8636,19:01,ATLANTIQUE,LAVAL,BRETAPARIS,FRACR,17:16,FRGGP
7063,2023-08-13,LAMBALLE,OUI,8636,18:25,ATLANTIQUE,RENNES,BRETAPARIS,FRRNS,17:47,FRLAM
7064,2023-08-13,MORLAIX,OUI,8636,17:14,ATLANTIQUE,GUINGAMP,BRETAPARIS,FRGGP,16:47,FRMXN
7065,2023-08-13,MORLAIX,OUI,8636,17:44,ATLANTIQUE,LAMBALLE,BRETAPARIS,FRLAM,16:47,FRMXN
7066,2023-08-13,ST BRIEUC,NON,8636,20:20,ATLANTIQUE,PARIS (intramuros),BRETAPARIS,FRPMO,17:34,FRSBK
7067,2023-08-13,LA ROCHELLE VILLE,OUI,8388,20:36,ATLANTIQUE,ST PIERRE DES CORPS,ROCHELLEPA,FRXSH,18:37,FRLRH
7068,2023-08-13,ST PIERRE DES CORPS,OUI,8388,21:41,ATLANTIQUE,PARIS (intramuros),ROCHELLEPA,FRPMO,20:40,FRXSH
7069,2023-08-13,DIJON VILLE,NON,5500,21:13,EST,METZ VILLE,JCRHONRHIN,FRADE,17:50,FRABA
7070,2023-08-13,DIJON VILLE,NON,5500,20:13,EST,STRASBOURG,JCRHONRHIN,FRAEG,17:50,FRABA
7071,2023-08-13,STRASBOURG,OUI,5500,21:13,EST,METZ VILLE,JCRHONRHIN,FRADE,20:24,FRAEG
7072,2023-08-13,MULHOUSE VILLE,OUI,5500,21:13,EST,METZ VILLE,JCRHONRHIN,FRADE,19:12,FRAEK
7073,2023-08-13,NIMES,NON,5500,15:51,EST,LYON (intramuros),JCRHONRHIN,FRLPD,14:23,FRFNI
7074,2023-08-13,NIMES,NON,5500,18:17,EST,BESANCON - F COMTE TGV,JCRHONRHIN,FRTJB,14:23,FRFNI
7075,2023-08-13,MACON VILLE,NON,5500,21:13,EST,METZ VILLE,JCRHONRHIN,FRADE,16:41,FRHGU
7076,2023-08-13,LYON (intramuros),NON,5500,19:09,EST,MULHOUSE VILLE,JCRHONRHIN,FRAEK,16:04,FRLPD
7077,2023-08-13,LYON (intramuros),NON,5500,18:44,EST,BELFORT-MONTBELIARD TGV,JCRHONRHIN,FRTJA,16:04,FRLPD
7078,2023-08-13,MONTPELLIER SAINT-ROCH,NON,5500,19:41,EST,COLMAR,JCRHONRHIN,FRAEJ,13:55,FRMPL
7079,2023-08-13,MONTPELLIER SAINT-ROCH,NON,5500,18:44,EST,BELFORT-MONTBELIARD TGV,JCRHONRHIN,FRTJA,13:55,FRMPL
7080,2023-08-13,BELFORT-MONTBELIARD TGV,NON,5500,19:41,EST,COLMAR,JCRHONRHIN,FRAEJ,18:47,FRTJA
7081,2023-08-13,BELFORT-MONTBELIARD TGV,NON,5500,19:09,EST,MULHOUSE VILLE,JCRHONRHIN,FRAEK,18:47,FRTJA
7082,2023-08-13,SARREBRUCK/SAARBRUECKEN,NON,9557,22:59,INTERNATIONAL,FRANKFURT MAIN HBF,PAFRANC,DEFRH,20:59,DESBK
7083,2023-08-13,SARREBRUCK/SAARBRUECKEN,NON,9557,22:17,INTERNATIONAL,MANNHEIM HBF,PAFRANC,DEMHG,20:59,DESBK
7084,2023-08-13,PARIS (intramuros),NON,9557,22:59,INTERNATIONAL,FRANKFURT MAIN HBF,PAFRANC,DEFRH,19:07,FRPST
7085,2023-08-13,PARIS (intramuros),NON,9557,22:17,INTERNATIONAL,MANNHEIM HBF,PAFRANC,DEMHG,19:07,FRPST
7086,2023-08-13,PARIS (intramuros),NON,9557,20:57,INTERNATIONAL,SARREBRUCK/SAARBRUECKEN,PAFRANC,DESBK,19:07,FRPST
7087,2023-08-13,NIMES,OUI,6034,17:18,SUD EST,PARIS (intramuros),LANGPA,FRPLY,14:17,FRFNI
7088,2023-08-13,PARIS (intramuros),OUI,8389,19:18,ATLANTIQUE,NIORT,PAROCHELLE,FRNIT,16:57,FRPMO
7089,2023-08-13,PARIS (intramuros),OUI,8389,18:31,ATLANTIQUE,POITIERS,PAROCHELLE,FRPIS,16:57,FRPMO
7090,2023-08-13,CHATELLERAULT,OUI,8389,19:57,ATLANTIQUE,LA ROCHELLE VILLE,PAROCHELLE,FRLRH,18:16,FRXCX
7091,2023-08-13,LIMOGES BENEDICTINS,OUI,3628,10:14,IC ARO,LES AUBRAIS ORLEANS,TOULOUZECO,FRLAB,07:57,FRAGQ
7092,2023-08-13,BRIVE LA GAILLARDE,OUI,3628,07:54,IC ARO,LIMOGES BENEDICTINS,TOULOUZECO,FRAGQ,06:55,FRBVE
7093,2023-08-13,BRIVE LA GAILLARDE,OUI,3628,08:27,IC ARO,LA SOUTERRAINE,TOULOUZECO,FRLST,06:55,FRBVE
7094,2023-08-13,BRIVE LA GAILLARDE,OUI,3628,11:17,IC ARO,PARIS (intramuros),TOULOUZECO,FRPAZ,06:55,FRBVE
7095,2023-08-13,ARGENTON SUR CREUSE,OUI,3628,10:14,IC ARO,LES AUBRAIS ORLEANS,TOULOUZECO,FRLAB,08:52,FRFMT
7096,2023-08-13,LA SOUTERRAINE,OUI,3628,10:14,IC ARO,LES AUBRAIS ORLEANS,TOULOUZECO,FRLAB,08:29,FRLST
7097,2023-08-13,BELFORT-MONTBELIARD TGV,OUI,6708,20:42,SUD EST,PARIS (intramuros),BOURPA,FRPLY,18:11,FRTJA
7098,2023-08-13,BELFORT-MONTBELIARD TGV,OUI,6708,18:31,SUD EST,BESANCON - F COMTE TGV,BOURPA,FRTJB,18:11,FRTJA
7099,2023-08-13,ST MAIXENT DEUX SEVRES,OUI,8395,23:31,ATLANTIQUE,LA ROCHELLE VILLE,PAROCHELLE,FRLRH,22:31,FREJC
7100,2023-08-13,PARIS (intramuros),OUI,8395,23:31,ATLANTIQUE,LA ROCHELLE VILLE,PAROCHELLE,FRLRH,20:24,FRPMO
7101,2023-08-13,BEZIERS,OUI,6206,17:01,SUD EST,VALENCE TGV RHONE-ALPES SUD,LANGPA,FRVLA,14:57,FRBZR
7102,2023-08-13,PERPIGNAN,OUI,6206,19:18,SUD EST,PARIS (intramuros),LANGPA,FRPLY,14:04,FRPGF
7103,2023-08-13,PERPIGNAN,OUI,6206,17:01,SUD EST,VALENCE TGV RHONE-ALPES SUD,LANGPA,FRVLA,14:04,FRPGF
7104,2023-08-13,NARBONNE,OUI,6206,17:01,SUD EST,VALENCE TGV RHONE-ALPES SUD,LANGPA,FRVLA,14:41,FRXNA
7105,2023-08-13,MARSEILLE ST CHARLES,OUI,6116,12:37,SUD EST,AVIGNON TGV,PROVENCEPA,FRAVG,12:04,FRMSC
7106,2023-08-13,MARSEILLE ST CHARLES,NON,6116,15:22,SUD EST,PARIS (intramuros),PROVENCEPA,FRPLY,12:04,FRMSC
7107,2023-08-13,CLERMONT FERRAND,OUI,5990,22:57,IC ARO,PARIS (intramuros),CLERMONTPA,FRPBE,19:31,FRCFE
7108,2023-08-13,NEVERS,OUI,5990,22:57,IC ARO,PARIS (intramuros),CLERMONTPA,FRPBE,21:00,FRNVS
7109,2023-08-13,RIOM CHATEL GUYON,OUI,5990,20:29,IC ARO,MOULINS SUR ALLIER,CLERMONTPA,FRXMU,19:42,FRRIO
7110,2023-08-13,PARIS (intramuros),OUI,2765,22:14,EST,REIMS,PABARSED,FRRHE,21:28,FRPST
7111,2023-08-13,REIMS,OUI,2765,22:39,EST,RETHEL,PABARSED,FRBDT,22:19,FRRHE
7112,2023-08-13,REIMS,OUI,2765,23:11,EST,CHARLEVILLE MEZIERES,PABARSED,FRXCZ,22:19,FRRHE
7113,2023-08-13,AVIGNON TGV,OUI,6127,21:59,SUD EST,MARSEILLE ST CHARLES,PAPROVENCE,FRMSC,21:24,FRAVG
7114,2023-08-13,STRASBOURG,OUI,2200,08:47,EST,CHAMPAGNE-ARDENNE,JCESTATL,FREAH,07:31,FRAEG
7115,2023-08-13,STRASBOURG,OUI,2200,08:06,EST,LORRAINE TGV,JCESTATL,FREAM,07:31,FRAEG
7116,2023-08-13,STRASBOURG,NON,2200,13:19,EST,NANTES,JCESTATL,FRNTE,07:31,FRAEG
7117,2023-08-13,CHAMPAGNE-ARDENNE,OUI,2200,09:28,EST,AEROPORT CDG2 TGV ROISSY,JCESTATL,FRMLW,08:58,FREAH
7118,2023-08-13,LORRAINE TGV,NON,2200,10:34,EST,MASSY TGV,JCESTATL,FRDJU,08:09,FREAM
7119,2023-08-13,MARNE LA VALLEE CHESSY,NON,2200,11:32,EST,ST PIERRE DES CORPS,JCESTATL,FRXSH,10:02,FRMLV
7120,2023-08-13,ANGOULEME,NON,5284,14:16,NORD,POITIERS,JCAQUINORD,FRPIS,13:36,FRANG
7121,2023-08-13,ANGOULEME,NON,5284,17:15,NORD,TGV HAUTE PICARDIE,JCAQUINORD,FRTHP,13:36,FRANG
7122,2023-08-13,BORDEAUX ST JEAN,NON,5284,16:41,NORD,AEROPORT CDG2 TGV ROISSY,JCAQUINORD,FRMLW,12:58,FRBOJ
7123,2023-08-13,BORDEAUX ST JEAN,NON,5284,14:50,NORD,ST PIERRE DES CORPS,JCAQUINORD,FRXSH,12:58,FRBOJ
7124,2023-08-13,AEROPORT CDG2 TGV ROISSY,OUI,5284,17:15,NORD,TGV HAUTE PICARDIE,JCAQUINORD,FRTHP,16:47,FRMLW
7125,2023-08-13,POITIERS,NON,5284,17:57,NORD,LILLE (intramuros),JCAQUINORD,FRLLE,14:19,FRPIS
7126,2023-08-13,POITIERS,NON,5284,17:15,NORD,TGV HAUTE PICARDIE,JCAQUINORD,FRTHP,14:19,FRPIS
7127,2023-08-13,ST PIERRE DES CORPS,NON,5284,16:41,NORD,AEROPORT CDG2 TGV ROISSY,JCAQUINORD,FRMLW,14:54,FRXSH
7128,2023-08-13,LYON (intramuros),NON,9752,17:45,INTERNATIONAL,GENEVE,MEDGENEVE,CHGVA,15:40,FRLPD
7129,2023-08-13,LAVAL,NON,5080,12:57,NORD,LE MANS,JCBRETNORD,FRAET,12:28,FRACR
7130,2023-08-13,LE MANS,NON,5080,14:41,NORD,AEROPORT CDG2 TGV ROISSY,JCBRETNORD,FRMLW,13:00,FRAET
7131,2023-08-13,MASSY TGV,OUI,5080,15:49,NORD,LILLE (intramuros),JCBRETNORD,FRLLE,13:55,FRDJU
7132,2023-08-13,MASSY TGV,OUI,5080,14:27,NORD,MARNE LA VALLEE CHESSY,JCBRETNORD,FRMLV,13:55,FRDJU
7133,2023-08-13,MARNE LA VALLEE CHESSY,OUI,5080,14:41,NORD,AEROPORT CDG2 TGV ROISSY,JCBRETNORD,FRMLW,14:31,FRMLV
7134,2023-08-13,MASSY TGV,NON,5210,11:17,NORD,RENNES,JCNORDBRET,FRRNS,09:39,FRDJU
7135,2023-08-13,LILLE (intramuros),OUI,5210,09:34,NORD,MASSY TGV,JCNORDBRET,FRDJU,07:52,FRLLE
7136,2023-08-13,LILLE (intramuros),OUI,5210,08:57,NORD,MARNE LA VALLEE CHESSY,JCNORDBRET,FRMLV,07:52,FRLLE
7137,2023-08-13,LILLE (intramuros),OUI,5210,08:42,NORD,AEROPORT CDG2 TGV ROISSY,JCNORDBRET,FRMLW,07:52,FRLLE
7138,2023-08-13,LILLE (intramuros),NON,5210,11:17,NORD,RENNES,JCNORDBRET,FRRNS,07:52,FRLLE
7139,2023-08-13,MARNE LA VALLEE CHESSY,NON,5210,11:17,NORD,RENNES,JCNORDBRET,FRRNS,09:02,FRMLV
7140,2023-08-13,LILLE (intramuros),OUI,9832,16:43,NORD,AEROPORT CDG2 TGV ROISSY,JCNORDBRET,FRMLW,15:52,FRLLE
7141,2023-08-13,MARNE LA VALLEE CHESSY,NON,9832,17:33,NORD,MASSY TGV,JCNORDBRET,FRDJU,17:02,FRMLV
7142,2023-08-13,LA ROCHELLE VILLE,NON,3833,16:08,IC SRO,BORDEAUX ST JEAN,NANTEBORDO,FRBOJ,13:43,FRLRH
7143,2023-08-13,NANTES,NON,3833,15:10,IC SRO,JONZAC,NANTEBORDO,FREMR,11:55,FRNTE
7144,2023-08-13,NANTES,NON,3833,12:58,IC SRO,LUCON,NANTEBORDO,FRLCN,11:55,FRNTE
7145,2023-08-13,ROCHEFORT,NON,3833,16:08,IC SRO,BORDEAUX ST JEAN,NANTEBORDO,FRBOJ,14:05,FRRCO
7146,2023-08-13,ROCHEFORT,NON,3833,14:32,IC SRO,SAINTES,NANTEBORDO,FRXST,14:05,FRRCO
7147,2023-08-13,LA ROCHE SUR YON,NON,3833,12:58,IC SRO,LUCON,NANTEBORDO,FRLCN,12:36,FRXRO
7148,2023-08-13,CANNES,OUI,6168,18:33,SUD EST,MARSEILLE ST CHARLES,AZURPA,FRMSC,16:32,FRJCA
7149,2023-08-13,NICE VILLE,OUI,6168,16:28,SUD EST,CANNES,AZURPA,FRJCA,16:01,FRNIC
7150,2023-08-13,NICE VILLE,OUI,6168,16:55,SUD EST,ST RAPHAEL VALESCURE,AZURPA,FRXSK,16:01,FRNIC
7151,2023-08-13,ST RAPHAEL VALESCURE,OUI,6168,18:33,SUD EST,MARSEILLE ST CHARLES,AZURPA,FRMSC,16:58,FRXSK
7152,2023-08-13,LA BAULE ESCOUBLAC,OUI,8931,22:08,ATLANTIQUE,LE CROISIC,PARISLOIRE,FREGU,21:59,FRJEE
7153,2023-08-13,NANTES,OUI,8931,21:55,ATLANTIQUE,LA BAULE ESCOUBLAC,PARISLOIRE,FRJEE,21:05,FRNTE
7154,2023-08-13,PARIS (intramuros),NON,8931,22:08,ATLANTIQUE,LE CROISIC,PARISLOIRE,FREGU,18:48,FRPMO
7155,2023-08-13,SABLE SUR SARTHE,OUI,8931,21:39,ATLANTIQUE,ST NAZAIRE,PARISLOIRE,FRSNR,19:56,FRSAB
7156,2023-08-13,ST NAZAIRE,OUI,8931,21:55,ATLANTIQUE,LA BAULE ESCOUBLAC,PARISLOIRE,FRJEE,21:42,FRSNR
7157,2023-08-13,CHATEAUROUX,OUI,3617,11:36,IC ARO,UZERCHE,PALITO,FRAAW,09:43,FRCHR
7158,2023-08-13,CHATEAUROUX,OUI,3617,10:56,IC ARO,LIMOGES BENEDICTINS,PALITO,FRAGQ,09:43,FRCHR
7159,2023-08-13,ARGENTON SUR CREUSE,OUI,3617,12:04,IC ARO,BRIVE LA GAILLARDE,PALITO,FRBVE,09:59,FRFMT
7160,2023-08-13,ARGENTON SUR CREUSE,OUI,3617,10:22,IC ARO,LA SOUTERRAINE,PALITO,FRLST,09:59,FRFMT
7161,2023-08-13,TARBES,OUI,8589,19:39,ATLANTIQUE,LOURDES,SUDOUESTPA,FRLDE,19:26,FRXTB
7162,2023-08-13,BEZIERS,NON,9711,11:20,SUD EST,NARBONNE,PABARCELONE,FRXNA,11:06,FRBZR
7163,2023-08-13,AGDE,NON,9711,11:56,SUD EST,PERPIGNAN,PABARCELONE,FRPGF,10:51,FRXAG
7164,2023-08-13,AGDE,NON,9711,11:20,SUD EST,NARBONNE,PABARCELONE,FRXNA,10:51,FRXAG
7165,2023-08-13,MONTPELLIER SUD DE FRANCE,NON,9711,10:31,SUD EST,SETE,PABARCELONE,FRXSY,10:17,FRSUF
7166,2023-08-13,VALENCE TGV RHONE-ALPES SUD,NON,9711,10:08,SUD EST,MONTPELLIER SUD DE FRANCE,PABARCELONE,FRSUF,09:10,FRVLA
7167,2023-08-13,MONTPELLIER SUD DE FRANCE,NON,9711,11:56,SUD EST,PERPIGNAN,PABARCELONE,FRPGF,10:17,FRSUF
7168,2023-08-13,PARIS (intramuros),NON,9711,13:25,SUD EST,BARCELONA SANTS,PABARCELONE,ESBST,06:56,FRPLY
7169,2023-08-13,PERPIGNAN,NON,9711,13:25,SUD EST,BARCELONA SANTS,PABARCELONE,ESBST,12:03,FRPGF
7170,2023-08-13,PARIS (intramuros),NON,9711,12:44,SUD EST,GIRONA,PABARCELONE,ESGRO,06:56,FRPLY
7171,2023-08-13,PERPIGNAN,NON,9711,12:44,SUD EST,GIRONA,PABARCELONE,ESGRO,12:03,FRPGF
7172,2023-08-13,MONTPELLIER SUD DE FRANCE,NON,9711,13:25,SUD EST,BARCELONA SANTS,PABARCELONE,ESBST,10:17,FRSUF
7173,2023-08-13,SETE,NON,9711,13:25,SUD EST,BARCELONA SANTS,PABARCELONE,ESBST,10:34,FRXSY
7174,2023-08-13,AGDE,NON,9711,12:44,SUD EST,GIRONA,PABARCELONE,ESGRO,10:51,FRXAG
7175,2023-08-13,MONTPELLIER SUD DE FRANCE,NON,9711,12:44,SUD EST,GIRONA,PABARCELONE,ESGRO,10:17,FRSUF
7176,2023-08-13,NIMES PONT DU GARD,NON,9711,12:27,SUD EST,FIGUERES VILA TGV,PABARCELONE,ESFIR,09:49,FRXZP
7177,2023-08-13,LORIENT,OUI,8731,21:28,ATLANTIQUE,QUIMPER,PARISBRETA,FRUIP,20:54,FRLRT
7178,2023-08-13,PARIS (intramuros),NON,8731,20:24,ATLANTIQUE,VANNES,PARISBRETA,FRVNE,17:56,FRPMO
7179,2023-08-13,RENNES,OUI,8731,21:28,ATLANTIQUE,QUIMPER,PARISBRETA,FRUIP,19:29,FRRNS
7180,2023-08-13,SURGERES,OUI,8392,00:17,ATLANTIQUE,PARIS (intramuros),ROCHELLEPA,FRPMO,21:31,FREIP
7181,2023-08-13,POITIERS,OUI,8392,00:17,ATLANTIQUE,PARIS (intramuros),ROCHELLEPA,FRPMO,22:41,FRPIS
7182,2023-08-13,ST PIERRE DES CORPS,OUI,8392,00:17,ATLANTIQUE,PARIS (intramuros),ROCHELLEPA,FRPMO,23:15,FRXSH
7183,2023-08-13,KAISERSLAUTERN HBF,NON,9554,13:10,INTERNATIONAL,FORBACH,FRANCPA,FRBQT,12:24,DEKLT
7184,2023-08-13,MANNHEIM HBF,NON,9554,13:01,INTERNATIONAL,SARREBRUCK/SAARBRUECKEN,FRANCPA,DESBK,11:40,DEMHG
7185,2023-08-13,NIMES,NON,2204,17:40,EST,DIJON VILLE,JCRHONRHIN,FRABA,14:23,FRFNI
7186,2023-08-13,NIMES,NON,2204,20:13,EST,STRASBOURG,JCRHONRHIN,FRAEG,14:23,FRFNI
7187,2023-08-13,NIMES,NON,2204,18:44,EST,BELFORT-MONTBELIARD TGV,JCRHONRHIN,FRTJA,14:23,FRFNI
7188,2023-08-13,MACON VILLE,NON,2204,19:09,EST,MULHOUSE VILLE,JCRHONRHIN,FRAEK,16:41,FRHGU
7189,2023-08-13,LYON (intramuros),NON,2204,20:13,EST,STRASBOURG,JCRHONRHIN,FRAEG,16:04,FRLPD
7190,2023-08-13,LYON (intramuros),NON,2204,16:39,EST,MACON VILLE,JCRHONRHIN,FRHGU,16:04,FRLPD
7191,2023-08-13,LYON (intramuros),NON,2204,18:17,EST,BESANCON - F COMTE TGV,JCRHONRHIN,FRTJB,16:04,FRLPD
7192,2023-08-13,VALENCE TGV RHONE-ALPES SUD,NON,2204,17:40,EST,DIJON VILLE,JCRHONRHIN,FRABA,15:12,FRVLA
7193,2023-08-13,VALENCE TGV RHONE-ALPES SUD,NON,2204,18:17,EST,BESANCON - F COMTE TGV,JCRHONRHIN,FRTJB,15:12,FRVLA
7194,2023-08-13,PARIS (intramuros),NON,8751,21:25,ATLANTIQUE,RENNES,PARISBRETA,FRRNS,19:54,FRPMO
7195,2023-08-13,PARIS (intramuros),NON,8751,22:03,ATLANTIQUE,REDON,PARISBRETA,FRXRN,19:54,FRPMO
7196,2023-08-13,RENNES,NON,8751,22:28,ATLANTIQUE,VANNES,PARISBRETA,FRVNE,21:29,FRRNS
7197,2023-08-13,VANNES,OUI,8751,23:13,ATLANTIQUE,QUIMPERLE,PARISBRETA,FRECO,22:31,FRVNE
7198,2023-08-13,VANNES,OUI,8751,23:30,ATLANTIQUE,ROSPORDEN,PARISBRETA,FRRSP,22:31,FRVNE
7199,2023-08-13,REDON,NON,8751,22:59,ATLANTIQUE,LORIENT,PARISBRETA,FRLRT,22:05,FRXRN
7200,2023-08-13,BRUXELLES MIDI BRUSSEL ZUID,NON,9812,13:35,NORD,NIMES,JCNORDSUD,FRFNI,08:20,BEBMI
7201,2023-08-13,BRUXELLES MIDI BRUSSEL ZUID,NON,9812,14:03,NORD,MONTPELLIER SAINT-ROCH,JCNORDSUD,FRMPL,08:20,BEBMI
7202,2023-08-13,BRUXELLES MIDI BRUSSEL ZUID,NON,9812,12:45,NORD,VALENCE TGV RHONE-ALPES SUD,JCNORDSUD,FRVLA,08:20,BEBMI
7203,2023-08-13,LILLE (intramuros),NON,9812,13:35,NORD,NIMES,JCNORDSUD,FRFNI,09:03,FRLLE
7204,2023-08-13,LILLE (intramuros),NON,9812,10:08,NORD,MARNE LA VALLEE CHESSY,JCNORDSUD,FRMLV,09:03,FRLLE
7205,2023-08-13,LYON (intramuros),NON,9812,13:35,NORD,NIMES,JCNORDSUD,FRFNI,12:06,FRLPD
7206,2023-08-13,LYON (intramuros),NON,9812,14:03,NORD,MONTPELLIER SAINT-ROCH,JCNORDSUD,FRMPL,12:06,FRLPD
7207,2023-08-13,MARNE LA VALLEE CHESSY,NON,9812,12:00,NORD,LYON (intramuros),JCNORDSUD,FRLPD,10:12,FRMLV
7208,2023-08-13,AEROPORT CDG2 TGV ROISSY,NON,9812,14:03,NORD,MONTPELLIER SAINT-ROCH,JCNORDSUD,FRMPL,09:58,FRMLW
7209,2023-08-13,PARIS (intramuros),NON,8541,16:14,ATLANTIQUE,BAYONNE,PASUDOUEST,FRXBY,12:08,FRPMO
7210,2023-08-13,ST JEAN DE LUZ CIBOURE,OUI,8541,16:56,ATLANTIQUE,HENDAYE,PASUDOUEST,FRAEF,16:44,FRXJZ
7211,2023-08-13,DIJON VILLE,NON,6704,15:08,SUD EST,PARIS (intramuros),BOURPA,FRPLY,13:27,FRABA
7212,2023-08-13,MONTBARD,NON,6704,15:08,SUD EST,PARIS (intramuros),BOURPA,FRPLY,14:05,FRGWE
7213,2023-08-13,BESANCON - F COMTE TGV,NON,6704,14:02,SUD EST,MONTBARD,BOURPA,FRGWE,12:54,FRTJB
7214,2023-08-13,MARSEILLE ST CHARLES,OUI,6134,20:20,SUD EST,AIX EN PROVENCE TGV,PROVENCEPA,FRAIE,20:09,FRMSC
7215,2023-08-13,MARSEILLE ST CHARLES,OUI,6134,20:42,SUD EST,AVIGNON TGV,PROVENCEPA,FRAVG,20:09,FRMSC
7216,2023-08-13,MARSEILLE ST CHARLES,OUI,6134,23:30,SUD EST,PARIS (intramuros),PROVENCEPA,FRPLY,20:09,FRMSC
7217,2023-08-13,AGEN,NON,4655,11:22,IC ARO,NIMES,TJOURSOSE,FRFNI,07:33,FRAGF
7218,2023-08-13,AGEN,NON,4655,12:36,IC ARO,MARSEILLE ST CHARLES,TJOURSOSE,FRMSC,07:33,FRAGF
7219,2023-08-13,AGEN,OUI,4655,08:08,IC ARO,MONTAUBAN VILLE BOURBON,TJOURSOSE,FRXMW,07:33,FRAGF
7220,2023-08-13,AGEN,OUI,4655,08:37,IC ARO,TOULOUSE MATABIAU,TJOURSOSE,FRXYT,07:33,FRAGF
7221,2023-08-13,BORDEAUX ST JEAN,NON,4655,10:54,IC ARO,MONTPELLIER SAINT-ROCH,TJOURSOSE,FRMPL,06:28,FRBOJ
7222,2023-08-13,BORDEAUX ST JEAN,NON,4655,09:58,IC ARO,NARBONNE,TJOURSOSE,FRXNA,06:28,FRBOJ
7223,2023-08-13,NIMES,NON,4655,12:36,IC ARO,MARSEILLE ST CHARLES,TJOURSOSE,FRMSC,11:25,FRFNI
7224,2023-08-13,MONTAUBAN VILLE BOURBON,NON,4655,11:22,IC ARO,NIMES,TJOURSOSE,FRFNI,08:10,FRXMW
7225,2023-08-13,MONTAUBAN VILLE BOURBON,NON,4655,12:36,IC ARO,MARSEILLE ST CHARLES,TJOURSOSE,FRMSC,08:10,FRXMW
7226,2023-08-13,MONTAUBAN VILLE BOURBON,OUI,4655,08:37,IC ARO,TOULOUSE MATABIAU,TJOURSOSE,FRXYT,08:10,FRXMW
7227,2023-08-13,TOULOUSE MATABIAU,NON,4655,11:22,IC ARO,NIMES,TJOURSOSE,FRFNI,08:45,FRXYT
7228,2023-08-13,TOULOUSE MATABIAU,NON,4655,12:36,IC ARO,MARSEILLE ST CHARLES,TJOURSOSE,FRMSC,08:45,FRXYT
7229,2023-08-13,BEZIERS,NON,6873,19:51,SUD EST,LYON (intramuros),JCSUDPROV,FRLPD,17:15,FRBZR
7230,2023-08-13,BEZIERS,NON,6873,19:10,SUD EST,VALENCE TGV RHONE-ALPES SUD,JCSUDPROV,FRVLA,17:15,FRBZR
7231,2023-08-13,CARCASSONNE,NON,6873,19:51,SUD EST,LYON (intramuros),JCSUDPROV,FRLPD,16:27,FRCCF
7232,2023-08-13,CARCASSONNE,NON,6873,17:55,SUD EST,MONTPELLIER SAINT-ROCH,JCSUDPROV,FRMPL,16:27,FRCCF
7233,2023-08-13,CARCASSONNE,NON,6873,19:10,SUD EST,VALENCE TGV RHONE-ALPES SUD,JCSUDPROV,FRVLA,16:27,FRCCF
7234,2023-08-13,NARBONNE,NON,6873,18:23,SUD EST,NIMES,JCSUDPROV,FRFNI,16:59,FRXNA
7235,2023-08-13,NARBONNE,NON,6873,17:36,SUD EST,SETE,JCSUDPROV,FRXSY,16:59,FRXNA
7236,2023-08-13,SETE,NON,6873,18:23,SUD EST,NIMES,JCSUDPROV,FRFNI,17:39,FRXSY
7237,2023-08-13,TOULOUSE MATABIAU,NON,6873,18:23,SUD EST,NIMES,JCSUDPROV,FRFNI,15:43,FRXYT
7238,2023-08-13,TOULOUSE MATABIAU,NON,6873,17:55,SUD EST,MONTPELLIER SAINT-ROCH,JCSUDPROV,FRMPL,15:43,FRXYT
7239,2023-08-13,TOULOUSE MATABIAU,NON,6873,17:36,SUD EST,SETE,JCSUDPROV,FRXSY,15:43,FRXYT
7240,2023-08-13,PARIS (intramuros),OUI,2465,22:24,EST,STRASBOURG,PASTRAMULH,FRAEG,20:25,FRPST
7241,2023-08-13,PARIS (intramuros),OUI,2465,21:38,EST,LORRAINE TGV,PASTRAMULH,FREAM,20:25,FRPST
7242,2023-08-13,AVIGNON TGV,OUI,6136,09:22,SUD EST,PARIS (intramuros),PROVENCEPA,FRPLY,06:41,FRAVG
7243,2023-08-13,LAVAL,OUI,5380,10:30,SUD EST,RENNES,JCSUDATL,FRRNS,10:05,FRACR
7244,2023-08-13,LE MANS,OUI,5380,10:02,SUD EST,LAVAL,JCSUDATL,FRACR,09:33,FRAET
7245,2023-08-13,LYON (intramuros),OUI,5380,09:30,SUD EST,LE MANS,JCSUDATL,FRAET,06:16,FRLPE
7246,2023-08-13,LYON (intramuros),OUI,5380,06:24,SUD EST,LYON (intramuros),JCSUDATL,FRLPD,06:16,FRLPE
7247,2023-08-13,MONTPELLIER SAINT-ROCH,NON,6223,20:35,SUD EST,SETE,PALANG,FRXSY,20:21,FRMPL
7248,2023-08-13,PARIS (intramuros),NON,6223,21:04,SUD EST,BEZIERS,PALANG,FRBZR,16:42,FRPLY
7249,2023-08-13,PARIS (intramuros),NON,6223,19:46,SUD EST,NIMES,PALANG,FRFNI,16:42,FRPLY
7250,2023-08-13,AGDE,NON,6223,21:04,SUD EST,BEZIERS,PALANG,FRBZR,20:53,FRXAG
7251,2023-08-13,DIJON VILLE,NON,5521,10:56,EST,LYON (intramuros),JCRHINRHON,FRLPD,09:21,FRABA
7252,2023-08-13,METZ VILLE,NON,5521,10:56,EST,LYON (intramuros),JCRHINRHON,FRLPD,05:46,FRADE
7253,2023-08-13,STRASBOURG,NON,5521,09:11,EST,DIJON VILLE,JCRHINRHON,FRABA,06:47,FRAEG
7254,2023-08-13,STRASBOURG,OUI,5521,08:14,EST,BELFORT-MONTBELIARD TGV,JCRHINRHON,FRTJA,06:47,FRAEG
7255,2023-08-13,STRASBOURG,OUI,5521,08:38,EST,BESANCON - F COMTE TGV,JCRHINRHON,FRTJB,06:47,FRAEG
7256,2023-08-13,COLMAR,OUI,5521,08:14,EST,BELFORT-MONTBELIARD TGV,JCRHINRHON,FRTJA,07:16,FRAEJ
7257,2023-08-13,MULHOUSE VILLE,NON,5521,12:24,EST,NIMES,JCRHINRHON,FRFNI,07:52,FRAEK
7258,2023-08-13,BESANCON - F COMTE TGV,NON,5521,12:24,EST,NIMES,JCRHINRHON,FRFNI,08:41,FRTJB
7259,2023-08-13,LYON-SAINT EXUPERY TGV,OUI,6922,19:46,SUD EST,PARIS (intramuros),GRENOBLEPA,FRPLY,17:54,FRJDQ
7260,2023-08-13,LAHR SCHWARZW,NON,9408,10:05,EST,PARIS (intramuros),MULHSTRAPA,FRPST,07:37,DEANL
7261,2023-08-13,OFFENBOURG/OFFENBURG,NON,9408,10:05,EST,PARIS (intramuros),MULHSTRAPA,FRPST,07:50,DEZPA
7262,2023-08-13,FREIBURG BREISGAU HBF,OUI,9408,08:13,EST,STRASBOURG,MULHSTRAPA,FRAEG,07:08,DEFGB
7263,2023-08-13,PAU,OUI,8585,18:13,ATLANTIQUE,DAX,SUDOUESTPA,FRACG,17:19,FRAEE
7264,2023-08-13,PAU,OUI,8585,19:35,ATLANTIQUE,BORDEAUX ST JEAN,SUDOUESTPA,FRBOJ,17:19,FRAEE
7265,2023-08-13,PAU,OUI,8585,17:41,ATLANTIQUE,ORTHEZ,SUDOUESTPA,FRGFI,17:19,FRAEE
7266,2023-08-13,BORDEAUX ST JEAN,NON,8585,21:52,ATLANTIQUE,PARIS (intramuros),SUDOUESTPA,FRPMO,19:45,FRBOJ
7267,2023-08-13,LOURDES,OUI,8585,18:13,ATLANTIQUE,DAX,SUDOUESTPA,FRACG,16:49,FRLDE
7268,2023-08-13,LOURDES,OUI,8585,17:17,ATLANTIQUE,PAU,SUDOUESTPA,FRAEE,16:49,FRLDE
7269,2023-08-13,LOURDES,NON,8585,21:52,ATLANTIQUE,PARIS (intramuros),SUDOUESTPA,FRPMO,16:49,FRLDE
7270,2023-08-13,TARBES,OUI,8585,19:35,ATLANTIQUE,BORDEAUX ST JEAN,SUDOUESTPA,FRBOJ,16:25,FRXTB
7271,2023-08-13,DAX,NON,3742,06:08,IC NUIT,LES AUBRAIS ORLEANS,PALOMBEPAR,FRLAB,20:34,FRACG
7272,2023-08-13,PAU,NON,3742,06:08,IC NUIT,LES AUBRAIS ORLEANS,PALOMBEPAR,FRLAB,21:30,FRAEE
7273,2023-08-13,ORTHEZ,NON,3742,07:19,IC NUIT,PARIS (intramuros),PALOMBEPAR,FRPAZ,21:04,FRGFI
7274,2023-08-13,ST MAIXENT DEUX SEVRES,OUI,8391,20:37,ATLANTIQUE,NIORT,PAROCHELLE,FRNIT,20:21,FREJC
7275,2023-08-13,NIORT,OUI,8391,21:21,ATLANTIQUE,LA ROCHELLE VILLE,PAROCHELLE,FRLRH,20:40,FRNIT
7276,2023-08-13,ARVANT,NON,15940,15:22,IC SRO,BRASSAC LES MINES STE FLORINE,JOUNOREST,FRHLE,15:17,FRARV
7277,2023-08-13,BRASSAC LES MINES STE FLORINE,NON,15940,16:01,IC SRO,CLERMONT FERRAND,JOUNOREST,FRCFE,15:23,FRHLE
7278,2023-08-13,BRASSAC LES MINES STE FLORINE,NON,15940,15:35,IC SRO,ISSOIRE,JOUNOREST,FRHLB,15:23,FRHLE
7279,2023-08-13,NEUSSARGUES,NON,15940,14:57,IC SRO,MASSIAC BLESLE,JOUNOREST,FRHMY,14:36,FRNEU
7280,2023-08-13,MARVEJOLS,NON,15940,13:14,IC SRO,AUMONT AUBRAC,JOUNOREST,FRINC,12:50,FRINE
7281,2023-08-13,BEDARIEUX,NON,15940,10:18,IC SRO,LE BOUSQUET D'ORB,JOUNOREST,FRIMG,10:08,FRIMH
7282,2023-08-13,ST ROME DE CERNON,NON,15940,11:24,IC SRO,MILLAU,JOUNOREST,FRMAU,11:07,FRINN
7283,2023-08-13,BEZIERS,NON,15940,11:06,IC SRO,ST ROME DE CERNON,JOUNOREST,FRINN,09:33,FRBZR
7284,2023-08-13,BEZIERS,NON,15940,13:27,IC SRO,ST CHELY D'APCHER,JOUNOREST,FRINB,09:33,FRBZR
7285,2023-08-13,ST FLOUR CHAUDES AIGUES,NON,15940,16:01,IC SRO,CLERMONT FERRAND,JOUNOREST,FRCFE,14:07,FRIMW
7286,2023-08-13,MARVEJOLS,NON,15940,16:01,IC SRO,CLERMONT FERRAND,JOUNOREST,FRCFE,12:50,FRINE
7287,2023-08-13,BEZIERS,NON,15940,14:27,IC SRO,NEUSSARGUES,JOUNOREST,FRNEU,09:33,FRBZR
7288,2023-08-13,BEZIERS,NON,15940,11:13,IC SRO,ST GEORGES DE LUZENCON,JOUNOREST,FRINM,09:33,FRBZR
7289,2023-08-13,ST FLOUR CHAUDES AIGUES,NON,15940,15:16,IC SRO,ARVANT,JOUNOREST,FRARV,14:07,FRIMW
7290,2023-08-13,SEVERAC LE CHATEAU,NON,15940,13:27,IC SRO,ST CHELY D'APCHER,JOUNOREST,FRINB,11:58,FRSVC
7291,2023-08-13,AUMONT AUBRAC,NON,15940,13:27,IC SRO,ST CHELY D'APCHER,JOUNOREST,FRINB,13:15,FRINC
7292,2023-08-13,BEZIERS,NON,15940,10:33,IC SRO,CEILHES ROQUEREDONDE,JOUNOREST,FRIMC,09:33,FRBZR
7293,2023-08-13,NEUSSARGUES,NON,15940,15:35,IC SRO,ISSOIRE,JOUNOREST,FRHLB,14:36,FRNEU
7294,2023-08-13,ST ROME DE CERNON,NON,15940,14:27,IC SRO,NEUSSARGUES,JOUNOREST,FRNEU,11:07,FRINN
7295,2023-08-13,ST FLOUR CHAUDES AIGUES,NON,15940,15:35,IC SRO,ISSOIRE,JOUNOREST,FRHLB,14:07,FRIMW
7296,2023-08-13,MILLAU,NON,15940,13:14,IC SRO,AUMONT AUBRAC,JOUNOREST,FRINC,11:26,FRMAU
7297,2023-08-13,MILLAU,NON,15940,14:27,IC SRO,NEUSSARGUES,JOUNOREST,FRNEU,11:26,FRMAU
7298,2023-08-13,MILLAU,NON,15940,15:22,IC SRO,BRASSAC LES MINES STE FLORINE,JOUNOREST,FRHLE,11:26,FRMAU
7299,2023-08-13,BEDARIEUX,NON,15940,15:35,IC SRO,ISSOIRE,JOUNOREST,FRHLB,10:08,FRIMH
7300,2023-08-13,BEZIERS,NON,15940,15:16,IC SRO,ARVANT,JOUNOREST,FRARV,09:33,FRBZR
7301,2023-08-13,MARVEJOLS,NON,15940,14:57,IC SRO,MASSIAC BLESLE,JOUNOREST,FRHMY,12:50,FRINE
7302,2023-08-13,AUMONT AUBRAC,NON,15940,14:06,IC SRO,ST FLOUR CHAUDES AIGUES,JOUNOREST,FRIMW,13:15,FRINC
7303,2023-08-13,AUMONT AUBRAC,NON,15940,15:35,IC SRO,ISSOIRE,JOUNOREST,FRHLB,13:15,FRINC
7304,2023-08-13,ST ROME DE CERNON,NON,15940,15:16,IC SRO,ARVANT,JOUNOREST,FRARV,11:07,FRINN
7305,2023-08-13,CAMPAGNAC ST GENIEZ,NON,15940,14:27,IC SRO,NEUSSARGUES,JOUNOREST,FRNEU,12:12,FRINJ
7306,2023-08-13,BEZIERS,NON,15940,09:46,IC SRO,MAGALAS,JOUNOREST,FRIMK,09:33,FRBZR
7307,2023-08-13,MAGALAS,NON,15940,11:06,IC SRO,ST ROME DE CERNON,JOUNOREST,FRINN,09:47,FRIMK
7308,2023-08-13,CAMPAGNAC ST GENIEZ,NON,15940,13:14,IC SRO,AUMONT AUBRAC,JOUNOREST,FRINC,12:12,FRINJ
7309,2023-08-13,MAGALAS,NON,15940,13:27,IC SRO,ST CHELY D'APCHER,JOUNOREST,FRINB,09:47,FRIMK
7310,2023-08-13,MAGALAS,NON,15940,14:27,IC SRO,NEUSSARGUES,JOUNOREST,FRNEU,09:47,FRIMK
7311,2023-08-13,MAGALAS,NON,15940,15:22,IC SRO,BRASSAC LES MINES STE FLORINE,JOUNOREST,FRHLE,09:47,FRIMK
7312,2023-08-13,TOURNEMIRE ROQUEFORT,NON,15940,14:57,IC SRO,MASSIAC BLESLE,JOUNOREST,FRHMY,10:59,FRINO
7313,2023-08-13,MAGALAS,NON,15940,12:11,IC SRO,CAMPAGNAC ST GENIEZ,JOUNOREST,FRINJ,09:47,FRIMK
7314,2023-08-13,LE BOUSQUET D'ORB,NON,15940,12:11,IC SRO,CAMPAGNAC ST GENIEZ,JOUNOREST,FRINJ,10:19,FRIMG
7315,2023-08-13,ST ROME DE CERNON,NON,15940,12:26,IC SRO,BANASSAC LA CANOURGUE,JOUNOREST,FRINH,11:07,FRINN
7316,2023-08-13,LE MONASTIER,NON,15940,12:49,IC SRO,MARVEJOLS,JOUNOREST,FRINE,12:42,FRLMR
7317,2023-08-13,ST ROME DE CERNON,NON,15940,12:11,IC SRO,CAMPAGNAC ST GENIEZ,JOUNOREST,FRINJ,11:07,FRINN
7318,2023-08-13,LE MONASTIER,NON,15940,14:27,IC SRO,NEUSSARGUES,JOUNOREST,FRNEU,12:42,FRLMR
7319,2023-08-13,ST ROME DE CERNON,NON,15940,15:22,IC SRO,BRASSAC LES MINES STE FLORINE,JOUNOREST,FRHLE,11:07,FRINN
7320,2023-08-13,PARIS (intramuros),OUI,9591,19:11,EST,STRASBOURG,PASTRAMULH,FRAEG,17:25,FRPST
7321,2023-08-13,PARIS (intramuros),OUI,9591,20:26,EST,FREIBURG BREISGAU HBF,PASTRAMULH,DEFGB,17:25,FRPST
7322,2023-08-13,PARIS (intramuros),OUI,9591,19:39,EST,OFFENBOURG/OFFENBURG,PASTRAMULH,DEZPA,17:25,FRPST
7323,2023-08-13,OFFENBOURG/OFFENBURG,OUI,9591,20:02,EST,RINGSHEIM/EU-PARK,PASTRAMULH,DERSH,19:44,DEZPA
7324,2023-08-13,LE MANS,NON,5338,21:30,SUD EST,LYON (intramuros),JCATLSUD,FRLPD,18:30,FRAET
7325,2023-08-13,LE MANS,NON,5338,21:47,SUD EST,LYON (intramuros),JCATLSUD,FRLPE,18:30,FRAET
7326,2023-08-13,MASSY TGV,OUI,5338,21:30,SUD EST,LYON (intramuros),JCATLSUD,FRLPD,19:26,FRDJU
7327,2023-08-13,RENNES,NON,5338,21:30,SUD EST,LYON (intramuros),JCATLSUD,FRLPD,17:30,FRRNS
7328,2023-08-13,BASEL SBB,NON,9206,11:38,INTERNATIONAL,PARIS (intramuros),ZURBALPA,FRPLY,08:34,CHAJP
7329,2023-08-13,LIBOURNE,OUI,8491,21:44,ATLANTIQUE,BORDEAUX ST JEAN,PASUDOUEST,FRBOJ,21:19,FRXLR
7330,2023-08-13,STRASBOURG,OUI,2098,14:58,EST,MEUSE TGV,JCESTATL,FREAJ,14:01,FRAEG
7331,2023-08-13,STRASBOURG,NON,2098,16:27,EST,MARNE LA VALLEE CHESSY,JCESTATL,FRMLV,14:01,FRAEG
7332,2023-08-13,STRASBOURG,NON,2098,18:40,EST,POITIERS,JCESTATL,FRPIS,14:01,FRAEG
7333,2023-08-13,MEUSE TGV,NON,2098,16:04,EST,AEROPORT CDG2 TGV ROISSY,JCESTATL,FRMLW,15:05,FREAJ
7334,2023-08-13,LORRAINE TGV,NON,2098,17:04,EST,MASSY TGV,JCESTATL,FRDJU,14:39,FREAM
7335,2023-08-13,LORRAINE TGV,OUI,2098,14:58,EST,MEUSE TGV,JCESTATL,FREAJ,14:39,FREAM
7336,2023-08-13,LORRAINE TGV,NON,2098,16:04,EST,AEROPORT CDG2 TGV ROISSY,JCESTATL,FRMLW,14:39,FREAM
7337,2023-08-13,MARNE LA VALLEE CHESSY,NON,2098,18:40,EST,POITIERS,JCESTATL,FRPIS,16:32,FRMLV
7338,2023-08-13,AEROPORT CDG2 TGV ROISSY,NON,2098,18:06,EST,ST PIERRE DES CORPS,JCESTATL,FRXSH,16:18,FRMLW
7339,2023-08-13,LILLE (intramuros),OUI,7060,18:14,NORD,PARIS (intramuros),LILLEPA,FRPNO,17:12,FRADJ
7340,2023-08-13,BORDEAUX ST JEAN,NON,4669,19:04,IC ARO,MARMANDE,TJOURSOSE,FRXMR,18:28,FRBOJ
7341,2023-08-13,BORDEAUX ST JEAN,NON,4669,22:34,IC ARO,SETE,TJOURSOSE,FRXSY,18:28,FRBOJ
7342,2023-08-13,MARMANDE,NON,4669,23:22,IC ARO,NIMES,TJOURSOSE,FRFNI,19:06,FRXMR
7343,2023-08-13,MARMANDE,NON,4669,22:54,IC ARO,MONTPELLIER SAINT-ROCH,TJOURSOSE,FRMPL,19:06,FRXMR
7344,2023-08-13,MARMANDE,NON,4669,21:58,IC ARO,NARBONNE,TJOURSOSE,FRXNA,19:06,FRXMR
7345,2023-08-13,TOULOUSE MATABIAU,OUI,4669,21:58,IC ARO,NARBONNE,TJOURSOSE,FRXNA,20:45,FRXYT
7346,2023-08-13,MANNHEIM HBF,NON,9551,12:59,INTERNATIONAL,FRANKFURT MAIN HBF,PAFRANC,DEFRH,12:19,DEMHG
7347,2023-08-13,SARREBRUCK/SAARBRUECKEN,NON,9551,12:59,INTERNATIONAL,FRANKFURT MAIN HBF,PAFRANC,DEFRH,10:58,DESBK
7348,2023-08-13,FORBACH,NON,9551,12:59,INTERNATIONAL,FRANKFURT MAIN HBF,PAFRANC,DEFRH,10:47,FRBQT
7349,2023-08-13,FORBACH,NON,9551,11:34,INTERNATIONAL,KAISERSLAUTERN HBF,PAFRANC,DEKLT,10:47,FRBQT
7350,2023-08-13,PARIS (intramuros),NON,9551,12:59,INTERNATIONAL,FRANKFURT MAIN HBF,PAFRANC,DEFRH,09:06,FRPST
7351,2023-08-13,PARIS (intramuros),NON,9551,11:34,INTERNATIONAL,KAISERSLAUTERN HBF,PAFRANC,DEKLT,09:06,FRPST
7352,2023-08-13,BREST,OUI,8610,10:15,ATLANTIQUE,GUINGAMP,BRETAPARIS,FRGGP,09:07,FRBES
7353,2023-08-13,GUINGAMP,NON,8610,10:45,ATLANTIQUE,LAMBALLE,BRETAPARIS,FRLAM,10:18,FRGGP
7354,2023-08-13,GUINGAMP,NON,8610,13:19,ATLANTIQUE,PARIS (intramuros),BRETAPARIS,FRPMO,10:18,FRGGP
7355,2023-08-13,LAMBALLE,NON,8610,12:01,ATLANTIQUE,LAVAL,BRETAPARIS,FRACR,10:48,FRLAM
7356,2023-08-13,LAMBALLE,NON,8610,11:29,ATLANTIQUE,RENNES,BRETAPARIS,FRRNS,10:48,FRLAM
7357,2023-08-13,MORLAIX,NON,8610,12:01,ATLANTIQUE,LAVAL,BRETAPARIS,FRACR,09:44,FRMXN
7358,2023-08-13,PLOUARET TREGOR,OUI,8610,10:33,ATLANTIQUE,ST BRIEUC,BRETAPARIS,FRSBK,10:02,FRPLT
7359,2023-08-13,ST BRIEUC,NON,8610,13:19,ATLANTIQUE,PARIS (intramuros),BRETAPARIS,FRPMO,10:37,FRSBK
7360,2023-08-13,LANDERNEAU,OUI,8610,10:15,ATLANTIQUE,GUINGAMP,BRETAPARIS,FRGGP,09:20,FRXLD
7361,2023-08-13,ANGERS ST LAUD,OUI,9886,08:18,NORD,MASSY TGV,JCBRETNORD,FRDJU,06:41,FRACL
7362,2023-08-13,ANGERS ST LAUD,OUI,9886,10:17,NORD,LILLE (intramuros),JCBRETNORD,FRLLE,06:41,FRACL
7363,2023-08-13,ANGERS ST LAUD,OUI,9886,08:57,NORD,MARNE LA VALLEE CHESSY,JCBRETNORD,FRMLV,06:41,FRACL
7364,2023-08-13,ANGERS ST LAUD,OUI,9886,09:10,NORD,AEROPORT CDG2 TGV ROISSY,JCBRETNORD,FRMLW,06:41,FRACL
7365,2023-08-13,LE MANS,OUI,9886,10:17,NORD,LILLE (intramuros),JCBRETNORD,FRLLE,07:26,FRAET
7366,2023-08-13,MASSY TGV,OUI,9886,09:10,NORD,AEROPORT CDG2 TGV ROISSY,JCBRETNORD,FRMLW,08:26,FRDJU
7367,2023-08-13,MASSY TGV,OUI,9886,09:45,NORD,TGV HAUTE PICARDIE,JCBRETNORD,FRTHP,08:26,FRDJU
7368,2023-08-13,AEROPORT CDG2 TGV ROISSY,OUI,9886,09:45,NORD,TGV HAUTE PICARDIE,JCBRETNORD,FRTHP,09:16,FRMLW
7369,2023-08-13,NANTES,OUI,9886,08:57,NORD,MARNE LA VALLEE CHESSY,JCBRETNORD,FRMLV,06:01,FRNTE
7370,2023-08-13,NANTES,OUI,9886,09:10,NORD,AEROPORT CDG2 TGV ROISSY,JCBRETNORD,FRMLW,06:01,FRNTE
7371,2023-08-13,NANTES,OUI,9886,09:45,NORD,TGV HAUTE PICARDIE,JCBRETNORD,FRTHP,06:01,FRNTE
7372,2023-08-13,TGV HAUTE PICARDIE,OUI,9886,10:17,NORD,LILLE (intramuros),JCBRETNORD,FRLLE,09:50,FRTHP
7373,2023-08-13,NANTES,NON,9886,11:01,NORD,BRUXELLES MIDI BRUSSEL ZUID,JCBRETNORD,BEBMI,06:01,FRNTE
7374,2023-08-13,ANGERS ST LAUD,NON,9886,11:01,NORD,BRUXELLES MIDI BRUSSEL ZUID,JCBRETNORD,BEBMI,06:41,FRACL
7375,2023-08-13,LE MANS,NON,9886,11:01,NORD,BRUXELLES MIDI BRUSSEL ZUID,JCBRETNORD,BEBMI,07:26,FRAET
7376,2023-08-13,AIX LES BAINS LE REVARD,OUI,6980,18:08,SUD EST,CHAMBERY CHALLES LES EAUX,ALPESPARIS,FRCMF,17:59,FRXAI
7377,2023-08-13,SURGERES,OUI,8393,22:25,ATLANTIQUE,LA ROCHELLE VILLE,PAROCHELLE,FRLRH,22:04,FREIP
7378,2023-08-13,POITIERS,OUI,8393,21:41,ATLANTIQUE,NIORT,PAROCHELLE,FRNIT,20:58,FRPIS
7379,2023-08-13,ST PIERRE DES CORPS,OUI,8393,22:02,ATLANTIQUE,SURGERES,PAROCHELLE,FREIP,20:23,FRXSH
7380,2023-08-13,ST PIERRE DES CORPS,OUI,8393,22:25,ATLANTIQUE,LA ROCHELLE VILLE,PAROCHELLE,FRLRH,20:23,FRXSH
7381,2023-08-13,BIARRITZ,OUI,8547,18:41,ATLANTIQUE,ST JEAN DE LUZ CIBOURE,PASUDOUEST,FRXJZ,18:28,FRBIQ
7382,2023-08-13,BORDEAUX ST JEAN,NON,8547,18:56,ATLANTIQUE,HENDAYE,PASUDOUEST,FRAEF,16:21,FRBOJ
7383,2023-08-13,BORDEAUX ST JEAN,NON,8547,18:13,ATLANTIQUE,BAYONNE,PASUDOUEST,FRXBY,16:21,FRBOJ
7384,2023-08-13,MASSY TGV,NON,8547,17:38,ATLANTIQUE,DAX,PASUDOUEST,FRACG,14:15,FRDJU
7385,2023-08-13,PARIS (intramuros),NON,8547,17:38,ATLANTIQUE,DAX,PASUDOUEST,FRACG,14:03,FRPMO
7386,2023-08-13,PARIS (intramuros),NON,8547,16:15,ATLANTIQUE,BORDEAUX ST JEAN,PASUDOUEST,FRBOJ,14:03,FRPMO
7387,2023-08-13,PARIS (intramuros),NON,8547,18:13,ATLANTIQUE,BAYONNE,PASUDOUEST,FRXBY,14:03,FRPMO
7388,2023-08-13,BAYONNE,OUI,8547,18:56,ATLANTIQUE,HENDAYE,PASUDOUEST,FRAEF,18:16,FRXBY
7389,2023-08-13,BAYONNE,OUI,8547,18:25,ATLANTIQUE,BIARRITZ,PASUDOUEST,FRBIQ,18:16,FRXBY
7390,2023-08-13,PARIS (intramuros),NON,9789,22:09,INTERNATIONAL,BOURG EN BRESSE,PAGENEVE,FRXBK,20:18,FRPLY
7391,2023-08-13,BOURG EN BRESSE,NON,9789,23:00,INTERNATIONAL,BELLEGARDE,PAGENEVE,FRXBF,22:12,FRXBK
7392,2023-08-13,UZERCHE,OUI,3684,20:25,IC ARO,ISSOUDUN,TOULOUZECO,FRFMN,18:21,FRAAW
7393,2023-08-13,STRASBOURG,OUI,2377,21:06,EST,SELESTAT,PASTRAMULH,FRXSQ,20:47,FRAEG
7394,2023-08-13,PARIS (intramuros),NON,2377,21:06,EST,SELESTAT,PASTRAMULH,FRXSQ,18:55,FRPST
7395,2023-08-13,ANGOULEME,OUI,8447,18:44,ATLANTIQUE,BORDEAUX ST JEAN,PASUDOUEST,FRBOJ,18:08,FRANG
7396,2023-08-13,POITIERS,OUI,8447,18:05,ATLANTIQUE,ANGOULEME,PASUDOUEST,FRANG,17:27,FRPIS
7397,2023-08-13,PARIS (intramuros),OUI,8447,17:24,ATLANTIQUE,POITIERS,PASUDOUEST,FRPIS,16:03,FRPMO
7398,2023-08-13,NANTES,OUI,8804,07:41,ATLANTIQUE,ANGERS ST LAUD,LOIREPARIS,FRACL,07:05,FRNTE
7399,2023-08-13,NANTES,NON,8804,09:12,ATLANTIQUE,PARIS (intramuros),LOIREPARIS,FRPMO,07:05,FRNTE
7400,2023-08-13,NANTES,OUI,8122,16:23,ATLANTIQUE,LE MANS,LOIREPARIS,FRAET,15:05,FRNTE
7401,2023-08-13,THIONVILLE,OUI,2864,10:52,EST,METZ VILLE,LUXMETZPA,FRADE,10:34,FRXTH
7402,2023-08-13,KARLSRUHE HBF,NON,9577,19:04,INTERNATIONAL,STUTTGART HBF,PASTUTMUN,DESGT,18:27,DEQKA
7403,2023-08-13,STUTTGART HBF,NON,9577,21:04,INTERNATIONAL,AUGSBURG HBF,PASTUTMUN,DEAGB,19:20,DESGT
7404,2023-08-13,STRASBOURG,NON,9577,19:04,INTERNATIONAL,STUTTGART HBF,PASTUTMUN,DESGT,17:46,FRAEG
7405,2023-08-13,PARIS (intramuros),NON,9577,21:36,INTERNATIONAL,MUENCHEN HBF,PASTUTMUN,DEBEG,15:55,FRPST
7406,2023-08-13,LAMBALLE,NON,8615,14:47,ATLANTIQUE,BREST,PARISBRETA,FRBES,13:10,FRLAM
7407,2023-08-13,PARIS (intramuros),NON,8615,12:25,ATLANTIQUE,RENNES,PARISBRETA,FRRNS,10:53,FRPMO
7408,2023-08-13,PARIS (intramuros),NON,8615,13:20,ATLANTIQUE,ST BRIEUC,PARISBRETA,FRSBK,10:53,FRPMO
7409,2023-08-13,RENNES,NON,8615,14:12,ATLANTIQUE,MORLAIX,PARISBRETA,FRMXN,12:32,FRRNS
7410,2023-08-13,ST BRIEUC,OUI,8615,14:47,ATLANTIQUE,BREST,PARISBRETA,FRBES,13:23,FRSBK
7411,2023-08-13,ST BRIEUC,OUI,8615,13:37,ATLANTIQUE,GUINGAMP,PARISBRETA,FRGGP,13:23,FRSBK
7412,2023-08-13,ST BRIEUC,OUI,8615,14:12,ATLANTIQUE,MORLAIX,PARISBRETA,FRMXN,13:23,FRSBK
7413,2023-08-13,POITIERS,OUI,8483,10:12,ATLANTIQUE,BORDEAUX ST JEAN,PASUDOUEST,FRBOJ,08:23,FRPIS
7414,2023-08-13,PARIS (intramuros),OUI,8313,17:43,ATLANTIQUE,TOURS,PAROCHELLE,FRAFW,16:28,FRPMO
7415,2023-08-13,PARIS (intramuros),OUI,8313,17:35,ATLANTIQUE,ST PIERRE DES CORPS,PAROCHELLE,FRXSH,16:28,FRPMO
7416,2023-08-13,LEUCATE LA FRANQUI,OUI,3736,06:08,IC NUIT,LES AUBRAIS ORLEANS,PALOMBEPAR,FRLAB,20:15,FRILQ
7417,2023-08-13,RIVESALTES,OUI,3736,07:19,IC NUIT,PARIS (intramuros),PALOMBEPAR,FRPAZ,20:00,FRIOF
7418,2023-08-13,ELNE,OUI,3736,06:08,IC NUIT,LES AUBRAIS ORLEANS,PALOMBEPAR,FRLAB,19:38,FRIOG
7419,2023-08-13,BANYULS SUR MER,OUI,3736,06:08,IC NUIT,LES AUBRAIS ORLEANS,PALOMBEPAR,FRLAB,19:12,FRXBU
7420,2023-08-13,CERBERE,OUI,3736,07:19,IC NUIT,PARIS (intramuros),PALOMBEPAR,FRPAZ,19:04,FRXCE
7421,2023-08-13,NARBONNE,OUI,3736,07:19,IC NUIT,PARIS (intramuros),PALOMBEPAR,FRPAZ,21:12,FRXNA
7422,2023-08-13,BEZIERS,NON,6821,11:02,SUD EST,TOULOUSE MATABIAU,JCPROVSUD,FRXYT,09:30,FRBZR
7423,2023-08-13,LYON (intramuros),NON,6821,08:04,SUD EST,NIMES,JCPROVSUD,FRFNI,06:37,FRLPD
7424,2023-08-13,LYON (intramuros),NON,6821,11:02,SUD EST,TOULOUSE MATABIAU,JCPROVSUD,FRXYT,06:37,FRLPD
7425,2023-08-13,VALENCE TGV RHONE-ALPES SUD,NON,6821,10:17,SUD EST,CARCASSONNE,JCPROVSUD,FRCCF,07:18,FRVLA
7426,2023-08-13,VALENCE TGV RHONE-ALPES SUD,NON,6821,08:37,SUD EST,MONTPELLIER SAINT-ROCH,JCPROVSUD,FRMPL,07:18,FRVLA
7427,2023-08-13,AVIGNON TGV,OUI,6122,18:22,SUD EST,PARIS (intramuros),PROVENCEPA,FRPLY,15:38,FRAVG
7428,2023-08-13,ANGERS ST LAUD,NON,2206,19:29,EST,STRASBOURG,JCATLEST,FRAEG,14:49,FRACL
7429,2023-08-13,LE MANS,NON,2206,16:20,EST,MASSY TGV,JCATLEST,FRDJU,15:30,FRAET
7430,2023-08-13,LE MANS,NON,2206,17:13,EST,AEROPORT CDG2 TGV ROISSY,JCATLEST,FRMLW,15:30,FRAET
7431,2023-08-13,MASSY TGV,NON,2206,19:29,EST,STRASBOURG,JCATLEST,FRAEG,16:26,FRDJU
7432,2023-08-13,MASSY TGV,NON,2206,18:48,EST,LORRAINE TGV,JCATLEST,FREAM,16:26,FRDJU
7433,2023-08-13,NANTES,NON,2206,16:57,EST,MARNE LA VALLEE CHESSY,JCATLEST,FRMLV,14:09,FRNTE
7434,2023-08-13,NANTES,NON,2206,17:13,EST,AEROPORT CDG2 TGV ROISSY,JCATLEST,FRMLW,14:09,FRNTE
7435,2023-08-13,ALBI VILLE,NON,3754,05:43,IC NUIT,LES AUBRAIS ORLEANS,OCCITANPAR,FRLAB,20:50,FRAFJ
7436,2023-08-13,CAPDENAC,NON,3754,06:50,IC NUIT,PARIS (intramuros),OCCITANPAR,FRPAZ,23:47,FRCDC
7437,2023-08-13,CRANSAC,NON,3754,05:43,IC NUIT,LES AUBRAIS ORLEANS,OCCITANPAR,FRLAB,23:20,FRFSR
7438,2023-08-13,RODEZ,NON,3754,06:50,IC NUIT,PARIS (intramuros),OCCITANPAR,FRPAZ,22:38,FRRDZ
7439,2023-08-13,BORDEAUX ST JEAN,NON,8508,14:52,ATLANTIQUE,PARIS (intramuros),SUDOUESTPA,FRPMO,12:46,FRBOJ
7440,2023-08-13,MODANE,NON,9241,11:23,INTERNATIONAL,OULX CESANA CLAV SESTRIERE,PAITALIE,ITOCS,10:55,FRAGR
7441,2023-08-13,CHAMBERY CHALLES LES EAUX,NON,9241,13:49,INTERNATIONAL,MILANO P GARIBALDI,PAITALIE,ITMPG,09:44,FRCMF
7442,2023-08-13,MACON LOCHE TGV,NON,9241,09:36,INTERNATIONAL,CHAMBERY CHALLES LES EAUX,PAITALIE,FRCMF,08:19,FRMLT
7443,2023-08-13,AIX EN PROVENCE TGV,NON,9868,19:56,NORD,LILLE (intramuros),JCSUDNORD,FRLLE,15:24,FRAIE
7444,2023-08-13,AIX EN PROVENCE TGV,NON,9868,18:47,NORD,MARNE LA VALLEE CHESSY,JCSUDNORD,FRMLV,15:24,FRAIE
7445,2023-08-13,AVIGNON TGV,NON,9868,18:47,NORD,MARNE LA VALLEE CHESSY,JCSUDNORD,FRMLV,15:46,FRAVG
7446,2023-08-13,MARNE LA VALLEE CHESSY,NON,9868,19:01,NORD,AEROPORT CDG2 TGV ROISSY,JCSUDNORD,FRMLW,18:51,FRMLV
7447,2023-08-13,MARSEILLE ST CHARLES,NON,9868,19:56,NORD,LILLE (intramuros),JCSUDNORD,FRLLE,15:11,FRMSC
7448,2023-08-13,METZ VILLE,OUI,2815,12:52,EST,LUXEMBOURG,PAMETZLUX,LULUX,12:10,FRADE
7449,2023-08-13,PARIS (intramuros),NON,2815,12:52,EST,LUXEMBOURG,PAMETZLUX,LULUX,10:40,FRPST
7450,2023-08-13,MANNHEIM HBF,NON,9555,20:59,INTERNATIONAL,FRANKFURT MAIN HBF,PAFRANC,DEFRH,20:19,DEMHG
7451,2023-08-13,SARREBRUCK/SAARBRUECKEN,NON,9555,20:59,INTERNATIONAL,FRANKFURT MAIN HBF,PAFRANC,DEFRH,18:59,DESBK
7452,2023-08-13,PARIS (intramuros),NON,9555,20:59,INTERNATIONAL,FRANKFURT MAIN HBF,PAFRANC,DEFRH,17:10,FRPST
7453,2023-08-13,PARIS (intramuros),NON,9555,19:35,INTERNATIONAL,KAISERSLAUTERN HBF,PAFRANC,DEKLT,17:10,FRPST
7454,2023-08-13,PARIS (intramuros),NON,9555,20:17,INTERNATIONAL,MANNHEIM HBF,PAFRANC,DEMHG,17:10,FRPST
7455,2023-08-13,RENNES,NON,8717,14:25,ATLANTIQUE,VANNES,PARISBRETA,FRVNE,13:29,FRRNS
7456,2023-08-13,VANNES,OUI,8717,14:38,ATLANTIQUE,AURAY,PARISBRETA,FRXUY,14:28,FRVNE
7457,2023-08-13,LYON (intramuros),OUI,6618,12:58,SUD EST,LYON (intramuros),RHONEPARIS,FRLPD,12:49,FRLPE
7458,2023-08-13,LYON (intramuros),NON,6618,15:00,SUD EST,PARIS (intramuros),RHONEPARIS,FRPLY,12:49,FRLPE
7459,2023-08-13,PARIS (intramuros),OUI,8461,00:02,ATLANTIQUE,ANGOULEME,PASUDOUEST,FRANG,21:45,FRPMO
7460,2023-08-13,ST PIERRE DES CORPS,OUI,8461,00:42,ATLANTIQUE,BORDEAUX ST JEAN,PASUDOUEST,FRBOJ,22:49,FRXSH
7461,2023-08-13,BRUXELLES MIDI BRUSSEL ZUID,NON,9826,10:53,NORD,LILLE (intramuros),JCNORDSUD,FRLLE,10:17,BEBMI
7462,2023-08-13,BRUXELLES MIDI BRUSSEL ZUID,NON,9826,11:54,NORD,AEROPORT CDG2 TGV ROISSY,JCNORDSUD,FRMLW,10:17,BEBMI
7463,2023-08-13,BRUXELLES MIDI BRUSSEL ZUID,NON,9826,14:48,NORD,VALENCE TGV RHONE-ALPES SUD,JCNORDSUD,FRVLA,10:17,BEBMI
7464,2023-08-13,LILLE (intramuros),NON,9826,11:54,NORD,AEROPORT CDG2 TGV ROISSY,JCNORDSUD,FRMLW,11:04,FRLLE
7465,2023-08-13,LILLE (intramuros),NON,9826,14:48,NORD,VALENCE TGV RHONE-ALPES SUD,JCNORDSUD,FRVLA,11:04,FRLLE
7466,2023-08-13,MARNE LA VALLEE CHESSY,NON,9826,14:48,NORD,VALENCE TGV RHONE-ALPES SUD,JCNORDSUD,FRVLA,12:14,FRMLV
7467,2023-08-13,VALENCE TGV RHONE-ALPES SUD,NON,9826,15:30,NORD,NIMES PONT DU GARD,JCNORDSUD,FRXZP,14:53,FRVLA
7468,2023-08-13,NIMES PONT DU GARD,OUI,9826,15:51,NORD,MONTPELLIER SUD DE FRANCE,JCNORDSUD,FRSUF,15:33,FRXZP
7469,2023-08-13,ROCHEFORT,NON,3835,19:10,IC SRO,JONZAC,NANTEBORDO,FREMR,18:05,FRRCO
7470,2023-08-13,LA ROCHE SUR YON,NON,3835,17:39,IC SRO,LA ROCHELLE VILLE,NANTEBORDO,FRLRH,16:36,FRXRO
7471,2023-08-13,SAINTES,NON,3835,20:11,IC SRO,BORDEAUX ST JEAN,NANTEBORDO,FRBOJ,18:34,FRXST
7472,2023-08-13,PARIS (intramuros),OUI,5789,04:42,IC NUIT,CREST,PABRIANCON,FRCRE,20:51,FRPAZ
7473,2023-08-13,PARIS (intramuros),OUI,5789,07:33,IC NUIT,EMBRUN,PABRIANCON,FRIGV,20:51,FRPAZ
7474,2023-08-13,POITIERS,NON,8485,16:34,ATLANTIQUE,ANGOULEME,PASUDOUEST,FRANG,15:57,FRPIS
7475,2023-08-13,PARIS (intramuros),NON,8485,17:15,ATLANTIQUE,LIBOURNE,PASUDOUEST,FRXLR,14:15,FRPMO
7476,2023-08-13,ANGERS ST LAUD,OUI,5354,14:50,SUD EST,NANTES,JCSUDATL,FRNTE,14:12,FRACL
7477,2023-08-13,LE MANS,NON,5354,14:09,SUD EST,ANGERS ST LAUD,JCSUDATL,FRACL,13:32,FRAET
7478,2023-08-13,LE MANS,NON,5354,14:50,SUD EST,NANTES,JCSUDATL,FRNTE,13:32,FRAET
7479,2023-08-13,LYON (intramuros),NON,5354,14:09,SUD EST,ANGERS ST LAUD,JCSUDATL,FRACL,10:16,FRLPE
7480,2023-08-13,LYON (intramuros),OUI,5354,10:24,SUD EST,LYON (intramuros),JCSUDATL,FRLPD,10:16,FRLPE
7481,2023-08-13,UZERCHE,OUI,3656,16:06,IC ARO,CHATEAUROUX,TOULOUZECO,FRCHR,14:18,FRAAW
7482,2023-08-13,LIMOGES BENEDICTINS,NON,3656,16:46,IC ARO,VIERZON VILLE,TOULOUZECO,FRXVZ,14:57,FRAGQ
7483,2023-08-13,BRIVE LA GAILLARDE,OUI,3656,14:54,IC ARO,LIMOGES BENEDICTINS,TOULOUZECO,FRAGQ,13:52,FRBVE
7484,2023-08-13,BRIVE LA GAILLARDE,OUI,3656,16:06,IC ARO,CHATEAUROUX,TOULOUZECO,FRCHR,13:52,FRBVE
7485,2023-08-13,ISSOUDUN,NON,3656,18:21,IC ARO,PARIS (intramuros),TOULOUZECO,FRPAZ,16:24,FRFMN
7486,2023-08-13,GOURDON,OUI,3656,14:54,IC ARO,LIMOGES BENEDICTINS,TOULOUZECO,FRAGQ,13:08,FRFSI
7487,2023-08-13,LA SOUTERRAINE,OUI,3656,16:06,IC ARO,CHATEAUROUX,TOULOUZECO,FRCHR,15:29,FRLST
7488,2023-08-13,SOUILLAC,OUI,3656,13:49,IC ARO,BRIVE LA GAILLARDE,TOULOUZECO,FRBVE,13:25,FRSOU
7489,2023-08-13,SOUILLAC,NON,3656,16:46,IC ARO,VIERZON VILLE,TOULOUZECO,FRXVZ,13:25,FRSOU
7490,2023-08-13,CAHORS,OUI,3656,14:54,IC ARO,LIMOGES BENEDICTINS,TOULOUZECO,FRAGQ,12:41,FRZAO
7491,2023-08-13,CAHORS,OUI,3656,13:06,IC ARO,GOURDON,TOULOUZECO,FRFSI,12:41,FRZAO
7492,2023-08-13,CAHORS,OUI,3656,15:27,IC ARO,LA SOUTERRAINE,TOULOUZECO,FRLST,12:41,FRZAO
7493,2023-08-13,SOUILLAC,NON,3656,16:23,IC ARO,ISSOUDUN,TOULOUZECO,FRFMN,13:25,FRSOU
7494,2023-08-13,AIX EN PROVENCE TGV,OUI,6124,16:38,SUD EST,AVIGNON TGV,AZURPA,FRAVG,16:19,FRAIE
7495,2023-08-13,TOULON,NON,6124,16:16,SUD EST,AIX EN PROVENCE TGV,AZURPA,FRAIE,15:07,FRTLN
7496,2023-08-13,TOULON,NON,6124,15:50,SUD EST,MARSEILLE ST CHARLES,AZURPA,FRMSC,15:07,FRTLN
7497,2023-08-13,PARIS (intramuros),NON,5771,08:30,IC NUIT,CANNES,PARAZUR,FRJCA,20:51,FRPAZ
7498,2023-08-13,PARIS (intramuros),NON,5771,07:48,IC NUIT,LES ARCS DRAGUIGNAN,PARAZUR,FRXRS,20:51,FRPAZ
7499,2023-08-13,PARIS (intramuros),NON,6917,14:03,SUD EST,LYON-SAINT EXUPERY TGV,PAGRENOBLE,FRJDQ,12:14,FRPLY
7500,2023-08-13,BELFORT-MONTBELIARD TGV,NON,9219,19:26,INTERNATIONAL,BASEL SBB,PABALZUR,CHAJP,18:41,FRTJA
7501,2023-08-13,LAVAL,NON,8707,12:38,ATLANTIQUE,QUIMPER,PARISBRETA,FRUIP,09:58,FRACR
7502,2023-08-13,LAVAL,NON,8707,11:29,ATLANTIQUE,VANNES,PARISBRETA,FRVNE,09:58,FRACR
7503,2023-08-13,LORIENT,OUI,8707,12:38,ATLANTIQUE,QUIMPER,PARISBRETA,FRUIP,12:03,FRLRT
7504,2023-08-13,PARIS (intramuros),NON,8707,11:29,ATLANTIQUE,VANNES,PARISBRETA,FRVNE,08:40,FRPMO
7505,2023-08-13,RENNES,NON,8707,11:42,ATLANTIQUE,AURAY,PARISBRETA,FRXUY,10:29,FRRNS
7506,2023-08-13,VANNES,NON,8707,12:38,ATLANTIQUE,QUIMPER,PARISBRETA,FRUIP,11:32,FRVNE
7507,2023-08-13,AURAY,OUI,8707,12:00,ATLANTIQUE,LORIENT,PARISBRETA,FRLRT,11:45,FRXUY
7508,2023-08-13,QUIMPERLE,OUI,8730,15:50,ATLANTIQUE,LORIENT,BRETAPARIS,FRLRT,15:40,FRECO
7509,2023-08-13,QUIMPERLE,NON,8730,19:06,ATLANTIQUE,PARIS (intramuros),BRETAPARIS,FRPMO,15:40,FRECO
7510,2023-08-13,QUIMPERLE,NON,8730,16:23,ATLANTIQUE,VANNES,BRETAPARIS,FRVNE,15:40,FRECO
7511,2023-08-13,LORIENT,OUI,8730,16:09,ATLANTIQUE,AURAY,BRETAPARIS,FRXUY,15:53,FRLRT
7512,2023-08-13,ROSPORDEN,OUI,8730,15:50,ATLANTIQUE,LORIENT,BRETAPARIS,FRLRT,15:24,FRRSP
7513,2023-08-13,ROSPORDEN,NON,8730,16:23,ATLANTIQUE,VANNES,BRETAPARIS,FRVNE,15:24,FRRSP
7514,2023-08-13,QUIMPER,OUI,8730,15:37,ATLANTIQUE,QUIMPERLE,BRETAPARIS,FRECO,15:10,FRUIP
7515,2023-08-13,QUIMPER,OUI,8730,15:50,ATLANTIQUE,LORIENT,BRETAPARIS,FRLRT,15:10,FRUIP
7516,2023-08-13,QUIMPER,NON,8730,17:25,ATLANTIQUE,RENNES,BRETAPARIS,FRRNS,15:10,FRUIP
7517,2023-08-13,AURAY,NON,8730,17:25,ATLANTIQUE,RENNES,BRETAPARIS,FRRNS,16:13,FRXUY
7518,2023-08-13,MARSEILLE ST CHARLES,NON,6060,19:24,SUD EST,LYON (intramuros),JCSUDPROV,FRLPD,17:36,FRMSC
7519,2023-08-13,SARREBRUCK/SAARBRUECKEN,NON,9553,15:35,INTERNATIONAL,KAISERSLAUTERN HBF,PAFRANC,DEKLT,14:59,DESBK
7520,2023-08-13,PORNICHET,NON,8916,14:09,ATLANTIQUE,PARIS (intramuros),LOIREPARIS,FRPMO,11:10,FREGR
7521,2023-08-13,PORNICHET,OUI,8916,11:21,ATLANTIQUE,ST NAZAIRE,LOIREPARIS,FRSNR,11:10,FREGR
7522,2023-08-13,LE CROISIC,NON,8916,11:59,ATLANTIQUE,NANTES,LOIREPARIS,FRNTE,10:48,FREGU
7523,2023-08-13,LA BAULE ESCOUBLAC,NON,8916,14:09,ATLANTIQUE,PARIS (intramuros),LOIREPARIS,FRPMO,11:04,FRJEE
7524,2023-08-13,PARIS (intramuros),OUI,8379,13:17,ATLANTIQUE,ST PIERRE DES CORPS,PAROCHELLE,FRXSH,12:16,FRPMO
7525,2023-08-13,LYON (intramuros),OUI,5186,23:26,NORD,LILLE (intramuros),JCSUDNORD,FRLLE,20:16,FRLPE
7526,2023-08-13,MARNE LA VALLEE CHESSY,OUI,5186,22:31,NORD,AEROPORT CDG2 TGV ROISSY,JCSUDNORD,FRMLW,22:21,FRMLV
7527,2023-08-13,PARIS (intramuros),OUI,8347,22:54,ATLANTIQUE,POITIERS,PAROCHELLE,FRPIS,20:57,FRPMO
7528,2023-08-13,CHATELLERAULT,OUI,8347,22:54,ATLANTIQUE,POITIERS,PAROCHELLE,FRPIS,22:36,FRXCX
7529,2023-08-13,ST PIERRE DES CORPS,OUI,8347,22:34,ATLANTIQUE,CHATELLERAULT,PAROCHELLE,FRXCX,22:09,FRXSH
7530,2023-08-13,PARIS (intramuros),OUI,7025,11:18,NORD,LILLE (intramuros),PALILLE,FRADJ,10:16,FRPNO
7531,2023-08-13,CHATEAUROUX,OUI,3629,14:12,IC ARO,LA SOUTERRAINE,PALITO,FRLST,13:35,FRCHR
7532,2023-08-13,LES AUBRAIS ORLEANS,NON,3629,14:48,IC ARO,LIMOGES BENEDICTINS,PALITO,FRAGQ,12:26,FRLAB
7533,2023-08-13,LES AUBRAIS ORLEANS,NON,3629,14:12,IC ARO,LA SOUTERRAINE,PALITO,FRLST,12:26,FRLAB
7534,2023-08-13,LES AUBRAIS ORLEANS,NON,3629,13:00,IC ARO,VIERZON VILLE,PALITO,FRXVZ,12:26,FRLAB
7535,2023-08-13,PARIS (intramuros),NON,3629,14:48,IC ARO,LIMOGES BENEDICTINS,PALITO,FRAGQ,11:29,FRPAZ
7536,2023-08-13,PARIS (intramuros),NON,3629,14:12,IC ARO,LA SOUTERRAINE,PALITO,FRLST,11:29,FRPAZ
7537,2023-08-13,VIERZON VILLE,NON,3629,15:51,IC ARO,BRIVE LA GAILLARDE,PALITO,FRBVE,13:02,FRXVZ
7538,2023-08-13,VIERZON VILLE,NON,3629,13:33,IC ARO,CHATEAUROUX,PALITO,FRCHR,13:02,FRXVZ
7539,2023-08-13,VIERZON VILLE,NON,3629,14:12,IC ARO,LA SOUTERRAINE,PALITO,FRLST,13:02,FRXVZ
7540,2023-08-13,ANGOULEME,NON,8488,19:33,ATLANTIQUE,PARIS (intramuros),SUDOUESTPA,FRPMO,17:26,FRANG
7541,2023-08-13,BORDEAUX ST JEAN,NON,8488,18:06,ATLANTIQUE,POITIERS,SUDOUESTPA,FRPIS,16:19,FRBOJ
7542,2023-08-13,LIBOURNE,OUI,8488,17:23,ATLANTIQUE,ANGOULEME,SUDOUESTPA,FRANG,16:42,FRXLR
7543,2023-08-13,LIBOURNE,NON,8488,19:33,ATLANTIQUE,PARIS (intramuros),SUDOUESTPA,FRPMO,16:42,FRXLR
7544,2023-08-13,BEZIERS,NON,6823,14:15,SUD EST,TOULOUSE MATABIAU,JCPROVSUD,FRXYT,12:46,FRBZR
7545,2023-08-13,NIMES,NON,6823,12:59,SUD EST,NARBONNE,JCPROVSUD,FRXNA,11:37,FRFNI
7546,2023-08-13,LYON (intramuros),NON,6823,12:59,SUD EST,NARBONNE,JCPROVSUD,FRXNA,10:08,FRLPD
7547,2023-08-13,VALENCE TGV RHONE-ALPES SUD,NON,6823,14:15,SUD EST,TOULOUSE MATABIAU,JCPROVSUD,FRXYT,10:49,FRVLA
7548,2023-08-13,BEZIERS,OUI,6225,22:56,SUD EST,PERPIGNAN,PALANG,FRPGF,22:06,FRBZR
7549,2023-08-13,MONTPELLIER SAINT-ROCH,OUI,6225,22:20,SUD EST,NARBONNE,PALANG,FRXNA,21:17,FRMPL
7550,2023-08-13,PARIS (intramuros),NON,6225,21:11,SUD EST,MONTPELLIER SAINT-ROCH,PALANG,FRMPL,17:42,FRPLY
7551,2023-08-13,PARIS (intramuros),NON,6225,21:48,SUD EST,AGDE,PALANG,FRXAG,17:42,FRPLY
7552,2023-08-13,VALENCE TGV RHONE-ALPES SUD,NON,6225,22:56,SUD EST,PERPIGNAN,PALANG,FRPGF,19:56,FRVLA
7553,2023-08-13,AGDE,OUI,6225,22:56,SUD EST,PERPIGNAN,PALANG,FRPGF,21:51,FRXAG
7554,2023-08-13,AGDE,OUI,6225,22:20,SUD EST,NARBONNE,PALANG,FRXNA,21:51,FRXAG
7555,2023-08-13,SETE,OUI,6225,22:03,SUD EST,BEZIERS,PALANG,FRBZR,21:34,FRXSY
7556,2023-08-13,CANNES,NON,6074,12:33,SUD EST,MARSEILLE ST CHARLES,AZURPA,FRMSC,10:32,FRJCA
7557,2023-08-13,NICE VILLE,OUI,6074,10:28,SUD EST,CANNES,AZURPA,FRJCA,09:57,FRNIC
7558,2023-08-13,NICE VILLE,OUI,6074,10:13,SUD EST,ANTIBES,AZURPA,FRXAT,09:57,FRNIC
7559,2023-08-13,TOULON,NON,6074,12:33,SUD EST,MARSEILLE ST CHARLES,AZURPA,FRMSC,11:48,FRTLN
7560,2023-08-13,TOULON,NON,6074,15:50,SUD EST,PARIS (intramuros),AZURPA,FRPLY,11:48,FRTLN
7561,2023-08-13,ANTIBES,NON,6074,15:50,SUD EST,PARIS (intramuros),AZURPA,FRPLY,10:16,FRXAT
7562,2023-08-13,ST RAPHAEL VALESCURE,NON,6074,11:44,SUD EST,TOULON,AZURPA,FRTLN,10:58,FRXSK
7563,2023-08-13,RETHEL,OUI,2715,10:10,EST,CHARLEVILLE MEZIERES,PABARSED,FRXCZ,09:42,FRBDT
7564,2023-08-13,DAX,NON,8540,15:40,ATLANTIQUE,BORDEAUX ST JEAN,SUDOUESTPA,FRBOJ,14:19,FRACG
7565,2023-08-13,HENDAYE,OUI,8540,14:14,ATLANTIQUE,DAX,SUDOUESTPA,FRACG,13:01,FRAEF
7566,2023-08-13,ST JEAN DE LUZ CIBOURE,OUI,8540,13:39,ATLANTIQUE,BAYONNE,SUDOUESTPA,FRXBY,13:14,FRXJZ
7567,2023-08-13,QUIMPERLE,OUI,8742,19:18,ATLANTIQUE,VANNES,BRETAPARIS,FRVNE,18:36,FRECO
7568,2023-08-13,QUIMPERLE,NON,8742,19:45,ATLANTIQUE,REDON,BRETAPARIS,FRXRN,18:36,FRECO
7569,2023-08-13,LORIENT,NON,8742,19:45,ATLANTIQUE,REDON,BRETAPARIS,FRXRN,18:50,FRLRT
7570,2023-08-13,QUIMPER,NON,8742,21:56,ATLANTIQUE,PARIS (intramuros),BRETAPARIS,FRPMO,18:08,FRUIP
7571,2023-08-13,AURAY,NON,8742,21:56,ATLANTIQUE,PARIS (intramuros),BRETAPARIS,FRPMO,19:08,FRXUY
7572,2023-08-13,PARIS (intramuros),NON,2369,16:26,EST,COLMAR,PASTRAMULH,FRAEJ,13:55,FRPST
7573,2023-08-13,ANGOULEME,OUI,8455,23:11,ATLANTIQUE,BORDEAUX ST JEAN,PASUDOUEST,FRBOJ,22:29,FRANG
7574,2023-08-13,PARIS (intramuros),OUI,8455,22:26,ATLANTIQUE,ANGOULEME,PASUDOUEST,FRANG,20:36,FRPMO
7575,2023-08-13,PARIS (intramuros),OUI,8455,23:11,ATLANTIQUE,BORDEAUX ST JEAN,PASUDOUEST,FRBOJ,20:36,FRPMO
7576,2023-08-13,PARIS (intramuros),OUI,8455,20:46,ATLANTIQUE,MASSY TGV,PASUDOUEST,FRDJU,20:36,FRPMO
7577,2023-08-13,PARIS (intramuros),NON,8123,16:53,ATLANTIQUE,NANTES,PARISLOIRE,FRNTE,14:45,FRPMO
7578,2023-08-13,MACON LOCHE TGV,NON,6941,16:32,SUD EST,ANNECY,PARISALPES,FRNCY,14:20,FRMLT
7579,2023-08-13,PARIS (intramuros),NON,6941,15:36,SUD EST,CHAMBERY CHALLES LES EAUX,PARISALPES,FRCMF,12:46,FRPLY
7580,2023-08-13,PARIS (intramuros),NON,6941,15:59,SUD EST,AIX LES BAINS LE REVARD,PARISALPES,FRXAI,12:46,FRPLY
7581,2023-08-13,LIMOGES BENEDICTINS,OUI,3648,13:19,IC ARO,CHATEAUROUX,TOULOUZECO,FRCHR,12:09,FRAGQ
7582,2023-08-13,LIMOGES BENEDICTINS,OUI,3648,13:35,IC ARO,ISSOUDUN,TOULOUZECO,FRFMN,12:09,FRAGQ
7583,2023-08-13,LIMOGES BENEDICTINS,OUI,3648,15:32,IC ARO,PARIS (intramuros),TOULOUZECO,FRPAZ,12:09,FRAGQ
7584,2023-08-13,BRIVE LA GAILLARDE,OUI,3648,13:02,IC ARO,ARGENTON SUR CREUSE,TOULOUZECO,FRFMT,11:05,FRBVE
7585,2023-08-13,CHATEAUROUX,OUI,3648,13:35,IC ARO,ISSOUDUN,TOULOUZECO,FRFMN,13:21,FRCHR
7586,2023-08-13,ISSOUDUN,OUI,3648,15:32,IC ARO,PARIS (intramuros),TOULOUZECO,FRPAZ,13:36,FRFMN
7587,2023-08-13,ARGENTON SUR CREUSE,OUI,3648,13:19,IC ARO,CHATEAUROUX,TOULOUZECO,FRCHR,13:03,FRFMT
7588,2023-08-13,ANGERS ST LAUD,NON,5300,10:17,SUD EST,VALENCE TGV RHONE-ALPES SUD,JCATLSUD,FRVLA,05:33,FRACL
7589,2023-08-13,VALENCE TGV RHONE-ALPES SUD,OUI,5300,11:21,SUD EST,MONTPELLIER SUD DE FRANCE,JCATLSUD,FRSUF,10:22,FRVLA
7590,2023-08-13,MASSY TGV,NON,5300,10:58,SUD EST,NIMES PONT DU GARD,JCATLSUD,FRXZP,07:26,FRDJU
7591,2023-08-13,ST PIERRE DES CORPS,NON,5300,10:58,SUD EST,NIMES PONT DU GARD,JCATLSUD,FRXZP,06:28,FRXSH
7592,2023-08-13,LAVAL,NON,8739,21:03,ATLANTIQUE,REDON,PARISBRETA,FRXRN,19:58,FRACR
7593,2023-08-13,LORIENT,OUI,8739,22:13,ATLANTIQUE,QUIMPERLE,PARISBRETA,FRECO,22:02,FRLRT
7594,2023-08-13,PARIS (intramuros),NON,8739,20:25,ATLANTIQUE,RENNES,PARISBRETA,FRRNS,18:40,FRPMO
7595,2023-08-13,PARIS (intramuros),NON,8739,21:28,ATLANTIQUE,VANNES,PARISBRETA,FRVNE,18:40,FRPMO
7596,2023-08-13,RENNES,NON,8739,21:59,ATLANTIQUE,LORIENT,PARISBRETA,FRLRT,20:29,FRRNS
7597,2023-08-13,RENNES,NON,8739,21:41,ATLANTIQUE,AURAY,PARISBRETA,FRXUY,20:29,FRRNS
7598,2023-08-13,ROSPORDEN,OUI,8739,22:45,ATLANTIQUE,QUIMPER,PARISBRETA,FRUIP,22:33,FRRSP
7599,2023-08-13,REDON,OUI,8739,22:30,ATLANTIQUE,ROSPORDEN,PARISBRETA,FRRSP,21:05,FRXRN
7600,2023-08-13,REDON,OUI,8739,21:28,ATLANTIQUE,VANNES,PARISBRETA,FRVNE,21:05,FRXRN
7601,2023-08-13,AURAY,OUI,8739,22:13,ATLANTIQUE,QUIMPERLE,PARISBRETA,FRECO,21:44,FRXUY
7602,2023-08-13,AURAY,OUI,8739,21:59,ATLANTIQUE,LORIENT,PARISBRETA,FRLRT,21:44,FRXUY
7603,2023-08-13,AVIGNON TGV,NON,6864,15:18,SUD EST,LYON (intramuros),JCSUDPROV,FRLPD,14:06,FRAVG
7604,2023-08-13,DIJON VILLE,NON,9211,13:26,INTERNATIONAL,BASEL SBB,PABALZUR,CHAJP,12:01,FRABA
7605,2023-08-13,PARIS (intramuros),NON,9211,13:03,INTERNATIONAL,MULHOUSE VILLE,PABALZUR,FRAEK,10:22,FRPLY
7606,2023-08-13,NEVERS,NON,5963,17:17,IC ARO,RIOM CHATEL GUYON,PACLERMONT,FRRIO,15:59,FRNVS
7607,2023-08-13,PARIS (intramuros),NON,5963,16:55,IC ARO,VICHY,PACLERMONT,FRVHY,14:00,FRPBE
7608,2023-08-13,PARIS (intramuros),NON,8729,18:25,ATLANTIQUE,RENNES,PARISBRETA,FRRNS,16:53,FRPMO
7609,2023-08-13,PARIS (intramuros),NON,8729,20:33,ATLANTIQUE,QUIMPER,PARISBRETA,FRUIP,16:53,FRPMO
7610,2023-08-13,VANNES,OUI,8729,19:37,ATLANTIQUE,AURAY,PARISBRETA,FRXUY,19:27,FRVNE
7611,2023-08-13,ARVANT,NON,15941,14:08,IC SRO,MASSIAC BLESLE,NORESTJOU,FRHMY,13:49,FRARV
7612,2023-08-13,CLERMONT FERRAND,NON,15941,19:32,IC SRO,BEZIERS,NORESTJOU,FRBZR,13:03,FRCFE
7613,2023-08-13,SEVERAC LE CHATEAU,NON,15941,17:35,IC SRO,MILLAU,NORESTJOU,FRMAU,17:02,FRSVC
7614,2023-08-13,CLERMONT FERRAND,NON,15941,14:56,IC SRO,ST FLOUR CHAUDES AIGUES,NORESTJOU,FRIMW,13:03,FRCFE
7615,2023-08-13,CLERMONT FERRAND,NON,15941,14:08,IC SRO,MASSIAC BLESLE,NORESTJOU,FRHMY,13:03,FRCFE
7616,2023-08-13,ST FLOUR CHAUDES AIGUES,NON,15941,19:32,IC SRO,BEZIERS,NORESTJOU,FRBZR,14:57,FRIMW
7617,2023-08-13,BRASSAC LES MINES STE FLORINE,NON,15941,15:36,IC SRO,ST CHELY D'APCHER,NORESTJOU,FRINB,13:43,FRHLE
7618,2023-08-13,CLERMONT FERRAND,NON,15941,15:49,IC SRO,AUMONT AUBRAC,NORESTJOU,FRINC,13:03,FRCFE
7619,2023-08-13,MARVEJOLS,NON,15941,17:35,IC SRO,MILLAU,NORESTJOU,FRMAU,16:14,FRINE
7620,2023-08-13,MILLAU,NON,15941,18:27,IC SRO,CEILHES ROQUEREDONDE,NORESTJOU,FRIMC,17:38,FRMAU
7621,2023-08-13,MASSIAC BLESLE,NON,15941,14:30,IC SRO,NEUSSARGUES,NORESTJOU,FRNEU,14:09,FRHMY
7622,2023-08-13,MAGALAS,NON,15941,19:32,IC SRO,BEZIERS,NORESTJOU,FRBZR,19:18,FRIMK
7623,2023-08-13,ISSOIRE,NON,15941,14:56,IC SRO,ST FLOUR CHAUDES AIGUES,NORESTJOU,FRIMW,13:29,FRHLB
7624,2023-08-13,ARVANT,NON,15941,17:01,IC SRO,SEVERAC LE CHATEAU,NORESTJOU,FRSVC,13:49,FRARV
7625,2023-08-13,ST CHELY D'APCHER,NON,15941,17:35,IC SRO,MILLAU,NORESTJOU,FRMAU,15:37,FRINB
7626,2023-08-13,AUMONT AUBRAC,NON,15941,17:01,IC SRO,SEVERAC LE CHATEAU,NORESTJOU,FRSVC,15:50,FRINC
7627,2023-08-13,ISSOIRE,NON,15941,15:36,IC SRO,ST CHELY D'APCHER,NORESTJOU,FRINB,13:29,FRHLB
7628,2023-08-13,ST FLOUR CHAUDES AIGUES,NON,15941,19:17,IC SRO,MAGALAS,NORESTJOU,FRIMK,14:57,FRIMW
7629,2023-08-13,ST ROME DE CERNON,NON,15941,18:57,IC SRO,BEDARIEUX,NORESTJOU,FRIMH,17:56,FRINN
7630,2023-08-13,ST CHELY D'APCHER,NON,15941,18:57,IC SRO,BEDARIEUX,NORESTJOU,FRIMH,15:37,FRINB
7631,2023-08-13,LE BOUSQUET D'ORB,NON,15941,18:57,IC SRO,BEDARIEUX,NORESTJOU,FRIMH,18:47,FRIMG
7632,2023-08-13,CAMPAGNAC ST GENIEZ,NON,15941,17:01,IC SRO,SEVERAC LE CHATEAU,NORESTJOU,FRSVC,16:50,FRINJ
7633,2023-08-13,BANASSAC LA CANOURGUE,NON,15941,16:49,IC SRO,CAMPAGNAC ST GENIEZ,NORESTJOU,FRINJ,16:36,FRINH
7634,2023-08-13,ARVANT,NON,15941,17:55,IC SRO,ST ROME DE CERNON,NORESTJOU,FRINN,13:49,FRARV
7635,2023-08-13,BANASSAC LA CANOURGUE,NON,15941,18:57,IC SRO,BEDARIEUX,NORESTJOU,FRIMH,16:36,FRINH
7636,2023-08-13,MASSIAC BLESLE,NON,15941,17:35,IC SRO,MILLAU,NORESTJOU,FRMAU,14:09,FRHMY
7637,2023-08-13,NEUSSARGUES,NON,15941,16:49,IC SRO,CAMPAGNAC ST GENIEZ,NORESTJOU,FRINJ,14:36,FRNEU
7638,2023-08-13,ST GEORGES DE LUZENCON,NON,15941,18:46,IC SRO,LE BOUSQUET D'ORB,NORESTJOU,FRIMG,17:49,FRINM
7639,2023-08-13,ST CHELY D'APCHER,NON,15941,18:27,IC SRO,CEILHES ROQUEREDONDE,NORESTJOU,FRIMC,15:37,FRINB
7640,2023-08-13,MASSIAC BLESLE,NON,15941,18:46,IC SRO,LE BOUSQUET D'ORB,NORESTJOU,FRIMG,14:09,FRHMY
7641,2023-08-13,ST GEORGES DE LUZENCON,NON,15941,18:27,IC SRO,CEILHES ROQUEREDONDE,NORESTJOU,FRIMC,17:49,FRINM
7642,2023-08-13,BANASSAC LA CANOURGUE,NON,15941,18:46,IC SRO,LE BOUSQUET D'ORB,NORESTJOU,FRIMG,16:36,FRINH
7643,2023-08-13,ISSOIRE,NON,15941,18:27,IC SRO,CEILHES ROQUEREDONDE,NORESTJOU,FRIMC,13:29,FRHLB
7644,2023-08-13,BANASSAC LA CANOURGUE,NON,15941,17:48,IC SRO,ST GEORGES DE LUZENCON,NORESTJOU,FRINM,16:36,FRINH
7645,2023-08-13,ST CHELY D'APCHER,NON,15941,18:03,IC SRO,TOURNEMIRE ROQUEFORT,NORESTJOU,FRINO,15:37,FRINB
7646,2023-08-13,MARVEJOLS,NON,15941,16:49,IC SRO,CAMPAGNAC ST GENIEZ,NORESTJOU,FRINJ,16:14,FRINE
7647,2023-08-13,BANASSAC LA CANOURGUE,NON,15941,17:55,IC SRO,ST ROME DE CERNON,NORESTJOU,FRINN,16:36,FRINH
7648,2023-08-13,ST FLOUR CHAUDES AIGUES,NON,15941,18:03,IC SRO,TOURNEMIRE ROQUEFORT,NORESTJOU,FRINO,14:57,FRIMW
7649,2023-08-13,LE MONASTIER,NON,15941,16:35,IC SRO,BANASSAC LA CANOURGUE,NORESTJOU,FRINH,16:22,FRLMR
7650,2023-08-13,MASSIAC BLESLE,NON,15941,15:49,IC SRO,AUMONT AUBRAC,NORESTJOU,FRINC,14:09,FRHMY
7651,2023-08-13,LE MONASTIER,NON,15941,19:32,IC SRO,BEZIERS,NORESTJOU,FRBZR,16:22,FRLMR
7652,2023-08-13,AUMONT AUBRAC,NON,15941,16:21,IC SRO,LE MONASTIER,NORESTJOU,FRLMR,15:50,FRINC
7653,2023-08-13,LE MONASTIER,NON,15941,17:01,IC SRO,SEVERAC LE CHATEAU,NORESTJOU,FRSVC,16:22,FRLMR
7654,2023-08-13,RANG DU FLIERS VERTON,OUI,7544,22:08,NORD,PARIS (intramuros),ARRASPA,FRPNO,19:03,FRCVU
7655,2023-08-13,ETAPLES LE TOUQUET,OUI,7544,22:08,NORD,PARIS (intramuros),ARRASPA,FRPNO,19:13,FRETA
7656,2023-08-13,ARRAS,OUI,7544,22:08,NORD,PARIS (intramuros),ARRASPA,FRPNO,21:18,FRQRV
7657,2023-08-13,LA BAULE ESCOUBLAC,OUI,8912,09:41,ATLANTIQUE,ANGERS ST LAUD,LOIREPARIS,FRACL,08:07,FRJEE
7658,2023-08-13,NANTES,OUI,8912,09:41,ATLANTIQUE,ANGERS ST LAUD,LOIREPARIS,FRACL,09:05,FRNTE
7659,2023-08-13,ST NAZAIRE,OUI,8912,09:41,ATLANTIQUE,ANGERS ST LAUD,LOIREPARIS,FRACL,08:24,FRSNR
7660,2023-08-13,VALENCE TGV RHONE-ALPES SUD,OUI,6064,21:52,SUD EST,LYON (intramuros),JCSUDPROV,FRLPD,21:13,FRVLA
7661,2023-08-13,QUIMPER,OUI,8732,17:28,ATLANTIQUE,LORIENT,BRETAPARIS,FRLRT,16:56,FRUIP
7662,2023-08-13,ZUERICH HB,NON,9226,17:58,INTERNATIONAL,DIJON VILLE,ZURBALPA,FRABA,15:34,CHAJD
7663,2023-08-13,BASEL SBB,NON,9226,17:58,INTERNATIONAL,DIJON VILLE,ZURBALPA,FRABA,16:34,CHAJP
7664,2023-08-13,DIJON VILLE,OUI,9226,19:38,INTERNATIONAL,PARIS (intramuros),ZURBALPA,FRPLY,18:02,FRABA
7665,2023-08-13,PARIS (intramuros),NON,6503,14:18,SUD EST,ANNEMASSE,PARISALPES,FRQNJ,10:30,FRPLY
7666,2023-08-13,PARIS (intramuros),NON,6091,20:31,SUD EST,DIJON VILLE,PABOUR,FRABA,18:52,FRPLY
7667,2023-08-13,FRANKFURT MAIN HBF,NON,9580,16:02,INTERNATIONAL,STRASBOURG,FRANCMRS,FRAEG,13:56,DEFRH
7668,2023-08-13,FRANKFURT MAIN HBF,NON,9580,17:05,INTERNATIONAL,MULHOUSE VILLE,FRANCMRS,FRAEK,13:56,DEFRH
7669,2023-08-13,FRANKFURT MAIN HBF,NON,9580,21:48,INTERNATIONAL,MARSEILLE ST CHARLES,FRANCMRS,FRMSC,13:56,DEFRH
7670,2023-08-13,MANNHEIM HBF,NON,9580,15:05,INTERNATIONAL,KARLSRUHE HBF,FRANCMRS,DEQKA,14:39,DEMHG
7671,2023-08-13,MANNHEIM HBF,NON,9580,17:05,INTERNATIONAL,MULHOUSE VILLE,FRANCMRS,FRAEK,14:39,DEMHG
7672,2023-08-13,MANNHEIM HBF,NON,9580,21:12,INTERNATIONAL,AVIGNON TGV,FRANCMRS,FRAVG,14:39,DEMHG
7673,2023-08-13,KARLSRUHE HBF,NON,9580,21:34,INTERNATIONAL,AIX EN PROVENCE TGV,FRANCMRS,FRAIE,15:12,DEQKA
7674,2023-08-13,KARLSRUHE HBF,NON,9580,21:12,INTERNATIONAL,AVIGNON TGV,FRANCMRS,FRAVG,15:12,DEQKA
7675,2023-08-13,BADEN BADEN,NON,9580,21:34,INTERNATIONAL,AIX EN PROVENCE TGV,FRANCMRS,FRAIE,15:35,DEZCC
7676,2023-08-13,BADEN BADEN,NON,9580,17:31,INTERNATIONAL,BELFORT-MONTBELIARD TGV,FRANCMRS,FRTJA,15:35,DEZCC
7677,2023-08-13,STRASBOURG,NON,9580,19:56,INTERNATIONAL,LYON (intramuros),FRANCMRS,FRLPD,16:15,FRAEG
7678,2023-08-13,STRASBOURG,NON,9580,17:55,INTERNATIONAL,BESANCON - F COMTE TGV,FRANCMRS,FRTJB,16:15,FRAEG
7679,2023-08-13,AVIGNON TGV,NON,9580,21:48,INTERNATIONAL,MARSEILLE ST CHARLES,FRANCMRS,FRMSC,21:15,FRAVG
7680,2023-08-13,LYON (intramuros),NON,9580,21:34,INTERNATIONAL,AIX EN PROVENCE TGV,FRANCMRS,FRAIE,20:06,FRLPD
7681,2023-08-13,BELFORT-MONTBELIARD TGV,NON,9580,21:48,INTERNATIONAL,MARSEILLE ST CHARLES,FRANCMRS,FRMSC,17:34,FRTJA
7682,2023-08-13,BESANCON - F COMTE TGV,NON,9580,19:56,INTERNATIONAL,LYON (intramuros),FRANCMRS,FRLPD,17:58,FRTJB
7683,2023-08-13,DIJON VILLE,NON,2239,19:31,EST,AIX EN PROVENCE TGV,JCRHINRHON,FRAIE,16:20,FRABA
7684,2023-08-13,DIJON VILLE,NON,2239,17:56,EST,LYON (intramuros),JCRHINRHON,FRLPD,16:20,FRABA
7685,2023-08-13,DIJON VILLE,NON,2239,20:41,EST,TOULON,JCRHINRHON,FRTLN,16:20,FRABA
7686,2023-08-13,COLMAR,OUI,2239,14:30,EST,MULHOUSE VILLE,JCRHINRHON,FRAEK,14:05,FRAEJ
7687,2023-08-13,MULHOUSE VILLE,NON,2239,19:31,EST,AIX EN PROVENCE TGV,JCRHINRHON,FRAIE,14:41,FRAEK
7688,2023-08-13,MULHOUSE VILLE,NON,2239,21:59,EST,CANNES,JCRHINRHON,FRJCA,14:41,FRAEK
7689,2023-08-13,MULHOUSE VILLE,NON,2239,22:30,EST,NICE VILLE,JCRHINRHON,FRNIC,14:41,FRAEK
7690,2023-08-13,MULHOUSE VILLE,OUI,2239,15:29,EST,BESANCON - F COMTE TGV,JCRHINRHON,FRTJB,14:41,FRAEK
7691,2023-08-13,AIX EN PROVENCE TGV,NON,2239,22:11,EST,ANTIBES,JCRHINRHON,FRXAT,19:33,FRAIE
7692,2023-08-13,AVIGNON TGV,NON,2239,21:17,EST,LES ARCS DRAGUIGNAN,JCRHINRHON,FRXRS,19:12,FRAVG
7693,2023-08-13,CANNES,OUI,2239,22:11,EST,ANTIBES,JCRHINRHON,FRXAT,22:03,FRJCA
7694,2023-08-13,LYON (intramuros),NON,2239,22:30,EST,NICE VILLE,JCRHINRHON,FRNIC,18:04,FRLPD
7695,2023-08-13,MARSEILLE ST CHARLES,NON,2239,20:41,EST,TOULON,JCRHINRHON,FRTLN,19:57,FRMSC
7696,2023-08-13,MARSEILLE ST CHARLES,NON,2239,21:17,EST,LES ARCS DRAGUIGNAN,JCRHINRHON,FRXRS,19:57,FRMSC
7697,2023-08-13,BESANCON - F COMTE TGV,NON,2239,19:31,EST,AIX EN PROVENCE TGV,JCRHINRHON,FRAIE,15:36,FRTJB
7698,2023-08-13,BESANCON - F COMTE TGV,NON,2239,19:10,EST,AVIGNON TGV,JCRHINRHON,FRAVG,15:36,FRTJB
7699,2023-08-13,BESANCON - F COMTE TGV,NON,2239,19:45,EST,MARSEILLE ST CHARLES,JCRHINRHON,FRMSC,15:36,FRTJB
7700,2023-08-13,TOULON,OUI,2239,22:30,EST,NICE VILLE,JCRHINRHON,FRNIC,20:45,FRTLN
7701,2023-08-13,TOULON,OUI,2239,21:17,EST,LES ARCS DRAGUIGNAN,JCRHINRHON,FRXRS,20:45,FRTLN
7702,2023-08-13,TOULON,OUI,2239,21:34,EST,ST RAPHAEL VALESCURE,JCRHINRHON,FRXSK,20:45,FRTLN
7703,2023-08-13,BEAUNE,NON,2239,17:56,EST,LYON (intramuros),JCRHINRHON,FRLPD,16:42,FRXBV
7704,2023-08-13,LES ARCS DRAGUIGNAN,OUI,2239,21:34,EST,ST RAPHAEL VALESCURE,JCRHINRHON,FRXSK,21:20,FRXRS
7705,2023-08-13,BESANCON - F COMTE TGV,NON,2239,20:41,EST,TOULON,JCRHINRHON,FRTLN,15:36,FRTJB
7706,2023-08-13,BELFORT-MONTBELIARD TGV,NON,2239,20:41,EST,TOULON,JCRHINRHON,FRTLN,15:06,FRTJA
7707,2023-08-13,STRASBOURG,NON,2239,16:39,EST,BEAUNE,JCRHINRHON,FRXBV,13:37,FRAEG
7708,2023-08-13,LUXEMBOURG,OUI,2872,16:52,EST,METZ VILLE,LUXMETZPA,FRADE,16:10,LULUX
7709,2023-08-13,LUXEMBOURG,OUI,2872,18:20,EST,PARIS (intramuros),LUXMETZPA,FRPST,16:10,LULUX
7710,2023-08-13,MODANE,NON,9245,16:50,INTERNATIONAL,MILANO P GARIBALDI,PAITALIE,ITMPG,13:55,FRAGR
7711,2023-08-13,MODANE,NON,9245,15:23,INTERNATIONAL,TORINO PORTA SUSA,PAITALIE,ITTRS,13:55,FRAGR
7712,2023-08-13,MACON LOCHE TGV,NON,9245,14:23,INTERNATIONAL,OULX CESANA CLAV SESTRIERE,PAITALIE,ITOCS,11:20,FRMLT
7713,2023-08-13,PARIS (intramuros),NON,9245,14:23,INTERNATIONAL,OULX CESANA CLAV SESTRIERE,PAITALIE,ITOCS,09:46,FRPLY
7714,2023-08-13,MASSY TGV,NON,5382,15:40,SUD EST,RENNES,JCSUDATL,FRRNS,13:56,FRDJU
7715,2023-08-13,LYON (intramuros),NON,5382,13:51,SUD EST,MASSY TGV,JCSUDATL,FRDJU,11:50,FRLPD
7716,2023-08-13,LYON (intramuros),NON,5382,15:40,SUD EST,RENNES,JCSUDATL,FRRNS,11:50,FRLPD
7717,2023-08-13,LYON (intramuros),NON,5382,13:51,SUD EST,MASSY TGV,JCSUDATL,FRDJU,11:36,FRLPE
7718,2023-08-13,STRASBOURG,OUI,9894,20:19,NORD,LILLE (intramuros),JCESTNORD,FRLLE,17:01,FRAEG
7719,2023-08-13,LORRAINE TGV,OUI,9894,19:06,NORD,AEROPORT CDG2 TGV ROISSY,JCESTNORD,FRMLW,17:42,FREAM
7720,2023-08-13,AEROPORT CDG2 TGV ROISSY,OUI,9894,20:19,NORD,LILLE (intramuros),JCESTNORD,FRLLE,19:13,FRMLW
7721,2023-08-13,CHAMPAGNE-ARDENNE,OUI,9894,19:44,NORD,TGV HAUTE PICARDIE,JCESTNORD,FRTHP,18:35,FREAH
7722,2023-08-13,LYON (intramuros),OUI,6665,20:50,SUD EST,LYON (intramuros),PARISRHONE,FRLPE,20:42,FRLPD
7723,2023-08-13,PARIS (intramuros),OUI,6665,20:36,SUD EST,LYON (intramuros),PARISRHONE,FRLPD,18:42,FRPLY
7724,2023-08-13,BEZIERS,NON,9862,15:25,NORD,BRUXELLES MIDI BRUSSEL ZUID,JCSUDNORD,BEBMI,08:05,FRBZR
7725,2023-08-13,BEZIERS,NON,9862,12:47,NORD,MARNE LA VALLEE CHESSY,JCSUDNORD,FRMLV,08:05,FRBZR
7726,2023-08-13,BEZIERS,OUI,9862,08:17,NORD,AGDE,JCSUDNORD,FRXAG,08:05,FRBZR
7727,2023-08-13,NIMES,NON,9862,13:55,NORD,ARRAS,JCSUDNORD,FRQRV,09:25,FRFNI
7728,2023-08-13,NIMES,NON,9862,13:34,NORD,TGV HAUTE PICARDIE,JCSUDNORD,FRTHP,09:25,FRFNI
7729,2023-08-13,LYON (intramuros),NON,9862,12:47,NORD,MARNE LA VALLEE CHESSY,JCSUDNORD,FRMLV,11:00,FRLPD
7730,2023-08-13,LYON (intramuros),NON,9862,13:55,NORD,ARRAS,JCSUDNORD,FRQRV,11:00,FRLPD
7731,2023-08-13,MARNE LA VALLEE CHESSY,NON,9862,13:34,NORD,TGV HAUTE PICARDIE,JCSUDNORD,FRTHP,12:51,FRMLV
7732,2023-08-13,MONTPELLIER SAINT-ROCH,NON,9862,13:01,NORD,AEROPORT CDG2 TGV ROISSY,JCSUDNORD,FRMLW,08:57,FRMPL
7733,2023-08-13,MONTPELLIER SAINT-ROCH,NON,9862,13:34,NORD,TGV HAUTE PICARDIE,JCSUDNORD,FRTHP,08:57,FRMPL
7734,2023-08-13,MONTPELLIER SAINT-ROCH,NON,9862,10:10,NORD,VALENCE TGV RHONE-ALPES SUD,JCSUDNORD,FRVLA,08:57,FRMPL
7735,2023-08-13,PERPIGNAN,NON,9862,09:22,NORD,NIMES,JCSUDNORD,FRFNI,07:08,FRPGF
7736,2023-08-13,PERPIGNAN,OUI,9862,08:17,NORD,AGDE,JCSUDNORD,FRXAG,07:08,FRPGF
7737,2023-08-13,ARRAS,NON,9862,14:24,NORD,LILLE (intramuros),JCSUDNORD,FRLLE,14:03,FRQRV
7738,2023-08-13,VALENCE TGV RHONE-ALPES SUD,NON,9862,13:01,NORD,AEROPORT CDG2 TGV ROISSY,JCSUDNORD,FRMLW,10:15,FRVLA
7739,2023-08-13,AGDE,OUI,9862,08:52,NORD,MONTPELLIER SAINT-ROCH,JCSUDNORD,FRMPL,08:20,FRXAG
7740,2023-08-13,AGDE,NON,9862,10:10,NORD,VALENCE TGV RHONE-ALPES SUD,JCSUDNORD,FRVLA,08:20,FRXAG
7741,2023-08-13,NARBONNE,OUI,9862,08:52,NORD,MONTPELLIER SAINT-ROCH,JCSUDNORD,FRMPL,07:49,FRXNA
7742,2023-08-13,SETE,NON,9862,15:25,NORD,BRUXELLES MIDI BRUSSEL ZUID,JCSUDNORD,BEBMI,08:36,FRXSY
7743,2023-08-13,SETE,NON,9862,10:53,NORD,LYON (intramuros),JCSUDNORD,FRLPD,08:36,FRXSY
7744,2023-08-13,NARBONNE,NON,9862,13:55,NORD,ARRAS,JCSUDNORD,FRQRV,07:49,FRXNA
7745,2023-08-13,NARBONNE,NON,9862,13:34,NORD,TGV HAUTE PICARDIE,JCSUDNORD,FRTHP,07:49,FRXNA
7746,2023-08-13,DAX,NON,8534,12:06,ATLANTIQUE,BORDEAUX ST JEAN,SUDOUESTPA,FRBOJ,10:43,FRACG
7747,2023-08-13,DAX,NON,8534,14:20,ATLANTIQUE,PARIS (intramuros),SUDOUESTPA,FRPMO,10:43,FRACG
7748,2023-08-13,HENDAYE,NON,8534,12:06,ATLANTIQUE,BORDEAUX ST JEAN,SUDOUESTPA,FRBOJ,09:28,FRAEF
7749,2023-08-13,HENDAYE,NON,8534,14:20,ATLANTIQUE,PARIS (intramuros),SUDOUESTPA,FRPMO,09:28,FRAEF
7750,2023-08-13,BORDEAUX ST JEAN,NON,8534,14:20,ATLANTIQUE,PARIS (intramuros),SUDOUESTPA,FRPMO,12:12,FRBOJ
7751,2023-08-13,BAYONNE,NON,8534,14:20,ATLANTIQUE,PARIS (intramuros),SUDOUESTPA,FRPMO,10:07,FRXBY
7752,2023-08-13,BEZIERS,OUI,6036,18:16,SUD EST,NIMES,LANGPA,FRFNI,16:58,FRBZR
7753,2023-08-13,BEZIERS,NON,6036,19:03,SUD EST,VALENCE TGV RHONE-ALPES SUD,LANGPA,FRVLA,16:58,FRBZR
7754,2023-08-13,PERPIGNAN,NON,6036,21:18,SUD EST,PARIS (intramuros),LANGPA,FRPLY,16:05,FRPGF
7755,2023-08-13,PERPIGNAN,NON,6036,19:03,SUD EST,VALENCE TGV RHONE-ALPES SUD,LANGPA,FRVLA,16:05,FRPGF
7756,2023-08-13,AGDE,OUI,6036,17:24,SUD EST,SETE,LANGPA,FRXSY,17:11,FRXAG
7757,2023-08-13,CHATEAUROUX,OUI,3655,20:43,IC ARO,UZERCHE,PALITO,FRAAW,18:56,FRCHR
7758,2023-08-13,LA SOUTERRAINE,OUI,3655,20:04,IC ARO,LIMOGES BENEDICTINS,PALITO,FRAGQ,19:32,FRLST
7759,2023-08-13,LA SOUTERRAINE,OUI,3655,21:10,IC ARO,BRIVE LA GAILLARDE,PALITO,FRBVE,19:32,FRLST
7760,2023-08-13,PARIS (intramuros),OUI,3655,18:54,IC ARO,CHATEAUROUX,PALITO,FRCHR,16:41,FRPAZ
7761,2023-08-13,VIERZON VILLE,OUI,3655,19:31,IC ARO,LA SOUTERRAINE,PALITO,FRLST,18:21,FRXVZ
7762,2023-08-13,ISSOUDUN,OUI,3655,20:43,IC ARO,UZERCHE,PALITO,FRAAW,18:40,FRFMN
7763,2023-08-13,LE MANS,OUI,9884,09:10,NORD,AEROPORT CDG2 TGV ROISSY,JCBRETNORD,FRMLW,07:26,FRAET
7764,2023-08-13,MARNE LA VALLEE CHESSY,OUI,9884,09:45,NORD,TGV HAUTE PICARDIE,JCBRETNORD,FRTHP,09:01,FRMLV
7765,2023-08-13,AEROPORT CDG2 TGV ROISSY,OUI,9884,09:45,NORD,TGV HAUTE PICARDIE,JCBRETNORD,FRTHP,09:16,FRMLW
7766,2023-08-13,RENNES,OUI,9884,06:45,NORD,LAVAL,JCBRETNORD,FRACR,06:19,FRRNS
7767,2023-08-13,RENNES,OUI,9884,10:17,NORD,LILLE (intramuros),JCBRETNORD,FRLLE,06:19,FRRNS
7768,2023-08-13,LIMOGES BENEDICTINS,OUI,3694,21:08,IC ARO,CHATEAUROUX,TOULOUZECO,FRCHR,20:01,FRAGQ
7769,2023-08-13,BRIVE LA GAILLARDE,OUI,3694,22:20,IC ARO,LES AUBRAIS ORLEANS,TOULOUZECO,FRLAB,18:58,FRBVE
7770,2023-08-13,BRIVE LA GAILLARDE,OUI,3694,21:43,IC ARO,VIERZON VILLE,TOULOUZECO,FRXVZ,18:58,FRBVE
7771,2023-08-13,GOURDON,OUI,3694,21:08,IC ARO,CHATEAUROUX,TOULOUZECO,FRCHR,18:12,FRFSI
7772,2023-08-13,GOURDON,OUI,3694,18:27,IC ARO,SOUILLAC,TOULOUZECO,FRSOU,18:12,FRFSI
7773,2023-08-13,SOUILLAC,OUI,3694,21:08,IC ARO,CHATEAUROUX,TOULOUZECO,FRCHR,18:29,FRSOU
7774,2023-08-13,MONTAUBAN VILLE BOURBON,OUI,3694,23:19,IC ARO,PARIS (intramuros),TOULOUZECO,FRPAZ,17:05,FRXMW
7775,2023-08-13,MONTAUBAN VILLE BOURBON,OUI,3694,17:43,IC ARO,CAHORS,TOULOUZECO,FRZAO,17:05,FRXMW
7776,2023-08-13,VIERZON VILLE,OUI,3694,22:20,IC ARO,LES AUBRAIS ORLEANS,TOULOUZECO,FRLAB,21:45,FRXVZ
7777,2023-08-13,VIERZON VILLE,OUI,3694,23:19,IC ARO,PARIS (intramuros),TOULOUZECO,FRPAZ,21:45,FRXVZ
7778,2023-08-13,TOULOUSE MATABIAU,OUI,3694,19:58,IC ARO,LIMOGES BENEDICTINS,TOULOUZECO,FRAGQ,16:32,FRXYT
7779,2023-08-13,TOULOUSE MATABIAU,OUI,3694,18:55,IC ARO,BRIVE LA GAILLARDE,TOULOUZECO,FRBVE,16:32,FRXYT
7780,2023-08-13,CAHORS,OUI,3694,19:58,IC ARO,LIMOGES BENEDICTINS,TOULOUZECO,FRAGQ,17:45,FRZAO
7781,2023-08-13,SOUILLAC,OUI,3694,20:30,IC ARO,LA SOUTERRAINE,TOULOUZECO,FRLST,18:29,FRSOU
7782,2023-08-13,CLERMONT FERRAND,OUI,5978,17:04,IC ARO,VICHY,CLERMONTPA,FRVHY,16:31,FRCFE
7783,2023-08-13,CLERMONT FERRAND,OUI,5978,17:29,IC ARO,MOULINS SUR ALLIER,CLERMONTPA,FRXMU,16:31,FRCFE
7784,2023-08-13,RIOM CHATEL GUYON,OUI,5978,17:58,IC ARO,NEVERS,CLERMONTPA,FRNVS,16:42,FRRIO
7785,2023-08-13,RIOM CHATEL GUYON,OUI,5978,17:04,IC ARO,VICHY,CLERMONTPA,FRVHY,16:42,FRRIO
7786,2023-08-13,RIOM CHATEL GUYON,OUI,5978,17:29,IC ARO,MOULINS SUR ALLIER,CLERMONTPA,FRXMU,16:42,FRRIO
7787,2023-08-13,VALENCE TGV RHONE-ALPES SUD,NON,5182,20:47,NORD,MARNE LA VALLEE CHESSY,JCSUDNORD,FRMLV,18:10,FRVLA
7788,2023-08-13,MONTPELLIER SUD DE FRANCE,OUI,5182,18:05,NORD,VALENCE TGV RHONE-ALPES SUD,JCSUDNORD,FRVLA,17:05,FRSUF
7789,2023-08-13,MONTPELLIER SUD DE FRANCE,NON,5182,21:01,NORD,AEROPORT CDG2 TGV ROISSY,JCSUDNORD,FRMLW,17:05,FRSUF
7790,2023-08-13,NIMES PONT DU GARD,NON,5182,21:57,NORD,LILLE (intramuros),JCSUDNORD,FRLLE,17:27,FRXZP
7791,2023-08-13,CANNES,NON,6174,12:33,SUD EST,MARSEILLE ST CHARLES,AZURPA,FRMSC,10:32,FRJCA
7792,2023-08-13,NICE VILLE,OUI,6174,11:44,SUD EST,TOULON,AZURPA,FRTLN,09:57,FRNIC
7793,2023-08-13,TOULON,NON,6174,12:33,SUD EST,MARSEILLE ST CHARLES,AZURPA,FRMSC,11:48,FRTLN
7794,2023-08-13,ANTIBES,NON,6174,15:50,SUD EST,PARIS (intramuros),AZURPA,FRPLY,10:16,FRXAT
7795,2023-08-13,ANTIBES,OUI,6174,11:44,SUD EST,TOULON,AZURPA,FRTLN,10:16,FRXAT
7796,2023-08-13,ST RAPHAEL VALESCURE,NON,6174,12:33,SUD EST,MARSEILLE ST CHARLES,AZURPA,FRMSC,10:58,FRXSK
7797,2023-08-13,LAUSANNE,NON,9774,15:49,INTERNATIONAL,BOURG EN BRESSE,GENEVEPA,FRXBK,13:45,CHAJF
7798,2023-08-13,BREST,OUI,8642,18:21,ATLANTIQUE,GUINGAMP,BRETAPARIS,FRGGP,17:22,FRBES
7799,2023-08-13,BREST,OUI,8642,17:52,ATLANTIQUE,MORLAIX,BRETAPARIS,FRMXN,17:22,FRBES
7800,2023-08-13,MORLAIX,NON,8642,21:08,ATLANTIQUE,PARIS (intramuros),BRETAPARIS,FRPMO,17:55,FRMXN
7801,2023-08-13,ST BRIEUC,OUI,8642,19:29,ATLANTIQUE,RENNES,BRETAPARIS,FRRNS,18:41,FRSBK
7802,2023-08-13,LES AUBRAIS ORLEANS,NON,3737,09:54,IC NUIT,ARGELES SUR MER,PARPALOMBE,FRARM,22:49,FRLAB
7803,2023-08-13,LES AUBRAIS ORLEANS,NON,3737,06:57,IC NUIT,CASTELNAUDARY,PARPALOMBE,FRCTY,22:49,FRLAB
7804,2023-08-13,PARIS (intramuros),NON,3737,07:55,IC NUIT,LEZIGNAN-CORBIERES,PARPALOMBE,FRFUX,21:42,FRPAZ
7805,2023-08-13,PARIS (intramuros),NON,3737,09:34,IC NUIT,PERPIGNAN,PARPALOMBE,FRPGF,21:42,FRPAZ
7806,2023-08-13,PARIS (intramuros),NON,3737,10:00,IC NUIT,COLLIOURE,PARPALOMBE,FRXCU,21:42,FRPAZ
7807,2023-08-13,PARIS (intramuros),NON,3737,10:05,IC NUIT,PORT VENDRES VILLE,PARPALOMBE,FRXPV,21:42,FRPAZ
7808,2023-08-13,BEZIERS,NON,4758,14:54,IC ARO,MARMANDE,TJOURSESO,FRXMR,11:47,FRBZR
7809,2023-08-13,BEZIERS,NON,4758,13:17,IC ARO,TOULOUSE MATABIAU,TJOURSESO,FRXYT,11:47,FRBZR
7810,2023-08-13,CARCASSONNE,NON,4758,14:54,IC ARO,MARMANDE,TJOURSESO,FRXMR,12:34,FRCCF
7811,2023-08-13,NIMES,NON,4758,15:33,IC ARO,BORDEAUX ST JEAN,TJOURSESO,FRBOJ,10:38,FRFNI
7812,2023-08-13,MARSEILLE ST CHARLES,NON,4758,15:33,IC ARO,BORDEAUX ST JEAN,TJOURSESO,FRBOJ,09:27,FRMSC
7813,2023-08-13,MARSEILLE ST CHARLES,NON,4758,10:35,IC ARO,NIMES,TJOURSESO,FRFNI,09:27,FRMSC
7814,2023-08-13,MARSEILLE ST CHARLES,NON,4758,13:50,IC ARO,MONTAUBAN VILLE BOURBON,TJOURSESO,FRXMW,09:27,FRMSC
7815,2023-08-13,MARSEILLE ST CHARLES,NON,4758,12:01,IC ARO,NARBONNE,TJOURSESO,FRXNA,09:27,FRMSC
7816,2023-08-13,MONTAUBAN VILLE BOURBON,NON,4758,15:33,IC ARO,BORDEAUX ST JEAN,TJOURSESO,FRBOJ,13:52,FRXMW
7817,2023-08-13,NARBONNE,NON,4758,14:54,IC ARO,MARMANDE,TJOURSESO,FRXMR,12:04,FRXNA
7818,2023-08-13,TOULOUSE MATABIAU,NON,4758,15:33,IC ARO,BORDEAUX ST JEAN,TJOURSESO,FRBOJ,13:25,FRXYT
7819,2023-08-13,KARLSRUHE HBF,NON,9579,21:04,INTERNATIONAL,STUTTGART HBF,PASTUTMUN,DESGT,20:28,DEQKA
7820,2023-08-13,STRASBOURG,NON,9579,20:25,INTERNATIONAL,KARLSRUHE HBF,PASTUTMUN,DEQKA,19:46,FRAEG
7821,2023-08-13,PARIS (intramuros),NON,8691,13:10,ATLANTIQUE,LANNION,PARISBRETA,FRLAI,09:54,FRPMO
7822,2023-08-13,PARIS (intramuros),NON,8691,11:25,ATLANTIQUE,RENNES,PARISBRETA,FRRNS,09:54,FRPMO
7823,2023-08-13,RENNES,OUI,8691,12:37,ATLANTIQUE,GUINGAMP,PARISBRETA,FRGGP,11:25,FRRNS
7824,2023-08-13,RENNES,OUI,8691,12:20,ATLANTIQUE,ST BRIEUC,PARISBRETA,FRSBK,11:25,FRRNS
7825,2023-08-13,ST BRIEUC,OUI,8691,12:37,ATLANTIQUE,GUINGAMP,PARISBRETA,FRGGP,12:23,FRSBK
7826,2023-08-13,DIJON VILLE,OUI,6766,20:58,SUD EST,MONTBARD,BOURPA,FRGWE,20:25,FRABA
7827,2023-08-13,BESANCON VIOTTE,OUI,6766,22:04,SUD EST,PARIS (intramuros),BOURPA,FRPLY,19:37,FRABG
7828,2023-08-13,BESANCON - F COMTE TGV,OUI,6766,20:21,SUD EST,DIJON VILLE,BOURPA,FRABA,19:53,FRTJB
7829,2023-08-13,ARRAS,OUI,7142,21:08,NORD,PARIS (intramuros),ARRASPA,FRPNO,20:18,FRQRV
7830,2023-08-13,PARIS (intramuros),NON,6177,19:39,SUD EST,ANTIBES,PAAZUR,FRXAT,14:10,FRPLY
7831,2023-08-13,TOULON,OUI,6177,19:58,SUD EST,NICE VILLE,PAAZUR,FRNIC,18:15,FRTLN
7832,2023-08-13,ST RAPHAEL VALESCURE,OUI,6177,19:58,SUD EST,NICE VILLE,PAAZUR,FRNIC,19:04,FRXSK
7833,2023-08-13,VALLORBE,NON,9270,18:24,INTERNATIONAL,DIJON VILLE,SUISPA,FRABA,17:00,CHAGL
7834,2023-08-13,VALLORBE,NON,9270,17:13,INTERNATIONAL,FRASNE,SUISPA,FRFRA,17:00,CHAGL
7835,2023-08-13,VALLORBE,NON,9270,20:04,INTERNATIONAL,PARIS (intramuros),SUISPA,FRPLY,17:00,CHAGL
7836,2023-08-13,AIX EN PROVENCE TGV,NON,9854,12:11,NORD,BRUXELLES MIDI BRUSSEL ZUID,JCSUDNORD,BEBMI,06:47,FRAIE
7837,2023-08-13,AVIGNON TGV,NON,9854,10:19,NORD,MARNE LA VALLEE CHESSY,JCSUDNORD,FRMLV,07:12,FRAVG
7838,2023-08-13,MARSEILLE ST CHARLES,NON,9854,11:27,NORD,LILLE (intramuros),JCSUDNORD,FRLLE,06:33,FRMSC
7839,2023-08-13,NEVERS,OUI,5979,21:17,IC ARO,RIOM CHATEL GUYON,PACLERMONT,FRRIO,19:59,FRNVS
7840,2023-08-13,PARIS (intramuros),OUI,5979,19:57,IC ARO,NEVERS,PACLERMONT,FRNVS,17:57,FRPBE
7841,2023-08-13,AGDE,NON,6275,16:13,SUD EST,NARBONNE,PALANG,FRXNA,15:44,FRXAG
7842,2023-08-13,MONTPELLIER SUD DE FRANCE,NON,6275,15:25,SUD EST,SETE,PALANG,FRXSY,15:10,FRSUF
7843,2023-08-13,VALENCE TGV RHONE-ALPES SUD,NON,6275,14:36,SUD EST,NIMES PONT DU GARD,PALANG,FRXZP,14:00,FRVLA
7844,2023-08-13,AGEN,NON,4663,18:54,IC ARO,MONTPELLIER SAINT-ROCH,TJOURSOSE,FRMPL,15:33,FRAGF
7845,2023-08-13,BORDEAUX ST JEAN,NON,4663,18:54,IC ARO,MONTPELLIER SAINT-ROCH,TJOURSOSE,FRMPL,14:28,FRBOJ
7846,2023-08-13,BORDEAUX ST JEAN,NON,4663,20:36,IC ARO,MARSEILLE ST CHARLES,TJOURSOSE,FRMSC,14:28,FRBOJ
7847,2023-08-13,MONTAUBAN VILLE BOURBON,NON,4663,16:37,IC ARO,TOULOUSE MATABIAU,TJOURSOSE,FRXYT,16:11,FRXMW
7848,2023-08-13,TOULOUSE MATABIAU,NON,4663,18:54,IC ARO,MONTPELLIER SAINT-ROCH,TJOURSOSE,FRMPL,16:45,FRXYT
7849,2023-08-13,LILLE (intramuros),OUI,7052,17:14,NORD,PARIS (intramuros),LILLEPA,FRPNO,16:12,FRADJ
7850,2023-08-13,AIX EN PROVENCE TGV,NON,6024,19:22,SUD EST,PARIS (intramuros),PROVENCEPA,FRPLY,16:19,FRAIE
7851,2023-08-13,BORDEAUX ST JEAN,OUI,8517,20:23,ATLANTIQUE,AGEN,PASUDOUEST,FRAGF,19:20,FRBOJ
7852,2023-08-13,LES SABLES D'OLONNE,OUI,8988,21:41,ATLANTIQUE,ANGERS ST LAUD,LOIREPARIS,FRACL,19:44,FRLSO
7853,2023-08-13,FACTURE BIGANOS,NON,8472,19:25,ATLANTIQUE,PARIS (intramuros),SUDOUESTPA,FRPMO,16:41,FRFAC
7854,2023-08-13,ARCACHON,NON,8472,19:10,ATLANTIQUE,MASSY TGV,SUDOUESTPA,FRDJU,16:23,FRXAC
7855,2023-08-13,DIJON VILLE,NON,9269,14:57,INTERNATIONAL,VALLORBE,PASUIS,CHAGL,13:35,FRABA
7856,2023-08-13,DIJON VILLE,NON,9269,15:37,INTERNATIONAL,LAUSANNE,PASUIS,CHAJF,13:35,FRABA
7857,2023-08-13,DIJON VILLE,OUI,9269,14:42,INTERNATIONAL,FRASNE,PASUIS,FRFRA,13:35,FRABA
7858,2023-08-13,PARIS (intramuros),NON,9269,13:31,INTERNATIONAL,DIJON VILLE,PASUIS,FRABA,11:56,FRPLY
7859,2023-08-13,PARIS (intramuros),OUI,5983,22:17,IC ARO,RIOM CHATEL GUYON,PACLERMONT,FRRIO,18:57,FRPBE
7860,2023-08-13,RIOM CHATEL GUYON,OUI,5983,22:29,IC ARO,CLERMONT FERRAND,PACLERMONT,FRCFE,22:19,FRRIO
7861,2023-08-13,MOULINS SUR ALLIER,OUI,5983,21:55,IC ARO,VICHY,PACLERMONT,FRVHY,21:30,FRXMU
7862,2023-08-13,LA ROCHELLE VILLE,NON,8378,14:43,ATLANTIQUE,ST MAIXENT DEUX SEVRES,ROCHELLEPA,FREJC,13:47,FRLRH
7863,2023-08-13,LA ROCHELLE VILLE,NON,8378,15:16,ATLANTIQUE,POITIERS,ROCHELLEPA,FRPIS,13:47,FRLRH
7864,2023-08-13,LA ROCHELLE VILLE,NON,8378,15:50,ATLANTIQUE,ST PIERRE DES CORPS,ROCHELLEPA,FRXSH,13:47,FRLRH
7865,2023-08-13,NIORT,NON,8378,16:57,ATLANTIQUE,PARIS (intramuros),ROCHELLEPA,FRPMO,14:29,FRNIT
7866,2023-08-13,POITIERS,NON,8378,15:50,ATLANTIQUE,ST PIERRE DES CORPS,ROCHELLEPA,FRXSH,15:19,FRPIS
7867,2023-08-13,ST MAIXENT DEUX SEVRES,NON,8378,15:50,ATLANTIQUE,ST PIERRE DES CORPS,ROCHELLEPA,FRXSH,14:46,FREJC
7868,2023-08-13,DUNKERQUE,OUI,7324,16:08,NORD,PARIS (intramuros),ARRASPA,FRPNO,13:56,FRADI
7869,2023-08-13,BETHUNE,OUI,7324,16:08,NORD,PARIS (intramuros),ARRASPA,FRPNO,14:43,FRXBH
7870,2023-08-13,BAYONNE,NON,14150,18:52,IC SRO,TARBES,SUDOUEST,FRXTB,17:03,FRXBY
7871,2023-08-13,MONTPELLIER SUD DE FRANCE,NON,6048,12:50,SUD EST,VALENCE TGV RHONE-ALPES SUD,LANGPA,FRVLA,11:52,FRSUF
7872,2023-08-13,TOULOUSE MATABIAU,OUI,6875,18:25,SUD EST,CARCASSONNE,JCSUDPROV,FRCCF,17:43,FRXYT
7873,2023-08-13,TOULOUSE MATABIAU,NON,6875,21:52,SUD EST,LYON (intramuros),JCSUDPROV,FRLPD,17:43,FRXYT
7874,2023-08-13,NARBONNE,NON,6875,20:01,SUD EST,MONTPELLIER SUD DE FRANCE,JCSUDPROV,FRSUF,18:59,FRXNA
7875,2023-08-13,LES SABLES D'OLONNE,OUI,8984,17:45,ATLANTIQUE,ANGERS ST LAUD,LOIREPARIS,FRACL,15:44,FRLSO
7876,2023-08-13,DIJON VILLE,NON,9896,21:09,EST,MULHOUSE VILLE,JCRHONRHIN,FRAEK,19:49,FRABA
7877,2023-08-13,MULHOUSE VILLE,OUI,9896,23:02,EST,METZ VILLE,JCRHONRHIN,FRADE,21:12,FRAEK
7878,2023-08-13,AIX EN PROVENCE TGV,NON,9896,23:23,EST,THIONVILLE,JCRHONRHIN,FRXTH,16:11,FRAIE
7879,2023-08-13,LYON (intramuros),NON,9896,21:09,EST,MULHOUSE VILLE,JCRHONRHIN,FRAEK,18:00,FRLPD
7880,2023-08-13,LYON (intramuros),NON,9896,23:23,EST,THIONVILLE,JCRHONRHIN,FRXTH,18:00,FRLPD
7881,2023-08-13,BELFORT-MONTBELIARD TGV,NON,9896,23:23,EST,THIONVILLE,JCRHONRHIN,FRXTH,20:45,FRTJA
7882,2023-08-13,BESANCON - F COMTE TGV,NON,9896,23:49,EST,LUXEMBOURG,JCRHONRHIN,LULUX,20:19,FRTJB
7883,2023-08-13,VALENCE TGV RHONE-ALPES SUD,NON,9896,22:07,EST,STRASBOURG,JCRHONRHIN,FRAEG,17:13,FRVLA
7884,2023-08-13,VALENCE TGV RHONE-ALPES SUD,NON,9896,21:09,EST,MULHOUSE VILLE,JCRHONRHIN,FRAEK,17:13,FRVLA
7885,2023-08-13,VALENCE TGV RHONE-ALPES SUD,NON,9896,20:40,EST,BELFORT-MONTBELIARD TGV,JCRHONRHIN,FRTJA,17:13,FRVLA
7886,2023-08-13,VALENCE TGV RHONE-ALPES SUD,NON,9896,23:49,EST,LUXEMBOURG,JCRHONRHIN,LULUX,17:13,FRVLA
7887,2023-08-13,THIONVILLE,OUI,9896,23:49,EST,LUXEMBOURG,JCRHONRHIN,LULUX,23:26,FRXTH
7888,2023-08-13,PAU,NON,14151,16:12,IC SRO,ORTHEZ,SUDOUEST,FRGFI,15:52,FRAEE
7889,2023-08-13,LOURDES,NON,14151,15:49,IC SRO,PAU,SUDOUEST,FRAEE,15:25,FRLDE
7890,2023-08-13,LOURDES,NON,14151,16:12,IC SRO,ORTHEZ,SUDOUEST,FRGFI,15:25,FRLDE
7891,2023-08-13,BEZIERS,NON,4764,20:53,IC ARO,MARMANDE,TJOURSESO,FRXMR,17:48,FRBZR
7892,2023-08-13,CARCASSONNE,NON,4764,20:53,IC ARO,MARMANDE,TJOURSESO,FRXMR,18:34,FRCCF
7893,2023-08-13,CARCASSONNE,NON,4764,19:48,IC ARO,MONTAUBAN VILLE BOURBON,TJOURSESO,FRXMW,18:34,FRCCF
7894,2023-08-13,NIMES,NON,4764,17:03,IC ARO,MONTPELLIER SAINT-ROCH,TJOURSESO,FRMPL,16:38,FRFNI
7895,2023-08-13,MONTPELLIER SAINT-ROCH,NON,4764,17:45,IC ARO,BEZIERS,TJOURSESO,FRBZR,17:07,FRMPL
7896,2023-08-13,MARSEILLE ST CHARLES,NON,4764,21:32,IC ARO,BORDEAUX ST JEAN,TJOURSESO,FRBOJ,15:27,FRMSC
7897,2023-08-13,MARSEILLE ST CHARLES,NON,4764,16:35,IC ARO,NIMES,TJOURSESO,FRFNI,15:27,FRMSC
7898,2023-08-13,MARSEILLE ST CHARLES,NON,4764,18:01,IC ARO,NARBONNE,TJOURSESO,FRXNA,15:27,FRMSC
7899,2023-08-13,MONTAUBAN VILLE BOURBON,OUI,4764,20:53,IC ARO,MARMANDE,TJOURSESO,FRXMR,19:50,FRXMW
7900,2023-08-13,NARBONNE,NON,4764,18:32,IC ARO,CARCASSONNE,TJOURSESO,FRCCF,18:04,FRXNA
7901,2023-08-13,TOULOUSE MATABIAU,OUI,4764,20:53,IC ARO,MARMANDE,TJOURSESO,FRXMR,19:24,FRXYT
7902,2023-08-13,AIX EN PROVENCE TGV,NON,2096,22:07,EST,STRASBOURG,JCRHONRHIN,FRAEG,16:11,FRAIE
7903,2023-08-13,AVIGNON TGV,NON,2096,17:51,EST,LYON (intramuros),JCRHONRHIN,FRLPD,16:33,FRAVG
7904,2023-08-13,LYON (intramuros),NON,2096,21:09,EST,MULHOUSE VILLE,JCRHONRHIN,FRAEK,18:00,FRLPD
7905,2023-08-13,LYON (intramuros),NON,2096,20:40,EST,BELFORT-MONTBELIARD TGV,JCRHONRHIN,FRTJA,18:00,FRLPD
7906,2023-08-13,MARSEILLE ST CHARLES,NON,2096,19:39,EST,DIJON VILLE,JCRHONRHIN,FRABA,15:56,FRMSC
7907,2023-08-13,MARSEILLE ST CHARLES,NON,2096,17:51,EST,LYON (intramuros),JCRHONRHIN,FRLPD,15:56,FRMSC
7908,2023-08-13,BELFORT-MONTBELIARD TGV,OUI,2096,22:07,EST,STRASBOURG,JCRHONRHIN,FRAEG,20:45,FRTJA
7909,2023-08-13,BESANCON - F COMTE TGV,OUI,2096,21:09,EST,MULHOUSE VILLE,JCRHONRHIN,FRAEK,20:19,FRTJB
7910,2023-08-13,BESANCON - F COMTE TGV,OUI,2096,20:40,EST,BELFORT-MONTBELIARD TGV,JCRHONRHIN,FRTJA,20:19,FRTJB
7911,2023-08-13,VALENCE TGV RHONE-ALPES SUD,NON,2096,21:09,EST,MULHOUSE VILLE,JCRHONRHIN,FRAEK,17:13,FRVLA
7912,2023-08-13,VALENCE TGV RHONE-ALPES SUD,NON,2096,20:40,EST,BELFORT-MONTBELIARD TGV,JCRHONRHIN,FRTJA,17:13,FRVLA
7913,2023-08-13,VALENCE TGV RHONE-ALPES SUD,NON,2096,20:16,EST,BESANCON - F COMTE TGV,JCRHONRHIN,FRTJB,17:13,FRVLA
7914,2023-08-13,ANGOULEME,NON,5260,10:49,NORD,MASSY TGV,JCAQUINORD,FRDJU,08:36,FRANG
7915,2023-08-13,ANGOULEME,NON,5260,11:27,NORD,MARNE LA VALLEE CHESSY,JCAQUINORD,FRMLV,08:36,FRANG
7916,2023-08-13,ANGOULEME,NON,5260,11:41,NORD,AEROPORT CDG2 TGV ROISSY,JCAQUINORD,FRMLW,08:36,FRANG
7917,2023-08-13,BORDEAUX ST JEAN,NON,5260,12:40,NORD,LILLE (intramuros),JCAQUINORD,FRADJ,07:58,FRBOJ
7918,2023-08-13,BORDEAUX ST JEAN,OUI,5260,09:16,NORD,POITIERS,JCAQUINORD,FRPIS,07:58,FRBOJ
7919,2023-08-13,MASSY TGV,NON,5260,12:40,NORD,LILLE (intramuros),JCAQUINORD,FRADJ,10:55,FRDJU
7920,2023-08-13,MASSY TGV,NON,5260,11:41,NORD,AEROPORT CDG2 TGV ROISSY,JCAQUINORD,FRMLW,10:55,FRDJU
7921,2023-08-13,POITIERS,NON,5260,12:40,NORD,LILLE (intramuros),JCAQUINORD,FRADJ,09:19,FRPIS
7922,2023-08-13,ST PIERRE DES CORPS,NON,5260,11:41,NORD,AEROPORT CDG2 TGV ROISSY,JCAQUINORD,FRMLW,09:57,FRXSH
7923,2023-08-13,ANGERS ST LAUD,NON,8913,13:03,ATLANTIQUE,LE CROISIC,PARISLOIRE,FREGU,11:16,FRACL
7924,2023-08-13,ANGERS ST LAUD,NON,8913,12:33,ATLANTIQUE,ST NAZAIRE,PARISLOIRE,FRSNR,11:16,FRACL
7925,2023-08-13,NANTES,NON,8913,12:50,ATLANTIQUE,LA BAULE ESCOUBLAC,PARISLOIRE,FRJEE,12:00,FRNTE
7926,2023-08-13,NANTES,NON,8913,12:33,ATLANTIQUE,ST NAZAIRE,PARISLOIRE,FRSNR,12:00,FRNTE
7927,2023-08-13,PARIS (intramuros),NON,8913,12:50,ATLANTIQUE,LA BAULE ESCOUBLAC,PARISLOIRE,FRJEE,09:36,FRPMO
7928,2023-08-13,ST NAZAIRE,OUI,8913,13:03,ATLANTIQUE,LE CROISIC,PARISLOIRE,FREGU,12:36,FRSNR
7929,2023-08-13,PARIS (intramuros),NON,6611,12:56,SUD EST,LYON (intramuros),PARISRHONE,FRLPD,11:00,FRPLY
7930,2023-08-13,ANGOULEME,NON,5444,16:27,EST,MARNE LA VALLEE CHESSY,JCATLEST,FRMLV,13:36,FRANG
7931,2023-08-13,BORDEAUX ST JEAN,NON,5444,14:16,EST,POITIERS,JCATLEST,FRPIS,12:58,FRBOJ
7932,2023-08-13,MASSY TGV,NON,5444,18:37,EST,STRASBOURG,JCATLEST,FRAEG,15:55,FRDJU
7933,2023-08-13,MASSY TGV,NON,5444,16:27,EST,MARNE LA VALLEE CHESSY,JCATLEST,FRMLV,15:55,FRDJU
7934,2023-08-13,CHAMPAGNE-ARDENNE,NON,5444,18:37,EST,STRASBOURG,JCATLEST,FRAEG,17:07,FREAH
7935,2023-08-13,MARNE LA VALLEE CHESSY,NON,5444,17:04,EST,CHAMPAGNE-ARDENNE,JCATLEST,FREAH,16:37,FRMLV
7936,2023-08-13,POITIERS,NON,5444,17:31,EST,MEUSE TGV,JCATLEST,FREAJ,14:19,FRPIS
7937,2023-08-13,FRANKFURT MAIN HBF,NON,9552,13:38,INTERNATIONAL,MANNHEIM HBF,FRANCPA,DEMHG,12:56,DEFRH
7938,2023-08-13,KAISERSLAUTERN HBF,NON,9552,16:54,INTERNATIONAL,PARIS (intramuros),FRANCPA,FRPST,14:24,DEKLT
7939,2023-08-13,CANNES,NON,6188,10:33,SUD EST,MARSEILLE ST CHARLES,AZURPA,FRMSC,08:28,FRJCA
7940,2023-08-13,NICE VILLE,OUI,6188,08:24,SUD EST,CANNES,AZURPA,FRJCA,07:57,FRNIC
7941,2023-08-13,NICE VILLE,NON,6188,10:33,SUD EST,MARSEILLE ST CHARLES,AZURPA,FRMSC,07:57,FRNIC
7942,2023-08-13,ST RAPHAEL VALESCURE,OUI,6188,09:44,SUD EST,TOULON,AZURPA,FRTLN,08:53,FRXSK
7943,2023-08-13,PAU,NON,14141,13:00,IC SRO,BAYONNE,SUDOUEST,FRXBY,11:54,FRAEE
7944,2023-08-13,MONTREJEAU GOURDAN POLIGNAN,NON,14141,11:23,IC SRO,LOURDES,SUDOUEST,FRLDE,10:33,FRMTJ
7945,2023-08-13,TOULOUSE MATABIAU,NON,14141,10:31,IC SRO,MONTREJEAU GOURDAN POLIGNAN,SUDOUEST,FRMTJ,09:32,FRXYT
7946,2023-08-13,HENDAYE,OUI,3742,06:08,IC NUIT,LES AUBRAIS ORLEANS,PALOMBEPAR,FRLAB,18:49,FRAEF
7947,2023-08-13,ORTHEZ,OUI,3742,06:08,IC NUIT,LES AUBRAIS ORLEANS,PALOMBEPAR,FRLAB,21:04,FRGFI
7948,2023-08-13,LOURDES,OUI,3742,06:08,IC NUIT,LES AUBRAIS ORLEANS,PALOMBEPAR,FRLAB,21:58,FRLDE
7949,2023-08-13,BAYONNE,OUI,3742,07:19,IC NUIT,PARIS (intramuros),PALOMBEPAR,FRPAZ,19:28,FRXBY
7950,2023-08-13,ST GAUDENS,OUI,3742,07:19,IC NUIT,PARIS (intramuros),PALOMBEPAR,FRPAZ,22:57,FRFPH
7951,2023-08-13,PARIS (intramuros),OUI,5771,07:48,IC NUIT,LES ARCS DRAGUIGNAN,PARAZUR,FRXRS,20:51,FRPAZ
7952,2023-08-13,DAX,NON,8592,23:28,ATLANTIQUE,TARBES,PASUDOUEST,FRXTB,21:46,FRACG
7953,2023-08-13,BORDEAUX ST JEAN,NON,8592,22:35,ATLANTIQUE,PAU,PASUDOUEST,FRAEE,20:20,FRBOJ
7954,2023-08-13,BORDEAUX ST JEAN,NON,8592,22:12,ATLANTIQUE,ORTHEZ,PASUDOUEST,FRGFI,20:20,FRBOJ
7955,2023-08-13,ORTHEZ,NON,8592,23:03,ATLANTIQUE,LOURDES,PASUDOUEST,FRLDE,22:14,FRGFI
7956,2023-08-13,PARIS (intramuros),NON,8592,21:36,ATLANTIQUE,DAX,PASUDOUEST,FRACG,18:07,FRPMO
7957,2023-08-13,PARIS (intramuros),NON,8592,22:35,ATLANTIQUE,PAU,PASUDOUEST,FRAEE,18:07,FRPMO
7958,2023-08-13,LE CREUSOT MONTCEAU MONTCHANIN,OUI,6608,10:08,SUD EST,PARIS (intramuros),RHONEPARIS,FRPLY,08:49,FRXCC
7959,2023-08-13,ARRAS,OUI,7124,16:08,NORD,PARIS (intramuros),ARRASPA,FRPNO,15:18,FRQRV
7960,2023-08-13,ANGERS ST LAUD,NON,4404,12:54,IC SRO,SAUMUR,JOURNTELYN,FRACN,12:33,FRACL
7961,2023-08-13,ANGERS ST LAUD,NON,4404,14:56,IC SRO,BOURGES,JOURNTELYN,FRBOU,12:33,FRACL
7962,2023-08-13,ANGERS ST LAUD,NON,4404,18:26,IC SRO,LYON (intramuros),JOURNTELYN,FRLPD,12:33,FRACL
7963,2023-08-13,ANGERS ST LAUD,NON,4404,18:39,IC SRO,LYON (intramuros),JOURNTELYN,FRLPE,12:33,FRACL
7964,2023-08-13,ANGERS ST LAUD,NON,4404,16:41,IC SRO,ST GERMAIN DES FOSSES,JOURNTELYN,FRSGF,12:33,FRACL
7965,2023-08-13,SAUMUR,NON,4404,14:35,IC SRO,VIERZON VILLE,JOURNTELYN,FRXVZ,12:56,FRACN
7966,2023-08-13,NANTES,NON,4404,17:20,IC SRO,ROANNE,JOURNTELYN,FRRNE,11:51,FRNTE
7967,2023-08-13,NANTES,NON,4404,16:41,IC SRO,ST GERMAIN DES FOSSES,JOURNTELYN,FRSGF,11:51,FRNTE
7968,2023-08-13,NANTES,NON,4404,16:19,IC SRO,MOULINS SUR ALLIER,JOURNTELYN,FRXMU,11:51,FRNTE
7969,2023-08-13,NEVERS,NON,4404,18:26,IC SRO,LYON (intramuros),JOURNTELYN,FRLPD,15:51,FRNVS
7970,2023-08-13,MOULINS SUR ALLIER,NON,4404,18:39,IC SRO,LYON (intramuros),JOURNTELYN,FRLPE,16:21,FRXMU
7971,2023-08-13,MOULINS SUR ALLIER,NON,4404,16:41,IC SRO,ST GERMAIN DES FOSSES,JOURNTELYN,FRSGF,16:21,FRXMU
7972,2023-08-13,ST PIERRE DES CORPS,NON,4404,15:39,IC SRO,NEVERS,JOURNTELYN,FRNVS,13:34,FRXSH
7973,2023-08-13,ST PIERRE DES CORPS,NON,4404,14:35,IC SRO,VIERZON VILLE,JOURNTELYN,FRXVZ,13:34,FRXSH
7974,2023-08-13,NICE VILLE,NON,6850,17:19,SUD EST,MARSEILLE ST CHARLES,JCSUDPROV,FRMSC,14:40,FRNIC
7975,2023-08-13,TOULON,NON,6850,18:14,SUD EST,AVIGNON TGV,JCSUDPROV,FRAVG,16:23,FRTLN
7976,2023-08-13,TOULON,NON,6850,19:24,SUD EST,LYON (intramuros),JCSUDPROV,FRLPD,16:23,FRTLN
7977,2023-08-13,ANTIBES,NON,6850,19:24,SUD EST,LYON (intramuros),JCSUDPROV,FRLPD,14:56,FRXAT
7978,2023-08-13,ANTIBES,NON,6850,17:19,SUD EST,MARSEILLE ST CHARLES,JCSUDPROV,FRMSC,14:56,FRXAT
7979,2023-08-13,ANTIBES,OUI,6850,16:19,SUD EST,TOULON,JCSUDPROV,FRTLN,14:56,FRXAT
7980,2023-08-13,FRASNE,NON,9277,21:37,INTERNATIONAL,LAUSANNE,PASUIS,CHAJF,20:44,FRFRA
7981,2023-08-13,BORDEAUX ST JEAN,NON,3858,18:40,IC SRO,JONZAC,BORDONANTE,FREMR,17:53,FRBOJ
7982,2023-08-13,BORDEAUX ST JEAN,NON,3858,21:22,IC SRO,LA ROCHE SUR YON,BORDONANTE,FRXRO,17:53,FRBOJ
7983,2023-08-13,ROCHEFORT,NON,3858,20:58,IC SRO,LUCON,BORDONANTE,FRLCN,19:55,FRRCO
7984,2023-08-13,ROCHEFORT,NON,3858,20:15,IC SRO,LA ROCHELLE VILLE,BORDONANTE,FRLRH,19:55,FRRCO
7985,2023-08-13,ROCHEFORT,NON,3858,21:22,IC SRO,LA ROCHE SUR YON,BORDONANTE,FRXRO,19:55,FRRCO
7986,2023-08-13,LA ROCHE SUR YON,NON,3858,22:05,IC SRO,NANTES,BORDONANTE,FRNTE,21:24,FRXRO
7987,2023-08-13,SAINTES,NON,3858,19:53,IC SRO,ROCHEFORT,BORDONANTE,FRRCO,19:25,FRXST
7988,2023-08-13,PARIS (intramuros),NON,8375,12:22,ATLANTIQUE,LA ROCHELLE VILLE,PAROCHELLE,FRLRH,09:12,FRPMO
7989,2023-08-13,ST PIERRE DES CORPS,NON,8375,11:21,ATLANTIQUE,ST MAIXENT DEUX SEVRES,PAROCHELLE,FREJC,10:16,FRXSH
7990,2023-08-13,AIX EN PROVENCE TGV,NON,2083,12:00,EST,BESANCON - F COMTE TGV,JCRHONRHIN,FRTJB,08:25,FRAIE
7991,2023-08-13,AVIGNON TGV,NON,2083,13:43,EST,STRASBOURG,JCRHONRHIN,FRAEG,08:47,FRAVG
7992,2023-08-13,AVIGNON TGV,NON,2083,09:54,EST,LYON (intramuros),JCRHONRHIN,FRLPD,08:47,FRAVG
7993,2023-08-13,AVIGNON TGV,NON,2083,11:03,EST,CHALON SUR SAONE,JCRHONRHIN,FRXCD,08:47,FRAVG
7994,2023-08-13,MARSEILLE ST CHARLES,NON,2083,12:51,EST,MULHOUSE VILLE,JCRHONRHIN,FRAEK,08:11,FRMSC
7995,2023-08-13,MARSEILLE ST CHARLES,OUI,2083,08:44,EST,AVIGNON TGV,JCRHONRHIN,FRAVG,08:11,FRMSC
7996,2023-08-13,MARSEILLE ST CHARLES,NON,2083,11:03,EST,CHALON SUR SAONE,JCRHONRHIN,FRXCD,08:11,FRMSC
7997,2023-08-13,CHALON SUR SAONE,NON,2083,13:43,EST,STRASBOURG,JCRHONRHIN,FRAEG,11:06,FRXCD
7998,2023-08-13,MARSEILLE ST CHARLES,OUI,6144,21:37,SUD EST,AVIGNON TGV,PROVENCEPA,FRAVG,21:02,FRMSC
7999,2023-08-13,MARSEILLE ST CHARLES,OUI,6144,00:22,SUD EST,PARIS (intramuros),PROVENCEPA,FRPLY,21:02,FRMSC
8000,2023-08-13,HENDAYE,OUI,8530,08:23,ATLANTIQUE,DAX,SUDOUESTPA,FRACG,07:12,FRAEF
8001,2023-08-13,BIARRITZ,OUI,8530,08:23,ATLANTIQUE,DAX,SUDOUESTPA,FRACG,07:39,FRBIQ
8002,2023-08-13,BIARRITZ,OUI,8530,09:40,ATLANTIQUE,BORDEAUX ST JEAN,SUDOUESTPA,FRBOJ,07:39,FRBIQ
8003,2023-08-13,BIARRITZ,NON,8530,11:52,ATLANTIQUE,PARIS (intramuros),SUDOUESTPA,FRPMO,07:39,FRBIQ
8004,2023-08-13,BIARRITZ,OUI,8530,07:51,ATLANTIQUE,BAYONNE,SUDOUESTPA,FRXBY,07:39,FRBIQ
8005,2023-08-13,BORDEAUX ST JEAN,NON,8530,11:52,ATLANTIQUE,PARIS (intramuros),SUDOUESTPA,FRPMO,09:46,FRBOJ
8006,2023-08-13,ST JEAN DE LUZ CIBOURE,OUI,8530,07:51,ATLANTIQUE,BAYONNE,SUDOUESTPA,FRXBY,07:26,FRXJZ
8007,2023-08-13,DIJON VILLE,NON,9261,10:42,INTERNATIONAL,FRASNE,PASUIS,FRFRA,09:35,FRABA
8008,2023-08-13,FRASNE,NON,9261,11:52,INTERNATIONAL,LAUSANNE,PASUIS,CHAJF,10:44,FRFRA
8009,2023-08-13,LYON (intramuros),OUI,6612,10:45,SUD EST,LE CREUSOT MONTCEAU MONTCHANIN,RHONEPARIS,FRXCC,10:04,FRLPD
8010,2023-08-13,LE CREUSOT MONTCEAU MONTCHANIN,OUI,6612,12:08,SUD EST,PARIS (intramuros),RHONEPARIS,FRPLY,10:48,FRXCC
8011,2023-08-13,LIMOGES BENEDICTINS,NON,3650,14:47,IC ARO,ARGENTON SUR CREUSE,TOULOUZECO,FRFMT,13:53,FRAGQ
8012,2023-08-13,LIMOGES BENEDICTINS,NON,3650,15:38,IC ARO,VIERZON VILLE,TOULOUZECO,FRXVZ,13:53,FRAGQ
8013,2023-08-13,BRIVE LA GAILLARDE,OUI,3650,13:48,IC ARO,LIMOGES BENEDICTINS,TOULOUZECO,FRAGQ,12:48,FRBVE
8014,2023-08-13,BRIVE LA GAILLARDE,NON,3650,15:04,IC ARO,CHATEAUROUX,TOULOUZECO,FRCHR,12:48,FRBVE
8015,2023-08-13,BRIVE LA GAILLARDE,NON,3650,14:47,IC ARO,ARGENTON SUR CREUSE,TOULOUZECO,FRFMT,12:48,FRBVE
8016,2023-08-13,CHATEAUROUX,NON,3650,16:18,IC ARO,LES AUBRAIS ORLEANS,TOULOUZECO,FRLAB,15:06,FRCHR
8017,2023-08-13,ARGENTON SUR CREUSE,NON,3650,15:38,IC ARO,VIERZON VILLE,TOULOUZECO,FRXVZ,14:48,FRFMT
8018,2023-08-13,GOURDON,OUI,3650,13:48,IC ARO,LIMOGES BENEDICTINS,TOULOUZECO,FRAGQ,12:02,FRFSI
8019,2023-08-13,GOURDON,NON,3650,15:38,IC ARO,VIERZON VILLE,TOULOUZECO,FRXVZ,12:02,FRFSI
8020,2023-08-13,CAUSSADE TARN ET GARONNE,NON,3650,16:18,IC ARO,LES AUBRAIS ORLEANS,TOULOUZECO,FRLAB,11:08,FRFTA
8021,2023-08-13,CAUSSADE TARN ET GARONNE,NON,3650,15:38,IC ARO,VIERZON VILLE,TOULOUZECO,FRXVZ,11:08,FRFTA
8022,2023-08-13,MONTAUBAN VILLE BOURBON,OUI,3650,13:48,IC ARO,LIMOGES BENEDICTINS,TOULOUZECO,FRAGQ,10:55,FRXMW
8023,2023-08-13,MONTAUBAN VILLE BOURBON,OUI,3650,12:44,IC ARO,BRIVE LA GAILLARDE,TOULOUZECO,FRBVE,10:55,FRXMW
8024,2023-08-13,TOULOUSE MATABIAU,NON,3650,14:47,IC ARO,ARGENTON SUR CREUSE,TOULOUZECO,FRFMT,10:28,FRXYT
8025,2023-08-13,TOULOUSE MATABIAU,OUI,3650,12:00,IC ARO,GOURDON,TOULOUZECO,FRFSI,10:28,FRXYT
8026,2023-08-13,TOULOUSE MATABIAU,OUI,3650,11:07,IC ARO,CAUSSADE TARN ET GARONNE,TOULOUZECO,FRFTA,10:28,FRXYT
8027,2023-08-13,TOULOUSE MATABIAU,NON,3650,15:38,IC ARO,VIERZON VILLE,TOULOUZECO,FRXVZ,10:28,FRXYT
8028,2023-08-13,CAHORS,OUI,3650,13:48,IC ARO,LIMOGES BENEDICTINS,TOULOUZECO,FRAGQ,11:35,FRZAO
8029,2023-08-13,CAHORS,NON,3650,15:04,IC ARO,CHATEAUROUX,TOULOUZECO,FRCHR,11:35,FRZAO
8030,2023-08-13,CAHORS,NON,3650,14:47,IC ARO,ARGENTON SUR CREUSE,TOULOUZECO,FRFMT,11:35,FRZAO
8031,2023-08-13,CAUSSADE TARN ET GARONNE,OUI,3650,14:22,IC ARO,LA SOUTERRAINE,TOULOUZECO,FRLST,11:08,FRFTA
8032,2023-08-13,ST ETIENNE CHATEAUCREUX,OUI,6692,07:28,SUD EST,LYON (intramuros),RHONEPARIS,FRLPD,06:42,FRHHD
8033,2023-08-13,ST ETIENNE CHATEAUCREUX,OUI,6692,09:30,SUD EST,PARIS (intramuros),RHONEPARIS,FRPLY,06:42,FRHHD
8034,2023-08-13,LYON (intramuros),OUI,6692,09:30,SUD EST,PARIS (intramuros),RHONEPARIS,FRPLY,07:34,FRLPD
8035,2023-08-13,GENEVE,NON,9780,19:49,INTERNATIONAL,BOURG EN BRESSE,GENEVEPA,FRXBK,18:29,CHGVA
8036,2023-08-13,GENEVE,NON,9780,18:58,INTERNATIONAL,BELLEGARDE,GENEVEPA,FRXBF,18:29,CHGVA
8037,2023-08-13,CLERMONT FERRAND,OUI,5970,14:58,IC ARO,NEVERS,CLERMONTPA,FRNVS,13:31,FRCFE
8038,2023-08-13,CLERMONT FERRAND,NON,5970,16:57,IC ARO,PARIS (intramuros),CLERMONTPA,FRPBE,13:31,FRCFE
8039,2023-08-13,CLERMONT FERRAND,OUI,5970,14:04,IC ARO,VICHY,CLERMONTPA,FRVHY,13:31,FRCFE
8040,2023-08-13,ANGERS ST LAUD,NON,8977,17:14,ATLANTIQUE,LES SABLES D'OLONNE,PARISLOIRE,FRLSO,15:19,FRACL
8041,2023-08-13,LE MANS,NON,8977,14:52,ATLANTIQUE,SABLE SUR SARTHE,PARISLOIRE,FRSAB,14:32,FRAET
8042,2023-08-13,LE MANS,NON,8977,16:46,ATLANTIQUE,LA ROCHE SUR YON,PARISLOIRE,FRXRO,14:32,FRAET
8043,2023-08-13,PARIS (intramuros),NON,8977,17:14,ATLANTIQUE,LES SABLES D'OLONNE,PARISLOIRE,FRLSO,13:32,FRPMO
8044,2023-08-13,PARIS (intramuros),NON,8977,14:52,ATLANTIQUE,SABLE SUR SARTHE,PARISLOIRE,FRSAB,13:32,FRPMO
8045,2023-08-13,SABLE SUR SARTHE,NON,8977,17:14,ATLANTIQUE,LES SABLES D'OLONNE,PARISLOIRE,FRLSO,14:54,FRSAB
8046,2023-08-13,LA ROCHE SUR YON,OUI,8977,17:14,ATLANTIQUE,LES SABLES D'OLONNE,PARISLOIRE,FRLSO,16:48,FRXRO
8047,2023-08-13,AIX EN PROVENCE TGV,NON,6801,08:14,SUD EST,MARSEILLE ST CHARLES,JCPROVSUD,FRMSC,08:03,FRAIE
8048,2023-08-13,AIX EN PROVENCE TGV,NON,6801,09:49,SUD EST,LES ARCS DRAGUIGNAN,JCPROVSUD,FRXRS,08:03,FRAIE
8049,2023-08-13,AVIGNON TGV,NON,6801,08:00,SUD EST,AIX EN PROVENCE TGV,JCPROVSUD,FRAIE,07:38,FRAVG
8050,2023-08-13,AVIGNON TGV,NON,6801,10:06,SUD EST,ST RAPHAEL VALESCURE,JCPROVSUD,FRXSK,07:38,FRAVG
8051,2023-08-13,CANNES,OUI,6801,10:47,SUD EST,ANTIBES,JCPROVSUD,FRXAT,10:39,FRJCA
8052,2023-08-13,LYON (intramuros),NON,6801,07:35,SUD EST,AVIGNON TGV,JCPROVSUD,FRAVG,06:04,FRLPD
8053,2023-08-13,LYON (intramuros),NON,6801,10:06,SUD EST,ST RAPHAEL VALESCURE,JCPROVSUD,FRXSK,06:04,FRLPD
8054,2023-08-13,MARSEILLE ST CHARLES,NON,6801,09:11,SUD EST,TOULON,JCPROVSUD,FRTLN,08:28,FRMSC
8055,2023-08-13,TOULON,NON,6801,09:49,SUD EST,LES ARCS DRAGUIGNAN,JCPROVSUD,FRXRS,09:15,FRTLN
8056,2023-08-13,VALENCE TGV RHONE-ALPES SUD,NON,6801,11:06,SUD EST,NICE VILLE,JCPROVSUD,FRNIC,07:00,FRVLA
8057,2023-08-13,VALENCE TGV RHONE-ALPES SUD,NON,6801,09:11,SUD EST,TOULON,JCPROVSUD,FRTLN,07:00,FRVLA
8058,2023-08-13,VALENCE TGV RHONE-ALPES SUD,NON,6801,10:47,SUD EST,ANTIBES,JCPROVSUD,FRXAT,07:00,FRVLA
8059,2023-08-13,VALENCE TGV RHONE-ALPES SUD,NON,6801,09:49,SUD EST,LES ARCS DRAGUIGNAN,JCPROVSUD,FRXRS,07:00,FRVLA
8060,2023-08-13,LIMOGES BENEDICTINS,OUI,3614,07:14,IC ARO,CHATEAUROUX,TOULOUZECO,FRCHR,06:03,FRAGQ
8061,2023-08-13,LIMOGES BENEDICTINS,OUI,3614,06:33,IC ARO,LA SOUTERRAINE,TOULOUZECO,FRLST,06:03,FRAGQ
8062,2023-08-13,CHATEAUROUX,NON,3614,09:19,IC ARO,PARIS (intramuros),TOULOUZECO,FRPAZ,07:16,FRCHR
8063,2023-08-13,CHATEAUROUX,OUI,3614,07:48,IC ARO,VIERZON VILLE,TOULOUZECO,FRXVZ,07:16,FRCHR
8064,2023-08-13,LA SOUTERRAINE,OUI,3614,07:48,IC ARO,VIERZON VILLE,TOULOUZECO,FRXVZ,06:35,FRLST
8065,2023-08-13,AVIGNON TGV,OUI,6123,20:41,SUD EST,AIX EN PROVENCE TGV,PAPROVENCE,FRAIE,20:20,FRAVG
8066,2023-08-13,PAU,NON,8562,12:06,ATLANTIQUE,BORDEAUX ST JEAN,SUDOUESTPA,FRBOJ,09:47,FRAEE
8067,2023-08-13,PAU,NON,8562,14:20,ATLANTIQUE,PARIS (intramuros),SUDOUESTPA,FRPMO,09:47,FRAEE
8068,2023-08-13,TARBES,OUI,8562,10:34,ATLANTIQUE,DAX,SUDOUESTPA,FRACG,08:56,FRXTB
8069,2023-08-13,TARBES,NON,8562,14:20,ATLANTIQUE,PARIS (intramuros),SUDOUESTPA,FRPMO,08:56,FRXTB
8070,2023-08-13,PARIS (intramuros),OUI,7177,17:59,NORD,DOUAI,PAARRAS,FRXDN,16:52,FRPNO
8071,2023-08-13,CLERMONT FERRAND,OUI,5974,15:04,IC ARO,VICHY,CLERMONTPA,FRVHY,14:31,FRCFE
8072,2023-08-13,RIOM CHATEL GUYON,OUI,5974,15:04,IC ARO,VICHY,CLERMONTPA,FRVHY,14:42,FRRIO
8073,2023-08-13,MOULINS SUR ALLIER,OUI,5974,15:58,IC ARO,NEVERS,CLERMONTPA,FRNVS,15:31,FRXMU
8074,2023-08-13,FRANKFURT MAIN HBF,NON,9560,18:04,INTERNATIONAL,KARLSRUHE HBF,FRANCPA,DEQKA,16:56,DEFRH
8075,2023-08-13,FRANKFURT MAIN HBF,NON,9560,18:48,INTERNATIONAL,STRASBOURG,FRANCPA,FRAEG,16:56,DEFRH
8076,2023-08-13,FRANKFURT MAIN HBF,NON,9560,20:42,INTERNATIONAL,PARIS (intramuros),FRANCPA,FRPST,16:56,DEFRH
8077,2023-08-13,MANNHEIM HBF,NON,9560,18:04,INTERNATIONAL,KARLSRUHE HBF,FRANCPA,DEQKA,17:38,DEMHG
8078,2023-08-13,MANNHEIM HBF,NON,9560,18:48,INTERNATIONAL,STRASBOURG,FRANCPA,FRAEG,17:38,DEMHG
8079,2023-08-13,DAX,NON,8542,17:39,ATLANTIQUE,BORDEAUX ST JEAN,SUDOUESTPA,FRBOJ,16:21,FRACG
8080,2023-08-13,DAX,NON,8542,19:52,ATLANTIQUE,PARIS (intramuros),SUDOUESTPA,FRPMO,16:21,FRACG
8081,2023-08-13,BIARRITZ,NON,8542,17:39,ATLANTIQUE,BORDEAUX ST JEAN,SUDOUESTPA,FRBOJ,15:32,FRBIQ
8082,2023-08-13,THONON LES BAINS,NON,6504,18:34,SUD EST,PARIS (intramuros),ALPESPARIS,FRPLY,13:53,FRXTS
8083,2023-08-13,AGEN,NON,8505,15:31,ATLANTIQUE,TOULOUSE MATABIAU,PASUDOUEST,FRXYT,14:24,FRAGF
8084,2023-08-13,PARIS (intramuros),NON,8505,15:01,ATLANTIQUE,MONTAUBAN VILLE BOURBON,PASUDOUEST,FRXMW,11:08,FRPMO
8085,2023-08-13,ZUERICH HB,NON,9218,12:28,INTERNATIONAL,BASEL SBB,ZURBALPA,CHAJP,11:34,CHAJD
8086,2023-08-13,BASEL SBB,NON,9218,13:17,INTERNATIONAL,BELFORT-MONTBELIARD TGV,ZURBALPA,FRTJA,12:34,CHAJP
8087,2023-08-13,DIJON VILLE,NON,5537,22:30,EST,NICE VILLE,JCRHINRHON,FRNIC,16:20,FRABA
8088,2023-08-13,DIJON VILLE,NON,5537,20:41,EST,TOULON,JCRHINRHON,FRTLN,16:20,FRABA
8089,2023-08-13,DIJON VILLE,NON,5537,22:11,EST,ANTIBES,JCRHINRHON,FRXAT,16:20,FRABA
8090,2023-08-13,DIJON VILLE,NON,5537,21:17,EST,LES ARCS DRAGUIGNAN,JCRHINRHON,FRXRS,16:20,FRABA
8091,2023-08-13,DIJON VILLE,NON,5537,21:34,EST,ST RAPHAEL VALESCURE,JCRHINRHON,FRXSK,16:20,FRABA
8092,2023-08-13,STRASBOURG,OUI,5537,16:04,EST,DIJON VILLE,JCRHINRHON,FRABA,13:37,FRAEG
8093,2023-08-13,STRASBOURG,NON,5537,19:10,EST,AVIGNON TGV,JCRHINRHON,FRAVG,13:37,FRAEG
8094,2023-08-13,STRASBOURG,NON,5537,21:34,EST,ST RAPHAEL VALESCURE,JCRHINRHON,FRXSK,13:37,FRAEG
8095,2023-08-13,COLMAR,NON,5537,21:59,EST,CANNES,JCRHINRHON,FRJCA,14:05,FRAEJ
8096,2023-08-13,COLMAR,NON,5537,20:41,EST,TOULON,JCRHINRHON,FRTLN,14:05,FRAEJ
8097,2023-08-13,COLMAR,NON,5537,21:34,EST,ST RAPHAEL VALESCURE,JCRHINRHON,FRXSK,14:05,FRAEJ
8098,2023-08-13,MULHOUSE VILLE,NON,5537,17:56,EST,LYON (intramuros),JCRHINRHON,FRLPD,14:41,FRAEK
8099,2023-08-13,MULHOUSE VILLE,OUI,5537,15:29,EST,BESANCON - F COMTE TGV,JCRHINRHON,FRTJB,14:41,FRAEK
8100,2023-08-13,MULHOUSE VILLE,NON,5537,22:11,EST,ANTIBES,JCRHINRHON,FRXAT,14:41,FRAEK
8101,2023-08-13,MULHOUSE VILLE,NON,5537,21:17,EST,LES ARCS DRAGUIGNAN,JCRHINRHON,FRXRS,14:41,FRAEK
8102,2023-08-13,AIX EN PROVENCE TGV,NON,5537,22:30,EST,NICE VILLE,JCRHINRHON,FRNIC,19:33,FRAIE
8103,2023-08-13,AIX EN PROVENCE TGV,NON,5537,22:11,EST,ANTIBES,JCRHINRHON,FRXAT,19:33,FRAIE
8104,2023-08-13,AIX EN PROVENCE TGV,NON,5537,21:17,EST,LES ARCS DRAGUIGNAN,JCRHINRHON,FRXRS,19:33,FRAIE
8105,2023-08-13,AVIGNON TGV,NON,5537,22:30,EST,NICE VILLE,JCRHINRHON,FRNIC,19:12,FRAVG
8106,2023-08-13,AVIGNON TGV,NON,5537,21:17,EST,LES ARCS DRAGUIGNAN,JCRHINRHON,FRXRS,19:12,FRAVG
8107,2023-08-13,NANCY,OUI,5537,13:29,EST,STRASBOURG,JCRHINRHON,FRAEG,11:46,FRENC
8108,2023-08-13,NANCY,NON,5537,22:11,EST,ANTIBES,JCRHINRHON,FRXAT,11:46,FRENC
8109,2023-08-13,CANNES,OUI,5537,22:11,EST,ANTIBES,JCRHINRHON,FRXAT,22:03,FRJCA
8110,2023-08-13,LYON (intramuros),NON,5537,19:45,EST,MARSEILLE ST CHARLES,JCRHINRHON,FRMSC,18:04,FRLPD
8111,2023-08-13,LYON (intramuros),NON,5537,22:30,EST,NICE VILLE,JCRHINRHON,FRNIC,18:04,FRLPD
8112,2023-08-13,MARSEILLE ST CHARLES,NON,5537,21:59,EST,CANNES,JCRHINRHON,FRJCA,19:57,FRMSC
8113,2023-08-13,MARSEILLE ST CHARLES,NON,5537,22:30,EST,NICE VILLE,JCRHINRHON,FRNIC,19:57,FRMSC
8114,2023-08-13,BELFORT-MONTBELIARD TGV,NON,5537,19:31,EST,AIX EN PROVENCE TGV,JCRHINRHON,FRAIE,15:06,FRTJA
8115,2023-08-13,BESANCON - F COMTE TGV,NON,5537,19:10,EST,AVIGNON TGV,JCRHINRHON,FRAVG,15:36,FRTJB
8116,2023-08-13,BESANCON - F COMTE TGV,NON,5537,17:56,EST,LYON (intramuros),JCRHINRHON,FRLPD,15:36,FRTJB
8117,2023-08-13,TOULON,OUI,5537,21:17,EST,LES ARCS DRAGUIGNAN,JCRHINRHON,FRXRS,20:45,FRTLN
8118,2023-08-13,BEAUNE,NON,5537,22:30,EST,NICE VILLE,JCRHINRHON,FRNIC,16:42,FRXBV
8119,2023-08-13,BEAUNE,NON,5537,22:11,EST,ANTIBES,JCRHINRHON,FRXAT,16:42,FRXBV
8120,2023-08-13,BEAUNE,NON,5537,21:34,EST,ST RAPHAEL VALESCURE,JCRHINRHON,FRXSK,16:42,FRXBV
8121,2023-08-13,LES ARCS DRAGUIGNAN,OUI,5537,22:11,EST,ANTIBES,JCRHINRHON,FRXAT,21:20,FRXRS
8122,2023-08-13,BESANCON - F COMTE TGV,NON,5537,22:11,EST,ANTIBES,JCRHINRHON,FRXAT,15:36,FRTJB
8123,2023-08-13,PARIS (intramuros),NON,9777,20:14,INTERNATIONAL,LAUSANNE,PAGENEVE,CHAJF,16:18,FRPLY
8124,2023-08-13,BOURG EN BRESSE,NON,9777,20:14,INTERNATIONAL,LAUSANNE,PAGENEVE,CHAJF,18:12,FRXBK
8125,2023-08-13,ST MAIXENT DEUX SEVRES,OUI,8361,16:20,ATLANTIQUE,LA ROCHELLE VILLE,PAROCHELLE,FRLRH,15:20,FREJC
8126,2023-08-13,SURGERES,NON,8374,13:37,ATLANTIQUE,PARIS (intramuros),ROCHELLEPA,FRPMO,11:05,FREIP
8127,2023-08-13,NIORT,NON,8374,12:09,ATLANTIQUE,POITIERS,ROCHELLEPA,FRPIS,11:26,FRNIT
8128,2023-08-13,DIJON VILLE,NON,6705,14:12,SUD EST,MULHOUSE VILLE,PABOUR,FRAEK,12:56,FRABA
8129,2023-08-13,PARIS (intramuros),NON,6705,13:46,SUD EST,BELFORT-MONTBELIARD TGV,PABOUR,FRTJA,11:18,FRPLY
8130,2023-08-13,LILLE (intramuros),OUI,7046,16:14,NORD,PARIS (intramuros),LILLEPA,FRPNO,15:12,FRADJ
8131,2023-08-13,ANGOULEME,OUI,8450,19:55,ATLANTIQUE,POITIERS,SUDOUESTPA,FRPIS,19:16,FRANG
8132,2023-08-13,BORDEAUX ST JEAN,OUI,8450,19:13,ATLANTIQUE,ANGOULEME,SUDOUESTPA,FRANG,18:38,FRBOJ
8133,2023-08-13,POITIERS,NON,8450,20:36,ATLANTIQUE,ST PIERRE DES CORPS,SUDOUESTPA,FRXSH,20:05,FRPIS
8134,2023-08-13,FRANKFURT MAIN HBF,NON,9568,07:36,INTERNATIONAL,MANNHEIM HBF,FRANCPA,DEMHG,06:56,DEFRH
8135,2023-08-13,FRANKFURT MAIN HBF,NON,9568,08:48,INTERNATIONAL,STRASBOURG,FRANCPA,FRAEG,06:56,DEFRH
8136,2023-08-13,FRANKFURT MAIN HBF,NON,9568,10:38,INTERNATIONAL,PARIS (intramuros),FRANCPA,FRPST,06:56,DEFRH
8137,2023-08-13,MANNHEIM HBF,NON,9568,10:38,INTERNATIONAL,PARIS (intramuros),FRANCPA,FRPST,07:38,DEMHG
8138,2023-08-13,KARLSRUHE HBF,NON,9568,10:38,INTERNATIONAL,PARIS (intramuros),FRANCPA,FRPST,08:06,DEQKA
8139,2023-08-13,MODANE,NON,9240,11:40,INTERNATIONAL,MACON LOCHE TGV,ITALIEPA,FRMLT,09:13,FRAGR
8140,2023-08-13,MODANE,NON,9240,13:14,INTERNATIONAL,PARIS (intramuros),ITALIEPA,FRPLY,09:13,FRAGR
8141,2023-08-13,ST JEAN DE MAURIENNE ARVAN,NON,9240,13:14,INTERNATIONAL,PARIS (intramuros),ITALIEPA,FRPLY,09:37,FRHPN
8142,2023-08-13,MILANO P GARIBALDI,NON,9240,09:03,INTERNATIONAL,MODANE,ITALIEPA,FRAGR,06:00,ITMPG
8143,2023-08-13,MILANO P GARIBALDI,NON,9240,13:14,INTERNATIONAL,PARIS (intramuros),ITALIEPA,FRPLY,06:00,ITMPG
8144,2023-08-13,OULX CESANA CLAV SESTRIERE,NON,9240,10:15,INTERNATIONAL,CHAMBERY CHALLES LES EAUX,ITALIEPA,FRCMF,08:36,ITOCS
8145,2023-08-13,TORINO PORTA SUSA,NON,9240,09:03,INTERNATIONAL,MODANE,ITALIEPA,FRAGR,07:36,ITTRS
8146,2023-08-13,BORDEAUX ST JEAN,NON,3856,14:40,IC SRO,JONZAC,BORDONANTE,FREMR,13:53,FRBOJ
8147,2023-08-13,BORDEAUX ST JEAN,NON,3856,18:05,IC SRO,NANTES,BORDONANTE,FRNTE,13:53,FRBOJ
8148,2023-08-13,JONZAC,NON,3856,16:15,IC SRO,LA ROCHELLE VILLE,BORDONANTE,FRLRH,14:41,FREMR
8149,2023-08-13,JONZAC,NON,3856,17:22,IC SRO,LA ROCHE SUR YON,BORDONANTE,FRXRO,14:41,FREMR
8150,2023-08-13,SAINTES,NON,3856,15:54,IC SRO,ROCHEFORT,BORDONANTE,FRRCO,15:25,FRXST
8151,2023-08-13,SAINTES,NON,3856,17:22,IC SRO,LA ROCHE SUR YON,BORDONANTE,FRXRO,15:25,FRXST
8152,2023-08-13,BEZIERS,OUI,6212,19:49,SUD EST,NIMES,LANGPA,FRFNI,18:35,FRBZR
8153,2023-08-13,PERPIGNAN,OUI,6212,18:32,SUD EST,BEZIERS,LANGPA,FRBZR,17:40,FRPGF
8154,2023-08-13,PERPIGNAN,OUI,6212,19:49,SUD EST,NIMES,LANGPA,FRFNI,17:40,FRPGF
8155,2023-08-13,PERPIGNAN,OUI,6212,19:21,SUD EST,MONTPELLIER SAINT-ROCH,LANGPA,FRMPL,17:40,FRPGF
8156,2023-08-13,PERPIGNAN,OUI,6212,19:03,SUD EST,SETE,LANGPA,FRXSY,17:40,FRPGF
8157,2023-08-13,NARBONNE,OUI,6212,18:32,SUD EST,BEZIERS,LANGPA,FRBZR,18:18,FRXNA
8158,2023-08-13,SETE,OUI,6212,19:21,SUD EST,MONTPELLIER SAINT-ROCH,LANGPA,FRMPL,19:06,FRXSY
8159,2023-08-13,COLMAR,OUI,2362,17:13,EST,STRASBOURG,MULHSTRAPA,FRAEG,16:45,FRAEJ
8160,2023-08-13,COLMAR,OUI,2362,19:05,EST,PARIS (intramuros),MULHSTRAPA,FRPST,16:45,FRAEJ
8161,2023-08-13,BEZIERS,NON,6252,12:50,SUD EST,VALENCE TGV RHONE-ALPES SUD,LANGPA,FRVLA,10:59,FRBZR
8162,2023-08-13,VALENCE TGV RHONE-ALPES SUD,NON,6252,15:04,SUD EST,PARIS (intramuros),LANGPA,FRPLY,12:53,FRVLA
8163,2023-08-13,NARBONNE,NON,6252,15:04,SUD EST,PARIS (intramuros),LANGPA,FRPLY,10:42,FRXNA
8164,2023-08-13,MONTPELLIER SUD DE FRANCE,NON,6252,15:04,SUD EST,PARIS (intramuros),LANGPA,FRPLY,11:52,FRSUF
8165,2023-08-13,NARBONNE,NON,6252,11:46,SUD EST,MONTPELLIER SUD DE FRANCE,LANGPA,FRSUF,10:42,FRXNA
8166,2023-08-13,NIMES PONT DU GARD,NON,6252,12:50,SUD EST,VALENCE TGV RHONE-ALPES SUD,LANGPA,FRVLA,12:14,FRXZP
8167,2023-08-13,MONTPELLIER SUD DE FRANCE,NON,6252,12:11,SUD EST,NIMES PONT DU GARD,LANGPA,FRXZP,11:52,FRSUF
8168,2023-08-13,CARCASSONNE,NON,4756,11:16,IC ARO,TOULOUSE MATABIAU,TJOURSESO,FRXYT,10:34,FRCCF
8169,2023-08-13,NIMES,NON,4756,10:01,IC ARO,NARBONNE,TJOURSESO,FRXNA,08:41,FRFNI
8170,2023-08-13,ARLES,OUI,4756,09:05,IC ARO,MONTPELLIER SAINT-ROCH,TJOURSESO,FRMPL,08:11,FRHZA
8171,2023-08-13,MONTPELLIER SAINT-ROCH,NON,4756,10:32,IC ARO,CARCASSONNE,TJOURSESO,FRCCF,09:08,FRMPL
8172,2023-08-13,NARBONNE,NON,4756,12:26,IC ARO,AGEN,TJOURSESO,FRAGF,10:04,FRXNA
8173,2023-08-13,SETE,NON,4756,11:16,IC ARO,TOULOUSE MATABIAU,TJOURSESO,FRXYT,09:24,FRXSY
8174,2023-08-13,TOULOUSE MATABIAU,NON,4756,12:26,IC ARO,AGEN,TJOURSESO,FRAGF,11:24,FRXYT
8175,2023-08-13,TOULOUSE MATABIAU,NON,4756,11:49,IC ARO,MONTAUBAN VILLE BOURBON,TJOURSESO,FRXMW,11:24,FRXYT
8176,2023-08-13,PARIS (intramuros),NON,6607,11:10,SUD EST,LYON (intramuros),PARISRHONE,FRLPE,09:00,FRPLY
8177,2023-08-13,CHATEAUROUX,NON,3635,17:01,IC ARO,BRIVE LA GAILLARDE,PALITO,FRBVE,14:45,FRCHR
8178,2023-08-13,CHATEAUROUX,NON,3635,17:44,IC ARO,GOURDON,PALITO,FRFSI,14:45,FRCHR
8179,2023-08-13,LA SOUTERRAINE,OUI,3635,15:58,IC ARO,LIMOGES BENEDICTINS,PALITO,FRAGQ,15:26,FRLST
8180,2023-08-13,LA SOUTERRAINE,OUI,3635,17:44,IC ARO,GOURDON,PALITO,FRFSI,15:26,FRLST
8181,2023-08-13,PARIS (intramuros),NON,3635,17:01,IC ARO,BRIVE LA GAILLARDE,PALITO,FRBVE,12:41,FRPAZ
8182,2023-08-13,PARIS (intramuros),NON,3635,14:43,IC ARO,CHATEAUROUX,PALITO,FRCHR,12:41,FRPAZ
8183,2023-08-13,PARIS (intramuros),NON,3635,15:00,IC ARO,ARGENTON SUR CREUSE,PALITO,FRFMT,12:41,FRPAZ
8184,2023-08-13,PARIS (intramuros),NON,3635,17:28,IC ARO,SOUILLAC,PALITO,FRSOU,12:41,FRPAZ
8185,2023-08-13,VIERZON VILLE,NON,3635,15:58,IC ARO,LIMOGES BENEDICTINS,PALITO,FRAGQ,14:11,FRXVZ
8186,2023-08-13,LOURDES,NON,14148,16:52,IC SRO,TARBES,SUDOUEST,FRXTB,16:39,FRLDE
8187,2023-08-13,AVIGNON TGV,NON,6063,15:32,SUD EST,AIX EN PROVENCE TGV,JCPROVSUD,FRAIE,15:13,FRAVG
8188,2023-08-13,AVIGNON TGV,NON,6063,15:46,SUD EST,MARSEILLE ST CHARLES,JCPROVSUD,FRMSC,15:13,FRAVG
8189,2023-08-13,LA ROCHELLE VILLE,OUI,8380,16:21,ATLANTIQUE,NIORT,ROCHELLEPA,FRNIT,15:47,FRLRH
8190,2023-08-13,LA ROCHELLE VILLE,NON,8380,18:37,ATLANTIQUE,PARIS (intramuros),ROCHELLEPA,FRPMO,15:47,FRLRH
8191,2023-08-13,NIORT,NON,8380,18:37,ATLANTIQUE,PARIS (intramuros),ROCHELLEPA,FRPMO,16:24,FRNIT
8192,2023-08-13,BELFORT-MONTBELIARD TGV,OUI,9234,22:42,INTERNATIONAL,PARIS (intramuros),ZURBALPA,FRPLY,20:21,FRTJA
8193,2023-08-13,NANTES,OUI,8880,17:23,ATLANTIQUE,LE MANS,LOIREPARIS,FRAET,16:05,FRNTE
8194,2023-08-13,LORIENT,OUI,8715,14:34,ATLANTIQUE,QUIMPER,PARISBRETA,FRUIP,14:00,FRLRT
8195,2023-08-13,VANNES,NON,8715,14:34,ATLANTIQUE,QUIMPER,PARISBRETA,FRUIP,13:28,FRVNE
8196,2023-08-13,VANNES,NON,8715,13:38,ATLANTIQUE,AURAY,PARISBRETA,FRXUY,13:28,FRVNE
8197,2023-08-13,AURAY,OUI,8715,14:34,ATLANTIQUE,QUIMPER,PARISBRETA,FRUIP,13:41,FRXUY
8198,2023-08-13,PARIS (intramuros),OUI,2721,11:44,EST,REIMS,PABARSED,FRRHE,10:58,FRPST
8199,2023-08-13,CALAIS FRETHUN,OUI,7518,13:23,NORD,PARIS (intramuros),ARRASPA,FRPNO,11:15,FRSTH
8200,2023-08-13,MACON LOCHE TGV,NON,6964,13:14,SUD EST,PARIS (intramuros),ALPESPARIS,FRPLY,11:43,FRMLT
8201,2023-08-13,ANNECY,OUI,6964,09:57,SUD EST,AIX LES BAINS LE REVARD,ALPESPARIS,FRXAI,09:29,FRNCY
8202,2023-08-13,AIX LES BAINS LE REVARD,NON,6964,13:14,SUD EST,PARIS (intramuros),ALPESPARIS,FRPLY,10:00,FRXAI
8203,2023-08-13,BRUXELLES MIDI BRUSSEL ZUID,NON,9836,20:49,NORD,VALENCE TGV RHONE-ALPES SUD,JCNORDSUD,FRVLA,16:17,BEBMI
8204,2023-08-13,LILLE (intramuros),OUI,9836,20:00,NORD,LYON (intramuros),JCNORDSUD,FRLPD,17:03,FRLLE
8205,2023-08-13,LILLE (intramuros),OUI,9836,20:49,NORD,VALENCE TGV RHONE-ALPES SUD,JCNORDSUD,FRVLA,17:03,FRLLE
8206,2023-08-13,AEROPORT CDG2 TGV ROISSY,OUI,9836,20:49,NORD,VALENCE TGV RHONE-ALPES SUD,JCNORDSUD,FRVLA,17:59,FRMLW
8207,2023-08-13,PARIS (intramuros),NON,6951,22:00,SUD EST,AIX LES BAINS LE REVARD,PARISALPES,FRXAI,18:46,FRPLY
8208,2023-08-13,AIX EN PROVENCE TGV,OUI,9866,12:45,NORD,AVIGNON TGV,JCSUDNORD,FRAVG,12:26,FRAIE
8209,2023-08-13,AIX EN PROVENCE TGV,NON,9866,16:57,NORD,LILLE (intramuros),JCSUDNORD,FRLLE,12:26,FRAIE
8210,2023-08-13,AVIGNON TGV,NON,9866,16:00,NORD,AEROPORT CDG2 TGV ROISSY,JCSUDNORD,FRMLW,12:48,FRAVG
8211,2023-08-13,LILLE (intramuros),NON,9866,17:43,NORD,BRUXELLES MIDI BRUSSEL ZUID,JCSUDNORD,BEBMI,17:08,FRLLE
8212,2023-08-13,LYON (intramuros),NON,9866,17:43,NORD,BRUXELLES MIDI BRUSSEL ZUID,JCSUDNORD,BEBMI,14:00,FRLPD
8213,2023-08-13,MARNE LA VALLEE CHESSY,NON,9866,16:57,NORD,LILLE (intramuros),JCSUDNORD,FRLLE,15:50,FRMLV
8214,2023-08-13,AIX EN PROVENCE TGV,NON,5516,10:17,EST,AVIGNON TGV,JCRHONRHIN,FRAVG,09:58,FRAIE
8215,2023-08-13,AVIGNON TGV,NON,5516,17:35,EST,NANCY,JCRHONRHIN,FRENC,10:20,FRAVG
8216,2023-08-13,MACON VILLE,NON,5516,14:55,EST,MULHOUSE VILLE,JCRHONRHIN,FRAEK,12:12,FRHGU
8217,2023-08-13,CANNES,NON,5516,10:17,EST,AVIGNON TGV,JCRHONRHIN,FRAVG,07:30,FRJCA
8218,2023-08-13,CANNES,NON,5516,12:09,EST,MACON VILLE,JCRHONRHIN,FRHGU,07:30,FRJCA
8219,2023-08-13,CANNES,OUI,5516,09:33,EST,MARSEILLE ST CHARLES,JCRHONRHIN,FRMSC,07:30,FRJCA
8220,2023-08-13,CANNES,OUI,5516,08:46,EST,TOULON,JCRHONRHIN,FRTLN,07:30,FRJCA
8221,2023-08-13,CANNES,NON,5516,12:41,EST,CHALON SUR SAONE,JCRHONRHIN,FRXCD,07:30,FRJCA
8222,2023-08-13,CANNES,OUI,5516,07:52,EST,ST RAPHAEL VALESCURE,JCRHONRHIN,FRXSK,07:30,FRJCA
8223,2023-08-13,LYON (intramuros),NON,5516,13:25,EST,DIJON VILLE,JCRHONRHIN,FRABA,11:32,FRLPD
8224,2023-08-13,LYON (intramuros),NON,5516,15:54,EST,STRASBOURG,JCRHONRHIN,FRAEG,11:32,FRLPD
8225,2023-08-13,LYON (intramuros),NON,5516,12:09,EST,MACON VILLE,JCRHONRHIN,FRHGU,11:32,FRLPD
8226,2023-08-13,MARSEILLE ST CHARLES,NON,5516,09:55,EST,AIX EN PROVENCE TGV,JCRHONRHIN,FRAIE,09:45,FRMSC
8227,2023-08-13,NICE VILLE,NON,5516,15:54,EST,STRASBOURG,JCRHONRHIN,FRAEG,07:00,FRNIC
8228,2023-08-13,NICE VILLE,NON,5516,14:55,EST,MULHOUSE VILLE,JCRHONRHIN,FRAEK,07:00,FRNIC
8229,2023-08-13,TOULON,NON,5516,13:25,EST,DIJON VILLE,JCRHONRHIN,FRABA,08:50,FRTLN
8230,2023-08-13,TOULON,NON,5516,15:24,EST,COLMAR,JCRHONRHIN,FRAEJ,08:50,FRTLN
8231,2023-08-13,TOULON,NON,5516,14:55,EST,MULHOUSE VILLE,JCRHONRHIN,FRAEK,08:50,FRTLN
8232,2023-08-13,TOULON,NON,5516,17:35,EST,NANCY,JCRHONRHIN,FRENC,08:50,FRTLN
8233,2023-08-13,TOULON,OUI,5516,09:33,EST,MARSEILLE ST CHARLES,JCRHONRHIN,FRMSC,08:50,FRTLN
8234,2023-08-13,TOULON,NON,5516,12:41,EST,CHALON SUR SAONE,JCRHONRHIN,FRXCD,08:50,FRTLN
8235,2023-08-13,ANTIBES,NON,5516,12:09,EST,MACON VILLE,JCRHONRHIN,FRHGU,07:16,FRXAT
8236,2023-08-13,ANTIBES,OUI,5516,07:26,EST,CANNES,JCRHONRHIN,FRJCA,07:16,FRXAT
8237,2023-08-13,ANTIBES,NON,5516,11:26,EST,LYON (intramuros),JCRHONRHIN,FRLPD,07:16,FRXAT
8238,2023-08-13,ANTIBES,NON,5516,12:41,EST,CHALON SUR SAONE,JCRHONRHIN,FRXCD,07:16,FRXAT
8239,2023-08-13,CHALON SUR SAONE,NON,5516,14:06,EST,BESANCON - F COMTE TGV,JCRHONRHIN,FRTJB,12:44,FRXCD
8240,2023-08-13,CHALON SUR SAONE,NON,5516,13:03,EST,BEAUNE,JCRHONRHIN,FRXBV,12:44,FRXCD
8241,2023-08-13,LES ARCS DRAGUIGNAN,NON,5516,12:09,EST,MACON VILLE,JCRHONRHIN,FRHGU,08:12,FRXRS
8242,2023-08-13,ST RAPHAEL VALESCURE,NON,5516,15:54,EST,STRASBOURG,JCRHONRHIN,FRAEG,07:55,FRXSK
8243,2023-08-13,ST RAPHAEL VALESCURE,NON,5516,13:03,EST,BEAUNE,JCRHONRHIN,FRXBV,07:55,FRXSK
8244,2023-08-13,ST RAPHAEL VALESCURE,NON,5516,12:41,EST,CHALON SUR SAONE,JCRHONRHIN,FRXCD,07:55,FRXSK
8245,2023-08-13,COLMAR,OUI,5516,17:35,EST,NANCY,JCRHONRHIN,FRENC,15:27,FRAEJ
8246,2023-08-13,MULHOUSE VILLE,OUI,5516,17:35,EST,NANCY,JCRHONRHIN,FRENC,15:07,FRAEK
8247,2023-08-13,BEAUNE,NON,5516,17:35,EST,NANCY,JCRHONRHIN,FRENC,13:06,FRXBV
8248,2023-08-13,ANTIBES,NON,5516,14:06,EST,BESANCON - F COMTE TGV,JCRHONRHIN,FRTJB,07:16,FRXAT
8249,2023-08-13,LAVAL,NON,8710,13:19,ATLANTIQUE,PARIS (intramuros),BRETAPARIS,FRPMO,12:04,FRACR
8250,2023-08-13,QUIMPERLE,NON,8710,10:48,ATLANTIQUE,REDON,BRETAPARIS,FRXRN,09:35,FRECO
8251,2023-08-13,LORIENT,OUI,8710,10:05,ATLANTIQUE,AURAY,BRETAPARIS,FRXUY,09:50,FRLRT
8252,2023-08-13,RENNES,NON,8710,12:01,ATLANTIQUE,LAVAL,BRETAPARIS,FRACR,11:35,FRRNS
8253,2023-08-13,ROSPORDEN,NON,8710,12:01,ATLANTIQUE,LAVAL,BRETAPARIS,FRACR,09:20,FRRSP
8254,2023-08-13,ROSPORDEN,OUI,8710,10:19,ATLANTIQUE,VANNES,BRETAPARIS,FRVNE,09:20,FRRSP
8255,2023-08-13,ROSPORDEN,NON,8710,10:48,ATLANTIQUE,REDON,BRETAPARIS,FRXRN,09:20,FRRSP
8256,2023-08-13,QUIMPER,NON,8710,13:19,ATLANTIQUE,PARIS (intramuros),BRETAPARIS,FRPMO,09:06,FRUIP
8257,2023-08-13,QUIMPER,OUI,8710,09:17,ATLANTIQUE,ROSPORDEN,BRETAPARIS,FRRSP,09:06,FRUIP
8258,2023-08-13,QUIMPER,NON,8710,10:48,ATLANTIQUE,REDON,BRETAPARIS,FRXRN,09:06,FRUIP
8259,2023-08-13,VANNES,NON,8710,11:25,ATLANTIQUE,RENNES,BRETAPARIS,FRRNS,10:23,FRVNE
8260,2023-08-13,AURAY,NON,8710,10:48,ATLANTIQUE,REDON,BRETAPARIS,FRXRN,10:09,FRXUY
8261,2023-08-13,LYON (intramuros),OUI,6676,22:31,SUD EST,MACON LOCHE TGV,RHONEPARIS,FRMLT,21:50,FRLPE
8262,2023-08-13,BRUXELLES MIDI BRUSSEL ZUID,OUI,9874,13:53,NORD,LILLE (intramuros),JCNORDEST,FRLLE,13:15,BEBMI
8263,2023-08-13,BRUXELLES MIDI BRUSSEL ZUID,NON,9874,15:09,NORD,MARNE LA VALLEE CHESSY,JCNORDEST,FRMLV,13:15,BEBMI
8264,2023-08-13,LORRAINE TGV,OUI,9874,17:37,NORD,STRASBOURG,JCNORDEST,FRAEG,16:51,FREAM
8265,2023-08-13,LILLE (intramuros),NON,5224,14:02,NORD,ANGERS ST LAUD,JCNORDBRET,FRACL,09:32,FRADJ
8266,2023-08-13,LILLE (intramuros),OUI,5224,10:14,NORD,ARRAS,JCNORDBRET,FRQRV,09:32,FRADJ
8267,2023-08-13,AEROPORT CDG2 TGV ROISSY,NON,5224,13:04,NORD,ST PIERRE DES CORPS,JCNORDBRET,FRXSH,11:19,FRMLW
8268,2023-08-13,TGV HAUTE PICARDIE,NON,5224,14:02,NORD,ANGERS ST LAUD,JCNORDBRET,FRACL,10:45,FRTHP
8269,2023-08-13,TGV HAUTE PICARDIE,NON,5224,11:28,NORD,MARNE LA VALLEE CHESSY,JCNORDBRET,FRMLV,10:45,FRTHP
8270,2023-08-13,PARIS (intramuros),NON,8619,14:25,ATLANTIQUE,RENNES,PARISBRETA,FRRNS,12:56,FRPMO
8271,2023-08-13,HENDAYE,OUI,8550,19:17,ATLANTIQUE,DAX,SUDOUESTPA,FRACG,18:07,FRAEF
8272,2023-08-13,ST JEAN DE LUZ CIBOURE,OUI,8550,18:29,ATLANTIQUE,BIARRITZ,SUDOUESTPA,FRBIQ,18:19,FRXJZ
8273,2023-08-13,ST JEAN DE LUZ CIBOURE,OUI,8550,18:44,ATLANTIQUE,BAYONNE,SUDOUESTPA,FRXBY,18:19,FRXJZ
8274,2023-08-13,METZ VILLE,OUI,2833,19:52,EST,LUXEMBOURG,PAMETZLUX,LULUX,19:10,FRADE
8275,2023-08-13,BASEL SBB,NON,9213,16:26,INTERNATIONAL,ZUERICH HB,PABALZUR,CHAJD,15:33,CHAJP
8276,2023-08-13,DIJON VILLE,NON,9213,16:26,INTERNATIONAL,ZUERICH HB,PABALZUR,CHAJD,14:01,FRABA
8277,2023-08-13,MULHOUSE VILLE,NON,9213,16:26,INTERNATIONAL,ZUERICH HB,PABALZUR,CHAJD,15:06,FRAEK
8278,2023-08-13,GUINGAMP,OUI,8630,15:32,ATLANTIQUE,ST BRIEUC,BRETAPARIS,FRSBK,15:18,FRGGP
8279,2023-08-13,MORLAIX,OUI,8630,14:59,ATLANTIQUE,PLOUARET TREGOR,BRETAPARIS,FRPLT,14:44,FRMXN
8280,2023-08-13,PLOUARET TREGOR,NON,8630,18:09,ATLANTIQUE,PARIS (intramuros),BRETAPARIS,FRPMO,15:02,FRPLT
8281,2023-08-13,ROCHEFORT,NON,3831,11:10,IC SRO,JONZAC,NANTEBORDO,FREMR,10:05,FRRCO
8282,2023-08-13,ROCHEFORT,NON,3831,10:32,IC SRO,SAINTES,NANTEBORDO,FRXST,10:05,FRRCO
8283,2023-08-13,LA ROCHE SUR YON,NON,3831,09:39,IC SRO,LA ROCHELLE VILLE,NANTEBORDO,FRLRH,08:36,FRXRO
8284,2023-08-13,ANGERS ST LAUD,OUI,8985,21:50,ATLANTIQUE,LA ROCHE SUR YON,PARISLOIRE,FRXRO,20:19,FRACL
8285,2023-08-13,SABLE SUR SARTHE,OUI,8985,20:16,ATLANTIQUE,ANGERS ST LAUD,PARISLOIRE,FRACL,19:56,FRSAB
8286,2023-08-13,DIJON VILLE,NON,9898,13:24,EST,METZ VILLE,JCRHONRHIN,FRADE,10:08,FRABA
8287,2023-08-13,DIJON VILLE,NON,9898,12:24,EST,STRASBOURG,JCRHONRHIN,FRAEG,10:08,FRABA
8288,2023-08-13,DIJON VILLE,NON,9898,11:21,EST,MULHOUSE VILLE,JCRHONRHIN,FRAEK,10:08,FRABA
8289,2023-08-13,STRASBOURG,OUI,9898,13:48,EST,THIONVILLE,JCRHONRHIN,FRXTH,12:31,FRAEG
8290,2023-08-13,COLMAR,NON,9898,14:15,EST,LUXEMBOURG,JCRHONRHIN,LULUX,11:52,FRAEJ
8291,2023-08-13,MULHOUSE VILLE,NON,9898,11:49,EST,COLMAR,JCRHONRHIN,FRAEJ,11:24,FRAEK
8292,2023-08-13,MULHOUSE VILLE,NON,9898,14:15,EST,LUXEMBOURG,JCRHONRHIN,LULUX,11:24,FRAEK
8293,2023-08-13,NIMES,NON,9898,11:49,EST,COLMAR,JCRHONRHIN,FRAEJ,06:54,FRFNI
8294,2023-08-13,NIMES,NON,9898,10:34,EST,BESANCON - F COMTE TGV,JCRHONRHIN,FRTJB,06:54,FRFNI
8295,2023-08-13,LYON (intramuros),NON,9898,13:48,EST,THIONVILLE,JCRHONRHIN,FRXTH,08:30,FRLPD
8296,2023-08-13,MONTPELLIER SAINT-ROCH,NON,9898,13:24,EST,METZ VILLE,JCRHONRHIN,FRADE,06:27,FRMPL
8297,2023-08-13,MONTPELLIER SAINT-ROCH,NON,9898,11:21,EST,MULHOUSE VILLE,JCRHONRHIN,FRAEK,06:27,FRMPL
8298,2023-08-13,MONTPELLIER SAINT-ROCH,OUI,9898,06:51,EST,NIMES,JCRHONRHIN,FRFNI,06:27,FRMPL
8299,2023-08-13,MONTPELLIER SAINT-ROCH,NON,9898,14:15,EST,LUXEMBOURG,JCRHONRHIN,LULUX,06:27,FRMPL
8300,2023-08-13,BELFORT-MONTBELIARD TGV,NON,9898,13:24,EST,METZ VILLE,JCRHONRHIN,FRADE,10:59,FRTJA
8301,2023-08-13,BELFORT-MONTBELIARD TGV,NON,9898,12:24,EST,STRASBOURG,JCRHONRHIN,FRAEG,10:59,FRTJA
8302,2023-08-13,BELFORT-MONTBELIARD TGV,NON,9898,14:15,EST,LUXEMBOURG,JCRHONRHIN,LULUX,10:59,FRTJA
8303,2023-08-13,BESANCON - F COMTE TGV,NON,9898,12:24,EST,STRASBOURG,JCRHONRHIN,FRAEG,10:36,FRTJB
8304,2023-08-13,BESANCON - F COMTE TGV,NON,9898,10:57,EST,BELFORT-MONTBELIARD TGV,JCRHONRHIN,FRTJA,10:36,FRTJB
8305,2023-08-13,BESANCON - F COMTE TGV,NON,9898,13:48,EST,THIONVILLE,JCRHONRHIN,FRXTH,10:36,FRTJB
8306,2023-08-13,BESANCON - F COMTE TGV,NON,9898,14:15,EST,LUXEMBOURG,JCRHONRHIN,LULUX,10:36,FRTJB
8307,2023-08-13,VALENCE TGV RHONE-ALPES SUD,NON,9898,12:24,EST,STRASBOURG,JCRHONRHIN,FRAEG,07:44,FRVLA
8308,2023-08-13,VALENCE TGV RHONE-ALPES SUD,NON,9898,11:21,EST,MULHOUSE VILLE,JCRHONRHIN,FRAEK,07:44,FRVLA
8309,2023-08-13,ST GAUDENS,NON,14143,13:21,IC SRO,LOURDES,SUDOUEST,FRLDE,12:21,FRFPH
8310,2023-08-13,ST GAUDENS,NON,14143,13:05,IC SRO,TARBES,SUDOUEST,FRXTB,12:21,FRFPH
8311,2023-08-13,ORTHEZ,NON,14143,14:59,IC SRO,BAYONNE,SUDOUEST,FRXBY,14:15,FRGFI
8312,2023-08-13,TOULOUSE MATABIAU,NON,14143,13:49,IC SRO,PAU,SUDOUEST,FRAEE,11:32,FRXYT
8313,2023-08-13,TOULOUSE MATABIAU,NON,14143,12:19,IC SRO,ST GAUDENS,SUDOUEST,FRFPH,11:32,FRXYT
8314,2023-08-13,TOULOUSE MATABIAU,NON,14143,14:13,IC SRO,ORTHEZ,SUDOUEST,FRGFI,11:32,FRXYT
8315,2023-08-13,BEZIERS,NON,9713,14:58,SUD EST,PERPIGNAN,PABARCELONE,FRPGF,14:10,FRBZR
8316,2023-08-13,MONTPELLIER SAINT-ROCH,NON,9713,14:07,SUD EST,BEZIERS,PABARCELONE,FRBZR,13:20,FRMPL
8317,2023-08-13,MONTPELLIER SAINT-ROCH,NON,9713,13:52,SUD EST,AGDE,PABARCELONE,FRXAG,13:20,FRMPL
8318,2023-08-13,PARIS (intramuros),NON,9713,14:07,SUD EST,BEZIERS,PABARCELONE,FRBZR,09:42,FRPLY
8319,2023-08-13,PARIS (intramuros),NON,9713,12:45,SUD EST,NIMES,PABARCELONE,FRFNI,09:42,FRPLY
8320,2023-08-13,PARIS (intramuros),NON,9713,14:58,SUD EST,PERPIGNAN,PABARCELONE,FRPGF,09:42,FRPLY
8321,2023-08-13,VALENCE TGV RHONE-ALPES SUD,NON,9713,14:07,SUD EST,BEZIERS,PABARCELONE,FRBZR,12:00,FRVLA
8322,2023-08-13,VALENCE TGV RHONE-ALPES SUD,NON,9713,14:58,SUD EST,PERPIGNAN,PABARCELONE,FRPGF,12:00,FRVLA
8323,2023-08-13,AGDE,NON,9713,14:07,SUD EST,BEZIERS,PABARCELONE,FRBZR,13:55,FRXAG
8324,2023-08-13,AGDE,NON,9713,14:58,SUD EST,PERPIGNAN,PABARCELONE,FRPGF,13:55,FRXAG
8325,2023-08-13,SETE,NON,9713,14:24,SUD EST,NARBONNE,PABARCELONE,FRXNA,13:37,FRXSY
8326,2023-08-13,PARIS (intramuros),NON,9713,15:46,SUD EST,GIRONA,PABARCELONE,ESGRO,09:42,FRPLY
8327,2023-08-13,PERPIGNAN,NON,9713,15:46,SUD EST,GIRONA,PABARCELONE,ESGRO,15:04,FRPGF
8328,2023-08-13,SETE,NON,9713,16:34,SUD EST,BARCELONA SANTS,PABARCELONE,ESBST,13:37,FRXSY
8329,2023-08-13,PARIS (intramuros),OUI,2237,10:51,EST,NANCY,PANANCY,FRENC,09:13,FRPST
8330,2023-08-13,BORDEAUX ST JEAN,OUI,8486,11:22,ATLANTIQUE,ANGOULEME,SUDOUESTPA,FRANG,10:14,FRBOJ
8331,2023-08-13,DOL DE BRETAGNE,NON,8092,22:08,ATLANTIQUE,PARIS (intramuros),BRETAPARIS,FRPMO,19:52,FRDOL
8332,2023-08-13,RENNES,NON,8092,22:08,ATLANTIQUE,PARIS (intramuros),BRETAPARIS,FRPMO,20:35,FRRNS
8333,2023-08-13,ST MALO,OUI,8092,19:50,ATLANTIQUE,DOL DE BRETAGNE,BRETAPARIS,FRDOL,19:37,FRXSB
8334,2023-08-13,CHAMPAGNE-ARDENNE,OUI,9870,10:00,NORD,MEUSE TGV,JCNORDEST,FREAJ,09:34,FREAH
8335,2023-08-13,LILLE (intramuros),OUI,9870,08:53,NORD,AEROPORT CDG2 TGV ROISSY,JCNORDEST,FRMLW,08:02,FRLLE
8336,2023-08-13,AEROPORT CDG2 TGV ROISSY,OUI,9870,11:05,NORD,STRASBOURG,JCNORDEST,FRAEG,08:59,FRMLW
8337,2023-08-13,AVIGNON TGV,NON,6173,13:11,SUD EST,TOULON,PAAZUR,FRTLN,12:05,FRAVG
8338,2023-08-13,CANNES,OUI,6173,14:38,SUD EST,ANTIBES,PAAZUR,FRXAT,14:30,FRJCA
8339,2023-08-13,TOULON,NON,6173,14:57,SUD EST,NICE VILLE,PAAZUR,FRNIC,13:15,FRTLN
8340,2023-08-13,TOULON,NON,6173,14:01,SUD EST,ST RAPHAEL VALESCURE,PAAZUR,FRXSK,13:15,FRTLN
8341,2023-08-13,ANCENIS,OUI,8928,19:42,ATLANTIQUE,ANGERS ST LAUD,LOIREPARIS,FRACL,19:15,FREFN
8342,2023-08-13,LE CROISIC,OUI,8928,17:47,ATLANTIQUE,LA BAULE ESCOUBLAC,LOIREPARIS,FRJEE,17:39,FREGU
8343,2023-08-13,LE CROISIC,OUI,8928,18:08,ATLANTIQUE,ST NAZAIRE,LOIREPARIS,FRSNR,17:39,FREGU
8344,2023-08-13,LA BAULE ESCOUBLAC,OUI,8928,18:48,ATLANTIQUE,NANTES,LOIREPARIS,FRNTE,17:55,FRJEE
8345,2023-08-13,LA BAULE ESCOUBLAC,OUI,8928,18:08,ATLANTIQUE,ST NAZAIRE,LOIREPARIS,FRSNR,17:55,FRJEE
8346,2023-08-13,LILLE (intramuros),OUI,7460,18:14,NORD,PARIS (intramuros),LILLEPA,FRPNO,17:12,FRADJ
8347,2023-08-13,LAVAL,NON,8605,11:21,ATLANTIQUE,ST BRIEUC,PARISBRETA,FRSBK,09:58,FRACR
8348,2023-08-13,GUINGAMP,OUI,8605,12:43,ATLANTIQUE,BREST,PARISBRETA,FRBES,11:41,FRGGP
8349,2023-08-13,LAMBALLE,NON,8605,11:21,ATLANTIQUE,ST BRIEUC,PARISBRETA,FRSBK,11:11,FRLAM
8350,2023-08-13,PARIS (intramuros),NON,8605,09:55,ATLANTIQUE,LAVAL,PARISBRETA,FRACR,08:40,FRPMO
8351,2023-08-13,PARIS (intramuros),NON,8605,12:08,ATLANTIQUE,MORLAIX,PARISBRETA,FRMXN,08:40,FRPMO
8352,2023-08-13,PARIS (intramuros),NON,8605,11:21,ATLANTIQUE,ST BRIEUC,PARISBRETA,FRSBK,08:40,FRPMO
8353,2023-08-13,ST BRIEUC,OUI,8605,12:43,ATLANTIQUE,BREST,PARISBRETA,FRBES,11:24,FRSBK
8354,2023-08-13,HENDAYE,OUI,8544,16:44,ATLANTIQUE,BAYONNE,SUDOUESTPA,FRXBY,16:07,FRAEF
8355,2023-08-13,LYON (intramuros),OUI,5036,22:08,NORD,MONTPELLIER SAINT-ROCH,JCNORDSUD,FRMPL,20:10,FRLPD
8356,2023-08-13,VALENCE TGV RHONE-ALPES SUD,OUI,5036,22:08,NORD,MONTPELLIER SAINT-ROCH,JCNORDSUD,FRMPL,20:54,FRVLA
8357,2023-08-13,LILLE (intramuros),OUI,5026,11:54,NORD,AEROPORT CDG2 TGV ROISSY,JCNORDSUD,FRMLW,11:04,FRLLE
8358,2023-08-13,BRUXELLES MIDI BRUSSEL ZUID,NON,9838,17:28,NORD,LILLE (intramuros),JCNORDBRET,FRLLE,16:47,BEBMI
8359,2023-08-13,MASSY TGV,NON,9838,21:29,NORD,RENNES,JCNORDBRET,FRRNS,19:39,FRDJU
8360,2023-08-13,LILLE (intramuros),NON,9838,21:01,NORD,LAVAL,JCNORDBRET,FRACR,17:40,FRLLE
8361,2023-08-13,AEROPORT CDG2 TGV ROISSY,NON,9838,21:29,NORD,RENNES,JCNORDBRET,FRRNS,18:49,FRMLW
8362,2023-08-13,TGV HAUTE PICARDIE,OUI,9838,18:43,NORD,AEROPORT CDG2 TGV ROISSY,JCNORDBRET,FRMLW,18:15,FRTHP
8363,2023-08-13,BRUXELLES MIDI BRUSSEL ZUID,NON,9838,18:07,NORD,TGV HAUTE PICARDIE,JCNORDBRET,FRTHP,16:47,BEBMI
8364,2023-08-13,BRUXELLES MIDI BRUSSEL ZUID,NON,9838,20:29,NORD,LE MANS,JCNORDBRET,FRAET,16:47,BEBMI
8365,2023-08-13,BRUXELLES MIDI BRUSSEL ZUID,NON,9838,19:34,NORD,MASSY TGV,JCNORDBRET,FRDJU,16:47,BEBMI
8366,2023-08-13,BEZIERS,OUI,6254,09:04,SUD EST,AGDE,LANGPA,FRXAG,08:53,FRBZR
8367,2023-08-13,NARBONNE,OUI,6254,09:20,SUD EST,SETE,LANGPA,FRXSY,08:36,FRXNA
8368,2023-08-13,MONTPELLIER SUD DE FRANCE,NON,6254,10:41,SUD EST,VALENCE TGV RHONE-ALPES SUD,LANGPA,FRVLA,09:43,FRSUF
8369,2023-08-13,NIMES PONT DU GARD,NON,6254,10:41,SUD EST,VALENCE TGV RHONE-ALPES SUD,LANGPA,FRVLA,10:04,FRXZP
8370,2023-08-13,NIMES PONT DU GARD,NON,6254,13:04,SUD EST,PARIS (intramuros),LANGPA,FRPLY,10:04,FRXZP
8371,2023-08-13,BEZIERS,NON,6254,10:01,SUD EST,NIMES PONT DU GARD,LANGPA,FRXZP,08:53,FRBZR
8372,2023-08-13,NARBONNE,NON,6254,10:01,SUD EST,NIMES PONT DU GARD,LANGPA,FRXZP,08:36,FRXNA
8373,2023-08-13,FACTURE BIGANOS,OUI,8475,18:10,ATLANTIQUE,ARCACHON,PASUDOUEST,FRXAC,17:49,FRFAC
8374,2023-08-13,PARIS (intramuros),NON,8475,17:46,ATLANTIQUE,FACTURE BIGANOS,PASUDOUEST,FRFAC,15:08,FRPMO
8375,2023-08-13,ORTHEZ,OUI,8583,15:40,ATLANTIQUE,BORDEAUX ST JEAN,SUDOUESTPA,FRBOJ,13:40,FRGFI
8376,2023-08-13,LOURDES,OUI,8583,15:40,ATLANTIQUE,BORDEAUX ST JEAN,SUDOUESTPA,FRBOJ,12:46,FRLDE
8377,2023-08-13,LOURDES,OUI,8583,13:38,ATLANTIQUE,ORTHEZ,SUDOUESTPA,FRGFI,12:46,FRLDE
8378,2023-08-13,LOURDES,NON,8583,17:52,ATLANTIQUE,PARIS (intramuros),SUDOUESTPA,FRPMO,12:46,FRLDE
8379,2023-08-13,TARBES,OUI,8583,13:13,ATLANTIQUE,PAU,SUDOUESTPA,FRAEE,12:21,FRXTB
8380,2023-08-13,BRUXELLES MIDI BRUSSEL ZUID,NON,9844,22:18,NORD,LYON (intramuros),JCNORDSUD,FRLPE,18:17,BEBMI
8381,2023-08-13,BRUXELLES MIDI BRUSSEL ZUID,NON,9844,20:09,NORD,MARNE LA VALLEE CHESSY,JCNORDSUD,FRMLV,18:17,BEBMI
8382,2023-08-13,LILLE (intramuros),OUI,9844,22:00,NORD,LYON (intramuros),JCNORDSUD,FRLPD,19:03,FRLLE
8383,2023-08-13,AEROPORT CDG2 TGV ROISSY,OUI,9844,20:09,NORD,MARNE LA VALLEE CHESSY,JCNORDSUD,FRMLV,20:00,FRMLW
8384,2023-08-13,ANGOULEME,OUI,8454,22:31,ATLANTIQUE,POITIERS,SUDOUESTPA,FRPIS,21:52,FRANG
8385,2023-08-13,POITIERS,OUI,8454,00:17,ATLANTIQUE,PARIS (intramuros),SUDOUESTPA,FRPMO,22:41,FRPIS
8386,2023-08-13,PAU,NON,14142,12:37,IC SRO,LOURDES,SUDOUEST,FRLDE,12:12,FRAEE
8387,2023-08-13,HENDAYE,NON,14142,14:27,IC SRO,TOULOUSE MATABIAU,SUDOUEST,FRXYT,10:19,FRAEF
8388,2023-08-13,BIARRITZ,NON,14142,12:37,IC SRO,LOURDES,SUDOUEST,FRLDE,10:40,FRBIQ
8389,2023-08-13,LOURDES,NON,14142,14:27,IC SRO,TOULOUSE MATABIAU,SUDOUEST,FRXYT,12:40,FRLDE
8390,2023-08-13,BAYONNE,NON,14142,12:37,IC SRO,LOURDES,SUDOUEST,FRLDE,11:02,FRXBY
8391,2023-08-13,TARBES,NON,14142,13:30,IC SRO,MONTREJEAU GOURDAN POLIGNAN,SUDOUEST,FRMTJ,12:56,FRXTB
8392,2023-08-13,PARIS (intramuros),NON,8085,14:25,ATLANTIQUE,RENNES,PARISBRETA,FRRNS,12:56,FRPMO
8393,2023-08-13,PARIS (intramuros),NON,8085,15:15,ATLANTIQUE,ST MALO,PARISBRETA,FRXSB,12:56,FRPMO
8394,2023-08-13,RENNES,OUI,8085,15:15,ATLANTIQUE,ST MALO,PARISBRETA,FRXSB,14:33,FRRNS
8395,2023-08-13,STRASBOURG,NON,5454,19:22,EST,ANGOULEME,JCESTATL,FRANG,14:01,FRAEG
8396,2023-08-13,STRASBOURG,OUI,5454,14:36,EST,LORRAINE TGV,JCESTATL,FREAM,14:01,FRAEG
8397,2023-08-13,STRASBOURG,NON,5454,16:27,EST,MARNE LA VALLEE CHESSY,JCESTATL,FRMLV,14:01,FRAEG
8398,2023-08-13,MASSY TGV,NON,5454,19:22,EST,ANGOULEME,JCESTATL,FRANG,17:10,FRDJU
8399,2023-08-13,CHAMPAGNE-ARDENNE,NON,5454,17:04,EST,MASSY TGV,JCESTATL,FRDJU,15:34,FREAH
8400,2023-08-13,CHAMPAGNE-ARDENNE,NON,5454,16:04,EST,AEROPORT CDG2 TGV ROISSY,JCESTATL,FRMLW,15:34,FREAH
8401,2023-08-13,CHAMPAGNE-ARDENNE,NON,5454,18:40,EST,POITIERS,JCESTATL,FRPIS,15:34,FREAH
8402,2023-08-13,MEUSE TGV,NON,5454,19:22,EST,ANGOULEME,JCESTATL,FRANG,15:05,FREAJ
8403,2023-08-13,LORRAINE TGV,NON,5454,20:02,EST,BORDEAUX ST JEAN,JCESTATL,FRBOJ,14:39,FREAM
8404,2023-08-13,AEROPORT CDG2 TGV ROISSY,NON,5454,20:02,EST,BORDEAUX ST JEAN,JCESTATL,FRBOJ,16:18,FRMLW
8405,2023-08-13,AEROPORT CDG2 TGV ROISSY,NON,5454,16:27,EST,MARNE LA VALLEE CHESSY,JCESTATL,FRMLV,16:18,FRMLW
8406,2023-08-13,AEROPORT CDG2 TGV ROISSY,NON,5454,18:06,EST,ST PIERRE DES CORPS,JCESTATL,FRXSH,16:18,FRMLW
8407,2023-08-13,PARIS (intramuros),NON,8437,12:23,ATLANTIQUE,ANGOULEME,PASUDOUEST,FRANG,10:03,FRPMO
8408,2023-08-13,LA ROCHELLE VILLE,OUI,8362,09:05,ATLANTIQUE,SURGERES,ROCHELLEPA,FREIP,08:47,FRLRH
8409,2023-08-13,LA ROCHELLE VILLE,OUI,8362,10:35,ATLANTIQUE,ST PIERRE DES CORPS,ROCHELLEPA,FRXSH,08:47,FRLRH
8410,2023-08-13,NIORT,OUI,8362,10:35,ATLANTIQUE,ST PIERRE DES CORPS,ROCHELLEPA,FRXSH,09:29,FRNIT
8411,2023-08-13,RENNES,NON,8088,19:01,ATLANTIQUE,LAVAL,BRETAPARIS,FRACR,18:35,FRRNS
8412,2023-08-13,ST MALO,NON,8088,19:01,ATLANTIQUE,LAVAL,BRETAPARIS,FRACR,17:42,FRXSB
8413,2023-08-13,AGEN,OUI,4762,19:32,IC ARO,BORDEAUX ST JEAN,TJOURSESO,FRBOJ,18:28,FRAGF
8414,2023-08-13,CARCASSONNE,NON,4762,17:18,IC ARO,TOULOUSE MATABIAU,TJOURSESO,FRXYT,16:33,FRCCF
8415,2023-08-13,NIMES,NON,4762,19:32,IC ARO,BORDEAUX ST JEAN,TJOURSESO,FRBOJ,14:38,FRFNI
8416,2023-08-13,NIMES,NON,4762,16:31,IC ARO,CARCASSONNE,TJOURSESO,FRCCF,14:38,FRFNI
8417,2023-08-13,NIMES,NON,4762,17:18,IC ARO,TOULOUSE MATABIAU,TJOURSESO,FRXYT,14:38,FRFNI
8418,2023-08-13,MONTPELLIER SAINT-ROCH,NON,4762,19:32,IC ARO,BORDEAUX ST JEAN,TJOURSESO,FRBOJ,15:06,FRMPL
8419,2023-08-13,MONTPELLIER SAINT-ROCH,NON,4762,17:49,IC ARO,MONTAUBAN VILLE BOURBON,TJOURSESO,FRXMW,15:06,FRMPL
8420,2023-08-13,TOULOUSE MATABIAU,OUI,4762,17:49,IC ARO,MONTAUBAN VILLE BOURBON,TJOURSESO,FRXMW,17:24,FRXYT
8421,2023-08-13,NIMES,NON,5062,13:55,NORD,ARRAS,JCSUDNORD,FRQRV,09:25,FRFNI
8422,2023-08-13,NIMES,NON,5062,13:34,NORD,TGV HAUTE PICARDIE,JCSUDNORD,FRTHP,09:25,FRFNI
8423,2023-08-13,MARNE LA VALLEE CHESSY,NON,5062,14:24,NORD,LILLE (intramuros),JCSUDNORD,FRLLE,12:51,FRMLV
8424,2023-08-13,MARNE LA VALLEE CHESSY,NON,5062,13:34,NORD,TGV HAUTE PICARDIE,JCSUDNORD,FRTHP,12:51,FRMLV
8425,2023-08-13,MONTPELLIER SAINT-ROCH,NON,5062,13:01,NORD,AEROPORT CDG2 TGV ROISSY,JCSUDNORD,FRMLW,08:57,FRMPL
8426,2023-08-13,MONTPELLIER SAINT-ROCH,NON,5062,13:34,NORD,TGV HAUTE PICARDIE,JCSUDNORD,FRTHP,08:57,FRMPL
8427,2023-08-13,TGV HAUTE PICARDIE,OUI,5062,14:24,NORD,LILLE (intramuros),JCSUDNORD,FRLLE,13:38,FRTHP
8428,2023-08-13,TGV HAUTE PICARDIE,OUI,5062,13:55,NORD,ARRAS,JCSUDNORD,FRQRV,13:38,FRTHP
8429,2023-08-13,VALENCE TGV RHONE-ALPES SUD,NON,5062,10:53,NORD,LYON (intramuros),JCSUDNORD,FRLPD,10:15,FRVLA
8430,2023-08-13,ST BRIEUC,NON,8690,19:06,ATLANTIQUE,PARIS (intramuros),BRETAPARIS,FRPMO,16:42,FRSBK
8431,2023-08-13,PARIS (intramuros),NON,9763,10:09,INTERNATIONAL,BOURG EN BRESSE,PAGENEVE,FRXBK,08:18,FRPLY
8432,2023-08-13,BOURG EN BRESSE,NON,9763,11:30,INTERNATIONAL,GENEVE,PAGENEVE,CHGVA,10:12,FRXBK
8433,2023-08-13,AIX EN PROVENCE TGV,OUI,6132,22:22,SUD EST,PARIS (intramuros),PROVENCEPA,FRPLY,19:18,FRAIE
8434,2023-08-13,MARSEILLE ST CHARLES,OUI,6132,19:37,SUD EST,AVIGNON TGV,PROVENCEPA,FRAVG,19:04,FRMSC
8435,2023-08-13,BREST,OUI,8646,19:52,ATLANTIQUE,MORLAIX,BRETAPARIS,FRMXN,19:22,FRBES
8436,2023-08-13,BREST,NON,8646,21:29,ATLANTIQUE,RENNES,BRETAPARIS,FRRNS,19:22,FRBES
8437,2023-08-13,BREST,NON,8646,20:38,ATLANTIQUE,ST BRIEUC,BRETAPARIS,FRSBK,19:22,FRBES
8438,2023-08-13,RENNES,NON,8646,23:08,ATLANTIQUE,PARIS (intramuros),BRETAPARIS,FRPMO,21:35,FRRNS
8439,2023-08-13,LYON (intramuros),OUI,6634,23:09,SUD EST,PARIS (intramuros),RHONEPARIS,FRPLY,20:49,FRLPE
8440,2023-08-13,BREST,NON,8622,15:29,ATLANTIQUE,RENNES,BRETAPARIS,FRRNS,13:30,FRBES
8441,2023-08-13,ST BRIEUC,NON,8622,15:29,ATLANTIQUE,RENNES,BRETAPARIS,FRRNS,14:40,FRSBK
8442,2023-08-13,BEZIERS,NON,9715,19:20,SUD EST,NARBONNE,PABARCELONE,FRXNA,19:06,FRBZR
8443,2023-08-13,PARIS (intramuros),NON,9715,19:03,SUD EST,BEZIERS,PABARCELONE,FRBZR,14:56,FRPLY
8444,2023-08-13,PARIS (intramuros),NON,9715,19:20,SUD EST,NARBONNE,PABARCELONE,FRXNA,14:56,FRPLY
8445,2023-08-13,VALENCE TGV RHONE-ALPES SUD,NON,9715,18:31,SUD EST,SETE,PABARCELONE,FRXSY,17:09,FRVLA
8446,2023-08-13,SETE,NON,9715,19:56,SUD EST,PERPIGNAN,PABARCELONE,FRPGF,18:34,FRXSY
8447,2023-08-13,SETE,NON,9715,19:20,SUD EST,NARBONNE,PABARCELONE,FRXNA,18:34,FRXSY
8448,2023-08-13,MONTPELLIER SUD DE FRANCE,NON,9715,18:48,SUD EST,AGDE,PABARCELONE,FRXAG,18:17,FRSUF
8449,2023-08-13,PARIS (intramuros),NON,9715,17:46,SUD EST,NIMES PONT DU GARD,PABARCELONE,FRXZP,14:56,FRPLY
8450,2023-08-13,NIMES PONT DU GARD,NON,9715,19:03,SUD EST,BEZIERS,PABARCELONE,FRBZR,17:49,FRXZP
8451,2023-08-13,BEZIERS,NON,9715,21:25,SUD EST,BARCELONA SANTS,PABARCELONE,ESBST,19:06,FRBZR
8452,2023-08-13,NIMES PONT DU GARD,NON,9715,18:31,SUD EST,SETE,PABARCELONE,FRXSY,17:49,FRXZP
8453,2023-08-13,PERPIGNAN,NON,9715,21:25,SUD EST,BARCELONA SANTS,PABARCELONE,ESBST,20:03,FRPGF
8454,2023-08-13,AGDE,NON,9715,21:25,SUD EST,BARCELONA SANTS,PABARCELONE,ESBST,18:51,FRXAG
8455,2023-08-13,AGDE,NON,9715,20:27,SUD EST,FIGUERES VILA TGV,PABARCELONE,ESFIR,18:51,FRXAG
8456,2023-08-13,DIJON VILLE,NON,6711,21:05,SUD EST,BESANCON - F COMTE TGV,PABOUR,FRTJB,20:35,FRABA
8457,2023-08-13,MONTBARD,NON,6711,20:31,SUD EST,DIJON VILLE,PABOUR,FRABA,19:56,FRGWE
8458,2023-08-13,PARIS (intramuros),NON,6711,21:55,SUD EST,MULHOUSE VILLE,PABOUR,FRAEK,18:52,FRPLY
8459,2023-08-13,PARIS (intramuros),NON,6711,19:53,SUD EST,MONTBARD,PABOUR,FRGWE,18:52,FRPLY
8460,2023-08-13,PARIS (intramuros),NON,6711,21:05,SUD EST,BESANCON - F COMTE TGV,PABOUR,FRTJB,18:52,FRPLY
8461,2023-08-13,BESANCON - F COMTE TGV,OUI,6711,21:29,SUD EST,BELFORT-MONTBELIARD TGV,PABOUR,FRTJA,21:08,FRTJB
8462,2023-08-13,VENDOME VILLIERS SUR LOIR,OUI,8303,13:35,ATLANTIQUE,ST PIERRE DES CORPS,PAROCHELLE,FRXSH,13:15,FRESL
8463,2023-08-13,ST PIERRE DES CORPS,OUI,8303,13:45,ATLANTIQUE,TOURS,PAROCHELLE,FRAFW,13:39,FRXSH
8464,2023-08-13,LA ROCHELLE VILLE,NON,3837,21:10,IC SRO,JONZAC,NANTEBORDO,FREMR,19:43,FRLRH
8465,2023-08-13,LA ROCHELLE VILLE,NON,3837,20:32,IC SRO,SAINTES,NANTEBORDO,FRXST,19:43,FRLRH
8466,2023-08-13,NANTES,NON,3837,20:32,IC SRO,SAINTES,NANTEBORDO,FRXST,17:55,FRNTE
8467,2023-08-13,ROCHEFORT,NON,3837,20:32,IC SRO,SAINTES,NANTEBORDO,FRXST,20:05,FRRCO
8468,2023-08-13,LA ROCHE SUR YON,NON,3837,21:10,IC SRO,JONZAC,NANTEBORDO,FREMR,18:36,FRXRO
8469,2023-08-13,LYON-SAINT EXUPERY TGV,OUI,6929,23:13,SUD EST,GRENOBLE,PAGRENOBLE,FRGNB,22:09,FRJDQ
8470,2023-08-13,PARIS (intramuros),OUI,6929,23:13,SUD EST,GRENOBLE,PAGRENOBLE,FRGNB,20:14,FRPLY
8471,2023-08-13,DIJON VILLE,NON,9879,16:18,EST,MACON VILLE,JCRHINRHON,FRHGU,15:21,FRABA
8472,2023-08-13,METZ VILLE,NON,9879,13:54,EST,MULHOUSE VILLE,JCRHINRHON,FRAEK,12:12,FRADE
8473,2023-08-13,METZ VILLE,NON,9879,16:56,EST,LYON (intramuros),JCRHINRHON,FRLPD,12:12,FRADE
8474,2023-08-13,METZ VILLE,NON,9879,14:41,EST,BESANCON - F COMTE TGV,JCRHINRHON,FRTJB,12:12,FRADE
8475,2023-08-13,STRASBOURG,NON,9879,15:11,EST,DIJON VILLE,JCRHINRHON,FRABA,13:06,FRAEG
8476,2023-08-13,STRASBOURG,NON,9879,14:41,EST,BESANCON - F COMTE TGV,JCRHINRHON,FRTJB,13:06,FRAEG
8477,2023-08-13,MULHOUSE VILLE,NON,9879,16:18,EST,MACON VILLE,JCRHINRHON,FRHGU,13:57,FRAEK
8478,2023-08-13,MULHOUSE VILLE,NON,9879,14:18,EST,BELFORT-MONTBELIARD TGV,JCRHINRHON,FRTJA,13:57,FRAEK
8479,2023-08-13,MULHOUSE VILLE,NON,9879,17:50,EST,VALENCE TGV RHONE-ALPES SUD,JCRHINRHON,FRVLA,13:57,FRAEK
8480,2023-08-13,BELFORT-MONTBELIARD TGV,NON,9879,16:56,EST,LYON (intramuros),JCRHINRHON,FRLPD,14:21,FRTJA
8481,2023-08-13,THIONVILLE,OUI,9879,12:07,EST,METZ VILLE,JCRHINRHON,FRADE,11:48,FRXTH
8482,2023-08-13,THIONVILLE,NON,9879,14:18,EST,BELFORT-MONTBELIARD TGV,JCRHINRHON,FRTJA,11:48,FRXTH
8483,2023-08-13,LUXEMBOURG,NON,9879,15:11,EST,DIJON VILLE,JCRHINRHON,FRABA,11:24,LULUX
8484,2023-08-13,LUXEMBOURG,NON,9879,16:18,EST,MACON VILLE,JCRHINRHON,FRHGU,11:24,LULUX
8485,2023-08-13,VALENCE TGV RHONE-ALPES SUD,OUI,9879,18:53,EST,MONTPELLIER SUD DE FRANCE,JCRHINRHON,FRSUF,17:55,FRVLA
8486,2023-08-13,BESANCON - F COMTE TGV,NON,9879,18:53,EST,MONTPELLIER SUD DE FRANCE,JCRHINRHON,FRSUF,14:44,FRTJB
8487,2023-08-13,LUXEMBOURG,NON,9879,18:53,EST,MONTPELLIER SUD DE FRANCE,JCRHINRHON,FRSUF,11:24,LULUX
8488,2023-08-13,DIJON VILLE,NON,9879,18:31,EST,NIMES PONT DU GARD,JCRHINRHON,FRXZP,15:21,FRABA
8489,2023-08-13,LUXEMBOURG,NON,9879,18:31,EST,NIMES PONT DU GARD,JCRHINRHON,FRXZP,11:24,LULUX
8490,2023-08-13,DIJON VILLE,OUI,2242,14:55,EST,MULHOUSE VILLE,JCRHONRHIN,FRAEK,13:37,FRABA
8491,2023-08-13,AIX EN PROVENCE TGV,NON,2242,14:55,EST,MULHOUSE VILLE,JCRHONRHIN,FRAEK,09:58,FRAIE
8492,2023-08-13,AIX EN PROVENCE TGV,NON,2242,13:03,EST,BEAUNE,JCRHONRHIN,FRXBV,09:58,FRAIE
8493,2023-08-13,AVIGNON TGV,NON,2242,15:54,EST,STRASBOURG,JCRHONRHIN,FRAEG,10:20,FRAVG
8494,2023-08-13,CANNES,NON,2242,09:55,EST,AIX EN PROVENCE TGV,JCRHONRHIN,FRAIE,07:30,FRJCA
8495,2023-08-13,CANNES,OUI,2242,08:46,EST,TOULON,JCRHONRHIN,FRTLN,07:30,FRJCA
8496,2023-08-13,LYON (intramuros),NON,2242,14:55,EST,MULHOUSE VILLE,JCRHONRHIN,FRAEK,11:32,FRLPD
8497,2023-08-13,LYON (intramuros),NON,2242,13:03,EST,BEAUNE,JCRHONRHIN,FRXBV,11:32,FRLPD
8498,2023-08-13,MARSEILLE ST CHARLES,NON,2242,13:25,EST,DIJON VILLE,JCRHONRHIN,FRABA,09:45,FRMSC
8499,2023-08-13,MARSEILLE ST CHARLES,NON,2242,09:55,EST,AIX EN PROVENCE TGV,JCRHONRHIN,FRAIE,09:45,FRMSC
8500,2023-08-13,MARSEILLE ST CHARLES,NON,2242,14:06,EST,BESANCON - F COMTE TGV,JCRHONRHIN,FRTJB,09:45,FRMSC
8501,2023-08-13,NICE VILLE,NON,2242,15:24,EST,COLMAR,JCRHONRHIN,FRAEJ,07:00,FRNIC
8502,2023-08-13,NICE VILLE,NON,2242,10:17,EST,AVIGNON TGV,JCRHONRHIN,FRAVG,07:00,FRNIC
8503,2023-08-13,NICE VILLE,OUI,2242,07:26,EST,CANNES,JCRHONRHIN,FRJCA,07:00,FRNIC
8504,2023-08-13,NICE VILLE,OUI,2242,09:33,EST,MARSEILLE ST CHARLES,JCRHONRHIN,FRMSC,07:00,FRNIC
8505,2023-08-13,NICE VILLE,OUI,2242,07:13,EST,ANTIBES,JCRHONRHIN,FRXAT,07:00,FRNIC
8506,2023-08-13,NICE VILLE,OUI,2242,08:09,EST,LES ARCS DRAGUIGNAN,JCRHONRHIN,FRXRS,07:00,FRNIC
8507,2023-08-13,NICE VILLE,OUI,2242,07:52,EST,ST RAPHAEL VALESCURE,JCRHONRHIN,FRXSK,07:00,FRNIC
8508,2023-08-13,ANTIBES,NON,2242,15:54,EST,STRASBOURG,JCRHONRHIN,FRAEG,07:16,FRXAT
8509,2023-08-13,ANTIBES,OUI,2242,08:46,EST,TOULON,JCRHONRHIN,FRTLN,07:16,FRXAT
8510,2023-08-13,CHALON SUR SAONE,NON,2242,13:25,EST,DIJON VILLE,JCRHONRHIN,FRABA,12:44,FRXCD
8511,2023-08-13,CHALON SUR SAONE,NON,2242,13:03,EST,BEAUNE,JCRHONRHIN,FRXBV,12:44,FRXCD
8512,2023-08-13,LES ARCS DRAGUIGNAN,NON,2242,14:55,EST,MULHOUSE VILLE,JCRHONRHIN,FRAEK,08:12,FRXRS
8513,2023-08-13,LES ARCS DRAGUIGNAN,NON,2242,09:55,EST,AIX EN PROVENCE TGV,JCRHONRHIN,FRAIE,08:12,FRXRS
8514,2023-08-13,LES ARCS DRAGUIGNAN,NON,2242,11:26,EST,LYON (intramuros),JCRHONRHIN,FRLPD,08:12,FRXRS
8515,2023-08-13,LES ARCS DRAGUIGNAN,OUI,2242,08:46,EST,TOULON,JCRHONRHIN,FRTLN,08:12,FRXRS
8516,2023-08-13,ST RAPHAEL VALESCURE,NON,2242,10:17,EST,AVIGNON TGV,JCRHONRHIN,FRAVG,07:55,FRXSK
8517,2023-08-13,AVIGNON TGV,NON,2242,13:03,EST,BEAUNE,JCRHONRHIN,FRXBV,10:20,FRAVG
8518,2023-08-13,CANNES,NON,2242,14:30,EST,BELFORT-MONTBELIARD TGV,JCRHONRHIN,FRTJA,07:30,FRJCA
8519,2023-08-13,NICE VILLE,NON,2242,14:06,EST,BESANCON - F COMTE TGV,JCRHONRHIN,FRTJB,07:00,FRNIC
8520,2023-08-13,TOULON,NON,2242,14:06,EST,BESANCON - F COMTE TGV,JCRHONRHIN,FRTJB,08:50,FRTLN
8521,2023-08-13,BEAUNE,NON,2242,15:54,EST,STRASBOURG,JCRHONRHIN,FRAEG,13:06,FRXBV
8522,2023-08-13,BEAUNE,NON,2242,15:24,EST,COLMAR,JCRHONRHIN,FRAEJ,13:06,FRXBV
8523,2023-08-13,ANGOULEME,NON,9406,14:29,EST,STRASBOURG,JCATLEST,FRAEG,09:07,FRANG
8524,2023-08-13,ANGOULEME,NON,9406,11:57,EST,MARNE LA VALLEE CHESSY,JCATLEST,FRMLV,09:07,FRANG
8525,2023-08-13,ANGOULEME,NON,9406,12:11,EST,AEROPORT CDG2 TGV ROISSY,JCATLEST,FRMLW,09:07,FRANG
8526,2023-08-13,ANGOULEME,NON,9406,10:18,EST,ST PIERRE DES CORPS,JCATLEST,FRXSH,09:07,FRANG
8527,2023-08-13,BORDEAUX ST JEAN,NON,9406,12:55,EST,CHAMPAGNE-ARDENNE,JCATLEST,FREAH,08:29,FRBOJ
8528,2023-08-13,BORDEAUX ST JEAN,NON,9406,11:57,EST,MARNE LA VALLEE CHESSY,JCATLEST,FRMLV,08:29,FRBOJ
8529,2023-08-13,BORDEAUX ST JEAN,NON,9406,12:11,EST,AEROPORT CDG2 TGV ROISSY,JCATLEST,FRMLW,08:29,FRBOJ
8530,2023-08-13,BORDEAUX ST JEAN,NON,9406,10:18,EST,ST PIERRE DES CORPS,JCATLEST,FRXSH,08:29,FRBOJ
8531,2023-08-13,MASSY TGV,NON,9406,12:55,EST,CHAMPAGNE-ARDENNE,JCATLEST,FREAH,11:26,FRDJU
8532,2023-08-13,MASSY TGV,NON,9406,13:23,EST,MEUSE TGV,JCATLEST,FREAJ,11:26,FRDJU
8533,2023-08-13,MASSY TGV,NON,9406,11:57,EST,MARNE LA VALLEE CHESSY,JCATLEST,FRMLV,11:26,FRDJU
8534,2023-08-13,MARNE LA VALLEE CHESSY,NON,9406,14:29,EST,STRASBOURG,JCATLEST,FRAEG,12:01,FRMLV
8535,2023-08-13,POITIERS,NON,9406,10:18,EST,ST PIERRE DES CORPS,JCATLEST,FRXSH,09:48,FRPIS
8536,2023-08-13,ST PIERRE DES CORPS,NON,9406,11:57,EST,MARNE LA VALLEE CHESSY,JCATLEST,FRMLV,10:26,FRXSH
8537,2023-08-13,STRASBOURG,OUI,9406,14:55,EST,OFFENBOURG/OFFENBURG,JCATLEST,DEZPA,14:35,FRAEG
8538,2023-08-13,LAHR SCHWARZW,OUI,9406,15:17,EST,RINGSHEIM/EU-PARK,JCATLEST,DERSH,15:08,DEANL
8539,2023-08-13,ST PIERRE DES CORPS,NON,9406,15:17,EST,RINGSHEIM/EU-PARK,JCATLEST,DERSH,10:26,FRXSH
8540,2023-08-13,POITIERS,NON,9406,15:43,EST,FREIBURG BREISGAU HBF,JCATLEST,DEFGB,09:48,FRPIS
8541,2023-08-13,MARNE LA VALLEE CHESSY,NON,9406,14:55,EST,OFFENBOURG/OFFENBURG,JCATLEST,DEZPA,12:01,FRMLV
8542,2023-08-13,MASSY TGV,NON,9406,14:55,EST,OFFENBOURG/OFFENBURG,JCATLEST,DEZPA,11:26,FRDJU
8543,2023-08-13,AEROPORT CDG2 TGV ROISSY,NON,9406,14:55,EST,OFFENBOURG/OFFENBURG,JCATLEST,DEZPA,12:26,FRMLW
8544,2023-08-13,CHAMPAGNE-ARDENNE,NON,9406,15:07,EST,LAHR SCHWARZW,JCATLEST,DEANL,12:58,FREAH
8545,2023-08-13,AEROPORT CDG2 TGV ROISSY,NON,9406,15:43,EST,FREIBURG BREISGAU HBF,JCATLEST,DEFGB,12:26,FRMLW
8546,2023-08-13,AEROPORT CDG2 TGV ROISSY,NON,9406,15:17,EST,RINGSHEIM/EU-PARK,JCATLEST,DERSH,12:26,FRMLW
8547,2023-08-13,TBD,NON,9406,15:07,EST,TBD,JCATLEST,DEANL,09:48,FRPIS
8548,2023-08-13,AIX LES BAINS LE REVARD,OUI,6984,19:09,SUD EST,CHAMBERY CHALLES LES EAUX,ALPESPARIS,FRCMF,18:59,FRXAI
8549,2023-08-13,AIX LES BAINS LE REVARD,OUI,6984,20:43,SUD EST,MACON LOCHE TGV,ALPESPARIS,FRMLT,18:59,FRXAI
8550,2023-08-13,TOURS,OUI,8318,17:43,ATLANTIQUE,VENDOME VILLIERS SUR LOIR,ROCHELLEPA,FRESL,17:04,FRAFW
8551,2023-08-13,VENDOME VILLIERS SUR LOIR,OUI,8318,18:33,ATLANTIQUE,PARIS (intramuros),ROCHELLEPA,FRPMO,17:46,FRESL
8552,2023-08-13,DAX,OUI,8537,14:55,ATLANTIQUE,HENDAYE,PASUDOUEST,FRAEF,13:42,FRACG
8553,2023-08-13,DAX,OUI,8537,14:25,ATLANTIQUE,BIARRITZ,PASUDOUEST,FRBIQ,13:42,FRACG
8554,2023-08-13,BORDEAUX ST JEAN,NON,8537,14:13,ATLANTIQUE,BAYONNE,PASUDOUEST,FRXBY,12:20,FRBOJ
8555,2023-08-13,PARIS (intramuros),NON,8537,14:41,ATLANTIQUE,ST JEAN DE LUZ CIBOURE,PASUDOUEST,FRXJZ,10:08,FRPMO
8556,2023-08-13,LYON (intramuros),OUI,6609,12:10,SUD EST,LYON (intramuros),PARISRHONE,FRLPE,12:02,FRLPD
8557,2023-08-13,RENNES,OUI,8083,12:01,ATLANTIQUE,DOL DE BRETAGNE,PARISBRETA,FRDOL,11:30,FRRNS
8558,2023-08-13,CHAMPAGNE-ARDENNE,NON,2407,09:05,EST,MEUSE TGV,PASTRAMULH,FREAJ,08:41,FREAH
8559,2023-08-13,BOURGES,NON,4504,16:55,IC SRO,ST PIERRE DES CORPS,JOURLYNNTE,FRXSH,15:30,FRBOU
8560,2023-08-13,LYON (intramuros),NON,4504,15:49,IC SRO,VIERZON VILLE,JOURLYNNTE,FRXVZ,12:00,FRLPD
8561,2023-08-13,LYON (intramuros),NON,4504,15:28,IC SRO,BOURGES,JOURLYNNTE,FRBOU,11:47,FRLPE
8562,2023-08-13,LYON (intramuros),NON,4504,14:05,IC SRO,MOULINS SUR ALLIER,JOURLYNNTE,FRXMU,11:47,FRLPE
8563,2023-08-13,NEVERS,NON,4504,17:52,IC SRO,ANGERS ST LAUD,JOURLYNNTE,FRACL,14:49,FRNVS
8564,2023-08-13,NEVERS,NON,4504,18:38,IC SRO,NANTES,JOURLYNNTE,FRNTE,14:49,FRNVS
8565,2023-08-13,NEVERS,NON,4504,16:55,IC SRO,ST PIERRE DES CORPS,JOURLYNNTE,FRXSH,14:49,FRNVS
8566,2023-08-13,NEVERS,NON,4504,15:49,IC SRO,VIERZON VILLE,JOURLYNNTE,FRXVZ,14:49,FRNVS
8567,2023-08-13,ROANNE,NON,4504,13:43,IC SRO,ST GERMAIN DES FOSSES,JOURLYNNTE,FRSGF,13:06,FRRNE
8568,2023-08-13,ROANNE,NON,4504,14:05,IC SRO,MOULINS SUR ALLIER,JOURLYNNTE,FRXMU,13:06,FRRNE
8569,2023-08-13,ST GERMAIN DES FOSSES,NON,4504,15:28,IC SRO,BOURGES,JOURLYNNTE,FRBOU,13:45,FRSGF
8570,2023-08-13,ST GERMAIN DES FOSSES,NON,4504,14:05,IC SRO,MOULINS SUR ALLIER,JOURLYNNTE,FRXMU,13:45,FRSGF
8571,2023-08-13,ST GERMAIN DES FOSSES,NON,4504,15:49,IC SRO,VIERZON VILLE,JOURLYNNTE,FRXVZ,13:45,FRSGF
8572,2023-08-13,MOULINS SUR ALLIER,NON,4504,17:29,IC SRO,SAUMUR,JOURLYNNTE,FRACN,14:07,FRXMU
8573,2023-08-13,ST PIERRE DES CORPS,NON,4504,17:52,IC SRO,ANGERS ST LAUD,JOURLYNNTE,FRACL,16:58,FRXSH
8574,2023-08-13,VIERZON VILLE,NON,4504,17:29,IC SRO,SAUMUR,JOURLYNNTE,FRACN,15:51,FRXVZ
8575,2023-08-13,ANGERS ST LAUD,OUI,8871,12:54,ATLANTIQUE,NANTES,PARISLOIRE,FRNTE,12:16,FRACL
8576,2023-08-13,PARIS (intramuros),NON,8871,12:13,ATLANTIQUE,ANGERS ST LAUD,PARISLOIRE,FRACL,10:36,FRPMO
8577,2023-08-13,PARIS (intramuros),NON,8871,12:54,ATLANTIQUE,NANTES,PARISLOIRE,FRNTE,10:36,FRPMO
8578,2023-08-13,RENNES,NON,8084,15:06,ATLANTIQUE,PARIS (intramuros),BRETAPARIS,FRPMO,13:35,FRRNS
8579,2023-08-13,CLERMONT FERRAND,NON,5986,19:58,IC ARO,NEVERS,CLERMONTPA,FRNVS,18:31,FRCFE
8580,2023-08-13,CLERMONT FERRAND,NON,5986,19:29,IC ARO,MOULINS SUR ALLIER,CLERMONTPA,FRXMU,18:31,FRCFE
8581,2023-08-13,LYON-SAINT EXUPERY TGV,OUI,6919,17:13,SUD EST,GRENOBLE,PAGRENOBLE,FRGNB,16:09,FRJDQ
8582,2023-08-13,LYON (intramuros),OUI,6613,14:10,SUD EST,LYON (intramuros),PARISRHONE,FRLPE,14:02,FRLPD
8583,2023-08-13,PARIS (intramuros),OUI,6613,14:10,SUD EST,LYON (intramuros),PARISRHONE,FRLPE,11:52,FRPLY
8584,2023-08-13,LE CREUSOT MONTCEAU MONTCHANIN,OUI,6613,13:56,SUD EST,LYON (intramuros),PARISRHONE,FRLPD,13:13,FRXCC
8585,2023-08-13,CANNES,NON,6852,20:52,SUD EST,AVIGNON TGV,JCSUDPROV,FRAVG,17:59,FRJCA
8586,2023-08-13,CANNES,NON,6852,22:14,SUD EST,LYON (intramuros),JCSUDPROV,FRLPD,17:59,FRJCA
8587,2023-08-13,CANNES,NON,6852,20:04,SUD EST,MARSEILLE ST CHARLES,JCSUDPROV,FRMSC,17:59,FRJCA
8588,2023-08-13,CANNES,OUI,6852,18:37,SUD EST,LES ARCS DRAGUIGNAN,JCSUDPROV,FRXRS,17:59,FRJCA
8589,2023-08-13,CANNES,OUI,6852,18:21,SUD EST,ST RAPHAEL VALESCURE,JCSUDPROV,FRXSK,17:59,FRJCA
8590,2023-08-13,MARSEILLE ST CHARLES,NON,6852,21:27,SUD EST,VALENCE TGV RHONE-ALPES SUD,JCSUDPROV,FRVLA,20:18,FRMSC
8591,2023-08-13,ANTIBES,OUI,6852,19:14,SUD EST,TOULON,JCSUDPROV,FRTLN,17:45,FRXAT
8592,2023-08-13,ANTIBES,NON,6852,21:27,SUD EST,VALENCE TGV RHONE-ALPES SUD,JCSUDPROV,FRVLA,17:45,FRXAT
8593,2023-08-13,ANTIBES,OUI,6852,18:37,SUD EST,LES ARCS DRAGUIGNAN,JCSUDPROV,FRXRS,17:45,FRXAT
8594,2023-08-13,LILLE (intramuros),NON,5240,19:04,NORD,MASSY TGV,JCNORDAQUI,FRDJU,17:16,FRADJ
8595,2023-08-13,LILLE (intramuros),OUI,5240,18:27,NORD,MARNE LA VALLEE CHESSY,JCNORDAQUI,FRMLV,17:16,FRADJ
8596,2023-08-13,AEROPORT CDG2 TGV ROISSY,NON,5240,19:04,NORD,MASSY TGV,JCNORDAQUI,FRDJU,18:18,FRMLW
8597,2023-08-13,POITIERS,OUI,5240,21:21,NORD,ANGOULEME,JCNORDAQUI,FRANG,20:43,FRPIS
8598,2023-08-13,POITIERS,OUI,5240,22:02,NORD,BORDEAUX ST JEAN,JCNORDAQUI,FRBOJ,20:43,FRPIS
8599,2023-08-13,ST PIERRE DES CORPS,NON,5240,21:21,NORD,ANGOULEME,JCNORDAQUI,FRANG,20:10,FRXSH
8600,2023-08-13,ST PIERRE DES CORPS,NON,5240,22:02,NORD,BORDEAUX ST JEAN,JCNORDAQUI,FRBOJ,20:10,FRXSH
8601,2023-08-13,HAZEBROUCK,OUI,7342,21:08,NORD,PARIS (intramuros),ARRASPA,FRPNO,19:20,FRHZK
8602,2023-08-13,BETHUNE,OUI,7342,21:08,NORD,PARIS (intramuros),ARRASPA,FRPNO,19:43,FRXBH
8603,2023-08-13,NURIEUX,NON,9764,09:49,INTERNATIONAL,BOURG EN BRESSE,GENEVEPA,FRXBK,09:25,FRHQN
8604,2023-08-13,BOURG EN BRESSE,NON,9764,11:42,INTERNATIONAL,PARIS (intramuros),GENEVEPA,FRPLY,09:52,FRXBK
8605,2023-08-13,PARIS (intramuros),NON,9571,08:41,INTERNATIONAL,STRASBOURG,PASTUTMUN,FRAEG,06:55,FRPST
8606,2023-08-13,BORDEAUX ST JEAN,OUI,8473,14:10,ATLANTIQUE,ARCACHON,PASUDOUEST,FRXAC,13:24,FRBOJ
8607,2023-08-13,PARIS (intramuros),NON,8473,13:14,ATLANTIQUE,BORDEAUX ST JEAN,PASUDOUEST,FRBOJ,11:08,FRPMO
8608,2023-08-13,PARIS (intramuros),OUI,7363,10:40,NORD,ARRAS,PAARRAS,FRQRV,09:52,FRPNO
8609,2023-08-13,DIJON VILLE,NON,9223,22:26,INTERNATIONAL,ZUERICH HB,PABALZUR,CHAJD,20:01,FRABA
8610,2023-08-13,DIJON VILLE,NON,9223,21:26,INTERNATIONAL,BASEL SBB,PABALZUR,CHAJP,20:01,FRABA
8611,2023-08-13,DIJON VILLE,NON,9223,21:03,INTERNATIONAL,MULHOUSE VILLE,PABALZUR,FRAEK,20:01,FRABA
8612,2023-08-13,PARIS (intramuros),NON,9223,21:26,INTERNATIONAL,BASEL SBB,PABALZUR,CHAJP,18:22,FRPLY
8613,2023-08-13,PARIS (intramuros),NON,9223,19:57,INTERNATIONAL,DIJON VILLE,PABALZUR,FRABA,18:22,FRPLY
8614,2023-08-13,PARIS (intramuros),OUI,2595,21:44,EST,NANCY,PANANCY,FRENC,20:07,FRPST
8615,2023-08-13,THIONVILLE,NON,2860,10:20,EST,PARIS (intramuros),LUXMETZPA,FRPST,08:23,FRXTH
8616,2023-08-13,AVIGNON CENTRE,OUI,6195,21:40,SUD EST,MIRAMAS,PAVDR,FRMAZ,21:00,FRAES
8617,2023-08-13,LYON-SAINT EXUPERY TGV,OUI,6195,21:40,SUD EST,MIRAMAS,PAVDR,FRMAZ,19:13,FRJDQ
8618,2023-08-13,PARIS (intramuros),OUI,6195,19:46,SUD EST,VALENCE VILLE,PAVDR,FRVAF,17:13,FRPLY
8619,2023-08-13,VALENCE VILLE,OUI,6195,20:10,SUD EST,MONTELIMAR GARE SNCF,PAVDR,FRXMK,19:49,FRVAF
8620,2023-08-13,MONTELIMAR GARE SNCF,OUI,6195,20:57,SUD EST,AVIGNON CENTRE,PAVDR,FRAES,20:13,FRXMK
8621,2023-08-13,MONTELIMAR GARE SNCF,OUI,6195,21:18,SUD EST,ARLES,PAVDR,FRHZA,20:13,FRXMK
8622,2023-08-13,MONTELIMAR GARE SNCF,OUI,6195,20:38,SUD EST,ORANGE,PAVDR,FRXOG,20:13,FRXMK
8623,2023-08-13,ORANGE,OUI,6195,20:57,SUD EST,AVIGNON CENTRE,PAVDR,FRAES,20:41,FRXOG
8624,2023-08-13,BRUXELLES MIDI BRUSSEL ZUID,NON,9830,14:53,NORD,AEROPORT CDG2 TGV ROISSY,JCNORDSUD,FRMLW,13:15,BEBMI
8625,2023-08-13,AVIGNON TGV,OUI,9830,18:37,NORD,AIX EN PROVENCE TGV,JCNORDSUD,FRAIE,18:16,FRAVG
8626,2023-08-13,LYON (intramuros),NON,9830,18:13,NORD,AVIGNON TGV,JCNORDSUD,FRAVG,17:06,FRLPD
8627,2023-08-13,MARNE LA VALLEE CHESSY,NON,9830,18:13,NORD,AVIGNON TGV,JCNORDSUD,FRAVG,15:15,FRMLV
8628,2023-08-13,AEROPORT CDG2 TGV ROISSY,NON,9830,17:00,NORD,LYON (intramuros),JCNORDSUD,FRLPD,14:59,FRMLW
8629,2023-08-13,MONTBARD,NON,6743,16:31,SUD EST,DIJON VILLE,PABOUR,FRABA,15:57,FRGWE
8630,2023-08-13,PORTE PUYMORENS,NON,3972,06:08,IC NUIT,LES AUBRAIS ORLEANS,PALOMBEPAR,FRLAB,19:31,FRFQF
8631,2023-08-13,PORTE PUYMORENS,NON,3972,07:19,IC NUIT,PARIS (intramuros),PALOMBEPAR,FRPAZ,19:31,FRFQF
8632,2023-08-13,MERENS LES VALS,NON,3972,07:19,IC NUIT,PARIS (intramuros),PALOMBEPAR,FRPAZ,19:59,FRFQH
8633,2023-08-13,PAMIERS,NON,3972,07:19,IC NUIT,PARIS (intramuros),PALOMBEPAR,FRPAZ,21:21,FRPMS
8634,2023-08-13,FOIX,NON,3972,06:08,IC NUIT,LES AUBRAIS ORLEANS,PALOMBEPAR,FRLAB,21:06,FRXFX
8635,2023-08-13,ANGOULEME,OUI,8432,08:16,ATLANTIQUE,POITIERS,SUDOUESTPA,FRPIS,07:36,FRANG
8636,2023-08-13,BORDEAUX ST JEAN,NON,8432,10:01,ATLANTIQUE,PARIS (intramuros),SUDOUESTPA,FRPMO,06:58,FRBOJ
8637,2023-08-13,DIJON VILLE,NON,9279,14:57,INTERNATIONAL,VALLORBE,PASUIS,CHAGL,13:35,FRABA
8638,2023-08-13,DOLE VILLE,NON,9279,14:57,INTERNATIONAL,VALLORBE,PASUIS,CHAGL,14:00,FRACE
8639,2023-08-13,FRASNE,NON,9279,14:57,INTERNATIONAL,VALLORBE,PASUIS,CHAGL,14:44,FRFRA
8640,2023-08-13,LORIENT,OUI,8794,23:29,ATLANTIQUE,PARIS (intramuros),BRETAPARIS,FRPMO,20:28,FRLRT
8641,2023-08-13,VANNES,OUI,8794,23:29,ATLANTIQUE,PARIS (intramuros),BRETAPARIS,FRPMO,21:00,FRVNE
8642,2023-08-13,ANGERS ST LAUD,OUI,8128,21:12,ATLANTIQUE,PARIS (intramuros),LOIREPARIS,FRPMO,19:45,FRACL
8643,2023-08-13,LA ROCHELLE VILLE,OUI,8364,17:19,ATLANTIQUE,SURGERES,ROCHELLEPA,FREIP,17:01,FRLRH
8644,2023-08-13,LAVAL,OUI,5280,12:57,NORD,LE MANS,JCBRETNORD,FRAET,12:28,FRACR
8645,2023-08-13,LE MANS,OUI,5280,15:49,NORD,LILLE (intramuros),JCBRETNORD,FRLLE,13:00,FRAET
8646,2023-08-13,MASSY TGV,OUI,5280,14:41,NORD,AEROPORT CDG2 TGV ROISSY,JCBRETNORD,FRMLW,13:55,FRDJU
8647,2023-08-13,MARNE LA VALLEE CHESSY,OUI,5280,14:41,NORD,AEROPORT CDG2 TGV ROISSY,JCBRETNORD,FRMLW,14:31,FRMLV
8648,2023-08-13,RENNES,OUI,5280,12:25,NORD,LAVAL,JCBRETNORD,FRACR,12:00,FRRNS
8649,2023-08-13,RENNES,OUI,5280,12:57,NORD,LE MANS,JCBRETNORD,FRAET,12:00,FRRNS
8650,2023-08-13,RENNES,OUI,5280,15:49,NORD,LILLE (intramuros),JCBRETNORD,FRLLE,12:00,FRRNS
8651,2023-08-13,RENNES,OUI,5280,14:27,NORD,MARNE LA VALLEE CHESSY,JCBRETNORD,FRMLV,12:00,FRRNS
8652,2023-08-13,CHATEAUROUX,OUI,3685,00:01,IC ARO,BRIVE LA GAILLARDE,PALITO,FRBVE,21:41,FRCHR
8653,2023-08-13,CHATEAUROUX,OUI,3685,22:21,IC ARO,LA SOUTERRAINE,PALITO,FRLST,21:41,FRCHR
8654,2023-08-13,ARGENTON SUR CREUSE,OUI,3685,22:55,IC ARO,LIMOGES BENEDICTINS,PALITO,FRAGQ,21:57,FRFMT
8655,2023-08-13,PARIS (intramuros),OUI,3685,21:56,IC ARO,ARGENTON SUR CREUSE,PALITO,FRFMT,19:39,FRPAZ
8656,2023-08-13,PARIS (intramuros),OUI,7571,15:04,NORD,LILLE (intramuros),PAARRAS,FRLLE,13:52,FRPNO
8657,2023-08-13,LAUSANNE,NON,9268,13:13,INTERNATIONAL,FRASNE,SUISPA,FRFRA,12:23,CHAJF
8658,2023-08-13,LAUSANNE,NON,9268,16:04,INTERNATIONAL,PARIS (intramuros),SUISPA,FRPLY,12:23,CHAJF
8659,2023-08-13,DIJON VILLE,OUI,9268,16:04,INTERNATIONAL,PARIS (intramuros),SUISPA,FRPLY,14:28,FRABA
8660,2023-08-13,DOLE VILLE,OUI,9268,16:04,INTERNATIONAL,PARIS (intramuros),SUISPA,FRPLY,14:00,FRACE
8661,2023-08-13,ANGERS ST LAUD,NON,4406,17:57,IC SRO,BOURGES,JOURNTELYN,FRBOU,15:28,FRACL
8662,2023-08-13,ANGERS ST LAUD,NON,4406,20:13,IC SRO,ROANNE,JOURNTELYN,FRRNE,15:28,FRACL
8663,2023-08-13,ANGERS ST LAUD,NON,4406,19:34,IC SRO,ST GERMAIN DES FOSSES,JOURNTELYN,FRSGF,15:28,FRACL
8664,2023-08-13,ANGERS ST LAUD,NON,4406,17:38,IC SRO,VIERZON VILLE,JOURNTELYN,FRXVZ,15:28,FRACL
8665,2023-08-13,SAUMUR,NON,4406,21:30,IC SRO,LYON (intramuros),JOURNTELYN,FRLPE,15:53,FRACN
8666,2023-08-13,BOURGES,NON,4406,21:30,IC SRO,LYON (intramuros),JOURNTELYN,FRLPE,17:59,FRBOU
8667,2023-08-13,BOURGES,NON,4406,19:12,IC SRO,MOULINS SUR ALLIER,JOURNTELYN,FRXMU,17:59,FRBOU
8668,2023-08-13,NANTES,NON,4406,19:34,IC SRO,ST GERMAIN DES FOSSES,JOURNTELYN,FRSGF,14:47,FRNTE
8669,2023-08-13,NANTES,NON,4406,19:12,IC SRO,MOULINS SUR ALLIER,JOURNTELYN,FRXMU,14:47,FRNTE
8670,2023-08-13,ROANNE,NON,4406,21:18,IC SRO,LYON (intramuros),JOURNTELYN,FRLPD,20:15,FRRNE
8671,2023-08-13,ST GERMAIN DES FOSSES,NON,4406,21:30,IC SRO,LYON (intramuros),JOURNTELYN,FRLPE,19:36,FRSGF
8672,2023-08-13,ST GERMAIN DES FOSSES,NON,4406,20:13,IC SRO,ROANNE,JOURNTELYN,FRRNE,19:36,FRSGF
8673,2023-08-13,VIERZON VILLE,NON,4406,17:57,IC SRO,BOURGES,JOURNTELYN,FRBOU,17:40,FRXVZ
8674,2023-08-13,CARCASSONNE,NON,4760,17:33,IC ARO,BORDEAUX ST JEAN,TJOURSESO,FRBOJ,14:34,FRCCF
8675,2023-08-13,NIMES,NON,4760,13:22,IC ARO,SETE,TJOURSESO,FRXSY,12:39,FRFNI
8676,2023-08-13,ARLES,NON,4760,17:33,IC ARO,BORDEAUX ST JEAN,TJOURSESO,FRBOJ,12:09,FRHZA
8677,2023-08-13,ARLES,NON,4760,14:32,IC ARO,CARCASSONNE,TJOURSESO,FRCCF,12:09,FRHZA
8678,2023-08-13,MONTPELLIER SAINT-ROCH,NON,4760,17:33,IC ARO,BORDEAUX ST JEAN,TJOURSESO,FRBOJ,13:06,FRMPL
8679,2023-08-13,NARBONNE,NON,4760,15:48,IC ARO,MONTAUBAN VILLE BOURBON,TJOURSESO,FRXMW,14:04,FRXNA
8680,2023-08-13,SETE,NON,4760,14:32,IC ARO,CARCASSONNE,TJOURSESO,FRCCF,13:24,FRXSY
8681,2023-08-13,LE CROISIC,OUI,8926,19:04,ATLANTIQUE,SABLE SUR SARTHE,LOIREPARIS,FRSAB,16:55,FREGU
8682,2023-08-13,LAVAL,NON,8623,18:37,ATLANTIQUE,BREST,PARISBRETA,FRBES,16:00,FRACR
8683,2023-08-13,LAVAL,NON,8623,18:02,ATLANTIQUE,MORLAIX,PARISBRETA,FRMXN,16:00,FRACR
8684,2023-08-13,LAVAL,NON,8623,17:16,ATLANTIQUE,ST BRIEUC,PARISBRETA,FRSBK,16:00,FRACR
8685,2023-08-13,GUINGAMP,OUI,8623,18:02,ATLANTIQUE,MORLAIX,PARISBRETA,FRMXN,17:35,FRGGP
8686,2023-08-13,PARIS (intramuros),NON,8623,17:33,ATLANTIQUE,GUINGAMP,PARISBRETA,FRGGP,14:41,FRPMO
8687,2023-08-13,PARIS (intramuros),NON,8623,18:02,ATLANTIQUE,MORLAIX,PARISBRETA,FRMXN,14:41,FRPMO
8688,2023-08-13,PARIS (intramuros),NON,8623,16:25,ATLANTIQUE,RENNES,PARISBRETA,FRRNS,14:41,FRPMO
8689,2023-08-13,RENNES,NON,8623,17:33,ATLANTIQUE,GUINGAMP,PARISBRETA,FRGGP,16:32,FRRNS
8690,2023-08-13,BRIANCON,OUI,5790,07:54,IC NUIT,PARIS (intramuros),BRIANCONPA,FRPAZ,20:03,FRXBC
8691,2023-08-13,ANGOULEME,OUI,8495,23:43,ATLANTIQUE,BORDEAUX ST JEAN,PASUDOUEST,FRBOJ,22:37,FRANG
8692,2023-08-13,POITIERS,OUI,8495,23:16,ATLANTIQUE,LIBOURNE,PASUDOUEST,FRXLR,21:54,FRPIS
8693,2023-08-13,PARIS (intramuros),OUI,8495,22:34,ATLANTIQUE,ANGOULEME,PASUDOUEST,FRANG,20:24,FRPMO
8694,2023-08-13,PARIS (intramuros),OUI,8495,23:43,ATLANTIQUE,BORDEAUX ST JEAN,PASUDOUEST,FRBOJ,20:24,FRPMO
8695,2023-08-13,BORDEAUX ST JEAN,OUI,2092,09:04,EST,ANGOULEME,JCATLEST,FRANG,08:29,FRBOJ
8696,2023-08-13,BORDEAUX ST JEAN,NON,2092,11:20,EST,MASSY TGV,JCATLEST,FRDJU,08:29,FRBOJ
8697,2023-08-13,BORDEAUX ST JEAN,NON,2092,13:23,EST,MEUSE TGV,JCATLEST,FREAJ,08:29,FRBOJ
8698,2023-08-13,BORDEAUX ST JEAN,NON,2092,12:11,EST,AEROPORT CDG2 TGV ROISSY,JCATLEST,FRMLW,08:29,FRBOJ
8699,2023-08-13,MASSY TGV,NON,2092,13:49,EST,LORRAINE TGV,JCATLEST,FREAM,11:26,FRDJU
8700,2023-08-13,MASSY TGV,NON,2092,11:57,EST,MARNE LA VALLEE CHESSY,JCATLEST,FRMLV,11:26,FRDJU
8701,2023-08-13,MEUSE TGV,NON,2092,13:49,EST,LORRAINE TGV,JCATLEST,FREAM,13:30,FREAJ
8702,2023-08-13,MARNE LA VALLEE CHESSY,NON,2092,12:55,EST,CHAMPAGNE-ARDENNE,JCATLEST,FREAH,12:01,FRMLV
8703,2023-08-13,AEROPORT CDG2 TGV ROISSY,NON,2092,13:23,EST,MEUSE TGV,JCATLEST,FREAJ,12:26,FRMLW
8704,2023-08-13,POITIERS,NON,2092,14:29,EST,STRASBOURG,JCATLEST,FRAEG,09:48,FRPIS
8705,2023-08-13,ST PIERRE DES CORPS,NON,2092,11:20,EST,MASSY TGV,JCATLEST,FRDJU,10:26,FRXSH
8706,2023-08-13,MASSY TGV,OUI,5358,22:29,SUD EST,ANGERS ST LAUD,JCSUDATL,FRACL,20:38,FRDJU
8707,2023-08-13,LYON (intramuros),NON,5358,23:09,SUD EST,NANTES,JCSUDATL,FRNTE,18:30,FRLPD
8708,2023-08-13,VALENCE TGV RHONE-ALPES SUD,NON,5358,22:29,SUD EST,ANGERS ST LAUD,JCSUDATL,FRACL,17:42,FRVLA
8709,2023-08-13,VALENCE TGV RHONE-ALPES SUD,NON,5358,23:09,SUD EST,NANTES,JCSUDATL,FRNTE,17:42,FRVLA
8710,2023-08-13,ST PIERRE DES CORPS,OUI,5358,22:05,SUD EST,SAUMUR,JCSUDATL,FRACN,21:35,FRXSH
8711,2023-08-13,MONTPELLIER SUD DE FRANCE,NON,5358,22:05,SUD EST,SAUMUR,JCSUDATL,FRACN,16:40,FRSUF
8712,2023-08-13,NIMES PONT DU GARD,NON,5358,18:20,SUD EST,LYON (intramuros),JCSUDATL,FRLPD,17:01,FRXZP
8713,2023-08-13,NIMES PONT DU GARD,NON,5358,20:34,SUD EST,MASSY TGV,JCSUDATL,FRDJU,17:01,FRXZP
8714,2023-08-13,STRASBOURG,NON,5486,08:47,EST,CHAMPAGNE-ARDENNE,JCESTATL,FREAH,07:31,FRAEG
8715,2023-08-13,STRASBOURG,OUI,5486,08:06,EST,LORRAINE TGV,JCESTATL,FREAM,07:31,FRAEG
8716,2023-08-13,MASSY TGV,NON,5486,13:19,EST,NANTES,JCESTATL,FRNTE,10:38,FRDJU
8717,2023-08-13,MASSY TGV,NON,5486,11:32,EST,ST PIERRE DES CORPS,JCESTATL,FRXSH,10:38,FRDJU
8718,2023-08-13,CHAMPAGNE-ARDENNE,NON,5486,12:36,EST,ANGERS ST LAUD,JCESTATL,FRACL,08:58,FREAH
8719,2023-08-13,CHAMPAGNE-ARDENNE,NON,5486,11:32,EST,ST PIERRE DES CORPS,JCESTATL,FRXSH,08:58,FREAH
8720,2023-08-13,MARNE LA VALLEE CHESSY,NON,5486,11:32,EST,ST PIERRE DES CORPS,JCESTATL,FRXSH,10:02,FRMLV
8721,2023-08-13,AEROPORT CDG2 TGV ROISSY,NON,5486,11:32,EST,ST PIERRE DES CORPS,JCESTATL,FRXSH,09:45,FRMLW
8722,2023-08-13,CLERMONT FERRAND,OUI,5982,18:58,IC ARO,NEVERS,CLERMONTPA,FRNVS,17:31,FRCFE
8723,2023-08-13,ANGERS ST LAUD,NON,4402,09:44,IC SRO,BOURGES,JOURNTELYN,FRBOU,07:10,FRACL
8724,2023-08-13,ANGERS ST LAUD,NON,4402,10:23,IC SRO,NEVERS,JOURNTELYN,FRNVS,07:10,FRACL
8725,2023-08-13,SAUMUR,NON,4402,10:23,IC SRO,NEVERS,JOURNTELYN,FRNVS,07:32,FRACN
8726,2023-08-13,SAUMUR,NON,4402,11:05,IC SRO,MOULINS SUR ALLIER,JOURNTELYN,FRXMU,07:32,FRACN
8727,2023-08-13,SAUMUR,NON,4402,08:05,IC SRO,ST PIERRE DES CORPS,JOURNTELYN,FRXSH,07:32,FRACN
8728,2023-08-13,LYON (intramuros),NON,4402,13:22,IC SRO,LYON (intramuros),JOURNTELYN,FRLPE,13:14,FRLPD
8729,2023-08-13,NANTES,NON,4402,09:15,IC SRO,VIERZON VILLE,JOURNTELYN,FRXVZ,06:26,FRNTE
8730,2023-08-13,NEVERS,NON,4402,12:05,IC SRO,ROANNE,JOURNTELYN,FRRNE,10:37,FRNVS
8731,2023-08-13,NEVERS,NON,4402,11:26,IC SRO,ST GERMAIN DES FOSSES,JOURNTELYN,FRSGF,10:37,FRNVS
8732,2023-08-13,ROANNE,NON,4402,13:10,IC SRO,LYON (intramuros),JOURNTELYN,FRLPD,12:08,FRRNE
8733,2023-08-13,ST GERMAIN DES FOSSES,NON,4402,12:05,IC SRO,ROANNE,JOURNTELYN,FRRNE,11:28,FRSGF
8734,2023-08-13,MOULINS SUR ALLIER,NON,4402,11:26,IC SRO,ST GERMAIN DES FOSSES,JOURNTELYN,FRSGF,11:07,FRXMU
8735,2023-08-13,ST PIERRE DES CORPS,NON,4402,09:44,IC SRO,BOURGES,JOURNTELYN,FRBOU,08:09,FRXSH
8736,2023-08-13,ST PIERRE DES CORPS,NON,4402,13:22,IC SRO,LYON (intramuros),JOURNTELYN,FRLPE,08:09,FRXSH
8737,2023-08-13,ST PIERRE DES CORPS,NON,4402,09:15,IC SRO,VIERZON VILLE,JOURNTELYN,FRXVZ,08:09,FRXSH
8738,2023-08-13,VIERZON VILLE,NON,4402,13:10,IC SRO,LYON (intramuros),JOURNTELYN,FRLPD,09:19,FRXVZ
8739,2023-08-13,VIERZON VILLE,NON,4402,13:22,IC SRO,LYON (intramuros),JOURNTELYN,FRLPE,09:19,FRXVZ
8740,2023-08-13,VIERZON VILLE,NON,4402,11:05,IC SRO,MOULINS SUR ALLIER,JOURNTELYN,FRXMU,09:19,FRXVZ
8741,2023-08-13,CANNES,OUI,6805,12:39,SUD EST,ANTIBES,JCPROVSUD,FRXAT,12:31,FRJCA
8742,2023-08-13,LYON (intramuros),NON,6805,11:06,SUD EST,TOULON,JCPROVSUD,FRTLN,08:06,FRLPD
8743,2023-08-13,TOULON,OUI,6805,12:02,SUD EST,ST RAPHAEL VALESCURE,JCPROVSUD,FRXSK,11:11,FRTLN
8744,2023-08-13,VALENCE TGV RHONE-ALPES SUD,NON,6805,12:26,SUD EST,CANNES,JCPROVSUD,FRJCA,08:53,FRVLA
8745,2023-08-13,VALENCE TGV RHONE-ALPES SUD,NON,6805,12:58,SUD EST,NICE VILLE,JCPROVSUD,FRNIC,08:53,FRVLA
8746,2023-08-13,ANTIBES,OUI,6805,12:58,SUD EST,NICE VILLE,JCPROVSUD,FRNIC,12:42,FRXAT
8747,2023-08-13,ST RAPHAEL VALESCURE,OUI,6805,12:39,SUD EST,ANTIBES,JCPROVSUD,FRXAT,12:05,FRXSK
8748,2023-08-13,MACON LOCHE TGV,OUI,6621,18:17,SUD EST,LYON (intramuros),PARISRHONE,FRLPE,17:32,FRMLT
8749,2023-08-13,LE CREUSOT MONTCEAU MONTCHANIN,OUI,6621,17:29,SUD EST,MACON LOCHE TGV,PARISRHONE,FRMLT,17:11,FRXCC
8750,2023-08-13,LAUSANNE,NON,9784,20:21,INTERNATIONAL,GENEVE,GENEVEPA,CHGVA,19:45,CHAJF
8751,2023-08-13,BELLEGARDE,OUI,9784,23:42,INTERNATIONAL,PARIS (intramuros),GENEVEPA,FRPLY,21:02,FRXBF
8752,2023-08-13,BELLEGARDE,OUI,9784,21:48,INTERNATIONAL,BOURG EN BRESSE,GENEVEPA,FRXBK,21:02,FRXBF
8753,2023-08-13,BEZIERS,NON,9706,19:11,SUD EST,AGDE,BARCELONEPA,FRXAG,19:00,FRBZR
8754,2023-08-13,PERPIGNAN,NON,9706,23:05,SUD EST,PARIS (intramuros),BARCELONEPA,FRPLY,18:04,FRPGF
8755,2023-08-13,AGDE,NON,9706,19:27,SUD EST,SETE,BARCELONEPA,FRXSY,19:14,FRXAG
8756,2023-08-13,NARBONNE,NON,9706,19:27,SUD EST,SETE,BARCELONEPA,FRXSY,18:43,FRXNA
8757,2023-08-13,SETE,NON,9706,23:05,SUD EST,PARIS (intramuros),BARCELONEPA,FRPLY,19:30,FRXSY
8758,2023-08-13,BARCELONA SANTS,NON,9706,18:57,SUD EST,BEZIERS,BARCELONEPA,FRBZR,16:10,ESBST
8759,2023-08-13,GIRONA,NON,9706,23:05,SUD EST,PARIS (intramuros),BARCELONEPA,FRPLY,16:51,ESGRO
8760,2023-08-13,GIRONA,NON,9706,19:11,SUD EST,AGDE,BARCELONEPA,FRXAG,16:51,ESGRO
8761,2023-08-13,GIRONA,NON,9706,17:32,SUD EST,PERPIGNAN,BARCELONEPA,FRPGF,16:51,ESGRO
8762,2023-08-13,GIRONA,NON,9706,18:57,SUD EST,BEZIERS,BARCELONEPA,FRBZR,16:51,ESGRO
8763,2023-08-13,FIGUERES VILA TGV,NON,9706,18:57,SUD EST,BEZIERS,BARCELONEPA,FRBZR,17:08,ESFIR
8764,2023-08-13,FIGUERES VILA TGV,NON,9706,19:11,SUD EST,AGDE,BARCELONEPA,FRXAG,17:08,ESFIR
8765,2023-08-13,ANNEMASSE,OUI,6506,18:15,SUD EST,BELLEGARDE,ALPESPARIS,FRXBF,17:34,FRQNJ
8766,2023-08-13,EVIAN LES BAINS,OUI,6506,18:15,SUD EST,BELLEGARDE,ALPESPARIS,FRXBF,16:45,FRXEB
8767,2023-08-13,THONON LES BAINS,OUI,6506,17:27,SUD EST,ANNEMASSE,ALPESPARIS,FRQNJ,16:58,FRXTS
8768,2023-08-13,LE MANS,NON,5460,19:29,EST,CHAMPAGNE-ARDENNE,JCATLEST,FREAH,16:57,FRAET
8769,2023-08-13,LE MANS,NON,5460,18:23,EST,MARNE LA VALLEE CHESSY,JCATLEST,FRMLV,16:57,FRAET
8770,2023-08-13,MASSY TGV,NON,5460,20:00,EST,MEUSE TGV,JCATLEST,FREAJ,17:54,FRDJU
8771,2023-08-13,CHAMPAGNE-ARDENNE,OUI,5460,21:04,EST,STRASBOURG,JCATLEST,FRAEG,19:35,FREAH
8772,2023-08-13,MARNE LA VALLEE CHESSY,NON,5460,20:00,EST,MEUSE TGV,JCATLEST,FREAJ,18:28,FRMLV
8773,2023-08-13,RENNES,NON,5460,17:48,EST,MASSY TGV,JCATLEST,FRDJU,16:03,FRRNS
8774,2023-08-13,RENNES,NON,5460,19:29,EST,CHAMPAGNE-ARDENNE,JCATLEST,FREAH,16:03,FRRNS
8775,2023-08-13,LE MANS,NON,5460,20:00,EST,MEUSE TGV,JCATLEST,FREAJ,16:57,FRAET
8776,2023-08-13,BORDEAUX ST JEAN,OUI,12268,14:52,ATLANTIQUE,PARIS (intramuros),SUDOUESTPA,FRPMO,12:46,FRBOJ
8777,2023-08-13,NANTES,OUI,8972,11:42,ATLANTIQUE,ANGERS ST LAUD,LOIREPARIS,FRACL,11:05,FRNTE
8778,2023-08-13,NANTES,NON,8972,13:25,ATLANTIQUE,PARIS (intramuros),LOIREPARIS,FRPMO,11:05,FRNTE
8779,2023-08-13,LA ROCHE SUR YON,OUI,8972,10:54,ATLANTIQUE,NANTES,LOIREPARIS,FRNTE,10:10,FRXRO
8780,2023-08-13,PARIS (intramuros),NON,6685,14:56,SUD EST,LYON (intramuros),PARISRHONE,FRLPD,12:52,FRPLY
8781,2023-08-13,PAU,NON,14140,08:36,IC SRO,LOURDES,SUDOUEST,FRLDE,08:11,FRAEE
8782,2023-08-13,PAU,NON,14140,10:30,IC SRO,TOULOUSE MATABIAU,SUDOUEST,FRXYT,08:11,FRAEE
8783,2023-08-13,LOURDES,NON,14140,10:30,IC SRO,TOULOUSE MATABIAU,SUDOUEST,FRXYT,08:39,FRLDE
8784,2023-08-13,BAYONNE,NON,14140,08:52,IC SRO,TARBES,SUDOUEST,FRXTB,07:00,FRXBY
8785,2023-08-13,BAYONNE,NON,14140,10:30,IC SRO,TOULOUSE MATABIAU,SUDOUEST,FRXYT,07:00,FRXBY
8786,2023-08-13,STRASBOURG,OUI,2203,09:11,EST,DIJON VILLE,JCRHINRHON,FRABA,06:47,FRAEG
8787,2023-08-13,COLMAR,NON,2203,12:24,EST,NIMES,JCRHINRHON,FRFNI,07:16,FRAEJ
8788,2023-08-13,MULHOUSE VILLE,OUI,2203,09:11,EST,DIJON VILLE,JCRHINRHON,FRABA,07:52,FRAEK
8789,2023-08-13,MULHOUSE VILLE,NON,2203,10:56,EST,LYON (intramuros),JCRHINRHON,FRLPD,07:52,FRAEK
8790,2023-08-13,BELFORT-MONTBELIARD TGV,NON,2203,10:56,EST,LYON (intramuros),JCRHINRHON,FRLPD,08:17,FRTJA
8791,2023-08-13,CHALON SUR SAONE,NON,2203,12:24,EST,NIMES,JCRHINRHON,FRFNI,09:56,FRXCD
8792,2023-08-13,LYON (intramuros),OUI,5192,18:56,NORD,ARRAS,JCSUDNORD,FRQRV,16:00,FRLPD
8793,2023-08-13,LYON (intramuros),OUI,5192,18:34,NORD,TGV HAUTE PICARDIE,JCSUDNORD,FRTHP,15:46,FRLPE
8794,2023-08-13,MARNE LA VALLEE CHESSY,OUI,5192,18:01,NORD,AEROPORT CDG2 TGV ROISSY,JCSUDNORD,FRMLW,17:51,FRMLV
8795,2023-08-13,MARNE LA VALLEE CHESSY,OUI,5192,18:56,NORD,ARRAS,JCSUDNORD,FRQRV,17:51,FRMLV
8796,2023-08-13,AEROPORT CDG2 TGV ROISSY,OUI,5192,19:14,NORD,DOUAI,JCSUDNORD,FRXDN,18:07,FRMLW
8797,2023-08-13,ARRAS,OUI,5192,19:44,NORD,LILLE (intramuros),JCSUDNORD,FRADJ,18:59,FRQRV
8798,2023-08-13,TGV HAUTE PICARDIE,OUI,5192,19:44,NORD,LILLE (intramuros),JCSUDNORD,FRADJ,18:39,FRTHP
8799,2023-08-13,TGV HAUTE PICARDIE,OUI,5192,19:14,NORD,DOUAI,JCSUDNORD,FRXDN,18:39,FRTHP
8800,2023-08-13,CHAMPAGNE-ARDENNE,OUI,2571,14:00,EST,NANCY,PANANCY,FRENC,13:06,FREAH
8801,2023-08-13,GUINGAMP,OUI,8641,21:53,ATLANTIQUE,PLOUARET TREGOR,PARISBRETA,FRPLT,21:40,FRGGP
8802,2023-08-13,GUINGAMP,OUI,8641,22:36,ATLANTIQUE,LANDERNEAU,PARISBRETA,FRXLD,21:40,FRGGP
8803,2023-08-13,LAMBALLE,OUI,8641,22:51,ATLANTIQUE,BREST,PARISBRETA,FRBES,21:11,FRLAM
8804,2023-08-13,LAMBALLE,OUI,8641,22:36,ATLANTIQUE,LANDERNEAU,PARISBRETA,FRXLD,21:11,FRLAM
8805,2023-08-13,MORLAIX,OUI,8641,22:36,ATLANTIQUE,LANDERNEAU,PARISBRETA,FRXLD,22:14,FRMXN
8806,2023-08-13,PARIS (intramuros),NON,8641,22:51,ATLANTIQUE,BREST,PARISBRETA,FRBES,18:40,FRPMO
8807,2023-08-13,PARIS (intramuros),NON,8641,21:08,ATLANTIQUE,LAMBALLE,PARISBRETA,FRLAM,18:40,FRPMO
8808,2023-08-13,PARIS (intramuros),NON,8641,22:11,ATLANTIQUE,MORLAIX,PARISBRETA,FRMXN,18:40,FRPMO
8809,2023-08-13,RENNES,NON,8641,21:53,ATLANTIQUE,PLOUARET TREGOR,PARISBRETA,FRPLT,20:32,FRRNS
8810,2023-08-13,RENNES,NON,8641,21:21,ATLANTIQUE,ST BRIEUC,PARISBRETA,FRSBK,20:32,FRRNS
8811,2023-08-13,RENNES,NON,8641,22:36,ATLANTIQUE,LANDERNEAU,PARISBRETA,FRXLD,20:32,FRRNS
8812,2023-08-13,LANDERNEAU,OUI,8641,22:51,ATLANTIQUE,BREST,PARISBRETA,FRBES,22:39,FRXLD
8813,2023-08-13,NIMES,NON,6825,20:23,SUD EST,SETE,JCPROVSUD,FRXSY,19:40,FRFNI
8814,2023-08-13,LYON (intramuros),NON,6825,22:19,SUD EST,TOULOUSE MATABIAU,JCPROVSUD,FRXYT,18:09,FRLPD
8815,2023-08-13,MONTPELLIER SAINT-ROCH,NON,6825,21:04,SUD EST,NARBONNE,JCPROVSUD,FRXNA,20:10,FRMPL
8816,2023-08-13,VALENCE TGV RHONE-ALPES SUD,NON,6825,20:48,SUD EST,BEZIERS,JCPROVSUD,FRBZR,18:53,FRVLA
8817,2023-08-13,VALENCE TGV RHONE-ALPES SUD,NON,6825,20:23,SUD EST,SETE,JCPROVSUD,FRXSY,18:53,FRVLA
8818,2023-08-13,VALENCE TGV RHONE-ALPES SUD,NON,6825,22:19,SUD EST,TOULOUSE MATABIAU,JCPROVSUD,FRXYT,18:53,FRVLA
8819,2023-08-13,SETE,OUI,6825,21:04,SUD EST,NARBONNE,JCPROVSUD,FRXNA,20:26,FRXSY
8820,2023-08-13,BIARRITZ,NON,14157,21:49,IC SRO,HENDAYE,SUDOUEST,FRAEF,21:23,FRBIQ
8821,2023-08-13,LOURDES,NON,14157,19:49,IC SRO,PAU,SUDOUEST,FRAEE,19:24,FRLDE
8822,2023-08-13,ST JEAN DE LUZ CIBOURE,NON,14157,21:49,IC SRO,HENDAYE,SUDOUEST,FRAEF,21:37,FRXJZ
8823,2023-08-13,TOULOUSE MATABIAU,NON,14157,19:49,IC SRO,PAU,SUDOUEST,FRAEE,17:32,FRXYT
8824,2023-08-13,TOULOUSE MATABIAU,NON,14157,21:22,IC SRO,BIARRITZ,SUDOUEST,FRBIQ,17:32,FRXYT
8825,2023-08-13,TOULOUSE MATABIAU,NON,14157,19:21,IC SRO,LOURDES,SUDOUEST,FRLDE,17:32,FRXYT
8826,2023-08-13,ANGERS ST LAUD,OUI,5320,21:30,SUD EST,LYON (intramuros),JCATLSUD,FRLPD,17:44,FRACL
8827,2023-08-13,VALENCE TGV RHONE-ALPES SUD,OUI,6227,22:56,SUD EST,NIMES,PALANG,FRFNI,22:05,FRVLA
8828,2023-08-13,LYON (intramuros),OUI,5092,19:44,NORD,LILLE (intramuros),JCSUDNORD,FRADJ,16:00,FRLPD
8829,2023-08-13,LYON (intramuros),OUI,5092,18:56,NORD,ARRAS,JCSUDNORD,FRQRV,16:00,FRLPD
8830,2023-08-13,LYON (intramuros),OUI,5092,18:34,NORD,TGV HAUTE PICARDIE,JCSUDNORD,FRTHP,15:46,FRLPE
8831,2023-08-13,AEROPORT CDG2 TGV ROISSY,OUI,5092,19:14,NORD,DOUAI,JCSUDNORD,FRXDN,18:07,FRMLW
8832,2023-08-13,LILLE (intramuros),OUI,9810,07:51,NORD,TGV HAUTE PICARDIE,JCNORDSUD,FRTHP,07:24,FRLLE
8833,2023-08-13,LILLE (intramuros),NON,9810,11:15,NORD,VALENCE TGV RHONE-ALPES SUD,JCNORDSUD,FRVLA,07:24,FRLLE
8834,2023-08-13,MARNE LA VALLEE CHESSY,NON,9810,10:29,NORD,LYON (intramuros),JCNORDSUD,FRLPD,08:43,FRMLV
8835,2023-08-13,TGV HAUTE PICARDIE,NON,9810,10:29,NORD,LYON (intramuros),JCNORDSUD,FRLPD,07:54,FRTHP
8836,2023-08-13,TGV HAUTE PICARDIE,OUI,9810,08:23,NORD,AEROPORT CDG2 TGV ROISSY,JCNORDSUD,FRMLW,07:54,FRTHP
8837,2023-08-13,LORIENT,NON,8720,15:06,ATLANTIQUE,PARIS (intramuros),BRETAPARIS,FRPMO,12:01,FRLRT
8838,2023-08-13,QUIMPER,NON,8720,15:06,ATLANTIQUE,PARIS (intramuros),BRETAPARIS,FRPMO,11:24,FRUIP
8839,2023-08-13,CHATELLERAULT,OUI,8346,20:16,ATLANTIQUE,ST PIERRE DES CORPS,ROCHELLEPA,FRXSH,19:47,FRXCX
8840,2023-08-13,LYON (intramuros),OUI,5316,21:19,SUD EST,VALENCE TGV RHONE-ALPES SUD,JCATLSUD,FRVLA,20:40,FRLPD
8841,2023-08-13,VALENCE TGV RHONE-ALPES SUD,OUI,5316,22:25,SUD EST,MARSEILLE ST CHARLES,JCATLSUD,FRMSC,21:22,FRVLA
8842,2023-08-13,ANGERS ST LAUD,NON,8923,17:47,ATLANTIQUE,PORNICHET,PARISLOIRE,FREGR,16:13,FRACL
8843,2023-08-13,ANGERS ST LAUD,NON,8923,18:09,ATLANTIQUE,LE CROISIC,PARISLOIRE,FREGU,16:13,FRACL
8844,2023-08-13,ANGERS ST LAUD,NON,8923,16:53,ATLANTIQUE,NANTES,PARISLOIRE,FRNTE,16:13,FRACL
8845,2023-08-13,PORNICHET,OUI,8923,18:09,ATLANTIQUE,LE CROISIC,PARISLOIRE,FREGU,17:50,FREGR
8846,2023-08-13,LA BAULE ESCOUBLAC,OUI,8923,18:09,ATLANTIQUE,LE CROISIC,PARISLOIRE,FREGU,17:57,FRJEE
8847,2023-08-13,ST NAZAIRE,OUI,8923,18:00,ATLANTIQUE,LE POULIGUEN,PARISLOIRE,FREGS,17:37,FRSNR
8848,2023-08-13,ST NAZAIRE,OUI,8923,17:54,ATLANTIQUE,LA BAULE ESCOUBLAC,PARISLOIRE,FRJEE,17:37,FRSNR
8849,2023-08-13,DIJON VILLE,OUI,6745,19:27,SUD EST,BESANCON VIOTTE,PABOUR,FRABG,18:39,FRABA
8850,2023-08-13,MONTBARD,NON,6745,19:27,SUD EST,BESANCON VIOTTE,PABOUR,FRABG,17:57,FRGWE
8851,2023-08-13,AVIGNON TGV,NON,6166,18:16,SUD EST,PARIS (intramuros),AZURPA,FRPLY,15:27,FRAVG
8852,2023-08-13,CANNES,NON,6166,15:24,SUD EST,AVIGNON TGV,AZURPA,FRAVG,13:04,FRJCA
8853,2023-08-13,CANNES,NON,6166,18:16,SUD EST,PARIS (intramuros),AZURPA,FRPLY,13:04,FRJCA
8854,2023-08-13,ANTIBES,NON,6166,15:24,SUD EST,AVIGNON TGV,AZURPA,FRAVG,12:50,FRXAT
8855,2023-08-13,STRASBOURG,NON,2087,11:11,EST,DIJON VILLE,JCRHINRHON,FRABA,09:03,FRAEG
8856,2023-08-13,STRASBOURG,NON,2087,14:25,EST,AVIGNON TGV,JCRHINRHON,FRAVG,09:03,FRAEG
8857,2023-08-13,STRASBOURG,OUI,2087,10:41,EST,BESANCON - F COMTE TGV,JCRHINRHON,FRTJB,09:03,FRAEG
8858,2023-08-13,STRASBOURG,NON,2087,13:46,EST,VALENCE TGV RHONE-ALPES SUD,JCRHINRHON,FRVLA,09:03,FRAEG
8859,2023-08-13,MULHOUSE VILLE,NON,2087,14:49,EST,AIX EN PROVENCE TGV,JCRHINRHON,FRAIE,09:57,FRAEK
8860,2023-08-13,MULHOUSE VILLE,NON,2087,14:25,EST,AVIGNON TGV,JCRHINRHON,FRAVG,09:57,FRAEK
8861,2023-08-13,MULHOUSE VILLE,NON,2087,15:07,EST,MARSEILLE ST CHARLES,JCRHINRHON,FRMSC,09:57,FRAEK
8862,2023-08-13,MULHOUSE VILLE,NON,2087,13:46,EST,VALENCE TGV RHONE-ALPES SUD,JCRHINRHON,FRVLA,09:57,FRAEK
8863,2023-08-13,MACON VILLE,NON,2087,13:00,EST,LYON (intramuros),JCRHINRHON,FRLPD,12:22,FRHGU
8864,2023-08-13,LYON (intramuros),NON,2087,14:49,EST,AIX EN PROVENCE TGV,JCRHINRHON,FRAIE,13:06,FRLPD
8865,2023-08-13,LYON (intramuros),NON,2087,13:46,EST,VALENCE TGV RHONE-ALPES SUD,JCRHINRHON,FRVLA,13:06,FRLPD
8866,2023-08-13,BELFORT-MONTBELIARD TGV,NON,2087,14:49,EST,AIX EN PROVENCE TGV,JCRHINRHON,FRAIE,10:21,FRTJA
8867,2023-08-13,BELFORT-MONTBELIARD TGV,NON,2087,15:07,EST,MARSEILLE ST CHARLES,JCRHINRHON,FRMSC,10:21,FRTJA
8868,2023-08-13,BELFORT-MONTBELIARD TGV,OUI,2087,10:41,EST,BESANCON - F COMTE TGV,JCRHINRHON,FRTJB,10:21,FRTJA
8869,2023-08-13,BESANCON - F COMTE TGV,NON,2087,12:19,EST,MACON VILLE,JCRHINRHON,FRHGU,10:44,FRTJB
8870,2023-08-13,BESANCON - F COMTE TGV,NON,2087,13:00,EST,LYON (intramuros),JCRHINRHON,FRLPD,10:44,FRTJB
8871,2023-08-13,LAUSANNE,NON,9264,08:13,INTERNATIONAL,FRASNE,SUISPA,FRFRA,07:23,CHAJF
8872,2023-08-13,MOUCHARD,NON,9264,11:08,INTERNATIONAL,PARIS (intramuros),SUISPA,FRPLY,08:45,FRMCD
8873,2023-08-13,BRIVE LA GAILLARDE,OUI,3674,21:20,IC ARO,PARIS (intramuros),TOULOUZECO,FRPAZ,16:57,FRBVE
8874,2023-08-13,LA SOUTERRAINE,OUI,3674,19:10,IC ARO,CHATEAUROUX,TOULOUZECO,FRCHR,18:31,FRLST
8875,2023-08-13,POITIERS,NON,8533,12:51,ATLANTIQUE,HENDAYE,PASUDOUEST,FRAEF,09:20,FRPIS
8876,2023-08-13,PARIS (intramuros),NON,8533,10:19,ATLANTIQUE,BORDEAUX ST JEAN,PASUDOUEST,FRBOJ,07:58,FRPMO
8877,2023-08-13,ANGOULEME,NON,8442,19:35,ATLANTIQUE,ST PIERRE DES CORPS,SUDOUESTPA,FRXSH,18:36,FRANG
8878,2023-08-13,BORDEAUX ST JEAN,NON,8442,20:45,ATLANTIQUE,PARIS (intramuros),SUDOUESTPA,FRPMO,17:58,FRBOJ
8879,2023-08-13,DOL DE BRETAGNE,NON,8086,16:25,ATLANTIQUE,RENNES,BRETAPARIS,FRRNS,15:55,FRDOL
8880,2023-08-13,ST MALO,OUI,8086,15:52,ATLANTIQUE,DOL DE BRETAGNE,BRETAPARIS,FRDOL,15:39,FRXSB
8881,2023-08-13,ST MALO,NON,8086,16:25,ATLANTIQUE,RENNES,BRETAPARIS,FRRNS,15:39,FRXSB
8882,2023-08-13,GENEVE,NON,9756,10:22,INTERNATIONAL,LYON (intramuros),GENEVEMED,FRLPD,08:41,CHGVA
8883,2023-08-13,AVIGNON TGV,NON,9756,11:55,INTERNATIONAL,AIX EN PROVENCE TGV,GENEVEMED,FRAIE,11:36,FRAVG
8884,2023-08-13,AVIGNON TGV,NON,9756,12:11,INTERNATIONAL,MARSEILLE ST CHARLES,GENEVEMED,FRMSC,11:36,FRAVG
8885,2023-08-13,GENEVE,NON,9756,11:55,INTERNATIONAL,AIX EN PROVENCE TGV,GENEVEMED,FRAIE,08:41,CHGVA
8886,2023-08-13,LAUSANNE,NON,9756,11:55,INTERNATIONAL,AIX EN PROVENCE TGV,GENEVEMED,FRAIE,07:45,CHAJF
8887,2023-08-13,NEVERS,NON,5955,12:17,IC ARO,RIOM CHATEL GUYON,PACLERMONT,FRRIO,10:59,FRNVS
8888,2023-08-13,VICHY,NON,5955,12:17,IC ARO,RIOM CHATEL GUYON,PACLERMONT,FRRIO,11:57,FRVHY
8889,2023-08-13,PARIS (intramuros),NON,6051,14:59,SUD EST,MONTPELLIER SUD DE FRANCE,PALANG,FRSUF,11:46,FRPLY
8890,2023-08-13,VALENCE TGV RHONE-ALPES SUD,NON,6051,14:36,SUD EST,NIMES PONT DU GARD,PALANG,FRXZP,14:00,FRVLA
8891,2023-08-13,LYON (intramuros),OUI,6631,22:10,SUD EST,LYON (intramuros),PARISRHONE,FRLPE,22:02,FRLPD
8892,2023-08-13,PARIS (intramuros),OUI,6631,21:56,SUD EST,LYON (intramuros),PARISRHONE,FRLPD,20:00,FRPLY
8893,2023-08-13,EPINAL,OUI,2580,18:46,EST,PARIS (intramuros),NANCYPA,FRPST,16:23,FREPL
8894,2023-08-13,LILLE (intramuros),OUI,7546,23:08,NORD,PARIS (intramuros),ARRASPA,FRPNO,21:51,FRLLE
8895,2023-08-13,CALAIS FRETHUN,OUI,7546,23:08,NORD,PARIS (intramuros),ARRASPA,FRPNO,21:14,FRSTH
8896,2023-08-13,GUINGAMP,OUI,8639,21:38,ATLANTIQUE,BREST,PARISBRETA,FRBES,20:36,FRGGP
8897,2023-08-13,RENNES,NON,8639,20:33,ATLANTIQUE,GUINGAMP,PARISBRETA,FRGGP,19:32,FRRNS
8898,2023-08-13,RENNES,NON,8639,21:03,ATLANTIQUE,MORLAIX,PARISBRETA,FRMXN,19:32,FRRNS
8899,2023-08-13,ST BRIEUC,NON,8639,21:38,ATLANTIQUE,BREST,PARISBRETA,FRBES,20:19,FRSBK
8900,2023-08-13,ST BRIEUC,NON,8639,21:03,ATLANTIQUE,MORLAIX,PARISBRETA,FRMXN,20:19,FRSBK
8901,2023-08-13,LE MANS,NON,5336,16:29,SUD EST,LYON (intramuros),JCATLSUD,FRLPD,13:30,FRAET
8902,2023-08-13,RENNES,NON,5336,13:27,SUD EST,LE MANS,JCATLSUD,FRAET,12:30,FRRNS
8903,2023-08-13,RENNES,NON,5336,17:15,SUD EST,VALENCE TGV RHONE-ALPES SUD,JCATLSUD,FRVLA,12:30,FRRNS
8904,2023-08-13,LYON (intramuros),OUI,5336,18:36,SUD EST,MONTPELLIER SUD DE FRANCE,JCATLSUD,FRSUF,16:37,FRLPD
8905,2023-08-13,RENNES,NON,5336,17:54,SUD EST,NIMES PONT DU GARD,JCATLSUD,FRXZP,12:30,FRRNS
8906,2023-08-13,VENDOME VILLIERS SUR LOIR,OUI,8331,09:34,ATLANTIQUE,POITIERS,PAROCHELLE,FRPIS,08:15,FRESL
8907,2023-08-13,PARIS (intramuros),OUI,8331,09:34,ATLANTIQUE,POITIERS,PAROCHELLE,FRPIS,07:28,FRPMO
8908,2023-08-13,PARIS (intramuros),OUI,8331,09:07,ATLANTIQUE,CHATELLERAULT,PAROCHELLE,FRXCX,07:28,FRPMO
8909,2023-08-13,FUTUROSCOPE,OUI,8331,09:34,ATLANTIQUE,POITIERS,PAROCHELLE,FRPIS,09:25,FRTGO
8910,2023-08-13,ST PIERRE DES CORPS,OUI,8331,09:07,ATLANTIQUE,CHATELLERAULT,PAROCHELLE,FRXCX,08:42,FRXSH
8911,2023-08-13,PARIS (intramuros),NON,9775,17:00,INTERNATIONAL,BELLEGARDE,PAGENEVE,FRXBF,14:18,FRPLY
8912,2023-08-13,PARIS (intramuros),NON,9775,16:09,INTERNATIONAL,BOURG EN BRESSE,PAGENEVE,FRXBK,14:18,FRPLY
8913,2023-08-13,MILANO P GARIBALDI,NON,9248,23:26,INTERNATIONAL,PARIS (intramuros),ITALIEPA,FRPLY,16:10,ITMPG
8914,2023-08-13,OULX CESANA CLAV SESTRIERE,NON,9248,20:14,INTERNATIONAL,CHAMBERY CHALLES LES EAUX,ITALIEPA,FRCMF,18:36,ITOCS
8915,2023-08-13,AGEN,OUI,12213,23:02,ATLANTIQUE,MONTAUBAN VILLE BOURBON,PASUDOUEST,FRXMW,22:25,FRAGF
8916,2023-08-13,AGEN,OUI,12213,23:31,ATLANTIQUE,TOULOUSE MATABIAU,PASUDOUEST,FRXYT,22:25,FRAGF
8917,2023-08-13,LES AUBRAIS ORLEANS,OUI,3737,09:54,IC NUIT,ARGELES SUR MER,PARPALOMBE,FRARM,22:49,FRLAB
8918,2023-08-13,LES AUBRAIS ORLEANS,OUI,3737,09:46,IC NUIT,ELNE,PARPALOMBE,FRIOG,22:49,FRLAB
8919,2023-08-13,LES AUBRAIS ORLEANS,OUI,3737,10:12,IC NUIT,BANYULS SUR MER,PARPALOMBE,FRXBU,22:49,FRLAB
8920,2023-08-13,PARIS (intramuros),OUI,3737,06:57,IC NUIT,CASTELNAUDARY,PARPALOMBE,FRCTY,21:42,FRPAZ
8921,2023-08-13,PARIS (intramuros),OUI,3737,09:26,IC NUIT,RIVESALTES,PARPALOMBE,FRIOF,21:42,FRPAZ
8922,2023-08-13,PARIS (intramuros),OUI,3737,10:12,IC NUIT,BANYULS SUR MER,PARPALOMBE,FRXBU,21:42,FRPAZ
8923,2023-08-13,PARIS (intramuros),OUI,3737,10:20,IC NUIT,CERBERE,PARPALOMBE,FRXCE,21:42,FRPAZ
8924,2023-08-13,BEZIERS,OUI,6202,09:13,SUD EST,NIMES,LANGPA,FRFNI,07:58,FRBZR
8925,2023-08-13,PERPIGNAN,OUI,6202,09:13,SUD EST,NIMES,LANGPA,FRFNI,07:04,FRPGF
8926,2023-08-13,PERPIGNAN,OUI,6202,08:24,SUD EST,SETE,LANGPA,FRXSY,07:04,FRPGF
8927,2023-08-13,AGDE,OUI,6202,08:43,SUD EST,MONTPELLIER SAINT-ROCH,LANGPA,FRMPL,08:11,FRXAG
8928,2023-08-13,AGDE,OUI,6202,10:01,SUD EST,VALENCE TGV RHONE-ALPES SUD,LANGPA,FRVLA,08:11,FRXAG
8929,2023-08-13,NARBONNE,OUI,6202,09:13,SUD EST,NIMES,LANGPA,FRFNI,07:42,FRXNA
8930,2023-08-13,SETE,OUI,6202,09:13,SUD EST,NIMES,LANGPA,FRFNI,08:27,FRXSY
8931,2023-08-13,AGEN,NON,4659,12:08,IC ARO,MONTAUBAN VILLE BOURBON,TJOURSOSE,FRXMW,11:33,FRAGF
8932,2023-08-13,BORDEAUX ST JEAN,NON,4659,14:14,IC ARO,BEZIERS,TJOURSOSE,FRBZR,10:27,FRBOJ
8933,2023-08-13,BEZIERS,NON,4659,15:22,IC ARO,NIMES,TJOURSOSE,FRFNI,14:17,FRBZR
8934,2023-08-13,CARCASSONNE,NON,4659,13:58,IC ARO,NARBONNE,TJOURSOSE,FRXNA,13:29,FRCCF
8935,2023-08-13,MONTAUBAN VILLE BOURBON,NON,4659,13:27,IC ARO,CARCASSONNE,TJOURSOSE,FRCCF,12:10,FRXMW
8936,2023-08-13,MONTAUBAN VILLE BOURBON,NON,4659,14:54,IC ARO,MONTPELLIER SAINT-ROCH,TJOURSOSE,FRMPL,12:10,FRXMW
8937,2023-08-13,MONTAUBAN VILLE BOURBON,NON,4659,13:58,IC ARO,NARBONNE,TJOURSOSE,FRXNA,12:10,FRXMW
8938,2023-08-13,NARBONNE,NON,4659,14:54,IC ARO,MONTPELLIER SAINT-ROCH,TJOURSOSE,FRMPL,14:01,FRXNA
8939,2023-08-13,TOULOUSE MATABIAU,NON,4659,14:54,IC ARO,MONTPELLIER SAINT-ROCH,TJOURSOSE,FRMPL,12:45,FRXYT
8940,2023-08-13,LILLE (intramuros),OUI,5202,12:02,NORD,BORDEAUX ST JEAN,JCNORDAQUI,FRBOJ,06:15,FRADJ
8941,2023-08-13,LILLE (intramuros),OUI,5202,09:04,NORD,MASSY TGV,JCNORDAQUI,FRDJU,06:15,FRADJ
8942,2023-08-13,LILLE (intramuros),OUI,5202,06:55,NORD,ARRAS,JCNORDAQUI,FRQRV,06:15,FRADJ
8943,2023-08-13,MASSY TGV,OUI,5202,10:41,NORD,POITIERS,JCNORDAQUI,FRPIS,09:09,FRDJU
8944,2023-08-13,MASSY TGV,OUI,5202,10:06,NORD,ST PIERRE DES CORPS,JCNORDAQUI,FRXSH,09:09,FRDJU
8945,2023-08-13,AEROPORT CDG2 TGV ROISSY,OUI,5202,11:23,NORD,ANGOULEME,JCNORDAQUI,FRANG,08:10,FRMLW
8946,2023-08-13,AEROPORT CDG2 TGV ROISSY,OUI,5202,08:22,NORD,MARNE LA VALLEE CHESSY,JCNORDAQUI,FRMLV,08:10,FRMLW
8947,2023-08-13,AEROPORT CDG2 TGV ROISSY,OUI,5202,10:41,NORD,POITIERS,JCNORDAQUI,FRPIS,08:10,FRMLW
8948,2023-08-13,ARRAS,OUI,5202,09:04,NORD,MASSY TGV,JCNORDAQUI,FRDJU,07:00,FRQRV
8949,2023-08-13,ARRAS,OUI,5202,08:22,NORD,MARNE LA VALLEE CHESSY,JCNORDAQUI,FRMLV,07:00,FRQRV
8950,2023-08-13,DOUAI,OUI,5202,11:23,NORD,ANGOULEME,JCNORDAQUI,FRANG,06:37,FRXDN
8951,2023-08-13,DOUAI,OUI,5202,10:06,NORD,ST PIERRE DES CORPS,JCNORDAQUI,FRXSH,06:37,FRXDN
8952,2023-08-13,ZUERICH HB,NON,9222,14:28,INTERNATIONAL,BASEL SBB,ZURBALPA,CHAJP,13:34,CHAJD
8953,2023-08-13,ZUERICH HB,NON,9222,14:53,INTERNATIONAL,MULHOUSE VILLE,ZURBALPA,FRAEK,13:34,CHAJD
8954,2023-08-13,BASEL SBB,NON,9222,17:38,INTERNATIONAL,PARIS (intramuros),ZURBALPA,FRPLY,14:34,CHAJP
8955,2023-08-13,MULHOUSE VILLE,OUI,9222,17:38,INTERNATIONAL,PARIS (intramuros),ZURBALPA,FRPLY,14:56,FRAEK
8956,2023-08-13,BEZIERS,OUI,6279,23:17,SUD EST,NARBONNE,PALANG,FRXNA,23:04,FRBZR
8957,2023-08-13,VALENCE TGV RHONE-ALPES SUD,OUI,6279,22:47,SUD EST,AGDE,PALANG,FRXAG,21:10,FRVLA
8958,2023-08-13,SETE,OUI,6279,23:51,SUD EST,PERPIGNAN,PALANG,FRPGF,22:34,FRXSY
8959,2023-08-13,PARIS (intramuros),OUI,6279,22:08,SUD EST,MONTPELLIER SUD DE FRANCE,PALANG,FRSUF,18:56,FRPLY
8960,2023-08-13,MONTPELLIER SUD DE FRANCE,OUI,6279,22:47,SUD EST,AGDE,PALANG,FRXAG,22:17,FRSUF
8961,2023-08-13,ARRAS,OUI,7218,13:23,NORD,PARIS (intramuros),ARRASPA,FRPNO,12:32,FRQRV
8962,2023-08-13,AVIGNON TGV,OUI,6111,14:56,SUD EST,MARSEILLE ST CHARLES,PAPROVENCE,FRMSC,14:20,FRAVG
8963,2023-08-13,PARIS (intramuros),NON,6111,14:41,SUD EST,AIX EN PROVENCE TGV,PAPROVENCE,FRAIE,11:38,FRPLY
8964,2023-08-13,POITIERS,OUI,8342,17:43,ATLANTIQUE,VENDOME VILLIERS SUR LOIR,ROCHELLEPA,FRESL,16:19,FRPIS
8965,2023-08-13,ST PIERRE DES CORPS,OUI,8342,17:43,ATLANTIQUE,VENDOME VILLIERS SUR LOIR,ROCHELLEPA,FRESL,17:24,FRXSH
8966,2023-08-13,RETHEL,OUI,2720,09:31,EST,PARIS (intramuros),SEDBARPA,FRPST,08:18,FRBDT
8967,2023-08-13,CHARLEVILLE MEZIERES,OUI,2720,09:31,EST,PARIS (intramuros),SEDBARPA,FRPST,07:47,FRXCZ
8968,2023-08-13,STRASBOURG,OUI,2062,19:05,EST,PARIS (intramuros),MULHSTRAPA,FRPST,17:19,FRAEG
8969,2023-08-13,STUTTGART HBF,NON,9572,15:30,INTERNATIONAL,KARLSRUHE HBF,MUNSTUTPA,DEQKA,14:52,DESGT
8970,2023-08-13,STUTTGART HBF,NON,9572,18:05,INTERNATIONAL,PARIS (intramuros),MUNSTUTPA,FRPST,14:52,DESGT
8971,2023-08-13,STRASBOURG,NON,9572,18:05,INTERNATIONAL,PARIS (intramuros),MUNSTUTPA,FRPST,16:19,FRAEG
8972,2023-08-13,LES AUBRAIS ORLEANS,OUI,3751,04:22,IC NUIT,GOURDON,PAVERMEIL,FRFSI,23:32,FRLAB
8973,2023-08-13,PARIS (intramuros),OUI,3751,05:45,IC NUIT,CAUSSADE TARN ET GARONNE,PAVERMEIL,FRFTA,22:12,FRPAZ
8974,2023-08-13,ANGERS ST LAUD,OUI,5288,16:46,NORD,LE MANS,JCBRETNORD,FRAET,16:02,FRACL
8975,2023-08-13,ANGERS ST LAUD,OUI,5288,19:35,NORD,LILLE (intramuros),JCBRETNORD,FRLLE,16:02,FRACL
8976,2023-08-13,MASSY TGV,OUI,5288,18:23,NORD,MARNE LA VALLEE CHESSY,JCBRETNORD,FRMLV,17:54,FRDJU
8977,2023-08-13,MARNE LA VALLEE CHESSY,OUI,5288,19:35,NORD,LILLE (intramuros),JCBRETNORD,FRLLE,18:28,FRMLV
8978,2023-08-13,AEROPORT CDG2 TGV ROISSY,OUI,5288,19:35,NORD,LILLE (intramuros),JCBRETNORD,FRLLE,18:43,FRMLW
8979,2023-08-13,NANTES,OUI,5288,19:35,NORD,LILLE (intramuros),JCBRETNORD,FRLLE,15:18,FRNTE
8980,2023-08-13,NANTES,OUI,5288,18:37,NORD,AEROPORT CDG2 TGV ROISSY,JCBRETNORD,FRMLW,15:18,FRNTE
8981,2023-08-13,LE POULIGUEN,OUI,8930,21:23,ATLANTIQUE,LE MANS,LOIREPARIS,FRAET,18:56,FREGS
8982,2023-08-13,LE POULIGUEN,OUI,8930,19:59,ATLANTIQUE,NANTES,LOIREPARIS,FRNTE,18:56,FREGS
8983,2023-08-13,LE CROISIC,OUI,8930,21:23,ATLANTIQUE,LE MANS,LOIREPARIS,FRAET,18:48,FREGU
8984,2023-08-13,ST NAZAIRE,OUI,8930,22:25,ATLANTIQUE,PARIS (intramuros),LOIREPARIS,FRPMO,19:24,FRSNR
8985,2023-08-13,STRASBOURG,NON,5472,19:34,EST,MASSY TGV,JCESTATL,FRDJU,16:48,FRAEG
8986,2023-08-13,LE MANS,OUI,5472,21:29,EST,RENNES,JCESTATL,FRRNS,20:32,FRAET
8987,2023-08-13,LORRAINE TGV,NON,5472,18:40,EST,MARNE LA VALLEE CHESSY,JCESTATL,FRMLV,17:26,FREAM
8988,2023-08-13,LORRAINE TGV,NON,5472,21:29,EST,RENNES,JCESTATL,FRRNS,17:26,FREAM
8989,2023-08-13,REIMS,OUI,2751,20:35,EST,SEDAN,PABARSED,FRXSW,19:20,FRRHE
8990,2023-08-13,NICE VILLE,OUI,6180,18:44,SUD EST,TOULON,AZURPA,FRTLN,16:57,FRNIC
8991,2023-08-13,NICE VILLE,OUI,6180,17:15,SUD EST,ANTIBES,AZURPA,FRXAT,16:57,FRNIC
8992,2023-08-13,MONTBARD,NON,6703,10:58,SUD EST,DIJON VILLE,PABOUR,FRABA,10:24,FRGWE
8993,2023-08-13,MONTBARD,NON,6703,11:29,SUD EST,BESANCON - F COMTE TGV,PABOUR,FRTJB,10:24,FRGWE
8994,2023-08-13,PARIS (intramuros),NON,6703,10:21,SUD EST,MONTBARD,PABOUR,FRGWE,09:18,FRPLY
8995,2023-08-13,BELFORT-MONTBELIARD TGV,OUI,6703,12:18,SUD EST,MULHOUSE VILLE,PABOUR,FRAEK,11:56,FRTJA
8996,2023-08-13,POITIERS,OUI,8371,09:21,ATLANTIQUE,SURGERES,PAROCHELLE,FREIP,08:14,FRPIS
8997,2023-08-13,STRASBOURG,NON,9583,14:46,INTERNATIONAL,KARLSRUHE HBF,MRSFRANC,DEQKA,13:55,FRAEG
8998,2023-08-13,AIX EN PROVENCE TGV,NON,9583,15:59,INTERNATIONAL,FRANKFURT MAIN HBF,MRSFRANC,DEFRH,08:25,FRAIE
8999,2023-08-13,AIX EN PROVENCE TGV,NON,9583,15:18,INTERNATIONAL,MANNHEIM HBF,MRSFRANC,DEMHG,08:25,FRAIE
9000,2023-08-13,AIX EN PROVENCE TGV,NON,9583,08:44,INTERNATIONAL,AVIGNON TGV,MRSFRANC,FRAVG,08:25,FRAIE
9001,2023-08-13,AVIGNON TGV,NON,9583,14:23,INTERNATIONAL,BADEN BADEN,MRSFRANC,DEZCC,08:47,FRAVG
9002,2023-08-13,AVIGNON TGV,NON,9583,12:51,INTERNATIONAL,MULHOUSE VILLE,MRSFRANC,FRAEK,08:47,FRAVG
9003,2023-08-13,LYON (intramuros),NON,9583,14:46,INTERNATIONAL,KARLSRUHE HBF,MRSFRANC,DEQKA,10:04,FRLPD
9004,2023-08-13,LYON (intramuros),NON,9583,12:24,INTERNATIONAL,BELFORT-MONTBELIARD TGV,MRSFRANC,FRTJA,10:04,FRLPD
9005,2023-08-13,MARSEILLE ST CHARLES,NON,9583,15:59,INTERNATIONAL,FRANKFURT MAIN HBF,MRSFRANC,DEFRH,08:11,FRMSC
9006,2023-08-13,BELFORT-MONTBELIARD TGV,NON,9583,15:59,INTERNATIONAL,FRANKFURT MAIN HBF,MRSFRANC,DEFRH,12:27,FRTJA
9007,2023-08-13,BESANCON - F COMTE TGV,NON,9583,15:18,INTERNATIONAL,MANNHEIM HBF,MRSFRANC,DEMHG,12:03,FRTJB
9008,2023-08-13,BESANCON - F COMTE TGV,NON,9583,13:43,INTERNATIONAL,STRASBOURG,MRSFRANC,FRAEG,12:03,FRTJB
9009,2023-08-13,BESANCON - F COMTE TGV,NON,9583,12:51,INTERNATIONAL,MULHOUSE VILLE,MRSFRANC,FRAEK,12:03,FRTJB
9010,2023-08-13,CHALON SUR SAONE,NON,9583,15:59,INTERNATIONAL,FRANKFURT MAIN HBF,MRSFRANC,DEFRH,11:06,FRXCD
9011,2023-08-13,NEVERS,OUI,5971,18:28,IC ARO,MOULINS SUR ALLIER,PACLERMONT,FRXMU,17:59,FRNVS
9012,2023-08-13,PARIS (intramuros),NON,5971,18:28,IC ARO,MOULINS SUR ALLIER,PACLERMONT,FRXMU,16:00,FRPBE
9013,2023-08-13,VICHY,OUI,5971,19:17,IC ARO,RIOM CHATEL GUYON,PACLERMONT,FRRIO,18:57,FRVHY
9014,2023-08-13,SAUMUR,NON,4502,16:04,IC SRO,NANTES,JOURLYNNTE,FRNTE,15:00,FRACN
9015,2023-08-13,LYON (intramuros),NON,4502,10:37,IC SRO,ROANNE,JOURLYNNTE,FRRNE,09:34,FRLPD
9016,2023-08-13,LYON (intramuros),NON,4502,13:21,IC SRO,VIERZON VILLE,JOURLYNNTE,FRXVZ,09:34,FRLPD
9017,2023-08-13,LYON (intramuros),NON,4502,12:10,IC SRO,NEVERS,JOURLYNNTE,FRNVS,09:20,FRLPE
9018,2023-08-13,NEVERS,NON,4502,14:25,IC SRO,ST PIERRE DES CORPS,JOURLYNNTE,FRXSH,12:25,FRNVS
9019,2023-08-13,ST GERMAIN DES FOSSES,NON,4502,13:01,IC SRO,BOURGES,JOURLYNNTE,FRBOU,11:19,FRSGF
9020,2023-08-13,ST GERMAIN DES FOSSES,NON,4502,12:10,IC SRO,NEVERS,JOURLYNNTE,FRNVS,11:19,FRSGF
9021,2023-08-13,MOULINS SUR ALLIER,NON,4502,14:58,IC SRO,SAUMUR,JOURLYNNTE,FRACN,11:41,FRXMU
9022,2023-08-13,MOULINS SUR ALLIER,NON,4502,12:10,IC SRO,NEVERS,JOURLYNNTE,FRNVS,11:41,FRXMU
9023,2023-08-13,TOULON,NON,6175,15:25,SUD EST,CANNES,PAAZUR,FRJCA,14:15,FRTLN
9024,2023-08-13,LES ARCS DRAGUIGNAN,OUI,6175,15:57,SUD EST,NICE VILLE,PAAZUR,FRNIC,14:51,FRXRS
9025,2023-08-13,NIMES,OUI,5120,20:54,NORD,MONTPELLIER SAINT-ROCH,JCNORDSUD,FRMPL,20:24,FRFNI
9026,2023-08-13,LILLE (intramuros),OUI,5120,16:36,NORD,MARNE LA VALLEE CHESSY,JCNORDSUD,FRMLV,15:26,FRLLE
9027,2023-08-13,LILLE (intramuros),OUI,5120,19:21,NORD,VALENCE TGV RHONE-ALPES SUD,JCNORDSUD,FRVLA,15:26,FRLLE
9028,2023-08-13,LYON (intramuros),OUI,5120,19:21,NORD,VALENCE TGV RHONE-ALPES SUD,JCNORDSUD,FRVLA,18:40,FRLPD
9029,2023-08-13,THIONVILLE,OUI,2892,20:52,EST,METZ VILLE,LUXMETZPA,FRADE,20:34,FRXTH
9030,2023-08-13,STRASBOURG,NON,9563,18:18,INTERNATIONAL,MANNHEIM HBF,PAFRANC,DEMHG,17:13,FRAEG
9031,2023-08-13,PARIS (intramuros),NON,9563,18:59,INTERNATIONAL,FRANKFURT MAIN HBF,PAFRANC,DEFRH,15:21,FRPST
9032,2023-08-13,BREST,OUI,8636,17:14,ATLANTIQUE,GUINGAMP,BRETAPARIS,FRGGP,16:13,FRBES
9033,2023-08-13,BREST,OUI,8636,17:44,ATLANTIQUE,LAMBALLE,BRETAPARIS,FRLAM,16:13,FRBES
9034,2023-08-13,GUINGAMP,OUI,8636,17:31,ATLANTIQUE,ST BRIEUC,BRETAPARIS,FRSBK,17:16,FRGGP
9035,2023-08-13,MORLAIX,OUI,8636,17:31,ATLANTIQUE,ST BRIEUC,BRETAPARIS,FRSBK,16:47,FRMXN
9036,2023-08-13,ST BRIEUC,OUI,8636,18:25,ATLANTIQUE,RENNES,BRETAPARIS,FRRNS,17:34,FRSBK
9037,2023-08-13,NIORT,OUI,8388,21:41,ATLANTIQUE,PARIS (intramuros),ROCHELLEPA,FRPMO,19:15,FRNIT
9038,2023-08-13,NIMES,NON,5500,17:40,EST,DIJON VILLE,JCRHONRHIN,FRABA,14:23,FRFNI
9039,2023-08-13,NIMES,NON,5500,20:13,EST,STRASBOURG,JCRHONRHIN,FRAEG,14:23,FRFNI
9040,2023-08-13,NIMES,NON,5500,18:44,EST,BELFORT-MONTBELIARD TGV,JCRHONRHIN,FRTJA,14:23,FRFNI
9041,2023-08-13,NIMES,NON,5500,15:09,EST,VALENCE TGV RHONE-ALPES SUD,JCRHONRHIN,FRVLA,14:23,FRFNI
9042,2023-08-13,MACON VILLE,NON,5500,17:40,EST,DIJON VILLE,JCRHONRHIN,FRABA,16:41,FRHGU
9043,2023-08-13,MACON VILLE,NON,5500,19:41,EST,COLMAR,JCRHONRHIN,FRAEJ,16:41,FRHGU
9044,2023-08-13,MACON VILLE,NON,5500,19:09,EST,MULHOUSE VILLE,JCRHONRHIN,FRAEK,16:41,FRHGU
9045,2023-08-13,MONTPELLIER SAINT-ROCH,NON,5500,16:39,EST,MACON VILLE,JCRHONRHIN,FRHGU,13:55,FRMPL
9046,2023-08-13,MONTPELLIER SAINT-ROCH,NON,5500,15:51,EST,LYON (intramuros),JCRHONRHIN,FRLPD,13:55,FRMPL
9047,2023-08-13,MONTPELLIER SAINT-ROCH,NON,5500,18:17,EST,BESANCON - F COMTE TGV,JCRHONRHIN,FRTJB,13:55,FRMPL
9048,2023-08-13,MONTPELLIER SAINT-ROCH,NON,5500,15:09,EST,VALENCE TGV RHONE-ALPES SUD,JCRHONRHIN,FRVLA,13:55,FRMPL
9049,2023-08-13,BESANCON - F COMTE TGV,NON,5500,20:13,EST,STRASBOURG,JCRHONRHIN,FRAEG,18:22,FRTJB
9050,2023-08-13,VALENCE TGV RHONE-ALPES SUD,NON,5500,16:39,EST,MACON VILLE,JCRHONRHIN,FRHGU,15:12,FRVLA
9051,2023-08-13,VALENCE TGV RHONE-ALPES SUD,NON,5500,18:44,EST,BELFORT-MONTBELIARD TGV,JCRHONRHIN,FRTJA,15:12,FRVLA
9052,2023-08-13,KAISERSLAUTERN HBF,NON,9557,22:17,INTERNATIONAL,MANNHEIM HBF,PAFRANC,DEMHG,21:37,DEKLT
9053,2023-08-13,FORBACH,NON,9557,22:59,INTERNATIONAL,FRANKFURT MAIN HBF,PAFRANC,DEFRH,20:49,FRBQT
9054,2023-08-13,FORBACH,NON,9557,20:57,INTERNATIONAL,SARREBRUCK/SAARBRUECKEN,PAFRANC,DESBK,20:49,FRBQT
9055,2023-08-13,MONTPELLIER SAINT-ROCH,OUI,6034,14:13,SUD EST,NIMES,LANGPA,FRFNI,13:48,FRMPL
9056,2023-08-13,LIMOGES BENEDICTINS,OUI,3628,09:08,IC ARO,CHATEAUROUX,TOULOUZECO,FRCHR,07:57,FRAGQ
9057,2023-08-13,LIMOGES BENEDICTINS,OUI,3628,11:17,IC ARO,PARIS (intramuros),TOULOUZECO,FRPAZ,07:57,FRAGQ
9058,2023-08-13,LES AUBRAIS ORLEANS,OUI,3628,11:17,IC ARO,PARIS (intramuros),TOULOUZECO,FRPAZ,10:16,FRLAB
9059,2023-08-13,LA SOUTERRAINE,OUI,3628,11:17,IC ARO,PARIS (intramuros),TOULOUZECO,FRPAZ,08:29,FRLST
9060,2023-08-13,LYON (intramuros),OUI,6694,15:00,SUD EST,PARIS (intramuros),RHONEPARIS,FRPLY,13:04,FRLPD
9061,2023-08-13,POITIERS,OUI,8395,23:08,ATLANTIQUE,SURGERES,PAROCHELLE,FREIP,21:49,FRPIS
9062,2023-08-13,POITIERS,OUI,8395,23:31,ATLANTIQUE,LA ROCHELLE VILLE,PAROCHELLE,FRLRH,21:49,FRPIS
9063,2023-08-13,PARIS (intramuros),OUI,8395,23:08,ATLANTIQUE,SURGERES,PAROCHELLE,FREIP,20:24,FRPMO
9064,2023-08-13,PARIS (intramuros),OUI,8395,22:29,ATLANTIQUE,ST MAIXENT DEUX SEVRES,PAROCHELLE,FREJC,20:24,FRPMO
9065,2023-08-13,NARBONNE,OUI,6206,16:13,SUD EST,NIMES,LANGPA,FRFNI,14:41,FRXNA
9066,2023-08-13,NARBONNE,OUI,6206,15:41,SUD EST,MONTPELLIER SAINT-ROCH,LANGPA,FRMPL,14:41,FRXNA
9067,2023-08-13,SETE,OUI,6206,17:01,SUD EST,VALENCE TGV RHONE-ALPES SUD,LANGPA,FRVLA,15:26,FRXSY
9068,2023-08-13,CLERMONT FERRAND,OUI,5990,20:58,IC ARO,NEVERS,CLERMONTPA,FRNVS,19:31,FRCFE
9069,2023-08-13,RIOM CHATEL GUYON,OUI,5990,20:04,IC ARO,VICHY,CLERMONTPA,FRVHY,19:42,FRRIO
9070,2023-08-13,VICHY,OUI,5990,22:57,IC ARO,PARIS (intramuros),CLERMONTPA,FRPBE,20:06,FRVHY
9071,2023-08-13,VICHY,OUI,5990,20:29,IC ARO,MOULINS SUR ALLIER,CLERMONTPA,FRXMU,20:06,FRVHY
9072,2023-08-13,MOULINS SUR ALLIER,OUI,5990,22:57,IC ARO,PARIS (intramuros),CLERMONTPA,FRPBE,20:31,FRXMU
9073,2023-08-13,PARIS (intramuros),OUI,2765,23:11,EST,CHARLEVILLE MEZIERES,PABARSED,FRXCZ,21:28,FRPST
9074,2023-08-13,REIMS,OUI,2765,23:35,EST,SEDAN,PABARSED,FRXSW,22:19,FRRHE
9075,2023-08-13,STRASBOURG,NON,2200,12:36,EST,ANGERS ST LAUD,JCESTATL,FRACL,07:31,FRAEG
9076,2023-08-13,MASSY TGV,NON,2200,11:32,EST,ST PIERRE DES CORPS,JCESTATL,FRXSH,10:38,FRDJU
9077,2023-08-13,CHAMPAGNE-ARDENNE,NON,2200,09:55,EST,MARNE LA VALLEE CHESSY,JCESTATL,FRMLV,08:58,FREAH
9078,2023-08-13,MARNE LA VALLEE CHESSY,NON,2200,12:36,EST,ANGERS ST LAUD,JCESTATL,FRACL,10:02,FRMLV
9079,2023-08-13,AEROPORT CDG2 TGV ROISSY,NON,2200,13:19,EST,NANTES,JCESTATL,FRNTE,09:45,FRMLW
9080,2023-08-13,NANCY,OUI,2234,18:45,EST,MEUSE TGV,NANCYPA,FREAJ,18:11,FRENC
9081,2023-08-13,BORDEAUX ST JEAN,NON,5284,16:27,NORD,MARNE LA VALLEE CHESSY,JCAQUINORD,FRMLV,12:58,FRBOJ
9082,2023-08-13,MASSY TGV,NON,5284,17:57,NORD,LILLE (intramuros),JCAQUINORD,FRLLE,15:55,FRDJU
9083,2023-08-13,MASSY TGV,NON,5284,16:27,NORD,MARNE LA VALLEE CHESSY,JCAQUINORD,FRMLV,15:55,FRDJU
9084,2023-08-13,MASSY TGV,NON,5284,16:41,NORD,AEROPORT CDG2 TGV ROISSY,JCAQUINORD,FRMLW,15:55,FRDJU
9085,2023-08-13,MARNE LA VALLEE CHESSY,NON,5284,17:57,NORD,LILLE (intramuros),JCAQUINORD,FRLLE,16:31,FRMLV
9086,2023-08-13,MARNE LA VALLEE CHESSY,NON,5284,16:41,NORD,AEROPORT CDG2 TGV ROISSY,JCAQUINORD,FRMLW,16:31,FRMLV
9087,2023-08-13,POITIERS,NON,5284,16:41,NORD,AEROPORT CDG2 TGV ROISSY,JCAQUINORD,FRMLW,14:19,FRPIS
9088,2023-08-13,AIX EN PROVENCE TGV,NON,9752,16:58,INTERNATIONAL,BELLEGARDE,MEDGENEVE,FRXBF,14:00,FRAIE
9089,2023-08-13,AVIGNON TGV,NON,9752,17:45,INTERNATIONAL,GENEVE,MEDGENEVE,CHGVA,14:23,FRAVG
9090,2023-08-13,LYON (intramuros),NON,9752,16:58,INTERNATIONAL,BELLEGARDE,MEDGENEVE,FRXBF,15:40,FRLPD
9091,2023-08-13,MARSEILLE ST CHARLES,NON,9752,16:58,INTERNATIONAL,BELLEGARDE,MEDGENEVE,FRXBF,13:46,FRMSC
9092,2023-08-13,LAVAL,NON,5080,14:27,NORD,MARNE LA VALLEE CHESSY,JCBRETNORD,FRMLV,12:28,FRACR
9093,2023-08-13,LE MANS,NON,5080,13:49,NORD,MASSY TGV,JCBRETNORD,FRDJU,13:00,FRAET
9094,2023-08-13,LE MANS,NON,5080,15:49,NORD,LILLE (intramuros),JCBRETNORD,FRLLE,13:00,FRAET
9095,2023-08-13,LE MANS,NON,5080,14:27,NORD,MARNE LA VALLEE CHESSY,JCBRETNORD,FRMLV,13:00,FRAET
9096,2023-08-13,MASSY TGV,OUI,5080,14:41,NORD,AEROPORT CDG2 TGV ROISSY,JCBRETNORD,FRMLW,13:55,FRDJU
9097,2023-08-13,AEROPORT CDG2 TGV ROISSY,OUI,5080,15:49,NORD,LILLE (intramuros),JCBRETNORD,FRLLE,14:58,FRMLW
9098,2023-08-13,RENNES,NON,5080,14:27,NORD,MARNE LA VALLEE CHESSY,JCBRETNORD,FRMLV,12:00,FRRNS
9099,2023-08-13,RENNES,NON,5080,14:41,NORD,AEROPORT CDG2 TGV ROISSY,JCBRETNORD,FRMLW,12:00,FRRNS
9100,2023-08-13,LILLE (intramuros),NON,5210,10:29,NORD,LE MANS,JCNORDBRET,FRAET,07:52,FRLLE
9101,2023-08-13,MARNE LA VALLEE CHESSY,NON,5210,10:29,NORD,LE MANS,JCNORDBRET,FRAET,09:02,FRMLV
9102,2023-08-13,LE MANS,NON,9832,19:50,NORD,NANTES,JCNORDBRET,FRNTE,18:32,FRAET
9103,2023-08-13,MASSY TGV,NON,9832,19:09,NORD,ANGERS ST LAUD,JCNORDBRET,FRACL,17:39,FRDJU
9104,2023-08-13,MASSY TGV,NON,9832,18:29,NORD,LE MANS,JCNORDBRET,FRAET,17:39,FRDJU
9105,2023-08-13,AEROPORT CDG2 TGV ROISSY,NON,9832,19:09,NORD,ANGERS ST LAUD,JCNORDBRET,FRACL,16:49,FRMLW
9106,2023-08-13,AEROPORT CDG2 TGV ROISSY,NON,9832,17:33,NORD,MASSY TGV,JCNORDBRET,FRDJU,16:49,FRMLW
9107,2023-08-13,BRUXELLES MIDI BRUSSEL ZUID,NON,9832,18:29,NORD,LE MANS,JCNORDBRET,FRAET,15:02,BEBMI
9108,2023-08-13,LUCON,NON,3833,15:10,IC SRO,JONZAC,NANTEBORDO,FREMR,13:00,FRLCN
9109,2023-08-13,LA ROCHELLE VILLE,NON,3833,15:10,IC SRO,JONZAC,NANTEBORDO,FREMR,13:43,FRLRH
9110,2023-08-13,LA ROCHELLE VILLE,NON,3833,14:32,IC SRO,SAINTES,NANTEBORDO,FRXST,13:43,FRLRH
9111,2023-08-13,NANTES,NON,3833,16:08,IC SRO,BORDEAUX ST JEAN,NANTEBORDO,FRBOJ,11:55,FRNTE
9112,2023-08-13,LA ROCHE SUR YON,NON,3833,15:10,IC SRO,JONZAC,NANTEBORDO,FREMR,12:36,FRXRO
9113,2023-08-13,SAINTES,NON,3833,15:10,IC SRO,JONZAC,NANTEBORDO,FREMR,14:34,FRXST
9114,2023-08-13,CANNES,OUI,6168,17:44,SUD EST,TOULON,AZURPA,FRTLN,16:32,FRJCA
9115,2023-08-13,ANTIBES,OUI,6168,16:28,SUD EST,CANNES,AZURPA,FRJCA,16:17,FRXAT
9116,2023-08-13,ANTIBES,NON,6168,21:50,SUD EST,PARIS (intramuros),AZURPA,FRPLY,16:17,FRXAT
9117,2023-08-13,ST RAPHAEL VALESCURE,NON,6168,21:50,SUD EST,PARIS (intramuros),AZURPA,FRPLY,16:58,FRXSK
9118,2023-08-13,ANGERS ST LAUD,OUI,8931,20:59,ATLANTIQUE,NANTES,PARISLOIRE,FRNTE,20:19,FRACL
9119,2023-08-13,NANTES,OUI,8931,22:08,ATLANTIQUE,LE CROISIC,PARISLOIRE,FREGU,21:05,FRNTE
9120,2023-08-13,LIMOGES BENEDICTINS,OUI,3617,11:36,IC ARO,UZERCHE,PALITO,FRAAW,10:59,FRAGQ
9121,2023-08-13,LIMOGES BENEDICTINS,OUI,3617,12:04,IC ARO,BRIVE LA GAILLARDE,PALITO,FRBVE,10:59,FRAGQ
9122,2023-08-13,CHATEAUROUX,OUI,3617,12:04,IC ARO,BRIVE LA GAILLARDE,PALITO,FRBVE,09:43,FRCHR
9123,2023-08-13,CHATEAUROUX,OUI,3617,09:58,IC ARO,ARGENTON SUR CREUSE,PALITO,FRFMT,09:43,FRCHR
9124,2023-08-13,LA SOUTERRAINE,OUI,3617,12:04,IC ARO,BRIVE LA GAILLARDE,PALITO,FRBVE,10:24,FRLST
9125,2023-08-13,PARIS (intramuros),OUI,3617,10:56,IC ARO,LIMOGES BENEDICTINS,PALITO,FRAGQ,07:41,FRPAZ
9126,2023-08-13,PARIS (intramuros),OUI,3617,12:04,IC ARO,BRIVE LA GAILLARDE,PALITO,FRBVE,07:41,FRPAZ
9127,2023-08-13,PARIS (intramuros),OUI,3617,09:41,IC ARO,CHATEAUROUX,PALITO,FRCHR,07:41,FRPAZ
9128,2023-08-13,PARIS (intramuros),OUI,3617,09:58,IC ARO,ARGENTON SUR CREUSE,PALITO,FRFMT,07:41,FRPAZ
9129,2023-08-13,DAX,OUI,8589,00:27,ATLANTIQUE,PARIS (intramuros),SUDOUESTPA,FRPMO,20:59,FRACG
9130,2023-08-13,LOURDES,OUI,8589,20:07,ATLANTIQUE,PAU,SUDOUESTPA,FRAEE,19:42,FRLDE
9131,2023-08-13,TARBES,OUI,8589,20:56,ATLANTIQUE,DAX,SUDOUESTPA,FRACG,19:26,FRXTB
9132,2023-08-13,TARBES,OUI,8589,22:11,ATLANTIQUE,BORDEAUX ST JEAN,SUDOUESTPA,FRBOJ,19:26,FRXTB
9133,2023-08-13,TARBES,OUI,8589,00:27,ATLANTIQUE,PARIS (intramuros),SUDOUESTPA,FRPMO,19:26,FRXTB
9134,2023-08-13,BEZIERS,NON,9711,11:56,SUD EST,PERPIGNAN,PABARCELONE,FRPGF,11:06,FRBZR
9135,2023-08-13,VALENCE TGV RHONE-ALPES SUD,NON,9711,10:48,SUD EST,AGDE,PABARCELONE,FRXAG,09:10,FRVLA
9136,2023-08-13,VALENCE TGV RHONE-ALPES SUD,NON,9711,11:20,SUD EST,NARBONNE,PABARCELONE,FRXNA,09:10,FRVLA
9137,2023-08-13,SETE,NON,9711,11:03,SUD EST,BEZIERS,PABARCELONE,FRBZR,10:34,FRXSY
9138,2023-08-13,SETE,NON,9711,10:48,SUD EST,AGDE,PABARCELONE,FRXAG,10:34,FRXSY
9139,2023-08-13,MONTPELLIER SUD DE FRANCE,NON,9711,11:20,SUD EST,NARBONNE,PABARCELONE,FRXNA,10:17,FRSUF
9140,2023-08-13,MONTPELLIER SUD DE FRANCE,NON,9711,11:03,SUD EST,BEZIERS,PABARCELONE,FRBZR,10:17,FRSUF
9141,2023-08-13,PARIS (intramuros),NON,9711,09:46,SUD EST,NIMES PONT DU GARD,PABARCELONE,FRXZP,06:56,FRPLY
9142,2023-08-13,VALENCE TGV RHONE-ALPES SUD,NON,9711,09:46,SUD EST,NIMES PONT DU GARD,PABARCELONE,FRXZP,09:10,FRVLA
9143,2023-08-13,NIMES PONT DU GARD,NON,9711,11:20,SUD EST,NARBONNE,PABARCELONE,FRXNA,09:49,FRXZP
9144,2023-08-13,NIMES PONT DU GARD,NON,9711,10:08,SUD EST,MONTPELLIER SUD DE FRANCE,PABARCELONE,FRSUF,09:49,FRXZP
9145,2023-08-13,PARIS (intramuros),NON,9711,12:27,SUD EST,FIGUERES VILA TGV,PABARCELONE,ESFIR,06:56,FRPLY
9146,2023-08-13,NIMES PONT DU GARD,NON,9711,13:25,SUD EST,BARCELONA SANTS,PABARCELONE,ESBST,09:49,FRXZP
9147,2023-08-13,SETE,NON,9711,12:27,SUD EST,FIGUERES VILA TGV,PABARCELONE,ESFIR,10:34,FRXSY
9148,2023-08-13,AGDE,NON,9711,12:27,SUD EST,FIGUERES VILA TGV,PABARCELONE,ESFIR,10:51,FRXAG
9149,2023-08-13,RENNES,OUI,8731,20:24,ATLANTIQUE,VANNES,PARISBRETA,FRVNE,19:29,FRRNS
9150,2023-08-13,SURGERES,OUI,8392,21:49,ATLANTIQUE,NIORT,ROCHELLEPA,FRNIT,21:31,FREIP
9151,2023-08-13,SURGERES,OUI,8392,22:35,ATLANTIQUE,POITIERS,ROCHELLEPA,FRPIS,21:31,FREIP
9152,2023-08-13,LA ROCHELLE VILLE,OUI,8392,00:17,ATLANTIQUE,PARIS (intramuros),ROCHELLEPA,FRPMO,21:09,FRLRH
9153,2023-08-13,FRANKFURT MAIN HBF,NON,9554,11:39,INTERNATIONAL,MANNHEIM HBF,FRANCPA,DEMHG,10:56,DEFRH
9154,2023-08-13,KAISERSLAUTERN HBF,NON,9554,14:52,INTERNATIONAL,PARIS (intramuros),FRANCPA,FRPST,12:24,DEKLT
9155,2023-08-13,MANNHEIM HBF,NON,9554,12:23,INTERNATIONAL,KAISERSLAUTERN HBF,FRANCPA,DEKLT,11:40,DEMHG
9156,2023-08-13,DIJON VILLE,NON,2204,18:17,EST,BESANCON - F COMTE TGV,JCRHONRHIN,FRTJB,17:50,FRABA
9157,2023-08-13,COLMAR,OUI,2204,20:13,EST,STRASBOURG,JCRHONRHIN,FRAEG,19:44,FRAEJ
9158,2023-08-13,MULHOUSE VILLE,OUI,2204,20:13,EST,STRASBOURG,JCRHONRHIN,FRAEG,19:12,FRAEK
9159,2023-08-13,NIMES,NON,2204,19:41,EST,COLMAR,JCRHONRHIN,FRAEJ,14:23,FRFNI
9160,2023-08-13,NIMES,NON,2204,19:09,EST,MULHOUSE VILLE,JCRHONRHIN,FRAEK,14:23,FRFNI
9161,2023-08-13,NIMES,NON,2204,16:39,EST,MACON VILLE,JCRHONRHIN,FRHGU,14:23,FRFNI
9162,2023-08-13,MACON VILLE,NON,2204,17:40,EST,DIJON VILLE,JCRHONRHIN,FRABA,16:41,FRHGU
9163,2023-08-13,MACON VILLE,NON,2204,20:13,EST,STRASBOURG,JCRHONRHIN,FRAEG,16:41,FRHGU
9164,2023-08-13,MACON VILLE,NON,2204,18:17,EST,BESANCON - F COMTE TGV,JCRHONRHIN,FRTJB,16:41,FRHGU
9165,2023-08-13,LYON (intramuros),NON,2204,18:44,EST,BELFORT-MONTBELIARD TGV,JCRHONRHIN,FRTJA,16:04,FRLPD
9166,2023-08-13,MONTPELLIER SAINT-ROCH,NON,2204,17:40,EST,DIJON VILLE,JCRHONRHIN,FRABA,13:55,FRMPL
9167,2023-08-13,MONTPELLIER SAINT-ROCH,NON,2204,16:39,EST,MACON VILLE,JCRHONRHIN,FRHGU,13:55,FRMPL
9168,2023-08-13,MONTPELLIER SAINT-ROCH,NON,2204,15:51,EST,LYON (intramuros),JCRHONRHIN,FRLPD,13:55,FRMPL
9169,2023-08-13,BELFORT-MONTBELIARD TGV,NON,2204,19:41,EST,COLMAR,JCRHONRHIN,FRAEJ,18:47,FRTJA
9170,2023-08-13,VALENCE TGV RHONE-ALPES SUD,NON,2204,19:09,EST,MULHOUSE VILLE,JCRHONRHIN,FRAEK,15:12,FRVLA
9171,2023-08-13,VALENCE TGV RHONE-ALPES SUD,NON,2204,15:51,EST,LYON (intramuros),JCRHONRHIN,FRLPD,15:12,FRVLA
9172,2023-08-13,QUIMPERLE,OUI,8751,23:45,ATLANTIQUE,QUIMPER,PARISBRETA,FRUIP,23:16,FRECO
9173,2023-08-13,LORIENT,OUI,8751,23:13,ATLANTIQUE,QUIMPERLE,PARISBRETA,FRECO,23:02,FRLRT
9174,2023-08-13,PARIS (intramuros),NON,8751,23:30,ATLANTIQUE,ROSPORDEN,PARISBRETA,FRRSP,19:54,FRPMO
9175,2023-08-13,PARIS (intramuros),NON,8751,22:28,ATLANTIQUE,VANNES,PARISBRETA,FRVNE,19:54,FRPMO
9176,2023-08-13,PARIS (intramuros),NON,8751,22:41,ATLANTIQUE,AURAY,PARISBRETA,FRXUY,19:54,FRPMO
9177,2023-08-13,RENNES,NON,8751,23:45,ATLANTIQUE,QUIMPER,PARISBRETA,FRUIP,21:29,FRRNS
9178,2023-08-13,ROSPORDEN,OUI,8751,23:45,ATLANTIQUE,QUIMPER,PARISBRETA,FRUIP,23:32,FRRSP
9179,2023-08-13,VANNES,OUI,8751,23:45,ATLANTIQUE,QUIMPER,PARISBRETA,FRUIP,22:31,FRVNE
9180,2023-08-13,BRUXELLES MIDI BRUSSEL ZUID,OUI,9812,08:53,NORD,LILLE (intramuros),JCNORDSUD,FRLLE,08:20,BEBMI
9181,2023-08-13,BRUXELLES MIDI BRUSSEL ZUID,NON,9812,12:00,NORD,LYON (intramuros),JCNORDSUD,FRLPD,08:20,BEBMI
9182,2023-08-13,BRUXELLES MIDI BRUSSEL ZUID,NON,9812,09:53,NORD,AEROPORT CDG2 TGV ROISSY,JCNORDSUD,FRMLW,08:20,BEBMI
9183,2023-08-13,LILLE (intramuros),NON,9812,12:00,NORD,LYON (intramuros),JCNORDSUD,FRLPD,09:03,FRLLE
9184,2023-08-13,MARNE LA VALLEE CHESSY,NON,9812,13:35,NORD,NIMES,JCNORDSUD,FRFNI,10:12,FRMLV
9185,2023-08-13,AEROPORT CDG2 TGV ROISSY,NON,9812,13:35,NORD,NIMES,JCNORDSUD,FRFNI,09:58,FRMLW
9186,2023-08-13,AEROPORT CDG2 TGV ROISSY,NON,9812,12:45,NORD,VALENCE TGV RHONE-ALPES SUD,JCNORDSUD,FRVLA,09:58,FRMLW
9187,2023-08-13,VALENCE TGV RHONE-ALPES SUD,NON,9812,13:35,NORD,NIMES,JCNORDSUD,FRFNI,12:50,FRVLA
9188,2023-08-13,DAX,OUI,8541,16:14,ATLANTIQUE,BAYONNE,PASUDOUEST,FRXBY,15:41,FRACG
9189,2023-08-13,BIARRITZ,OUI,8541,16:56,ATLANTIQUE,HENDAYE,PASUDOUEST,FRAEF,16:29,FRBIQ
9190,2023-08-13,BORDEAUX ST JEAN,NON,8541,16:26,ATLANTIQUE,BIARRITZ,PASUDOUEST,FRBIQ,14:21,FRBOJ
9191,2023-08-13,BORDEAUX ST JEAN,NON,8541,16:42,ATLANTIQUE,ST JEAN DE LUZ CIBOURE,PASUDOUEST,FRXJZ,14:21,FRBOJ
9192,2023-08-13,PARIS (intramuros),NON,8541,15:37,ATLANTIQUE,DAX,PASUDOUEST,FRACG,12:08,FRPMO
9193,2023-08-13,PARIS (intramuros),NON,8541,16:56,ATLANTIQUE,HENDAYE,PASUDOUEST,FRAEF,12:08,FRPMO
9194,2023-08-13,PARIS (intramuros),NON,8541,14:15,ATLANTIQUE,BORDEAUX ST JEAN,PASUDOUEST,FRBOJ,12:08,FRPMO
9195,2023-08-13,PARIS (intramuros),NON,8541,16:42,ATLANTIQUE,ST JEAN DE LUZ CIBOURE,PASUDOUEST,FRXJZ,12:08,FRPMO
9196,2023-08-13,LE CREUSOT MONTCEAU MONTCHANIN,OUI,6627,20:10,SUD EST,LYON (intramuros),PARISRHONE,FRLPE,19:12,FRXCC
9197,2023-08-13,DIJON VILLE,NON,6704,14:02,SUD EST,MONTBARD,BOURPA,FRGWE,13:27,FRABA
9198,2023-08-13,BESANCON - F COMTE TGV,OUI,6704,13:23,SUD EST,DIJON VILLE,BOURPA,FRABA,12:54,FRTJB
9199,2023-08-13,AIX EN PROVENCE TGV,OUI,6134,20:42,SUD EST,AVIGNON TGV,PROVENCEPA,FRAVG,20:23,FRAIE
9200,2023-08-13,BORDEAUX ST JEAN,NON,4655,09:27,IC ARO,CARCASSONNE,TJOURSOSE,FRCCF,06:28,FRBOJ
9201,2023-08-13,BORDEAUX ST JEAN,NON,4655,11:22,IC ARO,NIMES,TJOURSOSE,FRFNI,06:28,FRBOJ
9202,2023-08-13,BORDEAUX ST JEAN,NON,4655,12:36,IC ARO,MARSEILLE ST CHARLES,TJOURSOSE,FRMSC,06:28,FRBOJ
9203,2023-08-13,BORDEAUX ST JEAN,OUI,4655,08:08,IC ARO,MONTAUBAN VILLE BOURBON,TJOURSOSE,FRXMW,06:28,FRBOJ
9204,2023-08-13,BORDEAUX ST JEAN,OUI,4655,08:37,IC ARO,TOULOUSE MATABIAU,TJOURSOSE,FRXYT,06:28,FRBOJ
9205,2023-08-13,BEZIERS,NON,4655,11:22,IC ARO,NIMES,TJOURSOSE,FRFNI,10:18,FRBZR
9206,2023-08-13,BEZIERS,NON,4655,10:54,IC ARO,MONTPELLIER SAINT-ROCH,TJOURSOSE,FRMPL,10:18,FRBZR
9207,2023-08-13,CARCASSONNE,NON,4655,09:58,IC ARO,NARBONNE,TJOURSOSE,FRXNA,09:29,FRCCF
9208,2023-08-13,TOULOUSE MATABIAU,NON,4655,10:54,IC ARO,MONTPELLIER SAINT-ROCH,TJOURSOSE,FRMPL,08:45,FRXYT
9209,2023-08-13,TOULOUSE MATABIAU,NON,4655,09:58,IC ARO,NARBONNE,TJOURSOSE,FRXNA,08:45,FRXYT
9210,2023-08-13,BEZIERS,NON,6873,17:55,SUD EST,MONTPELLIER SAINT-ROCH,JCSUDPROV,FRMPL,17:15,FRBZR
9211,2023-08-13,NIMES,NON,6873,19:51,SUD EST,LYON (intramuros),JCSUDPROV,FRLPD,18:26,FRFNI
9212,2023-08-13,NIMES,NON,6873,19:10,SUD EST,VALENCE TGV RHONE-ALPES SUD,JCSUDPROV,FRVLA,18:26,FRFNI
9213,2023-08-13,MONTPELLIER SAINT-ROCH,NON,6873,19:51,SUD EST,LYON (intramuros),JCSUDPROV,FRLPD,17:59,FRMPL
9214,2023-08-13,MONTPELLIER SAINT-ROCH,NON,6873,19:10,SUD EST,VALENCE TGV RHONE-ALPES SUD,JCSUDPROV,FRVLA,17:59,FRMPL
9215,2023-08-13,VALENCE TGV RHONE-ALPES SUD,NON,6873,19:51,SUD EST,LYON (intramuros),JCSUDPROV,FRLPD,19:13,FRVLA
9216,2023-08-13,NARBONNE,NON,6873,17:55,SUD EST,MONTPELLIER SAINT-ROCH,JCSUDPROV,FRMPL,16:59,FRXNA
9217,2023-08-13,SETE,NON,6873,19:51,SUD EST,LYON (intramuros),JCSUDPROV,FRLPD,17:39,FRXSY
9218,2023-08-13,TOULOUSE MATABIAU,OUI,6873,16:24,SUD EST,CARCASSONNE,JCSUDPROV,FRCCF,15:43,FRXYT
9219,2023-08-13,TOULOUSE MATABIAU,NON,6873,19:10,SUD EST,VALENCE TGV RHONE-ALPES SUD,JCSUDPROV,FRVLA,15:43,FRXYT
9220,2023-08-13,LORRAINE TGV,OUI,2465,22:24,EST,STRASBOURG,PASTRAMULH,FRAEG,21:41,FREAM
9221,2023-08-13,MARSEILLE ST CHARLES,OUI,6136,06:15,SUD EST,AIX EN PROVENCE TGV,PROVENCEPA,FRAIE,06:04,FRMSC
9222,2023-08-13,MASSY TGV,OUI,5380,10:30,SUD EST,RENNES,JCSUDATL,FRRNS,08:39,FRDJU
9223,2023-08-13,LYON (intramuros),OUI,5380,10:02,SUD EST,LAVAL,JCSUDATL,FRACR,06:16,FRLPE
9224,2023-08-13,LYON (intramuros),OUI,5380,08:34,SUD EST,MASSY TGV,JCSUDATL,FRDJU,06:16,FRLPE
9225,2023-08-13,NIMES,NON,6223,20:35,SUD EST,SETE,PALANG,FRXSY,19:50,FRFNI
9226,2023-08-13,PARIS (intramuros),NON,6223,21:20,SUD EST,NARBONNE,PALANG,FRXNA,16:42,FRPLY
9227,2023-08-13,PARIS (intramuros),NON,6223,20:35,SUD EST,SETE,PALANG,FRXSY,16:42,FRPLY
9228,2023-08-13,VALENCE TGV RHONE-ALPES SUD,NON,6223,21:04,SUD EST,BEZIERS,PALANG,FRBZR,19:01,FRVLA
9229,2023-08-13,VALENCE TGV RHONE-ALPES SUD,NON,6223,20:35,SUD EST,SETE,PALANG,FRXSY,19:01,FRVLA
9230,2023-08-13,AGDE,NON,6223,21:20,SUD EST,NARBONNE,PALANG,FRXNA,20:53,FRXAG
9231,2023-08-13,DIJON VILLE,NON,5521,09:54,EST,CHALON SUR SAONE,JCRHINRHON,FRXCD,09:21,FRABA
9232,2023-08-13,METZ VILLE,OUI,5521,07:13,EST,COLMAR,JCRHINRHON,FRAEJ,05:46,FRADE
9233,2023-08-13,METZ VILLE,NON,5521,12:24,EST,NIMES,JCRHINRHON,FRFNI,05:46,FRADE
9234,2023-08-13,METZ VILLE,OUI,5521,08:14,EST,BELFORT-MONTBELIARD TGV,JCRHINRHON,FRTJA,05:46,FRADE
9235,2023-08-13,MULHOUSE VILLE,NON,5521,10:56,EST,LYON (intramuros),JCRHINRHON,FRLPD,07:52,FRAEK
9236,2023-08-13,LYON (intramuros),NON,5521,12:24,EST,NIMES,JCRHINRHON,FRFNI,11:02,FRLPD
9237,2023-08-13,LYON (intramuros),NON,5521,12:55,EST,MONTPELLIER SAINT-ROCH,JCRHINRHON,FRMPL,11:02,FRLPD
9238,2023-08-13,BESANCON - F COMTE TGV,NON,5521,12:55,EST,MONTPELLIER SAINT-ROCH,JCRHINRHON,FRMPL,08:41,FRTJB
9239,2023-08-13,BESANCON - F COMTE TGV,NON,5521,09:54,EST,CHALON SUR SAONE,JCRHINRHON,FRXCD,08:41,FRTJB
9240,2023-08-13,CHALON SUR SAONE,NON,5521,12:24,EST,NIMES,JCRHINRHON,FRFNI,09:56,FRXCD
9241,2023-08-13,FREIBURG BREISGAU HBF,OUI,9408,07:36,EST,LAHR SCHWARZW,MULHSTRAPA,DEANL,07:08,DEFGB
9242,2023-08-13,FREIBURG BREISGAU HBF,OUI,9408,07:49,EST,OFFENBOURG/OFFENBURG,MULHSTRAPA,DEZPA,07:08,DEFGB
9243,2023-08-13,AIX EN PROVENCE TGV,OUI,6120,14:37,SUD EST,AVIGNON TGV,PROVENCEPA,FRAVG,14:18,FRAIE
9244,2023-08-13,PAU,NON,8585,21:52,ATLANTIQUE,PARIS (intramuros),SUDOUESTPA,FRPMO,17:19,FRAEE
9245,2023-08-13,LOURDES,OUI,8585,19:35,ATLANTIQUE,BORDEAUX ST JEAN,SUDOUESTPA,FRBOJ,16:49,FRLDE
9246,2023-08-13,VALENCE TGV RHONE-ALPES SUD,OUI,6054,22:08,SUD EST,PARIS (intramuros),LANGPA,FRPLY,19:54,FRVLA
9247,2023-08-13,NIMES PONT DU GARD,OUI,6054,19:51,SUD EST,VALENCE TGV RHONE-ALPES SUD,LANGPA,FRVLA,19:14,FRXZP
9248,2023-08-13,BIARRITZ,NON,3742,07:19,IC NUIT,PARIS (intramuros),PALOMBEPAR,FRPAZ,19:13,FRBIQ
9249,2023-08-13,BAYONNE,NON,3742,06:08,IC NUIT,LES AUBRAIS ORLEANS,PALOMBEPAR,FRLAB,19:28,FRXBY
9250,2023-08-13,BAYONNE,NON,3742,07:19,IC NUIT,PARIS (intramuros),PALOMBEPAR,FRPAZ,19:28,FRXBY
9251,2023-08-13,ST JEAN DE LUZ CIBOURE,NON,3742,06:08,IC NUIT,LES AUBRAIS ORLEANS,PALOMBEPAR,FRLAB,19:01,FRXJZ
9252,2023-08-13,TARBES,NON,3742,06:08,IC NUIT,LES AUBRAIS ORLEANS,PALOMBEPAR,FRLAB,22:14,FRXTB
9253,2023-08-13,POITIERS,OUI,8391,21:21,ATLANTIQUE,LA ROCHELLE VILLE,PAROCHELLE,FRLRH,19:49,FRPIS
9254,2023-08-13,PARIS (intramuros),OUI,8391,20:58,ATLANTIQUE,SURGERES,PAROCHELLE,FREIP,18:24,FRPMO
9255,2023-08-13,ARVANT,NON,15940,16:01,IC SRO,CLERMONT FERRAND,JOUNOREST,FRCFE,15:17,FRARV
9256,2023-08-13,ARVANT,NON,15940,15:35,IC SRO,ISSOIRE,JOUNOREST,FRHLB,15:17,FRARV
9257,2023-08-13,BEZIERS,NON,15940,16:01,IC SRO,CLERMONT FERRAND,JOUNOREST,FRCFE,09:33,FRBZR
9258,2023-08-13,MILLAU,NON,15940,11:56,IC SRO,SEVERAC LE CHATEAU,JOUNOREST,FRSVC,11:26,FRMAU
9259,2023-08-13,SEVERAC LE CHATEAU,NON,15940,12:11,IC SRO,CAMPAGNAC ST GENIEZ,JOUNOREST,FRINJ,11:58,FRSVC
9260,2023-08-13,NEUSSARGUES,NON,15940,16:01,IC SRO,CLERMONT FERRAND,JOUNOREST,FRCFE,14:36,FRNEU
9261,2023-08-13,ST ROME DE CERNON,NON,15940,14:06,IC SRO,ST FLOUR CHAUDES AIGUES,JOUNOREST,FRIMW,11:07,FRINN
9262,2023-08-13,SEVERAC LE CHATEAU,NON,15940,16:01,IC SRO,CLERMONT FERRAND,JOUNOREST,FRCFE,11:58,FRSVC
9263,2023-08-13,MILLAU,NON,15940,15:16,IC SRO,ARVANT,JOUNOREST,FRARV,11:26,FRMAU
9264,2023-08-13,MILLAU,NON,15940,13:27,IC SRO,ST CHELY D'APCHER,JOUNOREST,FRINB,11:26,FRMAU
9265,2023-08-13,ST CHELY D'APCHER,NON,15940,14:27,IC SRO,NEUSSARGUES,JOUNOREST,FRNEU,13:28,FRINB
9266,2023-08-13,BEZIERS,NON,15940,10:58,IC SRO,TOURNEMIRE ROQUEFORT,JOUNOREST,FRINO,09:33,FRBZR
9267,2023-08-13,ST FLOUR CHAUDES AIGUES,NON,15940,14:57,IC SRO,MASSIAC BLESLE,JOUNOREST,FRHMY,14:07,FRIMW
9268,2023-08-13,BEDARIEUX,NON,15940,11:56,IC SRO,SEVERAC LE CHATEAU,JOUNOREST,FRSVC,10:08,FRIMH
9269,2023-08-13,MILLAU,NON,15940,12:11,IC SRO,CAMPAGNAC ST GENIEZ,JOUNOREST,FRINJ,11:26,FRMAU
9270,2023-08-13,NEUSSARGUES,NON,15940,15:16,IC SRO,ARVANT,JOUNOREST,FRARV,14:36,FRNEU
9271,2023-08-13,BANASSAC LA CANOURGUE,NON,15940,16:01,IC SRO,CLERMONT FERRAND,JOUNOREST,FRCFE,12:29,FRINH
9272,2023-08-13,BEZIERS,NON,15940,12:26,IC SRO,BANASSAC LA CANOURGUE,JOUNOREST,FRINH,09:33,FRBZR
9273,2023-08-13,SEVERAC LE CHATEAU,NON,15940,13:14,IC SRO,AUMONT AUBRAC,JOUNOREST,FRINC,11:58,FRSVC
9274,2023-08-13,BEZIERS,NON,15940,12:11,IC SRO,CAMPAGNAC ST GENIEZ,JOUNOREST,FRINJ,09:33,FRBZR
9275,2023-08-13,LE BOUSQUET D'ORB,NON,15940,14:27,IC SRO,NEUSSARGUES,JOUNOREST,FRNEU,10:19,FRIMG
9276,2023-08-13,ST GEORGES DE LUZENCON,NON,15940,12:11,IC SRO,CAMPAGNAC ST GENIEZ,JOUNOREST,FRINJ,11:14,FRINM
9277,2023-08-13,MILLAU,NON,15940,14:06,IC SRO,ST FLOUR CHAUDES AIGUES,JOUNOREST,FRIMW,11:26,FRMAU
9278,2023-08-13,CAMPAGNAC ST GENIEZ,NON,15940,14:06,IC SRO,ST FLOUR CHAUDES AIGUES,JOUNOREST,FRIMW,12:12,FRINJ
9279,2023-08-13,CAMPAGNAC ST GENIEZ,NON,15940,13:27,IC SRO,ST CHELY D'APCHER,JOUNOREST,FRINB,12:12,FRINJ
9280,2023-08-13,SEVERAC LE CHATEAU,NON,15940,14:06,IC SRO,ST FLOUR CHAUDES AIGUES,JOUNOREST,FRIMW,11:58,FRSVC
9281,2023-08-13,BANASSAC LA CANOURGUE,NON,15940,14:27,IC SRO,NEUSSARGUES,JOUNOREST,FRNEU,12:29,FRINH
9282,2023-08-13,BEDARIEUX,NON,15940,12:26,IC SRO,BANASSAC LA CANOURGUE,JOUNOREST,FRINH,10:08,FRIMH
9283,2023-08-13,ST ROME DE CERNON,NON,15940,12:49,IC SRO,MARVEJOLS,JOUNOREST,FRINE,11:07,FRINN
9284,2023-08-13,CEILHES ROQUEREDONDE,NON,15940,16:01,IC SRO,CLERMONT FERRAND,JOUNOREST,FRCFE,10:34,FRIMC
9285,2023-08-13,BEDARIEUX,NON,15940,11:13,IC SRO,ST GEORGES DE LUZENCON,JOUNOREST,FRINM,10:08,FRIMH
9286,2023-08-13,LE BOUSQUET D'ORB,NON,15940,12:49,IC SRO,MARVEJOLS,JOUNOREST,FRINE,10:19,FRIMG
9287,2023-08-13,LE BOUSQUET D'ORB,NON,15940,13:14,IC SRO,AUMONT AUBRAC,JOUNOREST,FRINC,10:19,FRIMG
9288,2023-08-13,CAMPAGNAC ST GENIEZ,NON,15940,15:35,IC SRO,ISSOIRE,JOUNOREST,FRHLB,12:12,FRINJ
9289,2023-08-13,TOURNEMIRE ROQUEFORT,NON,15940,14:27,IC SRO,NEUSSARGUES,JOUNOREST,FRNEU,10:59,FRINO
9290,2023-08-13,TOURNEMIRE ROQUEFORT,NON,15940,11:56,IC SRO,SEVERAC LE CHATEAU,JOUNOREST,FRSVC,10:59,FRINO
9291,2023-08-13,MAGALAS,NON,15940,10:06,IC SRO,BEDARIEUX,JOUNOREST,FRIMH,09:47,FRIMK
9292,2023-08-13,MAGALAS,NON,15940,11:56,IC SRO,SEVERAC LE CHATEAU,JOUNOREST,FRSVC,09:47,FRIMK
9293,2023-08-13,LE BOUSQUET D'ORB,NON,15940,15:16,IC SRO,ARVANT,JOUNOREST,FRARV,10:19,FRIMG
9294,2023-08-13,LE BOUSQUET D'ORB,NON,15940,11:06,IC SRO,ST ROME DE CERNON,JOUNOREST,FRINN,10:19,FRIMG
9295,2023-08-13,MAGALAS,NON,15940,10:58,IC SRO,TOURNEMIRE ROQUEFORT,JOUNOREST,FRINO,09:47,FRIMK
9296,2023-08-13,ST ROME DE CERNON,NON,15940,14:57,IC SRO,MASSIAC BLESLE,JOUNOREST,FRHMY,11:07,FRINN
9297,2023-08-13,LE BOUSQUET D'ORB,NON,15940,11:13,IC SRO,ST GEORGES DE LUZENCON,JOUNOREST,FRINM,10:19,FRIMG
9298,2023-08-13,TOURNEMIRE ROQUEFORT,NON,15940,12:26,IC SRO,BANASSAC LA CANOURGUE,JOUNOREST,FRINH,10:59,FRINO
9299,2023-08-13,MAGALAS,NON,15940,15:35,IC SRO,ISSOIRE,JOUNOREST,FRHLB,09:47,FRIMK
9300,2023-08-13,MAGALAS,NON,15940,10:33,IC SRO,CEILHES ROQUEREDONDE,JOUNOREST,FRIMC,09:47,FRIMK
9301,2023-08-13,AUMONT AUBRAC,NON,15940,14:57,IC SRO,MASSIAC BLESLE,JOUNOREST,FRHMY,13:15,FRINC
9302,2023-08-13,LE MONASTIER,NON,15940,13:27,IC SRO,ST CHELY D'APCHER,JOUNOREST,FRINB,12:42,FRLMR
9303,2023-08-13,SEVERAC LE CHATEAU,NON,15940,12:41,IC SRO,LE MONASTIER,JOUNOREST,FRLMR,11:58,FRSVC
9304,2023-08-13,PARIS (intramuros),OUI,7189,20:58,NORD,DOUAI,PAARRAS,FRXDN,19:52,FRPNO
9305,2023-08-13,LAHR SCHWARZW,OUI,9591,20:26,EST,FREIBURG BREISGAU HBF,PASTRAMULH,DEFGB,19:55,DEANL
9306,2023-08-13,PARIS (intramuros),OUI,9591,20:02,EST,RINGSHEIM/EU-PARK,PASTRAMULH,DERSH,17:25,FRPST
9307,2023-08-13,LE MANS,NON,5338,19:19,SUD EST,MASSY TGV,JCATLSUD,FRDJU,18:30,FRAET
9308,2023-08-13,RENNES,NON,5338,21:47,SUD EST,LYON (intramuros),JCATLSUD,FRLPE,17:30,FRRNS
9309,2023-08-13,ZUERICH HB,NON,9206,08:53,INTERNATIONAL,MULHOUSE VILLE,ZURBALPA,FRAEK,07:34,CHAJD
9310,2023-08-13,ZUERICH HB,NON,9206,09:17,INTERNATIONAL,BELFORT-MONTBELIARD TGV,ZURBALPA,FRTJA,07:34,CHAJD
9311,2023-08-13,POITIERS,OUI,8491,20:34,ATLANTIQUE,ANGOULEME,PASUDOUEST,FRANG,19:54,FRPIS
9312,2023-08-13,PARIS (intramuros),OUI,8491,19:45,ATLANTIQUE,POITIERS,PASUDOUEST,FRPIS,18:24,FRPMO
9313,2023-08-13,STRASBOURG,NON,2098,17:04,EST,MASSY TGV,JCESTATL,FRDJU,14:01,FRAEG
9314,2023-08-13,STRASBOURG,NON,2098,15:31,EST,CHAMPAGNE-ARDENNE,JCESTATL,FREAH,14:01,FRAEG
9315,2023-08-13,MASSY TGV,NON,2098,20:02,EST,BORDEAUX ST JEAN,JCESTATL,FRBOJ,17:10,FRDJU
9316,2023-08-13,MEUSE TGV,NON,2098,17:04,EST,MASSY TGV,JCESTATL,FRDJU,15:05,FREAJ
9317,2023-08-13,MEUSE TGV,NON,2098,15:31,EST,CHAMPAGNE-ARDENNE,JCESTATL,FREAH,15:05,FREAJ
9318,2023-08-13,MEUSE TGV,NON,2098,16:27,EST,MARNE LA VALLEE CHESSY,JCESTATL,FRMLV,15:05,FREAJ
9319,2023-08-13,LORRAINE TGV,NON,2098,18:40,EST,POITIERS,JCESTATL,FRPIS,14:39,FREAM
9320,2023-08-13,MARNE LA VALLEE CHESSY,NON,2098,17:04,EST,MASSY TGV,JCESTATL,FRDJU,16:32,FRMLV
9321,2023-08-13,ST PIERRE DES CORPS,NON,2098,19:22,EST,ANGOULEME,JCESTATL,FRANG,18:10,FRXSH
9322,2023-08-13,BORDEAUX ST JEAN,NON,4669,21:58,IC ARO,NARBONNE,TJOURSOSE,FRXNA,18:28,FRBOJ
9323,2023-08-13,CARCASSONNE,OUI,4669,22:54,IC ARO,MONTPELLIER SAINT-ROCH,TJOURSOSE,FRMPL,21:29,FRCCF
9324,2023-08-13,MARMANDE,NON,4669,22:34,IC ARO,SETE,TJOURSOSE,FRXSY,19:06,FRXMR
9325,2023-08-13,MONTAUBAN VILLE BOURBON,NON,4669,22:34,IC ARO,SETE,TJOURSOSE,FRXSY,20:11,FRXMW
9326,2023-08-13,TOULOUSE MATABIAU,OUI,4669,23:22,IC ARO,NIMES,TJOURSOSE,FRFNI,20:45,FRXYT
9327,2023-08-13,KAISERSLAUTERN HBF,NON,9551,12:17,INTERNATIONAL,MANNHEIM HBF,PAFRANC,DEMHG,11:36,DEKLT
9328,2023-08-13,SARREBRUCK/SAARBRUECKEN,NON,9551,12:17,INTERNATIONAL,MANNHEIM HBF,PAFRANC,DEMHG,10:58,DESBK
9329,2023-08-13,FORBACH,NON,9551,12:17,INTERNATIONAL,MANNHEIM HBF,PAFRANC,DEMHG,10:47,FRBQT
9330,2023-08-13,FORBACH,NON,9551,10:56,INTERNATIONAL,SARREBRUCK/SAARBRUECKEN,PAFRANC,DESBK,10:47,FRBQT
9331,2023-08-13,BREST,OUI,8610,09:59,ATLANTIQUE,PLOUARET TREGOR,BRETAPARIS,FRPLT,09:07,FRBES
9332,2023-08-13,BREST,NON,8610,13:19,ATLANTIQUE,PARIS (intramuros),BRETAPARIS,FRPMO,09:07,FRBES
9333,2023-08-13,GUINGAMP,OUI,8610,10:33,ATLANTIQUE,ST BRIEUC,BRETAPARIS,FRSBK,10:18,FRGGP
9334,2023-08-13,LAMBALLE,NON,8610,13:19,ATLANTIQUE,PARIS (intramuros),BRETAPARIS,FRPMO,10:48,FRLAM
9335,2023-08-13,MORLAIX,NON,8610,11:29,ATLANTIQUE,RENNES,BRETAPARIS,FRRNS,09:44,FRMXN
9336,2023-08-13,MORLAIX,OUI,8610,10:33,ATLANTIQUE,ST BRIEUC,BRETAPARIS,FRSBK,09:44,FRMXN
9337,2023-08-13,PLOUARET TREGOR,NON,8610,12:01,ATLANTIQUE,LAVAL,BRETAPARIS,FRACR,10:02,FRPLT
9338,2023-08-13,PLOUARET TREGOR,OUI,8610,10:15,ATLANTIQUE,GUINGAMP,BRETAPARIS,FRGGP,10:02,FRPLT
9339,2023-08-13,LANDERNEAU,NON,8610,10:45,ATLANTIQUE,LAMBALLE,BRETAPARIS,FRLAM,09:20,FRXLD
9340,2023-08-13,LANDERNEAU,OUI,8610,10:33,ATLANTIQUE,ST BRIEUC,BRETAPARIS,FRSBK,09:20,FRXLD
9341,2023-08-13,ANGERS ST LAUD,OUI,9886,09:45,NORD,TGV HAUTE PICARDIE,JCBRETNORD,FRTHP,06:41,FRACL
9342,2023-08-13,LILLE (intramuros),NON,9886,11:01,NORD,BRUXELLES MIDI BRUSSEL ZUID,JCBRETNORD,BEBMI,10:27,FRLLE
9343,2023-08-13,MARNE LA VALLEE CHESSY,OUI,9886,09:45,NORD,TGV HAUTE PICARDIE,JCBRETNORD,FRTHP,09:01,FRMLV
9344,2023-08-13,MASSY TGV,NON,9886,11:01,NORD,BRUXELLES MIDI BRUSSEL ZUID,JCBRETNORD,BEBMI,08:26,FRDJU
9345,2023-08-13,CHAMBERY CHALLES LES EAUX,OUI,6980,19:38,SUD EST,MACON LOCHE TGV,ALPESPARIS,FRMLT,18:22,FRCMF
9346,2023-08-13,ANNECY,OUI,6980,19:38,SUD EST,MACON LOCHE TGV,ALPESPARIS,FRMLT,17:32,FRNCY
9347,2023-08-13,ANNECY,NON,6980,21:14,SUD EST,PARIS (intramuros),ALPESPARIS,FRPLY,17:32,FRNCY
9348,2023-08-13,NIORT,OUI,8393,22:02,ATLANTIQUE,SURGERES,PAROCHELLE,FREIP,21:44,FRNIT
9349,2023-08-13,PARIS (intramuros),OUI,8393,20:55,ATLANTIQUE,POITIERS,PAROCHELLE,FRPIS,19:16,FRPMO
9350,2023-08-13,PARIS (intramuros),OUI,8393,20:19,ATLANTIQUE,ST PIERRE DES CORPS,PAROCHELLE,FRXSH,19:16,FRPMO
9351,2023-08-13,ST PIERRE DES CORPS,OUI,8393,20:55,ATLANTIQUE,POITIERS,PAROCHELLE,FRPIS,20:23,FRXSH
9352,2023-08-13,DAX,NON,8547,18:25,ATLANTIQUE,BIARRITZ,PASUDOUEST,FRBIQ,17:42,FRACG
9353,2023-08-13,DAX,NON,8547,18:41,ATLANTIQUE,ST JEAN DE LUZ CIBOURE,PASUDOUEST,FRXJZ,17:42,FRACG
9354,2023-08-13,BIARRITZ,OUI,8547,18:56,ATLANTIQUE,HENDAYE,PASUDOUEST,FRAEF,18:28,FRBIQ
9355,2023-08-13,BORDEAUX ST JEAN,NON,8547,17:38,ATLANTIQUE,DAX,PASUDOUEST,FRACG,16:21,FRBOJ
9356,2023-08-13,BORDEAUX ST JEAN,NON,8547,18:41,ATLANTIQUE,ST JEAN DE LUZ CIBOURE,PASUDOUEST,FRXJZ,16:21,FRBOJ
9357,2023-08-13,ST JEAN DE LUZ CIBOURE,OUI,8547,18:56,ATLANTIQUE,HENDAYE,PASUDOUEST,FRAEF,18:43,FRXJZ
9358,2023-08-13,MASSY TGV,NON,8547,18:25,ATLANTIQUE,BIARRITZ,PASUDOUEST,FRBIQ,14:15,FRDJU
9359,2023-08-13,BOURG EN BRESSE,NON,9789,23:30,INTERNATIONAL,GENEVE,PAGENEVE,CHGVA,22:12,FRXBK
9360,2023-08-13,UZERCHE,OUI,3684,19:31,IC ARO,LA SOUTERRAINE,TOULOUZECO,FRLST,18:21,FRAAW
9361,2023-08-13,LIMOGES BENEDICTINS,OUI,3684,19:31,IC ARO,LA SOUTERRAINE,TOULOUZECO,FRLST,19:01,FRAGQ
9362,2023-08-13,LIMOGES BENEDICTINS,OUI,3684,22:19,IC ARO,PARIS (intramuros),TOULOUZECO,FRPAZ,19:01,FRAGQ
9363,2023-08-13,LIMOGES BENEDICTINS,OUI,3684,20:46,IC ARO,VIERZON VILLE,TOULOUZECO,FRXVZ,19:01,FRAGQ
9364,2023-08-13,BRIVE LA GAILLARDE,OUI,3684,18:20,IC ARO,UZERCHE,TOULOUZECO,FRAAW,17:55,FRBVE
9365,2023-08-13,BRIVE LA GAILLARDE,OUI,3684,18:58,IC ARO,LIMOGES BENEDICTINS,TOULOUZECO,FRAGQ,17:55,FRBVE
9366,2023-08-13,ISSOUDUN,OUI,3684,20:46,IC ARO,VIERZON VILLE,TOULOUZECO,FRXVZ,20:26,FRFMN
9367,2023-08-13,LA SOUTERRAINE,OUI,3684,20:25,IC ARO,ISSOUDUN,TOULOUZECO,FRFMN,19:33,FRLST
9368,2023-08-13,PARIS (intramuros),NON,2377,20:41,EST,STRASBOURG,PASTRAMULH,FRAEG,18:55,FRPST
9369,2023-08-13,SELESTAT,OUI,2377,21:19,EST,COLMAR,PASTRAMULH,FRAEJ,21:08,FRXSQ
9370,2023-08-13,PARIS (intramuros),OUI,8447,18:05,ATLANTIQUE,ANGOULEME,PASUDOUEST,FRANG,16:03,FRPMO
9371,2023-08-13,PARIS (intramuros),OUI,8447,18:44,ATLANTIQUE,BORDEAUX ST JEAN,PASUDOUEST,FRBOJ,16:03,FRPMO
9372,2023-08-13,LUXEMBOURG,OUI,2864,10:52,EST,METZ VILLE,LUXMETZPA,FRADE,10:10,LULUX
9373,2023-08-13,PARIS (intramuros),OUI,7585,20:07,NORD,LILLE (intramuros),PAARRAS,FRLLE,18:52,FRPNO
9374,2023-08-13,KARLSRUHE HBF,NON,9577,21:36,INTERNATIONAL,MUENCHEN HBF,PASTUTMUN,DEBEG,18:27,DEQKA
9375,2023-08-13,KARLSRUHE HBF,NON,9577,20:21,INTERNATIONAL,ULM HBF,PASTUTMUN,DEQUL,18:27,DEQKA
9376,2023-08-13,STRASBOURG,NON,9577,21:36,INTERNATIONAL,MUENCHEN HBF,PASTUTMUN,DEBEG,17:46,FRAEG
9377,2023-08-13,STRASBOURG,NON,9577,20:21,INTERNATIONAL,ULM HBF,PASTUTMUN,DEQUL,17:46,FRAEG
9378,2023-08-13,GUINGAMP,OUI,8615,14:47,ATLANTIQUE,BREST,PARISBRETA,FRBES,13:40,FRGGP
9379,2023-08-13,PARIS (intramuros),NON,8615,13:53,ATLANTIQUE,PLOUARET TREGOR,PARISBRETA,FRPLT,10:53,FRPMO
9380,2023-08-13,RENNES,NON,8615,13:53,ATLANTIQUE,PLOUARET TREGOR,PARISBRETA,FRPLT,12:32,FRRNS
9381,2023-08-13,POITIERS,OUI,8483,09:03,ATLANTIQUE,ANGOULEME,PASUDOUEST,FRANG,08:23,FRPIS
9382,2023-08-13,PARIS (intramuros),OUI,8483,10:12,ATLANTIQUE,BORDEAUX ST JEAN,PASUDOUEST,FRBOJ,06:47,FRPMO
9383,2023-08-13,PARIS (intramuros),OUI,8483,09:45,ATLANTIQUE,LIBOURNE,PASUDOUEST,FRXLR,06:47,FRPMO
9384,2023-08-13,VENDOME VILLIERS SUR LOIR,OUI,8313,17:35,ATLANTIQUE,ST PIERRE DES CORPS,PAROCHELLE,FRXSH,17:16,FRESL
9385,2023-08-13,ARGELES SUR MER,OUI,3736,07:19,IC NUIT,PARIS (intramuros),PALOMBEPAR,FRPAZ,19:30,FRARM
9386,2023-08-13,LEZIGNAN-CORBIERES,OUI,3736,07:19,IC NUIT,PARIS (intramuros),PALOMBEPAR,FRPAZ,21:27,FRFUX
9387,2023-08-13,LEUCATE LA FRANQUI,OUI,3736,07:19,IC NUIT,PARIS (intramuros),PALOMBEPAR,FRPAZ,20:15,FRILQ
9388,2023-08-13,RIVESALTES,OUI,3736,06:08,IC NUIT,LES AUBRAIS ORLEANS,PALOMBEPAR,FRLAB,20:00,FRIOF
9389,2023-08-13,PERPIGNAN,OUI,3736,06:08,IC NUIT,LES AUBRAIS ORLEANS,PALOMBEPAR,FRLAB,19:51,FRPGF
9390,2023-08-13,COLLIOURE,OUI,3736,06:08,IC NUIT,LES AUBRAIS ORLEANS,PALOMBEPAR,FRLAB,19:24,FRXCU
9391,2023-08-13,PORT VENDRES VILLE,OUI,3736,07:19,IC NUIT,PARIS (intramuros),PALOMBEPAR,FRPAZ,19:19,FRXPV
9392,2023-08-13,LYON (intramuros),NON,6821,10:17,SUD EST,CARCASSONNE,JCPROVSUD,FRCCF,06:37,FRLPD
9393,2023-08-13,MONTPELLIER SAINT-ROCH,NON,6821,09:27,SUD EST,BEZIERS,JCPROVSUD,FRBZR,08:44,FRMPL
9394,2023-08-13,VALENCE TGV RHONE-ALPES SUD,NON,6821,09:00,SUD EST,SETE,JCPROVSUD,FRXSY,07:18,FRVLA
9395,2023-08-13,SETE,NON,6821,09:44,SUD EST,NARBONNE,JCPROVSUD,FRXNA,09:03,FRXSY
9396,2023-08-13,GRENOBLE,OUI,6924,19:53,SUD EST,LYON-SAINT EXUPERY TGV,GRENOBLEPA,FRJDQ,18:46,FRGNB
9397,2023-08-13,GRENOBLE,OUI,6924,21:46,SUD EST,PARIS (intramuros),GRENOBLEPA,FRPLY,18:46,FRGNB
9398,2023-08-13,LYON (intramuros),OUI,6632,22:00,SUD EST,PARIS (intramuros),RHONEPARIS,FRPLY,20:04,FRLPD
9399,2023-08-13,AIX EN PROVENCE TGV,OUI,6122,15:35,SUD EST,AVIGNON TGV,PROVENCEPA,FRAVG,15:16,FRAIE
9400,2023-08-13,AIX EN PROVENCE TGV,OUI,6122,18:22,SUD EST,PARIS (intramuros),PROVENCEPA,FRPLY,15:16,FRAIE
9401,2023-08-13,ANGERS ST LAUD,NON,2206,18:00,EST,CHAMPAGNE-ARDENNE,JCATLEST,FREAH,14:49,FRACL
9402,2023-08-13,ANGERS ST LAUD,NON,2206,18:48,EST,LORRAINE TGV,JCATLEST,FREAM,14:49,FRACL
9403,2023-08-13,ANGERS ST LAUD,NON,2206,16:57,EST,MARNE LA VALLEE CHESSY,JCATLEST,FRMLV,14:49,FRACL
9404,2023-08-13,LE MANS,NON,2206,18:00,EST,CHAMPAGNE-ARDENNE,JCATLEST,FREAH,15:30,FRAET
9405,2023-08-13,MASSY TGV,NON,2206,16:57,EST,MARNE LA VALLEE CHESSY,JCATLEST,FRMLV,16:26,FRDJU
9406,2023-08-13,LORRAINE TGV,OUI,2206,19:29,EST,STRASBOURG,JCATLEST,FRAEG,18:51,FREAM
9407,2023-08-13,AEROPORT CDG2 TGV ROISSY,NON,2206,19:29,EST,STRASBOURG,JCATLEST,FRAEG,17:29,FRMLW
9408,2023-08-13,AEROPORT CDG2 TGV ROISSY,NON,2206,18:00,EST,CHAMPAGNE-ARDENNE,JCATLEST,FREAH,17:29,FRMLW
9409,2023-08-13,NANTES,NON,2206,16:20,EST,MASSY TGV,JCATLEST,FRDJU,14:09,FRNTE
9410,2023-08-13,ALBI MADELEINE,NON,3754,05:43,IC NUIT,LES AUBRAIS ORLEANS,OCCITANPAR,FRLAB,20:55,FRAMA
9411,2023-08-13,CRANSAC,NON,3754,06:50,IC NUIT,PARIS (intramuros),OCCITANPAR,FRPAZ,23:20,FRFSR
9412,2023-08-13,CARMAUX,NON,3754,05:43,IC NUIT,LES AUBRAIS ORLEANS,OCCITANPAR,FRLAB,21:13,FRFWA
9413,2023-08-13,RODEZ,NON,3754,05:43,IC NUIT,LES AUBRAIS ORLEANS,OCCITANPAR,FRLAB,22:38,FRRDZ
9414,2023-08-13,AUBIN,NON,3754,05:43,IC NUIT,LES AUBRAIS ORLEANS,OCCITANPAR,FRLAB,23:24,FRFSQ
9415,2023-08-13,PARIS (intramuros),NON,9241,08:16,INTERNATIONAL,MACON LOCHE TGV,PAITALIE,FRMLT,06:44,FRPLY
9416,2023-08-13,PARIS (intramuros),NON,9241,13:49,INTERNATIONAL,MILANO P GARIBALDI,PAITALIE,ITMPG,06:44,FRPLY
9417,2023-08-13,PARIS (intramuros),NON,9241,12:23,INTERNATIONAL,TORINO PORTA SUSA,PAITALIE,ITTRS,06:44,FRPLY
9418,2023-08-13,AVIGNON TGV,NON,9868,19:01,NORD,AEROPORT CDG2 TGV ROISSY,JCSUDNORD,FRMLW,15:46,FRAVG
9419,2023-08-13,LYON (intramuros),NON,9868,18:47,NORD,MARNE LA VALLEE CHESSY,JCSUDNORD,FRMLV,17:00,FRLPD
9420,2023-08-13,MARSEILLE ST CHARLES,OUI,9868,15:21,NORD,AIX EN PROVENCE TGV,JCSUDNORD,FRAIE,15:11,FRMSC
9421,2023-08-13,MARSEILLE ST CHARLES,NON,9868,18:47,NORD,MARNE LA VALLEE CHESSY,JCSUDNORD,FRMLV,15:11,FRMSC
9422,2023-08-13,PARIS (intramuros),NON,2815,12:04,EST,METZ VILLE,PAMETZLUX,FRADE,10:40,FRPST
9423,2023-08-13,THIONVILLE,OUI,2815,12:52,EST,LUXEMBOURG,PAMETZLUX,LULUX,12:30,FRXTH
9424,2023-08-13,KAISERSLAUTERN HBF,NON,9555,20:59,INTERNATIONAL,FRANKFURT MAIN HBF,PAFRANC,DEFRH,19:37,DEKLT
9425,2023-08-13,ST MALO,OUI,8096,21:25,ATLANTIQUE,RENNES,BRETAPARIS,FRRNS,20:42,FRXSB
9426,2023-08-13,LORIENT,OUI,8717,15:34,ATLANTIQUE,QUIMPER,PARISBRETA,FRUIP,15:00,FRLRT
9427,2023-08-13,RENNES,NON,8717,15:34,ATLANTIQUE,QUIMPER,PARISBRETA,FRUIP,13:29,FRRNS
9428,2023-08-13,VANNES,OUI,8717,15:34,ATLANTIQUE,QUIMPER,PARISBRETA,FRUIP,14:28,FRVNE
9429,2023-08-13,AURAY,OUI,8717,14:57,ATLANTIQUE,LORIENT,PARISBRETA,FRLRT,14:41,FRXUY
9430,2023-08-13,MONTPELLIER SAINT-ROCH,OUI,6208,21:00,SUD EST,VALENCE TGV RHONE-ALPES SUD,LANGPA,FRVLA,19:44,FRMPL
9431,2023-08-13,AVIGNON TGV,NON,5066,13:54,NORD,LYON (intramuros),JCSUDNORD,FRLPD,12:48,FRAVG
9432,2023-08-13,MARNE LA VALLEE CHESSY,OUI,5066,16:57,NORD,LILLE (intramuros),JCSUDNORD,FRLLE,15:50,FRMLV
9433,2023-08-13,AEROPORT CDG2 TGV ROISSY,OUI,5066,16:57,NORD,LILLE (intramuros),JCSUDNORD,FRLLE,16:07,FRMLW
9434,2023-08-13,BORDEAUX ST JEAN,NON,12260,15:20,ATLANTIQUE,ANGOULEME,SUDOUESTPA,FRANG,14:46,FRBOJ
9435,2023-08-13,VALLORBE,NON,9278,20:04,INTERNATIONAL,PARIS (intramuros),SUISPA,FRPLY,17:00,CHAGL
9436,2023-08-13,LAUSANNE,NON,9278,17:57,INTERNATIONAL,DOLE VILLE,SUISPA,FRACE,16:23,CHAJF
9437,2023-08-13,FRASNE,OUI,9278,18:24,INTERNATIONAL,DIJON VILLE,SUISPA,FRABA,17:15,FRFRA
9438,2023-08-13,LYON (intramuros),NON,9882,21:57,NORD,LILLE (intramuros),JCSUDNORD,FRLLE,19:00,FRLPD
9439,2023-08-13,MARNE LA VALLEE CHESSY,NON,9882,22:43,NORD,BRUXELLES MIDI BRUSSEL ZUID,JCSUDNORD,BEBMI,20:51,FRMLV
9440,2023-08-13,MARSEILLE ST CHARLES,NON,9882,21:01,NORD,AEROPORT CDG2 TGV ROISSY,JCSUDNORD,FRMLW,17:04,FRMSC
9441,2023-08-13,NIMES,OUI,6231,12:59,SUD EST,AGDE,PALANG,FRXAG,11:55,FRFNI
9442,2023-08-13,MONTPELLIER SAINT-ROCH,OUI,6231,12:59,SUD EST,AGDE,PALANG,FRXAG,12:26,FRMPL
9443,2023-08-13,PARIS (intramuros),NON,6231,13:14,SUD EST,BEZIERS,PALANG,FRBZR,08:56,FRPLY
9444,2023-08-13,NICE VILLE,OUI,6170,11:29,SUD EST,CANNES,AZURPA,FRJCA,10:54,FRNIC
9445,2023-08-13,NICE VILLE,NON,6170,16:34,SUD EST,PARIS (intramuros),AZURPA,FRPLY,10:54,FRNIC
9446,2023-08-13,ANTIBES,NON,6170,13:53,SUD EST,AVIGNON TGV,AZURPA,FRAVG,11:16,FRXAT
9447,2023-08-13,ANTIBES,NON,6170,16:34,SUD EST,PARIS (intramuros),AZURPA,FRPLY,11:16,FRXAT
9448,2023-08-13,ST RAPHAEL VALESCURE,NON,6170,13:53,SUD EST,AVIGNON TGV,AZURPA,FRAVG,11:58,FRXSK
9449,2023-08-13,GUINGAMP,OUI,8692,19:40,ATLANTIQUE,ST BRIEUC,BRETAPARIS,FRSBK,19:25,FRGGP
9450,2023-08-13,LANNION,OUI,8692,20:29,ATLANTIQUE,RENNES,BRETAPARIS,FRRNS,18:55,FRLAI
9451,2023-08-13,ST BRIEUC,OUI,8692,20:29,ATLANTIQUE,RENNES,BRETAPARIS,FRRNS,19:43,FRSBK
9452,2023-08-13,FREIBURG BREISGAU HBF,OUI,9402,20:20,EST,PARIS (intramuros),MULHSTRAPA,FRPST,16:45,DEFGB
9453,2023-08-13,OFFENBOURG/OFFENBURG,OUI,9402,20:20,EST,PARIS (intramuros),MULHSTRAPA,FRPST,17:41,DEZPA
9454,2023-08-13,RINGSHEIM/EU-PARK,OUI,9402,17:36,EST,OFFENBOURG/OFFENBURG,MULHSTRAPA,DEZPA,17:08,DERSH
9455,2023-08-13,RINGSHEIM/EU-PARK,OUI,9402,19:35,EST,CHAMPAGNE-ARDENNE,MULHSTRAPA,FREAH,17:08,DERSH
9456,2023-08-13,FREIBURG BREISGAU HBF,OUI,9402,19:35,EST,CHAMPAGNE-ARDENNE,MULHSTRAPA,FREAH,16:45,DEFGB
9457,2023-08-13,PARIS (intramuros),NON,2443,18:29,EST,STRASBOURG,PASTRAMULH,FRAEG,16:43,FRPST
9458,2023-08-13,MULHOUSE VILLE,NON,6702,10:46,SUD EST,PARIS (intramuros),BOURPA,FRPLY,07:46,FRAEK
9459,2023-08-13,BELFORT-MONTBELIARD TGV,OUI,6702,09:02,SUD EST,DIJON VILLE,BOURPA,FRABA,08:11,FRTJA
9460,2023-08-13,PARIS (intramuros),NON,3741,07:50,IC NUIT,PAU,PARPALOMBE,FRAEE,21:42,FRPAZ
9461,2023-08-13,PARIS (intramuros),NON,3741,09:55,IC NUIT,BIARRITZ,PARPALOMBE,FRBIQ,21:42,FRPAZ
9462,2023-08-13,PARIS (intramuros),NON,3741,07:05,IC NUIT,TARBES,PARPALOMBE,FRXTB,21:42,FRPAZ
9463,2023-08-13,LES AUBRAIS ORLEANS,NON,3741,06:18,IC NUIT,ST GAUDENS,PARPALOMBE,FRFPH,22:49,FRLAB
9464,2023-08-13,AVIGNON CENTRE,OUI,6193,16:36,SUD EST,MIRAMAS,PAVDR,FRMAZ,15:59,FRAES
9465,2023-08-13,ARLES,OUI,6193,16:36,SUD EST,MIRAMAS,PAVDR,FRMAZ,16:19,FRHZA
9466,2023-08-13,LYON-SAINT EXUPERY TGV,NON,6193,16:36,SUD EST,MIRAMAS,PAVDR,FRMAZ,14:11,FRJDQ
9467,2023-08-13,LYON-SAINT EXUPERY TGV,NON,6193,15:38,SUD EST,ORANGE,PAVDR,FRXOG,14:11,FRJDQ
9468,2023-08-13,PARIS (intramuros),NON,6193,15:56,SUD EST,AVIGNON CENTRE,PAVDR,FRAES,12:14,FRPLY
9469,2023-08-13,PARIS (intramuros),NON,6193,15:09,SUD EST,MONTELIMAR GARE SNCF,PAVDR,FRXMK,12:14,FRPLY
9470,2023-08-13,MONTELIMAR GARE SNCF,OUI,6193,16:16,SUD EST,ARLES,PAVDR,FRHZA,15:12,FRXMK
9471,2023-08-13,BORDEAUX ST JEAN,OUI,8476,22:37,ATLANTIQUE,PARIS (intramuros),SUDOUESTPA,FRPMO,19:50,FRBOJ
9472,2023-08-13,BORDEAUX ST JEAN,OUI,8476,21:28,ATLANTIQUE,ST PIERRE DES CORPS,SUDOUESTPA,FRXSH,19:50,FRBOJ
9473,2023-08-13,ARCACHON,OUI,8476,22:37,ATLANTIQUE,PARIS (intramuros),SUDOUESTPA,FRPMO,18:58,FRXAC
9474,2023-08-13,ST ETIENNE CHATEAUCREUX,OUI,6696,17:25,SUD EST,LYON (intramuros),RHONEPARIS,FRLPD,16:43,FRHHD
9475,2023-08-13,LYON (intramuros),OUI,6696,19:34,SUD EST,PARIS (intramuros),RHONEPARIS,FRPLY,17:38,FRLPD
9476,2023-08-13,DAX,NON,8536,15:52,ATLANTIQUE,PARIS (intramuros),SUDOUESTPA,FRPMO,12:24,FRACG
9477,2023-08-13,HENDAYE,NON,8536,15:52,ATLANTIQUE,PARIS (intramuros),SUDOUESTPA,FRPMO,11:09,FRAEF
9478,2023-08-13,BIARRITZ,OUI,8536,12:19,ATLANTIQUE,DAX,SUDOUESTPA,FRACG,11:34,FRBIQ
9479,2023-08-13,ST JEAN DE LUZ CIBOURE,OUI,8536,13:40,ATLANTIQUE,BORDEAUX ST JEAN,SUDOUESTPA,FRBOJ,11:21,FRXJZ
9480,2023-08-13,ST JEAN DE LUZ CIBOURE,OUI,8536,11:45,ATLANTIQUE,BAYONNE,SUDOUESTPA,FRXBY,11:21,FRXJZ
9481,2023-08-13,LILLE (intramuros),OUI,5012,09:53,NORD,AEROPORT CDG2 TGV ROISSY,JCNORDSUD,FRMLW,09:03,FRLLE
9482,2023-08-13,AEROPORT CDG2 TGV ROISSY,NON,5012,12:00,NORD,LYON (intramuros),JCNORDSUD,FRLPD,09:58,FRMLW
9483,2023-08-13,LYON (intramuros),OUI,6614,13:00,SUD EST,PARIS (intramuros),RHONEPARIS,FRPLY,11:04,FRLPD
9484,2023-08-13,NICE VILLE,OUI,6182,16:48,SUD EST,ANTIBES,AZURPA,FRXAT,16:34,FRNIC
9485,2023-08-13,ARRAS,OUI,7212,10:08,NORD,PARIS (intramuros),ARRASPA,FRPNO,09:18,FRQRV
9486,2023-08-13,VENDOME VILLIERS SUR LOIR,OUI,8323,22:19,ATLANTIQUE,TOURS,PAROCHELLE,FRAFW,21:45,FRESL
9487,2023-08-13,PARIS (intramuros),OUI,8323,21:43,ATLANTIQUE,VENDOME VILLIERS SUR LOIR,PAROCHELLE,FRESL,20:57,FRPMO
9488,2023-08-13,LES AUBRAIS ORLEANS,NON,3751,05:01,IC NUIT,CAHORS,PAVERMEIL,FRZAO,23:32,FRLAB
9489,2023-08-13,DAX,OUI,8574,19:36,ATLANTIQUE,TARBES,PASUDOUEST,FRXTB,17:46,FRACG
9490,2023-08-13,PAU,OUI,8574,19:36,ATLANTIQUE,TARBES,PASUDOUEST,FRXTB,18:47,FRAEE
9491,2023-08-13,BORDEAUX ST JEAN,NON,8574,17:38,ATLANTIQUE,DAX,PASUDOUEST,FRACG,16:21,FRBOJ
9492,2023-08-13,MASSY TGV,NON,8574,19:14,ATLANTIQUE,LOURDES,PASUDOUEST,FRLDE,14:15,FRDJU
9493,2023-08-13,AGEN,NON,4661,16:14,IC ARO,BEZIERS,TJOURSOSE,FRBZR,13:33,FRAGF
9494,2023-08-13,AGEN,NON,4661,17:20,IC ARO,NIMES,TJOURSOSE,FRFNI,13:33,FRAGF
9495,2023-08-13,BORDEAUX ST JEAN,NON,4661,16:52,IC ARO,MONTPELLIER SAINT-ROCH,TJOURSOSE,FRMPL,12:28,FRBOJ
9496,2023-08-13,BEZIERS,NON,4661,17:48,IC ARO,ARLES,TJOURSOSE,FRHZA,16:17,FRBZR
9497,2023-08-13,MONTAUBAN VILLE BOURBON,NON,4661,15:28,IC ARO,CARCASSONNE,TJOURSOSE,FRCCF,14:10,FRXMW
9498,2023-08-13,MONTAUBAN VILLE BOURBON,NON,4661,14:37,IC ARO,TOULOUSE MATABIAU,TJOURSOSE,FRXYT,14:10,FRXMW
9499,2023-08-13,NARBONNE,NON,4661,17:48,IC ARO,ARLES,TJOURSOSE,FRHZA,16:01,FRXNA
9500,2023-08-13,NARBONNE,NON,4661,16:52,IC ARO,MONTPELLIER SAINT-ROCH,TJOURSOSE,FRMPL,16:01,FRXNA
9501,2023-08-13,STRASBOURG,NON,5488,21:00,EST,LE MANS,JCESTATL,FRAET,17:01,FRAEG
9502,2023-08-13,STRASBOURG,OUI,5488,17:39,EST,LORRAINE TGV,JCESTATL,FREAM,17:01,FRAEG
9503,2023-08-13,MASSY TGV,NON,5488,21:40,EST,ANGERS ST LAUD,JCESTATL,FRACL,20:10,FRDJU
9504,2023-08-13,CHAMPAGNE-ARDENNE,NON,5488,21:00,EST,LE MANS,JCESTATL,FRAET,18:35,FREAH
9505,2023-08-13,CHAMPAGNE-ARDENNE,NON,5488,22:19,EST,NANTES,JCESTATL,FRNTE,18:35,FREAH
9506,2023-08-13,LORRAINE TGV,NON,5488,20:04,EST,MASSY TGV,JCESTATL,FRDJU,17:42,FREAM
9507,2023-08-13,LORRAINE TGV,NON,5488,22:19,EST,NANTES,JCESTATL,FRNTE,17:42,FREAM
9508,2023-08-13,MARNE LA VALLEE CHESSY,NON,5488,21:00,EST,LE MANS,JCESTATL,FRAET,19:35,FRMLV
9509,2023-08-13,MARNE LA VALLEE CHESSY,NON,5488,20:04,EST,MASSY TGV,JCESTATL,FRDJU,19:35,FRMLV
9510,2023-08-13,MEUSE TGV,NON,5488,22:19,EST,NANTES,JCESTATL,FRNTE,18:09,FREAJ
9511,2023-08-13,BOULOGNE VILLE,OUI,7534,19:08,NORD,PARIS (intramuros),ARRASPA,FRPNO,16:41,FRAEB
9512,2023-08-13,CALAIS FRETHUN,OUI,7534,19:08,NORD,PARIS (intramuros),ARRASPA,FRPNO,17:15,FRSTH
9513,2023-08-13,LE MANS,NON,5332,09:16,SUD EST,MASSY TGV,JCATLSUD,FRDJU,08:26,FRAET
9514,2023-08-13,AVIGNON TGV,OUI,5332,13:10,SUD EST,AIX EN PROVENCE TGV,JCATLSUD,FRAIE,12:50,FRAVG
9515,2023-08-13,LYON (intramuros),NON,5332,13:10,SUD EST,AIX EN PROVENCE TGV,JCATLSUD,FRAIE,11:38,FRLPD
9516,2023-08-13,LAVAL,NON,8723,18:44,ATLANTIQUE,QUIMPER,PARISBRETA,FRUIP,16:00,FRACR
9517,2023-08-13,QUIMPERLE,OUI,8723,18:28,ATLANTIQUE,ROSPORDEN,PARISBRETA,FRRSP,18:15,FRECO
9518,2023-08-13,LORIENT,OUI,8723,18:12,ATLANTIQUE,QUIMPERLE,PARISBRETA,FRECO,18:02,FRLRT
9519,2023-08-13,PARIS (intramuros),NON,8723,16:25,ATLANTIQUE,RENNES,PARISBRETA,FRRNS,14:41,FRPMO
9520,2023-08-13,VANNES,NON,8723,18:12,ATLANTIQUE,QUIMPERLE,PARISBRETA,FRECO,17:31,FRVNE
9521,2023-08-13,REDON,NON,8723,17:40,ATLANTIQUE,AURAY,PARISBRETA,FRXUY,17:05,FRXRN
9522,2023-08-13,PARIS (intramuros),OUI,6633,23:10,SUD EST,LYON (intramuros),PARISRHONE,FRLPD,21:00,FRPLY
9523,2023-08-13,PARIS (intramuros),OUI,6633,22:17,SUD EST,LE CREUSOT MONTCEAU MONTCHANIN,PARISRHONE,FRXCC,21:00,FRPLY
9524,2023-08-13,LE CREUSOT MONTCEAU MONTCHANIN,OUI,6633,23:10,SUD EST,LYON (intramuros),PARISRHONE,FRLPD,22:20,FRXCC
9525,2023-08-13,AVIGNON TGV,OUI,5124,23:38,NORD,AIX EN PROVENCE TGV,JCNORDSUD,FRAIE,23:17,FRAVG
9526,2023-08-13,LILLE (intramuros),OUI,5124,20:09,NORD,MARNE LA VALLEE CHESSY,JCNORDSUD,FRMLV,18:22,FRLLE
9527,2023-08-13,MARNE LA VALLEE CHESSY,OUI,5124,22:00,NORD,LYON (intramuros),JCNORDSUD,FRLPD,20:13,FRMLV
9528,2023-08-13,ARRAS,OUI,5124,23:53,NORD,MARSEILLE ST CHARLES,JCNORDSUD,FRMSC,18:46,FRQRV
9529,2023-08-13,TGV HAUTE PICARDIE,OUI,5124,20:09,NORD,MARNE LA VALLEE CHESSY,JCNORDSUD,FRMLV,19:15,FRTHP
9530,2023-08-13,TGV HAUTE PICARDIE,OUI,5124,23:53,NORD,MARSEILLE ST CHARLES,JCNORDSUD,FRMSC,19:15,FRTHP
9531,2023-08-13,AIX EN PROVENCE TGV,OUI,6129,22:56,SUD EST,MARSEILLE ST CHARLES,PAPROVENCE,FRMSC,22:44,FRAIE
9532,2023-08-13,PARIS (intramuros),NON,6129,22:17,SUD EST,AVIGNON TGV,PAPROVENCE,FRAVG,19:38,FRPLY
9533,2023-08-13,METZ VILLE,OUI,2680,19:01,EST,PARIS (intramuros),LUXMETZPA,FRPST,17:28,FRADE
9534,2023-08-13,STRASBOURG,NON,5470,13:04,EST,MASSY TGV,JCESTATL,FRDJU,10:01,FRAEG
9535,2023-08-13,STRASBOURG,NON,5470,12:26,EST,MARNE LA VALLEE CHESSY,JCESTATL,FRMLV,10:01,FRAEG
9536,2023-08-13,STRASBOURG,NON,5470,12:01,EST,AEROPORT CDG2 TGV ROISSY,JCESTATL,FRMLW,10:01,FRAEG
9537,2023-08-13,LE MANS,OUI,5470,14:47,EST,RENNES,JCESTATL,FRRNS,14:02,FRAET
9538,2023-08-13,CHAMPAGNE-ARDENNE,NON,5470,14:47,EST,RENNES,JCESTATL,FRRNS,11:28,FREAH
9539,2023-08-13,MEUSE TGV,NON,5470,13:04,EST,MASSY TGV,JCESTATL,FRDJU,11:01,FREAJ
9540,2023-08-13,MEUSE TGV,NON,5470,11:25,EST,CHAMPAGNE-ARDENNE,JCESTATL,FREAH,11:01,FREAJ
9541,2023-08-13,MEUSE TGV,NON,5470,12:26,EST,MARNE LA VALLEE CHESSY,JCESTATL,FRMLV,11:01,FREAJ
9542,2023-08-13,LORRAINE TGV,NON,5470,13:04,EST,MASSY TGV,JCESTATL,FRDJU,10:40,FREAM
9543,2023-08-13,LORRAINE TGV,NON,5470,10:58,EST,MEUSE TGV,JCESTATL,FREAJ,10:40,FREAM
9544,2023-08-13,AEROPORT CDG2 TGV ROISSY,NON,5470,12:26,EST,MARNE LA VALLEE CHESSY,JCESTATL,FRMLV,12:16,FRMLW
9545,2023-08-13,QUIMPER,OUI,8744,19:42,ATLANTIQUE,LORIENT,BRETAPARIS,FRLRT,19:09,FRUIP
9546,2023-08-13,MARSEILLE BLANCARDE,OUI,5772,07:54,IC NUIT,PARIS (intramuros),AZURPAR,FRPAZ,22:05,FRMBC
9547,2023-08-13,MEUSE TGV,OUI,2591,15:44,EST,NANCY,PANANCY,FRENC,15:09,FREAJ
9548,2023-08-13,PARIS (intramuros),OUI,2591,14:38,EST,CHAMPAGNE-ARDENNE,PANANCY,FREAH,13:58,FRPST
9549,2023-08-13,STRASBOURG,OUI,5450,07:36,EST,CHAMPAGNE-ARDENNE,JCESTATL,FREAH,06:18,FRAEG
9550,2023-08-13,STRASBOURG,NON,5450,08:16,EST,MARNE LA VALLEE CHESSY,JCESTATL,FRMLV,06:18,FRAEG
9551,2023-08-13,STRASBOURG,NON,5450,10:41,EST,POITIERS,JCESTATL,FRPIS,06:18,FRAEG
9552,2023-08-13,STRASBOURG,NON,5450,10:06,EST,ST PIERRE DES CORPS,JCESTATL,FRXSH,06:18,FRAEG
9553,2023-08-13,CHAMPAGNE-ARDENNE,NON,5450,08:16,EST,MARNE LA VALLEE CHESSY,JCESTATL,FRMLV,07:45,FREAH
9554,2023-08-13,LORRAINE TGV,NON,5450,11:23,EST,ANGOULEME,JCESTATL,FRANG,06:56,FREAM
9555,2023-08-13,LORRAINE TGV,OUI,5450,07:36,EST,CHAMPAGNE-ARDENNE,JCESTATL,FREAH,06:56,FREAM
9556,2023-08-13,LORRAINE TGV,NON,5450,10:41,EST,POITIERS,JCESTATL,FRPIS,06:56,FREAM
9557,2023-08-13,MARNE LA VALLEE CHESSY,NON,5450,12:02,EST,BORDEAUX ST JEAN,JCESTATL,FRBOJ,08:35,FRMLV
9558,2023-08-13,PARIS (intramuros),NON,5789,07:33,IC NUIT,EMBRUN,PABRIANCON,FRIGV,20:51,FRPAZ
9559,2023-08-13,PARIS (intramuros),NON,5789,08:26,IC NUIT,BRIANCON,PABRIANCON,FRXBC,20:51,FRPAZ
9560,2023-08-13,NIMES,NON,9864,20:43,NORD,BRUXELLES MIDI BRUSSEL ZUID,JCSUDNORD,BEBMI,15:19,FRFNI
9561,2023-08-13,NIMES,NON,9864,19:56,NORD,LILLE (intramuros),JCSUDNORD,FRLLE,15:19,FRFNI
9562,2023-08-13,LYON (intramuros),NON,9864,19:56,NORD,LILLE (intramuros),JCSUDNORD,FRLLE,17:00,FRLPD
9563,2023-08-13,AEROPORT CDG2 TGV ROISSY,NON,9864,19:56,NORD,LILLE (intramuros),JCSUDNORD,FRLLE,19:07,FRMLW
9564,2023-08-13,MONTPELLIER SAINT-ROCH,NON,9864,16:49,NORD,LYON (intramuros),JCSUDNORD,FRLPD,14:51,FRMPL
9565,2023-08-13,MONTPELLIER SAINT-ROCH,NON,9864,18:47,NORD,MARNE LA VALLEE CHESSY,JCSUDNORD,FRMLV,14:51,FRMPL
9566,2023-08-13,MONTPELLIER SAINT-ROCH,OUI,9864,16:05,NORD,VALENCE TGV RHONE-ALPES SUD,JCSUDNORD,FRVLA,14:51,FRMPL
9567,2023-08-13,VALENCE TGV RHONE-ALPES SUD,NON,9864,16:49,NORD,LYON (intramuros),JCSUDNORD,FRLPD,16:10,FRVLA
9568,2023-08-13,DIJON VILLE,NON,9877,13:46,EST,VALENCE TGV RHONE-ALPES SUD,JCRHINRHON,FRVLA,11:21,FRABA
9569,2023-08-13,METZ VILLE,NON,9877,12:19,EST,MACON VILLE,JCRHINRHON,FRHGU,08:08,FRADE
9570,2023-08-13,STRASBOURG,NON,9877,14:25,EST,AVIGNON TGV,JCRHINRHON,FRAVG,09:03,FRAEG
9571,2023-08-13,AVIGNON TGV,OUI,9877,14:49,EST,AIX EN PROVENCE TGV,JCRHINRHON,FRAIE,14:28,FRAVG
9572,2023-08-13,MACON VILLE,NON,9877,13:46,EST,VALENCE TGV RHONE-ALPES SUD,JCRHINRHON,FRVLA,12:22,FRHGU
9573,2023-08-13,LYON (intramuros),NON,9877,14:49,EST,AIX EN PROVENCE TGV,JCRHINRHON,FRAIE,13:06,FRLPD
9574,2023-08-13,BESANCON - F COMTE TGV,NON,9877,12:19,EST,MACON VILLE,JCRHINRHON,FRHGU,10:44,FRTJB
9575,2023-08-13,BESANCON - F COMTE TGV,NON,9877,15:07,EST,MARSEILLE ST CHARLES,JCRHINRHON,FRMSC,10:44,FRTJB
9576,2023-08-13,VALENCE TGV RHONE-ALPES SUD,NON,9877,14:25,EST,AVIGNON TGV,JCRHINRHON,FRAVG,13:51,FRVLA
9577,2023-08-13,VALENCE TGV RHONE-ALPES SUD,NON,9877,15:07,EST,MARSEILLE ST CHARLES,JCRHINRHON,FRMSC,13:51,FRVLA
9578,2023-08-13,THIONVILLE,NON,9877,11:11,EST,DIJON VILLE,JCRHINRHON,FRABA,07:47,FRXTH
9579,2023-08-13,THIONVILLE,OUI,9877,08:56,EST,STRASBOURG,JCRHINRHON,FRAEG,07:47,FRXTH
9580,2023-08-13,THIONVILLE,OUI,9877,09:54,EST,MULHOUSE VILLE,JCRHINRHON,FRAEK,07:47,FRXTH
9581,2023-08-13,THIONVILLE,NON,9877,14:49,EST,AIX EN PROVENCE TGV,JCRHINRHON,FRAIE,07:47,FRXTH
9582,2023-08-13,LUXEMBOURG,NON,9877,11:11,EST,DIJON VILLE,JCRHINRHON,FRABA,07:24,LULUX
9583,2023-08-13,LUXEMBOURG,NON,9877,14:49,EST,AIX EN PROVENCE TGV,JCRHINRHON,FRAIE,07:24,LULUX
9584,2023-08-13,AVIGNON TGV,OUI,6117,18:45,SUD EST,AIX EN PROVENCE TGV,PAPROVENCE,FRAIE,18:25,FRAVG
9585,2023-08-13,PARIS (intramuros),NON,6117,18:22,SUD EST,AVIGNON TGV,PAPROVENCE,FRAVG,15:38,FRPLY
9586,2023-08-13,PARIS (intramuros),OUI,6949,19:17,SUD EST,MACON LOCHE TGV,PARISALPES,FRMLT,17:46,FRPLY
9587,2023-08-13,BEZIERS,OUI,6258,18:12,SUD EST,PARIS (intramuros),LANGPA,FRPLY,13:58,FRBZR
9588,2023-08-13,PERPIGNAN,OUI,6258,13:55,SUD EST,BEZIERS,LANGPA,FRBZR,13:04,FRPGF
9589,2023-08-13,PERPIGNAN,OUI,6258,15:51,SUD EST,VALENCE TGV RHONE-ALPES SUD,LANGPA,FRVLA,13:04,FRPGF
9590,2023-08-13,MONTPELLIER SUD DE FRANCE,OUI,6258,18:12,SUD EST,PARIS (intramuros),LANGPA,FRPLY,14:50,FRSUF
9591,2023-08-13,PERPIGNAN,OUI,6258,14:43,SUD EST,MONTPELLIER SUD DE FRANCE,LANGPA,FRSUF,13:04,FRPGF
9592,2023-08-13,PERPIGNAN,OUI,6258,15:12,SUD EST,NIMES PONT DU GARD,LANGPA,FRXZP,13:04,FRPGF
9593,2023-08-13,SETE,OUI,6258,15:12,SUD EST,NIMES PONT DU GARD,LANGPA,FRXZP,14:28,FRXSY
9594,2023-08-13,AGDE,OUI,6258,15:12,SUD EST,NIMES PONT DU GARD,LANGPA,FRXZP,14:12,FRXAG
9595,2023-08-13,PARIS (intramuros),NON,8629,18:25,ATLANTIQUE,RENNES,PARISBRETA,FRRNS,16:53,FRPMO
9596,2023-08-13,RENNES,NON,8629,19:33,ATLANTIQUE,GUINGAMP,PARISBRETA,FRGGP,18:32,FRRNS
9597,2023-08-13,RENNES,NON,8629,19:16,ATLANTIQUE,ST BRIEUC,PARISBRETA,FRSBK,18:32,FRRNS
9598,2023-08-13,ST BRIEUC,OUI,8629,20:02,ATLANTIQUE,MORLAIX,PARISBRETA,FRMXN,19:19,FRSBK
9599,2023-08-13,BEZIERS,NON,9704,19:03,SUD EST,VALENCE TGV RHONE-ALPES SUD,BARCELONEPA,FRVLA,16:58,FRBZR
9600,2023-08-13,BEZIERS,NON,9704,17:08,SUD EST,AGDE,BARCELONEPA,FRXAG,16:58,FRBZR
9601,2023-08-13,AGDE,NON,9704,17:43,SUD EST,MONTPELLIER SAINT-ROCH,BARCELONEPA,FRMPL,17:11,FRXAG
9602,2023-08-13,SETE,NON,9704,21:18,SUD EST,PARIS (intramuros),BARCELONEPA,FRPLY,17:27,FRXSY
9603,2023-08-13,GIRONA,NON,9704,21:18,SUD EST,PARIS (intramuros),BARCELONEPA,FRPLY,15:13,ESGRO
9604,2023-08-13,BARCELONA SANTS,NON,9704,19:03,SUD EST,VALENCE TGV RHONE-ALPES SUD,BARCELONEPA,FRVLA,14:32,ESBST
9605,2023-08-13,BARCELONA SANTS,NON,9704,18:16,SUD EST,NIMES,BARCELONEPA,FRFNI,14:32,ESBST
9606,2023-08-13,GIRONA,NON,9704,19:03,SUD EST,VALENCE TGV RHONE-ALPES SUD,BARCELONEPA,FRVLA,15:13,ESGRO
9607,2023-08-13,GIRONA,NON,9704,18:16,SUD EST,NIMES,BARCELONEPA,FRFNI,15:13,ESGRO
9608,2023-08-13,BARCELONA SANTS,NON,9704,17:08,SUD EST,AGDE,BARCELONEPA,FRXAG,14:32,ESBST
9609,2023-08-13,GIRONA,NON,9704,17:24,SUD EST,SETE,BARCELONEPA,FRXSY,15:13,ESGRO
9610,2023-08-13,FIGUERES VILA TGV,NON,9704,17:08,SUD EST,AGDE,BARCELONEPA,FRXAG,15:30,ESFIR
9611,2023-08-13,VALENCE TGV RHONE-ALPES SUD,OUI,6210,00:30,SUD EST,PARIS (intramuros),LANGPA,FRPLY,22:19,FRVLA
9612,2023-08-13,ANGERS ST LAUD,NON,5306,13:47,SUD EST,SAUMUR,JCATLSUD,FRACN,13:27,FRACL
9613,2023-08-13,MASSY TGV,NON,5306,17:30,SUD EST,LYON (intramuros),JCATLSUD,FRLPD,15:26,FRDJU
9614,2023-08-13,NANTES,OUI,5306,13:24,SUD EST,ANGERS ST LAUD,JCATLSUD,FRACL,12:44,FRNTE
9615,2023-08-13,NANTES,NON,5306,13:47,SUD EST,SAUMUR,JCATLSUD,FRACN,12:44,FRNTE
9616,2023-08-13,ST PIERRE DES CORPS,NON,5306,17:49,SUD EST,LYON (intramuros),JCATLSUD,FRLPE,14:28,FRXSH
9617,2023-08-13,BORDEAUX ST JEAN,NON,3852,12:05,IC SRO,NANTES,BORDONANTE,FRNTE,07:53,FRBOJ
9618,2023-08-13,JONZAC,NON,3852,11:22,IC SRO,LA ROCHE SUR YON,BORDONANTE,FRXRO,08:41,FREMR
9619,2023-08-13,JONZAC,NON,3852,09:23,IC SRO,SAINTES,BORDONANTE,FRXST,08:41,FREMR
9620,2023-08-13,LA ROCHELLE VILLE,NON,3852,11:22,IC SRO,LA ROCHE SUR YON,BORDONANTE,FRXRO,10:19,FRLRH
9621,2023-08-13,SAINTES,NON,3852,12:05,IC SRO,NANTES,BORDONANTE,FRNTE,09:25,FRXST
9622,2023-08-13,LES AUBRAIS ORLEANS,NON,3755,05:49,IC NUIT,CAPDENAC,PAVERMEIL,FRCDC,23:32,FRLAB
9623,2023-08-13,LES AUBRAIS ORLEANS,NON,3755,05:22,IC NUIT,ASSIER,PAVERMEIL,FRFSD,23:32,FRLAB
9624,2023-08-13,PARIS (intramuros),NON,3755,05:08,IC NUIT,GRAMAT,PAVERMEIL,FRFSB,22:12,FRPAZ
9625,2023-08-13,PARIS (intramuros),NON,3755,05:22,IC NUIT,ASSIER,PAVERMEIL,FRFSD,22:12,FRPAZ
9626,2023-08-13,KAISERSLAUTERN HBF,NON,9550,21:00,INTERNATIONAL,SARREBRUCK/SAARBRUECKEN,FRANCPA,DESBK,20:22,DEKLT
9627,2023-08-13,MANNHEIM HBF,NON,9550,21:10,INTERNATIONAL,FORBACH,FRANCPA,FRBQT,19:40,DEMHG
9628,2023-08-13,AVIGNON TGV,OUI,6163,20:27,SUD EST,CANNES,PAAZUR,FRJCA,17:58,FRAVG
9629,2023-08-13,CANNES,OUI,6163,21:00,SUD EST,NICE VILLE,PAAZUR,FRNIC,20:31,FRJCA
9630,2023-08-13,PARIS (intramuros),NON,6163,17:55,SUD EST,AVIGNON TGV,PAAZUR,FRAVG,15:20,FRPLY
9631,2023-08-13,PARIS (intramuros),NON,6163,20:40,SUD EST,ANTIBES,PAAZUR,FRXAT,15:20,FRPLY
9632,2023-08-13,TOULON,OUI,6163,20:40,SUD EST,ANTIBES,PAAZUR,FRXAT,19:11,FRTLN
9633,2023-08-13,BEZIERS,NON,4766,23:32,IC ARO,BORDEAUX ST JEAN,TJOURSESO,FRBOJ,19:47,FRBZR
9634,2023-08-13,BEZIERS,NON,4766,20:33,IC ARO,CARCASSONNE,TJOURSESO,FRCCF,19:47,FRBZR
9635,2023-08-13,CARCASSONNE,NON,4766,22:27,IC ARO,AGEN,TJOURSESO,FRAGF,20:35,FRCCF
9636,2023-08-13,NIMES,NON,4766,21:17,IC ARO,TOULOUSE MATABIAU,TJOURSESO,FRXYT,18:39,FRFNI
9637,2023-08-13,MONTPELLIER SAINT-ROCH,NON,4766,20:33,IC ARO,CARCASSONNE,TJOURSESO,FRCCF,19:07,FRMPL
9638,2023-08-13,MONTPELLIER SAINT-ROCH,NON,4766,21:49,IC ARO,MONTAUBAN VILLE BOURBON,TJOURSESO,FRXMW,19:07,FRMPL
9639,2023-08-13,MARSEILLE ST CHARLES,NON,4766,23:32,IC ARO,BORDEAUX ST JEAN,TJOURSESO,FRBOJ,17:28,FRMSC
9640,2023-08-13,MARSEILLE ST CHARLES,NON,4766,18:36,IC ARO,NIMES,TJOURSESO,FRFNI,17:28,FRMSC
9641,2023-08-13,MARSEILLE ST CHARLES,NON,4766,21:49,IC ARO,MONTAUBAN VILLE BOURBON,TJOURSESO,FRXMW,17:28,FRMSC
9642,2023-08-13,TOULOUSE MATABIAU,OUI,4766,22:27,IC ARO,AGEN,TJOURSESO,FRAGF,21:25,FRXYT
9643,2023-08-13,TOULOUSE MATABIAU,OUI,4766,23:32,IC ARO,BORDEAUX ST JEAN,TJOURSESO,FRBOJ,21:25,FRXYT
9644,2023-08-13,ISSOUDUN,OUI,3625,13:57,IC ARO,LIMOGES BENEDICTINS,PALITO,FRAGQ,12:33,FRFMN
9645,2023-08-13,LA SOUTERRAINE,OUI,3625,15:04,IC ARO,BRIVE LA GAILLARDE,PALITO,FRBVE,13:26,FRLST
9646,2023-08-13,PARIS (intramuros),OUI,3625,12:31,IC ARO,ISSOUDUN,PALITO,FRFMN,10:40,FRPAZ
9647,2023-08-13,PARIS (intramuros),OUI,3625,12:11,IC ARO,VIERZON VILLE,PALITO,FRXVZ,10:40,FRPAZ
9648,2023-08-13,CANNES,OUI,6186,20:30,SUD EST,AVIGNON TGV,AZURPA,FRAVG,18:08,FRJCA
9649,2023-08-13,NICE VILLE,OUI,6186,18:04,SUD EST,CANNES,AZURPA,FRJCA,17:39,FRNIC
9650,2023-08-13,TOULON,OUI,6186,20:30,SUD EST,AVIGNON TGV,AZURPA,FRAVG,19:24,FRTLN
9651,2023-08-13,ST RAPHAEL VALESCURE,OUI,6186,20:30,SUD EST,AVIGNON TGV,AZURPA,FRAVG,18:33,FRXSK
9652,2023-08-13,ST RAPHAEL VALESCURE,OUI,6186,19:20,SUD EST,TOULON,AZURPA,FRTLN,18:33,FRXSK
9653,2023-08-13,LAVAL,OUI,8067,19:10,ATLANTIQUE,RENNES,PARISBRETA,FRRNS,18:45,FRACR
9654,2023-08-13,LE MANS,OUI,8067,19:10,ATLANTIQUE,RENNES,PARISBRETA,FRRNS,18:13,FRAET
9655,2023-08-13,PARIS (intramuros),NON,6055,21:46,SUD EST,NIMES PONT DU GARD,PALANG,FRXZP,18:56,FRPLY
9656,2023-08-13,SEDAN,OUI,2766,21:45,EST,RETHEL,SEDBARPA,FRBDT,20:53,FRXSW
9657,2023-08-13,TOULON,OUI,6155,13:40,SUD EST,HYERES,PAAZUR,FRXHE,13:24,FRTLN
9658,2023-08-13,AVIGNON TGV,NON,6155,13:40,SUD EST,HYERES,PAAZUR,FRXHE,12:05,FRAVG
9659,2023-08-13,AVIGNON TGV,NON,6165,15:11,SUD EST,TOULON,PAAZUR,FRTLN,14:04,FRAVG
9660,2023-08-13,PARIS (intramuros),NON,6165,16:25,SUD EST,CANNES,PAAZUR,FRJCA,11:22,FRPLY
9661,2023-08-13,PARIS (intramuros),NON,6165,15:11,SUD EST,TOULON,PAAZUR,FRTLN,11:22,FRPLY
9662,2023-08-13,TOULON,OUI,6165,16:25,SUD EST,CANNES,PAAZUR,FRJCA,15:15,FRTLN
9663,2023-08-13,ST RAPHAEL VALESCURE,OUI,6165,16:58,SUD EST,NICE VILLE,PAAZUR,FRNIC,16:04,FRXSK
9664,2023-08-13,LYON (intramuros),OUI,6624,16:47,SUD EST,LE CREUSOT MONTCEAU MONTCHANIN,RHONEPARIS,FRXCC,16:04,FRLPD
9665,2023-08-13,ANGERS ST LAUD,OUI,8827,23:54,ATLANTIQUE,NANTES,PARISLOIRE,FRNTE,23:16,FRACL
9666,2023-08-13,PARIS (intramuros),OUI,8827,23:54,ATLANTIQUE,NANTES,PARISLOIRE,FRNTE,21:49,FRPMO
9667,2023-08-13,AVIGNON CENTRE,OUI,6196,14:46,SUD EST,MONTELIMAR GARE SNCF,VDRPA,FRXMK,14:04,FRAES
9668,2023-08-13,ORANGE,NON,6196,17:46,SUD EST,PARIS (intramuros),VDRPA,FRPLY,14:21,FRXOG
9669,2023-08-13,ORANGE,OUI,6196,14:46,SUD EST,MONTELIMAR GARE SNCF,VDRPA,FRXMK,14:21,FRXOG
9670,2023-08-13,PARIS (intramuros),NON,6047,11:03,SUD EST,BEZIERS,PALANG,FRBZR,06:56,FRPLY
9671,2023-08-13,VALENCE TGV RHONE-ALPES SUD,NON,6047,11:20,SUD EST,NARBONNE,PALANG,FRXNA,09:10,FRVLA
9672,2023-08-13,VALENCE TGV RHONE-ALPES SUD,NON,6047,10:31,SUD EST,SETE,PALANG,FRXSY,09:10,FRVLA
9673,2023-08-13,NARBONNE,OUI,6047,11:56,SUD EST,PERPIGNAN,PALANG,FRPGF,11:23,FRXNA
9674,2023-08-13,PARIS (intramuros),NON,6047,10:08,SUD EST,MONTPELLIER SUD DE FRANCE,PALANG,FRSUF,06:56,FRPLY
9675,2023-08-13,NIMES PONT DU GARD,NON,6047,11:56,SUD EST,PERPIGNAN,PALANG,FRPGF,09:49,FRXZP
9676,2023-08-13,AIX EN PROVENCE TGV,OUI,6181,22:02,SUD EST,ST RAPHAEL VALESCURE,PAAZUR,FRXSK,20:20,FRAIE
9677,2023-08-13,PARIS (intramuros),OUI,6181,20:17,SUD EST,AIX EN PROVENCE TGV,PAAZUR,FRAIE,17:22,FRPLY
9678,2023-08-13,PARIS (intramuros),OUI,6181,22:41,SUD EST,ANTIBES,PAAZUR,FRXAT,17:22,FRPLY
9679,2023-08-13,TOULON,OUI,6181,22:41,SUD EST,ANTIBES,PAAZUR,FRXAT,21:15,FRTLN
9680,2023-08-13,TOULON,OUI,6181,22:02,SUD EST,ST RAPHAEL VALESCURE,PAAZUR,FRXSK,21:15,FRTLN
9681,2023-08-13,ST RAPHAEL VALESCURE,OUI,6181,23:00,SUD EST,NICE VILLE,PAAZUR,FRNIC,22:05,FRXSK
9682,2023-08-13,CANNES,NON,6176,14:33,SUD EST,MARSEILLE ST CHARLES,AZURPA,FRMSC,12:33,FRJCA
9683,2023-08-13,NICE VILLE,OUI,6176,12:29,SUD EST,CANNES,AZURPA,FRJCA,12:02,FRNIC
9684,2023-08-13,ANTIBES,OUI,6176,13:44,SUD EST,TOULON,AZURPA,FRTLN,12:19,FRXAT
9685,2023-08-13,ANTIBES,OUI,6176,12:55,SUD EST,ST RAPHAEL VALESCURE,AZURPA,FRXSK,12:19,FRXAT
9686,2023-08-13,LYON (intramuros),NON,4506,17:49,IC SRO,MOULINS SUR ALLIER,JOURLYNNTE,FRXMU,15:46,FRLPD
9687,2023-08-13,LYON (intramuros),NON,4506,19:25,IC SRO,VIERZON VILLE,JOURLYNNTE,FRXVZ,15:46,FRLPD
9688,2023-08-13,NEVERS,NON,4506,19:06,IC SRO,BOURGES,JOURLYNNTE,FRBOU,18:29,FRNVS
9689,2023-08-13,ROANNE,NON,4506,20:59,IC SRO,SAUMUR,JOURLYNNTE,FRACN,16:51,FRRNE
9690,2023-08-13,ROANNE,NON,4506,19:06,IC SRO,BOURGES,JOURLYNNTE,FRBOU,16:51,FRRNE
9691,2023-08-13,ROANNE,NON,4506,17:49,IC SRO,MOULINS SUR ALLIER,JOURLYNNTE,FRXMU,16:51,FRRNE
9692,2023-08-13,ST GERMAIN DES FOSSES,NON,4506,22:04,IC SRO,NANTES,JOURLYNNTE,FRNTE,17:30,FRSGF
9693,2023-08-13,MOULINS SUR ALLIER,NON,4506,21:22,IC SRO,ANGERS ST LAUD,JOURLYNNTE,FRACL,17:51,FRXMU
9694,2023-08-13,VIERZON VILLE,NON,4506,22:04,IC SRO,NANTES,JOURLYNNTE,FRNTE,19:27,FRXVZ
9695,2023-08-13,VIERZON VILLE,NON,4506,20:26,IC SRO,ST PIERRE DES CORPS,JOURLYNNTE,FRXSH,19:27,FRXVZ
9696,2023-08-13,LAVAL,OUI,8073,22:26,ATLANTIQUE,RENNES,PARISBRETA,FRRNS,21:44,FRACR
9697,2023-08-13,LAVAL,OUI,8073,22:02,ATLANTIQUE,VITRE,PARISBRETA,FRXVT,21:44,FRACR
9698,2023-08-13,LE MANS,OUI,8073,21:41,ATLANTIQUE,LAVAL,PARISBRETA,FRACR,21:13,FRAET
9699,2023-08-13,CARCASSONNE,NON,6871,11:07,SUD EST,VALENCE TGV RHONE-ALPES SUD,JCSUDPROV,FRVLA,08:27,FRCCF
9700,2023-08-13,NARBONNE,NON,6871,11:50,SUD EST,LYON (intramuros),JCSUDPROV,FRLPD,08:59,FRXNA
9701,2023-08-13,SETE,NON,6871,11:07,SUD EST,VALENCE TGV RHONE-ALPES SUD,JCSUDPROV,FRVLA,09:39,FRXSY
9702,2023-08-13,TOULOUSE MATABIAU,NON,6871,11:50,SUD EST,LYON (intramuros),JCSUDPROV,FRLPD,07:43,FRXYT
9703,2023-08-13,TOULOUSE MATABIAU,NON,6871,11:07,SUD EST,VALENCE TGV RHONE-ALPES SUD,JCSUDPROV,FRVLA,07:43,FRXYT
9704,2023-08-13,TOULOUSE MATABIAU,OUI,6871,09:36,SUD EST,SETE,JCSUDPROV,FRXSY,07:43,FRXYT
9705,2023-08-13,BEZIERS,NON,6871,10:24,SUD EST,NIMES PONT DU GARD,JCSUDPROV,FRXZP,09:15,FRBZR
9706,2023-08-13,NARBONNE,NON,6871,10:24,SUD EST,NIMES PONT DU GARD,JCSUDPROV,FRXZP,08:59,FRXNA
9707,2023-08-13,ANGERS ST LAUD,NON,5480,16:57,EST,MARNE LA VALLEE CHESSY,JCATLEST,FRMLV,14:49,FRACL
9708,2023-08-13,MASSY TGV,NON,5480,18:48,EST,LORRAINE TGV,JCATLEST,FREAM,16:26,FRDJU
9709,2023-08-13,CHAMPAGNE-ARDENNE,OUI,5480,18:48,EST,LORRAINE TGV,JCATLEST,FREAM,18:10,FREAH
9710,2023-08-13,LORRAINE TGV,OUI,5480,19:29,EST,STRASBOURG,JCATLEST,FRAEG,18:51,FREAM
9711,2023-08-13,AEROPORT CDG2 TGV ROISSY,NON,5480,19:29,EST,STRASBOURG,JCATLEST,FRAEG,17:29,FRMLW
9712,2023-08-13,NANTES,NON,5480,16:20,EST,MASSY TGV,JCATLEST,FRDJU,14:09,FRNTE
9713,2023-08-13,NANTES,NON,5480,18:00,EST,CHAMPAGNE-ARDENNE,JCATLEST,FREAH,14:09,FRNTE
9714,2023-08-13,DIJON VILLE,OUI,6715,22:28,SUD EST,BESANCON - F COMTE TGV,PABOUR,FRTJB,22:02,FRABA
9715,2023-08-13,CARCASSONNE,NON,3736,06:08,IC NUIT,LES AUBRAIS ORLEANS,PALOMBEPAR,FRLAB,21:47,FRCCF
9716,2023-08-13,CASTELNAUDARY,NON,3736,06:08,IC NUIT,LES AUBRAIS ORLEANS,PALOMBEPAR,FRLAB,22:07,FRCTY
9717,2023-08-13,PORT LA NOUVELLE,NON,3736,06:08,IC NUIT,LES AUBRAIS ORLEANS,PALOMBEPAR,FRLAB,20:24,FRILP
9718,2023-08-13,RIVESALTES,NON,3736,07:19,IC NUIT,PARIS (intramuros),PALOMBEPAR,FRPAZ,20:00,FRIOF
9719,2023-08-13,COLLIOURE,NON,3736,07:19,IC NUIT,PARIS (intramuros),PALOMBEPAR,FRPAZ,19:24,FRXCU
9720,2023-08-13,NARBONNE,NON,3736,07:19,IC NUIT,PARIS (intramuros),PALOMBEPAR,FRPAZ,21:12,FRXNA
9721,2023-08-13,PERPIGNAN,OUI,6052,20:51,SUD EST,VALENCE TGV RHONE-ALPES SUD,LANGPA,FRVLA,18:04,FRPGF
9722,2023-08-13,AGDE,OUI,6052,23:05,SUD EST,PARIS (intramuros),LANGPA,FRPLY,19:14,FRXAG
9723,2023-08-13,AGDE,OUI,6052,19:27,SUD EST,SETE,LANGPA,FRXSY,19:14,FRXAG
9724,2023-08-13,NARBONNE,OUI,6052,23:05,SUD EST,PARIS (intramuros),LANGPA,FRPLY,18:43,FRXNA
9725,2023-08-13,NARBONNE,OUI,6052,19:11,SUD EST,AGDE,LANGPA,FRXAG,18:43,FRXNA
9726,2023-08-13,NARBONNE,OUI,6052,19:27,SUD EST,SETE,LANGPA,FRXSY,18:43,FRXNA
9727,2023-08-13,NARBONNE,OUI,6052,19:47,SUD EST,MONTPELLIER SUD DE FRANCE,LANGPA,FRSUF,18:43,FRXNA
9728,2023-08-13,NIMES PONT DU GARD,OUI,6052,23:05,SUD EST,PARIS (intramuros),LANGPA,FRPLY,20:13,FRXZP
9729,2023-08-13,BEZIERS,NON,9708,14:13,SUD EST,NIMES,BARCELONEPA,FRFNI,12:58,FRBZR
9730,2023-08-13,BEZIERS,NON,9708,13:10,SUD EST,AGDE,BARCELONEPA,FRXAG,12:58,FRBZR
9731,2023-08-13,NIMES,NON,9708,17:18,SUD EST,PARIS (intramuros),BARCELONEPA,FRPLY,14:17,FRFNI
9732,2023-08-13,PERPIGNAN,NON,9708,17:18,SUD EST,PARIS (intramuros),BARCELONEPA,FRPLY,12:04,FRPGF
9733,2023-08-13,PERPIGNAN,NON,9708,12:39,SUD EST,NARBONNE,BARCELONEPA,FRXNA,12:04,FRPGF
9734,2023-08-13,NARBONNE,NON,9708,14:13,SUD EST,NIMES,BARCELONEPA,FRFNI,12:42,FRXNA
9735,2023-08-13,NARBONNE,NON,9708,15:01,SUD EST,VALENCE TGV RHONE-ALPES SUD,BARCELONEPA,FRVLA,12:42,FRXNA
9736,2023-08-13,FIGUERES VILA TGV,NON,9708,11:55,SUD EST,PERPIGNAN,BARCELONEPA,FRPGF,11:31,ESFIR
9737,2023-08-13,BARCELONA SANTS,NON,9708,12:55,SUD EST,BEZIERS,BARCELONEPA,FRBZR,10:33,ESBST
9738,2023-08-13,BARCELONA SANTS,NON,9708,11:55,SUD EST,PERPIGNAN,BARCELONEPA,FRPGF,10:33,ESBST
9739,2023-08-13,FIGUERES VILA TGV,NON,9708,17:18,SUD EST,PARIS (intramuros),BARCELONEPA,FRPLY,11:31,ESFIR
9740,2023-08-13,GIRONA,NON,9708,13:43,SUD EST,MONTPELLIER SAINT-ROCH,BARCELONEPA,FRMPL,11:14,ESGRO
9741,2023-08-13,BARCELONA SANTS,NON,9708,13:10,SUD EST,AGDE,BARCELONEPA,FRXAG,10:33,ESBST
9742,2023-08-13,FIGUERES VILA TGV,NON,9708,15:01,SUD EST,VALENCE TGV RHONE-ALPES SUD,BARCELONEPA,FRVLA,11:31,ESFIR
9743,2023-08-13,FIGUERES VILA TGV,NON,9708,13:10,SUD EST,AGDE,BARCELONEPA,FRXAG,11:31,ESFIR
9744,2023-08-13,LAVAL,NON,8054,11:19,ATLANTIQUE,PARIS (intramuros),BRETAPARIS,FRPMO,10:03,FRACR
9745,2023-08-13,RENNES,NON,8054,10:00,ATLANTIQUE,LAVAL,BRETAPARIS,FRACR,09:35,FRRNS
9746,2023-08-13,BIARRITZ,OUI,8549,20:55,ATLANTIQUE,HENDAYE,PASUDOUEST,FRAEF,20:27,FRBIQ
9747,2023-08-13,BIARRITZ,OUI,8549,20:40,ATLANTIQUE,ST JEAN DE LUZ CIBOURE,PASUDOUEST,FRXJZ,20:27,FRBIQ
9748,2023-08-13,BORDEAUX ST JEAN,NON,8549,20:12,ATLANTIQUE,BAYONNE,PASUDOUEST,FRXBY,18:20,FRBOJ
9749,2023-08-13,PARIS (intramuros),NON,8549,20:12,ATLANTIQUE,BAYONNE,PASUDOUEST,FRXBY,16:08,FRPMO
9750,2023-08-13,ST JEAN DE LUZ CIBOURE,OUI,8549,20:55,ATLANTIQUE,HENDAYE,PASUDOUEST,FRAEF,20:42,FRXJZ
9751,2023-08-13,LIMOGES BENEDICTINS,OUI,3664,17:25,IC ARO,LA SOUTERRAINE,TOULOUZECO,FRLST,16:56,FRAGQ
9752,2023-08-13,BRIVE LA GAILLARDE,OUI,3664,17:25,IC ARO,LA SOUTERRAINE,TOULOUZECO,FRLST,15:54,FRBVE
9753,2023-08-13,ARGENTON SUR CREUSE,OUI,3664,18:40,IC ARO,VIERZON VILLE,TOULOUZECO,FRXVZ,17:51,FRFMT
9754,2023-08-13,LA SOUTERRAINE,OUI,3664,18:40,IC ARO,VIERZON VILLE,TOULOUZECO,FRXVZ,17:27,FRLST
9755,2023-08-13,VIERZON VILLE,OUI,3664,20:32,IC ARO,PARIS (intramuros),TOULOUZECO,FRPAZ,18:42,FRXVZ
9756,2023-08-13,MONTPELLIER SAINT-ROCH,NON,6221,12:20,SUD EST,NARBONNE,PALANG,FRXNA,11:17,FRMPL
9757,2023-08-13,PARIS (intramuros),NON,6221,12:20,SUD EST,NARBONNE,PALANG,FRXNA,07:42,FRPLY
9758,2023-08-13,VALENCE TGV RHONE-ALPES SUD,NON,6221,10:42,SUD EST,NIMES,PALANG,FRFNI,09:55,FRVLA
9759,2023-08-13,AGDE,OUI,6221,12:20,SUD EST,NARBONNE,PALANG,FRXNA,11:51,FRXAG
9760,2023-08-13,LIMOGES BENEDICTINS,OUI,3665,22:01,IC ARO,BRIVE LA GAILLARDE,PALITO,FRBVE,20:58,FRAGQ
9761,2023-08-13,CHATEAUROUX,OUI,3665,20:22,IC ARO,LA SOUTERRAINE,PALITO,FRLST,19:42,FRCHR
9762,2023-08-13,LA SOUTERRAINE,OUI,3665,22:44,IC ARO,GOURDON,PALITO,FRFSI,20:24,FRLST
9763,2023-08-13,PARIS (intramuros),OUI,3665,20:55,IC ARO,LIMOGES BENEDICTINS,PALITO,FRAGQ,17:41,FRPAZ
9764,2023-08-13,VIERZON VILLE,OUI,3665,20:55,IC ARO,LIMOGES BENEDICTINS,PALITO,FRAGQ,19:11,FRXVZ
9765,2023-08-13,VIERZON VILLE,OUI,3665,22:28,IC ARO,SOUILLAC,PALITO,FRSOU,19:11,FRXVZ
9766,2023-08-13,POITIERS,OUI,8330,07:43,ATLANTIQUE,VENDOME VILLIERS SUR LOIR,ROCHELLEPA,FRESL,06:31,FRPIS
9767,2023-08-13,CHATELLERAULT,OUI,8330,07:43,ATLANTIQUE,VENDOME VILLIERS SUR LOIR,ROCHELLEPA,FRESL,06:51,FRXCX
9768,2023-08-13,PARIS (intramuros),NON,8905,19:13,ATLANTIQUE,ANGERS ST LAUD,PARISLOIRE,FRACL,17:48,FRPMO
9769,2023-08-13,PARIS (intramuros),NON,8905,20:34,ATLANTIQUE,ST NAZAIRE,PARISLOIRE,FRSNR,17:48,FRPMO
9770,2023-08-13,BIARRITZ,OUI,8551,22:54,ATLANTIQUE,HENDAYE,PASUDOUEST,FRAEF,22:26,FRBIQ
9771,2023-08-13,PARIS (intramuros),NON,8551,22:23,ATLANTIQUE,BIARRITZ,PASUDOUEST,FRBIQ,18:07,FRPMO
9772,2023-08-13,PARIS (intramuros),NON,8551,22:39,ATLANTIQUE,ST JEAN DE LUZ CIBOURE,PASUDOUEST,FRXJZ,18:07,FRPMO
9773,2023-08-13,ST JEAN DE LUZ CIBOURE,OUI,8551,22:54,ATLANTIQUE,HENDAYE,PASUDOUEST,FRAEF,22:41,FRXJZ
9774,2023-08-13,LA ROCHELLE VILLE,OUI,8396,00:35,ATLANTIQUE,PARIS (intramuros),ROCHELLEPA,FRPMO,21:52,FRLRH
9775,2023-08-13,POITIERS,OUI,8396,00:35,ATLANTIQUE,PARIS (intramuros),ROCHELLEPA,FRPMO,23:14,FRPIS
9776,2023-08-13,AVIGNON TGV,OUI,6131,23:46,SUD EST,AIX EN PROVENCE TGV,PAPROVENCE,FRAIE,23:25,FRAVG
9777,2023-08-13,RIOM CHATEL GUYON,OUI,5959,16:29,IC ARO,CLERMONT FERRAND,PACLERMONT,FRCFE,16:19,FRRIO
9778,2023-08-13,VICHY,OUI,5959,16:17,IC ARO,RIOM CHATEL GUYON,PACLERMONT,FRRIO,15:57,FRVHY
9779,2023-08-13,CHAMBERY CHALLES LES EAUX,OUI,6978,17:38,SUD EST,MACON LOCHE TGV,ALPESPARIS,FRMLT,16:23,FRCMF
9780,2023-08-13,MACON LOCHE TGV,NON,6978,19:14,SUD EST,PARIS (intramuros),ALPESPARIS,FRPLY,17:41,FRMLT
9781,2023-08-13,AIX LES BAINS LE REVARD,OUI,6978,17:38,SUD EST,MACON LOCHE TGV,ALPESPARIS,FRMLT,15:59,FRXAI
9782,2023-08-13,BORDEAUX ST JEAN,OUI,8519,22:22,ATLANTIQUE,AGEN,PASUDOUEST,FRAGF,21:20,FRBOJ
9783,2023-08-13,PARIS (intramuros),OUI,8519,23:31,ATLANTIQUE,TOULOUSE MATABIAU,PASUDOUEST,FRXYT,19:08,FRPMO
9784,2023-08-13,MONTAUBAN VILLE BOURBON,OUI,8519,23:31,ATLANTIQUE,TOULOUSE MATABIAU,PASUDOUEST,FRXYT,23:05,FRXMW
9785,2023-08-13,PARIS (intramuros),OUI,7389,22:04,NORD,DUNKERQUE,PAARRAS,FRADI,19:52,FRPNO
9786,2023-08-13,PARIS (intramuros),OUI,7389,21:39,NORD,HAZEBROUCK,PAARRAS,FRHZK,19:52,FRPNO
9787,2023-08-13,PARIS (intramuros),OUI,7389,20:40,NORD,ARRAS,PAARRAS,FRQRV,19:52,FRPNO
9788,2023-08-13,LORIENT,NON,8722,15:25,ATLANTIQUE,RENNES,BRETAPARIS,FRRNS,13:46,FRLRT
9789,2023-08-13,QUIMPER,NON,8722,15:25,ATLANTIQUE,RENNES,BRETAPARIS,FRRNS,13:11,FRUIP
9790,2023-08-13,QUIMPER,OUI,8722,14:02,ATLANTIQUE,AURAY,BRETAPARIS,FRXUY,13:11,FRUIP
9791,2023-08-13,AURAY,NON,8722,17:08,ATLANTIQUE,PARIS (intramuros),BRETAPARIS,FRPMO,14:07,FRXUY
9792,2023-08-13,AUGSBURG HBF,NON,9576,09:51,INTERNATIONAL,KARLSRUHE HBF,MUNSTUTPA,DEQKA,07:20,DEAGB
9793,2023-08-13,MUENCHEN HBF,NON,9576,09:51,INTERNATIONAL,KARLSRUHE HBF,MUNSTUTPA,DEQKA,06:51,DEBEG
9794,2023-08-13,MUENCHEN HBF,NON,9576,10:37,INTERNATIONAL,STRASBOURG,MUNSTUTPA,FRAEG,06:51,DEBEG
9795,2023-08-13,ULM HBF,NON,9576,10:37,INTERNATIONAL,STRASBOURG,MUNSTUTPA,FRAEG,08:04,DEQUL
9796,2023-08-13,CHAMPAGNE-ARDENNE,OUI,9890,08:56,NORD,LILLE (intramuros),JCESTNORD,FRLLE,07:26,FREAH
9797,2023-08-13,CHAMPAGNE-ARDENNE,OUI,9890,07:56,NORD,AEROPORT CDG2 TGV ROISSY,JCESTNORD,FRMLW,07:26,FREAH
9798,2023-08-13,LORRAINE TGV,OUI,9890,09:44,NORD,BRUXELLES MIDI BRUSSEL ZUID,JCESTNORD,BEBMI,06:38,FREAM
9799,2023-08-13,LORRAINE TGV,OUI,9890,07:23,NORD,CHAMPAGNE-ARDENNE,JCESTNORD,FREAH,06:38,FREAM
9800,2023-08-13,AEROPORT CDG2 TGV ROISSY,OUI,9890,08:56,NORD,LILLE (intramuros),JCESTNORD,FRLLE,08:07,FRMLW
9801,2023-08-13,LYON (intramuros),OUI,5351,09:43,SUD EST,ST PIERRE DES CORPS,JCSUDATL,FRXSH,06:30,FRLPD
9802,2023-08-13,ST PIERRE DES CORPS,NON,5351,10:39,SUD EST,ANGERS ST LAUD,JCSUDATL,FRACL,09:47,FRXSH
9803,2023-08-13,DAX,NON,8572,15:16,ATLANTIQUE,LOURDES,PASUDOUEST,FRLDE,13:46,FRACG
9804,2023-08-13,DAX,NON,8572,15:43,ATLANTIQUE,TARBES,PASUDOUEST,FRXTB,13:46,FRACG
9805,2023-08-13,PAU,OUI,8572,15:16,ATLANTIQUE,LOURDES,PASUDOUEST,FRLDE,14:49,FRAEE
9806,2023-08-13,BORDEAUX ST JEAN,NON,8572,15:16,ATLANTIQUE,LOURDES,PASUDOUEST,FRLDE,12:20,FRBOJ
9807,2023-08-13,ORTHEZ,NON,8572,15:43,ATLANTIQUE,TARBES,PASUDOUEST,FRXTB,14:18,FRGFI
9808,2023-08-13,LOURDES,OUI,8572,15:43,ATLANTIQUE,TARBES,PASUDOUEST,FRXTB,15:26,FRLDE
9809,2023-08-13,PARIS (intramuros),NON,8572,15:43,ATLANTIQUE,TARBES,PASUDOUEST,FRXTB,10:08,FRPMO
9810,2023-08-13,LES AUBRAIS ORLEANS,NON,3971,08:02,IC NUIT,MERENS LES VALS,PARPALOMBE,FRFQH,22:49,FRLAB
9811,2023-08-13,LES AUBRAIS ORLEANS,NON,3971,08:46,IC NUIT,LATOUR DE CAROL ENVEITG,PARPALOMBE,FRXTE,22:49,FRLAB
9812,2023-08-13,PARIS (intramuros),NON,3971,07:17,IC NUIT,LES CABANNES,PARPALOMBE,FRFQK,21:42,FRPAZ
9813,2023-08-13,PERPIGNAN,NON,6262,19:51,SUD EST,VALENCE TGV RHONE-ALPES SUD,LANGPA,FRVLA,17:04,FRPGF
9814,2023-08-13,PERPIGNAN,NON,6262,18:45,SUD EST,MONTPELLIER SUD DE FRANCE,LANGPA,FRSUF,17:04,FRPGF
9815,2023-08-13,DOL DE BRETAGNE,OUI,8093,21:01,ATLANTIQUE,ST MALO,PARISBRETA,FRXSB,20:47,FRDOL
9816,2023-08-13,PARIS (intramuros),OUI,8093,20:44,ATLANTIQUE,DOL DE BRETAGNE,PARISBRETA,FRDOL,18:11,FRPMO
9817,2023-08-13,PARIS (intramuros),OUI,8093,20:10,ATLANTIQUE,RENNES,PARISBRETA,FRRNS,18:11,FRPMO
9818,2023-08-13,PARIS (intramuros),OUI,8093,19:46,ATLANTIQUE,VITRE,PARISBRETA,FRXVT,18:11,FRPMO
9819,2023-08-13,RENNES,OUI,8093,20:44,ATLANTIQUE,DOL DE BRETAGNE,PARISBRETA,FRDOL,20:14,FRRNS
9820,2023-08-13,RENNES,OUI,8093,21:01,ATLANTIQUE,ST MALO,PARISBRETA,FRXSB,20:14,FRRNS
9821,2023-08-13,VITRE,OUI,8093,20:44,ATLANTIQUE,DOL DE BRETAGNE,PARISBRETA,FRDOL,19:49,FRXVT
9822,2023-08-13,LYON (intramuros),OUI,6622,17:00,SUD EST,PARIS (intramuros),RHONEPARIS,FRPLY,14:50,FRLPE
9823,2023-08-13,LAUSANNE,NON,9768,10:21,INTERNATIONAL,GENEVE,GENEVEPA,CHGVA,09:45,CHAJF
9824,2023-08-13,LAUSANNE,NON,9768,13:42,INTERNATIONAL,PARIS (intramuros),GENEVEPA,FRPLY,09:45,CHAJF
9825,2023-08-13,PARIS (intramuros),NON,6109,13:41,SUD EST,AIX EN PROVENCE TGV,PAPROVENCE,FRAIE,10:38,FRPLY
9826,2023-08-13,LYON (intramuros),NON,6813,15:10,SUD EST,AVIGNON TGV,JCPROVSUD,FRAVG,14:06,FRLPD
9827,2023-08-13,BORDEAUX ST JEAN,NON,4665,18:37,IC ARO,TOULOUSE MATABIAU,TJOURSOSE,FRXYT,16:28,FRBOJ
9828,2023-08-13,MONTAUBAN VILLE BOURBON,NON,4665,20:14,IC ARO,BEZIERS,TJOURSOSE,FRBZR,18:11,FRXMW
9829,2023-08-13,MONTAUBAN VILLE BOURBON,NON,4665,19:27,IC ARO,CARCASSONNE,TJOURSOSE,FRCCF,18:11,FRXMW
9830,2023-08-13,MONTAUBAN VILLE BOURBON,NON,4665,21:20,IC ARO,NIMES,TJOURSOSE,FRFNI,18:11,FRXMW
9831,2023-08-13,MONTAUBAN VILLE BOURBON,NON,4665,19:58,IC ARO,NARBONNE,TJOURSOSE,FRXNA,18:11,FRXMW
9832,2023-08-13,MONTAUBAN VILLE BOURBON,NON,4665,18:37,IC ARO,TOULOUSE MATABIAU,TJOURSOSE,FRXYT,18:11,FRXMW
9833,2023-08-13,NARBONNE,NON,4665,20:14,IC ARO,BEZIERS,TJOURSOSE,FRBZR,20:01,FRXNA
9834,2023-08-13,TOULOUSE MATABIAU,NON,4665,19:27,IC ARO,CARCASSONNE,TJOURSOSE,FRCCF,18:45,FRXYT
9835,2023-08-13,PARIS (intramuros),NON,2817,15:04,EST,METZ VILLE,PAMETZLUX,FRADE,13:40,FRPST
9836,2023-08-13,PARIS (intramuros),NON,2817,15:52,EST,LUXEMBOURG,PAMETZLUX,LULUX,13:40,FRPST
9837,2023-08-13,BORDEAUX ST JEAN,NON,3854,10:40,IC SRO,JONZAC,BORDONANTE,FREMR,09:53,FRBOJ
9838,2023-08-13,BORDEAUX ST JEAN,NON,3854,12:15,IC SRO,LA ROCHELLE VILLE,BORDONANTE,FRLRH,09:53,FRBOJ
9839,2023-08-13,JONZAC,NON,3854,11:53,IC SRO,ROCHEFORT,BORDONANTE,FRRCO,10:41,FREMR
9840,2023-08-13,JONZAC,NON,3854,13:22,IC SRO,LA ROCHE SUR YON,BORDONANTE,FRXRO,10:41,FREMR
9841,2023-08-13,LUCON,NON,3854,14:05,IC SRO,NANTES,BORDONANTE,FRNTE,13:00,FRLCN
9842,2023-08-13,LA ROCHELLE VILLE,NON,3854,14:05,IC SRO,NANTES,BORDONANTE,FRNTE,12:19,FRLRH
9843,2023-08-13,LAVAL,OUI,5386,20:32,SUD EST,RENNES,JCSUDATL,FRRNS,20:08,FRACR
9844,2023-08-13,LE MANS,OUI,5386,20:05,SUD EST,LAVAL,JCSUDATL,FRACR,19:34,FRAET
9845,2023-08-13,AIX EN PROVENCE TGV,NON,5386,20:32,SUD EST,RENNES,JCSUDATL,FRRNS,14:50,FRAIE
9846,2023-08-13,AVIGNON TGV,NON,5386,20:32,SUD EST,RENNES,JCSUDATL,FRRNS,15:15,FRAVG
9847,2023-08-13,MASSY TGV,NON,5386,20:32,SUD EST,RENNES,JCSUDATL,FRRNS,18:39,FRDJU
9848,2023-08-13,LYON (intramuros),NON,5386,20:05,SUD EST,LAVAL,JCSUDATL,FRACR,16:30,FRLPD
9849,2023-08-13,MARSEILLE ST CHARLES,OUI,5386,15:10,SUD EST,AVIGNON TGV,JCSUDATL,FRAVG,14:36,FRMSC
9850,2023-08-13,LIMOGES BENEDICTINS,NON,3619,13:44,IC ARO,GOURDON,PALITO,FRFSI,11:59,FRAGQ
9851,2023-08-13,LIMOGES BENEDICTINS,NON,3619,15:22,IC ARO,TOULOUSE MATABIAU,PALITO,FRXYT,11:59,FRAGQ
9852,2023-08-13,CHATEAUROUX,NON,3619,14:53,IC ARO,MONTAUBAN VILLE BOURBON,PALITO,FRXMW,10:41,FRCHR
9853,2023-08-13,CHATEAUROUX,NON,3619,15:22,IC ARO,TOULOUSE MATABIAU,PALITO,FRXYT,10:41,FRCHR
9854,2023-08-13,LES AUBRAIS ORLEANS,NON,3619,10:07,IC ARO,VIERZON VILLE,PALITO,FRXVZ,09:29,FRLAB
9855,2023-08-13,LA SOUTERRAINE,NON,3619,13:00,IC ARO,BRIVE LA GAILLARDE,PALITO,FRBVE,11:22,FRLST
9856,2023-08-13,PARIS (intramuros),NON,3619,11:20,IC ARO,LA SOUTERRAINE,PALITO,FRLST,08:28,FRPAZ
9857,2023-08-13,PARIS (intramuros),NON,3619,14:53,IC ARO,MONTAUBAN VILLE BOURBON,PALITO,FRXMW,08:28,FRPAZ
9858,2023-08-13,SOUILLAC,OUI,3619,14:53,IC ARO,MONTAUBAN VILLE BOURBON,PALITO,FRXMW,13:29,FRSOU
9859,2023-08-13,VIERZON VILLE,NON,3619,11:20,IC ARO,LA SOUTERRAINE,PALITO,FRLST,10:10,FRXVZ
9860,2023-08-13,VIERZON VILLE,NON,3619,14:11,IC ARO,CAHORS,PALITO,FRZAO,10:10,FRXVZ
9861,2023-08-13,CAHORS,OUI,3619,14:38,IC ARO,CAUSSADE TARN ET GARONNE,PALITO,FRFTA,14:13,FRZAO
9862,2023-08-13,CAHORS,OUI,3619,15:22,IC ARO,TOULOUSE MATABIAU,PALITO,FRXYT,14:13,FRZAO
9863,2023-08-13,LA SOUTERRAINE,NON,3619,14:38,IC ARO,CAUSSADE TARN ET GARONNE,PALITO,FRFTA,11:22,FRLST
9864,2023-08-13,PARIS (intramuros),NON,6107,12:41,SUD EST,AIX EN PROVENCE TGV,PAPROVENCE,FRAIE,09:38,FRPLY
9865,2023-08-13,PARIS (intramuros),NON,6107,12:56,SUD EST,MARSEILLE ST CHARLES,PAPROVENCE,FRMSC,09:38,FRPLY
9866,2023-08-13,CHAMPAGNE-ARDENNE,NON,2578,11:50,EST,PARIS (intramuros),NANCYPA,FRPST,11:08,FREAH
9867,2023-08-13,CHAMBERY CHALLES LES EAUX,NON,9249,18:24,INTERNATIONAL,ST JEAN DE MAURIENNE ARVAN,PAITALIE,FRHPN,17:44,FRCMF
9868,2023-08-13,CHAMBERY CHALLES LES EAUX,NON,9249,21:49,INTERNATIONAL,MILANO P GARIBALDI,PAITALIE,ITMPG,17:44,FRCMF
9869,2023-08-13,ST JEAN DE MAURIENNE ARVAN,NON,9249,18:49,INTERNATIONAL,MODANE,PAITALIE,FRAGR,18:25,FRHPN
9870,2023-08-13,PARIS (intramuros),NON,9249,17:40,INTERNATIONAL,CHAMBERY CHALLES LES EAUX,PAITALIE,FRCMF,14:46,FRPLY
9871,2023-08-13,PARIS (intramuros),NON,9249,19:23,INTERNATIONAL,OULX CESANA CLAV SESTRIERE,PAITALIE,ITOCS,14:46,FRPLY
9872,2023-08-13,PARIS (intramuros),NON,9249,20:22,INTERNATIONAL,TORINO PORTA SUSA,PAITALIE,ITTRS,14:46,FRPLY
9873,2023-08-13,AVIGNON CENTRE,OUI,6198,18:46,SUD EST,MONTELIMAR GARE SNCF,VDRPA,FRXMK,18:04,FRAES
9874,2023-08-13,ARLES,NON,6198,19:46,SUD EST,LYON-SAINT EXUPERY TGV,VDRPA,FRJDQ,17:36,FRHZA
9875,2023-08-13,ARLES,OUI,6198,19:10,SUD EST,VALENCE VILLE,VDRPA,FRVAF,17:36,FRHZA
9876,2023-08-13,MIRAMAS,NON,6198,21:46,SUD EST,PARIS (intramuros),VDRPA,FRPLY,17:15,FRMAZ
9877,2023-08-13,MIRAMAS,OUI,6198,19:10,SUD EST,VALENCE VILLE,VDRPA,FRVAF,17:15,FRMAZ
9878,2023-08-13,PARIS (intramuros),NON,6077,17:14,SUD EST,MARSEILLE ST CHARLES,PAAZUR,FRMSC,14:10,FRPLY
9879,2023-08-13,PARIS (intramuros),NON,6077,18:11,SUD EST,TOULON,PAAZUR,FRTLN,14:10,FRPLY
9880,2023-08-13,PARIS (intramuros),NON,6077,19:39,SUD EST,ANTIBES,PAAZUR,FRXAT,14:10,FRPLY
9881,2023-08-13,PARIS (intramuros),NON,6077,19:01,SUD EST,ST RAPHAEL VALESCURE,PAAZUR,FRXSK,14:10,FRPLY
9882,2023-08-13,TOULON,OUI,6077,19:58,SUD EST,NICE VILLE,PAAZUR,FRNIC,18:15,FRTLN
9883,2023-08-13,LE CROISIC,OUI,8936,22:46,ATLANTIQUE,NANTES,LOIREPARIS,FRNTE,21:44,FREGU
9884,2023-08-13,VICHY,NON,5962,09:58,IC ARO,NEVERS,CLERMONTPA,FRNVS,09:06,FRVHY
9885,2023-08-13,MOULINS SUR ALLIER,NON,5962,09:58,IC ARO,NEVERS,CLERMONTPA,FRNVS,09:31,FRXMU
9886,2023-08-13,LYON (intramuros),OUI,6628,20:08,SUD EST,PARIS (intramuros),RHONEPARIS,FRPLY,18:04,FRLPD
9887,2023-08-13,LYON (intramuros),OUI,6628,18:46,SUD EST,LE CREUSOT MONTCEAU MONTCHANIN,RHONEPARIS,FRXCC,18:04,FRLPD
9888,2023-08-13,LYON (intramuros),OUI,6628,17:58,SUD EST,LYON (intramuros),RHONEPARIS,FRLPD,17:50,FRLPE
9889,2023-08-13,ANGERS ST LAUD,NON,8922,17:25,ATLANTIQUE,PARIS (intramuros),LOIREPARIS,FRPMO,15:44,FRACL
9890,2023-08-13,LE MANS,NON,8922,17:25,ATLANTIQUE,PARIS (intramuros),LOIREPARIS,FRPMO,16:26,FRAET
9891,2023-08-13,LE CROISIC,OUI,8922,16:23,ATLANTIQUE,LE MANS,LOIREPARIS,FRAET,13:52,FREGU
9892,2023-08-13,LE CROISIC,OUI,8922,14:59,ATLANTIQUE,NANTES,LOIREPARIS,FRNTE,13:52,FREGU
9893,2023-08-13,LA BAULE ESCOUBLAC,NON,8922,17:25,ATLANTIQUE,PARIS (intramuros),LOIREPARIS,FRPMO,14:05,FRJEE
9894,2023-08-13,NANTES,NON,8922,17:25,ATLANTIQUE,PARIS (intramuros),LOIREPARIS,FRPMO,15:05,FRNTE
9895,2023-08-13,ST NAZAIRE,OUI,8922,15:41,ATLANTIQUE,ANGERS ST LAUD,LOIREPARIS,FRACL,14:24,FRSNR
9896,2023-08-13,ST NAZAIRE,OUI,8922,14:59,ATLANTIQUE,NANTES,LOIREPARIS,FRNTE,14:24,FRSNR
9897,2023-08-13,MARSEILLE ST CHARLES,OUI,6866,19:23,SUD EST,AIX EN PROVENCE TGV,JCSUDPROV,FRAIE,19:11,FRMSC
9898,2023-08-13,TOULON,NON,6866,20:54,SUD EST,LYON (intramuros),JCSUDPROV,FRLPD,17:53,FRTLN
9899,2023-08-13,MODANE,NON,9244,16:15,INTERNATIONAL,CHAMBERY CHALLES LES EAUX,ITALIEPA,FRCMF,15:12,FRAGR
9900,2023-08-13,MODANE,NON,9244,17:38,INTERNATIONAL,MACON LOCHE TGV,ITALIEPA,FRMLT,15:12,FRAGR
9901,2023-08-13,MACON LOCHE TGV,NON,9244,19:14,INTERNATIONAL,PARIS (intramuros),ITALIEPA,FRPLY,17:41,FRMLT
9902,2023-08-13,OULX CESANA CLAV SESTRIERE,NON,9244,17:38,INTERNATIONAL,MACON LOCHE TGV,ITALIEPA,FRMLT,14:36,ITOCS
9903,2023-08-13,OULX CESANA CLAV SESTRIERE,NON,9244,19:14,INTERNATIONAL,PARIS (intramuros),ITALIEPA,FRPLY,14:36,ITOCS
9904,2023-08-13,PARIS (intramuros),NON,6605,09:56,SUD EST,LYON (intramuros),PARISRHONE,FRLPD,07:52,FRPLY
9905,2023-08-13,BORDEAUX ST JEAN,OUI,4657,09:04,IC ARO,MARMANDE,TJOURSOSE,FRXMR,08:28,FRBOJ
9906,2023-08-13,CARCASSONNE,NON,4657,13:22,IC ARO,NIMES,TJOURSOSE,FRFNI,11:29,FRCCF
9907,2023-08-13,CARCASSONNE,NON,4657,12:54,IC ARO,MONTPELLIER SAINT-ROCH,TJOURSOSE,FRMPL,11:29,FRCCF
9908,2023-08-13,MONTPELLIER SAINT-ROCH,OUI,4657,13:50,IC ARO,ARLES,TJOURSOSE,FRHZA,12:58,FRMPL
9909,2023-08-13,MONTAUBAN VILLE BOURBON,NON,4657,13:50,IC ARO,ARLES,TJOURSOSE,FRHZA,10:10,FRXMW
9910,2023-08-13,MONTAUBAN VILLE BOURBON,NON,4657,10:37,IC ARO,TOULOUSE MATABIAU,TJOURSOSE,FRXYT,10:10,FRXMW
9911,2023-08-13,NARBONNE,NON,4657,14:37,IC ARO,MARSEILLE ST CHARLES,TJOURSOSE,FRMSC,12:01,FRXNA
9912,2023-08-13,SETE,NON,4657,13:22,IC ARO,NIMES,TJOURSOSE,FRFNI,12:36,FRXSY
9913,2023-08-13,SETE,NON,4657,13:50,IC ARO,ARLES,TJOURSOSE,FRHZA,12:36,FRXSY
9914,2023-08-13,LYON (intramuros),NON,6620,16:08,SUD EST,PARIS (intramuros),RHONEPARIS,FRPLY,14:04,FRLPD
9915,2023-08-13,LYON (intramuros),OUI,6620,14:46,SUD EST,LE CREUSOT MONTCEAU MONTCHANIN,RHONEPARIS,FRXCC,14:04,FRLPD
9916,2023-08-13,LYON (intramuros),OUI,6620,14:46,SUD EST,LE CREUSOT MONTCEAU MONTCHANIN,RHONEPARIS,FRXCC,13:50,FRLPE
9917,2023-08-13,ANGERS ST LAUD,OUI,8144,19:14,ATLANTIQUE,PARIS (intramuros),LOIREPARIS,FRPMO,17:48,FRACL
9918,2023-08-13,PARIS (intramuros),NON,6687,19:48,SUD EST,ST ETIENNE CHATEAUCREUX,PARISRHONE,FRHHD,17:00,FRPLY
9919,2023-08-13,PARIS (intramuros),NON,9203,10:03,INTERNATIONAL,MULHOUSE VILLE,PABALZUR,FRAEK,07:22,FRPLY
9920,2023-08-13,PARIS (intramuros),NON,9203,09:38,INTERNATIONAL,BELFORT-MONTBELIARD TGV,PABALZUR,FRTJA,07:22,FRPLY
9921,2023-08-13,BELFORT-MONTBELIARD TGV,NON,9203,10:03,INTERNATIONAL,MULHOUSE VILLE,PABALZUR,FRAEK,09:41,FRTJA
9922,2023-08-13,AVIGNON TGV,NON,5066,15:46,NORD,MARNE LA VALLEE CHESSY,JCSUDNORD,FRMLV,12:48,FRAVG
9923,2023-08-13,MARNE LA VALLEE CHESSY,OUI,5066,16:00,NORD,AEROPORT CDG2 TGV ROISSY,JCSUDNORD,FRMLW,15:50,FRMLV
9924,2023-08-13,MARSEILLE ST CHARLES,OUI,5066,12:23,NORD,AIX EN PROVENCE TGV,JCSUDNORD,FRAIE,12:12,FRMSC
9925,2023-08-13,MARSEILLE ST CHARLES,NON,5066,16:57,NORD,LILLE (intramuros),JCSUDNORD,FRLLE,12:12,FRMSC
9926,2023-08-13,MARSEILLE ST CHARLES,NON,5066,13:54,NORD,LYON (intramuros),JCSUDNORD,FRLPD,12:12,FRMSC
9927,2023-08-13,PARIS (intramuros),OUI,2247,19:10,EST,MEUSE TGV,PANANCY,FREAJ,18:10,FRPST
9928,2023-08-13,ANGOULEME,NON,12260,17:12,ATLANTIQUE,PARIS (intramuros),SUDOUESTPA,FRPMO,15:23,FRANG
9929,2023-08-13,BORDEAUX ST JEAN,NON,12260,17:12,ATLANTIQUE,PARIS (intramuros),SUDOUESTPA,FRPMO,14:46,FRBOJ
9930,2023-08-13,FRASNE,OUI,9278,20:04,INTERNATIONAL,PARIS (intramuros),SUISPA,FRPLY,17:15,FRFRA
9931,2023-08-13,AIX EN PROVENCE TGV,OUI,9882,17:42,NORD,AVIGNON TGV,JCSUDNORD,FRAVG,17:22,FRAIE
9932,2023-08-13,AIX EN PROVENCE TGV,NON,9882,21:57,NORD,LILLE (intramuros),JCSUDNORD,FRLLE,17:22,FRAIE
9933,2023-08-13,AIX EN PROVENCE TGV,NON,9882,20:47,NORD,MARNE LA VALLEE CHESSY,JCSUDNORD,FRMLV,17:22,FRAIE
9934,2023-08-13,AVIGNON TGV,NON,9882,22:43,NORD,BRUXELLES MIDI BRUSSEL ZUID,JCSUDNORD,BEBMI,17:45,FRAVG
9935,2023-08-13,AVIGNON TGV,NON,9882,18:54,NORD,LYON (intramuros),JCSUDNORD,FRLPD,17:45,FRAVG
9936,2023-08-13,MARNE LA VALLEE CHESSY,NON,9882,21:57,NORD,LILLE (intramuros),JCSUDNORD,FRLLE,20:51,FRMLV
9937,2023-08-13,MARNE LA VALLEE CHESSY,NON,9882,21:01,NORD,AEROPORT CDG2 TGV ROISSY,JCSUDNORD,FRMLW,20:51,FRMLV
9938,2023-08-13,MARSEILLE ST CHARLES,NON,9882,22:43,NORD,BRUXELLES MIDI BRUSSEL ZUID,JCSUDNORD,BEBMI,17:04,FRMSC
9939,2023-08-13,MARSEILLE ST CHARLES,OUI,9882,17:42,NORD,AVIGNON TGV,JCSUDNORD,FRAVG,17:04,FRMSC
9940,2023-08-13,MARSEILLE ST CHARLES,NON,9882,18:54,NORD,LYON (intramuros),JCSUDNORD,FRLPD,17:04,FRMSC
9941,2023-08-13,MONTPELLIER SAINT-ROCH,OUI,6231,13:31,SUD EST,NARBONNE,PALANG,FRXNA,12:26,FRMPL
9942,2023-08-13,PARIS (intramuros),NON,6231,12:59,SUD EST,AGDE,PALANG,FRXAG,08:56,FRPLY
9943,2023-08-13,AVIGNON TGV,NON,6170,16:34,SUD EST,PARIS (intramuros),AZURPA,FRPLY,13:56,FRAVG
9944,2023-08-13,NICE VILLE,OUI,6170,12:43,SUD EST,TOULON,AZURPA,FRTLN,10:54,FRNIC
9945,2023-08-13,NICE VILLE,OUI,6170,11:55,SUD EST,ST RAPHAEL VALESCURE,AZURPA,FRXSK,10:54,FRNIC
9946,2023-08-13,TOULON,NON,6170,13:53,SUD EST,AVIGNON TGV,AZURPA,FRAVG,12:47,FRTLN
9947,2023-08-13,LYON (intramuros),OUI,6626,19:00,SUD EST,PARIS (intramuros),RHONEPARIS,FRPLY,17:04,FRLPD
9948,2023-08-13,LYON (intramuros),OUI,6626,16:58,SUD EST,LYON (intramuros),RHONEPARIS,FRLPD,16:50,FRLPE
9949,2023-08-13,GUINGAMP,OUI,8692,20:29,ATLANTIQUE,RENNES,BRETAPARIS,FRRNS,19:25,FRGGP
9950,2023-08-13,STRASBOURG,OUI,9402,19:35,EST,CHAMPAGNE-ARDENNE,MULHSTRAPA,FREAH,18:19,FRAEG
9951,2023-08-13,STRASBOURG,OUI,9402,20:20,EST,PARIS (intramuros),MULHSTRAPA,FRPST,18:19,FRAEG
9952,2023-08-13,LAHR SCHWARZW,OUI,9402,20:20,EST,PARIS (intramuros),MULHSTRAPA,FRPST,17:19,DEANL
9953,2023-08-13,FREIBURG BREISGAU HBF,OUI,9402,18:12,EST,STRASBOURG,MULHSTRAPA,FRAEG,16:45,DEFGB
9954,2023-08-13,OFFENBOURG/OFFENBURG,OUI,9402,18:12,EST,STRASBOURG,MULHSTRAPA,FRAEG,17:41,DEZPA
9955,2023-08-13,FREIBURG BREISGAU HBF,OUI,9402,17:16,EST,LAHR SCHWARZW,MULHSTRAPA,DEANL,16:45,DEFGB
9956,2023-08-13,MULHOUSE VILLE,OUI,6702,08:08,SUD EST,BELFORT-MONTBELIARD TGV,BOURPA,FRTJA,07:46,FRAEK
9957,2023-08-13,BELFORT-MONTBELIARD TGV,NON,6702,10:46,SUD EST,PARIS (intramuros),BOURPA,FRPLY,08:11,FRTJA
9958,2023-08-13,BESANCON - F COMTE TGV,OUI,6702,09:02,SUD EST,DIJON VILLE,BOURPA,FRABA,08:34,FRTJB
9959,2023-08-13,DIE,NON,5790,07:54,IC NUIT,PARIS (intramuros),BRIANCONPA,FRPAZ,23:13,FRDIE
9960,2023-08-13,EMBRUN,NON,5790,07:54,IC NUIT,PARIS (intramuros),BRIANCONPA,FRPAZ,20:52,FRIGV
9961,2023-08-13,L'ARGENTIERE LES ECRINS   (05),NON,5790,07:54,IC NUIT,PARIS (intramuros),BRIANCONPA,FRPAZ,20:19,FRIHC
9962,2023-08-13,ARRAS,OUI,7446,23:08,NORD,PARIS (intramuros),ARRASPA,FRPNO,22:18,FRQRV
9963,2023-08-13,TOURS,OUI,8320,19:01,ATLANTIQUE,ST PIERRE DES CORPS,ROCHELLEPA,FRXSH,18:56,FRAFW
9964,2023-08-13,LES AUBRAIS ORLEANS,NON,3741,08:44,IC NUIT,DAX,PARPALOMBE,FRACG,22:49,FRLAB
9965,2023-08-13,LES AUBRAIS ORLEANS,NON,3741,10:24,IC NUIT,HENDAYE,PARPALOMBE,FRAEF,22:49,FRLAB
9966,2023-08-13,PARIS (intramuros),NON,3741,10:10,IC NUIT,ST JEAN DE LUZ CIBOURE,PARPALOMBE,FRXJZ,21:42,FRPAZ
9967,2023-08-13,VALENCE VILLE,NON,6193,15:56,SUD EST,AVIGNON CENTRE,PAVDR,FRAES,14:49,FRVAF
9968,2023-08-13,VALENCE VILLE,NON,6193,16:36,SUD EST,MIRAMAS,PAVDR,FRMAZ,14:49,FRVAF
9969,2023-08-13,VALENCE VILLE,NON,6193,15:09,SUD EST,MONTELIMAR GARE SNCF,PAVDR,FRXMK,14:49,FRVAF
9970,2023-08-13,VALENCE VILLE,NON,6193,15:38,SUD EST,ORANGE,PAVDR,FRXOG,14:49,FRVAF
9971,2023-08-13,ORANGE,OUI,6193,16:16,SUD EST,ARLES,PAVDR,FRHZA,15:41,FRXOG
9972,2023-08-13,FACTURE BIGANOS,OUI,8476,19:44,ATLANTIQUE,BORDEAUX ST JEAN,SUDOUESTPA,FRBOJ,19:20,FRFAC
9973,2023-08-13,LA TESTE,OUI,8476,19:44,ATLANTIQUE,BORDEAUX ST JEAN,SUDOUESTPA,FRBOJ,19:04,FRFCJ
9974,2023-08-13,ARCACHON,OUI,8476,20:24,ATLANTIQUE,ANGOULEME,SUDOUESTPA,FRANG,18:58,FRXAC
9975,2023-08-13,ARCACHON,OUI,8476,19:02,ATLANTIQUE,LA TESTE,SUDOUESTPA,FRFCJ,18:58,FRXAC
9976,2023-08-13,ARCACHON,OUI,8476,21:28,ATLANTIQUE,ST PIERRE DES CORPS,SUDOUESTPA,FRXSH,18:58,FRXAC
9977,2023-08-13,DOUAI,OUI,7130,18:08,NORD,PARIS (intramuros),ARRASPA,FRPNO,16:51,FRXDN
9978,2023-08-13,DAX,OUI,8536,13:40,ATLANTIQUE,BORDEAUX ST JEAN,SUDOUESTPA,FRBOJ,12:24,FRACG
9979,2023-08-13,HENDAYE,OUI,8536,13:40,ATLANTIQUE,BORDEAUX ST JEAN,SUDOUESTPA,FRBOJ,11:09,FRAEF
9980,2023-08-13,HENDAYE,OUI,8536,11:45,ATLANTIQUE,BAYONNE,SUDOUESTPA,FRXBY,11:09,FRAEF
9981,2023-08-13,HENDAYE,OUI,8536,11:19,ATLANTIQUE,ST JEAN DE LUZ CIBOURE,SUDOUESTPA,FRXJZ,11:09,FRAEF
9982,2023-08-13,BIARRITZ,OUI,8536,13:40,ATLANTIQUE,BORDEAUX ST JEAN,SUDOUESTPA,FRBOJ,11:34,FRBIQ
9983,2023-08-13,ST JEAN DE LUZ CIBOURE,OUI,8536,12:19,ATLANTIQUE,DAX,SUDOUESTPA,FRACG,11:21,FRXJZ
9984,2023-08-13,AEROPORT CDG2 TGV ROISSY,NON,5012,10:08,NORD,MARNE LA VALLEE CHESSY,JCNORDSUD,FRMLV,09:58,FRMLW
9985,2023-08-13,AVIGNON TGV,OUI,6182,22:50,SUD EST,PARIS (intramuros),AZURPA,FRPLY,20:08,FRAVG
9986,2023-08-13,CANNES,OUI,6182,22:50,SUD EST,PARIS (intramuros),AZURPA,FRPLY,17:05,FRJCA
9987,2023-08-13,NICE VILLE,OUI,6182,17:01,SUD EST,CANNES,AZURPA,FRJCA,16:34,FRNIC
9988,2023-08-13,NICE VILLE,OUI,6182,17:33,SUD EST,ST RAPHAEL VALESCURE,AZURPA,FRXSK,16:34,FRNIC
9989,2023-08-13,TOULON,OUI,6182,22:50,SUD EST,PARIS (intramuros),AZURPA,FRPLY,18:51,FRTLN
9990,2023-08-13,ANTIBES,OUI,6182,20:03,SUD EST,AVIGNON TGV,AZURPA,FRAVG,16:51,FRXAT
9991,2023-08-13,ST RAPHAEL VALESCURE,OUI,6182,22:50,SUD EST,PARIS (intramuros),AZURPA,FRPLY,17:36,FRXSK
9992,2023-08-13,ST RAPHAEL VALESCURE,OUI,6182,18:41,SUD EST,TOULON,AZURPA,FRTLN,17:36,FRXSK
9993,2023-08-13,LILLE (intramuros),OUI,7212,10:08,NORD,PARIS (intramuros),ARRASPA,FRPNO,08:51,FRLLE
9994,2023-08-13,ST PIERRE DES CORPS,OUI,8323,22:19,ATLANTIQUE,TOURS,PAROCHELLE,FRAFW,22:13,FRXSH
9995,2023-08-13,LES AUBRAIS ORLEANS,NON,3751,03:59,IC NUIT,SOUILLAC,PAVERMEIL,FRSOU,23:32,FRLAB
9996,2023-08-13,LES AUBRAIS ORLEANS,NON,3751,07:07,IC NUIT,TOULOUSE MATABIAU,PAVERMEIL,FRXYT,23:32,FRLAB
9997,2023-08-13,PARIS (intramuros),NON,3751,05:45,IC NUIT,CAUSSADE TARN ET GARONNE,PAVERMEIL,FRFTA,22:12,FRPAZ
9998,2023-08-13,PARIS (intramuros),NON,3751,07:07,IC NUIT,TOULOUSE MATABIAU,PAVERMEIL,FRXYT,22:12,FRPAZ
9999,2023-08-13,PARIS (intramuros),NON,3751,05:01,IC NUIT,CAHORS,PAVERMEIL,FRZAO,22:12,FRPAZ
0,2023-08-14,ANGOULEME,NON,5284,16:27,NORD,MARNE LA VALLEE CHESSY,JCAQUINORD,FRMLV,13:36,FRANG
1,2023-08-14,ANGOULEME,NON,5284,14:50,NORD,ST PIERRE DES CORPS,JCAQUINORD,FRXSH,13:36,FRANG
2,2023-08-14,BORDEAUX ST JEAN,NON,5284,15:49,NORD,MASSY TGV,JCAQUINORD,FRDJU,12:58,FRBOJ
3,2023-08-14,MASSY TGV,NON,5284,17:57,NORD,LILLE (intramuros),JCAQUINORD,FRLLE,15:55,FRDJU
4,2023-08-14,MASSY TGV,NON,5284,17:15,NORD,TGV HAUTE PICARDIE,JCAQUINORD,FRTHP,15:55,FRDJU
5,2023-08-14,MARNE LA VALLEE CHESSY,NON,5284,17:57,NORD,LILLE (intramuros),JCAQUINORD,FRLLE,16:31,FRMLV
6,2023-08-14,MARNE LA VALLEE CHESSY,NON,5284,16:41,NORD,AEROPORT CDG2 TGV ROISSY,JCAQUINORD,FRMLW,16:31,FRMLV
7,2023-08-14,AVIGNON TGV,NON,5102,10:33,NORD,AIX EN PROVENCE TGV,JCNORDSUD,FRAIE,10:14,FRAVG
8,2023-08-14,LILLE (intramuros),OUI,5102,07:06,NORD,MARNE LA VALLEE CHESSY,JCNORDSUD,FRMLV,06:00,FRLLE
9,2023-08-14,LYON (intramuros),NON,5102,10:11,NORD,AVIGNON TGV,JCNORDSUD,FRAVG,09:06,FRLPD
10,2023-08-14,LYON (intramuros),NON,5102,10:48,NORD,MARSEILLE ST CHARLES,JCNORDSUD,FRMSC,09:06,FRLPD
11,2023-08-14,MONTPELLIER SAINT-ROCH,OUI,6200,06:15,SUD EST,NIMES,LANGPA,FRFNI,05:50,FRMPL
12,2023-08-14,MACON VILLE,NON,5500,19:09,EST,MULHOUSE VILLE,JCRHONRHIN,FRAEK,16:41,FRHGU
13,2023-08-14,MACON VILLE,NON,5500,18:44,EST,BELFORT-MONTBELIARD TGV,JCRHONRHIN,FRTJA,16:41,FRHGU
14,2023-08-14,LYON (intramuros),NON,5500,19:41,EST,COLMAR,JCRHONRHIN,FRAEJ,16:04,FRLPD
15,2023-08-14,MONTPELLIER SAINT-ROCH,NON,5500,19:41,EST,COLMAR,JCRHONRHIN,FRAEJ,13:57,FRMPL
16,2023-08-14,MONTPELLIER SAINT-ROCH,NON,5500,19:09,EST,MULHOUSE VILLE,JCRHONRHIN,FRAEK,13:57,FRMPL
17,2023-08-14,MONTPELLIER SAINT-ROCH,OUI,5500,14:22,EST,NIMES,JCRHONRHIN,FRFNI,13:57,FRMPL
18,2023-08-14,MONTPELLIER SAINT-ROCH,NON,5500,16:39,EST,MACON VILLE,JCRHONRHIN,FRHGU,13:57,FRMPL
19,2023-08-14,BELFORT-MONTBELIARD TGV,NON,5500,21:13,EST,METZ VILLE,JCRHONRHIN,FRADE,18:47,FRTJA
20,2023-08-14,BELFORT-MONTBELIARD TGV,NON,5500,20:13,EST,STRASBOURG,JCRHONRHIN,FRAEG,18:47,FRTJA
21,2023-08-14,BESANCON - F COMTE TGV,NON,5500,19:09,EST,MULHOUSE VILLE,JCRHONRHIN,FRAEK,18:22,FRTJB
22,2023-08-14,VALENCE TGV RHONE-ALPES SUD,NON,5500,17:40,EST,DIJON VILLE,JCRHONRHIN,FRABA,15:12,FRVLA
23,2023-08-14,VALENCE TGV RHONE-ALPES SUD,NON,5500,21:13,EST,METZ VILLE,JCRHONRHIN,FRADE,15:12,FRVLA
24,2023-08-14,VALENCE TGV RHONE-ALPES SUD,NON,5500,20:13,EST,STRASBOURG,JCRHONRHIN,FRAEG,15:12,FRVLA
25,2023-08-14,VALENCE TGV RHONE-ALPES SUD,NON,5500,19:41,EST,COLMAR,JCRHONRHIN,FRAEJ,15:12,FRVLA
26,2023-08-14,VALENCE TGV RHONE-ALPES SUD,NON,5500,19:09,EST,MULHOUSE VILLE,JCRHONRHIN,FRAEK,15:12,FRVLA
27,2023-08-14,VALENCE TGV RHONE-ALPES SUD,NON,5500,15:51,EST,LYON (intramuros),JCRHONRHIN,FRLPD,15:12,FRVLA
28,2023-08-14,MONTPELLIER SAINT-ROCH,NON,6034,17:18,SUD EST,PARIS (intramuros),LANGPA,FRPLY,13:50,FRMPL
29,2023-08-14,MONTPELLIER SAINT-ROCH,NON,6034,15:01,SUD EST,VALENCE TGV RHONE-ALPES SUD,LANGPA,FRVLA,13:50,FRMPL
30,2023-08-14,VALENCE TGV RHONE-ALPES SUD,NON,6034,17:18,SUD EST,PARIS (intramuros),LANGPA,FRPLY,15:04,FRVLA
31,2023-08-14,LILLE (intramuros),NON,9832,19:50,NORD,NANTES,JCNORDBRET,FRNTE,15:52,FRLLE
32,2023-08-14,MARNE LA VALLEE CHESSY,OUI,9832,17:33,NORD,MASSY TGV,JCNORDBRET,FRDJU,17:02,FRMLV
33,2023-08-14,AEROPORT CDG2 TGV ROISSY,NON,9832,17:33,NORD,MASSY TGV,JCNORDBRET,FRDJU,16:49,FRMLW
34,2023-08-14,AEROPORT CDG2 TGV ROISSY,NON,9832,16:58,NORD,MARNE LA VALLEE CHESSY,JCNORDBRET,FRMLV,16:49,FRMLW
35,2023-08-14,MANNHEIM HBF,NON,9557,22:59,INTERNATIONAL,FRANKFURT MAIN HBF,PAFRANC,DEFRH,22:19,DEMHG
36,2023-08-14,SARREBRUCK/SAARBRUECKEN,NON,9557,22:17,INTERNATIONAL,MANNHEIM HBF,PAFRANC,DEMHG,20:59,DESBK
37,2023-08-14,FORBACH,NON,9557,20:57,INTERNATIONAL,SARREBRUCK/SAARBRUECKEN,PAFRANC,DESBK,20:49,FRBQT
38,2023-08-14,PARIS (intramuros),OUI,6367,23:23,SUD EST,MONTPELLIER SAINT-ROCH,PALANG,FRMPL,19:10,FRPLY
39,2023-08-14,PARIS (intramuros),OUI,6367,22:06,SUD EST,NIMES PONT DU GARD,PALANG,FRXZP,19:10,FRPLY
40,2023-08-14,LA ROCHELLE VILLE,NON,3833,15:10,IC SRO,JONZAC,NANTEBORDO,FREMR,13:43,FRLRH
41,2023-08-14,NANTES,NON,3833,15:10,IC SRO,JONZAC,NANTEBORDO,FREMR,11:55,FRNTE
42,2023-08-14,ROCHEFORT,NON,3833,14:32,IC SRO,SAINTES,NANTEBORDO,FRXST,14:05,FRRCO
43,2023-08-14,LA ROCHE SUR YON,NON,3833,16:08,IC SRO,BORDEAUX ST JEAN,NANTEBORDO,FRBOJ,12:36,FRXRO
44,2023-08-14,LA ROCHE SUR YON,NON,3833,14:32,IC SRO,SAINTES,NANTEBORDO,FRXST,12:36,FRXRO
45,2023-08-14,SAINTES,NON,3833,16:08,IC SRO,BORDEAUX ST JEAN,NANTEBORDO,FRBOJ,14:34,FRXST
46,2023-08-14,SAINTES,NON,3833,15:10,IC SRO,JONZAC,NANTEBORDO,FREMR,14:34,FRXST
47,2023-08-14,BELFORT-MONTBELIARD TGV,OUI,6708,19:02,SUD EST,DIJON VILLE,BOURPA,FRABA,18:11,FRTJA
48,2023-08-14,BELFORT-MONTBELIARD TGV,OUI,6708,20:42,SUD EST,PARIS (intramuros),BOURPA,FRPLY,18:11,FRTJA
49,2023-08-14,ARRAS,OUI,7200,07:08,NORD,PARIS (intramuros),ARRASPA,FRPNO,06:18,FRQRV
50,2023-08-14,CLERMONT FERRAND,OUI,5990,20:58,IC ARO,NEVERS,CLERMONTPA,FRNVS,19:31,FRCFE
51,2023-08-14,CLERMONT FERRAND,OUI,5990,19:40,IC ARO,RIOM CHATEL GUYON,CLERMONTPA,FRRIO,19:31,FRCFE
52,2023-08-14,CLERMONT FERRAND,OUI,5990,20:04,IC ARO,VICHY,CLERMONTPA,FRVHY,19:31,FRCFE
53,2023-08-14,VICHY,OUI,5990,20:29,IC ARO,MOULINS SUR ALLIER,CLERMONTPA,FRXMU,20:06,FRVHY
54,2023-08-14,TOURS,OUI,8310,08:43,ATLANTIQUE,VENDOME VILLIERS SUR LOIR,ROCHELLEPA,FRESL,08:13,FRAFW
55,2023-08-14,TOURS,OUI,8310,09:33,ATLANTIQUE,PARIS (intramuros),ROCHELLEPA,FRPMO,08:13,FRAFW
56,2023-08-14,ST PIERRE DES CORPS,OUI,8310,08:43,ATLANTIQUE,VENDOME VILLIERS SUR LOIR,ROCHELLEPA,FRESL,08:25,FRXSH
57,2023-08-14,BEZIERS,NON,9711,11:56,SUD EST,PERPIGNAN,PABARCELONE,FRPGF,11:06,FRBZR
58,2023-08-14,PARIS (intramuros),NON,9711,09:07,SUD EST,VALENCE TGV RHONE-ALPES SUD,PABARCELONE,FRVLA,06:56,FRPLY
59,2023-08-14,PARIS (intramuros),NON,9711,10:48,SUD EST,AGDE,PABARCELONE,FRXAG,06:56,FRPLY
60,2023-08-14,VALENCE TGV RHONE-ALPES SUD,NON,9711,11:56,SUD EST,PERPIGNAN,PABARCELONE,FRPGF,09:10,FRVLA
61,2023-08-14,VALENCE TGV RHONE-ALPES SUD,NON,9711,11:20,SUD EST,NARBONNE,PABARCELONE,FRXNA,09:10,FRVLA
62,2023-08-14,VALENCE TGV RHONE-ALPES SUD,NON,9711,10:31,SUD EST,SETE,PABARCELONE,FRXSY,09:10,FRVLA
63,2023-08-14,MONTPELLIER SUD DE FRANCE,NON,9711,11:20,SUD EST,NARBONNE,PABARCELONE,FRXNA,10:17,FRSUF
64,2023-08-14,NIMES PONT DU GARD,NON,9711,11:56,SUD EST,PERPIGNAN,PABARCELONE,FRPGF,09:49,FRXZP
65,2023-08-14,NIMES PONT DU GARD,NON,9711,11:20,SUD EST,NARBONNE,PABARCELONE,FRXNA,09:49,FRXZP
66,2023-08-14,NIMES PONT DU GARD,NON,9711,10:31,SUD EST,SETE,PABARCELONE,FRXSY,09:49,FRXZP
67,2023-08-14,NARBONNE,NON,9711,13:25,SUD EST,BARCELONA SANTS,PABARCELONE,ESBST,11:23,FRXNA
68,2023-08-14,PERPIGNAN,NON,9711,12:44,SUD EST,GIRONA,PABARCELONE,ESGRO,12:03,FRPGF
69,2023-08-14,NIMES PONT DU GARD,NON,9711,13:25,SUD EST,BARCELONA SANTS,PABARCELONE,ESBST,09:49,FRXZP
70,2023-08-14,MONTPELLIER SUD DE FRANCE,NON,9711,13:25,SUD EST,BARCELONA SANTS,PABARCELONE,ESBST,10:17,FRSUF
71,2023-08-14,SETE,NON,9711,13:25,SUD EST,BARCELONA SANTS,PABARCELONE,ESBST,10:34,FRXSY
72,2023-08-14,NARBONNE,NON,9711,12:44,SUD EST,GIRONA,PABARCELONE,ESGRO,11:23,FRXNA
73,2023-08-14,NARBONNE,NON,9711,12:27,SUD EST,FIGUERES VILA TGV,PABARCELONE,ESFIR,11:23,FRXNA
74,2023-08-14,BEZIERS,NON,9711,12:27,SUD EST,FIGUERES VILA TGV,PABARCELONE,ESFIR,11:06,FRBZR
75,2023-08-14,NIMES PONT DU GARD,NON,9711,12:27,SUD EST,FIGUERES VILA TGV,PABARCELONE,ESFIR,09:49,FRXZP
76,2023-08-14,SETE,NON,9711,12:44,SUD EST,GIRONA,PABARCELONE,ESGRO,10:34,FRXSY
77,2023-08-14,MULHOUSE VILLE,OUI,6706,16:02,SUD EST,BELFORT-MONTBELIARD TGV,BOURPA,FRTJA,15:40,FRAEK
78,2023-08-14,BELFORT-MONTBELIARD TGV,OUI,6706,16:56,SUD EST,DIJON VILLE,BOURPA,FRABA,16:05,FRTJA
79,2023-08-14,BELFORT-MONTBELIARD TGV,OUI,6706,18:42,SUD EST,PARIS (intramuros),BOURPA,FRPLY,16:05,FRTJA
80,2023-08-14,BELFORT-MONTBELIARD TGV,OUI,6706,16:25,SUD EST,BESANCON - F COMTE TGV,BOURPA,FRTJB,16:05,FRTJA
81,2023-08-14,BESANCON - F COMTE TGV,OUI,6706,16:56,SUD EST,DIJON VILLE,BOURPA,FRABA,16:28,FRTJB
82,2023-08-14,LE MANS,NON,8112,11:25,ATLANTIQUE,PARIS (intramuros),LOIREPARIS,FRPMO,10:26,FRAET
83,2023-08-14,NANTES,NON,8112,11:25,ATLANTIQUE,PARIS (intramuros),LOIREPARIS,FRPMO,09:05,FRNTE
84,2023-08-14,LIMOGES BENEDICTINS,OUI,3645,19:02,IC ARO,BRIVE LA GAILLARDE,PALITO,FRBVE,18:02,FRAGQ
85,2023-08-14,BRIVE LA GAILLARDE,OUI,3645,20:39,IC ARO,CAUSSADE TARN ET GARONNE,PALITO,FRFTA,19:06,FRBVE
86,2023-08-14,CAUSSADE TARN ET GARONNE,OUI,3645,21:23,IC ARO,TOULOUSE MATABIAU,PALITO,FRXYT,20:40,FRFTA
87,2023-08-14,LES AUBRAIS ORLEANS,NON,3645,17:23,IC ARO,LA SOUTERRAINE,PALITO,FRLST,15:40,FRLAB
88,2023-08-14,LA SOUTERRAINE,OUI,3645,19:02,IC ARO,BRIVE LA GAILLARDE,PALITO,FRBVE,17:25,FRLST
89,2023-08-14,LA SOUTERRAINE,OUI,3645,21:23,IC ARO,TOULOUSE MATABIAU,PALITO,FRXYT,17:25,FRLST
90,2023-08-14,PARIS (intramuros),NON,3645,19:02,IC ARO,BRIVE LA GAILLARDE,PALITO,FRBVE,14:40,FRPAZ
91,2023-08-14,PARIS (intramuros),NON,3645,20:54,IC ARO,MONTAUBAN VILLE BOURBON,PALITO,FRXMW,14:40,FRPAZ
92,2023-08-14,PARIS (intramuros),NON,3645,16:14,IC ARO,VIERZON VILLE,PALITO,FRXVZ,14:40,FRPAZ
93,2023-08-14,PARIS (intramuros),NON,3645,21:23,IC ARO,TOULOUSE MATABIAU,PALITO,FRXYT,14:40,FRPAZ
94,2023-08-14,VIERZON VILLE,NON,3645,19:46,IC ARO,GOURDON,PALITO,FRFSI,16:17,FRXVZ
95,2023-08-14,LA SOUTERRAINE,OUI,3645,20:39,IC ARO,CAUSSADE TARN ET GARONNE,PALITO,FRFTA,17:25,FRLST
96,2023-08-14,DAX,OUI,8541,16:14,ATLANTIQUE,BAYONNE,PASUDOUEST,FRXBY,15:41,FRACG
97,2023-08-14,BORDEAUX ST JEAN,NON,8541,16:14,ATLANTIQUE,BAYONNE,PASUDOUEST,FRXBY,14:21,FRBOJ
98,2023-08-14,PARIS (intramuros),NON,8541,15:37,ATLANTIQUE,DAX,PASUDOUEST,FRACG,12:08,FRPMO
99,2023-08-14,PARIS (intramuros),NON,8541,16:56,ATLANTIQUE,HENDAYE,PASUDOUEST,FRAEF,12:08,FRPMO
100,2023-08-14,PARIS (intramuros),NON,8541,16:26,ATLANTIQUE,BIARRITZ,PASUDOUEST,FRBIQ,12:08,FRPMO
101,2023-08-14,PARIS (intramuros),NON,8541,16:14,ATLANTIQUE,BAYONNE,PASUDOUEST,FRXBY,12:08,FRPMO
102,2023-08-14,MONTPELLIER SUD DE FRANCE,NON,6266,13:52,SUD EST,VALENCE TGV RHONE-ALPES SUD,LANGPA,FRVLA,12:24,FRSUF
103,2023-08-14,NIMES PONT DU GARD,NON,6266,13:52,SUD EST,VALENCE TGV RHONE-ALPES SUD,LANGPA,FRVLA,13:04,FRXZP
104,2023-08-14,NIMES PONT DU GARD,NON,6266,16:12,SUD EST,PARIS (intramuros),LANGPA,FRPLY,13:04,FRXZP
105,2023-08-14,MONTPELLIER SUD DE FRANCE,OUI,6266,13:00,SUD EST,NIMES PONT DU GARD,LANGPA,FRXZP,12:24,FRSUF
106,2023-08-14,ORTHEZ,NON,3742,06:08,IC NUIT,LES AUBRAIS ORLEANS,PALOMBEPAR,FRLAB,21:22,FRGFI
107,2023-08-14,LOURDES,NON,3742,07:19,IC NUIT,PARIS (intramuros),PALOMBEPAR,FRPAZ,22:13,FRLDE
108,2023-08-14,TARBES,NON,3742,07:19,IC NUIT,PARIS (intramuros),PALOMBEPAR,FRPAZ,22:29,FRXTB
109,2023-08-14,ST GAUDENS,NON,3742,07:19,IC NUIT,PARIS (intramuros),PALOMBEPAR,FRPAZ,23:12,FRFPH
110,2023-08-14,BETHUNE,OUI,7320,14:32,NORD,PARIS (intramuros),ARRASPA,FRPNO,12:57,FRXBH
111,2023-08-14,PAU,NON,8581,13:40,ATLANTIQUE,BORDEAUX ST JEAN,SUDOUESTPA,FRBOJ,11:19,FRAEE
112,2023-08-14,BORDEAUX ST JEAN,NON,8581,15:52,ATLANTIQUE,PARIS (intramuros),SUDOUESTPA,FRPMO,13:46,FRBOJ
113,2023-08-14,LOURDES,OUI,8581,12:10,ATLANTIQUE,DAX,SUDOUESTPA,FRACG,10:51,FRLDE
114,2023-08-14,TARBES,OUI,8581,12:10,ATLANTIQUE,DAX,SUDOUESTPA,FRACG,10:28,FRXTB
115,2023-08-14,TARBES,NON,8581,15:52,ATLANTIQUE,PARIS (intramuros),SUDOUESTPA,FRPMO,10:28,FRXTB
116,2023-08-14,CANNES,NON,6168,21:50,SUD EST,PARIS (intramuros),AZURPA,FRPLY,16:32,FRJCA
117,2023-08-14,NICE VILLE,OUI,6168,18:33,SUD EST,MARSEILLE ST CHARLES,AZURPA,FRMSC,16:01,FRNIC
118,2023-08-14,ANTIBES,OUI,6168,17:44,SUD EST,TOULON,AZURPA,FRTLN,16:17,FRXAT
119,2023-08-14,ST RAPHAEL VALESCURE,NON,6168,21:50,SUD EST,PARIS (intramuros),AZURPA,FRPLY,16:58,FRXSK
120,2023-08-14,UZERCHE,NON,3654,16:11,IC ARO,CHATEAUROUX,TOULOUZECO,FRCHR,14:22,FRAAW
121,2023-08-14,LIMOGES BENEDICTINS,NON,3654,15:33,IC ARO,LA SOUTERRAINE,TOULOUZECO,FRLST,15:01,FRAGQ
122,2023-08-14,BRIVE LA GAILLARDE,OUI,3654,14:21,IC ARO,UZERCHE,TOULOUZECO,FRAAW,13:56,FRBVE
123,2023-08-14,GOURDON,OUI,3654,13:53,IC ARO,BRIVE LA GAILLARDE,TOULOUZECO,FRBVE,13:11,FRFSI
124,2023-08-14,CAHORS,OUI,3654,14:58,IC ARO,LIMOGES BENEDICTINS,TOULOUZECO,FRAGQ,12:44,FRZAO
125,2023-08-14,CAHORS,NON,3654,16:46,IC ARO,VIERZON VILLE,TOULOUZECO,FRXVZ,12:44,FRZAO
126,2023-08-14,LYON (intramuros),NON,6825,21:33,SUD EST,CARCASSONNE,JCPROVSUD,FRCCF,18:09,FRLPD
127,2023-08-14,NARBONNE,OUI,6825,21:33,SUD EST,CARCASSONNE,JCPROVSUD,FRCCF,21:04,FRXNA
128,2023-08-14,SETE,OUI,6825,21:33,SUD EST,CARCASSONNE,JCPROVSUD,FRCCF,20:24,FRXSY
129,2023-08-14,SETE,OUI,6825,21:01,SUD EST,NARBONNE,JCPROVSUD,FRXNA,20:24,FRXSY
130,2023-08-14,BASEL SBB,NON,9219,20:26,INTERNATIONAL,ZUERICH HB,PABALZUR,CHAJD,19:33,CHAJP
131,2023-08-14,PARIS (intramuros),NON,9219,20:26,INTERNATIONAL,ZUERICH HB,PABALZUR,CHAJD,16:22,FRPLY
132,2023-08-14,PARIS (intramuros),NON,9219,19:03,INTERNATIONAL,MULHOUSE VILLE,PABALZUR,FRAEK,16:22,FRPLY
133,2023-08-14,DIJON VILLE,NON,2087,14:49,EST,AIX EN PROVENCE TGV,JCRHINRHON,FRAIE,11:21,FRABA
134,2023-08-14,DIJON VILLE,NON,2087,13:00,EST,LYON (intramuros),JCRHINRHON,FRLPD,11:21,FRABA
135,2023-08-14,DIJON VILLE,NON,2087,15:06,EST,MARSEILLE ST CHARLES,JCRHINRHON,FRMSC,11:21,FRABA
136,2023-08-14,DIJON VILLE,NON,2087,13:46,EST,VALENCE TGV RHONE-ALPES SUD,JCRHINRHON,FRVLA,11:21,FRABA
137,2023-08-14,STRASBOURG,NON,2087,12:19,EST,MACON VILLE,JCRHINRHON,FRHGU,09:03,FRAEG
138,2023-08-14,STRASBOURG,NON,2087,13:00,EST,LYON (intramuros),JCRHINRHON,FRLPD,09:03,FRAEG
139,2023-08-14,STRASBOURG,NON,2087,10:41,EST,BESANCON - F COMTE TGV,JCRHINRHON,FRTJB,09:03,FRAEG
140,2023-08-14,MULHOUSE VILLE,NON,2087,11:11,EST,DIJON VILLE,JCRHINRHON,FRABA,09:57,FRAEK
141,2023-08-14,MULHOUSE VILLE,NON,2087,12:19,EST,MACON VILLE,JCRHINRHON,FRHGU,09:57,FRAEK
142,2023-08-14,MULHOUSE VILLE,NON,2087,10:41,EST,BESANCON - F COMTE TGV,JCRHINRHON,FRTJB,09:57,FRAEK
143,2023-08-14,MACON VILLE,NON,2087,14:49,EST,AIX EN PROVENCE TGV,JCRHINRHON,FRAIE,12:22,FRHGU
144,2023-08-14,MACON VILLE,NON,2087,14:25,EST,AVIGNON TGV,JCRHINRHON,FRAVG,12:22,FRHGU
145,2023-08-14,LYON (intramuros),NON,2087,14:25,EST,AVIGNON TGV,JCRHINRHON,FRAVG,13:06,FRLPD
146,2023-08-14,BELFORT-MONTBELIARD TGV,NON,2087,11:11,EST,DIJON VILLE,JCRHINRHON,FRABA,10:21,FRTJA
147,2023-08-14,BELFORT-MONTBELIARD TGV,NON,2087,14:49,EST,AIX EN PROVENCE TGV,JCRHINRHON,FRAIE,10:21,FRTJA
148,2023-08-14,BESANCON - F COMTE TGV,NON,2087,15:06,EST,MARSEILLE ST CHARLES,JCRHINRHON,FRMSC,10:44,FRTJB
149,2023-08-14,VALENCE TGV RHONE-ALPES SUD,NON,2087,14:25,EST,AVIGNON TGV,JCRHINRHON,FRAVG,13:51,FRVLA
150,2023-08-14,BRIVE LA GAILLARDE,OUI,3624,08:08,IC ARO,CHATEAUROUX,TOULOUZECO,FRCHR,05:58,FRBVE
151,2023-08-14,BRIVE LA GAILLARDE,NON,3624,10:23,IC ARO,PARIS (intramuros),TOULOUZECO,FRPAZ,05:58,FRBVE
152,2023-08-14,BRIVE LA GAILLARDE,OUI,3624,08:46,IC ARO,VIERZON VILLE,TOULOUZECO,FRXVZ,05:58,FRBVE
153,2023-08-14,CHATEAUROUX,OUI,3624,08:25,IC ARO,ISSOUDUN,TOULOUZECO,FRFMN,08:10,FRCHR
154,2023-08-14,LA SOUTERRAINE,OUI,3624,08:25,IC ARO,ISSOUDUN,TOULOUZECO,FRFMN,07:33,FRLST
155,2023-08-14,CHAMPAGNE-ARDENNE,OUI,2807,10:07,EST,THIONVILLE,PAMETZLUX,FRXTH,08:56,FREAH
156,2023-08-14,PARIS (intramuros),OUI,7369,14:05,NORD,HAZEBROUCK,PAARRAS,FRHZK,12:25,FRPNO
157,2023-08-14,PARIS (intramuros),OUI,7369,13:13,NORD,ARRAS,PAARRAS,FRQRV,12:25,FRPNO
158,2023-08-14,BRUXELLES MIDI BRUSSEL ZUID,NON,9812,13:34,NORD,NIMES,JCNORDSUD,FRFNI,08:17,BEBMI
159,2023-08-14,LILLE (intramuros),NON,9812,10:08,NORD,MARNE LA VALLEE CHESSY,JCNORDSUD,FRMLV,09:03,FRLLE
160,2023-08-14,LILLE (intramuros),NON,9812,12:45,NORD,VALENCE TGV RHONE-ALPES SUD,JCNORDSUD,FRVLA,09:03,FRLLE
161,2023-08-14,AEROPORT CDG2 TGV ROISSY,NON,9812,13:34,NORD,NIMES,JCNORDSUD,FRFNI,09:59,FRMLW
162,2023-08-14,AEROPORT CDG2 TGV ROISSY,NON,9812,12:00,NORD,LYON (intramuros),JCNORDSUD,FRLPD,09:59,FRMLW
163,2023-08-14,AEROPORT CDG2 TGV ROISSY,NON,9812,14:03,NORD,MONTPELLIER SAINT-ROCH,JCNORDSUD,FRMPL,09:59,FRMLW
164,2023-08-14,ARVANT,NON,15940,15:35,IC SRO,ISSOIRE,JOUNOREST,FRHLB,15:17,FRARV
165,2023-08-14,ARVANT,NON,15940,15:22,IC SRO,BRASSAC LES MINES STE FLORINE,JOUNOREST,FRHLE,15:17,FRARV
166,2023-08-14,BEZIERS,NON,15940,16:01,IC SRO,CLERMONT FERRAND,JOUNOREST,FRCFE,09:33,FRBZR
167,2023-08-14,ST ROME DE CERNON,NON,15940,11:24,IC SRO,MILLAU,JOUNOREST,FRMAU,11:07,FRINN
168,2023-08-14,MASSIAC BLESLE,NON,15940,16:01,IC SRO,CLERMONT FERRAND,JOUNOREST,FRCFE,14:58,FRHMY
169,2023-08-14,ST ROME DE CERNON,NON,15940,14:06,IC SRO,ST FLOUR CHAUDES AIGUES,JOUNOREST,FRIMW,11:07,FRINN
170,2023-08-14,BEZIERS,NON,15940,11:06,IC SRO,ST ROME DE CERNON,JOUNOREST,FRINN,09:33,FRBZR
171,2023-08-14,ST CHELY D'APCHER,NON,15940,16:01,IC SRO,CLERMONT FERRAND,JOUNOREST,FRCFE,13:28,FRINB
172,2023-08-14,MARVEJOLS,NON,15940,14:06,IC SRO,ST FLOUR CHAUDES AIGUES,JOUNOREST,FRIMW,12:50,FRINE
173,2023-08-14,BEZIERS,NON,15940,11:24,IC SRO,MILLAU,JOUNOREST,FRMAU,09:33,FRBZR
174,2023-08-14,MILLAU,NON,15940,15:16,IC SRO,ARVANT,JOUNOREST,FRARV,11:26,FRMAU
175,2023-08-14,ST FLOUR CHAUDES AIGUES,NON,15940,16:01,IC SRO,CLERMONT FERRAND,JOUNOREST,FRCFE,14:07,FRIMW
176,2023-08-14,ST GEORGES DE LUZENCON,NON,15940,14:27,IC SRO,NEUSSARGUES,JOUNOREST,FRNEU,11:14,FRINM
177,2023-08-14,ST CHELY D'APCHER,NON,15940,15:35,IC SRO,ISSOIRE,JOUNOREST,FRHLB,13:28,FRINB
178,2023-08-14,ST FLOUR CHAUDES AIGUES,NON,15940,15:35,IC SRO,ISSOIRE,JOUNOREST,FRHLB,14:07,FRIMW
179,2023-08-14,CEILHES ROQUEREDONDE,NON,15940,11:24,IC SRO,MILLAU,JOUNOREST,FRMAU,10:34,FRIMC
180,2023-08-14,LE BOUSQUET D'ORB,NON,15940,14:27,IC SRO,NEUSSARGUES,JOUNOREST,FRNEU,10:19,FRIMG
181,2023-08-14,MILLAU,NON,15940,14:27,IC SRO,NEUSSARGUES,JOUNOREST,FRNEU,11:26,FRMAU
182,2023-08-14,SEVERAC LE CHATEAU,NON,15940,14:27,IC SRO,NEUSSARGUES,JOUNOREST,FRNEU,11:58,FRSVC
183,2023-08-14,ST CHELY D'APCHER,NON,15940,15:16,IC SRO,ARVANT,JOUNOREST,FRARV,13:28,FRINB
184,2023-08-14,AUMONT AUBRAC,NON,15940,14:27,IC SRO,NEUSSARGUES,JOUNOREST,FRNEU,13:15,FRINC
185,2023-08-14,LE BOUSQUET D'ORB,NON,15940,10:33,IC SRO,CEILHES ROQUEREDONDE,JOUNOREST,FRIMC,10:19,FRIMG
186,2023-08-14,ST ROME DE CERNON,NON,15940,13:27,IC SRO,ST CHELY D'APCHER,JOUNOREST,FRINB,11:07,FRINN
187,2023-08-14,ST GEORGES DE LUZENCON,NON,15940,13:14,IC SRO,AUMONT AUBRAC,JOUNOREST,FRINC,11:14,FRINM
188,2023-08-14,TOURNEMIRE ROQUEFORT,NON,15940,11:24,IC SRO,MILLAU,JOUNOREST,FRMAU,10:59,FRINO
189,2023-08-14,BEDARIEUX,NON,15940,13:14,IC SRO,AUMONT AUBRAC,JOUNOREST,FRINC,10:08,FRIMH
190,2023-08-14,ST ROME DE CERNON,NON,15940,15:16,IC SRO,ARVANT,JOUNOREST,FRARV,11:07,FRINN
191,2023-08-14,ST GEORGES DE LUZENCON,NON,15940,15:16,IC SRO,ARVANT,JOUNOREST,FRARV,11:14,FRINM
192,2023-08-14,LE BOUSQUET D'ORB,NON,15940,15:35,IC SRO,ISSOIRE,JOUNOREST,FRHLB,10:19,FRIMG
193,2023-08-14,LE BOUSQUET D'ORB,NON,15940,14:06,IC SRO,ST FLOUR CHAUDES AIGUES,JOUNOREST,FRIMW,10:19,FRIMG
194,2023-08-14,LE BOUSQUET D'ORB,NON,15940,10:58,IC SRO,TOURNEMIRE ROQUEFORT,JOUNOREST,FRINO,10:19,FRIMG
195,2023-08-14,CEILHES ROQUEREDONDE,NON,15940,15:35,IC SRO,ISSOIRE,JOUNOREST,FRHLB,10:34,FRIMC
196,2023-08-14,MAGALAS,NON,15940,11:06,IC SRO,ST ROME DE CERNON,JOUNOREST,FRINN,09:47,FRIMK
197,2023-08-14,ST GEORGES DE LUZENCON,NON,15940,12:26,IC SRO,BANASSAC LA CANOURGUE,JOUNOREST,FRINH,11:14,FRINM
198,2023-08-14,ST GEORGES DE LUZENCON,NON,15940,14:06,IC SRO,ST FLOUR CHAUDES AIGUES,JOUNOREST,FRIMW,11:14,FRINM
199,2023-08-14,MAGALAS,NON,15940,12:26,IC SRO,BANASSAC LA CANOURGUE,JOUNOREST,FRINH,09:47,FRIMK
200,2023-08-14,CEILHES ROQUEREDONDE,NON,15940,11:06,IC SRO,ST ROME DE CERNON,JOUNOREST,FRINN,10:34,FRIMC
201,2023-08-14,MAGALAS,NON,15940,15:22,IC SRO,BRASSAC LES MINES STE FLORINE,JOUNOREST,FRHLE,09:47,FRIMK
202,2023-08-14,TOURNEMIRE ROQUEFORT,NON,15940,14:57,IC SRO,MASSIAC BLESLE,JOUNOREST,FRHMY,10:59,FRINO
203,2023-08-14,ST ROME DE CERNON,NON,15940,13:14,IC SRO,AUMONT AUBRAC,JOUNOREST,FRINC,11:07,FRINN
204,2023-08-14,TOURNEMIRE ROQUEFORT,NON,15940,12:49,IC SRO,MARVEJOLS,JOUNOREST,FRINE,10:59,FRINO
205,2023-08-14,ST ROME DE CERNON,NON,15940,12:26,IC SRO,BANASSAC LA CANOURGUE,JOUNOREST,FRINH,11:07,FRINN
206,2023-08-14,BANASSAC LA CANOURGUE,NON,15940,12:41,IC SRO,LE MONASTIER,JOUNOREST,FRLMR,12:29,FRINH
207,2023-08-14,AUMONT AUBRAC,NON,15940,14:57,IC SRO,MASSIAC BLESLE,JOUNOREST,FRHMY,13:15,FRINC
208,2023-08-14,BEZIERS,NON,15940,12:41,IC SRO,LE MONASTIER,JOUNOREST,FRLMR,09:33,FRBZR
209,2023-08-14,LE MONASTIER,NON,15940,16:01,IC SRO,CLERMONT FERRAND,JOUNOREST,FRCFE,12:42,FRLMR
210,2023-08-14,DIJON VILLE,NON,6704,14:02,SUD EST,MONTBARD,BOURPA,FRGWE,13:27,FRABA
211,2023-08-14,MULHOUSE VILLE,OUI,6704,12:51,SUD EST,BESANCON - F COMTE TGV,BOURPA,FRTJB,12:05,FRAEK
212,2023-08-14,BELFORT-MONTBELIARD TGV,OUI,6704,13:23,SUD EST,DIJON VILLE,BOURPA,FRABA,12:31,FRTJA
213,2023-08-14,BELFORT-MONTBELIARD TGV,NON,6704,15:08,SUD EST,PARIS (intramuros),BOURPA,FRPLY,12:31,FRTJA
214,2023-08-14,BESANCON - F COMTE TGV,OUI,6704,13:23,SUD EST,DIJON VILLE,BOURPA,FRABA,12:54,FRTJB
215,2023-08-14,BESANCON - F COMTE TGV,NON,6704,14:02,SUD EST,MONTBARD,BOURPA,FRGWE,12:54,FRTJB
216,2023-08-14,AGEN,NON,4655,11:22,IC ARO,NIMES,TJOURSOSE,FRFNI,07:33,FRAGF
217,2023-08-14,BORDEAUX ST JEAN,NON,4655,09:27,IC ARO,CARCASSONNE,TJOURSOSE,FRCCF,06:28,FRBOJ
218,2023-08-14,BORDEAUX ST JEAN,NON,4655,10:54,IC ARO,MONTPELLIER SAINT-ROCH,TJOURSOSE,FRMPL,06:28,FRBOJ
219,2023-08-14,BEZIERS,NON,4655,11:22,IC ARO,NIMES,TJOURSOSE,FRFNI,10:18,FRBZR
220,2023-08-14,CARCASSONNE,NON,4655,10:54,IC ARO,MONTPELLIER SAINT-ROCH,TJOURSOSE,FRMPL,09:29,FRCCF
221,2023-08-14,CARCASSONNE,NON,4655,09:58,IC ARO,NARBONNE,TJOURSOSE,FRXNA,09:29,FRCCF
222,2023-08-14,NIMES,NON,4655,12:36,IC ARO,MARSEILLE ST CHARLES,TJOURSOSE,FRMSC,11:25,FRFNI
223,2023-08-14,MONTPELLIER SAINT-ROCH,NON,4655,12:36,IC ARO,MARSEILLE ST CHARLES,TJOURSOSE,FRMSC,10:58,FRMPL
224,2023-08-14,MONTAUBAN VILLE BOURBON,NON,4655,09:27,IC ARO,CARCASSONNE,TJOURSOSE,FRCCF,08:10,FRXMW
225,2023-08-14,TOULOUSE MATABIAU,NON,4655,09:58,IC ARO,NARBONNE,TJOURSOSE,FRXNA,08:45,FRXYT
226,2023-08-14,NANTES,OUI,8931,21:55,ATLANTIQUE,LA BAULE ESCOUBLAC,PARISLOIRE,FRJEE,21:05,FRNTE
227,2023-08-14,PARIS (intramuros),OUI,8931,21:55,ATLANTIQUE,LA BAULE ESCOUBLAC,PARISLOIRE,FRJEE,18:48,FRPMO
228,2023-08-14,ST NAZAIRE,OUI,8931,22:07,ATLANTIQUE,LE CROISIC,PARISLOIRE,FREGU,21:42,FRSNR
229,2023-08-14,MARSEILLE ST CHARLES,OUI,6136,06:38,SUD EST,AVIGNON TGV,PROVENCEPA,FRAVG,06:04,FRMSC
230,2023-08-14,NEVERS,NON,5951,09:28,IC ARO,MOULINS SUR ALLIER,PACLERMONT,FRXMU,08:59,FRNVS
231,2023-08-14,PARIS (intramuros),NON,5951,10:29,IC ARO,CLERMONT FERRAND,PACLERMONT,FRCFE,07:00,FRPBE
232,2023-08-14,VICHY,OUI,5951,10:29,IC ARO,CLERMONT FERRAND,PACLERMONT,FRCFE,09:57,FRVHY
233,2023-08-14,MOULINS SUR ALLIER,NON,5951,10:17,IC ARO,RIOM CHATEL GUYON,PACLERMONT,FRRIO,09:30,FRXMU
234,2023-08-14,MONTAUBAN VILLE BOURBON,OUI,8502,07:32,ATLANTIQUE,AGEN,SUDOUESTPA,FRAGF,06:57,FRXMW
235,2023-08-14,BEZIERS,OUI,6223,21:56,SUD EST,PERPIGNAN,PALANG,FRPGF,21:07,FRBZR
236,2023-08-14,MONTPELLIER SAINT-ROCH,OUI,6223,21:56,SUD EST,PERPIGNAN,PALANG,FRPGF,20:19,FRMPL
237,2023-08-14,MONTPELLIER SAINT-ROCH,OUI,6223,21:20,SUD EST,NARBONNE,PALANG,FRXNA,20:19,FRMPL
238,2023-08-14,PARIS (intramuros),NON,6223,19:44,SUD EST,NIMES,PALANG,FRFNI,16:42,FRPLY
239,2023-08-14,SETE,OUI,6223,21:20,SUD EST,NARBONNE,PALANG,FRXNA,20:36,FRXSY
240,2023-08-14,LYON-SAINT EXUPERY TGV,OUI,6922,19:46,SUD EST,PARIS (intramuros),GRENOBLEPA,FRPLY,17:54,FRJDQ
241,2023-08-14,BELFORT-MONTBELIARD TGV,NON,6702,10:42,SUD EST,PARIS (intramuros),BOURPA,FRPLY,08:11,FRTJA
242,2023-08-14,PAU,OUI,8585,21:58,ATLANTIQUE,PARIS (intramuros),SUDOUESTPA,FRPMO,17:29,FRAEE
243,2023-08-14,ORTHEZ,OUI,8585,18:24,ATLANTIQUE,DAX,SUDOUESTPA,FRACG,17:53,FRGFI
244,2023-08-14,LOURDES,OUI,8585,18:24,ATLANTIQUE,DAX,SUDOUESTPA,FRACG,16:59,FRLDE
245,2023-08-14,LOURDES,OUI,8585,19:45,ATLANTIQUE,BORDEAUX ST JEAN,SUDOUESTPA,FRBOJ,16:59,FRLDE
246,2023-08-14,TARBES,OUI,8585,18:24,ATLANTIQUE,DAX,SUDOUESTPA,FRACG,16:37,FRXTB
247,2023-08-14,TARBES,OUI,8585,17:26,ATLANTIQUE,PAU,SUDOUESTPA,FRAEE,16:37,FRXTB
248,2023-08-14,TARBES,OUI,8585,17:51,ATLANTIQUE,ORTHEZ,SUDOUESTPA,FRGFI,16:37,FRXTB
249,2023-08-14,BORDEAUX ST JEAN,OUI,8471,10:44,ATLANTIQUE,FACTURE BIGANOS,PASUDOUEST,FRFAC,10:25,FRBOJ
250,2023-08-14,FACTURE BIGANOS,OUI,8471,11:10,ATLANTIQUE,ARCACHON,PASUDOUEST,FRXAC,10:47,FRFAC
251,2023-08-14,POITIERS,OUI,8471,10:19,ATLANTIQUE,BORDEAUX ST JEAN,PASUDOUEST,FRBOJ,09:21,FRPIS
252,2023-08-14,CASTELNAUDARY,OUI,3736,07:19,IC NUIT,PARIS (intramuros),PALOMBEPAR,FRPAZ,22:07,FRCTY
253,2023-08-14,LEZIGNAN-CORBIERES,OUI,3736,07:19,IC NUIT,PARIS (intramuros),PALOMBEPAR,FRPAZ,21:27,FRFUX
254,2023-08-14,ELNE,OUI,3736,06:08,IC NUIT,LES AUBRAIS ORLEANS,PALOMBEPAR,FRLAB,19:38,FRIOG
255,2023-08-14,ELNE,OUI,3736,07:19,IC NUIT,PARIS (intramuros),PALOMBEPAR,FRPAZ,19:38,FRIOG
256,2023-08-14,CERBERE,OUI,3736,07:19,IC NUIT,PARIS (intramuros),PALOMBEPAR,FRPAZ,19:04,FRXCE
257,2023-08-14,COLLIOURE,OUI,3736,06:08,IC NUIT,LES AUBRAIS ORLEANS,PALOMBEPAR,FRLAB,19:24,FRXCU
258,2023-08-14,COLLIOURE,OUI,3736,07:19,IC NUIT,PARIS (intramuros),PALOMBEPAR,FRPAZ,19:24,FRXCU
259,2023-08-14,ARRAS,OUI,7104,08:08,NORD,PARIS (intramuros),ARRASPA,FRPNO,07:18,FRQRV
260,2023-08-14,LAVAL,NON,8739,22:30,ATLANTIQUE,ROSPORDEN,PARISBRETA,FRRSP,19:58,FRACR
261,2023-08-14,QUIMPERLE,OUI,8739,22:30,ATLANTIQUE,ROSPORDEN,PARISBRETA,FRRSP,22:16,FRECO
262,2023-08-14,PARIS (intramuros),NON,8739,21:28,ATLANTIQUE,VANNES,PARISBRETA,FRVNE,18:40,FRPMO
263,2023-08-14,VANNES,OUI,8739,22:13,ATLANTIQUE,QUIMPERLE,PARISBRETA,FRECO,21:31,FRVNE
264,2023-08-14,VANNES,OUI,8739,22:30,ATLANTIQUE,ROSPORDEN,PARISBRETA,FRRSP,21:31,FRVNE
265,2023-08-14,REDON,OUI,8739,21:41,ATLANTIQUE,AURAY,PARISBRETA,FRXUY,21:05,FRXRN
266,2023-08-14,ZUERICH HB,NON,9206,08:53,INTERNATIONAL,MULHOUSE VILLE,ZURBALPA,FRAEK,07:34,CHAJD
267,2023-08-14,BASEL SBB,NON,9206,11:38,INTERNATIONAL,PARIS (intramuros),ZURBALPA,FRPLY,08:34,CHAJP
268,2023-08-14,BASEL SBB,NON,9206,09:17,INTERNATIONAL,BELFORT-MONTBELIARD TGV,ZURBALPA,FRTJA,08:34,CHAJP
269,2023-08-14,ORTHEZ,NON,14150,19:34,IC SRO,ST GAUDENS,SUDOUEST,FRFPH,17:47,FRGFI
270,2023-08-14,ORTHEZ,NON,14150,18:36,IC SRO,LOURDES,SUDOUEST,FRLDE,17:47,FRGFI
271,2023-08-14,ORTHEZ,NON,14150,20:27,IC SRO,TOULOUSE MATABIAU,SUDOUEST,FRXYT,17:47,FRGFI
272,2023-08-14,TARBES,NON,14150,20:27,IC SRO,TOULOUSE MATABIAU,SUDOUEST,FRXYT,18:55,FRXTB
273,2023-08-14,UZERCHE,OUI,3684,19:27,IC ARO,LA SOUTERRAINE,TOULOUZECO,FRLST,18:11,FRAAW
274,2023-08-14,LIMOGES BENEDICTINS,NON,3684,20:46,IC ARO,VIERZON VILLE,TOULOUZECO,FRXVZ,18:51,FRAGQ
275,2023-08-14,CHATEAUROUX,NON,3684,22:19,IC ARO,PARIS (intramuros),TOULOUZECO,FRPAZ,20:10,FRCHR
276,2023-08-14,LA SOUTERRAINE,OUI,3684,20:08,IC ARO,CHATEAUROUX,TOULOUZECO,FRCHR,19:29,FRLST
277,2023-08-14,STRASBOURG,OUI,9591,20:26,EST,FREIBURG BREISGAU HBF,PASTRAMULH,DEFGB,19:17,FRAEG
278,2023-08-14,OFFENBOURG/OFFENBURG,OUI,9591,19:54,EST,LAHR SCHWARZW,PASTRAMULH,DEANL,19:44,DEZPA
279,2023-08-14,OFFENBOURG/OFFENBURG,OUI,9591,20:26,EST,FREIBURG BREISGAU HBF,PASTRAMULH,DEFGB,19:44,DEZPA
280,2023-08-14,RINGSHEIM/EU-PARK,OUI,9591,20:26,EST,FREIBURG BREISGAU HBF,PASTRAMULH,DEFGB,20:03,DERSH
281,2023-08-14,OFFENBOURG/OFFENBURG,OUI,9591,20:02,EST,RINGSHEIM/EU-PARK,PASTRAMULH,DERSH,19:44,DEZPA
282,2023-08-14,PARIS (intramuros),OUI,9591,20:02,EST,RINGSHEIM/EU-PARK,PASTRAMULH,DERSH,17:25,FRPST
283,2023-08-14,FACTURE BIGANOS,OUI,8478,08:52,ATLANTIQUE,PARIS (intramuros),SUDOUESTPA,FRPMO,06:18,FRFAC
284,2023-08-14,NANTES,NON,8122,16:23,ATLANTIQUE,LE MANS,LOIREPARIS,FRAET,15:05,FRNTE
285,2023-08-14,LYON (intramuros),OUI,6602,06:31,SUD EST,MACON LOCHE TGV,RHONEPARIS,FRMLT,06:04,FRLPD
286,2023-08-14,MACON LOCHE TGV,OUI,6602,06:53,SUD EST,LE CREUSOT MONTCEAU MONTCHANIN,RHONEPARIS,FRXCC,06:34,FRMLT
287,2023-08-14,MANNHEIM HBF,NON,9551,12:59,INTERNATIONAL,FRANKFURT MAIN HBF,PAFRANC,DEFRH,12:19,DEMHG
288,2023-08-14,LAVAL,NON,8610,13:19,ATLANTIQUE,PARIS (intramuros),BRETAPARIS,FRPMO,12:04,FRACR
289,2023-08-14,BREST,OUI,8610,10:15,ATLANTIQUE,GUINGAMP,BRETAPARIS,FRGGP,09:07,FRBES
290,2023-08-14,BREST,NON,8610,13:19,ATLANTIQUE,PARIS (intramuros),BRETAPARIS,FRPMO,09:07,FRBES
291,2023-08-14,GUINGAMP,OUI,8610,10:33,ATLANTIQUE,ST BRIEUC,BRETAPARIS,FRSBK,10:18,FRGGP
292,2023-08-14,MORLAIX,NON,8610,12:01,ATLANTIQUE,LAVAL,BRETAPARIS,FRACR,09:44,FRMXN
293,2023-08-14,MORLAIX,NON,8610,13:19,ATLANTIQUE,PARIS (intramuros),BRETAPARIS,FRPMO,09:44,FRMXN
294,2023-08-14,PLOUARET TREGOR,OUI,8610,10:15,ATLANTIQUE,GUINGAMP,BRETAPARIS,FRGGP,10:02,FRPLT
295,2023-08-14,PLOUARET TREGOR,NON,8610,11:29,ATLANTIQUE,RENNES,BRETAPARIS,FRRNS,10:02,FRPLT
296,2023-08-14,ST BRIEUC,NON,8610,10:45,ATLANTIQUE,LAMBALLE,BRETAPARIS,FRLAM,10:37,FRSBK
297,2023-08-14,LANDERNEAU,OUI,8610,10:15,ATLANTIQUE,GUINGAMP,BRETAPARIS,FRGGP,09:20,FRXLD
298,2023-08-14,LANDERNEAU,NON,8610,10:45,ATLANTIQUE,LAMBALLE,BRETAPARIS,FRLAM,09:20,FRXLD
299,2023-08-14,LE MANS,NON,9886,08:57,NORD,MARNE LA VALLEE CHESSY,JCBRETNORD,FRMLV,07:30,FRAET
300,2023-08-14,NANTES,NON,9886,08:57,NORD,MARNE LA VALLEE CHESSY,JCBRETNORD,FRMLV,06:01,FRNTE
301,2023-08-14,NANTES,NON,9886,11:01,NORD,BRUXELLES MIDI BRUSSEL ZUID,JCBRETNORD,BEBMI,06:01,FRNTE
302,2023-08-14,KARLSRUHE HBF,NON,9561,10:59,INTERNATIONAL,FRANKFURT MAIN HBF,PAFRANC,DEFRH,09:55,DEQKA
303,2023-08-14,PARIS (intramuros),NON,9561,10:18,INTERNATIONAL,MANNHEIM HBF,PAFRANC,DEMHG,07:20,FRPST
304,2023-08-14,VENDOME VILLIERS SUR LOIR,OUI,8313,17:35,ATLANTIQUE,ST PIERRE DES CORPS,PAROCHELLE,FRXSH,17:16,FRESL
305,2023-08-14,PARIS (intramuros),OUI,8313,17:13,ATLANTIQUE,VENDOME VILLIERS SUR LOIR,PAROCHELLE,FRESL,16:28,FRPMO
306,2023-08-14,PARIS (intramuros),NON,8547,17:38,ATLANTIQUE,DAX,PASUDOUEST,FRACG,14:03,FRPMO
307,2023-08-14,PARIS (intramuros),NON,8547,18:56,ATLANTIQUE,HENDAYE,PASUDOUEST,FRAEF,14:03,FRPMO
308,2023-08-14,MASSY TGV,NON,8547,18:41,ATLANTIQUE,ST JEAN DE LUZ CIBOURE,PASUDOUEST,FRXJZ,14:15,FRDJU
309,2023-08-14,NIORT,OUI,8393,22:25,ATLANTIQUE,LA ROCHELLE VILLE,PAROCHELLE,FRLRH,21:44,FRNIT
310,2023-08-14,PARIS (intramuros),OUI,8393,22:25,ATLANTIQUE,LA ROCHELLE VILLE,PAROCHELLE,FRLRH,19:16,FRPMO
311,2023-08-14,LILLE (intramuros),OUI,5036,20:00,NORD,LYON (intramuros),JCNORDSUD,FRLPD,17:03,FRLLE
312,2023-08-14,LILLE (intramuros),OUI,5036,18:08,NORD,MARNE LA VALLEE CHESSY,JCNORDSUD,FRMLV,17:03,FRLLE
313,2023-08-14,MARNE LA VALLEE CHESSY,OUI,5036,21:37,NORD,NIMES,JCNORDSUD,FRFNI,18:13,FRMLV
314,2023-08-14,AEROPORT CDG2 TGV ROISSY,OUI,5036,21:37,NORD,NIMES,JCNORDSUD,FRFNI,17:59,FRMLW
315,2023-08-14,VALENCE TGV RHONE-ALPES SUD,OUI,5036,21:37,NORD,NIMES,JCNORDSUD,FRFNI,20:54,FRVLA
316,2023-08-14,BEZIERS,NON,6821,10:17,SUD EST,CARCASSONNE,JCPROVSUD,FRCCF,09:30,FRBZR
317,2023-08-14,CARCASSONNE,NON,6821,11:02,SUD EST,TOULOUSE MATABIAU,JCPROVSUD,FRXYT,10:20,FRCCF
318,2023-08-14,LYON (intramuros),NON,6821,10:17,SUD EST,CARCASSONNE,JCPROVSUD,FRCCF,06:37,FRLPD
319,2023-08-14,LYON (intramuros),NON,6821,09:00,SUD EST,SETE,JCPROVSUD,FRXSY,06:37,FRLPD
320,2023-08-14,MONTPELLIER SAINT-ROCH,NON,6821,09:44,SUD EST,NARBONNE,JCPROVSUD,FRXNA,08:44,FRMPL
321,2023-08-14,SETE,NON,6821,09:44,SUD EST,NARBONNE,JCPROVSUD,FRXNA,09:03,FRXSY
322,2023-08-14,PAU,NON,8560,09:40,ATLANTIQUE,BORDEAUX ST JEAN,SUDOUESTPA,FRBOJ,07:25,FRAEE
323,2023-08-14,PAU,NON,8560,11:52,ATLANTIQUE,PARIS (intramuros),SUDOUESTPA,FRPMO,07:25,FRAEE
324,2023-08-14,ORTHEZ,OUI,8560,08:16,ATLANTIQUE,DAX,SUDOUESTPA,FRACG,07:48,FRGFI
325,2023-08-14,ORTHEZ,NON,8560,11:52,ATLANTIQUE,PARIS (intramuros),SUDOUESTPA,FRPMO,07:48,FRGFI
326,2023-08-14,LOURDES,OUI,8560,07:46,ATLANTIQUE,ORTHEZ,SUDOUESTPA,FRGFI,06:58,FRLDE
327,2023-08-14,TARBES,OUI,8560,06:54,ATLANTIQUE,LOURDES,SUDOUESTPA,FRLDE,06:40,FRXTB
328,2023-08-14,VENDOME VILLIERS SUR LOIR,OUI,8333,13:35,ATLANTIQUE,ST PIERRE DES CORPS,PAROCHELLE,FRXSH,13:15,FRESL
329,2023-08-14,PARIS (intramuros),OUI,8333,14:43,ATLANTIQUE,POITIERS,PAROCHELLE,FRPIS,12:28,FRPMO
330,2023-08-14,PARIS (intramuros),OUI,8333,13:35,ATLANTIQUE,ST PIERRE DES CORPS,PAROCHELLE,FRXSH,12:28,FRPMO
331,2023-08-14,VENDOME VILLIERS SUR LOIR,OUI,8333,14:29,ATLANTIQUE,FUTUROSCOPE,PAROCHELLE,FRTGO,13:15,FRESL
332,2023-08-14,BORDEAUX ST JEAN,NON,8488,19:33,ATLANTIQUE,PARIS (intramuros),SUDOUESTPA,FRPMO,16:19,FRBOJ
333,2023-08-14,LIBOURNE,OUI,8488,17:23,ATLANTIQUE,ANGOULEME,SUDOUESTPA,FRANG,16:42,FRXLR
334,2023-08-14,LIBOURNE,NON,8488,18:06,ATLANTIQUE,POITIERS,SUDOUESTPA,FRPIS,16:42,FRXLR
335,2023-08-14,LE MANS,NON,5338,21:30,SUD EST,LYON (intramuros),JCATLSUD,FRLPD,18:30,FRAET
336,2023-08-14,LE MANS,NON,5338,21:47,SUD EST,LYON (intramuros),JCATLSUD,FRLPE,18:30,FRAET
337,2023-08-14,BORDEAUX ST JEAN,NON,4669,20:37,IC ARO,TOULOUSE MATABIAU,TJOURSOSE,FRXYT,18:28,FRBOJ
338,2023-08-14,CARCASSONNE,OUI,4669,22:54,IC ARO,MONTPELLIER SAINT-ROCH,TJOURSOSE,FRMPL,21:29,FRCCF
339,2023-08-14,MONTAUBAN VILLE BOURBON,NON,4669,22:54,IC ARO,MONTPELLIER SAINT-ROCH,TJOURSOSE,FRMPL,20:11,FRXMW
340,2023-08-14,NARBONNE,OUI,4669,22:54,IC ARO,MONTPELLIER SAINT-ROCH,TJOURSOSE,FRMPL,22:01,FRXNA
341,2023-08-14,NANTES,OUI,8146,19:43,ATLANTIQUE,ANGERS ST LAUD,LOIREPARIS,FRACL,19:05,FRNTE
342,2023-08-14,AIX EN PROVENCE TGV,NON,5066,15:46,NORD,MARNE LA VALLEE CHESSY,JCSUDNORD,FRMLV,12:26,FRAIE
343,2023-08-14,AVIGNON TGV,NON,5066,16:57,NORD,LILLE (intramuros),JCSUDNORD,FRLLE,12:48,FRAVG
344,2023-08-14,AVIGNON TGV,NON,5066,16:00,NORD,AEROPORT CDG2 TGV ROISSY,JCSUDNORD,FRMLW,12:48,FRAVG
345,2023-08-14,LYON (intramuros),NON,5066,16:00,NORD,AEROPORT CDG2 TGV ROISSY,JCSUDNORD,FRMLW,14:00,FRLPD
346,2023-08-14,PLOUARET TREGOR,OUI,8615,14:12,ATLANTIQUE,MORLAIX,PARISBRETA,FRMXN,13:56,FRPLT
347,2023-08-14,RENNES,NON,8615,13:08,ATLANTIQUE,LAMBALLE,PARISBRETA,FRLAM,12:32,FRRNS
348,2023-08-14,RENNES,NON,8615,14:12,ATLANTIQUE,MORLAIX,PARISBRETA,FRMXN,12:32,FRRNS
349,2023-08-14,STUTTGART HBF,NON,9570,20:13,INTERNATIONAL,STRASBOURG,MUNSTUTPA,FRAEG,18:52,DESGT
350,2023-08-14,STUTTGART HBF,NON,9570,22:05,INTERNATIONAL,PARIS (intramuros),MUNSTUTPA,FRPST,18:52,DESGT
351,2023-08-14,LILLE (intramuros),OUI,5210,08:42,NORD,AEROPORT CDG2 TGV ROISSY,JCNORDBRET,FRMLW,07:52,FRLLE
352,2023-08-14,LILLE (intramuros),NON,5210,11:17,NORD,RENNES,JCNORDBRET,FRRNS,07:52,FRLLE
353,2023-08-14,MARNE LA VALLEE CHESSY,NON,5210,11:17,NORD,RENNES,JCNORDBRET,FRRNS,09:02,FRMLV
354,2023-08-14,KARLSRUHE HBF,NON,9577,21:36,INTERNATIONAL,MUENCHEN HBF,PASTUTMUN,DEBEG,18:27,DEQKA
355,2023-08-14,KARLSRUHE HBF,NON,9577,20:21,INTERNATIONAL,ULM HBF,PASTUTMUN,DEQUL,18:27,DEQKA
356,2023-08-14,ULM HBF,NON,9577,21:36,INTERNATIONAL,MUENCHEN HBF,PASTUTMUN,DEBEG,20:23,DEQUL
357,2023-08-14,STUTTGART HBF,NON,9577,21:04,INTERNATIONAL,AUGSBURG HBF,PASTUTMUN,DEAGB,19:20,DESGT
358,2023-08-14,STRASBOURG,NON,9577,21:36,INTERNATIONAL,MUENCHEN HBF,PASTUTMUN,DEBEG,17:46,FRAEG
359,2023-08-14,STRASBOURG,NON,9577,20:21,INTERNATIONAL,ULM HBF,PASTUTMUN,DEQUL,17:46,FRAEG
360,2023-08-14,STRASBOURG,NON,9577,19:04,INTERNATIONAL,STUTTGART HBF,PASTUTMUN,DESGT,17:46,FRAEG
361,2023-08-14,PARIS (intramuros),NON,9577,21:36,INTERNATIONAL,MUENCHEN HBF,PASTUTMUN,DEBEG,15:55,FRPST
362,2023-08-14,ANGOULEME,OUI,8483,09:45,ATLANTIQUE,LIBOURNE,PASUDOUEST,FRXLR,09:06,FRANG
363,2023-08-14,POITIERS,NON,8483,09:03,ATLANTIQUE,ANGOULEME,PASUDOUEST,FRANG,08:23,FRPIS
364,2023-08-14,PARIS (intramuros),NON,3741,10:24,IC NUIT,HENDAYE,PARPALOMBE,FRAEF,20:41,FRPAZ
365,2023-08-14,PARIS (intramuros),NON,3741,09:55,IC NUIT,BIARRITZ,PARPALOMBE,FRBIQ,20:41,FRPAZ
366,2023-08-14,PARIS (intramuros),NON,3741,08:14,IC NUIT,ORTHEZ,PARPALOMBE,FRGFI,20:41,FRPAZ
367,2023-08-14,PARIS (intramuros),NON,3741,07:22,IC NUIT,LOURDES,PARPALOMBE,FRLDE,20:41,FRPAZ
368,2023-08-14,LES AUBRAIS ORLEANS,NON,3741,06:18,IC NUIT,ST GAUDENS,PARPALOMBE,FRFPH,22:24,FRLAB
369,2023-08-14,LYON-SAINT EXUPERY TGV,OUI,6924,21:46,SUD EST,PARIS (intramuros),GRENOBLEPA,FRPLY,19:57,FRJDQ
370,2023-08-14,MOULINS SUR ALLIER,OUI,5963,17:29,IC ARO,CLERMONT FERRAND,PACLERMONT,FRCFE,16:30,FRXMU
371,2023-08-14,MOULINS SUR ALLIER,OUI,5963,17:17,IC ARO,RIOM CHATEL GUYON,PACLERMONT,FRRIO,16:30,FRXMU
372,2023-08-14,LE MANS,NON,8603,10:38,ATLANTIQUE,GUINGAMP,PARISBRETA,FRGGP,08:37,FRAET
373,2023-08-14,LE MANS,NON,8603,10:08,ATLANTIQUE,LAMBALLE,PARISBRETA,FRLAM,08:37,FRAET
374,2023-08-14,MASSY TGV,NON,8603,11:42,ATLANTIQUE,BREST,PARISBRETA,FRBES,07:44,FRDJU
375,2023-08-14,MASSY TGV,NON,8603,10:08,ATLANTIQUE,LAMBALLE,PARISBRETA,FRLAM,07:44,FRDJU
376,2023-08-14,GUINGAMP,OUI,8603,11:07,ATLANTIQUE,MORLAIX,PARISBRETA,FRMXN,10:40,FRGGP
377,2023-08-14,PARIS (intramuros),NON,8603,10:38,ATLANTIQUE,GUINGAMP,PARISBRETA,FRGGP,07:32,FRPMO
378,2023-08-14,ST BRIEUC,NON,8603,11:42,ATLANTIQUE,BREST,PARISBRETA,FRBES,10:24,FRSBK
379,2023-08-14,MASSY TGV,NON,8603,10:38,ATLANTIQUE,GUINGAMP,PARISBRETA,FRGGP,07:44,FRDJU
380,2023-08-14,AIX EN PROVENCE TGV,NON,6122,18:22,SUD EST,PARIS (intramuros),PROVENCEPA,FRPLY,15:16,FRAIE
381,2023-08-14,MARSEILLE ST CHARLES,OUI,6122,15:35,SUD EST,AVIGNON TGV,PROVENCEPA,FRAVG,15:02,FRMSC
382,2023-08-14,MARSEILLE ST CHARLES,NON,6122,18:22,SUD EST,PARIS (intramuros),PROVENCEPA,FRPLY,15:02,FRMSC
383,2023-08-14,LORIENT,NON,8706,10:01,ATLANTIQUE,LAVAL,BRETAPARIS,FRACR,07:55,FRLRT
384,2023-08-14,LORIENT,NON,8706,11:19,ATLANTIQUE,PARIS (intramuros),BRETAPARIS,FRPMO,07:55,FRLRT
385,2023-08-14,QUIMPER,NON,8706,09:25,ATLANTIQUE,RENNES,BRETAPARIS,FRRNS,07:20,FRUIP
386,2023-08-14,VANNES,NON,8706,11:19,ATLANTIQUE,PARIS (intramuros),BRETAPARIS,FRPMO,08:27,FRVNE
387,2023-08-14,AURAY,NON,8706,11:19,ATLANTIQUE,PARIS (intramuros),BRETAPARIS,FRPMO,08:13,FRXUY
388,2023-08-14,METZ VILLE,OUI,2815,12:52,EST,LUXEMBOURG,PAMETZLUX,LULUX,12:10,FRADE
389,2023-08-14,PARIS (intramuros),OUI,2815,12:52,EST,LUXEMBOURG,PAMETZLUX,LULUX,10:40,FRPST
390,2023-08-14,THIONVILLE,OUI,2815,12:52,EST,LUXEMBOURG,PAMETZLUX,LULUX,12:30,FRXTH
391,2023-08-14,CHAMBERY CHALLES LES EAUX,NON,9241,13:49,INTERNATIONAL,MILANO P GARIBALDI,PAITALIE,ITMPG,09:44,FRCMF
392,2023-08-14,PARIS (intramuros),NON,9241,10:52,INTERNATIONAL,MODANE,PAITALIE,FRAGR,06:46,FRPLY
393,2023-08-14,PARIS (intramuros),NON,9241,08:16,INTERNATIONAL,MACON LOCHE TGV,PAITALIE,FRMLT,06:46,FRPLY
394,2023-08-14,PARIS (intramuros),NON,9241,12:23,INTERNATIONAL,TORINO PORTA SUSA,PAITALIE,ITTRS,06:46,FRPLY
395,2023-08-14,SARREBRUCK/SAARBRUECKEN,NON,9555,20:17,INTERNATIONAL,MANNHEIM HBF,PAFRANC,DEMHG,18:59,DESBK
396,2023-08-14,PARIS (intramuros),NON,9555,20:59,INTERNATIONAL,FRANKFURT MAIN HBF,PAFRANC,DEFRH,17:10,FRPST
397,2023-08-14,PARIS (intramuros),NON,9555,19:35,INTERNATIONAL,KAISERSLAUTERN HBF,PAFRANC,DEKLT,17:10,FRPST
398,2023-08-14,AVIGNON TGV,NON,9868,20:43,NORD,BRUXELLES MIDI BRUSSEL ZUID,JCSUDNORD,BEBMI,15:46,FRAVG
399,2023-08-14,MARSEILLE ST CHARLES,NON,9868,19:01,NORD,AEROPORT CDG2 TGV ROISSY,JCSUDNORD,FRMLW,15:11,FRMSC
400,2023-08-14,DIJON VILLE,NON,6709,19:46,SUD EST,BELFORT-MONTBELIARD TGV,PABOUR,FRTJA,18:56,FRABA
401,2023-08-14,PARIS (intramuros),NON,6709,18:52,SUD EST,DIJON VILLE,PABOUR,FRABA,17:18,FRPLY
402,2023-08-14,BELFORT-MONTBELIARD TGV,OUI,6709,20:12,SUD EST,MULHOUSE VILLE,PABOUR,FRAEK,19:49,FRTJA
403,2023-08-14,RENNES,NON,8717,14:57,ATLANTIQUE,LORIENT,PARISBRETA,FRLRT,13:29,FRRNS
404,2023-08-14,RENNES,NON,8717,14:25,ATLANTIQUE,VANNES,PARISBRETA,FRVNE,13:29,FRRNS
405,2023-08-14,VANNES,OUI,8717,14:57,ATLANTIQUE,LORIENT,PARISBRETA,FRLRT,14:28,FRVNE
406,2023-08-14,VANNES,OUI,8717,14:38,ATLANTIQUE,AURAY,PARISBRETA,FRXUY,14:28,FRVNE
407,2023-08-14,BASEL SBB,NON,9203,11:26,INTERNATIONAL,ZUERICH HB,PABALZUR,CHAJD,10:33,CHAJP
408,2023-08-14,BELFORT-MONTBELIARD TGV,NON,9203,10:03,INTERNATIONAL,MULHOUSE VILLE,PABALZUR,FRAEK,09:41,FRTJA
409,2023-08-14,LYON (intramuros),OUI,6696,19:34,SUD EST,PARIS (intramuros),RHONEPARIS,FRPLY,17:38,FRLPD
410,2023-08-14,ARRAS,OUI,7130,18:08,NORD,PARIS (intramuros),ARRASPA,FRPNO,17:18,FRQRV
411,2023-08-14,AIX EN PROVENCE TGV,OUI,9882,17:42,NORD,AVIGNON TGV,JCSUDNORD,FRAVG,17:22,FRAIE
412,2023-08-14,AIX EN PROVENCE TGV,NON,9882,18:54,NORD,LYON (intramuros),JCSUDNORD,FRLPD,17:22,FRAIE
413,2023-08-14,AVIGNON TGV,NON,9882,21:57,NORD,LILLE (intramuros),JCSUDNORD,FRLLE,17:45,FRAVG
414,2023-08-14,MARNE LA VALLEE CHESSY,NON,9882,21:57,NORD,LILLE (intramuros),JCSUDNORD,FRLLE,20:51,FRMLV
415,2023-08-14,MARSEILLE ST CHARLES,NON,9882,22:43,NORD,BRUXELLES MIDI BRUSSEL ZUID,JCSUDNORD,BEBMI,17:08,FRMSC
416,2023-08-14,MARSEILLE ST CHARLES,OUI,9882,17:42,NORD,AVIGNON TGV,JCSUDNORD,FRAVG,17:08,FRMSC
417,2023-08-14,MARSEILLE ST CHARLES,NON,9882,21:57,NORD,LILLE (intramuros),JCSUDNORD,FRLLE,17:08,FRMSC
418,2023-08-14,MARSEILLE ST CHARLES,NON,9882,20:47,NORD,MARNE LA VALLEE CHESSY,JCSUDNORD,FRMLV,17:08,FRMSC
419,2023-08-14,CANNES,NON,6170,13:53,SUD EST,AVIGNON TGV,AZURPA,FRAVG,11:33,FRJCA
420,2023-08-14,CANNES,NON,6170,16:34,SUD EST,PARIS (intramuros),AZURPA,FRPLY,11:33,FRJCA
421,2023-08-14,NICE VILLE,NON,6170,13:53,SUD EST,AVIGNON TGV,AZURPA,FRAVG,10:54,FRNIC
422,2023-08-14,NICE VILLE,OUI,6170,12:43,SUD EST,TOULON,AZURPA,FRTLN,10:54,FRNIC
423,2023-08-14,NICE VILLE,OUI,6170,11:13,SUD EST,ANTIBES,AZURPA,FRXAT,10:54,FRNIC
424,2023-08-14,NICE VILLE,OUI,6170,11:55,SUD EST,ST RAPHAEL VALESCURE,AZURPA,FRXSK,10:54,FRNIC
425,2023-08-14,TOULON,NON,6170,13:53,SUD EST,AVIGNON TGV,AZURPA,FRAVG,12:47,FRTLN
426,2023-08-14,ANTIBES,NON,6170,13:53,SUD EST,AVIGNON TGV,AZURPA,FRAVG,11:16,FRXAT
427,2023-08-14,ST RAPHAEL VALESCURE,OUI,6170,12:43,SUD EST,TOULON,AZURPA,FRTLN,11:58,FRXSK
428,2023-08-14,LYON (intramuros),OUI,6626,16:58,SUD EST,LYON (intramuros),RHONEPARIS,FRLPD,16:50,FRLPE
429,2023-08-14,STRASBOURG,OUI,2454,20:12,EST,PARIS (intramuros),MULHSTRAPA,FRPST,18:19,FRAEG
430,2023-08-14,AGEN,NON,4661,15:28,IC ARO,CARCASSONNE,TJOURSOSE,FRCCF,13:33,FRAGF
431,2023-08-14,AGEN,NON,4661,14:37,IC ARO,TOULOUSE MATABIAU,TJOURSOSE,FRXYT,13:33,FRAGF
432,2023-08-14,BORDEAUX ST JEAN,NON,4661,16:14,IC ARO,BEZIERS,TJOURSOSE,FRBZR,12:28,FRBOJ
433,2023-08-14,BORDEAUX ST JEAN,NON,4661,16:52,IC ARO,MONTPELLIER SAINT-ROCH,TJOURSOSE,FRMPL,12:28,FRBOJ
434,2023-08-14,BORDEAUX ST JEAN,NON,4661,14:37,IC ARO,TOULOUSE MATABIAU,TJOURSOSE,FRXYT,12:28,FRBOJ
435,2023-08-14,CARCASSONNE,NON,4661,17:48,IC ARO,ARLES,TJOURSOSE,FRHZA,15:30,FRCCF
436,2023-08-14,CARCASSONNE,NON,4661,16:52,IC ARO,MONTPELLIER SAINT-ROCH,TJOURSOSE,FRMPL,15:30,FRCCF
437,2023-08-14,MONTAUBAN VILLE BOURBON,NON,4661,17:48,IC ARO,ARLES,TJOURSOSE,FRHZA,14:10,FRXMW
438,2023-08-14,NARBONNE,NON,4661,17:20,IC ARO,NIMES,TJOURSOSE,FRFNI,16:01,FRXNA
439,2023-08-14,NARBONNE,NON,4661,17:48,IC ARO,ARLES,TJOURSOSE,FRHZA,16:01,FRXNA
440,2023-08-14,TOULOUSE MATABIAU,NON,4661,17:20,IC ARO,NIMES,TJOURSOSE,FRFNI,14:45,FRXYT
441,2023-08-14,ST MAIXENT DEUX SEVRES,OUI,8370,08:37,ATLANTIQUE,PARIS (intramuros),ROCHELLEPA,FRPMO,06:37,FREJC
442,2023-08-14,TOURS,OUI,8320,19:01,ATLANTIQUE,ST PIERRE DES CORPS,ROCHELLEPA,FRXSH,18:56,FRAFW
443,2023-08-14,ST PIERRE DES CORPS,OUI,8320,20:12,ATLANTIQUE,PARIS (intramuros),ROCHELLEPA,FRPMO,19:04,FRXSH
444,2023-08-14,ARLES,OUI,6193,16:36,SUD EST,MIRAMAS,PAVDR,FRMAZ,16:19,FRHZA
445,2023-08-14,LYON-SAINT EXUPERY TGV,NON,6193,15:56,SUD EST,AVIGNON CENTRE,PAVDR,FRAES,14:11,FRJDQ
446,2023-08-14,LYON-SAINT EXUPERY TGV,NON,6193,15:09,SUD EST,MONTELIMAR GARE SNCF,PAVDR,FRXMK,14:11,FRJDQ
447,2023-08-14,PARIS (intramuros),NON,6193,14:03,SUD EST,LYON-SAINT EXUPERY TGV,PAVDR,FRJDQ,12:14,FRPLY
448,2023-08-14,VALENCE VILLE,NON,6193,15:09,SUD EST,MONTELIMAR GARE SNCF,PAVDR,FRXMK,14:49,FRVAF
449,2023-08-14,ORANGE,OUI,6193,15:56,SUD EST,AVIGNON CENTRE,PAVDR,FRAES,15:41,FRXOG
450,2023-08-14,ORANGE,OUI,6193,16:36,SUD EST,MIRAMAS,PAVDR,FRMAZ,15:41,FRXOG
451,2023-08-14,RENNES,NON,8190,17:08,ATLANTIQUE,PARIS (intramuros),BRETAPARIS,FRPMO,15:35,FRRNS
452,2023-08-14,REDON,NON,8190,17:08,ATLANTIQUE,PARIS (intramuros),BRETAPARIS,FRPMO,14:50,FRXRN
453,2023-08-14,AURAY,NON,8190,17:08,ATLANTIQUE,PARIS (intramuros),BRETAPARIS,FRPMO,14:07,FRXUY
454,2023-08-14,DAX,NON,8536,13:40,ATLANTIQUE,BORDEAUX ST JEAN,SUDOUESTPA,FRBOJ,12:19,FRACG
455,2023-08-14,DAX,NON,8536,15:52,ATLANTIQUE,PARIS (intramuros),SUDOUESTPA,FRPMO,12:19,FRACG
456,2023-08-14,HENDAYE,OUI,8536,11:25,ATLANTIQUE,BIARRITZ,SUDOUESTPA,FRBIQ,11:03,FRAEF
457,2023-08-14,HENDAYE,NON,8536,15:52,ATLANTIQUE,PARIS (intramuros),SUDOUESTPA,FRPMO,11:03,FRAEF
458,2023-08-14,HENDAYE,OUI,8536,11:13,ATLANTIQUE,ST JEAN DE LUZ CIBOURE,SUDOUESTPA,FRXJZ,11:03,FRAEF
459,2023-08-14,ST JEAN DE LUZ CIBOURE,OUI,8536,12:15,ATLANTIQUE,DAX,SUDOUESTPA,FRACG,11:15,FRXJZ
460,2023-08-14,ST JEAN DE LUZ CIBOURE,NON,8536,13:40,ATLANTIQUE,BORDEAUX ST JEAN,SUDOUESTPA,FRBOJ,11:15,FRXJZ
461,2023-08-14,PARIS (intramuros),NON,7569,15:14,NORD,RANG DU FLIERS VERTON,PAARRAS,FRCVU,12:25,FRPNO
462,2023-08-14,PARIS (intramuros),NON,7569,14:13,NORD,CALAIS FRETHUN,PAARRAS,FRSTH,12:25,FRPNO
463,2023-08-14,LORIENT,OUI,8705,11:22,ATLANTIQUE,QUIMPERLE,PARISBRETA,FRECO,11:11,FRLRT
464,2023-08-14,LORIENT,OUI,8705,11:38,ATLANTIQUE,ROSPORDEN,PARISBRETA,FRRSP,11:11,FRLRT
465,2023-08-14,PARIS (intramuros),NON,8705,11:22,ATLANTIQUE,QUIMPERLE,PARISBRETA,FRECO,08:06,FRPMO
466,2023-08-14,PARIS (intramuros),NON,8705,10:35,ATLANTIQUE,VANNES,PARISBRETA,FRVNE,08:06,FRPMO
467,2023-08-14,VANNES,OUI,8705,11:22,ATLANTIQUE,QUIMPERLE,PARISBRETA,FRECO,10:38,FRVNE
468,2023-08-14,AURAY,OUI,8705,11:22,ATLANTIQUE,QUIMPERLE,PARISBRETA,FRECO,10:52,FRXUY
469,2023-08-14,AURAY,OUI,8705,11:53,ATLANTIQUE,QUIMPER,PARISBRETA,FRUIP,10:52,FRXUY
470,2023-08-14,PARIS (intramuros),NON,9761,08:59,INTERNATIONAL,BELLEGARDE,PAGENEVE,FRXBF,06:18,FRPLY
471,2023-08-14,BOURG EN BRESSE,NON,9761,10:14,INTERNATIONAL,LAUSANNE,PAGENEVE,CHAJF,08:12,FRXBK
472,2023-08-14,DAX,NON,8574,18:45,ATLANTIQUE,PAU,PASUDOUEST,FRAEE,17:46,FRACG
473,2023-08-14,PAU,OUI,8574,19:46,ATLANTIQUE,TARBES,PASUDOUEST,FRXTB,18:55,FRAEE
474,2023-08-14,MASSY TGV,NON,8574,16:15,ATLANTIQUE,BORDEAUX ST JEAN,PASUDOUEST,FRBOJ,14:15,FRDJU
475,2023-08-14,MASSY TGV,NON,8574,19:46,ATLANTIQUE,TARBES,PASUDOUEST,FRXTB,14:15,FRDJU
476,2023-08-14,LOURDES,OUI,8574,19:46,ATLANTIQUE,TARBES,PASUDOUEST,FRXTB,19:31,FRLDE
477,2023-08-14,PARIS (intramuros),NON,8574,18:45,ATLANTIQUE,PAU,PASUDOUEST,FRAEE,14:03,FRPMO
478,2023-08-14,PARIS (intramuros),NON,8574,16:15,ATLANTIQUE,BORDEAUX ST JEAN,PASUDOUEST,FRBOJ,14:03,FRPMO
479,2023-08-14,PARIS (intramuros),NON,8574,14:12,ATLANTIQUE,MASSY TGV,PASUDOUEST,FRDJU,14:03,FRPMO
480,2023-08-14,MASSY TGV,NON,8574,18:15,ATLANTIQUE,ORTHEZ,PASUDOUEST,FRGFI,14:15,FRDJU
481,2023-08-14,BETHUNE,OUI,7330,18:08,NORD,PARIS (intramuros),ARRASPA,FRPNO,16:43,FRXBH
482,2023-08-14,LENS,OUI,7330,18:08,NORD,PARIS (intramuros),ARRASPA,FRPNO,16:57,FRXLE
483,2023-08-14,MONTAUBAN VILLE BOURBON,NON,3750,05:40,IC NUIT,LES AUBRAIS ORLEANS,OCCITANPAR,FRLAB,22:46,FRXMW
484,2023-08-14,ARRAS,OUI,7116,12:08,NORD,PARIS (intramuros),ARRASPA,FRPNO,11:18,FRQRV
485,2023-08-14,CHAMPAGNE-ARDENNE,OUI,2501,08:44,EST,NANCY,PANANCY,FRENC,07:49,FREAH
486,2023-08-14,PARIS (intramuros),OUI,5789,08:04,IC NUIT,L'ARGENTIERE LES ECRINS   (05),PABRIANCON,FRIHC,20:51,FRPAZ
487,2023-08-14,STRASBOURG,NON,5488,21:40,EST,ANGERS ST LAUD,JCESTATL,FRACL,17:01,FRAEG
488,2023-08-14,STRASBOURG,NON,5488,21:00,EST,LE MANS,JCESTATL,FRAET,17:01,FRAEG
489,2023-08-14,STRASBOURG,NON,5488,19:31,EST,MARNE LA VALLEE CHESSY,JCESTATL,FRMLV,17:01,FRAEG
490,2023-08-14,STRASBOURG,OUI,5488,19:06,EST,AEROPORT CDG2 TGV ROISSY,JCESTATL,FRMLW,17:01,FRAEG
491,2023-08-14,STRASBOURG,NON,5488,22:19,EST,NANTES,JCESTATL,FRNTE,17:01,FRAEG
492,2023-08-14,MASSY TGV,NON,5488,21:40,EST,ANGERS ST LAUD,JCESTATL,FRACL,20:10,FRDJU
493,2023-08-14,CHAMPAGNE-ARDENNE,NON,5488,19:31,EST,MARNE LA VALLEE CHESSY,JCESTATL,FRMLV,18:35,FREAH
494,2023-08-14,CHAMPAGNE-ARDENNE,NON,5488,22:19,EST,NANTES,JCESTATL,FRNTE,18:35,FREAH
495,2023-08-14,LORRAINE TGV,NON,5488,21:40,EST,ANGERS ST LAUD,JCESTATL,FRACL,17:42,FREAM
496,2023-08-14,LORRAINE TGV,OUI,5488,19:06,EST,AEROPORT CDG2 TGV ROISSY,JCESTATL,FRMLW,17:42,FREAM
497,2023-08-14,AEROPORT CDG2 TGV ROISSY,NON,5488,19:31,EST,MARNE LA VALLEE CHESSY,JCESTATL,FRMLV,19:21,FRMLW
498,2023-08-14,PARIS (intramuros),NON,5789,07:50,IC NUIT,MONTDAUPHIN GUILLESTRE,PABRIANCON,FRIGZ,20:51,FRPAZ
499,2023-08-14,JONZAC,NON,3835,20:11,IC SRO,BORDEAUX ST JEAN,NANTEBORDO,FRBOJ,19:11,FREMR
500,2023-08-14,LUCON,NON,3835,18:03,IC SRO,ROCHEFORT,NANTEBORDO,FRRCO,17:00,FRLCN
501,2023-08-14,LUCON,NON,3835,18:32,IC SRO,SAINTES,NANTEBORDO,FRXST,17:00,FRLCN
502,2023-08-14,LA ROCHELLE VILLE,NON,3835,20:11,IC SRO,BORDEAUX ST JEAN,NANTEBORDO,FRBOJ,17:43,FRLRH
503,2023-08-14,LA ROCHELLE VILLE,NON,3835,18:32,IC SRO,SAINTES,NANTEBORDO,FRXST,17:43,FRLRH
504,2023-08-14,NANTES,NON,3835,19:10,IC SRO,JONZAC,NANTEBORDO,FREMR,15:55,FRNTE
505,2023-08-14,NANTES,NON,3835,16:58,IC SRO,LUCON,NANTEBORDO,FRLCN,15:55,FRNTE
506,2023-08-14,LA ROCHE SUR YON,NON,3835,18:03,IC SRO,ROCHEFORT,NANTEBORDO,FRRCO,16:36,FRXRO
507,2023-08-14,SAINTES,NON,3835,19:10,IC SRO,JONZAC,NANTEBORDO,FREMR,18:34,FRXST
508,2023-08-14,METZ VILLE,OUI,2839,21:29,EST,THIONVILLE,PAMETZLUX,FRXTH,21:10,FRADE
509,2023-08-14,METZ VILLE,OUI,2839,21:52,EST,LUXEMBOURG,PAMETZLUX,LULUX,21:10,FRADE
510,2023-08-14,MARNE LA VALLEE CHESSY,NON,9864,19:01,NORD,AEROPORT CDG2 TGV ROISSY,JCSUDNORD,FRMLW,18:51,FRMLV
511,2023-08-14,MONTPELLIER SAINT-ROCH,OUI,9864,15:16,NORD,NIMES,JCSUDNORD,FRFNI,14:51,FRMPL
512,2023-08-14,MONTPELLIER SAINT-ROCH,NON,9864,18:47,NORD,MARNE LA VALLEE CHESSY,JCSUDNORD,FRMLV,14:51,FRMPL
513,2023-08-14,MONTPELLIER SAINT-ROCH,OUI,9864,16:05,NORD,VALENCE TGV RHONE-ALPES SUD,JCSUDNORD,FRVLA,14:51,FRMPL
514,2023-08-14,CHATEAUROUX,NON,3634,12:18,IC ARO,PARIS (intramuros),TOULOUZECO,FRPAZ,10:09,FRCHR
515,2023-08-14,GOURDON,NON,3634,10:07,IC ARO,CHATEAUROUX,TOULOUZECO,FRCHR,07:07,FRFSI
516,2023-08-14,GOURDON,NON,3634,12:18,IC ARO,PARIS (intramuros),TOULOUZECO,FRPAZ,07:07,FRFSI
517,2023-08-14,SOUILLAC,OUI,3634,08:55,IC ARO,LIMOGES BENEDICTINS,TOULOUZECO,FRAGQ,07:24,FRSOU
518,2023-08-14,SOUILLAC,NON,3634,10:07,IC ARO,CHATEAUROUX,TOULOUZECO,FRCHR,07:24,FRSOU
519,2023-08-14,CAHORS,OUI,3634,08:55,IC ARO,LIMOGES BENEDICTINS,TOULOUZECO,FRAGQ,06:40,FRZAO
520,2023-08-14,CAHORS,NON,3634,10:07,IC ARO,CHATEAUROUX,TOULOUZECO,FRCHR,06:40,FRZAO
521,2023-08-14,CAHORS,OUI,3634,07:22,IC ARO,SOUILLAC,TOULOUZECO,FRSOU,06:40,FRZAO
522,2023-08-14,BEZIERS,NON,9704,17:24,SUD EST,SETE,BARCELONEPA,FRXSY,16:58,FRBZR
523,2023-08-14,PERPIGNAN,NON,9704,16:39,SUD EST,NARBONNE,BARCELONEPA,FRXNA,16:05,FRPGF
524,2023-08-14,NARBONNE,NON,9704,16:55,SUD EST,BEZIERS,BARCELONEPA,FRBZR,16:42,FRXNA
525,2023-08-14,SETE,NON,9704,21:18,SUD EST,PARIS (intramuros),BARCELONEPA,FRPLY,17:27,FRXSY
526,2023-08-14,GIRONA,NON,9704,16:39,SUD EST,NARBONNE,BARCELONEPA,FRXNA,15:13,ESGRO
527,2023-08-14,GIRONA,NON,9704,15:52,SUD EST,PERPIGNAN,BARCELONEPA,FRPGF,15:13,ESGRO
528,2023-08-14,FIGUERES VILA TGV,NON,9704,18:18,SUD EST,NIMES,BARCELONEPA,FRFNI,15:30,ESFIR
529,2023-08-14,FIGUERES VILA TGV,NON,9704,19:03,SUD EST,VALENCE TGV RHONE-ALPES SUD,BARCELONEPA,FRVLA,15:30,ESFIR
530,2023-08-14,FIGUERES VILA TGV,NON,9704,16:55,SUD EST,BEZIERS,BARCELONEPA,FRBZR,15:30,ESFIR
531,2023-08-14,FIGUERES VILA TGV,NON,9704,17:08,SUD EST,AGDE,BARCELONEPA,FRXAG,15:30,ESFIR
532,2023-08-14,PARIS (intramuros),OUI,6619,16:56,SUD EST,LYON (intramuros),PARISRHONE,FRLPD,15:00,FRPLY
533,2023-08-14,LE CREUSOT MONTCEAU MONTCHANIN,OUI,6633,22:38,SUD EST,MACON LOCHE TGV,PARISRHONE,FRMLT,22:20,FRXCC
534,2023-08-14,LE MANS,NON,5332,13:10,SUD EST,AIX EN PROVENCE TGV,JCATLSUD,FRAIE,08:26,FRAET
535,2023-08-14,LE MANS,NON,5332,12:45,SUD EST,AVIGNON TGV,JCATLSUD,FRAVG,08:26,FRAET
536,2023-08-14,RENNES,NON,5332,12:45,SUD EST,AVIGNON TGV,JCATLSUD,FRAVG,07:31,FRRNS
537,2023-08-14,RENNES,NON,5332,13:24,SUD EST,MARSEILLE ST CHARLES,JCATLSUD,FRMSC,07:31,FRRNS
538,2023-08-14,BORDEAUX ST JEAN,NON,12254,12:52,ATLANTIQUE,PARIS (intramuros),SUDOUESTPA,FRPMO,10:46,FRBOJ
539,2023-08-14,PARIS (intramuros),NON,3755,06:09,IC NUIT,VIVIEZ DECAZEVILLE,PAVERMEIL,FRVZD,22:12,FRPAZ
540,2023-08-14,PARIS (intramuros),OUI,6283,10:04,SUD EST,LYON-SAINT EXUPERY TGV,PALANG,FRJDQ,08:12,FRPLY
541,2023-08-14,PARIS (intramuros),OUI,6283,11:27,SUD EST,NIMES PONT DU GARD,PALANG,FRXZP,08:12,FRPLY
542,2023-08-14,LYON-SAINT EXUPERY TGV,OUI,6283,11:27,SUD EST,NIMES PONT DU GARD,PALANG,FRXZP,10:14,FRJDQ
543,2023-08-14,AVIGNON TGV,OUI,5124,23:38,NORD,AIX EN PROVENCE TGV,JCNORDSUD,FRAIE,23:17,FRAVG
544,2023-08-14,LILLE (intramuros),OUI,5124,22:00,NORD,LYON (intramuros),JCNORDSUD,FRLPD,18:22,FRLLE
545,2023-08-14,LILLE (intramuros),OUI,5124,23:53,NORD,MARSEILLE ST CHARLES,JCNORDSUD,FRMSC,18:22,FRLLE
546,2023-08-14,LYON (intramuros),OUI,5124,23:14,NORD,AVIGNON TGV,JCNORDSUD,FRAVG,22:06,FRLPD
547,2023-08-14,AEROPORT CDG2 TGV ROISSY,OUI,5124,23:53,NORD,MARSEILLE ST CHARLES,JCNORDSUD,FRMSC,20:00,FRMLW
548,2023-08-14,ARRAS,OUI,5124,20:09,NORD,MARNE LA VALLEE CHESSY,JCNORDSUD,FRMLV,18:46,FRQRV
549,2023-08-14,ARRAS,OUI,5124,19:43,NORD,AEROPORT CDG2 TGV ROISSY,JCNORDSUD,FRMLW,18:46,FRQRV
550,2023-08-14,TGV HAUTE PICARDIE,OUI,5124,23:38,NORD,AIX EN PROVENCE TGV,JCNORDSUD,FRAIE,19:15,FRTHP
551,2023-08-14,TGV HAUTE PICARDIE,OUI,5124,19:43,NORD,AEROPORT CDG2 TGV ROISSY,JCNORDSUD,FRMLW,19:15,FRTHP
552,2023-08-14,STRASBOURG,NON,5470,13:59,EST,LE MANS,JCESTATL,FRAET,10:01,FRAEG
553,2023-08-14,STRASBOURG,OUI,5470,10:58,EST,MEUSE TGV,JCESTATL,FREAJ,10:01,FRAEG
554,2023-08-14,STRASBOURG,NON,5470,12:01,EST,AEROPORT CDG2 TGV ROISSY,JCESTATL,FRMLW,10:01,FRAEG
555,2023-08-14,STRASBOURG,NON,5470,14:47,EST,RENNES,JCESTATL,FRRNS,10:01,FRAEG
556,2023-08-14,MEUSE TGV,NON,5470,12:26,EST,MARNE LA VALLEE CHESSY,JCESTATL,FRMLV,11:01,FREAJ
557,2023-08-14,QUIMPERLE,OUI,8729,20:37,ATLANTIQUE,QUIMPER,PARISBRETA,FRUIP,20:12,FRECO
558,2023-08-14,LORIENT,OUI,8729,20:10,ATLANTIQUE,QUIMPERLE,PARISBRETA,FRECO,19:59,FRLRT
559,2023-08-14,PARIS (intramuros),NON,8729,20:37,ATLANTIQUE,QUIMPER,PARISBRETA,FRUIP,16:53,FRPMO
560,2023-08-14,PARIS (intramuros),NON,8729,19:37,ATLANTIQUE,AURAY,PARISBRETA,FRXUY,16:53,FRPMO
561,2023-08-14,AURAY,OUI,8729,20:37,ATLANTIQUE,QUIMPER,PARISBRETA,FRUIP,19:40,FRXUY
562,2023-08-14,THIONVILLE,OUI,2864,10:52,EST,METZ VILLE,LUXMETZPA,FRADE,10:34,FRXTH
563,2023-08-14,THIONVILLE,NON,2864,12:20,EST,PARIS (intramuros),LUXMETZPA,FRPST,10:34,FRXTH
564,2023-08-14,METZ VILLE,NON,9877,09:54,EST,MULHOUSE VILLE,JCRHINRHON,FRAEK,08:08,FRADE
565,2023-08-14,METZ VILLE,NON,9877,14:25,EST,AVIGNON TGV,JCRHINRHON,FRAVG,08:08,FRADE
566,2023-08-14,METZ VILLE,NON,9877,12:19,EST,MACON VILLE,JCRHINRHON,FRHGU,08:08,FRADE
567,2023-08-14,STRASBOURG,NON,9877,10:41,EST,BESANCON - F COMTE TGV,JCRHINRHON,FRTJB,09:03,FRAEG
568,2023-08-14,MULHOUSE VILLE,NON,9877,10:41,EST,BESANCON - F COMTE TGV,JCRHINRHON,FRTJB,09:57,FRAEK
569,2023-08-14,MULHOUSE VILLE,NON,9877,13:46,EST,VALENCE TGV RHONE-ALPES SUD,JCRHINRHON,FRVLA,09:57,FRAEK
570,2023-08-14,AVIGNON TGV,NON,9877,14:49,EST,AIX EN PROVENCE TGV,JCRHINRHON,FRAIE,14:28,FRAVG
571,2023-08-14,BELFORT-MONTBELIARD TGV,NON,9877,12:19,EST,MACON VILLE,JCRHINRHON,FRHGU,10:21,FRTJA
572,2023-08-14,BELFORT-MONTBELIARD TGV,NON,9877,15:06,EST,MARSEILLE ST CHARLES,JCRHINRHON,FRMSC,10:21,FRTJA
573,2023-08-14,BELFORT-MONTBELIARD TGV,NON,9877,10:41,EST,BESANCON - F COMTE TGV,JCRHINRHON,FRTJB,10:21,FRTJA
574,2023-08-14,BELFORT-MONTBELIARD TGV,NON,9877,13:46,EST,VALENCE TGV RHONE-ALPES SUD,JCRHINRHON,FRVLA,10:21,FRTJA
575,2023-08-14,BESANCON - F COMTE TGV,NON,9877,11:11,EST,DIJON VILLE,JCRHINRHON,FRABA,10:44,FRTJB
576,2023-08-14,BESANCON - F COMTE TGV,NON,9877,13:00,EST,LYON (intramuros),JCRHINRHON,FRLPD,10:44,FRTJB
577,2023-08-14,THIONVILLE,NON,9877,14:49,EST,AIX EN PROVENCE TGV,JCRHINRHON,FRAIE,07:47,FRXTH
578,2023-08-14,THIONVILLE,NON,9877,12:19,EST,MACON VILLE,JCRHINRHON,FRHGU,07:47,FRXTH
579,2023-08-14,THIONVILLE,NON,9877,13:46,EST,VALENCE TGV RHONE-ALPES SUD,JCRHINRHON,FRVLA,07:47,FRXTH
580,2023-08-14,LUXEMBOURG,NON,9877,15:06,EST,MARSEILLE ST CHARLES,JCRHINRHON,FRMSC,07:24,LULUX
581,2023-08-14,STRASBOURG,NON,5450,10:41,EST,POITIERS,JCESTATL,FRPIS,06:18,FRAEG
582,2023-08-14,STRASBOURG,NON,5450,10:06,EST,ST PIERRE DES CORPS,JCESTATL,FRXSH,06:18,FRAEG
583,2023-08-14,ANGOULEME,NON,5450,12:02,EST,BORDEAUX ST JEAN,JCESTATL,FRBOJ,11:26,FRANG
584,2023-08-14,MASSY TGV,NON,5450,11:23,EST,ANGOULEME,JCESTATL,FRANG,09:09,FRDJU
585,2023-08-14,CHAMPAGNE-ARDENNE,NON,5450,11:23,EST,ANGOULEME,JCESTATL,FRANG,07:45,FREAH
586,2023-08-14,LORRAINE TGV,NON,5450,11:23,EST,ANGOULEME,JCESTATL,FRANG,06:56,FREAM
587,2023-08-14,LORRAINE TGV,NON,5450,10:41,EST,POITIERS,JCESTATL,FRPIS,06:56,FREAM
588,2023-08-14,LORRAINE TGV,NON,5450,10:06,EST,ST PIERRE DES CORPS,JCESTATL,FRXSH,06:56,FREAM
589,2023-08-14,MARNE LA VALLEE CHESSY,NON,5450,09:04,EST,MASSY TGV,JCESTATL,FRDJU,08:35,FRMLV
590,2023-08-14,ST PIERRE DES CORPS,NON,5450,11:23,EST,ANGOULEME,JCESTATL,FRANG,10:10,FRXSH
591,2023-08-14,ST PIERRE DES CORPS,NON,5450,12:02,EST,BORDEAUX ST JEAN,JCESTATL,FRBOJ,10:10,FRXSH
592,2023-08-14,ST PIERRE DES CORPS,NON,5450,10:41,EST,POITIERS,JCESTATL,FRPIS,10:10,FRXSH
593,2023-08-14,LYON-SAINT EXUPERY TGV,OUI,6191,10:38,SUD EST,ORANGE,PAVDR,FRXOG,09:11,FRJDQ
594,2023-08-14,AVIGNON TGV,OUI,6117,18:45,SUD EST,AIX EN PROVENCE TGV,PAPROVENCE,FRAIE,18:25,FRAVG
595,2023-08-14,PORT LA NOUVELLE,NON,3736,07:19,IC NUIT,PARIS (intramuros),PALOMBEPAR,FRPAZ,20:24,FRILP
596,2023-08-14,ELNE,NON,3736,06:08,IC NUIT,LES AUBRAIS ORLEANS,PALOMBEPAR,FRLAB,19:38,FRIOG
597,2023-08-14,ELNE,NON,3736,07:19,IC NUIT,PARIS (intramuros),PALOMBEPAR,FRPAZ,19:38,FRIOG
598,2023-08-14,CERBERE,NON,3736,07:19,IC NUIT,PARIS (intramuros),PALOMBEPAR,FRPAZ,19:04,FRXCE
599,2023-08-14,NARBONNE,NON,3736,07:19,IC NUIT,PARIS (intramuros),PALOMBEPAR,FRPAZ,21:12,FRXNA
600,2023-08-14,MACON LOCHE TGV,NON,6949,21:34,SUD EST,ANNECY,PARISALPES,FRNCY,19:20,FRMLT
601,2023-08-14,PARIS (intramuros),NON,6949,21:04,SUD EST,AIX LES BAINS LE REVARD,PARISALPES,FRXAI,17:46,FRPLY
602,2023-08-14,AIX EN PROVENCE TGV,OUI,6121,19:57,SUD EST,MARSEILLE ST CHARLES,PAPROVENCE,FRMSC,19:45,FRAIE
603,2023-08-14,GUINGAMP,OUI,8629,20:02,ATLANTIQUE,MORLAIX,PARISBRETA,FRMXN,19:36,FRGGP
604,2023-08-14,PARIS (intramuros),NON,8629,20:38,ATLANTIQUE,BREST,PARISBRETA,FRBES,16:53,FRPMO
605,2023-08-14,PARIS (intramuros),NON,8629,19:33,ATLANTIQUE,GUINGAMP,PARISBRETA,FRGGP,16:53,FRPMO
606,2023-08-14,PARIS (intramuros),NON,8629,18:25,ATLANTIQUE,RENNES,PARISBRETA,FRRNS,16:53,FRPMO
607,2023-08-14,RENNES,NON,8629,20:38,ATLANTIQUE,BREST,PARISBRETA,FRBES,18:32,FRRNS
608,2023-08-14,STRASBOURG,NON,9575,17:04,INTERNATIONAL,STUTTGART HBF,PASTUTMUN,DESGT,15:46,FRAEG
609,2023-08-14,FIGEAC,NON,3754,06:50,IC NUIT,PARIS (intramuros),OCCITANPAR,FRPAZ,23:56,FRFIG
610,2023-08-14,ST CHRISTOPHE,NON,3754,06:50,IC NUIT,PARIS (intramuros),OCCITANPAR,FRPAZ,23:06,FRFST
611,2023-08-14,LE HAVRE,OUI,5316,21:53,SUD EST,AVIGNON TGV,JCATLSUD,FRAVG,15:45,FRAEZ
612,2023-08-14,AVIGNON TGV,OUI,5316,22:25,SUD EST,MARSEILLE ST CHARLES,JCATLSUD,FRMSC,21:56,FRAVG
613,2023-08-14,VERSAILLES CHANTIERS,OUI,5316,20:30,SUD EST,LYON (intramuros),JCATLSUD,FRLPD,17:56,FRDHT
614,2023-08-14,LYON (intramuros),OUI,5316,21:53,SUD EST,AVIGNON TGV,JCATLSUD,FRAVG,20:40,FRLPD
615,2023-08-14,MASSY PALAISEAU,OUI,5316,22:25,SUD EST,MARSEILLE ST CHARLES,JCATLSUD,FRMSC,18:12,FRMPU
616,2023-08-14,MANTES LA JOLIE,OUI,5316,22:25,SUD EST,MARSEILLE ST CHARLES,JCATLSUD,FRMSC,17:26,FRMTE
617,2023-08-14,MANTES LA JOLIE,OUI,5316,21:19,SUD EST,VALENCE TGV RHONE-ALPES SUD,JCATLSUD,FRVLA,17:26,FRMTE
618,2023-08-14,ROUEN RIVE DROITE,OUI,5316,21:53,SUD EST,AVIGNON TGV,JCATLSUD,FRAVG,16:37,FRURD
619,2023-08-14,ROUEN RIVE DROITE,OUI,5316,18:09,SUD EST,MASSY PALAISEAU,JCATLSUD,FRMPU,16:37,FRURD
620,2023-08-14,ROUEN RIVE DROITE,OUI,5316,21:19,SUD EST,VALENCE TGV RHONE-ALPES SUD,JCATLSUD,FRVLA,16:37,FRURD
621,2023-08-14,BORDEAUX ST JEAN,OUI,12274,19:10,ATLANTIQUE,MASSY TGV,SUDOUESTPA,FRDJU,17:08,FRBOJ
622,2023-08-14,FRANKFURT MAIN HBF,NON,9558,07:21,INTERNATIONAL,KAISERSLAUTERN HBF,FRANCPA,DEKLT,05:56,DEFRH
623,2023-08-14,FRANKFURT MAIN HBF,NON,9558,06:39,INTERNATIONAL,MANNHEIM HBF,FRANCPA,DEMHG,05:56,DEFRH
624,2023-08-14,MANNHEIM HBF,NON,9558,07:21,INTERNATIONAL,KAISERSLAUTERN HBF,FRANCPA,DEKLT,06:40,DEMHG
625,2023-08-14,MANNHEIM HBF,NON,9558,08:09,INTERNATIONAL,FORBACH,FRANCPA,FRBQT,06:40,DEMHG
626,2023-08-14,SARREBRUCK/SAARBRUECKEN,NON,9558,08:09,INTERNATIONAL,FORBACH,FRANCPA,FRBQT,08:01,DESBK
627,2023-08-14,ANGERS ST LAUD,NON,5306,14:24,SUD EST,ST PIERRE DES CORPS,JCATLSUD,FRXSH,13:27,FRACL
628,2023-08-14,NANTES,NON,5306,17:30,SUD EST,LYON (intramuros),JCATLSUD,FRLPD,12:44,FRNTE
629,2023-08-14,BORDEAUX ST JEAN,NON,3852,08:40,IC SRO,JONZAC,BORDONANTE,FREMR,07:53,FRBOJ
630,2023-08-14,BORDEAUX ST JEAN,NON,3852,10:58,IC SRO,LUCON,BORDONANTE,FRLCN,07:53,FRBOJ
631,2023-08-14,BORDEAUX ST JEAN,NON,3852,09:53,IC SRO,ROCHEFORT,BORDONANTE,FRRCO,07:53,FRBOJ
632,2023-08-14,BORDEAUX ST JEAN,NON,3852,11:22,IC SRO,LA ROCHE SUR YON,BORDONANTE,FRXRO,07:53,FRBOJ
633,2023-08-14,JONZAC,NON,3852,10:15,IC SRO,LA ROCHELLE VILLE,BORDONANTE,FRLRH,08:41,FREMR
634,2023-08-14,JONZAC,NON,3852,09:53,IC SRO,ROCHEFORT,BORDONANTE,FRRCO,08:41,FREMR
635,2023-08-14,LUCON,NON,3852,12:05,IC SRO,NANTES,BORDONANTE,FRNTE,11:00,FRLCN
636,2023-08-14,LUCON,NON,3852,11:22,IC SRO,LA ROCHE SUR YON,BORDONANTE,FRXRO,11:00,FRLCN
637,2023-08-14,LA ROCHELLE VILLE,NON,3852,11:22,IC SRO,LA ROCHE SUR YON,BORDONANTE,FRXRO,10:19,FRLRH
638,2023-08-14,SAINTES,NON,3852,10:58,IC SRO,LUCON,BORDONANTE,FRLCN,09:25,FRXST
639,2023-08-14,SAINTES,NON,3852,10:15,IC SRO,LA ROCHELLE VILLE,BORDONANTE,FRLRH,09:25,FRXST
640,2023-08-14,AGEN,NON,8503,11:27,ATLANTIQUE,TOULOUSE MATABIAU,PASUDOUEST,FRXYT,10:27,FRAGF
641,2023-08-14,FRANKFURT MAIN HBF,NON,9550,21:00,INTERNATIONAL,SARREBRUCK/SAARBRUECKEN,FRANCPA,DESBK,18:56,DEFRH
642,2023-08-14,KAISERSLAUTERN HBF,NON,9550,21:00,INTERNATIONAL,SARREBRUCK/SAARBRUECKEN,FRANCPA,DESBK,20:22,DEKLT
643,2023-08-14,KAISERSLAUTERN HBF,NON,9550,21:10,INTERNATIONAL,FORBACH,FRANCPA,FRBQT,20:22,DEKLT
644,2023-08-14,SARREBRUCK/SAARBRUECKEN,NON,9550,22:53,INTERNATIONAL,PARIS (intramuros),FRANCPA,FRPST,21:01,DESBK
645,2023-08-14,BEZIERS,NON,4766,21:17,IC ARO,TOULOUSE MATABIAU,TJOURSESO,FRXYT,19:47,FRBZR
646,2023-08-14,NIMES,NON,4766,21:49,IC ARO,MONTAUBAN VILLE BOURBON,TJOURSESO,FRXMW,18:39,FRFNI
647,2023-08-14,MONTPELLIER SAINT-ROCH,NON,4766,19:44,IC ARO,BEZIERS,TJOURSESO,FRBZR,19:07,FRMPL
648,2023-08-14,NARBONNE,NON,4766,23:32,IC ARO,BORDEAUX ST JEAN,TJOURSESO,FRBOJ,20:05,FRXNA
649,2023-08-14,TOULOUSE MATABIAU,OUI,4766,21:49,IC ARO,MONTAUBAN VILLE BOURBON,TJOURSESO,FRXMW,21:25,FRXYT
650,2023-08-14,PARIS (intramuros),OUI,6163,21:00,SUD EST,NICE VILLE,PAAZUR,FRNIC,15:20,FRPLY
651,2023-08-14,PARIS (intramuros),OUI,6163,19:08,SUD EST,TOULON,PAAZUR,FRTLN,15:20,FRPLY
652,2023-08-14,TOULON,OUI,6163,20:02,SUD EST,ST RAPHAEL VALESCURE,PAAZUR,FRXSK,19:11,FRTLN
653,2023-08-14,ST RAPHAEL VALESCURE,OUI,6163,21:00,SUD EST,NICE VILLE,PAAZUR,FRNIC,20:05,FRXSK
654,2023-08-14,ST RAPHAEL VALESCURE,OUI,6163,20:40,SUD EST,ANTIBES,PAAZUR,FRXAT,20:05,FRXSK
655,2023-08-14,DUNKERQUE,OUI,7304,08:08,NORD,PARIS (intramuros),ARRASPA,FRPNO,05:56,FRADI
656,2023-08-14,BETHUNE,OUI,7304,08:08,NORD,PARIS (intramuros),ARRASPA,FRPNO,06:43,FRXBH
657,2023-08-14,CHATEAUROUX,NON,3625,13:58,IC ARO,LIMOGES BENEDICTINS,PALITO,FRAGQ,12:48,FRCHR
658,2023-08-14,ISSOUDUN,NON,3625,13:24,IC ARO,LA SOUTERRAINE,PALITO,FRLST,12:33,FRFMN
659,2023-08-14,PARIS (intramuros),NON,3625,13:58,IC ARO,LIMOGES BENEDICTINS,PALITO,FRAGQ,10:41,FRPAZ
660,2023-08-14,PARIS (intramuros),NON,3625,12:31,IC ARO,ISSOUDUN,PALITO,FRFMN,10:41,FRPAZ
661,2023-08-14,PARIS (intramuros),NON,3625,13:24,IC ARO,LA SOUTERRAINE,PALITO,FRLST,10:41,FRPAZ
662,2023-08-14,VIERZON VILLE,NON,3625,13:58,IC ARO,LIMOGES BENEDICTINS,PALITO,FRAGQ,12:13,FRXVZ
663,2023-08-14,PARIS (intramuros),NON,8067,18:42,ATLANTIQUE,LAVAL,PARISBRETA,FRACR,17:12,FRPMO
664,2023-08-14,AVIGNON TGV,NON,6165,16:58,SUD EST,NICE VILLE,PAAZUR,FRNIC,14:04,FRAVG
665,2023-08-14,AVIGNON TGV,NON,6165,15:11,SUD EST,TOULON,PAAZUR,FRTLN,14:04,FRAVG
666,2023-08-14,AVIGNON TGV,NON,6165,16:39,SUD EST,ANTIBES,PAAZUR,FRXAT,14:04,FRAVG
667,2023-08-14,PARIS (intramuros),NON,6165,16:58,SUD EST,NICE VILLE,PAAZUR,FRNIC,11:22,FRPLY
668,2023-08-14,TOULON,OUI,6165,16:25,SUD EST,CANNES,PAAZUR,FRJCA,15:15,FRTLN
669,2023-08-14,TOULON,OUI,6165,16:58,SUD EST,NICE VILLE,PAAZUR,FRNIC,15:15,FRTLN
670,2023-08-14,TOULON,OUI,6165,16:39,SUD EST,ANTIBES,PAAZUR,FRXAT,15:15,FRTLN
671,2023-08-14,CARCASSONNE,NON,6871,11:50,SUD EST,LYON (intramuros),JCSUDPROV,FRLPD,08:27,FRCCF
672,2023-08-14,NARBONNE,NON,6871,09:36,SUD EST,SETE,JCSUDPROV,FRXSY,08:59,FRXNA
673,2023-08-14,TOULOUSE MATABIAU,NON,6871,09:36,SUD EST,SETE,JCSUDPROV,FRXSY,07:43,FRXYT
674,2023-08-14,CARCASSONNE,NON,6871,09:55,SUD EST,MONTPELLIER SUD DE FRANCE,JCSUDPROV,FRSUF,08:27,FRCCF
675,2023-08-14,SETE,NON,6871,09:55,SUD EST,MONTPELLIER SUD DE FRANCE,JCSUDPROV,FRSUF,09:39,FRXSY
676,2023-08-14,TOULOUSE MATABIAU,NON,6871,10:26,SUD EST,NIMES PONT DU GARD,JCSUDPROV,FRXZP,07:43,FRXYT
677,2023-08-14,SETE,NON,6871,10:26,SUD EST,NIMES PONT DU GARD,JCSUDPROV,FRXZP,09:39,FRXSY
678,2023-08-14,CARCASSONNE,NON,6871,10:26,SUD EST,NIMES PONT DU GARD,JCSUDPROV,FRXZP,08:27,FRCCF
679,2023-08-14,BEZIERS,OUI,6052,19:10,SUD EST,AGDE,LANGPA,FRXAG,18:59,FRBZR
680,2023-08-14,PERPIGNAN,OUI,6052,18:56,SUD EST,BEZIERS,LANGPA,FRBZR,18:04,FRPGF
681,2023-08-14,PERPIGNAN,NON,6052,23:05,SUD EST,PARIS (intramuros),LANGPA,FRPLY,18:04,FRPGF
682,2023-08-14,PERPIGNAN,OUI,6052,18:40,SUD EST,NARBONNE,LANGPA,FRXNA,18:04,FRPGF
683,2023-08-14,PERPIGNAN,OUI,6052,19:27,SUD EST,SETE,LANGPA,FRXSY,18:04,FRPGF
684,2023-08-14,AGDE,NON,6052,20:48,SUD EST,VALENCE TGV RHONE-ALPES SUD,LANGPA,FRVLA,19:13,FRXAG
685,2023-08-14,NARBONNE,OUI,6052,19:10,SUD EST,AGDE,LANGPA,FRXAG,18:43,FRXNA
686,2023-08-14,NARBONNE,NON,6052,19:45,SUD EST,MONTPELLIER SUD DE FRANCE,LANGPA,FRSUF,18:43,FRXNA
687,2023-08-14,SETE,NON,6052,19:45,SUD EST,MONTPELLIER SUD DE FRANCE,LANGPA,FRSUF,19:30,FRXSY
688,2023-08-14,AGDE,NON,6052,19:45,SUD EST,MONTPELLIER SUD DE FRANCE,LANGPA,FRSUF,19:13,FRXAG
689,2023-08-14,NIMES PONT DU GARD,NON,6052,20:48,SUD EST,VALENCE TGV RHONE-ALPES SUD,LANGPA,FRVLA,20:12,FRXZP
690,2023-08-14,NIMES PONT DU GARD,NON,6052,23:05,SUD EST,PARIS (intramuros),LANGPA,FRPLY,20:12,FRXZP
691,2023-08-14,PERPIGNAN,NON,6052,20:09,SUD EST,NIMES PONT DU GARD,LANGPA,FRXZP,18:04,FRPGF
692,2023-08-14,BEZIERS,NON,9708,14:15,SUD EST,NIMES,BARCELONEPA,FRFNI,12:58,FRBZR
693,2023-08-14,PERPIGNAN,NON,9708,13:09,SUD EST,AGDE,BARCELONEPA,FRXAG,12:04,FRPGF
694,2023-08-14,PERPIGNAN,NON,9708,13:25,SUD EST,SETE,BARCELONEPA,FRXSY,12:04,FRPGF
695,2023-08-14,VALENCE TGV RHONE-ALPES SUD,NON,9708,17:18,SUD EST,PARIS (intramuros),BARCELONEPA,FRPLY,15:04,FRVLA
696,2023-08-14,FIGUERES VILA TGV,NON,9708,11:55,SUD EST,PERPIGNAN,BARCELONEPA,FRPGF,11:31,ESFIR
697,2023-08-14,GIRONA,NON,9708,12:55,SUD EST,BEZIERS,BARCELONEPA,FRBZR,11:14,ESGRO
698,2023-08-14,BARCELONA SANTS,NON,9708,13:09,SUD EST,AGDE,BARCELONEPA,FRXAG,10:33,ESBST
699,2023-08-14,FIGUERES VILA TGV,NON,9708,14:15,SUD EST,NIMES,BARCELONEPA,FRFNI,11:31,ESFIR
700,2023-08-14,FIGUERES VILA TGV,NON,9708,13:43,SUD EST,MONTPELLIER SAINT-ROCH,BARCELONEPA,FRMPL,11:31,ESFIR
701,2023-08-14,LYON (intramuros),OUI,6624,18:08,SUD EST,PARIS (intramuros),RHONEPARIS,FRPLY,16:04,FRLPD
702,2023-08-14,LYON (intramuros),OUI,6624,16:47,SUD EST,LE CREUSOT MONTCEAU MONTCHANIN,RHONEPARIS,FRXCC,16:04,FRLPD
703,2023-08-14,LYON (intramuros),OUI,6624,18:08,SUD EST,PARIS (intramuros),RHONEPARIS,FRPLY,15:51,FRLPE
704,2023-08-14,ANGERS ST LAUD,OUI,8827,23:54,ATLANTIQUE,NANTES,PARISLOIRE,FRNTE,23:16,FRACL
705,2023-08-14,STRASBOURG,NON,9404,19:22,EST,ANGOULEME,JCESTATL,FRANG,13:56,FRAEG
706,2023-08-14,STRASBOURG,NON,9404,20:02,EST,BORDEAUX ST JEAN,JCESTATL,FRBOJ,13:56,FRAEG
707,2023-08-14,MASSY TGV,NON,9404,18:06,EST,ST PIERRE DES CORPS,JCESTATL,FRXSH,17:10,FRDJU
708,2023-08-14,CHAMPAGNE-ARDENNE,NON,9404,20:02,EST,BORDEAUX ST JEAN,JCESTATL,FRBOJ,15:34,FREAH
709,2023-08-14,MEUSE TGV,NON,9404,16:27,EST,MARNE LA VALLEE CHESSY,JCESTATL,FRMLV,15:05,FREAJ
710,2023-08-14,MEUSE TGV,NON,9404,18:40,EST,POITIERS,JCESTATL,FRPIS,15:05,FREAJ
711,2023-08-14,LORRAINE TGV,NON,9404,17:04,EST,MASSY TGV,JCESTATL,FRDJU,14:38,FREAM
712,2023-08-14,LORRAINE TGV,NON,9404,16:27,EST,MARNE LA VALLEE CHESSY,JCESTATL,FRMLV,14:38,FREAM
713,2023-08-14,MARNE LA VALLEE CHESSY,NON,9404,18:40,EST,POITIERS,JCESTATL,FRPIS,16:32,FRMLV
714,2023-08-14,POITIERS,OUI,9404,19:22,EST,ANGOULEME,JCESTATL,FRANG,18:43,FRPIS
715,2023-08-14,RINGSHEIM/EU-PARK,OUI,9404,12:59,EST,LAHR SCHWARZW,JCESTATL,DEANL,12:52,DERSH
716,2023-08-14,RINGSHEIM/EU-PARK,OUI,9404,13:56,EST,STRASBOURG,JCESTATL,FRAEG,12:52,DERSH
717,2023-08-14,RINGSHEIM/EU-PARK,NON,9404,18:06,EST,ST PIERRE DES CORPS,JCESTATL,FRXSH,12:52,DERSH
718,2023-08-14,OFFENBOURG/OFFENBURG,NON,9404,19:22,EST,ANGOULEME,JCESTATL,FRANG,13:15,DEZPA
719,2023-08-14,FREIBURG BREISGAU HBF,NON,9404,18:40,EST,POITIERS,JCESTATL,FRPIS,12:22,DEFGB
720,2023-08-14,RINGSHEIM/EU-PARK,NON,9404,18:40,EST,POITIERS,JCESTATL,FRPIS,12:52,DERSH
721,2023-08-14,OFFENBOURG/OFFENBURG,NON,9404,17:04,EST,MASSY TGV,JCESTATL,FRDJU,13:15,DEZPA
722,2023-08-14,RINGSHEIM/EU-PARK,NON,9404,19:22,EST,ANGOULEME,JCESTATL,FRANG,12:52,DERSH
723,2023-08-14,AVIGNON CENTRE,NON,6196,15:48,SUD EST,LYON-SAINT EXUPERY TGV,VDRPA,FRJDQ,14:04,FRAES
724,2023-08-14,ORANGE,NON,6196,17:46,SUD EST,PARIS (intramuros),VDRPA,FRPLY,14:21,FRXOG
725,2023-08-14,PARIS (intramuros),NON,6047,10:48,SUD EST,AGDE,PALANG,FRXAG,06:56,FRPLY
726,2023-08-14,VALENCE TGV RHONE-ALPES SUD,NON,6047,10:31,SUD EST,SETE,PALANG,FRXSY,09:10,FRVLA
727,2023-08-14,AGDE,OUI,6047,11:03,SUD EST,BEZIERS,PALANG,FRBZR,10:51,FRXAG
728,2023-08-14,AGDE,OUI,6047,11:20,SUD EST,NARBONNE,PALANG,FRXNA,10:51,FRXAG
729,2023-08-14,MONTPELLIER SUD DE FRANCE,OUI,6047,11:56,SUD EST,PERPIGNAN,PALANG,FRPGF,10:17,FRSUF
730,2023-08-14,PARIS (intramuros),NON,6047,09:46,SUD EST,NIMES PONT DU GARD,PALANG,FRXZP,06:56,FRPLY
731,2023-08-14,NIMES PONT DU GARD,NON,6047,11:03,SUD EST,BEZIERS,PALANG,FRBZR,09:49,FRXZP
732,2023-08-14,BORDEAUX ST JEAN,NON,8509,19:26,ATLANTIQUE,TOULOUSE MATABIAU,PASUDOUEST,FRXYT,17:21,FRBOJ
733,2023-08-14,PARIS (intramuros),OUI,8509,17:15,ATLANTIQUE,BORDEAUX ST JEAN,PASUDOUEST,FRBOJ,15:08,FRPMO
734,2023-08-14,AGEN,OUI,8519,23:02,ATLANTIQUE,MONTAUBAN VILLE BOURBON,PASUDOUEST,FRXMW,22:25,FRAGF
735,2023-08-14,AGEN,OUI,8519,23:31,ATLANTIQUE,TOULOUSE MATABIAU,PASUDOUEST,FRXYT,22:25,FRAGF
736,2023-08-14,MONTAUBAN VILLE BOURBON,OUI,8519,23:31,ATLANTIQUE,TOULOUSE MATABIAU,PASUDOUEST,FRXYT,23:05,FRXMW
737,2023-08-14,PARIS (intramuros),OUI,6181,21:11,SUD EST,TOULON,PAAZUR,FRTLN,17:22,FRPLY
738,2023-08-14,TOULON,OUI,6181,22:28,SUD EST,CANNES,PAAZUR,FRJCA,21:15,FRTLN
739,2023-08-14,ANTIBES,OUI,6181,23:00,SUD EST,NICE VILLE,PAAZUR,FRNIC,22:44,FRXAT
740,2023-08-14,ST RAPHAEL VALESCURE,OUI,6181,22:41,SUD EST,ANTIBES,PAAZUR,FRXAT,22:05,FRXSK
741,2023-08-14,GUINGAMP,NON,8602,09:08,ATLANTIQUE,PARIS (intramuros),BRETAPARIS,FRPMO,06:24,FRGGP
742,2023-08-14,MARSEILLE ST CHARLES,NON,6176,17:50,SUD EST,PARIS (intramuros),AZURPA,FRPLY,14:47,FRMSC
743,2023-08-14,ANTIBES,OUI,6176,13:44,SUD EST,TOULON,AZURPA,FRTLN,12:19,FRXAT
744,2023-08-14,ST RAPHAEL VALESCURE,NON,6176,14:33,SUD EST,MARSEILLE ST CHARLES,AZURPA,FRMSC,12:58,FRXSK
745,2023-08-14,ANGERS ST LAUD,OUI,8917,13:54,ATLANTIQUE,LA BAULE ESCOUBLAC,PARISLOIRE,FRJEE,12:16,FRACL
746,2023-08-14,ANGERS ST LAUD,OUI,8917,13:34,ATLANTIQUE,ST NAZAIRE,PARISLOIRE,FRSNR,12:16,FRACL
747,2023-08-14,LE MANS,OUI,8917,13:54,ATLANTIQUE,LA BAULE ESCOUBLAC,PARISLOIRE,FRJEE,11:36,FRAET
748,2023-08-14,LE MANS,OUI,8917,13:34,ATLANTIQUE,ST NAZAIRE,PARISLOIRE,FRSNR,11:36,FRAET
749,2023-08-14,LA BAULE ESCOUBLAC,OUI,8917,14:00,ATLANTIQUE,LE POULIGUEN,PARISLOIRE,FREGS,13:57,FRJEE
750,2023-08-14,PARIS (intramuros),NON,8917,13:34,ATLANTIQUE,ST NAZAIRE,PARISLOIRE,FRSNR,10:36,FRPMO
751,2023-08-14,ST NAZAIRE,OUI,8917,13:47,ATLANTIQUE,PORNICHET,PARISLOIRE,FREGR,13:38,FRSNR
752,2023-08-14,ST NAZAIRE,OUI,8917,14:00,ATLANTIQUE,LE POULIGUEN,PARISLOIRE,FREGS,13:38,FRSNR
753,2023-08-14,TOURS,OUI,8314,12:19,ATLANTIQUE,ST PIERRE DES CORPS,ROCHELLEPA,FRXSH,12:14,FRAFW
754,2023-08-14,PARIS (intramuros),NON,6275,15:56,SUD EST,BEZIERS,PALANG,FRBZR,11:46,FRPLY
755,2023-08-14,PARIS (intramuros),NON,6275,13:57,SUD EST,VALENCE TGV RHONE-ALPES SUD,PALANG,FRVLA,11:46,FRPLY
756,2023-08-14,PARIS (intramuros),NON,6275,16:13,SUD EST,NARBONNE,PALANG,FRXNA,11:46,FRPLY
757,2023-08-14,PARIS (intramuros),NON,6275,15:25,SUD EST,SETE,PALANG,FRXSY,11:46,FRPLY
758,2023-08-14,VALENCE TGV RHONE-ALPES SUD,NON,6275,16:13,SUD EST,NARBONNE,PALANG,FRXNA,14:00,FRVLA
759,2023-08-14,AGDE,OUI,6275,16:52,SUD EST,PERPIGNAN,PALANG,FRPGF,15:44,FRXAG
760,2023-08-14,AGDE,OUI,6275,16:13,SUD EST,NARBONNE,PALANG,FRXNA,15:44,FRXAG
761,2023-08-14,PARIS (intramuros),NON,6275,14:59,SUD EST,MONTPELLIER SUD DE FRANCE,PALANG,FRSUF,11:46,FRPLY
762,2023-08-14,VALENCE TGV RHONE-ALPES SUD,NON,6275,14:36,SUD EST,NIMES PONT DU GARD,PALANG,FRXZP,14:00,FRVLA
763,2023-08-14,NIMES PONT DU GARD,NON,6275,16:13,SUD EST,NARBONNE,PALANG,FRXNA,14:39,FRXZP
764,2023-08-14,AVIGNON TGV,NON,6024,19:22,SUD EST,PARIS (intramuros),PROVENCEPA,FRPLY,16:41,FRAVG
765,2023-08-14,SAUMUR,NON,4506,22:04,IC SRO,NANTES,JOURLYNNTE,FRNTE,21:01,FRACN
766,2023-08-14,LYON (intramuros),NON,4506,19:06,IC SRO,BOURGES,JOURLYNNTE,FRBOU,15:46,FRLPD
767,2023-08-14,LYON (intramuros),NON,4506,18:19,IC SRO,NEVERS,JOURLYNNTE,FRNVS,15:46,FRLPD
768,2023-08-14,LYON (intramuros),NON,4506,16:49,IC SRO,ROANNE,JOURLYNNTE,FRRNE,15:46,FRLPD
769,2023-08-14,LYON (intramuros),NON,4506,19:25,IC SRO,VIERZON VILLE,JOURLYNNTE,FRXVZ,15:46,FRLPD
770,2023-08-14,LYON (intramuros),NON,4506,21:22,IC SRO,ANGERS ST LAUD,JOURLYNNTE,FRACL,15:32,FRLPE
771,2023-08-14,LYON (intramuros),NON,4506,20:59,IC SRO,SAUMUR,JOURLYNNTE,FRACN,15:32,FRLPE
772,2023-08-14,LYON (intramuros),NON,4506,17:28,IC SRO,ST GERMAIN DES FOSSES,JOURLYNNTE,FRSGF,15:32,FRLPE
773,2023-08-14,LYON (intramuros),NON,4506,20:26,IC SRO,ST PIERRE DES CORPS,JOURLYNNTE,FRXSH,15:32,FRLPE
774,2023-08-14,NEVERS,NON,4506,19:25,IC SRO,VIERZON VILLE,JOURLYNNTE,FRXVZ,18:29,FRNVS
775,2023-08-14,ST GERMAIN DES FOSSES,NON,4506,21:22,IC SRO,ANGERS ST LAUD,JOURLYNNTE,FRACL,17:30,FRSGF
776,2023-08-14,ST GERMAIN DES FOSSES,NON,4506,22:04,IC SRO,NANTES,JOURLYNNTE,FRNTE,17:30,FRSGF
777,2023-08-14,VIERZON VILLE,NON,4506,21:22,IC SRO,ANGERS ST LAUD,JOURLYNNTE,FRACL,19:27,FRXVZ
778,2023-08-14,VIERZON VILLE,NON,4506,20:59,IC SRO,SAUMUR,JOURLYNNTE,FRACN,19:27,FRXVZ
779,2023-08-14,ANGERS ST LAUD,NON,5480,19:29,EST,STRASBOURG,JCATLEST,FRAEG,14:49,FRACL
780,2023-08-14,ANGERS ST LAUD,NON,5480,15:27,EST,LE MANS,JCATLEST,FRAET,14:49,FRACL
781,2023-08-14,ANGERS ST LAUD,NON,5480,16:20,EST,MASSY TGV,JCATLEST,FRDJU,14:49,FRACL
782,2023-08-14,ANGERS ST LAUD,NON,5480,17:13,EST,AEROPORT CDG2 TGV ROISSY,JCATLEST,FRMLW,14:49,FRACL
783,2023-08-14,CHAMPAGNE-ARDENNE,NON,5480,18:48,EST,LORRAINE TGV,JCATLEST,FREAM,18:10,FREAH
784,2023-08-14,MARNE LA VALLEE CHESSY,NON,5480,19:29,EST,STRASBOURG,JCATLEST,FRAEG,17:03,FRMLV
785,2023-08-14,AEROPORT CDG2 TGV ROISSY,NON,5480,18:48,EST,LORRAINE TGV,JCATLEST,FREAM,17:29,FRMLW
786,2023-08-14,NANTES,NON,5480,14:46,EST,ANGERS ST LAUD,JCATLEST,FRACL,14:09,FRNTE
787,2023-08-14,NANTES,NON,5480,16:20,EST,MASSY TGV,JCATLEST,FRDJU,14:09,FRNTE
788,2023-08-14,NANTES,NON,5480,16:57,EST,MARNE LA VALLEE CHESSY,JCATLEST,FRMLV,14:09,FRNTE
789,2023-08-14,PAU,NON,14155,21:03,IC SRO,HENDAYE,SUDOUEST,FRAEF,18:54,FRAEE
790,2023-08-14,PAU,NON,14155,20:50,IC SRO,ST JEAN DE LUZ CIBOURE,SUDOUEST,FRXJZ,18:54,FRAEE
791,2023-08-14,ORTHEZ,NON,14155,20:50,IC SRO,ST JEAN DE LUZ CIBOURE,SUDOUEST,FRXJZ,19:17,FRGFI
792,2023-08-14,LOURDES,NON,14155,20:33,IC SRO,BIARRITZ,SUDOUEST,FRBIQ,18:25,FRLDE
793,2023-08-14,LOURDES,NON,14155,19:15,IC SRO,ORTHEZ,SUDOUEST,FRGFI,18:25,FRLDE
794,2023-08-14,LANNEMEZAN,NON,14155,18:51,IC SRO,PAU,SUDOUEST,FRAEE,17:44,FRLNZ
795,2023-08-14,LANNEMEZAN,NON,14155,20:00,IC SRO,BAYONNE,SUDOUEST,FRXBY,17:44,FRLNZ
796,2023-08-14,BAYONNE,NON,14155,21:03,IC SRO,HENDAYE,SUDOUEST,FRAEF,20:25,FRXBY
797,2023-08-14,TARBES,NON,14155,21:03,IC SRO,HENDAYE,SUDOUEST,FRAEF,18:09,FRXTB
798,2023-08-14,TARBES,NON,14155,19:15,IC SRO,ORTHEZ,SUDOUEST,FRGFI,18:09,FRXTB
799,2023-08-14,TARBES,NON,14155,20:50,IC SRO,ST JEAN DE LUZ CIBOURE,SUDOUEST,FRXJZ,18:09,FRXTB
800,2023-08-14,TOULOUSE MATABIAU,NON,14155,18:22,IC SRO,LOURDES,SUDOUEST,FRLDE,16:34,FRXYT
801,2023-08-14,TOULOUSE MATABIAU,NON,14155,20:00,IC SRO,BAYONNE,SUDOUEST,FRXBY,16:34,FRXYT
802,2023-08-14,LANNEMEZAN,NON,14155,20:33,IC SRO,BIARRITZ,SUDOUEST,FRBIQ,17:44,FRLNZ
803,2023-08-14,EPINAL,OUI,2573,21:05,EST,REMIREMONT,PANANCY,FRRNT,20:44,FREPL
804,2023-08-14,STUTTGART HBF,NON,9574,11:30,INTERNATIONAL,KARLSRUHE HBF,MUNSTUTPA,DEQKA,10:52,DESGT
805,2023-08-14,CHAMPAGNE-ARDENNE,NON,2536,11:50,EST,PARIS (intramuros),NANCYPA,FRPST,11:08,FREAH
806,2023-08-14,CANNES,NON,6174,15:50,SUD EST,PARIS (intramuros),AZURPA,FRPLY,10:32,FRJCA
807,2023-08-14,CANNES,OUI,6174,10:55,SUD EST,ST RAPHAEL VALESCURE,AZURPA,FRXSK,10:32,FRJCA
808,2023-08-14,MARSEILLE ST CHARLES,NON,6174,15:50,SUD EST,PARIS (intramuros),AZURPA,FRPLY,12:47,FRMSC
809,2023-08-14,NICE VILLE,OUI,6174,10:28,SUD EST,CANNES,AZURPA,FRJCA,09:57,FRNIC
810,2023-08-14,NICE VILLE,NON,6174,12:33,SUD EST,MARSEILLE ST CHARLES,AZURPA,FRMSC,09:57,FRNIC
811,2023-08-14,NICE VILLE,OUI,6174,11:44,SUD EST,TOULON,AZURPA,FRTLN,09:57,FRNIC
812,2023-08-14,ANTIBES,NON,6174,15:50,SUD EST,PARIS (intramuros),AZURPA,FRPLY,10:16,FRXAT
813,2023-08-14,ANTIBES,OUI,6174,11:44,SUD EST,TOULON,AZURPA,FRTLN,10:16,FRXAT
814,2023-08-14,ST RAPHAEL VALESCURE,NON,6174,12:33,SUD EST,MARSEILLE ST CHARLES,AZURPA,FRMSC,10:58,FRXSK
815,2023-08-14,LAUSANNE,NON,9774,17:42,INTERNATIONAL,PARIS (intramuros),GENEVEPA,FRPLY,13:45,CHAJF
816,2023-08-14,BOURG EN BRESSE,NON,9774,17:42,INTERNATIONAL,PARIS (intramuros),GENEVEPA,FRPLY,15:52,FRXBK
817,2023-08-14,AVIGNON TGV,NON,6161,13:05,SUD EST,ANTIBES,PAAZUR,FRXAT,10:33,FRAVG
818,2023-08-14,PARIS (intramuros),NON,6161,10:30,SUD EST,AVIGNON TGV,PAAZUR,FRAVG,07:48,FRPLY
819,2023-08-14,TOULON,OUI,6161,13:05,SUD EST,ANTIBES,PAAZUR,FRXAT,11:43,FRTLN
820,2023-08-14,BEZIERS,OUI,6221,12:56,SUD EST,PERPIGNAN,PALANG,FRPGF,12:06,FRBZR
821,2023-08-14,MONTPELLIER SAINT-ROCH,OUI,6221,11:48,SUD EST,AGDE,PALANG,FRXAG,11:17,FRMPL
822,2023-08-14,MONTPELLIER SAINT-ROCH,OUI,6221,11:31,SUD EST,SETE,PALANG,FRXSY,11:17,FRMPL
823,2023-08-14,PARIS (intramuros),NON,6221,12:20,SUD EST,NARBONNE,PALANG,FRXNA,07:42,FRPLY
824,2023-08-14,VALENCE TGV RHONE-ALPES SUD,NON,6221,12:56,SUD EST,PERPIGNAN,PALANG,FRPGF,09:55,FRVLA
825,2023-08-14,AGDE,OUI,6221,12:03,SUD EST,BEZIERS,PALANG,FRBZR,11:51,FRXAG
826,2023-08-14,CHATEAUROUX,OUI,3665,19:57,IC ARO,ARGENTON SUR CREUSE,PALITO,FRFMT,19:42,FRCHR
827,2023-08-14,CHATEAUROUX,OUI,3665,22:28,IC ARO,SOUILLAC,PALITO,FRSOU,19:42,FRCHR
828,2023-08-14,ARGENTON SUR CREUSE,OUI,3665,20:22,IC ARO,LA SOUTERRAINE,PALITO,FRLST,19:58,FRFMT
829,2023-08-14,ARGENTON SUR CREUSE,OUI,3665,23:13,IC ARO,CAHORS,PALITO,FRZAO,19:58,FRFMT
830,2023-08-14,LA SOUTERRAINE,OUI,3665,23:13,IC ARO,CAHORS,PALITO,FRZAO,20:24,FRLST
831,2023-08-14,VIERZON VILLE,OUI,3665,22:01,IC ARO,BRIVE LA GAILLARDE,PALITO,FRBVE,19:11,FRXVZ
832,2023-08-14,VIERZON VILLE,OUI,3665,19:40,IC ARO,CHATEAUROUX,PALITO,FRCHR,19:11,FRXVZ
833,2023-08-14,LORIENT,NON,8746,23:08,ATLANTIQUE,PARIS (intramuros),BRETAPARIS,FRPMO,19:51,FRLRT
834,2023-08-14,LORIENT,OUI,8746,20:06,ATLANTIQUE,AURAY,BRETAPARIS,FRXUY,19:51,FRLRT
835,2023-08-14,QUIMPER,NON,8746,23:08,ATLANTIQUE,PARIS (intramuros),BRETAPARIS,FRPMO,19:16,FRUIP
836,2023-08-14,QUIMPER,NON,8746,20:19,ATLANTIQUE,VANNES,BRETAPARIS,FRVNE,19:16,FRUIP
837,2023-08-14,VANNES,NON,8746,20:46,ATLANTIQUE,REDON,BRETAPARIS,FRXRN,20:22,FRVNE
838,2023-08-14,REDON,NON,8746,21:25,ATLANTIQUE,RENNES,BRETAPARIS,FRRNS,20:49,FRXRN
839,2023-08-14,BIARRITZ,OUI,8551,22:54,ATLANTIQUE,HENDAYE,PASUDOUEST,FRAEF,22:26,FRBIQ
840,2023-08-14,PARIS (intramuros),NON,8551,22:54,ATLANTIQUE,HENDAYE,PASUDOUEST,FRAEF,18:07,FRPMO
841,2023-08-14,BAYONNE,OUI,8551,22:23,ATLANTIQUE,BIARRITZ,PASUDOUEST,FRBIQ,22:14,FRXBY
842,2023-08-14,BORDEAUX ST JEAN,NON,8470,17:13,ATLANTIQUE,PARIS (intramuros),SUDOUESTPA,FRPMO,14:46,FRBOJ
843,2023-08-14,FACTURE BIGANOS,OUI,8470,14:36,ATLANTIQUE,BORDEAUX ST JEAN,SUDOUESTPA,FRBOJ,14:12,FRFAC
844,2023-08-14,ARCACHON,OUI,8470,13:54,ATLANTIQUE,LA TESTE,SUDOUESTPA,FRFCJ,13:50,FRXAC
845,2023-08-14,POITIERS,NON,12253,10:19,ATLANTIQUE,BORDEAUX ST JEAN,PASUDOUEST,FRBOJ,09:21,FRPIS
846,2023-08-14,LIMOGES BENEDICTINS,NON,3619,13:00,IC ARO,BRIVE LA GAILLARDE,PALITO,FRBVE,11:59,FRAGQ
847,2023-08-14,BRIVE LA GAILLARDE,NON,3619,14:38,IC ARO,CAUSSADE TARN ET GARONNE,PALITO,FRFTA,13:04,FRBVE
848,2023-08-14,BRIVE LA GAILLARDE,NON,3619,14:53,IC ARO,MONTAUBAN VILLE BOURBON,PALITO,FRXMW,13:04,FRBVE
849,2023-08-14,BRIVE LA GAILLARDE,NON,3619,15:22,IC ARO,TOULOUSE MATABIAU,PALITO,FRXYT,13:04,FRBVE
850,2023-08-14,CHATEAUROUX,NON,3619,13:44,IC ARO,GOURDON,PALITO,FRFSI,10:41,FRCHR
851,2023-08-14,CHATEAUROUX,NON,3619,13:27,IC ARO,SOUILLAC,PALITO,FRSOU,10:41,FRCHR
852,2023-08-14,CHATEAUROUX,NON,3619,15:22,IC ARO,TOULOUSE MATABIAU,PALITO,FRXYT,10:41,FRCHR
853,2023-08-14,CHATEAUROUX,NON,3619,14:11,IC ARO,CAHORS,PALITO,FRZAO,10:41,FRCHR
854,2023-08-14,ARGENTON SUR CREUSE,NON,3619,14:11,IC ARO,CAHORS,PALITO,FRZAO,10:57,FRFMT
855,2023-08-14,GOURDON,OUI,3619,14:53,IC ARO,MONTAUBAN VILLE BOURBON,PALITO,FRXMW,13:46,FRFSI
856,2023-08-14,LES AUBRAIS ORLEANS,NON,3619,10:39,IC ARO,CHATEAUROUX,PALITO,FRCHR,09:29,FRLAB
857,2023-08-14,LES AUBRAIS ORLEANS,NON,3619,11:20,IC ARO,LA SOUTERRAINE,PALITO,FRLST,09:29,FRLAB
858,2023-08-14,LA SOUTERRAINE,NON,3619,13:00,IC ARO,BRIVE LA GAILLARDE,PALITO,FRBVE,11:22,FRLST
859,2023-08-14,PARIS (intramuros),NON,3619,13:44,IC ARO,GOURDON,PALITO,FRFSI,08:28,FRPAZ
860,2023-08-14,PARIS (intramuros),NON,3619,09:27,IC ARO,LES AUBRAIS ORLEANS,PALITO,FRLAB,08:28,FRPAZ
861,2023-08-14,PARIS (intramuros),NON,3619,11:20,IC ARO,LA SOUTERRAINE,PALITO,FRLST,08:28,FRPAZ
862,2023-08-14,PARIS (intramuros),NON,3619,15:22,IC ARO,TOULOUSE MATABIAU,PALITO,FRXYT,08:28,FRPAZ
863,2023-08-14,SOUILLAC,OUI,3619,14:38,IC ARO,CAUSSADE TARN ET GARONNE,PALITO,FRFTA,13:29,FRSOU
864,2023-08-14,VIERZON VILLE,NON,3619,13:27,IC ARO,SOUILLAC,PALITO,FRSOU,10:10,FRXVZ
865,2023-08-14,VIERZON VILLE,NON,3619,15:22,IC ARO,TOULOUSE MATABIAU,PALITO,FRXYT,10:10,FRXVZ
866,2023-08-14,CAHORS,OUI,3619,14:38,IC ARO,CAUSSADE TARN ET GARONNE,PALITO,FRFTA,14:13,FRZAO
867,2023-08-14,VIERZON VILLE,NON,3619,14:53,IC ARO,MONTAUBAN VILLE BOURBON,PALITO,FRXMW,10:10,FRXVZ
868,2023-08-14,ARGENTON SUR CREUSE,NON,3619,14:38,IC ARO,CAUSSADE TARN ET GARONNE,PALITO,FRFTA,10:57,FRFMT
869,2023-08-14,ANGERS ST LAUD,NON,8921,15:33,ATLANTIQUE,ST NAZAIRE,PARISLOIRE,FRSNR,14:17,FRACL
870,2023-08-14,NANTES,NON,8921,15:50,ATLANTIQUE,LA BAULE ESCOUBLAC,PARISLOIRE,FRJEE,15:00,FRNTE
871,2023-08-14,PARIS (intramuros),NON,8921,15:50,ATLANTIQUE,LA BAULE ESCOUBLAC,PARISLOIRE,FRJEE,12:49,FRPMO
872,2023-08-14,PARIS (intramuros),NON,8921,14:54,ATLANTIQUE,NANTES,PARISLOIRE,FRNTE,12:49,FRPMO
873,2023-08-14,PARIS (intramuros),NON,8921,15:33,ATLANTIQUE,ST NAZAIRE,PARISLOIRE,FRSNR,12:49,FRPMO
874,2023-08-14,MEUSE TGV,OUI,9890,08:56,NORD,LILLE (intramuros),JCESTNORD,FRLLE,06:59,FREAJ
875,2023-08-14,LORRAINE TGV,OUI,9890,09:43,NORD,BRUXELLES MIDI BRUSSEL ZUID,JCESTNORD,BEBMI,06:38,FREAM
876,2023-08-14,LORRAINE TGV,OUI,9890,06:56,NORD,MEUSE TGV,JCESTNORD,FREAJ,06:38,FREAM
877,2023-08-14,LILLE (intramuros),OUI,9890,09:43,NORD,BRUXELLES MIDI BRUSSEL ZUID,JCESTNORD,BEBMI,09:09,FRLLE
878,2023-08-14,MEUSE TGV,OUI,9890,09:43,NORD,BRUXELLES MIDI BRUSSEL ZUID,JCESTNORD,BEBMI,06:59,FREAJ
879,2023-08-14,LORIENT,NON,8722,15:25,ATLANTIQUE,RENNES,BRETAPARIS,FRRNS,13:46,FRLRT
880,2023-08-14,RENNES,NON,8722,17:08,ATLANTIQUE,PARIS (intramuros),BRETAPARIS,FRPMO,15:35,FRRNS
881,2023-08-14,QUIMPER,OUI,8722,14:17,ATLANTIQUE,VANNES,BRETAPARIS,FRVNE,13:11,FRUIP
882,2023-08-14,QUIMPER,NON,8722,14:48,ATLANTIQUE,REDON,BRETAPARIS,FRXRN,13:11,FRUIP
883,2023-08-14,QUIMPER,OUI,8722,14:02,ATLANTIQUE,AURAY,BRETAPARIS,FRXUY,13:11,FRUIP
884,2023-08-14,REDON,NON,8722,15:25,ATLANTIQUE,RENNES,BRETAPARIS,FRRNS,14:50,FRXRN
885,2023-08-14,AVIGNON TGV,NON,6866,20:54,SUD EST,LYON (intramuros),JCSUDPROV,FRLPD,19:48,FRAVG
886,2023-08-14,MARSEILLE ST CHARLES,OUI,6866,19:23,SUD EST,AIX EN PROVENCE TGV,JCSUDPROV,FRAIE,19:11,FRMSC
887,2023-08-14,TOULON,NON,6866,20:54,SUD EST,LYON (intramuros),JCSUDPROV,FRLPD,17:53,FRTLN
888,2023-08-14,TOULON,OUI,6866,18:53,SUD EST,MARSEILLE ST CHARLES,JCSUDPROV,FRMSC,17:53,FRTLN
889,2023-08-14,AUGSBURG HBF,NON,9576,08:02,INTERNATIONAL,ULM HBF,MUNSTUTPA,DEQUL,07:20,DEAGB
890,2023-08-14,AUGSBURG HBF,NON,9576,09:01,INTERNATIONAL,STUTTGART HBF,MUNSTUTPA,DESGT,07:20,DEAGB
891,2023-08-14,AUGSBURG HBF,NON,9576,10:37,INTERNATIONAL,STRASBOURG,MUNSTUTPA,FRAEG,07:20,DEAGB
892,2023-08-14,MUENCHEN HBF,NON,9576,09:01,INTERNATIONAL,STUTTGART HBF,MUNSTUTPA,DESGT,06:51,DEBEG
893,2023-08-14,MUENCHEN HBF,NON,9576,12:31,INTERNATIONAL,PARIS (intramuros),MUNSTUTPA,FRPST,06:51,DEBEG
894,2023-08-14,KARLSRUHE HBF,NON,9576,12:31,INTERNATIONAL,PARIS (intramuros),MUNSTUTPA,FRPST,09:53,DEQKA
895,2023-08-14,ULM HBF,NON,9576,09:51,INTERNATIONAL,KARLSRUHE HBF,MUNSTUTPA,DEQKA,08:04,DEQUL
896,2023-08-14,AIX EN PROVENCE TGV,OUI,6109,13:56,SUD EST,MARSEILLE ST CHARLES,PAPROVENCE,FRMSC,13:44,FRAIE
897,2023-08-14,DAX,NON,8572,14:46,ATLANTIQUE,PAU,PASUDOUEST,FRAEE,13:46,FRACG
898,2023-08-14,DAX,NON,8572,14:16,ATLANTIQUE,ORTHEZ,PASUDOUEST,FRGFI,13:46,FRACG
899,2023-08-14,BORDEAUX ST JEAN,NON,8572,14:16,ATLANTIQUE,ORTHEZ,PASUDOUEST,FRGFI,12:20,FRBOJ
900,2023-08-14,LES AUBRAIS ORLEANS,NON,3971,08:26,IC NUIT,PORTE PUYMORENS,PARPALOMBE,FRFQF,22:24,FRLAB
901,2023-08-14,LES AUBRAIS ORLEANS,NON,3971,08:18,IC NUIT,ANDORRE - L'HOSPITALET,PARPALOMBE,FRFQG,22:24,FRLAB
902,2023-08-14,LES AUBRAIS ORLEANS,NON,3971,08:02,IC NUIT,MERENS LES VALS,PARPALOMBE,FRFQH,22:24,FRLAB
903,2023-08-14,LES AUBRAIS ORLEANS,OUI,3971,07:18,IC NUIT,TARASCON SUR ARIEGE,PARPALOMBE,FRFQM,22:24,FRLAB
904,2023-08-14,PARIS (intramuros),NON,3971,08:18,IC NUIT,ANDORRE - L'HOSPITALET,PARPALOMBE,FRFQG,20:41,FRPAZ
905,2023-08-14,PARIS (intramuros),NON,3971,07:27,IC NUIT,LES CABANNES,PARPALOMBE,FRFQK,20:41,FRPAZ
906,2023-08-14,PARIS (intramuros),OUI,3971,07:02,IC NUIT,FOIX,PARPALOMBE,FRXFX,20:41,FRPAZ
907,2023-08-14,LES AUBRAIS ORLEANS,OUI,3971,06:35,IC NUIT,SAVERDUN,PARPALOMBE,FRFPU,22:24,FRLAB
908,2023-08-14,POITIERS,OUI,8330,08:33,ATLANTIQUE,PARIS (intramuros),ROCHELLEPA,FRPMO,06:31,FRPIS
909,2023-08-14,POITIERS,OUI,8330,06:49,ATLANTIQUE,CHATELLERAULT,ROCHELLEPA,FRXCX,06:31,FRPIS
910,2023-08-14,POITIERS,OUI,8330,07:22,ATLANTIQUE,ST PIERRE DES CORPS,ROCHELLEPA,FRXSH,06:31,FRPIS
911,2023-08-14,ST PIERRE DES CORPS,OUI,8330,07:43,ATLANTIQUE,VENDOME VILLIERS SUR LOIR,ROCHELLEPA,FRESL,07:25,FRXSH
912,2023-08-14,LYON (intramuros),OUI,6622,14:58,SUD EST,LYON (intramuros),RHONEPARIS,FRLPD,14:50,FRLPE
913,2023-08-14,SURGERES,OUI,8377,15:21,ATLANTIQUE,LA ROCHELLE VILLE,PAROCHELLE,FRLRH,15:00,FREIP
914,2023-08-14,POITIERS,NON,8377,14:58,ATLANTIQUE,SURGERES,PAROCHELLE,FREIP,13:55,FRPIS
915,2023-08-14,PARIS (intramuros),NON,8377,15:21,ATLANTIQUE,LA ROCHELLE VILLE,PAROCHELLE,FRLRH,12:16,FRPMO
916,2023-08-14,AIX EN PROVENCE TGV,NON,6813,15:46,SUD EST,MARSEILLE ST CHARLES,JCPROVSUD,FRMSC,15:35,FRAIE
917,2023-08-14,LYON (intramuros),NON,6813,15:32,SUD EST,AIX EN PROVENCE TGV,JCPROVSUD,FRAIE,14:06,FRLPD
918,2023-08-14,LIMOGES BENEDICTINS,NON,3694,22:20,IC ARO,LES AUBRAIS ORLEANS,TOULOUZECO,FRLAB,20:01,FRAGQ
919,2023-08-14,LIMOGES BENEDICTINS,NON,3694,23:19,IC ARO,PARIS (intramuros),TOULOUZECO,FRPAZ,20:01,FRAGQ
920,2023-08-14,BRIVE LA GAILLARDE,NON,3694,23:19,IC ARO,PARIS (intramuros),TOULOUZECO,FRPAZ,18:58,FRBVE
921,2023-08-14,GOURDON,NON,3694,19:58,IC ARO,LIMOGES BENEDICTINS,TOULOUZECO,FRAGQ,18:12,FRFSI
922,2023-08-14,GOURDON,NON,3694,22:20,IC ARO,LES AUBRAIS ORLEANS,TOULOUZECO,FRLAB,18:12,FRFSI
923,2023-08-14,GOURDON,NON,3694,18:27,IC ARO,SOUILLAC,TOULOUZECO,FRSOU,18:12,FRFSI
924,2023-08-14,GOURDON,NON,3694,21:43,IC ARO,VIERZON VILLE,TOULOUZECO,FRXVZ,18:12,FRFSI
925,2023-08-14,CAUSSADE TARN ET GARONNE,NON,3694,19:58,IC ARO,LIMOGES BENEDICTINS,TOULOUZECO,FRAGQ,17:18,FRFTA
926,2023-08-14,CAUSSADE TARN ET GARONNE,NON,3694,22:20,IC ARO,LES AUBRAIS ORLEANS,TOULOUZECO,FRLAB,17:18,FRFTA
927,2023-08-14,LA SOUTERRAINE,NON,3694,21:43,IC ARO,VIERZON VILLE,TOULOUZECO,FRXVZ,20:32,FRLST
928,2023-08-14,MONTAUBAN VILLE BOURBON,NON,3694,19:58,IC ARO,LIMOGES BENEDICTINS,TOULOUZECO,FRAGQ,17:05,FRXMW
929,2023-08-14,MONTAUBAN VILLE BOURBON,NON,3694,17:17,IC ARO,CAUSSADE TARN ET GARONNE,TOULOUZECO,FRFTA,17:05,FRXMW
930,2023-08-14,MONTAUBAN VILLE BOURBON,NON,3694,22:20,IC ARO,LES AUBRAIS ORLEANS,TOULOUZECO,FRLAB,17:05,FRXMW
931,2023-08-14,MONTAUBAN VILLE BOURBON,NON,3694,23:19,IC ARO,PARIS (intramuros),TOULOUZECO,FRPAZ,17:05,FRXMW
932,2023-08-14,MONTAUBAN VILLE BOURBON,NON,3694,18:27,IC ARO,SOUILLAC,TOULOUZECO,FRSOU,17:05,FRXMW
933,2023-08-14,TOULOUSE MATABIAU,NON,3694,21:43,IC ARO,VIERZON VILLE,TOULOUZECO,FRXVZ,16:32,FRXYT
934,2023-08-14,CAHORS,NON,3694,18:10,IC ARO,GOURDON,TOULOUZECO,FRFSI,17:45,FRZAO
935,2023-08-14,CAHORS,NON,3694,20:30,IC ARO,LA SOUTERRAINE,TOULOUZECO,FRLST,17:45,FRZAO
936,2023-08-14,LAVAL,NON,8063,23:09,ATLANTIQUE,RENNES,PARISBRETA,FRRNS,22:44,FRACR
937,2023-08-14,LE MANS,NON,8063,23:09,ATLANTIQUE,RENNES,PARISBRETA,FRRNS,22:13,FRAET
938,2023-08-14,AVIGNON CENTRE,OUI,6198,21:46,SUD EST,PARIS (intramuros),VDRPA,FRPLY,18:04,FRAES
939,2023-08-14,AVIGNON CENTRE,OUI,6198,19:10,SUD EST,VALENCE VILLE,VDRPA,FRVAF,18:04,FRAES
940,2023-08-14,MIRAMAS,OUI,6198,21:46,SUD EST,PARIS (intramuros),VDRPA,FRPLY,17:15,FRMAZ
941,2023-08-14,MONTELIMAR GARE SNCF,OUI,6198,21:46,SUD EST,PARIS (intramuros),VDRPA,FRPLY,18:49,FRXMK
942,2023-08-14,MONTELIMAR GARE SNCF,OUI,6198,19:10,SUD EST,VALENCE VILLE,VDRPA,FRVAF,18:49,FRXMK
943,2023-08-14,BEZIERS,OUI,6049,19:56,SUD EST,PERPIGNAN,PALANG,FRPGF,19:06,FRBZR
944,2023-08-14,PARIS (intramuros),NON,6049,18:31,SUD EST,SETE,PALANG,FRXSY,14:56,FRPLY
945,2023-08-14,VALENCE TGV RHONE-ALPES SUD,NON,6049,19:03,SUD EST,BEZIERS,PALANG,FRBZR,17:09,FRVLA
946,2023-08-14,VALENCE TGV RHONE-ALPES SUD,NON,6049,19:20,SUD EST,NARBONNE,PALANG,FRXNA,17:09,FRVLA
947,2023-08-14,AGDE,OUI,6049,19:03,SUD EST,BEZIERS,PALANG,FRBZR,18:51,FRXAG
948,2023-08-14,AGDE,OUI,6049,19:56,SUD EST,PERPIGNAN,PALANG,FRPGF,18:51,FRXAG
949,2023-08-14,MONTPELLIER SUD DE FRANCE,OUI,6049,18:31,SUD EST,SETE,PALANG,FRXSY,18:17,FRSUF
950,2023-08-14,VALENCE TGV RHONE-ALPES SUD,NON,6049,18:08,SUD EST,MONTPELLIER SUD DE FRANCE,PALANG,FRSUF,17:09,FRVLA
951,2023-08-14,NIMES PONT DU GARD,OUI,6049,19:03,SUD EST,BEZIERS,PALANG,FRBZR,17:49,FRXZP
952,2023-08-14,NIMES PONT DU GARD,OUI,6049,18:08,SUD EST,MONTPELLIER SUD DE FRANCE,PALANG,FRSUF,17:49,FRXZP
953,2023-08-14,MARSEILLE ST CHARLES,NON,6077,18:11,SUD EST,TOULON,PAAZUR,FRTLN,17:28,FRMSC
954,2023-08-14,PARIS (intramuros),NON,6077,17:14,SUD EST,MARSEILLE ST CHARLES,PAAZUR,FRMSC,14:10,FRPLY
955,2023-08-14,PARIS (intramuros),NON,6077,19:01,SUD EST,ST RAPHAEL VALESCURE,PAAZUR,FRXSK,14:10,FRPLY
956,2023-08-14,TOULON,OUI,6077,19:26,SUD EST,CANNES,PAAZUR,FRJCA,18:15,FRTLN
957,2023-08-14,TOULON,OUI,6077,19:01,SUD EST,ST RAPHAEL VALESCURE,PAAZUR,FRXSK,18:15,FRTLN
958,2023-08-14,BORDEAUX ST JEAN,NON,3854,12:15,IC SRO,LA ROCHELLE VILLE,BORDONANTE,FRLRH,09:53,FRBOJ
959,2023-08-14,LUCON,NON,3854,14:05,IC SRO,NANTES,BORDONANTE,FRNTE,13:00,FRLCN
960,2023-08-14,LUCON,NON,3854,13:22,IC SRO,LA ROCHE SUR YON,BORDONANTE,FRXRO,13:00,FRLCN
961,2023-08-14,SAINTES,NON,3854,11:53,IC SRO,ROCHEFORT,BORDONANTE,FRRCO,11:25,FRXST
962,2023-08-14,PARIS (intramuros),OUI,6107,12:41,SUD EST,AIX EN PROVENCE TGV,PAPROVENCE,FRAIE,09:38,FRPLY
963,2023-08-14,PARIS (intramuros),OUI,6107,12:56,SUD EST,MARSEILLE ST CHARLES,PAPROVENCE,FRMSC,09:38,FRPLY
964,2023-08-14,CHAMBERY CHALLES LES EAUX,NON,9249,20:22,INTERNATIONAL,TORINO PORTA SUSA,PAITALIE,ITTRS,17:44,FRCMF
965,2023-08-14,LE CROISIC,NON,8922,15:41,ATLANTIQUE,ANGERS ST LAUD,LOIREPARIS,FRACL,13:47,FREGU
966,2023-08-14,LA BAULE ESCOUBLAC,NON,8922,15:41,ATLANTIQUE,ANGERS ST LAUD,LOIREPARIS,FRACL,14:07,FRJEE
967,2023-08-14,LA BAULE ESCOUBLAC,NON,8922,17:25,ATLANTIQUE,PARIS (intramuros),LOIREPARIS,FRPMO,14:07,FRJEE
968,2023-08-14,NANTES,NON,8922,17:25,ATLANTIQUE,PARIS (intramuros),LOIREPARIS,FRPMO,15:05,FRNTE
969,2023-08-14,ST NAZAIRE,NON,8922,14:59,ATLANTIQUE,NANTES,LOIREPARIS,FRNTE,14:24,FRSNR
970,2023-08-14,DAX,NON,8534,12:06,ATLANTIQUE,BORDEAUX ST JEAN,SUDOUESTPA,FRBOJ,10:49,FRACG
971,2023-08-14,HENDAYE,OUI,8534,10:14,ATLANTIQUE,BAYONNE,SUDOUESTPA,FRXBY,09:36,FRAEF
972,2023-08-14,BIARRITZ,NON,8534,14:19,ATLANTIQUE,PARIS (intramuros),SUDOUESTPA,FRPMO,10:02,FRBIQ
973,2023-08-14,BAYONNE,OUI,8534,10:46,ATLANTIQUE,DAX,SUDOUESTPA,FRACG,10:17,FRXBY
974,2023-08-14,LUXEMBOURG,NON,2886,20:29,EST,CHAMPAGNE-ARDENNE,LUXMETZPA,FREAH,18:47,LULUX
975,2023-08-14,LUXEMBOURG,NON,2886,21:13,EST,PARIS (intramuros),LUXMETZPA,FRPST,18:47,LULUX
976,2023-08-14,MARSEILLE ST CHARLES,NON,6177,19:39,SUD EST,ANTIBES,PAAZUR,FRXAT,17:28,FRMSC
977,2023-08-14,PARIS (intramuros),NON,6177,18:11,SUD EST,TOULON,PAAZUR,FRTLN,14:10,FRPLY
978,2023-08-14,PARIS (intramuros),NON,6177,19:01,SUD EST,ST RAPHAEL VALESCURE,PAAZUR,FRXSK,14:10,FRPLY
979,2023-08-14,TOULON,OUI,6177,19:58,SUD EST,NICE VILLE,PAAZUR,FRNIC,18:15,FRTLN
980,2023-08-14,TOULON,OUI,6177,19:01,SUD EST,ST RAPHAEL VALESCURE,PAAZUR,FRXSK,18:15,FRTLN
981,2023-08-14,ST RAPHAEL VALESCURE,OUI,6177,19:26,SUD EST,CANNES,PAAZUR,FRJCA,19:04,FRXSK
982,2023-08-14,DOLE VILLE,OUI,6766,22:04,SUD EST,PARIS (intramuros),BOURPA,FRPLY,19:59,FRACE
983,2023-08-14,ANGERS ST LAUD,NON,8973,11:54,ATLANTIQUE,NANTES,PARISLOIRE,FRNTE,11:16,FRACL
984,2023-08-14,PARIS (intramuros),NON,8973,11:13,ATLANTIQUE,ANGERS ST LAUD,PARISLOIRE,FRACL,09:36,FRPMO
985,2023-08-14,CLERMONT FERRAND,OUI,5978,17:04,IC ARO,VICHY,CLERMONTPA,FRVHY,16:31,FRCFE
986,2023-08-14,RIOM CHATEL GUYON,OUI,5978,19:57,IC ARO,PARIS (intramuros),CLERMONTPA,FRPBE,16:42,FRRIO
987,2023-08-14,RIOM CHATEL GUYON,OUI,5978,17:04,IC ARO,VICHY,CLERMONTPA,FRVHY,16:42,FRRIO
988,2023-08-14,MOULINS SUR ALLIER,OUI,5978,17:58,IC ARO,NEVERS,CLERMONTPA,FRNVS,17:31,FRXMU
989,2023-08-14,ANGERS ST LAUD,OUI,8911,09:47,ATLANTIQUE,PORNICHET,PARISLOIRE,FREGR,08:17,FRACL
990,2023-08-14,ANGERS ST LAUD,OUI,8911,09:34,ATLANTIQUE,ST NAZAIRE,PARISLOIRE,FRSNR,08:17,FRACL
991,2023-08-14,MASSY TGV,OUI,8911,10:09,ATLANTIQUE,LE CROISIC,PARISLOIRE,FREGU,06:40,FRDJU
992,2023-08-14,MASSY TGV,OUI,8911,09:53,ATLANTIQUE,LA BAULE ESCOUBLAC,PARISLOIRE,FRJEE,06:40,FRDJU
993,2023-08-14,PORNICHET,OUI,8911,10:00,ATLANTIQUE,LE POULIGUEN,PARISLOIRE,FREGS,09:49,FREGR
994,2023-08-14,LE POULIGUEN,OUI,8911,10:09,ATLANTIQUE,LE CROISIC,PARISLOIRE,FREGU,10:03,FREGS
995,2023-08-14,LA BAULE ESCOUBLAC,OUI,8911,10:00,ATLANTIQUE,LE POULIGUEN,PARISLOIRE,FREGS,09:57,FRJEE
996,2023-08-14,LA BAULE ESCOUBLAC,OUI,8911,10:09,ATLANTIQUE,LE CROISIC,PARISLOIRE,FREGU,09:57,FRJEE
997,2023-08-14,NANTES,OUI,8911,09:47,ATLANTIQUE,PORNICHET,PARISLOIRE,FREGR,09:00,FRNTE
998,2023-08-14,NANTES,OUI,8911,09:53,ATLANTIQUE,LA BAULE ESCOUBLAC,PARISLOIRE,FRJEE,09:00,FRNTE
999,2023-08-14,PARIS (intramuros),OUI,8911,09:34,ATLANTIQUE,ST NAZAIRE,PARISLOIRE,FRSNR,06:28,FRPMO
1000,2023-08-14,LYON (intramuros),OUI,5182,21:57,NORD,LILLE (intramuros),JCSUDNORD,FRLLE,19:00,FRLPD
1001,2023-08-14,MARNE LA VALLEE CHESSY,OUI,5182,21:01,NORD,AEROPORT CDG2 TGV ROISSY,JCSUDNORD,FRMLW,20:51,FRMLV
1002,2023-08-14,NIMES PONT DU GARD,OUI,5182,18:05,NORD,VALENCE TGV RHONE-ALPES SUD,JCSUDNORD,FRVLA,17:27,FRXZP
1003,2023-08-14,LYON (intramuros),OUI,6628,18:46,SUD EST,LE CREUSOT MONTCEAU MONTCHANIN,RHONEPARIS,FRXCC,17:50,FRLPE
1004,2023-08-14,LE CREUSOT MONTCEAU MONTCHANIN,OUI,6628,20:08,SUD EST,PARIS (intramuros),RHONEPARIS,FRPLY,18:49,FRXCC
1005,2023-08-14,PARIS (intramuros),OUI,2747,18:14,EST,REIMS,PABARSED,FRRHE,17:28,FRPST
1006,2023-08-14,DIJON VILLE,NON,2239,20:41,EST,TOULON,JCRHINRHON,FRTLN,16:20,FRABA
1007,2023-08-14,COLMAR,NON,2239,16:04,EST,DIJON VILLE,JCRHINRHON,FRABA,14:05,FRAEJ
1008,2023-08-14,MULHOUSE VILLE,OUI,2239,15:02,EST,BELFORT-MONTBELIARD TGV,JCRHINRHON,FRTJA,14:40,FRAEK
1009,2023-08-14,MULHOUSE VILLE,NON,2239,22:11,EST,ANTIBES,JCRHINRHON,FRXAT,14:40,FRAEK
1010,2023-08-14,AVIGNON TGV,NON,2239,19:31,EST,AIX EN PROVENCE TGV,JCRHINRHON,FRAIE,19:12,FRAVG
1011,2023-08-14,AVIGNON TGV,NON,2239,21:59,EST,CANNES,JCRHINRHON,FRJCA,19:12,FRAVG
1012,2023-08-14,AVIGNON TGV,NON,2239,19:45,EST,MARSEILLE ST CHARLES,JCRHINRHON,FRMSC,19:12,FRAVG
1013,2023-08-14,LYON (intramuros),NON,2239,19:31,EST,AIX EN PROVENCE TGV,JCRHINRHON,FRAIE,18:04,FRLPD
1014,2023-08-14,MARSEILLE ST CHARLES,NON,2239,22:30,EST,NICE VILLE,JCRHINRHON,FRNIC,19:57,FRMSC
1015,2023-08-14,MARSEILLE ST CHARLES,NON,2239,20:41,EST,TOULON,JCRHINRHON,FRTLN,19:57,FRMSC
1016,2023-08-14,MARSEILLE ST CHARLES,NON,2239,21:34,EST,ST RAPHAEL VALESCURE,JCRHINRHON,FRXSK,19:57,FRMSC
1017,2023-08-14,BESANCON - F COMTE TGV,NON,2239,16:04,EST,DIJON VILLE,JCRHINRHON,FRABA,15:36,FRTJB
1018,2023-08-14,BESANCON - F COMTE TGV,NON,2239,19:10,EST,AVIGNON TGV,JCRHINRHON,FRAVG,15:36,FRTJB
1019,2023-08-14,TOULON,OUI,2239,22:30,EST,NICE VILLE,JCRHINRHON,FRNIC,20:45,FRTLN
1020,2023-08-14,ANTIBES,OUI,2239,22:30,EST,NICE VILLE,JCRHINRHON,FRNIC,22:14,FRXAT
1021,2023-08-14,BEAUNE,NON,2239,19:10,EST,AVIGNON TGV,JCRHINRHON,FRAVG,16:42,FRXBV
1022,2023-08-14,BEAUNE,NON,2239,17:56,EST,LYON (intramuros),JCRHINRHON,FRLPD,16:42,FRXBV
1023,2023-08-14,BEAUNE,NON,2239,19:45,EST,MARSEILLE ST CHARLES,JCRHINRHON,FRMSC,16:42,FRXBV
1024,2023-08-14,LES ARCS DRAGUIGNAN,OUI,2239,22:30,EST,NICE VILLE,JCRHINRHON,FRNIC,21:20,FRXRS
1025,2023-08-14,ST RAPHAEL VALESCURE,OUI,2239,21:59,EST,CANNES,JCRHINRHON,FRJCA,21:37,FRXSK
1026,2023-08-14,BELFORT-MONTBELIARD TGV,NON,2239,22:11,EST,ANTIBES,JCRHINRHON,FRXAT,15:06,FRTJA
1027,2023-08-14,COLMAR,NON,2239,16:39,EST,BEAUNE,JCRHINRHON,FRXBV,14:05,FRAEJ
1028,2023-08-14,MASSY TGV,NON,5382,15:40,SUD EST,RENNES,JCSUDATL,FRRNS,13:56,FRDJU
1029,2023-08-14,LYON (intramuros),NON,5382,14:50,SUD EST,LE MANS,JCSUDATL,FRAET,11:50,FRLPD
1030,2023-08-14,LYON (intramuros),NON,5382,13:51,SUD EST,MASSY TGV,JCSUDATL,FRDJU,11:36,FRLPE
1031,2023-08-14,DAX,NON,8531,11:16,ATLANTIQUE,BIARRITZ,PASUDOUEST,FRBIQ,10:37,FRACG
1032,2023-08-14,BAYONNE,OUI,8531,11:16,ATLANTIQUE,BIARRITZ,PASUDOUEST,FRBIQ,11:08,FRXBY
1033,2023-08-14,AIX EN PROVENCE TGV,OUI,9854,07:09,NORD,AVIGNON TGV,JCSUDNORD,FRAVG,06:49,FRAIE
1034,2023-08-14,AVIGNON TGV,NON,9854,12:11,NORD,BRUXELLES MIDI BRUSSEL ZUID,JCSUDNORD,BEBMI,07:12,FRAVG
1035,2023-08-14,AVIGNON TGV,OUI,9854,08:20,NORD,LYON (intramuros),JCSUDNORD,FRLPD,07:12,FRAVG
1036,2023-08-14,AVIGNON TGV,NON,9854,10:19,NORD,MARNE LA VALLEE CHESSY,JCSUDNORD,FRMLV,07:12,FRAVG
1037,2023-08-14,LYON (intramuros),NON,9854,12:11,NORD,BRUXELLES MIDI BRUSSEL ZUID,JCSUDNORD,BEBMI,08:34,FRLPD
1038,2023-08-14,AEROPORT CDG2 TGV ROISSY,NON,9854,12:11,NORD,BRUXELLES MIDI BRUSSEL ZUID,JCSUDNORD,BEBMI,10:38,FRMLW
1039,2023-08-14,KARLSRUHE HBF,NON,9579,21:04,INTERNATIONAL,STUTTGART HBF,PASTUTMUN,DESGT,20:28,DEQKA
1040,2023-08-14,PARIS (intramuros),NON,9579,20:25,INTERNATIONAL,KARLSRUHE HBF,PASTUTMUN,DEQKA,17:55,FRPST
1041,2023-08-14,BEZIERS,NON,6036,18:18,SUD EST,NIMES,LANGPA,FRFNI,16:58,FRBZR
1042,2023-08-14,BEZIERS,NON,6036,21:18,SUD EST,PARIS (intramuros),LANGPA,FRPLY,16:58,FRBZR
1043,2023-08-14,MONTPELLIER SAINT-ROCH,NON,6036,18:18,SUD EST,NIMES,LANGPA,FRFNI,17:51,FRMPL
1044,2023-08-14,MONTPELLIER SAINT-ROCH,NON,6036,19:03,SUD EST,VALENCE TGV RHONE-ALPES SUD,LANGPA,FRVLA,17:51,FRMPL
1045,2023-08-14,PERPIGNAN,NON,6036,18:18,SUD EST,NIMES,LANGPA,FRFNI,16:05,FRPGF
1046,2023-08-14,PERPIGNAN,OUI,6036,17:08,SUD EST,AGDE,LANGPA,FRXAG,16:05,FRPGF
1047,2023-08-14,NARBONNE,OUI,6036,16:55,SUD EST,BEZIERS,LANGPA,FRBZR,16:42,FRXNA
1048,2023-08-14,SETE,NON,6036,18:18,SUD EST,NIMES,LANGPA,FRFNI,17:27,FRXSY
1049,2023-08-14,SETE,NON,6036,21:18,SUD EST,PARIS (intramuros),LANGPA,FRPLY,17:27,FRXSY
1050,2023-08-14,LES AUBRAIS ORLEANS,NON,3737,09:09,IC NUIT,LEUCATE LA FRANQUI,PARPALOMBE,FRILQ,22:24,FRLAB
1051,2023-08-14,LES AUBRAIS ORLEANS,NON,3737,09:46,IC NUIT,ELNE,PARPALOMBE,FRIOG,22:24,FRLAB
1052,2023-08-14,LES AUBRAIS ORLEANS,NON,3737,10:05,IC NUIT,PORT VENDRES VILLE,PARPALOMBE,FRXPV,22:24,FRLAB
1053,2023-08-14,PARIS (intramuros),NON,3737,06:57,IC NUIT,CASTELNAUDARY,PARPALOMBE,FRCTY,20:41,FRPAZ
1054,2023-08-14,PARIS (intramuros),NON,3737,09:26,IC NUIT,RIVESALTES,PARPALOMBE,FRIOF,20:41,FRPAZ
1055,2023-08-14,PARIS (intramuros),NON,3737,09:46,IC NUIT,ELNE,PARPALOMBE,FRIOG,20:41,FRPAZ
1056,2023-08-14,PARIS (intramuros),NON,3737,10:20,IC NUIT,CERBERE,PARPALOMBE,FRXCE,20:41,FRPAZ
1057,2023-08-14,PARIS (intramuros),NON,3737,10:05,IC NUIT,PORT VENDRES VILLE,PARPALOMBE,FRXPV,20:41,FRPAZ
1058,2023-08-14,LES AUBRAIS ORLEANS,NON,3751,05:01,IC NUIT,CAHORS,PAVERMEIL,FRZAO,23:32,FRLAB
1059,2023-08-14,PARIS (intramuros),NON,3751,06:19,IC NUIT,MONTAUBAN VILLE BOURBON,PAVERMEIL,FRXMW,22:12,FRPAZ
1060,2023-08-14,PARIS (intramuros),NON,3751,05:01,IC NUIT,CAHORS,PAVERMEIL,FRZAO,22:12,FRPAZ
1061,2023-08-14,PARIS (intramuros),NON,8691,12:37,ATLANTIQUE,GUINGAMP,PARISBRETA,FRGGP,09:54,FRPMO
1062,2023-08-14,PARIS (intramuros),NON,8691,12:20,ATLANTIQUE,ST BRIEUC,PARISBRETA,FRSBK,09:54,FRPMO
1063,2023-08-14,ST BRIEUC,OUI,8691,12:37,ATLANTIQUE,GUINGAMP,PARISBRETA,FRGGP,12:23,FRSBK
1064,2023-08-14,NANTES,OUI,5300,05:30,SUD EST,ANGERS ST LAUD,JCATLSUD,FRACL,04:53,FRNTE
1065,2023-08-14,NANTES,NON,5300,10:17,SUD EST,VALENCE TGV RHONE-ALPES SUD,JCATLSUD,FRVLA,04:53,FRNTE
1066,2023-08-14,BRIVE LA GAILLARDE,OUI,3614,05:23,IC ARO,UZERCHE,TOULOUZECO,FRAAW,04:58,FRBVE
1067,2023-08-14,BRIVE LA GAILLARDE,NON,3614,09:19,IC ARO,PARIS (intramuros),TOULOUZECO,FRPAZ,04:58,FRBVE
1068,2023-08-14,GRAMAT,NON,3754,06:50,IC NUIT,PARIS (intramuros),OCCITANPAR,FRPAZ,00:27,FRFSB
1069,2023-08-14,ASSIER,NON,3754,05:43,IC NUIT,LES AUBRAIS ORLEANS,OCCITANPAR,FRLAB,00:13,FRFSD
1070,2023-08-14,ANGERS ST LAUD,NON,5482,10:20,EST,MASSY TGV,JCATLEST,FRDJU,08:43,FRACL
1071,2023-08-14,LE MANS,NON,5482,11:52,EST,CHAMPAGNE-ARDENNE,JCATLEST,FREAH,09:30,FRAET
1072,2023-08-14,AEROPORT CDG2 TGV ROISSY,OUI,5482,12:32,EST,LORRAINE TGV,JCATLEST,FREAM,11:22,FRMLW
1073,2023-08-14,NANTES,OUI,5482,08:40,EST,ANGERS ST LAUD,JCATLEST,FRACL,08:03,FRNTE
1074,2023-08-14,CLERMONT FERRAND,OUI,5962,08:40,IC ARO,RIOM CHATEL GUYON,CLERMONTPA,FRRIO,08:31,FRCFE
1075,2023-08-14,RIOM CHATEL GUYON,NON,5962,11:57,IC ARO,PARIS (intramuros),CLERMONTPA,FRPBE,08:42,FRRIO
1076,2023-08-14,RIOM CHATEL GUYON,OUI,5962,09:04,IC ARO,VICHY,CLERMONTPA,FRVHY,08:42,FRRIO
1077,2023-08-14,RIOM CHATEL GUYON,NON,5962,09:29,IC ARO,MOULINS SUR ALLIER,CLERMONTPA,FRXMU,08:42,FRRIO
1078,2023-08-14,VICHY,NON,5962,09:29,IC ARO,MOULINS SUR ALLIER,CLERMONTPA,FRXMU,09:06,FRVHY
1079,2023-08-14,MOULINS SUR ALLIER,NON,5962,09:58,IC ARO,NEVERS,CLERMONTPA,FRNVS,09:31,FRXMU
1080,2023-08-14,LAVAL,OUI,9884,07:20,NORD,LE MANS,JCBRETNORD,FRAET,06:52,FRACR
1081,2023-08-14,LE MANS,NON,9884,10:17,NORD,LILLE (intramuros),JCBRETNORD,FRLLE,07:30,FRAET
1082,2023-08-14,MASSY TGV,NON,9884,10:17,NORD,LILLE (intramuros),JCBRETNORD,FRLLE,08:26,FRDJU
1083,2023-08-14,MARNE LA VALLEE CHESSY,NON,9884,09:45,NORD,TGV HAUTE PICARDIE,JCBRETNORD,FRTHP,09:01,FRMLV
1084,2023-08-14,RENNES,NON,9884,08:20,NORD,MASSY TGV,JCBRETNORD,FRDJU,06:23,FRRNS
1085,2023-08-14,RENNES,NON,9884,10:17,NORD,LILLE (intramuros),JCBRETNORD,FRLLE,06:23,FRRNS
1086,2023-08-14,RENNES,NON,9884,09:45,NORD,TGV HAUTE PICARDIE,JCBRETNORD,FRTHP,06:23,FRRNS
1087,2023-08-14,LIMOGES BENEDICTINS,OUI,3655,21:04,IC ARO,BRIVE LA GAILLARDE,PALITO,FRBVE,19:55,FRAGQ
1088,2023-08-14,ISSOUDUN,OUI,3655,21:04,IC ARO,BRIVE LA GAILLARDE,PALITO,FRBVE,18:28,FRFMN
1089,2023-08-14,PARIS (intramuros),OUI,3655,20:35,IC ARO,UZERCHE,PALITO,FRAAW,16:41,FRPAZ
1090,2023-08-14,PARIS (intramuros),OUI,3655,21:04,IC ARO,BRIVE LA GAILLARDE,PALITO,FRBVE,16:41,FRPAZ
1091,2023-08-14,PARIS (intramuros),OUI,3655,18:42,IC ARO,CHATEAUROUX,PALITO,FRCHR,16:41,FRPAZ
1092,2023-08-14,ST ETIENNE CHATEAUCREUX,OUI,6690,09:06,SUD EST,PARIS (intramuros),RHONEPARIS,FRPLY,06:14,FRHHD
1093,2023-08-14,LE CROISIC,OUI,8912,08:59,ATLANTIQUE,NANTES,LOIREPARIS,FRNTE,07:55,FREGU
1094,2023-08-14,LE CROISIC,NON,8912,11:25,ATLANTIQUE,PARIS (intramuros),LOIREPARIS,FRPMO,07:55,FREGU
1095,2023-08-14,LE CROISIC,OUI,8912,08:21,ATLANTIQUE,ST NAZAIRE,LOIREPARIS,FRSNR,07:55,FREGU
1096,2023-08-14,LA BAULE ESCOUBLAC,NON,8912,10:23,ATLANTIQUE,LE MANS,LOIREPARIS,FRAET,08:07,FRJEE
1097,2023-08-14,NANTES,NON,8912,11:25,ATLANTIQUE,PARIS (intramuros),LOIREPARIS,FRPMO,09:05,FRNTE
1098,2023-08-14,ST NAZAIRE,OUI,8912,08:59,ATLANTIQUE,NANTES,LOIREPARIS,FRNTE,08:24,FRSNR
1099,2023-08-14,PARIS (intramuros),NON,9223,21:26,INTERNATIONAL,BASEL SBB,PABALZUR,CHAJP,18:22,FRPLY
1100,2023-08-14,BORDEAUX ST JEAN,NON,12264,14:19,ATLANTIQUE,PARIS (intramuros),SUDOUESTPA,FRPMO,12:12,FRBOJ
1101,2023-08-14,EPINAL,OUI,2580,18:46,EST,PARIS (intramuros),NANCYPA,FRPST,16:23,FREPL
1102,2023-08-14,PARIS (intramuros),NON,6917,14:03,SUD EST,LYON-SAINT EXUPERY TGV,PAGRENOBLE,FRJDQ,12:14,FRPLY
1103,2023-08-14,LE MANS,NON,8913,12:50,ATLANTIQUE,LA BAULE ESCOUBLAC,PARISLOIRE,FRJEE,10:36,FRAET
1104,2023-08-14,LE MANS,NON,8913,12:33,ATLANTIQUE,ST NAZAIRE,PARISLOIRE,FRSNR,10:36,FRAET
1105,2023-08-14,PARIS (intramuros),NON,8913,11:54,ATLANTIQUE,NANTES,PARISLOIRE,FRNTE,09:36,FRPMO
1106,2023-08-14,BEZIERS,NON,6258,18:12,SUD EST,PARIS (intramuros),LANGPA,FRPLY,13:58,FRBZR
1107,2023-08-14,NARBONNE,NON,6258,14:25,SUD EST,SETE,LANGPA,FRXSY,13:42,FRXNA
1108,2023-08-14,NARBONNE,NON,6258,14:43,SUD EST,MONTPELLIER SUD DE FRANCE,LANGPA,FRSUF,13:42,FRXNA
1109,2023-08-14,AGDE,NON,6258,14:43,SUD EST,MONTPELLIER SUD DE FRANCE,LANGPA,FRSUF,14:12,FRXAG
1110,2023-08-14,BOULOGNE VILLE,OUI,7534,19:09,NORD,PARIS (intramuros),ARRASPA,FRPNO,16:41,FRAEB
1111,2023-08-14,ETAPLES LE TOUQUET,OUI,7534,19:09,NORD,PARIS (intramuros),ARRASPA,FRPNO,16:22,FRETA
1112,2023-08-14,STRASBOURG,OUI,9894,18:01,NORD,MEUSE TGV,JCESTNORD,FREAJ,17:01,FRAEG
1113,2023-08-14,STRASBOURG,OUI,9894,17:39,NORD,LORRAINE TGV,JCESTNORD,FREAM,17:01,FRAEG
1114,2023-08-14,LORRAINE TGV,OUI,9894,18:32,NORD,CHAMPAGNE-ARDENNE,JCESTNORD,FREAH,17:42,FREAM
1115,2023-08-14,LORRAINE TGV,OUI,9894,19:06,NORD,AEROPORT CDG2 TGV ROISSY,JCESTNORD,FRMLW,17:42,FREAM
1116,2023-08-14,AEROPORT CDG2 TGV ROISSY,OUI,9894,21:01,NORD,BRUXELLES MIDI BRUSSEL ZUID,JCESTNORD,BEBMI,19:12,FRMLW
1117,2023-08-14,STRASBOURG,OUI,9894,19:38,NORD,TGV HAUTE PICARDIE,JCESTNORD,FRTHP,17:01,FRAEG
1118,2023-08-14,CHAMPAGNE-ARDENNE,OUI,9894,19:38,NORD,TGV HAUTE PICARDIE,JCESTNORD,FRTHP,18:35,FREAH
1119,2023-08-14,LORRAINE TGV,OUI,9894,19:38,NORD,TGV HAUTE PICARDIE,JCESTNORD,FRTHP,17:42,FREAM
1120,2023-08-14,VENDOME VILLIERS SUR LOIR,OUI,8321,20:35,ATLANTIQUE,ST PIERRE DES CORPS,PAROCHELLE,FRXSH,20:16,FRESL
1121,2023-08-14,FRANKFURT MAIN HBF,NON,9580,16:02,INTERNATIONAL,STRASBOURG,FRANCMRS,FRAEG,13:56,DEFRH
1122,2023-08-14,FRANKFURT MAIN HBF,NON,9580,17:05,INTERNATIONAL,MULHOUSE VILLE,FRANCMRS,FRAEK,13:56,DEFRH
1123,2023-08-14,FRANKFURT MAIN HBF,NON,9580,21:48,INTERNATIONAL,MARSEILLE ST CHARLES,FRANCMRS,FRMSC,13:56,DEFRH
1124,2023-08-14,MANNHEIM HBF,NON,9580,15:05,INTERNATIONAL,KARLSRUHE HBF,FRANCMRS,DEQKA,14:39,DEMHG
1125,2023-08-14,MANNHEIM HBF,NON,9580,21:48,INTERNATIONAL,MARSEILLE ST CHARLES,FRANCMRS,FRMSC,14:39,DEMHG
1126,2023-08-14,MANNHEIM HBF,NON,9580,17:55,INTERNATIONAL,BESANCON - F COMTE TGV,FRANCMRS,FRTJB,14:39,DEMHG
1127,2023-08-14,KARLSRUHE HBF,NON,9580,17:05,INTERNATIONAL,MULHOUSE VILLE,FRANCMRS,FRAEK,15:12,DEQKA
1128,2023-08-14,KARLSRUHE HBF,NON,9580,21:12,INTERNATIONAL,AVIGNON TGV,FRANCMRS,FRAVG,15:12,DEQKA
1129,2023-08-14,KARLSRUHE HBF,NON,9580,18:53,INTERNATIONAL,CHALON SUR SAONE,FRANCMRS,FRXCD,15:12,DEQKA
1130,2023-08-14,BADEN BADEN,NON,9580,21:12,INTERNATIONAL,AVIGNON TGV,FRANCMRS,FRAVG,15:35,DEZCC
1131,2023-08-14,BADEN BADEN,NON,9580,18:53,INTERNATIONAL,CHALON SUR SAONE,FRANCMRS,FRXCD,15:35,DEZCC
1132,2023-08-14,MULHOUSE VILLE,NON,9580,21:34,INTERNATIONAL,AIX EN PROVENCE TGV,FRANCMRS,FRAIE,17:09,FRAEK
1133,2023-08-14,MULHOUSE VILLE,NON,9580,18:53,INTERNATIONAL,CHALON SUR SAONE,FRANCMRS,FRXCD,17:09,FRAEK
1134,2023-08-14,LYON (intramuros),NON,9580,21:34,INTERNATIONAL,AIX EN PROVENCE TGV,FRANCMRS,FRAIE,20:06,FRLPD
1135,2023-08-14,LYON (intramuros),NON,9580,21:12,INTERNATIONAL,AVIGNON TGV,FRANCMRS,FRAVG,20:06,FRLPD
1136,2023-08-14,BELFORT-MONTBELIARD TGV,NON,9580,18:53,INTERNATIONAL,CHALON SUR SAONE,FRANCMRS,FRXCD,17:34,FRTJA
1137,2023-08-14,BESANCON - F COMTE TGV,NON,9580,21:48,INTERNATIONAL,MARSEILLE ST CHARLES,FRANCMRS,FRMSC,17:58,FRTJB
1138,2023-08-14,CHALON SUR SAONE,NON,9580,21:34,INTERNATIONAL,AIX EN PROVENCE TGV,FRANCMRS,FRAIE,18:56,FRXCD
1139,2023-08-14,AVIGNON TGV,NON,6129,22:56,SUD EST,MARSEILLE ST CHARLES,PAPROVENCE,FRMSC,22:20,FRAVG
1140,2023-08-14,AGEN,NON,4665,21:20,IC ARO,NIMES,TJOURSOSE,FRFNI,17:32,FRAGF
1141,2023-08-14,AGEN,NON,4665,22:31,IC ARO,MARSEILLE ST CHARLES,TJOURSOSE,FRMSC,17:32,FRAGF
1142,2023-08-14,BEZIERS,NON,4665,21:20,IC ARO,NIMES,TJOURSOSE,FRFNI,20:17,FRBZR
1143,2023-08-14,BEZIERS,NON,4665,22:31,IC ARO,MARSEILLE ST CHARLES,TJOURSOSE,FRMSC,20:17,FRBZR
1144,2023-08-14,CARCASSONNE,NON,4665,21:20,IC ARO,NIMES,TJOURSOSE,FRFNI,19:29,FRCCF
1145,2023-08-14,CARCASSONNE,NON,4665,20:52,IC ARO,MONTPELLIER SAINT-ROCH,TJOURSOSE,FRMPL,19:29,FRCCF
1146,2023-08-14,NARBONNE,NON,4665,21:20,IC ARO,NIMES,TJOURSOSE,FRFNI,20:01,FRXNA
1147,2023-08-14,TOULOUSE MATABIAU,NON,4665,20:52,IC ARO,MONTPELLIER SAINT-ROCH,TJOURSOSE,FRMPL,18:45,FRXYT
1148,2023-08-14,TOULOUSE MATABIAU,NON,4665,22:31,IC ARO,MARSEILLE ST CHARLES,TJOURSOSE,FRMSC,18:45,FRXYT
1149,2023-08-14,SURGERES,OUI,8367,20:37,ATLANTIQUE,LA ROCHELLE VILLE,PAROCHELLE,FRLRH,20:15,FREIP
1150,2023-08-14,VENDOME VILLIERS SUR LOIR,OUI,8367,18:35,ATLANTIQUE,ST PIERRE DES CORPS,PAROCHELLE,FRXSH,18:15,FRESL
1151,2023-08-14,PARIS (intramuros),OUI,8367,18:35,ATLANTIQUE,ST PIERRE DES CORPS,PAROCHELLE,FRXSH,17:28,FRPMO
1152,2023-08-14,PAU,NON,14142,13:30,IC SRO,MONTREJEAU GOURDAN POLIGNAN,SUDOUEST,FRMTJ,12:12,FRAEE
1153,2023-08-14,HENDAYE,NON,14142,11:46,IC SRO,ORTHEZ,SUDOUEST,FRGFI,10:19,FRAEF
1154,2023-08-14,HENDAYE,NON,14142,12:53,IC SRO,TARBES,SUDOUEST,FRXTB,10:19,FRAEF
1155,2023-08-14,BIARRITZ,NON,14142,12:37,IC SRO,LOURDES,SUDOUEST,FRLDE,10:40,FRBIQ
1156,2023-08-14,LOURDES,NON,14142,13:30,IC SRO,MONTREJEAU GOURDAN POLIGNAN,SUDOUEST,FRMTJ,12:40,FRLDE
1157,2023-08-14,LOURDES,NON,14142,12:53,IC SRO,TARBES,SUDOUEST,FRXTB,12:40,FRLDE
1158,2023-08-14,BAYONNE,NON,14142,13:30,IC SRO,MONTREJEAU GOURDAN POLIGNAN,SUDOUEST,FRMTJ,11:02,FRXBY
1159,2023-08-14,ST JEAN DE LUZ CIBOURE,NON,14142,12:09,IC SRO,PAU,SUDOUEST,FRAEE,10:30,FRXJZ
1160,2023-08-14,TARBES,NON,14142,14:27,IC SRO,TOULOUSE MATABIAU,SUDOUEST,FRXYT,12:56,FRXTB
1161,2023-08-14,ST JEAN DE LUZ CIBOURE,NON,14142,13:30,IC SRO,MONTREJEAU GOURDAN POLIGNAN,SUDOUEST,FRMTJ,10:30,FRXJZ
1162,2023-08-14,PARIS (intramuros),OUI,2833,19:52,EST,LUXEMBOURG,PAMETZLUX,LULUX,17:40,FRPST
1163,2023-08-14,PARIS (intramuros),NON,7577,19:13,NORD,BOULOGNE VILLE,PAARRAS,FRAEB,16:52,FRPNO
1164,2023-08-14,PARIS (intramuros),NON,7577,18:06,NORD,LILLE (intramuros),PAARRAS,FRLLE,16:52,FRPNO
1165,2023-08-14,PARIS (intramuros),NON,7577,17:40,NORD,ARRAS,PAARRAS,FRQRV,16:52,FRPNO
1166,2023-08-14,PARIS (intramuros),NON,7577,18:42,NORD,CALAIS FRETHUN,PAARRAS,FRSTH,16:52,FRPNO
1167,2023-08-14,COLMAR,OUI,2204,20:13,EST,STRASBOURG,JCRHONRHIN,FRAEG,19:44,FRAEJ
1168,2023-08-14,NIMES,NON,2204,19:41,EST,COLMAR,JCRHONRHIN,FRAEJ,14:25,FRFNI
1169,2023-08-14,NIMES,NON,2204,16:39,EST,MACON VILLE,JCRHONRHIN,FRHGU,14:25,FRFNI
1170,2023-08-14,MACON VILLE,NON,2204,19:41,EST,COLMAR,JCRHONRHIN,FRAEJ,16:41,FRHGU
1171,2023-08-14,LYON (intramuros),NON,2204,19:09,EST,MULHOUSE VILLE,JCRHONRHIN,FRAEK,16:04,FRLPD
1172,2023-08-14,MONTPELLIER SAINT-ROCH,NON,2204,19:09,EST,MULHOUSE VILLE,JCRHONRHIN,FRAEK,13:57,FRMPL
1173,2023-08-14,BELFORT-MONTBELIARD TGV,OUI,2204,20:13,EST,STRASBOURG,JCRHONRHIN,FRAEG,18:47,FRTJA
1174,2023-08-14,BELFORT-MONTBELIARD TGV,OUI,2204,19:09,EST,MULHOUSE VILLE,JCRHONRHIN,FRAEK,18:47,FRTJA
1175,2023-08-14,BESANCON - F COMTE TGV,OUI,2204,19:41,EST,COLMAR,JCRHONRHIN,FRAEJ,18:22,FRTJB
1176,2023-08-14,VALENCE TGV RHONE-ALPES SUD,NON,2204,19:41,EST,COLMAR,JCRHONRHIN,FRAEJ,15:12,FRVLA
1177,2023-08-14,VALENCE TGV RHONE-ALPES SUD,NON,2204,19:09,EST,MULHOUSE VILLE,JCRHONRHIN,FRAEK,15:12,FRVLA
1178,2023-08-14,BEZIERS,NON,9706,19:10,SUD EST,AGDE,BARCELONEPA,FRXAG,18:59,FRBZR
1179,2023-08-14,PERPIGNAN,NON,9706,20:48,SUD EST,VALENCE TGV RHONE-ALPES SUD,BARCELONEPA,FRVLA,18:04,FRPGF
1180,2023-08-14,AGDE,NON,9706,19:27,SUD EST,SETE,BARCELONEPA,FRXSY,19:13,FRXAG
1181,2023-08-14,NARBONNE,NON,9706,19:27,SUD EST,SETE,BARCELONEPA,FRXSY,18:43,FRXNA
1182,2023-08-14,SETE,NON,9706,23:05,SUD EST,PARIS (intramuros),BARCELONEPA,FRPLY,19:30,FRXSY
1183,2023-08-14,SETE,NON,9706,19:45,SUD EST,MONTPELLIER SUD DE FRANCE,BARCELONEPA,FRSUF,19:30,FRXSY
1184,2023-08-14,BARCELONA SANTS,NON,9706,18:40,SUD EST,NARBONNE,BARCELONEPA,FRXNA,16:10,ESBST
1185,2023-08-14,GIRONA,NON,9706,20:48,SUD EST,VALENCE TGV RHONE-ALPES SUD,BARCELONEPA,FRVLA,16:51,ESGRO
1186,2023-08-14,BARCELONA SANTS,NON,9706,19:27,SUD EST,SETE,BARCELONEPA,FRXSY,16:10,ESBST
1187,2023-08-14,BARCELONA SANTS,NON,9706,19:45,SUD EST,MONTPELLIER SUD DE FRANCE,BARCELONEPA,FRSUF,16:10,ESBST
1188,2023-08-14,FIGUERES VILA TGV,NON,9706,20:09,SUD EST,NIMES PONT DU GARD,BARCELONEPA,FRXZP,17:08,ESFIR
1189,2023-08-14,GIRONA,NON,9706,19:27,SUD EST,SETE,BARCELONEPA,FRXSY,16:51,ESGRO
1190,2023-08-14,LYON (intramuros),OUI,5380,08:34,SUD EST,MASSY TGV,JCSUDATL,FRDJU,06:16,FRLPE
1191,2023-08-14,GRENOBLE,OUI,6902,06:50,SUD EST,LYON-SAINT EXUPERY TGV,GRENOBLEPA,FRJDQ,05:47,FRGNB
1192,2023-08-14,LYON-SAINT EXUPERY TGV,OUI,6902,08:46,SUD EST,PARIS (intramuros),GRENOBLEPA,FRPLY,06:55,FRJDQ
1193,2023-08-14,VALLORBE,NON,9270,18:24,INTERNATIONAL,DIJON VILLE,SUISPA,FRABA,17:00,CHAGL
1194,2023-08-14,LAUSANNE,NON,9270,17:57,INTERNATIONAL,DOLE VILLE,SUISPA,FRACE,16:23,CHAJF
1195,2023-08-14,AGEN,NON,4663,17:27,IC ARO,CARCASSONNE,TJOURSOSE,FRCCF,15:33,FRAGF
1196,2023-08-14,AGEN,NON,4663,19:22,IC ARO,NIMES,TJOURSOSE,FRFNI,15:33,FRAGF
1197,2023-08-14,AGEN,NON,4663,16:37,IC ARO,TOULOUSE MATABIAU,TJOURSOSE,FRXYT,15:33,FRAGF
1198,2023-08-14,BORDEAUX ST JEAN,NON,4663,17:27,IC ARO,CARCASSONNE,TJOURSOSE,FRCCF,14:28,FRBOJ
1199,2023-08-14,BEZIERS,NON,4663,18:54,IC ARO,MONTPELLIER SAINT-ROCH,TJOURSOSE,FRMPL,18:17,FRBZR
1200,2023-08-14,MONTAUBAN VILLE BOURBON,NON,4663,18:54,IC ARO,MONTPELLIER SAINT-ROCH,TJOURSOSE,FRMPL,16:11,FRXMW
1201,2023-08-14,PARIS (intramuros),NON,8117,11:33,ATLANTIQUE,LE MANS,PARISLOIRE,FRAET,10:36,FRPMO
1202,2023-08-14,DAX,OUI,8592,22:12,ATLANTIQUE,ORTHEZ,PASUDOUEST,FRGFI,21:46,FRACG
1203,2023-08-14,BORDEAUX ST JEAN,OUI,8592,21:36,ATLANTIQUE,DAX,PASUDOUEST,FRACG,20:20,FRBOJ
1204,2023-08-14,BORDEAUX ST JEAN,OUI,8592,23:03,ATLANTIQUE,LOURDES,PASUDOUEST,FRLDE,20:20,FRBOJ
1205,2023-08-14,PARIS (intramuros),NON,8592,20:14,ATLANTIQUE,BORDEAUX ST JEAN,PASUDOUEST,FRBOJ,18:07,FRPMO
1206,2023-08-14,ROSPORDEN,NON,8702,09:08,ATLANTIQUE,PARIS (intramuros),BRETAPARIS,FRPMO,05:23,FRRSP
1207,2023-08-14,ROSPORDEN,OUI,8702,07:25,ATLANTIQUE,RENNES,BRETAPARIS,FRRNS,05:23,FRRSP
1208,2023-08-14,ROSPORDEN,OUI,8702,06:07,ATLANTIQUE,AURAY,BRETAPARIS,FRXUY,05:23,FRRSP
1209,2023-08-14,QUIMPER,OUI,8702,05:36,ATLANTIQUE,QUIMPERLE,BRETAPARIS,FRECO,05:09,FRUIP
1210,2023-08-14,QUIMPER,OUI,8702,05:49,ATLANTIQUE,LORIENT,BRETAPARIS,FRLRT,05:09,FRUIP
1211,2023-08-14,QUIMPER,NON,8702,09:08,ATLANTIQUE,PARIS (intramuros),BRETAPARIS,FRPMO,05:09,FRUIP
1212,2023-08-14,VANNES,NON,8702,09:08,ATLANTIQUE,PARIS (intramuros),BRETAPARIS,FRPMO,06:23,FRVNE
1213,2023-08-14,VANNES,OUI,8702,06:48,ATLANTIQUE,REDON,BRETAPARIS,FRXRN,06:23,FRVNE
1214,2023-08-14,AURAY,NON,8702,09:08,ATLANTIQUE,PARIS (intramuros),BRETAPARIS,FRPMO,06:10,FRXUY
1215,2023-08-14,ANGERS ST LAUD,NON,8144,19:14,ATLANTIQUE,PARIS (intramuros),LOIREPARIS,FRPMO,17:48,FRACL
1216,2023-08-14,NEVERS,OUI,5979,21:17,IC ARO,RIOM CHATEL GUYON,PACLERMONT,FRRIO,19:59,FRNVS
1217,2023-08-14,NEVERS,OUI,5979,20:55,IC ARO,VICHY,PACLERMONT,FRVHY,19:59,FRNVS
1218,2023-08-14,BORDEAUX ST JEAN,NON,4657,13:50,IC ARO,ARLES,TJOURSOSE,FRHZA,08:28,FRBOJ
1219,2023-08-14,BORDEAUX ST JEAN,NON,4657,11:58,IC ARO,NARBONNE,TJOURSOSE,FRXNA,08:28,FRBOJ
1220,2023-08-14,CARCASSONNE,NON,4657,12:54,IC ARO,MONTPELLIER SAINT-ROCH,TJOURSOSE,FRMPL,11:29,FRCCF
1221,2023-08-14,MARMANDE,NON,4657,12:54,IC ARO,MONTPELLIER SAINT-ROCH,TJOURSOSE,FRMPL,09:06,FRXMR
1222,2023-08-14,MONTAUBAN VILLE BOURBON,NON,4657,11:27,IC ARO,CARCASSONNE,TJOURSOSE,FRCCF,10:10,FRXMW
1223,2023-08-14,MONTAUBAN VILLE BOURBON,NON,4657,13:50,IC ARO,ARLES,TJOURSOSE,FRHZA,10:10,FRXMW
1224,2023-08-14,NARBONNE,NON,4657,13:50,IC ARO,ARLES,TJOURSOSE,FRHZA,12:01,FRXNA
1225,2023-08-14,SETE,NON,4657,13:22,IC ARO,NIMES,TJOURSOSE,FRFNI,12:36,FRXSY
1226,2023-08-14,SETE,NON,4657,12:54,IC ARO,MONTPELLIER SAINT-ROCH,TJOURSOSE,FRMPL,12:36,FRXSY
1227,2023-08-14,TOULOUSE MATABIAU,NON,4657,11:58,IC ARO,NARBONNE,TJOURSOSE,FRXNA,10:45,FRXYT
1228,2023-08-14,LYON (intramuros),NON,6620,14:46,SUD EST,LE CREUSOT MONTCEAU MONTCHANIN,RHONEPARIS,FRXCC,13:50,FRLPE
1229,2023-08-14,ANGERS ST LAUD,OUI,8126,19:28,ATLANTIQUE,LE MANS,LOIREPARIS,FRAET,18:44,FRACL
1230,2023-08-14,ANGERS ST LAUD,OUI,8126,19:04,ATLANTIQUE,SABLE SUR SARTHE,LOIREPARIS,FRSAB,18:44,FRACL
1231,2023-08-14,NANTES,OUI,8126,19:04,ATLANTIQUE,SABLE SUR SARTHE,LOIREPARIS,FRSAB,18:05,FRNTE
1232,2023-08-14,METZ VILLE,OUI,9896,23:23,EST,THIONVILLE,JCRHONRHIN,FRXTH,23:07,FRADE
1233,2023-08-14,AIX EN PROVENCE TGV,NON,9896,23:02,EST,METZ VILLE,JCRHONRHIN,FRADE,16:11,FRAIE
1234,2023-08-14,AIX EN PROVENCE TGV,NON,9896,16:30,EST,AVIGNON TGV,JCRHONRHIN,FRAVG,16:11,FRAIE
1235,2023-08-14,AIX EN PROVENCE TGV,NON,9896,20:40,EST,BELFORT-MONTBELIARD TGV,JCRHONRHIN,FRTJA,16:11,FRAIE
1236,2023-08-14,AIX EN PROVENCE TGV,NON,9896,20:16,EST,BESANCON - F COMTE TGV,JCRHONRHIN,FRTJB,16:11,FRAIE
1237,2023-08-14,AIX EN PROVENCE TGV,NON,9896,23:49,EST,LUXEMBOURG,JCRHONRHIN,LULUX,16:11,FRAIE
1238,2023-08-14,AVIGNON TGV,NON,9896,19:39,EST,DIJON VILLE,JCRHONRHIN,FRABA,16:33,FRAVG
1239,2023-08-14,LYON (intramuros),NON,9896,22:07,EST,STRASBOURG,JCRHONRHIN,FRAEG,18:00,FRLPD
1240,2023-08-14,MARSEILLE ST CHARLES,NON,9896,19:39,EST,DIJON VILLE,JCRHONRHIN,FRABA,15:56,FRMSC
1241,2023-08-14,MARSEILLE ST CHARLES,NON,9896,21:09,EST,MULHOUSE VILLE,JCRHONRHIN,FRAEK,15:56,FRMSC
1242,2023-08-14,MARSEILLE ST CHARLES,NON,9896,17:51,EST,LYON (intramuros),JCRHONRHIN,FRLPD,15:56,FRMSC
1243,2023-08-14,MARSEILLE ST CHARLES,NON,9896,20:40,EST,BELFORT-MONTBELIARD TGV,JCRHONRHIN,FRTJA,15:56,FRMSC
1244,2023-08-14,MARSEILLE ST CHARLES,NON,9896,20:16,EST,BESANCON - F COMTE TGV,JCRHONRHIN,FRTJB,15:56,FRMSC
1245,2023-08-14,MARSEILLE ST CHARLES,NON,9896,17:08,EST,VALENCE TGV RHONE-ALPES SUD,JCRHONRHIN,FRVLA,15:56,FRMSC
1246,2023-08-14,BESANCON - F COMTE TGV,OUI,9896,22:07,EST,STRASBOURG,JCRHONRHIN,FRAEG,20:19,FRTJB
1247,2023-08-14,BESANCON - F COMTE TGV,OUI,9896,23:49,EST,LUXEMBOURG,JCRHONRHIN,LULUX,20:19,FRTJB
1248,2023-08-14,DAX,OUI,8535,13:57,ATLANTIQUE,HENDAYE,PASUDOUEST,FRAEF,12:41,FRACG
1249,2023-08-14,DAX,OUI,8535,13:13,ATLANTIQUE,BAYONNE,PASUDOUEST,FRXBY,12:41,FRACG
1250,2023-08-14,BIARRITZ,OUI,8535,13:41,ATLANTIQUE,ST JEAN DE LUZ CIBOURE,PASUDOUEST,FRXJZ,13:28,FRBIQ
1251,2023-08-14,PARIS (intramuros),OUI,8535,12:37,ATLANTIQUE,DAX,PASUDOUEST,FRACG,09:16,FRPMO
1252,2023-08-14,BAYONNE,OUI,8535,13:57,ATLANTIQUE,HENDAYE,PASUDOUEST,FRAEF,13:16,FRXBY
1253,2023-08-14,BEZIERS,NON,4764,18:01,IC ARO,NARBONNE,TJOURSESO,FRXNA,17:47,FRBZR
1254,2023-08-14,BEZIERS,NON,4764,19:17,IC ARO,TOULOUSE MATABIAU,TJOURSESO,FRXYT,17:47,FRBZR
1255,2023-08-14,CARCASSONNE,NON,4764,21:32,IC ARO,BORDEAUX ST JEAN,TJOURSESO,FRBOJ,18:34,FRCCF
1256,2023-08-14,MARMANDE,OUI,4764,21:32,IC ARO,BORDEAUX ST JEAN,TJOURSESO,FRBOJ,20:55,FRXMR
1257,2023-08-14,TOULOUSE MATABIAU,OUI,4764,21:32,IC ARO,BORDEAUX ST JEAN,TJOURSESO,FRBOJ,19:24,FRXYT
1258,2023-08-14,TOULOUSE MATABIAU,OUI,4764,20:53,IC ARO,MARMANDE,TJOURSESO,FRXMR,19:24,FRXYT
1259,2023-08-14,CANNES,OUI,6188,08:50,SUD EST,ST RAPHAEL VALESCURE,AZURPA,FRXSK,08:28,FRJCA
1260,2023-08-14,NICE VILLE,OUI,6188,08:50,SUD EST,ST RAPHAEL VALESCURE,AZURPA,FRXSK,07:57,FRNIC
1261,2023-08-14,ANTIBES,NON,6188,10:33,SUD EST,MARSEILLE ST CHARLES,AZURPA,FRMSC,08:14,FRXAT
1262,2023-08-14,ANTIBES,NON,6188,13:50,SUD EST,PARIS (intramuros),AZURPA,FRPLY,08:14,FRXAT
1263,2023-08-14,ANTIBES,OUI,6188,08:50,SUD EST,ST RAPHAEL VALESCURE,AZURPA,FRXSK,08:14,FRXAT
1264,2023-08-14,ST RAPHAEL VALESCURE,OUI,6188,09:44,SUD EST,TOULON,AZURPA,FRTLN,08:53,FRXSK
1265,2023-08-14,CHARLEVILLE MEZIERES,NON,2730,15:01,EST,PARIS (intramuros),SEDBARPA,FRPST,13:17,FRXCZ
1266,2023-08-14,NIMES,NON,4758,14:54,IC ARO,MARMANDE,TJOURSESO,FRXMR,10:38,FRFNI
1267,2023-08-14,MONTPELLIER SAINT-ROCH,NON,4758,12:32,IC ARO,CARCASSONNE,TJOURSESO,FRCCF,11:07,FRMPL
1268,2023-08-14,MONTPELLIER SAINT-ROCH,NON,4758,14:54,IC ARO,MARMANDE,TJOURSESO,FRXMR,11:07,FRMPL
1269,2023-08-14,MONTPELLIER SAINT-ROCH,NON,4758,12:01,IC ARO,NARBONNE,TJOURSESO,FRXNA,11:07,FRMPL
1270,2023-08-14,MARSEILLE ST CHARLES,NON,4758,12:32,IC ARO,CARCASSONNE,TJOURSESO,FRCCF,09:27,FRMSC
1271,2023-08-14,MARSEILLE ST CHARLES,NON,4758,12:01,IC ARO,NARBONNE,TJOURSESO,FRXNA,09:27,FRMSC
1272,2023-08-14,MONTAUBAN VILLE BOURBON,NON,4758,15:33,IC ARO,BORDEAUX ST JEAN,TJOURSESO,FRBOJ,13:52,FRXMW
1273,2023-08-14,AIX EN PROVENCE TGV,OUI,6128,17:34,SUD EST,AVIGNON TGV,PROVENCEPA,FRAVG,17:14,FRAIE
1274,2023-08-14,MARSEILLE ST CHARLES,NON,6128,20:22,SUD EST,PARIS (intramuros),PROVENCEPA,FRPLY,17:00,FRMSC
1275,2023-08-14,SURGERES,OUI,8361,16:20,ATLANTIQUE,LA ROCHELLE VILLE,PAROCHELLE,FRLRH,15:59,FREIP
1276,2023-08-14,NIORT,OUI,8361,15:56,ATLANTIQUE,SURGERES,PAROCHELLE,FREIP,15:38,FRNIT
1277,2023-08-14,NIORT,OUI,8361,16:20,ATLANTIQUE,LA ROCHELLE VILLE,PAROCHELLE,FRLRH,15:38,FRNIT
1278,2023-08-14,ANGOULEME,OUI,5260,07:16,NORD,POITIERS,JCAQUINORD,FRPIS,06:36,FRANG
1279,2023-08-14,BORDEAUX ST JEAN,NON,5260,10:40,NORD,LILLE (intramuros),JCAQUINORD,FRADJ,05:58,FRBOJ
1280,2023-08-14,LYON (intramuros),OUI,6608,07:58,SUD EST,LYON (intramuros),RHONEPARIS,FRLPD,07:50,FRLPE
1281,2023-08-14,MODANE,NON,9251,17:28,INTERNATIONAL,OULX CESANA CLAV SESTRIERE,PAITALIE,ITOCS,17:00,FRAGR
1282,2023-08-14,CHAMBERY CHALLES LES EAUX,NON,9251,18:15,INTERNATIONAL,TORINO PORTA SUSA,PAITALIE,ITTRS,15:44,FRCMF
1283,2023-08-14,MACON LOCHE TGV,NON,9251,19:49,INTERNATIONAL,MILANO P GARIBALDI,PAITALIE,ITMPG,14:20,FRMLT
1284,2023-08-14,PARIS (intramuros),NON,9251,15:36,INTERNATIONAL,CHAMBERY CHALLES LES EAUX,PAITALIE,FRCMF,12:46,FRPLY
1285,2023-08-14,ANGOULEME,NON,5444,18:37,EST,STRASBOURG,JCATLEST,FRAEG,13:36,FRANG
1286,2023-08-14,ANGOULEME,NON,5444,14:50,EST,ST PIERRE DES CORPS,JCATLEST,FRXSH,13:36,FRANG
1287,2023-08-14,MASSY TGV,NON,5444,16:27,EST,MARNE LA VALLEE CHESSY,JCATLEST,FRMLV,15:55,FRDJU
1288,2023-08-14,MEUSE TGV,NON,5444,18:37,EST,STRASBOURG,JCATLEST,FRAEG,17:34,FREAJ
1289,2023-08-14,MEUSE TGV,NON,5444,17:52,EST,LORRAINE TGV,JCATLEST,FREAM,17:34,FREAJ
1290,2023-08-14,MARNE LA VALLEE CHESSY,NON,5444,17:31,EST,MEUSE TGV,JCATLEST,FREAJ,16:37,FRMLV
1291,2023-08-14,PARIS (intramuros),OUI,8373,09:46,ATLANTIQUE,POITIERS,PAROCHELLE,FRPIS,08:24,FRPMO
1292,2023-08-14,ORTHEZ,NON,14141,13:00,IC SRO,BAYONNE,SUDOUEST,FRXBY,12:16,FRGFI
1293,2023-08-14,LOURDES,NON,14141,13:00,IC SRO,BAYONNE,SUDOUEST,FRXBY,11:26,FRLDE
1294,2023-08-14,TARBES,NON,14141,11:51,IC SRO,PAU,SUDOUEST,FRAEE,11:09,FRXTB
1295,2023-08-14,TARBES,NON,14141,11:23,IC SRO,LOURDES,SUDOUEST,FRLDE,11:09,FRXTB
1296,2023-08-14,TOULOUSE MATABIAU,NON,14141,11:06,IC SRO,TARBES,SUDOUEST,FRXTB,09:32,FRXYT
1297,2023-08-14,REIMS,OUI,2706,07:31,EST,PARIS (intramuros),SEDBARPA,FRPST,06:45,FRRHE
1298,2023-08-14,KAISERSLAUTERN HBF,NON,9552,15:02,INTERNATIONAL,SARREBRUCK/SAARBRUECKEN,FRANCPA,DESBK,14:24,DEKLT
1299,2023-08-14,MANNHEIM HBF,NON,9552,14:23,INTERNATIONAL,KAISERSLAUTERN HBF,FRANCPA,DEKLT,13:42,DEMHG
1300,2023-08-14,MANNHEIM HBF,NON,9552,16:54,INTERNATIONAL,PARIS (intramuros),FRANCPA,FRPST,13:42,DEMHG
1301,2023-08-14,BORDEAUX ST JEAN,NON,3858,19:53,IC SRO,ROCHEFORT,BORDONANTE,FRRCO,17:53,FRBOJ
1302,2023-08-14,BORDEAUX ST JEAN,NON,3858,19:23,IC SRO,SAINTES,BORDONANTE,FRXST,17:53,FRBOJ
1303,2023-08-14,JONZAC,NON,3858,22:05,IC SRO,NANTES,BORDONANTE,FRNTE,18:41,FREMR
1304,2023-08-14,JONZAC,NON,3858,21:22,IC SRO,LA ROCHE SUR YON,BORDONANTE,FRXRO,18:41,FREMR
1305,2023-08-14,LA ROCHE SUR YON,NON,3858,22:05,IC SRO,NANTES,BORDONANTE,FRNTE,21:24,FRXRO
1306,2023-08-14,SAINTES,NON,3858,20:58,IC SRO,LUCON,BORDONANTE,FRLCN,19:25,FRXST
1307,2023-08-14,NIMES,OUI,6039,20:14,SUD EST,MONTPELLIER SAINT-ROCH,PALANG,FRMPL,19:48,FRFNI
1308,2023-08-14,PARIS (intramuros),NON,6039,20:14,SUD EST,MONTPELLIER SAINT-ROCH,PALANG,FRMPL,16:42,FRPLY
1309,2023-08-14,PARIS (intramuros),OUI,5771,08:55,IC NUIT,CANNES,PARAZUR,FRJCA,20:51,FRPAZ
1310,2023-08-14,PARIS (intramuros),OUI,5771,06:56,IC NUIT,MARSEILLE BLANCARDE,PARAZUR,FRMBC,20:51,FRPAZ
1311,2023-08-14,ANGERS ST LAUD,NON,4404,14:56,IC SRO,BOURGES,JOURNTELYN,FRBOU,12:33,FRACL
1312,2023-08-14,ANGERS ST LAUD,NON,4404,18:39,IC SRO,LYON (intramuros),JOURNTELYN,FRLPE,12:33,FRACL
1313,2023-08-14,ANGERS ST LAUD,NON,4404,15:39,IC SRO,NEVERS,JOURNTELYN,FRNVS,12:33,FRACL
1314,2023-08-14,ANGERS ST LAUD,NON,4404,13:30,IC SRO,ST PIERRE DES CORPS,JOURNTELYN,FRXSH,12:33,FRACL
1315,2023-08-14,SAUMUR,NON,4404,18:39,IC SRO,LYON (intramuros),JOURNTELYN,FRLPE,12:56,FRACN
1316,2023-08-14,SAUMUR,NON,4404,13:30,IC SRO,ST PIERRE DES CORPS,JOURNTELYN,FRXSH,12:56,FRACN
1317,2023-08-14,BOURGES,NON,4404,17:20,IC SRO,ROANNE,JOURNTELYN,FRRNE,14:58,FRBOU
1318,2023-08-14,NANTES,NON,4404,12:54,IC SRO,SAUMUR,JOURNTELYN,FRACN,11:51,FRNTE
1319,2023-08-14,NANTES,NON,4404,14:35,IC SRO,VIERZON VILLE,JOURNTELYN,FRXVZ,11:51,FRNTE
1320,2023-08-14,NEVERS,NON,4404,18:26,IC SRO,LYON (intramuros),JOURNTELYN,FRLPD,15:51,FRNVS
1321,2023-08-14,NEVERS,NON,4404,16:19,IC SRO,MOULINS SUR ALLIER,JOURNTELYN,FRXMU,15:51,FRNVS
1322,2023-08-14,MOULINS SUR ALLIER,NON,4404,18:39,IC SRO,LYON (intramuros),JOURNTELYN,FRLPE,16:21,FRXMU
1323,2023-08-14,MOULINS SUR ALLIER,NON,4404,17:20,IC SRO,ROANNE,JOURNTELYN,FRRNE,16:21,FRXMU
1324,2023-08-14,VIERZON VILLE,NON,4404,18:26,IC SRO,LYON (intramuros),JOURNTELYN,FRLPD,14:39,FRXVZ
1325,2023-08-14,LIMOGES BENEDICTINS,NON,3650,17:19,IC ARO,PARIS (intramuros),TOULOUZECO,FRPAZ,13:53,FRAGQ
1326,2023-08-14,CHATEAUROUX,NON,3650,16:18,IC ARO,LES AUBRAIS ORLEANS,TOULOUZECO,FRLAB,15:06,FRCHR
1327,2023-08-14,CAUSSADE TARN ET GARONNE,OUI,3650,13:48,IC ARO,LIMOGES BENEDICTINS,TOULOUZECO,FRAGQ,11:08,FRFTA
1328,2023-08-14,LES AUBRAIS ORLEANS,NON,3650,17:19,IC ARO,PARIS (intramuros),TOULOUZECO,FRPAZ,16:20,FRLAB
1329,2023-08-14,LA SOUTERRAINE,NON,3650,14:47,IC ARO,ARGENTON SUR CREUSE,TOULOUZECO,FRFMT,14:24,FRLST
1330,2023-08-14,SOUILLAC,NON,3650,17:19,IC ARO,PARIS (intramuros),TOULOUZECO,FRPAZ,12:19,FRSOU
1331,2023-08-14,MONTAUBAN VILLE BOURBON,OUI,3650,13:48,IC ARO,LIMOGES BENEDICTINS,TOULOUZECO,FRAGQ,10:55,FRXMW
1332,2023-08-14,MONTAUBAN VILLE BOURBON,OUI,3650,12:00,IC ARO,GOURDON,TOULOUZECO,FRFSI,10:55,FRXMW
1333,2023-08-14,MONTAUBAN VILLE BOURBON,NON,3650,17:19,IC ARO,PARIS (intramuros),TOULOUZECO,FRPAZ,10:55,FRXMW
1334,2023-08-14,TOULOUSE MATABIAU,OUI,3650,13:48,IC ARO,LIMOGES BENEDICTINS,TOULOUZECO,FRAGQ,10:28,FRXYT
1335,2023-08-14,TOULOUSE MATABIAU,NON,3650,14:47,IC ARO,ARGENTON SUR CREUSE,TOULOUZECO,FRFMT,10:28,FRXYT
1336,2023-08-14,TOULOUSE MATABIAU,NON,3650,16:18,IC ARO,LES AUBRAIS ORLEANS,TOULOUZECO,FRLAB,10:28,FRXYT
1337,2023-08-14,TOULOUSE MATABIAU,OUI,3650,10:53,IC ARO,MONTAUBAN VILLE BOURBON,TOULOUZECO,FRXMW,10:28,FRXYT
1338,2023-08-14,TOULOUSE MATABIAU,NON,3650,15:38,IC ARO,VIERZON VILLE,TOULOUZECO,FRXVZ,10:28,FRXYT
1339,2023-08-14,CAHORS,OUI,3650,12:44,IC ARO,BRIVE LA GAILLARDE,TOULOUZECO,FRBVE,11:35,FRZAO
1340,2023-08-14,CAHORS,NON,3650,15:04,IC ARO,CHATEAUROUX,TOULOUZECO,FRCHR,11:35,FRZAO
1341,2023-08-14,GOURDON,NON,3650,14:47,IC ARO,ARGENTON SUR CREUSE,TOULOUZECO,FRFMT,12:02,FRFSI
1342,2023-08-14,CANNES,NON,6850,19:20,SUD EST,LYON (intramuros),JCSUDPROV,FRLPD,15:09,FRJCA
1343,2023-08-14,CANNES,NON,6850,17:19,SUD EST,MARSEILLE ST CHARLES,JCSUDPROV,FRMSC,15:09,FRJCA
1344,2023-08-14,MARSEILLE ST CHARLES,NON,6850,18:06,SUD EST,AVIGNON TGV,JCSUDPROV,FRAVG,17:32,FRMSC
1345,2023-08-14,AIX EN PROVENCE TGV,NON,5054,08:20,NORD,LYON (intramuros),JCSUDNORD,FRLPD,06:49,FRAIE
1346,2023-08-14,AIX EN PROVENCE TGV,NON,5054,10:19,NORD,MARNE LA VALLEE CHESSY,JCSUDNORD,FRMLV,06:49,FRAIE
1347,2023-08-14,LYON (intramuros),OUI,5054,10:19,NORD,MARNE LA VALLEE CHESSY,JCSUDNORD,FRMLV,08:34,FRLPD
1348,2023-08-14,DIJON VILLE,NON,9277,21:37,INTERNATIONAL,LAUSANNE,PASUIS,CHAJF,19:33,FRABA
1349,2023-08-14,DIJON VILLE,NON,9277,20:13,INTERNATIONAL,MOUCHARD,PASUIS,FRMCD,19:33,FRABA
1350,2023-08-14,DOLE VILLE,NON,9277,20:57,INTERNATIONAL,VALLORBE,PASUIS,CHAGL,19:57,FRACE
1351,2023-08-14,DOLE VILLE,NON,9277,20:42,INTERNATIONAL,FRASNE,PASUIS,FRFRA,19:57,FRACE
1352,2023-08-14,MOUCHARD,NON,9277,20:57,INTERNATIONAL,VALLORBE,PASUIS,CHAGL,20:15,FRMCD
1353,2023-08-14,PARIS (intramuros),NON,9277,20:42,INTERNATIONAL,FRASNE,PASUIS,FRFRA,17:56,FRPLY
1354,2023-08-14,ST GAUDENS,NON,14151,16:18,IC SRO,ORTHEZ,SUDOUEST,FRGFI,14:28,FRFPH
1355,2023-08-14,LOURDES,NON,14151,16:18,IC SRO,ORTHEZ,SUDOUEST,FRGFI,15:30,FRLDE
1356,2023-08-14,LOURDES,NON,14151,17:26,IC SRO,BAYONNE,SUDOUEST,FRXBY,15:30,FRLDE
1357,2023-08-14,TOULOUSE MATABIAU,NON,14151,16:18,IC SRO,ORTHEZ,SUDOUEST,FRGFI,13:34,FRXYT
1358,2023-08-14,LIMOGES BENEDICTINS,OUI,3614,06:58,IC ARO,ARGENTON SUR CREUSE,TOULOUZECO,FRFMT,06:03,FRAGQ
1359,2023-08-14,LIMOGES BENEDICTINS,OUI,3614,09:19,IC ARO,PARIS (intramuros),TOULOUZECO,FRPAZ,06:03,FRAGQ
1360,2023-08-14,MONTPELLIER SAINT-ROCH,OUI,6206,16:15,SUD EST,NIMES,LANGPA,FRFNI,15:50,FRMPL
1361,2023-08-14,AIX EN PROVENCE TGV,NON,2096,22:07,EST,STRASBOURG,JCRHONRHIN,FRAEG,16:11,FRAIE
1362,2023-08-14,AIX EN PROVENCE TGV,NON,2096,21:09,EST,MULHOUSE VILLE,JCRHONRHIN,FRAEK,16:11,FRAIE
1363,2023-08-14,AIX EN PROVENCE TGV,NON,2096,20:40,EST,BELFORT-MONTBELIARD TGV,JCRHONRHIN,FRTJA,16:11,FRAIE
1364,2023-08-14,AVIGNON TGV,NON,2096,17:51,EST,LYON (intramuros),JCRHONRHIN,FRLPD,16:33,FRAVG
1365,2023-08-14,AVIGNON TGV,NON,2096,20:16,EST,BESANCON - F COMTE TGV,JCRHONRHIN,FRTJB,16:33,FRAVG
1366,2023-08-14,MARSEILLE ST CHARLES,NON,2096,22:07,EST,STRASBOURG,JCRHONRHIN,FRAEG,15:56,FRMSC
1367,2023-08-14,MARSEILLE ST CHARLES,NON,2096,17:51,EST,LYON (intramuros),JCRHONRHIN,FRLPD,15:56,FRMSC
1368,2023-08-14,VALENCE TGV RHONE-ALPES SUD,NON,2096,17:51,EST,LYON (intramuros),JCRHONRHIN,FRLPD,17:13,FRVLA
1369,2023-08-14,ST MAIXENT DEUX SEVRES,OUI,8375,12:22,ATLANTIQUE,LA ROCHELLE VILLE,PAROCHELLE,FRLRH,11:23,FREJC
1370,2023-08-14,NIORT,OUI,8375,12:22,ATLANTIQUE,LA ROCHELLE VILLE,PAROCHELLE,FRLRH,11:41,FRNIT
1371,2023-08-14,PARIS (intramuros),OUI,8375,11:38,ATLANTIQUE,NIORT,PAROCHELLE,FRNIT,09:12,FRPMO
1372,2023-08-14,ST PIERRE DES CORPS,OUI,8375,11:59,ATLANTIQUE,SURGERES,PAROCHELLE,FREIP,10:16,FRXSH
1373,2023-08-14,ST PIERRE DES CORPS,OUI,8375,11:21,ATLANTIQUE,ST MAIXENT DEUX SEVRES,PAROCHELLE,FREJC,10:16,FRXSH
1374,2023-08-14,DIJON VILLE,NON,9269,14:57,INTERNATIONAL,VALLORBE,PASUIS,CHAGL,13:35,FRABA
1375,2023-08-14,PARIS (intramuros),NON,9269,13:58,INTERNATIONAL,DOLE VILLE,PASUIS,FRACE,11:56,FRPLY
1376,2023-08-14,HENDAYE,OUI,8530,07:32,ATLANTIQUE,BIARRITZ,SUDOUESTPA,FRBIQ,07:10,FRAEF
1377,2023-08-14,HENDAYE,OUI,8530,07:20,ATLANTIQUE,ST JEAN DE LUZ CIBOURE,SUDOUESTPA,FRXJZ,07:10,FRAEF
1378,2023-08-14,ST JEAN DE LUZ CIBOURE,OUI,8530,07:32,ATLANTIQUE,BIARRITZ,SUDOUESTPA,FRBIQ,07:22,FRXJZ
1379,2023-08-14,ST JEAN DE LUZ CIBOURE,NON,8530,11:52,ATLANTIQUE,PARIS (intramuros),SUDOUESTPA,FRPMO,07:22,FRXJZ
1380,2023-08-14,AIX EN PROVENCE TGV,NON,5386,16:22,SUD EST,LYON (intramuros),JCSUDATL,FRLPD,14:50,FRAIE
1381,2023-08-14,AVIGNON TGV,NON,5386,18:34,SUD EST,MASSY TGV,JCSUDATL,FRDJU,15:15,FRAVG
1382,2023-08-14,MARSEILLE ST CHARLES,NON,5386,20:05,SUD EST,LAVAL,JCSUDATL,FRACR,14:36,FRMSC
1383,2023-08-14,MARSEILLE ST CHARLES,NON,5386,19:29,SUD EST,LE MANS,JCSUDATL,FRAET,14:36,FRMSC
1384,2023-08-14,MARSEILLE ST CHARLES,NON,5386,18:34,SUD EST,MASSY TGV,JCSUDATL,FRDJU,14:36,FRMSC
1385,2023-08-14,MARSEILLE ST CHARLES,NON,5386,20:32,SUD EST,RENNES,JCSUDATL,FRRNS,14:36,FRMSC
1386,2023-08-14,PARIS (intramuros),NON,8081,09:38,ATLANTIQUE,DOL DE BRETAGNE,PARISBRETA,FRDOL,07:04,FRPMO
1387,2023-08-14,PARIS (intramuros),NON,8081,09:03,ATLANTIQUE,RENNES,PARISBRETA,FRRNS,07:04,FRPMO
1388,2023-08-14,VITRE,NON,8081,09:03,ATLANTIQUE,RENNES,PARISBRETA,FRRNS,08:42,FRXVT
1389,2023-08-14,DOLE VILLE,NON,9261,11:54,INTERNATIONAL,LAUSANNE,PASUIS,CHAJF,10:00,FRACE
1390,2023-08-14,PARIS (intramuros),NON,9261,11:54,INTERNATIONAL,LAUSANNE,PASUIS,CHAJF,07:56,FRPLY
1391,2023-08-14,PARIS (intramuros),NON,9261,09:31,INTERNATIONAL,DIJON VILLE,PASUIS,FRABA,07:56,FRPLY
1392,2023-08-14,PARIS (intramuros),NON,9261,09:58,INTERNATIONAL,DOLE VILLE,PASUIS,FRACE,07:56,FRPLY
1393,2023-08-14,PARIS (intramuros),NON,9261,10:42,INTERNATIONAL,FRASNE,PASUIS,FRFRA,07:56,FRPLY
1394,2023-08-14,CLERMONT FERRAND,NON,15941,13:28,IC SRO,ISSOIRE,NORESTJOU,FRHLB,13:03,FRCFE
1395,2023-08-14,ISSOIRE,NON,15941,13:48,IC SRO,ARVANT,NORESTJOU,FRARV,13:29,FRHLB
1396,2023-08-14,ISSOIRE,NON,15941,13:42,IC SRO,BRASSAC LES MINES STE FLORINE,NORESTJOU,FRHLE,13:29,FRHLB
1397,2023-08-14,ARVANT,NON,15941,14:08,IC SRO,MASSIAC BLESLE,NORESTJOU,FRHMY,13:49,FRARV
1398,2023-08-14,ARVANT,NON,15941,15:36,IC SRO,ST CHELY D'APCHER,NORESTJOU,FRINB,13:49,FRARV
1399,2023-08-14,MARVEJOLS,NON,15941,16:35,IC SRO,BANASSAC LA CANOURGUE,NORESTJOU,FRINH,16:14,FRINE
1400,2023-08-14,CLERMONT FERRAND,NON,15941,16:13,IC SRO,MARVEJOLS,NORESTJOU,FRINE,13:03,FRCFE
1401,2023-08-14,MILLAU,NON,15941,17:55,IC SRO,ST ROME DE CERNON,NORESTJOU,FRINN,17:38,FRMAU
1402,2023-08-14,ISSOIRE,NON,15941,14:30,IC SRO,NEUSSARGUES,NORESTJOU,FRNEU,13:29,FRHLB
1403,2023-08-14,ARVANT,NON,15941,17:35,IC SRO,MILLAU,NORESTJOU,FRMAU,13:49,FRARV
1404,2023-08-14,MARVEJOLS,NON,15941,19:32,IC SRO,BEZIERS,NORESTJOU,FRBZR,16:14,FRINE
1405,2023-08-14,AUMONT AUBRAC,NON,15941,19:32,IC SRO,BEZIERS,NORESTJOU,FRBZR,15:50,FRINC
1406,2023-08-14,ST CHELY D'APCHER,NON,15941,16:49,IC SRO,CAMPAGNAC ST GENIEZ,NORESTJOU,FRINJ,15:37,FRINB
1407,2023-08-14,CLERMONT FERRAND,NON,15941,17:55,IC SRO,ST ROME DE CERNON,NORESTJOU,FRINN,13:03,FRCFE
1408,2023-08-14,MAGALAS,NON,15941,19:32,IC SRO,BEZIERS,NORESTJOU,FRBZR,19:18,FRIMK
1409,2023-08-14,BEDARIEUX,NON,15941,19:17,IC SRO,MAGALAS,NORESTJOU,FRIMK,18:58,FRIMH
1410,2023-08-14,CLERMONT FERRAND,NON,15941,18:03,IC SRO,TOURNEMIRE ROQUEFORT,NORESTJOU,FRINO,13:03,FRCFE
1411,2023-08-14,NEUSSARGUES,NON,15941,17:35,IC SRO,MILLAU,NORESTJOU,FRMAU,14:36,FRNEU
1412,2023-08-14,AUMONT AUBRAC,NON,15941,16:13,IC SRO,MARVEJOLS,NORESTJOU,FRINE,15:50,FRINC
1413,2023-08-14,ST FLOUR CHAUDES AIGUES,NON,15941,19:17,IC SRO,MAGALAS,NORESTJOU,FRIMK,14:57,FRIMW
1414,2023-08-14,SEVERAC LE CHATEAU,NON,15941,17:48,IC SRO,ST GEORGES DE LUZENCON,NORESTJOU,FRINM,17:02,FRSVC
1415,2023-08-14,TOURNEMIRE ROQUEFORT,NON,15941,19:32,IC SRO,BEZIERS,NORESTJOU,FRBZR,18:04,FRINO
1416,2023-08-14,ST ROME DE CERNON,NON,15941,18:27,IC SRO,CEILHES ROQUEREDONDE,NORESTJOU,FRIMC,17:56,FRINN
1417,2023-08-14,AUMONT AUBRAC,NON,15941,17:35,IC SRO,MILLAU,NORESTJOU,FRMAU,15:50,FRINC
1418,2023-08-14,ARVANT,NON,15941,18:57,IC SRO,BEDARIEUX,NORESTJOU,FRIMH,13:49,FRARV
1419,2023-08-14,MILLAU,NON,15941,19:17,IC SRO,MAGALAS,NORESTJOU,FRIMK,17:38,FRMAU
1420,2023-08-14,LE BOUSQUET D'ORB,NON,15941,18:57,IC SRO,BEDARIEUX,NORESTJOU,FRIMH,18:47,FRIMG
1421,2023-08-14,CLERMONT FERRAND,NON,15941,17:48,IC SRO,ST GEORGES DE LUZENCON,NORESTJOU,FRINM,13:03,FRCFE
1422,2023-08-14,CAMPAGNAC ST GENIEZ,NON,15941,17:01,IC SRO,SEVERAC LE CHATEAU,NORESTJOU,FRSVC,16:50,FRINJ
1423,2023-08-14,ISSOIRE,NON,15941,17:01,IC SRO,SEVERAC LE CHATEAU,NORESTJOU,FRSVC,13:29,FRHLB
1424,2023-08-14,ISSOIRE,NON,15941,15:49,IC SRO,AUMONT AUBRAC,NORESTJOU,FRINC,13:29,FRHLB
1425,2023-08-14,BRASSAC LES MINES STE FLORINE,NON,15941,18:03,IC SRO,TOURNEMIRE ROQUEFORT,NORESTJOU,FRINO,13:43,FRHLE
1426,2023-08-14,MASSIAC BLESLE,NON,15941,18:03,IC SRO,TOURNEMIRE ROQUEFORT,NORESTJOU,FRINO,14:09,FRHMY
1427,2023-08-14,ST FLOUR CHAUDES AIGUES,NON,15941,16:35,IC SRO,BANASSAC LA CANOURGUE,NORESTJOU,FRINH,14:57,FRIMW
1428,2023-08-14,NEUSSARGUES,NON,15941,16:49,IC SRO,CAMPAGNAC ST GENIEZ,NORESTJOU,FRINJ,14:36,FRNEU
1429,2023-08-14,ISSOIRE,NON,15941,18:46,IC SRO,LE BOUSQUET D'ORB,NORESTJOU,FRIMG,13:29,FRHLB
1430,2023-08-14,ARVANT,NON,15941,16:49,IC SRO,CAMPAGNAC ST GENIEZ,NORESTJOU,FRINJ,13:49,FRARV
1431,2023-08-14,ST CHELY D'APCHER,NON,15941,17:55,IC SRO,ST ROME DE CERNON,NORESTJOU,FRINN,15:37,FRINB
1432,2023-08-14,ST CHELY D'APCHER,NON,15941,18:27,IC SRO,CEILHES ROQUEREDONDE,NORESTJOU,FRIMC,15:37,FRINB
1433,2023-08-14,BRASSAC LES MINES STE FLORINE,NON,15941,17:01,IC SRO,SEVERAC LE CHATEAU,NORESTJOU,FRSVC,13:43,FRHLE
1434,2023-08-14,ST CHELY D'APCHER,NON,15941,18:46,IC SRO,LE BOUSQUET D'ORB,NORESTJOU,FRIMG,15:37,FRINB
1435,2023-08-14,LE BOUSQUET D'ORB,NON,15941,19:17,IC SRO,MAGALAS,NORESTJOU,FRIMK,18:47,FRIMG
1436,2023-08-14,MARVEJOLS,NON,15941,16:49,IC SRO,CAMPAGNAC ST GENIEZ,NORESTJOU,FRINJ,16:14,FRINE
1437,2023-08-14,ST FLOUR CHAUDES AIGUES,NON,15941,18:03,IC SRO,TOURNEMIRE ROQUEFORT,NORESTJOU,FRINO,14:57,FRIMW
1438,2023-08-14,BRASSAC LES MINES STE FLORINE,NON,15941,18:46,IC SRO,LE BOUSQUET D'ORB,NORESTJOU,FRIMG,13:43,FRHLE
1439,2023-08-14,LE MONASTIER,NON,15941,19:32,IC SRO,BEZIERS,NORESTJOU,FRBZR,16:22,FRLMR
1440,2023-08-14,CLERMONT FERRAND,NON,15941,16:21,IC SRO,LE MONASTIER,NORESTJOU,FRLMR,13:03,FRCFE
1441,2023-08-14,LE MONASTIER,NON,15941,18:46,IC SRO,LE BOUSQUET D'ORB,NORESTJOU,FRIMG,16:22,FRLMR
1442,2023-08-14,TBD,NON,15941,16:21,IC SRO,TBD,NORESTJOU,FRLMR,14:57,FRIMW
1443,2023-08-14,LYON (intramuros),NON,6612,12:08,SUD EST,PARIS (intramuros),RHONEPARIS,FRPLY,09:50,FRLPE
1444,2023-08-14,DAX,NON,8542,19:52,ATLANTIQUE,PARIS (intramuros),SUDOUESTPA,FRPMO,16:21,FRACG
1445,2023-08-14,HENDAYE,OUI,8542,16:17,ATLANTIQUE,DAX,SUDOUESTPA,FRACG,15:07,FRAEF
1446,2023-08-14,HENDAYE,NON,8542,17:39,ATLANTIQUE,BORDEAUX ST JEAN,SUDOUESTPA,FRBOJ,15:07,FRAEF
1447,2023-08-14,HENDAYE,OUI,8542,15:44,ATLANTIQUE,BAYONNE,SUDOUESTPA,FRXBY,15:07,FRAEF
1448,2023-08-14,BIARRITZ,OUI,8542,16:17,ATLANTIQUE,DAX,SUDOUESTPA,FRACG,15:32,FRBIQ
1449,2023-08-14,BAYONNE,OUI,8542,16:17,ATLANTIQUE,DAX,SUDOUESTPA,FRACG,15:47,FRXBY
1450,2023-08-14,PARIS (intramuros),NON,8123,16:10,ATLANTIQUE,ANGERS ST LAUD,PARISLOIRE,FRACL,14:45,FRPMO
1451,2023-08-14,PARIS (intramuros),NON,8123,16:51,ATLANTIQUE,NANTES,PARISLOIRE,FRNTE,14:45,FRPMO
1452,2023-08-14,CHAMPAGNE-ARDENNE,OUI,2544,17:50,EST,PARIS (intramuros),NANCYPA,FRPST,17:08,FREAH
1453,2023-08-14,GENEVE,NON,9768,13:42,INTERNATIONAL,PARIS (intramuros),GENEVEPA,FRPLY,10:29,CHGVA
1454,2023-08-14,CLERMONT FERRAND,OUI,5970,13:40,IC ARO,RIOM CHATEL GUYON,CLERMONTPA,FRRIO,13:31,FRCFE
1455,2023-08-14,CLERMONT FERRAND,OUI,5970,14:29,IC ARO,MOULINS SUR ALLIER,CLERMONTPA,FRXMU,13:31,FRCFE
1456,2023-08-14,VICHY,NON,5970,14:58,IC ARO,NEVERS,CLERMONTPA,FRNVS,14:06,FRVHY
1457,2023-08-14,AIX EN PROVENCE TGV,NON,6801,09:49,SUD EST,LES ARCS DRAGUIGNAN,JCPROVSUD,FRXRS,08:03,FRAIE
1458,2023-08-14,LYON (intramuros),NON,6801,07:35,SUD EST,AVIGNON TGV,JCPROVSUD,FRAVG,06:04,FRLPD
1459,2023-08-14,LYON (intramuros),NON,6801,09:11,SUD EST,TOULON,JCPROVSUD,FRTLN,06:04,FRLPD
1460,2023-08-14,LYON (intramuros),OUI,6801,06:56,SUD EST,VALENCE TGV RHONE-ALPES SUD,JCPROVSUD,FRVLA,06:04,FRLPD
1461,2023-08-14,LES ARCS DRAGUIGNAN,NON,6801,10:35,SUD EST,CANNES,JCPROVSUD,FRJCA,09:52,FRXRS
1462,2023-08-14,AVIGNON TGV,OUI,6133,00:01,SUD EST,MARSEILLE ST CHARLES,PAPROVENCE,FRMSC,23:25,FRAVG
1463,2023-08-14,PARIS (intramuros),OUI,6133,23:46,SUD EST,AIX EN PROVENCE TGV,PAPROVENCE,FRAIE,20:38,FRPLY
1464,2023-08-14,BORDEAUX ST JEAN,OUI,8450,19:13,ATLANTIQUE,ANGOULEME,SUDOUESTPA,FRANG,18:38,FRBOJ
1465,2023-08-14,POITIERS,NON,8450,20:35,ATLANTIQUE,ST PIERRE DES CORPS,SUDOUESTPA,FRXSH,20:04,FRPIS
1466,2023-08-14,FRANKFURT MAIN HBF,NON,9560,18:04,INTERNATIONAL,KARLSRUHE HBF,FRANCPA,DEQKA,16:56,DEFRH
1467,2023-08-14,FRANKFURT MAIN HBF,NON,9560,18:48,INTERNATIONAL,STRASBOURG,FRANCPA,FRAEG,16:56,DEFRH
1468,2023-08-14,MANNHEIM HBF,NON,9560,18:04,INTERNATIONAL,KARLSRUHE HBF,FRANCPA,DEQKA,17:38,DEMHG
1469,2023-08-14,STRASBOURG,NON,9560,20:42,INTERNATIONAL,PARIS (intramuros),FRANCPA,FRPST,18:57,FRAEG
1470,2023-08-14,ANGERS ST LAUD,OUI,5351,11:19,SUD EST,NANTES,JCSUDATL,FRNTE,10:42,FRACL
1471,2023-08-14,LYON (intramuros),NON,5351,10:39,SUD EST,ANGERS ST LAUD,JCSUDATL,FRACL,06:30,FRLPD
1472,2023-08-14,LYON (intramuros),OUI,5351,09:43,SUD EST,ST PIERRE DES CORPS,JCSUDATL,FRXSH,06:16,FRLPE
1473,2023-08-14,ST PIERRE DES CORPS,NON,5351,11:19,SUD EST,NANTES,JCSUDATL,FRNTE,09:47,FRXSH
1474,2023-08-14,NARBONNE,OUI,6252,10:56,SUD EST,BEZIERS,LANGPA,FRBZR,10:42,FRXNA
1475,2023-08-14,NARBONNE,NON,6252,11:10,SUD EST,AGDE,LANGPA,FRXAG,10:42,FRXNA
1476,2023-08-14,SETE,NON,6252,12:50,SUD EST,VALENCE TGV RHONE-ALPES SUD,LANGPA,FRVLA,11:30,FRXSY
1477,2023-08-14,SETE,NON,6252,12:11,SUD EST,NIMES PONT DU GARD,LANGPA,FRXZP,11:30,FRXSY
1478,2023-08-14,KARLSRUHE HBF,NON,9573,14:05,INTERNATIONAL,STUTTGART HBF,PASTUTMUN,DESGT,13:28,DEQKA
1479,2023-08-14,PARIS (intramuros),NON,9573,13:26,INTERNATIONAL,KARLSRUHE HBF,PASTUTMUN,DEQKA,10:55,FRPST
1480,2023-08-14,PARIS (intramuros),NON,9573,12:41,INTERNATIONAL,STRASBOURG,PASTUTMUN,FRAEG,10:55,FRPST
1481,2023-08-14,CARCASSONNE,NON,4756,12:26,IC ARO,AGEN,TJOURSESO,FRAGF,10:34,FRCCF
1482,2023-08-14,NIMES,NON,4756,13:32,IC ARO,BORDEAUX ST JEAN,TJOURSESO,FRBOJ,08:38,FRFNI
1483,2023-08-14,NIMES,NON,4756,10:32,IC ARO,CARCASSONNE,TJOURSESO,FRCCF,08:38,FRFNI
1484,2023-08-14,NIMES,NON,4756,10:01,IC ARO,NARBONNE,TJOURSESO,FRXNA,08:38,FRFNI
1485,2023-08-14,NIMES,NON,4756,09:21,IC ARO,SETE,TJOURSESO,FRXSY,08:38,FRFNI
1486,2023-08-14,ARLES,NON,4756,12:26,IC ARO,AGEN,TJOURSESO,FRAGF,08:11,FRHZA
1487,2023-08-14,ARLES,NON,4756,11:16,IC ARO,TOULOUSE MATABIAU,TJOURSESO,FRXYT,08:11,FRHZA
1488,2023-08-14,MARSEILLE ST CHARLES,OUI,4756,08:09,IC ARO,ARLES,TJOURSESO,FRHZA,07:22,FRMSC
1489,2023-08-14,MARSEILLE ST CHARLES,NON,4756,09:21,IC ARO,SETE,TJOURSESO,FRXSY,07:22,FRMSC
1490,2023-08-14,NARBONNE,NON,4756,13:32,IC ARO,BORDEAUX ST JEAN,TJOURSESO,FRBOJ,10:04,FRXNA
1491,2023-08-14,NARBONNE,NON,4756,11:49,IC ARO,MONTAUBAN VILLE BOURBON,TJOURSESO,FRXMW,10:04,FRXNA
1492,2023-08-14,LE MANS,NON,8977,17:14,ATLANTIQUE,LES SABLES D'OLONNE,PARISLOIRE,FRLSO,14:32,FRAET
1493,2023-08-14,PARIS (intramuros),NON,8977,14:29,ATLANTIQUE,LE MANS,PARISLOIRE,FRAET,13:32,FRPMO
1494,2023-08-14,SABLE SUR SARTHE,NON,8977,16:46,ATLANTIQUE,LA ROCHE SUR YON,PARISLOIRE,FRXRO,14:54,FRSAB
1495,2023-08-14,BELFORT-MONTBELIARD TGV,NON,9218,15:38,INTERNATIONAL,PARIS (intramuros),ZURBALPA,FRPLY,13:20,FRTJA
1496,2023-08-14,AGEN,NON,8505,15:31,ATLANTIQUE,TOULOUSE MATABIAU,PASUDOUEST,FRXYT,14:24,FRAGF
1497,2023-08-14,BORDEAUX ST JEAN,NON,8505,15:31,ATLANTIQUE,TOULOUSE MATABIAU,PASUDOUEST,FRXYT,13:20,FRBOJ
1498,2023-08-14,PARIS (intramuros),NON,8505,14:21,ATLANTIQUE,AGEN,PASUDOUEST,FRAGF,11:08,FRPMO
1499,2023-08-14,PARIS (intramuros),NON,8505,15:01,ATLANTIQUE,MONTAUBAN VILLE BOURBON,PASUDOUEST,FRXMW,11:08,FRPMO
1500,2023-08-14,PARIS (intramuros),NON,8505,15:31,ATLANTIQUE,TOULOUSE MATABIAU,PASUDOUEST,FRXYT,11:08,FRPMO
1501,2023-08-14,MODANE,NON,9240,11:40,INTERNATIONAL,MACON LOCHE TGV,ITALIEPA,FRMLT,09:13,FRAGR
1502,2023-08-14,MILANO P GARIBALDI,NON,9240,09:03,INTERNATIONAL,MODANE,ITALIEPA,FRAGR,06:00,ITMPG
1503,2023-08-14,OULX CESANA CLAV SESTRIERE,NON,9240,10:15,INTERNATIONAL,CHAMBERY CHALLES LES EAUX,ITALIEPA,FRCMF,08:36,ITOCS
1504,2023-08-14,DIJON VILLE,NON,5537,22:30,EST,NICE VILLE,JCRHINRHON,FRNIC,16:20,FRABA
1505,2023-08-14,DIJON VILLE,NON,5537,21:34,EST,ST RAPHAEL VALESCURE,JCRHINRHON,FRXSK,16:20,FRABA
1506,2023-08-14,STRASBOURG,OUI,5537,14:02,EST,COLMAR,JCRHINRHON,FRAEJ,13:37,FRAEG
1507,2023-08-14,STRASBOURG,NON,5537,19:31,EST,AIX EN PROVENCE TGV,JCRHINRHON,FRAIE,13:37,FRAEG
1508,2023-08-14,COLMAR,NON,5537,20:41,EST,TOULON,JCRHINRHON,FRTLN,14:05,FRAEJ
1509,2023-08-14,MULHOUSE VILLE,NON,5537,21:59,EST,CANNES,JCRHINRHON,FRJCA,14:40,FRAEK
1510,2023-08-14,MULHOUSE VILLE,NON,5537,22:11,EST,ANTIBES,JCRHINRHON,FRXAT,14:40,FRAEK
1511,2023-08-14,MULHOUSE VILLE,NON,5537,21:17,EST,LES ARCS DRAGUIGNAN,JCRHINRHON,FRXRS,14:40,FRAEK
1512,2023-08-14,MULHOUSE VILLE,NON,5537,21:34,EST,ST RAPHAEL VALESCURE,JCRHINRHON,FRXSK,14:40,FRAEK
1513,2023-08-14,AIX EN PROVENCE TGV,NON,5537,22:11,EST,ANTIBES,JCRHINRHON,FRXAT,19:33,FRAIE
1514,2023-08-14,AIX EN PROVENCE TGV,NON,5537,21:34,EST,ST RAPHAEL VALESCURE,JCRHINRHON,FRXSK,19:33,FRAIE
1515,2023-08-14,NANCY,NON,5537,19:31,EST,AIX EN PROVENCE TGV,JCRHINRHON,FRAIE,11:46,FRENC
1516,2023-08-14,NANCY,NON,5537,21:59,EST,CANNES,JCRHINRHON,FRJCA,11:46,FRENC
1517,2023-08-14,LYON (intramuros),NON,5537,19:45,EST,MARSEILLE ST CHARLES,JCRHINRHON,FRMSC,18:04,FRLPD
1518,2023-08-14,LYON (intramuros),NON,5537,22:30,EST,NICE VILLE,JCRHINRHON,FRNIC,18:04,FRLPD
1519,2023-08-14,MARSEILLE ST CHARLES,NON,5537,21:59,EST,CANNES,JCRHINRHON,FRJCA,19:57,FRMSC
1520,2023-08-14,MARSEILLE ST CHARLES,NON,5537,22:30,EST,NICE VILLE,JCRHINRHON,FRNIC,19:57,FRMSC
1521,2023-08-14,TOULON,OUI,5537,22:30,EST,NICE VILLE,JCRHINRHON,FRNIC,20:45,FRTLN
1522,2023-08-14,BEAUNE,NON,5537,22:30,EST,NICE VILLE,JCRHINRHON,FRNIC,16:42,FRXBV
1523,2023-08-14,BEAUNE,NON,5537,20:41,EST,TOULON,JCRHINRHON,FRTLN,16:42,FRXBV
1524,2023-08-14,ST RAPHAEL VALESCURE,OUI,5537,22:30,EST,NICE VILLE,JCRHINRHON,FRNIC,21:37,FRXSK
1525,2023-08-14,BESANCON - F COMTE TGV,NON,5537,21:59,EST,CANNES,JCRHINRHON,FRJCA,15:36,FRTJB
1526,2023-08-14,NANCY,NON,5537,14:29,EST,MULHOUSE VILLE,JCRHINRHON,FRAEK,11:46,FRENC
1527,2023-08-14,MULHOUSE VILLE,NON,5537,16:39,EST,BEAUNE,JCRHINRHON,FRXBV,14:40,FRAEK
1528,2023-08-14,BELFORT-MONTBELIARD TGV,NON,5537,16:39,EST,BEAUNE,JCRHINRHON,FRXBV,15:06,FRTJA
1529,2023-08-14,LORIENT,NON,8724,17:47,ATLANTIQUE,PARIS (intramuros),BRETAPARIS,FRPMO,14:46,FRLRT
1530,2023-08-14,LORIENT,NON,8724,15:14,ATLANTIQUE,VANNES,BRETAPARIS,FRVNE,14:46,FRLRT
1531,2023-08-14,LORIENT,OUI,8724,15:01,ATLANTIQUE,AURAY,BRETAPARIS,FRXUY,14:46,FRLRT
1532,2023-08-14,VANNES,NON,8724,17:47,ATLANTIQUE,PARIS (intramuros),BRETAPARIS,FRPMO,15:17,FRVNE
1533,2023-08-14,MANNHEIM HBF,NON,9568,10:38,INTERNATIONAL,PARIS (intramuros),FRANCPA,FRPST,07:38,DEMHG
1534,2023-08-14,NIORT,NON,8374,12:09,ATLANTIQUE,POITIERS,ROCHELLEPA,FRPIS,11:26,FRNIT
1535,2023-08-14,POITIERS,NON,8374,13:37,ATLANTIQUE,PARIS (intramuros),ROCHELLEPA,FRPMO,12:15,FRPIS
1536,2023-08-14,PARIS (intramuros),OUI,7057,18:18,NORD,LILLE (intramuros),PALILLE,FRADJ,17:16,FRPNO
1537,2023-08-14,ANGERS ST LAUD,OUI,8881,18:58,ATLANTIQUE,NANTES,PARISLOIRE,FRNTE,18:16,FRACL
1538,2023-08-14,BORDEAUX ST JEAN,NON,3856,14:40,IC SRO,JONZAC,BORDONANTE,FREMR,13:53,FRBOJ
1539,2023-08-14,BORDEAUX ST JEAN,NON,3856,18:05,IC SRO,NANTES,BORDONANTE,FRNTE,13:53,FRBOJ
1540,2023-08-14,JONZAC,NON,3856,16:58,IC SRO,LUCON,BORDONANTE,FRLCN,14:41,FREMR
1541,2023-08-14,JONZAC,NON,3856,16:15,IC SRO,LA ROCHELLE VILLE,BORDONANTE,FRLRH,14:41,FREMR
1542,2023-08-14,JONZAC,NON,3856,18:05,IC SRO,NANTES,BORDONANTE,FRNTE,14:41,FREMR
1543,2023-08-14,LA ROCHELLE VILLE,NON,3856,18:05,IC SRO,NANTES,BORDONANTE,FRNTE,16:19,FRLRH
1544,2023-08-14,LA ROCHE SUR YON,NON,3856,18:05,IC SRO,NANTES,BORDONANTE,FRNTE,17:24,FRXRO
1545,2023-08-14,SAINTES,NON,3856,17:22,IC SRO,LA ROCHE SUR YON,BORDONANTE,FRXRO,15:25,FRXST
1546,2023-08-14,LIMOGES BENEDICTINS,OUI,3604,06:46,IC ARO,VIERZON VILLE,TOULOUZECO,FRXVZ,05:01,FRAGQ
1547,2023-08-14,CHATEAUROUX,NON,3604,08:19,IC ARO,PARIS (intramuros),TOULOUZECO,FRPAZ,06:11,FRCHR
1548,2023-08-14,LA SOUTERRAINE,OUI,3604,06:09,IC ARO,CHATEAUROUX,TOULOUZECO,FRCHR,05:33,FRLST
1549,2023-08-14,LA SOUTERRAINE,NON,3604,08:19,IC ARO,PARIS (intramuros),TOULOUZECO,FRPAZ,05:33,FRLST
1550,2023-08-14,CARCASSONNE,NON,6875,19:12,SUD EST,BEZIERS,JCSUDPROV,FRBZR,18:27,FRCCF
1551,2023-08-14,CARCASSONNE,NON,6875,21:10,SUD EST,VALENCE TGV RHONE-ALPES SUD,JCSUDPROV,FRVLA,18:27,FRCCF
1552,2023-08-14,TOULOUSE MATABIAU,OUI,6875,18:56,SUD EST,NARBONNE,JCSUDPROV,FRXNA,17:43,FRXYT
1553,2023-08-14,TOULOUSE MATABIAU,NON,6875,20:01,SUD EST,MONTPELLIER SUD DE FRANCE,JCSUDPROV,FRSUF,17:43,FRXYT
1554,2023-08-14,CARCASSONNE,NON,6875,20:01,SUD EST,MONTPELLIER SUD DE FRANCE,JCSUDPROV,FRSUF,18:27,FRCCF
1555,2023-08-14,SETE,NON,6875,20:01,SUD EST,MONTPELLIER SUD DE FRANCE,JCSUDPROV,FRSUF,19:39,FRXSY
1556,2023-08-14,BEZIERS,NON,6875,20:01,SUD EST,MONTPELLIER SUD DE FRANCE,JCSUDPROV,FRSUF,19:15,FRBZR
1557,2023-08-14,CARCASSONNE,NON,6875,20:30,SUD EST,NIMES PONT DU GARD,JCSUDPROV,FRXZP,18:27,FRCCF
1558,2023-08-14,NURIEUX,NON,9781,21:30,INTERNATIONAL,GENEVE,PAGENEVE,CHGVA,20:37,FRHQN
1559,2023-08-14,PARIS (intramuros),NON,9781,20:35,INTERNATIONAL,NURIEUX,PAGENEVE,FRHQN,18:18,FRPLY
1560,2023-08-14,BOURG EN BRESSE,NON,9781,21:30,INTERNATIONAL,GENEVE,PAGENEVE,CHGVA,20:10,FRXBK
1561,2023-08-14,BOURG EN BRESSE,NON,9781,21:00,INTERNATIONAL,BELLEGARDE,PAGENEVE,FRXBF,20:10,FRXBK
1562,2023-08-14,BOURG EN BRESSE,NON,9781,20:35,INTERNATIONAL,NURIEUX,PAGENEVE,FRHQN,20:10,FRXBK
1563,2023-08-14,BEZIERS,NON,4651,08:53,IC ARO,MONTPELLIER SAINT-ROCH,TJOURSOSE,FRMPL,08:17,FRBZR
1564,2023-08-14,MONTPELLIER SAINT-ROCH,NON,4651,09:21,IC ARO,NIMES,TJOURSOSE,FRFNI,08:57,FRMPL
1565,2023-08-14,MONTPELLIER SAINT-ROCH,NON,4651,10:32,IC ARO,MARSEILLE ST CHARLES,TJOURSOSE,FRMSC,08:57,FRMPL
1566,2023-08-14,TOULOUSE MATABIAU,NON,4651,08:14,IC ARO,BEZIERS,TJOURSOSE,FRBZR,06:45,FRXYT
1567,2023-08-14,TOULOUSE MATABIAU,NON,4651,07:58,IC ARO,NARBONNE,TJOURSOSE,FRXNA,06:45,FRXYT
1568,2023-08-14,LIMOGES BENEDICTINS,OUI,3635,17:01,IC ARO,BRIVE LA GAILLARDE,PALITO,FRBVE,16:01,FRAGQ
1569,2023-08-14,BRIVE LA GAILLARDE,OUI,3635,17:44,IC ARO,GOURDON,PALITO,FRFSI,17:04,FRBVE
1570,2023-08-14,BRIVE LA GAILLARDE,OUI,3635,17:28,IC ARO,SOUILLAC,PALITO,FRSOU,17:04,FRBVE
1571,2023-08-14,BRIVE LA GAILLARDE,OUI,3635,18:13,IC ARO,CAHORS,PALITO,FRZAO,17:04,FRBVE
1572,2023-08-14,CHATEAUROUX,NON,3635,17:28,IC ARO,SOUILLAC,PALITO,FRSOU,14:45,FRCHR
1573,2023-08-14,ARGENTON SUR CREUSE,NON,3635,18:13,IC ARO,CAHORS,PALITO,FRZAO,15:01,FRFMT
1574,2023-08-14,LA SOUTERRAINE,NON,3635,17:28,IC ARO,SOUILLAC,PALITO,FRSOU,15:26,FRLST
1575,2023-08-14,PARIS (intramuros),NON,3635,14:09,IC ARO,VIERZON VILLE,PALITO,FRXVZ,12:41,FRPAZ
1576,2023-08-14,SOUILLAC,OUI,3635,17:44,IC ARO,GOURDON,PALITO,FRFSI,17:30,FRSOU
1577,2023-08-14,SOUILLAC,OUI,3635,18:13,IC ARO,CAHORS,PALITO,FRZAO,17:30,FRSOU
1578,2023-08-14,VIERZON VILLE,NON,3635,15:58,IC ARO,LIMOGES BENEDICTINS,PALITO,FRAGQ,14:11,FRXVZ
1579,2023-08-14,VIERZON VILLE,NON,3635,18:13,IC ARO,CAHORS,PALITO,FRZAO,14:11,FRXVZ
1580,2023-08-14,NIORT,OUI,8380,18:37,ATLANTIQUE,PARIS (intramuros),ROCHELLEPA,FRPMO,16:24,FRNIT
1581,2023-08-14,MODANE,NON,9252,18:15,INTERNATIONAL,CHAMBERY CHALLES LES EAUX,ITALIEPA,FRCMF,17:12,FRAGR
1582,2023-08-14,CHAMBERY CHALLES LES EAUX,NON,9252,21:14,INTERNATIONAL,PARIS (intramuros),ITALIEPA,FRPLY,18:22,FRCMF
1583,2023-08-14,OULX CESANA CLAV SESTRIERE,NON,9252,18:15,INTERNATIONAL,CHAMBERY CHALLES LES EAUX,ITALIEPA,FRCMF,16:36,ITOCS
1584,2023-08-14,LORIENT,NON,8796,13:54,ATLANTIQUE,PARIS (intramuros),BRETAPARIS,FRPMO,10:41,FRLRT
1585,2023-08-14,RENNES,NON,8796,13:54,ATLANTIQUE,PARIS (intramuros),BRETAPARIS,FRPMO,12:20,FRRNS
1586,2023-08-14,ZUERICH HB,NON,9234,19:53,INTERNATIONAL,MULHOUSE VILLE,ZURBALPA,FRAEK,18:34,CHAJD
1587,2023-08-14,ZUERICH HB,NON,9234,20:18,INTERNATIONAL,BELFORT-MONTBELIARD TGV,ZURBALPA,FRTJA,18:34,CHAJD
1588,2023-08-14,BASEL SBB,NON,9234,20:18,INTERNATIONAL,BELFORT-MONTBELIARD TGV,ZURBALPA,FRTJA,19:34,CHAJP
1589,2023-08-14,BELFORT-MONTBELIARD TGV,NON,9234,22:42,INTERNATIONAL,PARIS (intramuros),ZURBALPA,FRPLY,20:21,FRTJA
1590,2023-08-14,PARIS (intramuros),NON,6229,12:04,SUD EST,MONTPELLIER SUD DE FRANCE,PALANG,FRSUF,08:47,FRPLY
1591,2023-08-14,VALENCE TGV RHONE-ALPES SUD,NON,6229,11:42,SUD EST,NIMES PONT DU GARD,PALANG,FRXZP,11:06,FRVLA
1592,2023-08-14,BOURG EN BRESSE,NON,9777,19:30,INTERNATIONAL,GENEVE,PAGENEVE,CHGVA,18:12,FRXBK
1593,2023-08-14,BOURG EN BRESSE,NON,9777,19:00,INTERNATIONAL,BELLEGARDE,PAGENEVE,FRXBF,18:12,FRXBK
1594,2023-08-14,LORIENT,OUI,8715,14:34,ATLANTIQUE,QUIMPER,PARISBRETA,FRUIP,14:00,FRLRT
1595,2023-08-14,PARIS (intramuros),NON,8715,13:25,ATLANTIQUE,VANNES,PARISBRETA,FRVNE,10:53,FRPMO
1596,2023-08-14,VANNES,OUI,8715,13:57,ATLANTIQUE,LORIENT,PARISBRETA,FRLRT,13:28,FRVNE
1597,2023-08-14,LES SABLES D'OLONNE,OUI,8986,19:43,ATLANTIQUE,ANGERS ST LAUD,LOIREPARIS,FRACL,17:44,FRLSO
1598,2023-08-14,LES SABLES D'OLONNE,NON,8986,21:12,ATLANTIQUE,PARIS (intramuros),LOIREPARIS,FRPMO,17:44,FRLSO
1599,2023-08-14,NANTES,OUI,8986,19:43,ATLANTIQUE,ANGERS ST LAUD,LOIREPARIS,FRACL,19:05,FRNTE
1600,2023-08-14,ANGERS ST LAUD,OUI,5354,14:50,SUD EST,NANTES,JCSUDATL,FRNTE,14:12,FRACL
1601,2023-08-14,MASSY TGV,NON,5354,13:29,SUD EST,LE MANS,JCSUDATL,FRAET,12:39,FRDJU
1602,2023-08-14,MASSY TGV,NON,5354,14:50,SUD EST,NANTES,JCSUDATL,FRNTE,12:39,FRDJU
1603,2023-08-14,LYON (intramuros),NON,5354,14:09,SUD EST,ANGERS ST LAUD,JCSUDATL,FRACL,10:30,FRLPD
1604,2023-08-14,LYON (intramuros),NON,5354,14:50,SUD EST,NANTES,JCSUDATL,FRNTE,10:30,FRLPD
1605,2023-08-14,LYON (intramuros),OUI,5354,10:24,SUD EST,LYON (intramuros),JCSUDATL,FRLPD,10:16,FRLPE
1606,2023-08-14,BORDEAUX ST JEAN,OUI,8472,19:10,ATLANTIQUE,MASSY TGV,SUDOUESTPA,FRDJU,17:08,FRBOJ
1607,2023-08-14,ARCACHON,OUI,8472,17:02,ATLANTIQUE,BORDEAUX ST JEAN,SUDOUESTPA,FRBOJ,16:23,FRXAC
1608,2023-08-14,NANTES,OUI,8985,22:19,ATLANTIQUE,LES SABLES D'OLONNE,PARISLOIRE,FRLSO,21:10,FRNTE
1609,2023-08-14,SABLE SUR SARTHE,NON,8985,20:16,ATLANTIQUE,ANGERS ST LAUD,PARISLOIRE,FRACL,19:56,FRSAB
1610,2023-08-14,CHAMBERY CHALLES LES EAUX,NON,6964,13:14,SUD EST,PARIS (intramuros),ALPESPARIS,FRPLY,10:22,FRCMF
1611,2023-08-14,MACON LOCHE TGV,NON,6964,13:14,SUD EST,PARIS (intramuros),ALPESPARIS,FRPLY,11:43,FRMLT
1612,2023-08-14,ANNECY,OUI,6964,09:57,SUD EST,AIX LES BAINS LE REVARD,ALPESPARIS,FRXAI,09:29,FRNCY
1613,2023-08-14,AIX LES BAINS LE REVARD,OUI,6964,10:09,SUD EST,CHAMBERY CHALLES LES EAUX,ALPESPARIS,FRCMF,10:00,FRXAI
1614,2023-08-14,AIX LES BAINS LE REVARD,NON,6964,13:14,SUD EST,PARIS (intramuros),ALPESPARIS,FRPLY,10:00,FRXAI
1615,2023-08-14,BRUXELLES MIDI BRUSSEL ZUID,NON,9836,20:00,NORD,LYON (intramuros),JCNORDSUD,FRLPD,16:17,BEBMI
1616,2023-08-14,LILLE (intramuros),OUI,9836,21:37,NORD,NIMES,JCNORDSUD,FRFNI,17:03,FRLLE
1617,2023-08-14,LILLE (intramuros),OUI,9836,20:00,NORD,LYON (intramuros),JCNORDSUD,FRLPD,17:03,FRLLE
1618,2023-08-14,LILLE (intramuros),OUI,9836,20:49,NORD,VALENCE TGV RHONE-ALPES SUD,JCNORDSUD,FRVLA,17:03,FRLLE
1619,2023-08-14,AEROPORT CDG2 TGV ROISSY,OUI,9836,18:08,NORD,MARNE LA VALLEE CHESSY,JCNORDSUD,FRMLV,17:59,FRMLW
1620,2023-08-14,PARIS (intramuros),OUI,5983,22:29,IC ARO,CLERMONT FERRAND,PACLERMONT,FRCFE,18:57,FRPBE
1621,2023-08-14,PARIS (intramuros),OUI,5983,21:55,IC ARO,VICHY,PACLERMONT,FRVHY,18:57,FRPBE
1622,2023-08-14,VICHY,OUI,5983,22:29,IC ARO,CLERMONT FERRAND,PACLERMONT,FRCFE,21:57,FRVHY
1623,2023-08-14,VICHY,OUI,5983,22:17,IC ARO,RIOM CHATEL GUYON,PACLERMONT,FRRIO,21:57,FRVHY
1624,2023-08-14,PAU,NON,14148,16:36,IC SRO,LOURDES,SUDOUEST,FRLDE,16:11,FRAEE
1625,2023-08-14,ORTHEZ,NON,14148,16:08,IC SRO,PAU,SUDOUEST,FRAEE,15:47,FRGFI
1626,2023-08-14,ORTHEZ,NON,14148,16:52,IC SRO,TARBES,SUDOUEST,FRXTB,15:47,FRGFI
1627,2023-08-14,LOURDES,NON,14148,16:52,IC SRO,TARBES,SUDOUEST,FRXTB,16:39,FRLDE
1628,2023-08-14,LOURDES,NON,14148,18:27,IC SRO,TOULOUSE MATABIAU,SUDOUEST,FRXYT,16:39,FRLDE
1629,2023-08-14,LANNEMEZAN,NON,14148,18:27,IC SRO,TOULOUSE MATABIAU,SUDOUEST,FRXYT,17:19,FRLNZ
1630,2023-08-14,PARIS (intramuros),NON,6153,22:11,SUD EST,TOULON,PAAZUR,FRTLN,18:10,FRPLY
1631,2023-08-14,AVIGNON TGV,NON,5376,08:37,SUD EST,VALENCE TGV RHONE-ALPES SUD,JCSUDATL,FRVLA,08:05,FRAVG
1632,2023-08-14,MASSY PALAISEAU,OUI,5376,12:37,SUD EST,MANTES LA JOLIE,JCSUDATL,FRMTE,11:40,FRMPU
1633,2023-08-14,MARSEILLE ST CHARLES,NON,5376,14:31,SUD EST,LE HAVRE,JCSUDATL,FRAEZ,07:35,FRMSC
1634,2023-08-14,MARSEILLE ST CHARLES,NON,5376,13:22,SUD EST,ROUEN RIVE DROITE,JCSUDATL,FRURD,07:35,FRMSC
1635,2023-08-14,MANTES LA JOLIE,OUI,5376,14:31,SUD EST,LE HAVRE,JCSUDATL,FRAEZ,12:40,FRMTE
1636,2023-08-14,NIMES,OUI,5156,10:40,NORD,LILLE (intramuros),JCSUDNORD,FRADJ,05:56,FRFNI
1637,2023-08-14,MARNE LA VALLEE CHESSY,OUI,5156,09:33,NORD,AEROPORT CDG2 TGV ROISSY,JCSUDNORD,FRMLW,09:22,FRMLV
1638,2023-08-14,VALENCE TGV RHONE-ALPES SUD,OUI,5156,10:40,NORD,LILLE (intramuros),JCSUDNORD,FRADJ,06:44,FRVLA
1639,2023-08-14,DIJON VILLE,NON,5516,15:24,EST,COLMAR,JCRHONRHIN,FRAEJ,13:37,FRABA
1640,2023-08-14,DIJON VILLE,NON,5516,17:35,EST,NANCY,JCRHONRHIN,FRENC,13:37,FRABA
1641,2023-08-14,DIJON VILLE,NON,5516,14:30,EST,BELFORT-MONTBELIARD TGV,JCRHONRHIN,FRTJA,13:37,FRABA
1642,2023-08-14,MULHOUSE VILLE,OUI,5516,15:54,EST,STRASBOURG,JCRHONRHIN,FRAEG,15:07,FRAEK
1643,2023-08-14,MULHOUSE VILLE,OUI,5516,15:24,EST,COLMAR,JCRHONRHIN,FRAEJ,15:07,FRAEK
1644,2023-08-14,AIX EN PROVENCE TGV,NON,5516,15:24,EST,COLMAR,JCRHONRHIN,FRAEJ,09:58,FRAIE
1645,2023-08-14,AIX EN PROVENCE TGV,NON,5516,12:09,EST,MACON VILLE,JCRHONRHIN,FRHGU,09:58,FRAIE
1646,2023-08-14,AVIGNON TGV,NON,5516,13:25,EST,DIJON VILLE,JCRHONRHIN,FRABA,10:20,FRAVG
1647,2023-08-14,AVIGNON TGV,NON,5516,15:54,EST,STRASBOURG,JCRHONRHIN,FRAEG,10:20,FRAVG
1648,2023-08-14,AVIGNON TGV,NON,5516,17:35,EST,NANCY,JCRHONRHIN,FRENC,10:20,FRAVG
1649,2023-08-14,MACON VILLE,NON,5516,15:54,EST,STRASBOURG,JCRHONRHIN,FRAEG,12:12,FRHGU
1650,2023-08-14,MACON VILLE,NON,5516,14:30,EST,BELFORT-MONTBELIARD TGV,JCRHONRHIN,FRTJA,12:12,FRHGU
1651,2023-08-14,CANNES,NON,5516,14:55,EST,MULHOUSE VILLE,JCRHONRHIN,FRAEK,07:30,FRJCA
1652,2023-08-14,LYON (intramuros),NON,5516,12:09,EST,MACON VILLE,JCRHONRHIN,FRHGU,11:32,FRLPD
1653,2023-08-14,LYON (intramuros),NON,5516,14:06,EST,BESANCON - F COMTE TGV,JCRHONRHIN,FRTJB,11:32,FRLPD
1654,2023-08-14,MARSEILLE ST CHARLES,NON,5516,14:30,EST,BELFORT-MONTBELIARD TGV,JCRHONRHIN,FRTJA,09:45,FRMSC
1655,2023-08-14,MARSEILLE ST CHARLES,NON,5516,13:03,EST,BEAUNE,JCRHONRHIN,FRXBV,09:45,FRMSC
1656,2023-08-14,NICE VILLE,NON,5516,14:55,EST,MULHOUSE VILLE,JCRHONRHIN,FRAEK,07:00,FRNIC
1657,2023-08-14,NICE VILLE,NON,5516,10:17,EST,AVIGNON TGV,JCRHONRHIN,FRAVG,07:00,FRNIC
1658,2023-08-14,NICE VILLE,OUI,5516,07:13,EST,ANTIBES,JCRHONRHIN,FRXAT,07:00,FRNIC
1659,2023-08-14,BELFORT-MONTBELIARD TGV,NON,5516,14:55,EST,MULHOUSE VILLE,JCRHONRHIN,FRAEK,14:33,FRTJA
1660,2023-08-14,TOULON,OUI,5516,09:33,EST,MARSEILLE ST CHARLES,JCRHONRHIN,FRMSC,08:50,FRTLN
1661,2023-08-14,ANTIBES,NON,5516,17:35,EST,NANCY,JCRHONRHIN,FRENC,07:16,FRXAT
1662,2023-08-14,ANTIBES,OUI,5516,07:26,EST,CANNES,JCRHONRHIN,FRJCA,07:16,FRXAT
1663,2023-08-14,CHALON SUR SAONE,NON,5516,13:25,EST,DIJON VILLE,JCRHONRHIN,FRABA,12:44,FRXCD
1664,2023-08-14,CHALON SUR SAONE,NON,5516,13:03,EST,BEAUNE,JCRHONRHIN,FRXBV,12:44,FRXCD
1665,2023-08-14,LES ARCS DRAGUIGNAN,NON,5516,14:55,EST,MULHOUSE VILLE,JCRHONRHIN,FRAEK,08:12,FRXRS
1666,2023-08-14,LES ARCS DRAGUIGNAN,NON,5516,17:35,EST,NANCY,JCRHONRHIN,FRENC,08:12,FRXRS
1667,2023-08-14,LES ARCS DRAGUIGNAN,OUI,5516,09:33,EST,MARSEILLE ST CHARLES,JCRHONRHIN,FRMSC,08:12,FRXRS
1668,2023-08-14,ST RAPHAEL VALESCURE,NON,5516,09:55,EST,AIX EN PROVENCE TGV,JCRHONRHIN,FRAIE,07:55,FRXSK
1669,2023-08-14,ST RAPHAEL VALESCURE,NON,5516,17:35,EST,NANCY,JCRHONRHIN,FRENC,07:55,FRXSK
1670,2023-08-14,MULHOUSE VILLE,OUI,5516,17:35,EST,NANCY,JCRHONRHIN,FRENC,15:07,FRAEK
1671,2023-08-14,NICE VILLE,NON,5516,14:30,EST,BELFORT-MONTBELIARD TGV,JCRHONRHIN,FRTJA,07:00,FRNIC
1672,2023-08-14,BESANCON - F COMTE TGV,NON,5516,17:35,EST,NANCY,JCRHONRHIN,FRENC,14:09,FRTJB
1673,2023-08-14,BEAUNE,NON,5516,14:30,EST,BELFORT-MONTBELIARD TGV,JCRHONRHIN,FRTJA,13:06,FRXBV
1674,2023-08-14,GUINGAMP,NON,8630,16:29,ATLANTIQUE,RENNES,BRETAPARIS,FRRNS,15:18,FRGGP
1675,2023-08-14,MORLAIX,OUI,8630,15:15,ATLANTIQUE,GUINGAMP,BRETAPARIS,FRGGP,14:44,FRMXN
1676,2023-08-14,MORLAIX,NON,8630,18:12,ATLANTIQUE,PARIS (intramuros),BRETAPARIS,FRPMO,14:44,FRMXN
1677,2023-08-14,MORLAIX,NON,8630,15:32,ATLANTIQUE,ST BRIEUC,BRETAPARIS,FRSBK,14:44,FRMXN
1678,2023-08-14,ST BRIEUC,NON,8630,15:46,ATLANTIQUE,LAMBALLE,BRETAPARIS,FRLAM,15:36,FRSBK
1679,2023-08-14,PARIS (intramuros),NON,8619,14:25,ATLANTIQUE,RENNES,PARISBRETA,FRRNS,12:56,FRPMO
1680,2023-08-14,ST BRIEUC,OUI,8619,16:25,ATLANTIQUE,BREST,PARISBRETA,FRBES,15:16,FRSBK
1681,2023-08-14,LAVAL,NON,8710,13:19,ATLANTIQUE,PARIS (intramuros),BRETAPARIS,FRPMO,12:04,FRACR
1682,2023-08-14,QUIMPERLE,OUI,8710,10:19,ATLANTIQUE,VANNES,BRETAPARIS,FRVNE,09:35,FRECO
1683,2023-08-14,ROSPORDEN,OUI,8710,09:46,ATLANTIQUE,LORIENT,BRETAPARIS,FRLRT,09:20,FRRSP
1684,2023-08-14,VANNES,NON,8710,10:48,ATLANTIQUE,REDON,BRETAPARIS,FRXRN,10:23,FRVNE
1685,2023-08-14,LILLE (intramuros),NON,5224,12:04,NORD,MASSY TGV,JCNORDBRET,FRDJU,09:32,FRADJ
1686,2023-08-14,LILLE (intramuros),OUI,5224,09:58,NORD,DOUAI,JCNORDBRET,FRXDN,09:32,FRADJ
1687,2023-08-14,AEROPORT CDG2 TGV ROISSY,NON,5224,12:04,NORD,MASSY TGV,JCNORDBRET,FRDJU,11:19,FRMLW
1688,2023-08-14,TGV HAUTE PICARDIE,OUI,5224,11:13,NORD,AEROPORT CDG2 TGV ROISSY,JCNORDBRET,FRMLW,10:45,FRTHP
1689,2023-08-14,DOUAI,NON,5224,14:02,NORD,ANGERS ST LAUD,JCNORDBRET,FRACL,10:01,FRXDN
1690,2023-08-14,LAVAL,NON,8605,12:43,ATLANTIQUE,BREST,PARISBRETA,FRBES,09:58,FRACR
1691,2023-08-14,LAVAL,NON,8605,10:25,ATLANTIQUE,RENNES,PARISBRETA,FRRNS,09:58,FRACR
1692,2023-08-14,LAVAL,NON,8605,11:21,ATLANTIQUE,ST BRIEUC,PARISBRETA,FRSBK,09:58,FRACR
1693,2023-08-14,GUINGAMP,OUI,8605,12:08,ATLANTIQUE,MORLAIX,PARISBRETA,FRMXN,11:41,FRGGP
1694,2023-08-14,LAMBALLE,NON,8605,11:38,ATLANTIQUE,GUINGAMP,PARISBRETA,FRGGP,11:11,FRLAM
1695,2023-08-14,PARIS (intramuros),NON,8605,11:38,ATLANTIQUE,GUINGAMP,PARISBRETA,FRGGP,08:40,FRPMO
1696,2023-08-14,PARIS (intramuros),NON,8605,11:21,ATLANTIQUE,ST BRIEUC,PARISBRETA,FRSBK,08:40,FRPMO
1697,2023-08-14,RENNES,NON,8605,11:38,ATLANTIQUE,GUINGAMP,PARISBRETA,FRGGP,10:32,FRRNS
1698,2023-08-14,RENNES,NON,8605,11:21,ATLANTIQUE,ST BRIEUC,PARISBRETA,FRSBK,10:32,FRRNS
1699,2023-08-14,ANGERS ST LAUD,OUI,8803,09:54,ATLANTIQUE,NANTES,PARISLOIRE,FRNTE,09:16,FRACL
1700,2023-08-14,PARIS (intramuros),OUI,8803,09:13,ATLANTIQUE,ANGERS ST LAUD,PARISLOIRE,FRACL,07:45,FRPMO
1701,2023-08-14,MARNE LA VALLEE CHESSY,NON,5062,13:34,NORD,TGV HAUTE PICARDIE,JCSUDNORD,FRTHP,12:51,FRMLV
1702,2023-08-14,TGV HAUTE PICARDIE,OUI,5062,13:55,NORD,ARRAS,JCSUDNORD,FRQRV,13:38,FRTHP
1703,2023-08-14,VALENCE TGV RHONE-ALPES SUD,NON,5062,13:01,NORD,AEROPORT CDG2 TGV ROISSY,JCSUDNORD,FRMLW,10:15,FRVLA
1704,2023-08-14,VALENCE TGV RHONE-ALPES SUD,NON,5062,13:55,NORD,ARRAS,JCSUDNORD,FRQRV,10:15,FRVLA
1705,2023-08-14,MONTPELLIER SUD DE FRANCE,NON,5062,12:47,NORD,MARNE LA VALLEE CHESSY,JCSUDNORD,FRMLV,09:12,FRSUF
1706,2023-08-14,NIMES PONT DU GARD,OUI,5062,10:10,NORD,VALENCE TGV RHONE-ALPES SUD,JCSUDNORD,FRVLA,09:33,FRXZP
1707,2023-08-14,NIMES PONT DU GARD,NON,5062,10:53,NORD,LYON (intramuros),JCSUDNORD,FRLPD,09:33,FRXZP
1708,2023-08-14,LA ROCHELLE VILLE,NON,3831,10:03,IC SRO,ROCHEFORT,NANTEBORDO,FRRCO,09:43,FRLRH
1709,2023-08-14,LA ROCHELLE VILLE,NON,3831,10:32,IC SRO,SAINTES,NANTEBORDO,FRXST,09:43,FRLRH
1710,2023-08-14,NANTES,NON,3831,08:58,IC SRO,LUCON,NANTEBORDO,FRLCN,07:55,FRNTE
1711,2023-08-14,NANTES,NON,3831,08:35,IC SRO,LA ROCHE SUR YON,NANTEBORDO,FRXRO,07:55,FRNTE
1712,2023-08-14,LA ROCHE SUR YON,NON,3831,12:07,IC SRO,BORDEAUX ST JEAN,NANTEBORDO,FRBOJ,08:36,FRXRO
1713,2023-08-14,LA ROCHE SUR YON,NON,3831,11:10,IC SRO,JONZAC,NANTEBORDO,FREMR,08:36,FRXRO
1714,2023-08-14,LA ROCHE SUR YON,NON,3831,09:39,IC SRO,LA ROCHELLE VILLE,NANTEBORDO,FRLRH,08:36,FRXRO
1715,2023-08-14,LA ROCHE SUR YON,NON,3831,10:32,IC SRO,SAINTES,NANTEBORDO,FRXST,08:36,FRXRO
1716,2023-08-14,LIMOGES BENEDICTINS,OUI,3615,11:33,IC ARO,UZERCHE,PALITO,FRAAW,10:57,FRAGQ
1717,2023-08-14,LIMOGES BENEDICTINS,OUI,3615,12:00,IC ARO,BRIVE LA GAILLARDE,PALITO,FRBVE,10:57,FRAGQ
1718,2023-08-14,LA SOUTERRAINE,OUI,3615,12:00,IC ARO,BRIVE LA GAILLARDE,PALITO,FRBVE,10:22,FRLST
1719,2023-08-14,PARIS (intramuros),NON,3615,09:42,IC ARO,CHATEAUROUX,PALITO,FRCHR,07:41,FRPAZ
1720,2023-08-14,VIERZON VILLE,NON,3615,12:00,IC ARO,BRIVE LA GAILLARDE,PALITO,FRBVE,09:12,FRXVZ
1721,2023-08-14,BRUXELLES MIDI BRUSSEL ZUID,OUI,9838,18:43,NORD,AEROPORT CDG2 TGV ROISSY,JCNORDBRET,FRMLW,16:54,BEBMI
1722,2023-08-14,MASSY TGV,NON,9838,21:01,NORD,LAVAL,JCNORDBRET,FRACR,19:39,FRDJU
1723,2023-08-14,MARNE LA VALLEE CHESSY,NON,9838,21:29,NORD,RENNES,JCNORDBRET,FRRNS,19:02,FRMLV
1724,2023-08-14,AEROPORT CDG2 TGV ROISSY,NON,9838,20:29,NORD,LE MANS,JCNORDBRET,FRAET,18:49,FRMLW
1725,2023-08-14,TGV HAUTE PICARDIE,NON,9838,19:34,NORD,MASSY TGV,JCNORDBRET,FRDJU,18:15,FRTHP
1726,2023-08-14,BRUXELLES MIDI BRUSSEL ZUID,NON,9838,19:34,NORD,MASSY TGV,JCNORDBRET,FRDJU,16:54,BEBMI
1727,2023-08-14,BEZIERS,NON,9713,14:24,SUD EST,NARBONNE,PABARCELONE,FRXNA,14:10,FRBZR
1728,2023-08-14,MONTPELLIER SAINT-ROCH,NON,9713,14:07,SUD EST,BEZIERS,PABARCELONE,FRBZR,13:18,FRMPL
1729,2023-08-14,MONTPELLIER SAINT-ROCH,NON,9713,14:58,SUD EST,PERPIGNAN,PABARCELONE,FRPGF,13:18,FRMPL
1730,2023-08-14,VALENCE TGV RHONE-ALPES SUD,NON,9713,13:13,SUD EST,MONTPELLIER SAINT-ROCH,PABARCELONE,FRMPL,12:00,FRVLA
1731,2023-08-14,VALENCE TGV RHONE-ALPES SUD,NON,9713,13:52,SUD EST,AGDE,PABARCELONE,FRXAG,12:00,FRVLA
1732,2023-08-14,SETE,NON,9713,14:07,SUD EST,BEZIERS,PABARCELONE,FRBZR,13:35,FRXSY
1733,2023-08-14,NARBONNE,NON,9713,16:34,SUD EST,BARCELONA SANTS,PABARCELONE,ESBST,14:27,FRXNA
1734,2023-08-14,PARIS (intramuros),NON,9713,15:46,SUD EST,GIRONA,PABARCELONE,ESGRO,09:42,FRPLY
1735,2023-08-14,VALENCE TGV RHONE-ALPES SUD,NON,9713,15:46,SUD EST,GIRONA,PABARCELONE,ESGRO,12:00,FRVLA
1736,2023-08-14,VALENCE TGV RHONE-ALPES SUD,NON,9713,15:27,SUD EST,FIGUERES VILA TGV,PABARCELONE,ESFIR,12:00,FRVLA
1737,2023-08-14,NIMES,NON,9713,15:27,SUD EST,FIGUERES VILA TGV,PABARCELONE,ESFIR,12:47,FRFNI
1738,2023-08-14,HENDAYE,OUI,8550,20:40,ATLANTIQUE,BORDEAUX ST JEAN,SUDOUESTPA,FRBOJ,18:07,FRAEF
1739,2023-08-14,HENDAYE,OUI,8550,18:17,ATLANTIQUE,ST JEAN DE LUZ CIBOURE,SUDOUESTPA,FRXJZ,18:07,FRAEF
1740,2023-08-14,ST JEAN DE LUZ CIBOURE,NON,8550,22:56,ATLANTIQUE,PARIS (intramuros),SUDOUESTPA,FRPMO,18:19,FRXJZ
1741,2023-08-14,PARIS (intramuros),NON,9211,11:57,INTERNATIONAL,DIJON VILLE,PABALZUR,FRABA,10:22,FRPLY
1742,2023-08-14,AIX EN PROVENCE TGV,NON,9866,16:57,NORD,LILLE (intramuros),JCSUDNORD,FRLLE,12:26,FRAIE
1743,2023-08-14,AIX EN PROVENCE TGV,NON,9866,13:54,NORD,LYON (intramuros),JCSUDNORD,FRLPD,12:26,FRAIE
1744,2023-08-14,AVIGNON TGV,NON,9866,15:46,NORD,MARNE LA VALLEE CHESSY,JCSUDNORD,FRMLV,12:48,FRAVG
1745,2023-08-14,AVIGNON TGV,NON,9866,16:00,NORD,AEROPORT CDG2 TGV ROISSY,JCSUDNORD,FRMLW,12:48,FRAVG
1746,2023-08-14,MARNE LA VALLEE CHESSY,NON,9866,16:00,NORD,AEROPORT CDG2 TGV ROISSY,JCSUDNORD,FRMLW,15:50,FRMLV
1747,2023-08-14,SURGERES,NON,8378,16:57,ATLANTIQUE,PARIS (intramuros),ROCHELLEPA,FRPMO,14:08,FREIP
1748,2023-08-14,NIORT,OUI,8378,15:16,ATLANTIQUE,POITIERS,ROCHELLEPA,FRPIS,14:29,FRNIT
1749,2023-08-14,DAX,NON,8544,20:43,ATLANTIQUE,MASSY TGV,SUDOUESTPA,FRDJU,17:22,FRACG
1750,2023-08-14,HENDAYE,OUI,8544,17:17,ATLANTIQUE,DAX,SUDOUESTPA,FRACG,16:07,FRAEF
1751,2023-08-14,BAYONNE,NON,8544,20:43,ATLANTIQUE,MASSY TGV,SUDOUESTPA,FRDJU,16:47,FRXBY
1752,2023-08-14,ST JEAN DE LUZ CIBOURE,OUI,8544,16:29,ATLANTIQUE,BIARRITZ,SUDOUESTPA,FRBIQ,16:19,FRXJZ
1753,2023-08-14,BRUXELLES MIDI BRUSSEL ZUID,NON,9874,16:48,NORD,LORRAINE TGV,JCNORDEST,FREAM,13:17,BEBMI
1754,2023-08-14,LORRAINE TGV,OUI,9874,17:37,NORD,STRASBOURG,JCNORDEST,FRAEG,16:51,FREAM
1755,2023-08-14,LILLE (intramuros),OUI,9874,14:53,NORD,AEROPORT CDG2 TGV ROISSY,JCNORDEST,FRMLW,14:03,FRLLE
1756,2023-08-14,MARNE LA VALLEE CHESSY,NON,9874,16:48,NORD,LORRAINE TGV,JCNORDEST,FREAM,15:23,FRMLV
1757,2023-08-14,PARIS (intramuros),NON,8485,17:15,ATLANTIQUE,LIBOURNE,PASUDOUEST,FRXLR,14:15,FRPMO
1758,2023-08-14,ST PIERRE DES CORPS,NON,8485,16:34,ATLANTIQUE,ANGOULEME,PASUDOUEST,FRANG,15:21,FRXSH
1759,2023-08-14,MASSY TGV,NON,2094,12:55,EST,CHAMPAGNE-ARDENNE,JCATLEST,FREAH,11:55,FRDJU
1760,2023-08-14,MASSY TGV,NON,2094,13:23,EST,MEUSE TGV,JCATLEST,FREAJ,11:55,FRDJU
1761,2023-08-14,MEUSE TGV,OUI,2094,14:29,EST,STRASBOURG,JCATLEST,FRAEG,13:30,FREAJ
1762,2023-08-14,MEUSE TGV,OUI,2094,13:49,EST,LORRAINE TGV,JCATLEST,FREAM,13:30,FREAJ
1763,2023-08-14,POITIERS,NON,2094,14:29,EST,STRASBOURG,JCATLEST,FRAEG,10:19,FRPIS
1764,2023-08-14,POITIERS,NON,2094,12:24,EST,MARNE LA VALLEE CHESSY,JCATLEST,FRMLV,10:19,FRPIS
1765,2023-08-14,AVIGNON CENTRE,OUI,6194,08:09,SUD EST,VALENCE VILLE,VDRPA,FRVAF,07:04,FRAES
1766,2023-08-14,VALENCE VILLE,OUI,6194,10:46,SUD EST,PARIS (intramuros),VDRPA,FRPLY,08:12,FRVAF
1767,2023-08-14,MONTELIMAR GARE SNCF,OUI,6194,10:46,SUD EST,PARIS (intramuros),VDRPA,FRPLY,07:48,FRXMK
1768,2023-08-14,ORANGE,OUI,6194,10:46,SUD EST,PARIS (intramuros),VDRPA,FRPLY,07:21,FRXOG
1769,2023-08-14,ORANGE,OUI,6194,08:09,SUD EST,VALENCE VILLE,VDRPA,FRVAF,07:21,FRXOG
1770,2023-08-14,BRUXELLES MIDI BRUSSEL ZUID,NON,9870,11:05,NORD,STRASBOURG,JCNORDEST,FRAEG,07:17,BEBMI
1771,2023-08-14,BRUXELLES MIDI BRUSSEL ZUID,NON,9870,10:25,NORD,LORRAINE TGV,JCNORDEST,FREAM,07:17,BEBMI
1772,2023-08-14,MEUSE TGV,OUI,9870,10:25,NORD,LORRAINE TGV,JCNORDEST,FREAM,10:07,FREAJ
1773,2023-08-14,LILLE (intramuros),NON,9870,10:25,NORD,LORRAINE TGV,JCNORDEST,FREAM,08:02,FRLLE
1774,2023-08-14,LILLE (intramuros),OUI,9870,08:53,NORD,AEROPORT CDG2 TGV ROISSY,JCNORDEST,FRMLW,08:02,FRLLE
1775,2023-08-14,AEROPORT CDG2 TGV ROISSY,NON,9870,10:25,NORD,LORRAINE TGV,JCNORDEST,FREAM,08:59,FRMLW
1776,2023-08-14,AVIGNON TGV,NON,6173,13:11,SUD EST,TOULON,PAAZUR,FRTLN,12:05,FRAVG
1777,2023-08-14,CANNES,OUI,6173,14:57,SUD EST,NICE VILLE,PAAZUR,FRNIC,14:30,FRJCA
1778,2023-08-14,PARIS (intramuros),NON,6173,14:57,SUD EST,NICE VILLE,PAAZUR,FRNIC,09:26,FRPLY
1779,2023-08-14,ANGOULEME,NON,8486,12:04,ATLANTIQUE,POITIERS,SUDOUESTPA,FRPIS,11:25,FRANG
1780,2023-08-14,ANGOULEME,NON,8486,13:37,ATLANTIQUE,PARIS (intramuros),SUDOUESTPA,FRPMO,11:25,FRANG
1781,2023-08-14,BORDEAUX ST JEAN,OUI,8486,11:22,ATLANTIQUE,ANGOULEME,SUDOUESTPA,FRANG,10:18,FRBOJ
1782,2023-08-14,LIBOURNE,NON,8486,13:37,ATLANTIQUE,PARIS (intramuros),SUDOUESTPA,FRPMO,10:42,FRXLR
1783,2023-08-14,LOURDES,OUI,3742,06:08,IC NUIT,LES AUBRAIS ORLEANS,PALOMBEPAR,FRLAB,22:13,FRLDE
1784,2023-08-14,BAYONNE,OUI,3742,06:08,IC NUIT,LES AUBRAIS ORLEANS,PALOMBEPAR,FRLAB,19:37,FRXBY
1785,2023-08-14,BAYONNE,OUI,3742,07:19,IC NUIT,PARIS (intramuros),PALOMBEPAR,FRPAZ,19:37,FRXBY
1786,2023-08-14,ST JEAN DE LUZ CIBOURE,OUI,3742,07:19,IC NUIT,PARIS (intramuros),PALOMBEPAR,FRPAZ,19:10,FRXJZ
1787,2023-08-14,TOULON,NON,6074,12:33,SUD EST,MARSEILLE ST CHARLES,AZURPA,FRMSC,11:48,FRTLN
1788,2023-08-14,TOULON,NON,6074,15:50,SUD EST,PARIS (intramuros),AZURPA,FRPLY,11:48,FRTLN
1789,2023-08-14,ANTIBES,NON,6074,15:50,SUD EST,PARIS (intramuros),AZURPA,FRPLY,10:16,FRXAT
1790,2023-08-14,LILLE (intramuros),OUI,5026,11:53,NORD,AEROPORT CDG2 TGV ROISSY,JCNORDSUD,FRMLW,11:03,FRLLE
1791,2023-08-14,PAU,NON,14143,14:13,IC SRO,ORTHEZ,SUDOUEST,FRGFI,13:52,FRAEE
1792,2023-08-14,PAU,NON,14143,14:59,IC SRO,BAYONNE,SUDOUEST,FRXBY,13:52,FRAEE
1793,2023-08-14,ST GAUDENS,NON,14143,14:59,IC SRO,BAYONNE,SUDOUEST,FRXBY,12:21,FRFPH
1794,2023-08-14,LOURDES,NON,14143,14:59,IC SRO,BAYONNE,SUDOUEST,FRXBY,13:24,FRLDE
1795,2023-08-14,TOULOUSE MATABIAU,NON,14143,14:59,IC SRO,BAYONNE,SUDOUEST,FRXBY,11:32,FRXYT
1796,2023-08-14,CLERMONT FERRAND,NON,5966,11:58,IC ARO,NEVERS,CLERMONTPA,FRNVS,10:31,FRCFE
1797,2023-08-14,CLERMONT FERRAND,NON,5966,13:57,IC ARO,PARIS (intramuros),CLERMONTPA,FRPBE,10:31,FRCFE
1798,2023-08-14,RIOM CHATEL GUYON,NON,5966,11:29,IC ARO,MOULINS SUR ALLIER,CLERMONTPA,FRXMU,10:42,FRRIO
1799,2023-08-14,BREST,OUI,8606,08:20,ATLANTIQUE,GUINGAMP,BRETAPARIS,FRGGP,07:22,FRBES
1800,2023-08-14,STRASBOURG,NON,9590,09:35,EST,PARIS (intramuros),MULHSTRAPA,FRPST,07:49,FRAEG
1801,2023-08-14,LAHR SCHWARZW,NON,9590,09:35,EST,PARIS (intramuros),MULHSTRAPA,FRPST,07:05,DEANL
1802,2023-08-14,FREIBURG BREISGAU HBF,OUI,9590,07:40,EST,STRASBOURG,MULHSTRAPA,FRAEG,06:36,DEFGB
1803,2023-08-14,LYON (intramuros),OUI,9852,06:31,NORD,LE CREUSOT MONTCEAU MONTCHANIN,JCSUDNORD,FRXCC,05:50,FRLPD
1804,2023-08-14,LYON (intramuros),OUI,9852,09:43,NORD,BRUXELLES MIDI BRUSSEL ZUID,JCSUDNORD,BEBMI,05:37,FRLPE
1805,2023-08-14,MARNE LA VALLEE CHESSY,OUI,9852,08:56,NORD,LILLE (intramuros),JCSUDNORD,FRLLE,07:50,FRMLV
1806,2023-08-14,LE CREUSOT MONTCEAU MONTCHANIN,OUI,9852,09:43,NORD,BRUXELLES MIDI BRUSSEL ZUID,JCSUDNORD,BEBMI,06:34,FRXCC
1807,2023-08-14,LE CREUSOT MONTCEAU MONTCHANIN,OUI,9852,08:01,NORD,AEROPORT CDG2 TGV ROISSY,JCSUDNORD,FRMLW,06:34,FRXCC
1808,2023-08-14,THIONVILLE,OUI,2870,16:23,EST,PARIS (intramuros),LUXMETZPA,FRPST,14:34,FRXTH
1809,2023-08-14,RETHEL,OUI,2709,10:10,EST,CHARLEVILLE MEZIERES,PABARSED,FRXCZ,09:42,FRBDT
1810,2023-08-14,PARIS (intramuros),NON,2709,10:35,EST,SEDAN,PABARSED,FRXSW,08:28,FRPST
1811,2023-08-14,REIMS,OUI,2709,10:35,EST,SEDAN,PABARSED,FRXSW,09:19,FRRHE
1812,2023-08-14,DAX,NON,8583,15:40,ATLANTIQUE,BORDEAUX ST JEAN,SUDOUESTPA,FRBOJ,14:19,FRACG
1813,2023-08-14,PAU,OUI,8583,14:10,ATLANTIQUE,DAX,SUDOUESTPA,FRACG,13:16,FRAEE
1814,2023-08-14,ORTHEZ,NON,8583,15:40,ATLANTIQUE,BORDEAUX ST JEAN,SUDOUESTPA,FRBOJ,13:40,FRGFI
1815,2023-08-14,LOURDES,OUI,8583,14:10,ATLANTIQUE,DAX,SUDOUESTPA,FRACG,12:46,FRLDE
1816,2023-08-14,DIE,NON,5790,07:54,IC NUIT,PARIS (intramuros),BRIANCONPA,FRPAZ,23:13,FRDIE
1817,2023-08-14,MONTDAUPHIN GUILLESTRE,NON,5790,07:54,IC NUIT,PARIS (intramuros),BRIANCONPA,FRPAZ,20:33,FRIGZ
1818,2023-08-14,MASSY TGV,OUI,6062,11:30,SUD EST,LYON (intramuros),JCATLSUD,FRLPD,09:26,FRDJU
1819,2023-08-14,BEZIERS,NON,9715,19:56,SUD EST,PERPIGNAN,PABARCELONE,FRPGF,19:06,FRBZR
1820,2023-08-14,PARIS (intramuros),NON,9715,18:31,SUD EST,SETE,PABARCELONE,FRXSY,14:56,FRPLY
1821,2023-08-14,SETE,NON,9715,19:03,SUD EST,BEZIERS,PABARCELONE,FRBZR,18:34,FRXSY
1822,2023-08-14,MONTPELLIER SUD DE FRANCE,NON,9715,18:31,SUD EST,SETE,PABARCELONE,FRXSY,18:17,FRSUF
1823,2023-08-14,PERPIGNAN,NON,9715,20:27,SUD EST,FIGUERES VILA TGV,PABARCELONE,ESFIR,20:03,FRPGF
1824,2023-08-14,VALENCE TGV RHONE-ALPES SUD,NON,9715,17:46,SUD EST,NIMES PONT DU GARD,PABARCELONE,FRXZP,17:09,FRVLA
1825,2023-08-14,NIMES PONT DU GARD,NON,9715,18:08,SUD EST,MONTPELLIER SUD DE FRANCE,PABARCELONE,FRSUF,17:49,FRXZP
1826,2023-08-14,SETE,NON,9715,21:25,SUD EST,BARCELONA SANTS,PABARCELONE,ESBST,18:34,FRXSY
1827,2023-08-14,BEZIERS,NON,9715,20:44,SUD EST,GIRONA,PABARCELONE,ESGRO,19:06,FRBZR
1828,2023-08-14,BEZIERS,NON,9715,20:27,SUD EST,FIGUERES VILA TGV,PABARCELONE,ESFIR,19:06,FRBZR
1829,2023-08-14,SETE,NON,9715,20:44,SUD EST,GIRONA,PABARCELONE,ESGRO,18:34,FRXSY
1830,2023-08-14,VALENCE TGV RHONE-ALPES SUD,NON,5358,23:09,SUD EST,NANTES,JCSUDATL,FRNTE,17:42,FRVLA
1831,2023-08-14,NIMES PONT DU GARD,NON,5358,23:09,SUD EST,NANTES,JCSUDATL,FRNTE,17:01,FRXZP
1832,2023-08-14,NIMES PONT DU GARD,NON,5358,20:34,SUD EST,MASSY TGV,JCSUDATL,FRDJU,17:01,FRXZP
1833,2023-08-14,ANGERS ST LAUD,NON,5300,10:17,SUD EST,VALENCE TGV RHONE-ALPES SUD,JCATLSUD,FRVLA,05:30,FRACL
1834,2023-08-14,ANGERS ST LAUD,OUI,5300,06:24,SUD EST,ST PIERRE DES CORPS,JCATLSUD,FRXSH,05:30,FRACL
1835,2023-08-14,SAUMUR,NON,5300,10:17,SUD EST,VALENCE TGV RHONE-ALPES SUD,JCATLSUD,FRVLA,05:53,FRACN
1836,2023-08-14,SAUMUR,OUI,5300,06:24,SUD EST,ST PIERRE DES CORPS,JCATLSUD,FRXSH,05:53,FRACN
1837,2023-08-14,ST PIERRE DES CORPS,NON,5300,10:17,SUD EST,VALENCE TGV RHONE-ALPES SUD,JCATLSUD,FRVLA,06:28,FRXSH
1838,2023-08-14,LYON (intramuros),NON,5300,10:58,SUD EST,NIMES PONT DU GARD,JCATLSUD,FRXZP,09:39,FRLPD
1839,2023-08-14,PARIS (intramuros),OUI,8345,20:32,ATLANTIQUE,POITIERS,PAROCHELLE,FRPIS,18:28,FRPMO
1840,2023-08-14,PARIS (intramuros),OUI,8345,19:35,ATLANTIQUE,ST PIERRE DES CORPS,PAROCHELLE,FRXSH,18:28,FRPMO
1841,2023-08-14,ST PIERRE DES CORPS,OUI,8345,20:32,ATLANTIQUE,POITIERS,PAROCHELLE,FRPIS,19:44,FRXSH
1842,2023-08-14,POITIERS,NON,8437,13:02,ATLANTIQUE,BORDEAUX ST JEAN,PASUDOUEST,FRBOJ,11:44,FRPIS
1843,2023-08-14,PARIS (intramuros),NON,8437,12:23,ATLANTIQUE,ANGOULEME,PASUDOUEST,FRANG,10:03,FRPMO
1844,2023-08-14,DAX,NON,8571,11:21,ATLANTIQUE,LOURDES,PASUDOUEST,FRLDE,10:07,FRACG
1845,2023-08-14,PAU,OUI,8571,11:21,ATLANTIQUE,LOURDES,PASUDOUEST,FRLDE,10:55,FRAEE
1846,2023-08-14,PAU,OUI,8571,11:47,ATLANTIQUE,TARBES,PASUDOUEST,FRXTB,10:55,FRAEE
1847,2023-08-14,BORDEAUX ST JEAN,NON,8571,11:21,ATLANTIQUE,LOURDES,PASUDOUEST,FRLDE,08:54,FRBOJ
1848,2023-08-14,MASSY TGV,NON,8571,08:48,ATLANTIQUE,BORDEAUX ST JEAN,PASUDOUEST,FRBOJ,06:48,FRDJU
1849,2023-08-14,PARIS (intramuros),OUI,8571,06:45,ATLANTIQUE,MASSY TGV,PASUDOUEST,FRDJU,06:35,FRPMO
1850,2023-08-14,MASSY TGV,NON,8571,11:21,ATLANTIQUE,LOURDES,PASUDOUEST,FRLDE,06:48,FRDJU
1851,2023-08-14,LA ROCHELLE VILLE,OUI,8362,09:05,ATLANTIQUE,SURGERES,ROCHELLEPA,FREIP,08:47,FRLRH
1852,2023-08-14,LA ROCHELLE VILLE,OUI,8362,09:26,ATLANTIQUE,NIORT,ROCHELLEPA,FRNIT,08:47,FRLRH
1853,2023-08-14,LA ROCHELLE VILLE,OUI,8362,10:35,ATLANTIQUE,ST PIERRE DES CORPS,ROCHELLEPA,FRXSH,08:47,FRLRH
1854,2023-08-14,BEZIERS,NON,4762,17:18,IC ARO,TOULOUSE MATABIAU,TJOURSESO,FRXYT,15:46,FRBZR
1855,2023-08-14,NIMES,NON,4762,15:43,IC ARO,BEZIERS,TJOURSESO,FRBZR,14:38,FRFNI
1856,2023-08-14,NIMES,NON,4762,16:31,IC ARO,CARCASSONNE,TJOURSESO,FRCCF,14:38,FRFNI
1857,2023-08-14,MONTPELLIER SAINT-ROCH,NON,4762,18:26,IC ARO,AGEN,TJOURSESO,FRAGF,15:06,FRMPL
1858,2023-08-14,MONTPELLIER SAINT-ROCH,NON,4762,19:32,IC ARO,BORDEAUX ST JEAN,TJOURSESO,FRBOJ,15:06,FRMPL
1859,2023-08-14,MARSEILLE ST CHARLES,NON,4762,16:31,IC ARO,CARCASSONNE,TJOURSESO,FRCCF,13:23,FRMSC
1860,2023-08-14,MARSEILLE ST CHARLES,NON,4762,17:49,IC ARO,MONTAUBAN VILLE BOURBON,TJOURSESO,FRXMW,13:23,FRMSC
1861,2023-08-14,MARSEILLE ST CHARLES,NON,4762,17:18,IC ARO,TOULOUSE MATABIAU,TJOURSESO,FRXYT,13:23,FRMSC
1862,2023-08-14,NARBONNE,NON,4762,16:31,IC ARO,CARCASSONNE,TJOURSESO,FRCCF,16:02,FRXNA
1863,2023-08-14,NARBONNE,NON,4762,17:18,IC ARO,TOULOUSE MATABIAU,TJOURSESO,FRXYT,16:02,FRXNA
1864,2023-08-14,TOULOUSE MATABIAU,NON,4762,19:32,IC ARO,BORDEAUX ST JEAN,TJOURSESO,FRBOJ,17:24,FRXYT
1865,2023-08-14,LYON (intramuros),NON,4504,17:52,IC SRO,ANGERS ST LAUD,JOURLYNNTE,FRACL,12:00,FRLPD
1866,2023-08-14,LYON (intramuros),NON,4504,18:46,IC SRO,NANTES,JOURLYNNTE,FRNTE,12:00,FRLPD
1867,2023-08-14,LYON (intramuros),NON,4504,16:55,IC SRO,ST PIERRE DES CORPS,JOURLYNNTE,FRXSH,12:00,FRLPD
1868,2023-08-14,LYON (intramuros),NON,4504,17:52,IC SRO,ANGERS ST LAUD,JOURLYNNTE,FRACL,11:47,FRLPE
1869,2023-08-14,LYON (intramuros),NON,4504,17:29,IC SRO,SAUMUR,JOURLYNNTE,FRACN,11:47,FRLPE
1870,2023-08-14,LYON (intramuros),NON,4504,11:55,IC SRO,LYON (intramuros),JOURLYNNTE,FRLPD,11:47,FRLPE
1871,2023-08-14,NEVERS,NON,4504,15:28,IC SRO,BOURGES,JOURLYNNTE,FRBOU,14:49,FRNVS
1872,2023-08-14,NEVERS,NON,4504,18:46,IC SRO,NANTES,JOURLYNNTE,FRNTE,14:49,FRNVS
1873,2023-08-14,ROANNE,NON,4504,18:46,IC SRO,NANTES,JOURLYNNTE,FRNTE,13:06,FRRNE
1874,2023-08-14,ROANNE,NON,4504,13:43,IC SRO,ST GERMAIN DES FOSSES,JOURLYNNTE,FRSGF,13:06,FRRNE
1875,2023-08-14,ST GERMAIN DES FOSSES,NON,4504,15:28,IC SRO,BOURGES,JOURLYNNTE,FRBOU,13:45,FRSGF
1876,2023-08-14,MOULINS SUR ALLIER,NON,4504,17:52,IC SRO,ANGERS ST LAUD,JOURLYNNTE,FRACL,14:07,FRXMU
1877,2023-08-14,VIERZON VILLE,NON,4504,17:29,IC SRO,SAUMUR,JOURLYNNTE,FRACN,15:50,FRXVZ
1878,2023-08-14,BREST,OUI,8646,19:52,ATLANTIQUE,MORLAIX,BRETAPARIS,FRMXN,19:22,FRBES
1879,2023-08-14,BREST,NON,8646,21:29,ATLANTIQUE,RENNES,BRETAPARIS,FRRNS,19:22,FRBES
1880,2023-08-14,BREST,OUI,8646,20:38,ATLANTIQUE,ST BRIEUC,BRETAPARIS,FRSBK,19:22,FRBES
1881,2023-08-14,MEUSE TGV,OUI,2550,21:37,EST,PARIS (intramuros),NANCYPA,FRPST,20:26,FREAJ
1882,2023-08-14,NANCY,OUI,2550,20:49,EST,CHAMPAGNE-ARDENNE,NANCYPA,FREAH,19:45,FRENC
1883,2023-08-14,NANCY,OUI,2550,20:21,EST,MEUSE TGV,NANCYPA,FREAJ,19:45,FRENC
1884,2023-08-14,ANGERS ST LAUD,NON,8142,13:25,ATLANTIQUE,PARIS (intramuros),LOIREPARIS,FRPMO,11:45,FRACL
1885,2023-08-14,NANTES,NON,8142,12:23,ATLANTIQUE,LE MANS,LOIREPARIS,FRAET,11:05,FRNTE
1886,2023-08-14,AGEN,NON,8504,12:52,ATLANTIQUE,PARIS (intramuros),SUDOUESTPA,FRPMO,09:35,FRAGF
1887,2023-08-14,MONTAUBAN VILLE BOURBON,NON,8504,12:52,ATLANTIQUE,PARIS (intramuros),SUDOUESTPA,FRPMO,08:57,FRXMW
1888,2023-08-14,TOULOUSE MATABIAU,NON,8504,10:40,ATLANTIQUE,BORDEAUX ST JEAN,SUDOUESTPA,FRBOJ,08:28,FRXYT
1889,2023-08-14,DAX,NON,8540,15:40,ATLANTIQUE,BORDEAUX ST JEAN,SUDOUESTPA,FRBOJ,14:19,FRACG
1890,2023-08-14,HENDAYE,NON,8540,17:52,ATLANTIQUE,PARIS (intramuros),SUDOUESTPA,FRPMO,13:01,FRAEF
1891,2023-08-14,BAYONNE,OUI,8540,14:14,ATLANTIQUE,DAX,SUDOUESTPA,FRACG,13:42,FRXBY
1892,2023-08-14,ST JEAN DE LUZ CIBOURE,OUI,8540,13:24,ATLANTIQUE,BIARRITZ,SUDOUESTPA,FRBIQ,13:14,FRXJZ
1893,2023-08-14,VENDOME VILLIERS SUR LOIR,OUI,8303,13:45,ATLANTIQUE,TOURS,PAROCHELLE,FRAFW,13:15,FRESL
1894,2023-08-14,STRASBOURG,OUI,2369,16:26,EST,COLMAR,PASTRAMULH,FRAEJ,15:56,FRAEG
1895,2023-08-14,MULHOUSE VILLE,NON,9879,15:11,EST,DIJON VILLE,JCRHINRHON,FRABA,13:57,FRAEK
1896,2023-08-14,MULHOUSE VILLE,NON,9879,17:50,EST,VALENCE TGV RHONE-ALPES SUD,JCRHINRHON,FRVLA,13:57,FRAEK
1897,2023-08-14,THIONVILLE,NON,9879,17:50,EST,VALENCE TGV RHONE-ALPES SUD,JCRHINRHON,FRVLA,11:48,FRXTH
1898,2023-08-14,LUXEMBOURG,NON,9879,15:11,EST,DIJON VILLE,JCRHINRHON,FRABA,11:24,LULUX
1899,2023-08-14,LUXEMBOURG,OUI,9879,13:00,EST,STRASBOURG,JCRHINRHON,FRAEG,11:24,LULUX
1900,2023-08-14,LUXEMBOURG,NON,9879,14:41,EST,BESANCON - F COMTE TGV,JCRHINRHON,FRTJB,11:24,LULUX
1901,2023-08-14,LYON (intramuros),NON,9879,18:53,EST,MONTPELLIER SUD DE FRANCE,JCRHINRHON,FRSUF,17:10,FRLPD
1902,2023-08-14,BELFORT-MONTBELIARD TGV,NON,9879,18:31,EST,NIMES PONT DU GARD,JCRHINRHON,FRXZP,14:21,FRTJA
1903,2023-08-14,LYON (intramuros),NON,9879,18:31,EST,NIMES PONT DU GARD,JCRHINRHON,FRXZP,17:10,FRLPD
1904,2023-08-14,MULHOUSE VILLE,NON,9879,18:31,EST,NIMES PONT DU GARD,JCRHINRHON,FRXZP,13:57,FRAEK
1905,2023-08-14,STRASBOURG,NON,9879,18:31,EST,NIMES PONT DU GARD,JCRHINRHON,FRXZP,13:06,FRAEG
1906,2023-08-14,DIJON VILLE,NON,9879,18:31,EST,NIMES PONT DU GARD,JCRHINRHON,FRXZP,15:21,FRABA
1907,2023-08-14,NIMES PONT DU GARD,OUI,9879,18:53,EST,MONTPELLIER SUD DE FRANCE,JCRHINRHON,FRSUF,18:34,FRXZP
1908,2023-08-14,METZ VILLE,OUI,2854,08:51,EST,PARIS (intramuros),LUXMETZPA,FRPST,07:25,FRADE
1909,2023-08-14,AIX EN PROVENCE TGV,OUI,6103,10:56,SUD EST,MARSEILLE ST CHARLES,PAPROVENCE,FRMSC,10:44,FRAIE
1910,2023-08-14,AIX LES BAINS LE REVARD,OUI,6984,19:09,SUD EST,CHAMBERY CHALLES LES EAUX,ALPESPARIS,FRCMF,18:59,FRXAI
1911,2023-08-14,PARIS (intramuros),NON,6609,12:10,SUD EST,LYON (intramuros),PARISRHONE,FRLPE,10:00,FRPLY
1912,2023-08-14,PARIS (intramuros),NON,8083,11:25,ATLANTIQUE,RENNES,PARISBRETA,FRRNS,09:54,FRPMO
1913,2023-08-14,ROSPORDEN,NON,8730,16:23,ATLANTIQUE,VANNES,BRETAPARIS,FRVNE,15:24,FRRSP
1914,2023-08-14,QUIMPER,OUI,8730,15:50,ATLANTIQUE,LORIENT,BRETAPARIS,FRLRT,15:10,FRUIP
1915,2023-08-14,QUIMPER,NON,8730,16:23,ATLANTIQUE,VANNES,BRETAPARIS,FRVNE,15:10,FRUIP
1916,2023-08-14,VANNES,NON,8730,17:25,ATLANTIQUE,RENNES,BRETAPARIS,FRRNS,16:27,FRVNE
1917,2023-08-14,PARIS (intramuros),NON,2407,08:38,EST,CHAMPAGNE-ARDENNE,PASTRAMULH,FREAH,07:58,FRPST
1918,2023-08-14,BOURG EN BRESSE,NON,9764,11:42,INTERNATIONAL,PARIS (intramuros),GENEVEPA,FRPLY,09:52,FRXBK
1919,2023-08-14,LIMOGES BENEDICTINS,OUI,3675,22:37,IC ARO,UZERCHE,PALITO,FRAAW,21:59,FRAGQ
1920,2023-08-14,LIMOGES BENEDICTINS,OUI,3675,23:04,IC ARO,BRIVE LA GAILLARDE,PALITO,FRBVE,21:59,FRAGQ
1921,2023-08-14,CHATEAUROUX,OUI,3675,21:56,IC ARO,LIMOGES BENEDICTINS,PALITO,FRAGQ,20:47,FRCHR
1922,2023-08-14,CHATEAUROUX,OUI,3675,23:04,IC ARO,BRIVE LA GAILLARDE,PALITO,FRBVE,20:47,FRCHR
1923,2023-08-14,LA SOUTERRAINE,OUI,3675,21:56,IC ARO,LIMOGES BENEDICTINS,PALITO,FRAGQ,21:25,FRLST
1924,2023-08-14,PARIS (intramuros),OUI,3675,20:45,IC ARO,CHATEAUROUX,PALITO,FRCHR,18:41,FRPAZ
1925,2023-08-14,PARIS (intramuros),OUI,3675,20:29,IC ARO,ISSOUDUN,PALITO,FRFMN,18:41,FRPAZ
1926,2023-08-14,VIERZON VILLE,OUI,3675,22:37,IC ARO,UZERCHE,PALITO,FRAAW,20:11,FRXVZ
1927,2023-08-14,LE MANS,OUI,8147,14:52,ATLANTIQUE,SABLE SUR SARTHE,PARISLOIRE,FRSAB,14:32,FRAET
1928,2023-08-14,SABLE SUR SARTHE,OUI,8147,15:15,ATLANTIQUE,ANGERS ST LAUD,PARISLOIRE,FRACL,14:54,FRSAB
1929,2023-08-14,AVIGNON TGV,OUI,9830,18:37,NORD,AIX EN PROVENCE TGV,JCNORDSUD,FRAIE,18:16,FRAVG
1930,2023-08-14,LYON (intramuros),NON,9830,18:37,NORD,AIX EN PROVENCE TGV,JCNORDSUD,FRAIE,17:06,FRLPD
1931,2023-08-14,AEROPORT CDG2 TGV ROISSY,NON,9830,18:37,NORD,AIX EN PROVENCE TGV,JCNORDSUD,FRAIE,14:59,FRMLW
1932,2023-08-14,STRASBOURG,NON,5486,09:55,EST,MARNE LA VALLEE CHESSY,JCESTATL,FRMLV,07:31,FRAEG
1933,2023-08-14,STRASBOURG,NON,5486,11:32,EST,ST PIERRE DES CORPS,JCESTATL,FRXSH,07:31,FRAEG
1934,2023-08-14,MASSY TGV,NON,5486,13:19,EST,NANTES,JCESTATL,FRNTE,10:38,FRDJU
1935,2023-08-14,LORRAINE TGV,NON,5486,12:36,EST,ANGERS ST LAUD,JCESTATL,FRACL,08:09,FREAM
1936,2023-08-14,LORRAINE TGV,NON,5486,09:55,EST,MARNE LA VALLEE CHESSY,JCESTATL,FRMLV,08:09,FREAM
1937,2023-08-14,MARSEILLE ST CHARLES,NON,6124,16:16,SUD EST,AIX EN PROVENCE TGV,AZURPA,FRAIE,16:04,FRMSC
1938,2023-08-14,MARSEILLE ST CHARLES,NON,6124,19:22,SUD EST,PARIS (intramuros),AZURPA,FRPLY,16:04,FRMSC
1939,2023-08-14,TOULON,NON,6124,15:50,SUD EST,MARSEILLE ST CHARLES,AZURPA,FRMSC,15:07,FRTLN
1940,2023-08-14,TOULON,NON,6124,19:22,SUD EST,PARIS (intramuros),AZURPA,FRPLY,15:07,FRTLN
1941,2023-08-14,HYERES,NON,6124,16:16,SUD EST,AIX EN PROVENCE TGV,AZURPA,FRAIE,14:50,FRXHE
1942,2023-08-14,DIJON VILLE,NON,9898,14:15,EST,LUXEMBOURG,JCRHONRHIN,LULUX,10:08,FRABA
1943,2023-08-14,STRASBOURG,OUI,9898,13:48,EST,THIONVILLE,JCRHONRHIN,FRXTH,12:31,FRAEG
1944,2023-08-14,MULHOUSE VILLE,NON,9898,14:15,EST,LUXEMBOURG,JCRHONRHIN,LULUX,11:24,FRAEK
1945,2023-08-14,NIMES,NON,9898,11:21,EST,MULHOUSE VILLE,JCRHONRHIN,FRAEK,06:57,FRFNI
1946,2023-08-14,NIMES,NON,9898,10:57,EST,BELFORT-MONTBELIARD TGV,JCRHONRHIN,FRTJA,06:57,FRFNI
1947,2023-08-14,LYON (intramuros),NON,9898,12:24,EST,STRASBOURG,JCRHONRHIN,FRAEG,08:30,FRLPD
1948,2023-08-14,LYON (intramuros),NON,9898,11:49,EST,COLMAR,JCRHONRHIN,FRAEJ,08:30,FRLPD
1949,2023-08-14,LYON (intramuros),NON,9898,13:48,EST,THIONVILLE,JCRHONRHIN,FRXTH,08:30,FRLPD
1950,2023-08-14,MONTPELLIER SAINT-ROCH,NON,9898,13:24,EST,METZ VILLE,JCRHONRHIN,FRADE,06:29,FRMPL
1951,2023-08-14,MONTPELLIER SAINT-ROCH,NON,9898,11:21,EST,MULHOUSE VILLE,JCRHONRHIN,FRAEK,06:29,FRMPL
1952,2023-08-14,MONTPELLIER SAINT-ROCH,NON,9898,10:57,EST,BELFORT-MONTBELIARD TGV,JCRHONRHIN,FRTJA,06:29,FRMPL
1953,2023-08-14,BELFORT-MONTBELIARD TGV,NON,9898,13:48,EST,THIONVILLE,JCRHONRHIN,FRXTH,10:59,FRTJA
1954,2023-08-14,BESANCON - F COMTE TGV,NON,9898,13:48,EST,THIONVILLE,JCRHONRHIN,FRXTH,10:36,FRTJB
1955,2023-08-14,VALENCE TGV RHONE-ALPES SUD,NON,9898,08:24,EST,LYON (intramuros),JCRHONRHIN,FRLPD,07:44,FRVLA
1956,2023-08-14,VALENCE TGV RHONE-ALPES SUD,NON,9898,13:48,EST,THIONVILLE,JCRHONRHIN,FRXTH,07:44,FRVLA
1957,2023-08-14,THIONVILLE,OUI,9898,14:15,EST,LUXEMBOURG,JCRHONRHIN,LULUX,13:51,FRXTH
1958,2023-08-14,LE MANS,OUI,8887,21:54,ATLANTIQUE,NANTES,PARISLOIRE,FRNTE,20:36,FRAET
1959,2023-08-14,PARIS (intramuros),OUI,8887,21:13,ATLANTIQUE,ANGERS ST LAUD,PARISLOIRE,FRACL,19:36,FRPMO
1960,2023-08-14,PARIS (intramuros),OUI,8887,20:33,ATLANTIQUE,LE MANS,PARISLOIRE,FRAET,19:36,FRPMO
1961,2023-08-14,LYON (intramuros),NON,6823,13:34,SUD EST,NIMES,JCPROVSUD,FRFNI,12:06,FRLPD
1962,2023-08-14,LYON (intramuros),NON,6823,16:19,SUD EST,TOULOUSE MATABIAU,JCPROVSUD,FRXYT,12:06,FRLPD
1963,2023-08-14,MONTPELLIER SAINT-ROCH,NON,6823,14:44,SUD EST,BEZIERS,JCPROVSUD,FRBZR,14:09,FRMPL
1964,2023-08-14,VALENCE TGV RHONE-ALPES SUD,NON,6823,14:03,SUD EST,MONTPELLIER SAINT-ROCH,JCPROVSUD,FRMPL,12:50,FRVLA
1965,2023-08-14,VALENCE TGV RHONE-ALPES SUD,NON,6823,16:19,SUD EST,TOULOUSE MATABIAU,JCPROVSUD,FRXYT,12:50,FRVLA
1966,2023-08-14,LUCON,NON,3837,21:10,IC SRO,JONZAC,NANTEBORDO,FREMR,19:00,FRLCN
1967,2023-08-14,LUCON,NON,3837,20:32,IC SRO,SAINTES,NANTEBORDO,FRXST,19:00,FRLCN
1968,2023-08-14,NANTES,NON,3837,20:03,IC SRO,ROCHEFORT,NANTEBORDO,FRRCO,17:55,FRNTE
1969,2023-08-14,SAINTES,NON,3837,22:08,IC SRO,BORDEAUX ST JEAN,NANTEBORDO,FRBOJ,20:34,FRXST
1970,2023-08-14,LYON-SAINT EXUPERY TGV,OUI,6919,17:13,SUD EST,GRENOBLE,PAGRENOBLE,FRGNB,16:09,FRJDQ
1971,2023-08-14,PARIS (intramuros),NON,6613,14:10,SUD EST,LYON (intramuros),PARISRHONE,FRLPE,11:52,FRPLY
1972,2023-08-14,AIX EN PROVENCE TGV,NON,6852,21:27,SUD EST,VALENCE TGV RHONE-ALPES SUD,JCSUDPROV,FRVLA,20:32,FRAIE
1973,2023-08-14,CANNES,NON,6852,20:52,SUD EST,AVIGNON TGV,JCSUDPROV,FRAVG,17:59,FRJCA
1974,2023-08-14,CANNES,NON,6852,22:14,SUD EST,LYON (intramuros),JCSUDPROV,FRLPD,17:59,FRJCA
1975,2023-08-14,MARSEILLE ST CHARLES,NON,6852,22:14,SUD EST,LYON (intramuros),JCSUDPROV,FRLPD,20:18,FRMSC
1976,2023-08-14,MARSEILLE ST CHARLES,NON,6852,21:27,SUD EST,VALENCE TGV RHONE-ALPES SUD,JCSUDPROV,FRVLA,20:18,FRMSC
1977,2023-08-14,NICE VILLE,OUI,6852,17:55,SUD EST,CANNES,JCSUDPROV,FRJCA,17:27,FRNIC
1978,2023-08-14,NICE VILLE,OUI,6852,17:42,SUD EST,ANTIBES,JCSUDPROV,FRXAT,17:27,FRNIC
1979,2023-08-14,TOULON,NON,6852,20:29,SUD EST,AIX EN PROVENCE TGV,JCSUDPROV,FRAIE,19:18,FRTLN
1980,2023-08-14,ANTIBES,NON,6852,20:52,SUD EST,AVIGNON TGV,JCSUDPROV,FRAVG,17:45,FRXAT
1981,2023-08-14,ANTIBES,NON,6852,19:14,SUD EST,TOULON,JCSUDPROV,FRTLN,17:45,FRXAT
1982,2023-08-14,ANTIBES,NON,6852,18:37,SUD EST,LES ARCS DRAGUIGNAN,JCSUDPROV,FRXRS,17:45,FRXAT
1983,2023-08-14,LES ARCS DRAGUIGNAN,NON,6852,19:14,SUD EST,TOULON,JCSUDPROV,FRTLN,18:40,FRXRS
1984,2023-08-14,LES ARCS DRAGUIGNAN,NON,6852,21:27,SUD EST,VALENCE TGV RHONE-ALPES SUD,JCSUDPROV,FRVLA,18:40,FRXRS
1985,2023-08-14,ST RAPHAEL VALESCURE,NON,6852,20:29,SUD EST,AIX EN PROVENCE TGV,JCSUDPROV,FRAIE,18:24,FRXSK
1986,2023-08-14,ST RAPHAEL VALESCURE,NON,6852,22:14,SUD EST,LYON (intramuros),JCSUDPROV,FRLPD,18:24,FRXSK
1987,2023-08-14,ST RAPHAEL VALESCURE,NON,6852,20:04,SUD EST,MARSEILLE ST CHARLES,JCSUDPROV,FRMSC,18:24,FRXSK
1988,2023-08-14,ST RAPHAEL VALESCURE,NON,6852,19:14,SUD EST,TOULON,JCSUDPROV,FRTLN,18:24,FRXSK
1989,2023-08-14,ST RAPHAEL VALESCURE,NON,6852,21:27,SUD EST,VALENCE TGV RHONE-ALPES SUD,JCSUDPROV,FRVLA,18:24,FRXSK
1990,2023-08-14,ST RAPHAEL VALESCURE,NON,6852,18:37,SUD EST,LES ARCS DRAGUIGNAN,JCSUDPROV,FRXRS,18:24,FRXSK
1991,2023-08-14,LILLE (intramuros),NON,5240,21:21,NORD,ANGOULEME,JCNORDAQUI,FRANG,17:16,FRADJ
1992,2023-08-14,LILLE (intramuros),OUI,5240,18:10,NORD,AEROPORT CDG2 TGV ROISSY,JCNORDAQUI,FRMLW,17:16,FRADJ
1993,2023-08-14,MASSY TGV,NON,5240,21:21,NORD,ANGOULEME,JCNORDAQUI,FRANG,19:09,FRDJU
1994,2023-08-14,AEROPORT CDG2 TGV ROISSY,NON,5240,22:02,NORD,BORDEAUX ST JEAN,JCNORDAQUI,FRBOJ,18:18,FRMLW
1995,2023-08-14,AEROPORT CDG2 TGV ROISSY,NON,5240,19:04,NORD,MASSY TGV,JCNORDAQUI,FRDJU,18:18,FRMLW
1996,2023-08-14,AEROPORT CDG2 TGV ROISSY,OUI,5240,18:27,NORD,MARNE LA VALLEE CHESSY,JCNORDAQUI,FRMLV,18:18,FRMLW
1997,2023-08-14,ST PIERRE DES CORPS,OUI,5240,20:40,NORD,POITIERS,JCNORDAQUI,FRPIS,20:10,FRXSH
1998,2023-08-14,AIX EN PROVENCE TGV,OUI,6112,12:22,SUD EST,PARIS (intramuros),PROVENCEPA,FRPLY,09:18,FRAIE
1999,2023-08-14,STRASBOURG,NON,9571,10:05,INTERNATIONAL,STUTTGART HBF,PASTUTMUN,DESGT,08:46,FRAEG
2000,2023-08-14,PARIS (intramuros),NON,8473,13:14,ATLANTIQUE,BORDEAUX ST JEAN,PASUDOUEST,FRBOJ,11:08,FRPMO
2001,2023-08-14,PARIS (intramuros),NON,6225,20:42,SUD EST,NIMES,PALANG,FRFNI,17:42,FRPLY
2002,2023-08-14,PARIS (intramuros),NON,6225,21:11,SUD EST,MONTPELLIER SAINT-ROCH,PALANG,FRMPL,17:42,FRPLY
2003,2023-08-14,PARIS (intramuros),OUI,6225,19:54,SUD EST,VALENCE TGV RHONE-ALPES SUD,PALANG,FRVLA,17:42,FRPLY
2004,2023-08-14,RENNES,NON,5280,12:25,NORD,LAVAL,JCBRETNORD,FRACR,12:00,FRRNS
2005,2023-08-14,LYON-SAINT EXUPERY TGV,OUI,6195,20:10,SUD EST,MONTELIMAR GARE SNCF,PAVDR,FRXMK,19:13,FRJDQ
2006,2023-08-14,PARIS (intramuros),OUI,6195,19:01,SUD EST,LYON-SAINT EXUPERY TGV,PAVDR,FRJDQ,17:13,FRPLY
2007,2023-08-14,PARIS (intramuros),OUI,6195,21:40,SUD EST,MIRAMAS,PAVDR,FRMAZ,17:13,FRPLY
2008,2023-08-14,PARIS (intramuros),OUI,6195,19:46,SUD EST,VALENCE VILLE,PAVDR,FRVAF,17:13,FRPLY
2009,2023-08-14,MONTELIMAR GARE SNCF,OUI,6195,20:57,SUD EST,AVIGNON CENTRE,PAVDR,FRAES,20:13,FRXMK
2010,2023-08-14,MONTELIMAR GARE SNCF,OUI,6195,20:38,SUD EST,ORANGE,PAVDR,FRXOG,20:13,FRXMK
2011,2023-08-14,QUIMPERLE,OUI,8725,18:25,ATLANTIQUE,ROSPORDEN,PARISBRETA,FRRSP,18:11,FRECO
2012,2023-08-14,LORIENT,OUI,8725,18:25,ATLANTIQUE,ROSPORDEN,PARISBRETA,FRRSP,17:58,FRLRT
2013,2023-08-14,PARIS (intramuros),NON,8725,18:40,ATLANTIQUE,QUIMPER,PARISBRETA,FRUIP,14:59,FRPMO
2014,2023-08-14,ROSPORDEN,OUI,8725,18:40,ATLANTIQUE,QUIMPER,PARISBRETA,FRUIP,18:28,FRRSP
2015,2023-08-14,VANNES,OUI,8725,18:09,ATLANTIQUE,QUIMPERLE,PARISBRETA,FRECO,17:27,FRVNE
2016,2023-08-14,VANNES,OUI,8725,17:55,ATLANTIQUE,LORIENT,PARISBRETA,FRLRT,17:27,FRVNE
2017,2023-08-14,AURAY,OUI,8725,17:55,ATLANTIQUE,LORIENT,PARISBRETA,FRLRT,17:40,FRXUY
2018,2023-08-14,AIX EN PROVENCE TGV,NON,6106,10:22,SUD EST,PARIS (intramuros),PROVENCEPA,FRPLY,07:18,FRAIE
2019,2023-08-14,MARSEILLE ST CHARLES,NON,6106,10:22,SUD EST,PARIS (intramuros),PROVENCEPA,FRPLY,07:04,FRMSC
2020,2023-08-14,AUTERIVE,NON,3972,06:08,IC NUIT,LES AUBRAIS ORLEANS,PALOMBEPAR,FRLAB,21:46,FRFPW
2021,2023-08-14,AUTERIVE,NON,3972,07:19,IC NUIT,PARIS (intramuros),PALOMBEPAR,FRPAZ,21:46,FRFPW
2022,2023-08-14,PAMIERS,NON,3972,07:19,IC NUIT,PARIS (intramuros),PALOMBEPAR,FRPAZ,21:22,FRPMS
2023,2023-08-14,FOIX,NON,3972,06:08,IC NUIT,LES AUBRAIS ORLEANS,PALOMBEPAR,FRLAB,21:08,FRXFX
2024,2023-08-14,AX LES THERMES,NON,3972,06:08,IC NUIT,LES AUBRAIS ORLEANS,PALOMBEPAR,FRLAB,20:23,FRXLT
2025,2023-08-14,PARIS (intramuros),NON,6743,15:54,SUD EST,MONTBARD,PABOUR,FRGWE,14:52,FRPLY
2026,2023-08-14,PARIS (intramuros),OUI,7185,19:58,NORD,DOUAI,PAARRAS,FRXDN,18:52,FRPNO
2027,2023-08-14,PARIS (intramuros),OUI,7297,23:14,NORD,ARRAS,PAARRAS,FRQRV,22:25,FRPNO
2028,2023-08-14,PARIS (intramuros),NON,2625,20:10,EST,METZ VILLE,PAMETZLUX,FRADE,18:40,FRPST
2029,2023-08-14,PARIS (intramuros),NON,2625,19:19,EST,CHAMPAGNE-ARDENNE,PAMETZLUX,FREAH,18:40,FRPST
2030,2023-08-14,LAUSANNE,NON,9268,16:04,INTERNATIONAL,PARIS (intramuros),SUISPA,FRPLY,12:23,CHAJF
2031,2023-08-14,FRASNE,OUI,9268,13:57,INTERNATIONAL,DOLE VILLE,SUISPA,FRACE,13:15,FRFRA
2032,2023-08-14,CHAMPAGNE-ARDENNE,OUI,2785,20:52,EST,VITRY LE FRANCOIS GARE,PABARSED,FRBFO,20:11,FREAH
2033,2023-08-14,CHAMPAGNE-ARDENNE,OUI,2785,20:32,EST,CHALONS EN CHAMPAGNE,PABARSED,FRXCR,20:11,FREAH
2034,2023-08-14,ARGENTON SUR CREUSE,OUI,3685,00:01,IC ARO,BRIVE LA GAILLARDE,PALITO,FRBVE,21:57,FRFMT
2035,2023-08-14,PARIS (intramuros),NON,3685,21:39,IC ARO,CHATEAUROUX,PALITO,FRCHR,19:39,FRPAZ
2036,2023-08-14,PARIS (intramuros),NON,3685,21:08,IC ARO,VIERZON VILLE,PALITO,FRXVZ,19:39,FRPAZ
2037,2023-08-14,BRUXELLES MIDI BRUSSEL ZUID,NON,9826,10:52,NORD,LILLE (intramuros),JCNORDSUD,FRLLE,10:17,BEBMI
2038,2023-08-14,BRUXELLES MIDI BRUSSEL ZUID,NON,9826,14:00,NORD,LYON (intramuros),JCNORDSUD,FRLPD,10:17,BEBMI
2039,2023-08-14,BRUXELLES MIDI BRUSSEL ZUID,NON,9826,14:48,NORD,VALENCE TGV RHONE-ALPES SUD,JCNORDSUD,FRVLA,10:17,BEBMI
2040,2023-08-14,LILLE (intramuros),NON,9826,12:08,NORD,MARNE LA VALLEE CHESSY,JCNORDSUD,FRMLV,11:03,FRLLE
2041,2023-08-14,LYON (intramuros),NON,9826,14:48,NORD,VALENCE TGV RHONE-ALPES SUD,JCNORDSUD,FRVLA,14:10,FRLPD
2042,2023-08-14,MARNE LA VALLEE CHESSY,NON,9826,14:48,NORD,VALENCE TGV RHONE-ALPES SUD,JCNORDSUD,FRVLA,12:13,FRMLV
2043,2023-08-14,AEROPORT CDG2 TGV ROISSY,NON,9826,14:00,NORD,LYON (intramuros),JCNORDSUD,FRLPD,11:59,FRMLW
2044,2023-08-14,AEROPORT CDG2 TGV ROISSY,NON,9826,12:08,NORD,MARNE LA VALLEE CHESSY,JCNORDSUD,FRMLV,11:59,FRMLW
2045,2023-08-14,AEROPORT CDG2 TGV ROISSY,NON,9826,15:51,NORD,MONTPELLIER SUD DE FRANCE,JCNORDSUD,FRSUF,11:59,FRMLW
2046,2023-08-14,LYON (intramuros),NON,9826,15:51,NORD,MONTPELLIER SUD DE FRANCE,JCNORDSUD,FRSUF,14:10,FRLPD
2047,2023-08-14,LILLE (intramuros),NON,9826,15:30,NORD,NIMES PONT DU GARD,JCNORDSUD,FRXZP,11:03,FRLLE
2048,2023-08-14,NIMES,NON,4760,16:25,IC ARO,AGEN,TJOURSESO,FRAGF,12:38,FRFNI
2049,2023-08-14,ARLES,NON,4760,15:48,IC ARO,MONTAUBAN VILLE BOURBON,TJOURSESO,FRXMW,12:09,FRHZA
2050,2023-08-14,MONTPELLIER SAINT-ROCH,NON,4760,16:25,IC ARO,AGEN,TJOURSESO,FRAGF,13:06,FRMPL
2051,2023-08-14,MARSEILLE ST CHARLES,NON,4760,12:35,IC ARO,NIMES,TJOURSESO,FRFNI,11:24,FRMSC
2052,2023-08-14,MARSEILLE ST CHARLES,NON,4760,15:16,IC ARO,TOULOUSE MATABIAU,TJOURSESO,FRXYT,11:24,FRMSC
2053,2023-08-14,MONTAUBAN VILLE BOURBON,OUI,4760,16:25,IC ARO,AGEN,TJOURSESO,FRAGF,15:50,FRXMW
2054,2023-08-14,NARBONNE,NON,4760,14:32,IC ARO,CARCASSONNE,TJOURSESO,FRCCF,14:04,FRXNA
2055,2023-08-14,SETE,NON,4760,15:48,IC ARO,MONTAUBAN VILLE BOURBON,TJOURSESO,FRXMW,13:22,FRXSY
2056,2023-08-14,TOULOUSE MATABIAU,OUI,4760,16:25,IC ARO,AGEN,TJOURSESO,FRAGF,15:24,FRXYT
2057,2023-08-14,TOULOUSE MATABIAU,OUI,4760,17:33,IC ARO,BORDEAUX ST JEAN,TJOURSESO,FRBOJ,15:24,FRXYT
2058,2023-08-14,LAVAL,NON,8623,17:33,ATLANTIQUE,GUINGAMP,PARISBRETA,FRGGP,16:00,FRACR
2059,2023-08-14,RENNES,NON,8623,18:37,ATLANTIQUE,BREST,PARISBRETA,FRBES,16:32,FRRNS
2060,2023-08-14,ST BRIEUC,OUI,8623,18:02,ATLANTIQUE,MORLAIX,PARISBRETA,FRMXN,17:19,FRSBK
2061,2023-08-14,COLMAR,OUI,2350,07:13,EST,STRASBOURG,MULHSTRAPA,FRAEG,06:38,FRAEJ
2062,2023-08-14,SELESTAT,NON,2350,09:16,EST,PARIS (intramuros),MULHSTRAPA,FRPST,06:52,FRXSQ
2063,2023-08-14,LE CROISIC,OUI,8926,17:03,ATLANTIQUE,LA BAULE ESCOUBLAC,LOIREPARIS,FRJEE,16:55,FREGU
2064,2023-08-14,LE CROISIC,NON,8926,19:04,ATLANTIQUE,SABLE SUR SARTHE,LOIREPARIS,FRSAB,16:55,FREGU
2065,2023-08-14,LA BAULE ESCOUBLAC,NON,8926,19:28,ATLANTIQUE,LE MANS,LOIREPARIS,FRAET,17:07,FRJEE
2066,2023-08-14,LA BAULE ESCOUBLAC,NON,8926,20:29,ATLANTIQUE,PARIS (intramuros),LOIREPARIS,FRPMO,17:07,FRJEE
2067,2023-08-14,NANTES,NON,8926,18:41,ATLANTIQUE,ANGERS ST LAUD,LOIREPARIS,FRACL,18:05,FRNTE
2068,2023-08-14,NANTES,NON,8926,19:28,ATLANTIQUE,LE MANS,LOIREPARIS,FRAET,18:05,FRNTE
2069,2023-08-14,NANTES,NON,8926,19:04,ATLANTIQUE,SABLE SUR SARTHE,LOIREPARIS,FRSAB,18:05,FRNTE
2070,2023-08-14,DOL DE BRETAGNE,OUI,8082,08:44,ATLANTIQUE,PARIS (intramuros),BRETAPARIS,FRPMO,06:09,FRDOL
2071,2023-08-14,ST MALO,OUI,8082,06:07,ATLANTIQUE,DOL DE BRETAGNE,BRETAPARIS,FRDOL,05:54,FRXSB
2072,2023-08-14,ST MALO,OUI,8082,06:40,ATLANTIQUE,RENNES,BRETAPARIS,FRRNS,05:54,FRXSB
2073,2023-08-14,ORTHEZ,NON,14140,10:30,IC SRO,TOULOUSE MATABIAU,SUDOUEST,FRXYT,07:47,FRGFI
2074,2023-08-14,BAYONNE,NON,14140,08:08,IC SRO,PAU,SUDOUEST,FRAEE,07:00,FRXBY
2075,2023-08-14,BAYONNE,NON,14140,07:45,IC SRO,ORTHEZ,SUDOUEST,FRGFI,07:00,FRXBY
2076,2023-08-14,MARNE LA VALLEE CHESSY,OUI,5192,18:01,NORD,AEROPORT CDG2 TGV ROISSY,JCSUDNORD,FRMLW,17:51,FRMLV
2077,2023-08-14,MARNE LA VALLEE CHESSY,OUI,5192,19:14,NORD,DOUAI,JCSUDNORD,FRXDN,17:51,FRMLV
2078,2023-08-14,AEROPORT CDG2 TGV ROISSY,OUI,5192,18:34,NORD,TGV HAUTE PICARDIE,JCSUDNORD,FRTHP,18:07,FRMLW
2079,2023-08-14,ARRAS,OUI,5192,19:44,NORD,LILLE (intramuros),JCSUDNORD,FRADJ,18:59,FRQRV
2080,2023-08-14,DOUAI,OUI,5192,19:44,NORD,LILLE (intramuros),JCSUDNORD,FRADJ,19:19,FRXDN
2081,2023-08-14,LAVAL,NON,5336,13:27,SUD EST,LE MANS,JCATLSUD,FRAET,12:58,FRACR
2082,2023-08-14,STRASBOURG,NON,2203,10:56,EST,LYON (intramuros),JCRHINRHON,FRLPD,06:47,FRAEG
2083,2023-08-14,STRASBOURG,NON,2203,09:54,EST,CHALON SUR SAONE,JCRHINRHON,FRXCD,06:47,FRAEG
2084,2023-08-14,BELFORT-MONTBELIARD TGV,NON,2203,10:56,EST,LYON (intramuros),JCRHINRHON,FRLPD,08:17,FRTJA
2085,2023-08-14,BESANCON - F COMTE TGV,NON,2203,09:11,EST,DIJON VILLE,JCRHINRHON,FRABA,08:41,FRTJB
2086,2023-08-14,NIMES PONT DU GARD,OUI,6051,14:59,SUD EST,MONTPELLIER SUD DE FRANCE,PALANG,FRSUF,14:39,FRXZP
2087,2023-08-14,NANCY,OUI,2540,13:29,EST,MEUSE TGV,NANCYPA,FREAJ,12:55,FRENC
2088,2023-08-14,NANCY,NON,2540,14:42,EST,PARIS (intramuros),NANCYPA,FRPST,12:55,FRENC
2089,2023-08-14,ANGERS ST LAUD,NON,4402,09:44,IC SRO,BOURGES,JOURNTELYN,FRBOU,07:10,FRACL
2090,2023-08-14,ANGERS ST LAUD,NON,4402,13:10,IC SRO,LYON (intramuros),JOURNTELYN,FRLPD,07:10,FRACL
2091,2023-08-14,ANGERS ST LAUD,NON,4402,10:23,IC SRO,NEVERS,JOURNTELYN,FRNVS,07:10,FRACL
2092,2023-08-14,ANGERS ST LAUD,NON,4402,08:05,IC SRO,ST PIERRE DES CORPS,JOURNTELYN,FRXSH,07:10,FRACL
2093,2023-08-14,SAUMUR,NON,4402,08:05,IC SRO,ST PIERRE DES CORPS,JOURNTELYN,FRXSH,07:32,FRACN
2094,2023-08-14,SAUMUR,NON,4402,09:15,IC SRO,VIERZON VILLE,JOURNTELYN,FRXVZ,07:32,FRACN
2095,2023-08-14,BOURGES,NON,4402,11:26,IC SRO,ST GERMAIN DES FOSSES,JOURNTELYN,FRSGF,09:46,FRBOU
2096,2023-08-14,NANTES,NON,4402,09:44,IC SRO,BOURGES,JOURNTELYN,FRBOU,06:26,FRNTE
2097,2023-08-14,NANTES,NON,4402,13:22,IC SRO,LYON (intramuros),JOURNTELYN,FRLPE,06:26,FRNTE
2098,2023-08-14,NANTES,NON,4402,09:15,IC SRO,VIERZON VILLE,JOURNTELYN,FRXVZ,06:26,FRNTE
2099,2023-08-14,NEVERS,NON,4402,13:22,IC SRO,LYON (intramuros),JOURNTELYN,FRLPE,10:37,FRNVS
2100,2023-08-14,NEVERS,NON,4402,12:05,IC SRO,ROANNE,JOURNTELYN,FRRNE,10:37,FRNVS
2101,2023-08-14,ST PIERRE DES CORPS,NON,4402,10:23,IC SRO,NEVERS,JOURNTELYN,FRNVS,08:09,FRXSH
2102,2023-08-14,VIERZON VILLE,NON,4402,11:26,IC SRO,ST GERMAIN DES FOSSES,JOURNTELYN,FRSGF,09:19,FRXVZ
2103,2023-08-14,MACON LOCHE TGV,OUI,6621,18:03,SUD EST,LYON (intramuros),PARISRHONE,FRLPD,17:32,FRMLT
2104,2023-08-14,PARIS (intramuros),OUI,6621,17:29,SUD EST,MACON LOCHE TGV,PARISRHONE,FRMLT,15:52,FRPLY
2105,2023-08-14,EPINAL,NON,2574,08:46,EST,PARIS (intramuros),NANCYPA,FRPST,06:24,FREPL
2106,2023-08-14,FRANKFURT MAIN HBF,NON,9556,11:00,INTERNATIONAL,SARREBRUCK/SAARBRUECKEN,FRANCPA,DESBK,08:56,DEFRH
2107,2023-08-14,MANNHEIM HBF,NON,9556,11:00,INTERNATIONAL,SARREBRUCK/SAARBRUECKEN,FRANCPA,DESBK,09:40,DEMHG
2108,2023-08-14,SARREBRUCK/SAARBRUECKEN,NON,9556,12:53,INTERNATIONAL,PARIS (intramuros),FRANCPA,FRPST,11:01,DESBK
2109,2023-08-14,NEVERS,OUI,5982,20:57,IC ARO,PARIS (intramuros),CLERMONTPA,FRPBE,19:00,FRNVS
2110,2023-08-14,RIOM CHATEL GUYON,OUI,5982,20:57,IC ARO,PARIS (intramuros),CLERMONTPA,FRPBE,17:42,FRRIO
2111,2023-08-14,VICHY,OUI,5982,18:58,IC ARO,NEVERS,CLERMONTPA,FRNVS,18:06,FRVHY
2112,2023-08-14,MOULINS SUR ALLIER,OUI,5982,18:58,IC ARO,NEVERS,CLERMONTPA,FRNVS,18:31,FRXMU
2113,2023-08-14,AIX EN PROVENCE TGV,NON,6805,11:06,SUD EST,TOULON,JCPROVSUD,FRTLN,09:51,FRAIE
2114,2023-08-14,AIX EN PROVENCE TGV,NON,6805,12:02,SUD EST,ST RAPHAEL VALESCURE,JCPROVSUD,FRXSK,09:51,FRAIE
2115,2023-08-14,AVIGNON TGV,OUI,6805,09:48,SUD EST,AIX EN PROVENCE TGV,JCPROVSUD,FRAIE,09:29,FRAVG
2116,2023-08-14,AVIGNON TGV,NON,6805,10:03,SUD EST,MARSEILLE ST CHARLES,JCPROVSUD,FRMSC,09:29,FRAVG
2117,2023-08-14,AVIGNON TGV,NON,6805,12:02,SUD EST,ST RAPHAEL VALESCURE,JCPROVSUD,FRXSK,09:29,FRAVG
2118,2023-08-14,LYON (intramuros),NON,6805,12:39,SUD EST,ANTIBES,JCPROVSUD,FRXAT,08:06,FRLPD
2119,2023-08-14,TOULON,NON,6805,12:02,SUD EST,ST RAPHAEL VALESCURE,JCPROVSUD,FRXSK,11:11,FRTLN
2120,2023-08-14,VALENCE TGV RHONE-ALPES SUD,NON,6805,12:26,SUD EST,CANNES,JCPROVSUD,FRJCA,08:53,FRVLA
2121,2023-08-14,VALENCE TGV RHONE-ALPES SUD,NON,6805,10:03,SUD EST,MARSEILLE ST CHARLES,JCPROVSUD,FRMSC,08:53,FRVLA
2122,2023-08-14,VALENCE TGV RHONE-ALPES SUD,NON,6805,12:39,SUD EST,ANTIBES,JCPROVSUD,FRXAT,08:53,FRVLA
2123,2023-08-14,LES SABLES D'OLONNE,NON,8984,19:14,ATLANTIQUE,PARIS (intramuros),LOIREPARIS,FRPMO,15:44,FRLSO
2124,2023-08-14,LIMOGES BENEDICTINS,NON,3605,11:00,IC ARO,BRIVE LA GAILLARDE,PALITO,FRBVE,09:58,FRAGQ
2125,2023-08-14,LIMOGES BENEDICTINS,NON,3605,11:45,IC ARO,GOURDON,PALITO,FRFSI,09:58,FRAGQ
2126,2023-08-14,BRIVE LA GAILLARDE,NON,3605,11:28,IC ARO,SOUILLAC,PALITO,FRSOU,11:03,FRBVE
2127,2023-08-14,BRIVE LA GAILLARDE,NON,3605,12:12,IC ARO,CAHORS,PALITO,FRZAO,11:03,FRBVE
2128,2023-08-14,CHATEAUROUX,NON,3605,09:55,IC ARO,LIMOGES BENEDICTINS,PALITO,FRAGQ,08:45,FRCHR
2129,2023-08-14,GOURDON,NON,3605,12:54,IC ARO,MONTAUBAN VILLE BOURBON,PALITO,FRXMW,11:47,FRFSI
2130,2023-08-14,GOURDON,NON,3605,13:23,IC ARO,TOULOUSE MATABIAU,PALITO,FRXYT,11:47,FRFSI
2131,2023-08-14,LES AUBRAIS ORLEANS,NON,3605,08:43,IC ARO,CHATEAUROUX,PALITO,FRCHR,07:36,FRLAB
2132,2023-08-14,LES AUBRAIS ORLEANS,NON,3605,11:45,IC ARO,GOURDON,PALITO,FRFSI,07:36,FRLAB
2133,2023-08-14,LA SOUTERRAINE,NON,3605,09:55,IC ARO,LIMOGES BENEDICTINS,PALITO,FRAGQ,09:23,FRLST
2134,2023-08-14,LA SOUTERRAINE,NON,3605,11:45,IC ARO,GOURDON,PALITO,FRFSI,09:23,FRLST
2135,2023-08-14,LA SOUTERRAINE,NON,3605,11:28,IC ARO,SOUILLAC,PALITO,FRSOU,09:23,FRLST
2136,2023-08-14,LA SOUTERRAINE,NON,3605,12:12,IC ARO,CAHORS,PALITO,FRZAO,09:23,FRLST
2137,2023-08-14,PARIS (intramuros),NON,3605,09:55,IC ARO,LIMOGES BENEDICTINS,PALITO,FRAGQ,06:35,FRPAZ
2138,2023-08-14,PARIS (intramuros),NON,3605,11:45,IC ARO,GOURDON,PALITO,FRFSI,06:35,FRPAZ
2139,2023-08-14,PARIS (intramuros),NON,3605,11:28,IC ARO,SOUILLAC,PALITO,FRSOU,06:35,FRPAZ
2140,2023-08-14,PARIS (intramuros),NON,3605,08:12,IC ARO,VIERZON VILLE,PALITO,FRXVZ,06:35,FRPAZ
2141,2023-08-14,PARIS (intramuros),NON,3605,13:23,IC ARO,TOULOUSE MATABIAU,PALITO,FRXYT,06:35,FRPAZ
2142,2023-08-14,SOUILLAC,NON,3605,11:45,IC ARO,GOURDON,PALITO,FRFSI,11:30,FRSOU
2143,2023-08-14,SOUILLAC,NON,3605,12:54,IC ARO,MONTAUBAN VILLE BOURBON,PALITO,FRXMW,11:30,FRSOU
2144,2023-08-14,VIERZON VILLE,NON,3605,11:00,IC ARO,BRIVE LA GAILLARDE,PALITO,FRBVE,08:14,FRXVZ
2145,2023-08-14,VALENCE TGV RHONE-ALPES SUD,NON,6048,15:04,SUD EST,PARIS (intramuros),LANGPA,FRPLY,12:53,FRVLA
2146,2023-08-14,NIMES PONT DU GARD,NON,6048,12:50,SUD EST,VALENCE TGV RHONE-ALPES SUD,LANGPA,FRVLA,12:14,FRXZP
2147,2023-08-14,MONTPELLIER SUD DE FRANCE,OUI,6048,12:11,SUD EST,NIMES PONT DU GARD,LANGPA,FRXZP,11:52,FRSUF
2148,2023-08-14,LIMOGES BENEDICTINS,OUI,3674,18:29,IC ARO,LA SOUTERRAINE,TOULOUZECO,FRLST,18:00,FRAGQ
2149,2023-08-14,BRIVE LA GAILLARDE,OUI,3674,18:29,IC ARO,LA SOUTERRAINE,TOULOUZECO,FRLST,16:57,FRBVE
2150,2023-08-14,CHATEAUROUX,OUI,3674,21:20,IC ARO,PARIS (intramuros),TOULOUZECO,FRPAZ,19:12,FRCHR
2151,2023-08-14,ARGENTON SUR CREUSE,NON,3674,19:10,IC ARO,CHATEAUROUX,TOULOUZECO,FRCHR,18:55,FRFMT
2152,2023-08-14,LA SOUTERRAINE,NON,3674,19:45,IC ARO,VIERZON VILLE,TOULOUZECO,FRXVZ,18:31,FRLST
2153,2023-08-14,LE MANS,NON,5460,20:25,EST,LORRAINE TGV,JCATLEST,FREAM,16:57,FRAET
2154,2023-08-14,MEUSE TGV,OUI,5460,21:04,EST,STRASBOURG,JCATLEST,FRAEG,20:07,FREAJ
2155,2023-08-14,MEUSE TGV,OUI,5460,20:25,EST,LORRAINE TGV,JCATLEST,FREAM,20:07,FREAJ
2156,2023-08-14,AEROPORT CDG2 TGV ROISSY,NON,5460,20:00,EST,MEUSE TGV,JCATLEST,FREAJ,18:53,FRMLW
2157,2023-08-14,AEROPORT CDG2 TGV ROISSY,NON,5460,20:25,EST,LORRAINE TGV,JCATLEST,FREAM,18:53,FRMLW
2158,2023-08-14,PARIS (intramuros),NON,6685,15:48,SUD EST,ST ETIENNE CHATEAUCREUX,PARISRHONE,FRHHD,12:52,FRPLY
2159,2023-08-14,LES SABLES D'OLONNE,NON,8972,11:42,ATLANTIQUE,ANGERS ST LAUD,LOIREPARIS,FRACL,09:44,FRLSO
2160,2023-08-14,NANTES,NON,8972,13:25,ATLANTIQUE,PARIS (intramuros),LOIREPARIS,FRPMO,11:05,FRNTE
2161,2023-08-14,LA ROCHE SUR YON,NON,8972,12:23,ATLANTIQUE,LE MANS,LOIREPARIS,FRAET,10:10,FRXRO
2162,2023-08-14,LA ROCHE SUR YON,NON,8972,13:25,ATLANTIQUE,PARIS (intramuros),LOIREPARIS,FRPMO,10:10,FRXRO
2163,2023-08-14,POITIERS,OUI,8431,09:02,ATLANTIQUE,BORDEAUX ST JEAN,PASUDOUEST,FRBOJ,07:43,FRPIS
2164,2023-08-14,PARIS (intramuros),OUI,8431,07:06,ATLANTIQUE,ST PIERRE DES CORPS,PASUDOUEST,FRXSH,06:00,FRPMO
2165,2023-08-14,ST PIERRE DES CORPS,OUI,8431,09:02,ATLANTIQUE,BORDEAUX ST JEAN,PASUDOUEST,FRBOJ,07:10,FRXSH
2166,2023-08-14,ANGERS ST LAUD,NON,4406,21:30,IC SRO,LYON (intramuros),JOURNTELYN,FRLPE,15:28,FRACL
2167,2023-08-14,ANGERS ST LAUD,NON,4406,19:34,IC SRO,ST GERMAIN DES FOSSES,JOURNTELYN,FRSGF,15:28,FRACL
2168,2023-08-14,SAUMUR,NON,4406,21:30,IC SRO,LYON (intramuros),JOURNTELYN,FRLPE,15:53,FRACN
2169,2023-08-14,SAUMUR,NON,4406,19:34,IC SRO,ST GERMAIN DES FOSSES,JOURNTELYN,FRSGF,15:53,FRACN
2170,2023-08-14,SAUMUR,NON,4406,17:38,IC SRO,VIERZON VILLE,JOURNTELYN,FRXVZ,15:53,FRACN
2171,2023-08-14,BOURGES,NON,4406,21:30,IC SRO,LYON (intramuros),JOURNTELYN,FRLPE,17:59,FRBOU
2172,2023-08-14,BOURGES,NON,4406,19:34,IC SRO,ST GERMAIN DES FOSSES,JOURNTELYN,FRSGF,17:59,FRBOU
2173,2023-08-14,NEVERS,NON,4406,20:13,IC SRO,ROANNE,JOURNTELYN,FRRNE,18:45,FRNVS
2174,2023-08-14,ROANNE,NON,4406,21:18,IC SRO,LYON (intramuros),JOURNTELYN,FRLPD,20:15,FRRNE
2175,2023-08-14,ROANNE,NON,4406,21:30,IC SRO,LYON (intramuros),JOURNTELYN,FRLPE,20:15,FRRNE
2176,2023-08-14,ST GERMAIN DES FOSSES,NON,4406,21:18,IC SRO,LYON (intramuros),JOURNTELYN,FRLPD,19:36,FRSGF
2177,2023-08-14,ST PIERRE DES CORPS,NON,4406,21:30,IC SRO,LYON (intramuros),JOURNTELYN,FRLPE,16:35,FRXSH
2178,2023-08-14,ST PIERRE DES CORPS,NON,4406,17:38,IC SRO,VIERZON VILLE,JOURNTELYN,FRXVZ,16:35,FRXSH
2179,2023-08-14,VIERZON VILLE,NON,4406,20:13,IC SRO,ROANNE,JOURNTELYN,FRRNE,17:40,FRXVZ
2180,2023-08-14,VIERZON VILLE,NON,4406,19:12,IC SRO,MOULINS SUR ALLIER,JOURNTELYN,FRXMU,17:40,FRXVZ
2181,2023-08-14,LYON (intramuros),NON,9756,12:11,INTERNATIONAL,MARSEILLE ST CHARLES,GENEVEMED,FRMSC,10:28,FRLPD
2182,2023-08-14,BELLEGARDE,NON,9756,12:11,INTERNATIONAL,MARSEILLE ST CHARLES,GENEVEMED,FRMSC,09:12,FRXBF
2183,2023-08-14,CHARLEVILLE MEZIERES,NON,2714,09:01,EST,PARIS (intramuros),SEDBARPA,FRPST,07:15,FRXCZ
2184,2023-08-14,LAVAL,NON,8641,21:38,ATLANTIQUE,GUINGAMP,PARISBRETA,FRGGP,19:58,FRACR
2185,2023-08-14,GUINGAMP,OUI,8641,21:53,ATLANTIQUE,PLOUARET TREGOR,PARISBRETA,FRPLT,21:40,FRGGP
2186,2023-08-14,GUINGAMP,OUI,8641,22:36,ATLANTIQUE,LANDERNEAU,PARISBRETA,FRXLD,21:40,FRGGP
2187,2023-08-14,LAMBALLE,OUI,8641,21:38,ATLANTIQUE,GUINGAMP,PARISBRETA,FRGGP,21:11,FRLAM
2188,2023-08-14,LAMBALLE,OUI,8641,22:11,ATLANTIQUE,MORLAIX,PARISBRETA,FRMXN,21:11,FRLAM
2189,2023-08-14,LAMBALLE,OUI,8641,21:21,ATLANTIQUE,ST BRIEUC,PARISBRETA,FRSBK,21:11,FRLAM
2190,2023-08-14,MORLAIX,OUI,8641,22:51,ATLANTIQUE,BREST,PARISBRETA,FRBES,22:14,FRMXN
2191,2023-08-14,PLOUARET TREGOR,OUI,8641,22:51,ATLANTIQUE,BREST,PARISBRETA,FRBES,21:55,FRPLT
2192,2023-08-14,PARIS (intramuros),NON,8641,19:55,ATLANTIQUE,LAVAL,PARISBRETA,FRACR,18:40,FRPMO
2193,2023-08-14,PARIS (intramuros),NON,8641,22:51,ATLANTIQUE,BREST,PARISBRETA,FRBES,18:40,FRPMO
2194,2023-08-14,RENNES,OUI,8641,22:51,ATLANTIQUE,BREST,PARISBRETA,FRBES,20:32,FRRNS
2195,2023-08-14,RENNES,OUI,8641,21:08,ATLANTIQUE,LAMBALLE,PARISBRETA,FRLAM,20:32,FRRNS
2196,2023-08-14,ST BRIEUC,OUI,8641,21:53,ATLANTIQUE,PLOUARET TREGOR,PARISBRETA,FRPLT,21:24,FRSBK
2197,2023-08-14,PARIS (intramuros),NON,6681,09:56,SUD EST,LYON (intramuros),PARISRHONE,FRLPD,07:52,FRPLY
2198,2023-08-14,PARIS (intramuros),NON,6681,09:11,SUD EST,LE CREUSOT MONTCEAU MONTCHANIN,PARISRHONE,FRXCC,07:52,FRPLY
2199,2023-08-14,CHAMPAGNE-ARDENNE,NON,2571,14:48,EST,EPINAL,PANANCY,FREPL,13:06,FREAH
2200,2023-08-14,CHAMPAGNE-ARDENNE,NON,2571,15:12,EST,REMIREMONT,PANANCY,FRRNT,13:06,FREAH
2201,2023-08-14,ANGERS ST LAUD,NON,5320,18:24,SUD EST,LE MANS,JCATLSUD,FRAET,17:44,FRACL
2202,2023-08-14,ANGERS ST LAUD,NON,5320,21:30,SUD EST,LYON (intramuros),JCATLSUD,FRLPD,17:44,FRACL
2203,2023-08-14,ANGERS ST LAUD,NON,5320,21:47,SUD EST,LYON (intramuros),JCATLSUD,FRLPE,17:44,FRACL
2204,2023-08-14,LE MANS,OUI,5320,21:30,SUD EST,LYON (intramuros),JCATLSUD,FRLPD,18:30,FRAET
2205,2023-08-14,NANTES,OUI,5320,17:41,SUD EST,ANGERS ST LAUD,JCATLSUD,FRACL,17:05,FRNTE
2206,2023-08-14,NANTES,NON,5320,18:24,SUD EST,LE MANS,JCATLSUD,FRAET,17:05,FRNTE
2207,2023-08-14,LAVAL,NON,8707,12:00,ATLANTIQUE,LORIENT,PARISBRETA,FRLRT,09:58,FRACR
2208,2023-08-14,LAVAL,NON,8707,10:25,ATLANTIQUE,RENNES,PARISBRETA,FRRNS,09:58,FRACR
2209,2023-08-14,PARIS (intramuros),NON,8707,09:55,ATLANTIQUE,LAVAL,PARISBRETA,FRACR,08:40,FRPMO
2210,2023-08-14,PARIS (intramuros),NON,8707,10:25,ATLANTIQUE,RENNES,PARISBRETA,FRRNS,08:40,FRPMO
2211,2023-08-14,PARIS (intramuros),NON,8707,11:04,ATLANTIQUE,REDON,PARISBRETA,FRXRN,08:40,FRPMO
2212,2023-08-14,RENNES,NON,8707,12:00,ATLANTIQUE,LORIENT,PARISBRETA,FRLRT,10:29,FRRNS
2213,2023-08-14,RENNES,NON,8707,12:38,ATLANTIQUE,QUIMPER,PARISBRETA,FRUIP,10:29,FRRNS
2214,2023-08-14,RENNES,NON,8707,11:29,ATLANTIQUE,VANNES,PARISBRETA,FRVNE,10:29,FRRNS
2215,2023-08-14,RENNES,NON,8707,11:42,ATLANTIQUE,AURAY,PARISBRETA,FRXUY,10:29,FRRNS
2216,2023-08-14,VANNES,NON,8707,11:42,ATLANTIQUE,AURAY,PARISBRETA,FRXUY,11:32,FRVNE
2217,2023-08-14,LILLE (intramuros),NON,9810,08:23,NORD,AEROPORT CDG2 TGV ROISSY,JCNORDSUD,FRMLW,07:24,FRLLE
2218,2023-08-14,LILLE (intramuros),NON,9810,12:24,NORD,MARSEILLE ST CHARLES,JCNORDSUD,FRMSC,07:24,FRLLE
2219,2023-08-14,AEROPORT CDG2 TGV ROISSY,NON,9810,08:38,NORD,MARNE LA VALLEE CHESSY,JCNORDSUD,FRMLV,08:29,FRMLW
2220,2023-08-14,AEROPORT CDG2 TGV ROISSY,NON,9810,12:24,NORD,MARSEILLE ST CHARLES,JCNORDSUD,FRMSC,08:29,FRMLW
2221,2023-08-14,TGV HAUTE PICARDIE,NON,9810,08:23,NORD,AEROPORT CDG2 TGV ROISSY,JCNORDSUD,FRMLW,07:54,FRTHP
2222,2023-08-14,TGV HAUTE PICARDIE,NON,9810,12:24,NORD,MARSEILLE ST CHARLES,JCNORDSUD,FRMSC,07:54,FRTHP
2223,2023-08-14,LORIENT,NON,8720,15:06,ATLANTIQUE,PARIS (intramuros),BRETAPARIS,FRPMO,12:01,FRLRT
2224,2023-08-14,QUIMPER,NON,8720,15:06,ATLANTIQUE,PARIS (intramuros),BRETAPARIS,FRPMO,11:24,FRUIP
2225,2023-08-14,QUIMPER,OUI,8720,12:24,ATLANTIQUE,VANNES,BRETAPARIS,FRVNE,11:24,FRUIP
2226,2023-08-14,ANGERS ST LAUD,NON,8923,18:00,ATLANTIQUE,LE POULIGUEN,PARISLOIRE,FREGS,16:13,FRACL
2227,2023-08-14,PORNICHET,OUI,8923,17:54,ATLANTIQUE,LA BAULE ESCOUBLAC,PARISLOIRE,FRJEE,17:50,FREGR
2228,2023-08-14,LA BAULE ESCOUBLAC,OUI,8923,18:00,ATLANTIQUE,LE POULIGUEN,PARISLOIRE,FREGS,17:57,FRJEE
2229,2023-08-14,NANTES,NON,8923,17:54,ATLANTIQUE,LA BAULE ESCOUBLAC,PARISLOIRE,FRJEE,16:59,FRNTE
2230,2023-08-14,PARIS (intramuros),NON,8923,17:34,ATLANTIQUE,ST NAZAIRE,PARISLOIRE,FRSNR,14:45,FRPMO
2231,2023-08-14,ST NAZAIRE,OUI,8923,18:00,ATLANTIQUE,LE POULIGUEN,PARISLOIRE,FREGS,17:37,FRSNR
2232,2023-08-14,DOLE VILLE,OUI,6745,19:27,SUD EST,BESANCON VIOTTE,PABOUR,FRABG,19:04,FRACE
2233,2023-08-14,MONTBARD,NON,6745,18:35,SUD EST,DIJON VILLE,PABOUR,FRABA,17:57,FRGWE
2234,2023-08-14,PARIS (intramuros),NON,6745,19:01,SUD EST,DOLE VILLE,PABOUR,FRACE,16:52,FRPLY
2235,2023-08-14,LAUSANNE,NON,9784,23:42,INTERNATIONAL,PARIS (intramuros),GENEVEPA,FRPLY,19:45,CHAJF
2236,2023-08-14,GENEVE,NON,9784,23:42,INTERNATIONAL,PARIS (intramuros),GENEVEPA,FRPLY,20:29,CHGVA
2237,2023-08-14,BELLEGARDE,NON,9784,21:48,INTERNATIONAL,BOURG EN BRESSE,GENEVEPA,FRXBK,21:02,FRXBF
2238,2023-08-14,BOURG EN BRESSE,NON,9784,23:42,INTERNATIONAL,PARIS (intramuros),GENEVEPA,FRPLY,21:51,FRXBK
2239,2023-08-14,MASSY TGV,NON,8514,20:58,ATLANTIQUE,PARIS (intramuros),SUDOUESTPA,FRPMO,20:46,FRDJU
2240,2023-08-14,AGEN,NON,8514,20:43,ATLANTIQUE,MASSY TGV,SUDOUESTPA,FRDJU,17:31,FRAGF
2241,2023-08-14,CARCASSONNE,NON,4752,09:16,IC ARO,TOULOUSE MATABIAU,TJOURSESO,FRXYT,08:33,FRCCF
2242,2023-08-14,NIMES,OUI,4752,07:43,IC ARO,BEZIERS,TJOURSESO,FRBZR,06:38,FRFNI
2243,2023-08-14,MONTPELLIER SAINT-ROCH,NON,4752,10:26,IC ARO,AGEN,TJOURSESO,FRAGF,07:06,FRMPL
2244,2023-08-14,MONTPELLIER SAINT-ROCH,OUI,4752,07:43,IC ARO,BEZIERS,TJOURSESO,FRBZR,07:06,FRMPL
2245,2023-08-14,NARBONNE,NON,4752,08:31,IC ARO,CARCASSONNE,TJOURSESO,FRCCF,08:02,FRXNA
2246,2023-08-14,NARBONNE,NON,4752,09:16,IC ARO,TOULOUSE MATABIAU,TJOURSESO,FRXYT,08:02,FRXNA
2247,2023-08-14,TOULOUSE MATABIAU,NON,4752,09:49,IC ARO,MONTAUBAN VILLE BOURBON,TJOURSESO,FRXMW,09:24,FRXYT
2248,2023-08-14,VALLORBE,NON,9264,09:00,INTERNATIONAL,DOLE VILLE,SUISPA,FRACE,08:00,CHAGL
2249,2023-08-14,VALLORBE,NON,9264,08:43,INTERNATIONAL,MOUCHARD,SUISPA,FRMCD,08:00,CHAGL
2250,2023-08-14,LAUSANNE,NON,9264,11:08,INTERNATIONAL,PARIS (intramuros),SUISPA,FRPLY,07:23,CHAJF
2251,2023-08-14,DOLE VILLE,NON,9264,11:08,INTERNATIONAL,PARIS (intramuros),SUISPA,FRPLY,09:02,FRACE
2252,2023-08-14,FRASNE,NON,9264,08:43,INTERNATIONAL,MOUCHARD,SUISPA,FRMCD,08:15,FRFRA
2253,2023-08-14,MOUCHARD,NON,9264,09:00,INTERNATIONAL,DOLE VILLE,SUISPA,FRACE,08:45,FRMCD
2254,2023-08-14,MOUCHARD,NON,9264,11:08,INTERNATIONAL,PARIS (intramuros),SUISPA,FRPLY,08:45,FRMCD
2255,2023-08-14,MONTPELLIER SAINT-ROCH,OUI,4770,22:01,IC ARO,NARBONNE,TJOURSESO,FRXNA,21:07,FRMPL
2256,2023-08-14,NARBONNE,OUI,4770,22:34,IC ARO,CARCASSONNE,TJOURSESO,FRCCF,22:04,FRXNA
2257,2023-08-14,NARBONNE,OUI,4770,23:18,IC ARO,TOULOUSE MATABIAU,TJOURSESO,FRXYT,22:04,FRXNA
2258,2023-08-14,LAVAL,NON,5464,09:25,EST,LE MANS,JCATLEST,FRAET,08:55,FRACR
2259,2023-08-14,MASSY TGV,NON,5464,13:12,EST,STRASBOURG,JCATLEST,FRAEG,10:26,FRDJU
2260,2023-08-14,MASSY TGV,NON,5464,11:52,EST,CHAMPAGNE-ARDENNE,JCATLEST,FREAH,10:26,FRDJU
2261,2023-08-14,MASSY TGV,NON,5464,11:09,EST,AEROPORT CDG2 TGV ROISSY,JCATLEST,FRMLW,10:26,FRDJU
2262,2023-08-14,MARNE LA VALLEE CHESSY,NON,5464,12:32,EST,LORRAINE TGV,JCATLEST,FREAM,11:00,FRMLV
2263,2023-08-14,AEROPORT CDG2 TGV ROISSY,NON,5464,13:12,EST,STRASBOURG,JCATLEST,FRAEG,11:22,FRMLW
2264,2023-08-14,RENNES,NON,5464,10:20,EST,MASSY TGV,JCATLEST,FRDJU,08:27,FRRNS
2265,2023-08-14,RENNES,NON,5464,11:52,EST,CHAMPAGNE-ARDENNE,JCATLEST,FREAH,08:27,FRRNS
2266,2023-08-14,RENNES,NON,5464,12:32,EST,LORRAINE TGV,JCATLEST,FREAM,08:27,FRRNS
2267,2023-08-14,RENNES,NON,5464,11:09,EST,AEROPORT CDG2 TGV ROISSY,JCATLEST,FRMLW,08:27,FRRNS
2268,2023-08-14,NEVERS,OUI,5955,11:55,IC ARO,VICHY,PACLERMONT,FRVHY,10:59,FRNVS
2269,2023-08-14,PARIS (intramuros),OUI,5955,10:57,IC ARO,NEVERS,PACLERMONT,FRNVS,09:00,FRPBE
2270,2023-08-14,PARIS (intramuros),OUI,5955,11:55,IC ARO,VICHY,PACLERMONT,FRVHY,09:00,FRPBE
2271,2023-08-14,VICHY,OUI,5955,12:17,IC ARO,RIOM CHATEL GUYON,PACLERMONT,FRRIO,11:57,FRVHY
2272,2023-08-14,MOULINS SUR ALLIER,OUI,5955,12:29,IC ARO,CLERMONT FERRAND,PACLERMONT,FRCFE,11:30,FRXMU
2273,2023-08-14,MARSEILLE ST CHARLES,OUI,6102,05:25,SUD EST,AIX EN PROVENCE TGV,PROVENCEPA,FRAIE,05:14,FRMSC
2274,2023-08-14,MARSEILLE ST CHARLES,OUI,6102,05:47,SUD EST,AVIGNON TGV,PROVENCEPA,FRAVG,05:14,FRMSC
2275,2023-08-14,ST MALO,NON,8086,18:12,ATLANTIQUE,PARIS (intramuros),BRETAPARIS,FRPMO,15:39,FRXSB
2276,2023-08-14,LYON (intramuros),OUI,6631,22:10,SUD EST,LYON (intramuros),PARISRHONE,FRLPE,22:02,FRLPD
2277,2023-08-14,PARIS (intramuros),NON,3971,06:35,IC NUIT,SAVERDUN,PARPALOMBE,FRFPU,20:41,FRPAZ
2278,2023-08-14,LES AUBRAIS ORLEANS,NON,3971,06:23,IC NUIT,AUTERIVE,PARPALOMBE,FRFPW,22:24,FRLAB
2279,2023-08-14,FUTUROSCOPE,OUI,8346,19:44,ATLANTIQUE,CHATELLERAULT,ROCHELLEPA,FRXCX,19:33,FRTGO
2280,2023-08-14,CHATELLERAULT,OUI,8346,21:20,ATLANTIQUE,PARIS (intramuros),ROCHELLEPA,FRPMO,19:47,FRXCX
2281,2023-08-14,COLMAR,OUI,2242,15:54,EST,STRASBOURG,JCRHONRHIN,FRAEG,15:27,FRAEJ
2282,2023-08-14,AIX EN PROVENCE TGV,NON,2242,12:09,EST,MACON VILLE,JCRHONRHIN,FRHGU,09:58,FRAIE
2283,2023-08-14,AIX EN PROVENCE TGV,NON,2242,13:03,EST,BEAUNE,JCRHONRHIN,FRXBV,09:58,FRAIE
2284,2023-08-14,AVIGNON TGV,NON,2242,14:55,EST,MULHOUSE VILLE,JCRHONRHIN,FRAEK,10:20,FRAVG
2285,2023-08-14,AVIGNON TGV,NON,2242,14:30,EST,BELFORT-MONTBELIARD TGV,JCRHONRHIN,FRTJA,10:20,FRAVG
2286,2023-08-14,MACON VILLE,OUI,2242,13:25,EST,DIJON VILLE,JCRHONRHIN,FRABA,12:12,FRHGU
2287,2023-08-14,LYON (intramuros),NON,2242,13:25,EST,DIJON VILLE,JCRHONRHIN,FRABA,11:32,FRLPD
2288,2023-08-14,LYON (intramuros),NON,2242,15:24,EST,COLMAR,JCRHONRHIN,FRAEJ,11:32,FRLPD
2289,2023-08-14,LYON (intramuros),NON,2242,12:41,EST,CHALON SUR SAONE,JCRHONRHIN,FRXCD,11:32,FRLPD
2290,2023-08-14,MARSEILLE ST CHARLES,NON,2242,09:55,EST,AIX EN PROVENCE TGV,JCRHONRHIN,FRAIE,09:45,FRMSC
2291,2023-08-14,MARSEILLE ST CHARLES,NON,2242,12:41,EST,CHALON SUR SAONE,JCRHONRHIN,FRXCD,09:45,FRMSC
2292,2023-08-14,NICE VILLE,NON,2242,13:25,EST,DIJON VILLE,JCRHONRHIN,FRABA,07:00,FRNIC
2293,2023-08-14,NICE VILLE,NON,2242,14:55,EST,MULHOUSE VILLE,JCRHONRHIN,FRAEK,07:00,FRNIC
2294,2023-08-14,NICE VILLE,NON,2242,11:26,EST,LYON (intramuros),JCRHONRHIN,FRLPD,07:00,FRNIC
2295,2023-08-14,NICE VILLE,OUI,2242,08:46,EST,TOULON,JCRHONRHIN,FRTLN,07:00,FRNIC
2296,2023-08-14,NICE VILLE,OUI,2242,08:09,EST,LES ARCS DRAGUIGNAN,JCRHONRHIN,FRXRS,07:00,FRNIC
2297,2023-08-14,BELFORT-MONTBELIARD TGV,OUI,2242,15:54,EST,STRASBOURG,JCRHONRHIN,FRAEG,14:33,FRTJA
2298,2023-08-14,BESANCON - F COMTE TGV,OUI,2242,14:30,EST,BELFORT-MONTBELIARD TGV,JCRHONRHIN,FRTJA,14:09,FRTJB
2299,2023-08-14,ANTIBES,NON,2242,15:24,EST,COLMAR,JCRHONRHIN,FRAEJ,07:16,FRXAT
2300,2023-08-14,ANTIBES,NON,2242,12:09,EST,MACON VILLE,JCRHONRHIN,FRHGU,07:16,FRXAT
2301,2023-08-14,ANTIBES,OUI,2242,07:26,EST,CANNES,JCRHONRHIN,FRJCA,07:16,FRXAT
2302,2023-08-14,ANTIBES,NON,2242,13:03,EST,BEAUNE,JCRHONRHIN,FRXBV,07:16,FRXAT
2303,2023-08-14,ANTIBES,NON,2242,12:41,EST,CHALON SUR SAONE,JCRHONRHIN,FRXCD,07:16,FRXAT
2304,2023-08-14,BEAUNE,OUI,2242,13:25,EST,DIJON VILLE,JCRHONRHIN,FRABA,13:06,FRXBV
2305,2023-08-14,CHALON SUR SAONE,OUI,2242,15:24,EST,COLMAR,JCRHONRHIN,FRAEJ,12:44,FRXCD
2306,2023-08-14,ST RAPHAEL VALESCURE,NON,2242,15:54,EST,STRASBOURG,JCRHONRHIN,FRAEG,07:55,FRXSK
2307,2023-08-14,ST RAPHAEL VALESCURE,OUI,2242,08:46,EST,TOULON,JCRHONRHIN,FRTLN,07:55,FRXSK
2308,2023-08-14,ST RAPHAEL VALESCURE,OUI,2242,08:09,EST,LES ARCS DRAGUIGNAN,JCRHONRHIN,FRXRS,07:55,FRXSK
2309,2023-08-14,ST RAPHAEL VALESCURE,NON,2242,14:30,EST,BELFORT-MONTBELIARD TGV,JCRHONRHIN,FRTJA,07:55,FRXSK
2310,2023-08-14,DAX,OUI,8537,14:25,ATLANTIQUE,BIARRITZ,PASUDOUEST,FRBIQ,13:42,FRACG
2311,2023-08-14,BIARRITZ,OUI,8537,14:41,ATLANTIQUE,ST JEAN DE LUZ CIBOURE,PASUDOUEST,FRXJZ,14:28,FRBIQ
2312,2023-08-14,BORDEAUX ST JEAN,NON,8537,14:13,ATLANTIQUE,BAYONNE,PASUDOUEST,FRXBY,12:20,FRBOJ
2313,2023-08-14,PARIS (intramuros),NON,8537,13:38,ATLANTIQUE,DAX,PASUDOUEST,FRACG,10:08,FRPMO
2314,2023-08-14,PARIS (intramuros),NON,8537,14:13,ATLANTIQUE,BAYONNE,PASUDOUEST,FRXBY,10:08,FRPMO
2315,2023-08-14,ST JEAN DE LUZ CIBOURE,OUI,8537,14:55,ATLANTIQUE,HENDAYE,PASUDOUEST,FRAEF,14:43,FRXJZ
2316,2023-08-14,NANCY,NON,2596,09:46,EST,PARIS (intramuros),NANCYPA,FRPST,08:16,FRENC
2317,2023-08-14,OULX CESANA CLAV SESTRIERE,NON,9248,23:26,INTERNATIONAL,PARIS (intramuros),ITALIEPA,FRPLY,18:36,ITOCS
2318,2023-08-14,TORINO PORTA SUSA,NON,9248,20:14,INTERNATIONAL,CHAMBERY CHALLES LES EAUX,ITALIEPA,FRCMF,17:38,ITTRS
2319,2023-08-14,ANGOULEME,NON,5440,11:48,EST,MASSY TGV,JCATLEST,FRDJU,09:35,FRANG
2320,2023-08-14,ANGOULEME,NON,5440,13:23,EST,MEUSE TGV,JCATLEST,FREAJ,09:35,FRANG
2321,2023-08-14,ANGOULEME,NON,5440,13:49,EST,LORRAINE TGV,JCATLEST,FREAM,09:35,FRANG
2322,2023-08-14,MARNE LA VALLEE CHESSY,NON,5440,13:49,EST,LORRAINE TGV,JCATLEST,FREAM,12:28,FRMLV
2323,2023-08-14,POITIERS,NON,5440,14:29,EST,STRASBOURG,JCATLEST,FRAEG,10:19,FRPIS
2324,2023-08-14,ST PIERRE DES CORPS,NON,5440,13:23,EST,MEUSE TGV,JCATLEST,FREAJ,10:54,FRXSH
2325,2023-08-14,BORDEAUX ST JEAN,OUI,12213,22:22,ATLANTIQUE,AGEN,PASUDOUEST,FRAGF,21:20,FRBOJ
2326,2023-08-14,BORDEAUX ST JEAN,OUI,12213,23:02,ATLANTIQUE,MONTAUBAN VILLE BOURBON,PASUDOUEST,FRXMW,21:20,FRBOJ
2327,2023-08-14,PARIS (intramuros),OUI,3751,05:01,IC NUIT,CAHORS,PAVERMEIL,FRZAO,22:12,FRPAZ
2328,2023-08-14,GENEVE,NON,9770,13:49,INTERNATIONAL,BOURG EN BRESSE,GENEVEPA,FRXBK,12:29,CHGVA
2329,2023-08-14,BELLEGARDE,NON,9770,13:49,INTERNATIONAL,BOURG EN BRESSE,GENEVEPA,FRXBK,13:02,FRXBF
2330,2023-08-14,BASEL SBB,NON,9222,15:58,INTERNATIONAL,DIJON VILLE,ZURBALPA,FRABA,14:34,CHAJP
2331,2023-08-14,DIJON VILLE,NON,9222,17:38,INTERNATIONAL,PARIS (intramuros),ZURBALPA,FRPLY,16:02,FRABA
2332,2023-08-14,STRASBOURG,OUI,5472,21:01,EST,LAVAL,JCESTATL,FRACR,16:48,FRAEG
2333,2023-08-14,STRASBOURG,OUI,5472,20:29,EST,LE MANS,JCESTATL,FRAET,16:48,FRAEG
2334,2023-08-14,STRASBOURG,OUI,5472,19:34,EST,MASSY TGV,JCESTATL,FRDJU,16:48,FRAEG
2335,2023-08-14,STRASBOURG,OUI,5472,17:23,EST,LORRAINE TGV,JCESTATL,FREAM,16:48,FRAEG
2336,2023-08-14,STRASBOURG,OUI,5472,18:40,EST,MARNE LA VALLEE CHESSY,JCESTATL,FRMLV,16:48,FRAEG
2337,2023-08-14,MASSY TGV,OUI,5472,21:01,EST,LAVAL,JCESTATL,FRACR,19:39,FRDJU
2338,2023-08-14,CHAMPAGNE-ARDENNE,OUI,5472,21:01,EST,LAVAL,JCESTATL,FRACR,18:11,FREAH
2339,2023-08-14,CHAMPAGNE-ARDENNE,OUI,5472,20:29,EST,LE MANS,JCESTATL,FRAET,18:11,FREAH
2340,2023-08-14,CHAMPAGNE-ARDENNE,OUI,5472,21:29,EST,RENNES,JCESTATL,FRRNS,18:11,FREAH
2341,2023-08-14,LORRAINE TGV,OUI,5472,18:04,EST,CHAMPAGNE-ARDENNE,JCESTATL,FREAH,17:26,FREAM
2342,2023-08-14,MARNE LA VALLEE CHESSY,OUI,5472,19:34,EST,MASSY TGV,JCESTATL,FRDJU,19:02,FRMLV
2343,2023-08-14,MARNE LA VALLEE CHESSY,OUI,5472,21:29,EST,RENNES,JCESTATL,FRRNS,19:02,FRMLV
2344,2023-08-14,LILLE (intramuros),OUI,5202,07:18,NORD,TGV HAUTE PICARDIE,JCNORDAQUI,FRTHP,06:15,FRADJ
2345,2023-08-14,MARNE LA VALLEE CHESSY,NON,5202,12:02,NORD,BORDEAUX ST JEAN,JCNORDAQUI,FRBOJ,08:35,FRMLV
2346,2023-08-14,AEROPORT CDG2 TGV ROISSY,NON,5202,09:04,NORD,MASSY TGV,JCNORDAQUI,FRDJU,08:10,FRMLW
2347,2023-08-14,ARRAS,NON,5202,08:22,NORD,MARNE LA VALLEE CHESSY,JCNORDAQUI,FRMLV,07:00,FRQRV
2348,2023-08-14,TGV HAUTE PICARDIE,NON,5202,08:22,NORD,MARNE LA VALLEE CHESSY,JCNORDAQUI,FRMLV,07:25,FRTHP
2349,2023-08-14,TGV HAUTE PICARDIE,NON,5202,10:41,NORD,POITIERS,JCNORDAQUI,FRPIS,07:25,FRTHP
2350,2023-08-14,DOUAI,NON,5202,10:06,NORD,ST PIERRE DES CORPS,JCNORDAQUI,FRXSH,06:37,FRXDN
2351,2023-08-14,ST PIERRE DES CORPS,NON,5202,12:02,NORD,BORDEAUX ST JEAN,JCNORDAQUI,FRBOJ,10:10,FRXSH
2352,2023-08-14,LYON (intramuros),NON,9862,13:34,NORD,TGV HAUTE PICARDIE,JCSUDNORD,FRTHP,11:00,FRLPD
2353,2023-08-14,MARNE LA VALLEE CHESSY,NON,9862,14:24,NORD,LILLE (intramuros),JCSUDNORD,FRLLE,12:51,FRMLV
2354,2023-08-14,AEROPORT CDG2 TGV ROISSY,NON,9862,15:25,NORD,BRUXELLES MIDI BRUSSEL ZUID,JCSUDNORD,BEBMI,13:07,FRMLW
2355,2023-08-14,AEROPORT CDG2 TGV ROISSY,NON,9862,14:24,NORD,LILLE (intramuros),JCSUDNORD,FRLLE,13:07,FRMLW
2356,2023-08-14,AEROPORT CDG2 TGV ROISSY,NON,9862,13:55,NORD,ARRAS,JCSUDNORD,FRQRV,13:07,FRMLW
2357,2023-08-14,TGV HAUTE PICARDIE,NON,9862,13:55,NORD,ARRAS,JCSUDNORD,FRQRV,13:38,FRTHP
2358,2023-08-14,VALENCE TGV RHONE-ALPES SUD,NON,9862,13:34,NORD,TGV HAUTE PICARDIE,JCSUDNORD,FRTHP,10:15,FRVLA
2359,2023-08-14,MONTPELLIER SUD DE FRANCE,NON,9862,13:01,NORD,AEROPORT CDG2 TGV ROISSY,JCSUDNORD,FRMLW,09:12,FRSUF
2360,2023-08-14,MONTPELLIER SUD DE FRANCE,NON,9862,12:47,NORD,MARNE LA VALLEE CHESSY,JCSUDNORD,FRMLV,09:12,FRSUF
2361,2023-08-14,MONTPELLIER SUD DE FRANCE,NON,9862,13:34,NORD,TGV HAUTE PICARDIE,JCSUDNORD,FRTHP,09:12,FRSUF
2362,2023-08-14,MONTPELLIER SUD DE FRANCE,NON,9862,13:55,NORD,ARRAS,JCSUDNORD,FRQRV,09:12,FRSUF
2363,2023-08-14,NIMES PONT DU GARD,NON,9862,10:53,NORD,LYON (intramuros),JCSUDNORD,FRLPD,09:33,FRXZP
2364,2023-08-14,PARIS (intramuros),OUI,6279,23:00,SUD EST,BEZIERS,PALANG,FRBZR,18:56,FRPLY
2365,2023-08-14,AGDE,OUI,6279,23:51,SUD EST,PERPIGNAN,PALANG,FRPGF,22:49,FRXAG
2366,2023-08-14,MONTPELLIER SUD DE FRANCE,OUI,6279,22:30,SUD EST,SETE,PALANG,FRXSY,22:17,FRSUF
2367,2023-08-14,NIMES PONT DU GARD,OUI,6279,23:51,SUD EST,PERPIGNAN,PALANG,FRPGF,21:49,FRXZP
2368,2023-08-14,NIMES PONT DU GARD,OUI,6279,23:16,SUD EST,NARBONNE,PALANG,FRXNA,21:49,FRXZP
2369,2023-08-14,NIMES PONT DU GARD,OUI,6279,22:30,SUD EST,SETE,PALANG,FRXSY,21:49,FRXZP
2370,2023-08-14,NIMES PONT DU GARD,NON,6250,08:50,SUD EST,VALENCE TGV RHONE-ALPES SUD,LANGPA,FRVLA,08:13,FRXZP
2371,2023-08-14,NIMES PONT DU GARD,NON,6250,11:04,SUD EST,PARIS (intramuros),LANGPA,FRPLY,08:13,FRXZP
2372,2023-08-14,PARIS (intramuros),OUI,7165,11:41,NORD,ARRAS,PAARRAS,FRQRV,10:52,FRPNO
2373,2023-08-14,PARIS (intramuros),OUI,7165,11:59,NORD,DOUAI,PAARRAS,FRXDN,10:52,FRPNO
2374,2023-08-14,PARIS (intramuros),NON,6111,14:17,SUD EST,AVIGNON TGV,PAPROVENCE,FRAVG,11:38,FRPLY
2375,2023-08-14,LILLE (intramuros),NON,5010,10:29,NORD,LYON (intramuros),JCNORDSUD,FRLPD,07:24,FRLLE
2376,2023-08-14,LILLE (intramuros),OUI,5010,07:51,NORD,TGV HAUTE PICARDIE,JCNORDSUD,FRTHP,07:24,FRLLE
2377,2023-08-14,AEROPORT CDG2 TGV ROISSY,NON,5010,10:29,NORD,LYON (intramuros),JCNORDSUD,FRLPD,08:29,FRMLW
2378,2023-08-14,TGV HAUTE PICARDIE,NON,5010,10:29,NORD,LYON (intramuros),JCNORDSUD,FRLPD,07:54,FRTHP
2379,2023-08-14,TGV HAUTE PICARDIE,OUI,5010,08:23,NORD,AEROPORT CDG2 TGV ROISSY,JCNORDSUD,FRMLW,07:54,FRTHP
2380,2023-08-14,BADEN BADEN,NON,9583,14:46,INTERNATIONAL,KARLSRUHE HBF,MRSFRANC,DEQKA,14:25,DEZCC
2381,2023-08-14,STRASBOURG,NON,9583,14:23,INTERNATIONAL,BADEN BADEN,MRSFRANC,DEZCC,13:55,FRAEG
2382,2023-08-14,MULHOUSE VILLE,NON,9583,14:46,INTERNATIONAL,KARLSRUHE HBF,MRSFRANC,DEQKA,12:54,FRAEK
2383,2023-08-14,MULHOUSE VILLE,NON,9583,13:43,INTERNATIONAL,STRASBOURG,MRSFRANC,FRAEG,12:54,FRAEK
2384,2023-08-14,AIX EN PROVENCE TGV,NON,9583,08:44,INTERNATIONAL,AVIGNON TGV,MRSFRANC,FRAVG,08:25,FRAIE
2385,2023-08-14,AIX EN PROVENCE TGV,NON,9583,11:03,INTERNATIONAL,CHALON SUR SAONE,MRSFRANC,FRXCD,08:25,FRAIE
2386,2023-08-14,AVIGNON TGV,NON,9583,15:59,INTERNATIONAL,FRANKFURT MAIN HBF,MRSFRANC,DEFRH,08:47,FRAVG
2387,2023-08-14,LYON (intramuros),NON,9583,12:51,INTERNATIONAL,MULHOUSE VILLE,MRSFRANC,FRAEK,10:04,FRLPD
2388,2023-08-14,LYON (intramuros),NON,9583,12:00,INTERNATIONAL,BESANCON - F COMTE TGV,MRSFRANC,FRTJB,10:04,FRLPD
2389,2023-08-14,MARSEILLE ST CHARLES,NON,9583,11:03,INTERNATIONAL,CHALON SUR SAONE,MRSFRANC,FRXCD,08:11,FRMSC
2390,2023-08-14,BELFORT-MONTBELIARD TGV,NON,9583,15:18,INTERNATIONAL,MANNHEIM HBF,MRSFRANC,DEMHG,12:27,FRTJA
2391,2023-08-14,BELFORT-MONTBELIARD TGV,NON,9583,13:43,INTERNATIONAL,STRASBOURG,MRSFRANC,FRAEG,12:27,FRTJA
2392,2023-08-14,BESANCON - F COMTE TGV,NON,9583,15:18,INTERNATIONAL,MANNHEIM HBF,MRSFRANC,DEMHG,12:03,FRTJB
2393,2023-08-14,CHALON SUR SAONE,NON,9583,13:43,INTERNATIONAL,STRASBOURG,MRSFRANC,FRAEG,11:06,FRXCD
2394,2023-08-14,CHALON SUR SAONE,NON,9583,12:00,INTERNATIONAL,BESANCON - F COMTE TGV,MRSFRANC,FRTJB,11:06,FRXCD
2395,2023-08-14,ST PIERRE DES CORPS,OUI,8342,17:43,ATLANTIQUE,VENDOME VILLIERS SUR LOIR,ROCHELLEPA,FRESL,17:25,FRXSH
2396,2023-08-14,STUTTGART HBF,NON,9572,15:30,INTERNATIONAL,KARLSRUHE HBF,MUNSTUTPA,DEQKA,14:52,DESGT
2397,2023-08-14,PARIS (intramuros),OUI,8331,09:07,ATLANTIQUE,CHATELLERAULT,PAROCHELLE,FRXCX,07:28,FRPMO
2398,2023-08-14,PARIS (intramuros),OUI,8331,08:35,ATLANTIQUE,ST PIERRE DES CORPS,PAROCHELLE,FRXSH,07:28,FRPMO
2399,2023-08-14,ST PIERRE DES CORPS,OUI,8331,09:35,ATLANTIQUE,POITIERS,PAROCHELLE,FRPIS,08:42,FRXSH
2400,2023-08-14,TOULON,NON,6162,17:07,SUD EST,AVIGNON TGV,AZURPA,FRAVG,15:53,FRTLN
2401,2023-08-14,ANTIBES,NON,6162,17:07,SUD EST,AVIGNON TGV,AZURPA,FRAVG,14:24,FRXAT
2402,2023-08-14,ANTIBES,OUI,6162,15:49,SUD EST,TOULON,AZURPA,FRTLN,14:24,FRXAT
2403,2023-08-14,ST RAPHAEL VALESCURE,NON,6162,19:50,SUD EST,PARIS (intramuros),AZURPA,FRPLY,15:03,FRXSK
2404,2023-08-14,PARIS (intramuros),NON,9775,17:30,INTERNATIONAL,GENEVE,PAGENEVE,CHGVA,14:18,FRPLY
2405,2023-08-14,LE CROISIC,OUI,8932,20:43,ATLANTIQUE,ANGERS ST LAUD,LOIREPARIS,FRACL,18:55,FREGU
2406,2023-08-14,LE CROISIC,OUI,8932,19:04,ATLANTIQUE,LA BAULE ESCOUBLAC,LOIREPARIS,FRJEE,18:55,FREGU
2407,2023-08-14,LE CROISIC,OUI,8932,19:59,ATLANTIQUE,NANTES,LOIREPARIS,FRNTE,18:55,FREGU
2408,2023-08-14,LE CROISIC,OUI,8932,19:22,ATLANTIQUE,ST NAZAIRE,LOIREPARIS,FRSNR,18:55,FREGU
2409,2023-08-14,LA BAULE ESCOUBLAC,OUI,8932,21:24,ATLANTIQUE,LE MANS,LOIREPARIS,FRAET,19:09,FRJEE
2410,2023-08-14,LA BAULE ESCOUBLAC,OUI,8932,19:59,ATLANTIQUE,NANTES,LOIREPARIS,FRNTE,19:09,FRJEE
2411,2023-08-14,AGEN,NON,4659,14:14,IC ARO,BEZIERS,TJOURSOSE,FRBZR,11:33,FRAGF
2412,2023-08-14,BORDEAUX ST JEAN,OUI,4659,12:08,IC ARO,MONTAUBAN VILLE BOURBON,TJOURSOSE,FRXMW,10:27,FRBOJ
2413,2023-08-14,BORDEAUX ST JEAN,OUI,4659,12:37,IC ARO,TOULOUSE MATABIAU,TJOURSOSE,FRXYT,10:27,FRBOJ
2414,2023-08-14,BEZIERS,NON,4659,16:37,IC ARO,MARSEILLE ST CHARLES,TJOURSOSE,FRMSC,14:17,FRBZR
2415,2023-08-14,MONTPELLIER SAINT-ROCH,NON,4659,15:22,IC ARO,NIMES,TJOURSOSE,FRFNI,14:58,FRMPL
2416,2023-08-14,MONTAUBAN VILLE BOURBON,NON,4659,15:22,IC ARO,NIMES,TJOURSOSE,FRFNI,12:10,FRXMW
2417,2023-08-14,NARBONNE,NON,4659,15:22,IC ARO,NIMES,TJOURSOSE,FRFNI,14:01,FRXNA
2418,2023-08-14,TOULOUSE MATABIAU,NON,4659,14:54,IC ARO,MONTPELLIER SAINT-ROCH,TJOURSOSE,FRMPL,12:45,FRXYT
2419,2023-08-14,TOULOUSE MATABIAU,NON,4659,13:58,IC ARO,NARBONNE,TJOURSOSE,FRXNA,12:45,FRXYT
2420,2023-08-14,CLERMONT FERRAND,OUI,5950,06:58,IC ARO,NEVERS,CLERMONTPA,FRNVS,05:27,FRCFE
2421,2023-08-14,CLERMONT FERRAND,OUI,5950,06:29,IC ARO,MOULINS SUR ALLIER,CLERMONTPA,FRXMU,05:27,FRCFE
2422,2023-08-14,RIOM CHATEL GUYON,OUI,5950,06:00,IC ARO,VICHY,CLERMONTPA,FRVHY,05:38,FRRIO
2423,2023-08-14,VICHY,OUI,5950,08:57,IC ARO,PARIS (intramuros),CLERMONTPA,FRPBE,06:02,FRVHY
2424,2023-08-14,VICHY,OUI,5950,06:10,IC ARO,ST GERMAIN DES FOSSES,CLERMONTPA,FRSGF,06:02,FRVHY
2425,2023-08-14,DIJON VILLE,NON,5521,10:56,EST,LYON (intramuros),JCRHINRHON,FRLPD,09:21,FRABA
2426,2023-08-14,METZ VILLE,NON,5521,09:11,EST,DIJON VILLE,JCRHINRHON,FRABA,05:46,FRADE
2427,2023-08-14,STRASBOURG,OUI,5521,07:13,EST,COLMAR,JCRHINRHON,FRAEJ,06:47,FRAEG
2428,2023-08-14,STRASBOURG,NON,5521,12:54,EST,MONTPELLIER SAINT-ROCH,JCRHINRHON,FRMPL,06:47,FRAEG
2429,2023-08-14,MULHOUSE VILLE,NON,5521,12:54,EST,MONTPELLIER SAINT-ROCH,JCRHINRHON,FRMPL,07:52,FRAEK
2430,2023-08-14,MULHOUSE VILLE,NON,5521,08:38,EST,BESANCON - F COMTE TGV,JCRHINRHON,FRTJB,07:52,FRAEK
2431,2023-08-14,LYON (intramuros),NON,5521,12:24,EST,NIMES,JCRHINRHON,FRFNI,11:02,FRLPD
2432,2023-08-14,BELFORT-MONTBELIARD TGV,NON,5521,09:11,EST,DIJON VILLE,JCRHINRHON,FRABA,08:17,FRTJA
2433,2023-08-14,BELFORT-MONTBELIARD TGV,NON,5521,09:54,EST,CHALON SUR SAONE,JCRHINRHON,FRXCD,08:17,FRTJA
2434,2023-08-14,BESANCON - F COMTE TGV,NON,5521,09:54,EST,CHALON SUR SAONE,JCRHINRHON,FRXCD,08:41,FRTJB
2435,2023-08-14,SURGERES,OUI,8371,09:44,ATLANTIQUE,LA ROCHELLE VILLE,PAROCHELLE,FRLRH,09:23,FREIP
2436,2023-08-14,POITIERS,OUI,8371,09:44,ATLANTIQUE,LA ROCHELLE VILLE,PAROCHELLE,FRLRH,08:14,FRPIS
2437,2023-08-14,PARIS (intramuros),OUI,8371,09:21,ATLANTIQUE,SURGERES,PAROCHELLE,FREIP,06:49,FRPMO
2438,2023-08-14,PARIS (intramuros),NON,8517,20:23,ATLANTIQUE,AGEN,PASUDOUEST,FRAGF,17:06,FRPMO
2439,2023-08-14,PARIS (intramuros),NON,8517,21:31,ATLANTIQUE,TOULOUSE MATABIAU,PASUDOUEST,FRXYT,17:06,FRPMO
2440,2023-08-14,PARIS (intramuros),OUI,6741,08:31,SUD EST,DIJON VILLE,PABOUR,FRABA,06:52,FRPLY
2441,2023-08-14,PARIS (intramuros),NON,2751,19:40,EST,RETHEL,PABARSED,FRBDT,18:28,FRPST
2442,2023-08-14,ANGERS ST LAUD,NON,5288,19:35,NORD,LILLE (intramuros),JCBRETNORD,FRLLE,16:02,FRACL
2443,2023-08-14,NANTES,OUI,5288,15:59,NORD,ANGERS ST LAUD,JCBRETNORD,FRACL,15:18,FRNTE
2444,2023-08-14,NANTES,NON,5288,16:46,NORD,LE MANS,JCBRETNORD,FRAET,15:18,FRNTE
2445,2023-08-14,CANNES,NON,6180,19:55,SUD EST,AVIGNON TGV,AZURPA,FRAVG,17:33,FRJCA
2446,2023-08-14,ANTIBES,OUI,6180,18:44,SUD EST,TOULON,AZURPA,FRTLN,17:18,FRXAT
2447,2023-08-14,LES ARCS DRAGUIGNAN,NON,6180,19:55,SUD EST,AVIGNON TGV,AZURPA,FRAVG,18:10,FRXRS
2448,2023-08-14,LES ARCS DRAGUIGNAN,NON,6180,22:38,SUD EST,PARIS (intramuros),AZURPA,FRPLY,18:10,FRXRS
2449,2023-08-14,DIJON VILLE,OUI,6703,11:31,SUD EST,BESANCON - F COMTE TGV,PABOUR,FRTJB,11:04,FRABA
2450,2023-08-14,PARIS (intramuros),NON,6703,10:57,SUD EST,DIJON VILLE,PABOUR,FRABA,09:22,FRPLY
2451,2023-08-14,PARIS (intramuros),NON,6703,12:05,SUD EST,BELFORT-MONTBELIARD TGV,PABOUR,FRTJA,09:22,FRPLY
2452,2023-08-14,PARIS (intramuros),NON,6703,11:31,SUD EST,BESANCON - F COMTE TGV,PABOUR,FRTJB,09:22,FRPLY
2453,2023-08-14,BELFORT-MONTBELIARD TGV,OUI,6703,12:39,SUD EST,MULHOUSE VILLE,PABOUR,FRAEK,12:12,FRTJA
2454,2023-08-14,PARIS (intramuros),OUI,5971,19:17,IC ARO,RIOM CHATEL GUYON,PACLERMONT,FRRIO,16:00,FRPBE
2455,2023-08-14,PARIS (intramuros),OUI,5971,18:28,IC ARO,MOULINS SUR ALLIER,PACLERMONT,FRXMU,16:00,FRPBE
2456,2023-08-14,VICHY,OUI,5971,19:29,IC ARO,CLERMONT FERRAND,PACLERMONT,FRCFE,18:57,FRVHY
2457,2023-08-14,MOULINS SUR ALLIER,OUI,5971,18:55,IC ARO,VICHY,PACLERMONT,FRVHY,18:30,FRXMU
2458,2023-08-14,ANGERS ST LAUD,NON,4502,16:04,IC SRO,NANTES,JOURLYNNTE,FRNTE,15:23,FRACL
2459,2023-08-14,LYON (intramuros),NON,4502,13:01,IC SRO,BOURGES,JOURLYNNTE,FRBOU,09:34,FRLPD
2460,2023-08-14,LYON (intramuros),NON,4502,14:25,IC SRO,ST PIERRE DES CORPS,JOURLYNNTE,FRXSH,09:34,FRLPD
2461,2023-08-14,LYON (intramuros),NON,4502,16:04,IC SRO,NANTES,JOURLYNNTE,FRNTE,09:20,FRLPE
2462,2023-08-14,LYON (intramuros),NON,4502,10:37,IC SRO,ROANNE,JOURLYNNTE,FRRNE,09:20,FRLPE
2463,2023-08-14,NEVERS,NON,4502,16:04,IC SRO,NANTES,JOURLYNNTE,FRNTE,12:25,FRNVS
2464,2023-08-14,ROANNE,NON,4502,13:01,IC SRO,BOURGES,JOURLYNNTE,FRBOU,10:40,FRRNE
2465,2023-08-14,ROANNE,NON,4502,12:10,IC SRO,NEVERS,JOURLYNNTE,FRNVS,10:40,FRRNE
2466,2023-08-14,ROANNE,NON,4502,14:25,IC SRO,ST PIERRE DES CORPS,JOURLYNNTE,FRXSH,10:40,FRRNE
2467,2023-08-14,ST GERMAIN DES FOSSES,NON,4502,13:01,IC SRO,BOURGES,JOURLYNNTE,FRBOU,11:19,FRSGF
2468,2023-08-14,ST GERMAIN DES FOSSES,NON,4502,12:10,IC SRO,NEVERS,JOURLYNNTE,FRNVS,11:19,FRSGF
2469,2023-08-14,MOULINS SUR ALLIER,NON,4502,15:21,IC SRO,ANGERS ST LAUD,JOURLYNNTE,FRACL,11:41,FRXMU
2470,2023-08-14,MOULINS SUR ALLIER,NON,4502,13:01,IC SRO,BOURGES,JOURLYNNTE,FRBOU,11:41,FRXMU
2471,2023-08-14,MOULINS SUR ALLIER,NON,4502,12:10,IC SRO,NEVERS,JOURLYNNTE,FRNVS,11:41,FRXMU
2472,2023-08-14,VIERZON VILLE,NON,4502,15:21,IC SRO,ANGERS ST LAUD,JOURLYNNTE,FRACL,13:23,FRXVZ
2473,2023-08-14,MARSEILLE ST CHARLES,NON,6175,15:38,SUD EST,ANTIBES,PAAZUR,FRXAT,13:28,FRMSC
2474,2023-08-14,PARIS (intramuros),NON,6175,15:38,SUD EST,ANTIBES,PAAZUR,FRXAT,10:10,FRPLY
2475,2023-08-14,PARIS (intramuros),NON,6175,14:48,SUD EST,LES ARCS DRAGUIGNAN,PAAZUR,FRXRS,10:10,FRPLY
2476,2023-08-14,MANNHEIM HBF,NON,9563,18:59,INTERNATIONAL,FRANKFURT MAIN HBF,PAFRANC,DEFRH,18:21,DEMHG
2477,2023-08-14,PARIS (intramuros),NON,9563,18:59,INTERNATIONAL,FRANKFURT MAIN HBF,PAFRANC,DEFRH,15:21,FRPST
2478,2023-08-14,PARIS (intramuros),NON,9563,18:18,INTERNATIONAL,MANNHEIM HBF,PAFRANC,DEMHG,15:21,FRPST
2479,2023-08-14,CARCASSONNE,NON,6873,16:56,SUD EST,NARBONNE,JCSUDPROV,FRXNA,16:27,FRCCF
2480,2023-08-14,SETE,NON,6873,18:24,SUD EST,NIMES,JCSUDPROV,FRFNI,17:39,FRXSY
2481,2023-08-14,SETE,NON,6873,19:51,SUD EST,LYON (intramuros),JCSUDPROV,FRLPD,17:39,FRXSY
2482,2023-08-14,TOULOUSE MATABIAU,NON,6873,19:51,SUD EST,LYON (intramuros),JCSUDPROV,FRLPD,15:43,FRXYT
2483,2023-08-14,TOULOUSE MATABIAU,NON,6873,19:10,SUD EST,VALENCE TGV RHONE-ALPES SUD,JCSUDPROV,FRVLA,15:43,FRXYT
2484,2023-08-14,METZ VILLE,OUI,2801,09:17,EST,THIONVILLE,PAMETZLUX,FRXTH,09:00,FRADE
2485,2023-08-14,PORNICHET,NON,8916,11:24,ATLANTIQUE,ST NAZAIRE,LOIREPARIS,FRSNR,11:14,FREGR
2486,2023-08-14,LE POULIGUEN,NON,8916,14:09,ATLANTIQUE,PARIS (intramuros),LOIREPARIS,FRPMO,11:00,FREGS
2487,2023-08-14,LE CROISIC,OUI,8916,11:11,ATLANTIQUE,PORNICHET,LOIREPARIS,FREGR,10:52,FREGU
2488,2023-08-14,ST NAZAIRE,NON,8916,14:09,ATLANTIQUE,PARIS (intramuros),LOIREPARIS,FRPMO,11:27,FRSNR
2489,2023-08-14,BREST,NON,8636,19:01,ATLANTIQUE,LAVAL,BRETAPARIS,FRACR,16:13,FRBES
2490,2023-08-14,BREST,OUI,8636,17:14,ATLANTIQUE,GUINGAMP,BRETAPARIS,FRGGP,16:13,FRBES
2491,2023-08-14,GUINGAMP,OUI,8636,17:44,ATLANTIQUE,LAMBALLE,BRETAPARIS,FRLAM,17:16,FRGGP
2492,2023-08-14,LAMBALLE,NON,8636,19:01,ATLANTIQUE,LAVAL,BRETAPARIS,FRACR,17:47,FRLAM
2493,2023-08-14,MORLAIX,OUI,8636,17:14,ATLANTIQUE,GUINGAMP,BRETAPARIS,FRGGP,16:47,FRMXN
2494,2023-08-14,PARIS (intramuros),NON,6617,15:56,SUD EST,LYON (intramuros),PARISRHONE,FRLPD,13:52,FRPLY
2495,2023-08-14,AVIGNON TGV,NON,9752,17:45,INTERNATIONAL,GENEVE,MEDGENEVE,CHGVA,14:23,FRAVG
2496,2023-08-14,LYON (intramuros),NON,9752,17:45,INTERNATIONAL,GENEVE,MEDGENEVE,CHGVA,15:40,FRLPD
2497,2023-08-14,CHAMBERY CHALLES LES EAUX,OUI,6941,16:32,SUD EST,ANNECY,PARISALPES,FRNCY,15:49,FRCMF
2498,2023-08-14,MACON LOCHE TGV,NON,6941,16:32,SUD EST,ANNECY,PARISALPES,FRNCY,14:20,FRMLT
2499,2023-08-14,MACON LOCHE TGV,NON,6941,15:59,SUD EST,AIX LES BAINS LE REVARD,PARISALPES,FRXAI,14:20,FRMLT
2500,2023-08-14,GOURDON,NON,3750,05:43,IC NUIT,LES AUBRAIS ORLEANS,OCCITANPAR,FRLAB,00:00,FRFSI
2501,2023-08-14,SOUILLAC,NON,3750,06:50,IC NUIT,PARIS (intramuros),OCCITANPAR,FRPAZ,00:17,FRSOU
2502,2023-08-14,ANGERS ST LAUD,NON,5482,10:55,EST,MARNE LA VALLEE CHESSY,JCATLEST,FRMLV,08:43,FRACL
2503,2023-08-14,LE MANS,NON,5482,10:20,EST,MASSY TGV,JCATLEST,FRDJU,09:30,FRAET
2504,2023-08-14,LE MANS,NON,5482,11:09,EST,AEROPORT CDG2 TGV ROISSY,JCATLEST,FRMLW,09:30,FRAET
2505,2023-08-14,MASSY TGV,NON,5482,13:12,EST,STRASBOURG,JCATLEST,FRAEG,10:26,FRDJU
2506,2023-08-14,MASSY TGV,NON,5482,10:55,EST,MARNE LA VALLEE CHESSY,JCATLEST,FRMLV,10:26,FRDJU
2507,2023-08-14,CHAMPAGNE-ARDENNE,OUI,5482,13:12,EST,STRASBOURG,JCATLEST,FRAEG,11:55,FREAH
2508,2023-08-14,AEROPORT CDG2 TGV ROISSY,OUI,5482,11:52,EST,CHAMPAGNE-ARDENNE,JCATLEST,FREAH,11:22,FRMLW
2509,2023-08-14,NANTES,NON,5482,10:20,EST,MASSY TGV,JCATLEST,FRDJU,08:03,FRNTE
2510,2023-08-14,NANTES,NON,5482,11:52,EST,CHAMPAGNE-ARDENNE,JCATLEST,FREAH,08:03,FRNTE
2511,2023-08-14,CLERMONT FERRAND,OUI,5962,09:04,IC ARO,VICHY,CLERMONTPA,FRVHY,08:31,FRCFE
2512,2023-08-14,RIOM CHATEL GUYON,NON,5962,09:58,IC ARO,NEVERS,CLERMONTPA,FRNVS,08:42,FRRIO
2513,2023-08-14,VICHY,NON,5962,09:58,IC ARO,NEVERS,CLERMONTPA,FRNVS,09:06,FRVHY
2514,2023-08-14,LE MANS,NON,9884,08:57,NORD,MARNE LA VALLEE CHESSY,JCBRETNORD,FRMLV,07:30,FRAET
2515,2023-08-14,LE MANS,NON,9884,09:10,NORD,AEROPORT CDG2 TGV ROISSY,JCBRETNORD,FRMLW,07:30,FRAET
2516,2023-08-14,MARNE LA VALLEE CHESSY,NON,9884,10:17,NORD,LILLE (intramuros),JCBRETNORD,FRLLE,09:01,FRMLV
2517,2023-08-14,AEROPORT CDG2 TGV ROISSY,OUI,9884,10:17,NORD,LILLE (intramuros),JCBRETNORD,FRLLE,09:16,FRMLW
2518,2023-08-14,AEROPORT CDG2 TGV ROISSY,OUI,9884,09:45,NORD,TGV HAUTE PICARDIE,JCBRETNORD,FRTHP,09:16,FRMLW
2519,2023-08-14,RENNES,NON,9884,08:57,NORD,MARNE LA VALLEE CHESSY,JCBRETNORD,FRMLV,06:23,FRRNS
2520,2023-08-14,RENNES,NON,9884,11:01,NORD,BRUXELLES MIDI BRUSSEL ZUID,JCBRETNORD,BEBMI,06:23,FRRNS
2521,2023-08-14,UZERCHE,OUI,3655,21:04,IC ARO,BRIVE LA GAILLARDE,PALITO,FRBVE,20:36,FRAAW
2522,2023-08-14,CHATEAUROUX,OUI,3655,20:35,IC ARO,UZERCHE,PALITO,FRAAW,18:44,FRCHR
2523,2023-08-14,ISSOUDUN,OUI,3655,20:35,IC ARO,UZERCHE,PALITO,FRAAW,18:28,FRFMN
2524,2023-08-14,ST NAZAIRE,NON,8912,09:41,ATLANTIQUE,ANGERS ST LAUD,LOIREPARIS,FRACL,08:24,FRSNR
2525,2023-08-14,DIJON VILLE,NON,9223,21:26,INTERNATIONAL,BASEL SBB,PABALZUR,CHAJP,20:01,FRABA
2526,2023-08-14,NANCY,OUI,2580,18:46,EST,PARIS (intramuros),NANCYPA,FRPST,17:16,FRENC
2527,2023-08-14,REMIREMONT,OUI,2580,17:08,EST,NANCY,NANCYPA,FRENC,15:58,FRRNT
2528,2023-08-14,REMIREMONT,OUI,2580,16:20,EST,EPINAL,NANCYPA,FREPL,15:58,FRRNT
2529,2023-08-14,PARIS (intramuros),NON,6917,15:13,SUD EST,GRENOBLE,PAGRENOBLE,FRGNB,12:14,FRPLY
2530,2023-08-14,ANGERS ST LAUD,NON,8913,13:03,ATLANTIQUE,LE CROISIC,PARISLOIRE,FREGU,11:16,FRACL
2531,2023-08-14,LA BAULE ESCOUBLAC,OUI,8913,13:03,ATLANTIQUE,LE CROISIC,PARISLOIRE,FREGU,12:54,FRJEE
2532,2023-08-14,PARIS (intramuros),NON,8913,10:33,ATLANTIQUE,LE MANS,PARISLOIRE,FRAET,09:36,FRPMO
2533,2023-08-14,PARIS (intramuros),NON,8913,13:03,ATLANTIQUE,LE CROISIC,PARISLOIRE,FREGU,09:36,FRPMO
2534,2023-08-14,BEZIERS,NON,6258,14:25,SUD EST,SETE,LANGPA,FRXSY,13:58,FRBZR
2535,2023-08-14,PERPIGNAN,NON,6258,18:12,SUD EST,PARIS (intramuros),LANGPA,FRPLY,13:04,FRPGF
2536,2023-08-14,PERPIGNAN,OUI,6258,14:09,SUD EST,AGDE,LANGPA,FRXAG,13:04,FRPGF
2537,2023-08-14,PERPIGNAN,OUI,6258,13:39,SUD EST,NARBONNE,LANGPA,FRXNA,13:04,FRPGF
2538,2023-08-14,AGDE,NON,6258,18:12,SUD EST,PARIS (intramuros),LANGPA,FRPLY,14:12,FRXAG
2539,2023-08-14,AGDE,NON,6258,15:51,SUD EST,VALENCE TGV RHONE-ALPES SUD,LANGPA,FRVLA,14:12,FRXAG
2540,2023-08-14,NARBONNE,OUI,6258,14:09,SUD EST,AGDE,LANGPA,FRXAG,13:42,FRXNA
2541,2023-08-14,SETE,NON,6258,18:12,SUD EST,PARIS (intramuros),LANGPA,FRPLY,14:28,FRXSY
2542,2023-08-14,MONTPELLIER SUD DE FRANCE,NON,6258,18:12,SUD EST,PARIS (intramuros),LANGPA,FRPLY,14:50,FRSUF
2543,2023-08-14,LILLE (intramuros),OUI,7006,08:14,NORD,PARIS (intramuros),LILLEPA,FRPNO,07:12,FRADJ
2544,2023-08-14,ARRAS,OUI,7534,19:09,NORD,PARIS (intramuros),ARRASPA,FRPNO,18:18,FRQRV
2545,2023-08-14,MEUSE TGV,OUI,9894,20:08,NORD,LILLE (intramuros),JCESTNORD,FRLLE,18:09,FREAJ
2546,2023-08-14,LORRAINE TGV,OUI,9894,20:08,NORD,LILLE (intramuros),JCESTNORD,FRLLE,17:42,FREAM
2547,2023-08-14,LILLE (intramuros),OUI,9894,21:01,NORD,BRUXELLES MIDI BRUSSEL ZUID,JCESTNORD,BEBMI,20:27,FRLLE
2548,2023-08-14,TGV HAUTE PICARDIE,OUI,9894,20:08,NORD,LILLE (intramuros),JCESTNORD,FRLLE,19:41,FRTHP
2549,2023-08-14,VENDOME VILLIERS SUR LOIR,OUI,8321,20:45,ATLANTIQUE,TOURS,PAROCHELLE,FRAFW,20:16,FRESL
2550,2023-08-14,ST PIERRE DES CORPS,OUI,8321,20:45,ATLANTIQUE,TOURS,PAROCHELLE,FRAFW,20:40,FRXSH
2551,2023-08-14,FRANKFURT MAIN HBF,NON,9580,15:05,INTERNATIONAL,KARLSRUHE HBF,FRANCMRS,DEQKA,13:56,DEFRH
2552,2023-08-14,MANNHEIM HBF,NON,9580,15:34,INTERNATIONAL,BADEN BADEN,FRANCMRS,DEZCC,14:39,DEMHG
2553,2023-08-14,MANNHEIM HBF,NON,9580,21:12,INTERNATIONAL,AVIGNON TGV,FRANCMRS,FRAVG,14:39,DEMHG
2554,2023-08-14,MANNHEIM HBF,NON,9580,19:56,INTERNATIONAL,LYON (intramuros),FRANCMRS,FRLPD,14:39,DEMHG
2555,2023-08-14,MANNHEIM HBF,NON,9580,18:53,INTERNATIONAL,CHALON SUR SAONE,FRANCMRS,FRXCD,14:39,DEMHG
2556,2023-08-14,KARLSRUHE HBF,NON,9580,19:56,INTERNATIONAL,LYON (intramuros),FRANCMRS,FRLPD,15:12,DEQKA
2557,2023-08-14,BADEN BADEN,NON,9580,16:02,INTERNATIONAL,STRASBOURG,FRANCMRS,FRAEG,15:35,DEZCC
2558,2023-08-14,BADEN BADEN,NON,9580,21:48,INTERNATIONAL,MARSEILLE ST CHARLES,FRANCMRS,FRMSC,15:35,DEZCC
2559,2023-08-14,BADEN BADEN,NON,9580,17:55,INTERNATIONAL,BESANCON - F COMTE TGV,FRANCMRS,FRTJB,15:35,DEZCC
2560,2023-08-14,MULHOUSE VILLE,NON,9580,17:31,INTERNATIONAL,BELFORT-MONTBELIARD TGV,FRANCMRS,FRTJA,17:09,FRAEK
2561,2023-08-14,AVIGNON TGV,NON,9580,21:48,INTERNATIONAL,MARSEILLE ST CHARLES,FRANCMRS,FRMSC,21:15,FRAVG
2562,2023-08-14,CHALON SUR SAONE,NON,9580,21:48,INTERNATIONAL,MARSEILLE ST CHARLES,FRANCMRS,FRMSC,18:56,FRXCD
2563,2023-08-14,AIX EN PROVENCE TGV,OUI,6129,22:56,SUD EST,MARSEILLE ST CHARLES,PAPROVENCE,FRMSC,22:44,FRAIE
2564,2023-08-14,AGEN,NON,4665,20:52,IC ARO,MONTPELLIER SAINT-ROCH,TJOURSOSE,FRMPL,17:32,FRAGF
2565,2023-08-14,BORDEAUX ST JEAN,NON,4665,21:20,IC ARO,NIMES,TJOURSOSE,FRFNI,16:28,FRBOJ
2566,2023-08-14,BORDEAUX ST JEAN,NON,4665,20:52,IC ARO,MONTPELLIER SAINT-ROCH,TJOURSOSE,FRMPL,16:28,FRBOJ
2567,2023-08-14,BORDEAUX ST JEAN,NON,4665,19:58,IC ARO,NARBONNE,TJOURSOSE,FRXNA,16:28,FRBOJ
2568,2023-08-14,BORDEAUX ST JEAN,NON,4665,18:37,IC ARO,TOULOUSE MATABIAU,TJOURSOSE,FRXYT,16:28,FRBOJ
2569,2023-08-14,CARCASSONNE,NON,4665,22:31,IC ARO,MARSEILLE ST CHARLES,TJOURSOSE,FRMSC,19:29,FRCCF
2570,2023-08-14,CARCASSONNE,NON,4665,19:58,IC ARO,NARBONNE,TJOURSOSE,FRXNA,19:29,FRCCF
2571,2023-08-14,NIMES,OUI,4665,22:31,IC ARO,MARSEILLE ST CHARLES,TJOURSOSE,FRMSC,21:23,FRFNI
2572,2023-08-14,MONTAUBAN VILLE BOURBON,NON,4665,19:27,IC ARO,CARCASSONNE,TJOURSOSE,FRCCF,18:11,FRXMW
2573,2023-08-14,MONTAUBAN VILLE BOURBON,NON,4665,20:52,IC ARO,MONTPELLIER SAINT-ROCH,TJOURSOSE,FRMPL,18:11,FRXMW
2574,2023-08-14,MONTAUBAN VILLE BOURBON,NON,4665,19:58,IC ARO,NARBONNE,TJOURSOSE,FRXNA,18:11,FRXMW
2575,2023-08-14,MONTAUBAN VILLE BOURBON,NON,4665,18:37,IC ARO,TOULOUSE MATABIAU,TJOURSOSE,FRXYT,18:11,FRXMW
2576,2023-08-14,NARBONNE,NON,4665,20:52,IC ARO,MONTPELLIER SAINT-ROCH,TJOURSOSE,FRMPL,20:01,FRXNA
2577,2023-08-14,NIORT,OUI,8367,20:12,ATLANTIQUE,SURGERES,PAROCHELLE,FREIP,19:51,FRNIT
2578,2023-08-14,STUTTGART HBF,NON,9578,08:13,INTERNATIONAL,STRASBOURG,MUNSTUTPA,FRAEG,06:52,DESGT
2579,2023-08-14,PAU,NON,14142,14:27,IC SRO,TOULOUSE MATABIAU,SUDOUEST,FRXYT,12:12,FRAEE
2580,2023-08-14,HENDAYE,NON,14142,13:30,IC SRO,MONTREJEAU GOURDAN POLIGNAN,SUDOUEST,FRMTJ,10:19,FRAEF
2581,2023-08-14,BIARRITZ,NON,14142,11:46,IC SRO,ORTHEZ,SUDOUEST,FRGFI,10:40,FRBIQ
2582,2023-08-14,BIARRITZ,NON,14142,12:53,IC SRO,TARBES,SUDOUEST,FRXTB,10:40,FRBIQ
2583,2023-08-14,ORTHEZ,NON,14142,12:09,IC SRO,PAU,SUDOUEST,FRAEE,11:48,FRGFI
2584,2023-08-14,ORTHEZ,NON,14142,12:37,IC SRO,LOURDES,SUDOUEST,FRLDE,11:48,FRGFI
2585,2023-08-14,ORTHEZ,NON,14142,14:27,IC SRO,TOULOUSE MATABIAU,SUDOUEST,FRXYT,11:48,FRGFI
2586,2023-08-14,LOURDES,NON,14142,14:27,IC SRO,TOULOUSE MATABIAU,SUDOUEST,FRXYT,12:40,FRLDE
2587,2023-08-14,BAYONNE,NON,14142,12:37,IC SRO,LOURDES,SUDOUEST,FRLDE,11:02,FRXBY
2588,2023-08-14,DIJON VILLE,OUI,2204,20:13,EST,STRASBOURG,JCRHONRHIN,FRAEG,17:50,FRABA
2589,2023-08-14,DIJON VILLE,OUI,2204,18:44,EST,BELFORT-MONTBELIARD TGV,JCRHONRHIN,FRTJA,17:50,FRABA
2590,2023-08-14,MULHOUSE VILLE,OUI,2204,20:13,EST,STRASBOURG,JCRHONRHIN,FRAEG,19:12,FRAEK
2591,2023-08-14,MACON VILLE,NON,2204,17:40,EST,DIJON VILLE,JCRHONRHIN,FRABA,16:41,FRHGU
2592,2023-08-14,MACON VILLE,NON,2204,18:17,EST,BESANCON - F COMTE TGV,JCRHONRHIN,FRTJB,16:41,FRHGU
2593,2023-08-14,LYON (intramuros),NON,2204,20:13,EST,STRASBOURG,JCRHONRHIN,FRAEG,16:04,FRLPD
2594,2023-08-14,LYON (intramuros),NON,2204,18:17,EST,BESANCON - F COMTE TGV,JCRHONRHIN,FRTJB,16:04,FRLPD
2595,2023-08-14,MONTPELLIER SAINT-ROCH,OUI,2204,14:22,EST,NIMES,JCRHONRHIN,FRFNI,13:57,FRMPL
2596,2023-08-14,MONTPELLIER SAINT-ROCH,NON,2204,16:39,EST,MACON VILLE,JCRHONRHIN,FRHGU,13:57,FRMPL
2597,2023-08-14,MONTPELLIER SAINT-ROCH,NON,2204,18:44,EST,BELFORT-MONTBELIARD TGV,JCRHONRHIN,FRTJA,13:57,FRMPL
2598,2023-08-14,MONTPELLIER SAINT-ROCH,NON,2204,15:09,EST,VALENCE TGV RHONE-ALPES SUD,JCRHONRHIN,FRVLA,13:57,FRMPL
2599,2023-08-14,BELFORT-MONTBELIARD TGV,OUI,2204,19:41,EST,COLMAR,JCRHONRHIN,FRAEJ,18:47,FRTJA
2600,2023-08-14,BESANCON - F COMTE TGV,OUI,2204,19:09,EST,MULHOUSE VILLE,JCRHONRHIN,FRAEK,18:22,FRTJB
2601,2023-08-14,BESANCON - F COMTE TGV,OUI,2204,18:44,EST,BELFORT-MONTBELIARD TGV,JCRHONRHIN,FRTJA,18:22,FRTJB
2602,2023-08-14,VALENCE TGV RHONE-ALPES SUD,NON,2204,17:40,EST,DIJON VILLE,JCRHONRHIN,FRABA,15:12,FRVLA
2603,2023-08-14,VALENCE TGV RHONE-ALPES SUD,NON,2204,20:13,EST,STRASBOURG,JCRHONRHIN,FRAEG,15:12,FRVLA
2604,2023-08-14,VALENCE TGV RHONE-ALPES SUD,NON,2204,18:44,EST,BELFORT-MONTBELIARD TGV,JCRHONRHIN,FRTJA,15:12,FRVLA
2605,2023-08-14,PERPIGNAN,NON,9706,19:10,SUD EST,AGDE,BARCELONEPA,FRXAG,18:04,FRPGF
2606,2023-08-14,NARBONNE,NON,9706,18:56,SUD EST,BEZIERS,BARCELONEPA,FRBZR,18:43,FRXNA
2607,2023-08-14,MONTPELLIER SUD DE FRANCE,NON,9706,20:48,SUD EST,VALENCE TGV RHONE-ALPES SUD,BARCELONEPA,FRVLA,19:50,FRSUF
2608,2023-08-14,NIMES PONT DU GARD,NON,9706,20:48,SUD EST,VALENCE TGV RHONE-ALPES SUD,BARCELONEPA,FRVLA,20:12,FRXZP
2609,2023-08-14,NIMES PONT DU GARD,NON,9706,23:05,SUD EST,PARIS (intramuros),BARCELONEPA,FRPLY,20:12,FRXZP
2610,2023-08-14,MONTPELLIER SUD DE FRANCE,NON,9706,20:09,SUD EST,NIMES PONT DU GARD,BARCELONEPA,FRXZP,19:50,FRSUF
2611,2023-08-14,BARCELONA SANTS,NON,9706,18:56,SUD EST,BEZIERS,BARCELONEPA,FRBZR,16:10,ESBST
2612,2023-08-14,BARCELONA SANTS,NON,9706,17:32,SUD EST,PERPIGNAN,BARCELONEPA,FRPGF,16:10,ESBST
2613,2023-08-14,MASSY TGV,NON,5380,09:30,SUD EST,LE MANS,JCSUDATL,FRAET,08:39,FRDJU
2614,2023-08-14,LYON (intramuros),OUI,5380,08:34,SUD EST,MASSY TGV,JCSUDATL,FRDJU,06:30,FRLPD
2615,2023-08-14,LYON (intramuros),NON,5380,09:30,SUD EST,LE MANS,JCSUDATL,FRAET,06:16,FRLPE
2616,2023-08-14,GRENOBLE,OUI,6902,08:46,SUD EST,PARIS (intramuros),GRENOBLEPA,FRPLY,05:47,FRGNB
2617,2023-08-14,VALLORBE,NON,9270,17:13,INTERNATIONAL,FRASNE,SUISPA,FRFRA,17:00,CHAGL
2618,2023-08-14,VALLORBE,NON,9270,20:04,INTERNATIONAL,PARIS (intramuros),SUISPA,FRPLY,17:00,CHAGL
2619,2023-08-14,LAUSANNE,NON,9270,17:13,INTERNATIONAL,FRASNE,SUISPA,FRFRA,16:23,CHAJF
2620,2023-08-14,DOLE VILLE,OUI,9270,20:04,INTERNATIONAL,PARIS (intramuros),SUISPA,FRPLY,18:00,FRACE
2621,2023-08-14,DIJON VILLE,OUI,6705,13:46,SUD EST,BELFORT-MONTBELIARD TGV,PABOUR,FRTJA,12:56,FRABA
2622,2023-08-14,BESANCON - F COMTE TGV,OUI,6705,14:12,SUD EST,MULHOUSE VILLE,PABOUR,FRAEK,13:25,FRTJB
2623,2023-08-14,BORDEAUX ST JEAN,NON,4663,16:37,IC ARO,TOULOUSE MATABIAU,TJOURSOSE,FRXYT,14:28,FRBOJ
2624,2023-08-14,CARCASSONNE,NON,4663,18:14,IC ARO,BEZIERS,TJOURSOSE,FRBZR,17:29,FRCCF
2625,2023-08-14,CARCASSONNE,NON,4663,18:54,IC ARO,MONTPELLIER SAINT-ROCH,TJOURSOSE,FRMPL,17:29,FRCCF
2626,2023-08-14,CARCASSONNE,NON,4663,20:36,IC ARO,MARSEILLE ST CHARLES,TJOURSOSE,FRMSC,17:29,FRCCF
2627,2023-08-14,MONTPELLIER SAINT-ROCH,NON,4663,19:22,IC ARO,NIMES,TJOURSOSE,FRFNI,18:58,FRMPL
2628,2023-08-14,MONTAUBAN VILLE BOURBON,NON,4663,17:58,IC ARO,NARBONNE,TJOURSOSE,FRXNA,16:11,FRXMW
2629,2023-08-14,MONTAUBAN VILLE BOURBON,NON,4663,16:37,IC ARO,TOULOUSE MATABIAU,TJOURSOSE,FRXYT,16:11,FRXMW
2630,2023-08-14,LE MANS,NON,8117,12:13,ATLANTIQUE,ANGERS ST LAUD,PARISLOIRE,FRACL,11:36,FRAET
2631,2023-08-14,DAX,OUI,8592,23:28,ATLANTIQUE,TARBES,PASUDOUEST,FRXTB,21:46,FRACG
2632,2023-08-14,PAU,OUI,8592,23:03,ATLANTIQUE,LOURDES,PASUDOUEST,FRLDE,22:38,FRAEE
2633,2023-08-14,ORTHEZ,OUI,8592,23:03,ATLANTIQUE,LOURDES,PASUDOUEST,FRLDE,22:14,FRGFI
2634,2023-08-14,PARIS (intramuros),NON,8592,21:36,ATLANTIQUE,DAX,PASUDOUEST,FRACG,18:07,FRPMO
2635,2023-08-14,QUIMPERLE,OUI,8702,06:07,ATLANTIQUE,AURAY,BRETAPARIS,FRXUY,05:38,FRECO
2636,2023-08-14,LORIENT,OUI,8702,07:25,ATLANTIQUE,RENNES,BRETAPARIS,FRRNS,05:52,FRLRT
2637,2023-08-14,ROSPORDEN,OUI,8702,06:48,ATLANTIQUE,REDON,BRETAPARIS,FRXRN,05:23,FRRSP
2638,2023-08-14,QUIMPER,OUI,8702,05:20,ATLANTIQUE,ROSPORDEN,BRETAPARIS,FRRSP,05:09,FRUIP
2639,2023-08-14,QUIMPER,OUI,8702,06:20,ATLANTIQUE,VANNES,BRETAPARIS,FRVNE,05:09,FRUIP
2640,2023-08-14,REDON,NON,8702,09:08,ATLANTIQUE,PARIS (intramuros),BRETAPARIS,FRPMO,06:51,FRXRN
2641,2023-08-14,AURAY,OUI,8702,07:25,ATLANTIQUE,RENNES,BRETAPARIS,FRRNS,06:10,FRXUY
2642,2023-08-14,NANTES,NON,8144,19:14,ATLANTIQUE,PARIS (intramuros),LOIREPARIS,FRPMO,17:09,FRNTE
2643,2023-08-14,STRASBOURG,OUI,2362,19:05,EST,PARIS (intramuros),MULHSTRAPA,FRPST,17:19,FRAEG
2644,2023-08-14,COLMAR,OUI,2362,17:13,EST,STRASBOURG,MULHSTRAPA,FRAEG,16:45,FRAEJ
2645,2023-08-14,PARIS (intramuros),OUI,5979,21:29,IC ARO,CLERMONT FERRAND,PACLERMONT,FRCFE,17:57,FRPBE
2646,2023-08-14,PARIS (intramuros),OUI,5979,19:57,IC ARO,NEVERS,PACLERMONT,FRNVS,17:57,FRPBE
2647,2023-08-14,PARIS (intramuros),OUI,5979,20:55,IC ARO,VICHY,PACLERMONT,FRVHY,17:57,FRPBE
2648,2023-08-14,VICHY,OUI,5979,21:29,IC ARO,CLERMONT FERRAND,PACLERMONT,FRCFE,20:57,FRVHY
2649,2023-08-14,VICHY,OUI,5979,21:17,IC ARO,RIOM CHATEL GUYON,PACLERMONT,FRRIO,20:57,FRVHY
2650,2023-08-14,MOULINS SUR ALLIER,OUI,5979,21:29,IC ARO,CLERMONT FERRAND,PACLERMONT,FRCFE,20:30,FRXMU
2651,2023-08-14,MOULINS SUR ALLIER,OUI,5979,21:17,IC ARO,RIOM CHATEL GUYON,PACLERMONT,FRRIO,20:30,FRXMU
2652,2023-08-14,BORDEAUX ST JEAN,NON,4657,13:22,IC ARO,NIMES,TJOURSOSE,FRFNI,08:28,FRBOJ
2653,2023-08-14,BORDEAUX ST JEAN,OUI,4657,10:08,IC ARO,MONTAUBAN VILLE BOURBON,TJOURSOSE,FRXMW,08:28,FRBOJ
2654,2023-08-14,CARCASSONNE,NON,4657,13:50,IC ARO,ARLES,TJOURSOSE,FRHZA,11:29,FRCCF
2655,2023-08-14,CARCASSONNE,NON,4657,11:58,IC ARO,NARBONNE,TJOURSOSE,FRXNA,11:29,FRCCF
2656,2023-08-14,NIMES,NON,4657,13:50,IC ARO,ARLES,TJOURSOSE,FRHZA,13:25,FRFNI
2657,2023-08-14,NIMES,NON,4657,14:37,IC ARO,MARSEILLE ST CHARLES,TJOURSOSE,FRMSC,13:25,FRFNI
2658,2023-08-14,MONTPELLIER SAINT-ROCH,NON,4657,13:50,IC ARO,ARLES,TJOURSOSE,FRHZA,12:58,FRMPL
2659,2023-08-14,MARMANDE,NON,4657,11:27,IC ARO,CARCASSONNE,TJOURSOSE,FRCCF,09:06,FRXMR
2660,2023-08-14,MARMANDE,NON,4657,11:58,IC ARO,NARBONNE,TJOURSOSE,FRXNA,09:06,FRXMR
2661,2023-08-14,MARMANDE,OUI,4657,10:37,IC ARO,TOULOUSE MATABIAU,TJOURSOSE,FRXYT,09:06,FRXMR
2662,2023-08-14,MONTAUBAN VILLE BOURBON,NON,4657,13:22,IC ARO,NIMES,TJOURSOSE,FRFNI,10:10,FRXMW
2663,2023-08-14,MONTAUBAN VILLE BOURBON,NON,4657,11:58,IC ARO,NARBONNE,TJOURSOSE,FRXNA,10:10,FRXMW
2664,2023-08-14,NARBONNE,NON,4657,13:22,IC ARO,NIMES,TJOURSOSE,FRFNI,12:01,FRXNA
2665,2023-08-14,SETE,NON,4657,13:50,IC ARO,ARLES,TJOURSOSE,FRHZA,12:36,FRXSY
2666,2023-08-14,LYON (intramuros),NON,6620,16:08,SUD EST,PARIS (intramuros),RHONEPARIS,FRPLY,14:04,FRLPD
2667,2023-08-14,LYON (intramuros),NON,6620,16:08,SUD EST,PARIS (intramuros),RHONEPARIS,FRPLY,13:50,FRLPE
2668,2023-08-14,PARIS (intramuros),OUI,6687,18:56,SUD EST,LYON (intramuros),PARISRHONE,FRLPD,17:00,FRPLY
2669,2023-08-14,NANTES,OUI,8126,19:28,ATLANTIQUE,LE MANS,LOIREPARIS,FRAET,18:05,FRNTE
2670,2023-08-14,SABLE SUR SARTHE,OUI,8126,19:28,ATLANTIQUE,LE MANS,LOIREPARIS,FRAET,19:07,FRSAB
2671,2023-08-14,DIJON VILLE,OUI,9896,23:02,EST,METZ VILLE,JCRHONRHIN,FRADE,19:49,FRABA
2672,2023-08-14,DIJON VILLE,OUI,9896,20:40,EST,BELFORT-MONTBELIARD TGV,JCRHONRHIN,FRTJA,19:49,FRABA
2673,2023-08-14,DIJON VILLE,OUI,9896,23:49,EST,LUXEMBOURG,JCRHONRHIN,LULUX,19:49,FRABA
2674,2023-08-14,METZ VILLE,OUI,9896,23:49,EST,LUXEMBOURG,JCRHONRHIN,LULUX,23:07,FRADE
2675,2023-08-14,MULHOUSE VILLE,OUI,9896,22:07,EST,STRASBOURG,JCRHONRHIN,FRAEG,21:12,FRAEK
2676,2023-08-14,MULHOUSE VILLE,OUI,9896,23:49,EST,LUXEMBOURG,JCRHONRHIN,LULUX,21:12,FRAEK
2677,2023-08-14,AVIGNON TGV,NON,9896,22:07,EST,STRASBOURG,JCRHONRHIN,FRAEG,16:33,FRAVG
2678,2023-08-14,AVIGNON TGV,NON,9896,21:09,EST,MULHOUSE VILLE,JCRHONRHIN,FRAEK,16:33,FRAVG
2679,2023-08-14,AVIGNON TGV,NON,9896,20:40,EST,BELFORT-MONTBELIARD TGV,JCRHONRHIN,FRTJA,16:33,FRAVG
2680,2023-08-14,AVIGNON TGV,NON,9896,23:23,EST,THIONVILLE,JCRHONRHIN,FRXTH,16:33,FRAVG
2681,2023-08-14,MARSEILLE ST CHARLES,NON,9896,22:07,EST,STRASBOURG,JCRHONRHIN,FRAEG,15:56,FRMSC
2682,2023-08-14,BESANCON - F COMTE TGV,OUI,9896,20:40,EST,BELFORT-MONTBELIARD TGV,JCRHONRHIN,FRTJA,20:19,FRTJB
2683,2023-08-14,VALENCE TGV RHONE-ALPES SUD,NON,9896,20:16,EST,BESANCON - F COMTE TGV,JCRHONRHIN,FRTJB,17:13,FRVLA
2684,2023-08-14,PARIS (intramuros),OUI,8535,13:25,ATLANTIQUE,BIARRITZ,PASUDOUEST,FRBIQ,09:16,FRPMO
2685,2023-08-14,PARIS (intramuros),OUI,8535,13:41,ATLANTIQUE,ST JEAN DE LUZ CIBOURE,PASUDOUEST,FRXJZ,09:16,FRPMO
2686,2023-08-14,ST JEAN DE LUZ CIBOURE,OUI,8535,13:57,ATLANTIQUE,HENDAYE,PASUDOUEST,FRAEF,13:44,FRXJZ
2687,2023-08-14,BEZIERS,NON,4764,19:48,IC ARO,MONTAUBAN VILLE BOURBON,TJOURSESO,FRXMW,17:47,FRBZR
2688,2023-08-14,CARCASSONNE,NON,4764,19:48,IC ARO,MONTAUBAN VILLE BOURBON,TJOURSESO,FRXMW,18:34,FRCCF
2689,2023-08-14,NIMES,NON,4764,18:32,IC ARO,CARCASSONNE,TJOURSESO,FRCCF,16:38,FRFNI
2690,2023-08-14,NIMES,NON,4764,19:17,IC ARO,TOULOUSE MATABIAU,TJOURSESO,FRXYT,16:38,FRFNI
2691,2023-08-14,MONTPELLIER SAINT-ROCH,NON,4764,17:44,IC ARO,BEZIERS,TJOURSESO,FRBZR,17:07,FRMPL
2692,2023-08-14,MONTPELLIER SAINT-ROCH,NON,4764,18:32,IC ARO,CARCASSONNE,TJOURSESO,FRCCF,17:07,FRMPL
2693,2023-08-14,MONTPELLIER SAINT-ROCH,NON,4764,20:53,IC ARO,MARMANDE,TJOURSESO,FRXMR,17:07,FRMPL
2694,2023-08-14,MARSEILLE ST CHARLES,NON,4764,16:35,IC ARO,NIMES,TJOURSESO,FRFNI,15:27,FRMSC
2695,2023-08-14,MARSEILLE ST CHARLES,NON,4764,20:53,IC ARO,MARMANDE,TJOURSESO,FRXMR,15:27,FRMSC
2696,2023-08-14,MARSEILLE ST CHARLES,NON,4764,18:01,IC ARO,NARBONNE,TJOURSESO,FRXNA,15:27,FRMSC
2697,2023-08-14,MONTAUBAN VILLE BOURBON,OUI,4764,20:53,IC ARO,MARMANDE,TJOURSESO,FRXMR,19:50,FRXMW
2698,2023-08-14,NARBONNE,NON,4764,21:32,IC ARO,BORDEAUX ST JEAN,TJOURSESO,FRBOJ,18:04,FRXNA
2699,2023-08-14,CANNES,NON,6188,10:33,SUD EST,MARSEILLE ST CHARLES,AZURPA,FRMSC,08:28,FRJCA
2700,2023-08-14,NICE VILLE,OUI,6188,08:24,SUD EST,CANNES,AZURPA,FRJCA,07:57,FRNIC
2701,2023-08-14,NICE VILLE,NON,6188,10:33,SUD EST,MARSEILLE ST CHARLES,AZURPA,FRMSC,07:57,FRNIC
2702,2023-08-14,NICE VILLE,OUI,6188,09:44,SUD EST,TOULON,AZURPA,FRTLN,07:57,FRNIC
2703,2023-08-14,NICE VILLE,OUI,6188,08:11,SUD EST,ANTIBES,AZURPA,FRXAT,07:57,FRNIC
2704,2023-08-14,TOULON,NON,6188,13:50,SUD EST,PARIS (intramuros),AZURPA,FRPLY,09:48,FRTLN
2705,2023-08-14,LES ARCS DRAGUIGNAN,NON,6188,13:50,SUD EST,PARIS (intramuros),AZURPA,FRPLY,09:10,FRXRS
2706,2023-08-14,BEZIERS,NON,4758,15:33,IC ARO,BORDEAUX ST JEAN,TJOURSESO,FRBOJ,11:47,FRBZR
2707,2023-08-14,CARCASSONNE,NON,4758,14:54,IC ARO,MARMANDE,TJOURSESO,FRXMR,12:34,FRCCF
2708,2023-08-14,CARCASSONNE,NON,4758,13:17,IC ARO,TOULOUSE MATABIAU,TJOURSESO,FRXYT,12:34,FRCCF
2709,2023-08-14,MONTPELLIER SAINT-ROCH,NON,4758,13:50,IC ARO,MONTAUBAN VILLE BOURBON,TJOURSESO,FRXMW,11:07,FRMPL
2710,2023-08-14,MONTPELLIER SAINT-ROCH,NON,4758,13:17,IC ARO,TOULOUSE MATABIAU,TJOURSESO,FRXYT,11:07,FRMPL
2711,2023-08-14,MARSEILLE ST CHARLES,NON,4758,14:54,IC ARO,MARMANDE,TJOURSESO,FRXMR,09:27,FRMSC
2712,2023-08-14,MARSEILLE ST CHARLES,NON,4758,13:50,IC ARO,MONTAUBAN VILLE BOURBON,TJOURSESO,FRXMW,09:27,FRMSC
2713,2023-08-14,TOULOUSE MATABIAU,NON,4758,13:50,IC ARO,MONTAUBAN VILLE BOURBON,TJOURSESO,FRXMW,13:25,FRXYT
2714,2023-08-14,ST MAIXENT DEUX SEVRES,OUI,8361,16:20,ATLANTIQUE,LA ROCHELLE VILLE,PAROCHELLE,FRLRH,15:20,FREJC
2715,2023-08-14,ST MAIXENT DEUX SEVRES,OUI,8361,15:35,ATLANTIQUE,NIORT,PAROCHELLE,FRNIT,15:20,FREJC
2716,2023-08-14,PARIS (intramuros),OUI,8361,15:17,ATLANTIQUE,ST MAIXENT DEUX SEVRES,PAROCHELLE,FREJC,13:37,FRPMO
2717,2023-08-14,PARIS (intramuros),OUI,8361,16:20,ATLANTIQUE,LA ROCHELLE VILLE,PAROCHELLE,FRLRH,13:37,FRPMO
2718,2023-08-14,BORDEAUX ST JEAN,NON,5260,08:49,NORD,MASSY TGV,JCAQUINORD,FRDJU,05:58,FRBOJ
2719,2023-08-14,MASSY TGV,OUI,5260,10:40,NORD,LILLE (intramuros),JCAQUINORD,FRADJ,08:55,FRDJU
2720,2023-08-14,POITIERS,NON,5260,08:49,NORD,MASSY TGV,JCAQUINORD,FRDJU,07:19,FRPIS
2721,2023-08-14,POITIERS,NON,5260,09:27,NORD,MARNE LA VALLEE CHESSY,JCAQUINORD,FRMLV,07:19,FRPIS
2722,2023-08-14,PARIS (intramuros),NON,6611,13:10,SUD EST,LYON (intramuros),PARISRHONE,FRLPE,11:00,FRPLY
2723,2023-08-14,CHAMBERY CHALLES LES EAUX,NON,9251,19:49,INTERNATIONAL,MILANO P GARIBALDI,PAITALIE,ITMPG,15:44,FRCMF
2724,2023-08-14,MACON LOCHE TGV,NON,9251,15:36,INTERNATIONAL,CHAMBERY CHALLES LES EAUX,PAITALIE,FRCMF,14:20,FRMLT
2725,2023-08-14,MACON LOCHE TGV,NON,9251,18:15,INTERNATIONAL,TORINO PORTA SUSA,PAITALIE,ITTRS,14:20,FRMLT
2726,2023-08-14,ANGOULEME,NON,5444,17:31,EST,MEUSE TGV,JCATLEST,FREAJ,13:36,FRANG
2727,2023-08-14,ANGOULEME,NON,5444,17:52,EST,LORRAINE TGV,JCATLEST,FREAM,13:36,FRANG
2728,2023-08-14,ANGOULEME,NON,5444,14:16,EST,POITIERS,JCATLEST,FRPIS,13:36,FRANG
2729,2023-08-14,BORDEAUX ST JEAN,NON,5444,17:04,EST,CHAMPAGNE-ARDENNE,JCATLEST,FREAH,12:58,FRBOJ
2730,2023-08-14,CHAMPAGNE-ARDENNE,NON,5444,17:52,EST,LORRAINE TGV,JCATLEST,FREAM,17:07,FREAH
2731,2023-08-14,MARNE LA VALLEE CHESSY,NON,5444,17:04,EST,CHAMPAGNE-ARDENNE,JCATLEST,FREAH,16:37,FRMLV
2732,2023-08-14,POITIERS,NON,5444,18:37,EST,STRASBOURG,JCATLEST,FRAEG,14:19,FRPIS
2733,2023-08-14,POITIERS,NON,5444,17:04,EST,CHAMPAGNE-ARDENNE,JCATLEST,FREAH,14:19,FRPIS
2734,2023-08-14,POITIERS,NON,5444,17:31,EST,MEUSE TGV,JCATLEST,FREAJ,14:19,FRPIS
2735,2023-08-14,ST PIERRE DES CORPS,NON,5444,17:04,EST,CHAMPAGNE-ARDENNE,JCATLEST,FREAH,14:54,FRXSH
2736,2023-08-14,ST PIERRE DES CORPS,NON,5444,16:27,EST,MARNE LA VALLEE CHESSY,JCATLEST,FRMLV,14:54,FRXSH
2737,2023-08-14,PARIS (intramuros),OUI,8373,10:34,ATLANTIQUE,NIORT,PAROCHELLE,FRNIT,08:24,FRPMO
2738,2023-08-14,PAU,NON,14141,13:00,IC SRO,BAYONNE,SUDOUEST,FRXBY,11:54,FRAEE
2739,2023-08-14,MONTREJEAU GOURDAN POLIGNAN,NON,14141,12:14,IC SRO,ORTHEZ,SUDOUEST,FRGFI,10:33,FRMTJ
2740,2023-08-14,MONTREJEAU GOURDAN POLIGNAN,NON,14141,13:00,IC SRO,BAYONNE,SUDOUEST,FRXBY,10:33,FRMTJ
2741,2023-08-14,TOULOUSE MATABIAU,NON,14141,11:23,IC SRO,LOURDES,SUDOUEST,FRLDE,09:32,FRXYT
2742,2023-08-14,FRANKFURT MAIN HBF,NON,9552,16:54,INTERNATIONAL,PARIS (intramuros),FRANCPA,FRPST,12:56,DEFRH
2743,2023-08-14,SARREBRUCK/SAARBRUECKEN,NON,9552,16:54,INTERNATIONAL,PARIS (intramuros),FRANCPA,FRPST,15:03,DESBK
2744,2023-08-14,JONZAC,NON,3858,19:53,IC SRO,ROCHEFORT,BORDONANTE,FRRCO,18:41,FREMR
2745,2023-08-14,ROCHEFORT,NON,3858,20:15,IC SRO,LA ROCHELLE VILLE,BORDONANTE,FRLRH,19:55,FRRCO
2746,2023-08-14,SAINTES,NON,3858,19:53,IC SRO,ROCHEFORT,BORDONANTE,FRRCO,19:25,FRXST
2747,2023-08-14,VALENCE TGV RHONE-ALPES SUD,OUI,6039,20:14,SUD EST,MONTPELLIER SAINT-ROCH,PALANG,FRMPL,19:01,FRVLA
2748,2023-08-14,PARIS (intramuros),OUI,5771,09:25,IC NUIT,NICE VILLE,PARAZUR,FRNIC,20:51,FRPAZ
2749,2023-08-14,SAUMUR,NON,4404,14:56,IC SRO,BOURGES,JOURNTELYN,FRBOU,12:56,FRACN
2750,2023-08-14,SAUMUR,NON,4404,17:20,IC SRO,ROANNE,JOURNTELYN,FRRNE,12:56,FRACN
2751,2023-08-14,SAUMUR,NON,4404,16:19,IC SRO,MOULINS SUR ALLIER,JOURNTELYN,FRXMU,12:56,FRACN
2752,2023-08-14,BOURGES,NON,4404,18:39,IC SRO,LYON (intramuros),JOURNTELYN,FRLPE,14:58,FRBOU
2753,2023-08-14,BOURGES,NON,4404,16:19,IC SRO,MOULINS SUR ALLIER,JOURNTELYN,FRXMU,14:58,FRBOU
2754,2023-08-14,NANTES,NON,4404,12:31,IC SRO,ANGERS ST LAUD,JOURNTELYN,FRACL,11:51,FRNTE
2755,2023-08-14,NANTES,NON,4404,14:56,IC SRO,BOURGES,JOURNTELYN,FRBOU,11:51,FRNTE
2756,2023-08-14,NANTES,NON,4404,18:39,IC SRO,LYON (intramuros),JOURNTELYN,FRLPE,11:51,FRNTE
2757,2023-08-14,NANTES,NON,4404,17:20,IC SRO,ROANNE,JOURNTELYN,FRRNE,11:51,FRNTE
2758,2023-08-14,MOULINS SUR ALLIER,NON,4404,16:41,IC SRO,ST GERMAIN DES FOSSES,JOURNTELYN,FRSGF,16:21,FRXMU
2759,2023-08-14,ST PIERRE DES CORPS,NON,4404,18:26,IC SRO,LYON (intramuros),JOURNTELYN,FRLPD,13:34,FRXSH
2760,2023-08-14,LIMOGES BENEDICTINS,NON,3650,16:18,IC ARO,LES AUBRAIS ORLEANS,TOULOUZECO,FRLAB,13:53,FRAGQ
2761,2023-08-14,BRIVE LA GAILLARDE,OUI,3650,13:48,IC ARO,LIMOGES BENEDICTINS,TOULOUZECO,FRAGQ,12:48,FRBVE
2762,2023-08-14,BRIVE LA GAILLARDE,NON,3650,14:47,IC ARO,ARGENTON SUR CREUSE,TOULOUZECO,FRFMT,12:48,FRBVE
2763,2023-08-14,BRIVE LA GAILLARDE,NON,3650,14:22,IC ARO,LA SOUTERRAINE,TOULOUZECO,FRLST,12:48,FRBVE
2764,2023-08-14,BRIVE LA GAILLARDE,NON,3650,17:19,IC ARO,PARIS (intramuros),TOULOUZECO,FRPAZ,12:48,FRBVE
2765,2023-08-14,CHATEAUROUX,NON,3650,15:38,IC ARO,VIERZON VILLE,TOULOUZECO,FRXVZ,15:06,FRCHR
2766,2023-08-14,ARGENTON SUR CREUSE,NON,3650,16:18,IC ARO,LES AUBRAIS ORLEANS,TOULOUZECO,FRLAB,14:48,FRFMT
2767,2023-08-14,ARGENTON SUR CREUSE,NON,3650,15:38,IC ARO,VIERZON VILLE,TOULOUZECO,FRXVZ,14:48,FRFMT
2768,2023-08-14,GOURDON,OUI,3650,12:44,IC ARO,BRIVE LA GAILLARDE,TOULOUZECO,FRBVE,12:02,FRFSI
2769,2023-08-14,GOURDON,NON,3650,17:19,IC ARO,PARIS (intramuros),TOULOUZECO,FRPAZ,12:02,FRFSI
2770,2023-08-14,CAUSSADE TARN ET GARONNE,NON,3650,17:19,IC ARO,PARIS (intramuros),TOULOUZECO,FRPAZ,11:08,FRFTA
2771,2023-08-14,CAUSSADE TARN ET GARONNE,NON,3650,15:38,IC ARO,VIERZON VILLE,TOULOUZECO,FRXVZ,11:08,FRFTA
2772,2023-08-14,SOUILLAC,OUI,3650,12:44,IC ARO,BRIVE LA GAILLARDE,TOULOUZECO,FRBVE,12:19,FRSOU
2773,2023-08-14,SOUILLAC,NON,3650,15:38,IC ARO,VIERZON VILLE,TOULOUZECO,FRXVZ,12:19,FRSOU
2774,2023-08-14,MONTAUBAN VILLE BOURBON,OUI,3650,12:44,IC ARO,BRIVE LA GAILLARDE,TOULOUZECO,FRBVE,10:55,FRXMW
2775,2023-08-14,MONTAUBAN VILLE BOURBON,NON,3650,14:22,IC ARO,LA SOUTERRAINE,TOULOUZECO,FRLST,10:55,FRXMW
2776,2023-08-14,TOULOUSE MATABIAU,OUI,3650,11:33,IC ARO,CAHORS,TOULOUZECO,FRZAO,10:28,FRXYT
2777,2023-08-14,GOURDON,NON,3650,14:22,IC ARO,LA SOUTERRAINE,TOULOUZECO,FRLST,12:02,FRFSI
2778,2023-08-14,CANNES,OUI,6850,15:31,SUD EST,ST RAPHAEL VALESCURE,JCSUDPROV,FRXSK,15:09,FRJCA
2779,2023-08-14,MARSEILLE ST CHARLES,NON,6850,17:44,SUD EST,AIX EN PROVENCE TGV,JCSUDPROV,FRAIE,17:32,FRMSC
2780,2023-08-14,NICE VILLE,NON,6850,17:19,SUD EST,MARSEILLE ST CHARLES,JCSUDPROV,FRMSC,14:40,FRNIC
2781,2023-08-14,ST RAPHAEL VALESCURE,OUI,6850,16:19,SUD EST,TOULON,JCSUDPROV,FRTLN,15:34,FRXSK
2782,2023-08-14,AVIGNON TGV,NON,5054,08:20,NORD,LYON (intramuros),JCSUDNORD,FRLPD,07:12,FRAVG
2783,2023-08-14,AVIGNON TGV,NON,5054,10:32,NORD,AEROPORT CDG2 TGV ROISSY,JCSUDNORD,FRMLW,07:12,FRAVG
2784,2023-08-14,MARSEILLE ST CHARLES,OUI,5054,07:09,NORD,AVIGNON TGV,JCSUDNORD,FRAVG,06:33,FRMSC
2785,2023-08-14,MOUCHARD,NON,9277,20:42,INTERNATIONAL,FRASNE,PASUIS,FRFRA,20:15,FRMCD
2786,2023-08-14,PARIS (intramuros),NON,9277,19:30,INTERNATIONAL,DIJON VILLE,PASUIS,FRABA,17:56,FRPLY
2787,2023-08-14,PAU,NON,14151,17:26,IC SRO,BAYONNE,SUDOUEST,FRXBY,15:57,FRAEE
2788,2023-08-14,ORTHEZ,NON,14151,17:26,IC SRO,BAYONNE,SUDOUEST,FRXBY,16:20,FRGFI
2789,2023-08-14,UZERCHE,OUI,3614,06:00,IC ARO,LIMOGES BENEDICTINS,TOULOUZECO,FRAGQ,05:24,FRAAW
2790,2023-08-14,LIMOGES BENEDICTINS,OUI,3614,06:33,IC ARO,LA SOUTERRAINE,TOULOUZECO,FRLST,06:03,FRAGQ
2791,2023-08-14,LIMOGES BENEDICTINS,OUI,3614,07:48,IC ARO,VIERZON VILLE,TOULOUZECO,FRXVZ,06:03,FRAGQ
2792,2023-08-14,CHATEAUROUX,OUI,3614,07:48,IC ARO,VIERZON VILLE,TOULOUZECO,FRXVZ,07:16,FRCHR
2793,2023-08-14,ARGENTON SUR CREUSE,OUI,3614,09:19,IC ARO,PARIS (intramuros),TOULOUZECO,FRPAZ,06:59,FRFMT
2794,2023-08-14,LA SOUTERRAINE,OUI,3614,07:14,IC ARO,CHATEAUROUX,TOULOUZECO,FRCHR,06:35,FRLST
2795,2023-08-14,LA SOUTERRAINE,OUI,3614,09:19,IC ARO,PARIS (intramuros),TOULOUZECO,FRPAZ,06:35,FRLST
2796,2023-08-14,MONTPELLIER SAINT-ROCH,NON,6206,19:18,SUD EST,PARIS (intramuros),LANGPA,FRPLY,15:50,FRMPL
2797,2023-08-14,DIJON VILLE,OUI,2096,20:16,EST,BESANCON - F COMTE TGV,JCRHONRHIN,FRTJB,19:49,FRABA
2798,2023-08-14,AIX EN PROVENCE TGV,NON,2096,20:16,EST,BESANCON - F COMTE TGV,JCRHONRHIN,FRTJB,16:11,FRAIE
2799,2023-08-14,AIX EN PROVENCE TGV,NON,2096,17:08,EST,VALENCE TGV RHONE-ALPES SUD,JCRHONRHIN,FRVLA,16:11,FRAIE
2800,2023-08-14,LYON (intramuros),NON,2096,20:40,EST,BELFORT-MONTBELIARD TGV,JCRHONRHIN,FRTJA,18:00,FRLPD
2801,2023-08-14,MARSEILLE ST CHARLES,NON,2096,17:08,EST,VALENCE TGV RHONE-ALPES SUD,JCRHONRHIN,FRVLA,15:56,FRMSC
2802,2023-08-14,VALENCE TGV RHONE-ALPES SUD,NON,2096,21:09,EST,MULHOUSE VILLE,JCRHONRHIN,FRAEK,17:13,FRVLA
2803,2023-08-14,ST MAIXENT DEUX SEVRES,OUI,8375,11:59,ATLANTIQUE,SURGERES,PAROCHELLE,FREIP,11:23,FREJC
2804,2023-08-14,ST MAIXENT DEUX SEVRES,OUI,8375,11:38,ATLANTIQUE,NIORT,PAROCHELLE,FRNIT,11:23,FREJC
2805,2023-08-14,NIORT,OUI,8375,11:59,ATLANTIQUE,SURGERES,PAROCHELLE,FREIP,11:41,FRNIT
2806,2023-08-14,PARIS (intramuros),OUI,8375,10:50,ATLANTIQUE,POITIERS,PAROCHELLE,FRPIS,09:12,FRPMO
2807,2023-08-14,PARIS (intramuros),NON,2515,18:44,EST,NANCY,PANANCY,FRENC,17:13,FRPST
2808,2023-08-14,DOLE VILLE,OUI,9269,14:42,INTERNATIONAL,FRASNE,PASUIS,FRFRA,14:00,FRACE
2809,2023-08-14,PARIS (intramuros),NON,9269,14:57,INTERNATIONAL,VALLORBE,PASUIS,CHAGL,11:56,FRPLY
2810,2023-08-14,DAX,NON,8530,09:40,ATLANTIQUE,BORDEAUX ST JEAN,SUDOUESTPA,FRBOJ,08:25,FRACG
2811,2023-08-14,DAX,NON,8530,11:52,ATLANTIQUE,PARIS (intramuros),SUDOUESTPA,FRPMO,08:25,FRACG
2812,2023-08-14,HENDAYE,OUI,8530,08:20,ATLANTIQUE,DAX,SUDOUESTPA,FRACG,07:10,FRAEF
2813,2023-08-14,HENDAYE,NON,8530,09:40,ATLANTIQUE,BORDEAUX ST JEAN,SUDOUESTPA,FRBOJ,07:10,FRAEF
2814,2023-08-14,HENDAYE,NON,8530,11:52,ATLANTIQUE,PARIS (intramuros),SUDOUESTPA,FRPMO,07:10,FRAEF
2815,2023-08-14,BIARRITZ,OUI,8530,08:20,ATLANTIQUE,DAX,SUDOUESTPA,FRACG,07:35,FRBIQ
2816,2023-08-14,BIARRITZ,NON,8530,09:40,ATLANTIQUE,BORDEAUX ST JEAN,SUDOUESTPA,FRBOJ,07:35,FRBIQ
2817,2023-08-14,BAYONNE,NON,8530,09:40,ATLANTIQUE,BORDEAUX ST JEAN,SUDOUESTPA,FRBOJ,07:50,FRXBY
2818,2023-08-14,BELLEGARDE,NON,9780,21:42,INTERNATIONAL,PARIS (intramuros),GENEVEPA,FRPLY,19:02,FRXBF
2819,2023-08-14,GENEVE,NON,9780,18:58,INTERNATIONAL,BELLEGARDE,GENEVEPA,FRXBF,18:29,CHGVA
2820,2023-08-14,LAVAL,OUI,5386,20:32,SUD EST,RENNES,JCSUDATL,FRRNS,20:08,FRACR
2821,2023-08-14,AIX EN PROVENCE TGV,NON,5386,20:05,SUD EST,LAVAL,JCSUDATL,FRACR,14:50,FRAIE
2822,2023-08-14,AVIGNON TGV,NON,5386,20:05,SUD EST,LAVAL,JCSUDATL,FRACR,15:15,FRAVG
2823,2023-08-14,LYON (intramuros),NON,5386,20:05,SUD EST,LAVAL,JCSUDATL,FRACR,16:30,FRLPD
2824,2023-08-14,MARSEILLE ST CHARLES,OUI,5386,14:47,SUD EST,AIX EN PROVENCE TGV,JCSUDATL,FRAIE,14:36,FRMSC
2825,2023-08-14,MARSEILLE ST CHARLES,OUI,5386,15:10,SUD EST,AVIGNON TGV,JCSUDATL,FRAVG,14:36,FRMSC
2826,2023-08-14,MARSEILLE ST CHARLES,NON,5386,16:22,SUD EST,LYON (intramuros),JCSUDATL,FRLPD,14:36,FRMSC
2827,2023-08-14,LAVAL,NON,8081,09:03,ATLANTIQUE,RENNES,PARISBRETA,FRRNS,08:22,FRACR
2828,2023-08-14,LAVAL,NON,8081,08:39,ATLANTIQUE,VITRE,PARISBRETA,FRXVT,08:22,FRACR
2829,2023-08-14,PARIS (intramuros),NON,8081,09:54,ATLANTIQUE,ST MALO,PARISBRETA,FRXSB,07:04,FRPMO
2830,2023-08-14,PARIS (intramuros),NON,8081,08:39,ATLANTIQUE,VITRE,PARISBRETA,FRXVT,07:04,FRPMO
2831,2023-08-14,VITRE,NON,8081,09:38,ATLANTIQUE,DOL DE BRETAGNE,PARISBRETA,FRDOL,08:42,FRXVT
2832,2023-08-14,DIJON VILLE,NON,9261,11:54,INTERNATIONAL,LAUSANNE,PASUIS,CHAJF,09:35,FRABA
2833,2023-08-14,DIJON VILLE,OUI,9261,10:42,INTERNATIONAL,FRASNE,PASUIS,FRFRA,09:35,FRABA
2834,2023-08-14,FRASNE,NON,9261,11:54,INTERNATIONAL,LAUSANNE,PASUIS,CHAJF,10:44,FRFRA
2835,2023-08-14,PARIS (intramuros),NON,9261,10:57,INTERNATIONAL,VALLORBE,PASUIS,CHAGL,07:56,FRPLY
2836,2023-08-14,RENNES,NON,8060,17:17,ATLANTIQUE,PARIS (intramuros),BRETAPARIS,FRPMO,15:43,FRRNS
2837,2023-08-14,BRASSAC LES MINES STE FLORINE,NON,15941,13:48,IC SRO,ARVANT,NORESTJOU,FRARV,13:43,FRHLE
2838,2023-08-14,ST FLOUR CHAUDES AIGUES,NON,15941,15:36,IC SRO,ST CHELY D'APCHER,NORESTJOU,FRINB,14:57,FRIMW
2839,2023-08-14,MILLAU,NON,15941,17:48,IC SRO,ST GEORGES DE LUZENCON,NORESTJOU,FRINM,17:38,FRMAU
2840,2023-08-14,NEUSSARGUES,NON,15941,18:57,IC SRO,BEDARIEUX,NORESTJOU,FRIMH,14:36,FRNEU
2841,2023-08-14,MILLAU,NON,15941,19:32,IC SRO,BEZIERS,NORESTJOU,FRBZR,17:38,FRMAU
2842,2023-08-14,NEUSSARGUES,NON,15941,16:13,IC SRO,MARVEJOLS,NORESTJOU,FRINE,14:36,FRNEU
2843,2023-08-14,BRASSAC LES MINES STE FLORINE,NON,15941,15:36,IC SRO,ST CHELY D'APCHER,NORESTJOU,FRINB,13:43,FRHLE
2844,2023-08-14,CLERMONT FERRAND,NON,15941,16:49,IC SRO,CAMPAGNAC ST GENIEZ,NORESTJOU,FRINJ,13:03,FRCFE
2845,2023-08-14,MILLAU,NON,15941,18:03,IC SRO,TOURNEMIRE ROQUEFORT,NORESTJOU,FRINO,17:38,FRMAU
2846,2023-08-14,MARVEJOLS,NON,15941,17:01,IC SRO,SEVERAC LE CHATEAU,NORESTJOU,FRSVC,16:14,FRINE
2847,2023-08-14,ARVANT,NON,15941,16:13,IC SRO,MARVEJOLS,NORESTJOU,FRINE,13:49,FRARV
2848,2023-08-14,ST FLOUR CHAUDES AIGUES,NON,15941,15:49,IC SRO,AUMONT AUBRAC,NORESTJOU,FRINC,14:57,FRIMW
2849,2023-08-14,ARVANT,NON,15941,19:17,IC SRO,MAGALAS,NORESTJOU,FRIMK,13:49,FRARV
2850,2023-08-14,MASSIAC BLESLE,NON,15941,14:30,IC SRO,NEUSSARGUES,NORESTJOU,FRNEU,14:09,FRHMY
2851,2023-08-14,NEUSSARGUES,NON,15941,15:36,IC SRO,ST CHELY D'APCHER,NORESTJOU,FRINB,14:36,FRNEU
2852,2023-08-14,CEILHES ROQUEREDONDE,NON,15941,19:32,IC SRO,BEZIERS,NORESTJOU,FRBZR,18:28,FRIMC
2853,2023-08-14,SEVERAC LE CHATEAU,NON,15941,19:17,IC SRO,MAGALAS,NORESTJOU,FRIMK,17:02,FRSVC
2854,2023-08-14,ST CHELY D'APCHER,NON,15941,17:35,IC SRO,MILLAU,NORESTJOU,FRMAU,15:37,FRINB
2855,2023-08-14,NEUSSARGUES,NON,15941,15:49,IC SRO,AUMONT AUBRAC,NORESTJOU,FRINC,14:36,FRNEU
2856,2023-08-14,ST CHELY D'APCHER,NON,15941,16:13,IC SRO,MARVEJOLS,NORESTJOU,FRINE,15:37,FRINB
2857,2023-08-14,NEUSSARGUES,NON,15941,17:55,IC SRO,ST ROME DE CERNON,NORESTJOU,FRINN,14:36,FRNEU
2858,2023-08-14,AUMONT AUBRAC,NON,15941,17:01,IC SRO,SEVERAC LE CHATEAU,NORESTJOU,FRSVC,15:50,FRINC
2859,2023-08-14,ST ROME DE CERNON,NON,15941,19:17,IC SRO,MAGALAS,NORESTJOU,FRIMK,17:56,FRINN
2860,2023-08-14,NEUSSARGUES,NON,15941,16:35,IC SRO,BANASSAC LA CANOURGUE,NORESTJOU,FRINH,14:36,FRNEU
2861,2023-08-14,ARVANT,NON,15941,18:46,IC SRO,LE BOUSQUET D'ORB,NORESTJOU,FRIMG,13:49,FRARV
2862,2023-08-14,ST ROME DE CERNON,NON,15941,18:57,IC SRO,BEDARIEUX,NORESTJOU,FRIMH,17:56,FRINN
2863,2023-08-14,ISSOIRE,NON,15941,18:57,IC SRO,BEDARIEUX,NORESTJOU,FRIMH,13:29,FRHLB
2864,2023-08-14,ARVANT,NON,15941,19:32,IC SRO,BEZIERS,NORESTJOU,FRBZR,13:49,FRARV
2865,2023-08-14,MASSIAC BLESLE,NON,15941,14:56,IC SRO,ST FLOUR CHAUDES AIGUES,NORESTJOU,FRIMW,14:09,FRHMY
2866,2023-08-14,ST ROME DE CERNON,NON,15941,18:03,IC SRO,TOURNEMIRE ROQUEFORT,NORESTJOU,FRINO,17:56,FRINN
2867,2023-08-14,NEUSSARGUES,NON,15941,18:03,IC SRO,TOURNEMIRE ROQUEFORT,NORESTJOU,FRINO,14:36,FRNEU
2868,2023-08-14,ST CHELY D'APCHER,NON,15941,19:17,IC SRO,MAGALAS,NORESTJOU,FRIMK,15:37,FRINB
2869,2023-08-14,TOURNEMIRE ROQUEFORT,NON,15941,18:27,IC SRO,CEILHES ROQUEREDONDE,NORESTJOU,FRIMC,18:04,FRINO
2870,2023-08-14,ST GEORGES DE LUZENCON,NON,15941,18:46,IC SRO,LE BOUSQUET D'ORB,NORESTJOU,FRIMG,17:49,FRINM
2871,2023-08-14,MASSIAC BLESLE,NON,15941,18:57,IC SRO,BEDARIEUX,NORESTJOU,FRIMH,14:09,FRHMY
2872,2023-08-14,ST GEORGES DE LUZENCON,NON,15941,18:27,IC SRO,CEILHES ROQUEREDONDE,NORESTJOU,FRIMC,17:49,FRINM
2873,2023-08-14,AUMONT AUBRAC,NON,15941,18:46,IC SRO,LE BOUSQUET D'ORB,NORESTJOU,FRIMG,15:50,FRINC
2874,2023-08-14,ST CHELY D'APCHER,NON,15941,17:48,IC SRO,ST GEORGES DE LUZENCON,NORESTJOU,FRINM,15:37,FRINB
2875,2023-08-14,ARVANT,NON,15941,17:48,IC SRO,ST GEORGES DE LUZENCON,NORESTJOU,FRINM,13:49,FRARV
2876,2023-08-14,MARVEJOLS,NON,15941,17:48,IC SRO,ST GEORGES DE LUZENCON,NORESTJOU,FRINM,16:14,FRINE
2877,2023-08-14,SEVERAC LE CHATEAU,NON,15941,18:03,IC SRO,TOURNEMIRE ROQUEFORT,NORESTJOU,FRINO,17:02,FRSVC
2878,2023-08-14,CEILHES ROQUEREDONDE,NON,15941,19:17,IC SRO,MAGALAS,NORESTJOU,FRIMK,18:28,FRIMC
2879,2023-08-14,ST GEORGES DE LUZENCON,NON,15941,19:17,IC SRO,MAGALAS,NORESTJOU,FRIMK,17:49,FRINM
2880,2023-08-14,CAMPAGNAC ST GENIEZ,NON,15941,18:57,IC SRO,BEDARIEUX,NORESTJOU,FRIMH,16:50,FRINJ
2881,2023-08-14,ISSOIRE,NON,15941,18:03,IC SRO,TOURNEMIRE ROQUEFORT,NORESTJOU,FRINO,13:29,FRHLB
2882,2023-08-14,MASSIAC BLESLE,NON,15941,16:35,IC SRO,BANASSAC LA CANOURGUE,NORESTJOU,FRINH,14:09,FRHMY
2883,2023-08-14,NEUSSARGUES,NON,15941,16:21,IC SRO,LE MONASTIER,NORESTJOU,FRLMR,14:36,FRNEU
2884,2023-08-14,BRASSAC LES MINES STE FLORINE,NON,15941,17:55,IC SRO,ST ROME DE CERNON,NORESTJOU,FRINN,13:43,FRHLE
2885,2023-08-14,TBD,NON,15941,17:35,IC SRO,TBD,NORESTJOU,FRMAU,16:22,FRLMR
2886,2023-08-14,TBD,NON,15941,16:21,IC SRO,TBD,NORESTJOU,FRLMR,13:29,FRHLB
2887,2023-08-14,LYON (intramuros),NON,6612,12:08,SUD EST,PARIS (intramuros),RHONEPARIS,FRPLY,10:04,FRLPD
2888,2023-08-14,LYON (intramuros),OUI,6612,10:45,SUD EST,LE CREUSOT MONTCEAU MONTCHANIN,RHONEPARIS,FRXCC,09:50,FRLPE
2889,2023-08-14,BIARRITZ,NON,8542,17:39,ATLANTIQUE,BORDEAUX ST JEAN,SUDOUESTPA,FRBOJ,15:32,FRBIQ
2890,2023-08-14,BAYONNE,NON,8542,17:39,ATLANTIQUE,BORDEAUX ST JEAN,SUDOUESTPA,FRBOJ,15:47,FRXBY
2891,2023-08-14,BAYONNE,NON,8542,19:52,ATLANTIQUE,PARIS (intramuros),SUDOUESTPA,FRPMO,15:47,FRXBY
2892,2023-08-14,ST JEAN DE LUZ CIBOURE,OUI,8542,16:17,ATLANTIQUE,DAX,SUDOUESTPA,FRACG,15:19,FRXJZ
2893,2023-08-14,NANCY,OUI,2544,17:05,EST,CHAMPAGNE-ARDENNE,NANCYPA,FREAH,16:11,FRENC
2894,2023-08-14,PARIS (intramuros),NON,7591,22:44,NORD,BOULOGNE VILLE,PAARRAS,FRAEB,20:25,FRPNO
2895,2023-08-14,PARIS (intramuros),NON,7591,21:14,NORD,ARRAS,PAARRAS,FRQRV,20:25,FRPNO
2896,2023-08-14,BELLEGARDE,NON,9768,11:49,INTERNATIONAL,BOURG EN BRESSE,GENEVEPA,FRXBK,11:02,FRXBF
2897,2023-08-14,CLERMONT FERRAND,NON,5970,16:57,IC ARO,PARIS (intramuros),CLERMONTPA,FRPBE,13:31,FRCFE
2898,2023-08-14,CLERMONT FERRAND,OUI,5970,14:04,IC ARO,VICHY,CLERMONTPA,FRVHY,13:31,FRCFE
2899,2023-08-14,RIOM CHATEL GUYON,NON,5970,14:58,IC ARO,NEVERS,CLERMONTPA,FRNVS,13:42,FRRIO
2900,2023-08-14,RIOM CHATEL GUYON,OUI,5970,14:29,IC ARO,MOULINS SUR ALLIER,CLERMONTPA,FRXMU,13:42,FRRIO
2901,2023-08-14,AIX EN PROVENCE TGV,NON,6801,10:06,SUD EST,ST RAPHAEL VALESCURE,JCPROVSUD,FRXSK,08:03,FRAIE
2902,2023-08-14,AVIGNON TGV,NON,6801,08:00,SUD EST,AIX EN PROVENCE TGV,JCPROVSUD,FRAIE,07:38,FRAVG
2903,2023-08-14,AVIGNON TGV,NON,6801,10:35,SUD EST,CANNES,JCPROVSUD,FRJCA,07:38,FRAVG
2904,2023-08-14,AVIGNON TGV,NON,6801,08:14,SUD EST,MARSEILLE ST CHARLES,JCPROVSUD,FRMSC,07:38,FRAVG
2905,2023-08-14,AVIGNON TGV,NON,6801,09:11,SUD EST,TOULON,JCPROVSUD,FRTLN,07:38,FRAVG
2906,2023-08-14,AVIGNON TGV,NON,6801,09:49,SUD EST,LES ARCS DRAGUIGNAN,JCPROVSUD,FRXRS,07:38,FRAVG
2907,2023-08-14,CANNES,OUI,6801,11:06,SUD EST,NICE VILLE,JCPROVSUD,FRNIC,10:39,FRJCA
2908,2023-08-14,LYON (intramuros),NON,6801,10:47,SUD EST,ANTIBES,JCPROVSUD,FRXAT,06:04,FRLPD
2909,2023-08-14,LYON (intramuros),NON,6801,10:06,SUD EST,ST RAPHAEL VALESCURE,JCPROVSUD,FRXSK,06:04,FRLPD
2910,2023-08-14,MARSEILLE ST CHARLES,NON,6801,09:11,SUD EST,TOULON,JCPROVSUD,FRTLN,08:28,FRMSC
2911,2023-08-14,VALENCE TGV RHONE-ALPES SUD,NON,6801,08:00,SUD EST,AIX EN PROVENCE TGV,JCPROVSUD,FRAIE,07:00,FRVLA
2912,2023-08-14,VALENCE TGV RHONE-ALPES SUD,NON,6801,07:35,SUD EST,AVIGNON TGV,JCPROVSUD,FRAVG,07:00,FRVLA
2913,2023-08-14,VALENCE TGV RHONE-ALPES SUD,NON,6801,11:06,SUD EST,NICE VILLE,JCPROVSUD,FRNIC,07:00,FRVLA
2914,2023-08-14,LES ARCS DRAGUIGNAN,NON,6801,10:47,SUD EST,ANTIBES,JCPROVSUD,FRXAT,09:52,FRXRS
2915,2023-08-14,ST RAPHAEL VALESCURE,OUI,6801,11:06,SUD EST,NICE VILLE,JCPROVSUD,FRNIC,10:09,FRXSK
2916,2023-08-14,ST RAPHAEL VALESCURE,OUI,6801,10:47,SUD EST,ANTIBES,JCPROVSUD,FRXAT,10:09,FRXSK
2917,2023-08-14,AVIGNON TGV,OUI,6123,20:56,SUD EST,MARSEILLE ST CHARLES,PAPROVENCE,FRMSC,20:20,FRAVG
2918,2023-08-14,AIX EN PROVENCE TGV,OUI,6133,00:01,SUD EST,MARSEILLE ST CHARLES,PAPROVENCE,FRMSC,23:49,FRAIE
2919,2023-08-14,AVIGNON TGV,OUI,6133,23:46,SUD EST,AIX EN PROVENCE TGV,PAPROVENCE,FRAIE,23:25,FRAVG
2920,2023-08-14,ANGOULEME,NON,8450,21:40,ATLANTIQUE,PARIS (intramuros),SUDOUESTPA,FRPMO,19:16,FRANG
2921,2023-08-14,BORDEAUX ST JEAN,NON,8450,19:54,ATLANTIQUE,POITIERS,SUDOUESTPA,FRPIS,18:38,FRBOJ
2922,2023-08-14,BORDEAUX ST JEAN,NON,8450,20:35,ATLANTIQUE,ST PIERRE DES CORPS,SUDOUESTPA,FRXSH,18:38,FRBOJ
2923,2023-08-14,AIX LES BAINS LE REVARD,NON,6978,19:14,SUD EST,PARIS (intramuros),ALPESPARIS,FRPLY,15:59,FRXAI
2924,2023-08-14,FRANKFURT MAIN HBF,NON,9560,20:42,INTERNATIONAL,PARIS (intramuros),FRANCPA,FRPST,16:56,DEFRH
2925,2023-08-14,KARLSRUHE HBF,NON,9560,20:42,INTERNATIONAL,PARIS (intramuros),FRANCPA,FRPST,18:05,DEQKA
2926,2023-08-14,LYON (intramuros),OUI,5351,08:34,SUD EST,MASSY TGV,JCSUDATL,FRDJU,06:30,FRLPD
2927,2023-08-14,LYON (intramuros),OUI,5351,09:43,SUD EST,ST PIERRE DES CORPS,JCSUDATL,FRXSH,06:30,FRLPD
2928,2023-08-14,LYON (intramuros),OUI,5351,08:34,SUD EST,MASSY TGV,JCSUDATL,FRDJU,06:16,FRLPE
2929,2023-08-14,BEZIERS,NON,6252,15:04,SUD EST,PARIS (intramuros),LANGPA,FRPLY,10:59,FRBZR
2930,2023-08-14,BEZIERS,NON,6252,11:10,SUD EST,AGDE,LANGPA,FRXAG,10:59,FRBZR
2931,2023-08-14,SETE,NON,6252,15:04,SUD EST,PARIS (intramuros),LANGPA,FRPLY,11:30,FRXSY
2932,2023-08-14,MONTPELLIER SUD DE FRANCE,NON,6252,12:50,SUD EST,VALENCE TGV RHONE-ALPES SUD,LANGPA,FRVLA,11:52,FRSUF
2933,2023-08-14,BEZIERS,NON,6252,11:46,SUD EST,MONTPELLIER SUD DE FRANCE,LANGPA,FRSUF,10:59,FRBZR
2934,2023-08-14,PERPIGNAN,NON,6252,11:46,SUD EST,MONTPELLIER SUD DE FRANCE,LANGPA,FRSUF,10:04,FRPGF
2935,2023-08-14,MONTPELLIER SUD DE FRANCE,NON,6252,12:11,SUD EST,NIMES PONT DU GARD,LANGPA,FRXZP,11:52,FRSUF
2936,2023-08-14,NARBONNE,NON,6252,12:11,SUD EST,NIMES PONT DU GARD,LANGPA,FRXZP,10:42,FRXNA
2937,2023-08-14,PARIS (intramuros),NON,7265,12:07,NORD,LILLE (intramuros),PAARRAS,FRLLE,10:52,FRPNO
2938,2023-08-14,STRASBOURG,NON,9573,14:05,INTERNATIONAL,STUTTGART HBF,PASTUTMUN,DESGT,12:46,FRAEG
2939,2023-08-14,PARIS (intramuros),NON,9573,14:05,INTERNATIONAL,STUTTGART HBF,PASTUTMUN,DESGT,10:55,FRPST
2940,2023-08-14,NIMES,NON,4756,12:26,IC ARO,AGEN,TJOURSESO,FRAGF,08:38,FRFNI
2941,2023-08-14,NIMES,NON,4756,11:16,IC ARO,TOULOUSE MATABIAU,TJOURSESO,FRXYT,08:38,FRFNI
2942,2023-08-14,ARLES,NON,4756,13:32,IC ARO,BORDEAUX ST JEAN,TJOURSESO,FRBOJ,08:11,FRHZA
2943,2023-08-14,ARLES,NON,4756,11:49,IC ARO,MONTAUBAN VILLE BOURBON,TJOURSESO,FRXMW,08:11,FRHZA
2944,2023-08-14,MONTPELLIER SAINT-ROCH,NON,4756,11:16,IC ARO,TOULOUSE MATABIAU,TJOURSESO,FRXYT,09:07,FRMPL
2945,2023-08-14,MARSEILLE ST CHARLES,NON,4756,13:32,IC ARO,BORDEAUX ST JEAN,TJOURSESO,FRBOJ,07:22,FRMSC
2946,2023-08-14,MARSEILLE ST CHARLES,NON,4756,10:32,IC ARO,CARCASSONNE,TJOURSESO,FRCCF,07:22,FRMSC
2947,2023-08-14,MARSEILLE ST CHARLES,NON,4756,10:01,IC ARO,NARBONNE,TJOURSESO,FRXNA,07:22,FRMSC
2948,2023-08-14,SETE,NON,4756,13:32,IC ARO,BORDEAUX ST JEAN,TJOURSESO,FRBOJ,09:23,FRXSY
2949,2023-08-14,TOULOUSE MATABIAU,NON,4756,12:26,IC ARO,AGEN,TJOURSESO,FRAGF,11:24,FRXYT
2950,2023-08-14,TOULOUSE MATABIAU,NON,4756,13:32,IC ARO,BORDEAUX ST JEAN,TJOURSESO,FRBOJ,11:24,FRXYT
2951,2023-08-14,ANGERS ST LAUD,NON,8977,16:46,ATLANTIQUE,LA ROCHE SUR YON,PARISLOIRE,FRXRO,15:19,FRACL
2952,2023-08-14,LE MANS,NON,8977,15:15,ATLANTIQUE,ANGERS ST LAUD,PARISLOIRE,FRACL,14:32,FRAET
2953,2023-08-14,LE MANS,NON,8977,14:52,ATLANTIQUE,SABLE SUR SARTHE,PARISLOIRE,FRSAB,14:32,FRAET
2954,2023-08-14,NANTES,NON,8977,16:46,ATLANTIQUE,LA ROCHE SUR YON,PARISLOIRE,FRXRO,16:06,FRNTE
2955,2023-08-14,PARIS (intramuros),NON,8977,15:55,ATLANTIQUE,NANTES,PARISLOIRE,FRNTE,13:32,FRPMO
2956,2023-08-14,PARIS (intramuros),NON,8977,16:46,ATLANTIQUE,LA ROCHE SUR YON,PARISLOIRE,FRXRO,13:32,FRPMO
2957,2023-08-14,SABLE SUR SARTHE,NON,8977,15:15,ATLANTIQUE,ANGERS ST LAUD,PARISLOIRE,FRACL,14:54,FRSAB
2958,2023-08-14,ZUERICH HB,NON,9218,13:17,INTERNATIONAL,BELFORT-MONTBELIARD TGV,ZURBALPA,FRTJA,11:34,CHAJD
2959,2023-08-14,BASEL SBB,NON,9218,13:17,INTERNATIONAL,BELFORT-MONTBELIARD TGV,ZURBALPA,FRTJA,12:34,CHAJP
2960,2023-08-14,MONTAUBAN VILLE BOURBON,OUI,8505,15:31,ATLANTIQUE,TOULOUSE MATABIAU,PASUDOUEST,FRXYT,15:04,FRXMW
2961,2023-08-14,LYON (intramuros),OUI,6601,08:10,SUD EST,LYON (intramuros),PARISRHONE,FRLPE,08:02,FRLPD
2962,2023-08-14,PARIS (intramuros),OUI,6601,07:56,SUD EST,LYON (intramuros),PARISRHONE,FRLPD,05:50,FRPLY
2963,2023-08-14,MODANE,NON,9240,09:36,INTERNATIONAL,ST JEAN DE MAURIENNE ARVAN,ITALIEPA,FRHPN,09:13,FRAGR
2964,2023-08-14,MACON LOCHE TGV,NON,9240,13:14,INTERNATIONAL,PARIS (intramuros),ITALIEPA,FRPLY,11:43,FRMLT
2965,2023-08-14,MILANO P GARIBALDI,NON,9240,11:40,INTERNATIONAL,MACON LOCHE TGV,ITALIEPA,FRMLT,06:00,ITMPG
2966,2023-08-14,STRASBOURG,NON,5537,21:59,EST,CANNES,JCRHINRHON,FRJCA,13:37,FRAEG
2967,2023-08-14,STRASBOURG,NON,5537,17:56,EST,LYON (intramuros),JCRHINRHON,FRLPD,13:37,FRAEG
2968,2023-08-14,STRASBOURG,NON,5537,15:02,EST,BELFORT-MONTBELIARD TGV,JCRHINRHON,FRTJA,13:37,FRAEG
2969,2023-08-14,STRASBOURG,NON,5537,22:11,EST,ANTIBES,JCRHINRHON,FRXAT,13:37,FRAEG
2970,2023-08-14,STRASBOURG,NON,5537,21:34,EST,ST RAPHAEL VALESCURE,JCRHINRHON,FRXSK,13:37,FRAEG
2971,2023-08-14,COLMAR,NON,5537,17:56,EST,LYON (intramuros),JCRHINRHON,FRLPD,14:05,FRAEJ
2972,2023-08-14,MULHOUSE VILLE,NON,5537,16:04,EST,DIJON VILLE,JCRHINRHON,FRABA,14:40,FRAEK
2973,2023-08-14,MULHOUSE VILLE,NON,5537,22:30,EST,NICE VILLE,JCRHINRHON,FRNIC,14:40,FRAEK
2974,2023-08-14,MULHOUSE VILLE,NON,5537,20:41,EST,TOULON,JCRHINRHON,FRTLN,14:40,FRAEK
2975,2023-08-14,AIX EN PROVENCE TGV,NON,5537,21:59,EST,CANNES,JCRHINRHON,FRJCA,19:33,FRAIE
2976,2023-08-14,AIX EN PROVENCE TGV,NON,5537,22:30,EST,NICE VILLE,JCRHINRHON,FRNIC,19:33,FRAIE
2977,2023-08-14,AIX EN PROVENCE TGV,NON,5537,20:41,EST,TOULON,JCRHINRHON,FRTLN,19:33,FRAIE
2978,2023-08-14,AVIGNON TGV,NON,5537,21:59,EST,CANNES,JCRHINRHON,FRJCA,19:12,FRAVG
2979,2023-08-14,AVIGNON TGV,NON,5537,20:41,EST,TOULON,JCRHINRHON,FRTLN,19:12,FRAVG
2980,2023-08-14,AVIGNON TGV,NON,5537,22:11,EST,ANTIBES,JCRHINRHON,FRXAT,19:12,FRAVG
2981,2023-08-14,NANCY,NON,5537,17:56,EST,LYON (intramuros),JCRHINRHON,FRLPD,11:46,FRENC
2982,2023-08-14,NANCY,NON,5537,21:17,EST,LES ARCS DRAGUIGNAN,JCRHINRHON,FRXRS,11:46,FRENC
2983,2023-08-14,NANCY,NON,5537,21:34,EST,ST RAPHAEL VALESCURE,JCRHINRHON,FRXSK,11:46,FRENC
2984,2023-08-14,LYON (intramuros),NON,5537,21:59,EST,CANNES,JCRHINRHON,FRJCA,18:04,FRLPD
2985,2023-08-14,LYON (intramuros),NON,5537,20:41,EST,TOULON,JCRHINRHON,FRTLN,18:04,FRLPD
2986,2023-08-14,BELFORT-MONTBELIARD TGV,NON,5537,16:04,EST,DIJON VILLE,JCRHINRHON,FRABA,15:06,FRTJA
2987,2023-08-14,BELFORT-MONTBELIARD TGV,NON,5537,19:10,EST,AVIGNON TGV,JCRHINRHON,FRAVG,15:06,FRTJA
2988,2023-08-14,BELFORT-MONTBELIARD TGV,NON,5537,17:56,EST,LYON (intramuros),JCRHINRHON,FRLPD,15:06,FRTJA
2989,2023-08-14,BELFORT-MONTBELIARD TGV,NON,5537,15:29,EST,BESANCON - F COMTE TGV,JCRHINRHON,FRTJB,15:06,FRTJA
2990,2023-08-14,TOULON,OUI,5537,22:11,EST,ANTIBES,JCRHINRHON,FRXAT,20:45,FRTLN
2991,2023-08-14,BEAUNE,NON,5537,19:45,EST,MARSEILLE ST CHARLES,JCRHINRHON,FRMSC,16:42,FRXBV
2992,2023-08-14,BEAUNE,NON,5537,22:11,EST,ANTIBES,JCRHINRHON,FRXAT,16:42,FRXBV
2993,2023-08-14,LES ARCS DRAGUIGNAN,OUI,5537,21:59,EST,CANNES,JCRHINRHON,FRJCA,21:20,FRXRS
2994,2023-08-14,NANCY,NON,5537,15:29,EST,BESANCON - F COMTE TGV,JCRHINRHON,FRTJB,11:46,FRENC
2995,2023-08-14,BESANCON - F COMTE TGV,NON,5537,21:17,EST,LES ARCS DRAGUIGNAN,JCRHINRHON,FRXRS,15:36,FRTJB
2996,2023-08-14,BELFORT-MONTBELIARD TGV,NON,5537,20:41,EST,TOULON,JCRHINRHON,FRTLN,15:06,FRTJA
2997,2023-08-14,NANCY,OUI,5537,14:02,EST,COLMAR,JCRHINRHON,FRAEJ,11:46,FRENC
2998,2023-08-14,BESANCON - F COMTE TGV,NON,5537,16:39,EST,BEAUNE,JCRHINRHON,FRXBV,15:36,FRTJB
2999,2023-08-14,AURAY,NON,8724,15:14,ATLANTIQUE,VANNES,BRETAPARIS,FRVNE,15:04,FRXUY
3000,2023-08-14,BORDEAUX ST JEAN,OUI,12266,19:52,ATLANTIQUE,PARIS (intramuros),SUDOUESTPA,FRPMO,17:47,FRBOJ
3001,2023-08-14,FRANKFURT MAIN HBF,NON,9568,07:36,INTERNATIONAL,MANNHEIM HBF,FRANCPA,DEMHG,06:56,DEFRH
3002,2023-08-14,FRANKFURT MAIN HBF,NON,9568,08:48,INTERNATIONAL,STRASBOURG,FRANCPA,FRAEG,06:56,DEFRH
3003,2023-08-14,SURGERES,NON,8374,11:23,ATLANTIQUE,NIORT,ROCHELLEPA,FRNIT,11:05,FREIP
3004,2023-08-14,LA ROCHELLE VILLE,NON,8374,12:09,ATLANTIQUE,POITIERS,ROCHELLEPA,FRPIS,10:44,FRLRH
3005,2023-08-14,ANGERS ST LAUD,NON,8808,10:14,ATLANTIQUE,PARIS (intramuros),LOIREPARIS,FRPMO,08:48,FRACL
3006,2023-08-14,NANTES,OUI,8808,08:45,ATLANTIQUE,ANGERS ST LAUD,LOIREPARIS,FRACL,08:08,FRNTE
3007,2023-08-14,PARIS (intramuros),NON,8881,18:13,ATLANTIQUE,ANGERS ST LAUD,PARISLOIRE,FRACL,16:36,FRPMO
3008,2023-08-14,LUCON,NON,3856,18:05,IC SRO,NANTES,BORDONANTE,FRNTE,17:00,FRLCN
3009,2023-08-14,LUCON,NON,3856,17:22,IC SRO,LA ROCHE SUR YON,BORDONANTE,FRXRO,17:00,FRLCN
3010,2023-08-14,LA ROCHELLE VILLE,NON,3856,16:58,IC SRO,LUCON,BORDONANTE,FRLCN,16:19,FRLRH
3011,2023-08-14,ROCHEFORT,NON,3856,16:15,IC SRO,LA ROCHELLE VILLE,BORDONANTE,FRLRH,15:56,FRRCO
3012,2023-08-14,ROCHEFORT,NON,3856,18:05,IC SRO,NANTES,BORDONANTE,FRNTE,15:56,FRRCO
3013,2023-08-14,SAINTES,NON,3856,16:15,IC SRO,LA ROCHELLE VILLE,BORDONANTE,FRLRH,15:25,FRXST
3014,2023-08-14,SAINTES,NON,3856,18:05,IC SRO,NANTES,BORDONANTE,FRNTE,15:25,FRXST
3015,2023-08-14,PARIS (intramuros),OUI,7069,19:48,NORD,LILLE (intramuros),PALILLE,FRADJ,18:46,FRPNO
3016,2023-08-14,BEZIERS,NON,6875,19:36,SUD EST,SETE,JCSUDPROV,FRXSY,19:15,FRBZR
3017,2023-08-14,CARCASSONNE,NON,6875,19:36,SUD EST,SETE,JCSUDPROV,FRXSY,18:27,FRCCF
3018,2023-08-14,VALENCE TGV RHONE-ALPES SUD,NON,6875,21:52,SUD EST,LYON (intramuros),JCSUDPROV,FRLPD,21:13,FRVLA
3019,2023-08-14,NARBONNE,NON,6875,21:10,SUD EST,VALENCE TGV RHONE-ALPES SUD,JCSUDPROV,FRVLA,18:59,FRXNA
3020,2023-08-14,SETE,NON,6875,21:10,SUD EST,VALENCE TGV RHONE-ALPES SUD,JCSUDPROV,FRVLA,19:39,FRXSY
3021,2023-08-14,MONTPELLIER SUD DE FRANCE,NON,6875,21:52,SUD EST,LYON (intramuros),JCSUDPROV,FRLPD,20:11,FRSUF
3022,2023-08-14,BEZIERS,NON,6875,20:30,SUD EST,NIMES PONT DU GARD,JCSUDPROV,FRXZP,19:15,FRBZR
3023,2023-08-14,NURIEUX,NON,9781,21:00,INTERNATIONAL,BELLEGARDE,PAGENEVE,FRXBF,20:37,FRHQN
3024,2023-08-14,PARIS (intramuros),NON,9781,21:00,INTERNATIONAL,BELLEGARDE,PAGENEVE,FRXBF,18:18,FRPLY
3025,2023-08-14,PARIS (intramuros),NON,9781,20:07,INTERNATIONAL,BOURG EN BRESSE,PAGENEVE,FRXBK,18:18,FRPLY
3026,2023-08-14,BEZIERS,NON,4651,09:21,IC ARO,NIMES,TJOURSOSE,FRFNI,08:17,FRBZR
3027,2023-08-14,CARCASSONNE,NON,4651,08:53,IC ARO,MONTPELLIER SAINT-ROCH,TJOURSOSE,FRMPL,07:28,FRCCF
3028,2023-08-14,NARBONNE,NON,4651,08:53,IC ARO,MONTPELLIER SAINT-ROCH,TJOURSOSE,FRMPL,08:01,FRXNA
3029,2023-08-14,TOULOUSE MATABIAU,NON,4651,08:53,IC ARO,MONTPELLIER SAINT-ROCH,TJOURSOSE,FRMPL,06:45,FRXYT
3030,2023-08-14,CHATEAUROUX,NON,3635,15:00,IC ARO,ARGENTON SUR CREUSE,PALITO,FRFMT,14:45,FRCHR
3031,2023-08-14,CHATEAUROUX,NON,3635,18:13,IC ARO,CAHORS,PALITO,FRZAO,14:45,FRCHR
3032,2023-08-14,ARGENTON SUR CREUSE,NON,3635,15:24,IC ARO,LA SOUTERRAINE,PALITO,FRLST,15:01,FRFMT
3033,2023-08-14,LA SOUTERRAINE,NON,3635,18:13,IC ARO,CAHORS,PALITO,FRZAO,15:26,FRLST
3034,2023-08-14,PARIS (intramuros),NON,3635,15:58,IC ARO,LIMOGES BENEDICTINS,PALITO,FRAGQ,12:41,FRPAZ
3035,2023-08-14,PARIS (intramuros),NON,3635,15:00,IC ARO,ARGENTON SUR CREUSE,PALITO,FRFMT,12:41,FRPAZ
3036,2023-08-14,PARIS (intramuros),NON,3635,15:24,IC ARO,LA SOUTERRAINE,PALITO,FRLST,12:41,FRPAZ
3037,2023-08-14,VIERZON VILLE,NON,3635,17:01,IC ARO,BRIVE LA GAILLARDE,PALITO,FRBVE,14:11,FRXVZ
3038,2023-08-14,VIERZON VILLE,NON,3635,14:43,IC ARO,CHATEAUROUX,PALITO,FRCHR,14:11,FRXVZ
3039,2023-08-14,ARGENTON SUR CREUSE,NON,3635,17:28,IC ARO,SOUILLAC,PALITO,FRSOU,15:01,FRFMT
3040,2023-08-14,LA ROCHELLE VILLE,OUI,8380,16:21,ATLANTIQUE,NIORT,ROCHELLEPA,FRNIT,15:47,FRLRH
3041,2023-08-14,MILANO P GARIBALDI,NON,9252,17:03,INTERNATIONAL,MODANE,ITALIEPA,FRAGR,14:10,ITMPG
3042,2023-08-14,OULX CESANA CLAV SESTRIERE,NON,9252,17:03,INTERNATIONAL,MODANE,ITALIEPA,FRAGR,16:36,ITOCS
3043,2023-08-14,TORINO PORTA SUSA,NON,9252,18:15,INTERNATIONAL,CHAMBERY CHALLES LES EAUX,ITALIEPA,FRCMF,15:41,ITTRS
3044,2023-08-14,TORINO PORTA SUSA,NON,9252,19:39,INTERNATIONAL,MACON LOCHE TGV,ITALIEPA,FRMLT,15:41,ITTRS
3045,2023-08-14,LORIENT,OUI,8796,11:11,ATLANTIQUE,VANNES,BRETAPARIS,FRVNE,10:41,FRLRT
3046,2023-08-14,ZUERICH HB,NON,9234,22:42,INTERNATIONAL,PARIS (intramuros),ZURBALPA,FRPLY,18:34,CHAJD
3047,2023-08-14,MULHOUSE VILLE,NON,9234,20:18,INTERNATIONAL,BELFORT-MONTBELIARD TGV,ZURBALPA,FRTJA,19:56,FRAEK
3048,2023-08-14,PARIS (intramuros),NON,6229,10:59,SUD EST,VALENCE TGV RHONE-ALPES SUD,PALANG,FRVLA,08:47,FRPLY
3049,2023-08-14,VALENCE TGV RHONE-ALPES SUD,NON,6229,12:04,SUD EST,MONTPELLIER SUD DE FRANCE,PALANG,FRSUF,11:06,FRVLA
3050,2023-08-14,PARIS (intramuros),NON,9777,20:14,INTERNATIONAL,LAUSANNE,PAGENEVE,CHAJF,16:18,FRPLY
3051,2023-08-14,PARIS (intramuros),NON,8715,12:25,ATLANTIQUE,RENNES,PARISBRETA,FRRNS,10:53,FRPMO
3052,2023-08-14,AURAY,OUI,8715,13:57,ATLANTIQUE,LORIENT,PARISBRETA,FRLRT,13:41,FRXUY
3053,2023-08-14,LES SABLES D'OLONNE,OUI,8986,18:54,ATLANTIQUE,NANTES,LOIREPARIS,FRNTE,17:44,FRLSO
3054,2023-08-14,LA ROCHE SUR YON,OUI,8986,18:54,ATLANTIQUE,NANTES,LOIREPARIS,FRNTE,18:10,FRXRO
3055,2023-08-14,LYON (intramuros),NON,5354,14:09,SUD EST,ANGERS ST LAUD,JCSUDATL,FRACL,10:16,FRLPE
3056,2023-08-14,MASSY TGV,OUI,8472,19:24,ATLANTIQUE,PARIS (intramuros),SUDOUESTPA,FRPMO,19:13,FRDJU
3057,2023-08-14,FACTURE BIGANOS,OUI,8472,17:02,ATLANTIQUE,BORDEAUX ST JEAN,SUDOUESTPA,FRBOJ,16:41,FRFAC
3058,2023-08-14,ARCACHON,OUI,8472,16:38,ATLANTIQUE,FACTURE BIGANOS,SUDOUESTPA,FRFAC,16:23,FRXAC
3059,2023-08-14,ANGERS ST LAUD,OUI,8985,21:50,ATLANTIQUE,LA ROCHE SUR YON,PARISLOIRE,FRXRO,20:19,FRACL
3060,2023-08-14,PARIS (intramuros),NON,8985,20:16,ATLANTIQUE,ANGERS ST LAUD,PARISLOIRE,FRACL,18:48,FRPMO
3061,2023-08-14,SABLE SUR SARTHE,NON,8985,20:59,ATLANTIQUE,NANTES,PARISLOIRE,FRNTE,19:56,FRSAB
3062,2023-08-14,ANNECY,NON,6964,11:40,SUD EST,MACON LOCHE TGV,ALPESPARIS,FRMLT,09:29,FRNCY
3063,2023-08-14,BRUXELLES MIDI BRUSSEL ZUID,NON,9836,20:49,NORD,VALENCE TGV RHONE-ALPES SUD,JCNORDSUD,FRVLA,16:17,BEBMI
3064,2023-08-14,MARNE LA VALLEE CHESSY,OUI,9836,22:06,NORD,MONTPELLIER SAINT-ROCH,JCNORDSUD,FRMPL,18:13,FRMLV
3065,2023-08-14,AEROPORT CDG2 TGV ROISSY,OUI,9836,22:06,NORD,MONTPELLIER SAINT-ROCH,JCNORDSUD,FRMPL,17:59,FRMLW
3066,2023-08-14,DIJON VILLE,OUI,6762,08:02,SUD EST,MONTBARD,BOURPA,FRGWE,07:26,FRABA
3067,2023-08-14,BESANCON VIOTTE,OUI,6762,06:50,SUD EST,BESANCON - F COMTE TGV,BOURPA,FRTJB,06:36,FRABG
3068,2023-08-14,MONTBARD,OUI,6762,09:10,SUD EST,PARIS (intramuros),BOURPA,FRPLY,08:05,FRGWE
3069,2023-08-14,BESANCON - F COMTE TGV,OUI,6762,08:02,SUD EST,MONTBARD,BOURPA,FRGWE,06:53,FRTJB
3070,2023-08-14,NEVERS,OUI,5983,21:28,IC ARO,MOULINS SUR ALLIER,PACLERMONT,FRXMU,20:59,FRNVS
3071,2023-08-14,PARIS (intramuros),OUI,5983,22:17,IC ARO,RIOM CHATEL GUYON,PACLERMONT,FRRIO,18:57,FRPBE
3072,2023-08-14,PAU,NON,14148,18:27,IC SRO,TOULOUSE MATABIAU,SUDOUEST,FRXYT,16:11,FRAEE
3073,2023-08-14,ORTHEZ,NON,14148,16:36,IC SRO,LOURDES,SUDOUEST,FRLDE,15:47,FRGFI
3074,2023-08-14,ORTHEZ,NON,14148,17:17,IC SRO,LANNEMEZAN,SUDOUEST,FRLNZ,15:47,FRGFI
3075,2023-08-14,BAYONNE,NON,14148,17:17,IC SRO,LANNEMEZAN,SUDOUEST,FRLNZ,15:03,FRXBY
3076,2023-08-14,TARBES,NON,14148,17:17,IC SRO,LANNEMEZAN,SUDOUEST,FRLNZ,16:55,FRXTB
3077,2023-08-14,PARIS (intramuros),NON,6153,21:15,SUD EST,MARSEILLE ST CHARLES,PAAZUR,FRMSC,18:10,FRPLY
3078,2023-08-14,AVIGNON TGV,NON,5376,09:20,SUD EST,LYON (intramuros),JCSUDATL,FRLPD,08:05,FRAVG
3079,2023-08-14,AVIGNON TGV,NON,5376,12:37,SUD EST,MANTES LA JOLIE,JCSUDATL,FRMTE,08:05,FRAVG
3080,2023-08-14,LYON (intramuros),NON,5376,12:37,SUD EST,MANTES LA JOLIE,JCSUDATL,FRMTE,09:30,FRLPD
3081,2023-08-14,LYON (intramuros),NON,5376,13:22,SUD EST,ROUEN RIVE DROITE,JCSUDATL,FRURD,09:30,FRLPD
3082,2023-08-14,MASSY PALAISEAU,OUI,5376,14:31,SUD EST,LE HAVRE,JCSUDATL,FRAEZ,11:40,FRMPU
3083,2023-08-14,MASSY PALAISEAU,OUI,5376,13:22,SUD EST,ROUEN RIVE DROITE,JCSUDATL,FRURD,11:40,FRMPU
3084,2023-08-14,MARSEILLE ST CHARLES,NON,5376,11:37,SUD EST,MASSY PALAISEAU,JCSUDATL,FRMPU,07:35,FRMSC
3085,2023-08-14,VALENCE TGV RHONE-ALPES SUD,NON,5376,12:37,SUD EST,MANTES LA JOLIE,JCSUDATL,FRMTE,08:42,FRVLA
3086,2023-08-14,NIMES,OUI,5156,07:23,NORD,LYON (intramuros),JCSUDNORD,FRLPD,05:56,FRFNI
3087,2023-08-14,NIMES,OUI,5156,09:17,NORD,MARNE LA VALLEE CHESSY,JCSUDNORD,FRMLV,05:56,FRFNI
3088,2023-08-14,NIMES,OUI,5156,09:33,NORD,AEROPORT CDG2 TGV ROISSY,JCSUDNORD,FRMLW,05:56,FRFNI
3089,2023-08-14,LYON (intramuros),OUI,5156,09:33,NORD,AEROPORT CDG2 TGV ROISSY,JCSUDNORD,FRMLW,07:30,FRLPD
3090,2023-08-14,AEROPORT CDG2 TGV ROISSY,OUI,5156,10:40,NORD,LILLE (intramuros),JCSUDNORD,FRADJ,09:48,FRMLW
3091,2023-08-14,MONTPELLIER SAINT-ROCH,OUI,5156,05:53,NORD,NIMES,JCSUDNORD,FRFNI,05:28,FRMPL
3092,2023-08-14,MONTPELLIER SAINT-ROCH,OUI,5156,09:17,NORD,MARNE LA VALLEE CHESSY,JCSUDNORD,FRMLV,05:28,FRMPL
3093,2023-08-14,MONTPELLIER SAINT-ROCH,OUI,5156,06:39,NORD,VALENCE TGV RHONE-ALPES SUD,JCSUDNORD,FRVLA,05:28,FRMPL
3094,2023-08-14,VALENCE TGV RHONE-ALPES SUD,OUI,5156,09:33,NORD,AEROPORT CDG2 TGV ROISSY,JCSUDNORD,FRMLW,06:44,FRVLA
3095,2023-08-14,DIJON VILLE,NON,5516,15:54,EST,STRASBOURG,JCRHONRHIN,FRAEG,13:37,FRABA
3096,2023-08-14,DIJON VILLE,NON,5516,14:06,EST,BESANCON - F COMTE TGV,JCRHONRHIN,FRTJB,13:37,FRABA
3097,2023-08-14,STRASBOURG,OUI,5516,17:35,EST,NANCY,JCRHONRHIN,FRENC,16:00,FRAEG
3098,2023-08-14,COLMAR,OUI,5516,15:54,EST,STRASBOURG,JCRHONRHIN,FRAEG,15:27,FRAEJ
3099,2023-08-14,AIX EN PROVENCE TGV,NON,5516,15:54,EST,STRASBOURG,JCRHONRHIN,FRAEG,09:58,FRAIE
3100,2023-08-14,AIX EN PROVENCE TGV,NON,5516,14:55,EST,MULHOUSE VILLE,JCRHONRHIN,FRAEK,09:58,FRAIE
3101,2023-08-14,AIX EN PROVENCE TGV,NON,5516,14:30,EST,BELFORT-MONTBELIARD TGV,JCRHONRHIN,FRTJA,09:58,FRAIE
3102,2023-08-14,AVIGNON TGV,NON,5516,12:09,EST,MACON VILLE,JCRHONRHIN,FRHGU,10:20,FRAVG
3103,2023-08-14,AVIGNON TGV,NON,5516,14:30,EST,BELFORT-MONTBELIARD TGV,JCRHONRHIN,FRTJA,10:20,FRAVG
3104,2023-08-14,MACON VILLE,NON,5516,12:41,EST,CHALON SUR SAONE,JCRHONRHIN,FRXCD,12:12,FRHGU
3105,2023-08-14,CANNES,NON,5516,10:17,EST,AVIGNON TGV,JCRHONRHIN,FRAVG,07:30,FRJCA
3106,2023-08-14,CANNES,NON,5516,12:09,EST,MACON VILLE,JCRHONRHIN,FRHGU,07:30,FRJCA
3107,2023-08-14,CANNES,NON,5516,13:03,EST,BEAUNE,JCRHONRHIN,FRXBV,07:30,FRJCA
3108,2023-08-14,CANNES,OUI,5516,08:09,EST,LES ARCS DRAGUIGNAN,JCRHONRHIN,FRXRS,07:30,FRJCA
3109,2023-08-14,LYON (intramuros),NON,5516,14:55,EST,MULHOUSE VILLE,JCRHONRHIN,FRAEK,11:32,FRLPD
3110,2023-08-14,LYON (intramuros),NON,5516,14:30,EST,BELFORT-MONTBELIARD TGV,JCRHONRHIN,FRTJA,11:32,FRLPD
3111,2023-08-14,LYON (intramuros),NON,5516,13:03,EST,BEAUNE,JCRHONRHIN,FRXBV,11:32,FRLPD
3112,2023-08-14,MARSEILLE ST CHARLES,NON,5516,13:25,EST,DIJON VILLE,JCRHONRHIN,FRABA,09:45,FRMSC
3113,2023-08-14,MARSEILLE ST CHARLES,NON,5516,15:54,EST,STRASBOURG,JCRHONRHIN,FRAEG,09:45,FRMSC
3114,2023-08-14,MARSEILLE ST CHARLES,NON,5516,15:24,EST,COLMAR,JCRHONRHIN,FRAEJ,09:45,FRMSC
3115,2023-08-14,MARSEILLE ST CHARLES,NON,5516,14:55,EST,MULHOUSE VILLE,JCRHONRHIN,FRAEK,09:45,FRMSC
3116,2023-08-14,NICE VILLE,NON,5516,13:25,EST,DIJON VILLE,JCRHONRHIN,FRABA,07:00,FRNIC
3117,2023-08-14,NICE VILLE,NON,5516,15:24,EST,COLMAR,JCRHONRHIN,FRAEJ,07:00,FRNIC
3118,2023-08-14,NICE VILLE,OUI,5516,09:33,EST,MARSEILLE ST CHARLES,JCRHONRHIN,FRMSC,07:00,FRNIC
3119,2023-08-14,NICE VILLE,OUI,5516,08:46,EST,TOULON,JCRHONRHIN,FRTLN,07:00,FRNIC
3120,2023-08-14,TOULON,NON,5516,14:55,EST,MULHOUSE VILLE,JCRHONRHIN,FRAEK,08:50,FRTLN
3121,2023-08-14,TOULON,NON,5516,09:55,EST,AIX EN PROVENCE TGV,JCRHONRHIN,FRAIE,08:50,FRTLN
3122,2023-08-14,TOULON,NON,5516,12:09,EST,MACON VILLE,JCRHONRHIN,FRHGU,08:50,FRTLN
3123,2023-08-14,ANTIBES,NON,5516,15:54,EST,STRASBOURG,JCRHONRHIN,FRAEG,07:16,FRXAT
3124,2023-08-14,ANTIBES,OUI,5516,08:09,EST,LES ARCS DRAGUIGNAN,JCRHONRHIN,FRXRS,07:16,FRXAT
3125,2023-08-14,LES ARCS DRAGUIGNAN,NON,5516,15:54,EST,STRASBOURG,JCRHONRHIN,FRAEG,08:12,FRXRS
3126,2023-08-14,ST RAPHAEL VALESCURE,NON,5516,15:24,EST,COLMAR,JCRHONRHIN,FRAEJ,07:55,FRXSK
3127,2023-08-14,ST RAPHAEL VALESCURE,NON,5516,10:17,EST,AVIGNON TGV,JCRHONRHIN,FRAVG,07:55,FRXSK
3128,2023-08-14,ST RAPHAEL VALESCURE,NON,5516,12:09,EST,MACON VILLE,JCRHONRHIN,FRHGU,07:55,FRXSK
3129,2023-08-14,ST RAPHAEL VALESCURE,OUI,5516,09:33,EST,MARSEILLE ST CHARLES,JCRHONRHIN,FRMSC,07:55,FRXSK
3130,2023-08-14,ST RAPHAEL VALESCURE,OUI,5516,08:46,EST,TOULON,JCRHONRHIN,FRTLN,07:55,FRXSK
3131,2023-08-14,ST RAPHAEL VALESCURE,OUI,5516,08:09,EST,LES ARCS DRAGUIGNAN,JCRHONRHIN,FRXRS,07:55,FRXSK
3132,2023-08-14,BELFORT-MONTBELIARD TGV,NON,5516,17:35,EST,NANCY,JCRHONRHIN,FRENC,14:33,FRTJA
3133,2023-08-14,ST RAPHAEL VALESCURE,NON,5516,14:30,EST,BELFORT-MONTBELIARD TGV,JCRHONRHIN,FRTJA,07:55,FRXSK
3134,2023-08-14,ANTIBES,NON,5516,14:30,EST,BELFORT-MONTBELIARD TGV,JCRHONRHIN,FRTJA,07:16,FRXAT
3135,2023-08-14,TOULON,NON,5516,14:06,EST,BESANCON - F COMTE TGV,JCRHONRHIN,FRTJB,08:50,FRTLN
3136,2023-08-14,ST RAPHAEL VALESCURE,NON,5516,14:06,EST,BESANCON - F COMTE TGV,JCRHONRHIN,FRTJB,07:55,FRXSK
3137,2023-08-14,BEAUNE,NON,5516,15:24,EST,COLMAR,JCRHONRHIN,FRAEJ,13:06,FRXBV
3138,2023-08-14,BORDEAUX ST JEAN,OUI,12246,21:58,ATLANTIQUE,PARIS (intramuros),SUDOUESTPA,FRPMO,19:51,FRBOJ
3139,2023-08-14,BREST,OUI,8630,14:41,ATLANTIQUE,MORLAIX,BRETAPARIS,FRMXN,14:11,FRBES
3140,2023-08-14,BREST,OUI,8630,14:59,ATLANTIQUE,PLOUARET TREGOR,BRETAPARIS,FRPLT,14:11,FRBES
3141,2023-08-14,BREST,NON,8630,18:12,ATLANTIQUE,PARIS (intramuros),BRETAPARIS,FRPMO,14:11,FRBES
3142,2023-08-14,GUINGAMP,NON,8630,15:32,ATLANTIQUE,ST BRIEUC,BRETAPARIS,FRSBK,15:18,FRGGP
3143,2023-08-14,LAMBALLE,NON,8630,18:12,ATLANTIQUE,PARIS (intramuros),BRETAPARIS,FRPMO,15:48,FRLAM
3144,2023-08-14,LAMBALLE,NON,8630,16:29,ATLANTIQUE,RENNES,BRETAPARIS,FRRNS,15:48,FRLAM
3145,2023-08-14,PLOUARET TREGOR,NON,8630,18:12,ATLANTIQUE,PARIS (intramuros),BRETAPARIS,FRPMO,15:02,FRPLT
3146,2023-08-14,RENNES,NON,8619,16:25,ATLANTIQUE,BREST,PARISBRETA,FRBES,14:29,FRRNS
3147,2023-08-14,RENNES,NON,8619,15:13,ATLANTIQUE,ST BRIEUC,PARISBRETA,FRSBK,14:29,FRRNS
3148,2023-08-14,QUIMPERLE,NON,8710,11:25,ATLANTIQUE,RENNES,BRETAPARIS,FRRNS,09:35,FRECO
3149,2023-08-14,QUIMPERLE,NON,8710,10:48,ATLANTIQUE,REDON,BRETAPARIS,FRXRN,09:35,FRECO
3150,2023-08-14,LORIENT,OUI,8710,10:19,ATLANTIQUE,VANNES,BRETAPARIS,FRVNE,09:50,FRLRT
3151,2023-08-14,ROSPORDEN,OUI,8710,10:19,ATLANTIQUE,VANNES,BRETAPARIS,FRVNE,09:20,FRRSP
3152,2023-08-14,QUIMPER,NON,8710,12:01,ATLANTIQUE,LAVAL,BRETAPARIS,FRACR,09:06,FRUIP
3153,2023-08-14,QUIMPER,OUI,8710,09:46,ATLANTIQUE,LORIENT,BRETAPARIS,FRLRT,09:06,FRUIP
3154,2023-08-14,QUIMPER,OUI,8710,09:17,ATLANTIQUE,ROSPORDEN,BRETAPARIS,FRRSP,09:06,FRUIP
3155,2023-08-14,QUIMPER,OUI,8710,10:19,ATLANTIQUE,VANNES,BRETAPARIS,FRVNE,09:06,FRUIP
3156,2023-08-14,QUIMPER,NON,8710,10:48,ATLANTIQUE,REDON,BRETAPARIS,FRXRN,09:06,FRUIP
3157,2023-08-14,QUIMPER,OUI,8710,10:05,ATLANTIQUE,AURAY,BRETAPARIS,FRXUY,09:06,FRUIP
3158,2023-08-14,VANNES,NON,8710,13:19,ATLANTIQUE,PARIS (intramuros),BRETAPARIS,FRPMO,10:23,FRVNE
3159,2023-08-14,VANNES,NON,8710,11:25,ATLANTIQUE,RENNES,BRETAPARIS,FRRNS,10:23,FRVNE
3160,2023-08-14,AURAY,NON,8710,12:01,ATLANTIQUE,LAVAL,BRETAPARIS,FRACR,10:09,FRXUY
3161,2023-08-14,LILLE (intramuros),OUI,5224,10:14,NORD,ARRAS,JCNORDBRET,FRQRV,09:32,FRADJ
3162,2023-08-14,MASSY TGV,NON,5224,14:02,NORD,ANGERS ST LAUD,JCNORDBRET,FRACL,12:10,FRDJU
3163,2023-08-14,MASSY TGV,NON,5224,13:04,NORD,ST PIERRE DES CORPS,JCNORDBRET,FRXSH,12:10,FRDJU
3164,2023-08-14,AEROPORT CDG2 TGV ROISSY,NON,5224,13:04,NORD,ST PIERRE DES CORPS,JCNORDBRET,FRXSH,11:19,FRMLW
3165,2023-08-14,ARRAS,NON,5224,12:04,NORD,MASSY TGV,JCNORDBRET,FRDJU,10:19,FRQRV
3166,2023-08-14,ARRAS,OUI,5224,11:13,NORD,AEROPORT CDG2 TGV ROISSY,JCNORDBRET,FRMLW,10:19,FRQRV
3167,2023-08-14,ARRAS,OUI,5224,10:37,NORD,TGV HAUTE PICARDIE,JCNORDBRET,FRTHP,10:19,FRQRV
3168,2023-08-14,ARRAS,NON,5224,13:04,NORD,ST PIERRE DES CORPS,JCNORDBRET,FRXSH,10:19,FRQRV
3169,2023-08-14,TGV HAUTE PICARDIE,NON,5224,14:02,NORD,ANGERS ST LAUD,JCNORDBRET,FRACL,10:45,FRTHP
3170,2023-08-14,DOUAI,OUI,5224,10:14,NORD,ARRAS,JCNORDBRET,FRQRV,10:01,FRXDN
3171,2023-08-14,DOUAI,OUI,5224,10:37,NORD,TGV HAUTE PICARDIE,JCNORDBRET,FRTHP,10:01,FRXDN
3172,2023-08-14,ARRAS,NON,5224,14:02,NORD,ANGERS ST LAUD,JCNORDBRET,FRACL,10:19,FRQRV
3173,2023-08-14,LAVAL,NON,8605,11:38,ATLANTIQUE,GUINGAMP,PARISBRETA,FRGGP,09:58,FRACR
3174,2023-08-14,LAVAL,NON,8605,12:08,ATLANTIQUE,MORLAIX,PARISBRETA,FRMXN,09:58,FRACR
3175,2023-08-14,LAMBALLE,NON,8605,11:21,ATLANTIQUE,ST BRIEUC,PARISBRETA,FRSBK,11:11,FRLAM
3176,2023-08-14,PARIS (intramuros),NON,8605,12:43,ATLANTIQUE,BREST,PARISBRETA,FRBES,08:40,FRPMO
3177,2023-08-14,PARIS (intramuros),NON,8605,12:08,ATLANTIQUE,MORLAIX,PARISBRETA,FRMXN,08:40,FRPMO
3178,2023-08-14,PARIS (intramuros),NON,8605,10:25,ATLANTIQUE,RENNES,PARISBRETA,FRRNS,08:40,FRPMO
3179,2023-08-14,RENNES,NON,8605,11:08,ATLANTIQUE,LAMBALLE,PARISBRETA,FRLAM,10:32,FRRNS
3180,2023-08-14,ST BRIEUC,OUI,8605,11:38,ATLANTIQUE,GUINGAMP,PARISBRETA,FRGGP,11:24,FRSBK
3181,2023-08-14,ST BRIEUC,OUI,8605,12:08,ATLANTIQUE,MORLAIX,PARISBRETA,FRMXN,11:24,FRSBK
3182,2023-08-14,PARIS (intramuros),OUI,8803,08:51,ATLANTIQUE,SABLE SUR SARTHE,PARISLOIRE,FRSAB,07:45,FRPMO
3183,2023-08-14,SABLE SUR SARTHE,OUI,8803,09:54,ATLANTIQUE,NANTES,PARISLOIRE,FRNTE,08:54,FRSAB
3184,2023-08-14,MARNE LA VALLEE CHESSY,NON,5062,13:01,NORD,AEROPORT CDG2 TGV ROISSY,JCSUDNORD,FRMLW,12:51,FRMLV
3185,2023-08-14,MARNE LA VALLEE CHESSY,NON,5062,13:55,NORD,ARRAS,JCSUDNORD,FRQRV,12:51,FRMLV
3186,2023-08-14,AEROPORT CDG2 TGV ROISSY,OUI,5062,14:24,NORD,LILLE (intramuros),JCSUDNORD,FRLLE,13:07,FRMLW
3187,2023-08-14,AEROPORT CDG2 TGV ROISSY,OUI,5062,13:55,NORD,ARRAS,JCSUDNORD,FRQRV,13:07,FRMLW
3188,2023-08-14,AEROPORT CDG2 TGV ROISSY,OUI,5062,13:34,NORD,TGV HAUTE PICARDIE,JCSUDNORD,FRTHP,13:07,FRMLW
3189,2023-08-14,MONTPELLIER SUD DE FRANCE,NON,5062,13:01,NORD,AEROPORT CDG2 TGV ROISSY,JCSUDNORD,FRMLW,09:12,FRSUF
3190,2023-08-14,MONTPELLIER SUD DE FRANCE,NON,5062,14:24,NORD,LILLE (intramuros),JCSUDNORD,FRLLE,09:12,FRSUF
3191,2023-08-14,MONTPELLIER SUD DE FRANCE,NON,5062,13:34,NORD,TGV HAUTE PICARDIE,JCSUDNORD,FRTHP,09:12,FRSUF
3192,2023-08-14,MONTPELLIER SUD DE FRANCE,NON,5062,13:55,NORD,ARRAS,JCSUDNORD,FRQRV,09:12,FRSUF
3193,2023-08-14,ROCHEFORT,NON,3831,10:32,IC SRO,SAINTES,NANTEBORDO,FRXST,10:05,FRRCO
3194,2023-08-14,LA ROCHE SUR YON,NON,3831,08:58,IC SRO,LUCON,NANTEBORDO,FRLCN,08:36,FRXRO
3195,2023-08-14,SAINTES,NON,3831,12:07,IC SRO,BORDEAUX ST JEAN,NANTEBORDO,FRBOJ,10:34,FRXST
3196,2023-08-14,CHATEAUROUX,NON,3615,10:54,IC ARO,LIMOGES BENEDICTINS,PALITO,FRAGQ,09:44,FRCHR
3197,2023-08-14,CHATEAUROUX,NON,3615,12:00,IC ARO,BRIVE LA GAILLARDE,PALITO,FRBVE,09:44,FRCHR
3198,2023-08-14,LA SOUTERRAINE,OUI,3615,10:54,IC ARO,LIMOGES BENEDICTINS,PALITO,FRAGQ,10:22,FRLST
3199,2023-08-14,PARIS (intramuros),NON,3615,10:54,IC ARO,LIMOGES BENEDICTINS,PALITO,FRAGQ,07:41,FRPAZ
3200,2023-08-14,PARIS (intramuros),NON,3615,10:20,IC ARO,LA SOUTERRAINE,PALITO,FRLST,07:41,FRPAZ
3201,2023-08-14,PARIS (intramuros),NON,3615,09:10,IC ARO,VIERZON VILLE,PALITO,FRXVZ,07:41,FRPAZ
3202,2023-08-14,DIJON VILLE,NON,9213,15:03,INTERNATIONAL,MULHOUSE VILLE,PABALZUR,FRAEK,14:01,FRABA
3203,2023-08-14,LE MANS,OUI,9838,21:29,NORD,RENNES,JCNORDBRET,FRRNS,20:32,FRAET
3204,2023-08-14,LILLE (intramuros),NON,9838,18:58,NORD,MARNE LA VALLEE CHESSY,JCNORDBRET,FRMLV,17:42,FRLLE
3205,2023-08-14,LILLE (intramuros),OUI,9838,18:10,NORD,TGV HAUTE PICARDIE,JCNORDBRET,FRTHP,17:42,FRLLE
3206,2023-08-14,MARNE LA VALLEE CHESSY,NON,9838,20:29,NORD,LE MANS,JCNORDBRET,FRAET,19:02,FRMLV
3207,2023-08-14,AEROPORT CDG2 TGV ROISSY,NON,9838,21:01,NORD,LAVAL,JCNORDBRET,FRACR,18:49,FRMLW
3208,2023-08-14,BRUXELLES MIDI BRUSSEL ZUID,NON,9838,21:01,NORD,LAVAL,JCNORDBRET,FRACR,16:54,BEBMI
3209,2023-08-14,NIMES,NON,9713,14:07,SUD EST,BEZIERS,PABARCELONE,FRBZR,12:47,FRFNI
3210,2023-08-14,MONTPELLIER SAINT-ROCH,NON,9713,13:52,SUD EST,AGDE,PABARCELONE,FRXAG,13:18,FRMPL
3211,2023-08-14,MONTPELLIER SAINT-ROCH,NON,9713,13:32,SUD EST,SETE,PABARCELONE,FRXSY,13:18,FRMPL
3212,2023-08-14,PARIS (intramuros),NON,9713,11:57,SUD EST,VALENCE TGV RHONE-ALPES SUD,PABARCELONE,FRVLA,09:42,FRPLY
3213,2023-08-14,PARIS (intramuros),NON,9713,14:24,SUD EST,NARBONNE,PABARCELONE,FRXNA,09:42,FRPLY
3214,2023-08-14,VALENCE TGV RHONE-ALPES SUD,NON,9713,14:58,SUD EST,PERPIGNAN,PABARCELONE,FRPGF,12:00,FRVLA
3215,2023-08-14,AGDE,NON,9713,14:07,SUD EST,BEZIERS,PABARCELONE,FRBZR,13:55,FRXAG
3216,2023-08-14,PERPIGNAN,NON,9713,15:27,SUD EST,FIGUERES VILA TGV,PABARCELONE,ESFIR,15:04,FRPGF
3217,2023-08-14,BEZIERS,NON,9713,16:34,SUD EST,BARCELONA SANTS,PABARCELONE,ESBST,14:10,FRBZR
3218,2023-08-14,MONTPELLIER SAINT-ROCH,NON,9713,15:27,SUD EST,FIGUERES VILA TGV,PABARCELONE,ESFIR,13:18,FRMPL
3219,2023-08-14,BEZIERS,NON,9713,15:27,SUD EST,FIGUERES VILA TGV,PABARCELONE,ESFIR,14:10,FRBZR
3220,2023-08-14,SETE,NON,9713,15:46,SUD EST,GIRONA,PABARCELONE,ESGRO,13:35,FRXSY
3221,2023-08-14,AGDE,NON,9713,15:27,SUD EST,FIGUERES VILA TGV,PABARCELONE,ESFIR,13:55,FRXAG
3222,2023-08-14,DAX,OUI,8550,20:40,ATLANTIQUE,BORDEAUX ST JEAN,SUDOUESTPA,FRBOJ,19:22,FRACG
3223,2023-08-14,HENDAYE,OUI,8550,18:44,ATLANTIQUE,BAYONNE,SUDOUESTPA,FRXBY,18:07,FRAEF
3224,2023-08-14,BIARRITZ,NON,8550,22:56,ATLANTIQUE,PARIS (intramuros),SUDOUESTPA,FRPMO,18:32,FRBIQ
3225,2023-08-14,BIARRITZ,OUI,8550,18:44,ATLANTIQUE,BAYONNE,SUDOUESTPA,FRXBY,18:32,FRBIQ
3226,2023-08-14,BORDEAUX ST JEAN,NON,8550,22:56,ATLANTIQUE,PARIS (intramuros),SUDOUESTPA,FRPMO,20:50,FRBOJ
3227,2023-08-14,BAYONNE,OUI,8550,19:17,ATLANTIQUE,DAX,SUDOUESTPA,FRACG,18:47,FRXBY
3228,2023-08-14,BAYONNE,OUI,8550,20:40,ATLANTIQUE,BORDEAUX ST JEAN,SUDOUESTPA,FRBOJ,18:47,FRXBY
3229,2023-08-14,ST JEAN DE LUZ CIBOURE,OUI,8550,19:17,ATLANTIQUE,DAX,SUDOUESTPA,FRACG,18:19,FRXJZ
3230,2023-08-14,ST JEAN DE LUZ CIBOURE,OUI,8550,18:29,ATLANTIQUE,BIARRITZ,SUDOUESTPA,FRBIQ,18:19,FRXJZ
3231,2023-08-14,ST JEAN DE LUZ CIBOURE,OUI,8550,18:44,ATLANTIQUE,BAYONNE,SUDOUESTPA,FRXBY,18:19,FRXJZ
3232,2023-08-14,BASEL SBB,NON,9211,14:26,INTERNATIONAL,ZUERICH HB,PABALZUR,CHAJD,13:33,CHAJP
3233,2023-08-14,DIJON VILLE,NON,9211,13:03,INTERNATIONAL,MULHOUSE VILLE,PABALZUR,FRAEK,12:01,FRABA
3234,2023-08-14,PARIS (intramuros),NON,9211,13:03,INTERNATIONAL,MULHOUSE VILLE,PABALZUR,FRAEK,10:22,FRPLY
3235,2023-08-14,AIX EN PROVENCE TGV,OUI,9866,12:45,NORD,AVIGNON TGV,JCSUDNORD,FRAVG,12:26,FRAIE
3236,2023-08-14,AIX EN PROVENCE TGV,NON,9866,15:46,NORD,MARNE LA VALLEE CHESSY,JCSUDNORD,FRMLV,12:26,FRAIE
3237,2023-08-14,AIX EN PROVENCE TGV,NON,9866,16:00,NORD,AEROPORT CDG2 TGV ROISSY,JCSUDNORD,FRMLW,12:26,FRAIE
3238,2023-08-14,AVIGNON TGV,NON,9866,17:43,NORD,BRUXELLES MIDI BRUSSEL ZUID,JCSUDNORD,BEBMI,12:48,FRAVG
3239,2023-08-14,AVIGNON TGV,NON,9866,13:54,NORD,LYON (intramuros),JCSUDNORD,FRLPD,12:48,FRAVG
3240,2023-08-14,LYON (intramuros),NON,9866,16:00,NORD,AEROPORT CDG2 TGV ROISSY,JCSUDNORD,FRMLW,14:00,FRLPD
3241,2023-08-14,MARSEILLE ST CHARLES,NON,9866,16:00,NORD,AEROPORT CDG2 TGV ROISSY,JCSUDNORD,FRMLW,12:12,FRMSC
3242,2023-08-14,LA ROCHELLE VILLE,OUI,8378,14:05,ATLANTIQUE,SURGERES,ROCHELLEPA,FREIP,13:47,FRLRH
3243,2023-08-14,LA ROCHELLE VILLE,OUI,8378,14:26,ATLANTIQUE,NIORT,ROCHELLEPA,FRNIT,13:47,FRLRH
3244,2023-08-14,LA ROCHELLE VILLE,NON,8378,15:50,ATLANTIQUE,ST PIERRE DES CORPS,ROCHELLEPA,FRXSH,13:47,FRLRH
3245,2023-08-14,NIORT,NON,8378,16:57,ATLANTIQUE,PARIS (intramuros),ROCHELLEPA,FRPMO,14:29,FRNIT
3246,2023-08-14,POITIERS,NON,8378,16:57,ATLANTIQUE,PARIS (intramuros),ROCHELLEPA,FRPMO,15:19,FRPIS
3247,2023-08-14,ST PIERRE DES CORPS,OUI,8378,16:57,ATLANTIQUE,PARIS (intramuros),ROCHELLEPA,FRPMO,15:54,FRXSH
3248,2023-08-14,ST MAIXENT DEUX SEVRES,NON,8378,15:50,ATLANTIQUE,ST PIERRE DES CORPS,ROCHELLEPA,FRXSH,14:46,FREJC
3249,2023-08-14,PARIS (intramuros),NON,9765,13:00,INTERNATIONAL,BELLEGARDE,PAGENEVE,FRXBF,10:18,FRPLY
3250,2023-08-14,BOURG EN BRESSE,NON,9765,13:00,INTERNATIONAL,BELLEGARDE,PAGENEVE,FRXBF,12:12,FRXBK
3251,2023-08-14,HENDAYE,OUI,8544,16:29,ATLANTIQUE,BIARRITZ,SUDOUESTPA,FRBIQ,16:07,FRAEF
3252,2023-08-14,BIARRITZ,NON,8544,20:58,ATLANTIQUE,PARIS (intramuros),SUDOUESTPA,FRPMO,16:32,FRBIQ
3253,2023-08-14,BIARRITZ,OUI,8544,16:44,ATLANTIQUE,BAYONNE,SUDOUESTPA,FRXBY,16:32,FRBIQ
3254,2023-08-14,BORDEAUX ST JEAN,OUI,8544,20:58,ATLANTIQUE,PARIS (intramuros),SUDOUESTPA,FRPMO,18:46,FRBOJ
3255,2023-08-14,MASSY TGV,OUI,8544,20:58,ATLANTIQUE,PARIS (intramuros),SUDOUESTPA,FRPMO,20:46,FRDJU
3256,2023-08-14,BAYONNE,OUI,8544,17:17,ATLANTIQUE,DAX,SUDOUESTPA,FRACG,16:47,FRXBY
3257,2023-08-14,BAYONNE,NON,8544,18:40,ATLANTIQUE,BORDEAUX ST JEAN,SUDOUESTPA,FRBOJ,16:47,FRXBY
3258,2023-08-14,ST JEAN DE LUZ CIBOURE,NON,8544,18:40,ATLANTIQUE,BORDEAUX ST JEAN,SUDOUESTPA,FRBOJ,16:19,FRXJZ
3259,2023-08-14,BRUXELLES MIDI BRUSSEL ZUID,OUI,9874,13:53,NORD,LILLE (intramuros),JCNORDEST,FRLLE,13:17,BEBMI
3260,2023-08-14,LILLE (intramuros),NON,9874,15:55,NORD,CHAMPAGNE-ARDENNE,JCNORDEST,FREAH,14:03,FRLLE
3261,2023-08-14,AEROPORT CDG2 TGV ROISSY,NON,9874,16:48,NORD,LORRAINE TGV,JCNORDEST,FREAM,14:59,FRMLW
3262,2023-08-14,AEROPORT CDG2 TGV ROISSY,NON,9874,15:09,NORD,MARNE LA VALLEE CHESSY,JCNORDEST,FRMLV,14:59,FRMLW
3263,2023-08-14,PARIS (intramuros),NON,8485,15:54,ATLANTIQUE,POITIERS,PASUDOUEST,FRPIS,14:15,FRPMO
3264,2023-08-14,ANGOULEME,NON,2094,12:55,EST,CHAMPAGNE-ARDENNE,JCATLEST,FREAH,09:35,FRANG
3265,2023-08-14,ANGOULEME,NON,2094,12:24,EST,MARNE LA VALLEE CHESSY,JCATLEST,FRMLV,09:35,FRANG
3266,2023-08-14,BORDEAUX ST JEAN,NON,2094,12:55,EST,CHAMPAGNE-ARDENNE,JCATLEST,FREAH,08:54,FRBOJ
3267,2023-08-14,BORDEAUX ST JEAN,NON,2094,13:49,EST,LORRAINE TGV,JCATLEST,FREAM,08:54,FRBOJ
3268,2023-08-14,BORDEAUX ST JEAN,NON,2094,10:16,EST,POITIERS,JCATLEST,FRPIS,08:54,FRBOJ
3269,2023-08-14,MASSY TGV,NON,2094,13:49,EST,LORRAINE TGV,JCATLEST,FREAM,11:55,FRDJU
3270,2023-08-14,CHAMPAGNE-ARDENNE,NON,2094,14:29,EST,STRASBOURG,JCATLEST,FRAEG,12:58,FREAH
3271,2023-08-14,CHAMPAGNE-ARDENNE,NON,2094,13:49,EST,LORRAINE TGV,JCATLEST,FREAM,12:58,FREAH
3272,2023-08-14,MARNE LA VALLEE CHESSY,NON,2094,13:23,EST,MEUSE TGV,JCATLEST,FREAJ,12:28,FRMLV
3273,2023-08-14,POITIERS,NON,2094,10:50,EST,ST PIERRE DES CORPS,JCATLEST,FRXSH,10:19,FRPIS
3274,2023-08-14,AVIGNON CENTRE,OUI,6194,08:46,SUD EST,LYON-SAINT EXUPERY TGV,VDRPA,FRJDQ,07:04,FRAES
3275,2023-08-14,AVIGNON CENTRE,OUI,6194,10:46,SUD EST,PARIS (intramuros),VDRPA,FRPLY,07:04,FRAES
3276,2023-08-14,ARLES,OUI,6194,07:00,SUD EST,AVIGNON CENTRE,VDRPA,FRAES,06:43,FRHZA
3277,2023-08-14,ARLES,OUI,6194,08:46,SUD EST,LYON-SAINT EXUPERY TGV,VDRPA,FRJDQ,06:43,FRHZA
3278,2023-08-14,MIRAMAS,OUI,6194,06:40,SUD EST,ARLES,VDRPA,FRHZA,06:22,FRMAZ
3279,2023-08-14,VALENCE VILLE,OUI,6194,08:46,SUD EST,LYON-SAINT EXUPERY TGV,VDRPA,FRJDQ,08:12,FRVAF
3280,2023-08-14,MONTELIMAR GARE SNCF,OUI,6194,08:46,SUD EST,LYON-SAINT EXUPERY TGV,VDRPA,FRJDQ,07:48,FRXMK
3281,2023-08-14,ORANGE,OUI,6194,07:45,SUD EST,MONTELIMAR GARE SNCF,VDRPA,FRXMK,07:21,FRXOG
3282,2023-08-14,BRUXELLES MIDI BRUSSEL ZUID,OUI,9870,07:51,NORD,LILLE (intramuros),JCNORDEST,FRLLE,07:17,BEBMI
3283,2023-08-14,LILLE (intramuros),NON,9870,09:28,NORD,CHAMPAGNE-ARDENNE,JCNORDEST,FREAH,08:02,FRLLE
3284,2023-08-14,AEROPORT CDG2 TGV ROISSY,NON,9870,09:28,NORD,CHAMPAGNE-ARDENNE,JCNORDEST,FREAH,08:59,FRMLW
3285,2023-08-14,LILLE (intramuros),NON,9870,10:00,NORD,MEUSE TGV,JCNORDEST,FREAJ,08:02,FRLLE
3286,2023-08-14,BRUXELLES MIDI BRUSSEL ZUID,NON,9870,10:00,NORD,MEUSE TGV,JCNORDEST,FREAJ,07:17,BEBMI
3287,2023-08-14,AVIGNON TGV,NON,6173,14:38,SUD EST,ANTIBES,PAAZUR,FRXAT,12:05,FRAVG
3288,2023-08-14,CANNES,OUI,6173,14:38,SUD EST,ANTIBES,PAAZUR,FRXAT,14:30,FRJCA
3289,2023-08-14,TOULON,NON,6173,14:01,SUD EST,ST RAPHAEL VALESCURE,PAAZUR,FRXSK,13:15,FRTLN
3290,2023-08-14,LIBOURNE,OUI,8486,11:22,ATLANTIQUE,ANGOULEME,SUDOUESTPA,FRANG,10:42,FRXLR
3291,2023-08-14,LIBOURNE,NON,8486,12:04,ATLANTIQUE,POITIERS,SUDOUESTPA,FRPIS,10:42,FRXLR
3292,2023-08-14,BRUXELLES MIDI BRUSSEL ZUID,NON,9844,22:00,NORD,LYON (intramuros),JCNORDSUD,FRLPD,18:17,BEBMI
3293,2023-08-14,BRUXELLES MIDI BRUSSEL ZUID,NON,9844,22:18,NORD,LYON (intramuros),JCNORDSUD,FRLPE,18:17,BEBMI
3294,2023-08-14,LILLE (intramuros),OUI,9844,22:00,NORD,LYON (intramuros),JCNORDSUD,FRLPD,19:03,FRLLE
3295,2023-08-14,LYON (intramuros),OUI,9844,22:18,NORD,LYON (intramuros),JCNORDSUD,FRLPE,22:10,FRLPD
3296,2023-08-14,ST JEAN DE LUZ CIBOURE,OUI,3742,06:08,IC NUIT,LES AUBRAIS ORLEANS,PALOMBEPAR,FRLAB,19:10,FRXJZ
3297,2023-08-14,ST GAUDENS,OUI,3742,06:08,IC NUIT,LES AUBRAIS ORLEANS,PALOMBEPAR,FRLAB,23:12,FRFPH
3298,2023-08-14,LILLE (intramuros),OUI,9809,07:55,NORD,BRUXELLES MIDI BRUSSEL ZUID,JCSUDNORD,BEBMI,07:20,FRLLE
3299,2023-08-14,CANNES,NON,6074,15:50,SUD EST,PARIS (intramuros),AZURPA,FRPLY,10:32,FRJCA
3300,2023-08-14,ANTIBES,OUI,6074,10:28,SUD EST,CANNES,AZURPA,FRJCA,10:16,FRXAT
3301,2023-08-14,LILLE (intramuros),OUI,5026,14:00,NORD,LYON (intramuros),JCNORDSUD,FRLPD,11:03,FRLLE
3302,2023-08-14,LILLE (intramuros),OUI,5026,12:08,NORD,MARNE LA VALLEE CHESSY,JCNORDSUD,FRMLV,11:03,FRLLE
3303,2023-08-14,DUNKERQUE,OUI,7208,08:59,NORD,PARIS (intramuros),ARRASPA,FRPNO,06:54,FRADI
3304,2023-08-14,ARRAS,OUI,7208,08:59,NORD,PARIS (intramuros),ARRASPA,FRPNO,08:08,FRQRV
3305,2023-08-14,ST GAUDENS,NON,14143,13:49,IC SRO,PAU,SUDOUEST,FRAEE,12:21,FRFPH
3306,2023-08-14,TARBES,NON,14143,14:59,IC SRO,BAYONNE,SUDOUEST,FRXBY,13:08,FRXTB
3307,2023-08-14,TOULOUSE MATABIAU,NON,14143,12:19,IC SRO,ST GAUDENS,SUDOUEST,FRFPH,11:32,FRXYT
3308,2023-08-14,TOULOUSE MATABIAU,NON,14143,13:05,IC SRO,TARBES,SUDOUEST,FRXTB,11:32,FRXYT
3309,2023-08-14,CLERMONT FERRAND,OUI,5966,10:40,IC ARO,RIOM CHATEL GUYON,CLERMONTPA,FRRIO,10:31,FRCFE
3310,2023-08-14,CLERMONT FERRAND,NON,5966,11:29,IC ARO,MOULINS SUR ALLIER,CLERMONTPA,FRXMU,10:31,FRCFE
3311,2023-08-14,VICHY,NON,5966,13:57,IC ARO,PARIS (intramuros),CLERMONTPA,FRPBE,11:06,FRVHY
3312,2023-08-14,MOULINS SUR ALLIER,NON,5966,13:57,IC ARO,PARIS (intramuros),CLERMONTPA,FRPBE,11:31,FRXMU
3313,2023-08-14,BREST,OUI,8606,07:51,ATLANTIQUE,MORLAIX,BRETAPARIS,FRMXN,07:22,FRBES
3314,2023-08-14,BREST,NON,8606,11:19,ATLANTIQUE,PARIS (intramuros),BRETAPARIS,FRPMO,07:22,FRBES
3315,2023-08-14,GUINGAMP,NON,8606,09:29,ATLANTIQUE,RENNES,BRETAPARIS,FRRNS,08:22,FRGGP
3316,2023-08-14,MORLAIX,OUI,8606,08:20,ATLANTIQUE,GUINGAMP,BRETAPARIS,FRGGP,07:54,FRMXN
3317,2023-08-14,RENNES,NON,8606,11:19,ATLANTIQUE,PARIS (intramuros),BRETAPARIS,FRPMO,09:35,FRRNS
3318,2023-08-14,ST BRIEUC,NON,8606,10:01,ATLANTIQUE,LAVAL,BRETAPARIS,FRACR,08:40,FRSBK
3319,2023-08-14,ST BRIEUC,NON,8606,09:29,ATLANTIQUE,RENNES,BRETAPARIS,FRRNS,08:40,FRSBK
3320,2023-08-14,OFFENBOURG/OFFENBURG,NON,9590,09:35,EST,PARIS (intramuros),MULHSTRAPA,FRPST,07:17,DEZPA
3321,2023-08-14,FREIBURG BREISGAU HBF,OUI,9590,07:03,EST,LAHR SCHWARZW,MULHSTRAPA,DEANL,06:36,DEFGB
3322,2023-08-14,FREIBURG BREISGAU HBF,OUI,9590,06:55,EST,RINGSHEIM/EU-PARK,MULHSTRAPA,DERSH,06:36,DEFGB
3323,2023-08-14,LYON (intramuros),OUI,9852,08:56,NORD,LILLE (intramuros),JCSUDNORD,FRLLE,05:37,FRLPE
3324,2023-08-14,MARNE LA VALLEE CHESSY,OUI,9852,08:01,NORD,AEROPORT CDG2 TGV ROISSY,JCSUDNORD,FRMLW,07:50,FRMLV
3325,2023-08-14,LE CREUSOT MONTCEAU MONTCHANIN,OUI,9852,07:46,NORD,MARNE LA VALLEE CHESSY,JCSUDNORD,FRMLV,06:34,FRXCC
3326,2023-08-14,METZ VILLE,OUI,2870,16:23,EST,PARIS (intramuros),LUXMETZPA,FRPST,15:01,FRADE
3327,2023-08-14,LUXEMBOURG,OUI,2870,14:31,EST,THIONVILLE,LUXMETZPA,FRXTH,14:10,LULUX
3328,2023-08-14,LANNION,OUI,8690,17:29,ATLANTIQUE,RENNES,BRETAPARIS,FRRNS,15:59,FRLAI
3329,2023-08-14,ST BRIEUC,OUI,8690,17:29,ATLANTIQUE,RENNES,BRETAPARIS,FRRNS,16:42,FRSBK
3330,2023-08-14,DAX,NON,8583,17:52,ATLANTIQUE,PARIS (intramuros),SUDOUESTPA,FRPMO,14:19,FRACG
3331,2023-08-14,LOURDES,NON,8583,15:40,ATLANTIQUE,BORDEAUX ST JEAN,SUDOUESTPA,FRBOJ,12:46,FRLDE
3332,2023-08-14,LOURDES,OUI,8583,13:38,ATLANTIQUE,ORTHEZ,SUDOUESTPA,FRGFI,12:46,FRLDE
3333,2023-08-14,LOURDES,NON,8583,17:52,ATLANTIQUE,PARIS (intramuros),SUDOUESTPA,FRPMO,12:46,FRLDE
3334,2023-08-14,TARBES,OUI,8583,14:10,ATLANTIQUE,DAX,SUDOUESTPA,FRACG,12:21,FRXTB
3335,2023-08-14,TARBES,NON,8583,15:40,ATLANTIQUE,BORDEAUX ST JEAN,SUDOUESTPA,FRBOJ,12:21,FRXTB
3336,2023-08-14,TARBES,OUI,8583,13:38,ATLANTIQUE,ORTHEZ,SUDOUESTPA,FRGFI,12:21,FRXTB
3337,2023-08-14,VEYNES DEVOLUY,NON,5790,07:54,IC NUIT,PARIS (intramuros),BRIANCONPA,FRPAZ,22:07,FRVDY
3338,2023-08-14,PARIS (intramuros),NON,9715,19:03,SUD EST,BEZIERS,PABARCELONE,FRBZR,14:56,FRPLY
3339,2023-08-14,VALENCE TGV RHONE-ALPES SUD,NON,9715,18:48,SUD EST,AGDE,PABARCELONE,FRXAG,17:09,FRVLA
3340,2023-08-14,SETE,NON,9715,18:48,SUD EST,AGDE,PABARCELONE,FRXAG,18:34,FRXSY
3341,2023-08-14,SETE,NON,9715,19:20,SUD EST,NARBONNE,PABARCELONE,FRXNA,18:34,FRXSY
3342,2023-08-14,PARIS (intramuros),NON,9715,18:08,SUD EST,MONTPELLIER SUD DE FRANCE,PABARCELONE,FRSUF,14:56,FRPLY
3343,2023-08-14,PARIS (intramuros),NON,9715,21:25,SUD EST,BARCELONA SANTS,PABARCELONE,ESBST,14:56,FRPLY
3344,2023-08-14,NIMES PONT DU GARD,NON,9715,19:03,SUD EST,BEZIERS,PABARCELONE,FRBZR,17:49,FRXZP
3345,2023-08-14,BEZIERS,NON,9715,21:25,SUD EST,BARCELONA SANTS,PABARCELONE,ESBST,19:06,FRBZR
3346,2023-08-14,MONTPELLIER SUD DE FRANCE,NON,9715,20:44,SUD EST,GIRONA,PABARCELONE,ESGRO,18:17,FRSUF
3347,2023-08-14,SAUMUR,OUI,5358,23:09,SUD EST,NANTES,JCSUDATL,FRNTE,22:08,FRACN
3348,2023-08-14,LYON (intramuros),NON,5358,21:31,SUD EST,ST PIERRE DES CORPS,JCSUDATL,FRXSH,18:30,FRLPD
3349,2023-08-14,VALENCE TGV RHONE-ALPES SUD,NON,5358,18:20,SUD EST,LYON (intramuros),JCSUDATL,FRLPD,17:42,FRVLA
3350,2023-08-14,NIMES PONT DU GARD,NON,5358,18:20,SUD EST,LYON (intramuros),JCSUDATL,FRLPD,17:01,FRXZP
3351,2023-08-14,MASSY TGV,NON,5300,09:30,SUD EST,LYON (intramuros),JCATLSUD,FRLPD,07:26,FRDJU
3352,2023-08-14,MASSY TGV,NON,5300,10:17,SUD EST,VALENCE TGV RHONE-ALPES SUD,JCATLSUD,FRVLA,07:26,FRDJU
3353,2023-08-14,ST PIERRE DES CORPS,NON,5300,07:19,SUD EST,MASSY TGV,JCATLSUD,FRDJU,06:28,FRXSH
3354,2023-08-14,VALENCE TGV RHONE-ALPES SUD,NON,5300,11:21,SUD EST,MONTPELLIER SUD DE FRANCE,JCATLSUD,FRSUF,10:22,FRVLA
3355,2023-08-14,LYON (intramuros),NON,5300,11:21,SUD EST,MONTPELLIER SUD DE FRANCE,JCATLSUD,FRSUF,09:39,FRLPD
3356,2023-08-14,SAUMUR,NON,5300,11:21,SUD EST,MONTPELLIER SUD DE FRANCE,JCATLSUD,FRSUF,05:53,FRACN
3357,2023-08-14,CHATELLERAULT,OUI,8345,20:32,ATLANTIQUE,POITIERS,PAROCHELLE,FRPIS,20:13,FRXCX
3358,2023-08-14,POITIERS,NON,8437,12:23,ATLANTIQUE,ANGOULEME,PASUDOUEST,FRANG,11:44,FRPIS
3359,2023-08-14,MASSY TGV,NON,8571,10:52,ATLANTIQUE,PAU,PASUDOUEST,FRAEE,06:48,FRDJU
3360,2023-08-14,PARIS (intramuros),NON,8571,10:52,ATLANTIQUE,PAU,PASUDOUEST,FRAEE,06:35,FRPMO
3361,2023-08-14,PARIS (intramuros),NON,8571,08:48,ATLANTIQUE,BORDEAUX ST JEAN,PASUDOUEST,FRBOJ,06:35,FRPMO
3362,2023-08-14,PARIS (intramuros),NON,8571,11:47,ATLANTIQUE,TARBES,PASUDOUEST,FRXTB,06:35,FRPMO
3363,2023-08-14,DOL DE BRETAGNE,OUI,8088,18:29,ATLANTIQUE,RENNES,BRETAPARIS,FRRNS,17:58,FRDOL
3364,2023-08-14,RENNES,NON,8088,20:20,ATLANTIQUE,PARIS (intramuros),BRETAPARIS,FRPMO,18:35,FRRNS
3365,2023-08-14,ST MALO,NON,8088,19:01,ATLANTIQUE,LAVAL,BRETAPARIS,FRACR,17:42,FRXSB
3366,2023-08-14,SURGERES,OUI,8362,09:26,ATLANTIQUE,NIORT,ROCHELLEPA,FRNIT,09:08,FREIP
3367,2023-08-14,NIORT,OUI,8362,11:40,ATLANTIQUE,PARIS (intramuros),ROCHELLEPA,FRPMO,09:29,FRNIT
3368,2023-08-14,BEZIERS,NON,4762,18:26,IC ARO,AGEN,TJOURSESO,FRAGF,15:46,FRBZR
3369,2023-08-14,BEZIERS,NON,4762,19:32,IC ARO,BORDEAUX ST JEAN,TJOURSESO,FRBOJ,15:46,FRBZR
3370,2023-08-14,BEZIERS,NON,4762,17:49,IC ARO,MONTAUBAN VILLE BOURBON,TJOURSESO,FRXMW,15:46,FRBZR
3371,2023-08-14,CARCASSONNE,NON,4762,17:18,IC ARO,TOULOUSE MATABIAU,TJOURSESO,FRXYT,16:33,FRCCF
3372,2023-08-14,NIMES,NON,4762,15:02,IC ARO,MONTPELLIER SAINT-ROCH,TJOURSESO,FRMPL,14:38,FRFNI
3373,2023-08-14,MONTPELLIER SAINT-ROCH,NON,4762,15:59,IC ARO,NARBONNE,TJOURSESO,FRXNA,15:06,FRMPL
3374,2023-08-14,MARSEILLE ST CHARLES,NON,4762,15:43,IC ARO,BEZIERS,TJOURSESO,FRBZR,13:23,FRMSC
3375,2023-08-14,MARSEILLE ST CHARLES,NON,4762,14:35,IC ARO,NIMES,TJOURSESO,FRFNI,13:23,FRMSC
3376,2023-08-14,TOULOUSE MATABIAU,NON,4762,18:26,IC ARO,AGEN,TJOURSESO,FRAGF,17:24,FRXYT
3377,2023-08-14,REIMS,OUI,2760,20:01,EST,PARIS (intramuros),SEDBARPA,FRPST,19:15,FRRHE
3378,2023-08-14,BOURGES,NON,4504,17:52,IC SRO,ANGERS ST LAUD,JOURLYNNTE,FRACL,15:30,FRBOU
3379,2023-08-14,BOURGES,NON,4504,16:55,IC SRO,ST PIERRE DES CORPS,JOURLYNNTE,FRXSH,15:30,FRBOU
3380,2023-08-14,BOURGES,NON,4504,15:48,IC SRO,VIERZON VILLE,JOURLYNNTE,FRXVZ,15:30,FRBOU
3381,2023-08-14,LYON (intramuros),NON,4504,17:29,IC SRO,SAUMUR,JOURLYNNTE,FRACN,12:00,FRLPD
3382,2023-08-14,LYON (intramuros),NON,4504,13:43,IC SRO,ST GERMAIN DES FOSSES,JOURLYNNTE,FRSGF,12:00,FRLPD
3383,2023-08-14,LYON (intramuros),NON,4504,14:05,IC SRO,MOULINS SUR ALLIER,JOURLYNNTE,FRXMU,11:47,FRLPE
3384,2023-08-14,ROANNE,NON,4504,14:05,IC SRO,MOULINS SUR ALLIER,JOURLYNNTE,FRXMU,13:06,FRRNE
3385,2023-08-14,ST GERMAIN DES FOSSES,NON,4504,17:52,IC SRO,ANGERS ST LAUD,JOURLYNNTE,FRACL,13:45,FRSGF
3386,2023-08-14,ST GERMAIN DES FOSSES,NON,4504,17:29,IC SRO,SAUMUR,JOURLYNNTE,FRACN,13:45,FRSGF
3387,2023-08-14,ST PIERRE DES CORPS,NON,4504,17:29,IC SRO,SAUMUR,JOURLYNNTE,FRACN,16:58,FRXSH
3388,2023-08-14,ST PIERRE DES CORPS,NON,4504,18:46,IC SRO,NANTES,JOURLYNNTE,FRNTE,16:58,FRXSH
3389,2023-08-14,VIERZON VILLE,NON,4504,17:52,IC SRO,ANGERS ST LAUD,JOURLYNNTE,FRACL,15:50,FRXVZ
3390,2023-08-14,VIERZON VILLE,NON,4504,18:46,IC SRO,NANTES,JOURLYNNTE,FRNTE,15:50,FRXVZ
3391,2023-08-14,AIX EN PROVENCE TGV,NON,6132,19:37,SUD EST,AVIGNON TGV,PROVENCEPA,FRAVG,19:18,FRAIE
3392,2023-08-14,BREST,OUI,8646,20:21,ATLANTIQUE,GUINGAMP,BRETAPARIS,FRGGP,19:22,FRBES
3393,2023-08-14,BREST,NON,8646,23:08,ATLANTIQUE,PARIS (intramuros),BRETAPARIS,FRPMO,19:22,FRBES
3394,2023-08-14,MORLAIX,OUI,8646,20:21,ATLANTIQUE,GUINGAMP,BRETAPARIS,FRGGP,19:55,FRMXN
3395,2023-08-14,MORLAIX,NON,8646,23:08,ATLANTIQUE,PARIS (intramuros),BRETAPARIS,FRPMO,19:55,FRMXN
3396,2023-08-14,RENNES,NON,8646,23:08,ATLANTIQUE,PARIS (intramuros),BRETAPARIS,FRPMO,21:35,FRRNS
3397,2023-08-14,ST BRIEUC,NON,8646,21:29,ATLANTIQUE,RENNES,BRETAPARIS,FRRNS,20:41,FRSBK
3398,2023-08-14,LE CREUSOT MONTCEAU MONTCHANIN,OUI,6634,23:09,SUD EST,PARIS (intramuros),RHONEPARIS,FRPLY,21:51,FRXCC
3399,2023-08-14,CHAMPAGNE-ARDENNE,OUI,2550,21:37,EST,PARIS (intramuros),NANCYPA,FRPST,20:53,FREAH
3400,2023-08-14,MEUSE TGV,OUI,2550,20:49,EST,CHAMPAGNE-ARDENNE,NANCYPA,FREAH,20:26,FREAJ
3401,2023-08-14,NANCY,OUI,2550,21:37,EST,PARIS (intramuros),NANCYPA,FRPST,19:45,FRENC
3402,2023-08-14,ANGERS ST LAUD,NON,8142,12:23,ATLANTIQUE,LE MANS,LOIREPARIS,FRAET,11:45,FRACL
3403,2023-08-14,LE MANS,NON,8142,13:25,ATLANTIQUE,PARIS (intramuros),LOIREPARIS,FRPMO,12:26,FRAET
3404,2023-08-14,NANTES,NON,8142,13:25,ATLANTIQUE,PARIS (intramuros),LOIREPARIS,FRPMO,11:05,FRNTE
3405,2023-08-14,AGEN,NON,8504,10:40,ATLANTIQUE,BORDEAUX ST JEAN,SUDOUESTPA,FRBOJ,09:35,FRAGF
3406,2023-08-14,TOULOUSE MATABIAU,NON,8504,12:52,ATLANTIQUE,PARIS (intramuros),SUDOUESTPA,FRPMO,08:28,FRXYT
3407,2023-08-14,TOULOUSE MATABIAU,OUI,8504,08:54,ATLANTIQUE,MONTAUBAN VILLE BOURBON,SUDOUESTPA,FRXMW,08:28,FRXYT
3408,2023-08-14,HENDAYE,OUI,8540,13:39,ATLANTIQUE,BAYONNE,SUDOUESTPA,FRXBY,13:01,FRAEF
3409,2023-08-14,BIARRITZ,OUI,8540,13:39,ATLANTIQUE,BAYONNE,SUDOUESTPA,FRXBY,13:27,FRBIQ
3410,2023-08-14,BAYONNE,NON,8540,15:40,ATLANTIQUE,BORDEAUX ST JEAN,SUDOUESTPA,FRBOJ,13:42,FRXBY
3411,2023-08-14,ST JEAN DE LUZ CIBOURE,NON,8540,15:40,ATLANTIQUE,BORDEAUX ST JEAN,SUDOUESTPA,FRBOJ,13:14,FRXJZ
3412,2023-08-14,VENDOME VILLIERS SUR LOIR,OUI,8303,13:35,ATLANTIQUE,ST PIERRE DES CORPS,PAROCHELLE,FRXSH,13:15,FRESL
3413,2023-08-14,PARIS (intramuros),OUI,8303,13:35,ATLANTIQUE,ST PIERRE DES CORPS,PAROCHELLE,FRXSH,12:28,FRPMO
3414,2023-08-14,PARIS (intramuros),OUI,7551,09:15,NORD,BOULOGNE VILLE,PAARRAS,FRAEB,06:52,FRPNO
3415,2023-08-14,PARIS (intramuros),OUI,7551,07:41,NORD,ARRAS,PAARRAS,FRQRV,06:52,FRPNO
3416,2023-08-14,PARIS (intramuros),OUI,7551,08:43,NORD,CALAIS FRETHUN,PAARRAS,FRSTH,06:52,FRPNO
3417,2023-08-14,METZ VILLE,NON,9879,13:54,EST,MULHOUSE VILLE,JCRHINRHON,FRAEK,12:12,FRADE
3418,2023-08-14,METZ VILLE,NON,9879,14:18,EST,BELFORT-MONTBELIARD TGV,JCRHINRHON,FRTJA,12:12,FRADE
3419,2023-08-14,STRASBOURG,NON,9879,13:54,EST,MULHOUSE VILLE,JCRHINRHON,FRAEK,13:06,FRAEG
3420,2023-08-14,STRASBOURG,NON,9879,17:50,EST,VALENCE TGV RHONE-ALPES SUD,JCRHINRHON,FRVLA,13:06,FRAEG
3421,2023-08-14,MULHOUSE VILLE,NON,9879,14:41,EST,BESANCON - F COMTE TGV,JCRHINRHON,FRTJB,13:57,FRAEK
3422,2023-08-14,MACON VILLE,NON,9879,16:56,EST,LYON (intramuros),JCRHINRHON,FRLPD,16:21,FRHGU
3423,2023-08-14,MACON VILLE,NON,9879,17:50,EST,VALENCE TGV RHONE-ALPES SUD,JCRHINRHON,FRVLA,16:21,FRHGU
3424,2023-08-14,LUXEMBOURG,NON,9879,16:56,EST,LYON (intramuros),JCRHINRHON,FRLPD,11:24,LULUX
3425,2023-08-14,MACON VILLE,NON,9879,18:53,EST,MONTPELLIER SUD DE FRANCE,JCRHINRHON,FRSUF,16:21,FRHGU
3426,2023-08-14,METZ VILLE,NON,9879,18:53,EST,MONTPELLIER SUD DE FRANCE,JCRHINRHON,FRSUF,12:12,FRADE
3427,2023-08-14,LUXEMBOURG,NON,9879,18:53,EST,MONTPELLIER SUD DE FRANCE,JCRHINRHON,FRSUF,11:24,LULUX
3428,2023-08-14,THIONVILLE,OUI,2854,07:21,EST,METZ VILLE,LUXMETZPA,FRADE,07:03,FRXTH
3429,2023-08-14,THIONVILLE,OUI,2854,08:51,EST,PARIS (intramuros),LUXMETZPA,FRPST,07:03,FRXTH
3430,2023-08-14,AVIGNON TGV,OUI,6103,10:56,SUD EST,MARSEILLE ST CHARLES,PAPROVENCE,FRMSC,10:20,FRAVG
3431,2023-08-14,PARIS (intramuros),OUI,6103,10:41,SUD EST,AIX EN PROVENCE TGV,PAPROVENCE,FRAIE,07:38,FRPLY
3432,2023-08-14,PARIS (intramuros),OUI,6103,10:17,SUD EST,AVIGNON TGV,PAPROVENCE,FRAVG,07:38,FRPLY
3433,2023-08-14,PARIS (intramuros),OUI,6103,10:56,SUD EST,MARSEILLE ST CHARLES,PAPROVENCE,FRMSC,07:38,FRPLY
3434,2023-08-14,ANNECY,NON,6984,20:43,SUD EST,MACON LOCHE TGV,ALPESPARIS,FRMLT,18:31,FRNCY
3435,2023-08-14,ANNECY,NON,6984,22:17,SUD EST,PARIS (intramuros),ALPESPARIS,FRPLY,18:31,FRNCY
3436,2023-08-14,ANNECY,OUI,6984,18:56,SUD EST,AIX LES BAINS LE REVARD,ALPESPARIS,FRXAI,18:31,FRNCY
3437,2023-08-14,LYON (intramuros),OUI,6609,12:10,SUD EST,LYON (intramuros),PARISRHONE,FRLPE,12:02,FRLPD
3438,2023-08-14,QUIMPERLE,NON,8730,16:23,ATLANTIQUE,VANNES,BRETAPARIS,FRVNE,15:40,FRECO
3439,2023-08-14,QUIMPER,OUI,8730,15:37,ATLANTIQUE,QUIMPERLE,BRETAPARIS,FRECO,15:10,FRUIP
3440,2023-08-14,CHAMPAGNE-ARDENNE,OUI,2407,09:59,EST,STRASBOURG,PASTRAMULH,FRAEG,08:41,FREAH
3441,2023-08-14,GENEVE,NON,9764,09:49,INTERNATIONAL,BOURG EN BRESSE,GENEVEPA,FRXBK,08:29,CHGVA
3442,2023-08-14,CHATEAUROUX,OUI,3675,22:37,IC ARO,UZERCHE,PALITO,FRAAW,20:47,FRCHR
3443,2023-08-14,ISSOUDUN,OUI,3675,23:04,IC ARO,BRIVE LA GAILLARDE,PALITO,FRBVE,20:31,FRFMN
3444,2023-08-14,VIERZON VILLE,OUI,3675,21:56,IC ARO,LIMOGES BENEDICTINS,PALITO,FRAGQ,20:11,FRXVZ
3445,2023-08-14,VIERZON VILLE,OUI,3675,20:45,IC ARO,CHATEAUROUX,PALITO,FRCHR,20:11,FRXVZ
3446,2023-08-14,ISSOUDUN,OUI,3675,22:37,IC ARO,UZERCHE,PALITO,FRAAW,20:31,FRFMN
3447,2023-08-14,BAR LE DUC,OUI,2778,07:15,EST,CHAMPAGNE-ARDENNE,SEDBARPA,FREAH,06:10,FRXBD
3448,2023-08-14,BAR LE DUC,OUI,2778,06:52,EST,CHALONS EN CHAMPAGNE,SEDBARPA,FRXCR,06:10,FRXBD
3449,2023-08-14,LE MANS,OUI,8147,15:55,ATLANTIQUE,NANTES,PARISLOIRE,FRNTE,14:32,FRAET
3450,2023-08-14,PARIS (intramuros),NON,8147,15:15,ATLANTIQUE,ANGERS ST LAUD,PARISLOIRE,FRACL,13:32,FRPMO
3451,2023-08-14,PARIS (intramuros),NON,8147,14:29,ATLANTIQUE,LE MANS,PARISLOIRE,FRAET,13:32,FRPMO
3452,2023-08-14,BRUXELLES MIDI BRUSSEL ZUID,OUI,9830,13:53,NORD,LILLE (intramuros),JCNORDSUD,FRLLE,13:17,BEBMI
3453,2023-08-14,BRUXELLES MIDI BRUSSEL ZUID,NON,9830,15:09,NORD,MARNE LA VALLEE CHESSY,JCNORDSUD,FRMLV,13:17,BEBMI
3454,2023-08-14,LILLE (intramuros),NON,9830,18:37,NORD,AIX EN PROVENCE TGV,JCNORDSUD,FRAIE,14:03,FRLLE
3455,2023-08-14,LILLE (intramuros),NON,9830,18:56,NORD,MARSEILLE ST CHARLES,JCNORDSUD,FRMSC,14:03,FRLLE
3456,2023-08-14,MARNE LA VALLEE CHESSY,NON,9830,18:37,NORD,AIX EN PROVENCE TGV,JCNORDSUD,FRAIE,15:15,FRMLV
3457,2023-08-14,MARNE LA VALLEE CHESSY,NON,9830,17:00,NORD,LYON (intramuros),JCNORDSUD,FRLPD,15:15,FRMLV
3458,2023-08-14,STRASBOURG,NON,5486,12:36,EST,ANGERS ST LAUD,JCESTATL,FRACL,07:31,FRAEG
3459,2023-08-14,STRASBOURG,NON,5486,08:47,EST,CHAMPAGNE-ARDENNE,JCESTATL,FREAH,07:31,FRAEG
3460,2023-08-14,STRASBOURG,NON,5486,09:28,EST,AEROPORT CDG2 TGV ROISSY,JCESTATL,FRMLW,07:31,FRAEG
3461,2023-08-14,CHAMPAGNE-ARDENNE,NON,5486,11:32,EST,ST PIERRE DES CORPS,JCESTATL,FRXSH,08:58,FREAH
3462,2023-08-14,MARNE LA VALLEE CHESSY,NON,5486,13:19,EST,NANTES,JCESTATL,FRNTE,10:02,FRMLV
3463,2023-08-14,AEROPORT CDG2 TGV ROISSY,NON,5486,09:55,EST,MARNE LA VALLEE CHESSY,JCESTATL,FRMLV,09:45,FRMLW
3464,2023-08-14,TOULON,NON,6124,16:38,SUD EST,AVIGNON TGV,AZURPA,FRAVG,15:07,FRTLN
3465,2023-08-14,HYERES,NON,6124,16:38,SUD EST,AVIGNON TGV,AZURPA,FRAVG,14:50,FRXHE
3466,2023-08-14,HYERES,OUI,6124,15:03,SUD EST,TOULON,AZURPA,FRTLN,14:50,FRXHE
3467,2023-08-14,DIJON VILLE,NON,9898,11:21,EST,MULHOUSE VILLE,JCRHONRHIN,FRAEK,10:08,FRABA
3468,2023-08-14,METZ VILLE,OUI,9898,13:48,EST,THIONVILLE,JCRHONRHIN,FRXTH,13:29,FRADE
3469,2023-08-14,COLMAR,NON,9898,14:15,EST,LUXEMBOURG,JCRHONRHIN,LULUX,11:52,FRAEJ
3470,2023-08-14,MULHOUSE VILLE,NON,9898,12:24,EST,STRASBOURG,JCRHONRHIN,FRAEG,11:24,FRAEK
3471,2023-08-14,MULHOUSE VILLE,NON,9898,13:48,EST,THIONVILLE,JCRHONRHIN,FRXTH,11:24,FRAEK
3472,2023-08-14,NIMES,NON,9898,12:24,EST,STRASBOURG,JCRHONRHIN,FRAEG,06:57,FRFNI
3473,2023-08-14,NIMES,NON,9898,14:15,EST,LUXEMBOURG,JCRHONRHIN,LULUX,06:57,FRFNI
3474,2023-08-14,LYON (intramuros),NON,9898,13:24,EST,METZ VILLE,JCRHONRHIN,FRADE,08:30,FRLPD
3475,2023-08-14,LYON (intramuros),NON,9898,11:21,EST,MULHOUSE VILLE,JCRHONRHIN,FRAEK,08:30,FRLPD
3476,2023-08-14,LYON (intramuros),NON,9898,10:57,EST,BELFORT-MONTBELIARD TGV,JCRHONRHIN,FRTJA,08:30,FRLPD
3477,2023-08-14,MONTPELLIER SAINT-ROCH,NON,9898,07:39,EST,VALENCE TGV RHONE-ALPES SUD,JCRHONRHIN,FRVLA,06:29,FRMPL
3478,2023-08-14,BESANCON - F COMTE TGV,NON,9898,12:24,EST,STRASBOURG,JCRHONRHIN,FRAEG,10:36,FRTJB
3479,2023-08-14,BESANCON - F COMTE TGV,NON,9898,14:15,EST,LUXEMBOURG,JCRHONRHIN,LULUX,10:36,FRTJB
3480,2023-08-14,VALENCE TGV RHONE-ALPES SUD,NON,9898,10:57,EST,BELFORT-MONTBELIARD TGV,JCRHONRHIN,FRTJA,07:44,FRVLA
3481,2023-08-14,ANGERS ST LAUD,OUI,8887,21:54,ATLANTIQUE,NANTES,PARISLOIRE,FRNTE,21:16,FRACL
3482,2023-08-14,BEZIERS,NON,6823,15:00,SUD EST,NARBONNE,JCPROVSUD,FRXNA,14:47,FRBZR
3483,2023-08-14,BEZIERS,NON,6823,16:19,SUD EST,TOULOUSE MATABIAU,JCPROVSUD,FRXYT,14:47,FRBZR
3484,2023-08-14,NIMES,NON,6823,15:31,SUD EST,CARCASSONNE,JCPROVSUD,FRCCF,13:37,FRFNI
3485,2023-08-14,LYON (intramuros),NON,6823,14:03,SUD EST,MONTPELLIER SAINT-ROCH,JCPROVSUD,FRMPL,12:06,FRLPD
3486,2023-08-14,MONTPELLIER SAINT-ROCH,NON,6823,15:00,SUD EST,NARBONNE,JCPROVSUD,FRXNA,14:09,FRMPL
3487,2023-08-14,VALENCE TGV RHONE-ALPES SUD,NON,6823,15:31,SUD EST,CARCASSONNE,JCPROVSUD,FRCCF,12:50,FRVLA
3488,2023-08-14,VALENCE TGV RHONE-ALPES SUD,NON,6823,15:00,SUD EST,NARBONNE,JCPROVSUD,FRXNA,12:50,FRVLA
3489,2023-08-14,NARBONNE,NON,6823,15:31,SUD EST,CARCASSONNE,JCPROVSUD,FRCCF,15:03,FRXNA
3490,2023-08-14,LUCON,NON,3837,20:03,IC SRO,ROCHEFORT,NANTEBORDO,FRRCO,19:00,FRLCN
3491,2023-08-14,LA ROCHELLE VILLE,NON,3837,21:10,IC SRO,JONZAC,NANTEBORDO,FREMR,19:43,FRLRH
3492,2023-08-14,LA ROCHELLE VILLE,NON,3837,20:03,IC SRO,ROCHEFORT,NANTEBORDO,FRRCO,19:43,FRLRH
3493,2023-08-14,NANTES,NON,3837,21:10,IC SRO,JONZAC,NANTEBORDO,FREMR,17:55,FRNTE
3494,2023-08-14,NANTES,NON,3837,19:39,IC SRO,LA ROCHELLE VILLE,NANTEBORDO,FRLRH,17:55,FRNTE
3495,2023-08-14,NANTES,NON,3837,18:35,IC SRO,LA ROCHE SUR YON,NANTEBORDO,FRXRO,17:55,FRNTE
3496,2023-08-14,LA ROCHE SUR YON,NON,3837,18:58,IC SRO,LUCON,NANTEBORDO,FRLCN,18:36,FRXRO
3497,2023-08-14,PARIS (intramuros),NON,6689,21:48,SUD EST,ST ETIENNE CHATEAUCREUX,PARISRHONE,FRHHD,19:00,FRPLY
3498,2023-08-14,PARIS (intramuros),NON,6689,20:56,SUD EST,LYON (intramuros),PARISRHONE,FRLPD,19:00,FRPLY
3499,2023-08-14,CANNES,NON,6852,20:04,SUD EST,MARSEILLE ST CHARLES,JCSUDPROV,FRMSC,17:59,FRJCA
3500,2023-08-14,CANNES,NON,6852,21:27,SUD EST,VALENCE TGV RHONE-ALPES SUD,JCSUDPROV,FRVLA,17:59,FRJCA
3501,2023-08-14,MARSEILLE ST CHARLES,NON,6852,20:52,SUD EST,AVIGNON TGV,JCSUDPROV,FRAVG,20:18,FRMSC
3502,2023-08-14,NICE VILLE,NON,6852,20:04,SUD EST,MARSEILLE ST CHARLES,JCSUDPROV,FRMSC,17:27,FRNIC
3503,2023-08-14,NICE VILLE,NON,6852,18:37,SUD EST,LES ARCS DRAGUIGNAN,JCSUDPROV,FRXRS,17:27,FRNIC
3504,2023-08-14,NICE VILLE,OUI,6852,18:21,SUD EST,ST RAPHAEL VALESCURE,JCSUDPROV,FRXSK,17:27,FRNIC
3505,2023-08-14,TOULON,NON,6852,22:14,SUD EST,LYON (intramuros),JCSUDPROV,FRLPD,19:18,FRTLN
3506,2023-08-14,ANTIBES,OUI,6852,17:55,SUD EST,CANNES,JCSUDPROV,FRJCA,17:45,FRXAT
3507,2023-08-14,ANTIBES,NON,6852,20:04,SUD EST,MARSEILLE ST CHARLES,JCSUDPROV,FRMSC,17:45,FRXAT
3508,2023-08-14,ANTIBES,NON,6852,21:27,SUD EST,VALENCE TGV RHONE-ALPES SUD,JCSUDPROV,FRVLA,17:45,FRXAT
3509,2023-08-14,LES ARCS DRAGUIGNAN,NON,6852,22:14,SUD EST,LYON (intramuros),JCSUDPROV,FRLPD,18:40,FRXRS
3510,2023-08-14,ST RAPHAEL VALESCURE,NON,6852,20:52,SUD EST,AVIGNON TGV,JCSUDPROV,FRAVG,18:24,FRXSK
3511,2023-08-14,LILLE (intramuros),NON,5240,22:02,NORD,BORDEAUX ST JEAN,JCNORDAQUI,FRBOJ,17:16,FRADJ
3512,2023-08-14,LILLE (intramuros),NON,5240,20:06,NORD,ST PIERRE DES CORPS,JCNORDAQUI,FRXSH,17:16,FRADJ
3513,2023-08-14,MASSY TGV,NON,5240,22:02,NORD,BORDEAUX ST JEAN,JCNORDAQUI,FRBOJ,19:09,FRDJU
3514,2023-08-14,MASSY TGV,NON,5240,20:40,NORD,POITIERS,JCNORDAQUI,FRPIS,19:09,FRDJU
3515,2023-08-14,MARNE LA VALLEE CHESSY,NON,5240,19:04,NORD,MASSY TGV,JCNORDAQUI,FRDJU,18:32,FRMLV
3516,2023-08-14,MARSEILLE ST CHARLES,OUI,6112,09:15,SUD EST,AIX EN PROVENCE TGV,PROVENCEPA,FRAIE,09:04,FRMSC
3517,2023-08-14,MARSEILLE ST CHARLES,OUI,6112,12:22,SUD EST,PARIS (intramuros),PROVENCEPA,FRPLY,09:04,FRMSC
3518,2023-08-14,BORDEAUX ST JEAN,OUI,8473,13:46,ATLANTIQUE,FACTURE BIGANOS,PASUDOUEST,FRFAC,13:24,FRBOJ
3519,2023-08-14,FACTURE BIGANOS,OUI,8473,14:10,ATLANTIQUE,ARCACHON,PASUDOUEST,FRXAC,13:49,FRFAC
3520,2023-08-14,NIMES,OUI,6225,21:11,SUD EST,MONTPELLIER SAINT-ROCH,PALANG,FRMPL,20:46,FRFNI
3521,2023-08-14,NIMES,OUI,6225,21:31,SUD EST,SETE,PALANG,FRXSY,20:46,FRFNI
3522,2023-08-14,MONTPELLIER SAINT-ROCH,OUI,6225,22:56,SUD EST,PERPIGNAN,PALANG,FRPGF,21:17,FRMPL
3523,2023-08-14,MONTPELLIER SAINT-ROCH,OUI,6225,21:48,SUD EST,AGDE,PALANG,FRXAG,21:17,FRMPL
3524,2023-08-14,MONTPELLIER SAINT-ROCH,OUI,6225,22:20,SUD EST,NARBONNE,PALANG,FRXNA,21:17,FRMPL
3525,2023-08-14,PARIS (intramuros),NON,6225,22:03,SUD EST,BEZIERS,PALANG,FRBZR,17:42,FRPLY
3526,2023-08-14,PARIS (intramuros),NON,6225,21:48,SUD EST,AGDE,PALANG,FRXAG,17:42,FRPLY
3527,2023-08-14,VALENCE TGV RHONE-ALPES SUD,NON,6225,21:11,SUD EST,MONTPELLIER SAINT-ROCH,PALANG,FRMPL,19:57,FRVLA
3528,2023-08-14,AGDE,OUI,6225,22:56,SUD EST,PERPIGNAN,PALANG,FRPGF,21:51,FRXAG
3529,2023-08-14,STRASBOURG,OUI,2404,07:30,EST,MEUSE TGV,MULHSTRAPA,FREAJ,06:40,FRAEG
3530,2023-08-14,LAVAL,NON,5280,13:49,NORD,MASSY TGV,JCBRETNORD,FRDJU,12:28,FRACR
3531,2023-08-14,LE MANS,NON,5280,13:49,NORD,MASSY TGV,JCBRETNORD,FRDJU,13:00,FRAET
3532,2023-08-14,LE MANS,NON,5280,14:41,NORD,AEROPORT CDG2 TGV ROISSY,JCBRETNORD,FRMLW,13:00,FRAET
3533,2023-08-14,MASSY TGV,NON,5280,15:49,NORD,LILLE (intramuros),JCBRETNORD,FRLLE,13:55,FRDJU
3534,2023-08-14,RENNES,NON,5280,15:49,NORD,LILLE (intramuros),JCBRETNORD,FRLLE,12:00,FRRNS
3535,2023-08-14,LYON-SAINT EXUPERY TGV,OUI,6195,21:18,SUD EST,ARLES,PAVDR,FRHZA,19:13,FRJDQ
3536,2023-08-14,LYON-SAINT EXUPERY TGV,OUI,6195,21:40,SUD EST,MIRAMAS,PAVDR,FRMAZ,19:13,FRJDQ
3537,2023-08-14,LYON-SAINT EXUPERY TGV,OUI,6195,19:46,SUD EST,VALENCE VILLE,PAVDR,FRVAF,19:13,FRJDQ
3538,2023-08-14,PARIS (intramuros),OUI,6195,20:57,SUD EST,AVIGNON CENTRE,PAVDR,FRAES,17:13,FRPLY
3539,2023-08-14,PARIS (intramuros),OUI,6195,21:18,SUD EST,ARLES,PAVDR,FRHZA,17:13,FRPLY
3540,2023-08-14,PARIS (intramuros),OUI,6195,20:10,SUD EST,MONTELIMAR GARE SNCF,PAVDR,FRXMK,17:13,FRPLY
3541,2023-08-14,VALENCE VILLE,OUI,6195,21:40,SUD EST,MIRAMAS,PAVDR,FRMAZ,19:49,FRVAF
3542,2023-08-14,VALENCE VILLE,OUI,6195,20:10,SUD EST,MONTELIMAR GARE SNCF,PAVDR,FRXMK,19:49,FRVAF
3543,2023-08-14,LORIENT,OUI,8725,18:09,ATLANTIQUE,QUIMPERLE,PARISBRETA,FRECO,17:58,FRLRT
3544,2023-08-14,VANNES,OUI,8725,17:37,ATLANTIQUE,AURAY,PARISBRETA,FRXUY,17:27,FRVNE
3545,2023-08-14,AURAY,OUI,8725,18:09,ATLANTIQUE,QUIMPERLE,PARISBRETA,FRECO,17:40,FRXUY
3546,2023-08-14,AURAY,OUI,8725,18:25,ATLANTIQUE,ROSPORDEN,PARISBRETA,FRRSP,17:40,FRXUY
3547,2023-08-14,TARASCON SUR ARIEGE,NON,3972,06:08,IC NUIT,LES AUBRAIS ORLEANS,PALOMBEPAR,FRLAB,20:52,FRFQM
3548,2023-08-14,PAMIERS,NON,3972,06:08,IC NUIT,LES AUBRAIS ORLEANS,PALOMBEPAR,FRLAB,21:22,FRPMS
3549,2023-08-14,AX LES THERMES,NON,3972,07:19,IC NUIT,PARIS (intramuros),PALOMBEPAR,FRPAZ,20:23,FRXLT
3550,2023-08-14,LUZENAC GARANOU,NON,3972,06:08,IC NUIT,LES AUBRAIS ORLEANS,PALOMBEPAR,FRLAB,20:33,FRFQI
3551,2023-08-14,LUZENAC GARANOU,NON,3972,07:19,IC NUIT,PARIS (intramuros),PALOMBEPAR,FRPAZ,20:33,FRFQI
3552,2023-08-14,LES CABANNES,NON,3972,06:08,IC NUIT,LES AUBRAIS ORLEANS,PALOMBEPAR,FRLAB,20:42,FRFQK
3553,2023-08-14,ANGOULEME,OUI,8432,08:16,ATLANTIQUE,POITIERS,SUDOUESTPA,FRPIS,07:36,FRANG
3554,2023-08-14,ANGOULEME,OUI,8432,10:01,ATLANTIQUE,PARIS (intramuros),SUDOUESTPA,FRPMO,07:36,FRANG
3555,2023-08-14,ANGOULEME,OUI,8432,08:50,ATLANTIQUE,ST PIERRE DES CORPS,SUDOUESTPA,FRXSH,07:36,FRANG
3556,2023-08-14,BORDEAUX ST JEAN,OUI,8432,08:16,ATLANTIQUE,POITIERS,SUDOUESTPA,FRPIS,06:58,FRBOJ
3557,2023-08-14,BORDEAUX ST JEAN,OUI,8432,10:01,ATLANTIQUE,PARIS (intramuros),SUDOUESTPA,FRPMO,06:58,FRBOJ
3558,2023-08-14,POITIERS,OUI,8432,10:01,ATLANTIQUE,PARIS (intramuros),SUDOUESTPA,FRPMO,08:19,FRPIS
3559,2023-08-14,POITIERS,OUI,8432,08:50,ATLANTIQUE,ST PIERRE DES CORPS,SUDOUESTPA,FRXSH,08:19,FRPIS
3560,2023-08-14,MONTBARD,NON,6743,16:58,SUD EST,DOLE VILLE,PABOUR,FRACE,15:57,FRGWE
3561,2023-08-14,PARIS (intramuros),OUI,7391,22:14,NORD,HAZEBROUCK,PAARRAS,FRHZK,20:25,FRPNO
3562,2023-08-14,VALLORBE,NON,9268,14:24,INTERNATIONAL,DIJON VILLE,SUISPA,FRABA,13:00,CHAGL
3563,2023-08-14,CHALONS EN CHAMPAGNE,OUI,2785,20:52,EST,VITRY LE FRANCOIS GARE,PABARSED,FRBFO,20:35,FRXCR
3564,2023-08-14,CHATEAUROUX,OUI,3685,21:56,IC ARO,ARGENTON SUR CREUSE,PALITO,FRFMT,21:41,FRCHR
3565,2023-08-14,CHATEAUROUX,OUI,3685,22:21,IC ARO,LA SOUTERRAINE,PALITO,FRLST,21:41,FRCHR
3566,2023-08-14,ARGENTON SUR CREUSE,OUI,3685,22:55,IC ARO,LIMOGES BENEDICTINS,PALITO,FRAGQ,21:57,FRFMT
3567,2023-08-14,ARGENTON SUR CREUSE,OUI,3685,22:21,IC ARO,LA SOUTERRAINE,PALITO,FRLST,21:57,FRFMT
3568,2023-08-14,LA SOUTERRAINE,OUI,3685,22:55,IC ARO,LIMOGES BENEDICTINS,PALITO,FRAGQ,22:23,FRLST
3569,2023-08-14,LA SOUTERRAINE,OUI,3685,00:01,IC ARO,BRIVE LA GAILLARDE,PALITO,FRBVE,22:23,FRLST
3570,2023-08-14,PARIS (intramuros),NON,3685,22:55,IC ARO,LIMOGES BENEDICTINS,PALITO,FRAGQ,19:39,FRPAZ
3571,2023-08-14,PARIS (intramuros),NON,3685,22:21,IC ARO,LA SOUTERRAINE,PALITO,FRLST,19:39,FRPAZ
3572,2023-08-14,LILLE (intramuros),NON,9826,15:51,NORD,MONTPELLIER SUD DE FRANCE,JCNORDSUD,FRSUF,11:03,FRLLE
3573,2023-08-14,CARCASSONNE,NON,4760,16:25,IC ARO,AGEN,TJOURSESO,FRAGF,14:34,FRCCF
3574,2023-08-14,CARCASSONNE,NON,4760,15:48,IC ARO,MONTAUBAN VILLE BOURBON,TJOURSESO,FRXMW,14:34,FRCCF
3575,2023-08-14,ARLES,NON,4760,16:25,IC ARO,AGEN,TJOURSESO,FRAGF,12:09,FRHZA
3576,2023-08-14,ARLES,NON,4760,17:33,IC ARO,BORDEAUX ST JEAN,TJOURSESO,FRBOJ,12:09,FRHZA
3577,2023-08-14,ARLES,NON,4760,12:35,IC ARO,NIMES,TJOURSESO,FRFNI,12:09,FRHZA
3578,2023-08-14,MARSEILLE ST CHARLES,NON,4760,16:25,IC ARO,AGEN,TJOURSESO,FRAGF,11:24,FRMSC
3579,2023-08-14,MARSEILLE ST CHARLES,NON,4760,17:33,IC ARO,BORDEAUX ST JEAN,TJOURSESO,FRBOJ,11:24,FRMSC
3580,2023-08-14,MARSEILLE ST CHARLES,NON,4760,14:32,IC ARO,CARCASSONNE,TJOURSESO,FRCCF,11:24,FRMSC
3581,2023-08-14,MARSEILLE ST CHARLES,NON,4760,13:20,IC ARO,SETE,TJOURSESO,FRXSY,11:24,FRMSC
3582,2023-08-14,SETE,NON,4760,14:32,IC ARO,CARCASSONNE,TJOURSESO,FRCCF,13:22,FRXSY
3583,2023-08-14,LAVAL,NON,8623,16:25,ATLANTIQUE,RENNES,PARISBRETA,FRRNS,16:00,FRACR
3584,2023-08-14,GUINGAMP,OUI,8623,18:02,ATLANTIQUE,MORLAIX,PARISBRETA,FRMXN,17:35,FRGGP
3585,2023-08-14,ST BRIEUC,OUI,8623,17:33,ATLANTIQUE,GUINGAMP,PARISBRETA,FRGGP,17:19,FRSBK
3586,2023-08-14,COLMAR,OUI,2350,06:49,EST,SELESTAT,MULHSTRAPA,FRXSQ,06:38,FRAEJ
3587,2023-08-14,LE CROISIC,NON,8926,20:29,ATLANTIQUE,PARIS (intramuros),LOIREPARIS,FRPMO,16:55,FREGU
3588,2023-08-14,ST NAZAIRE,NON,8926,17:59,ATLANTIQUE,NANTES,LOIREPARIS,FRNTE,17:24,FRSNR
3589,2023-08-14,LAVAL,OUI,8082,07:42,ATLANTIQUE,LE MANS,BRETAPARIS,FRAET,07:14,FRACR
3590,2023-08-14,DOL DE BRETAGNE,OUI,8082,07:11,ATLANTIQUE,LAVAL,BRETAPARIS,FRACR,06:09,FRDOL
3591,2023-08-14,DOL DE BRETAGNE,OUI,8082,06:40,ATLANTIQUE,RENNES,BRETAPARIS,FRRNS,06:09,FRDOL
3592,2023-08-14,RENNES,OUI,8082,07:11,ATLANTIQUE,LAVAL,BRETAPARIS,FRACR,06:46,FRRNS
3593,2023-08-14,RENNES,OUI,8082,07:42,ATLANTIQUE,LE MANS,BRETAPARIS,FRAET,06:46,FRRNS
3594,2023-08-14,ST MALO,OUI,8082,07:11,ATLANTIQUE,LAVAL,BRETAPARIS,FRACR,05:54,FRXSB
3595,2023-08-14,PAU,NON,14140,08:36,IC SRO,LOURDES,SUDOUEST,FRLDE,08:11,FRAEE
3596,2023-08-14,PAU,NON,14140,08:52,IC SRO,TARBES,SUDOUEST,FRXTB,08:11,FRAEE
3597,2023-08-14,LOURDES,NON,14140,10:30,IC SRO,TOULOUSE MATABIAU,SUDOUEST,FRXYT,08:39,FRLDE
3598,2023-08-14,LYON (intramuros),OUI,5192,19:44,NORD,LILLE (intramuros),JCSUDNORD,FRADJ,15:46,FRLPE
3599,2023-08-14,LYON (intramuros),OUI,5192,18:56,NORD,ARRAS,JCSUDNORD,FRQRV,15:46,FRLPE
3600,2023-08-14,ARRAS,OUI,5192,19:14,NORD,DOUAI,JCSUDNORD,FRXDN,18:59,FRQRV
3601,2023-08-14,TGV HAUTE PICARDIE,OUI,5192,18:56,NORD,ARRAS,JCSUDNORD,FRQRV,18:39,FRTHP
3602,2023-08-14,RENNES,NON,5336,16:30,SUD EST,LYON (intramuros),JCATLSUD,FRLPD,12:30,FRRNS
3603,2023-08-14,DIJON VILLE,NON,2203,10:56,EST,LYON (intramuros),JCRHINRHON,FRLPD,09:21,FRABA
3604,2023-08-14,DIJON VILLE,NON,2203,09:54,EST,CHALON SUR SAONE,JCRHINRHON,FRXCD,09:21,FRABA
3605,2023-08-14,STRASBOURG,NON,2203,09:11,EST,DIJON VILLE,JCRHINRHON,FRABA,06:47,FRAEG
3606,2023-08-14,STRASBOURG,NON,2203,12:24,EST,NIMES,JCRHINRHON,FRFNI,06:47,FRAEG
3607,2023-08-14,COLMAR,OUI,2203,07:48,EST,MULHOUSE VILLE,JCRHINRHON,FRAEK,07:16,FRAEJ
3608,2023-08-14,COLMAR,NON,2203,12:24,EST,NIMES,JCRHINRHON,FRFNI,07:16,FRAEJ
3609,2023-08-14,COLMAR,NON,2203,10:56,EST,LYON (intramuros),JCRHINRHON,FRLPD,07:16,FRAEJ
3610,2023-08-14,COLMAR,NON,2203,09:54,EST,CHALON SUR SAONE,JCRHINRHON,FRXCD,07:16,FRAEJ
3611,2023-08-14,NIMES,NON,2203,12:54,EST,MONTPELLIER SAINT-ROCH,JCRHINRHON,FRMPL,12:27,FRFNI
3612,2023-08-14,LYON (intramuros),NON,2203,12:24,EST,NIMES,JCRHINRHON,FRFNI,11:02,FRLPD
3613,2023-08-14,BELFORT-MONTBELIARD TGV,NON,2203,09:11,EST,DIJON VILLE,JCRHINRHON,FRABA,08:17,FRTJA
3614,2023-08-14,BESANCON - F COMTE TGV,NON,2203,12:24,EST,NIMES,JCRHINRHON,FRFNI,08:41,FRTJB
3615,2023-08-14,CHALON SUR SAONE,NON,2203,10:56,EST,LYON (intramuros),JCRHINRHON,FRLPD,09:56,FRXCD
3616,2023-08-14,CHALON SUR SAONE,NON,2203,12:54,EST,MONTPELLIER SAINT-ROCH,JCRHINRHON,FRMPL,09:56,FRXCD
3617,2023-08-14,LYON (intramuros),OUI,6604,06:58,SUD EST,LYON (intramuros),RHONEPARIS,FRLPD,06:50,FRLPE
3618,2023-08-14,MEUSE TGV,NON,2540,13:55,EST,CHAMPAGNE-ARDENNE,NANCYPA,FREAH,13:32,FREAJ
3619,2023-08-14,SAUMUR,NON,4402,13:22,IC SRO,LYON (intramuros),JOURNTELYN,FRLPE,07:32,FRACN
3620,2023-08-14,SAUMUR,NON,4402,12:05,IC SRO,ROANNE,JOURNTELYN,FRRNE,07:32,FRACN
3621,2023-08-14,SAUMUR,NON,4402,11:26,IC SRO,ST GERMAIN DES FOSSES,JOURNTELYN,FRSGF,07:32,FRACN
3622,2023-08-14,BOURGES,NON,4402,10:23,IC SRO,NEVERS,JOURNTELYN,FRNVS,09:46,FRBOU
3623,2023-08-14,BOURGES,NON,4402,12:05,IC SRO,ROANNE,JOURNTELYN,FRRNE,09:46,FRBOU
3624,2023-08-14,BOURGES,NON,4402,11:05,IC SRO,MOULINS SUR ALLIER,JOURNTELYN,FRXMU,09:46,FRBOU
3625,2023-08-14,NANTES,NON,4402,10:23,IC SRO,NEVERS,JOURNTELYN,FRNVS,06:26,FRNTE
3626,2023-08-14,NANTES,NON,4402,08:05,IC SRO,ST PIERRE DES CORPS,JOURNTELYN,FRXSH,06:26,FRNTE
3627,2023-08-14,NEVERS,NON,4402,13:10,IC SRO,LYON (intramuros),JOURNTELYN,FRLPD,10:37,FRNVS
3628,2023-08-14,ST GERMAIN DES FOSSES,NON,4402,13:10,IC SRO,LYON (intramuros),JOURNTELYN,FRLPD,11:28,FRSGF
3629,2023-08-14,ST GERMAIN DES FOSSES,NON,4402,12:05,IC SRO,ROANNE,JOURNTELYN,FRRNE,11:28,FRSGF
3630,2023-08-14,MOULINS SUR ALLIER,NON,4402,13:22,IC SRO,LYON (intramuros),JOURNTELYN,FRLPE,11:07,FRXMU
3631,2023-08-14,MOULINS SUR ALLIER,NON,4402,12:05,IC SRO,ROANNE,JOURNTELYN,FRRNE,11:07,FRXMU
3632,2023-08-14,ST PIERRE DES CORPS,NON,4402,11:26,IC SRO,ST GERMAIN DES FOSSES,JOURNTELYN,FRSGF,08:09,FRXSH
3633,2023-08-14,VIERZON VILLE,NON,4402,13:22,IC SRO,LYON (intramuros),JOURNTELYN,FRLPE,09:19,FRXVZ
3634,2023-08-14,VIERZON VILLE,NON,4402,12:05,IC SRO,ROANNE,JOURNTELYN,FRRNE,09:19,FRXVZ
3635,2023-08-14,PARIS (intramuros),OUI,6621,17:08,SUD EST,LE CREUSOT MONTCEAU MONTCHANIN,PARISRHONE,FRXCC,15:52,FRPLY
3636,2023-08-14,NANCY,NON,2574,08:46,EST,PARIS (intramuros),NANCYPA,FRPST,07:16,FRENC
3637,2023-08-14,EPINAL,OUI,2574,07:07,EST,NANCY,NANCYPA,FRENC,06:24,FREPL
3638,2023-08-14,SURGERES,OUI,8364,17:40,ATLANTIQUE,NIORT,ROCHELLEPA,FRNIT,17:22,FREIP
3639,2023-08-14,SURGERES,OUI,8364,19:37,ATLANTIQUE,PARIS (intramuros),ROCHELLEPA,FRPMO,17:22,FREIP
3640,2023-08-14,RIOM CHATEL GUYON,OUI,5982,18:04,IC ARO,VICHY,CLERMONTPA,FRVHY,17:42,FRRIO
3641,2023-08-14,AVIGNON TGV,NON,6805,12:39,SUD EST,ANTIBES,JCPROVSUD,FRXAT,09:29,FRAVG
3642,2023-08-14,CANNES,OUI,6805,12:39,SUD EST,ANTIBES,JCPROVSUD,FRXAT,12:31,FRJCA
3643,2023-08-14,LYON (intramuros),NON,6805,09:48,SUD EST,AIX EN PROVENCE TGV,JCPROVSUD,FRAIE,08:06,FRLPD
3644,2023-08-14,LYON (intramuros),NON,6805,12:26,SUD EST,CANNES,JCPROVSUD,FRJCA,08:06,FRLPD
3645,2023-08-14,MARSEILLE ST CHARLES,NON,6805,12:58,SUD EST,NICE VILLE,JCPROVSUD,FRNIC,10:20,FRMSC
3646,2023-08-14,TOULON,NON,6805,12:58,SUD EST,NICE VILLE,JCPROVSUD,FRNIC,11:11,FRTLN
3647,2023-08-14,ST RAPHAEL VALESCURE,OUI,6805,12:39,SUD EST,ANTIBES,JCPROVSUD,FRXAT,12:05,FRXSK
3648,2023-08-14,LYON (intramuros),NON,6610,11:00,SUD EST,PARIS (intramuros),RHONEPARIS,FRPLY,09:04,FRLPD
3649,2023-08-14,LIMOGES BENEDICTINS,NON,3605,12:54,IC ARO,MONTAUBAN VILLE BOURBON,PALITO,FRXMW,09:58,FRAGQ
3650,2023-08-14,LIMOGES BENEDICTINS,NON,3605,12:12,IC ARO,CAHORS,PALITO,FRZAO,09:58,FRAGQ
3651,2023-08-14,LES AUBRAIS ORLEANS,NON,3605,12:54,IC ARO,MONTAUBAN VILLE BOURBON,PALITO,FRXMW,07:36,FRLAB
3652,2023-08-14,LA SOUTERRAINE,NON,3605,11:00,IC ARO,BRIVE LA GAILLARDE,PALITO,FRBVE,09:23,FRLST
3653,2023-08-14,PARIS (intramuros),NON,3605,11:00,IC ARO,BRIVE LA GAILLARDE,PALITO,FRBVE,06:35,FRPAZ
3654,2023-08-14,PARIS (intramuros),NON,3605,09:21,IC ARO,LA SOUTERRAINE,PALITO,FRLST,06:35,FRPAZ
3655,2023-08-14,PARIS (intramuros),NON,3605,12:12,IC ARO,CAHORS,PALITO,FRZAO,06:35,FRPAZ
3656,2023-08-14,SOUILLAC,NON,3605,13:23,IC ARO,TOULOUSE MATABIAU,PALITO,FRXYT,11:30,FRSOU
3657,2023-08-14,VIERZON VILLE,NON,3605,11:28,IC ARO,SOUILLAC,PALITO,FRSOU,08:14,FRXVZ
3658,2023-08-14,VIERZON VILLE,NON,3605,13:23,IC ARO,TOULOUSE MATABIAU,PALITO,FRXYT,08:14,FRXVZ
3659,2023-08-14,VIERZON VILLE,NON,3605,12:39,IC ARO,CAUSSADE TARN ET GARONNE,PALITO,FRFTA,08:14,FRXVZ
3660,2023-08-14,VIERZON VILLE,NON,3605,12:54,IC ARO,MONTAUBAN VILLE BOURBON,PALITO,FRXMW,08:14,FRXVZ
3661,2023-08-14,LA SOUTERRAINE,NON,3605,12:39,IC ARO,CAUSSADE TARN ET GARONNE,PALITO,FRFTA,09:23,FRLST
3662,2023-08-14,MONTPELLIER SUD DE FRANCE,NON,6048,12:50,SUD EST,VALENCE TGV RHONE-ALPES SUD,LANGPA,FRVLA,11:52,FRSUF
3663,2023-08-14,LIMOGES BENEDICTINS,NON,3674,19:10,IC ARO,CHATEAUROUX,TOULOUZECO,FRCHR,18:00,FRAGQ
3664,2023-08-14,BRIVE LA GAILLARDE,OUI,3674,17:57,IC ARO,LIMOGES BENEDICTINS,TOULOUZECO,FRAGQ,16:57,FRBVE
3665,2023-08-14,BRIVE LA GAILLARDE,NON,3674,19:10,IC ARO,CHATEAUROUX,TOULOUZECO,FRCHR,16:57,FRBVE
3666,2023-08-14,LA SOUTERRAINE,NON,3674,19:10,IC ARO,CHATEAUROUX,TOULOUZECO,FRCHR,18:31,FRLST
3667,2023-08-14,VIERZON VILLE,OUI,3674,21:20,IC ARO,PARIS (intramuros),TOULOUZECO,FRPAZ,19:47,FRXVZ
3668,2023-08-14,MASSY TGV,NON,5460,20:00,EST,MEUSE TGV,JCATLEST,FREAJ,17:54,FRDJU
3669,2023-08-14,MASSY TGV,NON,5460,18:23,EST,MARNE LA VALLEE CHESSY,JCATLEST,FRMLV,17:54,FRDJU
3670,2023-08-14,MASSY TGV,NON,5460,18:37,EST,AEROPORT CDG2 TGV ROISSY,JCATLEST,FRMLW,17:54,FRDJU
3671,2023-08-14,CHAMPAGNE-ARDENNE,OUI,5460,20:00,EST,MEUSE TGV,JCATLEST,FREAJ,19:35,FREAH
3672,2023-08-14,CHAMPAGNE-ARDENNE,OUI,5460,20:25,EST,LORRAINE TGV,JCATLEST,FREAM,19:35,FREAH
3673,2023-08-14,RENNES,NON,5460,17:48,EST,MASSY TGV,JCATLEST,FRDJU,16:03,FRRNS
3674,2023-08-14,LE MANS,NON,5460,20:00,EST,MEUSE TGV,JCATLEST,FREAJ,16:57,FRAET
3675,2023-08-14,LYON (intramuros),OUI,6685,15:48,SUD EST,ST ETIENNE CHATEAUCREUX,PARISRHONE,FRHHD,15:06,FRLPD
3676,2023-08-14,ANGERS ST LAUD,NON,8972,12:23,ATLANTIQUE,LE MANS,LOIREPARIS,FRAET,11:45,FRACL
3677,2023-08-14,LES SABLES D'OLONNE,NON,8972,10:54,ATLANTIQUE,NANTES,LOIREPARIS,FRNTE,09:44,FRLSO
3678,2023-08-14,LES SABLES D'OLONNE,OUI,8972,10:08,ATLANTIQUE,LA ROCHE SUR YON,LOIREPARIS,FRXRO,09:44,FRLSO
3679,2023-08-14,LA ROCHE SUR YON,NON,8972,11:42,ATLANTIQUE,ANGERS ST LAUD,LOIREPARIS,FRACL,10:10,FRXRO
3680,2023-08-14,LA ROCHE SUR YON,NON,8972,10:54,ATLANTIQUE,NANTES,LOIREPARIS,FRNTE,10:10,FRXRO
3681,2023-08-14,ANGOULEME,OUI,8431,09:02,ATLANTIQUE,BORDEAUX ST JEAN,PASUDOUEST,FRBOJ,08:26,FRANG
3682,2023-08-14,PARIS (intramuros),OUI,8431,09:02,ATLANTIQUE,BORDEAUX ST JEAN,PASUDOUEST,FRBOJ,06:00,FRPMO
3683,2023-08-14,ANGERS ST LAUD,NON,4406,16:31,IC SRO,ST PIERRE DES CORPS,JOURNTELYN,FRXSH,15:28,FRACL
3684,2023-08-14,NANTES,NON,4406,15:26,IC SRO,ANGERS ST LAUD,JOURNTELYN,FRACL,14:47,FRNTE
3685,2023-08-14,NANTES,NON,4406,21:18,IC SRO,LYON (intramuros),JOURNTELYN,FRLPD,14:47,FRNTE
3686,2023-08-14,NANTES,NON,4406,18:35,IC SRO,NEVERS,JOURNTELYN,FRNVS,14:47,FRNTE
3687,2023-08-14,NEVERS,NON,4406,19:34,IC SRO,ST GERMAIN DES FOSSES,JOURNTELYN,FRSGF,18:45,FRNVS
3688,2023-08-14,NEVERS,NON,4406,19:12,IC SRO,MOULINS SUR ALLIER,JOURNTELYN,FRXMU,18:45,FRNVS
3689,2023-08-14,ST GERMAIN DES FOSSES,NON,4406,20:13,IC SRO,ROANNE,JOURNTELYN,FRRNE,19:36,FRSGF
3690,2023-08-14,MOULINS SUR ALLIER,NON,4406,21:18,IC SRO,LYON (intramuros),JOURNTELYN,FRLPD,19:14,FRXMU
3691,2023-08-14,MOULINS SUR ALLIER,NON,4406,19:34,IC SRO,ST GERMAIN DES FOSSES,JOURNTELYN,FRSGF,19:14,FRXMU
3692,2023-08-14,ST PIERRE DES CORPS,NON,4406,17:57,IC SRO,BOURGES,JOURNTELYN,FRBOU,16:35,FRXSH
3693,2023-08-14,ST PIERRE DES CORPS,NON,4406,21:18,IC SRO,LYON (intramuros),JOURNTELYN,FRLPD,16:35,FRXSH
3694,2023-08-14,ST PIERRE DES CORPS,NON,4406,20:13,IC SRO,ROANNE,JOURNTELYN,FRRNE,16:35,FRXSH
3695,2023-08-14,ST PIERRE DES CORPS,NON,4406,19:12,IC SRO,MOULINS SUR ALLIER,JOURNTELYN,FRXMU,16:35,FRXSH
3696,2023-08-14,GENEVE,NON,9756,12:11,INTERNATIONAL,MARSEILLE ST CHARLES,GENEVEMED,FRMSC,08:41,CHGVA
3697,2023-08-14,AIX EN PROVENCE TGV,NON,9756,12:11,INTERNATIONAL,MARSEILLE ST CHARLES,GENEVEMED,FRMSC,11:58,FRAIE
3698,2023-08-14,AVIGNON TGV,NON,9756,11:55,INTERNATIONAL,AIX EN PROVENCE TGV,GENEVEMED,FRAIE,11:36,FRAVG
3699,2023-08-14,LAUSANNE,NON,9756,12:11,INTERNATIONAL,MARSEILLE ST CHARLES,GENEVEMED,FRMSC,07:45,CHAJF
3700,2023-08-14,AGEN,NON,8512,14:40,ATLANTIQUE,BORDEAUX ST JEAN,SUDOUESTPA,FRBOJ,13:35,FRAGF
3701,2023-08-14,TOULOUSE MATABIAU,NON,8512,15:20,ATLANTIQUE,ANGOULEME,SUDOUESTPA,FRANG,12:32,FRXYT
3702,2023-08-14,LAVAL,NON,8641,22:51,ATLANTIQUE,BREST,PARISBRETA,FRBES,19:58,FRACR
3703,2023-08-14,LAVAL,NON,8641,22:11,ATLANTIQUE,MORLAIX,PARISBRETA,FRMXN,19:58,FRACR
3704,2023-08-14,LAVAL,NON,8641,21:53,ATLANTIQUE,PLOUARET TREGOR,PARISBRETA,FRPLT,19:58,FRACR
3705,2023-08-14,PLOUARET TREGOR,OUI,8641,22:11,ATLANTIQUE,MORLAIX,PARISBRETA,FRMXN,21:55,FRPLT
3706,2023-08-14,PARIS (intramuros),NON,8641,22:36,ATLANTIQUE,LANDERNEAU,PARISBRETA,FRXLD,18:40,FRPMO
3707,2023-08-14,RENNES,OUI,8641,22:11,ATLANTIQUE,MORLAIX,PARISBRETA,FRMXN,20:32,FRRNS
3708,2023-08-14,RENNES,OUI,8641,22:36,ATLANTIQUE,LANDERNEAU,PARISBRETA,FRXLD,20:32,FRRNS
3709,2023-08-14,ST BRIEUC,OUI,8641,22:36,ATLANTIQUE,LANDERNEAU,PARISBRETA,FRXLD,21:24,FRSBK
3710,2023-08-14,NANCY,OUI,2571,15:12,EST,REMIREMONT,PANANCY,FRRNT,14:05,FRENC
3711,2023-08-14,PARIS (intramuros),NON,2571,14:48,EST,EPINAL,PANANCY,FREPL,12:23,FRPST
3712,2023-08-14,PARIS (intramuros),NON,2571,15:12,EST,REMIREMONT,PANANCY,FRRNT,12:23,FRPST
3713,2023-08-14,LE MANS,OUI,5320,19:19,SUD EST,MASSY TGV,JCATLSUD,FRDJU,18:30,FRAET
3714,2023-08-14,LE MANS,OUI,5320,21:47,SUD EST,LYON (intramuros),JCATLSUD,FRLPE,18:30,FRAET
3715,2023-08-14,NANTES,NON,5320,19:19,SUD EST,MASSY TGV,JCATLSUD,FRDJU,17:05,FRNTE
3716,2023-08-14,LORIENT,OUI,8707,12:38,ATLANTIQUE,QUIMPER,PARISBRETA,FRUIP,12:03,FRLRT
3717,2023-08-14,RENNES,NON,8707,11:04,ATLANTIQUE,REDON,PARISBRETA,FRXRN,10:29,FRRNS
3718,2023-08-14,REDON,NON,8707,11:29,ATLANTIQUE,VANNES,PARISBRETA,FRVNE,11:06,FRXRN
3719,2023-08-14,AURAY,OUI,8707,12:00,ATLANTIQUE,LORIENT,PARISBRETA,FRLRT,11:45,FRXUY
3720,2023-08-14,BRUXELLES MIDI BRUSSEL ZUID,NON,9810,10:29,NORD,LYON (intramuros),JCNORDSUD,FRLPD,06:35,BEBMI
3721,2023-08-14,BRUXELLES MIDI BRUSSEL ZUID,NON,9810,08:38,NORD,MARNE LA VALLEE CHESSY,JCNORDSUD,FRMLV,06:35,BEBMI
3722,2023-08-14,BRUXELLES MIDI BRUSSEL ZUID,NON,9810,08:23,NORD,AEROPORT CDG2 TGV ROISSY,JCNORDSUD,FRMLW,06:35,BEBMI
3723,2023-08-14,BRUXELLES MIDI BRUSSEL ZUID,NON,9810,12:24,NORD,MARSEILLE ST CHARLES,JCNORDSUD,FRMSC,06:35,BEBMI
3724,2023-08-14,LORIENT,OUI,8720,12:24,ATLANTIQUE,VANNES,BRETAPARIS,FRVNE,12:01,FRLRT
3725,2023-08-14,VANNES,NON,8720,15:06,ATLANTIQUE,PARIS (intramuros),BRETAPARIS,FRPMO,12:28,FRVNE
3726,2023-08-14,VANNES,NON,8720,13:25,ATLANTIQUE,RENNES,BRETAPARIS,FRRNS,12:28,FRVNE
3727,2023-08-14,ANGERS ST LAUD,NON,8923,18:09,ATLANTIQUE,LE CROISIC,PARISLOIRE,FREGU,16:13,FRACL
3728,2023-08-14,ANGERS ST LAUD,NON,8923,17:34,ATLANTIQUE,ST NAZAIRE,PARISLOIRE,FRSNR,16:13,FRACL
3729,2023-08-14,PARIS (intramuros),NON,8923,18:09,ATLANTIQUE,LE CROISIC,PARISLOIRE,FREGU,14:45,FRPMO
3730,2023-08-14,ST NAZAIRE,OUI,8923,17:47,ATLANTIQUE,PORNICHET,PARISLOIRE,FREGR,17:37,FRSNR
3731,2023-08-14,DIJON VILLE,OUI,6745,19:01,SUD EST,DOLE VILLE,PABOUR,FRACE,18:39,FRABA
3732,2023-08-14,GENEVE,NON,9784,21:48,INTERNATIONAL,BOURG EN BRESSE,GENEVEPA,FRXBK,20:29,CHGVA
3733,2023-08-14,TOULOUSE MATABIAU,NON,8514,20:43,ATLANTIQUE,MASSY TGV,SUDOUESTPA,FRDJU,16:28,FRXYT
3734,2023-08-14,BEZIERS,NON,4752,09:16,IC ARO,TOULOUSE MATABIAU,TJOURSESO,FRXYT,07:46,FRBZR
3735,2023-08-14,CARCASSONNE,NON,4752,09:49,IC ARO,MONTAUBAN VILLE BOURBON,TJOURSESO,FRXMW,08:33,FRCCF
3736,2023-08-14,NIMES,NON,4752,10:26,IC ARO,AGEN,TJOURSESO,FRAGF,06:38,FRFNI
3737,2023-08-14,NIMES,OUI,4752,07:02,IC ARO,MONTPELLIER SAINT-ROCH,TJOURSESO,FRMPL,06:38,FRFNI
3738,2023-08-14,NARBONNE,NON,4752,11:32,IC ARO,BORDEAUX ST JEAN,TJOURSESO,FRBOJ,08:02,FRXNA
3739,2023-08-14,NARBONNE,NON,4752,09:49,IC ARO,MONTAUBAN VILLE BOURBON,TJOURSESO,FRXMW,08:02,FRXNA
3740,2023-08-14,VALLORBE,NON,9264,11:08,INTERNATIONAL,PARIS (intramuros),SUISPA,FRPLY,08:00,CHAGL
3741,2023-08-14,DIJON VILLE,NON,9264,11:08,INTERNATIONAL,PARIS (intramuros),SUISPA,FRPLY,09:30,FRABA
3742,2023-08-14,FRASNE,NON,9264,09:26,INTERNATIONAL,DIJON VILLE,SUISPA,FRABA,08:15,FRFRA
3743,2023-08-14,FRASNE,NON,9264,09:00,INTERNATIONAL,DOLE VILLE,SUISPA,FRACE,08:15,FRFRA
3744,2023-08-14,MOUCHARD,NON,9264,09:26,INTERNATIONAL,DIJON VILLE,SUISPA,FRABA,08:45,FRMCD
3745,2023-08-14,BEZIERS,OUI,4770,22:34,IC ARO,CARCASSONNE,TJOURSESO,FRCCF,21:47,FRBZR
3746,2023-08-14,BEZIERS,OUI,4770,22:01,IC ARO,NARBONNE,TJOURSESO,FRXNA,21:47,FRBZR
3747,2023-08-14,NIMES,OUI,4770,21:44,IC ARO,BEZIERS,TJOURSESO,FRBZR,20:38,FRFNI
3748,2023-08-14,NIMES,OUI,4770,22:34,IC ARO,CARCASSONNE,TJOURSESO,FRCCF,20:38,FRFNI
3749,2023-08-14,NIMES,OUI,4770,23:18,IC ARO,TOULOUSE MATABIAU,TJOURSESO,FRXYT,20:38,FRFNI
3750,2023-08-14,MARSEILLE ST CHARLES,OUI,4770,21:44,IC ARO,BEZIERS,TJOURSESO,FRBZR,19:23,FRMSC
3751,2023-08-14,MARSEILLE ST CHARLES,OUI,4770,22:34,IC ARO,CARCASSONNE,TJOURSESO,FRCCF,19:23,FRMSC
3752,2023-08-14,LAVAL,NON,5464,10:20,EST,MASSY TGV,JCATLEST,FRDJU,08:55,FRACR
3753,2023-08-14,LAVAL,NON,5464,11:52,EST,CHAMPAGNE-ARDENNE,JCATLEST,FREAH,08:55,FRACR
3754,2023-08-14,CHAMPAGNE-ARDENNE,NON,5464,13:12,EST,STRASBOURG,JCATLEST,FRAEG,11:55,FREAH
3755,2023-08-14,LORRAINE TGV,OUI,5464,13:12,EST,STRASBOURG,JCATLEST,FRAEG,12:35,FREAM
3756,2023-08-14,AEROPORT CDG2 TGV ROISSY,NON,5464,12:32,EST,LORRAINE TGV,JCATLEST,FREAM,11:22,FRMLW
3757,2023-08-14,PARIS (intramuros),OUI,5955,12:29,IC ARO,CLERMONT FERRAND,PACLERMONT,FRCFE,09:00,FRPBE
3758,2023-08-14,RIOM CHATEL GUYON,OUI,5955,12:29,IC ARO,CLERMONT FERRAND,PACLERMONT,FRCFE,12:19,FRRIO
3759,2023-08-14,MOULINS SUR ALLIER,OUI,5955,12:17,IC ARO,RIOM CHATEL GUYON,PACLERMONT,FRRIO,11:30,FRXMU
3760,2023-08-14,MARSEILLE ST CHARLES,OUI,6102,08:38,SUD EST,PARIS (intramuros),PROVENCEPA,FRPLY,05:14,FRMSC
3761,2023-08-14,DOL DE BRETAGNE,NON,8086,18:12,ATLANTIQUE,PARIS (intramuros),BRETAPARIS,FRPMO,15:55,FRDOL
3762,2023-08-14,RENNES,NON,8086,18:12,ATLANTIQUE,PARIS (intramuros),BRETAPARIS,FRPMO,16:35,FRRNS
3763,2023-08-14,LYON-SAINT EXUPERY TGV,OUI,6927,22:13,SUD EST,GRENOBLE,PAGRENOBLE,FRGNB,21:09,FRJDQ
3764,2023-08-14,PARIS (intramuros),OUI,6631,22:10,SUD EST,LYON (intramuros),PARISRHONE,FRLPE,20:00,FRPLY
3765,2023-08-14,PARIS (intramuros),NON,3971,07:02,IC NUIT,FOIX,PARPALOMBE,FRXFX,20:41,FRPAZ
3766,2023-08-14,DIJON VILLE,OUI,2242,14:55,EST,MULHOUSE VILLE,JCRHONRHIN,FRAEK,13:37,FRABA
3767,2023-08-14,DIJON VILLE,OUI,2242,14:30,EST,BELFORT-MONTBELIARD TGV,JCRHONRHIN,FRTJA,13:37,FRABA
3768,2023-08-14,DIJON VILLE,OUI,2242,14:06,EST,BESANCON - F COMTE TGV,JCRHONRHIN,FRTJB,13:37,FRABA
3769,2023-08-14,AIX EN PROVENCE TGV,NON,2242,13:25,EST,DIJON VILLE,JCRHONRHIN,FRABA,09:58,FRAIE
3770,2023-08-14,AIX EN PROVENCE TGV,NON,2242,11:26,EST,LYON (intramuros),JCRHONRHIN,FRLPD,09:58,FRAIE
3771,2023-08-14,AIX EN PROVENCE TGV,NON,2242,14:30,EST,BELFORT-MONTBELIARD TGV,JCRHONRHIN,FRTJA,09:58,FRAIE
3772,2023-08-14,AIX EN PROVENCE TGV,NON,2242,14:06,EST,BESANCON - F COMTE TGV,JCRHONRHIN,FRTJB,09:58,FRAIE
3773,2023-08-14,AIX EN PROVENCE TGV,NON,2242,12:41,EST,CHALON SUR SAONE,JCRHONRHIN,FRXCD,09:58,FRAIE
3774,2023-08-14,AVIGNON TGV,NON,2242,12:41,EST,CHALON SUR SAONE,JCRHONRHIN,FRXCD,10:20,FRAVG
3775,2023-08-14,MACON VILLE,OUI,2242,14:06,EST,BESANCON - F COMTE TGV,JCRHONRHIN,FRTJB,12:12,FRHGU
3776,2023-08-14,CANNES,NON,2242,13:25,EST,DIJON VILLE,JCRHONRHIN,FRABA,07:30,FRJCA
3777,2023-08-14,CANNES,NON,2242,14:55,EST,MULHOUSE VILLE,JCRHONRHIN,FRAEK,07:30,FRJCA
3778,2023-08-14,CANNES,OUI,2242,08:46,EST,TOULON,JCRHONRHIN,FRTLN,07:30,FRJCA
3779,2023-08-14,CANNES,NON,2242,12:41,EST,CHALON SUR SAONE,JCRHONRHIN,FRXCD,07:30,FRJCA
3780,2023-08-14,LYON (intramuros),NON,2242,14:30,EST,BELFORT-MONTBELIARD TGV,JCRHONRHIN,FRTJA,11:32,FRLPD
3781,2023-08-14,LYON (intramuros),NON,2242,13:03,EST,BEAUNE,JCRHONRHIN,FRXBV,11:32,FRLPD
3782,2023-08-14,MARSEILLE ST CHARLES,NON,2242,15:24,EST,COLMAR,JCRHONRHIN,FRAEJ,09:45,FRMSC
3783,2023-08-14,MARSEILLE ST CHARLES,NON,2242,11:26,EST,LYON (intramuros),JCRHONRHIN,FRLPD,09:45,FRMSC
3784,2023-08-14,NICE VILLE,OUI,2242,07:52,EST,ST RAPHAEL VALESCURE,JCRHONRHIN,FRXSK,07:00,FRNIC
3785,2023-08-14,BESANCON - F COMTE TGV,OUI,2242,15:54,EST,STRASBOURG,JCRHONRHIN,FRAEG,14:09,FRTJB
3786,2023-08-14,BESANCON - F COMTE TGV,OUI,2242,14:55,EST,MULHOUSE VILLE,JCRHONRHIN,FRAEK,14:09,FRTJB
3787,2023-08-14,TOULON,NON,2242,13:25,EST,DIJON VILLE,JCRHONRHIN,FRABA,08:50,FRTLN
3788,2023-08-14,TOULON,NON,2242,15:24,EST,COLMAR,JCRHONRHIN,FRAEJ,08:50,FRTLN
3789,2023-08-14,TOULON,NON,2242,09:55,EST,AIX EN PROVENCE TGV,JCRHONRHIN,FRAIE,08:50,FRTLN
3790,2023-08-14,TOULON,NON,2242,09:33,EST,MARSEILLE ST CHARLES,JCRHONRHIN,FRMSC,08:50,FRTLN
3791,2023-08-14,CHALON SUR SAONE,OUI,2242,13:03,EST,BEAUNE,JCRHONRHIN,FRXBV,12:44,FRXCD
3792,2023-08-14,LES ARCS DRAGUIGNAN,NON,2242,15:54,EST,STRASBOURG,JCRHONRHIN,FRAEG,08:12,FRXRS
3793,2023-08-14,LES ARCS DRAGUIGNAN,NON,2242,11:26,EST,LYON (intramuros),JCRHONRHIN,FRLPD,08:12,FRXRS
3794,2023-08-14,LES ARCS DRAGUIGNAN,NON,2242,09:33,EST,MARSEILLE ST CHARLES,JCRHONRHIN,FRMSC,08:12,FRXRS
3795,2023-08-14,ST RAPHAEL VALESCURE,NON,2242,09:55,EST,AIX EN PROVENCE TGV,JCRHONRHIN,FRAIE,07:55,FRXSK
3796,2023-08-14,ST RAPHAEL VALESCURE,NON,2242,12:09,EST,MACON VILLE,JCRHONRHIN,FRHGU,07:55,FRXSK
3797,2023-08-14,ST RAPHAEL VALESCURE,NON,2242,11:26,EST,LYON (intramuros),JCRHONRHIN,FRLPD,07:55,FRXSK
3798,2023-08-14,ST RAPHAEL VALESCURE,NON,2242,13:03,EST,BEAUNE,JCRHONRHIN,FRXBV,07:55,FRXSK
3799,2023-08-14,NICE VILLE,NON,2242,14:06,EST,BESANCON - F COMTE TGV,JCRHONRHIN,FRTJB,07:00,FRNIC
3800,2023-08-14,ANTIBES,NON,2242,14:30,EST,BELFORT-MONTBELIARD TGV,JCRHONRHIN,FRTJA,07:16,FRXAT
3801,2023-08-14,BEAUNE,OUI,2242,15:54,EST,STRASBOURG,JCRHONRHIN,FRAEG,13:06,FRXBV
3802,2023-08-14,BEAUNE,OUI,2242,15:24,EST,COLMAR,JCRHONRHIN,FRAEJ,13:06,FRXBV
3803,2023-08-14,BEAUNE,OUI,2242,14:06,EST,BESANCON - F COMTE TGV,JCRHONRHIN,FRTJB,13:06,FRXBV
3804,2023-08-14,PARIS (intramuros),NON,8537,14:55,ATLANTIQUE,HENDAYE,PASUDOUEST,FRAEF,10:08,FRPMO
3805,2023-08-14,PARIS (intramuros),NON,8537,14:41,ATLANTIQUE,ST JEAN DE LUZ CIBOURE,PASUDOUEST,FRXJZ,10:08,FRPMO
3806,2023-08-14,MODANE,NON,9248,23:26,INTERNATIONAL,PARIS (intramuros),ITALIEPA,FRPLY,19:12,FRAGR
3807,2023-08-14,MILANO P GARIBALDI,NON,9248,23:26,INTERNATIONAL,PARIS (intramuros),ITALIEPA,FRPLY,16:10,ITMPG
3808,2023-08-14,OULX CESANA CLAV SESTRIERE,NON,9248,19:06,INTERNATIONAL,MODANE,ITALIEPA,FRAGR,18:36,ITOCS
3809,2023-08-14,TORINO PORTA SUSA,NON,9248,19:06,INTERNATIONAL,MODANE,ITALIEPA,FRAGR,17:38,ITTRS
3810,2023-08-14,ANGOULEME,NON,5440,10:16,EST,POITIERS,JCATLEST,FRPIS,09:35,FRANG
3811,2023-08-14,BORDEAUX ST JEAN,NON,5440,13:23,EST,MEUSE TGV,JCATLEST,FREAJ,08:54,FRBOJ
3812,2023-08-14,BORDEAUX ST JEAN,NON,5440,13:49,EST,LORRAINE TGV,JCATLEST,FREAM,08:54,FRBOJ
3813,2023-08-14,MASSY TGV,NON,5440,12:24,EST,MARNE LA VALLEE CHESSY,JCATLEST,FRMLV,11:55,FRDJU
3814,2023-08-14,POITIERS,NON,5440,13:49,EST,LORRAINE TGV,JCATLEST,FREAM,10:19,FRPIS
3815,2023-08-14,AGEN,OUI,12213,23:31,ATLANTIQUE,TOULOUSE MATABIAU,PASUDOUEST,FRXYT,22:25,FRAGF
3816,2023-08-14,LYON-SAINT EXUPERY TGV,OUI,6923,20:13,SUD EST,GRENOBLE,PAGRENOBLE,FRGNB,19:05,FRJDQ
3817,2023-08-14,PARIS (intramuros),OUI,6923,20:13,SUD EST,GRENOBLE,PAGRENOBLE,FRGNB,17:13,FRPLY
3818,2023-08-14,MULHOUSE VILLE,NON,9222,17:38,INTERNATIONAL,PARIS (intramuros),ZURBALPA,FRPLY,14:56,FRAEK
3819,2023-08-14,LE MANS,OUI,5472,21:29,EST,RENNES,JCESTATL,FRRNS,20:32,FRAET
3820,2023-08-14,LORRAINE TGV,OUI,5472,19:34,EST,MASSY TGV,JCESTATL,FRDJU,17:26,FREAM
3821,2023-08-14,MARNE LA VALLEE CHESSY,OUI,5472,20:29,EST,LE MANS,JCESTATL,FRAET,19:02,FRMLV
3822,2023-08-14,LILLE (intramuros),NON,5202,08:22,NORD,MARNE LA VALLEE CHESSY,JCNORDAQUI,FRMLV,06:15,FRADJ
3823,2023-08-14,LILLE (intramuros),OUI,5202,06:55,NORD,ARRAS,JCNORDAQUI,FRQRV,06:15,FRADJ
3824,2023-08-14,LILLE (intramuros),OUI,5202,06:34,NORD,DOUAI,JCNORDAQUI,FRXDN,06:15,FRADJ
3825,2023-08-14,LILLE (intramuros),NON,5202,10:06,NORD,ST PIERRE DES CORPS,JCNORDAQUI,FRXSH,06:15,FRADJ
3826,2023-08-14,ANGOULEME,NON,5202,12:02,NORD,BORDEAUX ST JEAN,JCNORDAQUI,FRBOJ,11:26,FRANG
3827,2023-08-14,MARNE LA VALLEE CHESSY,NON,5202,09:04,NORD,MASSY TGV,JCNORDAQUI,FRDJU,08:35,FRMLV
3828,2023-08-14,AEROPORT CDG2 TGV ROISSY,NON,5202,08:22,NORD,MARNE LA VALLEE CHESSY,JCNORDAQUI,FRMLV,08:10,FRMLW
3829,2023-08-14,AEROPORT CDG2 TGV ROISSY,NON,5202,10:41,NORD,POITIERS,JCNORDAQUI,FRPIS,08:10,FRMLW
3830,2023-08-14,ARRAS,OUI,5202,07:18,NORD,TGV HAUTE PICARDIE,JCNORDAQUI,FRTHP,07:00,FRQRV
3831,2023-08-14,TGV HAUTE PICARDIE,NON,5202,09:04,NORD,MASSY TGV,JCNORDAQUI,FRDJU,07:25,FRTHP
3832,2023-08-14,DOUAI,NON,5202,11:23,NORD,ANGOULEME,JCNORDAQUI,FRANG,06:37,FRXDN
3833,2023-08-14,DOUAI,NON,5202,12:02,NORD,BORDEAUX ST JEAN,JCNORDAQUI,FRBOJ,06:37,FRXDN
3834,2023-08-14,DOUAI,NON,5202,08:22,NORD,MARNE LA VALLEE CHESSY,JCNORDAQUI,FRMLV,06:37,FRXDN
3835,2023-08-14,LILLE (intramuros),NON,9862,15:25,NORD,BRUXELLES MIDI BRUSSEL ZUID,JCSUDNORD,BEBMI,14:51,FRLLE
3836,2023-08-14,LYON (intramuros),NON,9862,14:24,NORD,LILLE (intramuros),JCSUDNORD,FRLLE,11:00,FRLPD
3837,2023-08-14,MARNE LA VALLEE CHESSY,NON,9862,13:55,NORD,ARRAS,JCSUDNORD,FRQRV,12:51,FRMLV
3838,2023-08-14,ARRAS,NON,9862,15:25,NORD,BRUXELLES MIDI BRUSSEL ZUID,JCSUDNORD,BEBMI,14:03,FRQRV
3839,2023-08-14,ARRAS,NON,9862,14:24,NORD,LILLE (intramuros),JCSUDNORD,FRLLE,14:03,FRQRV
3840,2023-08-14,VALENCE TGV RHONE-ALPES SUD,NON,9862,14:24,NORD,LILLE (intramuros),JCSUDNORD,FRLLE,10:15,FRVLA
3841,2023-08-14,VALENCE TGV RHONE-ALPES SUD,NON,9862,10:53,NORD,LYON (intramuros),JCSUDNORD,FRLPD,10:15,FRVLA
3842,2023-08-14,VALENCE TGV RHONE-ALPES SUD,NON,9862,13:01,NORD,AEROPORT CDG2 TGV ROISSY,JCSUDNORD,FRMLW,10:15,FRVLA
3843,2023-08-14,MONTPELLIER SUD DE FRANCE,NON,9862,14:24,NORD,LILLE (intramuros),JCSUDNORD,FRLLE,09:12,FRSUF
3844,2023-08-14,MONTPELLIER SUD DE FRANCE,NON,9862,15:25,NORD,BRUXELLES MIDI BRUSSEL ZUID,JCSUDNORD,BEBMI,09:12,FRSUF
3845,2023-08-14,NIMES PONT DU GARD,NON,9862,12:47,NORD,MARNE LA VALLEE CHESSY,JCSUDNORD,FRMLV,09:33,FRXZP
3846,2023-08-14,NIMES PONT DU GARD,NON,9862,13:01,NORD,AEROPORT CDG2 TGV ROISSY,JCSUDNORD,FRMLW,09:33,FRXZP
3847,2023-08-14,NIMES PONT DU GARD,NON,9862,13:34,NORD,TGV HAUTE PICARDIE,JCSUDNORD,FRTHP,09:33,FRXZP
3848,2023-08-14,PARIS (intramuros),OUI,6279,23:51,SUD EST,PERPIGNAN,PALANG,FRPGF,18:56,FRPLY
3849,2023-08-14,VALENCE TGV RHONE-ALPES SUD,OUI,6279,22:46,SUD EST,AGDE,PALANG,FRXAG,21:09,FRVLA
3850,2023-08-14,VALENCE TGV RHONE-ALPES SUD,OUI,6279,22:30,SUD EST,SETE,PALANG,FRXSY,21:09,FRVLA
3851,2023-08-14,SETE,OUI,6279,22:46,SUD EST,AGDE,PALANG,FRXAG,22:33,FRXSY
3852,2023-08-14,SETE,OUI,6279,23:16,SUD EST,NARBONNE,PALANG,FRXNA,22:33,FRXSY
3853,2023-08-14,PARIS (intramuros),OUI,6279,22:08,SUD EST,MONTPELLIER SUD DE FRANCE,PALANG,FRSUF,18:56,FRPLY
3854,2023-08-14,MONTPELLIER SUD DE FRANCE,OUI,6279,23:51,SUD EST,PERPIGNAN,PALANG,FRPGF,22:17,FRSUF
3855,2023-08-14,NIMES PONT DU GARD,OUI,6279,23:00,SUD EST,BEZIERS,PALANG,FRBZR,21:49,FRXZP
3856,2023-08-14,NIMES PONT DU GARD,OUI,6279,22:08,SUD EST,MONTPELLIER SUD DE FRANCE,PALANG,FRSUF,21:49,FRXZP
3857,2023-08-14,BEZIERS,NON,6250,08:50,SUD EST,VALENCE TGV RHONE-ALPES SUD,LANGPA,FRVLA,06:58,FRBZR
3858,2023-08-14,PERPIGNAN,NON,6250,08:50,SUD EST,VALENCE TGV RHONE-ALPES SUD,LANGPA,FRVLA,06:04,FRPGF
3859,2023-08-14,AGDE,NON,6250,11:04,SUD EST,PARIS (intramuros),LANGPA,FRPLY,07:11,FRXAG
3860,2023-08-14,NARBONNE,OUI,6250,06:55,SUD EST,BEZIERS,LANGPA,FRBZR,06:42,FRXNA
3861,2023-08-14,NARBONNE,NON,6250,11:04,SUD EST,PARIS (intramuros),LANGPA,FRPLY,06:42,FRXNA
3862,2023-08-14,NARBONNE,NON,6250,08:50,SUD EST,VALENCE TGV RHONE-ALPES SUD,LANGPA,FRVLA,06:42,FRXNA
3863,2023-08-14,MONTPELLIER SUD DE FRANCE,NON,6250,08:50,SUD EST,VALENCE TGV RHONE-ALPES SUD,LANGPA,FRVLA,07:50,FRSUF
3864,2023-08-14,PERPIGNAN,OUI,6250,07:43,SUD EST,MONTPELLIER SUD DE FRANCE,LANGPA,FRSUF,06:04,FRPGF
3865,2023-08-14,PERPIGNAN,NON,6250,08:10,SUD EST,NIMES PONT DU GARD,LANGPA,FRXZP,06:04,FRPGF
3866,2023-08-14,BEZIERS,NON,6250,08:10,SUD EST,NIMES PONT DU GARD,LANGPA,FRXZP,06:58,FRBZR
3867,2023-08-14,AGDE,NON,6250,08:10,SUD EST,NIMES PONT DU GARD,LANGPA,FRXZP,07:11,FRXAG
3868,2023-08-14,CHAMPAGNE-ARDENNE,OUI,2509,15:44,EST,NANCY,PANANCY,FRENC,14:41,FREAH
3869,2023-08-14,PARIS (intramuros),OUI,7385,20:02,NORD,LENS,PAARRAS,FRXLE,18:52,FRPNO
3870,2023-08-14,LILLE (intramuros),NON,5010,08:38,NORD,MARNE LA VALLEE CHESSY,JCNORDSUD,FRMLV,07:24,FRLLE
3871,2023-08-14,LYON (intramuros),NON,5010,12:24,NORD,MARSEILLE ST CHARLES,JCNORDSUD,FRMSC,10:35,FRLPD
3872,2023-08-14,MARNE LA VALLEE CHESSY,NON,5010,12:24,NORD,MARSEILLE ST CHARLES,JCNORDSUD,FRMSC,08:43,FRMLV
3873,2023-08-14,MARNE LA VALLEE CHESSY,NON,5010,11:15,NORD,VALENCE TGV RHONE-ALPES SUD,JCNORDSUD,FRVLA,08:43,FRMLV
3874,2023-08-14,AEROPORT CDG2 TGV ROISSY,NON,5010,08:38,NORD,MARNE LA VALLEE CHESSY,JCNORDSUD,FRMLV,08:29,FRMLW
3875,2023-08-14,KARLSRUHE HBF,NON,9583,15:59,INTERNATIONAL,FRANKFURT MAIN HBF,MRSFRANC,DEFRH,14:54,DEQKA
3876,2023-08-14,STRASBOURG,NON,9583,15:59,INTERNATIONAL,FRANKFURT MAIN HBF,MRSFRANC,DEFRH,13:55,FRAEG
3877,2023-08-14,STRASBOURG,NON,9583,15:18,INTERNATIONAL,MANNHEIM HBF,MRSFRANC,DEMHG,13:55,FRAEG
3878,2023-08-14,MULHOUSE VILLE,NON,9583,15:59,INTERNATIONAL,FRANKFURT MAIN HBF,MRSFRANC,DEFRH,12:54,FRAEK
3879,2023-08-14,MULHOUSE VILLE,NON,9583,14:23,INTERNATIONAL,BADEN BADEN,MRSFRANC,DEZCC,12:54,FRAEK
3880,2023-08-14,AVIGNON TGV,NON,9583,14:46,INTERNATIONAL,KARLSRUHE HBF,MRSFRANC,DEQKA,08:47,FRAVG
3881,2023-08-14,AVIGNON TGV,NON,9583,12:00,INTERNATIONAL,BESANCON - F COMTE TGV,MRSFRANC,FRTJB,08:47,FRAVG
3882,2023-08-14,AVIGNON TGV,NON,9583,11:03,INTERNATIONAL,CHALON SUR SAONE,MRSFRANC,FRXCD,08:47,FRAVG
3883,2023-08-14,LYON (intramuros),NON,9583,13:43,INTERNATIONAL,STRASBOURG,MRSFRANC,FRAEG,10:04,FRLPD
3884,2023-08-14,LYON (intramuros),NON,9583,11:03,INTERNATIONAL,CHALON SUR SAONE,MRSFRANC,FRXCD,10:04,FRLPD
3885,2023-08-14,MARSEILLE ST CHARLES,NON,9583,14:46,INTERNATIONAL,KARLSRUHE HBF,MRSFRANC,DEQKA,08:11,FRMSC
3886,2023-08-14,MARSEILLE ST CHARLES,NON,9583,08:44,INTERNATIONAL,AVIGNON TGV,MRSFRANC,FRAVG,08:11,FRMSC
3887,2023-08-14,MARSEILLE ST CHARLES,NON,9583,12:24,INTERNATIONAL,BELFORT-MONTBELIARD TGV,MRSFRANC,FRTJA,08:11,FRMSC
3888,2023-08-14,BELFORT-MONTBELIARD TGV,NON,9583,15:59,INTERNATIONAL,FRANKFURT MAIN HBF,MRSFRANC,DEFRH,12:27,FRTJA
3889,2023-08-14,BELFORT-MONTBELIARD TGV,NON,9583,12:51,INTERNATIONAL,MULHOUSE VILLE,MRSFRANC,FRAEK,12:27,FRTJA
3890,2023-08-14,CHALON SUR SAONE,NON,9583,15:59,INTERNATIONAL,FRANKFURT MAIN HBF,MRSFRANC,DEFRH,11:06,FRXCD
3891,2023-08-14,CHALON SUR SAONE,NON,9583,15:18,INTERNATIONAL,MANNHEIM HBF,MRSFRANC,DEMHG,11:06,FRXCD
3892,2023-08-14,CHALON SUR SAONE,NON,9583,12:51,INTERNATIONAL,MULHOUSE VILLE,MRSFRANC,FRAEK,11:06,FRXCD
3893,2023-08-14,BOULOGNE VILLE,OUI,7546,22:47,NORD,PARIS (intramuros),ARRASPA,FRPNO,19:53,FRAEB
3894,2023-08-14,LILLE (intramuros),OUI,7546,22:47,NORD,PARIS (intramuros),ARRASPA,FRPNO,21:02,FRLLE
3895,2023-08-14,DOUAI,OUI,7546,22:47,NORD,PARIS (intramuros),ARRASPA,FRPNO,21:34,FRXDN
3896,2023-08-14,VENDOME VILLIERS SUR LOIR,OUI,8342,18:33,ATLANTIQUE,PARIS (intramuros),ROCHELLEPA,FRPMO,17:46,FRESL
3897,2023-08-14,POITIERS,OUI,8342,17:15,ATLANTIQUE,ST PIERRE DES CORPS,ROCHELLEPA,FRXSH,16:19,FRPIS
3898,2023-08-14,ST PIERRE DES CORPS,OUI,8342,18:33,ATLANTIQUE,PARIS (intramuros),ROCHELLEPA,FRPMO,17:25,FRXSH
3899,2023-08-14,FUTUROSCOPE,OUI,8342,17:43,ATLANTIQUE,VENDOME VILLIERS SUR LOIR,ROCHELLEPA,FRESL,16:30,FRTGO
3900,2023-08-14,KARLSRUHE HBF,NON,9572,18:05,INTERNATIONAL,PARIS (intramuros),MUNSTUTPA,FRPST,15:32,DEQKA
3901,2023-08-14,STUTTGART HBF,NON,9572,16:13,INTERNATIONAL,STRASBOURG,MUNSTUTPA,FRAEG,14:52,DESGT
3902,2023-08-14,VENDOME VILLIERS SUR LOIR,OUI,8331,09:35,ATLANTIQUE,POITIERS,PAROCHELLE,FRPIS,08:16,FRESL
3903,2023-08-14,FUTUROSCOPE,OUI,8331,09:35,ATLANTIQUE,POITIERS,PAROCHELLE,FRPIS,09:25,FRTGO
3904,2023-08-14,ST PIERRE DES CORPS,OUI,8331,09:22,ATLANTIQUE,FUTUROSCOPE,PAROCHELLE,FRTGO,08:42,FRXSH
3905,2023-08-14,ST PIERRE DES CORPS,OUI,8331,09:07,ATLANTIQUE,CHATELLERAULT,PAROCHELLE,FRXCX,08:42,FRXSH
3906,2023-08-14,VENDOME VILLIERS SUR LOIR,OUI,8331,09:22,ATLANTIQUE,FUTUROSCOPE,PAROCHELLE,FRTGO,08:16,FRESL
3907,2023-08-14,CANNES,NON,6162,17:07,SUD EST,AVIGNON TGV,AZURPA,FRAVG,14:38,FRJCA
3908,2023-08-14,NICE VILLE,NON,6162,19:50,SUD EST,PARIS (intramuros),AZURPA,FRPLY,14:09,FRNIC
3909,2023-08-14,NICE VILLE,OUI,6162,15:00,SUD EST,ST RAPHAEL VALESCURE,AZURPA,FRXSK,14:09,FRNIC
3910,2023-08-14,ANTIBES,OUI,6162,14:34,SUD EST,CANNES,AZURPA,FRJCA,14:24,FRXAT
3911,2023-08-14,ANTIBES,OUI,6162,15:00,SUD EST,ST RAPHAEL VALESCURE,AZURPA,FRXSK,14:24,FRXAT
3912,2023-08-14,ST RAPHAEL VALESCURE,OUI,6162,15:49,SUD EST,TOULON,AZURPA,FRTLN,15:03,FRXSK
3913,2023-08-14,PARIS (intramuros),NON,9775,18:14,INTERNATIONAL,LAUSANNE,PAGENEVE,CHAJF,14:18,FRPLY
3914,2023-08-14,LE MANS,OUI,8932,22:26,ATLANTIQUE,PARIS (intramuros),LOIREPARIS,FRPMO,21:27,FRAET
3915,2023-08-14,LE CROISIC,OUI,8932,21:24,ATLANTIQUE,LE MANS,LOIREPARIS,FRAET,18:55,FREGU
3916,2023-08-14,NANTES,OUI,8932,20:43,ATLANTIQUE,ANGERS ST LAUD,LOIREPARIS,FRACL,20:05,FRNTE
3917,2023-08-14,NANTES,OUI,8932,22:26,ATLANTIQUE,PARIS (intramuros),LOIREPARIS,FRPMO,20:05,FRNTE
3918,2023-08-14,ST NAZAIRE,OUI,8932,20:43,ATLANTIQUE,ANGERS ST LAUD,LOIREPARIS,FRACL,19:25,FRSNR
3919,2023-08-14,BORDEAUX ST JEAN,NON,4659,16:37,IC ARO,MARSEILLE ST CHARLES,TJOURSOSE,FRMSC,10:27,FRBOJ
3920,2023-08-14,BORDEAUX ST JEAN,NON,4659,13:58,IC ARO,NARBONNE,TJOURSOSE,FRXNA,10:27,FRBOJ
3921,2023-08-14,BEZIERS,NON,4659,15:22,IC ARO,NIMES,TJOURSOSE,FRFNI,14:17,FRBZR
3922,2023-08-14,BEZIERS,NON,4659,14:54,IC ARO,MONTPELLIER SAINT-ROCH,TJOURSOSE,FRMPL,14:17,FRBZR
3923,2023-08-14,CARCASSONNE,NON,4659,14:14,IC ARO,BEZIERS,TJOURSOSE,FRBZR,13:29,FRCCF
3924,2023-08-14,CARCASSONNE,NON,4659,14:54,IC ARO,MONTPELLIER SAINT-ROCH,TJOURSOSE,FRMPL,13:29,FRCCF
3925,2023-08-14,MONTAUBAN VILLE BOURBON,NON,4659,13:58,IC ARO,NARBONNE,TJOURSOSE,FRXNA,12:10,FRXMW
3926,2023-08-14,RIOM CHATEL GUYON,OUI,5950,08:57,IC ARO,PARIS (intramuros),CLERMONTPA,FRPBE,05:38,FRRIO
3927,2023-08-14,ST GERMAIN DES FOSSES,OUI,5950,06:29,IC ARO,MOULINS SUR ALLIER,CLERMONTPA,FRXMU,06:12,FRSGF
3928,2023-08-14,VICHY,OUI,5950,06:29,IC ARO,MOULINS SUR ALLIER,CLERMONTPA,FRXMU,06:02,FRVHY
3929,2023-08-14,MOULINS SUR ALLIER,OUI,5950,06:58,IC ARO,NEVERS,CLERMONTPA,FRNVS,06:31,FRXMU
3930,2023-08-14,RIOM CHATEL GUYON,OUI,5950,06:10,IC ARO,ST GERMAIN DES FOSSES,CLERMONTPA,FRSGF,05:38,FRRIO
3931,2023-08-14,DIJON VILLE,NON,5521,09:54,EST,CHALON SUR SAONE,JCRHINRHON,FRXCD,09:21,FRABA
3932,2023-08-14,METZ VILLE,NON,5521,10:56,EST,LYON (intramuros),JCRHINRHON,FRLPD,05:46,FRADE
3933,2023-08-14,METZ VILLE,OUI,5521,08:14,EST,BELFORT-MONTBELIARD TGV,JCRHINRHON,FRTJA,05:46,FRADE
3934,2023-08-14,STRASBOURG,NON,5521,09:11,EST,DIJON VILLE,JCRHINRHON,FRABA,06:47,FRAEG
3935,2023-08-14,STRASBOURG,NON,5521,08:38,EST,BESANCON - F COMTE TGV,JCRHINRHON,FRTJB,06:47,FRAEG
3936,2023-08-14,STRASBOURG,NON,5521,09:54,EST,CHALON SUR SAONE,JCRHINRHON,FRXCD,06:47,FRAEG
3937,2023-08-14,MULHOUSE VILLE,OUI,5521,08:14,EST,BELFORT-MONTBELIARD TGV,JCRHINRHON,FRTJA,07:52,FRAEK
3938,2023-08-14,BELFORT-MONTBELIARD TGV,NON,5521,12:54,EST,MONTPELLIER SAINT-ROCH,JCRHINRHON,FRMPL,08:17,FRTJA
3939,2023-08-14,BELFORT-MONTBELIARD TGV,NON,5521,08:38,EST,BESANCON - F COMTE TGV,JCRHINRHON,FRTJB,08:17,FRTJA
3940,2023-08-14,NIORT,OUI,8371,09:21,ATLANTIQUE,SURGERES,PAROCHELLE,FREIP,09:03,FRNIT
3941,2023-08-14,AGEN,OUI,8517,21:31,ATLANTIQUE,TOULOUSE MATABIAU,PASUDOUEST,FRXYT,20:27,FRAGF
3942,2023-08-14,MONTAUBAN VILLE BOURBON,OUI,8517,21:31,ATLANTIQUE,TOULOUSE MATABIAU,PASUDOUEST,FRXYT,21:06,FRXMW
3943,2023-08-14,MONTBARD,OUI,6741,08:31,SUD EST,DIJON VILLE,PABOUR,FRABA,07:57,FRGWE
3944,2023-08-14,BESANCON - F COMTE TGV,OUI,6741,09:19,SUD EST,BESANCON VIOTTE,PABOUR,FRABG,09:08,FRTJB
3945,2023-08-14,PARIS (intramuros),NON,2751,20:35,EST,SEDAN,PABARSED,FRXSW,18:28,FRPST
3946,2023-08-14,CHARLEVILLE MEZIERES,OUI,2751,20:35,EST,SEDAN,PABARSED,FRXSW,20:20,FRXCZ
3947,2023-08-14,ANGERS ST LAUD,NON,5288,18:23,NORD,MARNE LA VALLEE CHESSY,JCBRETNORD,FRMLV,16:02,FRACL
3948,2023-08-14,MASSY TGV,NON,5288,19:35,NORD,LILLE (intramuros),JCBRETNORD,FRLLE,17:54,FRDJU
3949,2023-08-14,MASSY TGV,NON,5288,18:37,NORD,AEROPORT CDG2 TGV ROISSY,JCBRETNORD,FRMLW,17:54,FRDJU
3950,2023-08-14,MARNE LA VALLEE CHESSY,NON,5288,19:35,NORD,LILLE (intramuros),JCBRETNORD,FRLLE,18:28,FRMLV
3951,2023-08-14,MARNE LA VALLEE CHESSY,NON,5288,18:37,NORD,AEROPORT CDG2 TGV ROISSY,JCBRETNORD,FRMLW,18:28,FRMLV
3952,2023-08-14,AEROPORT CDG2 TGV ROISSY,OUI,5288,19:35,NORD,LILLE (intramuros),JCBRETNORD,FRLLE,18:43,FRMLW
3953,2023-08-14,AVIGNON TGV,OUI,6180,22:38,SUD EST,PARIS (intramuros),AZURPA,FRPLY,19:58,FRAVG
3954,2023-08-14,CANNES,NON,6180,22:38,SUD EST,PARIS (intramuros),AZURPA,FRPLY,17:33,FRJCA
3955,2023-08-14,CANNES,OUI,6180,18:07,SUD EST,LES ARCS DRAGUIGNAN,AZURPA,FRXRS,17:33,FRJCA
3956,2023-08-14,NICE VILLE,OUI,6180,17:29,SUD EST,CANNES,AZURPA,FRJCA,16:57,FRNIC
3957,2023-08-14,NICE VILLE,NON,6180,22:38,SUD EST,PARIS (intramuros),AZURPA,FRPLY,16:57,FRNIC
3958,2023-08-14,NICE VILLE,OUI,6180,17:15,SUD EST,ANTIBES,AZURPA,FRXAT,16:57,FRNIC
3959,2023-08-14,NICE VILLE,OUI,6180,18:07,SUD EST,LES ARCS DRAGUIGNAN,AZURPA,FRXRS,16:57,FRNIC
3960,2023-08-14,LES ARCS DRAGUIGNAN,OUI,6180,18:44,SUD EST,TOULON,AZURPA,FRTLN,18:10,FRXRS
3961,2023-08-14,BESANCON - F COMTE TGV,OUI,6703,12:05,SUD EST,BELFORT-MONTBELIARD TGV,PABOUR,FRTJA,11:38,FRTJB
3962,2023-08-14,LILLE (intramuros),NON,7032,12:44,NORD,PARIS (intramuros),LILLEPA,FRPNO,11:42,FRADJ
3963,2023-08-14,NEVERS,OUI,5971,19:29,IC ARO,CLERMONT FERRAND,PACLERMONT,FRCFE,17:59,FRNVS
3964,2023-08-14,NEVERS,OUI,5971,18:28,IC ARO,MOULINS SUR ALLIER,PACLERMONT,FRXMU,17:59,FRNVS
3965,2023-08-14,MOULINS SUR ALLIER,OUI,5971,19:17,IC ARO,RIOM CHATEL GUYON,PACLERMONT,FRRIO,18:30,FRXMU
3966,2023-08-14,BOURGES,NON,4502,14:58,IC SRO,SAUMUR,JOURLYNNTE,FRACN,13:03,FRBOU
3967,2023-08-14,BOURGES,NON,4502,16:04,IC SRO,NANTES,JOURLYNNTE,FRNTE,13:03,FRBOU
3968,2023-08-14,BOURGES,NON,4502,14:25,IC SRO,ST PIERRE DES CORPS,JOURLYNNTE,FRXSH,13:03,FRBOU
3969,2023-08-14,BOURGES,NON,4502,13:21,IC SRO,VIERZON VILLE,JOURLYNNTE,FRXVZ,13:03,FRBOU
3970,2023-08-14,LYON (intramuros),NON,4502,11:39,IC SRO,MOULINS SUR ALLIER,JOURLYNNTE,FRXMU,09:34,FRLPD
3971,2023-08-14,LYON (intramuros),NON,4502,09:28,IC SRO,LYON (intramuros),JOURLYNNTE,FRLPD,09:20,FRLPE
3972,2023-08-14,ROANNE,NON,4502,14:58,IC SRO,SAUMUR,JOURLYNNTE,FRACN,10:40,FRRNE
3973,2023-08-14,ST GERMAIN DES FOSSES,NON,4502,16:04,IC SRO,NANTES,JOURLYNNTE,FRNTE,11:19,FRSGF
3974,2023-08-14,ST PIERRE DES CORPS,NON,4502,16:04,IC SRO,NANTES,JOURLYNNTE,FRNTE,14:28,FRXSH
3975,2023-08-14,MARSEILLE ST CHARLES,NON,6175,15:57,SUD EST,NICE VILLE,PAAZUR,FRNIC,13:28,FRMSC
3976,2023-08-14,PARIS (intramuros),NON,6175,13:14,SUD EST,MARSEILLE ST CHARLES,PAAZUR,FRMSC,10:10,FRPLY
3977,2023-08-14,PARIS (intramuros),NON,6175,15:57,SUD EST,NICE VILLE,PAAZUR,FRNIC,10:10,FRPLY
3978,2023-08-14,TOULON,NON,6175,15:57,SUD EST,NICE VILLE,PAAZUR,FRNIC,14:15,FRTLN
3979,2023-08-14,LES ARCS DRAGUIGNAN,OUI,6175,15:38,SUD EST,ANTIBES,PAAZUR,FRXAT,14:51,FRXRS
3980,2023-08-14,STRASBOURG,NON,9563,18:59,INTERNATIONAL,FRANKFURT MAIN HBF,PAFRANC,DEFRH,17:13,FRAEG
3981,2023-08-14,PARIS (intramuros),NON,9563,17:07,INTERNATIONAL,STRASBOURG,PAFRANC,FRAEG,15:21,FRPST
3982,2023-08-14,BEZIERS,NON,6873,18:24,SUD EST,NIMES,JCSUDPROV,FRFNI,17:15,FRBZR
3983,2023-08-14,NIMES,NON,6873,19:51,SUD EST,LYON (intramuros),JCSUDPROV,FRLPD,18:27,FRFNI
3984,2023-08-14,TOULOUSE MATABIAU,NON,6873,17:55,SUD EST,MONTPELLIER SAINT-ROCH,JCSUDPROV,FRMPL,15:43,FRXYT
3985,2023-08-14,TOULOUSE MATABIAU,NON,6873,16:56,SUD EST,NARBONNE,JCSUDPROV,FRXNA,15:43,FRXYT
3986,2023-08-14,PARIS (intramuros),OUI,2801,08:56,EST,METZ VILLE,PAMETZLUX,FRADE,07:28,FRPST
3987,2023-08-14,PARIS (intramuros),OUI,2801,09:17,EST,THIONVILLE,PAMETZLUX,FRXTH,07:28,FRPST
3988,2023-08-14,PARIS (intramuros),OUI,2801,09:44,EST,LUXEMBOURG,PAMETZLUX,LULUX,07:28,FRPST
3989,2023-08-14,LE POULIGUEN,OUI,8916,11:04,ATLANTIQUE,LA BAULE ESCOUBLAC,LOIREPARIS,FRJEE,11:00,FREGS
3990,2023-08-14,LE CROISIC,OUI,8916,10:57,ATLANTIQUE,LE POULIGUEN,LOIREPARIS,FREGS,10:52,FREGU
3991,2023-08-14,LA BAULE ESCOUBLAC,OUI,8916,11:11,ATLANTIQUE,PORNICHET,LOIREPARIS,FREGR,11:07,FRJEE
3992,2023-08-14,LA BAULE ESCOUBLAC,NON,8916,11:24,ATLANTIQUE,ST NAZAIRE,LOIREPARIS,FRSNR,11:07,FRJEE
3993,2023-08-14,NANTES,NON,8916,14:09,ATLANTIQUE,PARIS (intramuros),LOIREPARIS,FRPMO,12:09,FRNTE
3994,2023-08-14,LAVAL,NON,8636,20:20,ATLANTIQUE,PARIS (intramuros),BRETAPARIS,FRPMO,19:04,FRACR
3995,2023-08-14,LAMBALLE,NON,8636,20:20,ATLANTIQUE,PARIS (intramuros),BRETAPARIS,FRPMO,17:47,FRLAM
3996,2023-08-14,MORLAIX,OUI,8636,17:44,ATLANTIQUE,LAMBALLE,BRETAPARIS,FRLAM,16:47,FRMXN
3997,2023-08-14,ST BRIEUC,NON,8636,19:01,ATLANTIQUE,LAVAL,BRETAPARIS,FRACR,17:34,FRSBK
3998,2023-08-14,ST BRIEUC,NON,8636,18:25,ATLANTIQUE,RENNES,BRETAPARIS,FRRNS,17:34,FRSBK
3999,2023-08-14,LYON (intramuros),OUI,6617,16:10,SUD EST,LYON (intramuros),PARISRHONE,FRLPE,16:02,FRLPD
4000,2023-08-14,LE CREUSOT MONTCEAU MONTCHANIN,OUI,6617,16:10,SUD EST,LYON (intramuros),PARISRHONE,FRLPE,15:13,FRXCC
4001,2023-08-14,AIX EN PROVENCE TGV,NON,9752,16:58,INTERNATIONAL,BELLEGARDE,MEDGENEVE,FRXBF,14:00,FRAIE
4002,2023-08-14,AVIGNON TGV,NON,9752,16:58,INTERNATIONAL,BELLEGARDE,MEDGENEVE,FRXBF,14:23,FRAVG
4003,2023-08-14,LYON (intramuros),NON,9752,16:58,INTERNATIONAL,BELLEGARDE,MEDGENEVE,FRXBF,15:40,FRLPD
4004,2023-08-14,MARSEILLE ST CHARLES,NON,9752,14:19,INTERNATIONAL,AVIGNON TGV,MEDGENEVE,FRAVG,13:46,FRMSC
4005,2023-08-14,PARIS (intramuros),NON,6941,14:17,SUD EST,MACON LOCHE TGV,PARISALPES,FRMLT,12:46,FRPLY
4006,2023-08-14,ANGOULEME,OUI,8461,00:42,ATLANTIQUE,BORDEAUX ST JEAN,PASUDOUEST,FRBOJ,00:05,FRANG
4007,2023-08-14,NANTES,OUI,5300,07:19,SUD EST,MASSY TGV,JCATLSUD,FRDJU,04:53,FRNTE
4008,2023-08-14,BRIVE LA GAILLARDE,OUI,3614,07:48,IC ARO,VIERZON VILLE,TOULOUZECO,FRXVZ,04:58,FRBVE
4009,2023-08-14,GRAMAT,NON,3754,05:43,IC NUIT,LES AUBRAIS ORLEANS,OCCITANPAR,FRLAB,00:27,FRFSB
4010,2023-08-14,PARIS (intramuros),NON,6941,16:32,SUD EST,ANNECY,PARISALPES,FRNCY,12:46,FRPLY
4011,2023-08-14,PARIS (intramuros),NON,6941,15:59,SUD EST,AIX LES BAINS LE REVARD,PARISALPES,FRXAI,12:46,FRPLY
4012,2023-08-14,BORDEAUX ST JEAN,NON,5284,17:57,NORD,LILLE (intramuros),JCAQUINORD,FRLLE,12:58,FRBOJ
4013,2023-08-14,BORDEAUX ST JEAN,NON,5284,16:27,NORD,MARNE LA VALLEE CHESSY,JCAQUINORD,FRMLV,12:58,FRBOJ
4014,2023-08-14,BORDEAUX ST JEAN,NON,5284,16:41,NORD,AEROPORT CDG2 TGV ROISSY,JCAQUINORD,FRMLW,12:58,FRBOJ
4015,2023-08-14,BORDEAUX ST JEAN,NON,5284,14:16,NORD,POITIERS,JCAQUINORD,FRPIS,12:58,FRBOJ
4016,2023-08-14,MARNE LA VALLEE CHESSY,NON,5284,17:15,NORD,TGV HAUTE PICARDIE,JCAQUINORD,FRTHP,16:31,FRMLV
4017,2023-08-14,AEROPORT CDG2 TGV ROISSY,OUI,5284,17:57,NORD,LILLE (intramuros),JCAQUINORD,FRLLE,16:47,FRMLW
4018,2023-08-14,POITIERS,NON,5284,17:57,NORD,LILLE (intramuros),JCAQUINORD,FRLLE,14:19,FRPIS
4019,2023-08-14,ST PIERRE DES CORPS,NON,5284,16:41,NORD,AEROPORT CDG2 TGV ROISSY,JCAQUINORD,FRMLW,14:54,FRXSH
4020,2023-08-14,MARNE LA VALLEE CHESSY,NON,5102,10:33,NORD,AIX EN PROVENCE TGV,JCNORDSUD,FRAIE,07:13,FRMLV
4021,2023-08-14,MARNE LA VALLEE CHESSY,NON,5102,09:00,NORD,LYON (intramuros),JCNORDSUD,FRLPD,07:13,FRMLV
4022,2023-08-14,AEROPORT CDG2 TGV ROISSY,NON,5102,10:11,NORD,AVIGNON TGV,JCNORDSUD,FRAVG,06:56,FRMLW
4023,2023-08-14,AEROPORT CDG2 TGV ROISSY,OUI,5102,07:06,NORD,MARNE LA VALLEE CHESSY,JCNORDSUD,FRMLV,06:56,FRMLW
4024,2023-08-14,AEROPORT CDG2 TGV ROISSY,NON,5102,10:48,NORD,MARSEILLE ST CHARLES,JCNORDSUD,FRMSC,06:56,FRMLW
4025,2023-08-14,VALENCE TGV RHONE-ALPES SUD,NON,6200,09:18,SUD EST,PARIS (intramuros),LANGPA,FRPLY,07:05,FRVLA
4026,2023-08-14,DIJON VILLE,NON,5500,18:44,EST,BELFORT-MONTBELIARD TGV,JCRHONRHIN,FRTJA,17:50,FRABA
4027,2023-08-14,MULHOUSE VILLE,OUI,5500,20:13,EST,STRASBOURG,JCRHONRHIN,FRAEG,19:12,FRAEK
4028,2023-08-14,NIMES,NON,5500,18:17,EST,BESANCON - F COMTE TGV,JCRHONRHIN,FRTJB,14:25,FRFNI
4029,2023-08-14,NIMES,NON,5500,15:09,EST,VALENCE TGV RHONE-ALPES SUD,JCRHONRHIN,FRVLA,14:25,FRFNI
4030,2023-08-14,MACON VILLE,NON,5500,20:13,EST,STRASBOURG,JCRHONRHIN,FRAEG,16:41,FRHGU
4031,2023-08-14,LYON (intramuros),NON,5500,20:13,EST,STRASBOURG,JCRHONRHIN,FRAEG,16:04,FRLPD
4032,2023-08-14,MONTPELLIER SAINT-ROCH,NON,5500,15:51,EST,LYON (intramuros),JCRHONRHIN,FRLPD,13:57,FRMPL
4033,2023-08-14,MONTPELLIER SAINT-ROCH,NON,5500,18:17,EST,BESANCON - F COMTE TGV,JCRHONRHIN,FRTJB,13:57,FRMPL
4034,2023-08-14,MONTPELLIER SAINT-ROCH,NON,5500,15:09,EST,VALENCE TGV RHONE-ALPES SUD,JCRHONRHIN,FRVLA,13:57,FRMPL
4035,2023-08-14,BELFORT-MONTBELIARD TGV,NON,5500,19:41,EST,COLMAR,JCRHONRHIN,FRAEJ,18:47,FRTJA
4036,2023-08-14,BELFORT-MONTBELIARD TGV,NON,5500,19:09,EST,MULHOUSE VILLE,JCRHONRHIN,FRAEK,18:47,FRTJA
4037,2023-08-14,BESANCON - F COMTE TGV,NON,5500,21:13,EST,METZ VILLE,JCRHONRHIN,FRADE,18:22,FRTJB
4038,2023-08-14,VALENCE TGV RHONE-ALPES SUD,NON,5500,18:44,EST,BELFORT-MONTBELIARD TGV,JCRHONRHIN,FRTJA,15:12,FRVLA
4039,2023-08-14,VALENCE TGV RHONE-ALPES SUD,NON,5500,18:17,EST,BESANCON - F COMTE TGV,JCRHONRHIN,FRTJB,15:12,FRVLA
4040,2023-08-14,NIMES,NON,6034,15:01,SUD EST,VALENCE TGV RHONE-ALPES SUD,LANGPA,FRVLA,14:19,FRFNI
4041,2023-08-14,ANGERS ST LAUD,OUI,9832,19:50,NORD,NANTES,JCNORDBRET,FRNTE,19:12,FRACL
4042,2023-08-14,LE MANS,OUI,9832,19:50,NORD,NANTES,JCNORDBRET,FRNTE,18:32,FRAET
4043,2023-08-14,MASSY TGV,OUI,9832,19:09,NORD,ANGERS ST LAUD,JCNORDBRET,FRACL,17:39,FRDJU
4044,2023-08-14,LILLE (intramuros),NON,9832,18:29,NORD,LE MANS,JCNORDBRET,FRAET,15:52,FRLLE
4045,2023-08-14,LILLE (intramuros),NON,9832,16:58,NORD,MARNE LA VALLEE CHESSY,JCNORDBRET,FRMLV,15:52,FRLLE
4046,2023-08-14,MARNE LA VALLEE CHESSY,OUI,9832,19:09,NORD,ANGERS ST LAUD,JCNORDBRET,FRACL,17:02,FRMLV
4047,2023-08-14,AEROPORT CDG2 TGV ROISSY,NON,9832,18:29,NORD,LE MANS,JCNORDBRET,FRAET,16:49,FRMLW
4048,2023-08-14,BRUXELLES MIDI BRUSSEL ZUID,NON,9832,17:33,NORD,MASSY TGV,JCNORDBRET,FRDJU,15:03,BEBMI
4049,2023-08-14,FORBACH,NON,9557,22:59,INTERNATIONAL,FRANKFURT MAIN HBF,PAFRANC,DEFRH,20:49,FRBQT
4050,2023-08-14,FORBACH,NON,9557,21:35,INTERNATIONAL,KAISERSLAUTERN HBF,PAFRANC,DEKLT,20:49,FRBQT
4051,2023-08-14,FORBACH,NON,9557,22:17,INTERNATIONAL,MANNHEIM HBF,PAFRANC,DEMHG,20:49,FRBQT
4052,2023-08-14,PARIS (intramuros),OUI,6367,21:27,SUD EST,VALENCE TGV RHONE-ALPES SUD,PALANG,FRVLA,19:10,FRPLY
4053,2023-08-14,AIX EN PROVENCE TGV,OUI,6127,21:59,SUD EST,MARSEILLE ST CHARLES,PAPROVENCE,FRMSC,21:47,FRAIE
4054,2023-08-14,AVIGNON TGV,NON,6127,21:59,SUD EST,MARSEILLE ST CHARLES,PAPROVENCE,FRMSC,21:24,FRAVG
4055,2023-08-14,PARIS (intramuros),NON,6127,21:59,SUD EST,MARSEILLE ST CHARLES,PAPROVENCE,FRMSC,18:38,FRPLY
4056,2023-08-14,LUCON,NON,3833,16:08,IC SRO,BORDEAUX ST JEAN,NANTEBORDO,FRBOJ,13:00,FRLCN
4057,2023-08-14,NANTES,NON,3833,14:03,IC SRO,ROCHEFORT,NANTEBORDO,FRRCO,11:55,FRNTE
4058,2023-08-14,MULHOUSE VILLE,OUI,6708,19:02,SUD EST,DIJON VILLE,BOURPA,FRABA,17:46,FRAEK
4059,2023-08-14,MULHOUSE VILLE,OUI,6708,18:31,SUD EST,BESANCON - F COMTE TGV,BOURPA,FRTJB,17:46,FRAEK
4060,2023-08-14,BESANCON - F COMTE TGV,OUI,6708,20:42,SUD EST,PARIS (intramuros),BOURPA,FRPLY,18:34,FRTJB
4061,2023-08-14,TOURCOING,OUI,7200,07:08,NORD,PARIS (intramuros),ARRASPA,FRPNO,05:21,FRADM
4062,2023-08-14,ROUBAIX,OUI,7200,07:08,NORD,PARIS (intramuros),ARRASPA,FRPNO,05:26,FRADP
4063,2023-08-14,MOULINS SUR ALLIER,OUI,5990,20:58,IC ARO,NEVERS,CLERMONTPA,FRNVS,20:31,FRXMU
4064,2023-08-14,VALENCE TGV RHONE-ALPES SUD,NON,9711,11:03,SUD EST,BEZIERS,PABARCELONE,FRBZR,09:10,FRVLA
4065,2023-08-14,AGDE,NON,9711,11:03,SUD EST,BEZIERS,PABARCELONE,FRBZR,10:51,FRXAG
4066,2023-08-14,AGDE,NON,9711,11:56,SUD EST,PERPIGNAN,PABARCELONE,FRPGF,10:51,FRXAG
4067,2023-08-14,AGDE,NON,9711,11:20,SUD EST,NARBONNE,PABARCELONE,FRXNA,10:51,FRXAG
4068,2023-08-14,SETE,NON,9711,10:48,SUD EST,AGDE,PABARCELONE,FRXAG,10:34,FRXSY
4069,2023-08-14,MONTPELLIER SUD DE FRANCE,NON,9711,10:31,SUD EST,SETE,PABARCELONE,FRXSY,10:17,FRSUF
4070,2023-08-14,MONTPELLIER SUD DE FRANCE,NON,9711,10:48,SUD EST,AGDE,PABARCELONE,FRXAG,10:17,FRSUF
4071,2023-08-14,PARIS (intramuros),NON,9711,13:25,SUD EST,BARCELONA SANTS,PABARCELONE,ESBST,06:56,FRPLY
4072,2023-08-14,NIMES PONT DU GARD,NON,9711,11:03,SUD EST,BEZIERS,PABARCELONE,FRBZR,09:49,FRXZP
4073,2023-08-14,VALENCE TGV RHONE-ALPES SUD,NON,9711,13:25,SUD EST,BARCELONA SANTS,PABARCELONE,ESBST,09:10,FRVLA
4074,2023-08-14,VALENCE TGV RHONE-ALPES SUD,NON,9711,12:44,SUD EST,GIRONA,PABARCELONE,ESGRO,09:10,FRVLA
4075,2023-08-14,VALENCE TGV RHONE-ALPES SUD,NON,9711,12:27,SUD EST,FIGUERES VILA TGV,PABARCELONE,ESFIR,09:10,FRVLA
4076,2023-08-14,DIJON VILLE,OUI,6706,17:35,SUD EST,MONTBARD,BOURPA,FRGWE,17:00,FRABA
4077,2023-08-14,DIJON VILLE,OUI,6706,18:42,SUD EST,PARIS (intramuros),BOURPA,FRPLY,17:00,FRABA
4078,2023-08-14,MULHOUSE VILLE,OUI,6706,18:42,SUD EST,PARIS (intramuros),BOURPA,FRPLY,15:40,FRAEK
4079,2023-08-14,MULHOUSE VILLE,OUI,6706,16:25,SUD EST,BESANCON - F COMTE TGV,BOURPA,FRTJB,15:40,FRAEK
4080,2023-08-14,ANGERS ST LAUD,OUI,8112,10:23,ATLANTIQUE,LE MANS,LOIREPARIS,FRAET,09:44,FRACL
4081,2023-08-14,LIMOGES BENEDICTINS,OUI,3645,20:39,IC ARO,CAUSSADE TARN ET GARONNE,PALITO,FRFTA,18:02,FRAGQ
4082,2023-08-14,CHATEAUROUX,NON,3645,19:46,IC ARO,GOURDON,PALITO,FRFSI,16:48,FRCHR
4083,2023-08-14,GOURDON,OUI,3645,20:54,IC ARO,MONTAUBAN VILLE BOURBON,PALITO,FRXMW,19:48,FRFSI
4084,2023-08-14,LES AUBRAIS ORLEANS,NON,3645,17:57,IC ARO,LIMOGES BENEDICTINS,PALITO,FRAGQ,15:40,FRLAB
4085,2023-08-14,LES AUBRAIS ORLEANS,NON,3645,19:02,IC ARO,BRIVE LA GAILLARDE,PALITO,FRBVE,15:40,FRLAB
4086,2023-08-14,LES AUBRAIS ORLEANS,NON,3645,16:46,IC ARO,CHATEAUROUX,PALITO,FRCHR,15:40,FRLAB
4087,2023-08-14,LA SOUTERRAINE,OUI,3645,19:29,IC ARO,SOUILLAC,PALITO,FRSOU,17:25,FRLST
4088,2023-08-14,LA SOUTERRAINE,OUI,3645,20:12,IC ARO,CAHORS,PALITO,FRZAO,17:25,FRLST
4089,2023-08-14,SOUILLAC,OUI,3645,20:39,IC ARO,CAUSSADE TARN ET GARONNE,PALITO,FRFTA,19:31,FRSOU
4090,2023-08-14,SOUILLAC,OUI,3645,20:54,IC ARO,MONTAUBAN VILLE BOURBON,PALITO,FRXMW,19:31,FRSOU
4091,2023-08-14,SOUILLAC,OUI,3645,20:12,IC ARO,CAHORS,PALITO,FRZAO,19:31,FRSOU
4092,2023-08-14,VIERZON VILLE,NON,3645,19:02,IC ARO,BRIVE LA GAILLARDE,PALITO,FRBVE,16:17,FRXVZ
4093,2023-08-14,VIERZON VILLE,NON,3645,21:23,IC ARO,TOULOUSE MATABIAU,PALITO,FRXYT,16:17,FRXVZ
4094,2023-08-14,DAX,OUI,8541,16:42,ATLANTIQUE,ST JEAN DE LUZ CIBOURE,PASUDOUEST,FRXJZ,15:41,FRACG
4095,2023-08-14,BIARRITZ,OUI,8541,16:42,ATLANTIQUE,ST JEAN DE LUZ CIBOURE,PASUDOUEST,FRXJZ,16:29,FRBIQ
4096,2023-08-14,BAYONNE,OUI,8541,16:42,ATLANTIQUE,ST JEAN DE LUZ CIBOURE,PASUDOUEST,FRXJZ,16:17,FRXBY
4097,2023-08-14,MONTPELLIER SUD DE FRANCE,NON,6266,16:12,SUD EST,PARIS (intramuros),LANGPA,FRPLY,12:24,FRSUF
4098,2023-08-14,DAX,NON,3742,06:08,IC NUIT,LES AUBRAIS ORLEANS,PALOMBEPAR,FRLAB,20:49,FRACG
4099,2023-08-14,DAX,NON,3742,07:19,IC NUIT,PARIS (intramuros),PALOMBEPAR,FRPAZ,20:49,FRACG
4100,2023-08-14,PAU,NON,3742,06:08,IC NUIT,LES AUBRAIS ORLEANS,PALOMBEPAR,FRLAB,21:46,FRAEE
4101,2023-08-14,PAU,NON,3742,07:19,IC NUIT,PARIS (intramuros),PALOMBEPAR,FRPAZ,21:46,FRAEE
4102,2023-08-14,HENDAYE,NON,3742,07:19,IC NUIT,PARIS (intramuros),PALOMBEPAR,FRPAZ,18:57,FRAEF
4103,2023-08-14,BIARRITZ,NON,3742,07:19,IC NUIT,PARIS (intramuros),PALOMBEPAR,FRPAZ,19:22,FRBIQ
4104,2023-08-14,LOURDES,NON,3742,06:08,IC NUIT,LES AUBRAIS ORLEANS,PALOMBEPAR,FRLAB,22:13,FRLDE
4105,2023-08-14,BAYONNE,NON,3742,06:08,IC NUIT,LES AUBRAIS ORLEANS,PALOMBEPAR,FRLAB,19:37,FRXBY
4106,2023-08-14,BAYONNE,NON,3742,07:19,IC NUIT,PARIS (intramuros),PALOMBEPAR,FRPAZ,19:37,FRXBY
4107,2023-08-14,ST JEAN DE LUZ CIBOURE,NON,3742,07:19,IC NUIT,PARIS (intramuros),PALOMBEPAR,FRPAZ,19:10,FRXJZ
4108,2023-08-14,ST GAUDENS,NON,3742,06:08,IC NUIT,LES AUBRAIS ORLEANS,PALOMBEPAR,FRLAB,23:12,FRFPH
4109,2023-08-14,DAX,NON,8581,13:40,ATLANTIQUE,BORDEAUX ST JEAN,SUDOUESTPA,FRBOJ,12:19,FRACG
4110,2023-08-14,TARBES,NON,8581,13:40,ATLANTIQUE,BORDEAUX ST JEAN,SUDOUESTPA,FRBOJ,10:28,FRXTB
4111,2023-08-14,TARBES,OUI,8581,10:41,ATLANTIQUE,LOURDES,SUDOUESTPA,FRLDE,10:28,FRXTB
4112,2023-08-14,MARSEILLE ST CHARLES,NON,6168,21:50,SUD EST,PARIS (intramuros),AZURPA,FRPLY,18:47,FRMSC
4113,2023-08-14,NICE VILLE,OUI,6168,17:44,SUD EST,TOULON,AZURPA,FRTLN,16:01,FRNIC
4114,2023-08-14,NICE VILLE,OUI,6168,16:14,SUD EST,ANTIBES,AZURPA,FRXAT,16:01,FRNIC
4115,2023-08-14,TOULON,NON,6168,21:50,SUD EST,PARIS (intramuros),AZURPA,FRPLY,17:48,FRTLN
4116,2023-08-14,ST RAPHAEL VALESCURE,OUI,6168,18:33,SUD EST,MARSEILLE ST CHARLES,AZURPA,FRMSC,16:58,FRXSK
4117,2023-08-14,UZERCHE,NON,3654,15:33,IC ARO,LA SOUTERRAINE,TOULOUZECO,FRLST,14:22,FRAAW
4118,2023-08-14,LIMOGES BENEDICTINS,NON,3654,16:11,IC ARO,CHATEAUROUX,TOULOUZECO,FRCHR,15:01,FRAGQ
4119,2023-08-14,BRIVE LA GAILLARDE,NON,3654,16:11,IC ARO,CHATEAUROUX,TOULOUZECO,FRCHR,13:56,FRBVE
4120,2023-08-14,CHATEAUROUX,NON,3654,18:19,IC ARO,PARIS (intramuros),TOULOUZECO,FRPAZ,16:13,FRCHR
4121,2023-08-14,LA SOUTERRAINE,NON,3654,16:46,IC ARO,VIERZON VILLE,TOULOUZECO,FRXVZ,15:35,FRLST
4122,2023-08-14,SOUILLAC,NON,3654,16:46,IC ARO,VIERZON VILLE,TOULOUZECO,FRXVZ,13:28,FRSOU
4123,2023-08-14,CAHORS,OUI,3654,14:21,IC ARO,UZERCHE,TOULOUZECO,FRAAW,12:44,FRZAO
4124,2023-08-14,CAHORS,OUI,3654,13:53,IC ARO,BRIVE LA GAILLARDE,TOULOUZECO,FRBVE,12:44,FRZAO
4125,2023-08-14,CAHORS,NON,3654,16:11,IC ARO,CHATEAUROUX,TOULOUZECO,FRCHR,12:44,FRZAO
4126,2023-08-14,BEZIERS,OUI,6825,21:33,SUD EST,CARCASSONNE,JCPROVSUD,FRCCF,20:48,FRBZR
4127,2023-08-14,BEZIERS,OUI,6825,21:01,SUD EST,NARBONNE,JCPROVSUD,FRXNA,20:48,FRBZR
4128,2023-08-14,BEZIERS,OUI,6825,22:19,SUD EST,TOULOUSE MATABIAU,JCPROVSUD,FRXYT,20:48,FRBZR
4129,2023-08-14,CARCASSONNE,OUI,6825,22:19,SUD EST,TOULOUSE MATABIAU,JCPROVSUD,FRXYT,21:36,FRCCF
4130,2023-08-14,NIMES,NON,6825,20:03,SUD EST,MONTPELLIER SAINT-ROCH,JCPROVSUD,FRMPL,19:38,FRFNI
4131,2023-08-14,NIMES,NON,6825,20:21,SUD EST,SETE,JCPROVSUD,FRXSY,19:38,FRFNI
4132,2023-08-14,LYON (intramuros),NON,6825,20:45,SUD EST,BEZIERS,JCPROVSUD,FRBZR,18:09,FRLPD
4133,2023-08-14,LYON (intramuros),NON,6825,21:01,SUD EST,NARBONNE,JCPROVSUD,FRXNA,18:09,FRLPD
4134,2023-08-14,MONTPELLIER SAINT-ROCH,NON,6825,20:45,SUD EST,BEZIERS,JCPROVSUD,FRBZR,20:07,FRMPL
4135,2023-08-14,VALENCE TGV RHONE-ALPES SUD,NON,6825,19:35,SUD EST,NIMES,JCPROVSUD,FRFNI,18:53,FRVLA
4136,2023-08-14,VALENCE TGV RHONE-ALPES SUD,NON,6825,20:21,SUD EST,SETE,JCPROVSUD,FRXSY,18:53,FRVLA
4137,2023-08-14,VALENCE TGV RHONE-ALPES SUD,NON,6825,22:19,SUD EST,TOULOUSE MATABIAU,JCPROVSUD,FRXYT,18:53,FRVLA
4138,2023-08-14,NARBONNE,OUI,6825,22:19,SUD EST,TOULOUSE MATABIAU,JCPROVSUD,FRXYT,21:04,FRXNA
4139,2023-08-14,PARIS (intramuros),NON,9219,19:26,INTERNATIONAL,BASEL SBB,PABALZUR,CHAJP,16:22,FRPLY
4140,2023-08-14,STRASBOURG,NON,2087,11:11,EST,DIJON VILLE,JCRHINRHON,FRABA,09:03,FRAEG
4141,2023-08-14,STRASBOURG,OUI,2087,09:54,EST,MULHOUSE VILLE,JCRHINRHON,FRAEK,09:03,FRAEG
4142,2023-08-14,MULHOUSE VILLE,NON,2087,14:49,EST,AIX EN PROVENCE TGV,JCRHINRHON,FRAIE,09:57,FRAEK
4143,2023-08-14,AVIGNON TGV,NON,2087,15:06,EST,MARSEILLE ST CHARLES,JCRHINRHON,FRMSC,14:28,FRAVG
4144,2023-08-14,MACON VILLE,NON,2087,15:06,EST,MARSEILLE ST CHARLES,JCRHINRHON,FRMSC,12:22,FRHGU
4145,2023-08-14,MACON VILLE,NON,2087,13:46,EST,VALENCE TGV RHONE-ALPES SUD,JCRHINRHON,FRVLA,12:22,FRHGU
4146,2023-08-14,LYON (intramuros),NON,2087,15:06,EST,MARSEILLE ST CHARLES,JCRHINRHON,FRMSC,13:06,FRLPD
4147,2023-08-14,BESANCON - F COMTE TGV,NON,2087,14:25,EST,AVIGNON TGV,JCRHINRHON,FRAVG,10:44,FRTJB
4148,2023-08-14,LIMOGES BENEDICTINS,OUI,3624,08:08,IC ARO,CHATEAUROUX,TOULOUZECO,FRCHR,07:01,FRAGQ
4149,2023-08-14,LIMOGES BENEDICTINS,NON,3624,10:23,IC ARO,PARIS (intramuros),TOULOUZECO,FRPAZ,07:01,FRAGQ
4150,2023-08-14,BRIVE LA GAILLARDE,OUI,3624,06:58,IC ARO,LIMOGES BENEDICTINS,TOULOUZECO,FRAGQ,05:58,FRBVE
4151,2023-08-14,LYON (intramuros),OUI,6627,20:10,SUD EST,LYON (intramuros),PARISRHONE,FRLPE,20:02,FRLPD
4152,2023-08-14,PARIS (intramuros),OUI,6627,20:10,SUD EST,LYON (intramuros),PARISRHONE,FRLPE,17:52,FRPLY
4153,2023-08-14,LE CREUSOT MONTCEAU MONTCHANIN,OUI,6627,20:10,SUD EST,LYON (intramuros),PARISRHONE,FRLPE,19:12,FRXCC
4154,2023-08-14,METZ VILLE,OUI,2807,10:32,EST,LUXEMBOURG,PAMETZLUX,LULUX,09:50,FRADE
4155,2023-08-14,CHAMPAGNE-ARDENNE,OUI,2807,10:32,EST,LUXEMBOURG,PAMETZLUX,LULUX,08:56,FREAH
4156,2023-08-14,BRUXELLES MIDI BRUSSEL ZUID,OUI,9812,08:52,NORD,LILLE (intramuros),JCNORDSUD,FRLLE,08:17,BEBMI
4157,2023-08-14,BRUXELLES MIDI BRUSSEL ZUID,NON,9812,09:53,NORD,AEROPORT CDG2 TGV ROISSY,JCNORDSUD,FRMLW,08:17,BEBMI
4158,2023-08-14,LILLE (intramuros),NON,9812,14:03,NORD,MONTPELLIER SAINT-ROCH,JCNORDSUD,FRMPL,09:03,FRLLE
4159,2023-08-14,MARNE LA VALLEE CHESSY,NON,9812,14:03,NORD,MONTPELLIER SAINT-ROCH,JCNORDSUD,FRMPL,10:13,FRMLV
4160,2023-08-14,VALENCE TGV RHONE-ALPES SUD,NON,9812,13:34,NORD,NIMES,JCNORDSUD,FRFNI,12:50,FRVLA
4161,2023-08-14,MILLAU,NON,15940,11:56,IC SRO,SEVERAC LE CHATEAU,JOUNOREST,FRSVC,11:26,FRMAU
4162,2023-08-14,MARVEJOLS,NON,15940,13:14,IC SRO,AUMONT AUBRAC,JOUNOREST,FRINC,12:50,FRINE
4163,2023-08-14,BANASSAC LA CANOURGUE,NON,15940,12:49,IC SRO,MARVEJOLS,JOUNOREST,FRINE,12:29,FRINH
4164,2023-08-14,BEDARIEUX,NON,15940,10:18,IC SRO,LE BOUSQUET D'ORB,JOUNOREST,FRIMG,10:08,FRIMH
4165,2023-08-14,BANASSAC LA CANOURGUE,NON,15940,13:27,IC SRO,ST CHELY D'APCHER,JOUNOREST,FRINB,12:29,FRINH
4166,2023-08-14,BEZIERS,NON,15940,13:27,IC SRO,ST CHELY D'APCHER,JOUNOREST,FRINB,09:33,FRBZR
4167,2023-08-14,AUMONT AUBRAC,NON,15940,16:01,IC SRO,CLERMONT FERRAND,JOUNOREST,FRCFE,13:15,FRINC
4168,2023-08-14,MARVEJOLS,NON,15940,14:27,IC SRO,NEUSSARGUES,JOUNOREST,FRNEU,12:50,FRINE
4169,2023-08-14,BEZIERS,NON,15940,10:18,IC SRO,LE BOUSQUET D'ORB,JOUNOREST,FRIMG,09:33,FRBZR
4170,2023-08-14,BEDARIEUX,NON,15940,14:06,IC SRO,ST FLOUR CHAUDES AIGUES,JOUNOREST,FRIMW,10:08,FRIMH
4171,2023-08-14,BEZIERS,NON,15940,10:33,IC SRO,CEILHES ROQUEREDONDE,JOUNOREST,FRIMC,09:33,FRBZR
4172,2023-08-14,MARVEJOLS,NON,15940,13:27,IC SRO,ST CHELY D'APCHER,JOUNOREST,FRINB,12:50,FRINE
4173,2023-08-14,BEDARIEUX,NON,15940,14:27,IC SRO,NEUSSARGUES,JOUNOREST,FRNEU,10:08,FRIMH
4174,2023-08-14,BEZIERS,NON,15940,12:26,IC SRO,BANASSAC LA CANOURGUE,JOUNOREST,FRINH,09:33,FRBZR
4175,2023-08-14,SEVERAC LE CHATEAU,NON,15940,13:14,IC SRO,AUMONT AUBRAC,JOUNOREST,FRINC,11:58,FRSVC
4176,2023-08-14,CAMPAGNAC ST GENIEZ,NON,15940,16:01,IC SRO,CLERMONT FERRAND,JOUNOREST,FRCFE,12:12,FRINJ
4177,2023-08-14,BEZIERS,NON,15940,15:22,IC SRO,BRASSAC LES MINES STE FLORINE,JOUNOREST,FRHLE,09:33,FRBZR
4178,2023-08-14,ST GEORGES DE LUZENCON,NON,15940,12:11,IC SRO,CAMPAGNAC ST GENIEZ,JOUNOREST,FRINJ,11:14,FRINM
4179,2023-08-14,LE BOUSQUET D'ORB,NON,15940,16:01,IC SRO,CLERMONT FERRAND,JOUNOREST,FRCFE,10:19,FRIMG
4180,2023-08-14,BEDARIEUX,NON,15940,10:58,IC SRO,TOURNEMIRE ROQUEFORT,JOUNOREST,FRINO,10:08,FRIMH
4181,2023-08-14,CAMPAGNAC ST GENIEZ,NON,15940,13:27,IC SRO,ST CHELY D'APCHER,JOUNOREST,FRINB,12:12,FRINJ
4182,2023-08-14,CEILHES ROQUEREDONDE,NON,15940,12:49,IC SRO,MARVEJOLS,JOUNOREST,FRINE,10:34,FRIMC
4183,2023-08-14,SEVERAC LE CHATEAU,NON,15940,15:35,IC SRO,ISSOIRE,JOUNOREST,FRHLB,11:58,FRSVC
4184,2023-08-14,TOURNEMIRE ROQUEFORT,NON,15940,11:06,IC SRO,ST ROME DE CERNON,JOUNOREST,FRINN,10:59,FRINO
4185,2023-08-14,BEZIERS,NON,15940,15:16,IC SRO,ARVANT,JOUNOREST,FRARV,09:33,FRBZR
4186,2023-08-14,CEILHES ROQUEREDONDE,NON,15940,11:13,IC SRO,ST GEORGES DE LUZENCON,JOUNOREST,FRINM,10:34,FRIMC
4187,2023-08-14,CEILHES ROQUEREDONDE,NON,15940,16:01,IC SRO,CLERMONT FERRAND,JOUNOREST,FRCFE,10:34,FRIMC
4188,2023-08-14,LE BOUSQUET D'ORB,NON,15940,13:14,IC SRO,AUMONT AUBRAC,JOUNOREST,FRINC,10:19,FRIMG
4189,2023-08-14,BANASSAC LA CANOURGUE,NON,15940,15:35,IC SRO,ISSOIRE,JOUNOREST,FRHLB,12:29,FRINH
4190,2023-08-14,CAMPAGNAC ST GENIEZ,NON,15940,14:27,IC SRO,NEUSSARGUES,JOUNOREST,FRNEU,12:12,FRINJ
4191,2023-08-14,BANASSAC LA CANOURGUE,NON,15940,15:16,IC SRO,ARVANT,JOUNOREST,FRARV,12:29,FRINH
4192,2023-08-14,MAGALAS,NON,15940,16:01,IC SRO,CLERMONT FERRAND,JOUNOREST,FRCFE,09:47,FRIMK
4193,2023-08-14,MAGALAS,NON,15940,11:56,IC SRO,SEVERAC LE CHATEAU,JOUNOREST,FRSVC,09:47,FRIMK
4194,2023-08-14,LE BOUSQUET D'ORB,NON,15940,15:16,IC SRO,ARVANT,JOUNOREST,FRARV,10:19,FRIMG
4195,2023-08-14,CEILHES ROQUEREDONDE,NON,15940,14:27,IC SRO,NEUSSARGUES,JOUNOREST,FRNEU,10:34,FRIMC
4196,2023-08-14,TOURNEMIRE ROQUEFORT,NON,15940,12:26,IC SRO,BANASSAC LA CANOURGUE,JOUNOREST,FRINH,10:59,FRINO
4197,2023-08-14,MAGALAS,NON,15940,12:11,IC SRO,CAMPAGNAC ST GENIEZ,JOUNOREST,FRINJ,09:47,FRIMK
4198,2023-08-14,LE BOUSQUET D'ORB,NON,15940,12:11,IC SRO,CAMPAGNAC ST GENIEZ,JOUNOREST,FRINJ,10:19,FRIMG
4199,2023-08-14,CAMPAGNAC ST GENIEZ,NON,15940,12:49,IC SRO,MARVEJOLS,JOUNOREST,FRINE,12:12,FRINJ
4200,2023-08-14,CEILHES ROQUEREDONDE,NON,15940,12:26,IC SRO,BANASSAC LA CANOURGUE,JOUNOREST,FRINH,10:34,FRIMC
4201,2023-08-14,BEDARIEUX,NON,15940,12:11,IC SRO,CAMPAGNAC ST GENIEZ,JOUNOREST,FRINJ,10:08,FRIMH
4202,2023-08-14,MAGALAS,NON,15940,14:57,IC SRO,MASSIAC BLESLE,JOUNOREST,FRHMY,09:47,FRIMK
4203,2023-08-14,LE BOUSQUET D'ORB,NON,15940,15:22,IC SRO,BRASSAC LES MINES STE FLORINE,JOUNOREST,FRHLE,10:19,FRIMG
4204,2023-08-14,ST ROME DE CERNON,NON,15940,12:11,IC SRO,CAMPAGNAC ST GENIEZ,JOUNOREST,FRINJ,11:07,FRINN
4205,2023-08-14,LE MONASTIER,NON,15940,13:27,IC SRO,ST CHELY D'APCHER,JOUNOREST,FRINB,12:42,FRLMR
4206,2023-08-14,LE BOUSQUET D'ORB,NON,15940,12:41,IC SRO,LE MONASTIER,JOUNOREST,FRLMR,10:19,FRIMG
4207,2023-08-14,TBD,NON,15940,15:22,IC SRO,TBD,JOUNOREST,FRHLE,10:34,FRIMC
4208,2023-08-14,MULHOUSE VILLE,NON,6704,14:02,SUD EST,MONTBARD,BOURPA,FRGWE,12:05,FRAEK
4209,2023-08-14,MONTBARD,NON,6704,15:08,SUD EST,PARIS (intramuros),BOURPA,FRPLY,14:05,FRGWE
4210,2023-08-14,BELFORT-MONTBELIARD TGV,NON,6704,14:02,SUD EST,MONTBARD,BOURPA,FRGWE,12:31,FRTJA
4211,2023-08-14,BELFORT-MONTBELIARD TGV,OUI,6704,12:51,SUD EST,BESANCON - F COMTE TGV,BOURPA,FRTJB,12:31,FRTJA
4212,2023-08-14,AGEN,OUI,4655,08:08,IC ARO,MONTAUBAN VILLE BOURBON,TJOURSOSE,FRXMW,07:33,FRAGF
4213,2023-08-14,BORDEAUX ST JEAN,NON,4655,12:36,IC ARO,MARSEILLE ST CHARLES,TJOURSOSE,FRMSC,06:28,FRBOJ
4214,2023-08-14,BORDEAUX ST JEAN,OUI,4655,08:08,IC ARO,MONTAUBAN VILLE BOURBON,TJOURSOSE,FRXMW,06:28,FRBOJ
4215,2023-08-14,BORDEAUX ST JEAN,NON,4655,09:58,IC ARO,NARBONNE,TJOURSOSE,FRXNA,06:28,FRBOJ
4216,2023-08-14,MONTAUBAN VILLE BOURBON,NON,4655,11:22,IC ARO,NIMES,TJOURSOSE,FRFNI,08:10,FRXMW
4217,2023-08-14,MONTAUBAN VILLE BOURBON,NON,4655,10:54,IC ARO,MONTPELLIER SAINT-ROCH,TJOURSOSE,FRMPL,08:10,FRXMW
4218,2023-08-14,MONTAUBAN VILLE BOURBON,NON,4655,09:58,IC ARO,NARBONNE,TJOURSOSE,FRXNA,08:10,FRXMW
4219,2023-08-14,TOULOUSE MATABIAU,NON,4655,10:54,IC ARO,MONTPELLIER SAINT-ROCH,TJOURSOSE,FRMPL,08:45,FRXYT
4220,2023-08-14,ANGERS ST LAUD,OUI,8931,21:55,ATLANTIQUE,LA BAULE ESCOUBLAC,PARISLOIRE,FRJEE,20:19,FRACL
4221,2023-08-14,LILLE (intramuros),NON,7516,12:08,NORD,PARIS (intramuros),ARRASPA,FRPNO,10:51,FRLLE
4222,2023-08-14,PARIS (intramuros),NON,2465,21:25,EST,MEUSE TGV,PASTRAMULH,FREAJ,20:25,FRPST
4223,2023-08-14,PARIS (intramuros),NON,2465,21:46,EST,LORRAINE TGV,PASTRAMULH,FREAM,20:25,FRPST
4224,2023-08-14,NEVERS,NON,5951,09:55,IC ARO,VICHY,PACLERMONT,FRVHY,08:59,FRNVS
4225,2023-08-14,PARIS (intramuros),NON,5951,08:57,IC ARO,NEVERS,PACLERMONT,FRNVS,07:00,FRPBE
4226,2023-08-14,PARIS (intramuros),NON,5951,10:17,IC ARO,RIOM CHATEL GUYON,PACLERMONT,FRRIO,07:00,FRPBE
4227,2023-08-14,PARIS (intramuros),NON,5951,09:55,IC ARO,VICHY,PACLERMONT,FRVHY,07:00,FRPBE
4228,2023-08-14,VICHY,OUI,5951,10:17,IC ARO,RIOM CHATEL GUYON,PACLERMONT,FRRIO,09:57,FRVHY
4229,2023-08-14,TOULOUSE MATABIAU,NON,8502,10:52,ATLANTIQUE,PARIS (intramuros),SUDOUESTPA,FRPMO,06:28,FRXYT
4230,2023-08-14,TOULOUSE MATABIAU,OUI,8502,06:54,ATLANTIQUE,MONTAUBAN VILLE BOURBON,SUDOUESTPA,FRXMW,06:28,FRXYT
4231,2023-08-14,VALENCE TGV RHONE-ALPES SUD,NON,6033,12:43,SUD EST,NIMES,PALANG,FRFNI,12:00,FRVLA
4232,2023-08-14,NIMES,NON,6223,20:49,SUD EST,AGDE,PALANG,FRXAG,19:48,FRFNI
4233,2023-08-14,MONTPELLIER SAINT-ROCH,OUI,6223,20:49,SUD EST,AGDE,PALANG,FRXAG,20:19,FRMPL
4234,2023-08-14,MONTPELLIER SAINT-ROCH,OUI,6223,20:33,SUD EST,SETE,PALANG,FRXSY,20:19,FRMPL
4235,2023-08-14,PARIS (intramuros),NON,6223,21:04,SUD EST,BEZIERS,PALANG,FRBZR,16:42,FRPLY
4236,2023-08-14,VALENCE TGV RHONE-ALPES SUD,NON,6223,21:04,SUD EST,BEZIERS,PALANG,FRBZR,19:01,FRVLA
4237,2023-08-14,VALENCE TGV RHONE-ALPES SUD,NON,6223,21:56,SUD EST,PERPIGNAN,PALANG,FRPGF,19:01,FRVLA
4238,2023-08-14,VALENCE TGV RHONE-ALPES SUD,NON,6223,20:33,SUD EST,SETE,PALANG,FRXSY,19:01,FRVLA
4239,2023-08-14,GRENOBLE,NON,6922,17:50,SUD EST,LYON-SAINT EXUPERY TGV,GRENOBLEPA,FRJDQ,16:47,FRGNB
4240,2023-08-14,LILLE (intramuros),NON,7016,09:44,NORD,PARIS (intramuros),LILLEPA,FRPNO,08:42,FRADJ
4241,2023-08-14,DIJON VILLE,NON,6702,10:42,SUD EST,PARIS (intramuros),BOURPA,FRPLY,09:06,FRABA
4242,2023-08-14,MULHOUSE VILLE,NON,6702,10:42,SUD EST,PARIS (intramuros),BOURPA,FRPLY,07:46,FRAEK
4243,2023-08-14,MULHOUSE VILLE,OUI,6702,08:08,SUD EST,BELFORT-MONTBELIARD TGV,BOURPA,FRTJA,07:46,FRAEK
4244,2023-08-14,AIX EN PROVENCE TGV,OUI,6120,14:37,SUD EST,AVIGNON TGV,PROVENCEPA,FRAVG,14:18,FRAIE
4245,2023-08-14,MARSEILLE ST CHARLES,OUI,6120,14:15,SUD EST,AIX EN PROVENCE TGV,PROVENCEPA,FRAIE,14:04,FRMSC
4246,2023-08-14,PAU,OUI,8585,18:24,ATLANTIQUE,DAX,SUDOUESTPA,FRACG,17:29,FRAEE
4247,2023-08-14,LOURDES,OUI,8585,17:26,ATLANTIQUE,PAU,SUDOUESTPA,FRAEE,16:59,FRLDE
4248,2023-08-14,TARBES,OUI,8585,16:51,ATLANTIQUE,LOURDES,SUDOUESTPA,FRLDE,16:37,FRXTB
4249,2023-08-14,PARIS (intramuros),OUI,8471,11:02,ATLANTIQUE,LA TESTE,PASUDOUEST,FRFCJ,07:58,FRPMO
4250,2023-08-14,POITIERS,OUI,8471,11:02,ATLANTIQUE,LA TESTE,PASUDOUEST,FRFCJ,09:21,FRPIS
4251,2023-08-14,ARGELES SUR MER,OUI,3736,07:19,IC NUIT,PARIS (intramuros),PALOMBEPAR,FRPAZ,19:30,FRARM
4252,2023-08-14,CASTELNAUDARY,OUI,3736,06:08,IC NUIT,LES AUBRAIS ORLEANS,PALOMBEPAR,FRLAB,22:07,FRCTY
4253,2023-08-14,BANYULS SUR MER,OUI,3736,07:19,IC NUIT,PARIS (intramuros),PALOMBEPAR,FRPAZ,19:12,FRXBU
4254,2023-08-14,LAVAL,NON,8739,22:13,ATLANTIQUE,QUIMPERLE,PARISBRETA,FRECO,19:58,FRACR
4255,2023-08-14,LAVAL,NON,8739,21:28,ATLANTIQUE,VANNES,PARISBRETA,FRVNE,19:58,FRACR
4256,2023-08-14,PARIS (intramuros),NON,8739,21:59,ATLANTIQUE,LORIENT,PARISBRETA,FRLRT,18:40,FRPMO
4257,2023-08-14,PARIS (intramuros),NON,8739,22:45,ATLANTIQUE,QUIMPER,PARISBRETA,FRUIP,18:40,FRPMO
4258,2023-08-14,RENNES,OUI,8739,21:41,ATLANTIQUE,AURAY,PARISBRETA,FRXUY,20:29,FRRNS
4259,2023-08-14,REDON,OUI,8739,21:28,ATLANTIQUE,VANNES,PARISBRETA,FRVNE,21:05,FRXRN
4260,2023-08-14,AURAY,OUI,8739,22:30,ATLANTIQUE,ROSPORDEN,PARISBRETA,FRRSP,21:44,FRXUY
4261,2023-08-14,ZUERICH HB,NON,9206,08:28,INTERNATIONAL,BASEL SBB,ZURBALPA,CHAJP,07:34,CHAJD
4262,2023-08-14,PARIS (intramuros),NON,9553,16:59,INTERNATIONAL,FRANKFURT MAIN HBF,PAFRANC,DEFRH,13:10,FRPST
4263,2023-08-14,PAU,NON,14150,18:52,IC SRO,TARBES,SUDOUEST,FRXTB,18:11,FRAEE
4264,2023-08-14,LOURDES,NON,14150,19:34,IC SRO,ST GAUDENS,SUDOUEST,FRFPH,18:39,FRLDE
4265,2023-08-14,LOURDES,NON,14150,20:27,IC SRO,TOULOUSE MATABIAU,SUDOUEST,FRXYT,18:39,FRLDE
4266,2023-08-14,BAYONNE,NON,14150,19:34,IC SRO,ST GAUDENS,SUDOUEST,FRFPH,17:03,FRXBY
4267,2023-08-14,BAYONNE,NON,14150,20:27,IC SRO,TOULOUSE MATABIAU,SUDOUEST,FRXYT,17:03,FRXBY
4268,2023-08-14,UZERCHE,OUI,3684,20:08,IC ARO,CHATEAUROUX,TOULOUZECO,FRCHR,18:11,FRAAW
4269,2023-08-14,LIMOGES BENEDICTINS,OUI,3684,20:08,IC ARO,CHATEAUROUX,TOULOUZECO,FRCHR,18:51,FRAGQ
4270,2023-08-14,LIMOGES BENEDICTINS,OUI,3684,20:25,IC ARO,ISSOUDUN,TOULOUZECO,FRFMN,18:51,FRAGQ
4271,2023-08-14,BRIVE LA GAILLARDE,NON,3684,20:46,IC ARO,VIERZON VILLE,TOULOUZECO,FRXVZ,17:45,FRBVE
4272,2023-08-14,ISSOUDUN,NON,3684,22:19,IC ARO,PARIS (intramuros),TOULOUZECO,FRPAZ,20:26,FRFMN
4273,2023-08-14,LA SOUTERRAINE,NON,3684,22:19,IC ARO,PARIS (intramuros),TOULOUZECO,FRPAZ,19:29,FRLST
4274,2023-08-14,BORDEAUX ST JEAN,OUI,8404,09:43,ATLANTIQUE,MASSY TGV,SUDOUESTPA,FRDJU,07:45,FRBOJ
4275,2023-08-14,BORDEAUX ST JEAN,OUI,8404,09:57,ATLANTIQUE,PARIS (intramuros),SUDOUESTPA,FRPMO,07:45,FRBOJ
4276,2023-08-14,PARIS (intramuros),OUI,7047,16:48,NORD,LILLE (intramuros),PALILLE,FRADJ,15:46,FRPNO
4277,2023-08-14,PARIS (intramuros),OUI,9591,19:11,EST,STRASBOURG,PASTRAMULH,FRAEG,17:25,FRPST
4278,2023-08-14,STRASBOURG,OUI,9591,19:54,EST,LAHR SCHWARZW,PASTRAMULH,DEANL,19:17,FRAEG
4279,2023-08-14,LAHR SCHWARZW,OUI,9591,20:26,EST,FREIBURG BREISGAU HBF,PASTRAMULH,DEFGB,19:55,DEANL
4280,2023-08-14,ANGOULEME,OUI,8491,21:44,ATLANTIQUE,BORDEAUX ST JEAN,PASUDOUEST,FRBOJ,20:36,FRANG
4281,2023-08-14,ANGOULEME,OUI,8491,21:16,ATLANTIQUE,LIBOURNE,PASUDOUEST,FRXLR,20:36,FRANG
4282,2023-08-14,ARCACHON,OUI,8478,06:15,ATLANTIQUE,FACTURE BIGANOS,SUDOUESTPA,FRFAC,06:00,FRXAC
4283,2023-08-14,NANTES,NON,8122,17:25,ATLANTIQUE,PARIS (intramuros),LOIREPARIS,FRPMO,15:05,FRNTE
4284,2023-08-14,KAISERSLAUTERN HBF,NON,9551,12:59,INTERNATIONAL,FRANKFURT MAIN HBF,PAFRANC,DEFRH,11:36,DEKLT
4285,2023-08-14,KAISERSLAUTERN HBF,NON,9551,12:17,INTERNATIONAL,MANNHEIM HBF,PAFRANC,DEMHG,11:36,DEKLT
4286,2023-08-14,SARREBRUCK/SAARBRUECKEN,NON,9551,12:17,INTERNATIONAL,MANNHEIM HBF,PAFRANC,DEMHG,10:58,DESBK
4287,2023-08-14,FORBACH,NON,9551,12:17,INTERNATIONAL,MANNHEIM HBF,PAFRANC,DEMHG,10:47,FRBQT
4288,2023-08-14,PARIS (intramuros),NON,9551,12:17,INTERNATIONAL,MANNHEIM HBF,PAFRANC,DEMHG,09:06,FRPST
4289,2023-08-14,BREST,OUI,8610,09:41,ATLANTIQUE,MORLAIX,BRETAPARIS,FRMXN,09:07,FRBES
4290,2023-08-14,MORLAIX,OUI,8610,09:59,ATLANTIQUE,PLOUARET TREGOR,BRETAPARIS,FRPLT,09:44,FRMXN
4291,2023-08-14,MORLAIX,NON,8610,11:29,ATLANTIQUE,RENNES,BRETAPARIS,FRRNS,09:44,FRMXN
4292,2023-08-14,PLOUARET TREGOR,NON,8610,12:01,ATLANTIQUE,LAVAL,BRETAPARIS,FRACR,10:02,FRPLT
4293,2023-08-14,RENNES,NON,8610,12:01,ATLANTIQUE,LAVAL,BRETAPARIS,FRACR,11:35,FRRNS
4294,2023-08-14,ST BRIEUC,NON,8610,13:19,ATLANTIQUE,PARIS (intramuros),BRETAPARIS,FRPMO,10:37,FRSBK
4295,2023-08-14,ANGERS ST LAUD,NON,9886,10:17,NORD,LILLE (intramuros),JCBRETNORD,FRLLE,06:41,FRACL
4296,2023-08-14,ANGERS ST LAUD,NON,9886,09:45,NORD,TGV HAUTE PICARDIE,JCBRETNORD,FRTHP,06:41,FRACL
4297,2023-08-14,MASSY TGV,NON,9886,08:57,NORD,MARNE LA VALLEE CHESSY,JCBRETNORD,FRMLV,08:26,FRDJU
4298,2023-08-14,MASSY TGV,NON,9886,09:45,NORD,TGV HAUTE PICARDIE,JCBRETNORD,FRTHP,08:26,FRDJU
4299,2023-08-14,NANTES,OUI,9886,06:38,NORD,ANGERS ST LAUD,JCBRETNORD,FRACL,06:01,FRNTE
4300,2023-08-14,MANNHEIM HBF,NON,9561,10:59,INTERNATIONAL,FRANKFURT MAIN HBF,PAFRANC,DEFRH,10:21,DEMHG
4301,2023-08-14,STRASBOURG,NON,9561,10:18,INTERNATIONAL,MANNHEIM HBF,PAFRANC,DEMHG,09:12,FRAEG
4302,2023-08-14,PARIS (intramuros),NON,9561,09:53,INTERNATIONAL,KARLSRUHE HBF,PAFRANC,DEQKA,07:20,FRPST
4303,2023-08-14,PARIS (intramuros),NON,9561,09:06,INTERNATIONAL,STRASBOURG,PAFRANC,FRAEG,07:20,FRPST
4304,2023-08-14,VENDOME VILLIERS SUR LOIR,OUI,8313,17:43,ATLANTIQUE,TOURS,PAROCHELLE,FRAFW,17:16,FRESL
4305,2023-08-14,PARIS (intramuros),OUI,8313,17:35,ATLANTIQUE,ST PIERRE DES CORPS,PAROCHELLE,FRXSH,16:28,FRPMO
4306,2023-08-14,BIARRITZ,OUI,8547,18:56,ATLANTIQUE,HENDAYE,PASUDOUEST,FRAEF,18:28,FRBIQ
4307,2023-08-14,MASSY TGV,NON,8547,16:15,ATLANTIQUE,BORDEAUX ST JEAN,PASUDOUEST,FRBOJ,14:15,FRDJU
4308,2023-08-14,PARIS (intramuros),NON,8547,18:41,ATLANTIQUE,ST JEAN DE LUZ CIBOURE,PASUDOUEST,FRXJZ,14:03,FRPMO
4309,2023-08-14,POITIERS,OUI,8393,22:25,ATLANTIQUE,LA ROCHELLE VILLE,PAROCHELLE,FRLRH,20:58,FRPIS
4310,2023-08-14,ST PIERRE DES CORPS,OUI,8393,21:41,ATLANTIQUE,NIORT,PAROCHELLE,FRNIT,20:23,FRXSH
4311,2023-08-14,LILLE (intramuros),OUI,5036,21:37,NORD,NIMES,JCNORDSUD,FRFNI,17:03,FRLLE
4312,2023-08-14,LILLE (intramuros),OUI,5036,22:06,NORD,MONTPELLIER SAINT-ROCH,JCNORDSUD,FRMPL,17:03,FRLLE
4313,2023-08-14,LILLE (intramuros),OUI,5036,20:49,NORD,VALENCE TGV RHONE-ALPES SUD,JCNORDSUD,FRVLA,17:03,FRLLE
4314,2023-08-14,LYON (intramuros),OUI,5036,21:37,NORD,NIMES,JCNORDSUD,FRFNI,20:10,FRLPD
4315,2023-08-14,LYON (intramuros),OUI,5036,20:49,NORD,VALENCE TGV RHONE-ALPES SUD,JCNORDSUD,FRVLA,20:10,FRLPD
4316,2023-08-14,AEROPORT CDG2 TGV ROISSY,OUI,5036,20:49,NORD,VALENCE TGV RHONE-ALPES SUD,JCNORDSUD,FRVLA,17:59,FRMLW
4317,2023-08-14,BEZIERS,NON,6821,09:44,SUD EST,NARBONNE,JCPROVSUD,FRXNA,09:30,FRBZR
4318,2023-08-14,BEZIERS,NON,6821,11:02,SUD EST,TOULOUSE MATABIAU,JCPROVSUD,FRXYT,09:30,FRBZR
4319,2023-08-14,NIMES,NON,6821,09:00,SUD EST,SETE,JCPROVSUD,FRXSY,08:07,FRFNI
4320,2023-08-14,VALENCE TGV RHONE-ALPES SUD,NON,6821,08:37,SUD EST,MONTPELLIER SAINT-ROCH,JCPROVSUD,FRMPL,07:20,FRVLA
4321,2023-08-14,NARBONNE,NON,6821,10:17,SUD EST,CARCASSONNE,JCPROVSUD,FRCCF,09:47,FRXNA
4322,2023-08-14,SETE,NON,6821,10:17,SUD EST,CARCASSONNE,JCPROVSUD,FRCCF,09:03,FRXSY
4323,2023-08-14,DAX,NON,8560,09:40,ATLANTIQUE,BORDEAUX ST JEAN,SUDOUESTPA,FRBOJ,08:25,FRACG
4324,2023-08-14,PAU,OUI,8560,08:16,ATLANTIQUE,DAX,SUDOUESTPA,FRACG,07:25,FRAEE
4325,2023-08-14,LOURDES,OUI,8560,07:23,ATLANTIQUE,PAU,SUDOUESTPA,FRAEE,06:58,FRLDE
4326,2023-08-14,TARBES,OUI,8560,07:23,ATLANTIQUE,PAU,SUDOUESTPA,FRAEE,06:40,FRXTB
4327,2023-08-14,PARIS (intramuros),OUI,8333,14:11,ATLANTIQUE,CHATELLERAULT,PAROCHELLE,FRXCX,12:28,FRPMO
4328,2023-08-14,FUTUROSCOPE,OUI,8333,14:43,ATLANTIQUE,POITIERS,PAROCHELLE,FRPIS,14:33,FRTGO
4329,2023-08-14,BORDEAUX ST JEAN,NON,8488,18:06,ATLANTIQUE,POITIERS,SUDOUESTPA,FRPIS,16:19,FRBOJ
4330,2023-08-14,MASSY TGV,NON,5338,21:30,SUD EST,LYON (intramuros),JCATLSUD,FRLPD,19:26,FRDJU
4331,2023-08-14,BORDEAUX ST JEAN,NON,4669,20:09,IC ARO,MONTAUBAN VILLE BOURBON,TJOURSOSE,FRXMW,18:28,FRBOJ
4332,2023-08-14,BORDEAUX ST JEAN,NON,4669,22:34,IC ARO,SETE,TJOURSOSE,FRXSY,18:28,FRBOJ
4333,2023-08-14,CARCASSONNE,OUI,4669,23:22,IC ARO,NIMES,TJOURSOSE,FRFNI,21:29,FRCCF
4334,2023-08-14,MARMANDE,NON,4669,21:27,IC ARO,CARCASSONNE,TJOURSOSE,FRCCF,19:06,FRXMR
4335,2023-08-14,SETE,OUI,4669,23:22,IC ARO,NIMES,TJOURSOSE,FRFNI,22:36,FRXSY
4336,2023-08-14,TOULOUSE MATABIAU,OUI,4669,23:22,IC ARO,NIMES,TJOURSOSE,FRFNI,20:45,FRXYT
4337,2023-08-14,TOULOUSE MATABIAU,OUI,4669,22:54,IC ARO,MONTPELLIER SAINT-ROCH,TJOURSOSE,FRMPL,20:45,FRXYT
4338,2023-08-14,TOULOUSE MATABIAU,OUI,4669,21:58,IC ARO,NARBONNE,TJOURSOSE,FRXNA,20:45,FRXYT
4339,2023-08-14,TOULOUSE MATABIAU,OUI,4669,22:34,IC ARO,SETE,TJOURSOSE,FRXSY,20:45,FRXYT
4340,2023-08-14,PARIS (intramuros),OUI,8447,18:44,ATLANTIQUE,BORDEAUX ST JEAN,PASUDOUEST,FRBOJ,16:03,FRPMO
4341,2023-08-14,PARIS (intramuros),OUI,8447,17:24,ATLANTIQUE,POITIERS,PASUDOUEST,FRPIS,16:03,FRPMO
4342,2023-08-14,ANGERS ST LAUD,OUI,8146,21:12,ATLANTIQUE,PARIS (intramuros),LOIREPARIS,FRPMO,19:46,FRACL
4343,2023-08-14,NANTES,OUI,8146,21:12,ATLANTIQUE,PARIS (intramuros),LOIREPARIS,FRPMO,19:05,FRNTE
4344,2023-08-14,AIX EN PROVENCE TGV,NON,5066,16:00,NORD,AEROPORT CDG2 TGV ROISSY,JCSUDNORD,FRMLW,12:26,FRAIE
4345,2023-08-14,AVIGNON TGV,NON,5066,13:54,NORD,LYON (intramuros),JCSUDNORD,FRLPD,12:48,FRAVG
4346,2023-08-14,LYON (intramuros),NON,5066,16:57,NORD,LILLE (intramuros),JCSUDNORD,FRLLE,14:00,FRLPD
4347,2023-08-14,MARSEILLE ST CHARLES,NON,5066,12:45,NORD,AVIGNON TGV,JCSUDNORD,FRAVG,12:12,FRMSC
4348,2023-08-14,MARSEILLE ST CHARLES,NON,5066,13:54,NORD,LYON (intramuros),JCSUDNORD,FRLPD,12:12,FRMSC
4349,2023-08-14,LAMBALLE,NON,8615,14:12,ATLANTIQUE,MORLAIX,PARISBRETA,FRMXN,13:10,FRLAM
4350,2023-08-14,MORLAIX,OUI,8615,14:47,ATLANTIQUE,BREST,PARISBRETA,FRBES,14:14,FRMXN
4351,2023-08-14,PLOUARET TREGOR,OUI,8615,14:47,ATLANTIQUE,BREST,PARISBRETA,FRBES,13:56,FRPLT
4352,2023-08-14,PARIS (intramuros),NON,8615,14:47,ATLANTIQUE,BREST,PARISBRETA,FRBES,10:53,FRPMO
4353,2023-08-14,PARIS (intramuros),NON,8615,13:37,ATLANTIQUE,GUINGAMP,PARISBRETA,FRGGP,10:53,FRPMO
4354,2023-08-14,PARIS (intramuros),NON,8615,13:08,ATLANTIQUE,LAMBALLE,PARISBRETA,FRLAM,10:53,FRPMO
4355,2023-08-14,MASSY TGV,NON,5210,11:17,NORD,RENNES,JCNORDBRET,FRRNS,09:39,FRDJU
4356,2023-08-14,LILLE (intramuros),NON,5210,10:29,NORD,LE MANS,JCNORDBRET,FRAET,07:52,FRLLE
4357,2023-08-14,LILLE (intramuros),NON,5210,08:57,NORD,MARNE LA VALLEE CHESSY,JCNORDBRET,FRMLV,07:52,FRLLE
4358,2023-08-14,MARNE LA VALLEE CHESSY,NON,5210,10:29,NORD,LE MANS,JCNORDBRET,FRAET,09:02,FRMLV
4359,2023-08-14,MARNE LA VALLEE CHESSY,NON,5210,09:34,NORD,MASSY TGV,JCNORDBRET,FRDJU,09:02,FRMLV
4360,2023-08-14,AEROPORT CDG2 TGV ROISSY,NON,5210,10:29,NORD,LE MANS,JCNORDBRET,FRAET,08:48,FRMLW
4361,2023-08-14,AEROPORT CDG2 TGV ROISSY,NON,5210,09:34,NORD,MASSY TGV,JCNORDBRET,FRDJU,08:48,FRMLW
4362,2023-08-14,ULM HBF,NON,9577,21:04,INTERNATIONAL,AUGSBURG HBF,PASTUTMUN,DEAGB,20:23,DEQUL
4363,2023-08-14,STRASBOURG,NON,9577,21:04,INTERNATIONAL,AUGSBURG HBF,PASTUTMUN,DEAGB,17:46,FRAEG
4364,2023-08-14,PARIS (intramuros),NON,8483,10:12,ATLANTIQUE,BORDEAUX ST JEAN,PASUDOUEST,FRBOJ,06:49,FRPMO
4365,2023-08-14,LIBOURNE,OUI,8483,10:12,ATLANTIQUE,BORDEAUX ST JEAN,PASUDOUEST,FRBOJ,09:48,FRXLR
4366,2023-08-14,LILLE (intramuros),OUI,7002,07:44,NORD,PARIS (intramuros),LILLEPA,FRPNO,06:42,FRADJ
4367,2023-08-14,PARIS (intramuros),NON,3741,08:44,IC NUIT,DAX,PARPALOMBE,FRACG,20:41,FRPAZ
4368,2023-08-14,PARIS (intramuros),NON,3741,10:11,IC NUIT,ST JEAN DE LUZ CIBOURE,PARPALOMBE,FRXJZ,20:41,FRPAZ
4369,2023-08-14,PARIS (intramuros),NON,3741,07:05,IC NUIT,TARBES,PARPALOMBE,FRXTB,20:41,FRPAZ
4370,2023-08-14,NEVERS,OUI,5963,16:55,IC ARO,VICHY,PACLERMONT,FRVHY,15:59,FRNVS
4371,2023-08-14,PARIS (intramuros),OUI,5963,17:17,IC ARO,RIOM CHATEL GUYON,PACLERMONT,FRRIO,14:00,FRPBE
4372,2023-08-14,LE MANS,NON,8603,11:42,ATLANTIQUE,BREST,PARISBRETA,FRBES,08:37,FRAET
4373,2023-08-14,LE MANS,NON,8603,11:07,ATLANTIQUE,MORLAIX,PARISBRETA,FRMXN,08:37,FRAET
4374,2023-08-14,MASSY TGV,NON,8603,09:25,ATLANTIQUE,RENNES,PARISBRETA,FRRNS,07:44,FRDJU
4375,2023-08-14,MASSY TGV,NON,8603,10:21,ATLANTIQUE,ST BRIEUC,PARISBRETA,FRSBK,07:44,FRDJU
4376,2023-08-14,LAMBALLE,NON,8603,11:07,ATLANTIQUE,MORLAIX,PARISBRETA,FRMXN,10:11,FRLAM
4377,2023-08-14,PARIS (intramuros),NON,8603,08:34,ATLANTIQUE,LE MANS,PARISBRETA,FRAET,07:32,FRPMO
4378,2023-08-14,PARIS (intramuros),NON,8603,11:42,ATLANTIQUE,BREST,PARISBRETA,FRBES,07:32,FRPMO
4379,2023-08-14,RENNES,NON,8603,10:21,ATLANTIQUE,ST BRIEUC,PARISBRETA,FRSBK,09:32,FRRNS
4380,2023-08-14,ST BRIEUC,NON,8603,11:07,ATLANTIQUE,MORLAIX,PARISBRETA,FRMXN,10:24,FRSBK
4381,2023-08-14,AVIGNON TGV,NON,6122,18:22,SUD EST,PARIS (intramuros),PROVENCEPA,FRPLY,15:38,FRAVG
4382,2023-08-14,RENNES,NON,8706,10:01,ATLANTIQUE,LAVAL,BRETAPARIS,FRACR,09:35,FRRNS
4383,2023-08-14,RENNES,NON,8706,11:19,ATLANTIQUE,PARIS (intramuros),BRETAPARIS,FRPMO,09:35,FRRNS
4384,2023-08-14,QUIMPER,NON,8706,10:01,ATLANTIQUE,LAVAL,BRETAPARIS,FRACR,07:20,FRUIP
4385,2023-08-14,PARIS (intramuros),OUI,2815,12:27,EST,THIONVILLE,PAMETZLUX,FRXTH,10:40,FRPST
4386,2023-08-14,CHAMBERY CHALLES LES EAUX,NON,9241,12:23,INTERNATIONAL,TORINO PORTA SUSA,PAITALIE,ITTRS,09:44,FRCMF
4387,2023-08-14,MACON LOCHE TGV,NON,9241,11:23,INTERNATIONAL,OULX CESANA CLAV SESTRIERE,PAITALIE,ITOCS,08:19,FRMLT
4388,2023-08-14,PARIS (intramuros),NON,9555,18:57,INTERNATIONAL,SARREBRUCK/SAARBRUECKEN,PAFRANC,DESBK,17:10,FRPST
4389,2023-08-14,AIX EN PROVENCE TGV,NON,9868,19:01,NORD,AEROPORT CDG2 TGV ROISSY,JCSUDNORD,FRMLW,15:24,FRAIE
4390,2023-08-14,AVIGNON TGV,NON,9868,16:53,NORD,LYON (intramuros),JCSUDNORD,FRLPD,15:46,FRAVG
4391,2023-08-14,LYON (intramuros),NON,9868,18:47,NORD,MARNE LA VALLEE CHESSY,JCSUDNORD,FRMLV,17:00,FRLPD
4392,2023-08-14,AEROPORT CDG2 TGV ROISSY,NON,9868,19:57,NORD,LILLE (intramuros),JCSUDNORD,FRLLE,19:07,FRMLW
4393,2023-08-14,MARSEILLE ST CHARLES,NON,9868,16:53,NORD,LYON (intramuros),JCSUDNORD,FRLPD,15:11,FRMSC
4394,2023-08-14,DIJON VILLE,NON,6709,19:22,SUD EST,BESANCON - F COMTE TGV,PABOUR,FRTJB,18:56,FRABA
4395,2023-08-14,PARIS (intramuros),NON,6709,19:46,SUD EST,BELFORT-MONTBELIARD TGV,PABOUR,FRTJA,17:18,FRPLY
4396,2023-08-14,BESANCON - F COMTE TGV,OUI,6709,20:12,SUD EST,MULHOUSE VILLE,PABOUR,FRAEK,19:25,FRTJB
4397,2023-08-14,PARIS (intramuros),NON,8717,13:25,ATLANTIQUE,RENNES,PARISBRETA,FRRNS,11:53,FRPMO
4398,2023-08-14,RENNES,NON,8717,14:38,ATLANTIQUE,AURAY,PARISBRETA,FRXUY,13:29,FRRNS
4399,2023-08-14,AURAY,OUI,8717,15:34,ATLANTIQUE,QUIMPER,PARISBRETA,FRUIP,14:41,FRXUY
4400,2023-08-14,PARIS (intramuros),NON,9203,10:03,INTERNATIONAL,MULHOUSE VILLE,PABALZUR,FRAEK,07:22,FRPLY
4401,2023-08-14,BELFORT-MONTBELIARD TGV,NON,9203,10:26,INTERNATIONAL,BASEL SBB,PABALZUR,CHAJP,09:41,FRTJA
4402,2023-08-14,AIX EN PROVENCE TGV,NON,9882,20:47,NORD,MARNE LA VALLEE CHESSY,JCSUDNORD,FRMLV,17:22,FRAIE
4403,2023-08-14,AVIGNON TGV,NON,9882,18:54,NORD,LYON (intramuros),JCSUDNORD,FRLPD,17:45,FRAVG
4404,2023-08-14,AVIGNON TGV,NON,9882,21:01,NORD,AEROPORT CDG2 TGV ROISSY,JCSUDNORD,FRMLW,17:45,FRAVG
4405,2023-08-14,LYON (intramuros),NON,9882,20:47,NORD,MARNE LA VALLEE CHESSY,JCSUDNORD,FRMLV,19:00,FRLPD
4406,2023-08-14,LYON (intramuros),NON,9882,21:01,NORD,AEROPORT CDG2 TGV ROISSY,JCSUDNORD,FRMLW,19:00,FRLPD
4407,2023-08-14,AEROPORT CDG2 TGV ROISSY,NON,9882,21:57,NORD,LILLE (intramuros),JCSUDNORD,FRLLE,21:07,FRMLW
4408,2023-08-14,NANTES,OUI,8116,14:09,ATLANTIQUE,PARIS (intramuros),LOIREPARIS,FRPMO,12:09,FRNTE
4409,2023-08-14,ANGERS ST LAUD,OUI,8874,14:23,ATLANTIQUE,LE MANS,LOIREPARIS,FRAET,13:44,FRACL
4410,2023-08-14,LE MANS,OUI,8874,15:25,ATLANTIQUE,PARIS (intramuros),LOIREPARIS,FRPMO,14:26,FRAET
4411,2023-08-14,NANTES,OUI,8874,13:41,ATLANTIQUE,ANGERS ST LAUD,LOIREPARIS,FRACL,13:05,FRNTE
4412,2023-08-14,ST RAPHAEL VALESCURE,NON,6170,16:34,SUD EST,PARIS (intramuros),AZURPA,FRPLY,11:58,FRXSK
4413,2023-08-14,LYON (intramuros),OUI,6626,19:00,SUD EST,PARIS (intramuros),RHONEPARIS,FRPLY,17:04,FRLPD
4414,2023-08-14,AGEN,NON,4661,17:20,IC ARO,NIMES,TJOURSOSE,FRFNI,13:33,FRAGF
4415,2023-08-14,BORDEAUX ST JEAN,NON,4661,15:28,IC ARO,CARCASSONNE,TJOURSOSE,FRCCF,12:28,FRBOJ
4416,2023-08-14,BORDEAUX ST JEAN,NON,4661,17:48,IC ARO,ARLES,TJOURSOSE,FRHZA,12:28,FRBOJ
4417,2023-08-14,BORDEAUX ST JEAN,NON,4661,18:35,IC ARO,MARSEILLE ST CHARLES,TJOURSOSE,FRMSC,12:28,FRBOJ
4418,2023-08-14,CARCASSONNE,NON,4661,16:14,IC ARO,BEZIERS,TJOURSOSE,FRBZR,15:30,FRCCF
4419,2023-08-14,CARCASSONNE,NON,4661,17:20,IC ARO,NIMES,TJOURSOSE,FRFNI,15:30,FRCCF
4420,2023-08-14,CARCASSONNE,NON,4661,18:35,IC ARO,MARSEILLE ST CHARLES,TJOURSOSE,FRMSC,15:30,FRCCF
4421,2023-08-14,NIMES,OUI,4661,18:35,IC ARO,MARSEILLE ST CHARLES,TJOURSOSE,FRMSC,17:23,FRFNI
4422,2023-08-14,ARLES,OUI,4661,18:35,IC ARO,MARSEILLE ST CHARLES,TJOURSOSE,FRMSC,17:50,FRHZA
4423,2023-08-14,MONTAUBAN VILLE BOURBON,NON,4661,15:28,IC ARO,CARCASSONNE,TJOURSOSE,FRCCF,14:10,FRXMW
4424,2023-08-14,MONTAUBAN VILLE BOURBON,NON,4661,14:37,IC ARO,TOULOUSE MATABIAU,TJOURSOSE,FRXYT,14:10,FRXMW
4425,2023-08-14,NARBONNE,NON,4661,16:14,IC ARO,BEZIERS,TJOURSOSE,FRBZR,16:01,FRXNA
4426,2023-08-14,TOULOUSE MATABIAU,NON,4661,16:14,IC ARO,BEZIERS,TJOURSOSE,FRBZR,14:45,FRXYT
4427,2023-08-14,TOULOUSE MATABIAU,NON,4661,17:48,IC ARO,ARLES,TJOURSOSE,FRHZA,14:45,FRXYT
4428,2023-08-14,TOULOUSE MATABIAU,NON,4661,16:52,IC ARO,MONTPELLIER SAINT-ROCH,TJOURSOSE,FRMPL,14:45,FRXYT
4429,2023-08-14,SURGERES,OUI,8370,08:37,ATLANTIQUE,PARIS (intramuros),ROCHELLEPA,FRPMO,06:00,FREIP
4430,2023-08-14,ST MAIXENT DEUX SEVRES,OUI,8370,07:08,ATLANTIQUE,POITIERS,ROCHELLEPA,FRPIS,06:37,FREJC
4431,2023-08-14,VENDOME VILLIERS SUR LOIR,OUI,8320,20:12,ATLANTIQUE,PARIS (intramuros),ROCHELLEPA,FRPMO,19:25,FRESL
4432,2023-08-14,PARIS (intramuros),NON,6193,15:56,SUD EST,AVIGNON CENTRE,PAVDR,FRAES,12:14,FRPLY
4433,2023-08-14,PARIS (intramuros),NON,6193,14:46,SUD EST,VALENCE VILLE,PAVDR,FRVAF,12:14,FRPLY
4434,2023-08-14,PARIS (intramuros),NON,6193,15:09,SUD EST,MONTELIMAR GARE SNCF,PAVDR,FRXMK,12:14,FRPLY
4435,2023-08-14,VALENCE VILLE,NON,6193,15:56,SUD EST,AVIGNON CENTRE,PAVDR,FRAES,14:49,FRVAF
4436,2023-08-14,MONTELIMAR GARE SNCF,OUI,6193,16:36,SUD EST,MIRAMAS,PAVDR,FRMAZ,15:12,FRXMK
4437,2023-08-14,LORIENT,NON,8190,15:25,ATLANTIQUE,RENNES,BRETAPARIS,FRRNS,13:46,FRLRT
4438,2023-08-14,LORIENT,NON,8190,14:48,ATLANTIQUE,REDON,BRETAPARIS,FRXRN,13:46,FRLRT
4439,2023-08-14,VANNES,NON,8190,14:48,ATLANTIQUE,REDON,BRETAPARIS,FRXRN,14:22,FRVNE
4440,2023-08-14,AURAY,NON,8190,15:25,ATLANTIQUE,RENNES,BRETAPARIS,FRRNS,14:07,FRXUY
4441,2023-08-14,HENDAYE,OUI,8536,12:15,ATLANTIQUE,DAX,SUDOUESTPA,FRACG,11:03,FRAEF
4442,2023-08-14,BIARRITZ,NON,8536,13:40,ATLANTIQUE,BORDEAUX ST JEAN,SUDOUESTPA,FRBOJ,11:28,FRBIQ
4443,2023-08-14,BORDEAUX ST JEAN,NON,8536,15:52,ATLANTIQUE,PARIS (intramuros),SUDOUESTPA,FRPMO,13:46,FRBOJ
4444,2023-08-14,BAYONNE,NON,8536,15:52,ATLANTIQUE,PARIS (intramuros),SUDOUESTPA,FRPMO,11:42,FRXBY
4445,2023-08-14,PARIS (intramuros),NON,7569,15:04,NORD,ETAPLES LE TOUQUET,PAARRAS,FRETA,12:25,FRPNO
4446,2023-08-14,LORIENT,OUI,8705,11:53,ATLANTIQUE,QUIMPER,PARISBRETA,FRUIP,11:11,FRLRT
4447,2023-08-14,PARIS (intramuros),NON,8705,11:38,ATLANTIQUE,ROSPORDEN,PARISBRETA,FRRSP,08:06,FRPMO
4448,2023-08-14,PARIS (intramuros),NON,8705,10:49,ATLANTIQUE,AURAY,PARISBRETA,FRXUY,08:06,FRPMO
4449,2023-08-14,VANNES,OUI,8705,10:49,ATLANTIQUE,AURAY,PARISBRETA,FRXUY,10:38,FRVNE
4450,2023-08-14,AURAY,OUI,8705,11:38,ATLANTIQUE,ROSPORDEN,PARISBRETA,FRRSP,10:52,FRXUY
4451,2023-08-14,BOURG EN BRESSE,NON,9761,09:29,INTERNATIONAL,GENEVE,PAGENEVE,CHGVA,08:12,FRXBK
4452,2023-08-14,DAX,NON,8574,19:26,ATLANTIQUE,LOURDES,PASUDOUEST,FRLDE,17:46,FRACG
4453,2023-08-14,BORDEAUX ST JEAN,NON,8574,18:15,ATLANTIQUE,ORTHEZ,PASUDOUEST,FRGFI,16:21,FRBOJ
4454,2023-08-14,ARRAS,OUI,7330,18:08,NORD,PARIS (intramuros),ARRASPA,FRPNO,17:18,FRQRV
4455,2023-08-14,TOULOUSE MATABIAU,NON,3750,06:50,IC NUIT,PARIS (intramuros),OCCITANPAR,FRPAZ,22:18,FRXYT
4456,2023-08-14,CAHORS,NON,3750,06:50,IC NUIT,PARIS (intramuros),OCCITANPAR,FRPAZ,23:29,FRZAO
4457,2023-08-14,PARIS (intramuros),OUI,5789,08:26,IC NUIT,BRIANCON,PABRIANCON,FRXBC,20:51,FRPAZ
4458,2023-08-14,STRASBOURG,OUI,5488,18:32,EST,CHAMPAGNE-ARDENNE,JCESTATL,FREAH,17:01,FRAEG
4459,2023-08-14,STRASBOURG,OUI,5488,17:39,EST,LORRAINE TGV,JCESTATL,FREAM,17:01,FRAEG
4460,2023-08-14,MASSY TGV,NON,5488,21:00,EST,LE MANS,JCESTATL,FRAET,20:10,FRDJU
4461,2023-08-14,CHAMPAGNE-ARDENNE,NON,5488,21:40,EST,ANGERS ST LAUD,JCESTATL,FRACL,18:35,FREAH
4462,2023-08-14,CHAMPAGNE-ARDENNE,OUI,5488,19:06,EST,AEROPORT CDG2 TGV ROISSY,JCESTATL,FRMLW,18:35,FREAH
4463,2023-08-14,LORRAINE TGV,NON,5488,20:04,EST,MASSY TGV,JCESTATL,FRDJU,17:42,FREAM
4464,2023-08-14,LORRAINE TGV,OUI,5488,18:32,EST,CHAMPAGNE-ARDENNE,JCESTATL,FREAH,17:42,FREAM
4465,2023-08-14,AEROPORT CDG2 TGV ROISSY,NON,5488,21:40,EST,ANGERS ST LAUD,JCESTATL,FRACL,19:21,FRMLW
4466,2023-08-14,MEUSE TGV,NON,5488,21:00,EST,LE MANS,JCESTATL,FRAET,18:09,FREAJ
4467,2023-08-14,PARIS (intramuros),NON,5789,05:20,IC NUIT,DIE,PABRIANCON,FRDIE,20:51,FRPAZ
4468,2023-08-14,LA ROCHELLE VILLE,NON,3835,19:10,IC SRO,JONZAC,NANTEBORDO,FREMR,17:43,FRLRH
4469,2023-08-14,NANTES,NON,3835,18:03,IC SRO,ROCHEFORT,NANTEBORDO,FRRCO,15:55,FRNTE
4470,2023-08-14,NANTES,NON,3835,18:32,IC SRO,SAINTES,NANTEBORDO,FRXST,15:55,FRNTE
4471,2023-08-14,LA ROCHE SUR YON,NON,3835,16:58,IC SRO,LUCON,NANTEBORDO,FRLCN,16:36,FRXRO
4472,2023-08-14,PARIS (intramuros),NON,2839,21:52,EST,LUXEMBOURG,PAMETZLUX,LULUX,19:40,FRPST
4473,2023-08-14,NIMES,NON,9864,20:43,NORD,BRUXELLES MIDI BRUSSEL ZUID,JCSUDNORD,BEBMI,15:19,FRFNI
4474,2023-08-14,LYON (intramuros),NON,9864,20:43,NORD,BRUXELLES MIDI BRUSSEL ZUID,JCSUDNORD,BEBMI,17:00,FRLPD
4475,2023-08-14,MARNE LA VALLEE CHESSY,NON,9864,19:57,NORD,LILLE (intramuros),JCSUDNORD,FRLLE,18:51,FRMLV
4476,2023-08-14,VALENCE TGV RHONE-ALPES SUD,NON,9864,19:57,NORD,LILLE (intramuros),JCSUDNORD,FRLLE,16:10,FRVLA
4477,2023-08-14,VALENCE TGV RHONE-ALPES SUD,NON,9864,19:01,NORD,AEROPORT CDG2 TGV ROISSY,JCSUDNORD,FRMLW,16:10,FRVLA
4478,2023-08-14,UZERCHE,NON,3634,12:18,IC ARO,PARIS (intramuros),TOULOUZECO,FRPAZ,08:18,FRAAW
4479,2023-08-14,BRIVE LA GAILLARDE,OUI,3634,08:55,IC ARO,LIMOGES BENEDICTINS,TOULOUZECO,FRAGQ,07:52,FRBVE
4480,2023-08-14,BRIVE LA GAILLARDE,OUI,3634,09:51,IC ARO,ARGENTON SUR CREUSE,TOULOUZECO,FRFMT,07:52,FRBVE
4481,2023-08-14,ARGENTON SUR CREUSE,NON,3634,12:18,IC ARO,PARIS (intramuros),TOULOUZECO,FRPAZ,09:52,FRFMT
4482,2023-08-14,CAHORS,OUI,3634,07:05,IC ARO,GOURDON,TOULOUZECO,FRFSI,06:40,FRZAO
4483,2023-08-14,CAHORS,NON,3634,12:18,IC ARO,PARIS (intramuros),TOULOUZECO,FRPAZ,06:40,FRZAO
4484,2023-08-14,GOURDON,OUI,3634,09:51,IC ARO,ARGENTON SUR CREUSE,TOULOUZECO,FRFMT,07:07,FRFSI
4485,2023-08-14,BEZIERS,NON,9704,18:18,SUD EST,NIMES,BARCELONEPA,FRFNI,16:58,FRBZR
4486,2023-08-14,NIMES,NON,9704,21:18,SUD EST,PARIS (intramuros),BARCELONEPA,FRPLY,18:22,FRFNI
4487,2023-08-14,NIMES,NON,9704,19:03,SUD EST,VALENCE TGV RHONE-ALPES SUD,BARCELONEPA,FRVLA,18:22,FRFNI
4488,2023-08-14,MONTPELLIER SAINT-ROCH,NON,9704,21:18,SUD EST,PARIS (intramuros),BARCELONEPA,FRPLY,17:51,FRMPL
4489,2023-08-14,PERPIGNAN,NON,9704,17:08,SUD EST,AGDE,BARCELONEPA,FRXAG,16:05,FRPGF
4490,2023-08-14,VALENCE TGV RHONE-ALPES SUD,NON,9704,21:18,SUD EST,PARIS (intramuros),BARCELONEPA,FRPLY,19:06,FRVLA
4491,2023-08-14,NARBONNE,NON,9704,21:18,SUD EST,PARIS (intramuros),BARCELONEPA,FRPLY,16:42,FRXNA
4492,2023-08-14,FIGUERES VILA TGV,NON,9704,15:52,SUD EST,PERPIGNAN,BARCELONEPA,FRPGF,15:30,ESFIR
4493,2023-08-14,BARCELONA SANTS,NON,9704,16:39,SUD EST,NARBONNE,BARCELONEPA,FRXNA,14:32,ESBST
4494,2023-08-14,BARCELONA SANTS,NON,9704,18:18,SUD EST,NIMES,BARCELONEPA,FRFNI,14:32,ESBST
4495,2023-08-14,GIRONA,NON,9704,17:43,SUD EST,MONTPELLIER SAINT-ROCH,BARCELONEPA,FRMPL,15:13,ESGRO
4496,2023-08-14,GIRONA,NON,9704,17:08,SUD EST,AGDE,BARCELONEPA,FRXAG,15:13,ESGRO
4497,2023-08-14,GIRONA,NON,9704,18:18,SUD EST,NIMES,BARCELONEPA,FRFNI,15:13,ESGRO
4498,2023-08-14,BELLEGARDE,NON,9760,09:42,INTERNATIONAL,PARIS (intramuros),GENEVEPA,FRPLY,07:02,FRXBF
4499,2023-08-14,BELLEGARDE,NON,9760,07:49,INTERNATIONAL,BOURG EN BRESSE,GENEVEPA,FRXBK,07:02,FRXBF
4500,2023-08-14,MACON LOCHE TGV,OUI,6633,23:10,SUD EST,LYON (intramuros),PARISRHONE,FRLPD,22:41,FRMLT
4501,2023-08-14,PARIS (intramuros),OUI,6633,23:24,SUD EST,LYON (intramuros),PARISRHONE,FRLPE,21:00,FRPLY
4502,2023-08-14,PARIS (intramuros),OUI,6633,22:17,SUD EST,LE CREUSOT MONTCEAU MONTCHANIN,PARISRHONE,FRXCC,21:00,FRPLY
4503,2023-08-14,LE CREUSOT MONTCEAU MONTCHANIN,OUI,6633,23:10,SUD EST,LYON (intramuros),PARISRHONE,FRLPD,22:20,FRXCC
4504,2023-08-14,AVIGNON TGV,NON,5332,13:24,SUD EST,MARSEILLE ST CHARLES,JCATLSUD,FRMSC,12:50,FRAVG
4505,2023-08-14,MASSY TGV,NON,5332,12:45,SUD EST,AVIGNON TGV,JCATLSUD,FRAVG,09:26,FRDJU
4506,2023-08-14,MASSY TGV,NON,5332,11:30,SUD EST,LYON (intramuros),JCATLSUD,FRLPD,09:26,FRDJU
4507,2023-08-14,LYON (intramuros),NON,5332,13:24,SUD EST,MARSEILLE ST CHARLES,JCATLSUD,FRMSC,11:38,FRLPD
4508,2023-08-14,RENNES,NON,5332,13:10,SUD EST,AIX EN PROVENCE TGV,JCATLSUD,FRAIE,07:31,FRRNS
4509,2023-08-14,RENNES,NON,5332,11:30,SUD EST,LYON (intramuros),JCATLSUD,FRLPD,07:31,FRRNS
4510,2023-08-14,LES AUBRAIS ORLEANS,NON,3755,05:40,IC NUIT,FIGEAC,PAVERMEIL,FRFIG,23:32,FRLAB
4511,2023-08-14,LES AUBRAIS ORLEANS,NON,3755,05:01,IC NUIT,ROCAMADOUR PADIRAC,PAVERMEIL,FRFSA,23:32,FRLAB
4512,2023-08-14,LES AUBRAIS ORLEANS,NON,3755,05:22,IC NUIT,ASSIER,PAVERMEIL,FRFSD,23:32,FRLAB
4513,2023-08-14,LES AUBRAIS ORLEANS,NON,3755,06:15,IC NUIT,AUBIN,PAVERMEIL,FRFSQ,23:32,FRLAB
4514,2023-08-14,LES AUBRAIS ORLEANS,NON,3755,07:06,IC NUIT,RODEZ,PAVERMEIL,FRRDZ,23:32,FRLAB
4515,2023-08-14,PARIS (intramuros),NON,3755,06:15,IC NUIT,AUBIN,PAVERMEIL,FRFSQ,22:12,FRPAZ
4516,2023-08-14,PARIS (intramuros),NON,3755,06:33,IC NUIT,ST CHRISTOPHE,PAVERMEIL,FRFST,22:12,FRPAZ
4517,2023-08-14,PARIS (intramuros),OUI,6283,10:45,SUD EST,VALENCE TGV RHONE-ALPES SUD,PALANG,FRVLA,08:12,FRPLY
4518,2023-08-14,LILLE (intramuros),OUI,5124,23:14,NORD,AVIGNON TGV,JCNORDSUD,FRAVG,18:22,FRLLE
4519,2023-08-14,LILLE (intramuros),OUI,5124,20:09,NORD,MARNE LA VALLEE CHESSY,JCNORDSUD,FRMLV,18:22,FRLLE
4520,2023-08-14,LILLE (intramuros),OUI,5124,19:43,NORD,AEROPORT CDG2 TGV ROISSY,JCNORDSUD,FRMLW,18:22,FRLLE
4521,2023-08-14,LYON (intramuros),OUI,5124,23:53,NORD,MARSEILLE ST CHARLES,JCNORDSUD,FRMSC,22:06,FRLPD
4522,2023-08-14,MARNE LA VALLEE CHESSY,OUI,5124,22:00,NORD,LYON (intramuros),JCNORDSUD,FRLPD,20:13,FRMLV
4523,2023-08-14,AEROPORT CDG2 TGV ROISSY,OUI,5124,23:38,NORD,AIX EN PROVENCE TGV,JCNORDSUD,FRAIE,20:00,FRMLW
4524,2023-08-14,TGV HAUTE PICARDIE,OUI,5124,20:09,NORD,MARNE LA VALLEE CHESSY,JCNORDSUD,FRMLV,19:15,FRTHP
4525,2023-08-14,ZUERICH HB,NON,9226,17:58,INTERNATIONAL,DIJON VILLE,ZURBALPA,FRABA,15:34,CHAJD
4526,2023-08-14,BASEL SBB,NON,9226,17:58,INTERNATIONAL,DIJON VILLE,ZURBALPA,FRABA,16:34,CHAJP
4527,2023-08-14,MULHOUSE VILLE,NON,9226,17:58,INTERNATIONAL,DIJON VILLE,ZURBALPA,FRABA,16:56,FRAEK
4528,2023-08-14,STRASBOURG,OUI,5470,10:37,EST,LORRAINE TGV,JCESTATL,FREAM,10:01,FRAEG
4529,2023-08-14,MASSY TGV,NON,5470,13:59,EST,LE MANS,JCESTATL,FRAET,13:10,FRDJU
4530,2023-08-14,LORRAINE TGV,NON,5470,11:25,EST,CHAMPAGNE-ARDENNE,JCESTATL,FREAH,10:40,FREAM
4531,2023-08-14,AEROPORT CDG2 TGV ROISSY,NON,5470,13:59,EST,LE MANS,JCESTATL,FRAET,12:16,FRMLW
4532,2023-08-14,MEUSE TGV,NON,5470,14:47,EST,RENNES,JCESTATL,FRRNS,11:01,FREAJ
4533,2023-08-14,AURAY,OUI,8729,19:56,ATLANTIQUE,LORIENT,PARISBRETA,FRLRT,19:40,FRXUY
4534,2023-08-14,LUXEMBOURG,OUI,2864,10:52,EST,METZ VILLE,LUXMETZPA,FRADE,10:10,LULUX
4535,2023-08-14,DIJON VILLE,NON,9877,13:00,EST,LYON (intramuros),JCRHINRHON,FRLPD,11:21,FRABA
4536,2023-08-14,METZ VILLE,NON,9877,13:00,EST,LYON (intramuros),JCRHINRHON,FRLPD,08:08,FRADE
4537,2023-08-14,MULHOUSE VILLE,NON,9877,14:49,EST,AIX EN PROVENCE TGV,JCRHINRHON,FRAIE,09:57,FRAEK
4538,2023-08-14,MULHOUSE VILLE,NON,9877,13:00,EST,LYON (intramuros),JCRHINRHON,FRLPD,09:57,FRAEK
4539,2023-08-14,MACON VILLE,NON,9877,14:49,EST,AIX EN PROVENCE TGV,JCRHINRHON,FRAIE,12:22,FRHGU
4540,2023-08-14,MACON VILLE,NON,9877,13:46,EST,VALENCE TGV RHONE-ALPES SUD,JCRHINRHON,FRVLA,12:22,FRHGU
4541,2023-08-14,LYON (intramuros),NON,9877,14:49,EST,AIX EN PROVENCE TGV,JCRHINRHON,FRAIE,13:06,FRLPD
4542,2023-08-14,BELFORT-MONTBELIARD TGV,NON,9877,14:49,EST,AIX EN PROVENCE TGV,JCRHINRHON,FRAIE,10:21,FRTJA
4543,2023-08-14,VALENCE TGV RHONE-ALPES SUD,NON,9877,14:25,EST,AVIGNON TGV,JCRHINRHON,FRAVG,13:51,FRVLA
4544,2023-08-14,THIONVILLE,OUI,9877,08:04,EST,METZ VILLE,JCRHINRHON,FRADE,07:47,FRXTH
4545,2023-08-14,THIONVILLE,OUI,9877,08:56,EST,STRASBOURG,JCRHINRHON,FRAEG,07:47,FRXTH
4546,2023-08-14,THIONVILLE,NON,9877,14:25,EST,AVIGNON TGV,JCRHINRHON,FRAVG,07:47,FRXTH
4547,2023-08-14,THIONVILLE,NON,9877,10:18,EST,BELFORT-MONTBELIARD TGV,JCRHINRHON,FRTJA,07:47,FRXTH
4548,2023-08-14,LUXEMBOURG,OUI,9877,08:56,EST,STRASBOURG,JCRHINRHON,FRAEG,07:24,LULUX
4549,2023-08-14,LUXEMBOURG,NON,9877,14:25,EST,AVIGNON TGV,JCRHINRHON,FRAVG,07:24,LULUX
4550,2023-08-14,LUXEMBOURG,NON,9877,10:18,EST,BELFORT-MONTBELIARD TGV,JCRHINRHON,FRTJA,07:24,LULUX
4551,2023-08-14,LUXEMBOURG,NON,9877,13:46,EST,VALENCE TGV RHONE-ALPES SUD,JCRHINRHON,FRVLA,07:24,LULUX
4552,2023-08-14,STRASBOURG,NON,5450,12:02,EST,BORDEAUX ST JEAN,JCESTATL,FRBOJ,06:18,FRAEG
4553,2023-08-14,STRASBOURG,NON,5450,09:04,EST,MASSY TGV,JCESTATL,FRDJU,06:18,FRAEG
4554,2023-08-14,STRASBOURG,NON,5450,07:36,EST,CHAMPAGNE-ARDENNE,JCESTATL,FREAH,06:18,FRAEG
4555,2023-08-14,STRASBOURG,OUI,5450,06:53,EST,LORRAINE TGV,JCESTATL,FREAM,06:18,FRAEG
4556,2023-08-14,STRASBOURG,NON,5450,08:16,EST,MARNE LA VALLEE CHESSY,JCESTATL,FRMLV,06:18,FRAEG
4557,2023-08-14,MASSY TGV,NON,5450,12:02,EST,BORDEAUX ST JEAN,JCESTATL,FRBOJ,09:09,FRDJU
4558,2023-08-14,MASSY TGV,NON,5450,10:41,EST,POITIERS,JCESTATL,FRPIS,09:09,FRDJU
4559,2023-08-14,LORRAINE TGV,NON,5450,08:16,EST,MARNE LA VALLEE CHESSY,JCESTATL,FRMLV,06:56,FREAM
4560,2023-08-14,MARNE LA VALLEE CHESSY,NON,5450,12:02,EST,BORDEAUX ST JEAN,JCESTATL,FRBOJ,08:35,FRMLV
4561,2023-08-14,MARNE LA VALLEE CHESSY,NON,5450,10:06,EST,ST PIERRE DES CORPS,JCESTATL,FRXSH,08:35,FRMLV
4562,2023-08-14,LYON-SAINT EXUPERY TGV,OUI,6191,10:56,SUD EST,AVIGNON CENTRE,PAVDR,FRAES,09:11,FRJDQ
4563,2023-08-14,PARIS (intramuros),OUI,6191,10:56,SUD EST,AVIGNON CENTRE,PAVDR,FRAES,07:14,FRPLY
4564,2023-08-14,PARIS (intramuros),OUI,6191,09:01,SUD EST,LYON-SAINT EXUPERY TGV,PAVDR,FRJDQ,07:14,FRPLY
4565,2023-08-14,PARIS (intramuros),OUI,6191,10:09,SUD EST,MONTELIMAR GARE SNCF,PAVDR,FRXMK,07:14,FRPLY
4566,2023-08-14,VALENCE VILLE,OUI,6191,10:56,SUD EST,AVIGNON CENTRE,PAVDR,FRAES,09:49,FRVAF
4567,2023-08-14,PARIS (intramuros),NON,6117,18:45,SUD EST,AIX EN PROVENCE TGV,PAPROVENCE,FRAIE,15:38,FRPLY
4568,2023-08-14,CARCASSONNE,NON,3736,07:19,IC NUIT,PARIS (intramuros),PALOMBEPAR,FRPAZ,21:47,FRCCF
4569,2023-08-14,LEZIGNAN-CORBIERES,NON,3736,07:19,IC NUIT,PARIS (intramuros),PALOMBEPAR,FRPAZ,21:27,FRFUX
4570,2023-08-14,PORT VENDRES VILLE,NON,3736,06:08,IC NUIT,LES AUBRAIS ORLEANS,PALOMBEPAR,FRLAB,19:19,FRXPV
4571,2023-08-14,PORT VENDRES VILLE,NON,3736,07:19,IC NUIT,PARIS (intramuros),PALOMBEPAR,FRPAZ,19:19,FRXPV
4572,2023-08-14,PARIS (intramuros),NON,6949,19:17,SUD EST,MACON LOCHE TGV,PARISALPES,FRMLT,17:46,FRPLY
4573,2023-08-14,PARIS (intramuros),NON,6949,21:34,SUD EST,ANNECY,PARISALPES,FRNCY,17:46,FRPLY
4574,2023-08-14,AIX LES BAINS LE REVARD,OUI,6949,21:34,SUD EST,ANNECY,PARISALPES,FRNCY,21:07,FRXAI
4575,2023-08-14,AVIGNON TGV,OUI,6121,19:42,SUD EST,AIX EN PROVENCE TGV,PAPROVENCE,FRAIE,19:23,FRAVG
4576,2023-08-14,PARIS (intramuros),NON,6121,19:42,SUD EST,AIX EN PROVENCE TGV,PAPROVENCE,FRAIE,16:38,FRPLY
4577,2023-08-14,PARIS (intramuros),NON,6121,19:57,SUD EST,MARSEILLE ST CHARLES,PAPROVENCE,FRMSC,16:38,FRPLY
4578,2023-08-14,REIMS,OUI,2712,08:31,EST,PARIS (intramuros),SEDBARPA,FRPST,07:45,FRRHE
4579,2023-08-14,GUINGAMP,OUI,8629,20:38,ATLANTIQUE,BREST,PARISBRETA,FRBES,19:36,FRGGP
4580,2023-08-14,PARIS (intramuros),NON,8629,20:02,ATLANTIQUE,MORLAIX,PARISBRETA,FRMXN,16:53,FRPMO
4581,2023-08-14,RENNES,NON,8629,19:33,ATLANTIQUE,GUINGAMP,PARISBRETA,FRGGP,18:32,FRRNS
4582,2023-08-14,RENNES,NON,8629,20:02,ATLANTIQUE,MORLAIX,PARISBRETA,FRMXN,18:32,FRRNS
4583,2023-08-14,RENNES,NON,8629,19:16,ATLANTIQUE,ST BRIEUC,PARISBRETA,FRSBK,18:32,FRRNS
4584,2023-08-14,CAPDENAC,NON,3754,05:40,IC NUIT,LES AUBRAIS ORLEANS,OCCITANPAR,FRLAB,23:47,FRCDC
4585,2023-08-14,CRANSAC,NON,3754,05:40,IC NUIT,LES AUBRAIS ORLEANS,OCCITANPAR,FRLAB,23:20,FRFSR
4586,2023-08-14,RODEZ,NON,3754,06:50,IC NUIT,PARIS (intramuros),OCCITANPAR,FRPAZ,22:38,FRRDZ
4587,2023-08-14,LE HAVRE,OUI,5316,18:09,SUD EST,MASSY PALAISEAU,JCATLSUD,FRMPU,15:45,FRAEZ
4588,2023-08-14,VERSAILLES CHANTIERS,OUI,5316,21:53,SUD EST,AVIGNON TGV,JCATLSUD,FRAVG,17:56,FRDHT
4589,2023-08-14,LYON (intramuros),OUI,5316,22:25,SUD EST,MARSEILLE ST CHARLES,JCATLSUD,FRMSC,20:40,FRLPD
4590,2023-08-14,LYON (intramuros),OUI,5316,21:19,SUD EST,VALENCE TGV RHONE-ALPES SUD,JCATLSUD,FRVLA,20:40,FRLPD
4591,2023-08-14,MASSY PALAISEAU,OUI,5316,21:53,SUD EST,AVIGNON TGV,JCATLSUD,FRAVG,18:12,FRMPU
4592,2023-08-14,ROUEN RIVE DROITE,OUI,5316,17:21,SUD EST,MANTES LA JOLIE,JCATLSUD,FRMTE,16:37,FRURD
4593,2023-08-14,KAISERSLAUTERN HBF,NON,9558,08:00,INTERNATIONAL,SARREBRUCK/SAARBRUECKEN,FRANCPA,DESBK,07:22,DEKLT
4594,2023-08-14,KAISERSLAUTERN HBF,NON,9558,09:51,INTERNATIONAL,PARIS (intramuros),FRANCPA,FRPST,07:22,DEKLT
4595,2023-08-14,MANNHEIM HBF,NON,9558,08:00,INTERNATIONAL,SARREBRUCK/SAARBRUECKEN,FRANCPA,DESBK,06:40,DEMHG
4596,2023-08-14,SARREBRUCK/SAARBRUECKEN,NON,9558,09:51,INTERNATIONAL,PARIS (intramuros),FRANCPA,FRPST,08:01,DESBK
4597,2023-08-14,SAUMUR,NON,5306,14:24,SUD EST,ST PIERRE DES CORPS,JCATLSUD,FRXSH,13:50,FRACN
4598,2023-08-14,MASSY TGV,NON,5306,17:49,SUD EST,LYON (intramuros),JCATLSUD,FRLPE,15:26,FRDJU
4599,2023-08-14,NANTES,NON,5306,13:47,SUD EST,SAUMUR,JCATLSUD,FRACN,12:44,FRNTE
4600,2023-08-14,ST PIERRE DES CORPS,NON,5306,17:49,SUD EST,LYON (intramuros),JCATLSUD,FRLPE,14:28,FRXSH
4601,2023-08-14,BORDEAUX ST JEAN,NON,3852,09:23,IC SRO,SAINTES,BORDONANTE,FRXST,07:53,FRBOJ
4602,2023-08-14,LA ROCHELLE VILLE,NON,3852,10:58,IC SRO,LUCON,BORDONANTE,FRLCN,10:19,FRLRH
4603,2023-08-14,ROCHEFORT,NON,3852,12:05,IC SRO,NANTES,BORDONANTE,FRNTE,09:55,FRRCO
4604,2023-08-14,BORDEAUX ST JEAN,NON,8503,10:24,ATLANTIQUE,AGEN,PASUDOUEST,FRAGF,09:25,FRBOJ
4605,2023-08-14,AIX EN PROVENCE TGV,OUI,6101,09:56,SUD EST,MARSEILLE ST CHARLES,PAPROVENCE,FRMSC,09:44,FRAIE
4606,2023-08-14,MANNHEIM HBF,NON,9550,20:21,INTERNATIONAL,KAISERSLAUTERN HBF,FRANCPA,DEKLT,19:40,DEMHG
4607,2023-08-14,AGEN,OUI,4766,23:32,IC ARO,BORDEAUX ST JEAN,TJOURSESO,FRBOJ,22:29,FRAGF
4608,2023-08-14,CARCASSONNE,NON,4766,21:49,IC ARO,MONTAUBAN VILLE BOURBON,TJOURSESO,FRXMW,20:35,FRCCF
4609,2023-08-14,MONTPELLIER SAINT-ROCH,NON,4766,23:32,IC ARO,BORDEAUX ST JEAN,TJOURSESO,FRBOJ,19:07,FRMPL
4610,2023-08-14,MONTPELLIER SAINT-ROCH,NON,4766,20:02,IC ARO,NARBONNE,TJOURSESO,FRXNA,19:07,FRMPL
4611,2023-08-14,MARSEILLE ST CHARLES,NON,4766,23:32,IC ARO,BORDEAUX ST JEAN,TJOURSESO,FRBOJ,17:28,FRMSC
4612,2023-08-14,MARSEILLE ST CHARLES,NON,4766,20:33,IC ARO,CARCASSONNE,TJOURSESO,FRCCF,17:28,FRMSC
4613,2023-08-14,MARSEILLE ST CHARLES,NON,4766,21:49,IC ARO,MONTAUBAN VILLE BOURBON,TJOURSESO,FRXMW,17:28,FRMSC
4614,2023-08-14,NARBONNE,NON,4766,22:27,IC ARO,AGEN,TJOURSESO,FRAGF,20:05,FRXNA
4615,2023-08-14,NARBONNE,NON,4766,21:17,IC ARO,TOULOUSE MATABIAU,TJOURSESO,FRXYT,20:05,FRXNA
4616,2023-08-14,AVIGNON TGV,OUI,6163,19:08,SUD EST,TOULON,PAAZUR,FRTLN,17:58,FRAVG
4617,2023-08-14,CANNES,OUI,6163,20:40,SUD EST,ANTIBES,PAAZUR,FRXAT,20:31,FRJCA
4618,2023-08-14,PARIS (intramuros),OUI,6163,20:40,SUD EST,ANTIBES,PAAZUR,FRXAT,15:20,FRPLY
4619,2023-08-14,TOULON,OUI,6163,21:00,SUD EST,NICE VILLE,PAAZUR,FRNIC,19:11,FRTLN
4620,2023-08-14,ST RAPHAEL VALESCURE,OUI,6163,20:27,SUD EST,CANNES,PAAZUR,FRJCA,20:05,FRXSK
4621,2023-08-14,LENS,OUI,7304,08:08,NORD,PARIS (intramuros),ARRASPA,FRPNO,06:57,FRXLE
4622,2023-08-14,LIMOGES BENEDICTINS,OUI,3625,14:38,IC ARO,UZERCHE,PALITO,FRAAW,14:01,FRAGQ
4623,2023-08-14,CHATEAUROUX,NON,3625,14:38,IC ARO,UZERCHE,PALITO,FRAAW,12:48,FRCHR
4624,2023-08-14,LA SOUTERRAINE,OUI,3625,14:38,IC ARO,UZERCHE,PALITO,FRAAW,13:26,FRLST
4625,2023-08-14,PARIS (intramuros),NON,3625,12:46,IC ARO,CHATEAUROUX,PALITO,FRCHR,10:41,FRPAZ
4626,2023-08-14,VIERZON VILLE,NON,3625,15:04,IC ARO,BRIVE LA GAILLARDE,PALITO,FRBVE,12:13,FRXVZ
4627,2023-08-14,LE MANS,OUI,8067,18:42,ATLANTIQUE,LAVAL,PARISBRETA,FRACR,18:13,FRAET
4628,2023-08-14,LE MANS,OUI,8067,19:10,ATLANTIQUE,RENNES,PARISBRETA,FRRNS,18:13,FRAET
4629,2023-08-14,CANNES,OUI,6165,16:39,SUD EST,ANTIBES,PAAZUR,FRXAT,16:30,FRJCA
4630,2023-08-14,ST RAPHAEL VALESCURE,OUI,6165,16:58,SUD EST,NICE VILLE,PAAZUR,FRNIC,16:04,FRXSK
4631,2023-08-14,PARIS (intramuros),NON,6155,13:11,SUD EST,TOULON,PAAZUR,FRTLN,09:26,FRPLY
4632,2023-08-14,BEZIERS,NON,6871,11:07,SUD EST,VALENCE TGV RHONE-ALPES SUD,JCSUDPROV,FRVLA,09:15,FRBZR
4633,2023-08-14,CARCASSONNE,NON,6871,11:07,SUD EST,VALENCE TGV RHONE-ALPES SUD,JCSUDPROV,FRVLA,08:27,FRCCF
4634,2023-08-14,CARCASSONNE,OUI,6871,08:56,SUD EST,NARBONNE,JCSUDPROV,FRXNA,08:27,FRCCF
4635,2023-08-14,VALENCE TGV RHONE-ALPES SUD,NON,6871,11:50,SUD EST,LYON (intramuros),JCSUDPROV,FRLPD,11:12,FRVLA
4636,2023-08-14,NARBONNE,OUI,6871,09:12,SUD EST,BEZIERS,JCSUDPROV,FRBZR,08:59,FRXNA
4637,2023-08-14,SETE,NON,6871,11:50,SUD EST,LYON (intramuros),JCSUDPROV,FRLPD,09:39,FRXSY
4638,2023-08-14,TOULOUSE MATABIAU,OUI,6871,09:12,SUD EST,BEZIERS,JCSUDPROV,FRBZR,07:43,FRXYT
4639,2023-08-14,TOULOUSE MATABIAU,OUI,6871,08:56,SUD EST,NARBONNE,JCSUDPROV,FRXNA,07:43,FRXYT
4640,2023-08-14,NARBONNE,NON,6871,09:55,SUD EST,MONTPELLIER SUD DE FRANCE,JCSUDPROV,FRSUF,08:59,FRXNA
4641,2023-08-14,BEZIERS,NON,6052,23:05,SUD EST,PARIS (intramuros),LANGPA,FRPLY,18:59,FRBZR
4642,2023-08-14,PERPIGNAN,OUI,6052,19:10,SUD EST,AGDE,LANGPA,FRXAG,18:04,FRPGF
4643,2023-08-14,AGDE,OUI,6052,19:27,SUD EST,SETE,LANGPA,FRXSY,19:13,FRXAG
4644,2023-08-14,NARBONNE,NON,6052,20:48,SUD EST,VALENCE TGV RHONE-ALPES SUD,LANGPA,FRVLA,18:43,FRXNA
4645,2023-08-14,SETE,NON,6052,20:48,SUD EST,VALENCE TGV RHONE-ALPES SUD,LANGPA,FRVLA,19:30,FRXSY
4646,2023-08-14,BEZIERS,NON,9708,15:01,SUD EST,VALENCE TGV RHONE-ALPES SUD,BARCELONEPA,FRVLA,12:58,FRBZR
4647,2023-08-14,BEZIERS,NON,9708,13:25,SUD EST,SETE,BARCELONEPA,FRXSY,12:58,FRBZR
4648,2023-08-14,MONTPELLIER SAINT-ROCH,NON,9708,14:15,SUD EST,NIMES,BARCELONEPA,FRFNI,13:50,FRMPL
4649,2023-08-14,MONTPELLIER SAINT-ROCH,NON,9708,17:18,SUD EST,PARIS (intramuros),BARCELONEPA,FRPLY,13:50,FRMPL
4650,2023-08-14,PERPIGNAN,NON,9708,12:39,SUD EST,NARBONNE,BARCELONEPA,FRXNA,12:04,FRPGF
4651,2023-08-14,NARBONNE,NON,9708,17:18,SUD EST,PARIS (intramuros),BARCELONEPA,FRPLY,12:42,FRXNA
4652,2023-08-14,NARBONNE,NON,9708,15:01,SUD EST,VALENCE TGV RHONE-ALPES SUD,BARCELONEPA,FRVLA,12:42,FRXNA
4653,2023-08-14,SETE,NON,9708,17:18,SUD EST,PARIS (intramuros),BARCELONEPA,FRPLY,13:28,FRXSY
4654,2023-08-14,SETE,NON,9708,15:01,SUD EST,VALENCE TGV RHONE-ALPES SUD,BARCELONEPA,FRVLA,13:28,FRXSY
4655,2023-08-14,BARCELONA SANTS,NON,9708,13:43,SUD EST,MONTPELLIER SAINT-ROCH,BARCELONEPA,FRMPL,10:33,ESBST
4656,2023-08-14,BARCELONA SANTS,NON,9708,12:39,SUD EST,NARBONNE,BARCELONEPA,FRXNA,10:33,ESBST
4657,2023-08-14,BARCELONA SANTS,NON,9708,14:15,SUD EST,NIMES,BARCELONEPA,FRFNI,10:33,ESBST
4658,2023-08-14,GIRONA,NON,9708,15:01,SUD EST,VALENCE TGV RHONE-ALPES SUD,BARCELONEPA,FRVLA,11:14,ESGRO
4659,2023-08-14,GIRONA,NON,9708,13:09,SUD EST,AGDE,BARCELONEPA,FRXAG,11:14,ESGRO
4660,2023-08-14,PARIS (intramuros),OUI,8827,23:54,ATLANTIQUE,NANTES,PARISLOIRE,FRNTE,21:49,FRPMO
4661,2023-08-14,STRASBOURG,OUI,9404,15:29,EST,CHAMPAGNE-ARDENNE,JCESTATL,FREAH,13:56,FRAEG
4662,2023-08-14,MASSY TGV,NON,9404,18:40,EST,POITIERS,JCESTATL,FRPIS,17:10,FRDJU
4663,2023-08-14,CHAMPAGNE-ARDENNE,NON,9404,16:04,EST,AEROPORT CDG2 TGV ROISSY,JCESTATL,FRMLW,15:34,FREAH
4664,2023-08-14,CHAMPAGNE-ARDENNE,NON,9404,18:06,EST,ST PIERRE DES CORPS,JCESTATL,FRXSH,15:34,FREAH
4665,2023-08-14,MEUSE TGV,NON,9404,20:02,EST,BORDEAUX ST JEAN,JCESTATL,FRBOJ,15:05,FREAJ
4666,2023-08-14,LORRAINE TGV,NON,9404,20:02,EST,BORDEAUX ST JEAN,JCESTATL,FRBOJ,14:38,FREAM
4667,2023-08-14,LORRAINE TGV,OUI,9404,14:58,EST,MEUSE TGV,JCESTATL,FREAJ,14:38,FREAM
4668,2023-08-14,LORRAINE TGV,NON,9404,16:04,EST,AEROPORT CDG2 TGV ROISSY,JCESTATL,FRMLW,14:38,FREAM
4669,2023-08-14,MARNE LA VALLEE CHESSY,NON,9404,20:02,EST,BORDEAUX ST JEAN,JCESTATL,FRBOJ,16:32,FRMLV
4670,2023-08-14,AEROPORT CDG2 TGV ROISSY,NON,9404,19:22,EST,ANGOULEME,JCESTATL,FRANG,16:18,FRMLW
4671,2023-08-14,AEROPORT CDG2 TGV ROISSY,NON,9404,16:27,EST,MARNE LA VALLEE CHESSY,JCESTATL,FRMLV,16:18,FRMLW
4672,2023-08-14,AEROPORT CDG2 TGV ROISSY,NON,9404,18:40,EST,POITIERS,JCESTATL,FRPIS,16:18,FRMLW
4673,2023-08-14,AEROPORT CDG2 TGV ROISSY,NON,9404,18:06,EST,ST PIERRE DES CORPS,JCESTATL,FRXSH,16:18,FRMLW
4674,2023-08-14,ST PIERRE DES CORPS,NON,9404,20:02,EST,BORDEAUX ST JEAN,JCESTATL,FRBOJ,18:10,FRXSH
4675,2023-08-14,ST PIERRE DES CORPS,NON,9404,18:40,EST,POITIERS,JCESTATL,FRPIS,18:10,FRXSH
4676,2023-08-14,RINGSHEIM/EU-PARK,OUI,9404,14:33,EST,LORRAINE TGV,JCESTATL,FREAM,12:52,DERSH
4677,2023-08-14,OFFENBOURG/OFFENBURG,OUI,9404,15:29,EST,CHAMPAGNE-ARDENNE,JCESTATL,FREAH,13:15,DEZPA
4678,2023-08-14,FREIBURG BREISGAU HBF,OUI,9404,14:33,EST,LORRAINE TGV,JCESTATL,FREAM,12:22,DEFGB
4679,2023-08-14,OFFENBOURG/OFFENBURG,NON,9404,18:40,EST,POITIERS,JCESTATL,FRPIS,13:15,DEZPA
4680,2023-08-14,FREIBURG BREISGAU HBF,OUI,9404,15:29,EST,CHAMPAGNE-ARDENNE,JCESTATL,FREAH,12:22,DEFGB
4681,2023-08-14,RINGSHEIM/EU-PARK,NON,9404,16:04,EST,AEROPORT CDG2 TGV ROISSY,JCESTATL,FRMLW,12:52,DERSH
4682,2023-08-14,FREIBURG BREISGAU HBF,NON,9404,17:04,EST,MASSY TGV,JCESTATL,FRDJU,12:22,DEFGB
4683,2023-08-14,OFFENBOURG/OFFENBURG,OUI,9404,14:58,EST,MEUSE TGV,JCESTATL,FREAJ,13:15,DEZPA
4684,2023-08-14,VALENCE VILLE,NON,6196,17:46,SUD EST,PARIS (intramuros),VDRPA,FRPLY,15:13,FRVAF
4685,2023-08-14,MONTELIMAR GARE SNCF,NON,6196,15:48,SUD EST,LYON-SAINT EXUPERY TGV,VDRPA,FRJDQ,14:49,FRXMK
4686,2023-08-14,ORANGE,NON,6196,15:48,SUD EST,LYON-SAINT EXUPERY TGV,VDRPA,FRJDQ,14:21,FRXOG
4687,2023-08-14,ORANGE,OUI,6196,15:10,SUD EST,VALENCE VILLE,VDRPA,FRVAF,14:21,FRXOG
4688,2023-08-14,PARIS (intramuros),NON,6047,11:20,SUD EST,NARBONNE,PALANG,FRXNA,06:56,FRPLY
4689,2023-08-14,VALENCE TGV RHONE-ALPES SUD,NON,6047,11:56,SUD EST,PERPIGNAN,PALANG,FRPGF,09:10,FRVLA
4690,2023-08-14,AGDE,OUI,6047,11:56,SUD EST,PERPIGNAN,PALANG,FRPGF,10:51,FRXAG
4691,2023-08-14,MONTPELLIER SUD DE FRANCE,OUI,6047,11:20,SUD EST,NARBONNE,PALANG,FRXNA,10:17,FRSUF
4692,2023-08-14,NIMES PONT DU GARD,NON,6047,11:20,SUD EST,NARBONNE,PALANG,FRXNA,09:49,FRXZP
4693,2023-08-14,AIX EN PROVENCE TGV,OUI,6181,22:28,SUD EST,CANNES,PAAZUR,FRJCA,20:20,FRAIE
4694,2023-08-14,AIX EN PROVENCE TGV,OUI,6181,23:00,SUD EST,NICE VILLE,PAAZUR,FRNIC,20:20,FRAIE
4695,2023-08-14,AIX EN PROVENCE TGV,OUI,6181,22:41,SUD EST,ANTIBES,PAAZUR,FRXAT,20:20,FRAIE
4696,2023-08-14,CANNES,OUI,6181,23:00,SUD EST,NICE VILLE,PAAZUR,FRNIC,22:33,FRJCA
4697,2023-08-14,PARIS (intramuros),OUI,6181,20:17,SUD EST,AIX EN PROVENCE TGV,PAAZUR,FRAIE,17:22,FRPLY
4698,2023-08-14,PARIS (intramuros),OUI,6181,23:00,SUD EST,NICE VILLE,PAAZUR,FRNIC,17:22,FRPLY
4699,2023-08-14,PARIS (intramuros),OUI,6181,22:02,SUD EST,ST RAPHAEL VALESCURE,PAAZUR,FRXSK,17:22,FRPLY
4700,2023-08-14,TOULON,OUI,6181,22:41,SUD EST,ANTIBES,PAAZUR,FRXAT,21:15,FRTLN
4701,2023-08-14,TOULON,OUI,6181,22:02,SUD EST,ST RAPHAEL VALESCURE,PAAZUR,FRXSK,21:15,FRTLN
4702,2023-08-14,GUINGAMP,OUI,8602,07:29,ATLANTIQUE,RENNES,BRETAPARIS,FRRNS,06:24,FRGGP
4703,2023-08-14,MORLAIX,OUI,8602,06:21,ATLANTIQUE,GUINGAMP,BRETAPARIS,FRGGP,05:55,FRMXN
4704,2023-08-14,ST BRIEUC,OUI,8602,07:29,ATLANTIQUE,RENNES,BRETAPARIS,FRRNS,06:41,FRSBK
4705,2023-08-14,CANNES,OUI,6176,12:55,SUD EST,ST RAPHAEL VALESCURE,AZURPA,FRXSK,12:33,FRJCA
4706,2023-08-14,ANTIBES,OUI,6176,12:29,SUD EST,CANNES,AZURPA,FRJCA,12:19,FRXAT
4707,2023-08-14,LE MANS,OUI,8917,14:00,ATLANTIQUE,LE POULIGUEN,PARISLOIRE,FREGS,11:36,FRAET
4708,2023-08-14,NANTES,OUI,8917,13:54,ATLANTIQUE,LA BAULE ESCOUBLAC,PARISLOIRE,FRJEE,13:00,FRNTE
4709,2023-08-14,PARIS (intramuros),NON,8917,13:47,ATLANTIQUE,PORNICHET,PARISLOIRE,FREGR,10:36,FRPMO
4710,2023-08-14,SETE,NON,6275,15:56,SUD EST,BEZIERS,PALANG,FRBZR,15:28,FRXSY
4711,2023-08-14,SETE,NON,6275,16:13,SUD EST,NARBONNE,PALANG,FRXNA,15:28,FRXSY
4712,2023-08-14,VALENCE TGV RHONE-ALPES SUD,NON,6275,14:59,SUD EST,MONTPELLIER SUD DE FRANCE,PALANG,FRSUF,14:00,FRVLA
4713,2023-08-14,MONTPELLIER SUD DE FRANCE,NON,6275,15:41,SUD EST,AGDE,PALANG,FRXAG,15:10,FRSUF
4714,2023-08-14,NIMES PONT DU GARD,NON,6275,15:41,SUD EST,AGDE,PALANG,FRXAG,14:39,FRXZP
4715,2023-08-14,MARSEILLE ST CHARLES,OUI,6024,16:16,SUD EST,AIX EN PROVENCE TGV,PROVENCEPA,FRAIE,16:04,FRMSC
4716,2023-08-14,MARSEILLE ST CHARLES,NON,6024,19:22,SUD EST,PARIS (intramuros),PROVENCEPA,FRPLY,16:04,FRMSC
4717,2023-08-14,BOURGES,NON,4506,22:04,IC SRO,NANTES,JOURLYNNTE,FRNTE,19:08,FRBOU
4718,2023-08-14,LYON (intramuros),NON,4506,17:49,IC SRO,MOULINS SUR ALLIER,JOURLYNNTE,FRXMU,15:32,FRLPE
4719,2023-08-14,NEVERS,NON,4506,22:04,IC SRO,NANTES,JOURLYNNTE,FRNTE,18:29,FRNVS
4720,2023-08-14,ROANNE,NON,4506,20:26,IC SRO,ST PIERRE DES CORPS,JOURLYNNTE,FRXSH,16:51,FRRNE
4721,2023-08-14,MOULINS SUR ALLIER,NON,4506,18:19,IC SRO,NEVERS,JOURLYNNTE,FRNVS,17:51,FRXMU
4722,2023-08-14,MOULINS SUR ALLIER,NON,4506,19:25,IC SRO,VIERZON VILLE,JOURLYNNTE,FRXVZ,17:51,FRXMU
4723,2023-08-14,ST PIERRE DES CORPS,NON,4506,20:59,IC SRO,SAUMUR,JOURLYNNTE,FRACN,20:29,FRXSH
4724,2023-08-14,ANGERS ST LAUD,NON,5480,18:48,EST,LORRAINE TGV,JCATLEST,FREAM,14:49,FRACL
4725,2023-08-14,LE MANS,NON,5480,18:00,EST,CHAMPAGNE-ARDENNE,JCATLEST,FREAH,15:30,FRAET
4726,2023-08-14,MASSY TGV,NON,5480,18:48,EST,LORRAINE TGV,JCATLEST,FREAM,16:26,FRDJU
4727,2023-08-14,MASSY TGV,NON,5480,17:13,EST,AEROPORT CDG2 TGV ROISSY,JCATLEST,FRMLW,16:26,FRDJU
4728,2023-08-14,MARNE LA VALLEE CHESSY,NON,5480,18:00,EST,CHAMPAGNE-ARDENNE,JCATLEST,FREAH,17:03,FRMLV
4729,2023-08-14,MARNE LA VALLEE CHESSY,NON,5480,17:13,EST,AEROPORT CDG2 TGV ROISSY,JCATLEST,FRMLW,17:03,FRMLV
4730,2023-08-14,NANTES,NON,5480,18:00,EST,CHAMPAGNE-ARDENNE,JCATLEST,FREAH,14:09,FRNTE
4731,2023-08-14,METZ VILLE,OUI,2650,07:50,EST,PARIS (intramuros),LUXMETZPA,FRPST,06:23,FRADE
4732,2023-08-14,PAU,NON,14155,20:00,IC SRO,BAYONNE,SUDOUEST,FRXBY,18:54,FRAEE
4733,2023-08-14,ORTHEZ,NON,14155,21:03,IC SRO,HENDAYE,SUDOUEST,FRAEF,19:17,FRGFI
4734,2023-08-14,LOURDES,NON,14155,21:03,IC SRO,HENDAYE,SUDOUEST,FRAEF,18:25,FRLDE
4735,2023-08-14,TARBES,NON,14155,18:22,IC SRO,LOURDES,SUDOUEST,FRLDE,18:09,FRXTB
4736,2023-08-14,TARBES,NON,14155,20:00,IC SRO,BAYONNE,SUDOUEST,FRXBY,18:09,FRXTB
4737,2023-08-14,TOULOUSE MATABIAU,NON,14155,18:06,IC SRO,TARBES,SUDOUEST,FRXTB,16:34,FRXYT
4738,2023-08-14,MEUSE TGV,OUI,2573,19:48,EST,NANCY,PANANCY,FRENC,19:13,FREAJ
4739,2023-08-14,NANCY,OUI,2573,20:41,EST,EPINAL,PANANCY,FREPL,19:58,FRENC
4740,2023-08-14,PARIS (intramuros),OUI,2573,19:10,EST,MEUSE TGV,PANANCY,FREAJ,18:10,FRPST
4741,2023-08-14,STUTTGART HBF,NON,9574,14:05,INTERNATIONAL,PARIS (intramuros),MUNSTUTPA,FRPST,10:52,DESGT
4742,2023-08-14,NANCY,NON,2536,11:05,EST,CHAMPAGNE-ARDENNE,NANCYPA,FREAH,10:11,FRENC
4743,2023-08-14,CANNES,OUI,6174,11:44,SUD EST,TOULON,AZURPA,FRTLN,10:32,FRJCA
4744,2023-08-14,TOULON,NON,6174,12:33,SUD EST,MARSEILLE ST CHARLES,AZURPA,FRMSC,11:48,FRTLN
4745,2023-08-14,ANTIBES,NON,6174,12:33,SUD EST,MARSEILLE ST CHARLES,AZURPA,FRMSC,10:16,FRXAT
4746,2023-08-14,AVIGNON TGV,NON,6161,11:39,SUD EST,TOULON,PAAZUR,FRTLN,10:33,FRAVG
4747,2023-08-14,PARIS (intramuros),NON,6161,13:05,SUD EST,ANTIBES,PAAZUR,FRXAT,07:48,FRPLY
4748,2023-08-14,TOULON,OUI,6161,12:53,SUD EST,CANNES,PAAZUR,FRJCA,11:43,FRTLN
4749,2023-08-14,TOULON,OUI,6161,13:24,SUD EST,NICE VILLE,PAAZUR,FRNIC,11:43,FRTLN
4750,2023-08-14,NIMES,OUI,6221,12:56,SUD EST,PERPIGNAN,PALANG,FRPGF,10:46,FRFNI
4751,2023-08-14,NIMES,OUI,6221,12:20,SUD EST,NARBONNE,PALANG,FRXNA,10:46,FRFNI
4752,2023-08-14,PARIS (intramuros),NON,6221,12:03,SUD EST,BEZIERS,PALANG,FRBZR,07:42,FRPLY
4753,2023-08-14,PARIS (intramuros),NON,6221,11:11,SUD EST,MONTPELLIER SAINT-ROCH,PALANG,FRMPL,07:42,FRPLY
4754,2023-08-14,PARIS (intramuros),NON,6221,09:52,SUD EST,VALENCE TGV RHONE-ALPES SUD,PALANG,FRVLA,07:42,FRPLY
4755,2023-08-14,PARIS (intramuros),NON,6221,11:48,SUD EST,AGDE,PALANG,FRXAG,07:42,FRPLY
4756,2023-08-14,VALENCE TGV RHONE-ALPES SUD,NON,6221,12:03,SUD EST,BEZIERS,PALANG,FRBZR,09:55,FRVLA
4757,2023-08-14,VALENCE TGV RHONE-ALPES SUD,NON,6221,10:42,SUD EST,NIMES,PALANG,FRFNI,09:55,FRVLA
4758,2023-08-14,VALENCE TGV RHONE-ALPES SUD,NON,6221,11:11,SUD EST,MONTPELLIER SAINT-ROCH,PALANG,FRMPL,09:55,FRVLA
4759,2023-08-14,VALENCE TGV RHONE-ALPES SUD,NON,6221,11:31,SUD EST,SETE,PALANG,FRXSY,09:55,FRVLA
4760,2023-08-14,AGDE,OUI,6221,12:20,SUD EST,NARBONNE,PALANG,FRXNA,11:51,FRXAG
4761,2023-08-14,NARBONNE,OUI,6221,12:56,SUD EST,PERPIGNAN,PALANG,FRPGF,12:23,FRXNA
4762,2023-08-14,SETE,OUI,6221,12:03,SUD EST,BEZIERS,PALANG,FRBZR,11:34,FRXSY
4763,2023-08-14,SETE,OUI,6221,12:56,SUD EST,PERPIGNAN,PALANG,FRPGF,11:34,FRXSY
4764,2023-08-14,SETE,OUI,6221,12:20,SUD EST,NARBONNE,PALANG,FRXNA,11:34,FRXSY
4765,2023-08-14,LIMOGES BENEDICTINS,OUI,3665,22:01,IC ARO,BRIVE LA GAILLARDE,PALITO,FRBVE,20:58,FRAGQ
4766,2023-08-14,LIMOGES BENEDICTINS,OUI,3665,22:28,IC ARO,SOUILLAC,PALITO,FRSOU,20:58,FRAGQ
4767,2023-08-14,BRIVE LA GAILLARDE,OUI,3665,22:44,IC ARO,GOURDON,PALITO,FRFSI,22:04,FRBVE
4768,2023-08-14,BRIVE LA GAILLARDE,OUI,3665,22:28,IC ARO,SOUILLAC,PALITO,FRSOU,22:04,FRBVE
4769,2023-08-14,BRIVE LA GAILLARDE,OUI,3665,23:13,IC ARO,CAHORS,PALITO,FRZAO,22:04,FRBVE
4770,2023-08-14,CHATEAUROUX,OUI,3665,20:22,IC ARO,LA SOUTERRAINE,PALITO,FRLST,19:42,FRCHR
4771,2023-08-14,PARIS (intramuros),OUI,3665,19:57,IC ARO,ARGENTON SUR CREUSE,PALITO,FRFMT,17:41,FRPAZ
4772,2023-08-14,SOUILLAC,OUI,3665,22:44,IC ARO,GOURDON,PALITO,FRFSI,22:30,FRSOU
4773,2023-08-14,SOUILLAC,OUI,3665,23:13,IC ARO,CAHORS,PALITO,FRZAO,22:30,FRSOU
4774,2023-08-14,VIERZON VILLE,OUI,3665,22:28,IC ARO,SOUILLAC,PALITO,FRSOU,19:11,FRXVZ
4775,2023-08-14,VIERZON VILLE,OUI,3665,23:13,IC ARO,CAHORS,PALITO,FRZAO,19:11,FRXVZ
4776,2023-08-14,ARGENTON SUR CREUSE,OUI,3665,22:44,IC ARO,GOURDON,PALITO,FRFSI,19:58,FRFMT
4777,2023-08-14,QUIMPER,NON,8746,21:25,ATLANTIQUE,RENNES,BRETAPARIS,FRRNS,19:16,FRUIP
4778,2023-08-14,QUIMPER,NON,8746,20:46,ATLANTIQUE,REDON,BRETAPARIS,FRXRN,19:16,FRUIP
4779,2023-08-14,QUIMPER,OUI,8746,20:06,ATLANTIQUE,AURAY,BRETAPARIS,FRXUY,19:16,FRUIP
4780,2023-08-14,VANNES,NON,8746,23:08,ATLANTIQUE,PARIS (intramuros),BRETAPARIS,FRPMO,20:22,FRVNE
4781,2023-08-14,AURAY,NON,8746,21:25,ATLANTIQUE,RENNES,BRETAPARIS,FRRNS,20:09,FRXUY
4782,2023-08-14,DAX,OUI,8551,22:23,ATLANTIQUE,BIARRITZ,PASUDOUEST,FRBIQ,21:40,FRACG
4783,2023-08-14,DAX,OUI,8551,22:11,ATLANTIQUE,BAYONNE,PASUDOUEST,FRXBY,21:40,FRACG
4784,2023-08-14,BIARRITZ,OUI,8551,22:39,ATLANTIQUE,ST JEAN DE LUZ CIBOURE,PASUDOUEST,FRXJZ,22:26,FRBIQ
4785,2023-08-14,BORDEAUX ST JEAN,OUI,8551,21:36,ATLANTIQUE,DAX,PASUDOUEST,FRACG,20:20,FRBOJ
4786,2023-08-14,BAYONNE,OUI,8551,22:54,ATLANTIQUE,HENDAYE,PASUDOUEST,FRAEF,22:14,FRXBY
4787,2023-08-14,ST JEAN DE LUZ CIBOURE,OUI,8551,22:54,ATLANTIQUE,HENDAYE,PASUDOUEST,FRAEF,22:41,FRXJZ
4788,2023-08-14,PARIS (intramuros),NON,5959,16:29,IC ARO,CLERMONT FERRAND,PACLERMONT,FRCFE,13:00,FRPBE
4789,2023-08-14,VICHY,NON,5959,16:29,IC ARO,CLERMONT FERRAND,PACLERMONT,FRCFE,15:57,FRVHY
4790,2023-08-14,VICHY,NON,5959,16:17,IC ARO,RIOM CHATEL GUYON,PACLERMONT,FRRIO,15:57,FRVHY
4791,2023-08-14,MOULINS SUR ALLIER,NON,5959,16:29,IC ARO,CLERMONT FERRAND,PACLERMONT,FRCFE,15:30,FRXMU
4792,2023-08-14,MOULINS SUR ALLIER,NON,5959,15:55,IC ARO,VICHY,PACLERMONT,FRVHY,15:30,FRXMU
4793,2023-08-14,LA TESTE,OUI,8470,14:36,ATLANTIQUE,BORDEAUX ST JEAN,SUDOUESTPA,FRBOJ,13:57,FRFCJ
4794,2023-08-14,LA TESTE,OUI,8470,14:10,ATLANTIQUE,FACTURE BIGANOS,SUDOUESTPA,FRFAC,13:57,FRFCJ
4795,2023-08-14,ARCACHON,OUI,8470,14:10,ATLANTIQUE,FACTURE BIGANOS,SUDOUESTPA,FRFAC,13:50,FRXAC
4796,2023-08-14,ARCACHON,NON,8470,17:13,ATLANTIQUE,PARIS (intramuros),SUDOUESTPA,FRPMO,13:50,FRXAC
4797,2023-08-14,LIMOGES BENEDICTINS,NON,3619,13:44,IC ARO,GOURDON,PALITO,FRFSI,11:59,FRAGQ
4798,2023-08-14,LIMOGES BENEDICTINS,NON,3619,14:53,IC ARO,MONTAUBAN VILLE BOURBON,PALITO,FRXMW,11:59,FRAGQ
4799,2023-08-14,BRIVE LA GAILLARDE,NON,3619,14:11,IC ARO,CAHORS,PALITO,FRZAO,13:04,FRBVE
4800,2023-08-14,CHATEAUROUX,NON,3619,11:54,IC ARO,LIMOGES BENEDICTINS,PALITO,FRAGQ,10:41,FRCHR
4801,2023-08-14,CHATEAUROUX,NON,3619,11:20,IC ARO,LA SOUTERRAINE,PALITO,FRLST,10:41,FRCHR
4802,2023-08-14,CHATEAUROUX,NON,3619,14:53,IC ARO,MONTAUBAN VILLE BOURBON,PALITO,FRXMW,10:41,FRCHR
4803,2023-08-14,ARGENTON SUR CREUSE,NON,3619,11:54,IC ARO,LIMOGES BENEDICTINS,PALITO,FRAGQ,10:57,FRFMT
4804,2023-08-14,GOURDON,OUI,3619,15:22,IC ARO,TOULOUSE MATABIAU,PALITO,FRXYT,13:46,FRFSI
4805,2023-08-14,CAUSSADE TARN ET GARONNE,OUI,3619,14:53,IC ARO,MONTAUBAN VILLE BOURBON,PALITO,FRXMW,14:39,FRFTA
4806,2023-08-14,CAUSSADE TARN ET GARONNE,OUI,3619,15:22,IC ARO,TOULOUSE MATABIAU,PALITO,FRXYT,14:39,FRFTA
4807,2023-08-14,LES AUBRAIS ORLEANS,NON,3619,14:38,IC ARO,CAUSSADE TARN ET GARONNE,PALITO,FRFTA,09:29,FRLAB
4808,2023-08-14,LES AUBRAIS ORLEANS,NON,3619,14:53,IC ARO,MONTAUBAN VILLE BOURBON,PALITO,FRXMW,09:29,FRLAB
4809,2023-08-14,LA SOUTERRAINE,NON,3619,13:27,IC ARO,SOUILLAC,PALITO,FRSOU,11:22,FRLST
4810,2023-08-14,LA SOUTERRAINE,NON,3619,14:11,IC ARO,CAHORS,PALITO,FRZAO,11:22,FRLST
4811,2023-08-14,PARIS (intramuros),NON,3619,14:53,IC ARO,MONTAUBAN VILLE BOURBON,PALITO,FRXMW,08:28,FRPAZ
4812,2023-08-14,VIERZON VILLE,NON,3619,11:20,IC ARO,LA SOUTERRAINE,PALITO,FRLST,10:10,FRXVZ
4813,2023-08-14,VIERZON VILLE,NON,3619,14:11,IC ARO,CAHORS,PALITO,FRZAO,10:10,FRXVZ
4814,2023-08-14,CAHORS,OUI,3619,14:53,IC ARO,MONTAUBAN VILLE BOURBON,PALITO,FRXMW,14:13,FRZAO
4815,2023-08-14,LA SOUTERRAINE,NON,3619,14:53,IC ARO,MONTAUBAN VILLE BOURBON,PALITO,FRXMW,11:22,FRLST
4816,2023-08-14,ANGERS ST LAUD,NON,8921,16:04,ATLANTIQUE,LE CROISIC,PARISLOIRE,FREGU,14:17,FRACL
4817,2023-08-14,ANGERS ST LAUD,NON,8921,14:54,ATLANTIQUE,NANTES,PARISLOIRE,FRNTE,14:17,FRACL
4818,2023-08-14,ST NAZAIRE,NON,8921,16:04,ATLANTIQUE,LE CROISIC,PARISLOIRE,FREGU,15:36,FRSNR
4819,2023-08-14,CHAMPAGNE-ARDENNE,OUI,9890,09:43,NORD,BRUXELLES MIDI BRUSSEL ZUID,JCESTNORD,BEBMI,07:26,FREAH
4820,2023-08-14,MEUSE TGV,OUI,9890,07:23,NORD,CHAMPAGNE-ARDENNE,JCESTNORD,FREAH,06:59,FREAJ
4821,2023-08-14,LORIENT,OUI,8722,14:17,ATLANTIQUE,VANNES,BRETAPARIS,FRVNE,13:46,FRLRT
4822,2023-08-14,QUIMPER,NON,8722,17:08,ATLANTIQUE,PARIS (intramuros),BRETAPARIS,FRPMO,13:11,FRUIP
4823,2023-08-14,AURAY,NON,8722,17:08,ATLANTIQUE,PARIS (intramuros),BRETAPARIS,FRPMO,14:07,FRXUY
4824,2023-08-14,TOULON,NON,6866,19:45,SUD EST,AVIGNON TGV,JCSUDPROV,FRAVG,17:53,FRTLN
4825,2023-08-14,AUGSBURG HBF,NON,9576,09:51,INTERNATIONAL,KARLSRUHE HBF,MUNSTUTPA,DEQKA,07:20,DEAGB
4826,2023-08-14,KARLSRUHE HBF,NON,9576,10:37,INTERNATIONAL,STRASBOURG,MUNSTUTPA,FRAEG,09:53,DEQKA
4827,2023-08-14,ULM HBF,NON,9576,09:01,INTERNATIONAL,STUTTGART HBF,MUNSTUTPA,DESGT,08:04,DEQUL
4828,2023-08-14,ULM HBF,NON,9576,12:31,INTERNATIONAL,PARIS (intramuros),MUNSTUTPA,FRPST,08:04,DEQUL
4829,2023-08-14,STUTTGART HBF,NON,9576,10:37,INTERNATIONAL,STRASBOURG,MUNSTUTPA,FRAEG,09:11,DESGT
4830,2023-08-14,AVIGNON TGV,OUI,6109,13:41,SUD EST,AIX EN PROVENCE TGV,PAPROVENCE,FRAIE,13:21,FRAVG
4831,2023-08-14,PARIS (intramuros),NON,6109,13:56,SUD EST,MARSEILLE ST CHARLES,PAPROVENCE,FRMSC,10:38,FRPLY
4832,2023-08-14,DAX,NON,8572,15:43,ATLANTIQUE,TARBES,PASUDOUEST,FRXTB,13:46,FRACG
4833,2023-08-14,PAU,OUI,8572,15:16,ATLANTIQUE,LOURDES,PASUDOUEST,FRLDE,14:49,FRAEE
4834,2023-08-14,BORDEAUX ST JEAN,NON,8572,13:38,ATLANTIQUE,DAX,PASUDOUEST,FRACG,12:20,FRBOJ
4835,2023-08-14,ORTHEZ,NON,8572,15:43,ATLANTIQUE,TARBES,PASUDOUEST,FRXTB,14:18,FRGFI
4836,2023-08-14,PARIS (intramuros),NON,8572,13:38,ATLANTIQUE,DAX,PASUDOUEST,FRACG,10:08,FRPMO
4837,2023-08-14,PARIS (intramuros),NON,8572,14:16,ATLANTIQUE,ORTHEZ,PASUDOUEST,FRGFI,10:08,FRPMO
4838,2023-08-14,PARIS (intramuros),NON,8572,15:16,ATLANTIQUE,LOURDES,PASUDOUEST,FRLDE,10:08,FRPMO
4839,2023-08-14,LES AUBRAIS ORLEANS,NON,3971,07:35,IC NUIT,LUZENAC GARANOU,PARPALOMBE,FRFQI,22:24,FRLAB
4840,2023-08-14,LES AUBRAIS ORLEANS,NON,3971,07:27,IC NUIT,LES CABANNES,PARPALOMBE,FRFQK,22:24,FRLAB
4841,2023-08-14,LES AUBRAIS ORLEANS,NON,3971,07:47,IC NUIT,AX LES THERMES,PARPALOMBE,FRXLT,22:24,FRLAB
4842,2023-08-14,PARIS (intramuros),NON,3971,07:35,IC NUIT,LUZENAC GARANOU,PARPALOMBE,FRFQI,20:41,FRPAZ
4843,2023-08-14,PARIS (intramuros),OUI,3971,07:18,IC NUIT,TARASCON SUR ARIEGE,PARPALOMBE,FRFQM,20:41,FRPAZ
4844,2023-08-14,VENDOME VILLIERS SUR LOIR,OUI,8330,08:33,ATLANTIQUE,PARIS (intramuros),ROCHELLEPA,FRPMO,07:46,FRESL
4845,2023-08-14,PARIS (intramuros),OUI,7581,20:46,NORD,RANG DU FLIERS VERTON,PAARRAS,FRCVU,17:52,FRPNO
4846,2023-08-14,PARIS (intramuros),OUI,7581,20:36,NORD,ETAPLES LE TOUQUET,PAARRAS,FRETA,17:52,FRPNO
4847,2023-08-14,PARIS (intramuros),OUI,7581,19:43,NORD,CALAIS FRETHUN,PAARRAS,FRSTH,17:52,FRPNO
4848,2023-08-14,LYON (intramuros),OUI,6622,17:00,SUD EST,PARIS (intramuros),RHONEPARIS,FRPLY,15:04,FRLPD
4849,2023-08-14,LYON (intramuros),OUI,6622,17:00,SUD EST,PARIS (intramuros),RHONEPARIS,FRPLY,14:50,FRLPE
4850,2023-08-14,PARIS (intramuros),NON,8377,14:37,ATLANTIQUE,NIORT,PAROCHELLE,FRNIT,12:16,FRPMO
4851,2023-08-14,ST PIERRE DES CORPS,NON,8377,14:58,ATLANTIQUE,SURGERES,PAROCHELLE,FREIP,13:20,FRXSH
4852,2023-08-14,ST PIERRE DES CORPS,NON,8377,13:52,ATLANTIQUE,POITIERS,PAROCHELLE,FRPIS,13:20,FRXSH
4853,2023-08-14,AIX EN PROVENCE TGV,NON,6813,16:43,SUD EST,TOULON,JCPROVSUD,FRTLN,15:35,FRAIE
4854,2023-08-14,AVIGNON TGV,NON,6813,15:46,SUD EST,MARSEILLE ST CHARLES,JCPROVSUD,FRMSC,15:13,FRAVG
4855,2023-08-14,LIMOGES BENEDICTINS,OUI,3694,21:08,IC ARO,CHATEAUROUX,TOULOUZECO,FRCHR,20:01,FRAGQ
4856,2023-08-14,LIMOGES BENEDICTINS,NON,3694,21:43,IC ARO,VIERZON VILLE,TOULOUZECO,FRXVZ,20:01,FRAGQ
4857,2023-08-14,BRIVE LA GAILLARDE,OUI,3694,19:58,IC ARO,LIMOGES BENEDICTINS,TOULOUZECO,FRAGQ,18:58,FRBVE
4858,2023-08-14,CAUSSADE TARN ET GARONNE,NON,3694,18:27,IC ARO,SOUILLAC,TOULOUZECO,FRSOU,17:18,FRFTA
4859,2023-08-14,SOUILLAC,NON,3694,18:55,IC ARO,BRIVE LA GAILLARDE,TOULOUZECO,FRBVE,18:29,FRSOU
4860,2023-08-14,SOUILLAC,NON,3694,22:20,IC ARO,LES AUBRAIS ORLEANS,TOULOUZECO,FRLAB,18:29,FRSOU
4861,2023-08-14,SOUILLAC,NON,3694,23:19,IC ARO,PARIS (intramuros),TOULOUZECO,FRPAZ,18:29,FRSOU
4862,2023-08-14,SOUILLAC,NON,3694,21:43,IC ARO,VIERZON VILLE,TOULOUZECO,FRXVZ,18:29,FRSOU
4863,2023-08-14,MONTAUBAN VILLE BOURBON,NON,3694,20:30,IC ARO,LA SOUTERRAINE,TOULOUZECO,FRLST,17:05,FRXMW
4864,2023-08-14,MONTAUBAN VILLE BOURBON,NON,3694,21:43,IC ARO,VIERZON VILLE,TOULOUZECO,FRXVZ,17:05,FRXMW
4865,2023-08-14,VIERZON VILLE,OUI,3694,22:20,IC ARO,LES AUBRAIS ORLEANS,TOULOUZECO,FRLAB,21:45,FRXVZ
4866,2023-08-14,TOULOUSE MATABIAU,NON,3694,21:08,IC ARO,CHATEAUROUX,TOULOUZECO,FRCHR,16:32,FRXYT
4867,2023-08-14,TOULOUSE MATABIAU,NON,3694,17:17,IC ARO,CAUSSADE TARN ET GARONNE,TOULOUZECO,FRFTA,16:32,FRXYT
4868,2023-08-14,CAHORS,NON,3694,18:55,IC ARO,BRIVE LA GAILLARDE,TOULOUZECO,FRBVE,17:45,FRZAO
4869,2023-08-14,CAHORS,NON,3694,21:08,IC ARO,CHATEAUROUX,TOULOUZECO,FRCHR,17:45,FRZAO
4870,2023-08-14,SOUILLAC,NON,3694,20:30,IC ARO,LA SOUTERRAINE,TOULOUZECO,FRLST,18:29,FRSOU
4871,2023-08-14,GOURDON,NON,3694,20:30,IC ARO,LA SOUTERRAINE,TOULOUZECO,FRLST,18:12,FRFSI
4872,2023-08-14,LE MANS,NON,8063,22:41,ATLANTIQUE,LAVAL,PARISBRETA,FRACR,22:13,FRAET
4873,2023-08-14,AVIGNON CENTRE,OUI,6198,19:46,SUD EST,LYON-SAINT EXUPERY TGV,VDRPA,FRJDQ,18:04,FRAES
4874,2023-08-14,ARLES,OUI,6198,18:00,SUD EST,AVIGNON CENTRE,VDRPA,FRAES,17:36,FRHZA
4875,2023-08-14,MIRAMAS,OUI,6198,19:46,SUD EST,LYON-SAINT EXUPERY TGV,VDRPA,FRJDQ,17:15,FRMAZ
4876,2023-08-14,MIRAMAS,OUI,6198,19:10,SUD EST,VALENCE VILLE,VDRPA,FRVAF,17:15,FRMAZ
4877,2023-08-14,VALENCE VILLE,OUI,6198,21:46,SUD EST,PARIS (intramuros),VDRPA,FRPLY,19:13,FRVAF
4878,2023-08-14,ORANGE,OUI,6198,19:46,SUD EST,LYON-SAINT EXUPERY TGV,VDRPA,FRJDQ,18:21,FRXOG
4879,2023-08-14,ORANGE,OUI,6198,19:10,SUD EST,VALENCE VILLE,VDRPA,FRVAF,18:21,FRXOG
4880,2023-08-14,BEZIERS,OUI,6049,19:20,SUD EST,NARBONNE,PALANG,FRXNA,19:06,FRBZR
4881,2023-08-14,AGDE,OUI,6049,19:20,SUD EST,NARBONNE,PALANG,FRXNA,18:51,FRXAG
4882,2023-08-14,SETE,OUI,6049,19:20,SUD EST,NARBONNE,PALANG,FRXNA,18:34,FRXSY
4883,2023-08-14,MONTPELLIER SUD DE FRANCE,OUI,6049,18:48,SUD EST,AGDE,PALANG,FRXAG,18:17,FRSUF
4884,2023-08-14,MONTPELLIER SUD DE FRANCE,OUI,6049,19:20,SUD EST,NARBONNE,PALANG,FRXNA,18:17,FRSUF
4885,2023-08-14,CANNES,OUI,6077,19:58,SUD EST,NICE VILLE,PAAZUR,FRNIC,19:31,FRJCA
4886,2023-08-14,MARSEILLE ST CHARLES,NON,6077,19:58,SUD EST,NICE VILLE,PAAZUR,FRNIC,17:28,FRMSC
4887,2023-08-14,MARSEILLE ST CHARLES,NON,6077,19:39,SUD EST,ANTIBES,PAAZUR,FRXAT,17:28,FRMSC
4888,2023-08-14,MARSEILLE ST CHARLES,NON,6077,19:01,SUD EST,ST RAPHAEL VALESCURE,PAAZUR,FRXSK,17:28,FRMSC
4889,2023-08-14,BORDEAUX ST JEAN,NON,3854,13:22,IC SRO,LA ROCHE SUR YON,BORDONANTE,FRXRO,09:53,FRBOJ
4890,2023-08-14,JONZAC,NON,3854,13:22,IC SRO,LA ROCHE SUR YON,BORDONANTE,FRXRO,10:41,FREMR
4891,2023-08-14,LA ROCHELLE VILLE,NON,3854,12:58,IC SRO,LUCON,BORDONANTE,FRLCN,12:19,FRLRH
4892,2023-08-14,LA ROCHE SUR YON,NON,3854,14:05,IC SRO,NANTES,BORDONANTE,FRNTE,13:24,FRXRO
4893,2023-08-14,SAINTES,NON,3854,12:58,IC SRO,LUCON,BORDONANTE,FRLCN,11:25,FRXST
4894,2023-08-14,AVIGNON TGV,OUI,6107,12:41,SUD EST,AIX EN PROVENCE TGV,PAPROVENCE,FRAIE,12:22,FRAVG
4895,2023-08-14,MODANE,NON,9249,19:23,INTERNATIONAL,OULX CESANA CLAV SESTRIERE,PAITALIE,ITOCS,18:55,FRAGR
4896,2023-08-14,CHAMBERY CHALLES LES EAUX,NON,9249,18:24,INTERNATIONAL,ST JEAN DE MAURIENNE ARVAN,PAITALIE,FRHPN,17:44,FRCMF
4897,2023-08-14,ST JEAN DE MAURIENNE ARVAN,NON,9249,18:49,INTERNATIONAL,MODANE,PAITALIE,FRAGR,18:25,FRHPN
4898,2023-08-14,ST JEAN DE MAURIENNE ARVAN,NON,9249,19:23,INTERNATIONAL,OULX CESANA CLAV SESTRIERE,PAITALIE,ITOCS,18:25,FRHPN
4899,2023-08-14,ST JEAN DE MAURIENNE ARVAN,NON,9249,20:22,INTERNATIONAL,TORINO PORTA SUSA,PAITALIE,ITTRS,18:25,FRHPN
4900,2023-08-14,PARIS (intramuros),NON,9249,17:40,INTERNATIONAL,CHAMBERY CHALLES LES EAUX,PAITALIE,FRCMF,14:46,FRPLY
4901,2023-08-14,LE MANS,NON,8922,17:25,ATLANTIQUE,PARIS (intramuros),LOIREPARIS,FRPMO,16:26,FRAET
4902,2023-08-14,LE CROISIC,NON,8922,16:23,ATLANTIQUE,LE MANS,LOIREPARIS,FRAET,13:47,FREGU
4903,2023-08-14,LE CROISIC,OUI,8922,14:21,ATLANTIQUE,ST NAZAIRE,LOIREPARIS,FRSNR,13:47,FREGU
4904,2023-08-14,ST NAZAIRE,NON,8922,17:25,ATLANTIQUE,PARIS (intramuros),LOIREPARIS,FRPMO,14:24,FRSNR
4905,2023-08-14,HENDAYE,OUI,8534,10:46,ATLANTIQUE,DAX,SUDOUESTPA,FRACG,09:36,FRAEF
4906,2023-08-14,HENDAYE,NON,8534,14:19,ATLANTIQUE,PARIS (intramuros),SUDOUESTPA,FRPMO,09:36,FRAEF
4907,2023-08-14,BIARRITZ,OUI,8534,10:14,ATLANTIQUE,BAYONNE,SUDOUESTPA,FRXBY,10:02,FRBIQ
4908,2023-08-14,BAYONNE,NON,8534,12:06,ATLANTIQUE,BORDEAUX ST JEAN,SUDOUESTPA,FRBOJ,10:17,FRXBY
4909,2023-08-14,ST JEAN DE LUZ CIBOURE,NON,8534,12:06,ATLANTIQUE,BORDEAUX ST JEAN,SUDOUESTPA,FRBOJ,09:49,FRXJZ
4910,2023-08-14,PARIS (intramuros),NON,5771,09:25,IC NUIT,NICE VILLE,PARAZUR,FRNIC,20:51,FRPAZ
4911,2023-08-14,PARIS (intramuros),NON,5771,09:06,IC NUIT,ANTIBES,PARAZUR,FRXAT,20:51,FRPAZ
4912,2023-08-14,PARIS (intramuros),NON,5771,08:15,IC NUIT,LES ARCS DRAGUIGNAN,PARAZUR,FRXRS,20:51,FRPAZ
4913,2023-08-14,METZ VILLE,NON,2886,20:29,EST,CHAMPAGNE-ARDENNE,LUXMETZPA,FREAH,19:42,FRADE
4914,2023-08-14,THIONVILLE,NON,2886,20:29,EST,CHAMPAGNE-ARDENNE,LUXMETZPA,FREAH,19:12,FRXTH
4915,2023-08-14,THIONVILLE,NON,2886,21:13,EST,PARIS (intramuros),LUXMETZPA,FRPST,19:12,FRXTH
4916,2023-08-14,LUXEMBOURG,OUI,2886,19:09,EST,THIONVILLE,LUXMETZPA,FRXTH,18:47,LULUX
4917,2023-08-14,MARSEILLE ST CHARLES,NON,6177,19:26,SUD EST,CANNES,PAAZUR,FRJCA,17:28,FRMSC
4918,2023-08-14,BESANCON VIOTTE,OUI,6766,20:23,SUD EST,DIJON VILLE,BOURPA,FRABA,19:32,FRABG
4919,2023-08-14,LE MANS,NON,8973,11:54,ATLANTIQUE,NANTES,PARISLOIRE,FRNTE,10:36,FRAET
4920,2023-08-14,PARIS (intramuros),NON,8973,10:33,ATLANTIQUE,LE MANS,PARISLOIRE,FRAET,09:36,FRPMO
4921,2023-08-14,PARIS (intramuros),NON,8973,11:54,ATLANTIQUE,NANTES,PARISLOIRE,FRNTE,09:36,FRPMO
4922,2023-08-14,CLERMONT FERRAND,OUI,5978,17:29,IC ARO,MOULINS SUR ALLIER,CLERMONTPA,FRXMU,16:31,FRCFE
4923,2023-08-14,ANGERS ST LAUD,OUI,8911,10:09,ATLANTIQUE,LE CROISIC,PARISLOIRE,FREGU,08:17,FRACL
4924,2023-08-14,ANGERS ST LAUD,OUI,8911,09:53,ATLANTIQUE,LA BAULE ESCOUBLAC,PARISLOIRE,FRJEE,08:17,FRACL
4925,2023-08-14,LE MANS,OUI,8911,08:14,ATLANTIQUE,ANGERS ST LAUD,PARISLOIRE,FRACL,07:35,FRAET
4926,2023-08-14,LE MANS,OUI,8911,09:47,ATLANTIQUE,PORNICHET,PARISLOIRE,FREGR,07:35,FRAET
4927,2023-08-14,LE MANS,OUI,8911,10:00,ATLANTIQUE,LE POULIGUEN,PARISLOIRE,FREGS,07:35,FRAET
4928,2023-08-14,NANTES,OUI,8911,10:00,ATLANTIQUE,LE POULIGUEN,PARISLOIRE,FREGS,09:00,FRNTE
4929,2023-08-14,NANTES,OUI,8911,09:34,ATLANTIQUE,ST NAZAIRE,PARISLOIRE,FRSNR,09:00,FRNTE
4930,2023-08-14,PARIS (intramuros),OUI,8911,07:32,ATLANTIQUE,LE MANS,PARISLOIRE,FRAET,06:28,FRPMO
4931,2023-08-14,ST NAZAIRE,OUI,8911,09:47,ATLANTIQUE,PORNICHET,PARISLOIRE,FREGR,09:37,FRSNR
4932,2023-08-14,VALENCE TGV RHONE-ALPES SUD,OUI,5182,21:57,NORD,LILLE (intramuros),JCSUDNORD,FRLLE,18:10,FRVLA
4933,2023-08-14,VALENCE TGV RHONE-ALPES SUD,OUI,5182,21:01,NORD,AEROPORT CDG2 TGV ROISSY,JCSUDNORD,FRMLW,18:10,FRVLA
4934,2023-08-14,MONTPELLIER SUD DE FRANCE,OUI,5182,20:47,NORD,MARNE LA VALLEE CHESSY,JCSUDNORD,FRMLV,17:05,FRSUF
4935,2023-08-14,MONTPELLIER SUD DE FRANCE,OUI,5182,21:57,NORD,LILLE (intramuros),JCSUDNORD,FRLLE,17:05,FRSUF
4936,2023-08-14,NIMES PONT DU GARD,OUI,5182,18:50,NORD,LYON (intramuros),JCSUDNORD,FRLPD,17:27,FRXZP
4937,2023-08-14,NIMES PONT DU GARD,OUI,5182,20:47,NORD,MARNE LA VALLEE CHESSY,JCSUDNORD,FRMLV,17:27,FRXZP
4938,2023-08-14,NIMES PONT DU GARD,OUI,5182,21:01,NORD,AEROPORT CDG2 TGV ROISSY,JCSUDNORD,FRMLW,17:27,FRXZP
4939,2023-08-14,PARIS (intramuros),NON,2061,19:11,EST,STRASBOURG,PASTRAMULH,FRAEG,17:25,FRPST
4940,2023-08-14,LYON (intramuros),OUI,6628,17:58,SUD EST,LYON (intramuros),RHONEPARIS,FRLPD,17:50,FRLPE
4941,2023-08-14,LYON (intramuros),OUI,6628,20:08,SUD EST,PARIS (intramuros),RHONEPARIS,FRPLY,17:50,FRLPE
4942,2023-08-14,PARIS (intramuros),OUI,7155,08:58,NORD,DOUAI,PAARRAS,FRXDN,07:52,FRPNO
4943,2023-08-14,DIJON VILLE,NON,2239,21:59,EST,CANNES,JCRHINRHON,FRJCA,16:20,FRABA
4944,2023-08-14,DIJON VILLE,NON,2239,17:56,EST,LYON (intramuros),JCRHINRHON,FRLPD,16:20,FRABA
4945,2023-08-14,DIJON VILLE,NON,2239,22:30,EST,NICE VILLE,JCRHINRHON,FRNIC,16:20,FRABA
4946,2023-08-14,STRASBOURG,NON,2239,15:29,EST,BESANCON - F COMTE TGV,JCRHINRHON,FRTJB,13:37,FRAEG
4947,2023-08-14,STRASBOURG,NON,2239,20:41,EST,TOULON,JCRHINRHON,FRTLN,13:37,FRAEG
4948,2023-08-14,STRASBOURG,NON,2239,21:17,EST,LES ARCS DRAGUIGNAN,JCRHINRHON,FRXRS,13:37,FRAEG
4949,2023-08-14,COLMAR,OUI,2239,15:02,EST,BELFORT-MONTBELIARD TGV,JCRHINRHON,FRTJA,14:05,FRAEJ
4950,2023-08-14,COLMAR,NON,2239,22:11,EST,ANTIBES,JCRHINRHON,FRXAT,14:05,FRAEJ
4951,2023-08-14,MULHOUSE VILLE,NON,2239,19:10,EST,AVIGNON TGV,JCRHINRHON,FRAVG,14:40,FRAEK
4952,2023-08-14,MULHOUSE VILLE,NON,2239,20:41,EST,TOULON,JCRHINRHON,FRTLN,14:40,FRAEK
4953,2023-08-14,AIX EN PROVENCE TGV,NON,2239,20:41,EST,TOULON,JCRHINRHON,FRTLN,19:33,FRAIE
4954,2023-08-14,AVIGNON TGV,NON,2239,22:30,EST,NICE VILLE,JCRHINRHON,FRNIC,19:12,FRAVG
4955,2023-08-14,CANNES,OUI,2239,22:30,EST,NICE VILLE,JCRHINRHON,FRNIC,22:03,FRJCA
4956,2023-08-14,LYON (intramuros),NON,2239,19:45,EST,MARSEILLE ST CHARLES,JCRHINRHON,FRMSC,18:04,FRLPD
4957,2023-08-14,LYON (intramuros),NON,2239,21:34,EST,ST RAPHAEL VALESCURE,JCRHINRHON,FRXSK,18:04,FRLPD
4958,2023-08-14,MARSEILLE ST CHARLES,NON,2239,21:59,EST,CANNES,JCRHINRHON,FRJCA,19:57,FRMSC
4959,2023-08-14,BELFORT-MONTBELIARD TGV,NON,2239,19:10,EST,AVIGNON TGV,JCRHINRHON,FRAVG,15:06,FRTJA
4960,2023-08-14,BELFORT-MONTBELIARD TGV,NON,2239,17:56,EST,LYON (intramuros),JCRHINRHON,FRLPD,15:06,FRTJA
4961,2023-08-14,TOULON,OUI,2239,22:11,EST,ANTIBES,JCRHINRHON,FRXAT,20:45,FRTLN
4962,2023-08-14,BEAUNE,NON,2239,19:31,EST,AIX EN PROVENCE TGV,JCRHINRHON,FRAIE,16:42,FRXBV
4963,2023-08-14,LES ARCS DRAGUIGNAN,OUI,2239,22:11,EST,ANTIBES,JCRHINRHON,FRXAT,21:20,FRXRS
4964,2023-08-14,BESANCON - F COMTE TGV,NON,2239,22:11,EST,ANTIBES,JCRHINRHON,FRXAT,15:36,FRTJB
4965,2023-08-14,BELFORT-MONTBELIARD TGV,NON,2239,21:59,EST,CANNES,JCRHINRHON,FRJCA,15:06,FRTJA
4966,2023-08-14,BELFORT-MONTBELIARD TGV,NON,2239,16:39,EST,BEAUNE,JCRHINRHON,FRXBV,15:06,FRTJA
4967,2023-08-14,BESANCON - F COMTE TGV,NON,2239,16:39,EST,BEAUNE,JCRHINRHON,FRXBV,15:36,FRTJB
4968,2023-08-14,LYON (intramuros),NON,5382,15:40,SUD EST,RENNES,JCSUDATL,FRRNS,11:50,FRLPD
4969,2023-08-14,DAX,NON,8531,11:47,ATLANTIQUE,HENDAYE,PASUDOUEST,FRAEF,10:37,FRACG
4970,2023-08-14,BORDEAUX ST JEAN,NON,8531,10:33,ATLANTIQUE,DAX,PASUDOUEST,FRACG,09:21,FRBOJ
4971,2023-08-14,BORDEAUX ST JEAN,NON,8531,11:32,ATLANTIQUE,ST JEAN DE LUZ CIBOURE,PASUDOUEST,FRXJZ,09:21,FRBOJ
4972,2023-08-14,PARIS (intramuros),NON,8531,10:33,ATLANTIQUE,DAX,PASUDOUEST,FRACG,07:08,FRPMO
4973,2023-08-14,PARIS (intramuros),NON,8531,11:32,ATLANTIQUE,ST JEAN DE LUZ CIBOURE,PASUDOUEST,FRXJZ,07:08,FRPMO
4974,2023-08-14,AIX EN PROVENCE TGV,NON,9854,12:11,NORD,BRUXELLES MIDI BRUSSEL ZUID,JCSUDNORD,BEBMI,06:49,FRAIE
4975,2023-08-14,AIX EN PROVENCE TGV,NON,9854,10:32,NORD,AEROPORT CDG2 TGV ROISSY,JCSUDNORD,FRMLW,06:49,FRAIE
4976,2023-08-14,LYON (intramuros),NON,9854,11:27,NORD,LILLE (intramuros),JCSUDNORD,FRLLE,08:34,FRLPD
4977,2023-08-14,MARNE LA VALLEE CHESSY,NON,9854,12:11,NORD,BRUXELLES MIDI BRUSSEL ZUID,JCSUDNORD,BEBMI,10:23,FRMLV
4978,2023-08-14,MARSEILLE ST CHARLES,OUI,9854,08:20,NORD,LYON (intramuros),JCSUDNORD,FRLPD,06:33,FRMSC
4979,2023-08-14,MARSEILLE ST CHARLES,NON,9854,10:32,NORD,AEROPORT CDG2 TGV ROISSY,JCSUDNORD,FRMLW,06:33,FRMSC
4980,2023-08-14,BEZIERS,OUI,6036,17:43,SUD EST,MONTPELLIER SAINT-ROCH,LANGPA,FRMPL,16:58,FRBZR
4981,2023-08-14,BEZIERS,OUI,6036,17:08,SUD EST,AGDE,LANGPA,FRXAG,16:58,FRBZR
4982,2023-08-14,PERPIGNAN,OUI,6036,17:43,SUD EST,MONTPELLIER SAINT-ROCH,LANGPA,FRMPL,16:05,FRPGF
4983,2023-08-14,PERPIGNAN,OUI,6036,16:39,SUD EST,NARBONNE,LANGPA,FRXNA,16:05,FRPGF
4984,2023-08-14,PERPIGNAN,OUI,6036,17:24,SUD EST,SETE,LANGPA,FRXSY,16:05,FRPGF
4985,2023-08-14,AGDE,OUI,6036,17:43,SUD EST,MONTPELLIER SAINT-ROCH,LANGPA,FRMPL,17:11,FRXAG
4986,2023-08-14,NARBONNE,NON,6036,19:03,SUD EST,VALENCE TGV RHONE-ALPES SUD,LANGPA,FRVLA,16:42,FRXNA
4987,2023-08-14,SETE,OUI,6036,17:43,SUD EST,MONTPELLIER SAINT-ROCH,LANGPA,FRMPL,17:27,FRXSY
4988,2023-08-14,LES AUBRAIS ORLEANS,NON,3737,09:26,IC NUIT,RIVESALTES,PARPALOMBE,FRIOF,22:24,FRLAB
4989,2023-08-14,PARIS (intramuros),NON,3737,09:54,IC NUIT,ARGELES SUR MER,PARPALOMBE,FRARM,20:41,FRPAZ
4990,2023-08-14,PARIS (intramuros),NON,3737,07:22,IC NUIT,CARCASSONNE,PARPALOMBE,FRCCF,20:41,FRPAZ
4991,2023-08-14,PARIS (intramuros),NON,3737,10:12,IC NUIT,BANYULS SUR MER,PARPALOMBE,FRXBU,20:41,FRPAZ
4992,2023-08-14,PARIS (intramuros),NON,8691,11:25,ATLANTIQUE,RENNES,PARISBRETA,FRRNS,09:54,FRPMO
4993,2023-08-14,RENNES,NON,8691,13:10,ATLANTIQUE,LANNION,PARISBRETA,FRLAI,11:34,FRRNS
4994,2023-08-14,ST BRIEUC,OUI,8691,13:10,ATLANTIQUE,LANNION,PARISBRETA,FRLAI,12:23,FRSBK
4995,2023-08-14,ANGERS ST LAUD,NON,5482,13:12,EST,STRASBOURG,JCATLEST,FRAEG,08:43,FRACL
4996,2023-08-14,ANGERS ST LAUD,NON,5482,12:32,EST,LORRAINE TGV,JCATLEST,FREAM,08:43,FRACL
4997,2023-08-14,MASSY TGV,NON,5482,11:52,EST,CHAMPAGNE-ARDENNE,JCATLEST,FREAH,10:26,FRDJU
4998,2023-08-14,LORRAINE TGV,OUI,5482,13:12,EST,STRASBOURG,JCATLEST,FRAEG,12:35,FREAM
4999,2023-08-14,MARNE LA VALLEE CHESSY,NON,5482,11:52,EST,CHAMPAGNE-ARDENNE,JCATLEST,FREAH,11:00,FRMLV
5000,2023-08-14,MARNE LA VALLEE CHESSY,NON,5482,12:32,EST,LORRAINE TGV,JCATLEST,FREAM,11:00,FRMLV
5001,2023-08-14,MARNE LA VALLEE CHESSY,NON,5482,11:09,EST,AEROPORT CDG2 TGV ROISSY,JCATLEST,FRMLW,11:00,FRMLV
5002,2023-08-14,AEROPORT CDG2 TGV ROISSY,OUI,5482,13:12,EST,STRASBOURG,JCATLEST,FRAEG,11:22,FRMLW
5003,2023-08-14,NANTES,NON,5482,10:55,EST,MARNE LA VALLEE CHESSY,JCATLEST,FRMLV,08:03,FRNTE
5004,2023-08-14,CLERMONT FERRAND,NON,5962,09:58,IC ARO,NEVERS,CLERMONTPA,FRNVS,08:31,FRCFE
5005,2023-08-14,VICHY,NON,5962,11:57,IC ARO,PARIS (intramuros),CLERMONTPA,FRPBE,09:06,FRVHY
5006,2023-08-14,MOULINS SUR ALLIER,NON,5962,11:57,IC ARO,PARIS (intramuros),CLERMONTPA,FRPBE,09:31,FRXMU
5007,2023-08-14,LAVAL,NON,9884,08:57,NORD,MARNE LA VALLEE CHESSY,JCBRETNORD,FRMLV,06:52,FRACR
5008,2023-08-14,MASSY TGV,NON,9884,08:57,NORD,MARNE LA VALLEE CHESSY,JCBRETNORD,FRMLV,08:26,FRDJU
5009,2023-08-14,AEROPORT CDG2 TGV ROISSY,OUI,9884,11:01,NORD,BRUXELLES MIDI BRUSSEL ZUID,JCBRETNORD,BEBMI,09:16,FRMLW
5010,2023-08-14,RENNES,OUI,9884,06:49,NORD,LAVAL,JCBRETNORD,FRACR,06:23,FRRNS
5011,2023-08-14,TGV HAUTE PICARDIE,OUI,9884,10:17,NORD,LILLE (intramuros),JCBRETNORD,FRLLE,09:50,FRTHP
5012,2023-08-14,CHATEAUROUX,OUI,3655,19:52,IC ARO,LIMOGES BENEDICTINS,PALITO,FRAGQ,18:44,FRCHR
5013,2023-08-14,PARIS (intramuros),OUI,3655,19:52,IC ARO,LIMOGES BENEDICTINS,PALITO,FRAGQ,16:41,FRPAZ
5014,2023-08-14,PARIS (intramuros),OUI,3655,18:27,IC ARO,ISSOUDUN,PALITO,FRFMN,16:41,FRPAZ
5015,2023-08-14,LE CROISIC,NON,8912,09:41,ATLANTIQUE,ANGERS ST LAUD,LOIREPARIS,FRACL,07:55,FREGU
5016,2023-08-14,LA BAULE ESCOUBLAC,NON,8912,09:41,ATLANTIQUE,ANGERS ST LAUD,LOIREPARIS,FRACL,08:07,FRJEE
5017,2023-08-14,LA BAULE ESCOUBLAC,NON,8912,11:25,ATLANTIQUE,PARIS (intramuros),LOIREPARIS,FRPMO,08:07,FRJEE
5018,2023-08-14,ST NAZAIRE,NON,8912,10:23,ATLANTIQUE,LE MANS,LOIREPARIS,FRAET,08:24,FRSNR
5019,2023-08-14,BASEL SBB,NON,9223,22:26,INTERNATIONAL,ZUERICH HB,PABALZUR,CHAJD,21:34,CHAJP
5020,2023-08-14,PARIS (intramuros),OUI,7037,14:18,NORD,LILLE (intramuros),PALILLE,FRADJ,13:16,FRPNO
5021,2023-08-14,ANGERS ST LAUD,NON,8913,12:33,ATLANTIQUE,ST NAZAIRE,PARISLOIRE,FRSNR,11:16,FRACL
5022,2023-08-14,LE MANS,NON,8913,11:54,ATLANTIQUE,NANTES,PARISLOIRE,FRNTE,10:36,FRAET
5023,2023-08-14,NANTES,NON,8913,12:33,ATLANTIQUE,ST NAZAIRE,PARISLOIRE,FRSNR,12:00,FRNTE
5024,2023-08-14,PARIS (intramuros),NON,8913,11:13,ATLANTIQUE,ANGERS ST LAUD,PARISLOIRE,FRACL,09:36,FRPMO
5025,2023-08-14,ST NAZAIRE,OUI,8913,12:50,ATLANTIQUE,LA BAULE ESCOUBLAC,PARISLOIRE,FRJEE,12:36,FRSNR
5026,2023-08-14,BEZIERS,OUI,6258,14:09,SUD EST,AGDE,LANGPA,FRXAG,13:58,FRBZR
5027,2023-08-14,PERPIGNAN,OUI,6258,13:55,SUD EST,BEZIERS,LANGPA,FRBZR,13:04,FRPGF
5028,2023-08-14,VALENCE TGV RHONE-ALPES SUD,NON,6258,18:12,SUD EST,PARIS (intramuros),LANGPA,FRPLY,15:54,FRVLA
5029,2023-08-14,SETE,NON,6258,14:43,SUD EST,MONTPELLIER SUD DE FRANCE,LANGPA,FRSUF,14:28,FRXSY
5030,2023-08-14,PERPIGNAN,NON,6258,14:43,SUD EST,MONTPELLIER SUD DE FRANCE,LANGPA,FRSUF,13:04,FRPGF
5031,2023-08-14,SETE,NON,6258,15:12,SUD EST,NIMES PONT DU GARD,LANGPA,FRXZP,14:28,FRXSY
5032,2023-08-14,LILLE (intramuros),OUI,7534,19:09,NORD,PARIS (intramuros),ARRASPA,FRPNO,17:51,FRLLE
5033,2023-08-14,CALAIS FRETHUN,OUI,7534,19:09,NORD,PARIS (intramuros),ARRASPA,FRPNO,17:15,FRSTH
5034,2023-08-14,STRASBOURG,OUI,9894,18:32,NORD,CHAMPAGNE-ARDENNE,JCESTNORD,FREAH,17:01,FRAEG
5035,2023-08-14,STRASBOURG,OUI,9894,20:08,NORD,LILLE (intramuros),JCESTNORD,FRLLE,17:01,FRAEG
5036,2023-08-14,STRASBOURG,OUI,9894,19:06,NORD,AEROPORT CDG2 TGV ROISSY,JCESTNORD,FRMLW,17:01,FRAEG
5037,2023-08-14,MEUSE TGV,OUI,9894,18:32,NORD,CHAMPAGNE-ARDENNE,JCESTNORD,FREAH,18:09,FREAJ
5038,2023-08-14,LORRAINE TGV,OUI,9894,21:01,NORD,BRUXELLES MIDI BRUSSEL ZUID,JCESTNORD,BEBMI,17:42,FREAM
5039,2023-08-14,LORRAINE TGV,OUI,9894,18:01,NORD,MEUSE TGV,JCESTNORD,FREAJ,17:42,FREAM
5040,2023-08-14,FRANKFURT MAIN HBF,NON,9580,17:31,INTERNATIONAL,BELFORT-MONTBELIARD TGV,FRANCMRS,FRTJA,13:56,DEFRH
5041,2023-08-14,MANNHEIM HBF,NON,9580,21:34,INTERNATIONAL,AIX EN PROVENCE TGV,FRANCMRS,FRAIE,14:39,DEMHG
5042,2023-08-14,MANNHEIM HBF,NON,9580,17:31,INTERNATIONAL,BELFORT-MONTBELIARD TGV,FRANCMRS,FRTJA,14:39,DEMHG
5043,2023-08-14,KARLSRUHE HBF,NON,9580,16:02,INTERNATIONAL,STRASBOURG,FRANCMRS,FRAEG,15:12,DEQKA
5044,2023-08-14,KARLSRUHE HBF,NON,9580,21:34,INTERNATIONAL,AIX EN PROVENCE TGV,FRANCMRS,FRAIE,15:12,DEQKA
5045,2023-08-14,KARLSRUHE HBF,NON,9580,21:48,INTERNATIONAL,MARSEILLE ST CHARLES,FRANCMRS,FRMSC,15:12,DEQKA
5046,2023-08-14,KARLSRUHE HBF,NON,9580,17:31,INTERNATIONAL,BELFORT-MONTBELIARD TGV,FRANCMRS,FRTJA,15:12,DEQKA
5047,2023-08-14,BADEN BADEN,NON,9580,17:05,INTERNATIONAL,MULHOUSE VILLE,FRANCMRS,FRAEK,15:35,DEZCC
5048,2023-08-14,STRASBOURG,NON,9580,21:34,INTERNATIONAL,AIX EN PROVENCE TGV,FRANCMRS,FRAIE,16:15,FRAEG
5049,2023-08-14,STRASBOURG,NON,9580,19:56,INTERNATIONAL,LYON (intramuros),FRANCMRS,FRLPD,16:15,FRAEG
5050,2023-08-14,MULHOUSE VILLE,NON,9580,21:48,INTERNATIONAL,MARSEILLE ST CHARLES,FRANCMRS,FRMSC,17:09,FRAEK
5051,2023-08-14,MULHOUSE VILLE,NON,9580,17:55,INTERNATIONAL,BESANCON - F COMTE TGV,FRANCMRS,FRTJB,17:09,FRAEK
5052,2023-08-14,AIX EN PROVENCE TGV,NON,9580,21:48,INTERNATIONAL,MARSEILLE ST CHARLES,FRANCMRS,FRMSC,21:37,FRAIE
5053,2023-08-14,BESANCON - F COMTE TGV,NON,9580,21:34,INTERNATIONAL,AIX EN PROVENCE TGV,FRANCMRS,FRAIE,17:58,FRTJB
5054,2023-08-14,BESANCON - F COMTE TGV,NON,9580,19:56,INTERNATIONAL,LYON (intramuros),FRANCMRS,FRLPD,17:58,FRTJB
5055,2023-08-14,CHALON SUR SAONE,NON,9580,21:12,INTERNATIONAL,AVIGNON TGV,FRANCMRS,FRAVG,18:56,FRXCD
5056,2023-08-14,AGEN,NON,4665,20:14,IC ARO,BEZIERS,TJOURSOSE,FRBZR,17:32,FRAGF
5057,2023-08-14,AGEN,NON,4665,19:58,IC ARO,NARBONNE,TJOURSOSE,FRXNA,17:32,FRAGF
5058,2023-08-14,BORDEAUX ST JEAN,NON,4665,20:14,IC ARO,BEZIERS,TJOURSOSE,FRBZR,16:28,FRBOJ
5059,2023-08-14,BORDEAUX ST JEAN,NON,4665,19:27,IC ARO,CARCASSONNE,TJOURSOSE,FRCCF,16:28,FRBOJ
5060,2023-08-14,BEZIERS,NON,4665,20:52,IC ARO,MONTPELLIER SAINT-ROCH,TJOURSOSE,FRMPL,20:17,FRBZR
5061,2023-08-14,CARCASSONNE,NON,4665,20:14,IC ARO,BEZIERS,TJOURSOSE,FRBZR,19:29,FRCCF
5062,2023-08-14,MONTAUBAN VILLE BOURBON,NON,4665,20:14,IC ARO,BEZIERS,TJOURSOSE,FRBZR,18:11,FRXMW
5063,2023-08-14,MONTAUBAN VILLE BOURBON,NON,4665,22:31,IC ARO,MARSEILLE ST CHARLES,TJOURSOSE,FRMSC,18:11,FRXMW
5064,2023-08-14,TOULOUSE MATABIAU,NON,4665,19:27,IC ARO,CARCASSONNE,TJOURSOSE,FRCCF,18:45,FRXYT
5065,2023-08-14,TOULOUSE MATABIAU,NON,4665,21:20,IC ARO,NIMES,TJOURSOSE,FRFNI,18:45,FRXYT
5066,2023-08-14,NIORT,OUI,8367,20:37,ATLANTIQUE,LA ROCHELLE VILLE,PAROCHELLE,FRLRH,19:51,FRNIT
5067,2023-08-14,PARIS (intramuros),OUI,8367,18:13,ATLANTIQUE,VENDOME VILLIERS SUR LOIR,PAROCHELLE,FRESL,17:28,FRPMO
5068,2023-08-14,ST PIERRE DES CORPS,OUI,8367,20:12,ATLANTIQUE,SURGERES,PAROCHELLE,FREIP,18:42,FRXSH
5069,2023-08-14,VENDOME VILLIERS SUR LOIR,OUI,8367,19:48,ATLANTIQUE,NIORT,PAROCHELLE,FRNIT,18:15,FRESL
5070,2023-08-14,VENDOME VILLIERS SUR LOIR,OUI,8367,20:12,ATLANTIQUE,SURGERES,PAROCHELLE,FREIP,18:15,FRESL
5071,2023-08-14,KARLSRUHE HBF,NON,9578,08:13,INTERNATIONAL,STRASBOURG,MUNSTUTPA,FRAEG,07:32,DEQKA
5072,2023-08-14,STRASBOURG,NON,9578,10:05,INTERNATIONAL,PARIS (intramuros),MUNSTUTPA,FRPST,08:20,FRAEG
5073,2023-08-14,PAU,NON,14142,12:53,IC SRO,TARBES,SUDOUEST,FRXTB,12:12,FRAEE
5074,2023-08-14,HENDAYE,NON,14142,10:39,IC SRO,BIARRITZ,SUDOUEST,FRBIQ,10:19,FRAEF
5075,2023-08-14,HENDAYE,NON,14142,12:37,IC SRO,LOURDES,SUDOUEST,FRLDE,10:19,FRAEF
5076,2023-08-14,HENDAYE,NON,14142,10:29,IC SRO,ST JEAN DE LUZ CIBOURE,SUDOUEST,FRXJZ,10:19,FRAEF
5077,2023-08-14,HENDAYE,NON,14142,14:27,IC SRO,TOULOUSE MATABIAU,SUDOUEST,FRXYT,10:19,FRAEF
5078,2023-08-14,BIARRITZ,NON,14142,12:09,IC SRO,PAU,SUDOUEST,FRAEE,10:40,FRBIQ
5079,2023-08-14,BIARRITZ,NON,14142,13:30,IC SRO,MONTREJEAU GOURDAN POLIGNAN,SUDOUEST,FRMTJ,10:40,FRBIQ
5080,2023-08-14,BAYONNE,NON,14142,11:46,IC SRO,ORTHEZ,SUDOUEST,FRGFI,11:02,FRXBY
5081,2023-08-14,BAYONNE,NON,14142,12:53,IC SRO,TARBES,SUDOUEST,FRXTB,11:02,FRXBY
5082,2023-08-14,ST JEAN DE LUZ CIBOURE,NON,14142,12:37,IC SRO,LOURDES,SUDOUEST,FRLDE,10:30,FRXJZ
5083,2023-08-14,ST JEAN DE LUZ CIBOURE,NON,14142,12:53,IC SRO,TARBES,SUDOUEST,FRXTB,10:30,FRXJZ
5084,2023-08-14,MONTREJEAU GOURDAN POLIGNAN,NON,14142,14:27,IC SRO,TOULOUSE MATABIAU,SUDOUEST,FRXYT,13:32,FRMTJ
5085,2023-08-14,METZ VILLE,OUI,2833,19:52,EST,LUXEMBOURG,PAMETZLUX,LULUX,19:10,FRADE
5086,2023-08-14,THIONVILLE,OUI,2833,19:52,EST,LUXEMBOURG,PAMETZLUX,LULUX,19:30,FRXTH
5087,2023-08-14,DIJON VILLE,OUI,2204,19:41,EST,COLMAR,JCRHONRHIN,FRAEJ,17:50,FRABA
5088,2023-08-14,NIMES,NON,2204,19:09,EST,MULHOUSE VILLE,JCRHONRHIN,FRAEK,14:25,FRFNI
5089,2023-08-14,MACON VILLE,NON,2204,18:44,EST,BELFORT-MONTBELIARD TGV,JCRHONRHIN,FRTJA,16:41,FRHGU
5090,2023-08-14,MONTPELLIER SAINT-ROCH,NON,2204,17:40,EST,DIJON VILLE,JCRHONRHIN,FRABA,13:57,FRMPL
5091,2023-08-14,BEZIERS,NON,9706,19:27,SUD EST,SETE,BARCELONEPA,FRXSY,18:59,FRBZR
5092,2023-08-14,VALENCE TGV RHONE-ALPES SUD,NON,9706,23:05,SUD EST,PARIS (intramuros),BARCELONEPA,FRPLY,20:51,FRVLA
5093,2023-08-14,NARBONNE,NON,9706,23:05,SUD EST,PARIS (intramuros),BARCELONEPA,FRPLY,18:43,FRXNA
5094,2023-08-14,NARBONNE,NON,9706,20:48,SUD EST,VALENCE TGV RHONE-ALPES SUD,BARCELONEPA,FRVLA,18:43,FRXNA
5095,2023-08-14,BARCELONA SANTS,NON,9706,23:05,SUD EST,PARIS (intramuros),BARCELONEPA,FRPLY,16:10,ESBST
5096,2023-08-14,NARBONNE,NON,9706,19:45,SUD EST,MONTPELLIER SUD DE FRANCE,BARCELONEPA,FRSUF,18:43,FRXNA
5097,2023-08-14,PERPIGNAN,NON,9706,20:09,SUD EST,NIMES PONT DU GARD,BARCELONEPA,FRXZP,18:04,FRPGF
5098,2023-08-14,BEZIERS,NON,9706,20:09,SUD EST,NIMES PONT DU GARD,BARCELONEPA,FRXZP,18:59,FRBZR
5099,2023-08-14,NARBONNE,NON,9706,20:09,SUD EST,NIMES PONT DU GARD,BARCELONEPA,FRXZP,18:43,FRXNA
5100,2023-08-14,AGDE,NON,9706,20:09,SUD EST,NIMES PONT DU GARD,BARCELONEPA,FRXZP,19:13,FRXAG
5101,2023-08-14,BARCELONA SANTS,NON,9706,20:09,SUD EST,NIMES PONT DU GARD,BARCELONEPA,FRXZP,16:10,ESBST
5102,2023-08-14,GIRONA,NON,9706,18:56,SUD EST,BEZIERS,BARCELONEPA,FRBZR,16:51,ESGRO
5103,2023-08-14,FIGUERES VILA TGV,NON,9706,18:40,SUD EST,NARBONNE,BARCELONEPA,FRXNA,17:08,ESFIR
5104,2023-08-14,FIGUERES VILA TGV,NON,9706,18:56,SUD EST,BEZIERS,BARCELONEPA,FRBZR,17:08,ESFIR
5105,2023-08-14,FIGUERES VILA TGV,NON,9706,19:45,SUD EST,MONTPELLIER SUD DE FRANCE,BARCELONEPA,FRSUF,17:08,ESFIR
5106,2023-08-14,LE MANS,NON,5380,10:30,SUD EST,RENNES,JCSUDATL,FRRNS,09:33,FRAET
5107,2023-08-14,MASSY TGV,NON,5380,10:30,SUD EST,RENNES,JCSUDATL,FRRNS,08:39,FRDJU
5108,2023-08-14,LYON (intramuros),NON,5380,10:02,SUD EST,LAVAL,JCSUDATL,FRACR,06:30,FRLPD
5109,2023-08-14,LYON (intramuros),NON,5380,09:30,SUD EST,LE MANS,JCSUDATL,FRAET,06:30,FRLPD
5110,2023-08-14,LYON (intramuros),NON,5380,10:02,SUD EST,LAVAL,JCSUDATL,FRACR,06:16,FRLPE
5111,2023-08-14,LYON (intramuros),NON,5380,10:30,SUD EST,RENNES,JCSUDATL,FRRNS,06:16,FRLPE
5112,2023-08-14,LAUSANNE,NON,9270,18:24,INTERNATIONAL,DIJON VILLE,SUISPA,FRABA,16:23,CHAJF
5113,2023-08-14,DIJON VILLE,OUI,9270,20:04,INTERNATIONAL,PARIS (intramuros),SUISPA,FRPLY,18:28,FRABA
5114,2023-08-14,FRASNE,OUI,9270,20:04,INTERNATIONAL,PARIS (intramuros),SUISPA,FRPLY,17:15,FRFRA
5115,2023-08-14,DIJON VILLE,OUI,6705,14:12,SUD EST,MULHOUSE VILLE,PABOUR,FRAEK,12:56,FRABA
5116,2023-08-14,PARIS (intramuros),NON,6705,12:52,SUD EST,DIJON VILLE,PABOUR,FRABA,11:18,FRPLY
5117,2023-08-14,PARIS (intramuros),NON,6705,14:12,SUD EST,MULHOUSE VILLE,PABOUR,FRAEK,11:18,FRPLY
5118,2023-08-14,PARIS (intramuros),NON,6705,13:46,SUD EST,BELFORT-MONTBELIARD TGV,PABOUR,FRTJA,11:18,FRPLY
5119,2023-08-14,BELFORT-MONTBELIARD TGV,OUI,6705,14:12,SUD EST,MULHOUSE VILLE,PABOUR,FRAEK,13:49,FRTJA
5120,2023-08-14,AGEN,NON,4663,18:14,IC ARO,BEZIERS,TJOURSOSE,FRBZR,15:33,FRAGF
5121,2023-08-14,AGEN,NON,4663,20:36,IC ARO,MARSEILLE ST CHARLES,TJOURSOSE,FRMSC,15:33,FRAGF
5122,2023-08-14,AGEN,NON,4663,17:58,IC ARO,NARBONNE,TJOURSOSE,FRXNA,15:33,FRAGF
5123,2023-08-14,BORDEAUX ST JEAN,NON,4663,18:54,IC ARO,MONTPELLIER SAINT-ROCH,TJOURSOSE,FRMPL,14:28,FRBOJ
5124,2023-08-14,CARCASSONNE,NON,4663,19:22,IC ARO,NIMES,TJOURSOSE,FRFNI,17:29,FRCCF
5125,2023-08-14,MONTPELLIER SAINT-ROCH,NON,4663,20:36,IC ARO,MARSEILLE ST CHARLES,TJOURSOSE,FRMSC,18:58,FRMPL
5126,2023-08-14,MONTAUBAN VILLE BOURBON,NON,4663,18:14,IC ARO,BEZIERS,TJOURSOSE,FRBZR,16:11,FRXMW
5127,2023-08-14,MONTAUBAN VILLE BOURBON,NON,4663,17:27,IC ARO,CARCASSONNE,TJOURSOSE,FRCCF,16:11,FRXMW
5128,2023-08-14,PARIS (intramuros),NON,8117,12:13,ATLANTIQUE,ANGERS ST LAUD,PARISLOIRE,FRACL,10:36,FRPMO
5129,2023-08-14,PAU,OUI,8592,23:28,ATLANTIQUE,TARBES,PASUDOUEST,FRXTB,22:38,FRAEE
5130,2023-08-14,BORDEAUX ST JEAN,OUI,8592,22:12,ATLANTIQUE,ORTHEZ,PASUDOUEST,FRGFI,20:20,FRBOJ
5131,2023-08-14,LOURDES,OUI,8592,23:28,ATLANTIQUE,TARBES,PASUDOUEST,FRXTB,23:13,FRLDE
5132,2023-08-14,QUIMPERLE,OUI,8702,05:49,ATLANTIQUE,LORIENT,BRETAPARIS,FRLRT,05:38,FRECO
5133,2023-08-14,QUIMPERLE,OUI,8702,06:20,ATLANTIQUE,VANNES,BRETAPARIS,FRVNE,05:38,FRECO
5134,2023-08-14,LORIENT,OUI,8702,06:48,ATLANTIQUE,REDON,BRETAPARIS,FRXRN,05:52,FRLRT
5135,2023-08-14,LORIENT,OUI,8702,06:07,ATLANTIQUE,AURAY,BRETAPARIS,FRXUY,05:52,FRLRT
5136,2023-08-14,ROSPORDEN,OUI,8702,06:20,ATLANTIQUE,VANNES,BRETAPARIS,FRVNE,05:23,FRRSP
5137,2023-08-14,QUIMPER,OUI,8702,06:48,ATLANTIQUE,REDON,BRETAPARIS,FRXRN,05:09,FRUIP
5138,2023-08-14,AURAY,OUI,8702,06:20,ATLANTIQUE,VANNES,BRETAPARIS,FRVNE,06:10,FRXUY
5139,2023-08-14,COLMAR,OUI,2362,19:05,EST,PARIS (intramuros),MULHSTRAPA,FRPST,16:45,FRAEJ
5140,2023-08-14,MOULINS SUR ALLIER,OUI,5979,20:55,IC ARO,VICHY,PACLERMONT,FRVHY,20:30,FRXMU
5141,2023-08-14,BORDEAUX ST JEAN,NON,4657,11:27,IC ARO,CARCASSONNE,TJOURSOSE,FRCCF,08:28,FRBOJ
5142,2023-08-14,BORDEAUX ST JEAN,NON,4657,12:34,IC ARO,SETE,TJOURSOSE,FRXSY,08:28,FRBOJ
5143,2023-08-14,CARCASSONNE,NON,4657,12:34,IC ARO,SETE,TJOURSOSE,FRXSY,11:29,FRCCF
5144,2023-08-14,ARLES,NON,4657,14:37,IC ARO,MARSEILLE ST CHARLES,TJOURSOSE,FRMSC,13:52,FRHZA
5145,2023-08-14,MONTPELLIER SAINT-ROCH,NON,4657,14:37,IC ARO,MARSEILLE ST CHARLES,TJOURSOSE,FRMSC,12:58,FRMPL
5146,2023-08-14,MARMANDE,NON,4657,14:37,IC ARO,MARSEILLE ST CHARLES,TJOURSOSE,FRMSC,09:06,FRXMR
5147,2023-08-14,NARBONNE,NON,4657,14:37,IC ARO,MARSEILLE ST CHARLES,TJOURSOSE,FRMSC,12:01,FRXNA
5148,2023-08-14,TOULOUSE MATABIAU,NON,4657,13:22,IC ARO,NIMES,TJOURSOSE,FRFNI,10:45,FRXYT
5149,2023-08-14,TOULOUSE MATABIAU,NON,4657,14:37,IC ARO,MARSEILLE ST CHARLES,TJOURSOSE,FRMSC,10:45,FRXYT
5150,2023-08-14,LE CREUSOT MONTCEAU MONTCHANIN,NON,6620,16:08,SUD EST,PARIS (intramuros),RHONEPARIS,FRPLY,14:49,FRXCC
5151,2023-08-14,PARIS (intramuros),OUI,6687,19:48,SUD EST,ST ETIENNE CHATEAUCREUX,PARISRHONE,FRHHD,17:00,FRPLY
5152,2023-08-14,LE MANS,OUI,8126,20:29,ATLANTIQUE,PARIS (intramuros),LOIREPARIS,FRPMO,19:31,FRAET
5153,2023-08-14,NANTES,OUI,8126,18:41,ATLANTIQUE,ANGERS ST LAUD,LOIREPARIS,FRACL,18:05,FRNTE
5154,2023-08-14,MULHOUSE VILLE,OUI,9896,23:02,EST,METZ VILLE,JCRHONRHIN,FRADE,21:12,FRAEK
5155,2023-08-14,AIX EN PROVENCE TGV,NON,9896,19:39,EST,DIJON VILLE,JCRHONRHIN,FRABA,16:11,FRAIE
5156,2023-08-14,AIX EN PROVENCE TGV,NON,9896,17:08,EST,VALENCE TGV RHONE-ALPES SUD,JCRHONRHIN,FRVLA,16:11,FRAIE
5157,2023-08-14,AVIGNON TGV,NON,9896,17:51,EST,LYON (intramuros),JCRHONRHIN,FRLPD,16:33,FRAVG
5158,2023-08-14,AVIGNON TGV,NON,9896,17:08,EST,VALENCE TGV RHONE-ALPES SUD,JCRHONRHIN,FRVLA,16:33,FRAVG
5159,2023-08-14,LYON (intramuros),NON,9896,23:02,EST,METZ VILLE,JCRHONRHIN,FRADE,18:00,FRLPD
5160,2023-08-14,LYON (intramuros),NON,9896,21:09,EST,MULHOUSE VILLE,JCRHONRHIN,FRAEK,18:00,FRLPD
5161,2023-08-14,BESANCON - F COMTE TGV,OUI,9896,23:02,EST,METZ VILLE,JCRHONRHIN,FRADE,20:19,FRTJB
5162,2023-08-14,BESANCON - F COMTE TGV,OUI,9896,21:09,EST,MULHOUSE VILLE,JCRHONRHIN,FRAEK,20:19,FRTJB
5163,2023-08-14,BESANCON - F COMTE TGV,OUI,9896,23:23,EST,THIONVILLE,JCRHONRHIN,FRXTH,20:19,FRTJB
5164,2023-08-14,VALENCE TGV RHONE-ALPES SUD,NON,9896,19:39,EST,DIJON VILLE,JCRHONRHIN,FRABA,17:13,FRVLA
5165,2023-08-14,VALENCE TGV RHONE-ALPES SUD,NON,9896,23:02,EST,METZ VILLE,JCRHONRHIN,FRADE,17:13,FRVLA
5166,2023-08-14,VALENCE TGV RHONE-ALPES SUD,NON,9896,17:51,EST,LYON (intramuros),JCRHONRHIN,FRLPD,17:13,FRVLA
5167,2023-08-14,PARIS (intramuros),OUI,8535,13:13,ATLANTIQUE,BAYONNE,PASUDOUEST,FRXBY,09:16,FRPMO
5168,2023-08-14,BAYONNE,OUI,8535,13:25,ATLANTIQUE,BIARRITZ,PASUDOUEST,FRBIQ,13:16,FRXBY
5169,2023-08-14,BAYONNE,OUI,8535,13:41,ATLANTIQUE,ST JEAN DE LUZ CIBOURE,PASUDOUEST,FRXJZ,13:16,FRXBY
5170,2023-08-14,MONTPELLIER SAINT-ROCH,NON,4764,19:48,IC ARO,MONTAUBAN VILLE BOURBON,TJOURSESO,FRXMW,17:07,FRMPL
5171,2023-08-14,MONTPELLIER SAINT-ROCH,NON,4764,18:01,IC ARO,NARBONNE,TJOURSESO,FRXNA,17:07,FRMPL
5172,2023-08-14,MONTPELLIER SAINT-ROCH,NON,4764,19:17,IC ARO,TOULOUSE MATABIAU,TJOURSESO,FRXYT,17:07,FRMPL
5173,2023-08-14,MARSEILLE ST CHARLES,NON,4764,21:32,IC ARO,BORDEAUX ST JEAN,TJOURSESO,FRBOJ,15:27,FRMSC
5174,2023-08-14,MARSEILLE ST CHARLES,NON,4764,17:03,IC ARO,MONTPELLIER SAINT-ROCH,TJOURSESO,FRMPL,15:27,FRMSC
5175,2023-08-14,NARBONNE,NON,4764,19:17,IC ARO,TOULOUSE MATABIAU,TJOURSESO,FRXYT,18:04,FRXNA
5176,2023-08-14,NICE VILLE,OUI,6188,09:07,SUD EST,LES ARCS DRAGUIGNAN,AZURPA,FRXRS,07:57,FRNIC
5177,2023-08-14,ANTIBES,OUI,6188,09:44,SUD EST,TOULON,AZURPA,FRTLN,08:14,FRXAT
5178,2023-08-14,ANTIBES,OUI,6188,09:07,SUD EST,LES ARCS DRAGUIGNAN,AZURPA,FRXRS,08:14,FRXAT
5179,2023-08-14,LES ARCS DRAGUIGNAN,NON,6188,10:33,SUD EST,MARSEILLE ST CHARLES,AZURPA,FRMSC,09:10,FRXRS
5180,2023-08-14,LES ARCS DRAGUIGNAN,OUI,6188,09:44,SUD EST,TOULON,AZURPA,FRTLN,09:10,FRXRS
5181,2023-08-14,ST RAPHAEL VALESCURE,OUI,6188,09:07,SUD EST,LES ARCS DRAGUIGNAN,AZURPA,FRXRS,08:53,FRXSK
5182,2023-08-14,SEDAN,OUI,2730,13:07,EST,CHARLEVILLE MEZIERES,SEDBARPA,FRXCZ,12:53,FRXSW
5183,2023-08-14,BEZIERS,NON,4758,12:32,IC ARO,CARCASSONNE,TJOURSESO,FRCCF,11:47,FRBZR
5184,2023-08-14,BEZIERS,NON,4758,12:01,IC ARO,NARBONNE,TJOURSESO,FRXNA,11:47,FRBZR
5185,2023-08-14,NIMES,NON,4758,12:01,IC ARO,NARBONNE,TJOURSESO,FRXNA,10:38,FRFNI
5186,2023-08-14,MARSEILLE ST CHARLES,NON,4758,10:35,IC ARO,NIMES,TJOURSESO,FRFNI,09:27,FRMSC
5187,2023-08-14,MARMANDE,NON,4758,15:33,IC ARO,BORDEAUX ST JEAN,TJOURSESO,FRBOJ,14:56,FRXMR
5188,2023-08-14,NARBONNE,NON,4758,15:33,IC ARO,BORDEAUX ST JEAN,TJOURSESO,FRBOJ,12:04,FRXNA
5189,2023-08-14,NARBONNE,NON,4758,14:54,IC ARO,MARMANDE,TJOURSESO,FRXMR,12:04,FRXNA
5190,2023-08-14,NARBONNE,NON,4758,13:50,IC ARO,MONTAUBAN VILLE BOURBON,TJOURSESO,FRXMW,12:04,FRXNA
5191,2023-08-14,AVIGNON TGV,NON,6128,20:22,SUD EST,PARIS (intramuros),PROVENCEPA,FRPLY,17:37,FRAVG
5192,2023-08-14,MARSEILLE ST CHARLES,OUI,6128,17:11,SUD EST,AIX EN PROVENCE TGV,PROVENCEPA,FRAIE,17:00,FRMSC
5193,2023-08-14,ANGOULEME,NON,5260,10:40,NORD,LILLE (intramuros),JCAQUINORD,FRADJ,06:36,FRANG
5194,2023-08-14,ANGOULEME,NON,5260,08:49,NORD,MASSY TGV,JCAQUINORD,FRDJU,06:36,FRANG
5195,2023-08-14,ANGOULEME,NON,5260,09:41,NORD,AEROPORT CDG2 TGV ROISSY,JCAQUINORD,FRMLW,06:36,FRANG
5196,2023-08-14,BORDEAUX ST JEAN,OUI,5260,06:33,NORD,ANGOULEME,JCAQUINORD,FRANG,05:58,FRBOJ
5197,2023-08-14,BORDEAUX ST JEAN,NON,5260,09:27,NORD,MARNE LA VALLEE CHESSY,JCAQUINORD,FRMLV,05:58,FRBOJ
5198,2023-08-14,MASSY TGV,OUI,5260,09:27,NORD,MARNE LA VALLEE CHESSY,JCAQUINORD,FRMLV,08:55,FRDJU
5199,2023-08-14,MARNE LA VALLEE CHESSY,OUI,5260,10:40,NORD,LILLE (intramuros),JCAQUINORD,FRADJ,09:31,FRMLV
5200,2023-08-14,POITIERS,NON,5260,10:40,NORD,LILLE (intramuros),JCAQUINORD,FRADJ,07:19,FRPIS
5201,2023-08-14,POITIERS,NON,5260,09:41,NORD,AEROPORT CDG2 TGV ROISSY,JCAQUINORD,FRMLW,07:19,FRPIS
5202,2023-08-14,ST PIERRE DES CORPS,NON,5260,10:40,NORD,LILLE (intramuros),JCAQUINORD,FRADJ,07:54,FRXSH
5203,2023-08-14,ST PIERRE DES CORPS,NON,5260,09:41,NORD,AEROPORT CDG2 TGV ROISSY,JCAQUINORD,FRMLW,07:54,FRXSH
5204,2023-08-14,LYON (intramuros),OUI,6611,13:10,SUD EST,LYON (intramuros),PARISRHONE,FRLPE,13:02,FRLPD
5205,2023-08-14,MODANE,NON,9251,18:15,INTERNATIONAL,TORINO PORTA SUSA,PAITALIE,ITTRS,17:00,FRAGR
5206,2023-08-14,CHAMBERY CHALLES LES EAUX,NON,9251,16:52,INTERNATIONAL,MODANE,PAITALIE,FRAGR,15:44,FRCMF
5207,2023-08-14,MACON LOCHE TGV,NON,9251,16:52,INTERNATIONAL,MODANE,PAITALIE,FRAGR,14:20,FRMLT
5208,2023-08-14,PARIS (intramuros),NON,9251,17:28,INTERNATIONAL,OULX CESANA CLAV SESTRIERE,PAITALIE,ITOCS,12:46,FRPLY
5209,2023-08-14,ANGOULEME,NON,5444,15:49,EST,MASSY TGV,JCATLEST,FRDJU,13:36,FRANG
5210,2023-08-14,MASSY TGV,NON,5444,17:31,EST,MEUSE TGV,JCATLEST,FREAJ,15:55,FRDJU
5211,2023-08-14,CHAMPAGNE-ARDENNE,NON,5444,17:31,EST,MEUSE TGV,JCATLEST,FREAJ,17:07,FREAH
5212,2023-08-14,POITIERS,NON,5444,15:49,EST,MASSY TGV,JCATLEST,FRDJU,14:19,FRPIS
5213,2023-08-14,POITIERS,NON,5444,16:27,EST,MARNE LA VALLEE CHESSY,JCATLEST,FRMLV,14:19,FRPIS
5214,2023-08-14,ST PIERRE DES CORPS,NON,5444,17:31,EST,MEUSE TGV,JCATLEST,FREAJ,14:54,FRXSH
5215,2023-08-14,ST PIERRE DES CORPS,NON,5444,17:52,EST,LORRAINE TGV,JCATLEST,FREAM,14:54,FRXSH
5216,2023-08-14,NIORT,OUI,8373,11:14,ATLANTIQUE,LA ROCHELLE VILLE,PAROCHELLE,FRLRH,10:37,FRNIT
5217,2023-08-14,PARIS (intramuros),OUI,8373,11:14,ATLANTIQUE,LA ROCHELLE VILLE,PAROCHELLE,FRLRH,08:24,FRPMO
5218,2023-08-14,LOURDES,NON,14141,11:51,IC SRO,PAU,SUDOUEST,FRAEE,11:26,FRLDE
5219,2023-08-14,TARBES,NON,14141,13:00,IC SRO,BAYONNE,SUDOUEST,FRXBY,11:09,FRXTB
5220,2023-08-14,TOULOUSE MATABIAU,NON,14141,11:51,IC SRO,PAU,SUDOUEST,FRAEE,09:32,FRXYT
5221,2023-08-14,TOULOUSE MATABIAU,NON,14141,10:31,IC SRO,MONTREJEAU GOURDAN POLIGNAN,SUDOUEST,FRMTJ,09:32,FRXYT
5222,2023-08-14,FRANKFURT MAIN HBF,NON,9552,15:02,INTERNATIONAL,SARREBRUCK/SAARBRUECKEN,FRANCPA,DESBK,12:56,DEFRH
5223,2023-08-14,BORDEAUX ST JEAN,NON,3858,22:05,IC SRO,NANTES,BORDONANTE,FRNTE,17:53,FRBOJ
5224,2023-08-14,BORDEAUX ST JEAN,NON,3858,21:22,IC SRO,LA ROCHE SUR YON,BORDONANTE,FRXRO,17:53,FRBOJ
5225,2023-08-14,JONZAC,NON,3858,20:58,IC SRO,LUCON,BORDONANTE,FRLCN,18:41,FREMR
5226,2023-08-14,JONZAC,NON,3858,19:23,IC SRO,SAINTES,BORDONANTE,FRXST,18:41,FREMR
5227,2023-08-14,ROCHEFORT,NON,3858,20:58,IC SRO,LUCON,BORDONANTE,FRLCN,19:55,FRRCO
5228,2023-08-14,SAINTES,NON,3858,20:15,IC SRO,LA ROCHELLE VILLE,BORDONANTE,FRLRH,19:25,FRXST
5229,2023-08-14,SAINTES,NON,3858,21:22,IC SRO,LA ROCHE SUR YON,BORDONANTE,FRXRO,19:25,FRXST
5230,2023-08-14,PARIS (intramuros),NON,6039,18:58,SUD EST,VALENCE TGV RHONE-ALPES SUD,PALANG,FRVLA,16:42,FRPLY
5231,2023-08-14,PARIS (intramuros),OUI,5771,07:37,IC NUIT,TOULON,PARAZUR,FRTLN,20:51,FRPAZ
5232,2023-08-14,ANGERS ST LAUD,NON,4404,12:54,IC SRO,SAUMUR,JOURNTELYN,FRACN,12:33,FRACL
5233,2023-08-14,SAUMUR,NON,4404,16:41,IC SRO,ST GERMAIN DES FOSSES,JOURNTELYN,FRSGF,12:56,FRACN
5234,2023-08-14,SAUMUR,NON,4404,14:35,IC SRO,VIERZON VILLE,JOURNTELYN,FRXVZ,12:56,FRACN
5235,2023-08-14,BOURGES,NON,4404,18:26,IC SRO,LYON (intramuros),JOURNTELYN,FRLPD,14:58,FRBOU
5236,2023-08-14,BOURGES,NON,4404,16:41,IC SRO,ST GERMAIN DES FOSSES,JOURNTELYN,FRSGF,14:58,FRBOU
5237,2023-08-14,LYON (intramuros),NON,4404,18:39,IC SRO,LYON (intramuros),JOURNTELYN,FRLPE,18:31,FRLPD
5238,2023-08-14,NANTES,NON,4404,18:26,IC SRO,LYON (intramuros),JOURNTELYN,FRLPD,11:51,FRNTE
5239,2023-08-14,NANTES,NON,4404,13:30,IC SRO,ST PIERRE DES CORPS,JOURNTELYN,FRXSH,11:51,FRNTE
5240,2023-08-14,ST PIERRE DES CORPS,NON,4404,18:39,IC SRO,LYON (intramuros),JOURNTELYN,FRLPE,13:34,FRXSH
5241,2023-08-14,ST PIERRE DES CORPS,NON,4404,14:35,IC SRO,VIERZON VILLE,JOURNTELYN,FRXVZ,13:34,FRXSH
5242,2023-08-14,VIERZON VILLE,NON,4404,14:56,IC SRO,BOURGES,JOURNTELYN,FRBOU,14:39,FRXVZ
5243,2023-08-14,VIERZON VILLE,NON,4404,17:20,IC SRO,ROANNE,JOURNTELYN,FRRNE,14:39,FRXVZ
5244,2023-08-14,VIERZON VILLE,NON,4404,16:19,IC SRO,MOULINS SUR ALLIER,JOURNTELYN,FRXMU,14:39,FRXVZ
5245,2023-08-14,LIMOGES BENEDICTINS,NON,3650,15:04,IC ARO,CHATEAUROUX,TOULOUZECO,FRCHR,13:53,FRAGQ
5246,2023-08-14,CHATEAUROUX,NON,3650,17:19,IC ARO,PARIS (intramuros),TOULOUZECO,FRPAZ,15:06,FRCHR
5247,2023-08-14,GOURDON,NON,3650,15:04,IC ARO,CHATEAUROUX,TOULOUZECO,FRCHR,12:02,FRFSI
5248,2023-08-14,GOURDON,NON,3650,16:18,IC ARO,LES AUBRAIS ORLEANS,TOULOUZECO,FRLAB,12:02,FRFSI
5249,2023-08-14,GOURDON,OUI,3650,12:17,IC ARO,SOUILLAC,TOULOUZECO,FRSOU,12:02,FRFSI
5250,2023-08-14,GOURDON,NON,3650,15:38,IC ARO,VIERZON VILLE,TOULOUZECO,FRXVZ,12:02,FRFSI
5251,2023-08-14,CAUSSADE TARN ET GARONNE,NON,3650,15:04,IC ARO,CHATEAUROUX,TOULOUZECO,FRCHR,11:08,FRFTA
5252,2023-08-14,CAUSSADE TARN ET GARONNE,OUI,3650,12:00,IC ARO,GOURDON,TOULOUZECO,FRFSI,11:08,FRFTA
5253,2023-08-14,SOUILLAC,NON,3650,15:04,IC ARO,CHATEAUROUX,TOULOUZECO,FRCHR,12:19,FRSOU
5254,2023-08-14,TOULOUSE MATABIAU,NON,3650,15:04,IC ARO,CHATEAUROUX,TOULOUZECO,FRCHR,10:28,FRXYT
5255,2023-08-14,TOULOUSE MATABIAU,NON,3650,14:22,IC ARO,LA SOUTERRAINE,TOULOUZECO,FRLST,10:28,FRXYT
5256,2023-08-14,TOULOUSE MATABIAU,OUI,3650,12:17,IC ARO,SOUILLAC,TOULOUZECO,FRSOU,10:28,FRXYT
5257,2023-08-14,SOUILLAC,NON,3650,14:47,IC ARO,ARGENTON SUR CREUSE,TOULOUZECO,FRFMT,12:19,FRSOU
5258,2023-08-14,SOUILLAC,NON,3650,14:22,IC ARO,LA SOUTERRAINE,TOULOUZECO,FRLST,12:19,FRSOU
5259,2023-08-14,CAUSSADE TARN ET GARONNE,NON,3650,14:22,IC ARO,LA SOUTERRAINE,TOULOUZECO,FRLST,11:08,FRFTA
5260,2023-08-14,AIX EN PROVENCE TGV,NON,6850,18:06,SUD EST,AVIGNON TGV,JCSUDPROV,FRAVG,17:47,FRAIE
5261,2023-08-14,AIX EN PROVENCE TGV,NON,6850,19:20,SUD EST,LYON (intramuros),JCSUDPROV,FRLPD,17:47,FRAIE
5262,2023-08-14,CANNES,NON,6850,18:06,SUD EST,AVIGNON TGV,JCSUDPROV,FRAVG,15:09,FRJCA
5263,2023-08-14,NICE VILLE,NON,6850,18:06,SUD EST,AVIGNON TGV,JCSUDPROV,FRAVG,14:40,FRNIC
5264,2023-08-14,NICE VILLE,NON,6850,19:20,SUD EST,LYON (intramuros),JCSUDPROV,FRLPD,14:40,FRNIC
5265,2023-08-14,NICE VILLE,OUI,6850,16:19,SUD EST,TOULON,JCSUDPROV,FRTLN,14:40,FRNIC
5266,2023-08-14,NICE VILLE,OUI,6850,14:53,SUD EST,ANTIBES,JCSUDPROV,FRXAT,14:40,FRNIC
5267,2023-08-14,TOULON,NON,6850,18:06,SUD EST,AVIGNON TGV,JCSUDPROV,FRAVG,16:23,FRTLN
5268,2023-08-14,TOULON,NON,6850,17:19,SUD EST,MARSEILLE ST CHARLES,JCSUDPROV,FRMSC,16:23,FRTLN
5269,2023-08-14,ANTIBES,NON,6850,18:06,SUD EST,AVIGNON TGV,JCSUDPROV,FRAVG,14:56,FRXAT
5270,2023-08-14,ANTIBES,NON,6850,17:19,SUD EST,MARSEILLE ST CHARLES,JCSUDPROV,FRMSC,14:56,FRXAT
5271,2023-08-14,AVIGNON TGV,NON,5054,10:19,NORD,MARNE LA VALLEE CHESSY,JCSUDNORD,FRMLV,07:12,FRAVG
5272,2023-08-14,MARSEILLE ST CHARLES,NON,5054,10:19,NORD,MARNE LA VALLEE CHESSY,JCSUDNORD,FRMLV,06:33,FRMSC
5273,2023-08-14,DOLE VILLE,NON,9277,20:13,INTERNATIONAL,MOUCHARD,PASUIS,FRMCD,19:57,FRACE
5274,2023-08-14,FRASNE,NON,9277,21:37,INTERNATIONAL,LAUSANNE,PASUIS,CHAJF,20:44,FRFRA
5275,2023-08-14,MOUCHARD,NON,9277,21:37,INTERNATIONAL,LAUSANNE,PASUIS,CHAJF,20:15,FRMCD
5276,2023-08-14,PARIS (intramuros),NON,9277,20:57,INTERNATIONAL,VALLORBE,PASUIS,CHAGL,17:56,FRPLY
5277,2023-08-14,PARIS (intramuros),NON,9277,21:37,INTERNATIONAL,LAUSANNE,PASUIS,CHAJF,17:56,FRPLY
5278,2023-08-14,PARIS (intramuros),NON,9277,19:55,INTERNATIONAL,DOLE VILLE,PASUIS,FRACE,17:56,FRPLY
5279,2023-08-14,PARIS (intramuros),NON,9277,20:13,INTERNATIONAL,MOUCHARD,PASUIS,FRMCD,17:56,FRPLY
5280,2023-08-14,ST GAUDENS,NON,14151,15:54,IC SRO,PAU,SUDOUEST,FRAEE,14:28,FRFPH
5281,2023-08-14,ST GAUDENS,NON,14151,15:27,IC SRO,LOURDES,SUDOUEST,FRLDE,14:28,FRFPH
5282,2023-08-14,LOURDES,NON,14151,15:54,IC SRO,PAU,SUDOUEST,FRAEE,15:30,FRLDE
5283,2023-08-14,TARBES,NON,14151,17:26,IC SRO,BAYONNE,SUDOUEST,FRXBY,15:13,FRXTB
5284,2023-08-14,TOULOUSE MATABIAU,NON,14151,14:26,IC SRO,ST GAUDENS,SUDOUEST,FRFPH,13:34,FRXYT
5285,2023-08-14,TOULOUSE MATABIAU,NON,14151,15:27,IC SRO,LOURDES,SUDOUEST,FRLDE,13:34,FRXYT
5286,2023-08-14,UZERCHE,OUI,3614,07:14,IC ARO,CHATEAUROUX,TOULOUZECO,FRCHR,05:24,FRAAW
5287,2023-08-14,CHATEAUROUX,OUI,3614,09:19,IC ARO,PARIS (intramuros),TOULOUZECO,FRPAZ,07:16,FRCHR
5288,2023-08-14,ARGENTON SUR CREUSE,OUI,3614,07:48,IC ARO,VIERZON VILLE,TOULOUZECO,FRXVZ,06:59,FRFMT
5289,2023-08-14,LA SOUTERRAINE,OUI,3614,07:48,IC ARO,VIERZON VILLE,TOULOUZECO,FRXVZ,06:35,FRLST
5290,2023-08-14,MONTPELLIER SAINT-ROCH,NON,6206,17:00,SUD EST,VALENCE TGV RHONE-ALPES SUD,LANGPA,FRVLA,15:50,FRMPL
5291,2023-08-14,DIJON VILLE,OUI,2096,22:07,EST,STRASBOURG,JCRHONRHIN,FRAEG,19:49,FRABA
5292,2023-08-14,MULHOUSE VILLE,OUI,2096,22:07,EST,STRASBOURG,JCRHONRHIN,FRAEG,21:12,FRAEK
5293,2023-08-14,AIX EN PROVENCE TGV,NON,2096,19:39,EST,DIJON VILLE,JCRHONRHIN,FRABA,16:11,FRAIE
5294,2023-08-14,AIX EN PROVENCE TGV,NON,2096,16:30,EST,AVIGNON TGV,JCRHONRHIN,FRAVG,16:11,FRAIE
5295,2023-08-14,AVIGNON TGV,NON,2096,19:39,EST,DIJON VILLE,JCRHONRHIN,FRABA,16:33,FRAVG
5296,2023-08-14,AVIGNON TGV,NON,2096,22:07,EST,STRASBOURG,JCRHONRHIN,FRAEG,16:33,FRAVG
5297,2023-08-14,AVIGNON TGV,NON,2096,21:09,EST,MULHOUSE VILLE,JCRHONRHIN,FRAEK,16:33,FRAVG
5298,2023-08-14,AVIGNON TGV,NON,2096,20:40,EST,BELFORT-MONTBELIARD TGV,JCRHONRHIN,FRTJA,16:33,FRAVG
5299,2023-08-14,AVIGNON TGV,NON,2096,17:08,EST,VALENCE TGV RHONE-ALPES SUD,JCRHONRHIN,FRVLA,16:33,FRAVG
5300,2023-08-14,MARSEILLE ST CHARLES,NON,2096,16:30,EST,AVIGNON TGV,JCRHONRHIN,FRAVG,15:56,FRMSC
5301,2023-08-14,MARSEILLE ST CHARLES,NON,2096,20:40,EST,BELFORT-MONTBELIARD TGV,JCRHONRHIN,FRTJA,15:56,FRMSC
5302,2023-08-14,MARSEILLE ST CHARLES,NON,2096,20:16,EST,BESANCON - F COMTE TGV,JCRHONRHIN,FRTJB,15:56,FRMSC
5303,2023-08-14,BESANCON - F COMTE TGV,OUI,2096,22:07,EST,STRASBOURG,JCRHONRHIN,FRAEG,20:19,FRTJB
5304,2023-08-14,VALENCE TGV RHONE-ALPES SUD,NON,2096,19:39,EST,DIJON VILLE,JCRHONRHIN,FRABA,17:13,FRVLA
5305,2023-08-14,VALENCE TGV RHONE-ALPES SUD,NON,2096,20:40,EST,BELFORT-MONTBELIARD TGV,JCRHONRHIN,FRTJA,17:13,FRVLA
5306,2023-08-14,VALENCE TGV RHONE-ALPES SUD,NON,2096,20:16,EST,BESANCON - F COMTE TGV,JCRHONRHIN,FRTJB,17:13,FRVLA
5307,2023-08-14,LYON (intramuros),OUI,6616,13:30,SUD EST,PARIS (intramuros),RHONEPARIS,FRPLY,11:34,FRLPD
5308,2023-08-14,GRENOBLE,NON,6920,15:55,SUD EST,LYON-SAINT EXUPERY TGV,GRENOBLEPA,FRJDQ,14:46,FRGNB
5309,2023-08-14,GRENOBLE,NON,6920,17:46,SUD EST,PARIS (intramuros),GRENOBLEPA,FRPLY,14:46,FRGNB
5310,2023-08-14,SURGERES,OUI,8375,12:22,ATLANTIQUE,LA ROCHELLE VILLE,PAROCHELLE,FRLRH,12:02,FREIP
5311,2023-08-14,POITIERS,OUI,8375,11:21,ATLANTIQUE,ST MAIXENT DEUX SEVRES,PAROCHELLE,FREJC,10:53,FRPIS
5312,2023-08-14,PARIS (intramuros),OUI,8375,12:22,ATLANTIQUE,LA ROCHELLE VILLE,PAROCHELLE,FRLRH,09:12,FRPMO
5313,2023-08-14,PARIS (intramuros),OUI,8375,10:12,ATLANTIQUE,ST PIERRE DES CORPS,PAROCHELLE,FRXSH,09:12,FRPMO
5314,2023-08-14,PARIS (intramuros),NON,9269,15:37,INTERNATIONAL,LAUSANNE,PASUIS,CHAJF,11:56,FRPLY
5315,2023-08-14,BORDEAUX ST JEAN,NON,8530,11:52,ATLANTIQUE,PARIS (intramuros),SUDOUESTPA,FRPMO,09:46,FRBOJ
5316,2023-08-14,LE MANS,OUI,5386,20:05,SUD EST,LAVAL,JCSUDATL,FRACR,19:34,FRAET
5317,2023-08-14,LE MANS,OUI,5386,20:32,SUD EST,RENNES,JCSUDATL,FRRNS,19:34,FRAET
5318,2023-08-14,AIX EN PROVENCE TGV,NON,5386,19:29,SUD EST,LE MANS,JCSUDATL,FRAET,14:50,FRAIE
5319,2023-08-14,AIX EN PROVENCE TGV,OUI,5386,15:10,SUD EST,AVIGNON TGV,JCSUDATL,FRAVG,14:50,FRAIE
5320,2023-08-14,AIX EN PROVENCE TGV,NON,5386,18:34,SUD EST,MASSY TGV,JCSUDATL,FRDJU,14:50,FRAIE
5321,2023-08-14,AIX EN PROVENCE TGV,NON,5386,20:32,SUD EST,RENNES,JCSUDATL,FRRNS,14:50,FRAIE
5322,2023-08-14,AVIGNON TGV,NON,5386,19:29,SUD EST,LE MANS,JCSUDATL,FRAET,15:15,FRAVG
5323,2023-08-14,AVIGNON TGV,NON,5386,20:32,SUD EST,RENNES,JCSUDATL,FRRNS,15:15,FRAVG
5324,2023-08-14,MASSY TGV,OUI,5386,20:32,SUD EST,RENNES,JCSUDATL,FRRNS,18:39,FRDJU
5325,2023-08-14,LYON (intramuros),NON,5386,20:32,SUD EST,RENNES,JCSUDATL,FRRNS,16:30,FRLPD
5326,2023-08-14,PARIS (intramuros),NON,8081,08:19,ATLANTIQUE,LAVAL,PARISBRETA,FRACR,07:04,FRPMO
5327,2023-08-14,RENNES,OUI,8081,09:38,ATLANTIQUE,DOL DE BRETAGNE,PARISBRETA,FRDOL,09:07,FRRNS
5328,2023-08-14,DOLE VILLE,NON,9261,10:57,INTERNATIONAL,VALLORBE,PASUIS,CHAGL,10:00,FRACE
5329,2023-08-14,FRASNE,NON,9261,10:57,INTERNATIONAL,VALLORBE,PASUIS,CHAGL,10:44,FRFRA
5330,2023-08-14,CLERMONT FERRAND,NON,15941,13:48,IC SRO,ARVANT,NORESTJOU,FRARV,13:03,FRCFE
5331,2023-08-14,ARVANT,NON,15941,14:30,IC SRO,NEUSSARGUES,NORESTJOU,FRNEU,13:49,FRARV
5332,2023-08-14,SEVERAC LE CHATEAU,NON,15941,17:35,IC SRO,MILLAU,NORESTJOU,FRMAU,17:02,FRSVC
5333,2023-08-14,NEUSSARGUES,NON,15941,14:56,IC SRO,ST FLOUR CHAUDES AIGUES,NORESTJOU,FRIMW,14:36,FRNEU
5334,2023-08-14,CLERMONT FERRAND,NON,15941,18:57,IC SRO,BEDARIEUX,NORESTJOU,FRIMH,13:03,FRCFE
5335,2023-08-14,CLERMONT FERRAND,NON,15941,14:30,IC SRO,NEUSSARGUES,NORESTJOU,FRNEU,13:03,FRCFE
5336,2023-08-14,CLERMONT FERRAND,NON,15941,17:01,IC SRO,SEVERAC LE CHATEAU,NORESTJOU,FRSVC,13:03,FRCFE
5337,2023-08-14,SEVERAC LE CHATEAU,NON,15941,19:32,IC SRO,BEZIERS,NORESTJOU,FRBZR,17:02,FRSVC
5338,2023-08-14,SEVERAC LE CHATEAU,NON,15941,18:27,IC SRO,CEILHES ROQUEREDONDE,NORESTJOU,FRIMC,17:02,FRSVC
5339,2023-08-14,NEUSSARGUES,NON,15941,19:32,IC SRO,BEZIERS,NORESTJOU,FRBZR,14:36,FRNEU
5340,2023-08-14,CLERMONT FERRAND,NON,15941,16:35,IC SRO,BANASSAC LA CANOURGUE,NORESTJOU,FRINH,13:03,FRCFE
5341,2023-08-14,ARVANT,NON,15941,16:35,IC SRO,BANASSAC LA CANOURGUE,NORESTJOU,FRINH,13:49,FRARV
5342,2023-08-14,CLERMONT FERRAND,NON,15941,18:46,IC SRO,LE BOUSQUET D'ORB,NORESTJOU,FRIMG,13:03,FRCFE
5343,2023-08-14,NEUSSARGUES,NON,15941,19:17,IC SRO,MAGALAS,NORESTJOU,FRIMK,14:36,FRNEU
5344,2023-08-14,ST FLOUR CHAUDES AIGUES,NON,15941,17:55,IC SRO,ST ROME DE CERNON,NORESTJOU,FRINN,14:57,FRIMW
5345,2023-08-14,BANASSAC LA CANOURGUE,NON,15941,17:01,IC SRO,SEVERAC LE CHATEAU,NORESTJOU,FRSVC,16:36,FRINH
5346,2023-08-14,ST FLOUR CHAUDES AIGUES,NON,15941,16:13,IC SRO,MARVEJOLS,NORESTJOU,FRINE,14:57,FRIMW
5347,2023-08-14,ARVANT,NON,15941,17:01,IC SRO,SEVERAC LE CHATEAU,NORESTJOU,FRSVC,13:49,FRARV
5348,2023-08-14,MASSIAC BLESLE,NON,15941,15:36,IC SRO,ST CHELY D'APCHER,NORESTJOU,FRINB,14:09,FRHMY
5349,2023-08-14,ST FLOUR CHAUDES AIGUES,NON,15941,16:49,IC SRO,CAMPAGNAC ST GENIEZ,NORESTJOU,FRINJ,14:57,FRIMW
5350,2023-08-14,ST FLOUR CHAUDES AIGUES,NON,15941,18:57,IC SRO,BEDARIEUX,NORESTJOU,FRIMH,14:57,FRIMW
5351,2023-08-14,NEUSSARGUES,NON,15941,17:01,IC SRO,SEVERAC LE CHATEAU,NORESTJOU,FRSVC,14:36,FRNEU
5352,2023-08-14,MARVEJOLS,NON,15941,18:57,IC SRO,BEDARIEUX,NORESTJOU,FRIMH,16:14,FRINE
5353,2023-08-14,CAMPAGNAC ST GENIEZ,NON,15941,19:32,IC SRO,BEZIERS,NORESTJOU,FRBZR,16:50,FRINJ
5354,2023-08-14,ISSOIRE,NON,15941,16:13,IC SRO,MARVEJOLS,NORESTJOU,FRINE,13:29,FRHLB
5355,2023-08-14,AUMONT AUBRAC,NON,15941,18:57,IC SRO,BEDARIEUX,NORESTJOU,FRIMH,15:50,FRINC
5356,2023-08-14,ISSOIRE,NON,15941,17:55,IC SRO,ST ROME DE CERNON,NORESTJOU,FRINN,13:29,FRHLB
5357,2023-08-14,NEUSSARGUES,NON,15941,18:27,IC SRO,CEILHES ROQUEREDONDE,NORESTJOU,FRIMC,14:36,FRNEU
5358,2023-08-14,TOURNEMIRE ROQUEFORT,NON,15941,19:17,IC SRO,MAGALAS,NORESTJOU,FRIMK,18:04,FRINO
5359,2023-08-14,AUMONT AUBRAC,NON,15941,17:55,IC SRO,ST ROME DE CERNON,NORESTJOU,FRINN,15:50,FRINC
5360,2023-08-14,MASSIAC BLESLE,NON,15941,18:46,IC SRO,LE BOUSQUET D'ORB,NORESTJOU,FRIMG,14:09,FRHMY
5361,2023-08-14,BANASSAC LA CANOURGUE,NON,15941,18:03,IC SRO,TOURNEMIRE ROQUEFORT,NORESTJOU,FRINO,16:36,FRINH
5362,2023-08-14,TOURNEMIRE ROQUEFORT,NON,15941,18:46,IC SRO,LE BOUSQUET D'ORB,NORESTJOU,FRIMG,18:04,FRINO
5363,2023-08-14,MARVEJOLS,NON,15941,18:46,IC SRO,LE BOUSQUET D'ORB,NORESTJOU,FRIMG,16:14,FRINE
5364,2023-08-14,BRASSAC LES MINES STE FLORINE,NON,15941,15:49,IC SRO,AUMONT AUBRAC,NORESTJOU,FRINC,13:43,FRHLE
5365,2023-08-14,BRASSAC LES MINES STE FLORINE,NON,15941,16:35,IC SRO,BANASSAC LA CANOURGUE,NORESTJOU,FRINH,13:43,FRHLE
5366,2023-08-14,AUMONT AUBRAC,NON,15941,16:35,IC SRO,BANASSAC LA CANOURGUE,NORESTJOU,FRINH,15:50,FRINC
5367,2023-08-14,BRASSAC LES MINES STE FLORINE,NON,15941,16:13,IC SRO,MARVEJOLS,NORESTJOU,FRINE,13:43,FRHLE
5368,2023-08-14,ST CHELY D'APCHER,NON,15941,18:03,IC SRO,TOURNEMIRE ROQUEFORT,NORESTJOU,FRINO,15:37,FRINB
5369,2023-08-14,ST GEORGES DE LUZENCON,NON,15941,18:03,IC SRO,TOURNEMIRE ROQUEFORT,NORESTJOU,FRINO,17:49,FRINM
5370,2023-08-14,ST CHELY D'APCHER,NON,15941,16:21,IC SRO,LE MONASTIER,NORESTJOU,FRLMR,15:37,FRINB
5371,2023-08-14,LE MONASTIER,NON,15941,18:57,IC SRO,BEDARIEUX,NORESTJOU,FRIMH,16:22,FRLMR
5372,2023-08-14,LE MONASTIER,NON,15941,17:01,IC SRO,SEVERAC LE CHATEAU,NORESTJOU,FRSVC,16:22,FRLMR
5373,2023-08-14,TBD,NON,15941,18:27,IC SRO,TBD,NORESTJOU,FRIMC,16:22,FRLMR
5374,2023-08-14,LYON (intramuros),OUI,6612,09:58,SUD EST,LYON (intramuros),RHONEPARIS,FRLPD,09:50,FRLPE
5375,2023-08-14,HENDAYE,NON,8542,19:52,ATLANTIQUE,PARIS (intramuros),SUDOUESTPA,FRPMO,15:07,FRAEF
5376,2023-08-14,BIARRITZ,NON,8542,19:52,ATLANTIQUE,PARIS (intramuros),SUDOUESTPA,FRPMO,15:32,FRBIQ
5377,2023-08-14,ST JEAN DE LUZ CIBOURE,OUI,8542,15:29,ATLANTIQUE,BIARRITZ,SUDOUESTPA,FRBIQ,15:19,FRXJZ
5378,2023-08-14,ST JEAN DE LUZ CIBOURE,NON,8542,17:39,ATLANTIQUE,BORDEAUX ST JEAN,SUDOUESTPA,FRBOJ,15:19,FRXJZ
5379,2023-08-14,ST JEAN DE LUZ CIBOURE,NON,8542,19:52,ATLANTIQUE,PARIS (intramuros),SUDOUESTPA,FRPMO,15:19,FRXJZ
5380,2023-08-14,LAUSANNE,NON,9768,11:49,INTERNATIONAL,BOURG EN BRESSE,GENEVEPA,FRXBK,09:45,CHAJF
5381,2023-08-14,BELLEGARDE,NON,9768,13:42,INTERNATIONAL,PARIS (intramuros),GENEVEPA,FRPLY,11:02,FRXBF
5382,2023-08-14,RIOM CHATEL GUYON,NON,5970,16:57,IC ARO,PARIS (intramuros),CLERMONTPA,FRPBE,13:42,FRRIO
5383,2023-08-14,RIOM CHATEL GUYON,OUI,5970,14:04,IC ARO,VICHY,CLERMONTPA,FRVHY,13:42,FRRIO
5384,2023-08-14,VICHY,OUI,5970,14:29,IC ARO,MOULINS SUR ALLIER,CLERMONTPA,FRXMU,14:06,FRVHY
5385,2023-08-14,MOULINS SUR ALLIER,NON,5970,14:58,IC ARO,NEVERS,CLERMONTPA,FRNVS,14:31,FRXMU
5386,2023-08-14,MOULINS SUR ALLIER,NON,5970,16:57,IC ARO,PARIS (intramuros),CLERMONTPA,FRPBE,14:31,FRXMU
5387,2023-08-14,AIX EN PROVENCE TGV,NON,6801,10:35,SUD EST,CANNES,JCPROVSUD,FRJCA,08:03,FRAIE
5388,2023-08-14,AIX EN PROVENCE TGV,NON,6801,08:14,SUD EST,MARSEILLE ST CHARLES,JCPROVSUD,FRMSC,08:03,FRAIE
5389,2023-08-14,AIX EN PROVENCE TGV,NON,6801,11:06,SUD EST,NICE VILLE,JCPROVSUD,FRNIC,08:03,FRAIE
5390,2023-08-14,AVIGNON TGV,NON,6801,10:47,SUD EST,ANTIBES,JCPROVSUD,FRXAT,07:38,FRAVG
5391,2023-08-14,CANNES,OUI,6801,10:47,SUD EST,ANTIBES,JCPROVSUD,FRXAT,10:39,FRJCA
5392,2023-08-14,LYON (intramuros),NON,6801,10:35,SUD EST,CANNES,JCPROVSUD,FRJCA,06:04,FRLPD
5393,2023-08-14,LYON (intramuros),NON,6801,11:06,SUD EST,NICE VILLE,JCPROVSUD,FRNIC,06:04,FRLPD
5394,2023-08-14,MARSEILLE ST CHARLES,NON,6801,10:47,SUD EST,ANTIBES,JCPROVSUD,FRXAT,08:28,FRMSC
5395,2023-08-14,MARSEILLE ST CHARLES,NON,6801,09:49,SUD EST,LES ARCS DRAGUIGNAN,JCPROVSUD,FRXRS,08:28,FRMSC
5396,2023-08-14,TOULON,NON,6801,10:35,SUD EST,CANNES,JCPROVSUD,FRJCA,09:15,FRTLN
5397,2023-08-14,TOULON,NON,6801,11:06,SUD EST,NICE VILLE,JCPROVSUD,FRNIC,09:15,FRTLN
5398,2023-08-14,TOULON,NON,6801,10:06,SUD EST,ST RAPHAEL VALESCURE,JCPROVSUD,FRXSK,09:15,FRTLN
5399,2023-08-14,VALENCE TGV RHONE-ALPES SUD,NON,6801,10:35,SUD EST,CANNES,JCPROVSUD,FRJCA,07:00,FRVLA
5400,2023-08-14,VALENCE TGV RHONE-ALPES SUD,NON,6801,09:11,SUD EST,TOULON,JCPROVSUD,FRTLN,07:00,FRVLA
5401,2023-08-14,ST RAPHAEL VALESCURE,OUI,6801,10:35,SUD EST,CANNES,JCPROVSUD,FRJCA,10:09,FRXSK
5402,2023-08-14,ANGOULEME,NON,8450,19:54,ATLANTIQUE,POITIERS,SUDOUESTPA,FRPIS,19:16,FRANG
5403,2023-08-14,ANGOULEME,NON,8450,20:35,ATLANTIQUE,ST PIERRE DES CORPS,SUDOUESTPA,FRXSH,19:16,FRANG
5404,2023-08-14,BORDEAUX ST JEAN,NON,8450,21:40,ATLANTIQUE,PARIS (intramuros),SUDOUESTPA,FRPMO,18:38,FRBOJ
5405,2023-08-14,POITIERS,NON,8450,21:40,ATLANTIQUE,PARIS (intramuros),SUDOUESTPA,FRPMO,20:04,FRPIS
5406,2023-08-14,ANNECY,OUI,6978,16:10,SUD EST,CHAMBERY CHALLES LES EAUX,ALPESPARIS,FRCMF,15:31,FRNCY
5407,2023-08-14,ANNECY,NON,6978,17:38,SUD EST,MACON LOCHE TGV,ALPESPARIS,FRMLT,15:31,FRNCY
5408,2023-08-14,ANNECY,OUI,6978,15:56,SUD EST,AIX LES BAINS LE REVARD,ALPESPARIS,FRXAI,15:31,FRNCY
5409,2023-08-14,AIX LES BAINS LE REVARD,OUI,6978,16:10,SUD EST,CHAMBERY CHALLES LES EAUX,ALPESPARIS,FRCMF,15:59,FRXAI
5410,2023-08-14,AIX LES BAINS LE REVARD,NON,6978,17:38,SUD EST,MACON LOCHE TGV,ALPESPARIS,FRMLT,15:59,FRXAI
5411,2023-08-14,KARLSRUHE HBF,NON,9560,18:48,INTERNATIONAL,STRASBOURG,FRANCPA,FRAEG,18:05,DEQKA
5412,2023-08-14,PERPIGNAN,OUI,6252,10:39,SUD EST,NARBONNE,LANGPA,FRXNA,10:04,FRPGF
5413,2023-08-14,VALENCE TGV RHONE-ALPES SUD,NON,6252,15:04,SUD EST,PARIS (intramuros),LANGPA,FRPLY,12:53,FRVLA
5414,2023-08-14,AGDE,NON,6252,12:50,SUD EST,VALENCE TGV RHONE-ALPES SUD,LANGPA,FRVLA,11:13,FRXAG
5415,2023-08-14,AGDE,NON,6252,11:27,SUD EST,SETE,LANGPA,FRXSY,11:13,FRXAG
5416,2023-08-14,NARBONNE,NON,6252,15:04,SUD EST,PARIS (intramuros),LANGPA,FRPLY,10:42,FRXNA
5417,2023-08-14,NARBONNE,NON,6252,12:50,SUD EST,VALENCE TGV RHONE-ALPES SUD,LANGPA,FRVLA,10:42,FRXNA
5418,2023-08-14,NIMES PONT DU GARD,NON,6252,15:04,SUD EST,PARIS (intramuros),LANGPA,FRPLY,12:14,FRXZP
5419,2023-08-14,PERPIGNAN,NON,6252,12:11,SUD EST,NIMES PONT DU GARD,LANGPA,FRXZP,10:04,FRPGF
5420,2023-08-14,BEZIERS,NON,6252,12:11,SUD EST,NIMES PONT DU GARD,LANGPA,FRXZP,10:59,FRBZR
5421,2023-08-14,STRASBOURG,NON,9573,13:26,INTERNATIONAL,KARLSRUHE HBF,PASTUTMUN,DEQKA,12:46,FRAEG
5422,2023-08-14,CARCASSONNE,NON,4756,13:32,IC ARO,BORDEAUX ST JEAN,TJOURSESO,FRBOJ,10:34,FRCCF
5423,2023-08-14,ARLES,NON,4756,10:32,IC ARO,CARCASSONNE,TJOURSESO,FRCCF,08:11,FRHZA
5424,2023-08-14,ARLES,NON,4756,10:01,IC ARO,NARBONNE,TJOURSESO,FRXNA,08:11,FRHZA
5425,2023-08-14,MONTPELLIER SAINT-ROCH,NON,4756,13:32,IC ARO,BORDEAUX ST JEAN,TJOURSESO,FRBOJ,09:07,FRMPL
5426,2023-08-14,MONTPELLIER SAINT-ROCH,NON,4756,09:21,IC ARO,SETE,TJOURSESO,FRXSY,09:07,FRMPL
5427,2023-08-14,MARSEILLE ST CHARLES,NON,4756,12:26,IC ARO,AGEN,TJOURSESO,FRAGF,07:22,FRMSC
5428,2023-08-14,MARSEILLE ST CHARLES,OUI,4756,09:03,IC ARO,MONTPELLIER SAINT-ROCH,TJOURSESO,FRMPL,07:22,FRMSC
5429,2023-08-14,MARSEILLE ST CHARLES,NON,4756,11:16,IC ARO,TOULOUSE MATABIAU,TJOURSESO,FRXYT,07:22,FRMSC
5430,2023-08-14,MONTAUBAN VILLE BOURBON,NON,4756,13:32,IC ARO,BORDEAUX ST JEAN,TJOURSESO,FRBOJ,11:51,FRXMW
5431,2023-08-14,NARBONNE,NON,4756,12:26,IC ARO,AGEN,TJOURSESO,FRAGF,10:04,FRXNA
5432,2023-08-14,SETE,NON,4756,12:26,IC ARO,AGEN,TJOURSESO,FRAGF,09:23,FRXSY
5433,2023-08-14,SETE,NON,4756,10:32,IC ARO,CARCASSONNE,TJOURSESO,FRCCF,09:23,FRXSY
5434,2023-08-14,SETE,NON,4756,10:01,IC ARO,NARBONNE,TJOURSESO,FRXNA,09:23,FRXSY
5435,2023-08-14,LYON (intramuros),OUI,6692,09:30,SUD EST,PARIS (intramuros),RHONEPARIS,FRPLY,07:34,FRLPD
5436,2023-08-14,PARIS (intramuros),NON,8977,17:14,ATLANTIQUE,LES SABLES D'OLONNE,PARISLOIRE,FRLSO,13:32,FRPMO
5437,2023-08-14,SABLE SUR SARTHE,NON,8977,15:55,ATLANTIQUE,NANTES,PARISLOIRE,FRNTE,14:54,FRSAB
5438,2023-08-14,BORDEAUX ST JEAN,NON,8505,14:21,ATLANTIQUE,AGEN,PASUDOUEST,FRAGF,13:20,FRBOJ
5439,2023-08-14,PARIS (intramuros),NON,8505,13:14,ATLANTIQUE,BORDEAUX ST JEAN,PASUDOUEST,FRBOJ,11:08,FRPMO
5440,2023-08-14,PARIS (intramuros),OUI,6601,07:07,SUD EST,LE CREUSOT MONTCEAU MONTCHANIN,PARISRHONE,FRXCC,05:50,FRPLY
5441,2023-08-14,LE CREUSOT MONTCEAU MONTCHANIN,OUI,6601,08:10,SUD EST,LYON (intramuros),PARISRHONE,FRLPE,07:10,FRXCC
5442,2023-08-14,CHAMBERY CHALLES LES EAUX,NON,9240,11:40,INTERNATIONAL,MACON LOCHE TGV,ITALIEPA,FRMLT,10:22,FRCMF
5443,2023-08-14,ST JEAN DE MAURIENNE ARVAN,NON,9240,10:15,INTERNATIONAL,CHAMBERY CHALLES LES EAUX,ITALIEPA,FRCMF,09:37,FRHPN
5444,2023-08-14,MILANO P GARIBALDI,NON,9240,13:14,INTERNATIONAL,PARIS (intramuros),ITALIEPA,FRPLY,06:00,ITMPG
5445,2023-08-14,OULX CESANA CLAV SESTRIERE,NON,9240,11:40,INTERNATIONAL,MACON LOCHE TGV,ITALIEPA,FRMLT,08:36,ITOCS
5446,2023-08-14,TORINO PORTA SUSA,NON,9240,09:36,INTERNATIONAL,ST JEAN DE MAURIENNE ARVAN,ITALIEPA,FRHPN,07:36,ITTRS
5447,2023-08-14,TORINO PORTA SUSA,NON,9240,11:40,INTERNATIONAL,MACON LOCHE TGV,ITALIEPA,FRMLT,07:36,ITTRS
5448,2023-08-14,TORINO PORTA SUSA,NON,9240,13:14,INTERNATIONAL,PARIS (intramuros),ITALIEPA,FRPLY,07:36,ITTRS
5449,2023-08-14,DIJON VILLE,NON,5537,19:31,EST,AIX EN PROVENCE TGV,JCRHINRHON,FRAIE,16:20,FRABA
5450,2023-08-14,DIJON VILLE,NON,5537,21:59,EST,CANNES,JCRHINRHON,FRJCA,16:20,FRABA
5451,2023-08-14,DIJON VILLE,NON,5537,16:39,EST,BEAUNE,JCRHINRHON,FRXBV,16:20,FRABA
5452,2023-08-14,DIJON VILLE,NON,5537,21:17,EST,LES ARCS DRAGUIGNAN,JCRHINRHON,FRXRS,16:20,FRABA
5453,2023-08-14,STRASBOURG,NON,5537,14:29,EST,MULHOUSE VILLE,JCRHINRHON,FRAEK,13:37,FRAEG
5454,2023-08-14,STRASBOURG,NON,5537,22:30,EST,NICE VILLE,JCRHINRHON,FRNIC,13:37,FRAEG
5455,2023-08-14,STRASBOURG,NON,5537,15:29,EST,BESANCON - F COMTE TGV,JCRHINRHON,FRTJB,13:37,FRAEG
5456,2023-08-14,COLMAR,NON,5537,19:10,EST,AVIGNON TGV,JCRHINRHON,FRAVG,14:05,FRAEJ
5457,2023-08-14,COLMAR,NON,5537,21:59,EST,CANNES,JCRHINRHON,FRJCA,14:05,FRAEJ
5458,2023-08-14,COLMAR,NON,5537,19:45,EST,MARSEILLE ST CHARLES,JCRHINRHON,FRMSC,14:05,FRAEJ
5459,2023-08-14,COLMAR,NON,5537,15:29,EST,BESANCON - F COMTE TGV,JCRHINRHON,FRTJB,14:05,FRAEJ
5460,2023-08-14,COLMAR,NON,5537,21:17,EST,LES ARCS DRAGUIGNAN,JCRHINRHON,FRXRS,14:05,FRAEJ
5461,2023-08-14,MULHOUSE VILLE,NON,5537,19:10,EST,AVIGNON TGV,JCRHINRHON,FRAVG,14:40,FRAEK
5462,2023-08-14,MULHOUSE VILLE,NON,5537,17:56,EST,LYON (intramuros),JCRHINRHON,FRLPD,14:40,FRAEK
5463,2023-08-14,MULHOUSE VILLE,NON,5537,15:02,EST,BELFORT-MONTBELIARD TGV,JCRHINRHON,FRTJA,14:40,FRAEK
5464,2023-08-14,AVIGNON TGV,NON,5537,21:34,EST,ST RAPHAEL VALESCURE,JCRHINRHON,FRXSK,19:12,FRAVG
5465,2023-08-14,NANCY,NON,5537,16:04,EST,DIJON VILLE,JCRHINRHON,FRABA,11:46,FRENC
5466,2023-08-14,NANCY,NON,5537,19:10,EST,AVIGNON TGV,JCRHINRHON,FRAVG,11:46,FRENC
5467,2023-08-14,CANNES,OUI,5537,22:11,EST,ANTIBES,JCRHINRHON,FRXAT,22:03,FRJCA
5468,2023-08-14,LYON (intramuros),NON,5537,19:10,EST,AVIGNON TGV,JCRHINRHON,FRAVG,18:04,FRLPD
5469,2023-08-14,LYON (intramuros),NON,5537,21:17,EST,LES ARCS DRAGUIGNAN,JCRHINRHON,FRXRS,18:04,FRLPD
5470,2023-08-14,LYON (intramuros),NON,5537,21:34,EST,ST RAPHAEL VALESCURE,JCRHINRHON,FRXSK,18:04,FRLPD
5471,2023-08-14,BELFORT-MONTBELIARD TGV,NON,5537,19:45,EST,MARSEILLE ST CHARLES,JCRHINRHON,FRMSC,15:06,FRTJA
5472,2023-08-14,BESANCON - F COMTE TGV,NON,5537,16:04,EST,DIJON VILLE,JCRHINRHON,FRABA,15:36,FRTJB
5473,2023-08-14,BESANCON - F COMTE TGV,NON,5537,19:31,EST,AIX EN PROVENCE TGV,JCRHINRHON,FRAIE,15:36,FRTJB
5474,2023-08-14,BESANCON - F COMTE TGV,NON,5537,19:10,EST,AVIGNON TGV,JCRHINRHON,FRAVG,15:36,FRTJB
5475,2023-08-14,BESANCON - F COMTE TGV,NON,5537,17:56,EST,LYON (intramuros),JCRHINRHON,FRLPD,15:36,FRTJB
5476,2023-08-14,TOULON,OUI,5537,21:34,EST,ST RAPHAEL VALESCURE,JCRHINRHON,FRXSK,20:45,FRTLN
5477,2023-08-14,ANTIBES,OUI,5537,22:30,EST,NICE VILLE,JCRHINRHON,FRNIC,22:14,FRXAT
5478,2023-08-14,LES ARCS DRAGUIGNAN,OUI,5537,22:30,EST,NICE VILLE,JCRHINRHON,FRNIC,21:20,FRXRS
5479,2023-08-14,LES ARCS DRAGUIGNAN,OUI,5537,22:11,EST,ANTIBES,JCRHINRHON,FRXAT,21:20,FRXRS
5480,2023-08-14,ST RAPHAEL VALESCURE,OUI,5537,21:59,EST,CANNES,JCRHINRHON,FRJCA,21:37,FRXSK
5481,2023-08-14,ST RAPHAEL VALESCURE,OUI,5537,22:11,EST,ANTIBES,JCRHINRHON,FRXAT,21:37,FRXSK
5482,2023-08-14,BELFORT-MONTBELIARD TGV,NON,5537,21:34,EST,ST RAPHAEL VALESCURE,JCRHINRHON,FRXSK,15:06,FRTJA
5483,2023-08-14,BESANCON - F COMTE TGV,NON,5537,22:11,EST,ANTIBES,JCRHINRHON,FRXAT,15:36,FRTJB
5484,2023-08-14,BELFORT-MONTBELIARD TGV,NON,5537,22:30,EST,NICE VILLE,JCRHINRHON,FRNIC,15:06,FRTJA
5485,2023-08-14,NANCY,NON,5537,15:02,EST,BELFORT-MONTBELIARD TGV,JCRHINRHON,FRTJA,11:46,FRENC
5486,2023-08-14,STRASBOURG,NON,5537,16:39,EST,BEAUNE,JCRHINRHON,FRXBV,13:37,FRAEG
5487,2023-08-14,QUIMPER,NON,8724,15:14,ATLANTIQUE,VANNES,BRETAPARIS,FRVNE,14:11,FRUIP
5488,2023-08-14,QUIMPER,OUI,8724,15:01,ATLANTIQUE,AURAY,BRETAPARIS,FRXUY,14:11,FRUIP
5489,2023-08-14,FRANKFURT MAIN HBF,NON,9568,08:05,INTERNATIONAL,KARLSRUHE HBF,FRANCPA,DEQKA,06:56,DEFRH
5490,2023-08-14,MANNHEIM HBF,NON,9568,08:05,INTERNATIONAL,KARLSRUHE HBF,FRANCPA,DEQKA,07:38,DEMHG
5491,2023-08-14,MANNHEIM HBF,NON,9568,08:48,INTERNATIONAL,STRASBOURG,FRANCPA,FRAEG,07:38,DEMHG
5492,2023-08-14,KARLSRUHE HBF,NON,9568,08:48,INTERNATIONAL,STRASBOURG,FRANCPA,FRAEG,08:06,DEQKA
5493,2023-08-14,KARLSRUHE HBF,NON,9568,10:38,INTERNATIONAL,PARIS (intramuros),FRANCPA,FRPST,08:06,DEQKA
5494,2023-08-14,NIORT,NON,8374,13:37,ATLANTIQUE,PARIS (intramuros),ROCHELLEPA,FRPMO,11:26,FRNIT
5495,2023-08-14,LE MANS,NON,8881,18:58,ATLANTIQUE,NANTES,PARISLOIRE,FRNTE,17:36,FRAET
5496,2023-08-14,BORDEAUX ST JEAN,NON,3856,16:15,IC SRO,LA ROCHELLE VILLE,BORDONANTE,FRLRH,13:53,FRBOJ
5497,2023-08-14,BORDEAUX ST JEAN,NON,3856,17:22,IC SRO,LA ROCHE SUR YON,BORDONANTE,FRXRO,13:53,FRBOJ
5498,2023-08-14,JONZAC,NON,3856,15:54,IC SRO,ROCHEFORT,BORDONANTE,FRRCO,14:41,FREMR
5499,2023-08-14,JONZAC,NON,3856,17:22,IC SRO,LA ROCHE SUR YON,BORDONANTE,FRXRO,14:41,FREMR
5500,2023-08-14,ROCHEFORT,NON,3856,16:58,IC SRO,LUCON,BORDONANTE,FRLCN,15:56,FRRCO
5501,2023-08-14,ISSOUDUN,NON,3604,08:19,IC ARO,PARIS (intramuros),TOULOUZECO,FRPAZ,06:26,FRFMN
5502,2023-08-14,ISSOUDUN,OUI,3604,06:46,IC ARO,VIERZON VILLE,TOULOUZECO,FRXVZ,06:26,FRFMN
5503,2023-08-14,LA SOUTERRAINE,OUI,3604,06:25,IC ARO,ISSOUDUN,TOULOUZECO,FRFMN,05:33,FRLST
5504,2023-08-14,BEZIERS,NON,6875,21:52,SUD EST,LYON (intramuros),JCSUDPROV,FRLPD,19:15,FRBZR
5505,2023-08-14,CARCASSONNE,OUI,6875,18:56,SUD EST,NARBONNE,JCSUDPROV,FRXNA,18:27,FRCCF
5506,2023-08-14,NARBONNE,NON,6875,19:12,SUD EST,BEZIERS,JCSUDPROV,FRBZR,18:59,FRXNA
5507,2023-08-14,NARBONNE,NON,6875,21:52,SUD EST,LYON (intramuros),JCSUDPROV,FRLPD,18:59,FRXNA
5508,2023-08-14,TOULOUSE MATABIAU,NON,6875,21:10,SUD EST,VALENCE TGV RHONE-ALPES SUD,JCSUDPROV,FRVLA,17:43,FRXYT
5509,2023-08-14,TOULOUSE MATABIAU,NON,6875,19:36,SUD EST,SETE,JCSUDPROV,FRXSY,17:43,FRXYT
5510,2023-08-14,NARBONNE,NON,6875,20:01,SUD EST,MONTPELLIER SUD DE FRANCE,JCSUDPROV,FRSUF,18:59,FRXNA
5511,2023-08-14,NIMES PONT DU GARD,NON,6875,21:52,SUD EST,LYON (intramuros),JCSUDPROV,FRLPD,20:33,FRXZP
5512,2023-08-14,TOULOUSE MATABIAU,NON,6875,20:30,SUD EST,NIMES PONT DU GARD,JCSUDPROV,FRXZP,17:43,FRXYT
5513,2023-08-14,SETE,NON,6875,20:30,SUD EST,NIMES PONT DU GARD,JCSUDPROV,FRXZP,19:39,FRXSY
5514,2023-08-14,NARBONNE,NON,6875,20:30,SUD EST,NIMES PONT DU GARD,JCSUDPROV,FRXZP,18:59,FRXNA
5515,2023-08-14,CARCASSONNE,NON,4651,08:14,IC ARO,BEZIERS,TJOURSOSE,FRBZR,07:28,FRCCF
5516,2023-08-14,CARCASSONNE,NON,4651,10:32,IC ARO,MARSEILLE ST CHARLES,TJOURSOSE,FRMSC,07:28,FRCCF
5517,2023-08-14,NIMES,NON,4651,10:32,IC ARO,MARSEILLE ST CHARLES,TJOURSOSE,FRMSC,09:24,FRFNI
5518,2023-08-14,TOULOUSE MATABIAU,NON,4651,10:32,IC ARO,MARSEILLE ST CHARLES,TJOURSOSE,FRMSC,06:45,FRXYT
5519,2023-08-14,CHATEAUROUX,NON,3635,15:58,IC ARO,LIMOGES BENEDICTINS,PALITO,FRAGQ,14:45,FRCHR
5520,2023-08-14,CHATEAUROUX,NON,3635,17:01,IC ARO,BRIVE LA GAILLARDE,PALITO,FRBVE,14:45,FRCHR
5521,2023-08-14,CHATEAUROUX,NON,3635,15:24,IC ARO,LA SOUTERRAINE,PALITO,FRLST,14:45,FRCHR
5522,2023-08-14,ARGENTON SUR CREUSE,NON,3635,17:01,IC ARO,BRIVE LA GAILLARDE,PALITO,FRBVE,15:01,FRFMT
5523,2023-08-14,GOURDON,OUI,3635,18:13,IC ARO,CAHORS,PALITO,FRZAO,17:46,FRFSI
5524,2023-08-14,LA SOUTERRAINE,NON,3635,15:58,IC ARO,LIMOGES BENEDICTINS,PALITO,FRAGQ,15:26,FRLST
5525,2023-08-14,LA SOUTERRAINE,NON,3635,17:44,IC ARO,GOURDON,PALITO,FRFSI,15:26,FRLST
5526,2023-08-14,ARGENTON SUR CREUSE,NON,3635,17:44,IC ARO,GOURDON,PALITO,FRFSI,15:01,FRFMT
5527,2023-08-14,LA ROCHELLE VILLE,OUI,8380,18:37,ATLANTIQUE,PARIS (intramuros),ROCHELLEPA,FRPMO,15:47,FRLRH
5528,2023-08-14,MILANO P GARIBALDI,NON,9252,21:14,INTERNATIONAL,PARIS (intramuros),ITALIEPA,FRPLY,14:10,ITMPG
5529,2023-08-14,BASEL SBB,NON,9234,22:42,INTERNATIONAL,PARIS (intramuros),ZURBALPA,FRPLY,19:34,CHAJP
5530,2023-08-14,PARIS (intramuros),NON,9777,19:00,INTERNATIONAL,BELLEGARDE,PAGENEVE,FRXBF,16:18,FRPLY
5531,2023-08-14,PARIS (intramuros),NON,9777,18:09,INTERNATIONAL,BOURG EN BRESSE,PAGENEVE,FRXBK,16:18,FRPLY
5532,2023-08-14,RENNES,NON,8715,13:57,ATLANTIQUE,LORIENT,PARISBRETA,FRLRT,12:29,FRRNS
5533,2023-08-14,VANNES,OUI,8715,14:34,ATLANTIQUE,QUIMPER,PARISBRETA,FRUIP,13:28,FRVNE
5534,2023-08-14,VANNES,OUI,8715,13:38,ATLANTIQUE,AURAY,PARISBRETA,FRXUY,13:28,FRVNE
5535,2023-08-14,LA ROCHE SUR YON,OUI,8986,19:43,ATLANTIQUE,ANGERS ST LAUD,LOIREPARIS,FRACL,18:10,FRXRO
5536,2023-08-14,LA ROCHE SUR YON,NON,8986,21:12,ATLANTIQUE,PARIS (intramuros),LOIREPARIS,FRPMO,18:10,FRXRO
5537,2023-08-14,LE MANS,NON,5354,14:09,SUD EST,ANGERS ST LAUD,JCSUDATL,FRACL,13:32,FRAET
5538,2023-08-14,LYON (intramuros),NON,5354,12:34,SUD EST,MASSY TGV,JCSUDATL,FRDJU,10:30,FRLPD
5539,2023-08-14,FACTURE BIGANOS,OUI,8472,19:10,ATLANTIQUE,MASSY TGV,SUDOUESTPA,FRDJU,16:41,FRFAC
5540,2023-08-14,ARCACHON,OUI,8472,19:10,ATLANTIQUE,MASSY TGV,SUDOUESTPA,FRDJU,16:23,FRXAC
5541,2023-08-14,PARIS (intramuros),NON,8985,20:59,ATLANTIQUE,NANTES,PARISLOIRE,FRNTE,18:48,FRPMO
5542,2023-08-14,LA ROCHE SUR YON,OUI,8985,22:19,ATLANTIQUE,LES SABLES D'OLONNE,PARISLOIRE,FRLSO,21:53,FRXRO
5543,2023-08-14,CHAMBERY CHALLES LES EAUX,NON,6964,11:40,SUD EST,MACON LOCHE TGV,ALPESPARIS,FRMLT,10:22,FRCMF
5544,2023-08-14,BRUXELLES MIDI BRUSSEL ZUID,NON,9836,16:53,NORD,LILLE (intramuros),JCNORDSUD,FRLLE,16:17,BEBMI
5545,2023-08-14,BRUXELLES MIDI BRUSSEL ZUID,NON,9836,18:08,NORD,MARNE LA VALLEE CHESSY,JCNORDSUD,FRMLV,16:17,BEBMI
5546,2023-08-14,NIMES,OUI,9836,22:06,NORD,MONTPELLIER SAINT-ROCH,JCNORDSUD,FRMPL,21:40,FRFNI
5547,2023-08-14,LILLE (intramuros),OUI,9836,18:08,NORD,MARNE LA VALLEE CHESSY,JCNORDSUD,FRMLV,17:03,FRLLE
5548,2023-08-14,LYON (intramuros),OUI,9836,20:49,NORD,VALENCE TGV RHONE-ALPES SUD,JCNORDSUD,FRVLA,20:10,FRLPD
5549,2023-08-14,AEROPORT CDG2 TGV ROISSY,OUI,9836,21:37,NORD,NIMES,JCNORDSUD,FRFNI,17:59,FRMLW
5550,2023-08-14,AEROPORT CDG2 TGV ROISSY,OUI,9836,20:00,NORD,LYON (intramuros),JCNORDSUD,FRLPD,17:59,FRMLW
5551,2023-08-14,AEROPORT CDG2 TGV ROISSY,OUI,9836,20:49,NORD,VALENCE TGV RHONE-ALPES SUD,JCNORDSUD,FRVLA,17:59,FRMLW
5552,2023-08-14,VALENCE TGV RHONE-ALPES SUD,OUI,9836,21:37,NORD,NIMES,JCNORDSUD,FRFNI,20:54,FRVLA
5553,2023-08-14,VALENCE TGV RHONE-ALPES SUD,OUI,9836,22:06,NORD,MONTPELLIER SAINT-ROCH,JCNORDSUD,FRMPL,20:54,FRVLA
5554,2023-08-14,DIJON VILLE,OUI,6762,09:10,SUD EST,PARIS (intramuros),BOURPA,FRPLY,07:26,FRABA
5555,2023-08-14,BESANCON VIOTTE,OUI,6762,08:02,SUD EST,MONTBARD,BOURPA,FRGWE,06:36,FRABG
5556,2023-08-14,BESANCON VIOTTE,OUI,6762,09:10,SUD EST,PARIS (intramuros),BOURPA,FRPLY,06:36,FRABG
5557,2023-08-14,PARIS (intramuros),OUI,5983,20:57,IC ARO,NEVERS,PACLERMONT,FRNVS,18:57,FRPBE
5558,2023-08-14,PARIS (intramuros),OUI,5983,21:28,IC ARO,MOULINS SUR ALLIER,PACLERMONT,FRXMU,18:57,FRPBE
5559,2023-08-14,MOULINS SUR ALLIER,OUI,5983,22:17,IC ARO,RIOM CHATEL GUYON,PACLERMONT,FRRIO,21:30,FRXMU
5560,2023-08-14,MOULINS SUR ALLIER,OUI,5983,21:55,IC ARO,VICHY,PACLERMONT,FRVHY,21:30,FRXMU
5561,2023-08-14,PAU,NON,14148,16:52,IC SRO,TARBES,SUDOUEST,FRXTB,16:11,FRAEE
5562,2023-08-14,BAYONNE,NON,14148,15:45,IC SRO,ORTHEZ,SUDOUEST,FRGFI,15:03,FRXBY
5563,2023-08-14,BAYONNE,NON,14148,16:36,IC SRO,LOURDES,SUDOUEST,FRLDE,15:03,FRXBY
5564,2023-08-14,BAYONNE,NON,14148,18:27,IC SRO,TOULOUSE MATABIAU,SUDOUEST,FRXYT,15:03,FRXBY
5565,2023-08-14,MARSEILLE ST CHARLES,OUI,6153,22:11,SUD EST,TOULON,PAAZUR,FRTLN,21:28,FRMSC
5566,2023-08-14,AVIGNON TGV,NON,5376,14:31,SUD EST,LE HAVRE,JCSUDATL,FRAEZ,08:05,FRAVG
5567,2023-08-14,MARSEILLE ST CHARLES,OUI,5376,08:02,SUD EST,AVIGNON TGV,JCSUDATL,FRAVG,07:35,FRMSC
5568,2023-08-14,MARSEILLE ST CHARLES,NON,5376,09:20,SUD EST,LYON (intramuros),JCSUDATL,FRLPD,07:35,FRMSC
5569,2023-08-14,MARSEILLE ST CHARLES,NON,5376,12:37,SUD EST,MANTES LA JOLIE,JCSUDATL,FRMTE,07:35,FRMSC
5570,2023-08-14,MANTES LA JOLIE,OUI,5376,13:22,SUD EST,ROUEN RIVE DROITE,JCSUDATL,FRURD,12:40,FRMTE
5571,2023-08-14,ROUEN RIVE DROITE,OUI,5376,14:31,SUD EST,LE HAVRE,JCSUDATL,FRAEZ,13:27,FRURD
5572,2023-08-14,VALENCE TGV RHONE-ALPES SUD,NON,5376,14:31,SUD EST,LE HAVRE,JCSUDATL,FRAEZ,08:42,FRVLA
5573,2023-08-14,NIMES,OUI,5156,06:39,NORD,VALENCE TGV RHONE-ALPES SUD,JCSUDNORD,FRVLA,05:56,FRFNI
5574,2023-08-14,LYON (intramuros),OUI,5156,10:40,NORD,LILLE (intramuros),JCSUDNORD,FRADJ,07:30,FRLPD
5575,2023-08-14,MARNE LA VALLEE CHESSY,OUI,5156,10:40,NORD,LILLE (intramuros),JCSUDNORD,FRADJ,09:22,FRMLV
5576,2023-08-14,MONTPELLIER SAINT-ROCH,OUI,5156,07:23,NORD,LYON (intramuros),JCSUDNORD,FRLPD,05:28,FRMPL
5577,2023-08-14,DIJON VILLE,NON,5516,14:55,EST,MULHOUSE VILLE,JCRHONRHIN,FRAEK,13:37,FRABA
5578,2023-08-14,AIX EN PROVENCE TGV,NON,5516,10:17,EST,AVIGNON TGV,JCRHONRHIN,FRAVG,09:58,FRAIE
5579,2023-08-14,AVIGNON TGV,NON,5516,14:55,EST,MULHOUSE VILLE,JCRHONRHIN,FRAEK,10:20,FRAVG
5580,2023-08-14,AVIGNON TGV,NON,5516,14:06,EST,BESANCON - F COMTE TGV,JCRHONRHIN,FRTJB,10:20,FRAVG
5581,2023-08-14,MACON VILLE,NON,5516,13:25,EST,DIJON VILLE,JCRHONRHIN,FRABA,12:12,FRHGU
5582,2023-08-14,MACON VILLE,NON,5516,13:03,EST,BEAUNE,JCRHONRHIN,FRXBV,12:12,FRHGU
5583,2023-08-14,CANNES,NON,5516,09:55,EST,AIX EN PROVENCE TGV,JCRHONRHIN,FRAIE,07:30,FRJCA
5584,2023-08-14,CANNES,NON,5516,17:35,EST,NANCY,JCRHONRHIN,FRENC,07:30,FRJCA
5585,2023-08-14,CANNES,NON,5516,11:26,EST,LYON (intramuros),JCRHONRHIN,FRLPD,07:30,FRJCA
5586,2023-08-14,LYON (intramuros),NON,5516,15:54,EST,STRASBOURG,JCRHONRHIN,FRAEG,11:32,FRLPD
5587,2023-08-14,LYON (intramuros),NON,5516,17:35,EST,NANCY,JCRHONRHIN,FRENC,11:32,FRLPD
5588,2023-08-14,MARSEILLE ST CHARLES,NON,5516,10:17,EST,AVIGNON TGV,JCRHONRHIN,FRAVG,09:45,FRMSC
5589,2023-08-14,NICE VILLE,NON,5516,12:09,EST,MACON VILLE,JCRHONRHIN,FRHGU,07:00,FRNIC
5590,2023-08-14,NICE VILLE,NON,5516,12:41,EST,CHALON SUR SAONE,JCRHONRHIN,FRXCD,07:00,FRNIC
5591,2023-08-14,NICE VILLE,OUI,5516,07:52,EST,ST RAPHAEL VALESCURE,JCRHONRHIN,FRXSK,07:00,FRNIC
5592,2023-08-14,BELFORT-MONTBELIARD TGV,NON,5516,15:54,EST,STRASBOURG,JCRHONRHIN,FRAEG,14:33,FRTJA
5593,2023-08-14,BELFORT-MONTBELIARD TGV,NON,5516,15:24,EST,COLMAR,JCRHONRHIN,FRAEJ,14:33,FRTJA
5594,2023-08-14,BESANCON - F COMTE TGV,NON,5516,15:24,EST,COLMAR,JCRHONRHIN,FRAEJ,14:09,FRTJB
5595,2023-08-14,BESANCON - F COMTE TGV,NON,5516,14:55,EST,MULHOUSE VILLE,JCRHONRHIN,FRAEK,14:09,FRTJB
5596,2023-08-14,TOULON,NON,5516,12:41,EST,CHALON SUR SAONE,JCRHONRHIN,FRXCD,08:50,FRTLN
5597,2023-08-14,ANTIBES,NON,5516,11:26,EST,LYON (intramuros),JCRHONRHIN,FRLPD,07:16,FRXAT
5598,2023-08-14,ANTIBES,NON,5516,12:41,EST,CHALON SUR SAONE,JCRHONRHIN,FRXCD,07:16,FRXAT
5599,2023-08-14,ANTIBES,OUI,5516,07:52,EST,ST RAPHAEL VALESCURE,JCRHONRHIN,FRXSK,07:16,FRXAT
5600,2023-08-14,CHALON SUR SAONE,NON,5516,15:24,EST,COLMAR,JCRHONRHIN,FRAEJ,12:44,FRXCD
5601,2023-08-14,LES ARCS DRAGUIGNAN,NON,5516,13:25,EST,DIJON VILLE,JCRHONRHIN,FRABA,08:12,FRXRS
5602,2023-08-14,LES ARCS DRAGUIGNAN,NON,5516,12:09,EST,MACON VILLE,JCRHONRHIN,FRHGU,08:12,FRXRS
5603,2023-08-14,LES ARCS DRAGUIGNAN,OUI,5516,08:46,EST,TOULON,JCRHONRHIN,FRTLN,08:12,FRXRS
5604,2023-08-14,ST RAPHAEL VALESCURE,NON,5516,11:26,EST,LYON (intramuros),JCRHONRHIN,FRLPD,07:55,FRXSK
5605,2023-08-14,ST RAPHAEL VALESCURE,NON,5516,12:41,EST,CHALON SUR SAONE,JCRHONRHIN,FRXCD,07:55,FRXSK
5606,2023-08-14,AVIGNON TGV,NON,5516,13:03,EST,BEAUNE,JCRHONRHIN,FRXBV,10:20,FRAVG
5607,2023-08-14,BEAUNE,NON,5516,17:35,EST,NANCY,JCRHONRHIN,FRENC,13:06,FRXBV
5608,2023-08-14,CANNES,NON,5516,14:30,EST,BELFORT-MONTBELIARD TGV,JCRHONRHIN,FRTJA,07:30,FRJCA
5609,2023-08-14,CANNES,NON,5516,14:06,EST,BESANCON - F COMTE TGV,JCRHONRHIN,FRTJB,07:30,FRJCA
5610,2023-08-14,NICE VILLE,NON,5516,14:06,EST,BESANCON - F COMTE TGV,JCRHONRHIN,FRTJB,07:00,FRNIC
5611,2023-08-14,TOULON,NON,5516,14:30,EST,BELFORT-MONTBELIARD TGV,JCRHONRHIN,FRTJA,08:50,FRTLN
5612,2023-08-14,LES ARCS DRAGUIGNAN,NON,5516,14:30,EST,BELFORT-MONTBELIARD TGV,JCRHONRHIN,FRTJA,08:12,FRXRS
5613,2023-08-14,ANTIBES,NON,5516,14:06,EST,BESANCON - F COMTE TGV,JCRHONRHIN,FRTJB,07:16,FRXAT
5614,2023-08-14,BEAUNE,NON,5516,14:55,EST,MULHOUSE VILLE,JCRHONRHIN,FRAEK,13:06,FRXBV
5615,2023-08-14,GUINGAMP,NON,8630,15:46,ATLANTIQUE,LAMBALLE,BRETAPARIS,FRLAM,15:18,FRGGP
5616,2023-08-14,MORLAIX,NON,8630,16:29,ATLANTIQUE,RENNES,BRETAPARIS,FRRNS,14:44,FRMXN
5617,2023-08-14,PLOUARET TREGOR,OUI,8630,15:15,ATLANTIQUE,GUINGAMP,BRETAPARIS,FRGGP,15:02,FRPLT
5618,2023-08-14,PLOUARET TREGOR,NON,8630,15:32,ATLANTIQUE,ST BRIEUC,BRETAPARIS,FRSBK,15:02,FRPLT
5619,2023-08-14,RENNES,NON,8630,18:12,ATLANTIQUE,PARIS (intramuros),BRETAPARIS,FRPMO,16:35,FRRNS
5620,2023-08-14,PARIS (intramuros),NON,8619,16:25,ATLANTIQUE,BREST,PARISBRETA,FRBES,12:56,FRPMO
5621,2023-08-14,PARIS (intramuros),NON,8619,15:13,ATLANTIQUE,ST BRIEUC,PARISBRETA,FRSBK,12:56,FRPMO
5622,2023-08-14,LORIENT,NON,8710,11:25,ATLANTIQUE,RENNES,BRETAPARIS,FRRNS,09:50,FRLRT
5623,2023-08-14,LORIENT,OUI,8710,10:05,ATLANTIQUE,AURAY,BRETAPARIS,FRXUY,09:50,FRLRT
5624,2023-08-14,ROSPORDEN,NON,8710,13:19,ATLANTIQUE,PARIS (intramuros),BRETAPARIS,FRPMO,09:20,FRRSP
5625,2023-08-14,ROSPORDEN,NON,8710,10:48,ATLANTIQUE,REDON,BRETAPARIS,FRXRN,09:20,FRRSP
5626,2023-08-14,QUIMPER,NON,8710,13:19,ATLANTIQUE,PARIS (intramuros),BRETAPARIS,FRPMO,09:06,FRUIP
5627,2023-08-14,AURAY,OUI,8710,10:19,ATLANTIQUE,VANNES,BRETAPARIS,FRVNE,10:09,FRXUY
5628,2023-08-14,LILLE (intramuros),NON,5224,14:02,NORD,ANGERS ST LAUD,JCNORDBRET,FRACL,09:32,FRADJ
5629,2023-08-14,LILLE (intramuros),OUI,5224,11:13,NORD,AEROPORT CDG2 TGV ROISSY,JCNORDBRET,FRMLW,09:32,FRADJ
5630,2023-08-14,LILLE (intramuros),NON,5224,14:44,NORD,NANTES,JCNORDBRET,FRNTE,09:32,FRADJ
5631,2023-08-14,MASSY TGV,NON,5224,14:44,NORD,NANTES,JCNORDBRET,FRNTE,12:10,FRDJU
5632,2023-08-14,MARNE LA VALLEE CHESSY,NON,5224,13:04,NORD,ST PIERRE DES CORPS,JCNORDBRET,FRXSH,11:32,FRMLV
5633,2023-08-14,AEROPORT CDG2 TGV ROISSY,NON,5224,14:44,NORD,NANTES,JCNORDBRET,FRNTE,11:19,FRMLW
5634,2023-08-14,TGV HAUTE PICARDIE,NON,5224,12:04,NORD,MASSY TGV,JCNORDBRET,FRDJU,10:45,FRTHP
5635,2023-08-14,ST PIERRE DES CORPS,NON,5224,14:02,NORD,ANGERS ST LAUD,JCNORDBRET,FRACL,13:09,FRXSH
5636,2023-08-14,ARRAS,NON,5224,14:44,NORD,NANTES,JCNORDBRET,FRNTE,10:19,FRQRV
5637,2023-08-14,LAMBALLE,NON,8605,12:08,ATLANTIQUE,MORLAIX,PARISBRETA,FRMXN,11:11,FRLAM
5638,2023-08-14,PARIS (intramuros),NON,8605,09:55,ATLANTIQUE,LAVAL,PARISBRETA,FRACR,08:40,FRPMO
5639,2023-08-14,RENNES,NON,8605,12:43,ATLANTIQUE,BREST,PARISBRETA,FRBES,10:32,FRRNS
5640,2023-08-14,LYON (intramuros),NON,5062,12:47,NORD,MARNE LA VALLEE CHESSY,JCSUDNORD,FRMLV,11:00,FRLPD
5641,2023-08-14,LYON (intramuros),NON,5062,13:55,NORD,ARRAS,JCSUDNORD,FRQRV,11:00,FRLPD
5642,2023-08-14,MARNE LA VALLEE CHESSY,NON,5062,14:24,NORD,LILLE (intramuros),JCSUDNORD,FRLLE,12:51,FRMLV
5643,2023-08-14,VALENCE TGV RHONE-ALPES SUD,NON,5062,10:53,NORD,LYON (intramuros),JCSUDNORD,FRLPD,10:15,FRVLA
5644,2023-08-14,VALENCE TGV RHONE-ALPES SUD,NON,5062,12:47,NORD,MARNE LA VALLEE CHESSY,JCSUDNORD,FRMLV,10:15,FRVLA
5645,2023-08-14,NIMES PONT DU GARD,NON,5062,13:55,NORD,ARRAS,JCSUDNORD,FRQRV,09:33,FRXZP
5646,2023-08-14,NIMES PONT DU GARD,NON,5062,13:34,NORD,TGV HAUTE PICARDIE,JCSUDNORD,FRTHP,09:33,FRXZP
5647,2023-08-14,JONZAC,NON,3831,12:07,IC SRO,BORDEAUX ST JEAN,NANTEBORDO,FRBOJ,11:11,FREMR
5648,2023-08-14,LUCON,NON,3831,10:03,IC SRO,ROCHEFORT,NANTEBORDO,FRRCO,09:00,FRLCN
5649,2023-08-14,LUCON,NON,3831,10:32,IC SRO,SAINTES,NANTEBORDO,FRXST,09:00,FRLCN
5650,2023-08-14,NANTES,NON,3831,12:07,IC SRO,BORDEAUX ST JEAN,NANTEBORDO,FRBOJ,07:55,FRNTE
5651,2023-08-14,NANTES,NON,3831,10:32,IC SRO,SAINTES,NANTEBORDO,FRXST,07:55,FRNTE
5652,2023-08-14,LA ROCHE SUR YON,NON,3831,10:03,IC SRO,ROCHEFORT,NANTEBORDO,FRRCO,08:36,FRXRO
5653,2023-08-14,UZERCHE,OUI,3615,12:00,IC ARO,BRIVE LA GAILLARDE,PALITO,FRBVE,11:34,FRAAW
5654,2023-08-14,CHATEAUROUX,NON,3615,11:33,IC ARO,UZERCHE,PALITO,FRAAW,09:44,FRCHR
5655,2023-08-14,PARIS (intramuros),NON,3615,11:33,IC ARO,UZERCHE,PALITO,FRAAW,07:41,FRPAZ
5656,2023-08-14,PARIS (intramuros),NON,3615,12:00,IC ARO,BRIVE LA GAILLARDE,PALITO,FRBVE,07:41,FRPAZ
5657,2023-08-14,VIERZON VILLE,NON,3615,10:54,IC ARO,LIMOGES BENEDICTINS,PALITO,FRAGQ,09:12,FRXVZ
5658,2023-08-14,VIERZON VILLE,NON,3615,09:42,IC ARO,CHATEAUROUX,PALITO,FRCHR,09:12,FRXVZ
5659,2023-08-14,PARIS (intramuros),NON,9213,13:57,INTERNATIONAL,DIJON VILLE,PABALZUR,FRABA,12:22,FRPLY
5660,2023-08-14,LILLE (intramuros),NON,9838,21:01,NORD,LAVAL,JCNORDBRET,FRACR,17:42,FRLLE
5661,2023-08-14,MARNE LA VALLEE CHESSY,NON,9838,19:34,NORD,MASSY TGV,JCNORDBRET,FRDJU,19:02,FRMLV
5662,2023-08-14,AEROPORT CDG2 TGV ROISSY,NON,9838,19:34,NORD,MASSY TGV,JCNORDBRET,FRDJU,18:49,FRMLW
5663,2023-08-14,TGV HAUTE PICARDIE,NON,9838,18:58,NORD,MARNE LA VALLEE CHESSY,JCNORDBRET,FRMLV,18:15,FRTHP
5664,2023-08-14,BRUXELLES MIDI BRUSSEL ZUID,OUI,9838,18:10,NORD,TGV HAUTE PICARDIE,JCNORDBRET,FRTHP,16:54,BEBMI
5665,2023-08-14,BRUXELLES MIDI BRUSSEL ZUID,NON,9838,20:29,NORD,LE MANS,JCNORDBRET,FRAET,16:54,BEBMI
5666,2023-08-14,TGV HAUTE PICARDIE,NON,9838,21:01,NORD,LAVAL,JCNORDBRET,FRACR,18:15,FRTHP
5667,2023-08-14,NIMES,NON,9713,13:13,SUD EST,MONTPELLIER SAINT-ROCH,PABARCELONE,FRMPL,12:47,FRFNI
5668,2023-08-14,NIMES,NON,9713,14:58,SUD EST,PERPIGNAN,PABARCELONE,FRPGF,12:47,FRFNI
5669,2023-08-14,MONTPELLIER SAINT-ROCH,NON,9713,14:24,SUD EST,NARBONNE,PABARCELONE,FRXNA,13:18,FRMPL
5670,2023-08-14,PARIS (intramuros),NON,9713,14:07,SUD EST,BEZIERS,PABARCELONE,FRBZR,09:42,FRPLY
5671,2023-08-14,VALENCE TGV RHONE-ALPES SUD,NON,9713,12:43,SUD EST,NIMES,PABARCELONE,FRFNI,12:00,FRVLA
5672,2023-08-14,VALENCE TGV RHONE-ALPES SUD,NON,9713,13:32,SUD EST,SETE,PABARCELONE,FRXSY,12:00,FRVLA
5673,2023-08-14,AGDE,NON,9713,14:58,SUD EST,PERPIGNAN,PABARCELONE,FRPGF,13:55,FRXAG
5674,2023-08-14,PARIS (intramuros),NON,9713,16:34,SUD EST,BARCELONA SANTS,PABARCELONE,ESBST,09:42,FRPLY
5675,2023-08-14,PARIS (intramuros),NON,9713,15:27,SUD EST,FIGUERES VILA TGV,PABARCELONE,ESFIR,09:42,FRPLY
5676,2023-08-14,MONTPELLIER SAINT-ROCH,NON,9713,15:46,SUD EST,GIRONA,PABARCELONE,ESGRO,13:18,FRMPL
5677,2023-08-14,PERPIGNAN,NON,9713,15:46,SUD EST,GIRONA,PABARCELONE,ESGRO,15:04,FRPGF
5678,2023-08-14,AGDE,NON,9713,15:46,SUD EST,GIRONA,PABARCELONE,ESGRO,13:55,FRXAG
5679,2023-08-14,NIMES,NON,9713,15:46,SUD EST,GIRONA,PABARCELONE,ESGRO,12:47,FRFNI
5680,2023-08-14,NARBONNE,NON,9713,15:27,SUD EST,FIGUERES VILA TGV,PABARCELONE,ESFIR,14:27,FRXNA
5681,2023-08-14,HENDAYE,OUI,8550,18:29,ATLANTIQUE,BIARRITZ,SUDOUESTPA,FRBIQ,18:07,FRAEF
5682,2023-08-14,HENDAYE,NON,8550,22:56,ATLANTIQUE,PARIS (intramuros),SUDOUESTPA,FRPMO,18:07,FRAEF
5683,2023-08-14,BIARRITZ,OUI,8550,20:40,ATLANTIQUE,BORDEAUX ST JEAN,SUDOUESTPA,FRBOJ,18:32,FRBIQ
5684,2023-08-14,DIJON VILLE,NON,9211,14:26,INTERNATIONAL,ZUERICH HB,PABALZUR,CHAJD,12:01,FRABA
5685,2023-08-14,DIJON VILLE,NON,9211,13:26,INTERNATIONAL,BASEL SBB,PABALZUR,CHAJP,12:01,FRABA
5686,2023-08-14,MULHOUSE VILLE,NON,9211,14:26,INTERNATIONAL,ZUERICH HB,PABALZUR,CHAJD,13:06,FRAEK
5687,2023-08-14,LILLE (intramuros),NON,9866,17:43,NORD,BRUXELLES MIDI BRUSSEL ZUID,JCSUDNORD,BEBMI,17:08,FRLLE
5688,2023-08-14,AEROPORT CDG2 TGV ROISSY,NON,9866,16:57,NORD,LILLE (intramuros),JCSUDNORD,FRLLE,16:07,FRMLW
5689,2023-08-14,MARSEILLE ST CHARLES,NON,9866,17:43,NORD,BRUXELLES MIDI BRUSSEL ZUID,JCSUDNORD,BEBMI,12:12,FRMSC
5690,2023-08-14,MARSEILLE ST CHARLES,OUI,9866,12:23,NORD,AIX EN PROVENCE TGV,JCSUDNORD,FRAIE,12:12,FRMSC
5691,2023-08-14,MARSEILLE ST CHARLES,NON,9866,16:57,NORD,LILLE (intramuros),JCSUDNORD,FRLLE,12:12,FRMSC
5692,2023-08-14,SURGERES,OUI,8378,14:43,ATLANTIQUE,ST MAIXENT DEUX SEVRES,ROCHELLEPA,FREJC,14:08,FREIP
5693,2023-08-14,NIORT,OUI,8378,14:43,ATLANTIQUE,ST MAIXENT DEUX SEVRES,ROCHELLEPA,FREJC,14:29,FRNIT
5694,2023-08-14,NIORT,NON,8378,15:50,ATLANTIQUE,ST PIERRE DES CORPS,ROCHELLEPA,FRXSH,14:29,FRNIT
5695,2023-08-14,BOURG EN BRESSE,NON,9765,13:30,INTERNATIONAL,GENEVE,PAGENEVE,CHGVA,12:12,FRXBK
5696,2023-08-14,BIARRITZ,OUI,8544,17:17,ATLANTIQUE,DAX,SUDOUESTPA,FRACG,16:32,FRBIQ
5697,2023-08-14,BIARRITZ,NON,8544,18:40,ATLANTIQUE,BORDEAUX ST JEAN,SUDOUESTPA,FRBOJ,16:32,FRBIQ
5698,2023-08-14,BORDEAUX ST JEAN,OUI,8544,20:43,ATLANTIQUE,MASSY TGV,SUDOUESTPA,FRDJU,18:46,FRBOJ
5699,2023-08-14,ST JEAN DE LUZ CIBOURE,OUI,8544,17:17,ATLANTIQUE,DAX,SUDOUESTPA,FRACG,16:19,FRXJZ
5700,2023-08-14,BRUXELLES MIDI BRUSSEL ZUID,NON,9874,15:55,NORD,CHAMPAGNE-ARDENNE,JCNORDEST,FREAH,13:17,BEBMI
5701,2023-08-14,BRUXELLES MIDI BRUSSEL ZUID,OUI,9874,14:53,NORD,AEROPORT CDG2 TGV ROISSY,JCNORDEST,FRMLW,13:17,BEBMI
5702,2023-08-14,CHAMPAGNE-ARDENNE,OUI,9874,17:37,NORD,STRASBOURG,JCNORDEST,FRAEG,16:04,FREAH
5703,2023-08-14,AEROPORT CDG2 TGV ROISSY,NON,9874,17:37,NORD,STRASBOURG,JCNORDEST,FRAEG,14:59,FRMLW
5704,2023-08-14,POITIERS,NON,8485,16:34,ATLANTIQUE,ANGOULEME,PASUDOUEST,FRANG,15:57,FRPIS
5705,2023-08-14,POITIERS,NON,8485,17:15,ATLANTIQUE,LIBOURNE,PASUDOUEST,FRXLR,15:57,FRPIS
5706,2023-08-14,ST PIERRE DES CORPS,NON,8485,17:37,ATLANTIQUE,BORDEAUX ST JEAN,PASUDOUEST,FRBOJ,15:21,FRXSH
5707,2023-08-14,ANGOULEME,NON,2094,13:23,EST,MEUSE TGV,JCATLEST,FREAJ,09:35,FRANG
5708,2023-08-14,ANGOULEME,NON,2094,10:16,EST,POITIERS,JCATLEST,FRPIS,09:35,FRANG
5709,2023-08-14,BORDEAUX ST JEAN,OUI,2094,09:30,EST,ANGOULEME,JCATLEST,FRANG,08:54,FRBOJ
5710,2023-08-14,BORDEAUX ST JEAN,NON,2094,11:48,EST,MASSY TGV,JCATLEST,FRDJU,08:54,FRBOJ
5711,2023-08-14,BORDEAUX ST JEAN,NON,2094,12:24,EST,MARNE LA VALLEE CHESSY,JCATLEST,FRMLV,08:54,FRBOJ
5712,2023-08-14,MARNE LA VALLEE CHESSY,NON,2094,13:49,EST,LORRAINE TGV,JCATLEST,FREAM,12:28,FRMLV
5713,2023-08-14,POITIERS,NON,2094,13:23,EST,MEUSE TGV,JCATLEST,FREAJ,10:19,FRPIS
5714,2023-08-14,POITIERS,NON,2094,13:49,EST,LORRAINE TGV,JCATLEST,FREAM,10:19,FRPIS
5715,2023-08-14,ST PIERRE DES CORPS,NON,2094,14:29,EST,STRASBOURG,JCATLEST,FRAEG,10:54,FRXSH
5716,2023-08-14,ST PIERRE DES CORPS,NON,2094,11:48,EST,MASSY TGV,JCATLEST,FRDJU,10:54,FRXSH
5717,2023-08-14,ST PIERRE DES CORPS,NON,2094,13:23,EST,MEUSE TGV,JCATLEST,FREAJ,10:54,FRXSH
5718,2023-08-14,ST PIERRE DES CORPS,NON,2094,12:24,EST,MARNE LA VALLEE CHESSY,JCATLEST,FRMLV,10:54,FRXSH
5719,2023-08-14,ARLES,OUI,6194,08:09,SUD EST,VALENCE VILLE,VDRPA,FRVAF,06:43,FRHZA
5720,2023-08-14,ARLES,OUI,6194,07:45,SUD EST,MONTELIMAR GARE SNCF,VDRPA,FRXMK,06:43,FRHZA
5721,2023-08-14,LYON-SAINT EXUPERY TGV,OUI,6194,10:46,SUD EST,PARIS (intramuros),VDRPA,FRPLY,08:58,FRJDQ
5722,2023-08-14,MIRAMAS,OUI,6194,07:00,SUD EST,AVIGNON CENTRE,VDRPA,FRAES,06:22,FRMAZ
5723,2023-08-14,MIRAMAS,OUI,6194,08:46,SUD EST,LYON-SAINT EXUPERY TGV,VDRPA,FRJDQ,06:22,FRMAZ
5724,2023-08-14,MONTELIMAR GARE SNCF,OUI,6194,08:09,SUD EST,VALENCE VILLE,VDRPA,FRVAF,07:48,FRXMK
5725,2023-08-14,CHAMPAGNE-ARDENNE,OUI,9870,10:00,NORD,MEUSE TGV,JCNORDEST,FREAJ,09:34,FREAH
5726,2023-08-14,MEUSE TGV,OUI,9870,11:05,NORD,STRASBOURG,JCNORDEST,FRAEG,10:07,FREAJ
5727,2023-08-14,LORRAINE TGV,OUI,9870,11:05,NORD,STRASBOURG,JCNORDEST,FRAEG,10:28,FREAM
5728,2023-08-14,AVIGNON TGV,NON,6173,14:25,SUD EST,CANNES,PAAZUR,FRJCA,12:05,FRAVG
5729,2023-08-14,AVIGNON TGV,NON,6173,14:57,SUD EST,NICE VILLE,PAAZUR,FRNIC,12:05,FRAVG
5730,2023-08-14,AVIGNON TGV,NON,6173,14:01,SUD EST,ST RAPHAEL VALESCURE,PAAZUR,FRXSK,12:05,FRAVG
5731,2023-08-14,PARIS (intramuros),NON,6173,12:02,SUD EST,AVIGNON TGV,PAAZUR,FRAVG,09:26,FRPLY
5732,2023-08-14,PARIS (intramuros),NON,6173,13:11,SUD EST,TOULON,PAAZUR,FRTLN,09:26,FRPLY
5733,2023-08-14,TOULON,NON,6173,14:25,SUD EST,CANNES,PAAZUR,FRJCA,13:15,FRTLN
5734,2023-08-14,TOULON,NON,6173,14:38,SUD EST,ANTIBES,PAAZUR,FRXAT,13:15,FRTLN
5735,2023-08-14,ST RAPHAEL VALESCURE,OUI,6173,14:38,SUD EST,ANTIBES,PAAZUR,FRXAT,14:04,FRXSK
5736,2023-08-14,BORDEAUX ST JEAN,NON,8486,12:04,ATLANTIQUE,POITIERS,SUDOUESTPA,FRPIS,10:18,FRBOJ
5737,2023-08-14,BORDEAUX ST JEAN,NON,8486,13:37,ATLANTIQUE,PARIS (intramuros),SUDOUESTPA,FRPMO,10:18,FRBOJ
5738,2023-08-14,BRUXELLES MIDI BRUSSEL ZUID,NON,9844,19:54,NORD,AEROPORT CDG2 TGV ROISSY,JCNORDSUD,FRMLW,18:17,BEBMI
5739,2023-08-14,LILLE (intramuros),OUI,9844,20:09,NORD,MARNE LA VALLEE CHESSY,JCNORDSUD,FRMLV,19:03,FRLLE
5740,2023-08-14,MARNE LA VALLEE CHESSY,OUI,9844,22:18,NORD,LYON (intramuros),JCNORDSUD,FRLPE,20:13,FRMLV
5741,2023-08-14,AEROPORT CDG2 TGV ROISSY,OUI,9844,20:09,NORD,MARNE LA VALLEE CHESSY,JCNORDSUD,FRMLV,20:00,FRMLW
5742,2023-08-14,DAX,OUI,3742,06:08,IC NUIT,LES AUBRAIS ORLEANS,PALOMBEPAR,FRLAB,20:49,FRACG
5743,2023-08-14,DAX,OUI,3742,07:19,IC NUIT,PARIS (intramuros),PALOMBEPAR,FRPAZ,20:49,FRACG
5744,2023-08-14,PAU,OUI,3742,06:08,IC NUIT,LES AUBRAIS ORLEANS,PALOMBEPAR,FRLAB,21:46,FRAEE
5745,2023-08-14,BIARRITZ,OUI,3742,06:08,IC NUIT,LES AUBRAIS ORLEANS,PALOMBEPAR,FRLAB,19:22,FRBIQ
5746,2023-08-14,ORTHEZ,OUI,3742,07:19,IC NUIT,PARIS (intramuros),PALOMBEPAR,FRPAZ,21:22,FRGFI
5747,2023-08-14,LOURDES,OUI,3742,07:19,IC NUIT,PARIS (intramuros),PALOMBEPAR,FRPAZ,22:13,FRLDE
5748,2023-08-14,TARBES,OUI,3742,06:08,IC NUIT,LES AUBRAIS ORLEANS,PALOMBEPAR,FRLAB,22:29,FRXTB
5749,2023-08-14,TARBES,OUI,3742,07:19,IC NUIT,PARIS (intramuros),PALOMBEPAR,FRPAZ,22:29,FRXTB
5750,2023-08-14,CANNES,NON,6074,11:44,SUD EST,TOULON,AZURPA,FRTLN,10:32,FRJCA
5751,2023-08-14,MARSEILLE ST CHARLES,NON,6074,15:50,SUD EST,PARIS (intramuros),AZURPA,FRPLY,12:47,FRMSC
5752,2023-08-14,NICE VILLE,OUI,6074,10:28,SUD EST,CANNES,AZURPA,FRJCA,09:57,FRNIC
5753,2023-08-14,NICE VILLE,NON,6074,15:50,SUD EST,PARIS (intramuros),AZURPA,FRPLY,09:57,FRNIC
5754,2023-08-14,NICE VILLE,OUI,6074,10:55,SUD EST,ST RAPHAEL VALESCURE,AZURPA,FRXSK,09:57,FRNIC
5755,2023-08-14,LILLE (intramuros),OUI,7208,08:59,NORD,PARIS (intramuros),ARRASPA,FRPNO,07:40,FRLLE
5756,2023-08-14,ST GAUDENS,NON,14143,14:13,IC SRO,ORTHEZ,SUDOUEST,FRGFI,12:21,FRFPH
5757,2023-08-14,TARBES,NON,14143,13:49,IC SRO,PAU,SUDOUEST,FRAEE,13:08,FRXTB
5758,2023-08-14,TOULOUSE MATABIAU,NON,14143,14:13,IC SRO,ORTHEZ,SUDOUEST,FRGFI,11:32,FRXYT
5759,2023-08-14,VICHY,NON,5966,11:29,IC ARO,MOULINS SUR ALLIER,CLERMONTPA,FRXMU,11:06,FRVHY
5760,2023-08-14,BREST,OUI,8606,08:37,ATLANTIQUE,ST BRIEUC,BRETAPARIS,FRSBK,07:22,FRBES
5761,2023-08-14,GUINGAMP,NON,8606,10:01,ATLANTIQUE,LAVAL,BRETAPARIS,FRACR,08:22,FRGGP
5762,2023-08-14,GUINGAMP,NON,8606,11:19,ATLANTIQUE,PARIS (intramuros),BRETAPARIS,FRPMO,08:22,FRGGP
5763,2023-08-14,FREIBURG BREISGAU HBF,NON,9590,09:35,EST,PARIS (intramuros),MULHSTRAPA,FRPST,06:36,DEFGB
5764,2023-08-14,FREIBURG BREISGAU HBF,OUI,9590,07:16,EST,OFFENBOURG/OFFENBURG,MULHSTRAPA,DEZPA,06:36,DEFGB
5765,2023-08-14,RINGSHEIM/EU-PARK,OUI,9590,07:16,EST,OFFENBOURG/OFFENBURG,MULHSTRAPA,DEZPA,06:56,DERSH
5766,2023-08-14,RINGSHEIM/EU-PARK,OUI,9590,07:40,EST,STRASBOURG,MULHSTRAPA,FRAEG,06:56,DERSH
5767,2023-08-14,LILLE (intramuros),OUI,9852,09:43,NORD,BRUXELLES MIDI BRUSSEL ZUID,JCSUDNORD,BEBMI,09:09,FRLLE
5768,2023-08-14,LYON (intramuros),OUI,9852,07:46,NORD,MARNE LA VALLEE CHESSY,JCSUDNORD,FRMLV,05:50,FRLPD
5769,2023-08-14,MARNE LA VALLEE CHESSY,OUI,9852,09:43,NORD,BRUXELLES MIDI BRUSSEL ZUID,JCSUDNORD,BEBMI,07:50,FRMLV
5770,2023-08-14,AEROPORT CDG2 TGV ROISSY,OUI,9852,08:56,NORD,LILLE (intramuros),JCSUDNORD,FRLLE,08:07,FRMLW
5771,2023-08-14,LE CREUSOT MONTCEAU MONTCHANIN,OUI,9852,08:56,NORD,LILLE (intramuros),JCSUDNORD,FRLLE,06:34,FRXCC
5772,2023-08-14,THIONVILLE,OUI,2870,14:53,EST,METZ VILLE,LUXMETZPA,FRADE,14:34,FRXTH
5773,2023-08-14,PARIS (intramuros),NON,2709,10:10,EST,CHARLEVILLE MEZIERES,PABARSED,FRXCZ,08:28,FRPST
5774,2023-08-14,CHARLEVILLE MEZIERES,OUI,2709,10:35,EST,SEDAN,PABARSED,FRXSW,10:19,FRXCZ
5775,2023-08-14,RENNES,NON,8690,19:06,ATLANTIQUE,PARIS (intramuros),BRETAPARIS,FRPMO,17:35,FRRNS
5776,2023-08-14,PAU,NON,8583,15:40,ATLANTIQUE,BORDEAUX ST JEAN,SUDOUESTPA,FRBOJ,13:16,FRAEE
5777,2023-08-14,PAU,OUI,8583,13:38,ATLANTIQUE,ORTHEZ,SUDOUESTPA,FRGFI,13:16,FRAEE
5778,2023-08-14,BORDEAUX ST JEAN,NON,8583,17:52,ATLANTIQUE,PARIS (intramuros),SUDOUESTPA,FRPMO,15:46,FRBOJ
5779,2023-08-14,TARBES,OUI,8583,13:13,ATLANTIQUE,PAU,SUDOUESTPA,FRAEE,12:21,FRXTB
5780,2023-08-14,LUC EN DIOIS,NON,5790,07:54,IC NUIT,PARIS (intramuros),BRIANCONPA,FRPAZ,22:55,FRIFP
5781,2023-08-14,EMBRUN,NON,5790,07:54,IC NUIT,PARIS (intramuros),BRIANCONPA,FRPAZ,20:52,FRIGV
5782,2023-08-14,L'ARGENTIERE LES ECRINS   (05),NON,5790,07:54,IC NUIT,PARIS (intramuros),BRIANCONPA,FRPAZ,20:19,FRIHC
5783,2023-08-14,RENNES,OUI,6062,08:22,SUD EST,LE MANS,JCATLSUD,FRAET,07:31,FRRNS
5784,2023-08-14,PARIS (intramuros),NON,9715,19:56,SUD EST,PERPIGNAN,PABARCELONE,FRPGF,14:56,FRPLY
5785,2023-08-14,PARIS (intramuros),NON,9715,17:06,SUD EST,VALENCE TGV RHONE-ALPES SUD,PABARCELONE,FRVLA,14:56,FRPLY
5786,2023-08-14,PARIS (intramuros),NON,9715,19:20,SUD EST,NARBONNE,PABARCELONE,FRXNA,14:56,FRPLY
5787,2023-08-14,VALENCE TGV RHONE-ALPES SUD,NON,9715,19:20,SUD EST,NARBONNE,PABARCELONE,FRXNA,17:09,FRVLA
5788,2023-08-14,AGDE,NON,9715,19:03,SUD EST,BEZIERS,PABARCELONE,FRBZR,18:51,FRXAG
5789,2023-08-14,NARBONNE,NON,9715,19:56,SUD EST,PERPIGNAN,PABARCELONE,FRPGF,19:23,FRXNA
5790,2023-08-14,MONTPELLIER SUD DE FRANCE,NON,9715,19:20,SUD EST,NARBONNE,PABARCELONE,FRXNA,18:17,FRSUF
5791,2023-08-14,PARIS (intramuros),NON,9715,17:46,SUD EST,NIMES PONT DU GARD,PABARCELONE,FRXZP,14:56,FRPLY
5792,2023-08-14,NIMES PONT DU GARD,NON,9715,19:56,SUD EST,PERPIGNAN,PABARCELONE,FRPGF,17:49,FRXZP
5793,2023-08-14,NIMES PONT DU GARD,NON,9715,18:31,SUD EST,SETE,PABARCELONE,FRXSY,17:49,FRXZP
5794,2023-08-14,PERPIGNAN,NON,9715,21:25,SUD EST,BARCELONA SANTS,PABARCELONE,ESBST,20:03,FRPGF
5795,2023-08-14,PARIS (intramuros),NON,9715,20:44,SUD EST,GIRONA,PABARCELONE,ESGRO,14:56,FRPLY
5796,2023-08-14,VALENCE TGV RHONE-ALPES SUD,NON,9715,21:25,SUD EST,BARCELONA SANTS,PABARCELONE,ESBST,17:09,FRVLA
5797,2023-08-14,VALENCE TGV RHONE-ALPES SUD,NON,9715,20:44,SUD EST,GIRONA,PABARCELONE,ESGRO,17:09,FRVLA
5798,2023-08-14,PERPIGNAN,NON,9715,20:44,SUD EST,GIRONA,PABARCELONE,ESGRO,20:03,FRPGF
5799,2023-08-14,NIMES PONT DU GARD,NON,9715,21:25,SUD EST,BARCELONA SANTS,PABARCELONE,ESBST,17:49,FRXZP
5800,2023-08-14,NARBONNE,NON,9715,20:44,SUD EST,GIRONA,PABARCELONE,ESGRO,19:23,FRXNA
5801,2023-08-14,AGDE,NON,9715,21:25,SUD EST,BARCELONA SANTS,PABARCELONE,ESBST,18:51,FRXAG
5802,2023-08-14,NARBONNE,NON,9715,20:27,SUD EST,FIGUERES VILA TGV,PABARCELONE,ESFIR,19:23,FRXNA
5803,2023-08-14,SETE,NON,9715,20:27,SUD EST,FIGUERES VILA TGV,PABARCELONE,ESFIR,18:34,FRXSY
5804,2023-08-14,MONTPELLIER SUD DE FRANCE,NON,9715,20:27,SUD EST,FIGUERES VILA TGV,PABARCELONE,ESFIR,18:17,FRSUF
5805,2023-08-14,MASSY TGV,NON,5358,22:29,SUD EST,ANGERS ST LAUD,JCSUDATL,FRACL,20:38,FRDJU
5806,2023-08-14,MASSY TGV,NON,5358,23:09,SUD EST,NANTES,JCSUDATL,FRNTE,20:38,FRDJU
5807,2023-08-14,MASSY TGV,NON,5358,21:31,SUD EST,ST PIERRE DES CORPS,JCSUDATL,FRXSH,20:38,FRDJU
5808,2023-08-14,LYON (intramuros),NON,5358,22:05,SUD EST,SAUMUR,JCSUDATL,FRACN,18:30,FRLPD
5809,2023-08-14,LYON (intramuros),NON,5358,23:09,SUD EST,NANTES,JCSUDATL,FRNTE,18:30,FRLPD
5810,2023-08-14,VALENCE TGV RHONE-ALPES SUD,NON,5358,22:05,SUD EST,SAUMUR,JCSUDATL,FRACN,17:42,FRVLA
5811,2023-08-14,VALENCE TGV RHONE-ALPES SUD,NON,5358,20:34,SUD EST,MASSY TGV,JCSUDATL,FRDJU,17:42,FRVLA
5812,2023-08-14,VALENCE TGV RHONE-ALPES SUD,NON,5358,21:31,SUD EST,ST PIERRE DES CORPS,JCSUDATL,FRXSH,17:42,FRVLA
5813,2023-08-14,ST PIERRE DES CORPS,OUI,5358,22:29,SUD EST,ANGERS ST LAUD,JCSUDATL,FRACL,21:35,FRXSH
5814,2023-08-14,MONTPELLIER SUD DE FRANCE,NON,5358,20:34,SUD EST,MASSY TGV,JCSUDATL,FRDJU,16:40,FRSUF
5815,2023-08-14,MONTPELLIER SUD DE FRANCE,NON,5358,23:09,SUD EST,NANTES,JCSUDATL,FRNTE,16:40,FRSUF
5816,2023-08-14,MONTPELLIER SUD DE FRANCE,NON,5358,21:31,SUD EST,ST PIERRE DES CORPS,JCSUDATL,FRXSH,16:40,FRSUF
5817,2023-08-14,MONTPELLIER SUD DE FRANCE,OUI,5358,16:58,SUD EST,NIMES PONT DU GARD,JCSUDATL,FRXZP,16:40,FRSUF
5818,2023-08-14,ANGERS ST LAUD,NON,5300,07:19,SUD EST,MASSY TGV,JCATLSUD,FRDJU,05:30,FRACL
5819,2023-08-14,ANGERS ST LAUD,NON,5300,09:30,SUD EST,LYON (intramuros),JCATLSUD,FRLPD,05:30,FRACL
5820,2023-08-14,SAUMUR,NON,5300,09:30,SUD EST,LYON (intramuros),JCATLSUD,FRLPD,05:53,FRACN
5821,2023-08-14,ST PIERRE DES CORPS,NON,5300,09:30,SUD EST,LYON (intramuros),JCATLSUD,FRLPD,06:28,FRXSH
5822,2023-08-14,ST PIERRE DES CORPS,NON,5300,10:58,SUD EST,NIMES PONT DU GARD,JCATLSUD,FRXZP,06:28,FRXSH
5823,2023-08-14,NIMES PONT DU GARD,OUI,5300,11:21,SUD EST,MONTPELLIER SUD DE FRANCE,JCATLSUD,FRSUF,11:01,FRXZP
5824,2023-08-14,VENDOME VILLIERS SUR LOIR,OUI,8345,20:10,ATLANTIQUE,CHATELLERAULT,PAROCHELLE,FRXCX,19:16,FRESL
5825,2023-08-14,PARIS (intramuros),OUI,8345,19:13,ATLANTIQUE,VENDOME VILLIERS SUR LOIR,PAROCHELLE,FRESL,18:28,FRPMO
5826,2023-08-14,ANGOULEME,OUI,8437,13:02,ATLANTIQUE,BORDEAUX ST JEAN,PASUDOUEST,FRBOJ,12:26,FRANG
5827,2023-08-14,DAX,NON,8571,11:47,ATLANTIQUE,TARBES,PASUDOUEST,FRXTB,10:07,FRACG
5828,2023-08-14,BORDEAUX ST JEAN,NON,8571,10:52,ATLANTIQUE,PAU,PASUDOUEST,FRAEE,08:54,FRBOJ
5829,2023-08-14,MASSY TGV,NON,8571,10:04,ATLANTIQUE,DAX,PASUDOUEST,FRACG,06:48,FRDJU
5830,2023-08-14,MASSY TGV,NON,8571,11:47,ATLANTIQUE,TARBES,PASUDOUEST,FRXTB,06:48,FRDJU
5831,2023-08-14,PARIS (intramuros),NON,8571,10:04,ATLANTIQUE,DAX,PASUDOUEST,FRACG,06:35,FRPMO
5832,2023-08-14,PARIS (intramuros),NON,8571,11:21,ATLANTIQUE,LOURDES,PASUDOUEST,FRLDE,06:35,FRPMO
5833,2023-08-14,LAVAL,NON,8088,20:20,ATLANTIQUE,PARIS (intramuros),BRETAPARIS,FRPMO,19:04,FRACR
5834,2023-08-14,RENNES,NON,8088,19:01,ATLANTIQUE,LAVAL,BRETAPARIS,FRACR,18:35,FRRNS
5835,2023-08-14,PARIS (intramuros),NON,8085,14:25,ATLANTIQUE,RENNES,PARISBRETA,FRRNS,12:56,FRPMO
5836,2023-08-14,PARIS (intramuros),NON,8085,15:15,ATLANTIQUE,ST MALO,PARISBRETA,FRXSB,12:56,FRPMO
5837,2023-08-14,RENNES,NON,8085,15:15,ATLANTIQUE,ST MALO,PARISBRETA,FRXSB,14:33,FRRNS
5838,2023-08-14,SURGERES,OUI,8362,11:40,ATLANTIQUE,PARIS (intramuros),ROCHELLEPA,FRPMO,09:08,FREIP
5839,2023-08-14,SURGERES,OUI,8362,10:35,ATLANTIQUE,ST PIERRE DES CORPS,ROCHELLEPA,FRXSH,09:08,FREIP
5840,2023-08-14,AGEN,NON,4762,19:32,IC ARO,BORDEAUX ST JEAN,TJOURSESO,FRBOJ,18:28,FRAGF
5841,2023-08-14,BEZIERS,NON,4762,15:59,IC ARO,NARBONNE,TJOURSESO,FRXNA,15:46,FRBZR
5842,2023-08-14,NIMES,NON,4762,18:26,IC ARO,AGEN,TJOURSESO,FRAGF,14:38,FRFNI
5843,2023-08-14,MONTPELLIER SAINT-ROCH,NON,4762,15:43,IC ARO,BEZIERS,TJOURSESO,FRBZR,15:06,FRMPL
5844,2023-08-14,MONTPELLIER SAINT-ROCH,NON,4762,16:31,IC ARO,CARCASSONNE,TJOURSESO,FRCCF,15:06,FRMPL
5845,2023-08-14,MARSEILLE ST CHARLES,NON,4762,19:32,IC ARO,BORDEAUX ST JEAN,TJOURSESO,FRBOJ,13:23,FRMSC
5846,2023-08-14,MONTAUBAN VILLE BOURBON,NON,4762,18:26,IC ARO,AGEN,TJOURSESO,FRAGF,17:51,FRXMW
5847,2023-08-14,TOULOUSE MATABIAU,NON,4762,17:49,IC ARO,MONTAUBAN VILLE BOURBON,TJOURSESO,FRXMW,17:24,FRXYT
5848,2023-08-14,LYON (intramuros),NON,4504,15:28,IC SRO,BOURGES,JOURLYNNTE,FRBOU,12:00,FRLPD
5849,2023-08-14,LYON (intramuros),NON,4504,14:36,IC SRO,NEVERS,JOURLYNNTE,FRNVS,12:00,FRLPD
5850,2023-08-14,LYON (intramuros),NON,4504,15:48,IC SRO,VIERZON VILLE,JOURLYNNTE,FRXVZ,12:00,FRLPD
5851,2023-08-14,LYON (intramuros),NON,4504,16:55,IC SRO,ST PIERRE DES CORPS,JOURLYNNTE,FRXSH,11:47,FRLPE
5852,2023-08-14,ROANNE,NON,4504,17:29,IC SRO,SAUMUR,JOURLYNNTE,FRACN,13:06,FRRNE
5853,2023-08-14,ROANNE,NON,4504,14:36,IC SRO,NEVERS,JOURLYNNTE,FRNVS,13:06,FRRNE
5854,2023-08-14,ST GERMAIN DES FOSSES,NON,4504,16:55,IC SRO,ST PIERRE DES CORPS,JOURLYNNTE,FRXSH,13:45,FRSGF
5855,2023-08-14,MOULINS SUR ALLIER,NON,4504,17:29,IC SRO,SAUMUR,JOURLYNNTE,FRACN,14:07,FRXMU
5856,2023-08-14,MARSEILLE ST CHARLES,OUI,6132,19:15,SUD EST,AIX EN PROVENCE TGV,PROVENCEPA,FRAIE,19:04,FRMSC
5857,2023-08-14,GUINGAMP,OUI,8646,20:38,ATLANTIQUE,ST BRIEUC,BRETAPARIS,FRSBK,20:24,FRGGP
5858,2023-08-14,MORLAIX,NON,8646,21:29,ATLANTIQUE,RENNES,BRETAPARIS,FRRNS,19:55,FRMXN
5859,2023-08-14,ST BRIEUC,NON,8646,23:08,ATLANTIQUE,PARIS (intramuros),BRETAPARIS,FRPMO,20:41,FRSBK
5860,2023-08-14,LYON (intramuros),OUI,6634,21:45,SUD EST,LE CREUSOT MONTCEAU MONTCHANIN,RHONEPARIS,FRXCC,20:49,FRLPE
5861,2023-08-14,MONTAUBAN VILLE BOURBON,NON,8504,10:40,ATLANTIQUE,BORDEAUX ST JEAN,SUDOUESTPA,FRBOJ,08:57,FRXMW
5862,2023-08-14,DAX,NON,8540,17:52,ATLANTIQUE,PARIS (intramuros),SUDOUESTPA,FRPMO,14:19,FRACG
5863,2023-08-14,HENDAYE,OUI,8540,13:24,ATLANTIQUE,BIARRITZ,SUDOUESTPA,FRBIQ,13:01,FRAEF
5864,2023-08-14,BIARRITZ,OUI,8540,14:14,ATLANTIQUE,DAX,SUDOUESTPA,FRACG,13:27,FRBIQ
5865,2023-08-14,BIARRITZ,NON,8540,17:52,ATLANTIQUE,PARIS (intramuros),SUDOUESTPA,FRPMO,13:27,FRBIQ
5866,2023-08-14,BORDEAUX ST JEAN,NON,8540,17:52,ATLANTIQUE,PARIS (intramuros),SUDOUESTPA,FRPMO,15:46,FRBOJ
5867,2023-08-14,BOURG EN BRESSE,NON,9763,11:00,INTERNATIONAL,BELLEGARDE,PAGENEVE,FRXBF,10:12,FRXBK
5868,2023-08-14,PARIS (intramuros),OUI,8303,13:13,ATLANTIQUE,VENDOME VILLIERS SUR LOIR,PAROCHELLE,FRESL,12:28,FRPMO
5869,2023-08-14,PARIS (intramuros),OUI,7551,08:07,NORD,LILLE (intramuros),PAARRAS,FRLLE,06:52,FRPNO
5870,2023-08-14,PARIS (intramuros),OUI,7015,09:48,NORD,LILLE (intramuros),PALILLE,FRADJ,08:46,FRPNO
5871,2023-08-14,DIJON VILLE,NON,9879,16:18,EST,MACON VILLE,JCRHINRHON,FRHGU,15:21,FRABA
5872,2023-08-14,DIJON VILLE,NON,9879,16:56,EST,LYON (intramuros),JCRHINRHON,FRLPD,15:21,FRABA
5873,2023-08-14,METZ VILLE,NON,9879,15:11,EST,DIJON VILLE,JCRHINRHON,FRABA,12:12,FRADE
5874,2023-08-14,METZ VILLE,OUI,9879,13:00,EST,STRASBOURG,JCRHINRHON,FRAEG,12:12,FRADE
5875,2023-08-14,METZ VILLE,NON,9879,16:18,EST,MACON VILLE,JCRHINRHON,FRHGU,12:12,FRADE
5876,2023-08-14,METZ VILLE,NON,9879,16:56,EST,LYON (intramuros),JCRHINRHON,FRLPD,12:12,FRADE
5877,2023-08-14,METZ VILLE,NON,9879,14:41,EST,BESANCON - F COMTE TGV,JCRHINRHON,FRTJB,12:12,FRADE
5878,2023-08-14,MULHOUSE VILLE,NON,9879,16:18,EST,MACON VILLE,JCRHINRHON,FRHGU,13:57,FRAEK
5879,2023-08-14,LYON (intramuros),NON,9879,17:50,EST,VALENCE TGV RHONE-ALPES SUD,JCRHINRHON,FRVLA,17:10,FRLPD
5880,2023-08-14,BELFORT-MONTBELIARD TGV,NON,9879,16:18,EST,MACON VILLE,JCRHINRHON,FRHGU,14:21,FRTJA
5881,2023-08-14,BELFORT-MONTBELIARD TGV,NON,9879,16:56,EST,LYON (intramuros),JCRHINRHON,FRLPD,14:21,FRTJA
5882,2023-08-14,THIONVILLE,OUI,9879,13:00,EST,STRASBOURG,JCRHINRHON,FRAEG,11:48,FRXTH
5883,2023-08-14,THIONVILLE,NON,9879,13:54,EST,MULHOUSE VILLE,JCRHINRHON,FRAEK,11:48,FRXTH
5884,2023-08-14,THIONVILLE,NON,9879,16:18,EST,MACON VILLE,JCRHINRHON,FRHGU,11:48,FRXTH
5885,2023-08-14,LUXEMBOURG,NON,9879,17:50,EST,VALENCE TGV RHONE-ALPES SUD,JCRHINRHON,FRVLA,11:24,LULUX
5886,2023-08-14,LUXEMBOURG,OUI,9879,11:45,EST,THIONVILLE,JCRHINRHON,FRXTH,11:24,LULUX
5887,2023-08-14,BESANCON - F COMTE TGV,NON,9879,18:53,EST,MONTPELLIER SUD DE FRANCE,JCRHINRHON,FRSUF,14:44,FRTJB
5888,2023-08-14,METZ VILLE,NON,9879,18:31,EST,NIMES PONT DU GARD,JCRHINRHON,FRXZP,12:12,FRADE
5889,2023-08-14,THIONVILLE,NON,9879,18:31,EST,NIMES PONT DU GARD,JCRHINRHON,FRXZP,11:48,FRXTH
5890,2023-08-14,LUXEMBOURG,OUI,2854,07:21,EST,METZ VILLE,LUXMETZPA,FRADE,06:40,LULUX
5891,2023-08-14,AVIGNON TGV,OUI,6103,10:41,SUD EST,AIX EN PROVENCE TGV,PAPROVENCE,FRAIE,10:20,FRAVG
5892,2023-08-14,MACON LOCHE TGV,NON,6984,22:17,SUD EST,PARIS (intramuros),ALPESPARIS,FRPLY,20:46,FRMLT
5893,2023-08-14,AIX LES BAINS LE REVARD,NON,6984,22:17,SUD EST,PARIS (intramuros),ALPESPARIS,FRPLY,18:59,FRXAI
5894,2023-08-14,PARIS (intramuros),NON,6609,11:56,SUD EST,LYON (intramuros),PARISRHONE,FRLPD,10:00,FRPLY
5895,2023-08-14,PARIS (intramuros),NON,8083,12:17,ATLANTIQUE,ST MALO,PARISBRETA,FRXSB,09:54,FRPMO
5896,2023-08-14,RENNES,NON,8083,12:01,ATLANTIQUE,DOL DE BRETAGNE,PARISBRETA,FRDOL,11:30,FRRNS
5897,2023-08-14,RENNES,NON,8083,12:17,ATLANTIQUE,ST MALO,PARISBRETA,FRXSB,11:30,FRRNS
5898,2023-08-14,QUIMPERLE,OUI,8730,15:50,ATLANTIQUE,LORIENT,BRETAPARIS,FRLRT,15:40,FRECO
5899,2023-08-14,LORIENT,NON,8730,17:25,ATLANTIQUE,RENNES,BRETAPARIS,FRRNS,15:53,FRLRT
5900,2023-08-14,LORIENT,NON,8730,16:23,ATLANTIQUE,VANNES,BRETAPARIS,FRVNE,15:53,FRLRT
5901,2023-08-14,ROSPORDEN,OUI,8730,15:37,ATLANTIQUE,QUIMPERLE,BRETAPARIS,FRECO,15:24,FRRSP
5902,2023-08-14,AURAY,NON,8730,19:06,ATLANTIQUE,PARIS (intramuros),BRETAPARIS,FRPMO,16:13,FRXUY
5903,2023-08-14,AURAY,NON,8730,16:23,ATLANTIQUE,VANNES,BRETAPARIS,FRVNE,16:13,FRXUY
5904,2023-08-14,MONTAUBAN VILLE BOURBON,OUI,3750,06:50,IC NUIT,PARIS (intramuros),OCCITANPAR,FRPAZ,22:46,FRXMW
5905,2023-08-14,TOULOUSE MATABIAU,OUI,3750,05:40,IC NUIT,LES AUBRAIS ORLEANS,OCCITANPAR,FRLAB,22:18,FRXYT
5906,2023-08-14,GENEVE,NON,9764,11:42,INTERNATIONAL,PARIS (intramuros),GENEVEPA,FRPLY,08:29,CHGVA
5907,2023-08-14,BELLEGARDE,NON,9764,09:22,INTERNATIONAL,NURIEUX,GENEVEPA,FRHQN,09:00,FRXBF
5908,2023-08-14,UZERCHE,OUI,3675,23:04,IC ARO,BRIVE LA GAILLARDE,PALITO,FRBVE,22:38,FRAAW
5909,2023-08-14,PARIS (intramuros),OUI,3675,22:37,IC ARO,UZERCHE,PALITO,FRAAW,18:41,FRPAZ
5910,2023-08-14,PARIS (intramuros),OUI,3675,20:09,IC ARO,VIERZON VILLE,PALITO,FRXVZ,18:41,FRPAZ
5911,2023-08-14,VIERZON VILLE,OUI,3675,23:04,IC ARO,BRIVE LA GAILLARDE,PALITO,FRBVE,20:11,FRXVZ
5912,2023-08-14,VIERZON VILLE,OUI,3675,20:29,IC ARO,ISSOUDUN,PALITO,FRFMN,20:11,FRXVZ
5913,2023-08-14,ANGERS ST LAUD,OUI,8147,15:55,ATLANTIQUE,NANTES,PARISLOIRE,FRNTE,15:19,FRACL
5914,2023-08-14,LE MANS,OUI,8147,15:15,ATLANTIQUE,ANGERS ST LAUD,PARISLOIRE,FRACL,14:32,FRAET
5915,2023-08-14,PARIS (intramuros),NON,8147,15:55,ATLANTIQUE,NANTES,PARISLOIRE,FRNTE,13:32,FRPMO
5916,2023-08-14,PARIS (intramuros),NON,8147,14:52,ATLANTIQUE,SABLE SUR SARTHE,PARISLOIRE,FRSAB,13:32,FRPMO
5917,2023-08-14,BRUXELLES MIDI BRUSSEL ZUID,NON,9830,18:56,NORD,MARSEILLE ST CHARLES,JCNORDSUD,FRMSC,13:17,BEBMI
5918,2023-08-14,AIX EN PROVENCE TGV,OUI,9830,18:56,NORD,MARSEILLE ST CHARLES,JCNORDSUD,FRMSC,18:40,FRAIE
5919,2023-08-14,AVIGNON TGV,OUI,9830,18:56,NORD,MARSEILLE ST CHARLES,JCNORDSUD,FRMSC,18:16,FRAVG
5920,2023-08-14,LILLE (intramuros),NON,9830,17:00,NORD,LYON (intramuros),JCNORDSUD,FRLPD,14:03,FRLLE
5921,2023-08-14,LILLE (intramuros),NON,9830,15:09,NORD,MARNE LA VALLEE CHESSY,JCNORDSUD,FRMLV,14:03,FRLLE
5922,2023-08-14,LYON (intramuros),NON,9830,18:13,NORD,AVIGNON TGV,JCNORDSUD,FRAVG,17:06,FRLPD
5923,2023-08-14,LYON (intramuros),NON,9830,18:56,NORD,MARSEILLE ST CHARLES,JCNORDSUD,FRMSC,17:06,FRLPD
5924,2023-08-14,AEROPORT CDG2 TGV ROISSY,NON,9830,17:00,NORD,LYON (intramuros),JCNORDSUD,FRLPD,14:59,FRMLW
5925,2023-08-14,AEROPORT CDG2 TGV ROISSY,NON,9830,15:09,NORD,MARNE LA VALLEE CHESSY,JCNORDSUD,FRMLV,14:59,FRMLW
5926,2023-08-14,AEROPORT CDG2 TGV ROISSY,NON,9830,18:56,NORD,MARSEILLE ST CHARLES,JCNORDSUD,FRMSC,14:59,FRMLW
5927,2023-08-14,CHAMPAGNE-ARDENNE,NON,5486,12:36,EST,ANGERS ST LAUD,JCESTATL,FRACL,08:58,FREAH
5928,2023-08-14,CHAMPAGNE-ARDENNE,NON,5486,09:28,EST,AEROPORT CDG2 TGV ROISSY,JCESTATL,FRMLW,08:58,FREAH
5929,2023-08-14,CHAMPAGNE-ARDENNE,NON,5486,13:19,EST,NANTES,JCESTATL,FRNTE,08:58,FREAH
5930,2023-08-14,LORRAINE TGV,NON,5486,10:34,EST,MASSY TGV,JCESTATL,FRDJU,08:09,FREAM
5931,2023-08-14,LORRAINE TGV,NON,5486,08:47,EST,CHAMPAGNE-ARDENNE,JCESTATL,FREAH,08:09,FREAM
5932,2023-08-14,LORRAINE TGV,NON,5486,13:19,EST,NANTES,JCESTATL,FRNTE,08:09,FREAM
5933,2023-08-14,LORRAINE TGV,NON,5486,11:32,EST,ST PIERRE DES CORPS,JCESTATL,FRXSH,08:09,FREAM
5934,2023-08-14,AEROPORT CDG2 TGV ROISSY,NON,5486,10:34,EST,MASSY TGV,JCESTATL,FRDJU,09:45,FRMLW
5935,2023-08-14,AEROPORT CDG2 TGV ROISSY,NON,5486,13:19,EST,NANTES,JCESTATL,FRNTE,09:45,FRMLW
5936,2023-08-14,ST PIERRE DES CORPS,NON,5486,13:19,EST,NANTES,JCESTATL,FRNTE,11:40,FRXSH
5937,2023-08-14,AIX EN PROVENCE TGV,NON,6124,19:22,SUD EST,PARIS (intramuros),AZURPA,FRPLY,16:19,FRAIE
5938,2023-08-14,MARSEILLE ST CHARLES,NON,6124,16:38,SUD EST,AVIGNON TGV,AZURPA,FRAVG,16:04,FRMSC
5939,2023-08-14,TOULON,NON,6124,16:16,SUD EST,AIX EN PROVENCE TGV,AZURPA,FRAIE,15:07,FRTLN
5940,2023-08-14,HYERES,NON,6124,15:50,SUD EST,MARSEILLE ST CHARLES,AZURPA,FRMSC,14:50,FRXHE
5941,2023-08-14,HYERES,NON,6124,19:22,SUD EST,PARIS (intramuros),AZURPA,FRPLY,14:50,FRXHE
5942,2023-08-14,DIJON VILLE,NON,9898,10:34,EST,BESANCON - F COMTE TGV,JCRHONRHIN,FRTJB,10:08,FRABA
5943,2023-08-14,STRASBOURG,OUI,9898,13:24,EST,METZ VILLE,JCRHONRHIN,FRADE,12:31,FRAEG
5944,2023-08-14,COLMAR,NON,9898,12:24,EST,STRASBOURG,JCRHONRHIN,FRAEG,11:52,FRAEJ
5945,2023-08-14,NIMES,NON,9898,11:49,EST,COLMAR,JCRHONRHIN,FRAEJ,06:57,FRFNI
5946,2023-08-14,LYON (intramuros),NON,9898,10:34,EST,BESANCON - F COMTE TGV,JCRHONRHIN,FRTJB,08:30,FRLPD
5947,2023-08-14,MONTPELLIER SAINT-ROCH,OUI,9898,06:54,EST,NIMES,JCRHONRHIN,FRFNI,06:29,FRMPL
5948,2023-08-14,MONTPELLIER SAINT-ROCH,NON,9898,10:34,EST,BESANCON - F COMTE TGV,JCRHONRHIN,FRTJB,06:29,FRMPL
5949,2023-08-14,BELFORT-MONTBELIARD TGV,NON,9898,13:24,EST,METZ VILLE,JCRHONRHIN,FRADE,10:59,FRTJA
5950,2023-08-14,BELFORT-MONTBELIARD TGV,NON,9898,11:49,EST,COLMAR,JCRHONRHIN,FRAEJ,10:59,FRTJA
5951,2023-08-14,BESANCON - F COMTE TGV,NON,9898,13:24,EST,METZ VILLE,JCRHONRHIN,FRADE,10:36,FRTJB
5952,2023-08-14,BESANCON - F COMTE TGV,NON,9898,11:49,EST,COLMAR,JCRHONRHIN,FRAEJ,10:36,FRTJB
5953,2023-08-14,VALENCE TGV RHONE-ALPES SUD,NON,9898,09:58,EST,DIJON VILLE,JCRHONRHIN,FRABA,07:44,FRVLA
5954,2023-08-14,VALENCE TGV RHONE-ALPES SUD,NON,9898,11:21,EST,MULHOUSE VILLE,JCRHONRHIN,FRAEK,07:44,FRVLA
5955,2023-08-14,VALENCE TGV RHONE-ALPES SUD,NON,9898,14:15,EST,LUXEMBOURG,JCRHONRHIN,LULUX,07:44,FRVLA
5956,2023-08-14,NIMES,NON,6823,14:44,SUD EST,BEZIERS,JCPROVSUD,FRBZR,13:37,FRFNI
5957,2023-08-14,MONTPELLIER SAINT-ROCH,NON,6823,15:31,SUD EST,CARCASSONNE,JCPROVSUD,FRCCF,14:09,FRMPL
5958,2023-08-14,VALENCE TGV RHONE-ALPES SUD,NON,6823,14:44,SUD EST,BEZIERS,JCPROVSUD,FRBZR,12:50,FRVLA
5959,2023-08-14,NARBONNE,NON,6823,16:19,SUD EST,TOULOUSE MATABIAU,JCPROVSUD,FRXYT,15:03,FRXNA
5960,2023-08-14,LUCON,NON,3837,22:08,IC SRO,BORDEAUX ST JEAN,NANTEBORDO,FRBOJ,19:00,FRLCN
5961,2023-08-14,LA ROCHELLE VILLE,NON,3837,22:08,IC SRO,BORDEAUX ST JEAN,NANTEBORDO,FRBOJ,19:43,FRLRH
5962,2023-08-14,LA ROCHELLE VILLE,NON,3837,20:32,IC SRO,SAINTES,NANTEBORDO,FRXST,19:43,FRLRH
5963,2023-08-14,NANTES,NON,3837,22:08,IC SRO,BORDEAUX ST JEAN,NANTEBORDO,FRBOJ,17:55,FRNTE
5964,2023-08-14,ROCHEFORT,NON,3837,22:08,IC SRO,BORDEAUX ST JEAN,NANTEBORDO,FRBOJ,20:05,FRRCO
5965,2023-08-14,LA ROCHE SUR YON,NON,3837,22:08,IC SRO,BORDEAUX ST JEAN,NANTEBORDO,FRBOJ,18:36,FRXRO
5966,2023-08-14,SAINTES,NON,3837,21:10,IC SRO,JONZAC,NANTEBORDO,FREMR,20:34,FRXST
5967,2023-08-14,PARIS (intramuros),NON,6607,10:56,SUD EST,LYON (intramuros),PARISRHONE,FRLPD,09:00,FRPLY
5968,2023-08-14,LYON (intramuros),OUI,6613,14:10,SUD EST,LYON (intramuros),PARISRHONE,FRLPE,14:02,FRLPD
5969,2023-08-14,PARIS (intramuros),NON,6613,13:56,SUD EST,LYON (intramuros),PARISRHONE,FRLPD,11:52,FRPLY
5970,2023-08-14,LE CREUSOT MONTCEAU MONTCHANIN,NON,6613,13:56,SUD EST,LYON (intramuros),PARISRHONE,FRLPD,13:13,FRXCC
5971,2023-08-14,CANNES,NON,6852,19:14,SUD EST,TOULON,JCSUDPROV,FRTLN,17:59,FRJCA
5972,2023-08-14,NICE VILLE,NON,6852,20:29,SUD EST,AIX EN PROVENCE TGV,JCSUDPROV,FRAIE,17:27,FRNIC
5973,2023-08-14,NICE VILLE,NON,6852,22:14,SUD EST,LYON (intramuros),JCSUDPROV,FRLPD,17:27,FRNIC
5974,2023-08-14,NICE VILLE,NON,6852,19:14,SUD EST,TOULON,JCSUDPROV,FRTLN,17:27,FRNIC
5975,2023-08-14,NICE VILLE,NON,6852,21:27,SUD EST,VALENCE TGV RHONE-ALPES SUD,JCSUDPROV,FRVLA,17:27,FRNIC
5976,2023-08-14,TOULON,NON,6852,20:04,SUD EST,MARSEILLE ST CHARLES,JCSUDPROV,FRMSC,19:18,FRTLN
5977,2023-08-14,ANTIBES,NON,6852,22:14,SUD EST,LYON (intramuros),JCSUDPROV,FRLPD,17:45,FRXAT
5978,2023-08-14,LILLE (intramuros),NON,5240,19:04,NORD,MASSY TGV,JCNORDAQUI,FRDJU,17:16,FRADJ
5979,2023-08-14,MARNE LA VALLEE CHESSY,NON,5240,20:06,NORD,ST PIERRE DES CORPS,JCNORDAQUI,FRXSH,18:32,FRMLV
5980,2023-08-14,AEROPORT CDG2 TGV ROISSY,NON,5240,20:40,NORD,POITIERS,JCNORDAQUI,FRPIS,18:18,FRMLW
5981,2023-08-14,POITIERS,OUI,5240,21:21,NORD,ANGOULEME,JCNORDAQUI,FRANG,20:43,FRPIS
5982,2023-08-14,ST PIERRE DES CORPS,OUI,5240,21:21,NORD,ANGOULEME,JCNORDAQUI,FRANG,20:10,FRXSH
5983,2023-08-14,AIX EN PROVENCE TGV,OUI,6112,09:39,SUD EST,AVIGNON TGV,PROVENCEPA,FRAVG,09:18,FRAIE
5984,2023-08-14,AVIGNON TGV,OUI,6112,12:22,SUD EST,PARIS (intramuros),PROVENCEPA,FRPLY,09:42,FRAVG
5985,2023-08-14,AIX EN PROVENCE TGV,OUI,6150,07:01,SUD EST,AVIGNON TGV,AZURPA,FRAVG,06:41,FRAIE
5986,2023-08-14,TOULON,OUI,6150,07:01,SUD EST,AVIGNON TGV,AZURPA,FRAVG,05:50,FRTLN
5987,2023-08-14,TOULON,OUI,6150,09:46,SUD EST,PARIS (intramuros),AZURPA,FRPLY,05:50,FRTLN
5988,2023-08-14,BORDEAUX ST JEAN,OUI,8473,14:10,ATLANTIQUE,ARCACHON,PASUDOUEST,FRXAC,13:24,FRBOJ
5989,2023-08-14,PARIS (intramuros),NON,8473,13:46,ATLANTIQUE,FACTURE BIGANOS,PASUDOUEST,FRFAC,11:08,FRPMO
5990,2023-08-14,BEZIERS,OUI,6225,22:56,SUD EST,PERPIGNAN,PALANG,FRPGF,22:06,FRBZR
5991,2023-08-14,NIMES,OUI,6225,22:20,SUD EST,NARBONNE,PALANG,FRXNA,20:46,FRFNI
5992,2023-08-14,MONTPELLIER SAINT-ROCH,OUI,6225,22:03,SUD EST,BEZIERS,PALANG,FRBZR,21:17,FRMPL
5993,2023-08-14,PARIS (intramuros),NON,6225,22:56,SUD EST,PERPIGNAN,PALANG,FRPGF,17:42,FRPLY
5994,2023-08-14,PARIS (intramuros),NON,6225,22:20,SUD EST,NARBONNE,PALANG,FRXNA,17:42,FRPLY
5995,2023-08-14,VALENCE TGV RHONE-ALPES SUD,NON,6225,20:42,SUD EST,NIMES,PALANG,FRFNI,19:57,FRVLA
5996,2023-08-14,VALENCE TGV RHONE-ALPES SUD,NON,6225,22:20,SUD EST,NARBONNE,PALANG,FRXNA,19:57,FRVLA
5997,2023-08-14,STRASBOURG,OUI,2404,08:35,EST,PARIS (intramuros),MULHSTRAPA,FRPST,06:40,FRAEG
5998,2023-08-14,MEUSE TGV,OUI,2404,08:35,EST,PARIS (intramuros),MULHSTRAPA,FRPST,07:33,FREAJ
5999,2023-08-14,LAVAL,NON,5280,12:57,NORD,LE MANS,JCBRETNORD,FRAET,12:28,FRACR
6000,2023-08-14,LAVAL,NON,5280,14:41,NORD,AEROPORT CDG2 TGV ROISSY,JCBRETNORD,FRMLW,12:28,FRACR
6001,2023-08-14,LE MANS,NON,5280,15:49,NORD,LILLE (intramuros),JCBRETNORD,FRLLE,13:00,FRAET
6002,2023-08-14,LE MANS,NON,5280,14:27,NORD,MARNE LA VALLEE CHESSY,JCBRETNORD,FRMLV,13:00,FRAET
6003,2023-08-14,RENNES,NON,5280,13:49,NORD,MASSY TGV,JCBRETNORD,FRDJU,12:00,FRRNS
6004,2023-08-14,LYON-SAINT EXUPERY TGV,OUI,6195,20:57,SUD EST,AVIGNON CENTRE,PAVDR,FRAES,19:13,FRJDQ
6005,2023-08-14,VALENCE VILLE,OUI,6195,20:57,SUD EST,AVIGNON CENTRE,PAVDR,FRAES,19:49,FRVAF
6006,2023-08-14,VALENCE VILLE,OUI,6195,20:38,SUD EST,ORANGE,PAVDR,FRXOG,19:49,FRVAF
6007,2023-08-14,ORANGE,OUI,6195,21:18,SUD EST,ARLES,PAVDR,FRHZA,20:41,FRXOG
6008,2023-08-14,PARIS (intramuros),NON,8725,17:55,ATLANTIQUE,LORIENT,PARISBRETA,FRLRT,14:59,FRPMO
6009,2023-08-14,PARIS (intramuros),NON,8725,18:25,ATLANTIQUE,ROSPORDEN,PARISBRETA,FRRSP,14:59,FRPMO
6010,2023-08-14,PARIS (intramuros),NON,8725,17:24,ATLANTIQUE,VANNES,PARISBRETA,FRVNE,14:59,FRPMO
6011,2023-08-14,VANNES,OUI,8725,18:40,ATLANTIQUE,QUIMPER,PARISBRETA,FRUIP,17:27,FRVNE
6012,2023-08-14,ANDORRE - L'HOSPITALET,NON,3972,07:19,IC NUIT,PARIS (intramuros),PALOMBEPAR,FRPAZ,19:50,FRFQG
6013,2023-08-14,MERENS LES VALS,NON,3972,06:08,IC NUIT,LES AUBRAIS ORLEANS,PALOMBEPAR,FRLAB,20:07,FRFQH
6014,2023-08-14,LES CABANNES,NON,3972,07:19,IC NUIT,PARIS (intramuros),PALOMBEPAR,FRPAZ,20:42,FRFQK
6015,2023-08-14,TARASCON SUR ARIEGE,NON,3972,07:19,IC NUIT,PARIS (intramuros),PALOMBEPAR,FRPAZ,20:52,FRFQM
6016,2023-08-14,ST PIERRE DES CORPS,OUI,8432,10:01,ATLANTIQUE,PARIS (intramuros),SUDOUESTPA,FRPMO,08:54,FRXSH
6017,2023-08-14,DOLE VILLE,OUI,6743,17:27,SUD EST,BESANCON VIOTTE,PABOUR,FRABG,17:01,FRACE
6018,2023-08-14,PARIS (intramuros),NON,6743,17:27,SUD EST,BESANCON VIOTTE,PABOUR,FRABG,14:52,FRPLY
6019,2023-08-14,PARIS (intramuros),NON,6743,16:58,SUD EST,DOLE VILLE,PABOUR,FRACE,14:52,FRPLY
6020,2023-08-14,PARIS (intramuros),OUI,7297,23:38,NORD,LILLE (intramuros),PAARRAS,FRADJ,22:25,FRPNO
6021,2023-08-14,PARIS (intramuros),OUI,7065,19:18,NORD,LILLE (intramuros),PALILLE,FRADJ,18:16,FRPNO
6022,2023-08-14,VALLORBE,NON,9268,13:57,INTERNATIONAL,DOLE VILLE,SUISPA,FRACE,13:00,CHAGL
6023,2023-08-14,VALLORBE,NON,9268,16:04,INTERNATIONAL,PARIS (intramuros),SUISPA,FRPLY,13:00,CHAGL
6024,2023-08-14,DOLE VILLE,NON,9268,16:04,INTERNATIONAL,PARIS (intramuros),SUISPA,FRPLY,14:00,FRACE
6025,2023-08-14,FRASNE,OUI,9268,14:24,INTERNATIONAL,DIJON VILLE,SUISPA,FRABA,13:15,FRFRA
6026,2023-08-14,BRUXELLES MIDI BRUSSEL ZUID,NON,9826,11:53,NORD,AEROPORT CDG2 TGV ROISSY,JCNORDSUD,FRMLW,10:17,BEBMI
6027,2023-08-14,AEROPORT CDG2 TGV ROISSY,NON,9826,14:48,NORD,VALENCE TGV RHONE-ALPES SUD,JCNORDSUD,FRVLA,11:59,FRMLW
6028,2023-08-14,BRUXELLES MIDI BRUSSEL ZUID,NON,9826,15:30,NORD,NIMES PONT DU GARD,JCNORDSUD,FRXZP,10:17,BEBMI
6029,2023-08-14,CARCASSONNE,NON,4760,17:33,IC ARO,BORDEAUX ST JEAN,TJOURSESO,FRBOJ,14:34,FRCCF
6030,2023-08-14,CARCASSONNE,NON,4760,15:16,IC ARO,TOULOUSE MATABIAU,TJOURSESO,FRXYT,14:34,FRCCF
6031,2023-08-14,NIMES,NON,4760,15:48,IC ARO,MONTAUBAN VILLE BOURBON,TJOURSESO,FRXMW,12:38,FRFNI
6032,2023-08-14,ARLES,NON,4760,14:32,IC ARO,CARCASSONNE,TJOURSESO,FRCCF,12:09,FRHZA
6033,2023-08-14,ARLES,NON,4760,13:20,IC ARO,SETE,TJOURSESO,FRXSY,12:09,FRHZA
6034,2023-08-14,NARBONNE,NON,4760,17:33,IC ARO,BORDEAUX ST JEAN,TJOURSESO,FRBOJ,14:04,FRXNA
6035,2023-08-14,NARBONNE,NON,4760,15:16,IC ARO,TOULOUSE MATABIAU,TJOURSESO,FRXYT,14:04,FRXNA
6036,2023-08-14,SETE,NON,4760,15:16,IC ARO,TOULOUSE MATABIAU,TJOURSESO,FRXYT,13:22,FRXSY
6037,2023-08-14,GUINGAMP,OUI,8623,18:37,ATLANTIQUE,BREST,PARISBRETA,FRBES,17:35,FRGGP
6038,2023-08-14,COLMAR,OUI,2350,07:56,EST,LORRAINE TGV,MULHSTRAPA,FREAM,06:38,FRAEJ
6039,2023-08-14,SELESTAT,OUI,2350,07:56,EST,LORRAINE TGV,MULHSTRAPA,FREAM,06:52,FRXSQ
6040,2023-08-14,ANGERS ST LAUD,NON,8926,20:29,ATLANTIQUE,PARIS (intramuros),LOIREPARIS,FRPMO,18:44,FRACL
6041,2023-08-14,LE CROISIC,NON,8926,18:41,ATLANTIQUE,ANGERS ST LAUD,LOIREPARIS,FRACL,16:55,FREGU
6042,2023-08-14,LE CROISIC,OUI,8926,17:21,ATLANTIQUE,ST NAZAIRE,LOIREPARIS,FRSNR,16:55,FREGU
6043,2023-08-14,SABLE SUR SARTHE,NON,8926,20:29,ATLANTIQUE,PARIS (intramuros),LOIREPARIS,FRPMO,19:07,FRSAB
6044,2023-08-14,ST NAZAIRE,NON,8926,19:28,ATLANTIQUE,LE MANS,LOIREPARIS,FRAET,17:24,FRSNR
6045,2023-08-14,ST NAZAIRE,NON,8926,19:04,ATLANTIQUE,SABLE SUR SARTHE,LOIREPARIS,FRSAB,17:24,FRSNR
6046,2023-08-14,LAVAL,OUI,8082,08:44,ATLANTIQUE,PARIS (intramuros),BRETAPARIS,FRPMO,07:14,FRACR
6047,2023-08-14,LE MANS,OUI,8082,08:44,ATLANTIQUE,PARIS (intramuros),BRETAPARIS,FRPMO,07:45,FRAET
6048,2023-08-14,DOL DE BRETAGNE,OUI,8082,07:42,ATLANTIQUE,LE MANS,BRETAPARIS,FRAET,06:09,FRDOL
6049,2023-08-14,RENNES,OUI,8082,08:44,ATLANTIQUE,PARIS (intramuros),BRETAPARIS,FRPMO,06:46,FRRNS
6050,2023-08-14,ST MALO,OUI,8082,08:44,ATLANTIQUE,PARIS (intramuros),BRETAPARIS,FRPMO,05:54,FRXSB
6051,2023-08-14,PAU,NON,14140,10:30,IC SRO,TOULOUSE MATABIAU,SUDOUEST,FRXYT,08:11,FRAEE
6052,2023-08-14,ST GAUDENS,NON,14140,10:30,IC SRO,TOULOUSE MATABIAU,SUDOUEST,FRXYT,09:37,FRFPH
6053,2023-08-14,ORTHEZ,NON,14140,08:08,IC SRO,PAU,SUDOUEST,FRAEE,07:47,FRGFI
6054,2023-08-14,ORTHEZ,NON,14140,08:52,IC SRO,TARBES,SUDOUEST,FRXTB,07:47,FRGFI
6055,2023-08-14,LOURDES,NON,14140,08:52,IC SRO,TARBES,SUDOUEST,FRXTB,08:39,FRLDE
6056,2023-08-14,BAYONNE,NON,14140,09:35,IC SRO,ST GAUDENS,SUDOUEST,FRFPH,07:00,FRXBY
6057,2023-08-14,BAYONNE,NON,14140,08:52,IC SRO,TARBES,SUDOUEST,FRXTB,07:00,FRXBY
6058,2023-08-14,LYON (intramuros),OUI,5192,19:44,NORD,LILLE (intramuros),JCSUDNORD,FRADJ,16:00,FRLPD
6059,2023-08-14,LYON (intramuros),OUI,5192,19:14,NORD,DOUAI,JCSUDNORD,FRXDN,16:00,FRLPD
6060,2023-08-14,LYON (intramuros),OUI,5192,15:54,NORD,LYON (intramuros),JCSUDNORD,FRLPD,15:46,FRLPE
6061,2023-08-14,MARNE LA VALLEE CHESSY,OUI,5192,18:56,NORD,ARRAS,JCSUDNORD,FRQRV,17:51,FRMLV
6062,2023-08-14,AEROPORT CDG2 TGV ROISSY,OUI,5192,18:56,NORD,ARRAS,JCSUDNORD,FRQRV,18:07,FRMLW
6063,2023-08-14,AEROPORT CDG2 TGV ROISSY,OUI,5192,19:14,NORD,DOUAI,JCSUDNORD,FRXDN,18:07,FRMLW
6064,2023-08-14,LYON (intramuros),OUI,5192,19:14,NORD,DOUAI,JCSUDNORD,FRXDN,15:46,FRLPE
6065,2023-08-14,LAVAL,NON,5336,16:30,SUD EST,LYON (intramuros),JCATLSUD,FRLPD,12:58,FRACR
6066,2023-08-14,RENNES,NON,5336,12:55,SUD EST,LAVAL,JCATLSUD,FRACR,12:30,FRRNS
6067,2023-08-14,RENNES,NON,5336,13:27,SUD EST,LE MANS,JCATLSUD,FRAET,12:30,FRRNS
6068,2023-08-14,DIJON VILLE,NON,2203,12:24,EST,NIMES,JCRHINRHON,FRFNI,09:21,FRABA
6069,2023-08-14,STRASBOURG,OUI,2203,07:48,EST,MULHOUSE VILLE,JCRHINRHON,FRAEK,06:47,FRAEG
6070,2023-08-14,STRASBOURG,OUI,2203,08:38,EST,BESANCON - F COMTE TGV,JCRHINRHON,FRTJB,06:47,FRAEG
6071,2023-08-14,BELFORT-MONTBELIARD TGV,NON,2203,09:54,EST,CHALON SUR SAONE,JCRHINRHON,FRXCD,08:17,FRTJA
6072,2023-08-14,CHALON SUR SAONE,NON,2203,12:24,EST,NIMES,JCRHINRHON,FRFNI,09:56,FRXCD
6073,2023-08-14,PARIS (intramuros),NON,6051,13:57,SUD EST,VALENCE TGV RHONE-ALPES SUD,PALANG,FRVLA,11:46,FRPLY
6074,2023-08-14,PARIS (intramuros),NON,6051,14:36,SUD EST,NIMES PONT DU GARD,PALANG,FRXZP,11:46,FRPLY
6075,2023-08-14,MEUSE TGV,NON,2540,14:42,EST,PARIS (intramuros),NANCYPA,FRPST,13:32,FREAJ
6076,2023-08-14,ANGERS ST LAUD,NON,4402,07:30,IC SRO,SAUMUR,JOURNTELYN,FRACN,07:10,FRACL
6077,2023-08-14,ANGERS ST LAUD,NON,4402,11:05,IC SRO,MOULINS SUR ALLIER,JOURNTELYN,FRXMU,07:10,FRACL
6078,2023-08-14,ANGERS ST LAUD,NON,4402,09:15,IC SRO,VIERZON VILLE,JOURNTELYN,FRXVZ,07:10,FRACL
6079,2023-08-14,SAUMUR,NON,4402,09:44,IC SRO,BOURGES,JOURNTELYN,FRBOU,07:32,FRACN
6080,2023-08-14,BOURGES,NON,4402,13:22,IC SRO,LYON (intramuros),JOURNTELYN,FRLPE,09:46,FRBOU
6081,2023-08-14,NANTES,NON,4402,12:05,IC SRO,ROANNE,JOURNTELYN,FRRNE,06:26,FRNTE
6082,2023-08-14,NANTES,NON,4402,11:26,IC SRO,ST GERMAIN DES FOSSES,JOURNTELYN,FRSGF,06:26,FRNTE
6083,2023-08-14,NEVERS,NON,4402,11:26,IC SRO,ST GERMAIN DES FOSSES,JOURNTELYN,FRSGF,10:37,FRNVS
6084,2023-08-14,NEVERS,NON,4402,11:05,IC SRO,MOULINS SUR ALLIER,JOURNTELYN,FRXMU,10:37,FRNVS
6085,2023-08-14,ROANNE,NON,4402,13:10,IC SRO,LYON (intramuros),JOURNTELYN,FRLPD,12:08,FRRNE
6086,2023-08-14,ST PIERRE DES CORPS,NON,4402,09:44,IC SRO,BOURGES,JOURNTELYN,FRBOU,08:09,FRXSH
6087,2023-08-14,ST PIERRE DES CORPS,NON,4402,13:10,IC SRO,LYON (intramuros),JOURNTELYN,FRLPD,08:09,FRXSH
6088,2023-08-14,ST PIERRE DES CORPS,NON,4402,13:22,IC SRO,LYON (intramuros),JOURNTELYN,FRLPE,08:09,FRXSH
6089,2023-08-14,ST PIERRE DES CORPS,NON,4402,12:05,IC SRO,ROANNE,JOURNTELYN,FRRNE,08:09,FRXSH
6090,2023-08-14,VIERZON VILLE,NON,4402,09:44,IC SRO,BOURGES,JOURNTELYN,FRBOU,09:19,FRXVZ
6091,2023-08-14,VIERZON VILLE,NON,4402,10:23,IC SRO,NEVERS,JOURNTELYN,FRNVS,09:19,FRXVZ
6092,2023-08-14,VIERZON VILLE,NON,4402,11:05,IC SRO,MOULINS SUR ALLIER,JOURNTELYN,FRXMU,09:19,FRXVZ
6093,2023-08-14,PARIS (intramuros),OUI,6621,18:17,SUD EST,LYON (intramuros),PARISRHONE,FRLPE,15:52,FRPLY
6094,2023-08-14,REMIREMONT,NON,2574,08:46,EST,PARIS (intramuros),NANCYPA,FRPST,06:00,FRRNT
6095,2023-08-14,FRANKFURT MAIN HBF,NON,9556,09:39,INTERNATIONAL,MANNHEIM HBF,FRANCPA,DEMHG,08:56,DEFRH
6096,2023-08-14,KAISERSLAUTERN HBF,NON,9556,11:00,INTERNATIONAL,SARREBRUCK/SAARBRUECKEN,FRANCPA,DESBK,10:22,DEKLT
6097,2023-08-14,CLERMONT FERRAND,OUI,5982,18:58,IC ARO,NEVERS,CLERMONTPA,FRNVS,17:31,FRCFE
6098,2023-08-14,CLERMONT FERRAND,OUI,5982,18:04,IC ARO,VICHY,CLERMONTPA,FRVHY,17:31,FRCFE
6099,2023-08-14,CLERMONT FERRAND,OUI,5982,18:29,IC ARO,MOULINS SUR ALLIER,CLERMONTPA,FRXMU,17:31,FRCFE
6100,2023-08-14,RIOM CHATEL GUYON,OUI,5982,18:58,IC ARO,NEVERS,CLERMONTPA,FRNVS,17:42,FRRIO
6101,2023-08-14,RIOM CHATEL GUYON,OUI,5982,18:29,IC ARO,MOULINS SUR ALLIER,CLERMONTPA,FRXMU,17:42,FRRIO
6102,2023-08-14,AIX EN PROVENCE TGV,NON,6805,12:39,SUD EST,ANTIBES,JCPROVSUD,FRXAT,09:51,FRAIE
6103,2023-08-14,AVIGNON TGV,NON,6805,11:06,SUD EST,TOULON,JCPROVSUD,FRTLN,09:29,FRAVG
6104,2023-08-14,LYON (intramuros),NON,6805,12:58,SUD EST,NICE VILLE,JCPROVSUD,FRNIC,08:06,FRLPD
6105,2023-08-14,LYON (intramuros),OUI,6805,08:47,SUD EST,VALENCE TGV RHONE-ALPES SUD,JCPROVSUD,FRVLA,08:06,FRLPD
6106,2023-08-14,TOULON,NON,6805,12:26,SUD EST,CANNES,JCPROVSUD,FRJCA,11:11,FRTLN
6107,2023-08-14,TOULON,NON,6805,12:39,SUD EST,ANTIBES,JCPROVSUD,FRXAT,11:11,FRTLN
6108,2023-08-14,VALENCE TGV RHONE-ALPES SUD,NON,6805,09:48,SUD EST,AIX EN PROVENCE TGV,JCPROVSUD,FRAIE,08:53,FRVLA
6109,2023-08-14,ST RAPHAEL VALESCURE,OUI,6805,12:58,SUD EST,NICE VILLE,JCPROVSUD,FRNIC,12:05,FRXSK
6110,2023-08-14,LES SABLES D'OLONNE,OUI,8984,16:56,ATLANTIQUE,NANTES,LOIREPARIS,FRNTE,15:44,FRLSO
6111,2023-08-14,LA ROCHE SUR YON,NON,8984,19:14,ATLANTIQUE,PARIS (intramuros),LOIREPARIS,FRPMO,16:10,FRXRO
6112,2023-08-14,LIMOGES BENEDICTINS,NON,3605,12:39,IC ARO,CAUSSADE TARN ET GARONNE,PALITO,FRFTA,09:58,FRAGQ
6113,2023-08-14,BRIVE LA GAILLARDE,NON,3605,12:39,IC ARO,CAUSSADE TARN ET GARONNE,PALITO,FRFTA,11:03,FRBVE
6114,2023-08-14,CHATEAUROUX,NON,3605,12:39,IC ARO,CAUSSADE TARN ET GARONNE,PALITO,FRFTA,08:45,FRCHR
6115,2023-08-14,CHATEAUROUX,NON,3605,13:23,IC ARO,TOULOUSE MATABIAU,PALITO,FRXYT,08:45,FRCHR
6116,2023-08-14,CAUSSADE TARN ET GARONNE,NON,3605,12:54,IC ARO,MONTAUBAN VILLE BOURBON,PALITO,FRXMW,12:40,FRFTA
6117,2023-08-14,LES AUBRAIS ORLEANS,NON,3605,09:21,IC ARO,LA SOUTERRAINE,PALITO,FRLST,07:36,FRLAB
6118,2023-08-14,SOUILLAC,NON,3605,12:39,IC ARO,CAUSSADE TARN ET GARONNE,PALITO,FRFTA,11:30,FRSOU
6119,2023-08-14,MONTAUBAN VILLE BOURBON,NON,3605,13:23,IC ARO,TOULOUSE MATABIAU,PALITO,FRXYT,12:56,FRXMW
6120,2023-08-14,VIERZON VILLE,NON,3605,08:43,IC ARO,CHATEAUROUX,PALITO,FRCHR,08:14,FRXVZ
6121,2023-08-14,VIERZON VILLE,NON,3605,12:12,IC ARO,CAHORS,PALITO,FRZAO,08:14,FRXVZ
6122,2023-08-14,CAHORS,NON,3605,12:39,IC ARO,CAUSSADE TARN ET GARONNE,PALITO,FRFTA,12:14,FRZAO
6123,2023-08-14,CAHORS,NON,3605,13:23,IC ARO,TOULOUSE MATABIAU,PALITO,FRXYT,12:14,FRZAO
6124,2023-08-14,LA SOUTERRAINE,NON,3605,12:54,IC ARO,MONTAUBAN VILLE BOURBON,PALITO,FRXMW,09:23,FRLST
6125,2023-08-14,MONTPELLIER SUD DE FRANCE,NON,6048,15:04,SUD EST,PARIS (intramuros),LANGPA,FRPLY,11:52,FRSUF
6126,2023-08-14,LA SOUTERRAINE,OUI,3674,18:54,IC ARO,ARGENTON SUR CREUSE,TOULOUZECO,FRFMT,18:31,FRLST
6127,2023-08-14,LA SOUTERRAINE,NON,3674,21:20,IC ARO,PARIS (intramuros),TOULOUZECO,FRPAZ,18:31,FRLST
6128,2023-08-14,LE MANS,NON,5460,21:04,EST,STRASBOURG,JCATLEST,FRAEG,16:57,FRAET
6129,2023-08-14,LE MANS,NON,5460,18:37,EST,AEROPORT CDG2 TGV ROISSY,JCATLEST,FRMLW,16:57,FRAET
6130,2023-08-14,MASSY TGV,NON,5460,21:04,EST,STRASBOURG,JCATLEST,FRAEG,17:54,FRDJU
6131,2023-08-14,MASSY TGV,NON,5460,19:29,EST,CHAMPAGNE-ARDENNE,JCATLEST,FREAH,17:54,FRDJU
6132,2023-08-14,CHAMPAGNE-ARDENNE,OUI,5460,21:04,EST,STRASBOURG,JCATLEST,FRAEG,19:35,FREAH
6133,2023-08-14,MARNE LA VALLEE CHESSY,NON,5460,19:29,EST,CHAMPAGNE-ARDENNE,JCATLEST,FREAH,18:28,FRMLV
6134,2023-08-14,MARNE LA VALLEE CHESSY,NON,5460,18:37,EST,AEROPORT CDG2 TGV ROISSY,JCATLEST,FRMLW,18:28,FRMLV
6135,2023-08-14,AEROPORT CDG2 TGV ROISSY,NON,5460,21:04,EST,STRASBOURG,JCATLEST,FRAEG,18:53,FRMLW
6136,2023-08-14,RENNES,NON,5460,21:04,EST,STRASBOURG,JCATLEST,FRAEG,16:03,FRRNS
6137,2023-08-14,RENNES,NON,5460,20:25,EST,LORRAINE TGV,JCATLEST,FREAM,16:03,FRRNS
6138,2023-08-14,RENNES,NON,5460,18:23,EST,MARNE LA VALLEE CHESSY,JCATLEST,FRMLV,16:03,FRRNS
6139,2023-08-14,RENNES,NON,5460,20:00,EST,MEUSE TGV,JCATLEST,FREAJ,16:03,FRRNS
6140,2023-08-14,ANGERS ST LAUD,NON,8972,13:25,ATLANTIQUE,PARIS (intramuros),LOIREPARIS,FRPMO,11:45,FRACL
6141,2023-08-14,NANTES,NON,8972,12:23,ATLANTIQUE,LE MANS,LOIREPARIS,FRAET,11:05,FRNTE
6142,2023-08-14,PARIS (intramuros),OUI,8431,08:23,ATLANTIQUE,ANGOULEME,PASUDOUEST,FRANG,06:00,FRPMO
6143,2023-08-14,ST PIERRE DES CORPS,OUI,8431,07:40,ATLANTIQUE,POITIERS,PASUDOUEST,FRPIS,07:10,FRXSH
6144,2023-08-14,ANGERS ST LAUD,NON,4406,15:51,IC SRO,SAUMUR,JOURNTELYN,FRACN,15:28,FRACL
6145,2023-08-14,ANGERS ST LAUD,NON,4406,17:57,IC SRO,BOURGES,JOURNTELYN,FRBOU,15:28,FRACL
6146,2023-08-14,ANGERS ST LAUD,NON,4406,21:18,IC SRO,LYON (intramuros),JOURNTELYN,FRLPD,15:28,FRACL
6147,2023-08-14,ANGERS ST LAUD,NON,4406,19:12,IC SRO,MOULINS SUR ALLIER,JOURNTELYN,FRXMU,15:28,FRACL
6148,2023-08-14,ANGERS ST LAUD,NON,4406,17:38,IC SRO,VIERZON VILLE,JOURNTELYN,FRXVZ,15:28,FRACL
6149,2023-08-14,SAUMUR,NON,4406,21:18,IC SRO,LYON (intramuros),JOURNTELYN,FRLPD,15:53,FRACN
6150,2023-08-14,SAUMUR,NON,4406,18:35,IC SRO,NEVERS,JOURNTELYN,FRNVS,15:53,FRACN
6151,2023-08-14,BOURGES,NON,4406,21:18,IC SRO,LYON (intramuros),JOURNTELYN,FRLPD,17:59,FRBOU
6152,2023-08-14,BOURGES,NON,4406,18:35,IC SRO,NEVERS,JOURNTELYN,FRNVS,17:59,FRBOU
6153,2023-08-14,BOURGES,NON,4406,20:13,IC SRO,ROANNE,JOURNTELYN,FRRNE,17:59,FRBOU
6154,2023-08-14,LYON (intramuros),NON,4406,21:30,IC SRO,LYON (intramuros),JOURNTELYN,FRLPE,21:22,FRLPD
6155,2023-08-14,NANTES,NON,4406,17:57,IC SRO,BOURGES,JOURNTELYN,FRBOU,14:47,FRNTE
6156,2023-08-14,NANTES,NON,4406,17:38,IC SRO,VIERZON VILLE,JOURNTELYN,FRXVZ,14:47,FRNTE
6157,2023-08-14,NEVERS,NON,4406,21:18,IC SRO,LYON (intramuros),JOURNTELYN,FRLPD,18:45,FRNVS
6158,2023-08-14,MOULINS SUR ALLIER,NON,4406,21:30,IC SRO,LYON (intramuros),JOURNTELYN,FRLPE,19:14,FRXMU
6159,2023-08-14,ST PIERRE DES CORPS,NON,4406,18:35,IC SRO,NEVERS,JOURNTELYN,FRNVS,16:35,FRXSH
6160,2023-08-14,VIERZON VILLE,NON,4406,17:57,IC SRO,BOURGES,JOURNTELYN,FRBOU,17:40,FRXVZ
6161,2023-08-14,VIERZON VILLE,NON,4406,21:30,IC SRO,LYON (intramuros),JOURNTELYN,FRLPE,17:40,FRXVZ
6162,2023-08-14,VIERZON VILLE,NON,4406,18:35,IC SRO,NEVERS,JOURNTELYN,FRNVS,17:40,FRXVZ
6163,2023-08-14,GENEVE,NON,9756,11:33,INTERNATIONAL,AVIGNON TGV,GENEVEMED,FRAVG,08:41,CHGVA
6164,2023-08-14,AVIGNON TGV,NON,9756,12:11,INTERNATIONAL,MARSEILLE ST CHARLES,GENEVEMED,FRMSC,11:36,FRAVG
6165,2023-08-14,LYON (intramuros),NON,9756,11:55,INTERNATIONAL,AIX EN PROVENCE TGV,GENEVEMED,FRAIE,10:28,FRLPD
6166,2023-08-14,BELLEGARDE,NON,9756,11:33,INTERNATIONAL,AVIGNON TGV,GENEVEMED,FRAVG,09:12,FRXBF
6167,2023-08-14,LAUSANNE,NON,9756,11:33,INTERNATIONAL,AVIGNON TGV,GENEVEMED,FRAVG,07:45,CHAJF
6168,2023-08-14,LAUSANNE,NON,9756,10:22,INTERNATIONAL,LYON (intramuros),GENEVEMED,FRLPD,07:45,CHAJF
6169,2023-08-14,LAUSANNE,NON,9756,11:55,INTERNATIONAL,AIX EN PROVENCE TGV,GENEVEMED,FRAIE,07:45,CHAJF
6170,2023-08-14,CHARLEVILLE MEZIERES,OUI,2714,08:09,EST,REIMS,SEDBARPA,FRRHE,07:15,FRXCZ
6171,2023-08-14,SEDAN,OUI,2714,07:03,EST,CHARLEVILLE MEZIERES,SEDBARPA,FRXCZ,06:49,FRXSW
6172,2023-08-14,BORDEAUX ST JEAN,NON,8512,15:20,ATLANTIQUE,ANGOULEME,SUDOUESTPA,FRANG,14:46,FRBOJ
6173,2023-08-14,BORDEAUX ST JEAN,NON,8512,17:13,ATLANTIQUE,PARIS (intramuros),SUDOUESTPA,FRPMO,14:46,FRBOJ
6174,2023-08-14,LAVAL,NON,8641,21:21,ATLANTIQUE,ST BRIEUC,PARISBRETA,FRSBK,19:58,FRACR
6175,2023-08-14,LAMBALLE,OUI,8641,21:53,ATLANTIQUE,PLOUARET TREGOR,PARISBRETA,FRPLT,21:11,FRLAM
6176,2023-08-14,PARIS (intramuros),NON,8641,21:38,ATLANTIQUE,GUINGAMP,PARISBRETA,FRGGP,18:40,FRPMO
6177,2023-08-14,PARIS (intramuros),NON,8641,22:11,ATLANTIQUE,MORLAIX,PARISBRETA,FRMXN,18:40,FRPMO
6178,2023-08-14,PARIS (intramuros),NON,8641,21:21,ATLANTIQUE,ST BRIEUC,PARISBRETA,FRSBK,18:40,FRPMO
6179,2023-08-14,RENNES,OUI,8641,21:21,ATLANTIQUE,ST BRIEUC,PARISBRETA,FRSBK,20:32,FRRNS
6180,2023-08-14,LANDERNEAU,OUI,8641,22:51,ATLANTIQUE,BREST,PARISBRETA,FRBES,22:39,FRXLD
6181,2023-08-14,LYON (intramuros),OUI,6681,10:48,SUD EST,ST ETIENNE CHATEAUCREUX,PARISRHONE,FRHHD,10:06,FRLPD
6182,2023-08-14,EPINAL,OUI,2571,15:12,EST,REMIREMONT,PANANCY,FRRNT,14:51,FREPL
6183,2023-08-14,MASSY TGV,OUI,5320,21:30,SUD EST,LYON (intramuros),JCATLSUD,FRLPD,19:26,FRDJU
6184,2023-08-14,NANTES,NON,5320,21:47,SUD EST,LYON (intramuros),JCATLSUD,FRLPE,17:05,FRNTE
6185,2023-08-14,LAVAL,NON,8707,11:29,ATLANTIQUE,VANNES,PARISBRETA,FRVNE,09:58,FRACR
6186,2023-08-14,PARIS (intramuros),NON,8707,11:29,ATLANTIQUE,VANNES,PARISBRETA,FRVNE,08:40,FRPMO
6187,2023-08-14,VANNES,NON,8707,12:38,ATLANTIQUE,QUIMPER,PARISBRETA,FRUIP,11:32,FRVNE
6188,2023-08-14,BRUXELLES MIDI BRUSSEL ZUID,NON,9810,11:15,NORD,VALENCE TGV RHONE-ALPES SUD,JCNORDSUD,FRVLA,06:35,BEBMI
6189,2023-08-14,LILLE (intramuros),NON,9810,10:29,NORD,LYON (intramuros),JCNORDSUD,FRLPD,07:24,FRLLE
6190,2023-08-14,LILLE (intramuros),NON,9810,11:15,NORD,VALENCE TGV RHONE-ALPES SUD,JCNORDSUD,FRVLA,07:24,FRLLE
6191,2023-08-14,LYON (intramuros),NON,9810,11:52,NORD,AVIGNON TGV,JCNORDSUD,FRAVG,10:35,FRLPD
6192,2023-08-14,LYON (intramuros),NON,9810,12:24,NORD,MARSEILLE ST CHARLES,JCNORDSUD,FRMSC,10:35,FRLPD
6193,2023-08-14,MARNE LA VALLEE CHESSY,NON,9810,11:15,NORD,VALENCE TGV RHONE-ALPES SUD,JCNORDSUD,FRVLA,08:43,FRMLV
6194,2023-08-14,AEROPORT CDG2 TGV ROISSY,NON,9810,11:52,NORD,AVIGNON TGV,JCNORDSUD,FRAVG,08:29,FRMLW
6195,2023-08-14,TGV HAUTE PICARDIE,NON,9810,11:52,NORD,AVIGNON TGV,JCNORDSUD,FRAVG,07:54,FRTHP
6196,2023-08-14,VALENCE TGV RHONE-ALPES SUD,NON,9810,12:24,NORD,MARSEILLE ST CHARLES,JCNORDSUD,FRMSC,11:20,FRVLA
6197,2023-08-14,RENNES,NON,8720,15:06,ATLANTIQUE,PARIS (intramuros),BRETAPARIS,FRPMO,13:35,FRRNS
6198,2023-08-14,ANGERS ST LAUD,NON,8923,16:51,ATLANTIQUE,NANTES,PARISLOIRE,FRNTE,16:13,FRACL
6199,2023-08-14,LE POULIGUEN,OUI,8923,18:09,ATLANTIQUE,LE CROISIC,PARISLOIRE,FREGU,18:03,FREGS
6200,2023-08-14,NANTES,NON,8923,18:00,ATLANTIQUE,LE POULIGUEN,PARISLOIRE,FREGS,16:59,FRNTE
6201,2023-08-14,NANTES,NON,8923,18:09,ATLANTIQUE,LE CROISIC,PARISLOIRE,FREGU,16:59,FRNTE
6202,2023-08-14,PARIS (intramuros),NON,8923,17:47,ATLANTIQUE,PORNICHET,PARISLOIRE,FREGR,14:45,FRPMO
6203,2023-08-14,PARIS (intramuros),NON,8923,17:54,ATLANTIQUE,LA BAULE ESCOUBLAC,PARISLOIRE,FRJEE,14:45,FRPMO
6204,2023-08-14,MONTBARD,NON,6745,19:01,SUD EST,DOLE VILLE,PABOUR,FRACE,17:57,FRGWE
6205,2023-08-14,PARIS (intramuros),NON,6745,19:27,SUD EST,BESANCON VIOTTE,PABOUR,FRABG,16:52,FRPLY
6206,2023-08-14,TOULOUSE MATABIAU,NON,8514,20:58,ATLANTIQUE,PARIS (intramuros),SUDOUESTPA,FRPMO,16:28,FRXYT
6207,2023-08-14,BEZIERS,NON,4752,10:26,IC ARO,AGEN,TJOURSESO,FRAGF,07:46,FRBZR
6208,2023-08-14,BEZIERS,NON,4752,11:32,IC ARO,BORDEAUX ST JEAN,TJOURSESO,FRBOJ,07:46,FRBZR
6209,2023-08-14,BEZIERS,NON,4752,09:49,IC ARO,MONTAUBAN VILLE BOURBON,TJOURSESO,FRXMW,07:46,FRBZR
6210,2023-08-14,BEZIERS,OUI,4752,07:59,IC ARO,NARBONNE,TJOURSESO,FRXNA,07:46,FRBZR
6211,2023-08-14,CARCASSONNE,NON,4752,10:26,IC ARO,AGEN,TJOURSESO,FRAGF,08:33,FRCCF
6212,2023-08-14,MONTPELLIER SAINT-ROCH,NON,4752,11:32,IC ARO,BORDEAUX ST JEAN,TJOURSESO,FRBOJ,07:06,FRMPL
6213,2023-08-14,NARBONNE,NON,4752,10:26,IC ARO,AGEN,TJOURSESO,FRAGF,08:02,FRXNA
6214,2023-08-14,LAUSANNE,NON,9264,08:13,INTERNATIONAL,FRASNE,SUISPA,FRFRA,07:23,CHAJF
6215,2023-08-14,CARCASSONNE,OUI,4770,23:18,IC ARO,TOULOUSE MATABIAU,TJOURSESO,FRXYT,22:36,FRCCF
6216,2023-08-14,MONTPELLIER SAINT-ROCH,OUI,4770,21:44,IC ARO,BEZIERS,TJOURSESO,FRBZR,21:07,FRMPL
6217,2023-08-14,MONTPELLIER SAINT-ROCH,OUI,4770,22:34,IC ARO,CARCASSONNE,TJOURSESO,FRCCF,21:07,FRMPL
6218,2023-08-14,MARSEILLE ST CHARLES,OUI,4770,21:03,IC ARO,MONTPELLIER SAINT-ROCH,TJOURSESO,FRMPL,19:23,FRMSC
6219,2023-08-14,LAVAL,NON,5464,12:32,EST,LORRAINE TGV,JCATLEST,FREAM,08:55,FRACR
6220,2023-08-14,LAVAL,NON,5464,11:09,EST,AEROPORT CDG2 TGV ROISSY,JCATLEST,FRMLW,08:55,FRACR
6221,2023-08-14,LE MANS,NON,5464,13:12,EST,STRASBOURG,JCATLEST,FRAEG,09:30,FRAET
6222,2023-08-14,LE MANS,NON,5464,12:32,EST,LORRAINE TGV,JCATLEST,FREAM,09:30,FRAET
6223,2023-08-14,LE MANS,NON,5464,11:09,EST,AEROPORT CDG2 TGV ROISSY,JCATLEST,FRMLW,09:30,FRAET
6224,2023-08-14,CHAMPAGNE-ARDENNE,NON,5464,12:32,EST,LORRAINE TGV,JCATLEST,FREAM,11:55,FREAH
6225,2023-08-14,MARNE LA VALLEE CHESSY,NON,5464,13:12,EST,STRASBOURG,JCATLEST,FRAEG,11:00,FRMLV
6226,2023-08-14,MARNE LA VALLEE CHESSY,NON,5464,11:09,EST,AEROPORT CDG2 TGV ROISSY,JCATLEST,FRMLW,11:00,FRMLV
6227,2023-08-14,RENNES,NON,5464,08:52,EST,LAVAL,JCATLEST,FRACR,08:27,FRRNS
6228,2023-08-14,RENNES,NON,5464,13:12,EST,STRASBOURG,JCATLEST,FRAEG,08:27,FRRNS
6229,2023-08-14,RENNES,NON,5464,10:55,EST,MARNE LA VALLEE CHESSY,JCATLEST,FRMLV,08:27,FRRNS
6230,2023-08-14,PARIS (intramuros),OUI,5955,11:28,IC ARO,MOULINS SUR ALLIER,PACLERMONT,FRXMU,09:00,FRPBE
6231,2023-08-14,VICHY,OUI,5955,12:29,IC ARO,CLERMONT FERRAND,PACLERMONT,FRCFE,11:57,FRVHY
6232,2023-08-14,ST MALO,OUI,8086,16:25,ATLANTIQUE,RENNES,BRETAPARIS,FRRNS,15:39,FRXSB
6233,2023-08-14,PARIS (intramuros),OUI,8057,09:51,ATLANTIQUE,RENNES,PARISBRETA,FRRNS,08:19,FRPMO
6234,2023-08-14,POITIERS,OUI,8346,20:16,ATLANTIQUE,ST PIERRE DES CORPS,ROCHELLEPA,FRXSH,19:22,FRPIS
6235,2023-08-14,ST PIERRE DES CORPS,OUI,8346,21:20,ATLANTIQUE,PARIS (intramuros),ROCHELLEPA,FRPMO,20:19,FRXSH
6236,2023-08-14,AIX EN PROVENCE TGV,NON,2242,14:55,EST,MULHOUSE VILLE,JCRHONRHIN,FRAEK,09:58,FRAIE
6237,2023-08-14,AIX EN PROVENCE TGV,NON,2242,10:17,EST,AVIGNON TGV,JCRHONRHIN,FRAVG,09:58,FRAIE
6238,2023-08-14,AVIGNON TGV,NON,2242,15:54,EST,STRASBOURG,JCRHONRHIN,FRAEG,10:20,FRAVG
6239,2023-08-14,AVIGNON TGV,NON,2242,12:09,EST,MACON VILLE,JCRHONRHIN,FRHGU,10:20,FRAVG
6240,2023-08-14,MACON VILLE,OUI,2242,12:41,EST,CHALON SUR SAONE,JCRHONRHIN,FRXCD,12:12,FRHGU
6241,2023-08-14,CANNES,NON,2242,11:26,EST,LYON (intramuros),JCRHONRHIN,FRLPD,07:30,FRJCA
6242,2023-08-14,CANNES,NON,2242,09:33,EST,MARSEILLE ST CHARLES,JCRHONRHIN,FRMSC,07:30,FRJCA
6243,2023-08-14,CANNES,NON,2242,13:03,EST,BEAUNE,JCRHONRHIN,FRXBV,07:30,FRJCA
6244,2023-08-14,LYON (intramuros),NON,2242,15:54,EST,STRASBOURG,JCRHONRHIN,FRAEG,11:32,FRLPD
6245,2023-08-14,MARSEILLE ST CHARLES,NON,2242,13:25,EST,DIJON VILLE,JCRHONRHIN,FRABA,09:45,FRMSC
6246,2023-08-14,MARSEILLE ST CHARLES,NON,2242,14:55,EST,MULHOUSE VILLE,JCRHONRHIN,FRAEK,09:45,FRMSC
6247,2023-08-14,MARSEILLE ST CHARLES,NON,2242,14:30,EST,BELFORT-MONTBELIARD TGV,JCRHONRHIN,FRTJA,09:45,FRMSC
6248,2023-08-14,NICE VILLE,NON,2242,15:24,EST,COLMAR,JCRHONRHIN,FRAEJ,07:00,FRNIC
6249,2023-08-14,NICE VILLE,NON,2242,09:55,EST,AIX EN PROVENCE TGV,JCRHONRHIN,FRAIE,07:00,FRNIC
6250,2023-08-14,NICE VILLE,OUI,2242,07:26,EST,CANNES,JCRHONRHIN,FRJCA,07:00,FRNIC
6251,2023-08-14,NICE VILLE,OUI,2242,07:13,EST,ANTIBES,JCRHONRHIN,FRXAT,07:00,FRNIC
6252,2023-08-14,NICE VILLE,NON,2242,13:03,EST,BEAUNE,JCRHONRHIN,FRXBV,07:00,FRNIC
6253,2023-08-14,NICE VILLE,NON,2242,12:41,EST,CHALON SUR SAONE,JCRHONRHIN,FRXCD,07:00,FRNIC
6254,2023-08-14,ANTIBES,NON,2242,15:54,EST,STRASBOURG,JCRHONRHIN,FRAEG,07:16,FRXAT
6255,2023-08-14,ANTIBES,NON,2242,09:55,EST,AIX EN PROVENCE TGV,JCRHONRHIN,FRAIE,07:16,FRXAT
6256,2023-08-14,ANTIBES,NON,2242,09:33,EST,MARSEILLE ST CHARLES,JCRHONRHIN,FRMSC,07:16,FRXAT
6257,2023-08-14,ANTIBES,OUI,2242,07:52,EST,ST RAPHAEL VALESCURE,JCRHONRHIN,FRXSK,07:16,FRXAT
6258,2023-08-14,CHALON SUR SAONE,OUI,2242,14:06,EST,BESANCON - F COMTE TGV,JCRHONRHIN,FRTJB,12:44,FRXCD
6259,2023-08-14,LES ARCS DRAGUIGNAN,NON,2242,14:55,EST,MULHOUSE VILLE,JCRHONRHIN,FRAEK,08:12,FRXRS
6260,2023-08-14,LES ARCS DRAGUIGNAN,NON,2242,10:17,EST,AVIGNON TGV,JCRHONRHIN,FRAVG,08:12,FRXRS
6261,2023-08-14,LES ARCS DRAGUIGNAN,OUI,2242,08:46,EST,TOULON,JCRHONRHIN,FRTLN,08:12,FRXRS
6262,2023-08-14,LES ARCS DRAGUIGNAN,NON,2242,13:03,EST,BEAUNE,JCRHONRHIN,FRXBV,08:12,FRXRS
6263,2023-08-14,LES ARCS DRAGUIGNAN,NON,2242,14:30,EST,BELFORT-MONTBELIARD TGV,JCRHONRHIN,FRTJA,08:12,FRXRS
6264,2023-08-14,TOULON,NON,2242,14:06,EST,BESANCON - F COMTE TGV,JCRHONRHIN,FRTJB,08:50,FRTLN
6265,2023-08-14,DAX,OUI,8537,14:13,ATLANTIQUE,BAYONNE,PASUDOUEST,FRXBY,13:42,FRACG
6266,2023-08-14,BIARRITZ,OUI,8537,14:55,ATLANTIQUE,HENDAYE,PASUDOUEST,FRAEF,14:28,FRBIQ
6267,2023-08-14,BORDEAUX ST JEAN,NON,8537,14:25,ATLANTIQUE,BIARRITZ,PASUDOUEST,FRBIQ,12:20,FRBOJ
6268,2023-08-14,PARIS (intramuros),NON,8537,14:25,ATLANTIQUE,BIARRITZ,PASUDOUEST,FRBIQ,10:08,FRPMO
6269,2023-08-14,BAYONNE,OUI,8537,14:55,ATLANTIQUE,HENDAYE,PASUDOUEST,FRAEF,14:16,FRXBY
6270,2023-08-14,MODANE,NON,9248,20:14,INTERNATIONAL,CHAMBERY CHALLES LES EAUX,ITALIEPA,FRCMF,19:12,FRAGR
6271,2023-08-14,CHAMBERY CHALLES LES EAUX,NON,9248,23:26,INTERNATIONAL,PARIS (intramuros),ITALIEPA,FRPLY,20:18,FRCMF
6272,2023-08-14,MILANO P GARIBALDI,NON,9248,19:06,INTERNATIONAL,MODANE,ITALIEPA,FRAGR,16:10,ITMPG
6273,2023-08-14,ANGOULEME,NON,5440,14:29,EST,STRASBOURG,JCATLEST,FRAEG,09:35,FRANG
6274,2023-08-14,BORDEAUX ST JEAN,NON,5440,10:50,EST,ST PIERRE DES CORPS,JCATLEST,FRXSH,08:54,FRBOJ
6275,2023-08-14,MASSY TGV,NON,5440,14:29,EST,STRASBOURG,JCATLEST,FRAEG,11:55,FRDJU
6276,2023-08-14,MASSY TGV,NON,5440,12:55,EST,CHAMPAGNE-ARDENNE,JCATLEST,FREAH,11:55,FRDJU
6277,2023-08-14,MEUSE TGV,OUI,5440,14:29,EST,STRASBOURG,JCATLEST,FRAEG,13:30,FREAJ
6278,2023-08-14,MEUSE TGV,OUI,5440,13:49,EST,LORRAINE TGV,JCATLEST,FREAM,13:30,FREAJ
6279,2023-08-14,ST PIERRE DES CORPS,NON,5440,12:24,EST,MARNE LA VALLEE CHESSY,JCATLEST,FRMLV,10:54,FRXSH
6280,2023-08-14,PARIS (intramuros),NON,12213,22:22,ATLANTIQUE,AGEN,PASUDOUEST,FRAGF,19:08,FRPMO
6281,2023-08-14,PARIS (intramuros),NON,12213,23:31,ATLANTIQUE,TOULOUSE MATABIAU,PASUDOUEST,FRXYT,19:08,FRPMO
6282,2023-08-14,BOURG EN BRESSE,NON,9770,15:42,INTERNATIONAL,PARIS (intramuros),GENEVEPA,FRPLY,13:52,FRXBK
6283,2023-08-14,ZUERICH HB,NON,9222,14:28,INTERNATIONAL,BASEL SBB,ZURBALPA,CHAJP,13:34,CHAJD
6284,2023-08-14,LAVAL,OUI,5472,21:29,EST,RENNES,JCESTATL,FRRNS,21:04,FRACR
6285,2023-08-14,STRASBOURG,OUI,5472,18:04,EST,CHAMPAGNE-ARDENNE,JCESTATL,FREAH,16:48,FRAEG
6286,2023-08-14,STRASBOURG,OUI,5472,21:29,EST,RENNES,JCESTATL,FRRNS,16:48,FRAEG
6287,2023-08-14,LORRAINE TGV,OUI,5472,20:29,EST,LE MANS,JCESTATL,FRAET,17:26,FREAM
6288,2023-08-14,LILLE (intramuros),NON,5202,11:23,NORD,ANGOULEME,JCNORDAQUI,FRANG,06:15,FRADJ
6289,2023-08-14,LILLE (intramuros),NON,5202,10:41,NORD,POITIERS,JCNORDAQUI,FRPIS,06:15,FRADJ
6290,2023-08-14,MASSY TGV,NON,5202,11:23,NORD,ANGOULEME,JCNORDAQUI,FRANG,09:09,FRDJU
6291,2023-08-14,AEROPORT CDG2 TGV ROISSY,NON,5202,10:06,NORD,ST PIERRE DES CORPS,JCNORDAQUI,FRXSH,08:10,FRMLW
6292,2023-08-14,POITIERS,NON,5202,12:02,NORD,BORDEAUX ST JEAN,JCNORDAQUI,FRBOJ,10:44,FRPIS
6293,2023-08-14,ARRAS,NON,5202,12:02,NORD,BORDEAUX ST JEAN,JCNORDAQUI,FRBOJ,07:00,FRQRV
6294,2023-08-14,ARRAS,NON,5202,09:04,NORD,MASSY TGV,JCNORDAQUI,FRDJU,07:00,FRQRV
6295,2023-08-14,ARRAS,OUI,5202,07:54,NORD,AEROPORT CDG2 TGV ROISSY,JCNORDAQUI,FRMLW,07:00,FRQRV
6296,2023-08-14,TGV HAUTE PICARDIE,OUI,5202,07:54,NORD,AEROPORT CDG2 TGV ROISSY,JCNORDAQUI,FRMLW,07:25,FRTHP
6297,2023-08-14,DOUAI,NON,5202,09:04,NORD,MASSY TGV,JCNORDAQUI,FRDJU,06:37,FRXDN
6298,2023-08-14,DOUAI,NON,5202,10:41,NORD,POITIERS,JCNORDAQUI,FRPIS,06:37,FRXDN
6299,2023-08-14,DOUAI,OUI,5202,06:55,NORD,ARRAS,JCNORDAQUI,FRQRV,06:37,FRXDN
6300,2023-08-14,DOUAI,OUI,5202,07:18,NORD,TGV HAUTE PICARDIE,JCNORDAQUI,FRTHP,06:37,FRXDN
6301,2023-08-14,ST PIERRE DES CORPS,NON,5202,11:23,NORD,ANGOULEME,JCNORDAQUI,FRANG,10:10,FRXSH
6302,2023-08-14,LYON (intramuros),NON,9862,15:25,NORD,BRUXELLES MIDI BRUSSEL ZUID,JCSUDNORD,BEBMI,11:00,FRLPD
6303,2023-08-14,LYON (intramuros),NON,9862,12:47,NORD,MARNE LA VALLEE CHESSY,JCSUDNORD,FRMLV,11:00,FRLPD
6304,2023-08-14,LYON (intramuros),NON,9862,13:01,NORD,AEROPORT CDG2 TGV ROISSY,JCSUDNORD,FRMLW,11:00,FRLPD
6305,2023-08-14,MARNE LA VALLEE CHESSY,NON,9862,13:34,NORD,TGV HAUTE PICARDIE,JCSUDNORD,FRTHP,12:51,FRMLV
6306,2023-08-14,VALENCE TGV RHONE-ALPES SUD,NON,9862,15:25,NORD,BRUXELLES MIDI BRUSSEL ZUID,JCSUDNORD,BEBMI,10:15,FRVLA
6307,2023-08-14,VALENCE TGV RHONE-ALPES SUD,NON,9862,13:55,NORD,ARRAS,JCSUDNORD,FRQRV,10:15,FRVLA
6308,2023-08-14,MONTPELLIER SUD DE FRANCE,NON,9862,10:10,NORD,VALENCE TGV RHONE-ALPES SUD,JCSUDNORD,FRVLA,09:12,FRSUF
6309,2023-08-14,NIMES PONT DU GARD,NON,9862,13:55,NORD,ARRAS,JCSUDNORD,FRQRV,09:33,FRXZP
6310,2023-08-14,PARIS (intramuros),OUI,6279,21:06,SUD EST,VALENCE TGV RHONE-ALPES SUD,PALANG,FRVLA,18:56,FRPLY
6311,2023-08-14,PARIS (intramuros),OUI,6279,22:46,SUD EST,AGDE,PALANG,FRXAG,18:56,FRPLY
6312,2023-08-14,PARIS (intramuros),OUI,6279,23:16,SUD EST,NARBONNE,PALANG,FRXNA,18:56,FRPLY
6313,2023-08-14,VALENCE TGV RHONE-ALPES SUD,OUI,6279,23:00,SUD EST,BEZIERS,PALANG,FRBZR,21:09,FRVLA
6314,2023-08-14,VALENCE TGV RHONE-ALPES SUD,OUI,6279,23:16,SUD EST,NARBONNE,PALANG,FRXNA,21:09,FRVLA
6315,2023-08-14,AGDE,OUI,6279,23:00,SUD EST,BEZIERS,PALANG,FRBZR,22:49,FRXAG
6316,2023-08-14,NARBONNE,OUI,6279,23:51,SUD EST,PERPIGNAN,PALANG,FRPGF,23:19,FRXNA
6317,2023-08-14,SETE,OUI,6279,23:51,SUD EST,PERPIGNAN,PALANG,FRPGF,22:33,FRXSY
6318,2023-08-14,MONTPELLIER SUD DE FRANCE,OUI,6279,23:16,SUD EST,NARBONNE,PALANG,FRXNA,22:17,FRSUF
6319,2023-08-14,MONTPELLIER SUD DE FRANCE,OUI,6279,23:00,SUD EST,BEZIERS,PALANG,FRBZR,22:17,FRSUF
6320,2023-08-14,PARIS (intramuros),OUI,6279,21:46,SUD EST,NIMES PONT DU GARD,PALANG,FRXZP,18:56,FRPLY
6321,2023-08-14,BEZIERS,NON,6250,11:04,SUD EST,PARIS (intramuros),LANGPA,FRPLY,06:58,FRBZR
6322,2023-08-14,AGDE,NON,6250,08:50,SUD EST,VALENCE TGV RHONE-ALPES SUD,LANGPA,FRVLA,07:11,FRXAG
6323,2023-08-14,NARBONNE,OUI,6250,07:08,SUD EST,AGDE,LANGPA,FRXAG,06:42,FRXNA
6324,2023-08-14,SETE,NON,6250,11:04,SUD EST,PARIS (intramuros),LANGPA,FRPLY,07:27,FRXSY
6325,2023-08-14,SETE,NON,6250,08:10,SUD EST,NIMES PONT DU GARD,LANGPA,FRXZP,07:27,FRXSY
6326,2023-08-14,MEUSE TGV,OUI,2509,15:44,EST,NANCY,PANANCY,FRENC,15:08,FREAJ
6327,2023-08-14,PARIS (intramuros),OUI,2509,14:38,EST,CHAMPAGNE-ARDENNE,PANANCY,FREAH,13:58,FRPST
6328,2023-08-14,PARIS (intramuros),OUI,2509,15:44,EST,NANCY,PANANCY,FRENC,13:58,FRPST
6329,2023-08-14,PARIS (intramuros),OUI,7385,21:04,NORD,DUNKERQUE,PAARRAS,FRADI,18:52,FRPNO
6330,2023-08-14,PARIS (intramuros),OUI,7385,19:40,NORD,ARRAS,PAARRAS,FRQRV,18:52,FRPNO
6331,2023-08-14,PARIS (intramuros),OUI,7385,20:16,NORD,BETHUNE,PAARRAS,FRXBH,18:52,FRPNO
6332,2023-08-14,AVIGNON TGV,OUI,5010,12:24,NORD,MARSEILLE ST CHARLES,JCNORDSUD,FRMSC,11:55,FRAVG
6333,2023-08-14,LILLE (intramuros),NON,5010,11:15,NORD,VALENCE TGV RHONE-ALPES SUD,JCNORDSUD,FRVLA,07:24,FRLLE
6334,2023-08-14,LYON (intramuros),NON,5010,11:52,NORD,AVIGNON TGV,JCNORDSUD,FRAVG,10:35,FRLPD
6335,2023-08-14,MARNE LA VALLEE CHESSY,NON,5010,11:52,NORD,AVIGNON TGV,JCNORDSUD,FRAVG,08:43,FRMLV
6336,2023-08-14,TGV HAUTE PICARDIE,NON,5010,11:52,NORD,AVIGNON TGV,JCNORDSUD,FRAVG,07:54,FRTHP
6337,2023-08-14,MULHOUSE VILLE,NON,9583,15:18,INTERNATIONAL,MANNHEIM HBF,MRSFRANC,DEMHG,12:54,FRAEK
6338,2023-08-14,AIX EN PROVENCE TGV,NON,9583,15:18,INTERNATIONAL,MANNHEIM HBF,MRSFRANC,DEMHG,08:25,FRAIE
6339,2023-08-14,AIX EN PROVENCE TGV,NON,9583,14:46,INTERNATIONAL,KARLSRUHE HBF,MRSFRANC,DEQKA,08:25,FRAIE
6340,2023-08-14,AVIGNON TGV,NON,9583,14:23,INTERNATIONAL,BADEN BADEN,MRSFRANC,DEZCC,08:47,FRAVG
6341,2023-08-14,LYON (intramuros),NON,9583,15:18,INTERNATIONAL,MANNHEIM HBF,MRSFRANC,DEMHG,10:04,FRLPD
6342,2023-08-14,LYON (intramuros),NON,9583,14:46,INTERNATIONAL,KARLSRUHE HBF,MRSFRANC,DEQKA,10:04,FRLPD
6343,2023-08-14,LYON (intramuros),NON,9583,14:23,INTERNATIONAL,BADEN BADEN,MRSFRANC,DEZCC,10:04,FRLPD
6344,2023-08-14,LYON (intramuros),NON,9583,12:24,INTERNATIONAL,BELFORT-MONTBELIARD TGV,MRSFRANC,FRTJA,10:04,FRLPD
6345,2023-08-14,MARSEILLE ST CHARLES,NON,9583,15:59,INTERNATIONAL,FRANKFURT MAIN HBF,MRSFRANC,DEFRH,08:11,FRMSC
6346,2023-08-14,MARSEILLE ST CHARLES,NON,9583,13:43,INTERNATIONAL,STRASBOURG,MRSFRANC,FRAEG,08:11,FRMSC
6347,2023-08-14,MARSEILLE ST CHARLES,NON,9583,12:51,INTERNATIONAL,MULHOUSE VILLE,MRSFRANC,FRAEK,08:11,FRMSC
6348,2023-08-14,BELFORT-MONTBELIARD TGV,NON,9583,14:23,INTERNATIONAL,BADEN BADEN,MRSFRANC,DEZCC,12:27,FRTJA
6349,2023-08-14,BESANCON - F COMTE TGV,NON,9583,15:59,INTERNATIONAL,FRANKFURT MAIN HBF,MRSFRANC,DEFRH,12:03,FRTJB
6350,2023-08-14,BESANCON - F COMTE TGV,NON,9583,14:46,INTERNATIONAL,KARLSRUHE HBF,MRSFRANC,DEQKA,12:03,FRTJB
6351,2023-08-14,BESANCON - F COMTE TGV,NON,9583,12:24,INTERNATIONAL,BELFORT-MONTBELIARD TGV,MRSFRANC,FRTJA,12:03,FRTJB
6352,2023-08-14,CHALON SUR SAONE,NON,9583,14:23,INTERNATIONAL,BADEN BADEN,MRSFRANC,DEZCC,11:06,FRXCD
6353,2023-08-14,CHALON SUR SAONE,NON,9583,12:24,INTERNATIONAL,BELFORT-MONTBELIARD TGV,MRSFRANC,FRTJA,11:06,FRXCD
6354,2023-08-14,ARRAS,OUI,7546,22:47,NORD,PARIS (intramuros),ARRASPA,FRPNO,21:58,FRQRV
6355,2023-08-14,POITIERS,OUI,8342,16:27,ATLANTIQUE,FUTUROSCOPE,ROCHELLEPA,FRTGO,16:19,FRPIS
6356,2023-08-14,FUTUROSCOPE,OUI,8342,17:15,ATLANTIQUE,ST PIERRE DES CORPS,ROCHELLEPA,FRXSH,16:30,FRTGO
6357,2023-08-14,CHATELLERAULT,OUI,8342,17:43,ATLANTIQUE,VENDOME VILLIERS SUR LOIR,ROCHELLEPA,FRESL,16:44,FRXCX
6358,2023-08-14,CHATELLERAULT,OUI,8342,18:33,ATLANTIQUE,PARIS (intramuros),ROCHELLEPA,FRPMO,16:44,FRXCX
6359,2023-08-14,CHATELLERAULT,OUI,8342,17:15,ATLANTIQUE,ST PIERRE DES CORPS,ROCHELLEPA,FRXSH,16:44,FRXCX
6360,2023-08-14,VENDOME VILLIERS SUR LOIR,OUI,8331,09:07,ATLANTIQUE,CHATELLERAULT,PAROCHELLE,FRXCX,08:16,FRESL
6361,2023-08-14,CHATELLERAULT,OUI,8331,09:35,ATLANTIQUE,POITIERS,PAROCHELLE,FRPIS,09:10,FRXCX
6362,2023-08-14,CANNES,NON,6162,19:50,SUD EST,PARIS (intramuros),AZURPA,FRPLY,14:38,FRJCA
6363,2023-08-14,CANNES,OUI,6162,15:00,SUD EST,ST RAPHAEL VALESCURE,AZURPA,FRXSK,14:38,FRJCA
6364,2023-08-14,NICE VILLE,NON,6162,17:07,SUD EST,AVIGNON TGV,AZURPA,FRAVG,14:09,FRNIC
6365,2023-08-14,NICE VILLE,OUI,6162,15:49,SUD EST,TOULON,AZURPA,FRTLN,14:09,FRNIC
6366,2023-08-14,PARIS (intramuros),NON,9775,16:09,INTERNATIONAL,BOURG EN BRESSE,PAGENEVE,FRXBK,14:18,FRPLY
6367,2023-08-14,BOURG EN BRESSE,NON,9775,18:14,INTERNATIONAL,LAUSANNE,PAGENEVE,CHAJF,16:12,FRXBK
6368,2023-08-14,BOURG EN BRESSE,NON,9775,17:30,INTERNATIONAL,GENEVE,PAGENEVE,CHGVA,16:12,FRXBK
6369,2023-08-14,LA BAULE ESCOUBLAC,OUI,8932,22:26,ATLANTIQUE,PARIS (intramuros),LOIREPARIS,FRPMO,19:09,FRJEE
6370,2023-08-14,LA BAULE ESCOUBLAC,OUI,8932,19:22,ATLANTIQUE,ST NAZAIRE,LOIREPARIS,FRSNR,19:09,FRJEE
6371,2023-08-14,NANTES,OUI,8932,21:24,ATLANTIQUE,LE MANS,LOIREPARIS,FRAET,20:05,FRNTE
6372,2023-08-14,ST NAZAIRE,OUI,8932,22:26,ATLANTIQUE,PARIS (intramuros),LOIREPARIS,FRPMO,19:25,FRSNR
6373,2023-08-14,AGEN,NON,4659,15:22,IC ARO,NIMES,TJOURSOSE,FRFNI,11:33,FRAGF
6374,2023-08-14,AGEN,OUI,4659,12:08,IC ARO,MONTAUBAN VILLE BOURBON,TJOURSOSE,FRXMW,11:33,FRAGF
6375,2023-08-14,AGEN,OUI,4659,12:37,IC ARO,TOULOUSE MATABIAU,TJOURSOSE,FRXYT,11:33,FRAGF
6376,2023-08-14,CARCASSONNE,NON,4659,16:37,IC ARO,MARSEILLE ST CHARLES,TJOURSOSE,FRMSC,13:29,FRCCF
6377,2023-08-14,MONTAUBAN VILLE BOURBON,NON,4659,13:27,IC ARO,CARCASSONNE,TJOURSOSE,FRCCF,12:10,FRXMW
6378,2023-08-14,MONTAUBAN VILLE BOURBON,NON,4659,16:37,IC ARO,MARSEILLE ST CHARLES,TJOURSOSE,FRMSC,12:10,FRXMW
6379,2023-08-14,NARBONNE,NON,4659,16:37,IC ARO,MARSEILLE ST CHARLES,TJOURSOSE,FRMSC,14:01,FRXNA
6380,2023-08-14,TOULOUSE MATABIAU,NON,4659,13:27,IC ARO,CARCASSONNE,TJOURSOSE,FRCCF,12:45,FRXYT
6381,2023-08-14,TOULOUSE MATABIAU,NON,4659,16:37,IC ARO,MARSEILLE ST CHARLES,TJOURSOSE,FRMSC,12:45,FRXYT
6382,2023-08-14,CLERMONT FERRAND,OUI,5950,06:00,IC ARO,VICHY,CLERMONTPA,FRVHY,05:27,FRCFE
6383,2023-08-14,RIOM CHATEL GUYON,OUI,5950,06:58,IC ARO,NEVERS,CLERMONTPA,FRNVS,05:38,FRRIO
6384,2023-08-14,RIOM CHATEL GUYON,OUI,5950,06:29,IC ARO,MOULINS SUR ALLIER,CLERMONTPA,FRXMU,05:38,FRRIO
6385,2023-08-14,ST GERMAIN DES FOSSES,OUI,5950,08:57,IC ARO,PARIS (intramuros),CLERMONTPA,FRPBE,06:12,FRSGF
6386,2023-08-14,CLERMONT FERRAND,OUI,5950,06:10,IC ARO,ST GERMAIN DES FOSSES,CLERMONTPA,FRSGF,05:27,FRCFE
6387,2023-08-14,PARIS (intramuros),NON,2421,14:38,EST,STRASBOURG,PASTRAMULH,FRAEG,12:52,FRPST
6388,2023-08-14,DIJON VILLE,NON,5521,12:54,EST,MONTPELLIER SAINT-ROCH,JCRHINRHON,FRMPL,09:21,FRABA
6389,2023-08-14,METZ VILLE,NON,5521,09:54,EST,CHALON SUR SAONE,JCRHINRHON,FRXCD,05:46,FRADE
6390,2023-08-14,STRASBOURG,NON,5521,10:56,EST,LYON (intramuros),JCRHINRHON,FRLPD,06:47,FRAEG
6391,2023-08-14,COLMAR,NON,5521,09:11,EST,DIJON VILLE,JCRHINRHON,FRABA,07:16,FRAEJ
6392,2023-08-14,COLMAR,NON,5521,10:56,EST,LYON (intramuros),JCRHINRHON,FRLPD,07:16,FRAEJ
6393,2023-08-14,COLMAR,NON,5521,12:54,EST,MONTPELLIER SAINT-ROCH,JCRHINRHON,FRMPL,07:16,FRAEJ
6394,2023-08-14,MULHOUSE VILLE,NON,5521,09:11,EST,DIJON VILLE,JCRHINRHON,FRABA,07:52,FRAEK
6395,2023-08-14,LYON (intramuros),NON,5521,12:54,EST,MONTPELLIER SAINT-ROCH,JCRHINRHON,FRMPL,11:02,FRLPD
6396,2023-08-14,BELFORT-MONTBELIARD TGV,NON,5521,12:24,EST,NIMES,JCRHINRHON,FRFNI,08:17,FRTJA
6397,2023-08-14,BESANCON - F COMTE TGV,NON,5521,10:56,EST,LYON (intramuros),JCRHINRHON,FRLPD,08:41,FRTJB
6398,2023-08-14,BESANCON - F COMTE TGV,NON,5521,12:54,EST,MONTPELLIER SAINT-ROCH,JCRHINRHON,FRMPL,08:41,FRTJB
6399,2023-08-14,NIORT,OUI,8371,09:44,ATLANTIQUE,LA ROCHELLE VILLE,PAROCHELLE,FRLRH,09:03,FRNIT
6400,2023-08-14,BORDEAUX ST JEAN,NON,8517,20:23,ATLANTIQUE,AGEN,PASUDOUEST,FRAGF,19:20,FRBOJ
6401,2023-08-14,BORDEAUX ST JEAN,NON,8517,21:03,ATLANTIQUE,MONTAUBAN VILLE BOURBON,PASUDOUEST,FRXMW,19:20,FRBOJ
6402,2023-08-14,PARIS (intramuros),OUI,8517,19:14,ATLANTIQUE,BORDEAUX ST JEAN,PASUDOUEST,FRBOJ,17:06,FRPMO
6403,2023-08-14,DIJON VILLE,OUI,6741,09:05,SUD EST,BESANCON - F COMTE TGV,PABOUR,FRTJB,08:35,FRABA
6404,2023-08-14,PARIS (intramuros),OUI,6741,07:54,SUD EST,MONTBARD,PABOUR,FRGWE,06:52,FRPLY
6405,2023-08-14,PARIS (intramuros),OUI,6741,09:05,SUD EST,BESANCON - F COMTE TGV,PABOUR,FRTJB,06:52,FRPLY
6406,2023-08-14,PARIS (intramuros),NON,2751,20:11,EST,CHARLEVILLE MEZIERES,PABARSED,FRXCZ,18:28,FRPST
6407,2023-08-14,REIMS,OUI,2751,20:11,EST,CHARLEVILLE MEZIERES,PABARSED,FRXCZ,19:20,FRRHE
6408,2023-08-14,ANGERS ST LAUD,NON,5288,16:46,NORD,LE MANS,JCBRETNORD,FRAET,16:02,FRACL
6409,2023-08-14,ANGERS ST LAUD,NON,5288,18:37,NORD,AEROPORT CDG2 TGV ROISSY,JCBRETNORD,FRMLW,16:02,FRACL
6410,2023-08-14,LE MANS,NON,5288,18:23,NORD,MARNE LA VALLEE CHESSY,JCBRETNORD,FRMLV,16:57,FRAET
6411,2023-08-14,MASSY TGV,NON,5288,18:23,NORD,MARNE LA VALLEE CHESSY,JCBRETNORD,FRMLV,17:54,FRDJU
6412,2023-08-14,NANTES,NON,5288,17:48,NORD,MASSY TGV,JCBRETNORD,FRDJU,15:18,FRNTE
6413,2023-08-14,NANTES,NON,5288,18:23,NORD,MARNE LA VALLEE CHESSY,JCBRETNORD,FRMLV,15:18,FRNTE
6414,2023-08-14,NICE VILLE,NON,6180,19:55,SUD EST,AVIGNON TGV,AZURPA,FRAVG,16:57,FRNIC
6415,2023-08-14,ANTIBES,OUI,6180,17:29,SUD EST,CANNES,AZURPA,FRJCA,17:18,FRXAT
6416,2023-08-14,ANTIBES,NON,6180,22:38,SUD EST,PARIS (intramuros),AZURPA,FRPLY,17:18,FRXAT
6417,2023-08-14,ANTIBES,OUI,6180,18:07,SUD EST,LES ARCS DRAGUIGNAN,AZURPA,FRXRS,17:18,FRXAT
6418,2023-08-14,DIJON VILLE,OUI,6703,12:05,SUD EST,BELFORT-MONTBELIARD TGV,PABOUR,FRTJA,11:04,FRABA
6419,2023-08-14,BESANCON - F COMTE TGV,OUI,6703,12:39,SUD EST,MULHOUSE VILLE,PABOUR,FRAEK,11:38,FRTJB
6420,2023-08-14,PARIS (intramuros),OUI,5971,19:29,IC ARO,CLERMONT FERRAND,PACLERMONT,FRCFE,16:00,FRPBE
6421,2023-08-14,VICHY,OUI,5971,19:17,IC ARO,RIOM CHATEL GUYON,PACLERMONT,FRRIO,18:57,FRVHY
6422,2023-08-14,SAUMUR,NON,4502,16:04,IC SRO,NANTES,JOURLYNNTE,FRNTE,15:00,FRACN
6423,2023-08-14,LYON (intramuros),NON,4502,14:58,IC SRO,SAUMUR,JOURLYNNTE,FRACN,09:34,FRLPD
6424,2023-08-14,LYON (intramuros),NON,4502,16:04,IC SRO,NANTES,JOURLYNNTE,FRNTE,09:34,FRLPD
6425,2023-08-14,LYON (intramuros),NON,4502,13:21,IC SRO,VIERZON VILLE,JOURLYNNTE,FRXVZ,09:34,FRLPD
6426,2023-08-14,LYON (intramuros),NON,4502,14:58,IC SRO,SAUMUR,JOURLYNNTE,FRACN,09:20,FRLPE
6427,2023-08-14,LYON (intramuros),NON,4502,13:01,IC SRO,BOURGES,JOURLYNNTE,FRBOU,09:20,FRLPE
6428,2023-08-14,LYON (intramuros),NON,4502,13:21,IC SRO,VIERZON VILLE,JOURLYNNTE,FRXVZ,09:20,FRLPE
6429,2023-08-14,NEVERS,NON,4502,13:21,IC SRO,VIERZON VILLE,JOURLYNNTE,FRXVZ,12:25,FRNVS
6430,2023-08-14,ROANNE,NON,4502,16:04,IC SRO,NANTES,JOURLYNNTE,FRNTE,10:40,FRRNE
6431,2023-08-14,ST GERMAIN DES FOSSES,NON,4502,13:21,IC SRO,VIERZON VILLE,JOURLYNNTE,FRXVZ,11:19,FRSGF
6432,2023-08-14,ST PIERRE DES CORPS,NON,4502,14:58,IC SRO,SAUMUR,JOURLYNNTE,FRACN,14:28,FRXSH
6433,2023-08-14,VIERZON VILLE,NON,4502,14:25,IC SRO,ST PIERRE DES CORPS,JOURLYNNTE,FRXSH,13:23,FRXVZ
6434,2023-08-14,CANNES,OUI,6175,15:57,SUD EST,NICE VILLE,PAAZUR,FRNIC,15:30,FRJCA
6435,2023-08-14,MARSEILLE ST CHARLES,NON,6175,14:11,SUD EST,TOULON,PAAZUR,FRTLN,13:28,FRMSC
6436,2023-08-14,TOULON,NON,6175,15:38,SUD EST,ANTIBES,PAAZUR,FRXAT,14:15,FRTLN
6437,2023-08-14,LES ARCS DRAGUIGNAN,OUI,6175,15:25,SUD EST,CANNES,PAAZUR,FRJCA,14:51,FRXRS
6438,2023-08-14,LES ARCS DRAGUIGNAN,OUI,6175,15:57,SUD EST,NICE VILLE,PAAZUR,FRNIC,14:51,FRXRS
6439,2023-08-14,KARLSRUHE HBF,NON,9563,18:59,INTERNATIONAL,FRANKFURT MAIN HBF,PAFRANC,DEFRH,17:55,DEQKA
6440,2023-08-14,BEZIERS,NON,6873,19:10,SUD EST,VALENCE TGV RHONE-ALPES SUD,JCSUDPROV,FRVLA,17:15,FRBZR
6441,2023-08-14,BEZIERS,NON,6873,17:36,SUD EST,SETE,JCSUDPROV,FRXSY,17:15,FRBZR
6442,2023-08-14,MONTPELLIER SAINT-ROCH,NON,6873,19:10,SUD EST,VALENCE TGV RHONE-ALPES SUD,JCSUDPROV,FRVLA,17:59,FRMPL
6443,2023-08-14,VALENCE TGV RHONE-ALPES SUD,NON,6873,19:51,SUD EST,LYON (intramuros),JCSUDPROV,FRLPD,19:13,FRVLA
6444,2023-08-14,NARBONNE,NON,6873,18:24,SUD EST,NIMES,JCSUDPROV,FRFNI,16:59,FRXNA
6445,2023-08-14,NARBONNE,NON,6873,17:36,SUD EST,SETE,JCSUDPROV,FRXSY,16:59,FRXNA
6446,2023-08-14,SETE,NON,6873,17:55,SUD EST,MONTPELLIER SAINT-ROCH,JCSUDPROV,FRMPL,17:39,FRXSY
6447,2023-08-14,TOULOUSE MATABIAU,NON,6873,17:12,SUD EST,BEZIERS,JCSUDPROV,FRBZR,15:43,FRXYT
6448,2023-08-14,THIONVILLE,OUI,2801,09:44,EST,LUXEMBOURG,PAMETZLUX,LULUX,09:22,FRXTH
6449,2023-08-14,PORNICHET,NON,8916,12:02,ATLANTIQUE,NANTES,LOIREPARIS,FRNTE,11:14,FREGR
6450,2023-08-14,LE POULIGUEN,NON,8916,12:02,ATLANTIQUE,NANTES,LOIREPARIS,FRNTE,11:00,FREGS
6451,2023-08-14,LE POULIGUEN,NON,8916,11:24,ATLANTIQUE,ST NAZAIRE,LOIREPARIS,FRSNR,11:00,FREGS
6452,2023-08-14,LE CROISIC,NON,8916,12:02,ATLANTIQUE,NANTES,LOIREPARIS,FRNTE,10:52,FREGU
6453,2023-08-14,LE CROISIC,NON,8916,11:24,ATLANTIQUE,ST NAZAIRE,LOIREPARIS,FRSNR,10:52,FREGU
6454,2023-08-14,ST NAZAIRE,NON,8916,12:02,ATLANTIQUE,NANTES,LOIREPARIS,FRNTE,11:27,FRSNR
6455,2023-08-14,BREST,OUI,8636,17:44,ATLANTIQUE,LAMBALLE,BRETAPARIS,FRLAM,16:13,FRBES
6456,2023-08-14,BREST,OUI,8636,16:43,ATLANTIQUE,MORLAIX,BRETAPARIS,FRMXN,16:13,FRBES
6457,2023-08-14,BREST,NON,8636,20:20,ATLANTIQUE,PARIS (intramuros),BRETAPARIS,FRPMO,16:13,FRBES
6458,2023-08-14,BREST,NON,8636,18:25,ATLANTIQUE,RENNES,BRETAPARIS,FRRNS,16:13,FRBES
6459,2023-08-14,GUINGAMP,NON,8636,20:20,ATLANTIQUE,PARIS (intramuros),BRETAPARIS,FRPMO,17:16,FRGGP
6460,2023-08-14,MORLAIX,NON,8636,18:25,ATLANTIQUE,RENNES,BRETAPARIS,FRRNS,16:47,FRMXN
6461,2023-08-14,MORLAIX,OUI,8636,17:31,ATLANTIQUE,ST BRIEUC,BRETAPARIS,FRSBK,16:47,FRMXN
6462,2023-08-14,RENNES,NON,8636,19:01,ATLANTIQUE,LAVAL,BRETAPARIS,FRACR,18:35,FRRNS
6463,2023-08-14,PARIS (intramuros),NON,6617,16:10,SUD EST,LYON (intramuros),PARISRHONE,FRLPE,13:52,FRPLY
6464,2023-08-14,AIX EN PROVENCE TGV,NON,9752,15:30,INTERNATIONAL,LYON (intramuros),MEDGENEVE,FRLPD,14:00,FRAIE
6465,2023-08-14,AVIGNON TGV,NON,9752,15:30,INTERNATIONAL,LYON (intramuros),MEDGENEVE,FRLPD,14:23,FRAVG
6466,2023-08-14,MARSEILLE ST CHARLES,NON,9752,13:57,INTERNATIONAL,AIX EN PROVENCE TGV,MEDGENEVE,FRAIE,13:46,FRMSC
6467,2023-08-14,MARSEILLE ST CHARLES,NON,9752,15:30,INTERNATIONAL,LYON (intramuros),MEDGENEVE,FRLPD,13:46,FRMSC
6468,2023-08-14,BELLEGARDE,NON,9752,17:45,INTERNATIONAL,GENEVE,MEDGENEVE,CHGVA,17:11,FRXBF
6469,2023-08-14,CHAMBERY CHALLES LES EAUX,OUI,6941,15:59,SUD EST,AIX LES BAINS LE REVARD,PARISALPES,FRXAI,15:49,FRCMF
6470,2023-08-14,PARIS (intramuros),NON,6941,15:36,SUD EST,CHAMBERY CHALLES LES EAUX,PARISALPES,FRCMF,12:46,FRPLY
6471,2023-08-14,AIX LES BAINS LE REVARD,OUI,6941,16:32,SUD EST,ANNECY,PARISALPES,FRNCY,16:02,FRXAI
6472,2023-08-14,PARIS (intramuros),NON,2409,11:11,EST,STRASBOURG,PASTRAMULH,FRAEG,09:25,FRPST
6473,2023-08-14,ANGOULEME,NON,5284,17:57,NORD,LILLE (intramuros),JCAQUINORD,FRLLE,13:36,FRANG
6474,2023-08-14,ANGOULEME,NON,5284,16:41,NORD,AEROPORT CDG2 TGV ROISSY,JCAQUINORD,FRMLW,13:36,FRANG
6475,2023-08-14,AEROPORT CDG2 TGV ROISSY,OUI,5284,17:15,NORD,TGV HAUTE PICARDIE,JCAQUINORD,FRTHP,16:47,FRMLW
6476,2023-08-14,POITIERS,NON,5284,15:49,NORD,MASSY TGV,JCAQUINORD,FRDJU,14:19,FRPIS
6477,2023-08-14,POITIERS,NON,5284,16:27,NORD,MARNE LA VALLEE CHESSY,JCAQUINORD,FRMLV,14:19,FRPIS
6478,2023-08-14,POITIERS,NON,5284,17:15,NORD,TGV HAUTE PICARDIE,JCAQUINORD,FRTHP,14:19,FRPIS
6479,2023-08-14,POITIERS,NON,5284,14:50,NORD,ST PIERRE DES CORPS,JCAQUINORD,FRXSH,14:19,FRPIS
6480,2023-08-14,LILLE (intramuros),NON,5102,10:11,NORD,AVIGNON TGV,JCNORDSUD,FRAVG,06:00,FRLLE
6481,2023-08-14,LILLE (intramuros),NON,5102,10:48,NORD,MARSEILLE ST CHARLES,JCNORDSUD,FRMSC,06:00,FRLLE
6482,2023-08-14,MARNE LA VALLEE CHESSY,NON,5102,10:11,NORD,AVIGNON TGV,JCNORDSUD,FRAVG,07:13,FRMLV
6483,2023-08-14,MARNE LA VALLEE CHESSY,NON,5102,10:48,NORD,MARSEILLE ST CHARLES,JCNORDSUD,FRMSC,07:13,FRMLV
6484,2023-08-14,NIMES,NON,6200,09:18,SUD EST,PARIS (intramuros),LANGPA,FRPLY,06:19,FRFNI
6485,2023-08-14,DIJON VILLE,NON,5500,21:13,EST,METZ VILLE,JCRHONRHIN,FRADE,17:50,FRABA
6486,2023-08-14,DIJON VILLE,NON,5500,19:41,EST,COLMAR,JCRHONRHIN,FRAEJ,17:50,FRABA
6487,2023-08-14,COLMAR,OUI,5500,20:13,EST,STRASBOURG,JCRHONRHIN,FRAEG,19:44,FRAEJ
6488,2023-08-14,MULHOUSE VILLE,OUI,5500,19:41,EST,COLMAR,JCRHONRHIN,FRAEJ,19:12,FRAEK
6489,2023-08-14,NIMES,NON,5500,17:40,EST,DIJON VILLE,JCRHONRHIN,FRABA,14:25,FRFNI
6490,2023-08-14,NIMES,NON,5500,21:13,EST,METZ VILLE,JCRHONRHIN,FRADE,14:25,FRFNI
6491,2023-08-14,NIMES,NON,5500,16:39,EST,MACON VILLE,JCRHONRHIN,FRHGU,14:25,FRFNI
6492,2023-08-14,MACON VILLE,NON,5500,17:40,EST,DIJON VILLE,JCRHONRHIN,FRABA,16:41,FRHGU
6493,2023-08-14,MACON VILLE,NON,5500,18:17,EST,BESANCON - F COMTE TGV,JCRHONRHIN,FRTJB,16:41,FRHGU
6494,2023-08-14,LYON (intramuros),NON,5500,17:40,EST,DIJON VILLE,JCRHONRHIN,FRABA,16:04,FRLPD
6495,2023-08-14,LYON (intramuros),NON,5500,16:39,EST,MACON VILLE,JCRHONRHIN,FRHGU,16:04,FRLPD
6496,2023-08-14,LYON (intramuros),NON,5500,18:44,EST,BELFORT-MONTBELIARD TGV,JCRHONRHIN,FRTJA,16:04,FRLPD
6497,2023-08-14,BESANCON - F COMTE TGV,NON,5500,18:44,EST,BELFORT-MONTBELIARD TGV,JCRHONRHIN,FRTJA,18:22,FRTJB
6498,2023-08-14,VALENCE TGV RHONE-ALPES SUD,NON,5500,16:39,EST,MACON VILLE,JCRHONRHIN,FRHGU,15:12,FRVLA
6499,2023-08-14,ST ETIENNE CHATEAUCREUX,OUI,6694,12:54,SUD EST,LYON (intramuros),RHONEPARIS,FRLPD,12:11,FRHHD
6500,2023-08-14,BRUXELLES MIDI BRUSSEL ZUID,OUI,9832,15:38,NORD,LILLE (intramuros),JCNORDBRET,FRLLE,15:03,BEBMI
6501,2023-08-14,BRUXELLES MIDI BRUSSEL ZUID,NON,9832,16:58,NORD,MARNE LA VALLEE CHESSY,JCNORDBRET,FRMLV,15:03,BEBMI
6502,2023-08-14,LE MANS,OUI,9832,19:09,NORD,ANGERS ST LAUD,JCNORDBRET,FRACL,18:32,FRAET
6503,2023-08-14,MASSY TGV,OUI,9832,18:29,NORD,LE MANS,JCNORDBRET,FRAET,17:39,FRDJU
6504,2023-08-14,LILLE (intramuros),NON,9832,19:09,NORD,ANGERS ST LAUD,JCNORDBRET,FRACL,15:52,FRLLE
6505,2023-08-14,LILLE (intramuros),OUI,9832,16:43,NORD,AEROPORT CDG2 TGV ROISSY,JCNORDBRET,FRMLW,15:52,FRLLE
6506,2023-08-14,AEROPORT CDG2 TGV ROISSY,NON,9832,19:09,NORD,ANGERS ST LAUD,JCNORDBRET,FRACL,16:49,FRMLW
6507,2023-08-14,AEROPORT CDG2 TGV ROISSY,NON,9832,19:50,NORD,NANTES,JCNORDBRET,FRNTE,16:49,FRMLW
6508,2023-08-14,KAISERSLAUTERN HBF,NON,9557,22:59,INTERNATIONAL,FRANKFURT MAIN HBF,PAFRANC,DEFRH,21:37,DEKLT
6509,2023-08-14,SARREBRUCK/SAARBRUECKEN,NON,9557,21:35,INTERNATIONAL,KAISERSLAUTERN HBF,PAFRANC,DEKLT,20:59,DESBK
6510,2023-08-14,PARIS (intramuros),NON,9557,21:35,INTERNATIONAL,KAISERSLAUTERN HBF,PAFRANC,DEKLT,19:07,FRPST
6511,2023-08-14,PARIS (intramuros),NON,9557,20:47,INTERNATIONAL,FORBACH,PAFRANC,FRBQT,19:07,FRPST
6512,2023-08-14,PARIS (intramuros),OUI,6367,22:28,SUD EST,MONTPELLIER SUD DE FRANCE,PALANG,FRSUF,19:10,FRPLY
6513,2023-08-14,MONTPELLIER SUD DE FRANCE,OUI,6367,23:23,SUD EST,MONTPELLIER SAINT-ROCH,PALANG,FRMPL,22:35,FRSUF
6514,2023-08-14,NIMES PONT DU GARD,OUI,6367,23:23,SUD EST,MONTPELLIER SAINT-ROCH,PALANG,FRMPL,22:09,FRXZP
6515,2023-08-14,AIX EN PROVENCE TGV,NON,6116,15:22,SUD EST,PARIS (intramuros),PROVENCEPA,FRPLY,12:18,FRAIE
6516,2023-08-14,MARSEILLE ST CHARLES,OUI,6116,12:15,SUD EST,AIX EN PROVENCE TGV,PROVENCEPA,FRAIE,12:04,FRMSC
6517,2023-08-14,MARSEILLE ST CHARLES,OUI,6116,12:37,SUD EST,AVIGNON TGV,PROVENCEPA,FRAVG,12:04,FRMSC
6518,2023-08-14,AVIGNON TGV,NON,6127,21:44,SUD EST,AIX EN PROVENCE TGV,PAPROVENCE,FRAIE,21:24,FRAVG
6519,2023-08-14,PARIS (intramuros),NON,6127,21:44,SUD EST,AIX EN PROVENCE TGV,PAPROVENCE,FRAIE,18:38,FRPLY
6520,2023-08-14,JONZAC,NON,3833,16:08,IC SRO,BORDEAUX ST JEAN,NANTEBORDO,FRBOJ,15:11,FREMR
6521,2023-08-14,LA ROCHELLE VILLE,NON,3833,16:08,IC SRO,BORDEAUX ST JEAN,NANTEBORDO,FRBOJ,13:43,FRLRH
6522,2023-08-14,LA ROCHELLE VILLE,NON,3833,14:03,IC SRO,ROCHEFORT,NANTEBORDO,FRRCO,13:43,FRLRH
6523,2023-08-14,ROCHEFORT,NON,3833,16:08,IC SRO,BORDEAUX ST JEAN,NANTEBORDO,FRBOJ,14:05,FRRCO
6524,2023-08-14,ROCHEFORT,NON,3833,15:10,IC SRO,JONZAC,NANTEBORDO,FREMR,14:05,FRRCO
6525,2023-08-14,LA ROCHE SUR YON,NON,3833,13:39,IC SRO,LA ROCHELLE VILLE,NANTEBORDO,FRLRH,12:36,FRXRO
6526,2023-08-14,LA ROCHE SUR YON,NON,3833,14:03,IC SRO,ROCHEFORT,NANTEBORDO,FRRCO,12:36,FRXRO
6527,2023-08-14,MULHOUSE VILLE,OUI,6708,20:42,SUD EST,PARIS (intramuros),BOURPA,FRPLY,17:46,FRAEK
6528,2023-08-14,MULHOUSE VILLE,OUI,6708,18:08,SUD EST,BELFORT-MONTBELIARD TGV,BOURPA,FRTJA,17:46,FRAEK
6529,2023-08-14,BELFORT-MONTBELIARD TGV,OUI,6708,18:31,SUD EST,BESANCON - F COMTE TGV,BOURPA,FRTJB,18:11,FRTJA
6530,2023-08-14,LILLE (intramuros),OUI,7200,07:08,NORD,PARIS (intramuros),ARRASPA,FRPNO,05:52,FRADJ
6531,2023-08-14,CLERMONT FERRAND,OUI,5990,22:57,IC ARO,PARIS (intramuros),CLERMONTPA,FRPBE,19:31,FRCFE
6532,2023-08-14,CLERMONT FERRAND,OUI,5990,20:29,IC ARO,MOULINS SUR ALLIER,CLERMONTPA,FRXMU,19:31,FRCFE
6533,2023-08-14,NEVERS,OUI,5990,22:57,IC ARO,PARIS (intramuros),CLERMONTPA,FRPBE,21:00,FRNVS
6534,2023-08-14,RIOM CHATEL GUYON,OUI,5990,20:58,IC ARO,NEVERS,CLERMONTPA,FRNVS,19:42,FRRIO
6535,2023-08-14,RIOM CHATEL GUYON,OUI,5990,22:57,IC ARO,PARIS (intramuros),CLERMONTPA,FRPBE,19:42,FRRIO
6536,2023-08-14,VICHY,OUI,5990,20:58,IC ARO,NEVERS,CLERMONTPA,FRNVS,20:06,FRVHY
6537,2023-08-14,VICHY,OUI,5990,22:57,IC ARO,PARIS (intramuros),CLERMONTPA,FRPBE,20:06,FRVHY
6538,2023-08-14,PARIS (intramuros),NON,9711,11:03,SUD EST,BEZIERS,PABARCELONE,FRBZR,06:56,FRPLY
6539,2023-08-14,PARIS (intramuros),NON,9711,11:56,SUD EST,PERPIGNAN,PABARCELONE,FRPGF,06:56,FRPLY
6540,2023-08-14,SETE,NON,9711,11:03,SUD EST,BEZIERS,PABARCELONE,FRBZR,10:34,FRXSY
6541,2023-08-14,SETE,NON,9711,11:20,SUD EST,NARBONNE,PABARCELONE,FRXNA,10:34,FRXSY
6542,2023-08-14,VALENCE TGV RHONE-ALPES SUD,NON,9711,10:08,SUD EST,MONTPELLIER SUD DE FRANCE,PABARCELONE,FRSUF,09:10,FRVLA
6543,2023-08-14,MONTPELLIER SUD DE FRANCE,NON,9711,11:56,SUD EST,PERPIGNAN,PABARCELONE,FRPGF,10:17,FRSUF
6544,2023-08-14,MONTPELLIER SUD DE FRANCE,NON,9711,11:03,SUD EST,BEZIERS,PABARCELONE,FRBZR,10:17,FRSUF
6545,2023-08-14,PERPIGNAN,NON,9711,12:27,SUD EST,FIGUERES VILA TGV,PABARCELONE,ESFIR,12:03,FRPGF
6546,2023-08-14,PARIS (intramuros),NON,9711,09:46,SUD EST,NIMES PONT DU GARD,PABARCELONE,FRXZP,06:56,FRPLY
6547,2023-08-14,VALENCE TGV RHONE-ALPES SUD,NON,9711,09:46,SUD EST,NIMES PONT DU GARD,PABARCELONE,FRXZP,09:10,FRVLA
6548,2023-08-14,NIMES PONT DU GARD,NON,9711,10:48,SUD EST,AGDE,PABARCELONE,FRXAG,09:49,FRXZP
6549,2023-08-14,PERPIGNAN,NON,9711,13:25,SUD EST,BARCELONA SANTS,PABARCELONE,ESBST,12:03,FRPGF
6550,2023-08-14,PARIS (intramuros),NON,9711,12:44,SUD EST,GIRONA,PABARCELONE,ESGRO,06:56,FRPLY
6551,2023-08-14,MONTPELLIER SUD DE FRANCE,NON,9711,12:44,SUD EST,GIRONA,PABARCELONE,ESGRO,10:17,FRSUF
6552,2023-08-14,AGDE,NON,9711,12:27,SUD EST,FIGUERES VILA TGV,PABARCELONE,ESFIR,10:51,FRXAG
6553,2023-08-14,MULHOUSE VILLE,OUI,6706,17:35,SUD EST,MONTBARD,BOURPA,FRGWE,15:40,FRAEK
6554,2023-08-14,MONTBARD,OUI,6706,18:42,SUD EST,PARIS (intramuros),BOURPA,FRPLY,17:38,FRGWE
6555,2023-08-14,BESANCON - F COMTE TGV,OUI,6706,18:42,SUD EST,PARIS (intramuros),BOURPA,FRPLY,16:28,FRTJB
6556,2023-08-14,LIMOGES BENEDICTINS,OUI,3645,19:46,IC ARO,GOURDON,PALITO,FRFSI,18:02,FRAGQ
6557,2023-08-14,LIMOGES BENEDICTINS,OUI,3645,19:29,IC ARO,SOUILLAC,PALITO,FRSOU,18:02,FRAGQ
6558,2023-08-14,LIMOGES BENEDICTINS,OUI,3645,21:23,IC ARO,TOULOUSE MATABIAU,PALITO,FRXYT,18:02,FRAGQ
6559,2023-08-14,CHATEAUROUX,NON,3645,19:02,IC ARO,BRIVE LA GAILLARDE,PALITO,FRBVE,16:48,FRCHR
6560,2023-08-14,CHATEAUROUX,NON,3645,20:39,IC ARO,CAUSSADE TARN ET GARONNE,PALITO,FRFTA,16:48,FRCHR
6561,2023-08-14,CHATEAUROUX,NON,3645,20:54,IC ARO,MONTAUBAN VILLE BOURBON,PALITO,FRXMW,16:48,FRCHR
6562,2023-08-14,CHATEAUROUX,NON,3645,21:23,IC ARO,TOULOUSE MATABIAU,PALITO,FRXYT,16:48,FRCHR
6563,2023-08-14,LES AUBRAIS ORLEANS,NON,3645,20:54,IC ARO,MONTAUBAN VILLE BOURBON,PALITO,FRXMW,15:40,FRLAB
6564,2023-08-14,LES AUBRAIS ORLEANS,NON,3645,16:14,IC ARO,VIERZON VILLE,PALITO,FRXVZ,15:40,FRLAB
6565,2023-08-14,LES AUBRAIS ORLEANS,NON,3645,21:23,IC ARO,TOULOUSE MATABIAU,PALITO,FRXYT,15:40,FRLAB
6566,2023-08-14,PARIS (intramuros),NON,3645,17:57,IC ARO,LIMOGES BENEDICTINS,PALITO,FRAGQ,14:40,FRPAZ
6567,2023-08-14,PARIS (intramuros),NON,3645,19:46,IC ARO,GOURDON,PALITO,FRFSI,14:40,FRPAZ
6568,2023-08-14,PARIS (intramuros),NON,3645,20:39,IC ARO,CAUSSADE TARN ET GARONNE,PALITO,FRFTA,14:40,FRPAZ
6569,2023-08-14,PARIS (intramuros),NON,3645,19:29,IC ARO,SOUILLAC,PALITO,FRSOU,14:40,FRPAZ
6570,2023-08-14,PARIS (intramuros),NON,3645,20:12,IC ARO,CAHORS,PALITO,FRZAO,14:40,FRPAZ
6571,2023-08-14,SOUILLAC,OUI,3645,21:23,IC ARO,TOULOUSE MATABIAU,PALITO,FRXYT,19:31,FRSOU
6572,2023-08-14,VIERZON VILLE,NON,3645,17:57,IC ARO,LIMOGES BENEDICTINS,PALITO,FRAGQ,16:17,FRXVZ
6573,2023-08-14,VIERZON VILLE,NON,3645,16:46,IC ARO,CHATEAUROUX,PALITO,FRCHR,16:17,FRXVZ
6574,2023-08-14,CAHORS,OUI,3645,20:54,IC ARO,MONTAUBAN VILLE BOURBON,PALITO,FRXMW,20:14,FRZAO
6575,2023-08-14,LA SOUTERRAINE,OUI,3645,20:54,IC ARO,MONTAUBAN VILLE BOURBON,PALITO,FRXMW,17:25,FRLST
6576,2023-08-14,DAX,OUI,8541,16:26,ATLANTIQUE,BIARRITZ,PASUDOUEST,FRBIQ,15:41,FRACG
6577,2023-08-14,BIARRITZ,OUI,8541,16:56,ATLANTIQUE,HENDAYE,PASUDOUEST,FRAEF,16:29,FRBIQ
6578,2023-08-14,BORDEAUX ST JEAN,NON,8541,16:42,ATLANTIQUE,ST JEAN DE LUZ CIBOURE,PASUDOUEST,FRXJZ,14:21,FRBOJ
6579,2023-08-14,PARIS (intramuros),NON,8541,14:15,ATLANTIQUE,BORDEAUX ST JEAN,PASUDOUEST,FRBOJ,12:08,FRPMO
6580,2023-08-14,BAYONNE,OUI,8541,16:56,ATLANTIQUE,HENDAYE,PASUDOUEST,FRAEF,16:17,FRXBY
6581,2023-08-14,BAYONNE,OUI,8541,16:26,ATLANTIQUE,BIARRITZ,PASUDOUEST,FRBIQ,16:17,FRXBY
6582,2023-08-14,ST JEAN DE LUZ CIBOURE,OUI,8541,16:56,ATLANTIQUE,HENDAYE,PASUDOUEST,FRAEF,16:44,FRXJZ
6583,2023-08-14,VALENCE TGV RHONE-ALPES SUD,NON,6266,16:12,SUD EST,PARIS (intramuros),LANGPA,FRPLY,13:55,FRVLA
6584,2023-08-14,HENDAYE,NON,3742,06:08,IC NUIT,LES AUBRAIS ORLEANS,PALOMBEPAR,FRLAB,18:57,FRAEF
6585,2023-08-14,TARBES,NON,3742,06:08,IC NUIT,LES AUBRAIS ORLEANS,PALOMBEPAR,FRLAB,22:29,FRXTB
6586,2023-08-14,ARRAS,OUI,7320,14:32,NORD,PARIS (intramuros),ARRASPA,FRPNO,13:41,FRQRV
6587,2023-08-14,DAX,NON,8581,15:52,ATLANTIQUE,PARIS (intramuros),SUDOUESTPA,FRPMO,12:19,FRACG
6588,2023-08-14,PAU,OUI,8581,12:10,ATLANTIQUE,DAX,SUDOUESTPA,FRACG,11:19,FRAEE
6589,2023-08-14,LOURDES,OUI,8581,11:17,ATLANTIQUE,PAU,SUDOUESTPA,FRAEE,10:51,FRLDE
6590,2023-08-14,LOURDES,NON,8581,13:40,ATLANTIQUE,BORDEAUX ST JEAN,SUDOUESTPA,FRBOJ,10:51,FRLDE
6591,2023-08-14,TARBES,OUI,8581,11:17,ATLANTIQUE,PAU,SUDOUESTPA,FRAEE,10:28,FRXTB
6592,2023-08-14,CANNES,OUI,6168,18:33,SUD EST,MARSEILLE ST CHARLES,AZURPA,FRMSC,16:32,FRJCA
6593,2023-08-14,NICE VILLE,NON,6168,21:50,SUD EST,PARIS (intramuros),AZURPA,FRPLY,16:01,FRNIC
6594,2023-08-14,ANTIBES,OUI,6168,16:28,SUD EST,CANNES,AZURPA,FRJCA,16:17,FRXAT
6595,2023-08-14,UZERCHE,OUI,3654,14:58,IC ARO,LIMOGES BENEDICTINS,TOULOUZECO,FRAGQ,14:22,FRAAW
6596,2023-08-14,UZERCHE,NON,3654,18:19,IC ARO,PARIS (intramuros),TOULOUZECO,FRPAZ,14:22,FRAAW
6597,2023-08-14,UZERCHE,NON,3654,16:46,IC ARO,VIERZON VILLE,TOULOUZECO,FRXVZ,14:22,FRAAW
6598,2023-08-14,BRIVE LA GAILLARDE,NON,3654,18:19,IC ARO,PARIS (intramuros),TOULOUZECO,FRPAZ,13:56,FRBVE
6599,2023-08-14,CHATEAUROUX,NON,3654,16:46,IC ARO,VIERZON VILLE,TOULOUZECO,FRXVZ,16:13,FRCHR
6600,2023-08-14,GOURDON,NON,3654,16:46,IC ARO,VIERZON VILLE,TOULOUZECO,FRXVZ,13:11,FRFSI
6601,2023-08-14,LA SOUTERRAINE,NON,3654,18:19,IC ARO,PARIS (intramuros),TOULOUZECO,FRPAZ,15:35,FRLST
6602,2023-08-14,SOUILLAC,OUI,3654,13:53,IC ARO,BRIVE LA GAILLARDE,TOULOUZECO,FRBVE,13:28,FRSOU
6603,2023-08-14,VIERZON VILLE,NON,3654,18:19,IC ARO,PARIS (intramuros),TOULOUZECO,FRPAZ,16:48,FRXVZ
6604,2023-08-14,CAHORS,OUI,3654,13:09,IC ARO,GOURDON,TOULOUZECO,FRFSI,12:44,FRZAO
6605,2023-08-14,CAHORS,OUI,3654,13:26,IC ARO,SOUILLAC,TOULOUZECO,FRSOU,12:44,FRZAO
6606,2023-08-14,NIMES,NON,6825,20:45,SUD EST,BEZIERS,JCPROVSUD,FRBZR,19:38,FRFNI
6607,2023-08-14,LYON (intramuros),NON,6825,19:35,SUD EST,NIMES,JCPROVSUD,FRFNI,18:09,FRLPD
6608,2023-08-14,MONTPELLIER SAINT-ROCH,NON,6825,21:33,SUD EST,CARCASSONNE,JCPROVSUD,FRCCF,20:07,FRMPL
6609,2023-08-14,MONTPELLIER SAINT-ROCH,NON,6825,21:01,SUD EST,NARBONNE,JCPROVSUD,FRXNA,20:07,FRMPL
6610,2023-08-14,VALENCE TGV RHONE-ALPES SUD,NON,6825,21:33,SUD EST,CARCASSONNE,JCPROVSUD,FRCCF,18:53,FRVLA
6611,2023-08-14,VALENCE TGV RHONE-ALPES SUD,NON,6825,21:01,SUD EST,NARBONNE,JCPROVSUD,FRXNA,18:53,FRVLA
6612,2023-08-14,BELFORT-MONTBELIARD TGV,NON,9219,19:26,INTERNATIONAL,BASEL SBB,PABALZUR,CHAJP,18:41,FRTJA
6613,2023-08-14,BELFORT-MONTBELIARD TGV,NON,9219,19:03,INTERNATIONAL,MULHOUSE VILLE,PABALZUR,FRAEK,18:41,FRTJA
6614,2023-08-14,STRASBOURG,NON,2087,14:25,EST,AVIGNON TGV,JCRHINRHON,FRAVG,09:03,FRAEG
6615,2023-08-14,STRASBOURG,NON,2087,10:18,EST,BELFORT-MONTBELIARD TGV,JCRHINRHON,FRTJA,09:03,FRAEG
6616,2023-08-14,MULHOUSE VILLE,NON,2087,14:25,EST,AVIGNON TGV,JCRHINRHON,FRAVG,09:57,FRAEK
6617,2023-08-14,MULHOUSE VILLE,NON,2087,15:06,EST,MARSEILLE ST CHARLES,JCRHINRHON,FRMSC,09:57,FRAEK
6618,2023-08-14,MULHOUSE VILLE,NON,2087,10:18,EST,BELFORT-MONTBELIARD TGV,JCRHINRHON,FRTJA,09:57,FRAEK
6619,2023-08-14,MULHOUSE VILLE,NON,2087,13:46,EST,VALENCE TGV RHONE-ALPES SUD,JCRHINRHON,FRVLA,09:57,FRAEK
6620,2023-08-14,AIX EN PROVENCE TGV,OUI,2087,15:06,EST,MARSEILLE ST CHARLES,JCRHINRHON,FRMSC,14:52,FRAIE
6621,2023-08-14,BELFORT-MONTBELIARD TGV,NON,2087,12:19,EST,MACON VILLE,JCRHINRHON,FRHGU,10:21,FRTJA
6622,2023-08-14,BELFORT-MONTBELIARD TGV,NON,2087,15:06,EST,MARSEILLE ST CHARLES,JCRHINRHON,FRMSC,10:21,FRTJA
6623,2023-08-14,BESANCON - F COMTE TGV,NON,2087,12:19,EST,MACON VILLE,JCRHINRHON,FRHGU,10:44,FRTJB
6624,2023-08-14,BESANCON - F COMTE TGV,NON,2087,13:00,EST,LYON (intramuros),JCRHINRHON,FRLPD,10:44,FRTJB
6625,2023-08-14,VALENCE TGV RHONE-ALPES SUD,NON,2087,14:49,EST,AIX EN PROVENCE TGV,JCRHINRHON,FRAIE,13:51,FRVLA
6626,2023-08-14,LIMOGES BENEDICTINS,OUI,3624,08:25,IC ARO,ISSOUDUN,TOULOUZECO,FRFMN,07:01,FRAGQ
6627,2023-08-14,ISSOUDUN,NON,3624,10:23,IC ARO,PARIS (intramuros),TOULOUZECO,FRPAZ,08:26,FRFMN
6628,2023-08-14,PARIS (intramuros),OUI,6627,19:09,SUD EST,LE CREUSOT MONTCEAU MONTCHANIN,PARISRHONE,FRXCC,17:52,FRPLY
6629,2023-08-14,METZ VILLE,OUI,2807,10:07,EST,THIONVILLE,PAMETZLUX,FRXTH,09:50,FRADE
6630,2023-08-14,PARIS (intramuros),OUI,2807,08:53,EST,CHAMPAGNE-ARDENNE,PAMETZLUX,FREAH,08:14,FRPST
6631,2023-08-14,PARIS (intramuros),OUI,7369,14:30,NORD,DUNKERQUE,PAARRAS,FRADI,12:25,FRPNO
6632,2023-08-14,BRUXELLES MIDI BRUSSEL ZUID,NON,9812,12:00,NORD,LYON (intramuros),JCNORDSUD,FRLPD,08:17,BEBMI
6633,2023-08-14,BRUXELLES MIDI BRUSSEL ZUID,NON,9812,10:08,NORD,MARNE LA VALLEE CHESSY,JCNORDSUD,FRMLV,08:17,BEBMI
6634,2023-08-14,BRUXELLES MIDI BRUSSEL ZUID,NON,9812,12:45,NORD,VALENCE TGV RHONE-ALPES SUD,JCNORDSUD,FRVLA,08:17,BEBMI
6635,2023-08-14,NIMES,OUI,9812,14:03,NORD,MONTPELLIER SAINT-ROCH,JCNORDSUD,FRMPL,13:37,FRFNI
6636,2023-08-14,LILLE (intramuros),NON,9812,12:00,NORD,LYON (intramuros),JCNORDSUD,FRLPD,09:03,FRLLE
6637,2023-08-14,LYON (intramuros),NON,9812,14:03,NORD,MONTPELLIER SAINT-ROCH,JCNORDSUD,FRMPL,12:06,FRLPD
6638,2023-08-14,MARNE LA VALLEE CHESSY,NON,9812,12:00,NORD,LYON (intramuros),JCNORDSUD,FRLPD,10:13,FRMLV
6639,2023-08-14,VALENCE TGV RHONE-ALPES SUD,NON,9812,14:03,NORD,MONTPELLIER SAINT-ROCH,JCNORDSUD,FRMPL,12:50,FRVLA
6640,2023-08-14,BRASSAC LES MINES STE FLORINE,NON,15940,16:01,IC SRO,CLERMONT FERRAND,JOUNOREST,FRCFE,15:23,FRHLE
6641,2023-08-14,NEUSSARGUES,NON,15940,14:57,IC SRO,MASSIAC BLESLE,JOUNOREST,FRHMY,14:36,FRNEU
6642,2023-08-14,SEVERAC LE CHATEAU,NON,15940,12:11,IC SRO,CAMPAGNAC ST GENIEZ,JOUNOREST,FRINJ,11:58,FRSVC
6643,2023-08-14,CAMPAGNAC ST GENIEZ,NON,15940,12:26,IC SRO,BANASSAC LA CANOURGUE,JOUNOREST,FRINH,12:12,FRINJ
6644,2023-08-14,ST FLOUR CHAUDES AIGUES,NON,15940,14:27,IC SRO,NEUSSARGUES,JOUNOREST,FRNEU,14:07,FRIMW
6645,2023-08-14,NEUSSARGUES,NON,15940,16:01,IC SRO,CLERMONT FERRAND,JOUNOREST,FRCFE,14:36,FRNEU
6646,2023-08-14,SEVERAC LE CHATEAU,NON,15940,16:01,IC SRO,CLERMONT FERRAND,JOUNOREST,FRCFE,11:58,FRSVC
6647,2023-08-14,MARVEJOLS,NON,15940,16:01,IC SRO,CLERMONT FERRAND,JOUNOREST,FRCFE,12:50,FRINE
6648,2023-08-14,BEZIERS,NON,15940,14:27,IC SRO,NEUSSARGUES,JOUNOREST,FRNEU,09:33,FRBZR
6649,2023-08-14,BEZIERS,NON,15940,11:13,IC SRO,ST GEORGES DE LUZENCON,JOUNOREST,FRINM,09:33,FRBZR
6650,2023-08-14,MILLAU,NON,15940,13:27,IC SRO,ST CHELY D'APCHER,JOUNOREST,FRINB,11:26,FRMAU
6651,2023-08-14,BEDARIEUX,NON,15940,12:49,IC SRO,MARVEJOLS,JOUNOREST,FRINE,10:08,FRIMH
6652,2023-08-14,BEZIERS,NON,15940,15:35,IC SRO,ISSOIRE,JOUNOREST,FRHLB,09:33,FRBZR
6653,2023-08-14,SEVERAC LE CHATEAU,NON,15940,13:27,IC SRO,ST CHELY D'APCHER,JOUNOREST,FRINB,11:58,FRSVC
6654,2023-08-14,MASSIAC BLESLE,NON,15940,15:35,IC SRO,ISSOIRE,JOUNOREST,FRHLB,14:58,FRHMY
6655,2023-08-14,MILLAU,NON,15940,13:14,IC SRO,AUMONT AUBRAC,JOUNOREST,FRINC,11:26,FRMAU
6656,2023-08-14,NEUSSARGUES,NON,15940,15:22,IC SRO,BRASSAC LES MINES STE FLORINE,JOUNOREST,FRHLE,14:36,FRNEU
6657,2023-08-14,BEZIERS,NON,15940,14:57,IC SRO,MASSIAC BLESLE,JOUNOREST,FRHMY,09:33,FRBZR
6658,2023-08-14,BEDARIEUX,NON,15940,11:24,IC SRO,MILLAU,JOUNOREST,FRMAU,10:08,FRIMH
6659,2023-08-14,CAMPAGNAC ST GENIEZ,NON,15940,14:06,IC SRO,ST FLOUR CHAUDES AIGUES,JOUNOREST,FRIMW,12:12,FRINJ
6660,2023-08-14,BANASSAC LA CANOURGUE,NON,15940,14:27,IC SRO,NEUSSARGUES,JOUNOREST,FRNEU,12:29,FRINH
6661,2023-08-14,MILLAU,NON,15940,15:22,IC SRO,BRASSAC LES MINES STE FLORINE,JOUNOREST,FRHLE,11:26,FRMAU
6662,2023-08-14,BEDARIEUX,NON,15940,15:35,IC SRO,ISSOIRE,JOUNOREST,FRHLB,10:08,FRIMH
6663,2023-08-14,SEVERAC LE CHATEAU,NON,15940,14:57,IC SRO,MASSIAC BLESLE,JOUNOREST,FRHMY,11:58,FRSVC
6664,2023-08-14,TOURNEMIRE ROQUEFORT,NON,15940,16:01,IC SRO,CLERMONT FERRAND,JOUNOREST,FRCFE,10:59,FRINO
6665,2023-08-14,AUMONT AUBRAC,NON,15940,14:06,IC SRO,ST FLOUR CHAUDES AIGUES,JOUNOREST,FRIMW,13:15,FRINC
6666,2023-08-14,BEDARIEUX,NON,15940,12:26,IC SRO,BANASSAC LA CANOURGUE,JOUNOREST,FRINH,10:08,FRIMH
6667,2023-08-14,ST GEORGES DE LUZENCON,NON,15940,16:01,IC SRO,CLERMONT FERRAND,JOUNOREST,FRCFE,11:14,FRINM
6668,2023-08-14,ST FLOUR CHAUDES AIGUES,NON,15940,15:22,IC SRO,BRASSAC LES MINES STE FLORINE,JOUNOREST,FRHLE,14:07,FRIMW
6669,2023-08-14,ST ROME DE CERNON,NON,15940,15:35,IC SRO,ISSOIRE,JOUNOREST,FRHLB,11:07,FRINN
6670,2023-08-14,BANASSAC LA CANOURGUE,NON,15940,15:22,IC SRO,BRASSAC LES MINES STE FLORINE,JOUNOREST,FRHLE,12:29,FRINH
6671,2023-08-14,AUMONT AUBRAC,NON,15940,15:35,IC SRO,ISSOIRE,JOUNOREST,FRHLB,13:15,FRINC
6672,2023-08-14,CAMPAGNAC ST GENIEZ,NON,15940,15:35,IC SRO,ISSOIRE,JOUNOREST,FRHLB,12:12,FRINJ
6673,2023-08-14,ST GEORGES DE LUZENCON,NON,15940,15:35,IC SRO,ISSOIRE,JOUNOREST,FRHLB,11:14,FRINM
6674,2023-08-14,BANASSAC LA CANOURGUE,NON,15940,13:14,IC SRO,AUMONT AUBRAC,JOUNOREST,FRINC,12:29,FRINH
6675,2023-08-14,ST GEORGES DE LUZENCON,NON,15940,13:27,IC SRO,ST CHELY D'APCHER,JOUNOREST,FRINB,11:14,FRINM
6676,2023-08-14,LE BOUSQUET D'ORB,NON,15940,14:57,IC SRO,MASSIAC BLESLE,JOUNOREST,FRHMY,10:19,FRIMG
6677,2023-08-14,CEILHES ROQUEREDONDE,NON,15940,11:56,IC SRO,SEVERAC LE CHATEAU,JOUNOREST,FRSVC,10:34,FRIMC
6678,2023-08-14,BANASSAC LA CANOURGUE,NON,15940,14:06,IC SRO,ST FLOUR CHAUDES AIGUES,JOUNOREST,FRIMW,12:29,FRINH
6679,2023-08-14,BEZIERS,NON,15940,09:46,IC SRO,MAGALAS,JOUNOREST,FRIMK,09:33,FRBZR
6680,2023-08-14,MAGALAS,NON,15940,11:24,IC SRO,MILLAU,JOUNOREST,FRMAU,09:47,FRIMK
6681,2023-08-14,ST ROME DE CERNON,NON,15940,11:56,IC SRO,SEVERAC LE CHATEAU,JOUNOREST,FRSVC,11:07,FRINN
6682,2023-08-14,MAGALAS,NON,15940,14:27,IC SRO,NEUSSARGUES,JOUNOREST,FRNEU,09:47,FRIMK
6683,2023-08-14,MAGALAS,NON,15940,15:16,IC SRO,ARVANT,JOUNOREST,FRARV,09:47,FRIMK
6684,2023-08-14,MAGALAS,NON,15940,13:14,IC SRO,AUMONT AUBRAC,JOUNOREST,FRINC,09:47,FRIMK
6685,2023-08-14,MAGALAS,NON,15940,15:35,IC SRO,ISSOIRE,JOUNOREST,FRHLB,09:47,FRIMK
6686,2023-08-14,BEDARIEUX,NON,15940,14:57,IC SRO,MASSIAC BLESLE,JOUNOREST,FRHMY,10:08,FRIMH
6687,2023-08-14,MAGALAS,NON,15940,10:18,IC SRO,LE BOUSQUET D'ORB,JOUNOREST,FRIMG,09:47,FRIMK
6688,2023-08-14,TOURNEMIRE ROQUEFORT,NON,15940,11:13,IC SRO,ST GEORGES DE LUZENCON,JOUNOREST,FRINM,10:59,FRINO
6689,2023-08-14,MAGALAS,NON,15940,11:13,IC SRO,ST GEORGES DE LUZENCON,JOUNOREST,FRINM,09:47,FRIMK
6690,2023-08-14,TOURNEMIRE ROQUEFORT,NON,15940,14:06,IC SRO,ST FLOUR CHAUDES AIGUES,JOUNOREST,FRIMW,10:59,FRINO
6691,2023-08-14,BANASSAC LA CANOURGUE,NON,15940,14:57,IC SRO,MASSIAC BLESLE,JOUNOREST,FRHMY,12:29,FRINH
6692,2023-08-14,LE MONASTIER,NON,15940,14:27,IC SRO,NEUSSARGUES,JOUNOREST,FRNEU,12:42,FRLMR
6693,2023-08-14,ST ROME DE CERNON,NON,15940,15:22,IC SRO,BRASSAC LES MINES STE FLORINE,JOUNOREST,FRHLE,11:07,FRINN
6694,2023-08-14,SEVERAC LE CHATEAU,NON,15940,12:41,IC SRO,LE MONASTIER,JOUNOREST,FRLMR,11:58,FRSVC
6695,2023-08-14,TBD,NON,15940,14:06,IC SRO,TBD,JOUNOREST,FRIMW,12:42,FRLMR
6696,2023-08-14,AGEN,NON,4655,10:54,IC ARO,MONTPELLIER SAINT-ROCH,TJOURSOSE,FRMPL,07:33,FRAGF
6697,2023-08-14,BORDEAUX ST JEAN,OUI,4655,07:31,IC ARO,AGEN,TJOURSOSE,FRAGF,06:28,FRBOJ
6698,2023-08-14,BORDEAUX ST JEAN,NON,4655,11:22,IC ARO,NIMES,TJOURSOSE,FRFNI,06:28,FRBOJ
6699,2023-08-14,BORDEAUX ST JEAN,OUI,4655,08:37,IC ARO,TOULOUSE MATABIAU,TJOURSOSE,FRXYT,06:28,FRBOJ
6700,2023-08-14,BEZIERS,NON,4655,12:36,IC ARO,MARSEILLE ST CHARLES,TJOURSOSE,FRMSC,10:18,FRBZR
6701,2023-08-14,CARCASSONNE,NON,4655,11:22,IC ARO,NIMES,TJOURSOSE,FRFNI,09:29,FRCCF
6702,2023-08-14,CARCASSONNE,NON,4655,12:36,IC ARO,MARSEILLE ST CHARLES,TJOURSOSE,FRMSC,09:29,FRCCF
6703,2023-08-14,MONTPELLIER SAINT-ROCH,NON,4655,11:22,IC ARO,NIMES,TJOURSOSE,FRFNI,10:58,FRMPL
6704,2023-08-14,NARBONNE,NON,4655,10:54,IC ARO,MONTPELLIER SAINT-ROCH,TJOURSOSE,FRMPL,10:01,FRXNA
6705,2023-08-14,NARBONNE,NON,4655,12:36,IC ARO,MARSEILLE ST CHARLES,TJOURSOSE,FRMSC,10:01,FRXNA
6706,2023-08-14,TOULOUSE MATABIAU,NON,4655,10:15,IC ARO,BEZIERS,TJOURSOSE,FRBZR,08:45,FRXYT
6707,2023-08-14,TOULOUSE MATABIAU,NON,4655,11:22,IC ARO,NIMES,TJOURSOSE,FRFNI,08:45,FRXYT
6708,2023-08-14,ANGERS ST LAUD,OUI,8931,22:07,ATLANTIQUE,LE CROISIC,PARISLOIRE,FREGU,20:19,FRACL
6709,2023-08-14,ST NAZAIRE,OUI,8931,21:55,ATLANTIQUE,LA BAULE ESCOUBLAC,PARISLOIRE,FRJEE,21:42,FRSNR
6710,2023-08-14,BOULOGNE VILLE,NON,7516,12:08,NORD,PARIS (intramuros),ARRASPA,FRPNO,09:33,FRAEB
6711,2023-08-14,AIX EN PROVENCE TGV,NON,6136,09:22,SUD EST,PARIS (intramuros),PROVENCEPA,FRPLY,06:18,FRAIE
6712,2023-08-14,PARIS (intramuros),NON,2465,22:25,EST,STRASBOURG,PASTRAMULH,FRAEG,20:25,FRPST
6713,2023-08-14,NEVERS,NON,5951,10:29,IC ARO,CLERMONT FERRAND,PACLERMONT,FRCFE,08:59,FRNVS
6714,2023-08-14,MOULINS SUR ALLIER,NON,5951,09:55,IC ARO,VICHY,PACLERMONT,FRVHY,09:30,FRXMU
6715,2023-08-14,BORDEAUX ST JEAN,NON,8502,10:52,ATLANTIQUE,PARIS (intramuros),SUDOUESTPA,FRPMO,08:46,FRBOJ
6716,2023-08-14,TOULOUSE MATABIAU,NON,8502,08:40,ATLANTIQUE,BORDEAUX ST JEAN,SUDOUESTPA,FRBOJ,06:28,FRXYT
6717,2023-08-14,BEZIERS,OUI,6223,21:20,SUD EST,NARBONNE,PALANG,FRXNA,21:07,FRBZR
6718,2023-08-14,NIMES,NON,6223,21:20,SUD EST,NARBONNE,PALANG,FRXNA,19:48,FRFNI
6719,2023-08-14,NIMES,NON,6223,20:33,SUD EST,SETE,PALANG,FRXSY,19:48,FRFNI
6720,2023-08-14,MONTPELLIER SAINT-ROCH,OUI,6223,21:04,SUD EST,BEZIERS,PALANG,FRBZR,20:19,FRMPL
6721,2023-08-14,PARIS (intramuros),NON,6223,20:14,SUD EST,MONTPELLIER SAINT-ROCH,PALANG,FRMPL,16:42,FRPLY
6722,2023-08-14,PARIS (intramuros),NON,6223,21:20,SUD EST,NARBONNE,PALANG,FRXNA,16:42,FRPLY
6723,2023-08-14,PARIS (intramuros),NON,6223,20:33,SUD EST,SETE,PALANG,FRXSY,16:42,FRPLY
6724,2023-08-14,VALENCE TGV RHONE-ALPES SUD,NON,6223,20:14,SUD EST,MONTPELLIER SAINT-ROCH,PALANG,FRMPL,19:01,FRVLA
6725,2023-08-14,AGDE,OUI,6223,21:56,SUD EST,PERPIGNAN,PALANG,FRPGF,20:52,FRXAG
6726,2023-08-14,SETE,OUI,6223,21:04,SUD EST,BEZIERS,PALANG,FRBZR,20:36,FRXSY
6727,2023-08-14,SETE,OUI,6223,20:49,SUD EST,AGDE,PALANG,FRXAG,20:36,FRXSY
6728,2023-08-14,STRASBOURG,NON,2076,22:05,EST,PARIS (intramuros),MULHSTRAPA,FRPST,20:20,FRAEG
6729,2023-08-14,BESANCON - F COMTE TGV,NON,6702,10:42,SUD EST,PARIS (intramuros),BOURPA,FRPLY,08:34,FRTJB
6730,2023-08-14,MARSEILLE ST CHARLES,NON,6120,17:30,SUD EST,PARIS (intramuros),PROVENCEPA,FRPLY,14:04,FRMSC
6731,2023-08-14,BORDEAUX ST JEAN,OUI,8585,21:58,ATLANTIQUE,PARIS (intramuros),SUDOUESTPA,FRPMO,19:51,FRBOJ
6732,2023-08-14,ORTHEZ,OUI,8585,19:45,ATLANTIQUE,BORDEAUX ST JEAN,SUDOUESTPA,FRBOJ,17:53,FRGFI
6733,2023-08-14,LOURDES,OUI,8585,21:58,ATLANTIQUE,PARIS (intramuros),SUDOUESTPA,FRPMO,16:59,FRLDE
6734,2023-08-14,FACTURE BIGANOS,OUI,8471,11:02,ATLANTIQUE,LA TESTE,PASUDOUEST,FRFCJ,10:47,FRFAC
6735,2023-08-14,POITIERS,OUI,8471,11:10,ATLANTIQUE,ARCACHON,PASUDOUEST,FRXAC,09:21,FRPIS
6736,2023-08-14,LA TESTE,OUI,8471,11:10,ATLANTIQUE,ARCACHON,PASUDOUEST,FRXAC,11:04,FRFCJ
6737,2023-08-14,ARGELES SUR MER,OUI,3736,06:08,IC NUIT,LES AUBRAIS ORLEANS,PALOMBEPAR,FRLAB,19:30,FRARM
6738,2023-08-14,CARCASSONNE,OUI,3736,06:08,IC NUIT,LES AUBRAIS ORLEANS,PALOMBEPAR,FRLAB,21:47,FRCCF
6739,2023-08-14,LEZIGNAN-CORBIERES,OUI,3736,06:08,IC NUIT,LES AUBRAIS ORLEANS,PALOMBEPAR,FRLAB,21:27,FRFUX
6740,2023-08-14,PORT LA NOUVELLE,OUI,3736,06:08,IC NUIT,LES AUBRAIS ORLEANS,PALOMBEPAR,FRLAB,20:24,FRILP
6741,2023-08-14,LEUCATE LA FRANQUI,OUI,3736,06:08,IC NUIT,LES AUBRAIS ORLEANS,PALOMBEPAR,FRLAB,20:15,FRILQ
6742,2023-08-14,LAVAL,NON,8739,21:59,ATLANTIQUE,LORIENT,PARISBRETA,FRLRT,19:58,FRACR
6743,2023-08-14,LAVAL,NON,8739,21:03,ATLANTIQUE,REDON,PARISBRETA,FRXRN,19:58,FRACR
6744,2023-08-14,LORIENT,OUI,8739,22:30,ATLANTIQUE,ROSPORDEN,PARISBRETA,FRRSP,22:02,FRLRT
6745,2023-08-14,LORIENT,OUI,8739,22:45,ATLANTIQUE,QUIMPER,PARISBRETA,FRUIP,22:02,FRLRT
6746,2023-08-14,PARIS (intramuros),NON,8739,21:03,ATLANTIQUE,REDON,PARISBRETA,FRXRN,18:40,FRPMO
6747,2023-08-14,PARIS (intramuros),NON,8739,21:41,ATLANTIQUE,AURAY,PARISBRETA,FRXUY,18:40,FRPMO
6748,2023-08-14,RENNES,OUI,8739,21:28,ATLANTIQUE,VANNES,PARISBRETA,FRVNE,20:29,FRRNS
6749,2023-08-14,RENNES,OUI,8739,21:03,ATLANTIQUE,REDON,PARISBRETA,FRXRN,20:29,FRRNS
6750,2023-08-14,ROSPORDEN,OUI,8739,22:45,ATLANTIQUE,QUIMPER,PARISBRETA,FRUIP,22:33,FRRSP
6751,2023-08-14,VANNES,OUI,8739,22:45,ATLANTIQUE,QUIMPER,PARISBRETA,FRUIP,21:31,FRVNE
6752,2023-08-14,REDON,OUI,8739,22:45,ATLANTIQUE,QUIMPER,PARISBRETA,FRUIP,21:05,FRXRN
6753,2023-08-14,AURAY,OUI,8739,22:13,ATLANTIQUE,QUIMPERLE,PARISBRETA,FRECO,21:44,FRXUY
6754,2023-08-14,MULHOUSE VILLE,NON,9206,11:38,INTERNATIONAL,PARIS (intramuros),ZURBALPA,FRPLY,08:56,FRAEK
6755,2023-08-14,BELFORT-MONTBELIARD TGV,NON,9206,11:38,INTERNATIONAL,PARIS (intramuros),ZURBALPA,FRPLY,09:20,FRTJA
6756,2023-08-14,SARREBRUCK/SAARBRUECKEN,NON,9553,16:59,INTERNATIONAL,FRANKFURT MAIN HBF,PAFRANC,DEFRH,14:59,DESBK
6757,2023-08-14,SARREBRUCK/SAARBRUECKEN,NON,9553,16:17,INTERNATIONAL,MANNHEIM HBF,PAFRANC,DEMHG,14:59,DESBK
6758,2023-08-14,PARIS (intramuros),NON,9553,15:35,INTERNATIONAL,KAISERSLAUTERN HBF,PAFRANC,DEKLT,13:10,FRPST
6759,2023-08-14,PARIS (intramuros),NON,9553,16:17,INTERNATIONAL,MANNHEIM HBF,PAFRANC,DEMHG,13:10,FRPST
6760,2023-08-14,PARIS (intramuros),NON,9553,14:57,INTERNATIONAL,SARREBRUCK/SAARBRUECKEN,PAFRANC,DESBK,13:10,FRPST
6761,2023-08-14,PAU,NON,14150,20:27,IC SRO,TOULOUSE MATABIAU,SUDOUEST,FRXYT,18:11,FRAEE
6762,2023-08-14,ORTHEZ,NON,14150,18:52,IC SRO,TARBES,SUDOUEST,FRXTB,17:47,FRGFI
6763,2023-08-14,LOURDES,NON,14150,18:52,IC SRO,TARBES,SUDOUEST,FRXTB,18:39,FRLDE
6764,2023-08-14,BAYONNE,NON,14150,18:52,IC SRO,TARBES,SUDOUEST,FRXTB,17:03,FRXBY
6765,2023-08-14,UZERCHE,OUI,3684,20:25,IC ARO,ISSOUDUN,TOULOUZECO,FRFMN,18:11,FRAAW
6766,2023-08-14,BRIVE LA GAILLARDE,OUI,3684,18:10,IC ARO,UZERCHE,TOULOUZECO,FRAAW,17:45,FRBVE
6767,2023-08-14,CHATEAUROUX,OUI,3684,20:25,IC ARO,ISSOUDUN,TOULOUZECO,FRFMN,20:10,FRCHR
6768,2023-08-14,STRASBOURG,OUI,9591,20:02,EST,RINGSHEIM/EU-PARK,PASTRAMULH,DERSH,19:17,FRAEG
6769,2023-08-14,PARIS (intramuros),OUI,8491,20:33,ATLANTIQUE,ANGOULEME,PASUDOUEST,FRANG,18:24,FRPMO
6770,2023-08-14,PARIS (intramuros),OUI,8491,19:45,ATLANTIQUE,POITIERS,PASUDOUEST,FRPIS,18:24,FRPMO
6771,2023-08-14,LIBOURNE,OUI,8491,21:44,ATLANTIQUE,BORDEAUX ST JEAN,PASUDOUEST,FRBOJ,21:19,FRXLR
6772,2023-08-14,LILLE (intramuros),OUI,7060,18:14,NORD,PARIS (intramuros),LILLEPA,FRPNO,17:12,FRADJ
6773,2023-08-14,COLMAR,NON,2356,12:31,EST,PARIS (intramuros),MULHSTRAPA,FRPST,10:01,FRAEJ
6774,2023-08-14,LYON (intramuros),OUI,6602,05:58,SUD EST,LYON (intramuros),RHONEPARIS,FRLPD,05:50,FRLPE
6775,2023-08-14,FORBACH,NON,9551,11:34,INTERNATIONAL,KAISERSLAUTERN HBF,PAFRANC,DEKLT,10:47,FRBQT
6776,2023-08-14,FORBACH,NON,9551,10:56,INTERNATIONAL,SARREBRUCK/SAARBRUECKEN,PAFRANC,DESBK,10:47,FRBQT
6777,2023-08-14,PARIS (intramuros),NON,9551,10:56,INTERNATIONAL,SARREBRUCK/SAARBRUECKEN,PAFRANC,DESBK,09:06,FRPST
6778,2023-08-14,BREST,OUI,8610,09:59,ATLANTIQUE,PLOUARET TREGOR,BRETAPARIS,FRPLT,09:07,FRBES
6779,2023-08-14,GUINGAMP,NON,8610,12:01,ATLANTIQUE,LAVAL,BRETAPARIS,FRACR,10:18,FRGGP
6780,2023-08-14,LAMBALLE,NON,8610,12:01,ATLANTIQUE,LAVAL,BRETAPARIS,FRACR,10:48,FRLAM
6781,2023-08-14,MORLAIX,NON,8610,10:45,ATLANTIQUE,LAMBALLE,BRETAPARIS,FRLAM,09:44,FRMXN
6782,2023-08-14,RENNES,NON,8610,13:19,ATLANTIQUE,PARIS (intramuros),BRETAPARIS,FRPMO,11:35,FRRNS
6783,2023-08-14,ST BRIEUC,NON,8610,11:29,ATLANTIQUE,RENNES,BRETAPARIS,FRRNS,10:37,FRSBK
6784,2023-08-14,LANDERNEAU,OUI,8610,09:41,ATLANTIQUE,MORLAIX,BRETAPARIS,FRMXN,09:20,FRXLD
6785,2023-08-14,LANDERNEAU,OUI,8610,10:33,ATLANTIQUE,ST BRIEUC,BRETAPARIS,FRSBK,09:20,FRXLD
6786,2023-08-14,LANDERNEAU,NON,8610,12:01,ATLANTIQUE,LAVAL,BRETAPARIS,FRACR,09:20,FRXLD
6787,2023-08-14,ANGERS ST LAUD,NON,9886,07:24,NORD,LE MANS,JCBRETNORD,FRAET,06:41,FRACL
6788,2023-08-14,ANGERS ST LAUD,NON,9886,08:20,NORD,MASSY TGV,JCBRETNORD,FRDJU,06:41,FRACL
6789,2023-08-14,ANGERS ST LAUD,NON,9886,09:10,NORD,AEROPORT CDG2 TGV ROISSY,JCBRETNORD,FRMLW,06:41,FRACL
6790,2023-08-14,LE MANS,NON,9886,10:17,NORD,LILLE (intramuros),JCBRETNORD,FRLLE,07:30,FRAET
6791,2023-08-14,LE MANS,NON,9886,09:45,NORD,TGV HAUTE PICARDIE,JCBRETNORD,FRTHP,07:30,FRAET
6792,2023-08-14,TGV HAUTE PICARDIE,OUI,9886,10:17,NORD,LILLE (intramuros),JCBRETNORD,FRLLE,09:50,FRTHP
6793,2023-08-14,MASSY TGV,NON,9886,11:01,NORD,BRUXELLES MIDI BRUSSEL ZUID,JCBRETNORD,BEBMI,08:26,FRDJU
6794,2023-08-14,DAX,OUI,8547,18:56,ATLANTIQUE,HENDAYE,PASUDOUEST,FRAEF,17:42,FRACG
6795,2023-08-14,BIARRITZ,OUI,8547,18:41,ATLANTIQUE,ST JEAN DE LUZ CIBOURE,PASUDOUEST,FRXJZ,18:28,FRBIQ
6796,2023-08-14,MASSY TGV,NON,8547,17:38,ATLANTIQUE,DAX,PASUDOUEST,FRACG,14:15,FRDJU
6797,2023-08-14,PARIS (intramuros),NON,8547,18:25,ATLANTIQUE,BIARRITZ,PASUDOUEST,FRBIQ,14:03,FRPMO
6798,2023-08-14,PARIS (intramuros),NON,8547,16:15,ATLANTIQUE,BORDEAUX ST JEAN,PASUDOUEST,FRBOJ,14:03,FRPMO
6799,2023-08-14,PARIS (intramuros),NON,8547,14:12,ATLANTIQUE,MASSY TGV,PASUDOUEST,FRDJU,14:03,FRPMO
6800,2023-08-14,BAYONNE,OUI,8547,18:56,ATLANTIQUE,HENDAYE,PASUDOUEST,FRAEF,18:16,FRXBY
6801,2023-08-14,BAYONNE,OUI,8547,18:25,ATLANTIQUE,BIARRITZ,PASUDOUEST,FRBIQ,18:16,FRXBY
6802,2023-08-14,MASSY TGV,NON,8547,18:13,ATLANTIQUE,BAYONNE,PASUDOUEST,FRXBY,14:15,FRDJU
6803,2023-08-14,POITIERS,OUI,8393,22:02,ATLANTIQUE,SURGERES,PAROCHELLE,FREIP,20:58,FRPIS
6804,2023-08-14,PARIS (intramuros),OUI,8393,22:02,ATLANTIQUE,SURGERES,PAROCHELLE,FREIP,19:16,FRPMO
6805,2023-08-14,PARIS (intramuros),OUI,8393,20:19,ATLANTIQUE,ST PIERRE DES CORPS,PAROCHELLE,FRXSH,19:16,FRPMO
6806,2023-08-14,NIMES,OUI,5036,22:06,NORD,MONTPELLIER SAINT-ROCH,JCNORDSUD,FRMPL,21:40,FRFNI
6807,2023-08-14,LYON (intramuros),OUI,5036,22:06,NORD,MONTPELLIER SAINT-ROCH,JCNORDSUD,FRMPL,20:10,FRLPD
6808,2023-08-14,MARNE LA VALLEE CHESSY,OUI,5036,20:00,NORD,LYON (intramuros),JCNORDSUD,FRLPD,18:13,FRMLV
6809,2023-08-14,MARNE LA VALLEE CHESSY,OUI,5036,22:06,NORD,MONTPELLIER SAINT-ROCH,JCNORDSUD,FRMPL,18:13,FRMLV
6810,2023-08-14,MARNE LA VALLEE CHESSY,OUI,5036,20:49,NORD,VALENCE TGV RHONE-ALPES SUD,JCNORDSUD,FRVLA,18:13,FRMLV
6811,2023-08-14,NIMES,NON,6821,08:37,SUD EST,MONTPELLIER SAINT-ROCH,JCPROVSUD,FRMPL,08:07,FRFNI
6812,2023-08-14,NIMES,NON,6821,11:02,SUD EST,TOULOUSE MATABIAU,JCPROVSUD,FRXYT,08:07,FRFNI
6813,2023-08-14,LYON (intramuros),NON,6821,08:37,SUD EST,MONTPELLIER SAINT-ROCH,JCPROVSUD,FRMPL,06:37,FRLPD
6814,2023-08-14,LYON (intramuros),NON,6821,09:44,SUD EST,NARBONNE,JCPROVSUD,FRXNA,06:37,FRLPD
6815,2023-08-14,MONTPELLIER SAINT-ROCH,NON,6821,11:02,SUD EST,TOULOUSE MATABIAU,JCPROVSUD,FRXYT,08:44,FRMPL
6816,2023-08-14,VALENCE TGV RHONE-ALPES SUD,NON,6821,09:27,SUD EST,BEZIERS,JCPROVSUD,FRBZR,07:20,FRVLA
6817,2023-08-14,VALENCE TGV RHONE-ALPES SUD,NON,6821,10:17,SUD EST,CARCASSONNE,JCPROVSUD,FRCCF,07:20,FRVLA
6818,2023-08-14,VALENCE TGV RHONE-ALPES SUD,NON,6821,09:44,SUD EST,NARBONNE,JCPROVSUD,FRXNA,07:20,FRVLA
6819,2023-08-14,SETE,NON,6821,09:27,SUD EST,BEZIERS,JCPROVSUD,FRBZR,09:03,FRXSY
6820,2023-08-14,SETE,NON,6821,11:02,SUD EST,TOULOUSE MATABIAU,JCPROVSUD,FRXYT,09:03,FRXSY
6821,2023-08-14,DAX,NON,8560,11:52,ATLANTIQUE,PARIS (intramuros),SUDOUESTPA,FRPMO,08:25,FRACG
6822,2023-08-14,LOURDES,NON,8560,11:52,ATLANTIQUE,PARIS (intramuros),SUDOUESTPA,FRPMO,06:58,FRLDE
6823,2023-08-14,TARBES,NON,8560,09:40,ATLANTIQUE,BORDEAUX ST JEAN,SUDOUESTPA,FRBOJ,06:40,FRXTB
6824,2023-08-14,ST PIERRE DES CORPS,OUI,8333,14:29,ATLANTIQUE,FUTUROSCOPE,PAROCHELLE,FRTGO,13:43,FRXSH
6825,2023-08-14,ST PIERRE DES CORPS,OUI,8333,14:11,ATLANTIQUE,CHATELLERAULT,PAROCHELLE,FRXCX,13:43,FRXSH
6826,2023-08-14,ANGOULEME,NON,8488,18:06,ATLANTIQUE,POITIERS,SUDOUESTPA,FRPIS,17:26,FRANG
6827,2023-08-14,BORDEAUX ST JEAN,OUI,8488,17:23,ATLANTIQUE,ANGOULEME,SUDOUESTPA,FRANG,16:19,FRBOJ
6828,2023-08-14,LIBOURNE,NON,8488,19:33,ATLANTIQUE,PARIS (intramuros),SUDOUESTPA,FRPMO,16:42,FRXLR
6829,2023-08-14,RENNES,NON,5338,19:19,SUD EST,MASSY TGV,JCATLSUD,FRDJU,17:30,FRRNS
6830,2023-08-14,RENNES,NON,5338,21:30,SUD EST,LYON (intramuros),JCATLSUD,FRLPD,17:30,FRRNS
6831,2023-08-14,RENNES,NON,5338,21:47,SUD EST,LYON (intramuros),JCATLSUD,FRLPE,17:30,FRRNS
6832,2023-08-14,PARIS (intramuros),NON,2759,21:44,EST,REIMS,PABARSED,FRRHE,20:58,FRPST
6833,2023-08-14,BORDEAUX ST JEAN,NON,4669,19:04,IC ARO,MARMANDE,TJOURSOSE,FRXMR,18:28,FRBOJ
6834,2023-08-14,MONTPELLIER SAINT-ROCH,OUI,4669,23:22,IC ARO,NIMES,TJOURSOSE,FRFNI,22:58,FRMPL
6835,2023-08-14,MARMANDE,NON,4669,22:54,IC ARO,MONTPELLIER SAINT-ROCH,TJOURSOSE,FRMPL,19:06,FRXMR
6836,2023-08-14,MARMANDE,NON,4669,21:58,IC ARO,NARBONNE,TJOURSOSE,FRXNA,19:06,FRXMR
6837,2023-08-14,MARMANDE,NON,4669,22:34,IC ARO,SETE,TJOURSOSE,FRXSY,19:06,FRXMR
6838,2023-08-14,MONTAUBAN VILLE BOURBON,NON,4669,21:58,IC ARO,NARBONNE,TJOURSOSE,FRXNA,20:11,FRXMW
6839,2023-08-14,MONTAUBAN VILLE BOURBON,NON,4669,20:37,IC ARO,TOULOUSE MATABIAU,TJOURSOSE,FRXYT,20:11,FRXMW
6840,2023-08-14,NARBONNE,OUI,4669,23:22,IC ARO,NIMES,TJOURSOSE,FRFNI,22:01,FRXNA
6841,2023-08-14,TOULOUSE MATABIAU,OUI,4669,21:27,IC ARO,CARCASSONNE,TJOURSOSE,FRCCF,20:45,FRXYT
6842,2023-08-14,PARIS (intramuros),OUI,2377,20:41,EST,STRASBOURG,PASTRAMULH,FRAEG,18:55,FRPST
6843,2023-08-14,AIX EN PROVENCE TGV,NON,5066,16:57,NORD,LILLE (intramuros),JCSUDNORD,FRLLE,12:26,FRAIE
6844,2023-08-14,LYON (intramuros),NON,5066,15:46,NORD,MARNE LA VALLEE CHESSY,JCSUDNORD,FRMLV,14:00,FRLPD
6845,2023-08-14,MARNE LA VALLEE CHESSY,OUI,5066,16:00,NORD,AEROPORT CDG2 TGV ROISSY,JCSUDNORD,FRMLW,15:50,FRMLV
6846,2023-08-14,AEROPORT CDG2 TGV ROISSY,OUI,5066,16:57,NORD,LILLE (intramuros),JCSUDNORD,FRLLE,16:07,FRMLW
6847,2023-08-14,MARSEILLE ST CHARLES,OUI,5066,12:23,NORD,AIX EN PROVENCE TGV,JCSUDNORD,FRAIE,12:12,FRMSC
6848,2023-08-14,MARSEILLE ST CHARLES,NON,5066,15:46,NORD,MARNE LA VALLEE CHESSY,JCSUDNORD,FRMLV,12:12,FRMSC
6849,2023-08-14,GUINGAMP,OUI,8615,13:53,ATLANTIQUE,PLOUARET TREGOR,PARISBRETA,FRPLT,13:40,FRGGP
6850,2023-08-14,LAMBALLE,NON,8615,14:47,ATLANTIQUE,BREST,PARISBRETA,FRBES,13:10,FRLAM
6851,2023-08-14,LAMBALLE,NON,8615,13:37,ATLANTIQUE,GUINGAMP,PARISBRETA,FRGGP,13:10,FRLAM
6852,2023-08-14,LAMBALLE,NON,8615,13:53,ATLANTIQUE,PLOUARET TREGOR,PARISBRETA,FRPLT,13:10,FRLAM
6853,2023-08-14,PARIS (intramuros),NON,8615,13:53,ATLANTIQUE,PLOUARET TREGOR,PARISBRETA,FRPLT,10:53,FRPMO
6854,2023-08-14,RENNES,NON,8615,13:37,ATLANTIQUE,GUINGAMP,PARISBRETA,FRGGP,12:32,FRRNS
6855,2023-08-14,ST BRIEUC,NON,8615,13:53,ATLANTIQUE,PLOUARET TREGOR,PARISBRETA,FRPLT,13:23,FRSBK
6856,2023-08-14,KARLSRUHE HBF,NON,9570,20:13,INTERNATIONAL,STRASBOURG,MUNSTUTPA,FRAEG,19:32,DEQKA
6857,2023-08-14,KARLSRUHE HBF,NON,9570,22:05,INTERNATIONAL,PARIS (intramuros),MUNSTUTPA,FRPST,19:32,DEQKA
6858,2023-08-14,STUTTGART HBF,NON,9570,19:30,INTERNATIONAL,KARLSRUHE HBF,MUNSTUTPA,DEQKA,18:52,DESGT
6859,2023-08-14,STRASBOURG,NON,9570,22:05,INTERNATIONAL,PARIS (intramuros),MUNSTUTPA,FRPST,20:20,FRAEG
6860,2023-08-14,LILLE (intramuros),NON,5210,09:34,NORD,MASSY TGV,JCNORDBRET,FRDJU,07:52,FRLLE
6861,2023-08-14,AEROPORT CDG2 TGV ROISSY,NON,5210,08:57,NORD,MARNE LA VALLEE CHESSY,JCNORDBRET,FRMLV,08:48,FRMLW
6862,2023-08-14,STUTTGART HBF,NON,9577,20:21,INTERNATIONAL,ULM HBF,PASTUTMUN,DEQUL,19:20,DESGT
6863,2023-08-14,PARIS (intramuros),NON,9577,21:04,INTERNATIONAL,AUGSBURG HBF,PASTUTMUN,DEAGB,15:55,FRPST
6864,2023-08-14,PARIS (intramuros),NON,9577,17:41,INTERNATIONAL,STRASBOURG,PASTUTMUN,FRAEG,15:55,FRPST
6865,2023-08-14,DUNKERQUE,OUI,7238,20:08,NORD,PARIS (intramuros),ARRASPA,FRPNO,18:08,FRADI
6866,2023-08-14,LILLE (intramuros),OUI,7238,20:08,NORD,PARIS (intramuros),ARRASPA,FRPNO,18:51,FRLLE
6867,2023-08-14,LES AUBRAIS ORLEANS,NON,3741,07:22,IC NUIT,LOURDES,PARPALOMBE,FRLDE,22:24,FRLAB
6868,2023-08-14,GRENOBLE,OUI,6924,19:53,SUD EST,LYON-SAINT EXUPERY TGV,GRENOBLEPA,FRJDQ,18:46,FRGNB
6869,2023-08-14,PARIS (intramuros),OUI,5963,15:57,IC ARO,NEVERS,PACLERMONT,FRNVS,14:00,FRPBE
6870,2023-08-14,PARIS (intramuros),OUI,5963,16:55,IC ARO,VICHY,PACLERMONT,FRVHY,14:00,FRPBE
6871,2023-08-14,PARIS (intramuros),OUI,5963,16:28,IC ARO,MOULINS SUR ALLIER,PACLERMONT,FRXMU,14:00,FRPBE
6872,2023-08-14,VICHY,OUI,5963,17:29,IC ARO,CLERMONT FERRAND,PACLERMONT,FRCFE,16:57,FRVHY
6873,2023-08-14,VICHY,OUI,5963,17:17,IC ARO,RIOM CHATEL GUYON,PACLERMONT,FRRIO,16:57,FRVHY
6874,2023-08-14,LE MANS,NON,8603,10:21,ATLANTIQUE,ST BRIEUC,PARISBRETA,FRSBK,08:37,FRAET
6875,2023-08-14,MASSY TGV,NON,8603,08:34,ATLANTIQUE,LE MANS,PARISBRETA,FRAET,07:44,FRDJU
6876,2023-08-14,LAMBALLE,NON,8603,10:38,ATLANTIQUE,GUINGAMP,PARISBRETA,FRGGP,10:11,FRLAM
6877,2023-08-14,LAMBALLE,NON,8603,10:21,ATLANTIQUE,ST BRIEUC,PARISBRETA,FRSBK,10:11,FRLAM
6878,2023-08-14,MORLAIX,OUI,8603,11:42,ATLANTIQUE,BREST,PARISBRETA,FRBES,11:10,FRMXN
6879,2023-08-14,PARIS (intramuros),NON,8603,10:08,ATLANTIQUE,LAMBALLE,PARISBRETA,FRLAM,07:32,FRPMO
6880,2023-08-14,RENNES,NON,8603,10:08,ATLANTIQUE,LAMBALLE,PARISBRETA,FRLAM,09:32,FRRNS
6881,2023-08-14,RENNES,NON,8603,11:07,ATLANTIQUE,MORLAIX,PARISBRETA,FRMXN,09:32,FRRNS
6882,2023-08-14,ST BRIEUC,NON,8603,10:38,ATLANTIQUE,GUINGAMP,PARISBRETA,FRGGP,10:24,FRSBK
6883,2023-08-14,AIX EN PROVENCE TGV,OUI,6122,15:35,SUD EST,AVIGNON TGV,PROVENCEPA,FRAVG,15:16,FRAIE
6884,2023-08-14,MARSEILLE ST CHARLES,OUI,6122,15:13,SUD EST,AIX EN PROVENCE TGV,PROVENCEPA,FRAIE,15:02,FRMSC
6885,2023-08-14,LORIENT,OUI,8706,08:23,ATLANTIQUE,VANNES,BRETAPARIS,FRVNE,07:55,FRLRT
6886,2023-08-14,QUIMPER,OUI,8706,07:52,ATLANTIQUE,LORIENT,BRETAPARIS,FRLRT,07:20,FRUIP
6887,2023-08-14,QUIMPER,NON,8706,11:19,ATLANTIQUE,PARIS (intramuros),BRETAPARIS,FRPMO,07:20,FRUIP
6888,2023-08-14,AURAY,NON,8706,10:01,ATLANTIQUE,LAVAL,BRETAPARIS,FRACR,08:13,FRXUY
6889,2023-08-14,AURAY,OUI,8706,08:23,ATLANTIQUE,VANNES,BRETAPARIS,FRVNE,08:13,FRXUY
6890,2023-08-14,METZ VILLE,OUI,2815,12:27,EST,THIONVILLE,PAMETZLUX,FRXTH,12:10,FRADE
6891,2023-08-14,PARIS (intramuros),OUI,2815,12:04,EST,METZ VILLE,PAMETZLUX,FRADE,10:40,FRPST
6892,2023-08-14,MACON LOCHE TGV,NON,9241,09:36,INTERNATIONAL,CHAMBERY CHALLES LES EAUX,PAITALIE,FRCMF,08:19,FRMLT
6893,2023-08-14,MACON LOCHE TGV,NON,9241,12:23,INTERNATIONAL,TORINO PORTA SUSA,PAITALIE,ITTRS,08:19,FRMLT
6894,2023-08-14,PARIS (intramuros),NON,9241,09:36,INTERNATIONAL,CHAMBERY CHALLES LES EAUX,PAITALIE,FRCMF,06:46,FRPLY
6895,2023-08-14,SARREBRUCK/SAARBRUECKEN,NON,9555,20:59,INTERNATIONAL,FRANKFURT MAIN HBF,PAFRANC,DEFRH,18:59,DESBK
6896,2023-08-14,AIX EN PROVENCE TGV,NON,9868,16:53,NORD,LYON (intramuros),JCSUDNORD,FRLPD,15:24,FRAIE
6897,2023-08-14,AVIGNON TGV,NON,9868,18:47,NORD,MARNE LA VALLEE CHESSY,JCSUDNORD,FRMLV,15:46,FRAVG
6898,2023-08-14,LILLE (intramuros),OUI,9868,20:43,NORD,BRUXELLES MIDI BRUSSEL ZUID,JCSUDNORD,BEBMI,20:09,FRLLE
6899,2023-08-14,MARSEILLE ST CHARLES,OUI,9868,15:21,NORD,AIX EN PROVENCE TGV,JCSUDNORD,FRAIE,15:11,FRMSC
6900,2023-08-14,MARSEILLE ST CHARLES,OUI,9868,15:43,NORD,AVIGNON TGV,JCSUDNORD,FRAVG,15:11,FRMSC
6901,2023-08-14,DIJON VILLE,NON,6709,20:12,SUD EST,MULHOUSE VILLE,PABOUR,FRAEK,18:56,FRABA
6902,2023-08-14,LORIENT,OUI,8717,15:34,ATLANTIQUE,QUIMPER,PARISBRETA,FRUIP,15:00,FRLRT
6903,2023-08-14,VANNES,OUI,8717,15:34,ATLANTIQUE,QUIMPER,PARISBRETA,FRUIP,14:28,FRVNE
6904,2023-08-14,AURAY,OUI,8717,14:57,ATLANTIQUE,LORIENT,PARISBRETA,FRLRT,14:41,FRXUY
6905,2023-08-14,PARIS (intramuros),NON,9203,10:26,INTERNATIONAL,BASEL SBB,PABALZUR,CHAJP,07:22,FRPLY
6906,2023-08-14,PARIS (intramuros),NON,2247,19:48,EST,NANCY,PANANCY,FRENC,18:10,FRPST
6907,2023-08-14,AVIGNON TGV,NON,9882,20:47,NORD,MARNE LA VALLEE CHESSY,JCSUDNORD,FRMLV,17:45,FRAVG
6908,2023-08-14,LYON (intramuros),NON,9882,22:43,NORD,BRUXELLES MIDI BRUSSEL ZUID,JCSUDNORD,BEBMI,19:00,FRLPD
6909,2023-08-14,LYON (intramuros),NON,9882,21:57,NORD,LILLE (intramuros),JCSUDNORD,FRLLE,19:00,FRLPD
6910,2023-08-14,MARNE LA VALLEE CHESSY,NON,9882,21:01,NORD,AEROPORT CDG2 TGV ROISSY,JCSUDNORD,FRMLW,20:51,FRMLV
6911,2023-08-14,AEROPORT CDG2 TGV ROISSY,NON,9882,22:43,NORD,BRUXELLES MIDI BRUSSEL ZUID,JCSUDNORD,BEBMI,21:07,FRMLW
6912,2023-08-14,MARSEILLE ST CHARLES,NON,9882,18:54,NORD,LYON (intramuros),JCSUDNORD,FRLPD,17:08,FRMSC
6913,2023-08-14,ANGERS ST LAUD,OUI,8874,15:25,ATLANTIQUE,PARIS (intramuros),LOIREPARIS,FRPMO,13:44,FRACL
6914,2023-08-14,PARIS (intramuros),OUI,2363,09:42,EST,COLMAR,PASTRAMULH,FRAEJ,07:20,FRPST
6915,2023-08-14,AVIGNON TGV,NON,6170,16:34,SUD EST,PARIS (intramuros),AZURPA,FRPLY,13:56,FRAVG
6916,2023-08-14,CANNES,OUI,6170,12:43,SUD EST,TOULON,AZURPA,FRTLN,11:33,FRJCA
6917,2023-08-14,CANNES,OUI,6170,11:55,SUD EST,ST RAPHAEL VALESCURE,AZURPA,FRXSK,11:33,FRJCA
6918,2023-08-14,TOULON,NON,6170,16:34,SUD EST,PARIS (intramuros),AZURPA,FRPLY,12:47,FRTLN
6919,2023-08-14,ANTIBES,OUI,6170,11:29,SUD EST,CANNES,AZURPA,FRJCA,11:16,FRXAT
6920,2023-08-14,ANTIBES,OUI,6170,11:55,SUD EST,ST RAPHAEL VALESCURE,AZURPA,FRXSK,11:16,FRXAT
6921,2023-08-14,CHAMPAGNE-ARDENNE,OUI,2454,20:12,EST,PARIS (intramuros),MULHSTRAPA,FRPST,19:30,FREAH
6922,2023-08-14,AGEN,NON,4661,17:48,IC ARO,ARLES,TJOURSOSE,FRHZA,13:33,FRAGF
6923,2023-08-14,AGEN,NON,4661,16:52,IC ARO,MONTPELLIER SAINT-ROCH,TJOURSOSE,FRMPL,13:33,FRAGF
6924,2023-08-14,AGEN,NON,4661,15:58,IC ARO,NARBONNE,TJOURSOSE,FRXNA,13:33,FRAGF
6925,2023-08-14,BORDEAUX ST JEAN,NON,4661,13:31,IC ARO,AGEN,TJOURSOSE,FRAGF,12:28,FRBOJ
6926,2023-08-14,BEZIERS,NON,4661,16:52,IC ARO,MONTPELLIER SAINT-ROCH,TJOURSOSE,FRMPL,16:17,FRBZR
6927,2023-08-14,MONTAUBAN VILLE BOURBON,NON,4661,16:14,IC ARO,BEZIERS,TJOURSOSE,FRBZR,14:10,FRXMW
6928,2023-08-14,MONTAUBAN VILLE BOURBON,NON,4661,18:35,IC ARO,MARSEILLE ST CHARLES,TJOURSOSE,FRMSC,14:10,FRXMW
6929,2023-08-14,NARBONNE,NON,4661,16:52,IC ARO,MONTPELLIER SAINT-ROCH,TJOURSOSE,FRMPL,16:01,FRXNA
6930,2023-08-14,NARBONNE,NON,4661,18:35,IC ARO,MARSEILLE ST CHARLES,TJOURSOSE,FRMSC,16:01,FRXNA
6931,2023-08-14,TOULOUSE MATABIAU,NON,4661,15:28,IC ARO,CARCASSONNE,TJOURSOSE,FRCCF,14:45,FRXYT
6932,2023-08-14,SURGERES,OUI,8370,06:18,ATLANTIQUE,NIORT,ROCHELLEPA,FRNIT,06:00,FREIP
6933,2023-08-14,SURGERES,OUI,8370,07:08,ATLANTIQUE,POITIERS,ROCHELLEPA,FRPIS,06:00,FREIP
6934,2023-08-14,LA ROCHELLE VILLE,OUI,8370,06:34,ATLANTIQUE,ST MAIXENT DEUX SEVRES,ROCHELLEPA,FREJC,05:39,FRLRH
6935,2023-08-14,LA ROCHELLE VILLE,OUI,8370,06:18,ATLANTIQUE,NIORT,ROCHELLEPA,FRNIT,05:39,FRLRH
6936,2023-08-14,LA ROCHELLE VILLE,OUI,8370,07:08,ATLANTIQUE,POITIERS,ROCHELLEPA,FRPIS,05:39,FRLRH
6937,2023-08-14,ST PIERRE DES CORPS,OUI,8320,19:22,ATLANTIQUE,VENDOME VILLIERS SUR LOIR,ROCHELLEPA,FRESL,19:04,FRXSH
6938,2023-08-14,AVIGNON CENTRE,OUI,6193,16:36,SUD EST,MIRAMAS,PAVDR,FRMAZ,15:59,FRAES
6939,2023-08-14,LYON-SAINT EXUPERY TGV,NON,6193,16:36,SUD EST,MIRAMAS,PAVDR,FRMAZ,14:11,FRJDQ
6940,2023-08-14,VALENCE VILLE,NON,6193,15:38,SUD EST,ORANGE,PAVDR,FRXOG,14:49,FRVAF
6941,2023-08-14,LORIENT,NON,8190,14:17,ATLANTIQUE,VANNES,BRETAPARIS,FRVNE,13:46,FRLRT
6942,2023-08-14,LORIENT,OUI,8190,14:02,ATLANTIQUE,AURAY,BRETAPARIS,FRXUY,13:46,FRLRT
6943,2023-08-14,QUIMPER,NON,8190,17:08,ATLANTIQUE,PARIS (intramuros),BRETAPARIS,FRPMO,13:11,FRUIP
6944,2023-08-14,QUIMPER,NON,8190,15:25,ATLANTIQUE,RENNES,BRETAPARIS,FRRNS,13:11,FRUIP
6945,2023-08-14,QUIMPER,OUI,8190,14:02,ATLANTIQUE,AURAY,BRETAPARIS,FRXUY,13:11,FRUIP
6946,2023-08-14,VANNES,NON,8190,17:08,ATLANTIQUE,PARIS (intramuros),BRETAPARIS,FRPMO,14:22,FRVNE
6947,2023-08-14,AURAY,NON,8190,14:48,ATLANTIQUE,REDON,BRETAPARIS,FRXRN,14:07,FRXUY
6948,2023-08-14,HENDAYE,OUI,8536,11:39,ATLANTIQUE,BAYONNE,SUDOUESTPA,FRXBY,11:03,FRAEF
6949,2023-08-14,BIARRITZ,OUI,8536,12:15,ATLANTIQUE,DAX,SUDOUESTPA,FRACG,11:28,FRBIQ
6950,2023-08-14,BIARRITZ,OUI,8536,11:39,ATLANTIQUE,BAYONNE,SUDOUESTPA,FRXBY,11:28,FRBIQ
6951,2023-08-14,PARIS (intramuros),NON,8705,11:08,ATLANTIQUE,LORIENT,PARISBRETA,FRLRT,08:06,FRPMO
6952,2023-08-14,PARIS (intramuros),NON,9761,10:14,INTERNATIONAL,LAUSANNE,PAGENEVE,CHAJF,06:18,FRPLY
6953,2023-08-14,MASSY TGV,NON,8574,17:38,ATLANTIQUE,DAX,PASUDOUEST,FRACG,14:15,FRDJU
6954,2023-08-14,ORTHEZ,OUI,8574,18:45,ATLANTIQUE,PAU,PASUDOUEST,FRAEE,18:17,FRGFI
6955,2023-08-14,ORTHEZ,OUI,8574,19:46,ATLANTIQUE,TARBES,PASUDOUEST,FRXTB,18:17,FRGFI
6956,2023-08-14,PARIS (intramuros),NON,8574,17:38,ATLANTIQUE,DAX,PASUDOUEST,FRACG,14:03,FRPMO
6957,2023-08-14,PARIS (intramuros),NON,8574,19:26,ATLANTIQUE,LOURDES,PASUDOUEST,FRLDE,14:03,FRPMO
6958,2023-08-14,DUNKERQUE,OUI,7330,18:08,NORD,PARIS (intramuros),ARRASPA,FRPNO,15:56,FRADI
6959,2023-08-14,HAZEBROUCK,OUI,7330,18:08,NORD,PARIS (intramuros),ARRASPA,FRPNO,16:20,FRHZK
6960,2023-08-14,PARIS (intramuros),OUI,2501,07:46,EST,CHAMPAGNE-ARDENNE,PANANCY,FREAH,07:07,FRPST
6961,2023-08-14,PARIS (intramuros),OUI,2501,08:44,EST,NANCY,PANANCY,FRENC,07:07,FRPST
6962,2023-08-14,PARIS (intramuros),OUI,5789,04:42,IC NUIT,CREST,PABRIANCON,FRCRE,20:51,FRPAZ
6963,2023-08-14,PARIS (intramuros),OUI,5789,05:20,IC NUIT,DIE,PABRIANCON,FRDIE,20:51,FRPAZ
6964,2023-08-14,PARIS (intramuros),OUI,5789,07:11,IC NUIT,CHORGES,PABRIANCON,FRIGS,20:51,FRPAZ
6965,2023-08-14,PARIS (intramuros),OUI,5789,07:33,IC NUIT,EMBRUN,PABRIANCON,FRIGV,20:51,FRPAZ
6966,2023-08-14,PARIS (intramuros),OUI,5789,06:27,IC NUIT,VEYNES DEVOLUY,PABRIANCON,FRVDY,20:51,FRPAZ
6967,2023-08-14,PARIS (intramuros),NON,12267,19:14,ATLANTIQUE,BORDEAUX ST JEAN,PASUDOUEST,FRBOJ,17:06,FRPMO
6968,2023-08-14,ANGERS ST LAUD,OUI,5488,22:19,EST,NANTES,JCESTATL,FRNTE,21:43,FRACL
6969,2023-08-14,LE MANS,NON,5488,21:40,EST,ANGERS ST LAUD,JCESTATL,FRACL,21:03,FRAET
6970,2023-08-14,MEUSE TGV,OUI,5488,18:32,EST,CHAMPAGNE-ARDENNE,JCESTATL,FREAH,18:09,FREAJ
6971,2023-08-14,LORRAINE TGV,OUI,5488,18:01,EST,MEUSE TGV,JCESTATL,FREAJ,17:42,FREAM
6972,2023-08-14,LORRAINE TGV,NON,5488,22:19,EST,NANTES,JCESTATL,FRNTE,17:42,FREAM
6973,2023-08-14,MARNE LA VALLEE CHESSY,NON,5488,21:40,EST,ANGERS ST LAUD,JCESTATL,FRACL,19:35,FRMLV
6974,2023-08-14,AEROPORT CDG2 TGV ROISSY,NON,5488,20:04,EST,MASSY TGV,JCESTATL,FRDJU,19:21,FRMLW
6975,2023-08-14,AEROPORT CDG2 TGV ROISSY,NON,5488,22:19,EST,NANTES,JCESTATL,FRNTE,19:21,FRMLW
6976,2023-08-14,PARIS (intramuros),NON,5789,05:40,IC NUIT,LUC EN DIOIS,PABRIANCON,FRIFP,20:51,FRPAZ
6977,2023-08-14,PARIS (intramuros),NON,5789,07:33,IC NUIT,EMBRUN,PABRIANCON,FRIGV,20:51,FRPAZ
6978,2023-08-14,PARIS (intramuros),NON,5789,06:27,IC NUIT,VEYNES DEVOLUY,PABRIANCON,FRVDY,20:51,FRPAZ
6979,2023-08-14,NANTES,NON,3835,20:11,IC SRO,BORDEAUX ST JEAN,NANTEBORDO,FRBOJ,15:55,FRNTE
6980,2023-08-14,NANTES,NON,3835,16:35,IC SRO,LA ROCHE SUR YON,NANTEBORDO,FRXRO,15:55,FRNTE
6981,2023-08-14,LA ROCHE SUR YON,NON,3835,17:39,IC SRO,LA ROCHELLE VILLE,NANTEBORDO,FRLRH,16:36,FRXRO
6982,2023-08-14,LA ROCHE SUR YON,NON,3835,18:32,IC SRO,SAINTES,NANTEBORDO,FRXST,16:36,FRXRO
6983,2023-08-14,PARIS (intramuros),NON,2839,21:04,EST,METZ VILLE,PAMETZLUX,FRADE,19:40,FRPST
6984,2023-08-14,PARIS (intramuros),NON,2839,21:29,EST,THIONVILLE,PAMETZLUX,FRXTH,19:40,FRPST
6985,2023-08-14,NIMES,NON,9864,18:47,NORD,MARNE LA VALLEE CHESSY,JCSUDNORD,FRMLV,15:19,FRFNI
6986,2023-08-14,LILLE (intramuros),NON,9864,20:43,NORD,BRUXELLES MIDI BRUSSEL ZUID,JCSUDNORD,BEBMI,20:09,FRLLE
6987,2023-08-14,LYON (intramuros),NON,9864,18:47,NORD,MARNE LA VALLEE CHESSY,JCSUDNORD,FRMLV,17:00,FRLPD
6988,2023-08-14,LYON (intramuros),NON,9864,19:01,NORD,AEROPORT CDG2 TGV ROISSY,JCSUDNORD,FRMLW,17:00,FRLPD
6989,2023-08-14,MONTPELLIER SAINT-ROCH,NON,9864,19:01,NORD,AEROPORT CDG2 TGV ROISSY,JCSUDNORD,FRMLW,14:51,FRMPL
6990,2023-08-14,VALENCE TGV RHONE-ALPES SUD,NON,9864,16:49,NORD,LYON (intramuros),JCSUDNORD,FRLPD,16:10,FRVLA
6991,2023-08-14,UZERCHE,OUI,3634,08:55,IC ARO,LIMOGES BENEDICTINS,TOULOUZECO,FRAGQ,08:18,FRAAW
6992,2023-08-14,LIMOGES BENEDICTINS,OUI,3634,09:51,IC ARO,ARGENTON SUR CREUSE,TOULOUZECO,FRFMT,08:58,FRAGQ
6993,2023-08-14,BRIVE LA GAILLARDE,OUI,3634,08:17,IC ARO,UZERCHE,TOULOUZECO,FRAAW,07:52,FRBVE
6994,2023-08-14,GOURDON,OUI,3634,07:49,IC ARO,BRIVE LA GAILLARDE,TOULOUZECO,FRBVE,07:07,FRFSI
6995,2023-08-14,GOURDON,OUI,3634,07:22,IC ARO,SOUILLAC,TOULOUZECO,FRSOU,07:07,FRFSI
6996,2023-08-14,CAHORS,OUI,3634,07:49,IC ARO,BRIVE LA GAILLARDE,TOULOUZECO,FRBVE,06:40,FRZAO
6997,2023-08-14,SOUILLAC,OUI,3634,09:51,IC ARO,ARGENTON SUR CREUSE,TOULOUZECO,FRFMT,07:24,FRSOU
6998,2023-08-14,SOUILLAC,OUI,3634,08:17,IC ARO,UZERCHE,TOULOUZECO,FRAAW,07:24,FRSOU
6999,2023-08-14,UZERCHE,OUI,3634,09:51,IC ARO,ARGENTON SUR CREUSE,TOULOUZECO,FRFMT,08:18,FRAAW
7000,2023-08-14,GOURDON,OUI,3634,08:17,IC ARO,UZERCHE,TOULOUZECO,FRAAW,07:07,FRFSI
7001,2023-08-14,BEZIERS,NON,9704,21:18,SUD EST,PARIS (intramuros),BARCELONEPA,FRPLY,16:58,FRBZR
7002,2023-08-14,BEZIERS,NON,9704,19:03,SUD EST,VALENCE TGV RHONE-ALPES SUD,BARCELONEPA,FRVLA,16:58,FRBZR
7003,2023-08-14,PERPIGNAN,NON,9704,16:55,SUD EST,BEZIERS,BARCELONEPA,FRBZR,16:05,FRPGF
7004,2023-08-14,PERPIGNAN,NON,9704,17:43,SUD EST,MONTPELLIER SAINT-ROCH,BARCELONEPA,FRMPL,16:05,FRPGF
7005,2023-08-14,AGDE,NON,9704,18:18,SUD EST,NIMES,BARCELONEPA,FRFNI,17:11,FRXAG
7006,2023-08-14,AGDE,NON,9704,21:18,SUD EST,PARIS (intramuros),BARCELONEPA,FRPLY,17:11,FRXAG
7007,2023-08-14,NARBONNE,NON,9704,19:03,SUD EST,VALENCE TGV RHONE-ALPES SUD,BARCELONEPA,FRVLA,16:42,FRXNA
7008,2023-08-14,NARBONNE,NON,9704,17:08,SUD EST,AGDE,BARCELONEPA,FRXAG,16:42,FRXNA
7009,2023-08-14,BARCELONA SANTS,NON,9704,15:52,SUD EST,PERPIGNAN,BARCELONEPA,FRPGF,14:32,ESBST
7010,2023-08-14,FIGUERES VILA TGV,NON,9704,21:18,SUD EST,PARIS (intramuros),BARCELONEPA,FRPLY,15:30,ESFIR
7011,2023-08-14,GIRONA,NON,9704,21:18,SUD EST,PARIS (intramuros),BARCELONEPA,FRPLY,15:13,ESGRO
7012,2023-08-14,BARCELONA SANTS,NON,9704,19:03,SUD EST,VALENCE TGV RHONE-ALPES SUD,BARCELONEPA,FRVLA,14:32,ESBST
7013,2023-08-14,BARCELONA SANTS,NON,9704,17:24,SUD EST,SETE,BARCELONEPA,FRXSY,14:32,ESBST
7014,2023-08-14,GENEVE,NON,9760,09:42,INTERNATIONAL,PARIS (intramuros),GENEVEPA,FRPLY,06:29,CHGVA
7015,2023-08-14,LE CREUSOT MONTCEAU MONTCHANIN,OUI,6633,23:24,SUD EST,LYON (intramuros),PARISRHONE,FRLPE,22:20,FRXCC
7016,2023-08-14,LE MANS,NON,5332,11:30,SUD EST,LYON (intramuros),JCATLSUD,FRLPD,08:26,FRAET
7017,2023-08-14,LE MANS,NON,5332,13:24,SUD EST,MARSEILLE ST CHARLES,JCATLSUD,FRMSC,08:26,FRAET
7018,2023-08-14,AIX EN PROVENCE TGV,OUI,5332,13:24,SUD EST,MARSEILLE ST CHARLES,JCATLSUD,FRMSC,13:13,FRAIE
7019,2023-08-14,LES AUBRAIS ORLEANS,NON,3755,04:44,IC NUIT,ST DENIS PRES MARTEL,PAVERMEIL,FRSDM,23:32,FRLAB
7020,2023-08-14,PARIS (intramuros),NON,3755,06:19,IC NUIT,CRANSAC,PAVERMEIL,FRFSR,22:12,FRPAZ
7021,2023-08-14,PARIS (intramuros),OUI,6283,11:49,SUD EST,MONTPELLIER SUD DE FRANCE,PALANG,FRSUF,08:12,FRPLY
7022,2023-08-14,AIX EN PROVENCE TGV,OUI,5124,23:53,NORD,MARSEILLE ST CHARLES,JCNORDSUD,FRMSC,23:41,FRAIE
7023,2023-08-14,AVIGNON TGV,OUI,5124,23:53,NORD,MARSEILLE ST CHARLES,JCNORDSUD,FRMSC,23:17,FRAVG
7024,2023-08-14,LILLE (intramuros),OUI,5124,18:41,NORD,ARRAS,JCNORDSUD,FRQRV,18:22,FRLLE
7025,2023-08-14,LILLE (intramuros),OUI,5124,19:06,NORD,TGV HAUTE PICARDIE,JCNORDSUD,FRTHP,18:22,FRLLE
7026,2023-08-14,AEROPORT CDG2 TGV ROISSY,OUI,5124,20:09,NORD,MARNE LA VALLEE CHESSY,JCNORDSUD,FRMLV,20:00,FRMLW
7027,2023-08-14,ARRAS,OUI,5124,23:38,NORD,AIX EN PROVENCE TGV,JCNORDSUD,FRAIE,18:46,FRQRV
7028,2023-08-14,ARRAS,OUI,5124,22:00,NORD,LYON (intramuros),JCNORDSUD,FRLPD,18:46,FRQRV
7029,2023-08-14,ARRAS,OUI,5124,19:06,NORD,TGV HAUTE PICARDIE,JCNORDSUD,FRTHP,18:46,FRQRV
7030,2023-08-14,TGV HAUTE PICARDIE,OUI,5124,23:14,NORD,AVIGNON TGV,JCNORDSUD,FRAVG,19:15,FRTHP
7031,2023-08-14,TGV HAUTE PICARDIE,OUI,5124,23:53,NORD,MARSEILLE ST CHARLES,JCNORDSUD,FRMSC,19:15,FRTHP
7032,2023-08-14,BASEL SBB,NON,9226,19:38,INTERNATIONAL,PARIS (intramuros),ZURBALPA,FRPLY,16:34,CHAJP
7033,2023-08-14,STRASBOURG,NON,5470,11:25,EST,CHAMPAGNE-ARDENNE,JCESTATL,FREAH,10:01,FRAEG
7034,2023-08-14,STRASBOURG,NON,5470,12:26,EST,MARNE LA VALLEE CHESSY,JCESTATL,FRMLV,10:01,FRAEG
7035,2023-08-14,LE MANS,NON,5470,14:47,EST,RENNES,JCESTATL,FRRNS,14:02,FRAET
7036,2023-08-14,MASSY TGV,NON,5470,14:47,EST,RENNES,JCESTATL,FRRNS,13:10,FRDJU
7037,2023-08-14,CHAMPAGNE-ARDENNE,NON,5470,13:04,EST,MASSY TGV,JCESTATL,FRDJU,11:28,FREAH
7038,2023-08-14,MEUSE TGV,NON,5470,12:01,EST,AEROPORT CDG2 TGV ROISSY,JCESTATL,FRMLW,11:01,FREAJ
7039,2023-08-14,LORRAINE TGV,NON,5470,13:04,EST,MASSY TGV,JCESTATL,FRDJU,10:40,FREAM
7040,2023-08-14,LORRAINE TGV,NON,5470,14:47,EST,RENNES,JCESTATL,FRRNS,10:40,FREAM
7041,2023-08-14,MARNE LA VALLEE CHESSY,NON,5470,13:04,EST,MASSY TGV,JCESTATL,FRDJU,12:30,FRMLV
7042,2023-08-14,MARNE LA VALLEE CHESSY,NON,5470,14:47,EST,RENNES,JCESTATL,FRRNS,12:30,FRMLV
7043,2023-08-14,PARIS (intramuros),NON,8729,20:10,ATLANTIQUE,QUIMPERLE,PARISBRETA,FRECO,16:53,FRPMO
7044,2023-08-14,RENNES,OUI,8729,19:37,ATLANTIQUE,AURAY,PARISBRETA,FRXUY,18:29,FRRNS
7045,2023-08-14,VANNES,OUI,8729,19:56,ATLANTIQUE,LORIENT,PARISBRETA,FRLRT,19:27,FRVNE
7046,2023-08-14,VANNES,OUI,8729,20:37,ATLANTIQUE,QUIMPER,PARISBRETA,FRUIP,19:27,FRVNE
7047,2023-08-14,LUXEMBOURG,NON,2864,12:20,EST,PARIS (intramuros),LUXMETZPA,FRPST,10:10,LULUX
7048,2023-08-14,LUXEMBOURG,OUI,2864,10:31,EST,THIONVILLE,LUXMETZPA,FRXTH,10:10,LULUX
7049,2023-08-14,DIJON VILLE,NON,9877,15:06,EST,MARSEILLE ST CHARLES,JCRHINRHON,FRMSC,11:21,FRABA
7050,2023-08-14,METZ VILLE,NON,9877,11:11,EST,DIJON VILLE,JCRHINRHON,FRABA,08:08,FRADE
7051,2023-08-14,METZ VILLE,NON,9877,15:06,EST,MARSEILLE ST CHARLES,JCRHINRHON,FRMSC,08:08,FRADE
7052,2023-08-14,METZ VILLE,NON,9877,13:46,EST,VALENCE TGV RHONE-ALPES SUD,JCRHINRHON,FRVLA,08:08,FRADE
7053,2023-08-14,STRASBOURG,NON,9877,11:11,EST,DIJON VILLE,JCRHINRHON,FRABA,09:03,FRAEG
7054,2023-08-14,STRASBOURG,NON,9877,09:54,EST,MULHOUSE VILLE,JCRHINRHON,FRAEK,09:03,FRAEG
7055,2023-08-14,STRASBOURG,NON,9877,12:19,EST,MACON VILLE,JCRHINRHON,FRHGU,09:03,FRAEG
7056,2023-08-14,STRASBOURG,NON,9877,15:06,EST,MARSEILLE ST CHARLES,JCRHINRHON,FRMSC,09:03,FRAEG
7057,2023-08-14,STRASBOURG,NON,9877,10:18,EST,BELFORT-MONTBELIARD TGV,JCRHINRHON,FRTJA,09:03,FRAEG
7058,2023-08-14,MULHOUSE VILLE,NON,9877,14:25,EST,AVIGNON TGV,JCRHINRHON,FRAVG,09:57,FRAEK
7059,2023-08-14,LYON (intramuros),NON,9877,15:06,EST,MARSEILLE ST CHARLES,JCRHINRHON,FRMSC,13:06,FRLPD
7060,2023-08-14,BELFORT-MONTBELIARD TGV,NON,9877,13:00,EST,LYON (intramuros),JCRHINRHON,FRLPD,10:21,FRTJA
7061,2023-08-14,BESANCON - F COMTE TGV,NON,9877,15:06,EST,MARSEILLE ST CHARLES,JCRHINRHON,FRMSC,10:44,FRTJB
7062,2023-08-14,BESANCON - F COMTE TGV,NON,9877,13:46,EST,VALENCE TGV RHONE-ALPES SUD,JCRHINRHON,FRVLA,10:44,FRTJB
7063,2023-08-14,VALENCE TGV RHONE-ALPES SUD,NON,9877,15:06,EST,MARSEILLE ST CHARLES,JCRHINRHON,FRMSC,13:51,FRVLA
7064,2023-08-14,THIONVILLE,NON,9877,09:54,EST,MULHOUSE VILLE,JCRHINRHON,FRAEK,07:47,FRXTH
7065,2023-08-14,THIONVILLE,NON,9877,13:00,EST,LYON (intramuros),JCRHINRHON,FRLPD,07:47,FRXTH
7066,2023-08-14,LUXEMBOURG,NON,9877,11:11,EST,DIJON VILLE,JCRHINRHON,FRABA,07:24,LULUX
7067,2023-08-14,LUXEMBOURG,OUI,9877,08:04,EST,METZ VILLE,JCRHINRHON,FRADE,07:24,LULUX
7068,2023-08-14,LUXEMBOURG,NON,9877,12:19,EST,MACON VILLE,JCRHINRHON,FRHGU,07:24,LULUX
7069,2023-08-14,STRASBOURG,NON,5450,11:23,EST,ANGOULEME,JCESTATL,FRANG,06:18,FRAEG
7070,2023-08-14,CHAMPAGNE-ARDENNE,NON,5450,12:02,EST,BORDEAUX ST JEAN,JCESTATL,FRBOJ,07:45,FREAH
7071,2023-08-14,CHAMPAGNE-ARDENNE,NON,5450,10:06,EST,ST PIERRE DES CORPS,JCESTATL,FRXSH,07:45,FREAH
7072,2023-08-14,LORRAINE TGV,NON,5450,09:04,EST,MASSY TGV,JCESTATL,FRDJU,06:56,FREAM
7073,2023-08-14,MARNE LA VALLEE CHESSY,NON,5450,11:23,EST,ANGOULEME,JCESTATL,FRANG,08:35,FRMLV
7074,2023-08-14,LYON-SAINT EXUPERY TGV,OUI,6191,09:46,SUD EST,VALENCE VILLE,PAVDR,FRVAF,09:11,FRJDQ
7075,2023-08-14,LYON-SAINT EXUPERY TGV,OUI,6191,10:09,SUD EST,MONTELIMAR GARE SNCF,PAVDR,FRXMK,09:11,FRJDQ
7076,2023-08-14,MONTELIMAR GARE SNCF,OUI,6191,10:56,SUD EST,AVIGNON CENTRE,PAVDR,FRAES,10:12,FRXMK
7077,2023-08-14,AIX EN PROVENCE TGV,OUI,6117,19:00,SUD EST,MARSEILLE ST CHARLES,PAPROVENCE,FRMSC,18:48,FRAIE
7078,2023-08-14,PARIS (intramuros),NON,6117,19:00,SUD EST,MARSEILLE ST CHARLES,PAPROVENCE,FRMSC,15:38,FRPLY
7079,2023-08-14,PARIS (intramuros),OUI,7181,18:40,NORD,ARRAS,PAARRAS,FRQRV,17:52,FRPNO
7080,2023-08-14,PARIS (intramuros),OUI,7181,18:58,NORD,DOUAI,PAARRAS,FRXDN,17:52,FRPNO
7081,2023-08-14,CASTELNAUDARY,NON,3736,06:08,IC NUIT,LES AUBRAIS ORLEANS,PALOMBEPAR,FRLAB,22:07,FRCTY
7082,2023-08-14,LEUCATE LA FRANQUI,NON,3736,06:08,IC NUIT,LES AUBRAIS ORLEANS,PALOMBEPAR,FRLAB,20:15,FRILQ
7083,2023-08-14,LEUCATE LA FRANQUI,NON,3736,07:19,IC NUIT,PARIS (intramuros),PALOMBEPAR,FRPAZ,20:15,FRILQ
7084,2023-08-14,RIVESALTES,NON,3736,06:08,IC NUIT,LES AUBRAIS ORLEANS,PALOMBEPAR,FRLAB,20:00,FRIOF
7085,2023-08-14,RIVESALTES,NON,3736,07:19,IC NUIT,PARIS (intramuros),PALOMBEPAR,FRPAZ,20:00,FRIOF
7086,2023-08-14,BANYULS SUR MER,NON,3736,07:19,IC NUIT,PARIS (intramuros),PALOMBEPAR,FRPAZ,19:12,FRXBU
7087,2023-08-14,COLLIOURE,NON,3736,06:08,IC NUIT,LES AUBRAIS ORLEANS,PALOMBEPAR,FRLAB,19:24,FRXCU
7088,2023-08-14,COLLIOURE,NON,3736,07:19,IC NUIT,PARIS (intramuros),PALOMBEPAR,FRPAZ,19:24,FRXCU
7089,2023-08-14,NARBONNE,NON,3736,06:08,IC NUIT,LES AUBRAIS ORLEANS,PALOMBEPAR,FRLAB,21:12,FRXNA
7090,2023-08-14,MORLAIX,OUI,8629,20:38,ATLANTIQUE,BREST,PARISBRETA,FRBES,20:05,FRMXN
7091,2023-08-14,PARIS (intramuros),NON,9575,15:41,INTERNATIONAL,STRASBOURG,PASTUTMUN,FRAEG,13:55,FRPST
7092,2023-08-14,CALAIS FRETHUN,OUI,7508,08:59,NORD,PARIS (intramuros),ARRASPA,FRPNO,07:04,FRSTH
7093,2023-08-14,FIGEAC,NON,3754,05:40,IC NUIT,LES AUBRAIS ORLEANS,OCCITANPAR,FRLAB,23:56,FRFIG
7094,2023-08-14,ST CHRISTOPHE,NON,3754,05:40,IC NUIT,LES AUBRAIS ORLEANS,OCCITANPAR,FRLAB,23:06,FRFST
7095,2023-08-14,LE HAVRE,OUI,5316,20:30,SUD EST,LYON (intramuros),JCATLSUD,FRLPD,15:45,FRAEZ
7096,2023-08-14,LE HAVRE,OUI,5316,16:32,SUD EST,ROUEN RIVE DROITE,JCATLSUD,FRURD,15:45,FRAEZ
7097,2023-08-14,MASSY PALAISEAU,OUI,5316,20:30,SUD EST,LYON (intramuros),JCATLSUD,FRLPD,18:12,FRMPU
7098,2023-08-14,ROUEN RIVE DROITE,OUI,5316,17:53,SUD EST,VERSAILLES CHANTIERS,JCATLSUD,FRDHT,16:37,FRURD
7099,2023-08-14,VALENCE TGV RHONE-ALPES SUD,OUI,5316,21:53,SUD EST,AVIGNON TGV,JCATLSUD,FRAVG,21:22,FRVLA
7100,2023-08-14,BORDEAUX ST JEAN,OUI,12274,19:24,ATLANTIQUE,PARIS (intramuros),SUDOUESTPA,FRPMO,17:08,FRBOJ
7101,2023-08-14,MASSY TGV,OUI,12274,19:24,ATLANTIQUE,PARIS (intramuros),SUDOUESTPA,FRPMO,19:13,FRDJU
7102,2023-08-14,FRANKFURT MAIN HBF,NON,9558,08:09,INTERNATIONAL,FORBACH,FRANCPA,FRBQT,05:56,DEFRH
7103,2023-08-14,MANNHEIM HBF,NON,9558,09:51,INTERNATIONAL,PARIS (intramuros),FRANCPA,FRPST,06:40,DEMHG
7104,2023-08-14,SAUMUR,NON,5306,17:49,SUD EST,LYON (intramuros),JCATLSUD,FRLPE,13:50,FRACN
7105,2023-08-14,LYON (intramuros),OUI,5306,17:49,SUD EST,LYON (intramuros),JCATLSUD,FRLPE,17:40,FRLPD
7106,2023-08-14,NANTES,OUI,5306,13:24,SUD EST,ANGERS ST LAUD,JCATLSUD,FRACL,12:44,FRNTE
7107,2023-08-14,NANTES,NON,5306,15:20,SUD EST,MASSY TGV,JCATLSUD,FRDJU,12:44,FRNTE
7108,2023-08-14,NANTES,NON,5306,17:49,SUD EST,LYON (intramuros),JCATLSUD,FRLPE,12:44,FRNTE
7109,2023-08-14,NANTES,NON,5306,14:24,SUD EST,ST PIERRE DES CORPS,JCATLSUD,FRXSH,12:44,FRNTE
7110,2023-08-14,ST PIERRE DES CORPS,NON,5306,17:30,SUD EST,LYON (intramuros),JCATLSUD,FRLPD,14:28,FRXSH
7111,2023-08-14,BORDEAUX ST JEAN,NON,3852,12:05,IC SRO,NANTES,BORDONANTE,FRNTE,07:53,FRBOJ
7112,2023-08-14,JONZAC,NON,3852,12:05,IC SRO,NANTES,BORDONANTE,FRNTE,08:41,FREMR
7113,2023-08-14,JONZAC,NON,3852,11:22,IC SRO,LA ROCHE SUR YON,BORDONANTE,FRXRO,08:41,FREMR
7114,2023-08-14,BORDEAUX ST JEAN,NON,8503,11:27,ATLANTIQUE,TOULOUSE MATABIAU,PASUDOUEST,FRXYT,09:25,FRBOJ
7115,2023-08-14,PARIS (intramuros),NON,8503,09:15,ATLANTIQUE,BORDEAUX ST JEAN,PASUDOUEST,FRBOJ,07:08,FRPMO
7116,2023-08-14,PARIS (intramuros),NON,6101,09:41,SUD EST,AIX EN PROVENCE TGV,PAPROVENCE,FRAIE,06:38,FRPLY
7117,2023-08-14,PARIS (intramuros),NON,6101,09:19,SUD EST,AVIGNON TGV,PAPROVENCE,FRAVG,06:38,FRPLY
7118,2023-08-14,FRANKFURT MAIN HBF,NON,9550,20:21,INTERNATIONAL,KAISERSLAUTERN HBF,FRANCPA,DEKLT,18:56,DEFRH
7119,2023-08-14,FRANKFURT MAIN HBF,NON,9550,19:39,INTERNATIONAL,MANNHEIM HBF,FRANCPA,DEMHG,18:56,DEFRH
7120,2023-08-14,FRANKFURT MAIN HBF,NON,9550,21:10,INTERNATIONAL,FORBACH,FRANCPA,FRBQT,18:56,DEFRH
7121,2023-08-14,MANNHEIM HBF,NON,9550,21:00,INTERNATIONAL,SARREBRUCK/SAARBRUECKEN,FRANCPA,DESBK,19:40,DEMHG
7122,2023-08-14,BEZIERS,NON,4766,22:27,IC ARO,AGEN,TJOURSESO,FRAGF,19:47,FRBZR
7123,2023-08-14,BEZIERS,NON,4766,23:32,IC ARO,BORDEAUX ST JEAN,TJOURSESO,FRBOJ,19:47,FRBZR
7124,2023-08-14,BEZIERS,NON,4766,21:49,IC ARO,MONTAUBAN VILLE BOURBON,TJOURSESO,FRXMW,19:47,FRBZR
7125,2023-08-14,NIMES,NON,4766,22:27,IC ARO,AGEN,TJOURSESO,FRAGF,18:39,FRFNI
7126,2023-08-14,NIMES,NON,4766,19:03,IC ARO,MONTPELLIER SAINT-ROCH,TJOURSESO,FRMPL,18:39,FRFNI
7127,2023-08-14,MONTPELLIER SAINT-ROCH,NON,4766,22:27,IC ARO,AGEN,TJOURSESO,FRAGF,19:07,FRMPL
7128,2023-08-14,MONTPELLIER SAINT-ROCH,NON,4766,21:17,IC ARO,TOULOUSE MATABIAU,TJOURSESO,FRXYT,19:07,FRMPL
7129,2023-08-14,MARSEILLE ST CHARLES,NON,4766,20:02,IC ARO,NARBONNE,TJOURSESO,FRXNA,17:28,FRMSC
7130,2023-08-14,NARBONNE,NON,4766,20:33,IC ARO,CARCASSONNE,TJOURSESO,FRCCF,20:05,FRXNA
7131,2023-08-14,AVIGNON TGV,OUI,6163,21:00,SUD EST,NICE VILLE,PAAZUR,FRNIC,17:58,FRAVG
7132,2023-08-14,PARIS (intramuros),OUI,6163,20:02,SUD EST,ST RAPHAEL VALESCURE,PAAZUR,FRXSK,15:20,FRPLY
7133,2023-08-14,LA SOUTERRAINE,OUI,3625,13:58,IC ARO,LIMOGES BENEDICTINS,PALITO,FRAGQ,13:26,FRLST
7134,2023-08-14,PARIS (intramuros),NON,3625,15:04,IC ARO,BRIVE LA GAILLARDE,PALITO,FRBVE,10:41,FRPAZ
7135,2023-08-14,PARIS (intramuros),NON,3625,12:11,IC ARO,VIERZON VILLE,PALITO,FRXVZ,10:41,FRPAZ
7136,2023-08-14,PARIS (intramuros),NON,8067,18:10,ATLANTIQUE,LE MANS,PARISBRETA,FRAET,17:12,FRPMO
7137,2023-08-14,PARIS (intramuros),NON,6165,16:25,SUD EST,CANNES,PAAZUR,FRJCA,11:22,FRPLY
7138,2023-08-14,PARIS (intramuros),NON,6165,15:11,SUD EST,TOULON,PAAZUR,FRTLN,11:22,FRPLY
7139,2023-08-14,PARIS (intramuros),NON,6165,16:01,SUD EST,ST RAPHAEL VALESCURE,PAAZUR,FRXSK,11:22,FRPLY
7140,2023-08-14,ST RAPHAEL VALESCURE,OUI,6165,16:25,SUD EST,CANNES,PAAZUR,FRJCA,16:04,FRXSK
7141,2023-08-14,ST RAPHAEL VALESCURE,OUI,6165,16:39,SUD EST,ANTIBES,PAAZUR,FRXAT,16:04,FRXSK
7142,2023-08-14,AVIGNON TGV,NON,6155,13:40,SUD EST,HYERES,PAAZUR,FRXHE,12:05,FRAVG
7143,2023-08-14,BEZIERS,NON,6871,11:50,SUD EST,LYON (intramuros),JCSUDPROV,FRLPD,09:15,FRBZR
7144,2023-08-14,BEZIERS,NON,6871,09:36,SUD EST,SETE,JCSUDPROV,FRXSY,09:15,FRBZR
7145,2023-08-14,CARCASSONNE,OUI,6871,09:12,SUD EST,BEZIERS,JCSUDPROV,FRBZR,08:27,FRCCF
7146,2023-08-14,TOULOUSE MATABIAU,NON,6871,11:50,SUD EST,LYON (intramuros),JCSUDPROV,FRLPD,07:43,FRXYT
7147,2023-08-14,TOULOUSE MATABIAU,NON,6871,09:55,SUD EST,MONTPELLIER SUD DE FRANCE,JCSUDPROV,FRSUF,07:43,FRXYT
7148,2023-08-14,NARBONNE,NON,6871,10:26,SUD EST,NIMES PONT DU GARD,JCSUDPROV,FRXZP,08:59,FRXNA
7149,2023-08-14,BEZIERS,NON,6052,20:48,SUD EST,VALENCE TGV RHONE-ALPES SUD,LANGPA,FRVLA,18:59,FRBZR
7150,2023-08-14,AGDE,NON,6052,23:05,SUD EST,PARIS (intramuros),LANGPA,FRPLY,19:13,FRXAG
7151,2023-08-14,MONTPELLIER SUD DE FRANCE,NON,6052,20:09,SUD EST,NIMES PONT DU GARD,LANGPA,FRXZP,19:50,FRSUF
7152,2023-08-14,SETE,NON,6052,20:09,SUD EST,NIMES PONT DU GARD,LANGPA,FRXZP,19:30,FRXSY
7153,2023-08-14,BEZIERS,NON,9708,13:43,SUD EST,MONTPELLIER SAINT-ROCH,BARCELONEPA,FRMPL,12:58,FRBZR
7154,2023-08-14,PERPIGNAN,NON,9708,14:15,SUD EST,NIMES,BARCELONEPA,FRFNI,12:04,FRPGF
7155,2023-08-14,PERPIGNAN,NON,9708,13:43,SUD EST,MONTPELLIER SAINT-ROCH,BARCELONEPA,FRMPL,12:04,FRPGF
7156,2023-08-14,AGDE,NON,9708,17:18,SUD EST,PARIS (intramuros),BARCELONEPA,FRPLY,13:12,FRXAG
7157,2023-08-14,AGDE,NON,9708,15:01,SUD EST,VALENCE TGV RHONE-ALPES SUD,BARCELONEPA,FRVLA,13:12,FRXAG
7158,2023-08-14,AGDE,NON,9708,13:25,SUD EST,SETE,BARCELONEPA,FRXSY,13:12,FRXAG
7159,2023-08-14,NARBONNE,NON,9708,12:55,SUD EST,BEZIERS,BARCELONEPA,FRBZR,12:42,FRXNA
7160,2023-08-14,NARBONNE,NON,9708,14:15,SUD EST,NIMES,BARCELONEPA,FRFNI,12:42,FRXNA
7161,2023-08-14,NARBONNE,NON,9708,13:09,SUD EST,AGDE,BARCELONEPA,FRXAG,12:42,FRXNA
7162,2023-08-14,NARBONNE,NON,9708,13:25,SUD EST,SETE,BARCELONEPA,FRXSY,12:42,FRXNA
7163,2023-08-14,SETE,NON,9708,14:15,SUD EST,NIMES,BARCELONEPA,FRFNI,13:28,FRXSY
7164,2023-08-14,SETE,NON,9708,13:43,SUD EST,MONTPELLIER SAINT-ROCH,BARCELONEPA,FRMPL,13:28,FRXSY
7165,2023-08-14,BARCELONA SANTS,NON,9708,17:18,SUD EST,PARIS (intramuros),BARCELONEPA,FRPLY,10:33,ESBST
7166,2023-08-14,BARCELONA SANTS,NON,9708,11:55,SUD EST,PERPIGNAN,BARCELONEPA,FRPGF,10:33,ESBST
7167,2023-08-14,FIGUERES VILA TGV,NON,9708,17:18,SUD EST,PARIS (intramuros),BARCELONEPA,FRPLY,11:31,ESFIR
7168,2023-08-14,GIRONA,NON,9708,11:55,SUD EST,PERPIGNAN,BARCELONEPA,FRPGF,11:14,ESGRO
7169,2023-08-14,BARCELONA SANTS,NON,9708,13:25,SUD EST,SETE,BARCELONEPA,FRXSY,10:33,ESBST
7170,2023-08-14,GIRONA,NON,9708,14:15,SUD EST,NIMES,BARCELONEPA,FRFNI,11:14,ESGRO
7171,2023-08-14,GIRONA,NON,9708,13:25,SUD EST,SETE,BARCELONEPA,FRXSY,11:14,ESGRO
7172,2023-08-14,PARIS (intramuros),OUI,8827,23:13,ATLANTIQUE,ANGERS ST LAUD,PARISLOIRE,FRACL,21:49,FRPMO
7173,2023-08-14,STRASBOURG,NON,9404,18:40,EST,POITIERS,JCESTATL,FRPIS,13:56,FRAEG
7174,2023-08-14,MASSY TGV,NON,9404,19:22,EST,ANGOULEME,JCESTATL,FRANG,17:10,FRDJU
7175,2023-08-14,CHAMPAGNE-ARDENNE,NON,9404,19:22,EST,ANGOULEME,JCESTATL,FRANG,15:34,FREAH
7176,2023-08-14,CHAMPAGNE-ARDENNE,NON,9404,16:27,EST,MARNE LA VALLEE CHESSY,JCESTATL,FRMLV,15:34,FREAH
7177,2023-08-14,MEUSE TGV,NON,9404,17:04,EST,MASSY TGV,JCESTATL,FRDJU,15:05,FREAJ
7178,2023-08-14,LORRAINE TGV,NON,9404,19:22,EST,ANGOULEME,JCESTATL,FRANG,14:38,FREAM
7179,2023-08-14,LORRAINE TGV,OUI,9404,15:29,EST,CHAMPAGNE-ARDENNE,JCESTATL,FREAH,14:38,FREAM
7180,2023-08-14,LORRAINE TGV,NON,9404,18:40,EST,POITIERS,JCESTATL,FRPIS,14:38,FREAM
7181,2023-08-14,LORRAINE TGV,NON,9404,18:06,EST,ST PIERRE DES CORPS,JCESTATL,FRXSH,14:38,FREAM
7182,2023-08-14,MARNE LA VALLEE CHESSY,NON,9404,17:04,EST,MASSY TGV,JCESTATL,FRDJU,16:32,FRMLV
7183,2023-08-14,MARNE LA VALLEE CHESSY,NON,9404,18:06,EST,ST PIERRE DES CORPS,JCESTATL,FRXSH,16:32,FRMLV
7184,2023-08-14,POITIERS,OUI,9404,20:02,EST,BORDEAUX ST JEAN,JCESTATL,FRBOJ,18:43,FRPIS
7185,2023-08-14,FREIBURG BREISGAU HBF,OUI,9404,12:59,EST,LAHR SCHWARZW,JCESTATL,DEANL,12:22,DEFGB
7186,2023-08-14,RINGSHEIM/EU-PARK,NON,9404,20:02,EST,BORDEAUX ST JEAN,JCESTATL,FRBOJ,12:52,DERSH
7187,2023-08-14,FREIBURG BREISGAU HBF,NON,9404,16:27,EST,MARNE LA VALLEE CHESSY,JCESTATL,FRMLV,12:22,DEFGB
7188,2023-08-14,FREIBURG BREISGAU HBF,NON,9404,18:06,EST,ST PIERRE DES CORPS,JCESTATL,FRXSH,12:22,DEFGB
7189,2023-08-14,RINGSHEIM/EU-PARK,OUI,9404,15:29,EST,CHAMPAGNE-ARDENNE,JCESTATL,FREAH,12:52,DERSH
7190,2023-08-14,FREIBURG BREISGAU HBF,NON,9404,16:04,EST,AEROPORT CDG2 TGV ROISSY,JCESTATL,FRMLW,12:22,DEFGB
7191,2023-08-14,RINGSHEIM/EU-PARK,NON,9404,16:27,EST,MARNE LA VALLEE CHESSY,JCESTATL,FRMLV,12:52,DERSH
7192,2023-08-14,AVIGNON CENTRE,OUI,6196,15:10,SUD EST,VALENCE VILLE,VDRPA,FRVAF,14:04,FRAES
7193,2023-08-14,ORANGE,OUI,6196,14:46,SUD EST,MONTELIMAR GARE SNCF,VDRPA,FRXMK,14:21,FRXOG
7194,2023-08-14,NARBONNE,OUI,6047,11:56,SUD EST,PERPIGNAN,PALANG,FRPGF,11:23,FRXNA
7195,2023-08-14,SETE,OUI,6047,11:03,SUD EST,BEZIERS,PALANG,FRBZR,10:34,FRXSY
7196,2023-08-14,SETE,OUI,6047,10:48,SUD EST,AGDE,PALANG,FRXAG,10:34,FRXSY
7197,2023-08-14,MONTPELLIER SUD DE FRANCE,OUI,6047,10:48,SUD EST,AGDE,PALANG,FRXAG,10:17,FRSUF
7198,2023-08-14,NIMES PONT DU GARD,NON,6047,10:31,SUD EST,SETE,PALANG,FRXSY,09:49,FRXZP
7199,2023-08-14,PARIS (intramuros),OUI,2583,21:06,EST,MEUSE TGV,PANANCY,FREAJ,20:07,FRPST
7200,2023-08-14,BORDEAUX ST JEAN,OUI,8519,22:22,ATLANTIQUE,AGEN,PASUDOUEST,FRAGF,21:20,FRBOJ
7201,2023-08-14,PARIS (intramuros),NON,8519,22:22,ATLANTIQUE,AGEN,PASUDOUEST,FRAGF,19:08,FRPMO
7202,2023-08-14,PARIS (intramuros),NON,8519,23:31,ATLANTIQUE,TOULOUSE MATABIAU,PASUDOUEST,FRXYT,19:08,FRPMO
7203,2023-08-14,PARIS (intramuros),OUI,6181,22:41,SUD EST,ANTIBES,PAAZUR,FRXAT,17:22,FRPLY
7204,2023-08-14,TOULON,OUI,6181,23:00,SUD EST,NICE VILLE,PAAZUR,FRNIC,21:15,FRTLN
7205,2023-08-14,ST RAPHAEL VALESCURE,OUI,6181,22:28,SUD EST,CANNES,PAAZUR,FRJCA,22:05,FRXSK
7206,2023-08-14,ST RAPHAEL VALESCURE,OUI,6181,23:00,SUD EST,NICE VILLE,PAAZUR,FRNIC,22:05,FRXSK
7207,2023-08-14,BREST,OUI,8602,06:21,ATLANTIQUE,GUINGAMP,BRETAPARIS,FRGGP,05:23,FRBES
7208,2023-08-14,BREST,OUI,8602,05:52,ATLANTIQUE,MORLAIX,BRETAPARIS,FRMXN,05:23,FRBES
7209,2023-08-14,GUINGAMP,OUI,8602,06:38,ATLANTIQUE,ST BRIEUC,BRETAPARIS,FRSBK,06:24,FRGGP
7210,2023-08-14,MORLAIX,OUI,8602,06:38,ATLANTIQUE,ST BRIEUC,BRETAPARIS,FRSBK,05:55,FRMXN
7211,2023-08-14,CANNES,NON,6176,14:33,SUD EST,MARSEILLE ST CHARLES,AZURPA,FRMSC,12:33,FRJCA
7212,2023-08-14,NICE VILLE,OUI,6176,12:55,SUD EST,ST RAPHAEL VALESCURE,AZURPA,FRXSK,12:02,FRNIC
7213,2023-08-14,TOULON,NON,6176,14:33,SUD EST,MARSEILLE ST CHARLES,AZURPA,FRMSC,13:48,FRTLN
7214,2023-08-14,ANTIBES,OUI,6176,12:55,SUD EST,ST RAPHAEL VALESCURE,AZURPA,FRXSK,12:19,FRXAT
7215,2023-08-14,ST RAPHAEL VALESCURE,NON,6176,17:50,SUD EST,PARIS (intramuros),AZURPA,FRPLY,12:58,FRXSK
7216,2023-08-14,ANGERS ST LAUD,OUI,8917,13:47,ATLANTIQUE,PORNICHET,PARISLOIRE,FREGR,12:16,FRACL
7217,2023-08-14,ANGERS ST LAUD,OUI,8917,14:09,ATLANTIQUE,LE CROISIC,PARISLOIRE,FREGU,12:16,FRACL
7218,2023-08-14,LE MANS,OUI,8917,13:47,ATLANTIQUE,PORNICHET,PARISLOIRE,FREGR,11:36,FRAET
7219,2023-08-14,LE MANS,OUI,8917,14:09,ATLANTIQUE,LE CROISIC,PARISLOIRE,FREGU,11:36,FRAET
7220,2023-08-14,LE MANS,OUI,8917,12:54,ATLANTIQUE,NANTES,PARISLOIRE,FRNTE,11:36,FRAET
7221,2023-08-14,PORNICHET,OUI,8917,14:00,ATLANTIQUE,LE POULIGUEN,PARISLOIRE,FREGS,13:49,FREGR
7222,2023-08-14,NANTES,OUI,8917,14:09,ATLANTIQUE,LE CROISIC,PARISLOIRE,FREGU,13:00,FRNTE
7223,2023-08-14,PARIS (intramuros),NON,8917,12:13,ATLANTIQUE,ANGERS ST LAUD,PARISLOIRE,FRACL,10:36,FRPMO
7224,2023-08-14,PARIS (intramuros),NON,8917,14:09,ATLANTIQUE,LE CROISIC,PARISLOIRE,FREGU,10:36,FRPMO
7225,2023-08-14,PARIS (intramuros),NON,8917,12:54,ATLANTIQUE,NANTES,PARISLOIRE,FRNTE,10:36,FRPMO
7226,2023-08-14,ST NAZAIRE,OUI,8917,14:09,ATLANTIQUE,LE CROISIC,PARISLOIRE,FREGU,13:38,FRSNR
7227,2023-08-14,ST PIERRE DES CORPS,OUI,8314,13:33,ATLANTIQUE,PARIS (intramuros),ROCHELLEPA,FRPMO,12:25,FRXSH
7228,2023-08-14,BEZIERS,OUI,6275,16:13,SUD EST,NARBONNE,PALANG,FRXNA,15:59,FRBZR
7229,2023-08-14,AGDE,OUI,6275,15:56,SUD EST,BEZIERS,PALANG,FRBZR,15:44,FRXAG
7230,2023-08-14,NARBONNE,OUI,6275,16:52,SUD EST,PERPIGNAN,PALANG,FRPGF,16:16,FRXNA
7231,2023-08-14,SETE,NON,6275,15:41,SUD EST,AGDE,PALANG,FRXAG,15:28,FRXSY
7232,2023-08-14,NIMES PONT DU GARD,NON,6275,16:52,SUD EST,PERPIGNAN,PALANG,FRPGF,14:39,FRXZP
7233,2023-08-14,AIX EN PROVENCE TGV,OUI,6024,16:38,SUD EST,AVIGNON TGV,PROVENCEPA,FRAVG,16:19,FRAIE
7234,2023-08-14,MARSEILLE ST CHARLES,OUI,6024,16:38,SUD EST,AVIGNON TGV,PROVENCEPA,FRAVG,16:04,FRMSC
7235,2023-08-14,ANGERS ST LAUD,NON,4506,22:04,IC SRO,NANTES,JOURLYNNTE,FRNTE,21:24,FRACL
7236,2023-08-14,SAUMUR,NON,4506,21:22,IC SRO,ANGERS ST LAUD,JOURLYNNTE,FRACL,21:01,FRACN
7237,2023-08-14,BOURGES,NON,4506,21:22,IC SRO,ANGERS ST LAUD,JOURLYNNTE,FRACL,19:08,FRBOU
7238,2023-08-14,BOURGES,NON,4506,20:26,IC SRO,ST PIERRE DES CORPS,JOURLYNNTE,FRXSH,19:08,FRBOU
7239,2023-08-14,LYON (intramuros),NON,4506,19:06,IC SRO,BOURGES,JOURLYNNTE,FRBOU,15:32,FRLPE
7240,2023-08-14,LYON (intramuros),NON,4506,15:40,IC SRO,LYON (intramuros),JOURLYNNTE,FRLPD,15:32,FRLPE
7241,2023-08-14,LYON (intramuros),NON,4506,16:49,IC SRO,ROANNE,JOURLYNNTE,FRRNE,15:32,FRLPE
7242,2023-08-14,NEVERS,NON,4506,20:59,IC SRO,SAUMUR,JOURLYNNTE,FRACN,18:29,FRNVS
7243,2023-08-14,ROANNE,NON,4506,21:22,IC SRO,ANGERS ST LAUD,JOURLYNNTE,FRACL,16:51,FRRNE
7244,2023-08-14,ROANNE,NON,4506,19:06,IC SRO,BOURGES,JOURLYNNTE,FRBOU,16:51,FRRNE
7245,2023-08-14,ROANNE,NON,4506,18:19,IC SRO,NEVERS,JOURLYNNTE,FRNVS,16:51,FRRNE
7246,2023-08-14,MOULINS SUR ALLIER,NON,4506,20:26,IC SRO,ST PIERRE DES CORPS,JOURLYNNTE,FRXSH,17:51,FRXMU
7247,2023-08-14,ST PIERRE DES CORPS,NON,4506,22:04,IC SRO,NANTES,JOURLYNNTE,FRNTE,20:29,FRXSH
7248,2023-08-14,ANGERS ST LAUD,NON,5480,16:57,EST,MARNE LA VALLEE CHESSY,JCATLEST,FRMLV,14:49,FRACL
7249,2023-08-14,LE MANS,NON,5480,19:29,EST,STRASBOURG,JCATLEST,FRAEG,15:30,FRAET
7250,2023-08-14,LE MANS,NON,5480,18:48,EST,LORRAINE TGV,JCATLEST,FREAM,15:30,FRAET
7251,2023-08-14,LE MANS,NON,5480,16:57,EST,MARNE LA VALLEE CHESSY,JCATLEST,FRMLV,15:30,FRAET
7252,2023-08-14,LE MANS,NON,5480,17:13,EST,AEROPORT CDG2 TGV ROISSY,JCATLEST,FRMLW,15:30,FRAET
7253,2023-08-14,CHAMPAGNE-ARDENNE,NON,5480,19:29,EST,STRASBOURG,JCATLEST,FRAEG,18:10,FREAH
7254,2023-08-14,MARNE LA VALLEE CHESSY,NON,5480,18:48,EST,LORRAINE TGV,JCATLEST,FREAM,17:03,FRMLV
7255,2023-08-14,AEROPORT CDG2 TGV ROISSY,NON,5480,19:29,EST,STRASBOURG,JCATLEST,FRAEG,17:29,FRMLW
7256,2023-08-14,NANTES,NON,5480,15:27,EST,LE MANS,JCATLEST,FRAET,14:09,FRNTE
7257,2023-08-14,PAU,NON,14155,20:33,IC SRO,BIARRITZ,SUDOUEST,FRBIQ,18:54,FRAEE
7258,2023-08-14,ORTHEZ,NON,14155,20:33,IC SRO,BIARRITZ,SUDOUEST,FRBIQ,19:17,FRGFI
7259,2023-08-14,ORTHEZ,NON,14155,20:00,IC SRO,BAYONNE,SUDOUEST,FRXBY,19:17,FRGFI
7260,2023-08-14,LOURDES,NON,14155,20:00,IC SRO,BAYONNE,SUDOUEST,FRXBY,18:25,FRLDE
7261,2023-08-14,LANNEMEZAN,NON,14155,19:15,IC SRO,ORTHEZ,SUDOUEST,FRGFI,17:44,FRLNZ
7262,2023-08-14,LANNEMEZAN,NON,14155,18:22,IC SRO,LOURDES,SUDOUEST,FRLDE,17:44,FRLNZ
7263,2023-08-14,BAYONNE,NON,14155,20:33,IC SRO,BIARRITZ,SUDOUEST,FRBIQ,20:25,FRXBY
7264,2023-08-14,BAYONNE,NON,14155,20:50,IC SRO,ST JEAN DE LUZ CIBOURE,SUDOUEST,FRXJZ,20:25,FRXBY
7265,2023-08-14,TOULOUSE MATABIAU,NON,14155,18:51,IC SRO,PAU,SUDOUEST,FRAEE,16:34,FRXYT
7266,2023-08-14,TOULOUSE MATABIAU,NON,14155,19:15,IC SRO,ORTHEZ,SUDOUEST,FRGFI,16:34,FRXYT
7267,2023-08-14,TOULOUSE MATABIAU,NON,14155,17:42,IC SRO,LANNEMEZAN,SUDOUEST,FRLNZ,16:34,FRXYT
7268,2023-08-14,PARIS (intramuros),OUI,2573,19:48,EST,NANCY,PANANCY,FRENC,18:10,FRPST
7269,2023-08-14,PARIS (intramuros),OUI,2573,21:05,EST,REMIREMONT,PANANCY,FRRNT,18:10,FRPST
7270,2023-08-14,ARRAS,NON,7520,14:32,NORD,PARIS (intramuros),ARRASPA,FRPNO,13:41,FRQRV
7271,2023-08-14,KARLSRUHE HBF,NON,9574,14:05,INTERNATIONAL,PARIS (intramuros),MUNSTUTPA,FRPST,11:32,DEQKA
7272,2023-08-14,CANNES,NON,6174,12:33,SUD EST,MARSEILLE ST CHARLES,AZURPA,FRMSC,10:32,FRJCA
7273,2023-08-14,NICE VILLE,OUI,6174,10:13,SUD EST,ANTIBES,AZURPA,FRXAT,09:57,FRNIC
7274,2023-08-14,ST RAPHAEL VALESCURE,OUI,6174,11:44,SUD EST,TOULON,AZURPA,FRTLN,10:58,FRXSK
7275,2023-08-14,LAUSANNE,NON,9774,15:49,INTERNATIONAL,BOURG EN BRESSE,GENEVEPA,FRXBK,13:45,CHAJF
7276,2023-08-14,GENEVE,NON,9774,15:49,INTERNATIONAL,BOURG EN BRESSE,GENEVEPA,FRXBK,14:29,CHGVA
7277,2023-08-14,BELLEGARDE,NON,9774,15:49,INTERNATIONAL,BOURG EN BRESSE,GENEVEPA,FRXBK,15:02,FRXBF
7278,2023-08-14,CANNES,OUI,6161,13:24,SUD EST,NICE VILLE,PAAZUR,FRNIC,12:57,FRJCA
7279,2023-08-14,PARIS (intramuros),NON,6161,13:24,SUD EST,NICE VILLE,PAAZUR,FRNIC,07:48,FRPLY
7280,2023-08-14,PARIS (intramuros),NON,6161,11:39,SUD EST,TOULON,PAAZUR,FRTLN,07:48,FRPLY
7281,2023-08-14,TOULON,OUI,6161,12:28,SUD EST,ST RAPHAEL VALESCURE,PAAZUR,FRXSK,11:43,FRTLN
7282,2023-08-14,ST RAPHAEL VALESCURE,OUI,6161,13:24,SUD EST,NICE VILLE,PAAZUR,FRNIC,12:31,FRXSK
7283,2023-08-14,NIMES,OUI,6221,11:11,SUD EST,MONTPELLIER SAINT-ROCH,PALANG,FRMPL,10:46,FRFNI
7284,2023-08-14,MONTPELLIER SAINT-ROCH,OUI,6221,12:20,SUD EST,NARBONNE,PALANG,FRXNA,11:17,FRMPL
7285,2023-08-14,PARIS (intramuros),NON,6221,12:56,SUD EST,PERPIGNAN,PALANG,FRPGF,07:42,FRPLY
7286,2023-08-14,PARIS (intramuros),NON,6221,11:31,SUD EST,SETE,PALANG,FRXSY,07:42,FRPLY
7287,2023-08-14,VALENCE TGV RHONE-ALPES SUD,NON,6221,11:48,SUD EST,AGDE,PALANG,FRXAG,09:55,FRVLA
7288,2023-08-14,CHATEAUROUX,OUI,3665,20:55,IC ARO,LIMOGES BENEDICTINS,PALITO,FRAGQ,19:42,FRCHR
7289,2023-08-14,GOURDON,OUI,3665,23:13,IC ARO,CAHORS,PALITO,FRZAO,22:46,FRFSI
7290,2023-08-14,LA SOUTERRAINE,OUI,3665,22:01,IC ARO,BRIVE LA GAILLARDE,PALITO,FRBVE,20:24,FRLST
7291,2023-08-14,LA SOUTERRAINE,OUI,3665,22:44,IC ARO,GOURDON,PALITO,FRFSI,20:24,FRLST
7292,2023-08-14,LA SOUTERRAINE,OUI,3665,22:28,IC ARO,SOUILLAC,PALITO,FRSOU,20:24,FRLST
7293,2023-08-14,PARIS (intramuros),OUI,3665,19:09,IC ARO,VIERZON VILLE,PALITO,FRXVZ,17:41,FRPAZ
7294,2023-08-14,VIERZON VILLE,OUI,3665,20:55,IC ARO,LIMOGES BENEDICTINS,PALITO,FRAGQ,19:11,FRXVZ
7295,2023-08-14,VIERZON VILLE,OUI,3665,19:57,IC ARO,ARGENTON SUR CREUSE,PALITO,FRFMT,19:11,FRXVZ
7296,2023-08-14,VIERZON VILLE,OUI,3665,22:44,IC ARO,GOURDON,PALITO,FRFSI,19:11,FRXVZ
7297,2023-08-14,LORIENT,NON,8746,20:19,ATLANTIQUE,VANNES,BRETAPARIS,FRVNE,19:51,FRLRT
7298,2023-08-14,LORIENT,NON,8746,20:46,ATLANTIQUE,REDON,BRETAPARIS,FRXRN,19:51,FRLRT
7299,2023-08-14,VANNES,NON,8746,21:25,ATLANTIQUE,RENNES,BRETAPARIS,FRRNS,20:22,FRVNE
7300,2023-08-14,AURAY,NON,8746,20:19,ATLANTIQUE,VANNES,BRETAPARIS,FRVNE,20:09,FRXUY
7301,2023-08-14,AURAY,NON,8746,20:46,ATLANTIQUE,REDON,BRETAPARIS,FRXRN,20:09,FRXUY
7302,2023-08-14,BORDEAUX ST JEAN,OUI,8551,22:54,ATLANTIQUE,HENDAYE,PASUDOUEST,FRAEF,20:20,FRBOJ
7303,2023-08-14,PARIS (intramuros),NON,8551,21:36,ATLANTIQUE,DAX,PASUDOUEST,FRACG,18:07,FRPMO
7304,2023-08-14,PARIS (intramuros),NON,8551,20:14,ATLANTIQUE,BORDEAUX ST JEAN,PASUDOUEST,FRBOJ,18:07,FRPMO
7305,2023-08-14,NEVERS,NON,5959,16:29,IC ARO,CLERMONT FERRAND,PACLERMONT,FRCFE,14:59,FRNVS
7306,2023-08-14,PARIS (intramuros),NON,5959,14:57,IC ARO,NEVERS,PACLERMONT,FRNVS,13:00,FRPBE
7307,2023-08-14,PARIS (intramuros),NON,5959,16:17,IC ARO,RIOM CHATEL GUYON,PACLERMONT,FRRIO,13:00,FRPBE
7308,2023-08-14,ANGERS ST LAUD,OUI,8121,14:54,ATLANTIQUE,NANTES,PARISLOIRE,FRNTE,14:17,FRACL
7309,2023-08-14,ARCACHON,NON,8470,15:20,ATLANTIQUE,ANGOULEME,SUDOUESTPA,FRANG,13:50,FRXAC
7310,2023-08-14,PARIS (intramuros),OUI,12253,09:18,ATLANTIQUE,POITIERS,PASUDOUEST,FRPIS,07:58,FRPMO
7311,2023-08-14,LIMOGES BENEDICTINS,NON,3619,13:27,IC ARO,SOUILLAC,PALITO,FRSOU,11:59,FRAGQ
7312,2023-08-14,ARGENTON SUR CREUSE,NON,3619,13:00,IC ARO,BRIVE LA GAILLARDE,PALITO,FRBVE,10:57,FRFMT
7313,2023-08-14,LES AUBRAIS ORLEANS,NON,3619,10:56,IC ARO,ARGENTON SUR CREUSE,PALITO,FRFMT,09:29,FRLAB
7314,2023-08-14,LA SOUTERRAINE,NON,3619,11:54,IC ARO,LIMOGES BENEDICTINS,PALITO,FRAGQ,11:22,FRLST
7315,2023-08-14,PARIS (intramuros),NON,3619,13:00,IC ARO,BRIVE LA GAILLARDE,PALITO,FRBVE,08:28,FRPAZ
7316,2023-08-14,PARIS (intramuros),NON,3619,14:11,IC ARO,CAHORS,PALITO,FRZAO,08:28,FRPAZ
7317,2023-08-14,SOUILLAC,OUI,3619,14:53,IC ARO,MONTAUBAN VILLE BOURBON,PALITO,FRXMW,13:29,FRSOU
7318,2023-08-14,VIERZON VILLE,NON,3619,13:44,IC ARO,GOURDON,PALITO,FRFSI,10:10,FRXVZ
7319,2023-08-14,CAHORS,OUI,3619,15:22,IC ARO,TOULOUSE MATABIAU,PALITO,FRXYT,14:13,FRZAO
7320,2023-08-14,ARGENTON SUR CREUSE,NON,3619,13:27,IC ARO,SOUILLAC,PALITO,FRSOU,10:57,FRFMT
7321,2023-08-14,LA BAULE ESCOUBLAC,OUI,8921,16:04,ATLANTIQUE,LE CROISIC,PARISLOIRE,FREGU,15:55,FRJEE
7322,2023-08-14,NANTES,NON,8921,16:04,ATLANTIQUE,LE CROISIC,PARISLOIRE,FREGU,15:00,FRNTE
7323,2023-08-14,STRASBOURG,OUI,9890,06:35,NORD,LORRAINE TGV,JCESTNORD,FREAM,06:01,FRAEG
7324,2023-08-14,STRASBOURG,OUI,9890,08:56,NORD,LILLE (intramuros),JCESTNORD,FRLLE,06:01,FRAEG
7325,2023-08-14,CHAMPAGNE-ARDENNE,OUI,9890,08:56,NORD,LILLE (intramuros),JCESTNORD,FRLLE,07:26,FREAH
7326,2023-08-14,LORRAINE TGV,OUI,9890,08:56,NORD,LILLE (intramuros),JCESTNORD,FRLLE,06:38,FREAM
7327,2023-08-14,AEROPORT CDG2 TGV ROISSY,OUI,9890,08:56,NORD,LILLE (intramuros),JCESTNORD,FRLLE,08:07,FRMLW
7328,2023-08-14,LORIENT,OUI,8722,14:02,ATLANTIQUE,AURAY,BRETAPARIS,FRXUY,13:46,FRLRT
7329,2023-08-14,QUIMPER,OUI,8722,13:43,ATLANTIQUE,LORIENT,BRETAPARIS,FRLRT,13:11,FRUIP
7330,2023-08-14,QUIMPER,NON,8722,15:25,ATLANTIQUE,RENNES,BRETAPARIS,FRRNS,13:11,FRUIP
7331,2023-08-14,VANNES,NON,8722,15:25,ATLANTIQUE,RENNES,BRETAPARIS,FRRNS,14:22,FRVNE
7332,2023-08-14,VANNES,NON,8722,14:48,ATLANTIQUE,REDON,BRETAPARIS,FRXRN,14:22,FRVNE
7333,2023-08-14,AURAY,NON,8722,15:25,ATLANTIQUE,RENNES,BRETAPARIS,FRRNS,14:07,FRXUY
7334,2023-08-14,AURAY,OUI,8722,14:17,ATLANTIQUE,VANNES,BRETAPARIS,FRVNE,14:07,FRXUY
7335,2023-08-14,AIX EN PROVENCE TGV,NON,6866,19:45,SUD EST,AVIGNON TGV,JCSUDPROV,FRAVG,19:26,FRAIE
7336,2023-08-14,AIX EN PROVENCE TGV,NON,6866,20:54,SUD EST,LYON (intramuros),JCSUDPROV,FRLPD,19:26,FRAIE
7337,2023-08-14,TOULON,OUI,6866,19:23,SUD EST,AIX EN PROVENCE TGV,JCSUDPROV,FRAIE,17:53,FRTLN
7338,2023-08-14,MUENCHEN HBF,NON,9576,08:02,INTERNATIONAL,ULM HBF,MUNSTUTPA,DEQUL,06:51,DEBEG
7339,2023-08-14,ULM HBF,NON,9576,10:37,INTERNATIONAL,STRASBOURG,MUNSTUTPA,FRAEG,08:04,DEQUL
7340,2023-08-14,STUTTGART HBF,NON,9576,09:51,INTERNATIONAL,KARLSRUHE HBF,MUNSTUTPA,DEQKA,09:11,DESGT
7341,2023-08-14,ORTHEZ,NON,8572,14:46,ATLANTIQUE,PAU,PASUDOUEST,FRAEE,14:18,FRGFI
7342,2023-08-14,LES AUBRAIS ORLEANS,OUI,3971,07:02,IC NUIT,FOIX,PARPALOMBE,FRXFX,22:24,FRLAB
7343,2023-08-14,LES AUBRAIS ORLEANS,NON,3971,08:46,IC NUIT,LATOUR DE CAROL ENVEITG,PARPALOMBE,FRXTE,22:24,FRLAB
7344,2023-08-14,PARIS (intramuros),NON,3971,08:02,IC NUIT,MERENS LES VALS,PARPALOMBE,FRFQH,20:41,FRPAZ
7345,2023-08-14,PARIS (intramuros),NON,3971,08:46,IC NUIT,LATOUR DE CAROL ENVEITG,PARPALOMBE,FRXTE,20:41,FRPAZ
7346,2023-08-14,POITIERS,NON,8377,14:37,ATLANTIQUE,NIORT,PAROCHELLE,FRNIT,13:55,FRPIS
7347,2023-08-14,PARIS (intramuros),NON,8377,13:52,ATLANTIQUE,POITIERS,PAROCHELLE,FRPIS,12:16,FRPMO
7348,2023-08-14,PARIS (intramuros),NON,8377,13:17,ATLANTIQUE,ST PIERRE DES CORPS,PAROCHELLE,FRXSH,12:16,FRPMO
7349,2023-08-14,ST PIERRE DES CORPS,NON,8377,14:37,ATLANTIQUE,NIORT,PAROCHELLE,FRNIT,13:20,FRXSH
7350,2023-08-14,AVIGNON TGV,NON,6813,15:32,SUD EST,AIX EN PROVENCE TGV,JCPROVSUD,FRAIE,15:13,FRAVG
7351,2023-08-14,LYON (intramuros),NON,6813,16:43,SUD EST,TOULON,JCPROVSUD,FRTLN,14:06,FRLPD
7352,2023-08-14,BRIVE LA GAILLARDE,NON,3694,21:43,IC ARO,VIERZON VILLE,TOULOUZECO,FRXVZ,18:58,FRBVE
7353,2023-08-14,CHATEAUROUX,NON,3694,21:43,IC ARO,VIERZON VILLE,TOULOUZECO,FRXVZ,21:10,FRCHR
7354,2023-08-14,GOURDON,NON,3694,18:55,IC ARO,BRIVE LA GAILLARDE,TOULOUZECO,FRBVE,18:12,FRFSI
7355,2023-08-14,CAUSSADE TARN ET GARONNE,NON,3694,18:10,IC ARO,GOURDON,TOULOUZECO,FRFSI,17:18,FRFTA
7356,2023-08-14,CAUSSADE TARN ET GARONNE,NON,3694,23:19,IC ARO,PARIS (intramuros),TOULOUZECO,FRPAZ,17:18,FRFTA
7357,2023-08-14,CAUSSADE TARN ET GARONNE,NON,3694,17:43,IC ARO,CAHORS,TOULOUZECO,FRZAO,17:18,FRFTA
7358,2023-08-14,LES AUBRAIS ORLEANS,OUI,3694,23:19,IC ARO,PARIS (intramuros),TOULOUZECO,FRPAZ,22:22,FRLAB
7359,2023-08-14,LA SOUTERRAINE,NON,3694,23:19,IC ARO,PARIS (intramuros),TOULOUZECO,FRPAZ,20:32,FRLST
7360,2023-08-14,MONTAUBAN VILLE BOURBON,NON,3694,21:08,IC ARO,CHATEAUROUX,TOULOUZECO,FRCHR,17:05,FRXMW
7361,2023-08-14,MONTAUBAN VILLE BOURBON,NON,3694,18:10,IC ARO,GOURDON,TOULOUZECO,FRFSI,17:05,FRXMW
7362,2023-08-14,PARIS (intramuros),NON,8063,22:10,ATLANTIQUE,LE MANS,PARISBRETA,FRAET,21:12,FRPMO
7363,2023-08-14,ARLES,OUI,6198,18:46,SUD EST,MONTELIMAR GARE SNCF,VDRPA,FRXMK,17:36,FRHZA
7364,2023-08-14,VALENCE VILLE,OUI,6198,19:46,SUD EST,LYON-SAINT EXUPERY TGV,VDRPA,FRJDQ,19:13,FRVAF
7365,2023-08-14,PARIS (intramuros),NON,6049,17:06,SUD EST,VALENCE TGV RHONE-ALPES SUD,PALANG,FRVLA,14:56,FRPLY
7366,2023-08-14,PARIS (intramuros),NON,6049,18:48,SUD EST,AGDE,PALANG,FRXAG,14:56,FRPLY
7367,2023-08-14,SETE,OUI,6049,19:03,SUD EST,BEZIERS,PALANG,FRBZR,18:34,FRXSY
7368,2023-08-14,MONTPELLIER SUD DE FRANCE,OUI,6049,19:56,SUD EST,PERPIGNAN,PALANG,FRPGF,18:17,FRSUF
7369,2023-08-14,NIMES PONT DU GARD,OUI,6049,19:56,SUD EST,PERPIGNAN,PALANG,FRPGF,17:49,FRXZP
7370,2023-08-14,NIMES PONT DU GARD,OUI,6049,18:48,SUD EST,AGDE,PALANG,FRXAG,17:49,FRXZP
7371,2023-08-14,NIMES PONT DU GARD,OUI,6049,18:31,SUD EST,SETE,PALANG,FRXSY,17:49,FRXZP
7372,2023-08-14,PARIS (intramuros),NON,6077,19:58,SUD EST,NICE VILLE,PAAZUR,FRNIC,14:10,FRPLY
7373,2023-08-14,PARIS (intramuros),NON,6077,19:39,SUD EST,ANTIBES,PAAZUR,FRXAT,14:10,FRPLY
7374,2023-08-14,TOULON,OUI,6077,19:39,SUD EST,ANTIBES,PAAZUR,FRXAT,18:15,FRTLN
7375,2023-08-14,BORDEAUX ST JEAN,NON,3854,12:58,IC SRO,LUCON,BORDONANTE,FRLCN,09:53,FRBOJ
7376,2023-08-14,JONZAC,NON,3854,12:58,IC SRO,LUCON,BORDONANTE,FRLCN,10:41,FREMR
7377,2023-08-14,JONZAC,NON,3854,11:53,IC SRO,ROCHEFORT,BORDONANTE,FRRCO,10:41,FREMR
7378,2023-08-14,JONZAC,NON,3854,11:23,IC SRO,SAINTES,BORDONANTE,FRXST,10:41,FREMR
7379,2023-08-14,ROCHEFORT,NON,3854,12:58,IC SRO,LUCON,BORDONANTE,FRLCN,11:55,FRRCO
7380,2023-08-14,MODANE,NON,9249,21:49,INTERNATIONAL,MILANO P GARIBALDI,PAITALIE,ITMPG,18:55,FRAGR
7381,2023-08-14,PARIS (intramuros),NON,9249,21:49,INTERNATIONAL,MILANO P GARIBALDI,PAITALIE,ITMPG,14:46,FRPLY
7382,2023-08-14,PARIS (intramuros),NON,9249,19:23,INTERNATIONAL,OULX CESANA CLAV SESTRIERE,PAITALIE,ITOCS,14:46,FRPLY
7383,2023-08-14,PARIS (intramuros),NON,9249,20:22,INTERNATIONAL,TORINO PORTA SUSA,PAITALIE,ITTRS,14:46,FRPLY
7384,2023-08-14,ANGERS ST LAUD,NON,8922,16:23,ATLANTIQUE,LE MANS,LOIREPARIS,FRAET,15:44,FRACL
7385,2023-08-14,ANGERS ST LAUD,NON,8922,17:25,ATLANTIQUE,PARIS (intramuros),LOIREPARIS,FRPMO,15:44,FRACL
7386,2023-08-14,LE CROISIC,NON,8922,14:59,ATLANTIQUE,NANTES,LOIREPARIS,FRNTE,13:47,FREGU
7387,2023-08-14,ST NAZAIRE,NON,8922,15:41,ATLANTIQUE,ANGERS ST LAUD,LOIREPARIS,FRACL,14:24,FRSNR
7388,2023-08-14,ST NAZAIRE,NON,8922,16:23,ATLANTIQUE,LE MANS,LOIREPARIS,FRAET,14:24,FRSNR
7389,2023-08-14,HENDAYE,OUI,8534,09:46,ATLANTIQUE,ST JEAN DE LUZ CIBOURE,SUDOUESTPA,FRXJZ,09:36,FRAEF
7390,2023-08-14,BIARRITZ,OUI,8534,10:46,ATLANTIQUE,DAX,SUDOUESTPA,FRACG,10:02,FRBIQ
7391,2023-08-14,BIARRITZ,NON,8534,12:06,ATLANTIQUE,BORDEAUX ST JEAN,SUDOUESTPA,FRBOJ,10:02,FRBIQ
7392,2023-08-14,BAYONNE,NON,8534,14:19,ATLANTIQUE,PARIS (intramuros),SUDOUESTPA,FRPMO,10:17,FRXBY
7393,2023-08-14,ST JEAN DE LUZ CIBOURE,OUI,8534,10:46,ATLANTIQUE,DAX,SUDOUESTPA,FRACG,09:49,FRXJZ
7394,2023-08-14,ST JEAN DE LUZ CIBOURE,NON,8534,14:19,ATLANTIQUE,PARIS (intramuros),SUDOUESTPA,FRPMO,09:49,FRXJZ
7395,2023-08-14,PARIS (intramuros),NON,5771,08:55,IC NUIT,CANNES,PARAZUR,FRJCA,20:51,FRPAZ
7396,2023-08-14,PARIS (intramuros),NON,5771,07:37,IC NUIT,TOULON,PARAZUR,FRTLN,20:51,FRPAZ
7397,2023-08-14,CHAMPAGNE-ARDENNE,NON,2886,21:13,EST,PARIS (intramuros),LUXMETZPA,FRPST,20:32,FREAH
7398,2023-08-14,CANNES,OUI,6177,19:58,SUD EST,NICE VILLE,PAAZUR,FRNIC,19:31,FRJCA
7399,2023-08-14,MARSEILLE ST CHARLES,NON,6177,18:11,SUD EST,TOULON,PAAZUR,FRTLN,17:28,FRMSC
7400,2023-08-14,MARSEILLE ST CHARLES,NON,6177,19:01,SUD EST,ST RAPHAEL VALESCURE,PAAZUR,FRXSK,17:28,FRMSC
7401,2023-08-14,BESANCON VIOTTE,OUI,6766,22:04,SUD EST,PARIS (intramuros),BOURPA,FRPLY,19:32,FRABG
7402,2023-08-14,LE MANS,NON,8973,13:14,ATLANTIQUE,LES SABLES D'OLONNE,PARISLOIRE,FRLSO,10:36,FRAET
7403,2023-08-14,LA ROCHE SUR YON,OUI,8973,13:14,ATLANTIQUE,LES SABLES D'OLONNE,PARISLOIRE,FRLSO,12:48,FRXRO
7404,2023-08-14,MOULINS SUR ALLIER,OUI,5978,19:57,IC ARO,PARIS (intramuros),CLERMONTPA,FRPBE,17:31,FRXMU
7405,2023-08-14,ANGERS ST LAUD,OUI,8911,08:54,ATLANTIQUE,NANTES,PARISLOIRE,FRNTE,08:17,FRACL
7406,2023-08-14,MASSY TGV,OUI,8911,08:54,ATLANTIQUE,NANTES,PARISLOIRE,FRNTE,06:40,FRDJU
7407,2023-08-14,PORNICHET,OUI,8911,10:09,ATLANTIQUE,LE CROISIC,PARISLOIRE,FREGU,09:49,FREGR
7408,2023-08-14,PARIS (intramuros),OUI,8911,08:14,ATLANTIQUE,ANGERS ST LAUD,PARISLOIRE,FRACL,06:28,FRPMO
7409,2023-08-14,PARIS (intramuros),OUI,8911,10:09,ATLANTIQUE,LE CROISIC,PARISLOIRE,FREGU,06:28,FRPMO
7410,2023-08-14,PARIS (intramuros),OUI,8911,08:54,ATLANTIQUE,NANTES,PARISLOIRE,FRNTE,06:28,FRPMO
7411,2023-08-14,MARNE LA VALLEE CHESSY,OUI,5182,21:57,NORD,LILLE (intramuros),JCSUDNORD,FRLLE,20:51,FRMLV
7412,2023-08-14,LYON (intramuros),OUI,6628,20:08,SUD EST,PARIS (intramuros),RHONEPARIS,FRPLY,18:04,FRLPD
7413,2023-08-14,DIJON VILLE,NON,2239,19:31,EST,AIX EN PROVENCE TGV,JCRHINRHON,FRAIE,16:20,FRABA
7414,2023-08-14,DIJON VILLE,NON,2239,19:10,EST,AVIGNON TGV,JCRHINRHON,FRAVG,16:20,FRABA
7415,2023-08-14,DIJON VILLE,NON,2239,19:45,EST,MARSEILLE ST CHARLES,JCRHINRHON,FRMSC,16:20,FRABA
7416,2023-08-14,STRASBOURG,NON,2239,16:04,EST,DIJON VILLE,JCRHINRHON,FRABA,13:37,FRAEG
7417,2023-08-14,STRASBOURG,OUI,2239,14:29,EST,MULHOUSE VILLE,JCRHINRHON,FRAEK,13:37,FRAEG
7418,2023-08-14,STRASBOURG,NON,2239,19:31,EST,AIX EN PROVENCE TGV,JCRHINRHON,FRAIE,13:37,FRAEG
7419,2023-08-14,STRASBOURG,NON,2239,17:56,EST,LYON (intramuros),JCRHINRHON,FRLPD,13:37,FRAEG
7420,2023-08-14,STRASBOURG,NON,2239,22:11,EST,ANTIBES,JCRHINRHON,FRXAT,13:37,FRAEG
7421,2023-08-14,COLMAR,NON,2239,19:10,EST,AVIGNON TGV,JCRHINRHON,FRAVG,14:05,FRAEJ
7422,2023-08-14,COLMAR,NON,2239,21:59,EST,CANNES,JCRHINRHON,FRJCA,14:05,FRAEJ
7423,2023-08-14,COLMAR,NON,2239,22:30,EST,NICE VILLE,JCRHINRHON,FRNIC,14:05,FRAEJ
7424,2023-08-14,MULHOUSE VILLE,NON,2239,16:04,EST,DIJON VILLE,JCRHINRHON,FRABA,14:40,FRAEK
7425,2023-08-14,MULHOUSE VILLE,NON,2239,19:31,EST,AIX EN PROVENCE TGV,JCRHINRHON,FRAIE,14:40,FRAEK
7426,2023-08-14,AIX EN PROVENCE TGV,NON,2239,22:11,EST,ANTIBES,JCRHINRHON,FRXAT,19:33,FRAIE
7427,2023-08-14,AIX EN PROVENCE TGV,NON,2239,21:34,EST,ST RAPHAEL VALESCURE,JCRHINRHON,FRXSK,19:33,FRAIE
7428,2023-08-14,AVIGNON TGV,NON,2239,21:34,EST,ST RAPHAEL VALESCURE,JCRHINRHON,FRXSK,19:12,FRAVG
7429,2023-08-14,LYON (intramuros),NON,2239,19:10,EST,AVIGNON TGV,JCRHINRHON,FRAVG,18:04,FRLPD
7430,2023-08-14,LYON (intramuros),NON,2239,22:30,EST,NICE VILLE,JCRHINRHON,FRNIC,18:04,FRLPD
7431,2023-08-14,LYON (intramuros),NON,2239,21:17,EST,LES ARCS DRAGUIGNAN,JCRHINRHON,FRXRS,18:04,FRLPD
7432,2023-08-14,BELFORT-MONTBELIARD TGV,NON,2239,19:45,EST,MARSEILLE ST CHARLES,JCRHINRHON,FRMSC,15:06,FRTJA
7433,2023-08-14,BESANCON - F COMTE TGV,NON,2239,17:56,EST,LYON (intramuros),JCRHINRHON,FRLPD,15:36,FRTJB
7434,2023-08-14,BESANCON - F COMTE TGV,NON,2239,19:45,EST,MARSEILLE ST CHARLES,JCRHINRHON,FRMSC,15:36,FRTJB
7435,2023-08-14,BEAUNE,NON,2239,21:59,EST,CANNES,JCRHINRHON,FRJCA,16:42,FRXBV
7436,2023-08-14,BEAUNE,NON,2239,22:11,EST,ANTIBES,JCRHINRHON,FRXAT,16:42,FRXBV
7437,2023-08-14,BEAUNE,NON,2239,21:17,EST,LES ARCS DRAGUIGNAN,JCRHINRHON,FRXRS,16:42,FRXBV
7438,2023-08-14,ST RAPHAEL VALESCURE,OUI,2239,22:30,EST,NICE VILLE,JCRHINRHON,FRNIC,21:37,FRXSK
7439,2023-08-14,BESANCON - F COMTE TGV,NON,2239,22:30,EST,NICE VILLE,JCRHINRHON,FRNIC,15:36,FRTJB
7440,2023-08-14,BESANCON - F COMTE TGV,NON,2239,20:41,EST,TOULON,JCRHINRHON,FRTLN,15:36,FRTJB
7441,2023-08-14,BELFORT-MONTBELIARD TGV,NON,2239,20:41,EST,TOULON,JCRHINRHON,FRTLN,15:06,FRTJA
7442,2023-08-14,STRASBOURG,NON,2239,16:39,EST,BEAUNE,JCRHINRHON,FRXBV,13:37,FRAEG
7443,2023-08-14,MULHOUSE VILLE,NON,2239,16:39,EST,BEAUNE,JCRHINRHON,FRXBV,14:40,FRAEK
7444,2023-08-14,LE MANS,NON,5382,15:40,SUD EST,RENNES,JCSUDATL,FRRNS,14:53,FRAET
7445,2023-08-14,LYON (intramuros),NON,5382,15:40,SUD EST,RENNES,JCSUDATL,FRRNS,11:36,FRLPE
7446,2023-08-14,DAX,NON,8531,11:05,ATLANTIQUE,BAYONNE,PASUDOUEST,FRXBY,10:37,FRACG
7447,2023-08-14,BORDEAUX ST JEAN,NON,8531,11:47,ATLANTIQUE,HENDAYE,PASUDOUEST,FRAEF,09:21,FRBOJ
7448,2023-08-14,BORDEAUX ST JEAN,NON,8531,11:05,ATLANTIQUE,BAYONNE,PASUDOUEST,FRXBY,09:21,FRBOJ
7449,2023-08-14,PARIS (intramuros),NON,8531,11:16,ATLANTIQUE,BIARRITZ,PASUDOUEST,FRBIQ,07:08,FRPMO
7450,2023-08-14,PARIS (intramuros),NON,8531,11:05,ATLANTIQUE,BAYONNE,PASUDOUEST,FRXBY,07:08,FRPMO
7451,2023-08-14,BAYONNE,OUI,8531,11:47,ATLANTIQUE,HENDAYE,PASUDOUEST,FRAEF,11:08,FRXBY
7452,2023-08-14,AIX EN PROVENCE TGV,NON,9854,11:27,NORD,LILLE (intramuros),JCSUDNORD,FRLLE,06:49,FRAIE
7453,2023-08-14,AVIGNON TGV,NON,9854,11:27,NORD,LILLE (intramuros),JCSUDNORD,FRLLE,07:12,FRAVG
7454,2023-08-14,AVIGNON TGV,NON,9854,10:32,NORD,AEROPORT CDG2 TGV ROISSY,JCSUDNORD,FRMLW,07:12,FRAVG
7455,2023-08-14,LYON (intramuros),NON,9854,10:19,NORD,MARNE LA VALLEE CHESSY,JCSUDNORD,FRMLV,08:34,FRLPD
7456,2023-08-14,MARNE LA VALLEE CHESSY,NON,9854,11:27,NORD,LILLE (intramuros),JCSUDNORD,FRLLE,10:23,FRMLV
7457,2023-08-14,MARSEILLE ST CHARLES,NON,9854,12:11,NORD,BRUXELLES MIDI BRUSSEL ZUID,JCSUDNORD,BEBMI,06:33,FRMSC
7458,2023-08-14,MARSEILLE ST CHARLES,OUI,9854,07:09,NORD,AVIGNON TGV,JCSUDNORD,FRAVG,06:33,FRMSC
7459,2023-08-14,STRASBOURG,NON,9579,20:25,INTERNATIONAL,KARLSRUHE HBF,PASTUTMUN,DEQKA,19:46,FRAEG
7460,2023-08-14,BEZIERS,NON,6036,19:03,SUD EST,VALENCE TGV RHONE-ALPES SUD,LANGPA,FRVLA,16:58,FRBZR
7461,2023-08-14,NIMES,NON,6036,19:03,SUD EST,VALENCE TGV RHONE-ALPES SUD,LANGPA,FRVLA,18:22,FRFNI
7462,2023-08-14,MONTPELLIER SAINT-ROCH,NON,6036,21:18,SUD EST,PARIS (intramuros),LANGPA,FRPLY,17:51,FRMPL
7463,2023-08-14,PERPIGNAN,OUI,6036,16:55,SUD EST,BEZIERS,LANGPA,FRBZR,16:05,FRPGF
7464,2023-08-14,VALENCE TGV RHONE-ALPES SUD,NON,6036,21:18,SUD EST,PARIS (intramuros),LANGPA,FRPLY,19:06,FRVLA
7465,2023-08-14,NARBONNE,NON,6036,18:18,SUD EST,NIMES,LANGPA,FRFNI,16:42,FRXNA
7466,2023-08-14,LES AUBRAIS ORLEANS,NON,3737,09:54,IC NUIT,ARGELES SUR MER,PARPALOMBE,FRARM,22:24,FRLAB
7467,2023-08-14,PARIS (intramuros),NON,3737,07:55,IC NUIT,LEZIGNAN-CORBIERES,PARPALOMBE,FRFUX,20:41,FRPAZ
7468,2023-08-14,PARIS (intramuros),NON,3737,10:00,IC NUIT,COLLIOURE,PARPALOMBE,FRXCU,20:41,FRPAZ
7469,2023-08-14,PARIS (intramuros),NON,3751,07:07,IC NUIT,TOULOUSE MATABIAU,PAVERMEIL,FRXYT,22:12,FRPAZ
7470,2023-08-14,NANTES,OUI,5300,06:24,SUD EST,ST PIERRE DES CORPS,JCATLSUD,FRXSH,04:53,FRNTE
7471,2023-08-14,NANTES,NON,5300,11:21,SUD EST,MONTPELLIER SUD DE FRANCE,JCATLSUD,FRSUF,04:53,FRNTE
7472,2023-08-14,BRIVE LA GAILLARDE,OUI,3614,06:00,IC ARO,LIMOGES BENEDICTINS,TOULOUZECO,FRAGQ,04:58,FRBVE
7473,2023-08-14,ST DENIS PRES MARTEL,NON,3754,05:43,IC NUIT,LES AUBRAIS ORLEANS,OCCITANPAR,FRLAB,00:51,FRSDM
7474,2023-08-14,ST DENIS PRES MARTEL,NON,3754,06:50,IC NUIT,PARIS (intramuros),OCCITANPAR,FRPAZ,00:51,FRSDM
7475,2023-08-14,NANTES,NON,5300,10:58,SUD EST,NIMES PONT DU GARD,JCATLSUD,FRXZP,04:53,FRNTE
7476,2023-08-14,BRIVE LA GAILLARDE,OUI,3614,07:14,IC ARO,CHATEAUROUX,TOULOUZECO,FRCHR,04:58,FRBVE
7477,2023-08-14,BRIVE LA GAILLARDE,OUI,3614,06:58,IC ARO,ARGENTON SUR CREUSE,TOULOUZECO,FRFMT,04:58,FRBVE
7478,2023-08-14,BRIVE LA GAILLARDE,OUI,3614,06:33,IC ARO,LA SOUTERRAINE,TOULOUZECO,FRLST,04:58,FRBVE
7479,2023-08-14,ROCAMADOUR PADIRAC,NON,3754,06:50,IC NUIT,PARIS (intramuros),OCCITANPAR,FRPAZ,00:34,FRFSA
7480,2023-08-14,ASSIER,NON,3754,06:50,IC NUIT,PARIS (intramuros),OCCITANPAR,FRPAZ,00:13,FRFSD
7481,2023-08-14,ANGOULEME,NON,5284,17:15,NORD,TGV HAUTE PICARDIE,JCAQUINORD,FRTHP,13:36,FRANG
7482,2023-08-14,BORDEAUX ST JEAN,OUI,5284,13:33,NORD,ANGOULEME,JCAQUINORD,FRANG,12:58,FRBOJ
7483,2023-08-14,BORDEAUX ST JEAN,NON,5284,17:15,NORD,TGV HAUTE PICARDIE,JCAQUINORD,FRTHP,12:58,FRBOJ
7484,2023-08-14,BORDEAUX ST JEAN,NON,5284,14:50,NORD,ST PIERRE DES CORPS,JCAQUINORD,FRXSH,12:58,FRBOJ
7485,2023-08-14,MASSY TGV,OUI,5284,16:27,NORD,MARNE LA VALLEE CHESSY,JCAQUINORD,FRMLV,15:55,FRDJU
7486,2023-08-14,POITIERS,NON,5284,16:41,NORD,AEROPORT CDG2 TGV ROISSY,JCAQUINORD,FRMLW,14:19,FRPIS
7487,2023-08-14,TGV HAUTE PICARDIE,OUI,5284,17:57,NORD,LILLE (intramuros),JCAQUINORD,FRLLE,17:31,FRTHP
7488,2023-08-14,ST PIERRE DES CORPS,NON,5284,15:49,NORD,MASSY TGV,JCAQUINORD,FRDJU,14:54,FRXSH
7489,2023-08-14,ST PIERRE DES CORPS,NON,5284,17:57,NORD,LILLE (intramuros),JCAQUINORD,FRLLE,14:54,FRXSH
7490,2023-08-14,ST PIERRE DES CORPS,NON,5284,16:27,NORD,MARNE LA VALLEE CHESSY,JCAQUINORD,FRMLV,14:54,FRXSH
7491,2023-08-14,ST PIERRE DES CORPS,NON,5284,17:15,NORD,TGV HAUTE PICARDIE,JCAQUINORD,FRTHP,14:54,FRXSH
7492,2023-08-14,AIX EN PROVENCE TGV,OUI,5102,10:48,NORD,MARSEILLE ST CHARLES,JCNORDSUD,FRMSC,10:36,FRAIE
7493,2023-08-14,AVIGNON TGV,NON,5102,10:48,NORD,MARSEILLE ST CHARLES,JCNORDSUD,FRMSC,10:14,FRAVG
7494,2023-08-14,LILLE (intramuros),NON,5102,09:00,NORD,LYON (intramuros),JCNORDSUD,FRLPD,06:00,FRLLE
7495,2023-08-14,LYON (intramuros),NON,5102,10:33,NORD,AIX EN PROVENCE TGV,JCNORDSUD,FRAIE,09:06,FRLPD
7496,2023-08-14,AEROPORT CDG2 TGV ROISSY,NON,5102,10:33,NORD,AIX EN PROVENCE TGV,JCNORDSUD,FRAIE,06:56,FRMLW
7497,2023-08-14,AEROPORT CDG2 TGV ROISSY,NON,5102,09:00,NORD,LYON (intramuros),JCNORDSUD,FRLPD,06:56,FRMLW
7498,2023-08-14,NIMES,OUI,6200,07:02,SUD EST,VALENCE TGV RHONE-ALPES SUD,LANGPA,FRVLA,06:19,FRFNI
7499,2023-08-14,DIJON VILLE,NON,5500,19:09,EST,MULHOUSE VILLE,JCRHONRHIN,FRAEK,17:50,FRABA
7500,2023-08-14,DIJON VILLE,NON,5500,18:17,EST,BESANCON - F COMTE TGV,JCRHONRHIN,FRTJB,17:50,FRABA
7501,2023-08-14,STRASBOURG,OUI,5500,21:13,EST,METZ VILLE,JCRHONRHIN,FRADE,20:24,FRAEG
7502,2023-08-14,MULHOUSE VILLE,OUI,5500,21:13,EST,METZ VILLE,JCRHONRHIN,FRADE,19:12,FRAEK
7503,2023-08-14,NIMES,NON,5500,19:41,EST,COLMAR,JCRHONRHIN,FRAEJ,14:25,FRFNI
7504,2023-08-14,NIMES,NON,5500,18:44,EST,BELFORT-MONTBELIARD TGV,JCRHONRHIN,FRTJA,14:25,FRFNI
7505,2023-08-14,MACON VILLE,NON,5500,21:13,EST,METZ VILLE,JCRHONRHIN,FRADE,16:41,FRHGU
7506,2023-08-14,LYON (intramuros),NON,5500,18:17,EST,BESANCON - F COMTE TGV,JCRHONRHIN,FRTJB,16:04,FRLPD
7507,2023-08-14,MONTPELLIER SAINT-ROCH,NON,5500,17:40,EST,DIJON VILLE,JCRHONRHIN,FRABA,13:57,FRMPL
7508,2023-08-14,MONTPELLIER SAINT-ROCH,NON,5500,21:13,EST,METZ VILLE,JCRHONRHIN,FRADE,13:57,FRMPL
7509,2023-08-14,MONTPELLIER SAINT-ROCH,NON,5500,20:13,EST,STRASBOURG,JCRHONRHIN,FRAEG,13:57,FRMPL
7510,2023-08-14,MONTPELLIER SAINT-ROCH,NON,5500,18:44,EST,BELFORT-MONTBELIARD TGV,JCRHONRHIN,FRTJA,13:57,FRMPL
7511,2023-08-14,BESANCON - F COMTE TGV,NON,5500,20:13,EST,STRASBOURG,JCRHONRHIN,FRAEG,18:22,FRTJB
7512,2023-08-14,BESANCON - F COMTE TGV,NON,5500,19:41,EST,COLMAR,JCRHONRHIN,FRAEJ,18:22,FRTJB
7513,2023-08-14,MONTPELLIER SAINT-ROCH,OUI,6034,14:15,SUD EST,NIMES,LANGPA,FRFNI,13:50,FRMPL
7514,2023-08-14,ST ETIENNE CHATEAUCREUX,NON,6694,15:00,SUD EST,PARIS (intramuros),RHONEPARIS,FRPLY,12:11,FRHHD
7515,2023-08-14,MASSY TGV,OUI,9832,19:50,NORD,NANTES,JCNORDBRET,FRNTE,17:39,FRDJU
7516,2023-08-14,LILLE (intramuros),NON,9832,17:33,NORD,MASSY TGV,JCNORDBRET,FRDJU,15:52,FRLLE
7517,2023-08-14,MARNE LA VALLEE CHESSY,OUI,9832,18:29,NORD,LE MANS,JCNORDBRET,FRAET,17:02,FRMLV
7518,2023-08-14,BRUXELLES MIDI BRUSSEL ZUID,NON,9832,19:50,NORD,NANTES,JCNORDBRET,FRNTE,15:03,BEBMI
7519,2023-08-14,BRUXELLES MIDI BRUSSEL ZUID,NON,9832,19:09,NORD,ANGERS ST LAUD,JCNORDBRET,FRACL,15:03,BEBMI
7520,2023-08-14,KAISERSLAUTERN HBF,NON,9557,22:17,INTERNATIONAL,MANNHEIM HBF,PAFRANC,DEMHG,21:37,DEKLT
7521,2023-08-14,PARIS (intramuros),NON,9557,22:59,INTERNATIONAL,FRANKFURT MAIN HBF,PAFRANC,DEFRH,19:07,FRPST
7522,2023-08-14,PARIS (intramuros),NON,9557,22:17,INTERNATIONAL,MANNHEIM HBF,PAFRANC,DEMHG,19:07,FRPST
7523,2023-08-14,VALENCE TGV RHONE-ALPES SUD,OUI,6367,22:28,SUD EST,MONTPELLIER SUD DE FRANCE,PALANG,FRSUF,21:30,FRVLA
7524,2023-08-14,VALENCE TGV RHONE-ALPES SUD,OUI,6367,22:06,SUD EST,NIMES PONT DU GARD,PALANG,FRXZP,21:30,FRVLA
7525,2023-08-14,AVIGNON TGV,NON,6116,15:22,SUD EST,PARIS (intramuros),PROVENCEPA,FRPLY,12:40,FRAVG
7526,2023-08-14,PARIS (intramuros),NON,6127,21:21,SUD EST,AVIGNON TGV,PAPROVENCE,FRAVG,18:38,FRPLY
7527,2023-08-14,LUCON,NON,3833,15:10,IC SRO,JONZAC,NANTEBORDO,FREMR,13:00,FRLCN
7528,2023-08-14,LUCON,NON,3833,14:32,IC SRO,SAINTES,NANTEBORDO,FRXST,13:00,FRLCN
7529,2023-08-14,NANTES,NON,3833,16:08,IC SRO,BORDEAUX ST JEAN,NANTEBORDO,FRBOJ,11:55,FRNTE
7530,2023-08-14,NANTES,NON,3833,12:58,IC SRO,LUCON,NANTEBORDO,FRLCN,11:55,FRNTE
7531,2023-08-14,LA ROCHE SUR YON,NON,3833,12:58,IC SRO,LUCON,NANTEBORDO,FRLCN,12:36,FRXRO
7532,2023-08-14,RIOM CHATEL GUYON,OUI,5990,20:04,IC ARO,VICHY,CLERMONTPA,FRVHY,19:42,FRRIO
7533,2023-08-14,VENDOME VILLIERS SUR LOIR,OUI,8310,09:33,ATLANTIQUE,PARIS (intramuros),ROCHELLEPA,FRPMO,08:46,FRESL
7534,2023-08-14,ST PIERRE DES CORPS,OUI,8310,09:33,ATLANTIQUE,PARIS (intramuros),ROCHELLEPA,FRPMO,08:25,FRXSH
7535,2023-08-14,BEZIERS,NON,9711,11:20,SUD EST,NARBONNE,PABARCELONE,FRXNA,11:06,FRBZR
7536,2023-08-14,PARIS (intramuros),NON,9711,10:31,SUD EST,SETE,PABARCELONE,FRXSY,06:56,FRPLY
7537,2023-08-14,VALENCE TGV RHONE-ALPES SUD,NON,9711,10:48,SUD EST,AGDE,PABARCELONE,FRXAG,09:10,FRVLA
7538,2023-08-14,NARBONNE,NON,9711,11:56,SUD EST,PERPIGNAN,PABARCELONE,FRPGF,11:23,FRXNA
7539,2023-08-14,NIMES PONT DU GARD,NON,9711,10:08,SUD EST,MONTPELLIER SUD DE FRANCE,PABARCELONE,FRSUF,09:49,FRXZP
7540,2023-08-14,PARIS (intramuros),NON,9711,12:27,SUD EST,FIGUERES VILA TGV,PABARCELONE,ESFIR,06:56,FRPLY
7541,2023-08-14,AGDE,NON,9711,12:44,SUD EST,GIRONA,PABARCELONE,ESGRO,10:51,FRXAG
7542,2023-08-14,AGDE,NON,9711,13:25,SUD EST,BARCELONA SANTS,PABARCELONE,ESBST,10:51,FRXAG
7543,2023-08-14,BEZIERS,NON,9711,12:44,SUD EST,GIRONA,PABARCELONE,ESGRO,11:06,FRBZR
7544,2023-08-14,MULHOUSE VILLE,OUI,6706,16:56,SUD EST,DIJON VILLE,BOURPA,FRABA,15:40,FRAEK
7545,2023-08-14,BELFORT-MONTBELIARD TGV,OUI,6706,17:35,SUD EST,MONTBARD,BOURPA,FRGWE,16:05,FRTJA
7546,2023-08-14,NANTES,OUI,8112,10:23,ATLANTIQUE,LE MANS,LOIREPARIS,FRAET,09:05,FRNTE
7547,2023-08-14,LIMOGES BENEDICTINS,OUI,3645,20:12,IC ARO,CAHORS,PALITO,FRZAO,18:02,FRAGQ
7548,2023-08-14,BRIVE LA GAILLARDE,OUI,3645,19:29,IC ARO,SOUILLAC,PALITO,FRSOU,19:06,FRBVE
7549,2023-08-14,BRIVE LA GAILLARDE,OUI,3645,20:54,IC ARO,MONTAUBAN VILLE BOURBON,PALITO,FRXMW,19:06,FRBVE
7550,2023-08-14,BRIVE LA GAILLARDE,OUI,3645,20:12,IC ARO,CAHORS,PALITO,FRZAO,19:06,FRBVE
7551,2023-08-14,CHATEAUROUX,NON,3645,20:12,IC ARO,CAHORS,PALITO,FRZAO,16:48,FRCHR
7552,2023-08-14,GOURDON,OUI,3645,20:39,IC ARO,CAUSSADE TARN ET GARONNE,PALITO,FRFTA,19:48,FRFSI
7553,2023-08-14,CAUSSADE TARN ET GARONNE,OUI,3645,20:54,IC ARO,MONTAUBAN VILLE BOURBON,PALITO,FRXMW,20:40,FRFTA
7554,2023-08-14,LES AUBRAIS ORLEANS,NON,3645,20:39,IC ARO,CAUSSADE TARN ET GARONNE,PALITO,FRFTA,15:40,FRLAB
7555,2023-08-14,LES AUBRAIS ORLEANS,NON,3645,19:29,IC ARO,SOUILLAC,PALITO,FRSOU,15:40,FRLAB
7556,2023-08-14,PARIS (intramuros),NON,3645,16:46,IC ARO,CHATEAUROUX,PALITO,FRCHR,14:40,FRPAZ
7557,2023-08-14,SOUILLAC,OUI,3645,19:46,IC ARO,GOURDON,PALITO,FRFSI,19:31,FRSOU
7558,2023-08-14,MONTAUBAN VILLE BOURBON,OUI,3645,21:23,IC ARO,TOULOUSE MATABIAU,PALITO,FRXYT,20:56,FRXMW
7559,2023-08-14,VIERZON VILLE,NON,3645,17:23,IC ARO,LA SOUTERRAINE,PALITO,FRLST,16:17,FRXVZ
7560,2023-08-14,VIERZON VILLE,NON,3645,20:12,IC ARO,CAHORS,PALITO,FRZAO,16:17,FRXVZ
7561,2023-08-14,CAHORS,OUI,3645,21:23,IC ARO,TOULOUSE MATABIAU,PALITO,FRXYT,20:14,FRZAO
7562,2023-08-14,VIERZON VILLE,NON,3645,20:39,IC ARO,CAUSSADE TARN ET GARONNE,PALITO,FRFTA,16:17,FRXVZ
7563,2023-08-14,VIERZON VILLE,NON,3645,20:54,IC ARO,MONTAUBAN VILLE BOURBON,PALITO,FRXMW,16:17,FRXVZ
7564,2023-08-14,PARIS (intramuros),NON,8541,16:42,ATLANTIQUE,ST JEAN DE LUZ CIBOURE,PASUDOUEST,FRXJZ,12:08,FRPMO
7565,2023-08-14,ORTHEZ,NON,3742,07:19,IC NUIT,PARIS (intramuros),PALOMBEPAR,FRPAZ,21:22,FRGFI
7566,2023-08-14,ST JEAN DE LUZ CIBOURE,NON,3742,06:08,IC NUIT,LES AUBRAIS ORLEANS,PALOMBEPAR,FRLAB,19:10,FRXJZ
7567,2023-08-14,PAU,NON,8581,15:52,ATLANTIQUE,PARIS (intramuros),SUDOUESTPA,FRPMO,11:19,FRAEE
7568,2023-08-14,LOURDES,NON,8581,15:52,ATLANTIQUE,PARIS (intramuros),SUDOUESTPA,FRPMO,10:51,FRLDE
7569,2023-08-14,NICE VILLE,OUI,6168,16:28,SUD EST,CANNES,AZURPA,FRJCA,16:01,FRNIC
7570,2023-08-14,TOULON,OUI,6168,18:33,SUD EST,MARSEILLE ST CHARLES,AZURPA,FRMSC,17:48,FRTLN
7571,2023-08-14,LIMOGES BENEDICTINS,NON,3654,18:19,IC ARO,PARIS (intramuros),TOULOUZECO,FRPAZ,15:01,FRAGQ
7572,2023-08-14,LIMOGES BENEDICTINS,NON,3654,16:46,IC ARO,VIERZON VILLE,TOULOUZECO,FRXVZ,15:01,FRAGQ
7573,2023-08-14,BRIVE LA GAILLARDE,OUI,3654,14:58,IC ARO,LIMOGES BENEDICTINS,TOULOUZECO,FRAGQ,13:56,FRBVE
7574,2023-08-14,BRIVE LA GAILLARDE,NON,3654,16:46,IC ARO,VIERZON VILLE,TOULOUZECO,FRXVZ,13:56,FRBVE
7575,2023-08-14,GOURDON,NON,3654,16:11,IC ARO,CHATEAUROUX,TOULOUZECO,FRCHR,13:11,FRFSI
7576,2023-08-14,GOURDON,NON,3654,18:19,IC ARO,PARIS (intramuros),TOULOUZECO,FRPAZ,13:11,FRFSI
7577,2023-08-14,GOURDON,OUI,3654,13:26,IC ARO,SOUILLAC,TOULOUZECO,FRSOU,13:11,FRFSI
7578,2023-08-14,LA SOUTERRAINE,NON,3654,16:11,IC ARO,CHATEAUROUX,TOULOUZECO,FRCHR,15:35,FRLST
7579,2023-08-14,SOUILLAC,OUI,3654,14:58,IC ARO,LIMOGES BENEDICTINS,TOULOUZECO,FRAGQ,13:28,FRSOU
7580,2023-08-14,SOUILLAC,NON,3654,18:19,IC ARO,PARIS (intramuros),TOULOUZECO,FRPAZ,13:28,FRSOU
7581,2023-08-14,CAHORS,NON,3654,15:33,IC ARO,LA SOUTERRAINE,TOULOUZECO,FRLST,12:44,FRZAO
7582,2023-08-14,CAHORS,NON,3654,18:19,IC ARO,PARIS (intramuros),TOULOUZECO,FRPAZ,12:44,FRZAO
7583,2023-08-14,SOUILLAC,NON,3654,15:33,IC ARO,LA SOUTERRAINE,TOULOUZECO,FRLST,13:28,FRSOU
7584,2023-08-14,SOUILLAC,OUI,3654,14:21,IC ARO,UZERCHE,TOULOUZECO,FRAAW,13:28,FRSOU
7585,2023-08-14,NIMES,NON,6825,21:33,SUD EST,CARCASSONNE,JCPROVSUD,FRCCF,19:38,FRFNI
7586,2023-08-14,NIMES,NON,6825,22:19,SUD EST,TOULOUSE MATABIAU,JCPROVSUD,FRXYT,19:38,FRFNI
7587,2023-08-14,LYON (intramuros),NON,6825,18:48,SUD EST,VALENCE TGV RHONE-ALPES SUD,JCPROVSUD,FRVLA,18:09,FRLPD
7588,2023-08-14,LYON (intramuros),NON,6825,22:19,SUD EST,TOULOUSE MATABIAU,JCPROVSUD,FRXYT,18:09,FRLPD
7589,2023-08-14,SETE,OUI,6825,20:45,SUD EST,BEZIERS,JCPROVSUD,FRBZR,20:24,FRXSY
7590,2023-08-14,SETE,OUI,6825,22:19,SUD EST,TOULOUSE MATABIAU,JCPROVSUD,FRXYT,20:24,FRXSY
7591,2023-08-14,BELFORT-MONTBELIARD TGV,NON,9219,20:26,INTERNATIONAL,ZUERICH HB,PABALZUR,CHAJD,18:41,FRTJA
7592,2023-08-14,DIJON VILLE,NON,2087,14:25,EST,AVIGNON TGV,JCRHINRHON,FRAVG,11:21,FRABA
7593,2023-08-14,DIJON VILLE,NON,2087,12:19,EST,MACON VILLE,JCRHINRHON,FRHGU,11:21,FRABA
7594,2023-08-14,STRASBOURG,NON,2087,13:46,EST,VALENCE TGV RHONE-ALPES SUD,JCRHINRHON,FRVLA,09:03,FRAEG
7595,2023-08-14,AVIGNON TGV,NON,2087,14:49,EST,AIX EN PROVENCE TGV,JCRHINRHON,FRAIE,14:28,FRAVG
7596,2023-08-14,MACON VILLE,NON,2087,13:00,EST,LYON (intramuros),JCRHINRHON,FRLPD,12:22,FRHGU
7597,2023-08-14,BELFORT-MONTBELIARD TGV,NON,2087,14:25,EST,AVIGNON TGV,JCRHINRHON,FRAVG,10:21,FRTJA
7598,2023-08-14,BELFORT-MONTBELIARD TGV,NON,2087,13:00,EST,LYON (intramuros),JCRHINRHON,FRLPD,10:21,FRTJA
7599,2023-08-14,BELFORT-MONTBELIARD TGV,NON,2087,10:41,EST,BESANCON - F COMTE TGV,JCRHINRHON,FRTJB,10:21,FRTJA
7600,2023-08-14,BELFORT-MONTBELIARD TGV,NON,2087,13:46,EST,VALENCE TGV RHONE-ALPES SUD,JCRHINRHON,FRVLA,10:21,FRTJA
7601,2023-08-14,BESANCON - F COMTE TGV,NON,2087,11:11,EST,DIJON VILLE,JCRHINRHON,FRABA,10:44,FRTJB
7602,2023-08-14,BESANCON - F COMTE TGV,NON,2087,14:49,EST,AIX EN PROVENCE TGV,JCRHINRHON,FRAIE,10:44,FRTJB
7603,2023-08-14,VALENCE TGV RHONE-ALPES SUD,NON,2087,15:06,EST,MARSEILLE ST CHARLES,JCRHINRHON,FRMSC,13:51,FRVLA
7604,2023-08-14,LIMOGES BENEDICTINS,OUI,3624,07:31,IC ARO,LA SOUTERRAINE,TOULOUZECO,FRLST,07:01,FRAGQ
7605,2023-08-14,LIMOGES BENEDICTINS,OUI,3624,08:46,IC ARO,VIERZON VILLE,TOULOUZECO,FRXVZ,07:01,FRAGQ
7606,2023-08-14,LA SOUTERRAINE,NON,3624,10:23,IC ARO,PARIS (intramuros),TOULOUZECO,FRPAZ,07:33,FRLST
7607,2023-08-14,VIERZON VILLE,NON,3624,10:23,IC ARO,PARIS (intramuros),TOULOUZECO,FRPAZ,08:48,FRXVZ
7608,2023-08-14,PARIS (intramuros),OUI,7377,19:04,NORD,DUNKERQUE,PAARRAS,FRADI,16:52,FRPNO
7609,2023-08-14,PARIS (intramuros),OUI,7377,18:39,NORD,HAZEBROUCK,PAARRAS,FRHZK,16:52,FRPNO
7610,2023-08-14,PARIS (intramuros),OUI,7377,18:16,NORD,BETHUNE,PAARRAS,FRXBH,16:52,FRPNO
7611,2023-08-14,PARIS (intramuros),OUI,6627,19:56,SUD EST,LYON (intramuros),PARISRHONE,FRLPD,17:52,FRPLY
7612,2023-08-14,LE CREUSOT MONTCEAU MONTCHANIN,OUI,6627,19:56,SUD EST,LYON (intramuros),PARISRHONE,FRLPD,19:12,FRXCC
7613,2023-08-14,PARIS (intramuros),OUI,2807,10:32,EST,LUXEMBOURG,PAMETZLUX,LULUX,08:14,FRPST
7614,2023-08-14,PARIS (intramuros),OUI,7369,13:42,NORD,BETHUNE,PAARRAS,FRXBH,12:25,FRPNO
7615,2023-08-14,LYON (intramuros),NON,9812,12:45,NORD,VALENCE TGV RHONE-ALPES SUD,JCNORDSUD,FRVLA,12:06,FRLPD
7616,2023-08-14,MARNE LA VALLEE CHESSY,NON,9812,13:34,NORD,NIMES,JCNORDSUD,FRFNI,10:13,FRMLV
7617,2023-08-14,MARNE LA VALLEE CHESSY,NON,9812,12:45,NORD,VALENCE TGV RHONE-ALPES SUD,JCNORDSUD,FRVLA,10:13,FRMLV
7618,2023-08-14,AEROPORT CDG2 TGV ROISSY,NON,9812,12:45,NORD,VALENCE TGV RHONE-ALPES SUD,JCNORDSUD,FRVLA,09:59,FRMLW
7619,2023-08-14,ST CHELY D'APCHER,NON,15940,14:06,IC SRO,ST FLOUR CHAUDES AIGUES,JOUNOREST,FRIMW,13:28,FRINB
7620,2023-08-14,SEVERAC LE CHATEAU,NON,15940,12:49,IC SRO,MARVEJOLS,JOUNOREST,FRINE,11:58,FRSVC
7621,2023-08-14,BEZIERS,NON,15940,11:56,IC SRO,SEVERAC LE CHATEAU,JOUNOREST,FRSVC,09:33,FRBZR
7622,2023-08-14,MASSIAC BLESLE,NON,15940,15:22,IC SRO,BRASSAC LES MINES STE FLORINE,JOUNOREST,FRHLE,14:58,FRHMY
7623,2023-08-14,BEZIERS,NON,15940,13:14,IC SRO,AUMONT AUBRAC,JOUNOREST,FRINC,09:33,FRBZR
7624,2023-08-14,BEZIERS,NON,15940,12:49,IC SRO,MARVEJOLS,JOUNOREST,FRINE,09:33,FRBZR
7625,2023-08-14,SEVERAC LE CHATEAU,NON,15940,12:26,IC SRO,BANASSAC LA CANOURGUE,JOUNOREST,FRINH,11:58,FRSVC
7626,2023-08-14,ST FLOUR CHAUDES AIGUES,NON,15940,15:16,IC SRO,ARVANT,JOUNOREST,FRARV,14:07,FRIMW
7627,2023-08-14,MILLAU,NON,15940,12:49,IC SRO,MARVEJOLS,JOUNOREST,FRINE,11:26,FRMAU
7628,2023-08-14,ST CHELY D'APCHER,NON,15940,14:27,IC SRO,NEUSSARGUES,JOUNOREST,FRNEU,13:28,FRINB
7629,2023-08-14,ST CHELY D'APCHER,NON,15940,15:22,IC SRO,BRASSAC LES MINES STE FLORINE,JOUNOREST,FRHLE,13:28,FRINB
7630,2023-08-14,BEDARIEUX,NON,15940,11:06,IC SRO,ST ROME DE CERNON,JOUNOREST,FRINN,10:08,FRIMH
7631,2023-08-14,ST FLOUR CHAUDES AIGUES,NON,15940,14:57,IC SRO,MASSIAC BLESLE,JOUNOREST,FRHMY,14:07,FRIMW
7632,2023-08-14,MILLAU,NON,15940,12:11,IC SRO,CAMPAGNAC ST GENIEZ,JOUNOREST,FRINJ,11:26,FRMAU
7633,2023-08-14,BANASSAC LA CANOURGUE,NON,15940,16:01,IC SRO,CLERMONT FERRAND,JOUNOREST,FRCFE,12:29,FRINH
7634,2023-08-14,ST ROME DE CERNON,NON,15940,14:27,IC SRO,NEUSSARGUES,JOUNOREST,FRNEU,11:07,FRINN
7635,2023-08-14,ST CHELY D'APCHER,NON,15940,14:57,IC SRO,MASSIAC BLESLE,JOUNOREST,FRHMY,13:28,FRINB
7636,2023-08-14,LE BOUSQUET D'ORB,NON,15940,11:56,IC SRO,SEVERAC LE CHATEAU,JOUNOREST,FRSVC,10:19,FRIMG
7637,2023-08-14,MILLAU,NON,15940,14:06,IC SRO,ST FLOUR CHAUDES AIGUES,JOUNOREST,FRIMW,11:26,FRMAU
7638,2023-08-14,BEDARIEUX,NON,15940,13:27,IC SRO,ST CHELY D'APCHER,JOUNOREST,FRINB,10:08,FRIMH
7639,2023-08-14,SEVERAC LE CHATEAU,NON,15940,14:06,IC SRO,ST FLOUR CHAUDES AIGUES,JOUNOREST,FRIMW,11:58,FRSVC
7640,2023-08-14,AUMONT AUBRAC,NON,15940,15:16,IC SRO,ARVANT,JOUNOREST,FRARV,13:15,FRINC
7641,2023-08-14,MARVEJOLS,NON,15940,15:35,IC SRO,ISSOIRE,JOUNOREST,FRHLB,12:50,FRINE
7642,2023-08-14,AUMONT AUBRAC,NON,15940,15:22,IC SRO,BRASSAC LES MINES STE FLORINE,JOUNOREST,FRHLE,13:15,FRINC
7643,2023-08-14,MILLAU,NON,15940,15:35,IC SRO,ISSOIRE,JOUNOREST,FRHLB,11:26,FRMAU
7644,2023-08-14,ST GEORGES DE LUZENCON,NON,15940,11:24,IC SRO,MILLAU,JOUNOREST,FRMAU,11:14,FRINM
7645,2023-08-14,ST ROME DE CERNON,NON,15940,12:49,IC SRO,MARVEJOLS,JOUNOREST,FRINE,11:07,FRINN
7646,2023-08-14,LE BOUSQUET D'ORB,NON,15940,12:49,IC SRO,MARVEJOLS,JOUNOREST,FRINE,10:19,FRIMG
7647,2023-08-14,CEILHES ROQUEREDONDE,NON,15940,14:06,IC SRO,ST FLOUR CHAUDES AIGUES,JOUNOREST,FRIMW,10:34,FRIMC
7648,2023-08-14,MARVEJOLS,NON,15940,15:16,IC SRO,ARVANT,JOUNOREST,FRARV,12:50,FRINE
7649,2023-08-14,CEILHES ROQUEREDONDE,NON,15940,13:27,IC SRO,ST CHELY D'APCHER,JOUNOREST,FRINB,10:34,FRIMC
7650,2023-08-14,TOURNEMIRE ROQUEFORT,NON,15940,14:27,IC SRO,NEUSSARGUES,JOUNOREST,FRNEU,10:59,FRINO
7651,2023-08-14,MARVEJOLS,NON,15940,15:22,IC SRO,BRASSAC LES MINES STE FLORINE,JOUNOREST,FRHLE,12:50,FRINE
7652,2023-08-14,ST GEORGES DE LUZENCON,NON,15940,11:56,IC SRO,SEVERAC LE CHATEAU,JOUNOREST,FRSVC,11:14,FRINM
7653,2023-08-14,LE BOUSQUET D'ORB,NON,15940,12:26,IC SRO,BANASSAC LA CANOURGUE,JOUNOREST,FRINH,10:19,FRIMG
7654,2023-08-14,TOURNEMIRE ROQUEFORT,NON,15940,15:16,IC SRO,ARVANT,JOUNOREST,FRARV,10:59,FRINO
7655,2023-08-14,MAGALAS,NON,15940,14:06,IC SRO,ST FLOUR CHAUDES AIGUES,JOUNOREST,FRIMW,09:47,FRIMK
7656,2023-08-14,MAGALAS,NON,15940,10:58,IC SRO,TOURNEMIRE ROQUEFORT,JOUNOREST,FRINO,09:47,FRIMK
7657,2023-08-14,ST ROME DE CERNON,NON,15940,14:57,IC SRO,MASSIAC BLESLE,JOUNOREST,FRHMY,11:07,FRINN
7658,2023-08-14,CAMPAGNAC ST GENIEZ,NON,15940,15:16,IC SRO,ARVANT,JOUNOREST,FRARV,12:12,FRINJ
7659,2023-08-14,TOURNEMIRE ROQUEFORT,NON,15940,13:27,IC SRO,ST CHELY D'APCHER,JOUNOREST,FRINB,10:59,FRINO
7660,2023-08-14,TOURNEMIRE ROQUEFORT,NON,15940,12:11,IC SRO,CAMPAGNAC ST GENIEZ,JOUNOREST,FRINJ,10:59,FRINO
7661,2023-08-14,LE MONASTIER,NON,15940,12:49,IC SRO,MARVEJOLS,JOUNOREST,FRINE,12:42,FRLMR
7662,2023-08-14,LE MONASTIER,NON,15940,13:14,IC SRO,AUMONT AUBRAC,JOUNOREST,FRINC,12:42,FRLMR
7663,2023-08-14,TBD,NON,15940,15:35,IC SRO,TBD,JOUNOREST,FRHLB,12:42,FRLMR
7664,2023-08-14,MULHOUSE VILLE,OUI,6704,13:23,SUD EST,DIJON VILLE,BOURPA,FRABA,12:05,FRAEK
7665,2023-08-14,MULHOUSE VILLE,NON,6704,15:08,SUD EST,PARIS (intramuros),BOURPA,FRPLY,12:05,FRAEK
7666,2023-08-14,AGEN,NON,4655,10:15,IC ARO,BEZIERS,TJOURSOSE,FRBZR,07:33,FRAGF
7667,2023-08-14,AGEN,NON,4655,09:58,IC ARO,NARBONNE,TJOURSOSE,FRXNA,07:33,FRAGF
7668,2023-08-14,AGEN,OUI,4655,08:37,IC ARO,TOULOUSE MATABIAU,TJOURSOSE,FRXYT,07:33,FRAGF
7669,2023-08-14,BORDEAUX ST JEAN,NON,4655,10:15,IC ARO,BEZIERS,TJOURSOSE,FRBZR,06:28,FRBOJ
7670,2023-08-14,BEZIERS,NON,4655,10:54,IC ARO,MONTPELLIER SAINT-ROCH,TJOURSOSE,FRMPL,10:18,FRBZR
7671,2023-08-14,CARCASSONNE,NON,4655,10:15,IC ARO,BEZIERS,TJOURSOSE,FRBZR,09:29,FRCCF
7672,2023-08-14,MONTAUBAN VILLE BOURBON,NON,4655,10:15,IC ARO,BEZIERS,TJOURSOSE,FRBZR,08:10,FRXMW
7673,2023-08-14,MONTAUBAN VILLE BOURBON,OUI,4655,08:37,IC ARO,TOULOUSE MATABIAU,TJOURSOSE,FRXYT,08:10,FRXMW
7674,2023-08-14,NARBONNE,NON,4655,10:15,IC ARO,BEZIERS,TJOURSOSE,FRBZR,10:01,FRXNA
7675,2023-08-14,NARBONNE,NON,4655,11:22,IC ARO,NIMES,TJOURSOSE,FRFNI,10:01,FRXNA
7676,2023-08-14,ANGERS ST LAUD,OUI,8931,20:59,ATLANTIQUE,NANTES,PARISLOIRE,FRNTE,20:19,FRACL
7677,2023-08-14,LA BAULE ESCOUBLAC,OUI,8931,22:07,ATLANTIQUE,LE CROISIC,PARISLOIRE,FREGU,21:59,FRJEE
7678,2023-08-14,NANTES,OUI,8931,21:39,ATLANTIQUE,ST NAZAIRE,PARISLOIRE,FRSNR,21:05,FRNTE
7679,2023-08-14,PARIS (intramuros),OUI,8931,20:16,ATLANTIQUE,ANGERS ST LAUD,PARISLOIRE,FRACL,18:48,FRPMO
7680,2023-08-14,SABLE SUR SARTHE,OUI,8931,21:55,ATLANTIQUE,LA BAULE ESCOUBLAC,PARISLOIRE,FRJEE,19:56,FRSAB
7681,2023-08-14,SABLE SUR SARTHE,OUI,8931,20:59,ATLANTIQUE,NANTES,PARISLOIRE,FRNTE,19:56,FRSAB
7682,2023-08-14,SABLE SUR SARTHE,OUI,8931,21:39,ATLANTIQUE,ST NAZAIRE,PARISLOIRE,FRSNR,19:56,FRSAB
7683,2023-08-14,CALAIS FRETHUN,NON,7516,12:08,NORD,PARIS (intramuros),ARRASPA,FRPNO,10:08,FRSTH
7684,2023-08-14,AIX EN PROVENCE TGV,OUI,6136,06:38,SUD EST,AVIGNON TGV,PROVENCEPA,FRAVG,06:18,FRAIE
7685,2023-08-14,NEVERS,NON,5951,10:17,IC ARO,RIOM CHATEL GUYON,PACLERMONT,FRRIO,08:59,FRNVS
7686,2023-08-14,AGEN,NON,8502,10:52,ATLANTIQUE,PARIS (intramuros),SUDOUESTPA,FRPMO,07:35,FRAGF
7687,2023-08-14,MONTAUBAN VILLE BOURBON,NON,8502,08:40,ATLANTIQUE,BORDEAUX ST JEAN,SUDOUESTPA,FRBOJ,06:57,FRXMW
7688,2023-08-14,PARIS (intramuros),NON,6033,12:43,SUD EST,NIMES,PALANG,FRFNI,09:42,FRPLY
7689,2023-08-14,PARIS (intramuros),NON,6033,13:13,SUD EST,MONTPELLIER SAINT-ROCH,PALANG,FRMPL,09:42,FRPLY
7690,2023-08-14,PARIS (intramuros),NON,6033,11:57,SUD EST,VALENCE TGV RHONE-ALPES SUD,PALANG,FRVLA,09:42,FRPLY
7691,2023-08-14,VALENCE TGV RHONE-ALPES SUD,NON,6033,13:13,SUD EST,MONTPELLIER SAINT-ROCH,PALANG,FRMPL,12:00,FRVLA
7692,2023-08-14,NIMES,NON,6223,21:04,SUD EST,BEZIERS,PALANG,FRBZR,19:48,FRFNI
7693,2023-08-14,NIMES,NON,6223,20:14,SUD EST,MONTPELLIER SAINT-ROCH,PALANG,FRMPL,19:48,FRFNI
7694,2023-08-14,NIMES,NON,6223,21:56,SUD EST,PERPIGNAN,PALANG,FRPGF,19:48,FRFNI
7695,2023-08-14,PARIS (intramuros),NON,6223,21:56,SUD EST,PERPIGNAN,PALANG,FRPGF,16:42,FRPLY
7696,2023-08-14,PARIS (intramuros),NON,6223,18:58,SUD EST,VALENCE TGV RHONE-ALPES SUD,PALANG,FRVLA,16:42,FRPLY
7697,2023-08-14,PARIS (intramuros),NON,6223,20:49,SUD EST,AGDE,PALANG,FRXAG,16:42,FRPLY
7698,2023-08-14,VALENCE TGV RHONE-ALPES SUD,NON,6223,19:44,SUD EST,NIMES,PALANG,FRFNI,19:01,FRVLA
7699,2023-08-14,AGDE,OUI,6223,21:04,SUD EST,BEZIERS,PALANG,FRBZR,20:52,FRXAG
7700,2023-08-14,GRENOBLE,NON,6922,19:46,SUD EST,PARIS (intramuros),GRENOBLEPA,FRPLY,16:47,FRGNB
7701,2023-08-14,MULHOUSE VILLE,OUI,6702,08:31,SUD EST,BESANCON - F COMTE TGV,BOURPA,FRTJB,07:46,FRAEK
7702,2023-08-14,BELFORT-MONTBELIARD TGV,OUI,6702,09:02,SUD EST,DIJON VILLE,BOURPA,FRABA,08:11,FRTJA
7703,2023-08-14,BELFORT-MONTBELIARD TGV,OUI,6702,08:31,SUD EST,BESANCON - F COMTE TGV,BOURPA,FRTJB,08:11,FRTJA
7704,2023-08-14,BESANCON - F COMTE TGV,OUI,6702,09:02,SUD EST,DIJON VILLE,BOURPA,FRABA,08:34,FRTJB
7705,2023-08-14,AIX EN PROVENCE TGV,NON,6120,17:30,SUD EST,PARIS (intramuros),PROVENCEPA,FRPLY,14:18,FRAIE
7706,2023-08-14,AVIGNON TGV,NON,6120,17:30,SUD EST,PARIS (intramuros),PROVENCEPA,FRPLY,14:40,FRAVG
7707,2023-08-14,ORTHEZ,OUI,8585,21:58,ATLANTIQUE,PARIS (intramuros),SUDOUESTPA,FRPMO,17:53,FRGFI
7708,2023-08-14,BORDEAUX ST JEAN,OUI,8471,11:10,ATLANTIQUE,ARCACHON,PASUDOUEST,FRXAC,10:25,FRBOJ
7709,2023-08-14,PARIS (intramuros),OUI,8471,10:19,ATLANTIQUE,BORDEAUX ST JEAN,PASUDOUEST,FRBOJ,07:58,FRPMO
7710,2023-08-14,PARIS (intramuros),OUI,8471,10:44,ATLANTIQUE,FACTURE BIGANOS,PASUDOUEST,FRFAC,07:58,FRPMO
7711,2023-08-14,PARIS (intramuros),OUI,8471,11:10,ATLANTIQUE,ARCACHON,PASUDOUEST,FRXAC,07:58,FRPMO
7712,2023-08-14,PORT VENDRES VILLE,OUI,3736,06:08,IC NUIT,LES AUBRAIS ORLEANS,PALOMBEPAR,FRLAB,19:19,FRXPV
7713,2023-08-14,DOUAI,OUI,7104,08:08,NORD,PARIS (intramuros),ARRASPA,FRPNO,06:51,FRXDN
7714,2023-08-14,LAVAL,NON,8739,20:25,ATLANTIQUE,RENNES,PARISBRETA,FRRNS,19:58,FRACR
7715,2023-08-14,LAVAL,NON,8739,21:41,ATLANTIQUE,AURAY,PARISBRETA,FRXUY,19:58,FRACR
7716,2023-08-14,PARIS (intramuros),NON,8739,19:55,ATLANTIQUE,LAVAL,PARISBRETA,FRACR,18:40,FRPMO
7717,2023-08-14,PARIS (intramuros),NON,8739,22:13,ATLANTIQUE,QUIMPERLE,PARISBRETA,FRECO,18:40,FRPMO
7718,2023-08-14,PARIS (intramuros),NON,8739,20:25,ATLANTIQUE,RENNES,PARISBRETA,FRRNS,18:40,FRPMO
7719,2023-08-14,RENNES,OUI,8739,21:59,ATLANTIQUE,LORIENT,PARISBRETA,FRLRT,20:29,FRRNS
7720,2023-08-14,VANNES,OUI,8739,21:41,ATLANTIQUE,AURAY,PARISBRETA,FRXUY,21:31,FRVNE
7721,2023-08-14,REDON,OUI,8739,22:30,ATLANTIQUE,ROSPORDEN,PARISBRETA,FRRSP,21:05,FRXRN
7722,2023-08-14,AURAY,OUI,8739,21:59,ATLANTIQUE,LORIENT,PARISBRETA,FRLRT,21:44,FRXUY
7723,2023-08-14,PARIS (intramuros),OUI,6603,08:56,SUD EST,LYON (intramuros),PARISRHONE,FRLPD,07:00,FRPLY
7724,2023-08-14,PARIS (intramuros),OUI,6603,09:10,SUD EST,LYON (intramuros),PARISRHONE,FRLPE,07:00,FRPLY
7725,2023-08-14,ZUERICH HB,NON,9206,11:38,INTERNATIONAL,PARIS (intramuros),ZURBALPA,FRPLY,07:34,CHAJD
7726,2023-08-14,ZUERICH HB,NON,9206,09:17,INTERNATIONAL,BELFORT-MONTBELIARD TGV,ZURBALPA,FRTJA,07:34,CHAJD
7727,2023-08-14,KAISERSLAUTERN HBF,NON,9553,16:17,INTERNATIONAL,MANNHEIM HBF,PAFRANC,DEMHG,15:37,DEKLT
7728,2023-08-14,MANNHEIM HBF,NON,9553,16:59,INTERNATIONAL,FRANKFURT MAIN HBF,PAFRANC,DEFRH,16:19,DEMHG
7729,2023-08-14,PAU,NON,14150,19:34,IC SRO,ST GAUDENS,SUDOUEST,FRFPH,18:11,FRAEE
7730,2023-08-14,PAU,NON,14150,18:36,IC SRO,LOURDES,SUDOUEST,FRLDE,18:11,FRAEE
7731,2023-08-14,ST GAUDENS,NON,14150,20:27,IC SRO,TOULOUSE MATABIAU,SUDOUEST,FRXYT,19:36,FRFPH
7732,2023-08-14,BAYONNE,NON,14150,18:36,IC SRO,LOURDES,SUDOUEST,FRLDE,17:03,FRXBY
7733,2023-08-14,TARBES,NON,14150,19:34,IC SRO,ST GAUDENS,SUDOUEST,FRFPH,18:55,FRXTB
7734,2023-08-14,UZERCHE,NON,3684,20:46,IC ARO,VIERZON VILLE,TOULOUZECO,FRXVZ,18:11,FRAAW
7735,2023-08-14,LIMOGES BENEDICTINS,OUI,3684,19:27,IC ARO,LA SOUTERRAINE,TOULOUZECO,FRLST,18:51,FRAGQ
7736,2023-08-14,BRIVE LA GAILLARDE,OUI,3684,18:48,IC ARO,LIMOGES BENEDICTINS,TOULOUZECO,FRAGQ,17:45,FRBVE
7737,2023-08-14,BRIVE LA GAILLARDE,OUI,3684,20:08,IC ARO,CHATEAUROUX,TOULOUZECO,FRCHR,17:45,FRBVE
7738,2023-08-14,ISSOUDUN,NON,3684,20:46,IC ARO,VIERZON VILLE,TOULOUZECO,FRXVZ,20:26,FRFMN
7739,2023-08-14,VIERZON VILLE,NON,3684,22:19,IC ARO,PARIS (intramuros),TOULOUZECO,FRPAZ,20:48,FRXVZ
7740,2023-08-14,PARIS (intramuros),OUI,9591,20:26,EST,FREIBURG BREISGAU HBF,PASTRAMULH,DEFGB,17:25,FRPST
7741,2023-08-14,PARIS (intramuros),OUI,9591,19:54,EST,LAHR SCHWARZW,PASTRAMULH,DEANL,17:25,FRPST
7742,2023-08-14,POITIERS,OUI,8491,21:16,ATLANTIQUE,LIBOURNE,PASUDOUEST,FRXLR,19:54,FRPIS
7743,2023-08-14,PARIS (intramuros),OUI,8491,21:44,ATLANTIQUE,BORDEAUX ST JEAN,PASUDOUEST,FRBOJ,18:24,FRPMO
7744,2023-08-14,PARIS (intramuros),OUI,8491,21:16,ATLANTIQUE,LIBOURNE,PASUDOUEST,FRXLR,18:24,FRPMO
7745,2023-08-14,FACTURE BIGANOS,OUI,8478,06:40,ATLANTIQUE,BORDEAUX ST JEAN,SUDOUESTPA,FRBOJ,06:18,FRFAC
7746,2023-08-14,ARCACHON,OUI,8478,08:52,ATLANTIQUE,PARIS (intramuros),SUDOUESTPA,FRPMO,06:00,FRXAC
7747,2023-08-14,LYON (intramuros),OUI,6602,08:14,SUD EST,PARIS (intramuros),RHONEPARIS,FRPLY,06:04,FRLPD
7748,2023-08-14,LYON (intramuros),OUI,6602,06:53,SUD EST,LE CREUSOT MONTCEAU MONTCHANIN,RHONEPARIS,FRXCC,06:04,FRLPD
7749,2023-08-14,LYON (intramuros),OUI,6602,08:14,SUD EST,PARIS (intramuros),RHONEPARIS,FRPLY,05:50,FRLPE
7750,2023-08-14,PARIS (intramuros),NON,9551,12:59,INTERNATIONAL,FRANKFURT MAIN HBF,PAFRANC,DEFRH,09:06,FRPST
7751,2023-08-14,PARIS (intramuros),NON,9551,10:45,INTERNATIONAL,FORBACH,PAFRANC,FRBQT,09:06,FRPST
7752,2023-08-14,BREST,NON,8610,12:01,ATLANTIQUE,LAVAL,BRETAPARIS,FRACR,09:07,FRBES
7753,2023-08-14,BREST,OUI,8610,10:33,ATLANTIQUE,ST BRIEUC,BRETAPARIS,FRSBK,09:07,FRBES
7754,2023-08-14,GUINGAMP,NON,8610,13:19,ATLANTIQUE,PARIS (intramuros),BRETAPARIS,FRPMO,10:18,FRGGP
7755,2023-08-14,GUINGAMP,NON,8610,11:29,ATLANTIQUE,RENNES,BRETAPARIS,FRRNS,10:18,FRGGP
7756,2023-08-14,LAMBALLE,NON,8610,11:29,ATLANTIQUE,RENNES,BRETAPARIS,FRRNS,10:48,FRLAM
7757,2023-08-14,MORLAIX,OUI,8610,10:33,ATLANTIQUE,ST BRIEUC,BRETAPARIS,FRSBK,09:44,FRMXN
7758,2023-08-14,PLOUARET TREGOR,NON,8610,10:45,ATLANTIQUE,LAMBALLE,BRETAPARIS,FRLAM,10:02,FRPLT
7759,2023-08-14,PLOUARET TREGOR,OUI,8610,10:33,ATLANTIQUE,ST BRIEUC,BRETAPARIS,FRSBK,10:02,FRPLT
7760,2023-08-14,ST BRIEUC,NON,8610,12:01,ATLANTIQUE,LAVAL,BRETAPARIS,FRACR,10:37,FRSBK
7761,2023-08-14,LANDERNEAU,NON,8610,13:19,ATLANTIQUE,PARIS (intramuros),BRETAPARIS,FRPMO,09:20,FRXLD
7762,2023-08-14,ANGERS ST LAUD,NON,9886,08:57,NORD,MARNE LA VALLEE CHESSY,JCBRETNORD,FRMLV,06:41,FRACL
7763,2023-08-14,LE MANS,NON,9886,09:10,NORD,AEROPORT CDG2 TGV ROISSY,JCBRETNORD,FRMLW,07:30,FRAET
7764,2023-08-14,MASSY TGV,NON,9886,09:10,NORD,AEROPORT CDG2 TGV ROISSY,JCBRETNORD,FRMLW,08:26,FRDJU
7765,2023-08-14,MARNE LA VALLEE CHESSY,NON,9886,09:45,NORD,TGV HAUTE PICARDIE,JCBRETNORD,FRTHP,09:01,FRMLV
7766,2023-08-14,AEROPORT CDG2 TGV ROISSY,OUI,9886,11:01,NORD,BRUXELLES MIDI BRUSSEL ZUID,JCBRETNORD,BEBMI,09:16,FRMLW
7767,2023-08-14,AEROPORT CDG2 TGV ROISSY,OUI,9886,09:45,NORD,TGV HAUTE PICARDIE,JCBRETNORD,FRTHP,09:16,FRMLW
7768,2023-08-14,NANTES,NON,9886,08:20,NORD,MASSY TGV,JCBRETNORD,FRDJU,06:01,FRNTE
7769,2023-08-14,NANTES,NON,9886,10:17,NORD,LILLE (intramuros),JCBRETNORD,FRLLE,06:01,FRNTE
7770,2023-08-14,NANTES,NON,9886,09:45,NORD,TGV HAUTE PICARDIE,JCBRETNORD,FRTHP,06:01,FRNTE
7771,2023-08-14,TGV HAUTE PICARDIE,OUI,9886,11:01,NORD,BRUXELLES MIDI BRUSSEL ZUID,JCBRETNORD,BEBMI,09:50,FRTHP
7772,2023-08-14,ANGERS ST LAUD,NON,9886,11:01,NORD,BRUXELLES MIDI BRUSSEL ZUID,JCBRETNORD,BEBMI,06:41,FRACL
7773,2023-08-14,LE MANS,NON,9886,11:01,NORD,BRUXELLES MIDI BRUSSEL ZUID,JCBRETNORD,BEBMI,07:30,FRAET
7774,2023-08-14,STRASBOURG,NON,9561,09:53,INTERNATIONAL,KARLSRUHE HBF,PAFRANC,DEQKA,09:12,FRAEG
7775,2023-08-14,PARIS (intramuros),OUI,8313,17:43,ATLANTIQUE,TOURS,PAROCHELLE,FRAFW,16:28,FRPMO
7776,2023-08-14,ST PIERRE DES CORPS,OUI,8313,17:43,ATLANTIQUE,TOURS,PAROCHELLE,FRAFW,17:38,FRXSH
7777,2023-08-14,DAX,OUI,8547,18:13,ATLANTIQUE,BAYONNE,PASUDOUEST,FRXBY,17:42,FRACG
7778,2023-08-14,BORDEAUX ST JEAN,NON,8547,17:38,ATLANTIQUE,DAX,PASUDOUEST,FRACG,16:21,FRBOJ
7779,2023-08-14,BORDEAUX ST JEAN,NON,8547,18:56,ATLANTIQUE,HENDAYE,PASUDOUEST,FRAEF,16:21,FRBOJ
7780,2023-08-14,BORDEAUX ST JEAN,NON,8547,18:13,ATLANTIQUE,BAYONNE,PASUDOUEST,FRXBY,16:21,FRBOJ
7781,2023-08-14,BORDEAUX ST JEAN,NON,8547,18:41,ATLANTIQUE,ST JEAN DE LUZ CIBOURE,PASUDOUEST,FRXJZ,16:21,FRBOJ
7782,2023-08-14,PARIS (intramuros),NON,8547,18:13,ATLANTIQUE,BAYONNE,PASUDOUEST,FRXBY,14:03,FRPMO
7783,2023-08-14,BAYONNE,OUI,8547,18:41,ATLANTIQUE,ST JEAN DE LUZ CIBOURE,PASUDOUEST,FRXJZ,18:16,FRXBY
7784,2023-08-14,MASSY TGV,NON,8547,18:25,ATLANTIQUE,BIARRITZ,PASUDOUEST,FRBIQ,14:15,FRDJU
7785,2023-08-14,MASSY TGV,NON,8547,18:56,ATLANTIQUE,HENDAYE,PASUDOUEST,FRAEF,14:15,FRDJU
7786,2023-08-14,POITIERS,OUI,8393,21:41,ATLANTIQUE,NIORT,PAROCHELLE,FRNIT,20:58,FRPIS
7787,2023-08-14,PARIS (intramuros),OUI,8393,20:55,ATLANTIQUE,POITIERS,PAROCHELLE,FRPIS,19:16,FRPMO
7788,2023-08-14,AEROPORT CDG2 TGV ROISSY,OUI,5036,18:08,NORD,MARNE LA VALLEE CHESSY,JCNORDSUD,FRMLV,17:59,FRMLW
7789,2023-08-14,AEROPORT CDG2 TGV ROISSY,OUI,5036,22:06,NORD,MONTPELLIER SAINT-ROCH,JCNORDSUD,FRMPL,17:59,FRMLW
7790,2023-08-14,NIMES,NON,6821,10:17,SUD EST,CARCASSONNE,JCPROVSUD,FRCCF,08:07,FRFNI
7791,2023-08-14,LYON (intramuros),NON,6821,09:27,SUD EST,BEZIERS,JCPROVSUD,FRBZR,06:37,FRLPD
7792,2023-08-14,LYON (intramuros),NON,6821,11:02,SUD EST,TOULOUSE MATABIAU,JCPROVSUD,FRXYT,06:37,FRLPD
7793,2023-08-14,VALENCE TGV RHONE-ALPES SUD,NON,6821,11:02,SUD EST,TOULOUSE MATABIAU,JCPROVSUD,FRXYT,07:20,FRVLA
7794,2023-08-14,BORDEAUX ST JEAN,OUI,8560,11:52,ATLANTIQUE,PARIS (intramuros),SUDOUESTPA,FRPMO,09:46,FRBOJ
7795,2023-08-14,LOURDES,OUI,8560,08:16,ATLANTIQUE,DAX,SUDOUESTPA,FRACG,06:58,FRLDE
7796,2023-08-14,LOURDES,NON,8560,09:40,ATLANTIQUE,BORDEAUX ST JEAN,SUDOUESTPA,FRBOJ,06:58,FRLDE
7797,2023-08-14,TARBES,OUI,8560,08:16,ATLANTIQUE,DAX,SUDOUESTPA,FRACG,06:40,FRXTB
7798,2023-08-14,TARBES,OUI,8560,07:46,ATLANTIQUE,ORTHEZ,SUDOUESTPA,FRGFI,06:40,FRXTB
7799,2023-08-14,VENDOME VILLIERS SUR LOIR,OUI,8333,14:43,ATLANTIQUE,POITIERS,PAROCHELLE,FRPIS,13:15,FRESL
7800,2023-08-14,PARIS (intramuros),OUI,8333,13:13,ATLANTIQUE,VENDOME VILLIERS SUR LOIR,PAROCHELLE,FRESL,12:28,FRPMO
7801,2023-08-14,ST PIERRE DES CORPS,OUI,8333,14:43,ATLANTIQUE,POITIERS,PAROCHELLE,FRPIS,13:43,FRXSH
7802,2023-08-14,POITIERS,OUI,8488,19:33,ATLANTIQUE,PARIS (intramuros),SUDOUESTPA,FRPMO,18:09,FRPIS
7803,2023-08-14,MASSY TGV,NON,5338,21:47,SUD EST,LYON (intramuros),JCATLSUD,FRLPE,19:26,FRDJU
7804,2023-08-14,LYON (intramuros),OUI,5338,21:47,SUD EST,LYON (intramuros),JCATLSUD,FRLPE,21:39,FRLPD
7805,2023-08-14,BORDEAUX ST JEAN,NON,4669,21:27,IC ARO,CARCASSONNE,TJOURSOSE,FRCCF,18:28,FRBOJ
7806,2023-08-14,BORDEAUX ST JEAN,NON,4669,22:54,IC ARO,MONTPELLIER SAINT-ROCH,TJOURSOSE,FRMPL,18:28,FRBOJ
7807,2023-08-14,CARCASSONNE,OUI,4669,22:34,IC ARO,SETE,TJOURSOSE,FRXSY,21:29,FRCCF
7808,2023-08-14,MARMANDE,NON,4669,23:22,IC ARO,NIMES,TJOURSOSE,FRFNI,19:06,FRXMR
7809,2023-08-14,MARMANDE,NON,4669,20:09,IC ARO,MONTAUBAN VILLE BOURBON,TJOURSOSE,FRXMW,19:06,FRXMR
7810,2023-08-14,MARMANDE,NON,4669,20:37,IC ARO,TOULOUSE MATABIAU,TJOURSOSE,FRXYT,19:06,FRXMR
7811,2023-08-14,MONTAUBAN VILLE BOURBON,NON,4669,21:27,IC ARO,CARCASSONNE,TJOURSOSE,FRCCF,20:11,FRXMW
7812,2023-08-14,MONTAUBAN VILLE BOURBON,NON,4669,23:22,IC ARO,NIMES,TJOURSOSE,FRFNI,20:11,FRXMW
7813,2023-08-14,NARBONNE,OUI,4669,22:34,IC ARO,SETE,TJOURSOSE,FRXSY,22:01,FRXNA
7814,2023-08-14,SETE,OUI,4669,22:54,IC ARO,MONTPELLIER SAINT-ROCH,TJOURSOSE,FRMPL,22:36,FRXSY
7815,2023-08-14,STRASBOURG,OUI,2377,21:19,EST,COLMAR,PASTRAMULH,FRAEJ,20:47,FRAEG
7816,2023-08-14,PARIS (intramuros),OUI,2377,21:19,EST,COLMAR,PASTRAMULH,FRAEJ,18:55,FRPST
7817,2023-08-14,PARIS (intramuros),OUI,2377,21:06,EST,SELESTAT,PASTRAMULH,FRXSQ,18:55,FRPST
7818,2023-08-14,SELESTAT,OUI,2377,21:19,EST,COLMAR,PASTRAMULH,FRAEJ,21:08,FRXSQ
7819,2023-08-14,ANGOULEME,OUI,8447,18:44,ATLANTIQUE,BORDEAUX ST JEAN,PASUDOUEST,FRBOJ,18:08,FRANG
7820,2023-08-14,ANGERS ST LAUD,NON,8804,09:12,ATLANTIQUE,PARIS (intramuros),LOIREPARIS,FRPMO,07:44,FRACL
7821,2023-08-14,NANTES,OUI,8804,07:41,ATLANTIQUE,ANGERS ST LAUD,LOIREPARIS,FRACL,07:05,FRNTE
7822,2023-08-14,NANTES,NON,8804,09:12,ATLANTIQUE,PARIS (intramuros),LOIREPARIS,FRPMO,07:05,FRNTE
7823,2023-08-14,MARSEILLE ST CHARLES,NON,5066,16:57,NORD,LILLE (intramuros),JCSUDNORD,FRLLE,12:12,FRMSC
7824,2023-08-14,GUINGAMP,OUI,8615,14:47,ATLANTIQUE,BREST,PARISBRETA,FRBES,13:40,FRGGP
7825,2023-08-14,GUINGAMP,OUI,8615,14:12,ATLANTIQUE,MORLAIX,PARISBRETA,FRMXN,13:40,FRGGP
7826,2023-08-14,PARIS (intramuros),NON,8615,12:25,ATLANTIQUE,RENNES,PARISBRETA,FRRNS,10:53,FRPMO
7827,2023-08-14,RENNES,NON,8615,14:47,ATLANTIQUE,BREST,PARISBRETA,FRBES,12:32,FRRNS
7828,2023-08-14,RENNES,NON,8615,13:20,ATLANTIQUE,ST BRIEUC,PARISBRETA,FRSBK,12:32,FRRNS
7829,2023-08-14,AEROPORT CDG2 TGV ROISSY,NON,5210,11:17,NORD,RENNES,JCNORDBRET,FRRNS,08:48,FRMLW
7830,2023-08-14,AUGSBURG HBF,NON,9577,21:36,INTERNATIONAL,MUENCHEN HBF,PASTUTMUN,DEBEG,21:07,DEAGB
7831,2023-08-14,KARLSRUHE HBF,NON,9577,21:04,INTERNATIONAL,AUGSBURG HBF,PASTUTMUN,DEAGB,18:27,DEQKA
7832,2023-08-14,KARLSRUHE HBF,NON,9577,19:04,INTERNATIONAL,STUTTGART HBF,PASTUTMUN,DESGT,18:27,DEQKA
7833,2023-08-14,STUTTGART HBF,NON,9577,21:36,INTERNATIONAL,MUENCHEN HBF,PASTUTMUN,DEBEG,19:20,DESGT
7834,2023-08-14,PARIS (intramuros),NON,9577,18:24,INTERNATIONAL,KARLSRUHE HBF,PASTUTMUN,DEQKA,15:55,FRPST
7835,2023-08-14,PARIS (intramuros),NON,9577,20:21,INTERNATIONAL,ULM HBF,PASTUTMUN,DEQUL,15:55,FRPST
7836,2023-08-14,PARIS (intramuros),NON,9577,19:04,INTERNATIONAL,STUTTGART HBF,PASTUTMUN,DESGT,15:55,FRPST
7837,2023-08-14,ANGOULEME,OUI,8483,10:12,ATLANTIQUE,BORDEAUX ST JEAN,PASUDOUEST,FRBOJ,09:06,FRANG
7838,2023-08-14,PARIS (intramuros),NON,8483,08:10,ATLANTIQUE,POITIERS,PASUDOUEST,FRPIS,06:49,FRPMO
7839,2023-08-14,PARIS (intramuros),NON,8483,09:45,ATLANTIQUE,LIBOURNE,PASUDOUEST,FRXLR,06:49,FRPMO
7840,2023-08-14,ARRAS,OUI,7238,20:08,NORD,PARIS (intramuros),ARRASPA,FRPNO,19:18,FRQRV
7841,2023-08-14,LES AUBRAIS ORLEANS,NON,3741,10:24,IC NUIT,HENDAYE,PARPALOMBE,FRAEF,22:24,FRLAB
7842,2023-08-14,LES AUBRAIS ORLEANS,NON,3741,09:55,IC NUIT,BIARRITZ,PARPALOMBE,FRBIQ,22:24,FRLAB
7843,2023-08-14,LES AUBRAIS ORLEANS,NON,3741,08:14,IC NUIT,ORTHEZ,PARPALOMBE,FRGFI,22:24,FRLAB
7844,2023-08-14,LES AUBRAIS ORLEANS,NON,3741,09:43,IC NUIT,BAYONNE,PARPALOMBE,FRXBY,22:24,FRLAB
7845,2023-08-14,LES AUBRAIS ORLEANS,NON,3741,07:05,IC NUIT,TARBES,PARPALOMBE,FRXTB,22:24,FRLAB
7846,2023-08-14,PARIS (intramuros),NON,3741,09:43,IC NUIT,BAYONNE,PARPALOMBE,FRXBY,20:41,FRPAZ
7847,2023-08-14,NEVERS,OUI,5963,17:17,IC ARO,RIOM CHATEL GUYON,PACLERMONT,FRRIO,15:59,FRNVS
7848,2023-08-14,NEVERS,OUI,5963,16:28,IC ARO,MOULINS SUR ALLIER,PACLERMONT,FRXMU,15:59,FRNVS
7849,2023-08-14,PARIS (intramuros),OUI,5963,17:29,IC ARO,CLERMONT FERRAND,PACLERMONT,FRCFE,14:00,FRPBE
7850,2023-08-14,LE MANS,NON,8603,09:25,ATLANTIQUE,RENNES,PARISBRETA,FRRNS,08:37,FRAET
7851,2023-08-14,LAMBALLE,NON,8603,11:42,ATLANTIQUE,BREST,PARISBRETA,FRBES,10:11,FRLAM
7852,2023-08-14,PARIS (intramuros),NON,8603,11:07,ATLANTIQUE,MORLAIX,PARISBRETA,FRMXN,07:32,FRPMO
7853,2023-08-14,PARIS (intramuros),NON,8603,10:21,ATLANTIQUE,ST BRIEUC,PARISBRETA,FRSBK,07:32,FRPMO
7854,2023-08-14,LORIENT,NON,8706,09:25,ATLANTIQUE,RENNES,BRETAPARIS,FRRNS,07:55,FRLRT
7855,2023-08-14,VANNES,NON,8706,10:01,ATLANTIQUE,LAVAL,BRETAPARIS,FRACR,08:27,FRVNE
7856,2023-08-14,MODANE,NON,9241,13:49,INTERNATIONAL,MILANO P GARIBALDI,PAITALIE,ITMPG,10:55,FRAGR
7857,2023-08-14,CHAMBERY CHALLES LES EAUX,NON,9241,11:23,INTERNATIONAL,OULX CESANA CLAV SESTRIERE,PAITALIE,ITOCS,09:44,FRCMF
7858,2023-08-14,PARIS (intramuros),NON,9241,13:49,INTERNATIONAL,MILANO P GARIBALDI,PAITALIE,ITMPG,06:46,FRPLY
7859,2023-08-14,KAISERSLAUTERN HBF,NON,9555,20:59,INTERNATIONAL,FRANKFURT MAIN HBF,PAFRANC,DEFRH,19:37,DEKLT
7860,2023-08-14,KAISERSLAUTERN HBF,NON,9555,20:17,INTERNATIONAL,MANNHEIM HBF,PAFRANC,DEMHG,19:37,DEKLT
7861,2023-08-14,MANNHEIM HBF,NON,9555,20:59,INTERNATIONAL,FRANKFURT MAIN HBF,PAFRANC,DEFRH,20:19,DEMHG
7862,2023-08-14,SARREBRUCK/SAARBRUECKEN,NON,9555,19:35,INTERNATIONAL,KAISERSLAUTERN HBF,PAFRANC,DEKLT,18:59,DESBK
7863,2023-08-14,PARIS (intramuros),NON,9555,20:17,INTERNATIONAL,MANNHEIM HBF,PAFRANC,DEMHG,17:10,FRPST
7864,2023-08-14,AIX EN PROVENCE TGV,NON,9868,20:43,NORD,BRUXELLES MIDI BRUSSEL ZUID,JCSUDNORD,BEBMI,15:24,FRAIE
7865,2023-08-14,AIX EN PROVENCE TGV,OUI,9868,15:43,NORD,AVIGNON TGV,JCSUDNORD,FRAVG,15:24,FRAIE
7866,2023-08-14,AVIGNON TGV,NON,9868,19:01,NORD,AEROPORT CDG2 TGV ROISSY,JCSUDNORD,FRMLW,15:46,FRAVG
7867,2023-08-14,LYON (intramuros),NON,9868,19:57,NORD,LILLE (intramuros),JCSUDNORD,FRLLE,17:00,FRLPD
7868,2023-08-14,LYON (intramuros),NON,9868,19:01,NORD,AEROPORT CDG2 TGV ROISSY,JCSUDNORD,FRMLW,17:00,FRLPD
7869,2023-08-14,MARNE LA VALLEE CHESSY,NON,9868,19:01,NORD,AEROPORT CDG2 TGV ROISSY,JCSUDNORD,FRMLW,18:51,FRMLV
7870,2023-08-14,MARSEILLE ST CHARLES,NON,9868,19:57,NORD,LILLE (intramuros),JCSUDNORD,FRLLE,15:11,FRMSC
7871,2023-08-14,MARSEILLE ST CHARLES,NON,9868,18:47,NORD,MARNE LA VALLEE CHESSY,JCSUDNORD,FRMLV,15:11,FRMSC
7872,2023-08-14,PARIS (intramuros),NON,6709,20:12,SUD EST,MULHOUSE VILLE,PABOUR,FRAEK,17:18,FRPLY
7873,2023-08-14,PARIS (intramuros),NON,8717,15:34,ATLANTIQUE,QUIMPER,PARISBRETA,FRUIP,11:53,FRPMO
7874,2023-08-14,PARIS (intramuros),NON,8717,14:38,ATLANTIQUE,AURAY,PARISBRETA,FRXUY,11:53,FRPMO
7875,2023-08-14,RENNES,NON,8717,15:34,ATLANTIQUE,QUIMPER,PARISBRETA,FRUIP,13:29,FRRNS
7876,2023-08-14,BELFORT-MONTBELIARD TGV,NON,9203,11:26,INTERNATIONAL,ZUERICH HB,PABALZUR,CHAJD,09:41,FRTJA
7877,2023-08-14,ST ETIENNE CHATEAUCREUX,OUI,6696,17:25,SUD EST,LYON (intramuros),RHONEPARIS,FRLPD,16:43,FRHHD
7878,2023-08-14,RENNES,NON,8056,11:48,ATLANTIQUE,PARIS (intramuros),BRETAPARIS,FRPMO,10:15,FRRNS
7879,2023-08-14,AIX EN PROVENCE TGV,NON,9882,22:43,NORD,BRUXELLES MIDI BRUSSEL ZUID,JCSUDNORD,BEBMI,17:22,FRAIE
7880,2023-08-14,MARNE LA VALLEE CHESSY,NON,9882,22:43,NORD,BRUXELLES MIDI BRUSSEL ZUID,JCSUDNORD,BEBMI,20:51,FRMLV
7881,2023-08-14,MARSEILLE ST CHARLES,OUI,9882,17:19,NORD,AIX EN PROVENCE TGV,JCSUDNORD,FRAIE,17:08,FRMSC
7882,2023-08-14,MARSEILLE ST CHARLES,NON,9882,21:01,NORD,AEROPORT CDG2 TGV ROISSY,JCSUDNORD,FRMLW,17:08,FRMSC
7883,2023-08-14,NICE VILLE,NON,6170,16:34,SUD EST,PARIS (intramuros),AZURPA,FRPLY,10:54,FRNIC
7884,2023-08-14,ANTIBES,NON,6170,16:34,SUD EST,PARIS (intramuros),AZURPA,FRPLY,11:16,FRXAT
7885,2023-08-14,BORDEAUX ST JEAN,NON,4661,14:08,IC ARO,MONTAUBAN VILLE BOURBON,TJOURSOSE,FRXMW,12:28,FRBOJ
7886,2023-08-14,BEZIERS,NON,4661,17:20,IC ARO,NIMES,TJOURSOSE,FRFNI,16:17,FRBZR
7887,2023-08-14,CARCASSONNE,NON,4661,15:58,IC ARO,NARBONNE,TJOURSOSE,FRXNA,15:30,FRCCF
7888,2023-08-14,MONTPELLIER SAINT-ROCH,OUI,4661,17:20,IC ARO,NIMES,TJOURSOSE,FRFNI,16:56,FRMPL
7889,2023-08-14,MONTPELLIER SAINT-ROCH,OUI,4661,17:48,IC ARO,ARLES,TJOURSOSE,FRHZA,16:56,FRMPL
7890,2023-08-14,MONTPELLIER SAINT-ROCH,OUI,4661,18:35,IC ARO,MARSEILLE ST CHARLES,TJOURSOSE,FRMSC,16:56,FRMPL
7891,2023-08-14,MONTAUBAN VILLE BOURBON,NON,4661,15:58,IC ARO,NARBONNE,TJOURSOSE,FRXNA,14:10,FRXMW
7892,2023-08-14,TOULOUSE MATABIAU,NON,4661,18:35,IC ARO,MARSEILLE ST CHARLES,TJOURSOSE,FRMSC,14:45,FRXYT
7893,2023-08-14,SURGERES,OUI,8370,06:34,ATLANTIQUE,ST MAIXENT DEUX SEVRES,ROCHELLEPA,FREJC,06:00,FREIP
7894,2023-08-14,LA ROCHELLE VILLE,OUI,8370,08:37,ATLANTIQUE,PARIS (intramuros),ROCHELLEPA,FRPMO,05:39,FRLRH
7895,2023-08-14,NIORT,OUI,8370,06:34,ATLANTIQUE,ST MAIXENT DEUX SEVRES,ROCHELLEPA,FREJC,06:21,FRNIT
7896,2023-08-14,TOURS,OUI,8320,20:12,ATLANTIQUE,PARIS (intramuros),ROCHELLEPA,FRPMO,18:56,FRAFW
7897,2023-08-14,AVIGNON CENTRE,OUI,6193,16:16,SUD EST,ARLES,PAVDR,FRHZA,15:59,FRAES
7898,2023-08-14,LYON-SAINT EXUPERY TGV,NON,6193,16:16,SUD EST,ARLES,PAVDR,FRHZA,14:11,FRJDQ
7899,2023-08-14,PARIS (intramuros),NON,6193,16:16,SUD EST,ARLES,PAVDR,FRHZA,12:14,FRPLY
7900,2023-08-14,VALENCE VILLE,NON,6193,16:16,SUD EST,ARLES,PAVDR,FRHZA,14:49,FRVAF
7901,2023-08-14,VALENCE VILLE,NON,6193,16:36,SUD EST,MIRAMAS,PAVDR,FRMAZ,14:49,FRVAF
7902,2023-08-14,MONTELIMAR GARE SNCF,OUI,6193,15:38,SUD EST,ORANGE,PAVDR,FRXOG,15:12,FRXMK
7903,2023-08-14,ORANGE,OUI,6193,16:16,SUD EST,ARLES,PAVDR,FRHZA,15:41,FRXOG
7904,2023-08-14,QUIMPER,NON,8190,14:17,ATLANTIQUE,VANNES,BRETAPARIS,FRVNE,13:11,FRUIP
7905,2023-08-14,QUIMPER,NON,8190,14:48,ATLANTIQUE,REDON,BRETAPARIS,FRXRN,13:11,FRUIP
7906,2023-08-14,REDON,NON,8190,15:25,ATLANTIQUE,RENNES,BRETAPARIS,FRRNS,14:50,FRXRN
7907,2023-08-14,AURAY,NON,8190,14:17,ATLANTIQUE,VANNES,BRETAPARIS,FRVNE,14:07,FRXUY
7908,2023-08-14,BAYONNE,OUI,8536,12:15,ATLANTIQUE,DAX,SUDOUESTPA,FRACG,11:42,FRXBY
7909,2023-08-14,BAYONNE,NON,8536,13:40,ATLANTIQUE,BORDEAUX ST JEAN,SUDOUESTPA,FRBOJ,11:42,FRXBY
7910,2023-08-14,ST JEAN DE LUZ CIBOURE,OUI,8536,11:25,ATLANTIQUE,BIARRITZ,SUDOUESTPA,FRBIQ,11:15,FRXJZ
7911,2023-08-14,ST JEAN DE LUZ CIBOURE,OUI,8536,11:39,ATLANTIQUE,BAYONNE,SUDOUESTPA,FRXBY,11:15,FRXJZ
7912,2023-08-14,PARIS (intramuros),NON,7569,13:40,NORD,LILLE (intramuros),PAARRAS,FRLLE,12:25,FRPNO
7913,2023-08-14,PARIS (intramuros),NON,7569,13:13,NORD,ARRAS,PAARRAS,FRQRV,12:25,FRPNO
7914,2023-08-14,QUIMPERLE,OUI,8705,11:38,ATLANTIQUE,ROSPORDEN,PARISBRETA,FRRSP,11:24,FRECO
7915,2023-08-14,QUIMPERLE,OUI,8705,11:53,ATLANTIQUE,QUIMPER,PARISBRETA,FRUIP,11:24,FRECO
7916,2023-08-14,PARIS (intramuros),NON,8705,11:53,ATLANTIQUE,QUIMPER,PARISBRETA,FRUIP,08:06,FRPMO
7917,2023-08-14,ROSPORDEN,OUI,8705,11:53,ATLANTIQUE,QUIMPER,PARISBRETA,FRUIP,11:41,FRRSP
7918,2023-08-14,VANNES,OUI,8705,11:53,ATLANTIQUE,QUIMPER,PARISBRETA,FRUIP,10:38,FRVNE
7919,2023-08-14,PARIS (intramuros),NON,9761,09:29,INTERNATIONAL,GENEVE,PAGENEVE,CHGVA,06:18,FRPLY
7920,2023-08-14,DAX,NON,8574,19:46,ATLANTIQUE,TARBES,PASUDOUEST,FRXTB,17:46,FRACG
7921,2023-08-14,BORDEAUX ST JEAN,NON,8574,19:26,ATLANTIQUE,LOURDES,PASUDOUEST,FRLDE,16:21,FRBOJ
7922,2023-08-14,MASSY TGV,NON,8574,18:45,ATLANTIQUE,PAU,PASUDOUEST,FRAEE,14:15,FRDJU
7923,2023-08-14,ORTHEZ,OUI,8574,19:26,ATLANTIQUE,LOURDES,PASUDOUEST,FRLDE,18:17,FRGFI
7924,2023-08-14,PARIS (intramuros),NON,8574,19:46,ATLANTIQUE,TARBES,PASUDOUEST,FRXTB,14:03,FRPMO
7925,2023-08-14,MONTAUBAN VILLE BOURBON,NON,3750,06:50,IC NUIT,PARIS (intramuros),OCCITANPAR,FRPAZ,22:46,FRXMW
7926,2023-08-14,TOULOUSE MATABIAU,NON,3750,05:40,IC NUIT,LES AUBRAIS ORLEANS,OCCITANPAR,FRLAB,22:18,FRXYT
7927,2023-08-14,CAHORS,NON,3750,05:40,IC NUIT,LES AUBRAIS ORLEANS,OCCITANPAR,FRLAB,23:29,FRZAO
7928,2023-08-14,PARIS (intramuros),OUI,5789,06:53,IC NUIT,GAP,PABRIANCON,FRGAT,20:51,FRPAZ
7929,2023-08-14,STRASBOURG,OUI,5488,18:01,EST,MEUSE TGV,JCESTATL,FREAJ,17:01,FRAEG
7930,2023-08-14,LE MANS,NON,5488,22:19,EST,NANTES,JCESTATL,FRNTE,21:03,FRAET
7931,2023-08-14,CHAMPAGNE-ARDENNE,NON,5488,21:00,EST,LE MANS,JCESTATL,FRAET,18:35,FREAH
7932,2023-08-14,CHAMPAGNE-ARDENNE,NON,5488,20:04,EST,MASSY TGV,JCESTATL,FRDJU,18:35,FREAH
7933,2023-08-14,MEUSE TGV,NON,5488,20:04,EST,MASSY TGV,JCESTATL,FRDJU,18:09,FREAJ
7934,2023-08-14,MEUSE TGV,NON,5488,19:31,EST,MARNE LA VALLEE CHESSY,JCESTATL,FRMLV,18:09,FREAJ
7935,2023-08-14,MEUSE TGV,OUI,5488,19:06,EST,AEROPORT CDG2 TGV ROISSY,JCESTATL,FRMLW,18:09,FREAJ
7936,2023-08-14,LORRAINE TGV,NON,5488,19:31,EST,MARNE LA VALLEE CHESSY,JCESTATL,FRMLV,17:42,FREAM
7937,2023-08-14,MARNE LA VALLEE CHESSY,NON,5488,21:00,EST,LE MANS,JCESTATL,FRAET,19:35,FRMLV
7938,2023-08-14,MARNE LA VALLEE CHESSY,NON,5488,22:19,EST,NANTES,JCESTATL,FRNTE,19:35,FRMLV
7939,2023-08-14,AEROPORT CDG2 TGV ROISSY,NON,5488,21:00,EST,LE MANS,JCESTATL,FRAET,19:21,FRMLW
7940,2023-08-14,PARIS (intramuros),NON,5789,08:26,IC NUIT,BRIANCON,PABRIANCON,FRXBC,20:51,FRPAZ
7941,2023-08-14,LUCON,NON,3835,20:11,IC SRO,BORDEAUX ST JEAN,NANTEBORDO,FRBOJ,17:00,FRLCN
7942,2023-08-14,LA ROCHELLE VILLE,NON,3835,18:03,IC SRO,ROCHEFORT,NANTEBORDO,FRRCO,17:43,FRLRH
7943,2023-08-14,NANTES,NON,3835,17:39,IC SRO,LA ROCHELLE VILLE,NANTEBORDO,FRLRH,15:55,FRNTE
7944,2023-08-14,ROCHEFORT,NON,3835,20:11,IC SRO,BORDEAUX ST JEAN,NANTEBORDO,FRBOJ,18:05,FRRCO
7945,2023-08-14,LA ROCHE SUR YON,NON,3835,19:10,IC SRO,JONZAC,NANTEBORDO,FREMR,16:36,FRXRO
7946,2023-08-14,SAINTES,NON,3835,20:11,IC SRO,BORDEAUX ST JEAN,NANTEBORDO,FRBOJ,18:34,FRXST
7947,2023-08-14,THIONVILLE,OUI,2839,21:52,EST,LUXEMBOURG,PAMETZLUX,LULUX,21:31,FRXTH
7948,2023-08-14,NIMES,NON,9864,19:57,NORD,LILLE (intramuros),JCSUDNORD,FRLLE,15:19,FRFNI
7949,2023-08-14,NIMES,NON,9864,16:49,NORD,LYON (intramuros),JCSUDNORD,FRLPD,15:19,FRFNI
7950,2023-08-14,MARNE LA VALLEE CHESSY,NON,9864,20:43,NORD,BRUXELLES MIDI BRUSSEL ZUID,JCSUDNORD,BEBMI,18:51,FRMLV
7951,2023-08-14,MONTPELLIER SAINT-ROCH,NON,9864,19:57,NORD,LILLE (intramuros),JCSUDNORD,FRLLE,14:51,FRMPL
7952,2023-08-14,MONTPELLIER SAINT-ROCH,NON,9864,16:49,NORD,LYON (intramuros),JCSUDNORD,FRLPD,14:51,FRMPL
7953,2023-08-14,UZERCHE,NON,3634,10:07,IC ARO,CHATEAUROUX,TOULOUZECO,FRCHR,08:18,FRAAW
7954,2023-08-14,BRIVE LA GAILLARDE,NON,3634,12:18,IC ARO,PARIS (intramuros),TOULOUZECO,FRPAZ,07:52,FRBVE
7955,2023-08-14,GOURDON,OUI,3634,08:55,IC ARO,LIMOGES BENEDICTINS,TOULOUZECO,FRAGQ,07:07,FRFSI
7956,2023-08-14,SOUILLAC,NON,3634,12:18,IC ARO,PARIS (intramuros),TOULOUZECO,FRPAZ,07:24,FRSOU
7957,2023-08-14,MONTPELLIER SAINT-ROCH,NON,9704,18:18,SUD EST,NIMES,BARCELONEPA,FRFNI,17:51,FRMPL
7958,2023-08-14,MONTPELLIER SAINT-ROCH,NON,9704,19:03,SUD EST,VALENCE TGV RHONE-ALPES SUD,BARCELONEPA,FRVLA,17:51,FRMPL
7959,2023-08-14,AGDE,NON,9704,19:03,SUD EST,VALENCE TGV RHONE-ALPES SUD,BARCELONEPA,FRVLA,17:11,FRXAG
7960,2023-08-14,NARBONNE,NON,9704,18:18,SUD EST,NIMES,BARCELONEPA,FRFNI,16:42,FRXNA
7961,2023-08-14,NARBONNE,NON,9704,17:43,SUD EST,MONTPELLIER SAINT-ROCH,BARCELONEPA,FRMPL,16:42,FRXNA
7962,2023-08-14,NARBONNE,NON,9704,17:24,SUD EST,SETE,BARCELONEPA,FRXSY,16:42,FRXNA
7963,2023-08-14,SETE,NON,9704,18:18,SUD EST,NIMES,BARCELONEPA,FRFNI,17:27,FRXSY
7964,2023-08-14,SETE,NON,9704,17:43,SUD EST,MONTPELLIER SAINT-ROCH,BARCELONEPA,FRMPL,17:27,FRXSY
7965,2023-08-14,GIRONA,NON,9704,16:55,SUD EST,BEZIERS,BARCELONEPA,FRBZR,15:13,ESGRO
7966,2023-08-14,FIGUERES VILA TGV,NON,9704,16:39,SUD EST,NARBONNE,BARCELONEPA,FRXNA,15:30,ESFIR
7967,2023-08-14,GIRONA,NON,9704,17:24,SUD EST,SETE,BARCELONEPA,FRXSY,15:13,ESGRO
7968,2023-08-14,LYON (intramuros),OUI,6619,17:10,SUD EST,LYON (intramuros),PARISRHONE,FRLPE,17:02,FRLPD
7969,2023-08-14,LYON (intramuros),OUI,6633,23:24,SUD EST,LYON (intramuros),PARISRHONE,FRLPE,23:16,FRLPD
7970,2023-08-14,MACON LOCHE TGV,OUI,6633,23:24,SUD EST,LYON (intramuros),PARISRHONE,FRLPE,22:41,FRMLT
7971,2023-08-14,AVIGNON TGV,NON,5332,13:10,SUD EST,AIX EN PROVENCE TGV,JCATLSUD,FRAIE,12:50,FRAVG
7972,2023-08-14,MASSY TGV,NON,5332,13:24,SUD EST,MARSEILLE ST CHARLES,JCATLSUD,FRMSC,09:26,FRDJU
7973,2023-08-14,RENNES,OUI,5332,08:22,SUD EST,LE MANS,JCATLSUD,FRAET,07:31,FRRNS
7974,2023-08-14,LES AUBRAIS ORLEANS,NON,3755,06:33,IC NUIT,ST CHRISTOPHE,PAVERMEIL,FRFST,23:32,FRLAB
7975,2023-08-14,PARIS (intramuros),NON,3755,05:49,IC NUIT,CAPDENAC,PAVERMEIL,FRCDC,22:12,FRPAZ
7976,2023-08-14,PARIS (intramuros),NON,3755,05:08,IC NUIT,GRAMAT,PAVERMEIL,FRFSB,22:12,FRPAZ
7977,2023-08-14,LYON-SAINT EXUPERY TGV,OUI,6283,11:49,SUD EST,MONTPELLIER SUD DE FRANCE,PALANG,FRSUF,10:14,FRJDQ
7978,2023-08-14,LYON (intramuros),OUI,5124,23:38,NORD,AIX EN PROVENCE TGV,JCNORDSUD,FRAIE,22:06,FRLPD
7979,2023-08-14,MARNE LA VALLEE CHESSY,OUI,5124,23:14,NORD,AVIGNON TGV,JCNORDSUD,FRAVG,20:13,FRMLV
7980,2023-08-14,MARNE LA VALLEE CHESSY,OUI,5124,23:53,NORD,MARSEILLE ST CHARLES,JCNORDSUD,FRMSC,20:13,FRMLV
7981,2023-08-14,AEROPORT CDG2 TGV ROISSY,OUI,5124,23:14,NORD,AVIGNON TGV,JCNORDSUD,FRAVG,20:00,FRMLW
7982,2023-08-14,AEROPORT CDG2 TGV ROISSY,OUI,5124,22:00,NORD,LYON (intramuros),JCNORDSUD,FRLPD,20:00,FRMLW
7983,2023-08-14,ARRAS,OUI,5124,23:14,NORD,AVIGNON TGV,JCNORDSUD,FRAVG,18:46,FRQRV
7984,2023-08-14,ZUERICH HB,NON,9226,16:28,INTERNATIONAL,BASEL SBB,ZURBALPA,CHAJP,15:34,CHAJD
7985,2023-08-14,ZUERICH HB,NON,9226,16:53,INTERNATIONAL,MULHOUSE VILLE,ZURBALPA,FRAEK,15:34,CHAJD
7986,2023-08-14,ZUERICH HB,NON,9226,19:38,INTERNATIONAL,PARIS (intramuros),ZURBALPA,FRPLY,15:34,CHAJD
7987,2023-08-14,DIJON VILLE,NON,9226,19:38,INTERNATIONAL,PARIS (intramuros),ZURBALPA,FRPLY,18:02,FRABA
7988,2023-08-14,MULHOUSE VILLE,NON,9226,19:38,INTERNATIONAL,PARIS (intramuros),ZURBALPA,FRPLY,16:56,FRAEK
7989,2023-08-14,STRASBOURG,NON,5470,13:04,EST,MASSY TGV,JCESTATL,FRDJU,10:01,FRAEG
7990,2023-08-14,CHAMPAGNE-ARDENNE,NON,5470,12:26,EST,MARNE LA VALLEE CHESSY,JCESTATL,FRMLV,11:28,FREAH
7991,2023-08-14,LORRAINE TGV,NON,5470,13:59,EST,LE MANS,JCESTATL,FRAET,10:40,FREAM
7992,2023-08-14,LORRAINE TGV,OUI,5470,10:58,EST,MEUSE TGV,JCESTATL,FREAJ,10:40,FREAM
7993,2023-08-14,LORRAINE TGV,NON,5470,12:26,EST,MARNE LA VALLEE CHESSY,JCESTATL,FRMLV,10:40,FREAM
7994,2023-08-14,LORRAINE TGV,NON,5470,12:01,EST,AEROPORT CDG2 TGV ROISSY,JCESTATL,FRMLW,10:40,FREAM
7995,2023-08-14,AEROPORT CDG2 TGV ROISSY,NON,5470,12:26,EST,MARNE LA VALLEE CHESSY,JCESTATL,FRMLV,12:16,FRMLW
7996,2023-08-14,LORIENT,OUI,8729,20:37,ATLANTIQUE,QUIMPER,PARISBRETA,FRUIP,19:59,FRLRT
7997,2023-08-14,PARIS (intramuros),NON,8729,19:56,ATLANTIQUE,LORIENT,PARISBRETA,FRLRT,16:53,FRPMO
7998,2023-08-14,PARIS (intramuros),NON,8729,18:25,ATLANTIQUE,RENNES,PARISBRETA,FRRNS,16:53,FRPMO
7999,2023-08-14,PARIS (intramuros),NON,8729,19:24,ATLANTIQUE,VANNES,PARISBRETA,FRVNE,16:53,FRPMO
8000,2023-08-14,RENNES,OUI,8729,20:10,ATLANTIQUE,QUIMPERLE,PARISBRETA,FRECO,18:29,FRRNS
8001,2023-08-14,RENNES,OUI,8729,19:56,ATLANTIQUE,LORIENT,PARISBRETA,FRLRT,18:29,FRRNS
8002,2023-08-14,RENNES,OUI,8729,20:37,ATLANTIQUE,QUIMPER,PARISBRETA,FRUIP,18:29,FRRNS
8003,2023-08-14,METZ VILLE,NON,2864,12:20,EST,PARIS (intramuros),LUXMETZPA,FRPST,10:56,FRADE
8004,2023-08-14,DIJON VILLE,NON,9877,14:49,EST,AIX EN PROVENCE TGV,JCRHINRHON,FRAIE,11:21,FRABA
8005,2023-08-14,DIJON VILLE,NON,9877,14:25,EST,AVIGNON TGV,JCRHINRHON,FRAVG,11:21,FRABA
8006,2023-08-14,DIJON VILLE,NON,9877,12:19,EST,MACON VILLE,JCRHINRHON,FRHGU,11:21,FRABA
8007,2023-08-14,MULHOUSE VILLE,NON,9877,12:19,EST,MACON VILLE,JCRHINRHON,FRHGU,09:57,FRAEK
8008,2023-08-14,MULHOUSE VILLE,NON,9877,15:06,EST,MARSEILLE ST CHARLES,JCRHINRHON,FRMSC,09:57,FRAEK
8009,2023-08-14,AIX EN PROVENCE TGV,OUI,9877,15:06,EST,MARSEILLE ST CHARLES,JCRHINRHON,FRMSC,14:52,FRAIE
8010,2023-08-14,AVIGNON TGV,NON,9877,15:06,EST,MARSEILLE ST CHARLES,JCRHINRHON,FRMSC,14:28,FRAVG
8011,2023-08-14,MACON VILLE,NON,9877,13:00,EST,LYON (intramuros),JCRHINRHON,FRLPD,12:22,FRHGU
8012,2023-08-14,MACON VILLE,NON,9877,15:06,EST,MARSEILLE ST CHARLES,JCRHINRHON,FRMSC,12:22,FRHGU
8013,2023-08-14,BELFORT-MONTBELIARD TGV,NON,9877,14:25,EST,AVIGNON TGV,JCRHINRHON,FRAVG,10:21,FRTJA
8014,2023-08-14,BESANCON - F COMTE TGV,NON,9877,14:49,EST,AIX EN PROVENCE TGV,JCRHINRHON,FRAIE,10:44,FRTJB
8015,2023-08-14,BESANCON - F COMTE TGV,NON,9877,14:25,EST,AVIGNON TGV,JCRHINRHON,FRAVG,10:44,FRTJB
8016,2023-08-14,BESANCON - F COMTE TGV,NON,9877,12:19,EST,MACON VILLE,JCRHINRHON,FRHGU,10:44,FRTJB
8017,2023-08-14,THIONVILLE,NON,9877,11:11,EST,DIJON VILLE,JCRHINRHON,FRABA,07:47,FRXTH
8018,2023-08-14,THIONVILLE,NON,9877,15:06,EST,MARSEILLE ST CHARLES,JCRHINRHON,FRMSC,07:47,FRXTH
8019,2023-08-14,LUXEMBOURG,NON,9877,13:00,EST,LYON (intramuros),JCRHINRHON,FRLPD,07:24,LULUX
8020,2023-08-14,LUXEMBOURG,NON,9877,10:41,EST,BESANCON - F COMTE TGV,JCRHINRHON,FRTJB,07:24,LULUX
8021,2023-08-14,MASSY TGV,NON,5450,10:06,EST,ST PIERRE DES CORPS,JCESTATL,FRXSH,09:09,FRDJU
8022,2023-08-14,CHAMPAGNE-ARDENNE,NON,5450,09:04,EST,MASSY TGV,JCESTATL,FRDJU,07:45,FREAH
8023,2023-08-14,CHAMPAGNE-ARDENNE,NON,5450,08:16,EST,MARNE LA VALLEE CHESSY,JCESTATL,FRMLV,07:45,FREAH
8024,2023-08-14,CHAMPAGNE-ARDENNE,NON,5450,10:41,EST,POITIERS,JCESTATL,FRPIS,07:45,FREAH
8025,2023-08-14,MARNE LA VALLEE CHESSY,NON,5450,10:41,EST,POITIERS,JCESTATL,FRPIS,08:35,FRMLV
8026,2023-08-14,VALENCE VILLE,OUI,6191,10:09,SUD EST,MONTELIMAR GARE SNCF,PAVDR,FRXMK,09:49,FRVAF
8027,2023-08-14,VALENCE VILLE,OUI,6191,10:38,SUD EST,ORANGE,PAVDR,FRXOG,09:49,FRVAF
8028,2023-08-14,ORANGE,OUI,6191,10:56,SUD EST,AVIGNON CENTRE,PAVDR,FRAES,10:41,FRXOG
8029,2023-08-14,PARIS (intramuros),NON,6117,18:22,SUD EST,AVIGNON TGV,PAPROVENCE,FRAVG,15:38,FRPLY
8030,2023-08-14,ARGELES SUR MER,NON,3736,07:19,IC NUIT,PARIS (intramuros),PALOMBEPAR,FRPAZ,19:30,FRARM
8031,2023-08-14,CARCASSONNE,NON,3736,06:08,IC NUIT,LES AUBRAIS ORLEANS,PALOMBEPAR,FRLAB,21:47,FRCCF
8032,2023-08-14,LEZIGNAN-CORBIERES,NON,3736,06:08,IC NUIT,LES AUBRAIS ORLEANS,PALOMBEPAR,FRLAB,21:27,FRFUX
8033,2023-08-14,PERPIGNAN,NON,3736,07:19,IC NUIT,PARIS (intramuros),PALOMBEPAR,FRPAZ,19:51,FRPGF
8034,2023-08-14,MACON LOCHE TGV,NON,6949,20:36,SUD EST,CHAMBERY CHALLES LES EAUX,PARISALPES,FRCMF,19:20,FRMLT
8035,2023-08-14,MACON LOCHE TGV,NON,6949,21:04,SUD EST,AIX LES BAINS LE REVARD,PARISALPES,FRXAI,19:20,FRMLT
8036,2023-08-14,PARIS (intramuros),NON,6949,20:36,SUD EST,CHAMBERY CHALLES LES EAUX,PARISALPES,FRCMF,17:46,FRPLY
8037,2023-08-14,PARIS (intramuros),NON,8629,19:16,ATLANTIQUE,ST BRIEUC,PARISBRETA,FRSBK,16:53,FRPMO
8038,2023-08-14,ST BRIEUC,OUI,8629,19:33,ATLANTIQUE,GUINGAMP,PARISBRETA,FRGGP,19:19,FRSBK
8039,2023-08-14,ST BRIEUC,OUI,8629,20:02,ATLANTIQUE,MORLAIX,PARISBRETA,FRMXN,19:19,FRSBK
8040,2023-08-14,KARLSRUHE HBF,NON,9575,17:04,INTERNATIONAL,STUTTGART HBF,PASTUTMUN,DESGT,16:28,DEQKA
8041,2023-08-14,BOULOGNE VILLE,OUI,7508,08:59,NORD,PARIS (intramuros),ARRASPA,FRPNO,06:29,FRAEB
8042,2023-08-14,LILLE (intramuros),OUI,7508,08:59,NORD,PARIS (intramuros),ARRASPA,FRPNO,07:40,FRLLE
8043,2023-08-14,ARRAS,OUI,7508,08:59,NORD,PARIS (intramuros),ARRASPA,FRPNO,08:08,FRQRV
8044,2023-08-14,CRANSAC,NON,3754,06:50,IC NUIT,PARIS (intramuros),OCCITANPAR,FRPAZ,23:20,FRFSR
8045,2023-08-14,VIVIEZ DECAZEVILLE,NON,3754,05:40,IC NUIT,LES AUBRAIS ORLEANS,OCCITANPAR,FRLAB,23:29,FRVZD
8046,2023-08-14,AUBIN,NON,3754,05:40,IC NUIT,LES AUBRAIS ORLEANS,OCCITANPAR,FRLAB,23:24,FRFSQ
8047,2023-08-14,LE HAVRE,OUI,5316,17:53,SUD EST,VERSAILLES CHANTIERS,JCATLSUD,FRDHT,15:45,FRAEZ
8048,2023-08-14,LE HAVRE,OUI,5316,17:21,SUD EST,MANTES LA JOLIE,JCATLSUD,FRMTE,15:45,FRAEZ
8049,2023-08-14,LE HAVRE,OUI,5316,21:19,SUD EST,VALENCE TGV RHONE-ALPES SUD,JCATLSUD,FRVLA,15:45,FRAEZ
8050,2023-08-14,VERSAILLES CHANTIERS,OUI,5316,22:25,SUD EST,MARSEILLE ST CHARLES,JCATLSUD,FRMSC,17:56,FRDHT
8051,2023-08-14,VERSAILLES CHANTIERS,OUI,5316,21:19,SUD EST,VALENCE TGV RHONE-ALPES SUD,JCATLSUD,FRVLA,17:56,FRDHT
8052,2023-08-14,MASSY PALAISEAU,OUI,5316,21:19,SUD EST,VALENCE TGV RHONE-ALPES SUD,JCATLSUD,FRVLA,18:12,FRMPU
8053,2023-08-14,MANTES LA JOLIE,OUI,5316,21:53,SUD EST,AVIGNON TGV,JCATLSUD,FRAVG,17:26,FRMTE
8054,2023-08-14,MANTES LA JOLIE,OUI,5316,17:53,SUD EST,VERSAILLES CHANTIERS,JCATLSUD,FRDHT,17:26,FRMTE
8055,2023-08-14,MANTES LA JOLIE,OUI,5316,20:30,SUD EST,LYON (intramuros),JCATLSUD,FRLPD,17:26,FRMTE
8056,2023-08-14,ROUEN RIVE DROITE,OUI,5316,20:30,SUD EST,LYON (intramuros),JCATLSUD,FRLPD,16:37,FRURD
8057,2023-08-14,VALENCE TGV RHONE-ALPES SUD,OUI,5316,22:25,SUD EST,MARSEILLE ST CHARLES,JCATLSUD,FRMSC,21:22,FRVLA
8058,2023-08-14,FRANKFURT MAIN HBF,NON,9558,09:51,INTERNATIONAL,PARIS (intramuros),FRANCPA,FRPST,05:56,DEFRH
8059,2023-08-14,FORBACH,NON,9558,09:51,INTERNATIONAL,PARIS (intramuros),FRANCPA,FRPST,08:11,FRBQT
8060,2023-08-14,ANGERS ST LAUD,NON,5306,17:30,SUD EST,LYON (intramuros),JCATLSUD,FRLPD,13:27,FRACL
8061,2023-08-14,SAUMUR,NON,5306,17:30,SUD EST,LYON (intramuros),JCATLSUD,FRLPD,13:50,FRACN
8062,2023-08-14,JONZAC,NON,3852,10:58,IC SRO,LUCON,BORDONANTE,FRLCN,08:41,FREMR
8063,2023-08-14,JONZAC,NON,3852,09:23,IC SRO,SAINTES,BORDONANTE,FRXST,08:41,FREMR
8064,2023-08-14,ROCHEFORT,NON,3852,10:58,IC SRO,LUCON,BORDONANTE,FRLCN,09:55,FRRCO
8065,2023-08-14,ROCHEFORT,NON,3852,10:15,IC SRO,LA ROCHELLE VILLE,BORDONANTE,FRLRH,09:55,FRRCO
8066,2023-08-14,LA ROCHE SUR YON,NON,3852,12:05,IC SRO,NANTES,BORDONANTE,FRNTE,11:24,FRXRO
8067,2023-08-14,SAINTES,NON,3852,12:05,IC SRO,NANTES,BORDONANTE,FRNTE,09:25,FRXST
8068,2023-08-14,SAINTES,NON,3852,09:53,IC SRO,ROCHEFORT,BORDONANTE,FRRCO,09:25,FRXST
8069,2023-08-14,PARIS (intramuros),OUI,8061,14:51,ATLANTIQUE,RENNES,PARISBRETA,FRRNS,13:19,FRPMO
8070,2023-08-14,PARIS (intramuros),NON,8503,10:24,ATLANTIQUE,AGEN,PASUDOUEST,FRAGF,07:08,FRPMO
8071,2023-08-14,PARIS (intramuros),NON,8503,11:27,ATLANTIQUE,TOULOUSE MATABIAU,PASUDOUEST,FRXYT,07:08,FRPMO
8072,2023-08-14,AVIGNON TGV,OUI,6101,09:41,SUD EST,AIX EN PROVENCE TGV,PAPROVENCE,FRAIE,09:22,FRAVG
8073,2023-08-14,FRANKFURT MAIN HBF,NON,9550,22:53,INTERNATIONAL,PARIS (intramuros),FRANCPA,FRPST,18:56,DEFRH
8074,2023-08-14,SARREBRUCK/SAARBRUECKEN,NON,9550,21:10,INTERNATIONAL,FORBACH,FRANCPA,FRBQT,21:01,DESBK
8075,2023-08-14,CARCASSONNE,NON,4766,22:27,IC ARO,AGEN,TJOURSESO,FRAGF,20:35,FRCCF
8076,2023-08-14,CARCASSONNE,NON,4766,21:17,IC ARO,TOULOUSE MATABIAU,TJOURSESO,FRXYT,20:35,FRCCF
8077,2023-08-14,NIMES,NON,4766,19:44,IC ARO,BEZIERS,TJOURSESO,FRBZR,18:39,FRFNI
8078,2023-08-14,NIMES,NON,4766,21:17,IC ARO,TOULOUSE MATABIAU,TJOURSESO,FRXYT,18:39,FRFNI
8079,2023-08-14,MONTPELLIER SAINT-ROCH,NON,4766,20:33,IC ARO,CARCASSONNE,TJOURSESO,FRCCF,19:07,FRMPL
8080,2023-08-14,MARSEILLE ST CHARLES,NON,4766,21:17,IC ARO,TOULOUSE MATABIAU,TJOURSESO,FRXYT,17:28,FRMSC
8081,2023-08-14,MONTAUBAN VILLE BOURBON,OUI,4766,22:27,IC ARO,AGEN,TJOURSESO,FRAGF,21:51,FRXMW
8082,2023-08-14,MONTAUBAN VILLE BOURBON,OUI,4766,23:32,IC ARO,BORDEAUX ST JEAN,TJOURSESO,FRBOJ,21:51,FRXMW
8083,2023-08-14,TOULOUSE MATABIAU,OUI,4766,22:27,IC ARO,AGEN,TJOURSESO,FRAGF,21:25,FRXYT
8084,2023-08-14,TOULOUSE MATABIAU,OUI,4766,23:32,IC ARO,BORDEAUX ST JEAN,TJOURSESO,FRBOJ,21:25,FRXYT
8085,2023-08-14,AVIGNON TGV,OUI,6163,20:40,SUD EST,ANTIBES,PAAZUR,FRXAT,17:58,FRAVG
8086,2023-08-14,AVIGNON TGV,OUI,6163,20:02,SUD EST,ST RAPHAEL VALESCURE,PAAZUR,FRXSK,17:58,FRAVG
8087,2023-08-14,PARIS (intramuros),OUI,6163,17:55,SUD EST,AVIGNON TGV,PAAZUR,FRAVG,15:20,FRPLY
8088,2023-08-14,TOULON,OUI,6163,20:27,SUD EST,CANNES,PAAZUR,FRJCA,19:11,FRTLN
8089,2023-08-14,ANTIBES,OUI,6163,21:00,SUD EST,NICE VILLE,PAAZUR,FRNIC,20:43,FRXAT
8090,2023-08-14,ARRAS,OUI,7304,08:08,NORD,PARIS (intramuros),ARRASPA,FRPNO,07:18,FRQRV
8091,2023-08-14,UZERCHE,OUI,3625,15:04,IC ARO,BRIVE LA GAILLARDE,PALITO,FRBVE,14:39,FRAAW
8092,2023-08-14,VIERZON VILLE,NON,3625,12:31,IC ARO,ISSOUDUN,PALITO,FRFMN,12:13,FRXVZ
8093,2023-08-14,LAVAL,OUI,8067,19:10,ATLANTIQUE,RENNES,PARISBRETA,FRRNS,18:45,FRACR
8094,2023-08-14,PARIS (intramuros),NON,8067,19:10,ATLANTIQUE,RENNES,PARISBRETA,FRRNS,17:12,FRPMO
8095,2023-08-14,AVIGNON TGV,NON,6165,16:25,SUD EST,CANNES,PAAZUR,FRJCA,14:04,FRAVG
8096,2023-08-14,AVIGNON TGV,NON,6165,16:01,SUD EST,ST RAPHAEL VALESCURE,PAAZUR,FRXSK,14:04,FRAVG
8097,2023-08-14,CANNES,OUI,6165,16:58,SUD EST,NICE VILLE,PAAZUR,FRNIC,16:30,FRJCA
8098,2023-08-14,TOULON,OUI,6165,16:01,SUD EST,ST RAPHAEL VALESCURE,PAAZUR,FRXSK,15:15,FRTLN
8099,2023-08-14,ANTIBES,OUI,6165,16:58,SUD EST,NICE VILLE,PAAZUR,FRNIC,16:42,FRXAT
8100,2023-08-14,AVIGNON TGV,NON,6155,13:11,SUD EST,TOULON,PAAZUR,FRTLN,12:05,FRAVG
8101,2023-08-14,PARIS (intramuros),NON,6155,12:02,SUD EST,AVIGNON TGV,PAAZUR,FRAVG,09:26,FRPLY
8102,2023-08-14,TOULON,OUI,6155,13:40,SUD EST,HYERES,PAAZUR,FRXHE,13:24,FRTLN
8103,2023-08-14,CARCASSONNE,NON,6871,09:36,SUD EST,SETE,JCSUDPROV,FRXSY,08:27,FRCCF
8104,2023-08-14,NARBONNE,NON,6871,11:07,SUD EST,VALENCE TGV RHONE-ALPES SUD,JCSUDPROV,FRVLA,08:59,FRXNA
8105,2023-08-14,TOULOUSE MATABIAU,OUI,6871,08:24,SUD EST,CARCASSONNE,JCSUDPROV,FRCCF,07:43,FRXYT
8106,2023-08-14,MONTPELLIER SUD DE FRANCE,NON,6871,11:07,SUD EST,VALENCE TGV RHONE-ALPES SUD,JCSUDPROV,FRVLA,10:05,FRSUF
8107,2023-08-14,NIMES PONT DU GARD,NON,6871,11:07,SUD EST,VALENCE TGV RHONE-ALPES SUD,JCSUDPROV,FRVLA,10:29,FRXZP
8108,2023-08-14,MONTPELLIER SUD DE FRANCE,NON,6871,10:26,SUD EST,NIMES PONT DU GARD,JCSUDPROV,FRXZP,10:05,FRSUF
8109,2023-08-14,NIMES PONT DU GARD,NON,6871,11:50,SUD EST,LYON (intramuros),JCSUDPROV,FRLPD,10:29,FRXZP
8110,2023-08-14,PERPIGNAN,NON,6052,20:48,SUD EST,VALENCE TGV RHONE-ALPES SUD,LANGPA,FRVLA,18:04,FRPGF
8111,2023-08-14,VALENCE TGV RHONE-ALPES SUD,NON,6052,23:05,SUD EST,PARIS (intramuros),LANGPA,FRPLY,20:51,FRVLA
8112,2023-08-14,NARBONNE,OUI,6052,19:27,SUD EST,SETE,LANGPA,FRXSY,18:43,FRXNA
8113,2023-08-14,NARBONNE,NON,6052,20:09,SUD EST,NIMES PONT DU GARD,LANGPA,FRXZP,18:43,FRXNA
8114,2023-08-14,AGDE,NON,6052,20:09,SUD EST,NIMES PONT DU GARD,LANGPA,FRXZP,19:13,FRXAG
8115,2023-08-14,BEZIERS,NON,9708,17:18,SUD EST,PARIS (intramuros),BARCELONEPA,FRPLY,12:58,FRBZR
8116,2023-08-14,BEZIERS,NON,9708,13:09,SUD EST,AGDE,BARCELONEPA,FRXAG,12:58,FRBZR
8117,2023-08-14,PERPIGNAN,NON,9708,17:18,SUD EST,PARIS (intramuros),BARCELONEPA,FRPLY,12:04,FRPGF
8118,2023-08-14,PERPIGNAN,NON,9708,15:01,SUD EST,VALENCE TGV RHONE-ALPES SUD,BARCELONEPA,FRVLA,12:04,FRPGF
8119,2023-08-14,AGDE,NON,9708,13:43,SUD EST,MONTPELLIER SAINT-ROCH,BARCELONEPA,FRMPL,13:12,FRXAG
8120,2023-08-14,GIRONA,NON,9708,13:43,SUD EST,MONTPELLIER SAINT-ROCH,BARCELONEPA,FRMPL,11:14,ESGRO
8121,2023-08-14,FIGUERES VILA TGV,NON,9708,12:55,SUD EST,BEZIERS,BARCELONEPA,FRBZR,11:31,ESFIR
8122,2023-08-14,STRASBOURG,OUI,9404,14:33,EST,LORRAINE TGV,JCESTATL,FREAM,13:56,FRAEG
8123,2023-08-14,STRASBOURG,NON,9404,16:27,EST,MARNE LA VALLEE CHESSY,JCESTATL,FRMLV,13:56,FRAEG
8124,2023-08-14,STRASBOURG,NON,9404,16:04,EST,AEROPORT CDG2 TGV ROISSY,JCESTATL,FRMLW,13:56,FRAEG
8125,2023-08-14,STRASBOURG,NON,9404,18:06,EST,ST PIERRE DES CORPS,JCESTATL,FRXSH,13:56,FRAEG
8126,2023-08-14,CHAMPAGNE-ARDENNE,NON,9404,18:40,EST,POITIERS,JCESTATL,FRPIS,15:34,FREAH
8127,2023-08-14,MEUSE TGV,OUI,9404,15:29,EST,CHAMPAGNE-ARDENNE,JCESTATL,FREAH,15:05,FREAJ
8128,2023-08-14,MEUSE TGV,NON,9404,16:04,EST,AEROPORT CDG2 TGV ROISSY,JCESTATL,FRMLW,15:05,FREAJ
8129,2023-08-14,MEUSE TGV,NON,9404,18:06,EST,ST PIERRE DES CORPS,JCESTATL,FRXSH,15:05,FREAJ
8130,2023-08-14,MARNE LA VALLEE CHESSY,NON,9404,19:22,EST,ANGOULEME,JCESTATL,FRANG,16:32,FRMLV
8131,2023-08-14,AEROPORT CDG2 TGV ROISSY,NON,9404,20:02,EST,BORDEAUX ST JEAN,JCESTATL,FRBOJ,16:18,FRMLW
8132,2023-08-14,ST PIERRE DES CORPS,NON,9404,19:22,EST,ANGOULEME,JCESTATL,FRANG,18:10,FRXSH
8133,2023-08-14,FREIBURG BREISGAU HBF,OUI,9404,13:56,EST,STRASBOURG,JCESTATL,FRAEG,12:22,DEFGB
8134,2023-08-14,OFFENBOURG/OFFENBURG,OUI,9404,13:56,EST,STRASBOURG,JCESTATL,FRAEG,13:15,DEZPA
8135,2023-08-14,LAHR SCHWARZW,OUI,9404,13:11,EST,OFFENBOURG/OFFENBURG,JCESTATL,DEZPA,13:00,DEANL
8136,2023-08-14,FREIBURG BREISGAU HBF,OUI,9404,13:11,EST,OFFENBOURG/OFFENBURG,JCESTATL,DEZPA,12:22,DEFGB
8137,2023-08-14,FREIBURG BREISGAU HBF,OUI,9404,12:51,EST,RINGSHEIM/EU-PARK,JCESTATL,DERSH,12:22,DEFGB
8138,2023-08-14,RINGSHEIM/EU-PARK,OUI,9404,13:11,EST,OFFENBOURG/OFFENBURG,JCESTATL,DEZPA,12:52,DERSH
8139,2023-08-14,OFFENBOURG/OFFENBURG,NON,9404,20:02,EST,BORDEAUX ST JEAN,JCESTATL,FRBOJ,13:15,DEZPA
8140,2023-08-14,FREIBURG BREISGAU HBF,OUI,9404,14:58,EST,MEUSE TGV,JCESTATL,FREAJ,12:22,DEFGB
8141,2023-08-14,LAHR SCHWARZW,NON,9404,20:02,EST,BORDEAUX ST JEAN,JCESTATL,FRBOJ,13:00,DEANL
8142,2023-08-14,MONTELIMAR GARE SNCF,OUI,6196,15:10,SUD EST,VALENCE VILLE,VDRPA,FRVAF,14:49,FRXMK
8143,2023-08-14,BEZIERS,OUI,6047,11:20,SUD EST,NARBONNE,PALANG,FRXNA,11:06,FRBZR
8144,2023-08-14,PARIS (intramuros),OUI,6047,09:07,SUD EST,VALENCE TGV RHONE-ALPES SUD,PALANG,FRVLA,06:56,FRPLY
8145,2023-08-14,PARIS (intramuros),NON,6047,10:31,SUD EST,SETE,PALANG,FRXSY,06:56,FRPLY
8146,2023-08-14,VALENCE TGV RHONE-ALPES SUD,NON,6047,11:03,SUD EST,BEZIERS,PALANG,FRBZR,09:10,FRVLA
8147,2023-08-14,SETE,OUI,6047,11:20,SUD EST,NARBONNE,PALANG,FRXNA,10:34,FRXSY
8148,2023-08-14,PARIS (intramuros),NON,6047,10:08,SUD EST,MONTPELLIER SUD DE FRANCE,PALANG,FRSUF,06:56,FRPLY
8149,2023-08-14,MONTPELLIER SUD DE FRANCE,OUI,6047,10:31,SUD EST,SETE,PALANG,FRXSY,10:17,FRSUF
8150,2023-08-14,VALENCE TGV RHONE-ALPES SUD,NON,6047,10:08,SUD EST,MONTPELLIER SUD DE FRANCE,PALANG,FRSUF,09:10,FRVLA
8151,2023-08-14,VALENCE TGV RHONE-ALPES SUD,NON,6047,09:46,SUD EST,NIMES PONT DU GARD,PALANG,FRXZP,09:10,FRVLA
8152,2023-08-14,NIMES PONT DU GARD,NON,6047,10:48,SUD EST,AGDE,PALANG,FRXAG,09:49,FRXZP
8153,2023-08-14,NIMES PONT DU GARD,NON,6047,10:08,SUD EST,MONTPELLIER SUD DE FRANCE,PALANG,FRSUF,09:49,FRXZP
8154,2023-08-14,MEUSE TGV,OUI,2583,21:44,EST,NANCY,PANANCY,FRENC,21:09,FREAJ
8155,2023-08-14,BORDEAUX ST JEAN,OUI,8519,23:31,ATLANTIQUE,TOULOUSE MATABIAU,PASUDOUEST,FRXYT,21:20,FRBOJ
8156,2023-08-14,AIX EN PROVENCE TGV,OUI,6181,22:02,SUD EST,ST RAPHAEL VALESCURE,PAAZUR,FRXSK,20:20,FRAIE
8157,2023-08-14,CANNES,OUI,6181,22:41,SUD EST,ANTIBES,PAAZUR,FRXAT,22:33,FRJCA
8158,2023-08-14,PARIS (intramuros),OUI,6181,22:28,SUD EST,CANNES,PAAZUR,FRJCA,17:22,FRPLY
8159,2023-08-14,MORLAIX,OUI,8602,07:29,ATLANTIQUE,RENNES,BRETAPARIS,FRRNS,05:55,FRMXN
8160,2023-08-14,NICE VILLE,OUI,6176,12:16,SUD EST,ANTIBES,AZURPA,FRXAT,12:02,FRNIC
8161,2023-08-14,TOULON,NON,6176,17:50,SUD EST,PARIS (intramuros),AZURPA,FRPLY,13:48,FRTLN
8162,2023-08-14,ANTIBES,NON,6176,17:50,SUD EST,PARIS (intramuros),AZURPA,FRPLY,12:19,FRXAT
8163,2023-08-14,ANGERS ST LAUD,OUI,8917,14:00,ATLANTIQUE,LE POULIGUEN,PARISLOIRE,FREGS,12:16,FRACL
8164,2023-08-14,PORNICHET,OUI,8917,14:09,ATLANTIQUE,LE CROISIC,PARISLOIRE,FREGU,13:49,FREGR
8165,2023-08-14,LE POULIGUEN,OUI,8917,14:09,ATLANTIQUE,LE CROISIC,PARISLOIRE,FREGU,14:03,FREGS
8166,2023-08-14,NANTES,OUI,8917,13:34,ATLANTIQUE,ST NAZAIRE,PARISLOIRE,FRSNR,13:00,FRNTE
8167,2023-08-14,PARIS (intramuros),NON,8917,11:33,ATLANTIQUE,LE MANS,PARISLOIRE,FRAET,10:36,FRPMO
8168,2023-08-14,PARIS (intramuros),NON,8917,14:00,ATLANTIQUE,LE POULIGUEN,PARISLOIRE,FREGS,10:36,FRPMO
8169,2023-08-14,ST NAZAIRE,OUI,8917,13:54,ATLANTIQUE,LA BAULE ESCOUBLAC,PARISLOIRE,FRJEE,13:38,FRSNR
8170,2023-08-14,ST PIERRE DES CORPS,OUI,8314,12:43,ATLANTIQUE,VENDOME VILLIERS SUR LOIR,ROCHELLEPA,FRESL,12:25,FRXSH
8171,2023-08-14,VALENCE TGV RHONE-ALPES SUD,NON,6275,15:56,SUD EST,BEZIERS,PALANG,FRBZR,14:00,FRVLA
8172,2023-08-14,VALENCE TGV RHONE-ALPES SUD,NON,6275,16:52,SUD EST,PERPIGNAN,PALANG,FRPGF,14:00,FRVLA
8173,2023-08-14,VALENCE TGV RHONE-ALPES SUD,NON,6275,15:25,SUD EST,SETE,PALANG,FRXSY,14:00,FRVLA
8174,2023-08-14,MONTPELLIER SUD DE FRANCE,NON,6275,15:25,SUD EST,SETE,PALANG,FRXSY,15:10,FRSUF
8175,2023-08-14,MONTPELLIER SUD DE FRANCE,NON,6275,16:52,SUD EST,PERPIGNAN,PALANG,FRPGF,15:10,FRSUF
8176,2023-08-14,PARIS (intramuros),NON,6275,14:36,SUD EST,NIMES PONT DU GARD,PALANG,FRXZP,11:46,FRPLY
8177,2023-08-14,NIMES PONT DU GARD,NON,6275,14:59,SUD EST,MONTPELLIER SUD DE FRANCE,PALANG,FRSUF,14:39,FRXZP
8178,2023-08-14,AIX EN PROVENCE TGV,NON,6024,19:22,SUD EST,PARIS (intramuros),PROVENCEPA,FRPLY,16:19,FRAIE
8179,2023-08-14,LYON (intramuros),NON,4506,22:04,IC SRO,NANTES,JOURLYNNTE,FRNTE,15:46,FRLPD
8180,2023-08-14,LYON (intramuros),NON,4506,17:28,IC SRO,ST GERMAIN DES FOSSES,JOURLYNNTE,FRSGF,15:46,FRLPD
8181,2023-08-14,LYON (intramuros),NON,4506,17:49,IC SRO,MOULINS SUR ALLIER,JOURLYNNTE,FRXMU,15:46,FRLPD
8182,2023-08-14,LYON (intramuros),NON,4506,20:26,IC SRO,ST PIERRE DES CORPS,JOURLYNNTE,FRXSH,15:46,FRLPD
8183,2023-08-14,LYON (intramuros),NON,4506,22:04,IC SRO,NANTES,JOURLYNNTE,FRNTE,15:32,FRLPE
8184,2023-08-14,NEVERS,NON,4506,19:06,IC SRO,BOURGES,JOURLYNNTE,FRBOU,18:29,FRNVS
8185,2023-08-14,NEVERS,NON,4506,20:26,IC SRO,ST PIERRE DES CORPS,JOURLYNNTE,FRXSH,18:29,FRNVS
8186,2023-08-14,ROANNE,NON,4506,20:59,IC SRO,SAUMUR,JOURLYNNTE,FRACN,16:51,FRRNE
8187,2023-08-14,ROANNE,NON,4506,17:49,IC SRO,MOULINS SUR ALLIER,JOURLYNNTE,FRXMU,16:51,FRRNE
8188,2023-08-14,ROANNE,NON,4506,19:25,IC SRO,VIERZON VILLE,JOURLYNNTE,FRXVZ,16:51,FRRNE
8189,2023-08-14,ST GERMAIN DES FOSSES,NON,4506,20:59,IC SRO,SAUMUR,JOURLYNNTE,FRACN,17:30,FRSGF
8190,2023-08-14,ST GERMAIN DES FOSSES,NON,4506,19:06,IC SRO,BOURGES,JOURLYNNTE,FRBOU,17:30,FRSGF
8191,2023-08-14,ST GERMAIN DES FOSSES,NON,4506,18:19,IC SRO,NEVERS,JOURLYNNTE,FRNVS,17:30,FRSGF
8192,2023-08-14,ST GERMAIN DES FOSSES,NON,4506,19:25,IC SRO,VIERZON VILLE,JOURLYNNTE,FRXVZ,17:30,FRSGF
8193,2023-08-14,MOULINS SUR ALLIER,NON,4506,19:06,IC SRO,BOURGES,JOURLYNNTE,FRBOU,17:51,FRXMU
8194,2023-08-14,VIERZON VILLE,NON,4506,22:04,IC SRO,NANTES,JOURLYNNTE,FRNTE,19:27,FRXVZ
8195,2023-08-14,ANGERS ST LAUD,NON,5480,18:00,EST,CHAMPAGNE-ARDENNE,JCATLEST,FREAH,14:49,FRACL
8196,2023-08-14,LE MANS,NON,5480,16:20,EST,MASSY TGV,JCATLEST,FRDJU,15:30,FRAET
8197,2023-08-14,MASSY TGV,NON,5480,19:29,EST,STRASBOURG,JCATLEST,FRAEG,16:26,FRDJU
8198,2023-08-14,MASSY TGV,NON,5480,18:00,EST,CHAMPAGNE-ARDENNE,JCATLEST,FREAH,16:26,FRDJU
8199,2023-08-14,LORRAINE TGV,OUI,5480,19:29,EST,STRASBOURG,JCATLEST,FRAEG,18:51,FREAM
8200,2023-08-14,NANTES,NON,5480,18:48,EST,LORRAINE TGV,JCATLEST,FREAM,14:09,FRNTE
8201,2023-08-14,PAU,NON,14155,19:15,IC SRO,ORTHEZ,SUDOUEST,FRGFI,18:54,FRAEE
8202,2023-08-14,LOURDES,NON,14155,18:51,IC SRO,PAU,SUDOUEST,FRAEE,18:25,FRLDE
8203,2023-08-14,ST JEAN DE LUZ CIBOURE,NON,14155,21:03,IC SRO,HENDAYE,SUDOUEST,FRAEF,20:51,FRXJZ
8204,2023-08-14,TARBES,NON,14155,18:51,IC SRO,PAU,SUDOUEST,FRAEE,18:09,FRXTB
8205,2023-08-14,TARBES,NON,14155,20:33,IC SRO,BIARRITZ,SUDOUEST,FRBIQ,18:09,FRXTB
8206,2023-08-14,TOULOUSE MATABIAU,NON,14155,20:33,IC SRO,BIARRITZ,SUDOUEST,FRBIQ,16:34,FRXYT
8207,2023-08-14,TOULOUSE MATABIAU,NON,14155,20:50,IC SRO,ST JEAN DE LUZ CIBOURE,SUDOUEST,FRXJZ,16:34,FRXYT
8208,2023-08-14,LANNEMEZAN,NON,14155,20:50,IC SRO,ST JEAN DE LUZ CIBOURE,SUDOUEST,FRXJZ,17:44,FRLNZ
8209,2023-08-14,MEUSE TGV,OUI,2573,21:05,EST,REMIREMONT,PANANCY,FRRNT,19:13,FREAJ
8210,2023-08-14,NANCY,OUI,2573,21:05,EST,REMIREMONT,PANANCY,FRRNT,19:58,FRENC
8211,2023-08-14,KARLSRUHE HBF,NON,9574,12:13,INTERNATIONAL,STRASBOURG,MUNSTUTPA,FRAEG,11:32,DEQKA
8212,2023-08-14,NICE VILLE,OUI,6174,10:55,SUD EST,ST RAPHAEL VALESCURE,AZURPA,FRXSK,09:57,FRNIC
8213,2023-08-14,TOULON,NON,6174,15:50,SUD EST,PARIS (intramuros),AZURPA,FRPLY,11:48,FRTLN
8214,2023-08-14,ST RAPHAEL VALESCURE,NON,6174,15:50,SUD EST,PARIS (intramuros),AZURPA,FRPLY,10:58,FRXSK
8215,2023-08-14,LAUSANNE,NON,9774,14:21,INTERNATIONAL,GENEVE,GENEVEPA,CHGVA,13:45,CHAJF
8216,2023-08-14,GENEVE,NON,9774,17:42,INTERNATIONAL,PARIS (intramuros),GENEVEPA,FRPLY,14:29,CHGVA
8217,2023-08-14,AVIGNON TGV,NON,6161,13:24,SUD EST,NICE VILLE,PAAZUR,FRNIC,10:33,FRAVG
8218,2023-08-14,AVIGNON TGV,NON,6161,12:28,SUD EST,ST RAPHAEL VALESCURE,PAAZUR,FRXSK,10:33,FRAVG
8219,2023-08-14,PARIS (intramuros),NON,6161,12:28,SUD EST,ST RAPHAEL VALESCURE,PAAZUR,FRXSK,07:48,FRPLY
8220,2023-08-14,ANTIBES,OUI,6161,13:24,SUD EST,NICE VILLE,PAAZUR,FRNIC,13:08,FRXAT
8221,2023-08-14,ST RAPHAEL VALESCURE,OUI,6161,12:53,SUD EST,CANNES,PAAZUR,FRJCA,12:31,FRXSK
8222,2023-08-14,ST RAPHAEL VALESCURE,OUI,6161,13:05,SUD EST,ANTIBES,PAAZUR,FRXAT,12:31,FRXSK
8223,2023-08-14,BEZIERS,OUI,6221,12:20,SUD EST,NARBONNE,PALANG,FRXNA,12:06,FRBZR
8224,2023-08-14,NIMES,OUI,6221,11:48,SUD EST,AGDE,PALANG,FRXAG,10:46,FRFNI
8225,2023-08-14,NIMES,OUI,6221,11:31,SUD EST,SETE,PALANG,FRXSY,10:46,FRFNI
8226,2023-08-14,PARIS (intramuros),NON,6221,10:42,SUD EST,NIMES,PALANG,FRFNI,07:42,FRPLY
8227,2023-08-14,LIMOGES BENEDICTINS,OUI,3665,22:44,IC ARO,GOURDON,PALITO,FRFSI,20:58,FRAGQ
8228,2023-08-14,CHATEAUROUX,OUI,3665,22:01,IC ARO,BRIVE LA GAILLARDE,PALITO,FRBVE,19:42,FRCHR
8229,2023-08-14,CHATEAUROUX,OUI,3665,23:13,IC ARO,CAHORS,PALITO,FRZAO,19:42,FRCHR
8230,2023-08-14,LA SOUTERRAINE,OUI,3665,20:55,IC ARO,LIMOGES BENEDICTINS,PALITO,FRAGQ,20:24,FRLST
8231,2023-08-14,PARIS (intramuros),OUI,3665,22:01,IC ARO,BRIVE LA GAILLARDE,PALITO,FRBVE,17:41,FRPAZ
8232,2023-08-14,PARIS (intramuros),OUI,3665,19:40,IC ARO,CHATEAUROUX,PALITO,FRCHR,17:41,FRPAZ
8233,2023-08-14,PARIS (intramuros),OUI,3665,22:44,IC ARO,GOURDON,PALITO,FRFSI,17:41,FRPAZ
8234,2023-08-14,PARIS (intramuros),OUI,3665,20:22,IC ARO,LA SOUTERRAINE,PALITO,FRLST,17:41,FRPAZ
8235,2023-08-14,PARIS (intramuros),OUI,3665,23:13,IC ARO,CAHORS,PALITO,FRZAO,17:41,FRPAZ
8236,2023-08-14,VIERZON VILLE,OUI,3665,20:22,IC ARO,LA SOUTERRAINE,PALITO,FRLST,19:11,FRXVZ
8237,2023-08-14,ARGENTON SUR CREUSE,OUI,3665,22:28,IC ARO,SOUILLAC,PALITO,FRSOU,19:58,FRFMT
8238,2023-08-14,RENNES,NON,8746,23:08,ATLANTIQUE,PARIS (intramuros),BRETAPARIS,FRPMO,21:35,FRRNS
8239,2023-08-14,QUIMPER,OUI,8746,19:48,ATLANTIQUE,LORIENT,BRETAPARIS,FRLRT,19:16,FRUIP
8240,2023-08-14,DAX,OUI,8551,22:54,ATLANTIQUE,HENDAYE,PASUDOUEST,FRAEF,21:40,FRACG
8241,2023-08-14,DAX,OUI,8551,22:39,ATLANTIQUE,ST JEAN DE LUZ CIBOURE,PASUDOUEST,FRXJZ,21:40,FRACG
8242,2023-08-14,BORDEAUX ST JEAN,OUI,8551,22:23,ATLANTIQUE,BIARRITZ,PASUDOUEST,FRBIQ,20:20,FRBOJ
8243,2023-08-14,PARIS (intramuros),NON,8551,22:11,ATLANTIQUE,BAYONNE,PASUDOUEST,FRXBY,18:07,FRPMO
8244,2023-08-14,PARIS (intramuros),NON,8551,22:39,ATLANTIQUE,ST JEAN DE LUZ CIBOURE,PASUDOUEST,FRXJZ,18:07,FRPMO
8245,2023-08-14,PARIS (intramuros),NON,5959,15:28,IC ARO,MOULINS SUR ALLIER,PACLERMONT,FRXMU,13:00,FRPBE
8246,2023-08-14,PARIS (intramuros),NON,8121,14:13,ATLANTIQUE,ANGERS ST LAUD,PARISLOIRE,FRACL,12:49,FRPMO
8247,2023-08-14,ANGOULEME,NON,8470,17:13,ATLANTIQUE,PARIS (intramuros),SUDOUESTPA,FRPMO,15:23,FRANG
8248,2023-08-14,BORDEAUX ST JEAN,NON,8470,15:20,ATLANTIQUE,ANGOULEME,SUDOUESTPA,FRANG,14:46,FRBOJ
8249,2023-08-14,FACTURE BIGANOS,NON,8470,17:13,ATLANTIQUE,PARIS (intramuros),SUDOUESTPA,FRPMO,14:12,FRFAC
8250,2023-08-14,LA TESTE,NON,8470,15:20,ATLANTIQUE,ANGOULEME,SUDOUESTPA,FRANG,13:57,FRFCJ
8251,2023-08-14,LA TESTE,NON,8470,17:13,ATLANTIQUE,PARIS (intramuros),SUDOUESTPA,FRPMO,13:57,FRFCJ
8252,2023-08-14,PARIS (intramuros),NON,12253,10:19,ATLANTIQUE,BORDEAUX ST JEAN,PASUDOUEST,FRBOJ,07:58,FRPMO
8253,2023-08-14,LIMOGES BENEDICTINS,NON,3619,15:22,IC ARO,TOULOUSE MATABIAU,PALITO,FRXYT,11:59,FRAGQ
8254,2023-08-14,CHATEAUROUX,NON,3619,13:00,IC ARO,BRIVE LA GAILLARDE,PALITO,FRBVE,10:41,FRCHR
8255,2023-08-14,CHATEAUROUX,NON,3619,10:56,IC ARO,ARGENTON SUR CREUSE,PALITO,FRFMT,10:41,FRCHR
8256,2023-08-14,CHATEAUROUX,NON,3619,14:38,IC ARO,CAUSSADE TARN ET GARONNE,PALITO,FRFTA,10:41,FRCHR
8257,2023-08-14,ARGENTON SUR CREUSE,NON,3619,15:22,IC ARO,TOULOUSE MATABIAU,PALITO,FRXYT,10:57,FRFMT
8258,2023-08-14,LES AUBRAIS ORLEANS,NON,3619,11:54,IC ARO,LIMOGES BENEDICTINS,PALITO,FRAGQ,09:29,FRLAB
8259,2023-08-14,LES AUBRAIS ORLEANS,NON,3619,13:00,IC ARO,BRIVE LA GAILLARDE,PALITO,FRBVE,09:29,FRLAB
8260,2023-08-14,LA SOUTERRAINE,NON,3619,13:44,IC ARO,GOURDON,PALITO,FRFSI,11:22,FRLST
8261,2023-08-14,LA SOUTERRAINE,NON,3619,15:22,IC ARO,TOULOUSE MATABIAU,PALITO,FRXYT,11:22,FRLST
8262,2023-08-14,PARIS (intramuros),NON,3619,11:54,IC ARO,LIMOGES BENEDICTINS,PALITO,FRAGQ,08:28,FRPAZ
8263,2023-08-14,PARIS (intramuros),NON,3619,10:39,IC ARO,CHATEAUROUX,PALITO,FRCHR,08:28,FRPAZ
8264,2023-08-14,PARIS (intramuros),NON,3619,10:56,IC ARO,ARGENTON SUR CREUSE,PALITO,FRFMT,08:28,FRPAZ
8265,2023-08-14,PARIS (intramuros),NON,3619,13:27,IC ARO,SOUILLAC,PALITO,FRSOU,08:28,FRPAZ
8266,2023-08-14,PARIS (intramuros),NON,3619,10:07,IC ARO,VIERZON VILLE,PALITO,FRXVZ,08:28,FRPAZ
8267,2023-08-14,SOUILLAC,OUI,3619,13:44,IC ARO,GOURDON,PALITO,FRFSI,13:29,FRSOU
8268,2023-08-14,MONTAUBAN VILLE BOURBON,OUI,3619,15:22,IC ARO,TOULOUSE MATABIAU,PALITO,FRXYT,14:55,FRXMW
8269,2023-08-14,VIERZON VILLE,NON,3619,13:00,IC ARO,BRIVE LA GAILLARDE,PALITO,FRBVE,10:10,FRXVZ
8270,2023-08-14,ARGENTON SUR CREUSE,NON,3619,13:44,IC ARO,GOURDON,PALITO,FRFSI,10:57,FRFMT
8271,2023-08-14,LA SOUTERRAINE,NON,3619,14:38,IC ARO,CAUSSADE TARN ET GARONNE,PALITO,FRFTA,11:22,FRLST
8272,2023-08-14,PARIS (intramuros),NON,8921,14:13,ATLANTIQUE,ANGERS ST LAUD,PARISLOIRE,FRACL,12:49,FRPMO
8273,2023-08-14,PARIS (intramuros),NON,8921,16:04,ATLANTIQUE,LE CROISIC,PARISLOIRE,FREGU,12:49,FRPMO
8274,2023-08-14,ST NAZAIRE,NON,8921,15:50,ATLANTIQUE,LA BAULE ESCOUBLAC,PARISLOIRE,FRJEE,15:36,FRSNR
8275,2023-08-14,STRASBOURG,OUI,9890,09:43,NORD,BRUXELLES MIDI BRUSSEL ZUID,JCESTNORD,BEBMI,06:01,FRAEG
8276,2023-08-14,STRASBOURG,OUI,9890,07:23,NORD,CHAMPAGNE-ARDENNE,JCESTNORD,FREAH,06:01,FRAEG
8277,2023-08-14,STRASBOURG,OUI,9890,06:56,NORD,MEUSE TGV,JCESTNORD,FREAJ,06:01,FRAEG
8278,2023-08-14,CHAMPAGNE-ARDENNE,OUI,9890,07:56,NORD,AEROPORT CDG2 TGV ROISSY,JCESTNORD,FRMLW,07:26,FREAH
8279,2023-08-14,LORRAINE TGV,OUI,9890,07:23,NORD,CHAMPAGNE-ARDENNE,JCESTNORD,FREAH,06:38,FREAM
8280,2023-08-14,AEROPORT CDG2 TGV ROISSY,OUI,9890,09:43,NORD,BRUXELLES MIDI BRUSSEL ZUID,JCESTNORD,BEBMI,08:07,FRMLW
8281,2023-08-14,AURAY,NON,8722,14:48,ATLANTIQUE,REDON,BRETAPARIS,FRXRN,14:07,FRXUY
8282,2023-08-14,MARSEILLE ST CHARLES,NON,6866,20:54,SUD EST,LYON (intramuros),JCSUDPROV,FRLPD,19:11,FRMSC
8283,2023-08-14,AUGSBURG HBF,NON,9576,12:31,INTERNATIONAL,PARIS (intramuros),MUNSTUTPA,FRPST,07:20,DEAGB
8284,2023-08-14,MUENCHEN HBF,NON,9576,07:18,INTERNATIONAL,AUGSBURG HBF,MUNSTUTPA,DEAGB,06:51,DEBEG
8285,2023-08-14,MUENCHEN HBF,NON,9576,09:51,INTERNATIONAL,KARLSRUHE HBF,MUNSTUTPA,DEQKA,06:51,DEBEG
8286,2023-08-14,MUENCHEN HBF,NON,9576,10:37,INTERNATIONAL,STRASBOURG,MUNSTUTPA,FRAEG,06:51,DEBEG
8287,2023-08-14,STRASBOURG,NON,9576,12:31,INTERNATIONAL,PARIS (intramuros),MUNSTUTPA,FRPST,10:44,FRAEG
8288,2023-08-14,PARIS (intramuros),NON,6109,13:18,SUD EST,AVIGNON TGV,PAPROVENCE,FRAVG,10:38,FRPLY
8289,2023-08-14,PAU,OUI,8572,15:43,ATLANTIQUE,TARBES,PASUDOUEST,FRXTB,14:49,FRAEE
8290,2023-08-14,BORDEAUX ST JEAN,NON,8572,14:46,ATLANTIQUE,PAU,PASUDOUEST,FRAEE,12:20,FRBOJ
8291,2023-08-14,BORDEAUX ST JEAN,NON,8572,15:43,ATLANTIQUE,TARBES,PASUDOUEST,FRXTB,12:20,FRBOJ
8292,2023-08-14,PARIS (intramuros),NON,8572,12:14,ATLANTIQUE,BORDEAUX ST JEAN,PASUDOUEST,FRBOJ,10:08,FRPMO
8293,2023-08-14,PARIS (intramuros),OUI,3971,06:35,IC NUIT,SAVERDUN,PARPALOMBE,FRFPU,20:41,FRPAZ
8294,2023-08-14,PARIS (intramuros),NON,3971,07:47,IC NUIT,AX LES THERMES,PARPALOMBE,FRXLT,20:41,FRPAZ
8295,2023-08-14,LES AUBRAIS ORLEANS,OUI,3971,06:23,IC NUIT,AUTERIVE,PARPALOMBE,FRFPW,22:24,FRLAB
8296,2023-08-14,GRENOBLE,NON,6908,10:49,SUD EST,LYON-SAINT EXUPERY TGV,GRENOBLEPA,FRJDQ,09:47,FRGNB
8297,2023-08-14,GRENOBLE,NON,6908,12:46,SUD EST,PARIS (intramuros),GRENOBLEPA,FRPLY,09:47,FRGNB
8298,2023-08-14,CHATELLERAULT,OUI,8330,08:33,ATLANTIQUE,PARIS (intramuros),ROCHELLEPA,FRPMO,06:51,FRXCX
8299,2023-08-14,CHATELLERAULT,OUI,8330,07:22,ATLANTIQUE,ST PIERRE DES CORPS,ROCHELLEPA,FRXSH,06:51,FRXCX
8300,2023-08-14,ST PIERRE DES CORPS,OUI,8330,08:33,ATLANTIQUE,PARIS (intramuros),ROCHELLEPA,FRPMO,07:25,FRXSH
8301,2023-08-14,PARIS (intramuros),OUI,7581,20:16,NORD,BOULOGNE VILLE,PAARRAS,FRAEB,17:52,FRPNO
8302,2023-08-14,PARIS (intramuros),OUI,7581,18:40,NORD,ARRAS,PAARRAS,FRQRV,17:52,FRPNO
8303,2023-08-14,STRASBOURG,OUI,2440,17:35,EST,PARIS (intramuros),MULHSTRAPA,FRPST,15:44,FRAEG
8304,2023-08-14,NIORT,OUI,8377,14:58,ATLANTIQUE,SURGERES,PAROCHELLE,FREIP,14:40,FRNIT
8305,2023-08-14,PARIS (intramuros),NON,8377,14:58,ATLANTIQUE,SURGERES,PAROCHELLE,FREIP,12:16,FRPMO
8306,2023-08-14,AVIGNON TGV,NON,6813,16:43,SUD EST,TOULON,JCPROVSUD,FRTLN,15:13,FRAVG
8307,2023-08-14,LYON (intramuros),NON,6813,15:10,SUD EST,AVIGNON TGV,JCPROVSUD,FRAVG,14:06,FRLPD
8308,2023-08-14,MARSEILLE ST CHARLES,OUI,6813,16:43,SUD EST,TOULON,JCPROVSUD,FRTLN,15:58,FRMSC
8309,2023-08-14,BRIVE LA GAILLARDE,OUI,3694,20:30,IC ARO,LA SOUTERRAINE,TOULOUZECO,FRLST,18:58,FRBVE
8310,2023-08-14,CHATEAUROUX,NON,3694,22:20,IC ARO,LES AUBRAIS ORLEANS,TOULOUZECO,FRLAB,21:10,FRCHR
8311,2023-08-14,CHATEAUROUX,NON,3694,23:19,IC ARO,PARIS (intramuros),TOULOUZECO,FRPAZ,21:10,FRCHR
8312,2023-08-14,GOURDON,NON,3694,21:08,IC ARO,CHATEAUROUX,TOULOUZECO,FRCHR,18:12,FRFSI
8313,2023-08-14,LA SOUTERRAINE,OUI,3694,21:08,IC ARO,CHATEAUROUX,TOULOUZECO,FRCHR,20:32,FRLST
8314,2023-08-14,LA SOUTERRAINE,NON,3694,22:20,IC ARO,LES AUBRAIS ORLEANS,TOULOUZECO,FRLAB,20:32,FRLST
8315,2023-08-14,SOUILLAC,NON,3694,21:08,IC ARO,CHATEAUROUX,TOULOUZECO,FRCHR,18:29,FRSOU
8316,2023-08-14,MONTAUBAN VILLE BOURBON,NON,3694,18:55,IC ARO,BRIVE LA GAILLARDE,TOULOUZECO,FRBVE,17:05,FRXMW
8317,2023-08-14,TOULOUSE MATABIAU,NON,3694,19:58,IC ARO,LIMOGES BENEDICTINS,TOULOUZECO,FRAGQ,16:32,FRXYT
8318,2023-08-14,TOULOUSE MATABIAU,NON,3694,18:55,IC ARO,BRIVE LA GAILLARDE,TOULOUZECO,FRBVE,16:32,FRXYT
8319,2023-08-14,TOULOUSE MATABIAU,NON,3694,22:20,IC ARO,LES AUBRAIS ORLEANS,TOULOUZECO,FRLAB,16:32,FRXYT
8320,2023-08-14,TOULOUSE MATABIAU,NON,3694,20:30,IC ARO,LA SOUTERRAINE,TOULOUZECO,FRLST,16:32,FRXYT
8321,2023-08-14,TOULOUSE MATABIAU,NON,3694,23:19,IC ARO,PARIS (intramuros),TOULOUZECO,FRPAZ,16:32,FRXYT
8322,2023-08-14,TOULOUSE MATABIAU,OUI,3694,17:03,IC ARO,MONTAUBAN VILLE BOURBON,TOULOUZECO,FRXMW,16:32,FRXYT
8323,2023-08-14,TOULOUSE MATABIAU,NON,3694,17:43,IC ARO,CAHORS,TOULOUZECO,FRZAO,16:32,FRXYT
8324,2023-08-14,CAHORS,NON,3694,18:27,IC ARO,SOUILLAC,TOULOUZECO,FRSOU,17:45,FRZAO
8325,2023-08-14,CAUSSADE TARN ET GARONNE,NON,3694,20:30,IC ARO,LA SOUTERRAINE,TOULOUZECO,FRLST,17:18,FRFTA
8326,2023-08-14,PARIS (intramuros),NON,8063,22:41,ATLANTIQUE,LAVAL,PARISBRETA,FRACR,21:12,FRPMO
8327,2023-08-14,PARIS (intramuros),NON,8063,23:09,ATLANTIQUE,RENNES,PARISBRETA,FRRNS,21:12,FRPMO
8328,2023-08-14,TOULON,NON,5772,07:54,IC NUIT,PARIS (intramuros),AZURPAR,FRPAZ,20:56,FRTLN
8329,2023-08-14,LES ARCS DRAGUIGNAN,NON,5772,07:54,IC NUIT,PARIS (intramuros),AZURPAR,FRPAZ,20:19,FRXRS
8330,2023-08-14,AVIGNON CENTRE,OUI,6198,18:46,SUD EST,MONTELIMAR GARE SNCF,VDRPA,FRXMK,18:04,FRAES
8331,2023-08-14,AVIGNON CENTRE,OUI,6198,18:18,SUD EST,ORANGE,VDRPA,FRXOG,18:04,FRAES
8332,2023-08-14,ARLES,OUI,6198,18:18,SUD EST,ORANGE,VDRPA,FRXOG,17:36,FRHZA
8333,2023-08-14,LYON-SAINT EXUPERY TGV,OUI,6198,21:46,SUD EST,PARIS (intramuros),VDRPA,FRPLY,19:57,FRJDQ
8334,2023-08-14,MIRAMAS,OUI,6198,18:46,SUD EST,MONTELIMAR GARE SNCF,VDRPA,FRXMK,17:15,FRMAZ
8335,2023-08-14,MONTELIMAR GARE SNCF,OUI,6198,19:46,SUD EST,LYON-SAINT EXUPERY TGV,VDRPA,FRJDQ,18:49,FRXMK
8336,2023-08-14,PARIS (intramuros),NON,6049,19:03,SUD EST,BEZIERS,PALANG,FRBZR,14:56,FRPLY
8337,2023-08-14,PARIS (intramuros),NON,6049,19:56,SUD EST,PERPIGNAN,PALANG,FRPGF,14:56,FRPLY
8338,2023-08-14,VALENCE TGV RHONE-ALPES SUD,NON,6049,19:56,SUD EST,PERPIGNAN,PALANG,FRPGF,17:09,FRVLA
8339,2023-08-14,VALENCE TGV RHONE-ALPES SUD,NON,6049,18:48,SUD EST,AGDE,PALANG,FRXAG,17:09,FRVLA
8340,2023-08-14,VALENCE TGV RHONE-ALPES SUD,NON,6049,18:31,SUD EST,SETE,PALANG,FRXSY,17:09,FRVLA
8341,2023-08-14,NARBONNE,OUI,6049,19:56,SUD EST,PERPIGNAN,PALANG,FRPGF,19:23,FRXNA
8342,2023-08-14,PARIS (intramuros),NON,6049,18:08,SUD EST,MONTPELLIER SUD DE FRANCE,PALANG,FRSUF,14:56,FRPLY
8343,2023-08-14,CANNES,OUI,6077,19:39,SUD EST,ANTIBES,PAAZUR,FRXAT,19:31,FRJCA
8344,2023-08-14,MARSEILLE ST CHARLES,NON,6077,19:26,SUD EST,CANNES,PAAZUR,FRJCA,17:28,FRMSC
8345,2023-08-14,TOULON,OUI,6077,19:58,SUD EST,NICE VILLE,PAAZUR,FRNIC,18:15,FRTLN
8346,2023-08-14,ST RAPHAEL VALESCURE,OUI,6077,19:26,SUD EST,CANNES,PAAZUR,FRJCA,19:04,FRXSK
8347,2023-08-14,BORDEAUX ST JEAN,NON,3854,10:40,IC SRO,JONZAC,BORDONANTE,FREMR,09:53,FRBOJ
8348,2023-08-14,BORDEAUX ST JEAN,NON,3854,14:05,IC SRO,NANTES,BORDONANTE,FRNTE,09:53,FRBOJ
8349,2023-08-14,BORDEAUX ST JEAN,NON,3854,11:53,IC SRO,ROCHEFORT,BORDONANTE,FRRCO,09:53,FRBOJ
8350,2023-08-14,BORDEAUX ST JEAN,NON,3854,11:23,IC SRO,SAINTES,BORDONANTE,FRXST,09:53,FRBOJ
8351,2023-08-14,JONZAC,NON,3854,12:15,IC SRO,LA ROCHELLE VILLE,BORDONANTE,FRLRH,10:41,FREMR
8352,2023-08-14,JONZAC,NON,3854,14:05,IC SRO,NANTES,BORDONANTE,FRNTE,10:41,FREMR
8353,2023-08-14,LA ROCHELLE VILLE,NON,3854,14:05,IC SRO,NANTES,BORDONANTE,FRNTE,12:19,FRLRH
8354,2023-08-14,LA ROCHELLE VILLE,NON,3854,13:22,IC SRO,LA ROCHE SUR YON,BORDONANTE,FRXRO,12:19,FRLRH
8355,2023-08-14,ROCHEFORT,NON,3854,12:15,IC SRO,LA ROCHELLE VILLE,BORDONANTE,FRLRH,11:55,FRRCO
8356,2023-08-14,ROCHEFORT,NON,3854,14:05,IC SRO,NANTES,BORDONANTE,FRNTE,11:55,FRRCO
8357,2023-08-14,ROCHEFORT,NON,3854,13:22,IC SRO,LA ROCHE SUR YON,BORDONANTE,FRXRO,11:55,FRRCO
8358,2023-08-14,SAINTES,NON,3854,14:05,IC SRO,NANTES,BORDONANTE,FRNTE,11:25,FRXST
8359,2023-08-14,LILLE (intramuros),OUI,7026,11:14,NORD,PARIS (intramuros),LILLEPA,FRPNO,10:12,FRADJ
8360,2023-08-14,PARIS (intramuros),OUI,6107,12:19,SUD EST,AVIGNON TGV,PAPROVENCE,FRAVG,09:38,FRPLY
8361,2023-08-14,CHAMBERY CHALLES LES EAUX,NON,9249,21:49,INTERNATIONAL,MILANO P GARIBALDI,PAITALIE,ITMPG,17:44,FRCMF
8362,2023-08-14,CHAMBERY CHALLES LES EAUX,NON,9249,19:23,INTERNATIONAL,OULX CESANA CLAV SESTRIERE,PAITALIE,ITOCS,17:44,FRCMF
8363,2023-08-14,ST JEAN DE MAURIENNE ARVAN,NON,9249,21:49,INTERNATIONAL,MILANO P GARIBALDI,PAITALIE,ITMPG,18:25,FRHPN
8364,2023-08-14,PARIS (intramuros),NON,9249,18:24,INTERNATIONAL,ST JEAN DE MAURIENNE ARVAN,PAITALIE,FRHPN,14:46,FRPLY
8365,2023-08-14,LE CROISIC,OUI,8922,13:55,ATLANTIQUE,LA BAULE ESCOUBLAC,LOIREPARIS,FRJEE,13:47,FREGU
8366,2023-08-14,LA BAULE ESCOUBLAC,OUI,8922,14:21,ATLANTIQUE,ST NAZAIRE,LOIREPARIS,FRSNR,14:07,FRJEE
8367,2023-08-14,NANTES,NON,8922,15:41,ATLANTIQUE,ANGERS ST LAUD,LOIREPARIS,FRACL,15:05,FRNTE
8368,2023-08-14,BORDEAUX ST JEAN,NON,8534,14:19,ATLANTIQUE,PARIS (intramuros),SUDOUESTPA,FRPMO,12:12,FRBOJ
8369,2023-08-14,ST JEAN DE LUZ CIBOURE,OUI,8534,10:14,ATLANTIQUE,BAYONNE,SUDOUESTPA,FRXBY,09:49,FRXJZ
8370,2023-08-14,LUXEMBOURG,OUI,2886,19:35,EST,METZ VILLE,LUXMETZPA,FRADE,18:47,LULUX
8371,2023-08-14,CANNES,OUI,6177,19:39,SUD EST,ANTIBES,PAAZUR,FRXAT,19:31,FRJCA
8372,2023-08-14,MARSEILLE ST CHARLES,NON,6177,19:58,SUD EST,NICE VILLE,PAAZUR,FRNIC,17:28,FRMSC
8373,2023-08-14,PARIS (intramuros),NON,6177,19:58,SUD EST,NICE VILLE,PAAZUR,FRNIC,14:10,FRPLY
8374,2023-08-14,PARIS (intramuros),NON,6177,19:39,SUD EST,ANTIBES,PAAZUR,FRXAT,14:10,FRPLY
8375,2023-08-14,ANTIBES,OUI,6177,19:58,SUD EST,NICE VILLE,PAAZUR,FRNIC,19:42,FRXAT
8376,2023-08-14,ST RAPHAEL VALESCURE,OUI,6177,19:39,SUD EST,ANTIBES,PAAZUR,FRXAT,19:04,FRXSK
8377,2023-08-14,DIJON VILLE,OUI,6766,22:04,SUD EST,PARIS (intramuros),BOURPA,FRPLY,20:27,FRABA
8378,2023-08-14,DOLE VILLE,OUI,6766,20:23,SUD EST,DIJON VILLE,BOURPA,FRABA,19:59,FRACE
8379,2023-08-14,ANGERS ST LAUD,NON,8973,12:45,ATLANTIQUE,LA ROCHE SUR YON,PARISLOIRE,FRXRO,11:16,FRACL
8380,2023-08-14,LE MANS,NON,8973,12:45,ATLANTIQUE,LA ROCHE SUR YON,PARISLOIRE,FRXRO,10:36,FRAET
8381,2023-08-14,PARIS (intramuros),NON,8973,12:45,ATLANTIQUE,LA ROCHE SUR YON,PARISLOIRE,FRXRO,09:36,FRPMO
8382,2023-08-14,NEVERS,OUI,5978,19:57,IC ARO,PARIS (intramuros),CLERMONTPA,FRPBE,18:00,FRNVS
8383,2023-08-14,RIOM CHATEL GUYON,OUI,5978,17:29,IC ARO,MOULINS SUR ALLIER,CLERMONTPA,FRXMU,16:42,FRRIO
8384,2023-08-14,VICHY,OUI,5978,19:57,IC ARO,PARIS (intramuros),CLERMONTPA,FRPBE,17:06,FRVHY
8385,2023-08-14,LE MANS,OUI,8911,09:34,ATLANTIQUE,ST NAZAIRE,PARISLOIRE,FRSNR,07:35,FRAET
8386,2023-08-14,MASSY TGV,OUI,8911,07:32,ATLANTIQUE,LE MANS,PARISLOIRE,FRAET,06:40,FRDJU
8387,2023-08-14,MASSY TGV,OUI,8911,09:47,ATLANTIQUE,PORNICHET,PARISLOIRE,FREGR,06:40,FRDJU
8388,2023-08-14,MASSY TGV,OUI,8911,10:00,ATLANTIQUE,LE POULIGUEN,PARISLOIRE,FREGS,06:40,FRDJU
8389,2023-08-14,PORNICHET,OUI,8911,09:53,ATLANTIQUE,LA BAULE ESCOUBLAC,PARISLOIRE,FRJEE,09:49,FREGR
8390,2023-08-14,NANTES,OUI,8911,10:09,ATLANTIQUE,LE CROISIC,PARISLOIRE,FREGU,09:00,FRNTE
8391,2023-08-14,PARIS (intramuros),OUI,8911,09:47,ATLANTIQUE,PORNICHET,PARISLOIRE,FREGR,06:28,FRPMO
8392,2023-08-14,PARIS (intramuros),OUI,8911,09:53,ATLANTIQUE,LA BAULE ESCOUBLAC,PARISLOIRE,FRJEE,06:28,FRPMO
8393,2023-08-14,ST NAZAIRE,OUI,8911,10:09,ATLANTIQUE,LE CROISIC,PARISLOIRE,FREGU,09:37,FRSNR
8394,2023-08-14,ST NAZAIRE,OUI,8911,09:53,ATLANTIQUE,LA BAULE ESCOUBLAC,PARISLOIRE,FRJEE,09:37,FRSNR
8395,2023-08-14,LYON (intramuros),OUI,5182,21:01,NORD,AEROPORT CDG2 TGV ROISSY,JCSUDNORD,FRMLW,19:00,FRLPD
8396,2023-08-14,MONTPELLIER SUD DE FRANCE,OUI,5182,18:05,NORD,VALENCE TGV RHONE-ALPES SUD,JCSUDNORD,FRVLA,17:05,FRSUF
8397,2023-08-14,MONTPELLIER SUD DE FRANCE,OUI,5182,21:01,NORD,AEROPORT CDG2 TGV ROISSY,JCSUDNORD,FRMLW,17:05,FRSUF
8398,2023-08-14,LILLE (intramuros),OUI,7052,17:14,NORD,PARIS (intramuros),LILLEPA,FRPNO,16:12,FRADJ
8399,2023-08-14,LYON (intramuros),OUI,6628,18:46,SUD EST,LE CREUSOT MONTCEAU MONTCHANIN,RHONEPARIS,FRXCC,18:04,FRLPD
8400,2023-08-14,PARIS (intramuros),OUI,7155,08:40,NORD,ARRAS,PAARRAS,FRQRV,07:52,FRPNO
8401,2023-08-14,DIJON VILLE,NON,2239,22:11,EST,ANTIBES,JCRHINRHON,FRXAT,16:20,FRABA
8402,2023-08-14,DIJON VILLE,NON,2239,21:34,EST,ST RAPHAEL VALESCURE,JCRHINRHON,FRXSK,16:20,FRABA
8403,2023-08-14,STRASBOURG,OUI,2239,14:02,EST,COLMAR,JCRHINRHON,FRAEJ,13:37,FRAEG
8404,2023-08-14,STRASBOURG,NON,2239,19:45,EST,MARSEILLE ST CHARLES,JCRHINRHON,FRMSC,13:37,FRAEG
8405,2023-08-14,STRASBOURG,OUI,2239,15:02,EST,BELFORT-MONTBELIARD TGV,JCRHINRHON,FRTJA,13:37,FRAEG
8406,2023-08-14,COLMAR,OUI,2239,14:29,EST,MULHOUSE VILLE,JCRHINRHON,FRAEK,14:05,FRAEJ
8407,2023-08-14,COLMAR,NON,2239,19:31,EST,AIX EN PROVENCE TGV,JCRHINRHON,FRAIE,14:05,FRAEJ
8408,2023-08-14,COLMAR,NON,2239,19:45,EST,MARSEILLE ST CHARLES,JCRHINRHON,FRMSC,14:05,FRAEJ
8409,2023-08-14,COLMAR,NON,2239,20:41,EST,TOULON,JCRHINRHON,FRTLN,14:05,FRAEJ
8410,2023-08-14,COLMAR,NON,2239,21:34,EST,ST RAPHAEL VALESCURE,JCRHINRHON,FRXSK,14:05,FRAEJ
8411,2023-08-14,MULHOUSE VILLE,NON,2239,19:45,EST,MARSEILLE ST CHARLES,JCRHINRHON,FRMSC,14:40,FRAEK
8412,2023-08-14,MULHOUSE VILLE,NON,2239,21:34,EST,ST RAPHAEL VALESCURE,JCRHINRHON,FRXSK,14:40,FRAEK
8413,2023-08-14,AIX EN PROVENCE TGV,NON,2239,21:59,EST,CANNES,JCRHINRHON,FRJCA,19:33,FRAIE
8414,2023-08-14,AIX EN PROVENCE TGV,NON,2239,22:30,EST,NICE VILLE,JCRHINRHON,FRNIC,19:33,FRAIE
8415,2023-08-14,AVIGNON TGV,NON,2239,21:17,EST,LES ARCS DRAGUIGNAN,JCRHINRHON,FRXRS,19:12,FRAVG
8416,2023-08-14,LYON (intramuros),NON,2239,20:41,EST,TOULON,JCRHINRHON,FRTLN,18:04,FRLPD
8417,2023-08-14,MARSEILLE ST CHARLES,NON,2239,22:11,EST,ANTIBES,JCRHINRHON,FRXAT,19:57,FRMSC
8418,2023-08-14,MARSEILLE ST CHARLES,NON,2239,21:17,EST,LES ARCS DRAGUIGNAN,JCRHINRHON,FRXRS,19:57,FRMSC
8419,2023-08-14,BELFORT-MONTBELIARD TGV,NON,2239,19:31,EST,AIX EN PROVENCE TGV,JCRHINRHON,FRAIE,15:06,FRTJA
8420,2023-08-14,BELFORT-MONTBELIARD TGV,NON,2239,15:29,EST,BESANCON - F COMTE TGV,JCRHINRHON,FRTJB,15:06,FRTJA
8421,2023-08-14,TOULON,OUI,2239,21:17,EST,LES ARCS DRAGUIGNAN,JCRHINRHON,FRXRS,20:45,FRTLN
8422,2023-08-14,TOULON,OUI,2239,21:34,EST,ST RAPHAEL VALESCURE,JCRHINRHON,FRXSK,20:45,FRTLN
8423,2023-08-14,LES ARCS DRAGUIGNAN,OUI,2239,21:34,EST,ST RAPHAEL VALESCURE,JCRHINRHON,FRXSK,21:20,FRXRS
8424,2023-08-14,BESANCON - F COMTE TGV,NON,2239,21:34,EST,ST RAPHAEL VALESCURE,JCRHINRHON,FRXSK,15:36,FRTJB
8425,2023-08-14,BESANCON - F COMTE TGV,NON,2239,21:59,EST,CANNES,JCRHINRHON,FRJCA,15:36,FRTJB
8426,2023-08-14,BELFORT-MONTBELIARD TGV,NON,2239,21:34,EST,ST RAPHAEL VALESCURE,JCRHINRHON,FRXSK,15:06,FRTJA
8427,2023-08-14,BELFORT-MONTBELIARD TGV,NON,2239,21:17,EST,LES ARCS DRAGUIGNAN,JCRHINRHON,FRXRS,15:06,FRTJA
8428,2023-08-14,BELFORT-MONTBELIARD TGV,NON,2239,22:30,EST,NICE VILLE,JCRHINRHON,FRNIC,15:06,FRTJA
8429,2023-08-14,MASSY TGV,NON,5382,14:50,SUD EST,LE MANS,JCSUDATL,FRAET,13:56,FRDJU
8430,2023-08-14,LYON (intramuros),NON,5382,13:51,SUD EST,MASSY TGV,JCSUDATL,FRDJU,11:50,FRLPD
8431,2023-08-14,BIARRITZ,OUI,8531,11:47,ATLANTIQUE,HENDAYE,PASUDOUEST,FRAEF,11:19,FRBIQ
8432,2023-08-14,PARIS (intramuros),NON,8531,11:47,ATLANTIQUE,HENDAYE,PASUDOUEST,FRAEF,07:08,FRPMO
8433,2023-08-14,PARIS (intramuros),NON,8531,09:15,ATLANTIQUE,BORDEAUX ST JEAN,PASUDOUEST,FRBOJ,07:08,FRPMO
8434,2023-08-14,AIX EN PROVENCE TGV,OUI,9854,08:20,NORD,LYON (intramuros),JCSUDNORD,FRLPD,06:49,FRAIE
8435,2023-08-14,AIX EN PROVENCE TGV,NON,9854,10:19,NORD,MARNE LA VALLEE CHESSY,JCSUDNORD,FRMLV,06:49,FRAIE
8436,2023-08-14,LILLE (intramuros),NON,9854,12:11,NORD,BRUXELLES MIDI BRUSSEL ZUID,JCSUDNORD,BEBMI,11:37,FRLLE
8437,2023-08-14,LYON (intramuros),NON,9854,10:32,NORD,AEROPORT CDG2 TGV ROISSY,JCSUDNORD,FRMLW,08:34,FRLPD
8438,2023-08-14,MARNE LA VALLEE CHESSY,NON,9854,10:32,NORD,AEROPORT CDG2 TGV ROISSY,JCSUDNORD,FRMLW,10:23,FRMLV
8439,2023-08-14,MARSEILLE ST CHARLES,OUI,9854,06:46,NORD,AIX EN PROVENCE TGV,JCSUDNORD,FRAIE,06:33,FRMSC
8440,2023-08-14,STRASBOURG,NON,9579,21:04,INTERNATIONAL,STUTTGART HBF,PASTUTMUN,DESGT,19:46,FRAEG
8441,2023-08-14,PARIS (intramuros),NON,9579,19:41,INTERNATIONAL,STRASBOURG,PASTUTMUN,FRAEG,17:55,FRPST
8442,2023-08-14,BEZIERS,OUI,6036,17:24,SUD EST,SETE,LANGPA,FRXSY,16:58,FRBZR
8443,2023-08-14,PERPIGNAN,NON,6036,21:18,SUD EST,PARIS (intramuros),LANGPA,FRPLY,16:05,FRPGF
8444,2023-08-14,PERPIGNAN,NON,6036,19:03,SUD EST,VALENCE TGV RHONE-ALPES SUD,LANGPA,FRVLA,16:05,FRPGF
8445,2023-08-14,AGDE,NON,6036,18:18,SUD EST,NIMES,LANGPA,FRFNI,17:11,FRXAG
8446,2023-08-14,AGDE,NON,6036,21:18,SUD EST,PARIS (intramuros),LANGPA,FRPLY,17:11,FRXAG
8447,2023-08-14,AGDE,NON,6036,19:03,SUD EST,VALENCE TGV RHONE-ALPES SUD,LANGPA,FRVLA,17:11,FRXAG
8448,2023-08-14,AGDE,OUI,6036,17:24,SUD EST,SETE,LANGPA,FRXSY,17:11,FRXAG
8449,2023-08-14,NARBONNE,OUI,6036,17:43,SUD EST,MONTPELLIER SAINT-ROCH,LANGPA,FRMPL,16:42,FRXNA
8450,2023-08-14,NARBONNE,NON,6036,21:18,SUD EST,PARIS (intramuros),LANGPA,FRPLY,16:42,FRXNA
8451,2023-08-14,NARBONNE,OUI,6036,17:08,SUD EST,AGDE,LANGPA,FRXAG,16:42,FRXNA
8452,2023-08-14,NARBONNE,OUI,6036,17:24,SUD EST,SETE,LANGPA,FRXSY,16:42,FRXNA
8453,2023-08-14,SETE,NON,6036,19:03,SUD EST,VALENCE TGV RHONE-ALPES SUD,LANGPA,FRVLA,17:27,FRXSY
8454,2023-08-14,LES AUBRAIS ORLEANS,NON,3737,07:22,IC NUIT,CARCASSONNE,PARPALOMBE,FRCCF,22:24,FRLAB
8455,2023-08-14,LES AUBRAIS ORLEANS,NON,3737,07:55,IC NUIT,LEZIGNAN-CORBIERES,PARPALOMBE,FRFUX,22:24,FRLAB
8456,2023-08-14,LES AUBRAIS ORLEANS,NON,3737,09:00,IC NUIT,PORT LA NOUVELLE,PARPALOMBE,FRILP,22:24,FRLAB
8457,2023-08-14,LES AUBRAIS ORLEANS,NON,3737,10:12,IC NUIT,BANYULS SUR MER,PARPALOMBE,FRXBU,22:24,FRLAB
8458,2023-08-14,LES AUBRAIS ORLEANS,NON,3737,10:20,IC NUIT,CERBERE,PARPALOMBE,FRXCE,22:24,FRLAB
8459,2023-08-14,LES AUBRAIS ORLEANS,NON,3737,10:00,IC NUIT,COLLIOURE,PARPALOMBE,FRXCU,22:24,FRLAB
8460,2023-08-14,PARIS (intramuros),NON,3737,09:00,IC NUIT,PORT LA NOUVELLE,PARPALOMBE,FRILP,20:41,FRPAZ
8461,2023-08-14,PARIS (intramuros),NON,3737,08:13,IC NUIT,NARBONNE,PARPALOMBE,FRXNA,20:41,FRPAZ
8462,2023-08-14,LES AUBRAIS ORLEANS,NON,3751,06:19,IC NUIT,MONTAUBAN VILLE BOURBON,PAVERMEIL,FRXMW,23:32,FRLAB
8463,2023-08-14,GUINGAMP,OUI,8691,13:10,ATLANTIQUE,LANNION,PARISBRETA,FRLAI,12:40,FRGGP
8464,2023-08-14,RENNES,NON,8691,12:37,ATLANTIQUE,GUINGAMP,PARISBRETA,FRGGP,11:34,FRRNS
8465,2023-08-14,GOURDON,NON,3750,06:50,IC NUIT,PARIS (intramuros),OCCITANPAR,FRPAZ,00:00,FRFSI
8466,2023-08-14,LE MANS,NON,5482,13:12,EST,STRASBOURG,JCATLEST,FRAEG,09:30,FRAET
8467,2023-08-14,LE MANS,NON,5482,10:55,EST,MARNE LA VALLEE CHESSY,JCATLEST,FRMLV,09:30,FRAET
8468,2023-08-14,MASSY TGV,NON,5482,12:32,EST,LORRAINE TGV,JCATLEST,FREAM,10:26,FRDJU
8469,2023-08-14,NANTES,NON,5482,13:12,EST,STRASBOURG,JCATLEST,FRAEG,08:03,FRNTE
8470,2023-08-14,CLERMONT FERRAND,NON,5962,11:57,IC ARO,PARIS (intramuros),CLERMONTPA,FRPBE,08:31,FRCFE
8471,2023-08-14,CLERMONT FERRAND,NON,5962,09:29,IC ARO,MOULINS SUR ALLIER,CLERMONTPA,FRXMU,08:31,FRCFE
8472,2023-08-14,NEVERS,NON,5962,11:57,IC ARO,PARIS (intramuros),CLERMONTPA,FRPBE,10:00,FRNVS
8473,2023-08-14,LAVAL,NON,9884,10:17,NORD,LILLE (intramuros),JCBRETNORD,FRLLE,06:52,FRACR
8474,2023-08-14,LE MANS,NON,9884,08:20,NORD,MASSY TGV,JCBRETNORD,FRDJU,07:30,FRAET
8475,2023-08-14,LE MANS,NON,9884,09:45,NORD,TGV HAUTE PICARDIE,JCBRETNORD,FRTHP,07:30,FRAET
8476,2023-08-14,LILLE (intramuros),OUI,9884,11:01,NORD,BRUXELLES MIDI BRUSSEL ZUID,JCBRETNORD,BEBMI,10:27,FRLLE
8477,2023-08-14,MARNE LA VALLEE CHESSY,NON,9884,09:10,NORD,AEROPORT CDG2 TGV ROISSY,JCBRETNORD,FRMLW,09:01,FRMLV
8478,2023-08-14,RENNES,NON,9884,09:10,NORD,AEROPORT CDG2 TGV ROISSY,JCBRETNORD,FRMLW,06:23,FRRNS
8479,2023-08-14,LE MANS,NON,9884,11:01,NORD,BRUXELLES MIDI BRUSSEL ZUID,JCBRETNORD,BEBMI,07:30,FRAET
8480,2023-08-14,LIMOGES BENEDICTINS,OUI,3655,20:35,IC ARO,UZERCHE,PALITO,FRAAW,19:55,FRAGQ
8481,2023-08-14,CHATEAUROUX,OUI,3655,21:04,IC ARO,BRIVE LA GAILLARDE,PALITO,FRBVE,18:44,FRCHR
8482,2023-08-14,ISSOUDUN,OUI,3655,19:52,IC ARO,LIMOGES BENEDICTINS,PALITO,FRAGQ,18:28,FRFMN
8483,2023-08-14,ST ETIENNE CHATEAUCREUX,OUI,6690,06:54,SUD EST,LYON (intramuros),RHONEPARIS,FRLPD,06:14,FRHHD
8484,2023-08-14,LYON (intramuros),OUI,6690,09:06,SUD EST,PARIS (intramuros),RHONEPARIS,FRPLY,07:04,FRLPD
8485,2023-08-14,ANGERS ST LAUD,NON,8912,10:23,ATLANTIQUE,LE MANS,LOIREPARIS,FRAET,09:44,FRACL
8486,2023-08-14,ANGERS ST LAUD,NON,8912,11:25,ATLANTIQUE,PARIS (intramuros),LOIREPARIS,FRPMO,09:44,FRACL
8487,2023-08-14,LE CROISIC,NON,8912,10:23,ATLANTIQUE,LE MANS,LOIREPARIS,FRAET,07:55,FREGU
8488,2023-08-14,LE CROISIC,OUI,8912,08:03,ATLANTIQUE,LA BAULE ESCOUBLAC,LOIREPARIS,FRJEE,07:55,FREGU
8489,2023-08-14,LA BAULE ESCOUBLAC,OUI,8912,08:59,ATLANTIQUE,NANTES,LOIREPARIS,FRNTE,08:07,FRJEE
8490,2023-08-14,NANTES,NON,8912,09:41,ATLANTIQUE,ANGERS ST LAUD,LOIREPARIS,FRACL,09:05,FRNTE
8491,2023-08-14,NANTES,NON,8912,10:23,ATLANTIQUE,LE MANS,LOIREPARIS,FRAET,09:05,FRNTE
8492,2023-08-14,ST NAZAIRE,NON,8912,11:25,ATLANTIQUE,PARIS (intramuros),LOIREPARIS,FRPMO,08:24,FRSNR
8493,2023-08-14,PARIS (intramuros),NON,9223,21:03,INTERNATIONAL,MULHOUSE VILLE,PABALZUR,FRAEK,18:22,FRPLY
8494,2023-08-14,REMIREMONT,OUI,2580,18:46,EST,PARIS (intramuros),NANCYPA,FRPST,15:58,FRRNT
8495,2023-08-14,ANGERS ST LAUD,NON,8913,11:54,ATLANTIQUE,NANTES,PARISLOIRE,FRNTE,11:16,FRACL
8496,2023-08-14,LE MANS,NON,8913,11:13,ATLANTIQUE,ANGERS ST LAUD,PARISLOIRE,FRACL,10:36,FRAET
8497,2023-08-14,NANTES,NON,8913,12:50,ATLANTIQUE,LA BAULE ESCOUBLAC,PARISLOIRE,FRJEE,12:00,FRNTE
8498,2023-08-14,ST NAZAIRE,OUI,8913,13:03,ATLANTIQUE,LE CROISIC,PARISLOIRE,FREGU,12:36,FRSNR
8499,2023-08-14,PERPIGNAN,NON,6258,15:51,SUD EST,VALENCE TGV RHONE-ALPES SUD,LANGPA,FRVLA,13:04,FRPGF
8500,2023-08-14,PERPIGNAN,NON,6258,14:25,SUD EST,SETE,LANGPA,FRXSY,13:04,FRPGF
8501,2023-08-14,AGDE,NON,6258,14:25,SUD EST,SETE,LANGPA,FRXSY,14:12,FRXAG
8502,2023-08-14,BEZIERS,NON,6258,14:43,SUD EST,MONTPELLIER SUD DE FRANCE,LANGPA,FRSUF,13:58,FRBZR
8503,2023-08-14,NIMES PONT DU GARD,NON,6258,15:51,SUD EST,VALENCE TGV RHONE-ALPES SUD,LANGPA,FRVLA,15:15,FRXZP
8504,2023-08-14,NIMES PONT DU GARD,NON,6258,18:12,SUD EST,PARIS (intramuros),LANGPA,FRPLY,15:15,FRXZP
8505,2023-08-14,NARBONNE,NON,6258,15:12,SUD EST,NIMES PONT DU GARD,LANGPA,FRXZP,13:42,FRXNA
8506,2023-08-14,AGDE,NON,6258,15:12,SUD EST,NIMES PONT DU GARD,LANGPA,FRXZP,14:12,FRXAG
8507,2023-08-14,STRASBOURG,OUI,9894,21:01,NORD,BRUXELLES MIDI BRUSSEL ZUID,JCESTNORD,BEBMI,17:01,FRAEG
8508,2023-08-14,AEROPORT CDG2 TGV ROISSY,OUI,9894,20:08,NORD,LILLE (intramuros),JCESTNORD,FRLLE,19:12,FRMLW
8509,2023-08-14,MEUSE TGV,OUI,9894,21:01,NORD,BRUXELLES MIDI BRUSSEL ZUID,JCESTNORD,BEBMI,18:09,FREAJ
8510,2023-08-14,MEUSE TGV,OUI,9894,19:38,NORD,TGV HAUTE PICARDIE,JCESTNORD,FRTHP,18:09,FREAJ
8511,2023-08-14,PARIS (intramuros),OUI,8321,20:45,ATLANTIQUE,TOURS,PAROCHELLE,FRAFW,19:28,FRPMO
8512,2023-08-14,FRANKFURT MAIN HBF,NON,9580,14:37,INTERNATIONAL,MANNHEIM HBF,FRANCMRS,DEMHG,13:56,DEFRH
8513,2023-08-14,FRANKFURT MAIN HBF,NON,9580,15:34,INTERNATIONAL,BADEN BADEN,FRANCMRS,DEZCC,13:56,DEFRH
8514,2023-08-14,BADEN BADEN,NON,9580,19:56,INTERNATIONAL,LYON (intramuros),FRANCMRS,FRLPD,15:35,DEZCC
8515,2023-08-14,BADEN BADEN,NON,9580,17:31,INTERNATIONAL,BELFORT-MONTBELIARD TGV,FRANCMRS,FRTJA,15:35,DEZCC
8516,2023-08-14,STRASBOURG,NON,9580,17:55,INTERNATIONAL,BESANCON - F COMTE TGV,FRANCMRS,FRTJB,16:15,FRAEG
8517,2023-08-14,STRASBOURG,NON,9580,18:53,INTERNATIONAL,CHALON SUR SAONE,FRANCMRS,FRXCD,16:15,FRAEG
8518,2023-08-14,AVIGNON TGV,NON,9580,21:34,INTERNATIONAL,AIX EN PROVENCE TGV,FRANCMRS,FRAIE,21:15,FRAVG
8519,2023-08-14,BELFORT-MONTBELIARD TGV,NON,9580,21:12,INTERNATIONAL,AVIGNON TGV,FRANCMRS,FRAVG,17:34,FRTJA
8520,2023-08-14,BELFORT-MONTBELIARD TGV,NON,9580,19:56,INTERNATIONAL,LYON (intramuros),FRANCMRS,FRLPD,17:34,FRTJA
8521,2023-08-14,BELFORT-MONTBELIARD TGV,NON,9580,21:48,INTERNATIONAL,MARSEILLE ST CHARLES,FRANCMRS,FRMSC,17:34,FRTJA
8522,2023-08-14,BESANCON - F COMTE TGV,NON,9580,21:12,INTERNATIONAL,AVIGNON TGV,FRANCMRS,FRAVG,17:58,FRTJB
8523,2023-08-14,BESANCON - F COMTE TGV,NON,9580,18:53,INTERNATIONAL,CHALON SUR SAONE,FRANCMRS,FRXCD,17:58,FRTJB
8524,2023-08-14,PARIS (intramuros),NON,6129,22:17,SUD EST,AVIGNON TGV,PAPROVENCE,FRAVG,19:38,FRPLY
8525,2023-08-14,AGEN,NON,4665,18:37,IC ARO,TOULOUSE MATABIAU,TJOURSOSE,FRXYT,17:32,FRAGF
8526,2023-08-14,BORDEAUX ST JEAN,NON,4665,17:30,IC ARO,AGEN,TJOURSOSE,FRAGF,16:28,FRBOJ
8527,2023-08-14,BORDEAUX ST JEAN,NON,4665,22:31,IC ARO,MARSEILLE ST CHARLES,TJOURSOSE,FRMSC,16:28,FRBOJ
8528,2023-08-14,BORDEAUX ST JEAN,NON,4665,18:09,IC ARO,MONTAUBAN VILLE BOURBON,TJOURSOSE,FRXMW,16:28,FRBOJ
8529,2023-08-14,MONTPELLIER SAINT-ROCH,OUI,4665,21:20,IC ARO,NIMES,TJOURSOSE,FRFNI,20:56,FRMPL
8530,2023-08-14,NARBONNE,OUI,4665,20:14,IC ARO,BEZIERS,TJOURSOSE,FRBZR,20:01,FRXNA
8531,2023-08-14,PARIS (intramuros),OUI,8367,20:37,ATLANTIQUE,LA ROCHELLE VILLE,PAROCHELLE,FRLRH,17:28,FRPMO
8532,2023-08-14,VENDOME VILLIERS SUR LOIR,OUI,8367,20:37,ATLANTIQUE,LA ROCHELLE VILLE,PAROCHELLE,FRLRH,18:15,FRESL
8533,2023-08-14,KARLSRUHE HBF,NON,9578,10:05,INTERNATIONAL,PARIS (intramuros),MUNSTUTPA,FRPST,07:32,DEQKA
8534,2023-08-14,STUTTGART HBF,NON,9578,07:30,INTERNATIONAL,KARLSRUHE HBF,MUNSTUTPA,DEQKA,06:52,DESGT
8535,2023-08-14,HENDAYE,NON,14142,12:09,IC SRO,PAU,SUDOUEST,FRAEE,10:19,FRAEF
8536,2023-08-14,BIARRITZ,NON,14142,14:27,IC SRO,TOULOUSE MATABIAU,SUDOUEST,FRXYT,10:40,FRBIQ
8537,2023-08-14,BAYONNE,NON,14142,14:27,IC SRO,TOULOUSE MATABIAU,SUDOUEST,FRXYT,11:02,FRXBY
8538,2023-08-14,ST JEAN DE LUZ CIBOURE,NON,14142,10:52,IC SRO,BAYONNE,SUDOUEST,FRXBY,10:30,FRXJZ
8539,2023-08-14,ST JEAN DE LUZ CIBOURE,NON,14142,14:27,IC SRO,TOULOUSE MATABIAU,SUDOUEST,FRXYT,10:30,FRXJZ
8540,2023-08-14,ORTHEZ,NON,14142,13:30,IC SRO,MONTREJEAU GOURDAN POLIGNAN,SUDOUEST,FRMTJ,11:48,FRGFI
8541,2023-08-14,DIJON VILLE,OUI,2204,19:09,EST,MULHOUSE VILLE,JCRHONRHIN,FRAEK,17:50,FRABA
8542,2023-08-14,MULHOUSE VILLE,OUI,2204,19:41,EST,COLMAR,JCRHONRHIN,FRAEJ,19:12,FRAEK
8543,2023-08-14,NIMES,NON,2204,18:44,EST,BELFORT-MONTBELIARD TGV,JCRHONRHIN,FRTJA,14:25,FRFNI
8544,2023-08-14,MACON VILLE,NON,2204,20:13,EST,STRASBOURG,JCRHONRHIN,FRAEG,16:41,FRHGU
8545,2023-08-14,MACON VILLE,NON,2204,19:09,EST,MULHOUSE VILLE,JCRHONRHIN,FRAEK,16:41,FRHGU
8546,2023-08-14,LYON (intramuros),NON,2204,17:40,EST,DIJON VILLE,JCRHONRHIN,FRABA,16:04,FRLPD
8547,2023-08-14,BESANCON - F COMTE TGV,OUI,2204,20:13,EST,STRASBOURG,JCRHONRHIN,FRAEG,18:22,FRTJB
8548,2023-08-14,VALENCE TGV RHONE-ALPES SUD,NON,2204,16:39,EST,MACON VILLE,JCRHONRHIN,FRHGU,15:12,FRVLA
8549,2023-08-14,BEZIERS,NON,9706,23:05,SUD EST,PARIS (intramuros),BARCELONEPA,FRPLY,18:59,FRBZR
8550,2023-08-14,BEZIERS,NON,9706,20:48,SUD EST,VALENCE TGV RHONE-ALPES SUD,BARCELONEPA,FRVLA,18:59,FRBZR
8551,2023-08-14,PERPIGNAN,NON,9706,18:56,SUD EST,BEZIERS,BARCELONEPA,FRBZR,18:04,FRPGF
8552,2023-08-14,PERPIGNAN,NON,9706,18:40,SUD EST,NARBONNE,BARCELONEPA,FRXNA,18:04,FRPGF
8553,2023-08-14,PERPIGNAN,NON,9706,19:27,SUD EST,SETE,BARCELONEPA,FRXSY,18:04,FRPGF
8554,2023-08-14,AGDE,NON,9706,23:05,SUD EST,PARIS (intramuros),BARCELONEPA,FRPLY,19:13,FRXAG
8555,2023-08-14,AGDE,NON,9706,20:48,SUD EST,VALENCE TGV RHONE-ALPES SUD,BARCELONEPA,FRVLA,19:13,FRXAG
8556,2023-08-14,NARBONNE,NON,9706,19:10,SUD EST,AGDE,BARCELONEPA,FRXAG,18:43,FRXNA
8557,2023-08-14,FIGUERES VILA TGV,NON,9706,17:32,SUD EST,PERPIGNAN,BARCELONEPA,FRPGF,17:08,ESFIR
8558,2023-08-14,AGDE,NON,9706,19:45,SUD EST,MONTPELLIER SUD DE FRANCE,BARCELONEPA,FRSUF,19:13,FRXAG
8559,2023-08-14,BARCELONA SANTS,NON,9706,20:48,SUD EST,VALENCE TGV RHONE-ALPES SUD,BARCELONEPA,FRVLA,16:10,ESBST
8560,2023-08-14,GIRONA,NON,9706,18:40,SUD EST,NARBONNE,BARCELONEPA,FRXNA,16:51,ESGRO
8561,2023-08-14,GIRONA,NON,9706,17:32,SUD EST,PERPIGNAN,BARCELONEPA,FRPGF,16:51,ESGRO
8562,2023-08-14,FIGUERES VILA TGV,NON,9706,20:48,SUD EST,VALENCE TGV RHONE-ALPES SUD,BARCELONEPA,FRVLA,17:08,ESFIR
8563,2023-08-14,FIGUERES VILA TGV,NON,9706,19:27,SUD EST,SETE,BARCELONEPA,FRXSY,17:08,ESFIR
8564,2023-08-14,LAVAL,OUI,5380,10:30,SUD EST,RENNES,JCSUDATL,FRRNS,10:05,FRACR
8565,2023-08-14,LE MANS,NON,5380,10:02,SUD EST,LAVAL,JCSUDATL,FRACR,09:33,FRAET
8566,2023-08-14,MASSY TGV,NON,5380,10:02,SUD EST,LAVAL,JCSUDATL,FRACR,08:39,FRDJU
8567,2023-08-14,LYON (intramuros),NON,5380,10:30,SUD EST,RENNES,JCSUDATL,FRRNS,06:30,FRLPD
8568,2023-08-14,VALLORBE,NON,9270,17:57,INTERNATIONAL,DOLE VILLE,SUISPA,FRACE,17:00,CHAGL
8569,2023-08-14,FRASNE,OUI,9270,17:57,INTERNATIONAL,DOLE VILLE,SUISPA,FRACE,17:15,FRFRA
8570,2023-08-14,DIJON VILLE,OUI,6705,13:22,SUD EST,BESANCON - F COMTE TGV,PABOUR,FRTJB,12:56,FRABA
8571,2023-08-14,PARIS (intramuros),NON,6705,13:22,SUD EST,BESANCON - F COMTE TGV,PABOUR,FRTJB,11:18,FRPLY
8572,2023-08-14,BESANCON - F COMTE TGV,OUI,6705,13:46,SUD EST,BELFORT-MONTBELIARD TGV,PABOUR,FRTJA,13:25,FRTJB
8573,2023-08-14,AGEN,NON,4663,16:09,IC ARO,MONTAUBAN VILLE BOURBON,TJOURSOSE,FRXMW,15:33,FRAGF
8574,2023-08-14,BORDEAUX ST JEAN,NON,4663,19:22,IC ARO,NIMES,TJOURSOSE,FRFNI,14:28,FRBOJ
8575,2023-08-14,BORDEAUX ST JEAN,NON,4663,20:36,IC ARO,MARSEILLE ST CHARLES,TJOURSOSE,FRMSC,14:28,FRBOJ
8576,2023-08-14,BORDEAUX ST JEAN,NON,4663,17:58,IC ARO,NARBONNE,TJOURSOSE,FRXNA,14:28,FRBOJ
8577,2023-08-14,BEZIERS,NON,4663,19:22,IC ARO,NIMES,TJOURSOSE,FRFNI,18:17,FRBZR
8578,2023-08-14,BEZIERS,NON,4663,20:36,IC ARO,MARSEILLE ST CHARLES,TJOURSOSE,FRMSC,18:17,FRBZR
8579,2023-08-14,MONTAUBAN VILLE BOURBON,NON,4663,19:22,IC ARO,NIMES,TJOURSOSE,FRFNI,16:11,FRXMW
8580,2023-08-14,MONTAUBAN VILLE BOURBON,NON,4663,20:36,IC ARO,MARSEILLE ST CHARLES,TJOURSOSE,FRMSC,16:11,FRXMW
8581,2023-08-14,NARBONNE,NON,4663,19:22,IC ARO,NIMES,TJOURSOSE,FRFNI,18:01,FRXNA
8582,2023-08-14,NARBONNE,NON,4663,18:54,IC ARO,MONTPELLIER SAINT-ROCH,TJOURSOSE,FRMPL,18:01,FRXNA
8583,2023-08-14,TOULOUSE MATABIAU,NON,4663,18:14,IC ARO,BEZIERS,TJOURSOSE,FRBZR,16:45,FRXYT
8584,2023-08-14,TOULOUSE MATABIAU,NON,4663,19:22,IC ARO,NIMES,TJOURSOSE,FRFNI,16:45,FRXYT
8585,2023-08-14,TOULOUSE MATABIAU,NON,4663,20:36,IC ARO,MARSEILLE ST CHARLES,TJOURSOSE,FRMSC,16:45,FRXYT
8586,2023-08-14,ANGERS ST LAUD,OUI,8117,12:54,ATLANTIQUE,NANTES,PARISLOIRE,FRNTE,12:16,FRACL
8587,2023-08-14,LE MANS,NON,8117,12:54,ATLANTIQUE,NANTES,PARISLOIRE,FRNTE,11:36,FRAET
8588,2023-08-14,DAX,OUI,8592,22:35,ATLANTIQUE,PAU,PASUDOUEST,FRAEE,21:46,FRACG
8589,2023-08-14,ORTHEZ,OUI,8592,22:35,ATLANTIQUE,PAU,PASUDOUEST,FRAEE,22:14,FRGFI
8590,2023-08-14,PARIS (intramuros),NON,8592,22:35,ATLANTIQUE,PAU,PASUDOUEST,FRAEE,18:07,FRPMO
8591,2023-08-14,PARIS (intramuros),NON,8592,22:12,ATLANTIQUE,ORTHEZ,PASUDOUEST,FRGFI,18:07,FRPMO
8592,2023-08-14,QUIMPERLE,OUI,8702,07:25,ATLANTIQUE,RENNES,BRETAPARIS,FRRNS,05:38,FRECO
8593,2023-08-14,LORIENT,NON,8702,09:08,ATLANTIQUE,PARIS (intramuros),BRETAPARIS,FRPMO,05:52,FRLRT
8594,2023-08-14,RENNES,NON,8702,09:08,ATLANTIQUE,PARIS (intramuros),BRETAPARIS,FRPMO,07:35,FRRNS
8595,2023-08-14,ROSPORDEN,OUI,8702,05:49,ATLANTIQUE,LORIENT,BRETAPARIS,FRLRT,05:23,FRRSP
8596,2023-08-14,QUIMPER,OUI,8702,07:25,ATLANTIQUE,RENNES,BRETAPARIS,FRRNS,05:09,FRUIP
8597,2023-08-14,QUIMPER,OUI,8702,06:07,ATLANTIQUE,AURAY,BRETAPARIS,FRXUY,05:09,FRUIP
8598,2023-08-14,VANNES,OUI,8702,07:25,ATLANTIQUE,RENNES,BRETAPARIS,FRRNS,06:23,FRVNE
8599,2023-08-14,REDON,OUI,8702,07:25,ATLANTIQUE,RENNES,BRETAPARIS,FRRNS,06:51,FRXRN
8600,2023-08-14,AURAY,OUI,8702,06:48,ATLANTIQUE,REDON,BRETAPARIS,FRXRN,06:10,FRXUY
8601,2023-08-14,NEVERS,OUI,5979,21:29,IC ARO,CLERMONT FERRAND,PACLERMONT,FRCFE,19:59,FRNVS
8602,2023-08-14,NEVERS,OUI,5979,20:28,IC ARO,MOULINS SUR ALLIER,PACLERMONT,FRXMU,19:59,FRNVS
8603,2023-08-14,BORDEAUX ST JEAN,NON,4657,14:37,IC ARO,MARSEILLE ST CHARLES,TJOURSOSE,FRMSC,08:28,FRBOJ
8604,2023-08-14,BORDEAUX ST JEAN,OUI,4657,09:04,IC ARO,MARMANDE,TJOURSOSE,FRXMR,08:28,FRBOJ
8605,2023-08-14,MARMANDE,NON,4657,13:22,IC ARO,NIMES,TJOURSOSE,FRFNI,09:06,FRXMR
8606,2023-08-14,MARMANDE,NON,4657,12:34,IC ARO,SETE,TJOURSOSE,FRXSY,09:06,FRXMR
8607,2023-08-14,MONTAUBAN VILLE BOURBON,NON,4657,12:54,IC ARO,MONTPELLIER SAINT-ROCH,TJOURSOSE,FRMPL,10:10,FRXMW
8608,2023-08-14,TOULOUSE MATABIAU,NON,4657,13:50,IC ARO,ARLES,TJOURSOSE,FRHZA,10:45,FRXYT
8609,2023-08-14,TOULOUSE MATABIAU,NON,4657,12:54,IC ARO,MONTPELLIER SAINT-ROCH,TJOURSOSE,FRMPL,10:45,FRXYT
8610,2023-08-14,TOULOUSE MATABIAU,NON,4657,12:34,IC ARO,SETE,TJOURSOSE,FRXSY,10:45,FRXYT
8611,2023-08-14,LYON (intramuros),NON,6620,14:46,SUD EST,LE CREUSOT MONTCEAU MONTCHANIN,RHONEPARIS,FRXCC,14:04,FRLPD
8612,2023-08-14,NANTES,OUI,8126,20:29,ATLANTIQUE,PARIS (intramuros),LOIREPARIS,FRPMO,18:05,FRNTE
8613,2023-08-14,SABLE SUR SARTHE,OUI,8126,20:29,ATLANTIQUE,PARIS (intramuros),LOIREPARIS,FRPMO,19:07,FRSAB
8614,2023-08-14,DIJON VILLE,OUI,9896,22:07,EST,STRASBOURG,JCRHONRHIN,FRAEG,19:49,FRABA
8615,2023-08-14,DIJON VILLE,OUI,9896,21:09,EST,MULHOUSE VILLE,JCRHONRHIN,FRAEK,19:49,FRABA
8616,2023-08-14,DIJON VILLE,OUI,9896,23:23,EST,THIONVILLE,JCRHONRHIN,FRXTH,19:49,FRABA
8617,2023-08-14,STRASBOURG,OUI,9896,23:49,EST,LUXEMBOURG,JCRHONRHIN,LULUX,22:14,FRAEG
8618,2023-08-14,AIX EN PROVENCE TGV,NON,9896,21:09,EST,MULHOUSE VILLE,JCRHONRHIN,FRAEK,16:11,FRAIE
8619,2023-08-14,AVIGNON TGV,NON,9896,20:16,EST,BESANCON - F COMTE TGV,JCRHONRHIN,FRTJB,16:33,FRAVG
8620,2023-08-14,LYON (intramuros),NON,9896,19:39,EST,DIJON VILLE,JCRHONRHIN,FRABA,18:00,FRLPD
8621,2023-08-14,LYON (intramuros),NON,9896,20:40,EST,BELFORT-MONTBELIARD TGV,JCRHONRHIN,FRTJA,18:00,FRLPD
8622,2023-08-14,LYON (intramuros),NON,9896,23:23,EST,THIONVILLE,JCRHONRHIN,FRXTH,18:00,FRLPD
8623,2023-08-14,LYON (intramuros),NON,9896,23:49,EST,LUXEMBOURG,JCRHONRHIN,LULUX,18:00,FRLPD
8624,2023-08-14,MARSEILLE ST CHARLES,NON,9896,16:30,EST,AVIGNON TGV,JCRHONRHIN,FRAVG,15:56,FRMSC
8625,2023-08-14,BELFORT-MONTBELIARD TGV,OUI,9896,23:02,EST,METZ VILLE,JCRHONRHIN,FRADE,20:45,FRTJA
8626,2023-08-14,BELFORT-MONTBELIARD TGV,OUI,9896,21:09,EST,MULHOUSE VILLE,JCRHONRHIN,FRAEK,20:45,FRTJA
8627,2023-08-14,BELFORT-MONTBELIARD TGV,OUI,9896,23:23,EST,THIONVILLE,JCRHONRHIN,FRXTH,20:45,FRTJA
8628,2023-08-14,BELFORT-MONTBELIARD TGV,OUI,9896,23:49,EST,LUXEMBOURG,JCRHONRHIN,LULUX,20:45,FRTJA
8629,2023-08-14,VALENCE TGV RHONE-ALPES SUD,NON,9896,20:40,EST,BELFORT-MONTBELIARD TGV,JCRHONRHIN,FRTJA,17:13,FRVLA
8630,2023-08-14,THIONVILLE,OUI,9896,23:49,EST,LUXEMBOURG,JCRHONRHIN,LULUX,23:26,FRXTH
8631,2023-08-14,DAX,OUI,8535,13:25,ATLANTIQUE,BIARRITZ,PASUDOUEST,FRBIQ,12:41,FRACG
8632,2023-08-14,BEZIERS,NON,4764,20:53,IC ARO,MARMANDE,TJOURSESO,FRXMR,17:47,FRBZR
8633,2023-08-14,CARCASSONNE,NON,4764,19:17,IC ARO,TOULOUSE MATABIAU,TJOURSESO,FRXYT,18:34,FRCCF
8634,2023-08-14,NIMES,NON,4764,17:03,IC ARO,MONTPELLIER SAINT-ROCH,TJOURSESO,FRMPL,16:38,FRFNI
8635,2023-08-14,NIMES,NON,4764,20:53,IC ARO,MARMANDE,TJOURSESO,FRXMR,16:38,FRFNI
8636,2023-08-14,NIMES,NON,4764,19:48,IC ARO,MONTAUBAN VILLE BOURBON,TJOURSESO,FRXMW,16:38,FRFNI
8637,2023-08-14,NIMES,NON,4764,18:01,IC ARO,NARBONNE,TJOURSESO,FRXNA,16:38,FRFNI
8638,2023-08-14,MARSEILLE ST CHARLES,NON,4764,18:32,IC ARO,CARCASSONNE,TJOURSESO,FRCCF,15:27,FRMSC
8639,2023-08-14,MARSEILLE ST CHARLES,NON,4764,19:48,IC ARO,MONTAUBAN VILLE BOURBON,TJOURSESO,FRXMW,15:27,FRMSC
8640,2023-08-14,MARSEILLE ST CHARLES,NON,4764,19:17,IC ARO,TOULOUSE MATABIAU,TJOURSESO,FRXYT,15:27,FRMSC
8641,2023-08-14,NARBONNE,NON,4764,20:53,IC ARO,MARMANDE,TJOURSESO,FRXMR,18:04,FRXNA
8642,2023-08-14,TOULOUSE MATABIAU,OUI,4764,19:48,IC ARO,MONTAUBAN VILLE BOURBON,TJOURSESO,FRXMW,19:24,FRXYT
8643,2023-08-14,CANNES,OUI,6188,09:44,SUD EST,TOULON,AZURPA,FRTLN,08:28,FRJCA
8644,2023-08-14,CANNES,OUI,6188,09:07,SUD EST,LES ARCS DRAGUIGNAN,AZURPA,FRXRS,08:28,FRJCA
8645,2023-08-14,MARSEILLE ST CHARLES,NON,6188,13:50,SUD EST,PARIS (intramuros),AZURPA,FRPLY,10:47,FRMSC
8646,2023-08-14,ANTIBES,OUI,6188,08:24,SUD EST,CANNES,AZURPA,FRJCA,08:14,FRXAT
8647,2023-08-14,ST RAPHAEL VALESCURE,NON,6188,10:33,SUD EST,MARSEILLE ST CHARLES,AZURPA,FRMSC,08:53,FRXSK
8648,2023-08-14,CHARLEVILLE MEZIERES,OUI,2730,13:45,EST,RETHEL,SEDBARPA,FRBDT,13:17,FRXCZ
8649,2023-08-14,CHARLEVILLE MEZIERES,OUI,2730,14:09,EST,REIMS,SEDBARPA,FRRHE,13:17,FRXCZ
8650,2023-08-14,SEDAN,NON,2730,15:01,EST,PARIS (intramuros),SEDBARPA,FRPST,12:53,FRXSW
8651,2023-08-14,BEZIERS,NON,4758,14:54,IC ARO,MARMANDE,TJOURSESO,FRXMR,11:47,FRBZR
8652,2023-08-14,CARCASSONNE,NON,4758,15:33,IC ARO,BORDEAUX ST JEAN,TJOURSESO,FRBOJ,12:34,FRCCF
8653,2023-08-14,NIMES,NON,4758,12:32,IC ARO,CARCASSONNE,TJOURSESO,FRCCF,10:38,FRFNI
8654,2023-08-14,NIMES,NON,4758,11:03,IC ARO,MONTPELLIER SAINT-ROCH,TJOURSESO,FRMPL,10:38,FRFNI
8655,2023-08-14,NIMES,NON,4758,13:17,IC ARO,TOULOUSE MATABIAU,TJOURSESO,FRXYT,10:38,FRFNI
8656,2023-08-14,MONTPELLIER SAINT-ROCH,NON,4758,11:44,IC ARO,BEZIERS,TJOURSESO,FRBZR,11:07,FRMPL
8657,2023-08-14,MARSEILLE ST CHARLES,NON,4758,15:33,IC ARO,BORDEAUX ST JEAN,TJOURSESO,FRBOJ,09:27,FRMSC
8658,2023-08-14,MARSEILLE ST CHARLES,NON,4758,13:17,IC ARO,TOULOUSE MATABIAU,TJOURSESO,FRXYT,09:27,FRMSC
8659,2023-08-14,PARIS (intramuros),OUI,8361,15:56,ATLANTIQUE,SURGERES,PAROCHELLE,FREIP,13:37,FRPMO
8660,2023-08-14,PARIS (intramuros),OUI,8361,15:35,ATLANTIQUE,NIORT,PAROCHELLE,FRNIT,13:37,FRPMO
8661,2023-08-14,BORDEAUX ST JEAN,NON,5260,09:41,NORD,AEROPORT CDG2 TGV ROISSY,JCAQUINORD,FRMLW,05:58,FRBOJ
8662,2023-08-14,BORDEAUX ST JEAN,OUI,5260,07:16,NORD,POITIERS,JCAQUINORD,FRPIS,05:58,FRBOJ
8663,2023-08-14,MASSY TGV,OUI,5260,09:41,NORD,AEROPORT CDG2 TGV ROISSY,JCAQUINORD,FRMLW,08:55,FRDJU
8664,2023-08-14,ST PIERRE DES CORPS,NON,5260,08:49,NORD,MASSY TGV,JCAQUINORD,FRDJU,07:54,FRXSH
8665,2023-08-14,ST PIERRE DES CORPS,NON,5260,09:27,NORD,MARNE LA VALLEE CHESSY,JCAQUINORD,FRMLV,07:54,FRXSH
8666,2023-08-14,PARIS (intramuros),NON,6611,12:56,SUD EST,LYON (intramuros),PARISRHONE,FRLPD,11:00,FRPLY
8667,2023-08-14,LYON (intramuros),OUI,6608,10:08,SUD EST,PARIS (intramuros),RHONEPARIS,FRPLY,08:04,FRLPD
8668,2023-08-14,LYON (intramuros),OUI,6608,08:46,SUD EST,LE CREUSOT MONTCEAU MONTCHANIN,RHONEPARIS,FRXCC,07:50,FRLPE
8669,2023-08-14,MODANE,NON,9251,19:49,INTERNATIONAL,MILANO P GARIBALDI,PAITALIE,ITMPG,17:00,FRAGR
8670,2023-08-14,MACON LOCHE TGV,NON,9251,17:28,INTERNATIONAL,OULX CESANA CLAV SESTRIERE,PAITALIE,ITOCS,14:20,FRMLT
8671,2023-08-14,PARIS (intramuros),NON,9251,18:15,INTERNATIONAL,TORINO PORTA SUSA,PAITALIE,ITTRS,12:46,FRPLY
8672,2023-08-14,ANGOULEME,NON,5444,16:27,EST,MARNE LA VALLEE CHESSY,JCATLEST,FRMLV,13:36,FRANG
8673,2023-08-14,BORDEAUX ST JEAN,NON,5444,18:37,EST,STRASBOURG,JCATLEST,FRAEG,12:58,FRBOJ
8674,2023-08-14,BORDEAUX ST JEAN,NON,5444,13:33,EST,ANGOULEME,JCATLEST,FRANG,12:58,FRBOJ
8675,2023-08-14,BORDEAUX ST JEAN,NON,5444,17:52,EST,LORRAINE TGV,JCATLEST,FREAM,12:58,FRBOJ
8676,2023-08-14,BORDEAUX ST JEAN,NON,5444,14:16,EST,POITIERS,JCATLEST,FRPIS,12:58,FRBOJ
8677,2023-08-14,BORDEAUX ST JEAN,NON,5444,14:50,EST,ST PIERRE DES CORPS,JCATLEST,FRXSH,12:58,FRBOJ
8678,2023-08-14,MASSY TGV,NON,5444,17:04,EST,CHAMPAGNE-ARDENNE,JCATLEST,FREAH,15:55,FRDJU
8679,2023-08-14,LORRAINE TGV,OUI,5444,18:37,EST,STRASBOURG,JCATLEST,FRAEG,18:00,FREAM
8680,2023-08-14,POITIERS,NON,5444,17:52,EST,LORRAINE TGV,JCATLEST,FREAM,14:19,FRPIS
8681,2023-08-14,POITIERS,NON,5444,14:50,EST,ST PIERRE DES CORPS,JCATLEST,FRXSH,14:19,FRPIS
8682,2023-08-14,ST PIERRE DES CORPS,NON,5444,18:37,EST,STRASBOURG,JCATLEST,FRAEG,14:54,FRXSH
8683,2023-08-14,ST PIERRE DES CORPS,NON,5444,15:49,EST,MASSY TGV,JCATLEST,FRDJU,14:54,FRXSH
8684,2023-08-14,POITIERS,OUI,8373,10:34,ATLANTIQUE,NIORT,PAROCHELLE,FRNIT,09:49,FRPIS
8685,2023-08-14,PAU,NON,14141,12:14,IC SRO,ORTHEZ,SUDOUEST,FRGFI,11:54,FRAEE
8686,2023-08-14,LOURDES,NON,14141,12:14,IC SRO,ORTHEZ,SUDOUEST,FRGFI,11:26,FRLDE
8687,2023-08-14,TARBES,NON,14141,12:14,IC SRO,ORTHEZ,SUDOUEST,FRGFI,11:09,FRXTB
8688,2023-08-14,TOULOUSE MATABIAU,NON,14141,13:00,IC SRO,BAYONNE,SUDOUEST,FRXBY,09:32,FRXYT
8689,2023-08-14,FRANKFURT MAIN HBF,NON,9552,13:38,INTERNATIONAL,MANNHEIM HBF,FRANCPA,DEMHG,12:56,DEFRH
8690,2023-08-14,KAISERSLAUTERN HBF,NON,9552,16:54,INTERNATIONAL,PARIS (intramuros),FRANCPA,FRPST,14:24,DEKLT
8691,2023-08-14,MANNHEIM HBF,NON,9552,15:02,INTERNATIONAL,SARREBRUCK/SAARBRUECKEN,FRANCPA,DESBK,13:42,DEMHG
8692,2023-08-14,BORDEAUX ST JEAN,NON,3858,20:58,IC SRO,LUCON,BORDONANTE,FRLCN,17:53,FRBOJ
8693,2023-08-14,BORDEAUX ST JEAN,NON,3858,20:15,IC SRO,LA ROCHELLE VILLE,BORDONANTE,FRLRH,17:53,FRBOJ
8694,2023-08-14,LUCON,NON,3858,22:05,IC SRO,NANTES,BORDONANTE,FRNTE,21:00,FRLCN
8695,2023-08-14,LUCON,NON,3858,21:22,IC SRO,LA ROCHE SUR YON,BORDONANTE,FRXRO,21:00,FRLCN
8696,2023-08-14,LA ROCHELLE VILLE,NON,3858,22:05,IC SRO,NANTES,BORDONANTE,FRNTE,20:19,FRLRH
8697,2023-08-14,LA ROCHELLE VILLE,NON,3858,21:22,IC SRO,LA ROCHE SUR YON,BORDONANTE,FRXRO,20:19,FRLRH
8698,2023-08-14,ROCHEFORT,NON,3858,21:22,IC SRO,LA ROCHE SUR YON,BORDONANTE,FRXRO,19:55,FRRCO
8699,2023-08-14,PARIS (intramuros),OUI,5771,09:06,IC NUIT,ANTIBES,PARAZUR,FRXAT,20:51,FRPAZ
8700,2023-08-14,PARIS (intramuros),OUI,5771,08:15,IC NUIT,LES ARCS DRAGUIGNAN,PARAZUR,FRXRS,20:51,FRPAZ
8701,2023-08-14,PARIS (intramuros),OUI,5771,08:32,IC NUIT,ST RAPHAEL VALESCURE,PARAZUR,FRXSK,20:51,FRPAZ
8702,2023-08-14,ANGERS ST LAUD,NON,4404,16:41,IC SRO,ST GERMAIN DES FOSSES,JOURNTELYN,FRSGF,12:33,FRACL
8703,2023-08-14,ANGERS ST LAUD,NON,4404,16:19,IC SRO,MOULINS SUR ALLIER,JOURNTELYN,FRXMU,12:33,FRACL
8704,2023-08-14,ANGERS ST LAUD,NON,4404,14:35,IC SRO,VIERZON VILLE,JOURNTELYN,FRXVZ,12:33,FRACL
8705,2023-08-14,SAUMUR,NON,4404,18:26,IC SRO,LYON (intramuros),JOURNTELYN,FRLPD,12:56,FRACN
8706,2023-08-14,NANTES,NON,4404,16:19,IC SRO,MOULINS SUR ALLIER,JOURNTELYN,FRXMU,11:51,FRNTE
8707,2023-08-14,NEVERS,NON,4404,17:20,IC SRO,ROANNE,JOURNTELYN,FRRNE,15:51,FRNVS
8708,2023-08-14,ROANNE,NON,4404,18:39,IC SRO,LYON (intramuros),JOURNTELYN,FRLPE,17:23,FRRNE
8709,2023-08-14,ST GERMAIN DES FOSSES,NON,4404,17:20,IC SRO,ROANNE,JOURNTELYN,FRRNE,16:43,FRSGF
8710,2023-08-14,MOULINS SUR ALLIER,NON,4404,18:26,IC SRO,LYON (intramuros),JOURNTELYN,FRLPD,16:21,FRXMU
8711,2023-08-14,ST PIERRE DES CORPS,NON,4404,14:56,IC SRO,BOURGES,JOURNTELYN,FRBOU,13:34,FRXSH
8712,2023-08-14,ST PIERRE DES CORPS,NON,4404,15:39,IC SRO,NEVERS,JOURNTELYN,FRNVS,13:34,FRXSH
8713,2023-08-14,ST PIERRE DES CORPS,NON,4404,16:19,IC SRO,MOULINS SUR ALLIER,JOURNTELYN,FRXMU,13:34,FRXSH
8714,2023-08-14,VIERZON VILLE,NON,4404,18:39,IC SRO,LYON (intramuros),JOURNTELYN,FRLPE,14:39,FRXVZ
8715,2023-08-14,VIERZON VILLE,NON,4404,16:41,IC SRO,ST GERMAIN DES FOSSES,JOURNTELYN,FRSGF,14:39,FRXVZ
8716,2023-08-14,LIMOGES BENEDICTINS,NON,3650,14:47,IC ARO,ARGENTON SUR CREUSE,TOULOUZECO,FRFMT,13:53,FRAGQ
8717,2023-08-14,LIMOGES BENEDICTINS,NON,3650,14:22,IC ARO,LA SOUTERRAINE,TOULOUZECO,FRLST,13:53,FRAGQ
8718,2023-08-14,LIMOGES BENEDICTINS,NON,3650,15:38,IC ARO,VIERZON VILLE,TOULOUZECO,FRXVZ,13:53,FRAGQ
8719,2023-08-14,BRIVE LA GAILLARDE,NON,3650,15:04,IC ARO,CHATEAUROUX,TOULOUZECO,FRCHR,12:48,FRBVE
8720,2023-08-14,BRIVE LA GAILLARDE,NON,3650,15:38,IC ARO,VIERZON VILLE,TOULOUZECO,FRXVZ,12:48,FRBVE
8721,2023-08-14,ARGENTON SUR CREUSE,NON,3650,15:04,IC ARO,CHATEAUROUX,TOULOUZECO,FRCHR,14:48,FRFMT
8722,2023-08-14,ARGENTON SUR CREUSE,NON,3650,17:19,IC ARO,PARIS (intramuros),TOULOUZECO,FRPAZ,14:48,FRFMT
8723,2023-08-14,GOURDON,OUI,3650,13:48,IC ARO,LIMOGES BENEDICTINS,TOULOUZECO,FRAGQ,12:02,FRFSI
8724,2023-08-14,CAUSSADE TARN ET GARONNE,NON,3650,16:18,IC ARO,LES AUBRAIS ORLEANS,TOULOUZECO,FRLAB,11:08,FRFTA
8725,2023-08-14,CAUSSADE TARN ET GARONNE,OUI,3650,12:17,IC ARO,SOUILLAC,TOULOUZECO,FRSOU,11:08,FRFTA
8726,2023-08-14,CAUSSADE TARN ET GARONNE,OUI,3650,11:33,IC ARO,CAHORS,TOULOUZECO,FRZAO,11:08,FRFTA
8727,2023-08-14,LA SOUTERRAINE,NON,3650,15:04,IC ARO,CHATEAUROUX,TOULOUZECO,FRCHR,14:24,FRLST
8728,2023-08-14,LA SOUTERRAINE,NON,3650,15:38,IC ARO,VIERZON VILLE,TOULOUZECO,FRXVZ,14:24,FRLST
8729,2023-08-14,SOUILLAC,OUI,3650,13:48,IC ARO,LIMOGES BENEDICTINS,TOULOUZECO,FRAGQ,12:19,FRSOU
8730,2023-08-14,MONTAUBAN VILLE BOURBON,NON,3650,14:47,IC ARO,ARGENTON SUR CREUSE,TOULOUZECO,FRFMT,10:55,FRXMW
8731,2023-08-14,MONTAUBAN VILLE BOURBON,OUI,3650,12:17,IC ARO,SOUILLAC,TOULOUZECO,FRSOU,10:55,FRXMW
8732,2023-08-14,MONTAUBAN VILLE BOURBON,NON,3650,15:38,IC ARO,VIERZON VILLE,TOULOUZECO,FRXVZ,10:55,FRXMW
8733,2023-08-14,MONTAUBAN VILLE BOURBON,OUI,3650,11:33,IC ARO,CAHORS,TOULOUZECO,FRZAO,10:55,FRXMW
8734,2023-08-14,VIERZON VILLE,NON,3650,16:18,IC ARO,LES AUBRAIS ORLEANS,TOULOUZECO,FRLAB,15:41,FRXVZ
8735,2023-08-14,TOULOUSE MATABIAU,OUI,3650,12:44,IC ARO,BRIVE LA GAILLARDE,TOULOUZECO,FRBVE,10:28,FRXYT
8736,2023-08-14,TOULOUSE MATABIAU,OUI,3650,11:07,IC ARO,CAUSSADE TARN ET GARONNE,TOULOUZECO,FRFTA,10:28,FRXYT
8737,2023-08-14,TOULOUSE MATABIAU,NON,3650,17:19,IC ARO,PARIS (intramuros),TOULOUZECO,FRPAZ,10:28,FRXYT
8738,2023-08-14,CAHORS,NON,3650,14:47,IC ARO,ARGENTON SUR CREUSE,TOULOUZECO,FRFMT,11:35,FRZAO
8739,2023-08-14,CAHORS,NON,3650,14:22,IC ARO,LA SOUTERRAINE,TOULOUZECO,FRLST,11:35,FRZAO
8740,2023-08-14,CANNES,NON,6850,17:44,SUD EST,AIX EN PROVENCE TGV,JCSUDPROV,FRAIE,15:09,FRJCA
8741,2023-08-14,MARSEILLE ST CHARLES,NON,6850,19:20,SUD EST,LYON (intramuros),JCSUDPROV,FRLPD,17:32,FRMSC
8742,2023-08-14,NICE VILLE,NON,6850,17:44,SUD EST,AIX EN PROVENCE TGV,JCSUDPROV,FRAIE,14:40,FRNIC
8743,2023-08-14,NICE VILLE,OUI,6850,15:05,SUD EST,CANNES,JCSUDPROV,FRJCA,14:40,FRNIC
8744,2023-08-14,TOULON,NON,6850,17:44,SUD EST,AIX EN PROVENCE TGV,JCSUDPROV,FRAIE,16:23,FRTLN
8745,2023-08-14,ANTIBES,NON,6850,17:44,SUD EST,AIX EN PROVENCE TGV,JCSUDPROV,FRAIE,14:56,FRXAT
8746,2023-08-14,ANTIBES,OUI,6850,15:05,SUD EST,CANNES,JCSUDPROV,FRJCA,14:56,FRXAT
8747,2023-08-14,ANTIBES,OUI,6850,16:19,SUD EST,TOULON,JCSUDPROV,FRTLN,14:56,FRXAT
8748,2023-08-14,ANTIBES,OUI,6850,15:31,SUD EST,ST RAPHAEL VALESCURE,JCSUDPROV,FRXSK,14:56,FRXAT
8749,2023-08-14,ST RAPHAEL VALESCURE,NON,6850,18:06,SUD EST,AVIGNON TGV,JCSUDPROV,FRAVG,15:34,FRXSK
8750,2023-08-14,ST RAPHAEL VALESCURE,NON,6850,19:20,SUD EST,LYON (intramuros),JCSUDPROV,FRLPD,15:34,FRXSK
8751,2023-08-14,MARSEILLE ST CHARLES,NON,5054,10:32,NORD,AEROPORT CDG2 TGV ROISSY,JCSUDNORD,FRMLW,06:33,FRMSC
8752,2023-08-14,DOLE VILLE,NON,9277,21:37,INTERNATIONAL,LAUSANNE,PASUIS,CHAJF,19:57,FRACE
8753,2023-08-14,PAU,NON,14151,16:18,IC SRO,ORTHEZ,SUDOUEST,FRGFI,15:57,FRAEE
8754,2023-08-14,ST GAUDENS,NON,14151,17:26,IC SRO,BAYONNE,SUDOUEST,FRXBY,14:28,FRFPH
8755,2023-08-14,ST GAUDENS,NON,14151,15:10,IC SRO,TARBES,SUDOUEST,FRXTB,14:28,FRFPH
8756,2023-08-14,TARBES,NON,14151,15:54,IC SRO,PAU,SUDOUEST,FRAEE,15:13,FRXTB
8757,2023-08-14,TOULOUSE MATABIAU,NON,14151,17:26,IC SRO,BAYONNE,SUDOUEST,FRXBY,13:34,FRXYT
8758,2023-08-14,UZERCHE,OUI,3614,06:33,IC ARO,LA SOUTERRAINE,TOULOUZECO,FRLST,05:24,FRAAW
8759,2023-08-14,ARGENTON SUR CREUSE,OUI,3614,07:14,IC ARO,CHATEAUROUX,TOULOUZECO,FRCHR,06:59,FRFMT
8760,2023-08-14,LA SOUTERRAINE,OUI,3614,06:58,IC ARO,ARGENTON SUR CREUSE,TOULOUZECO,FRFMT,06:35,FRLST
8761,2023-08-14,DIJON VILLE,OUI,2096,21:09,EST,MULHOUSE VILLE,JCRHONRHIN,FRAEK,19:49,FRABA
8762,2023-08-14,DIJON VILLE,OUI,2096,20:40,EST,BELFORT-MONTBELIARD TGV,JCRHONRHIN,FRTJA,19:49,FRABA
8763,2023-08-14,LYON (intramuros),NON,2096,22:07,EST,STRASBOURG,JCRHONRHIN,FRAEG,18:00,FRLPD
8764,2023-08-14,MARSEILLE ST CHARLES,NON,2096,19:39,EST,DIJON VILLE,JCRHONRHIN,FRABA,15:56,FRMSC
8765,2023-08-14,MARSEILLE ST CHARLES,OUI,2096,16:08,EST,AIX EN PROVENCE TGV,JCRHONRHIN,FRAIE,15:56,FRMSC
8766,2023-08-14,BELFORT-MONTBELIARD TGV,OUI,2096,22:07,EST,STRASBOURG,JCRHONRHIN,FRAEG,20:45,FRTJA
8767,2023-08-14,BELFORT-MONTBELIARD TGV,OUI,2096,21:09,EST,MULHOUSE VILLE,JCRHONRHIN,FRAEK,20:45,FRTJA
8768,2023-08-14,PARIS (intramuros),OUI,8375,11:59,ATLANTIQUE,SURGERES,PAROCHELLE,FREIP,09:12,FRPMO
8769,2023-08-14,ST PIERRE DES CORPS,OUI,8375,11:38,ATLANTIQUE,NIORT,PAROCHELLE,FRNIT,10:16,FRXSH
8770,2023-08-14,PARIS (intramuros),NON,2743,16:14,EST,REIMS,PABARSED,FRRHE,15:28,FRPST
8771,2023-08-14,DOLE VILLE,NON,9269,14:57,INTERNATIONAL,VALLORBE,PASUIS,CHAGL,14:00,FRACE
8772,2023-08-14,FRASNE,NON,9269,15:37,INTERNATIONAL,LAUSANNE,PASUIS,CHAJF,14:44,FRFRA
8773,2023-08-14,PARIS (intramuros),NON,9269,13:31,INTERNATIONAL,DIJON VILLE,PASUIS,FRABA,11:56,FRPLY
8774,2023-08-14,BAYONNE,OUI,8530,08:20,ATLANTIQUE,DAX,SUDOUESTPA,FRACG,07:50,FRXBY
8775,2023-08-14,ST JEAN DE LUZ CIBOURE,OUI,8530,08:20,ATLANTIQUE,DAX,SUDOUESTPA,FRACG,07:22,FRXJZ
8776,2023-08-14,ST JEAN DE LUZ CIBOURE,NON,8530,09:40,ATLANTIQUE,BORDEAUX ST JEAN,SUDOUESTPA,FRBOJ,07:22,FRXJZ
8777,2023-08-14,BELLEGARDE,NON,9780,19:49,INTERNATIONAL,BOURG EN BRESSE,GENEVEPA,FRXBK,19:02,FRXBF
8778,2023-08-14,BOURG EN BRESSE,NON,9780,21:42,INTERNATIONAL,PARIS (intramuros),GENEVEPA,FRPLY,19:52,FRXBK
8779,2023-08-14,LYON (intramuros),NON,5386,18:34,SUD EST,MASSY TGV,JCSUDATL,FRDJU,16:30,FRLPD
8780,2023-08-14,LAVAL,NON,8081,09:38,ATLANTIQUE,DOL DE BRETAGNE,PARISBRETA,FRDOL,08:22,FRACR
8781,2023-08-14,LAVAL,NON,8081,09:54,ATLANTIQUE,ST MALO,PARISBRETA,FRXSB,08:22,FRACR
8782,2023-08-14,RENNES,OUI,8081,09:54,ATLANTIQUE,ST MALO,PARISBRETA,FRXSB,09:07,FRRNS
8783,2023-08-14,DOLE VILLE,OUI,9261,10:42,INTERNATIONAL,FRASNE,PASUIS,FRFRA,10:00,FRACE
8784,2023-08-14,CLERMONT FERRAND,NON,15941,19:32,IC SRO,BEZIERS,NORESTJOU,FRBZR,13:03,FRCFE
8785,2023-08-14,ST CHELY D'APCHER,NON,15941,15:49,IC SRO,AUMONT AUBRAC,NORESTJOU,FRINC,15:37,FRINB
8786,2023-08-14,ST FLOUR CHAUDES AIGUES,NON,15941,19:32,IC SRO,BEZIERS,NORESTJOU,FRBZR,14:57,FRIMW
8787,2023-08-14,ISSOIRE,NON,15941,14:08,IC SRO,MASSIAC BLESLE,NORESTJOU,FRHMY,13:29,FRHLB
8788,2023-08-14,ST ROME DE CERNON,NON,15941,19:32,IC SRO,BEZIERS,NORESTJOU,FRBZR,17:56,FRINN
8789,2023-08-14,CLERMONT FERRAND,NON,15941,15:49,IC SRO,AUMONT AUBRAC,NORESTJOU,FRINC,13:03,FRCFE
8790,2023-08-14,MARVEJOLS,NON,15941,17:35,IC SRO,MILLAU,NORESTJOU,FRMAU,16:14,FRINE
8791,2023-08-14,ST CHELY D'APCHER,NON,15941,16:35,IC SRO,BANASSAC LA CANOURGUE,NORESTJOU,FRINH,15:37,FRINB
8792,2023-08-14,MILLAU,NON,15941,18:57,IC SRO,BEDARIEUX,NORESTJOU,FRIMH,17:38,FRMAU
8793,2023-08-14,ST CHELY D'APCHER,NON,15941,17:01,IC SRO,SEVERAC LE CHATEAU,NORESTJOU,FRSVC,15:37,FRINB
8794,2023-08-14,ST FLOUR CHAUDES AIGUES,NON,15941,17:01,IC SRO,SEVERAC LE CHATEAU,NORESTJOU,FRSVC,14:57,FRIMW
8795,2023-08-14,BANASSAC LA CANOURGUE,NON,15941,17:35,IC SRO,MILLAU,NORESTJOU,FRMAU,16:36,FRINH
8796,2023-08-14,CLERMONT FERRAND,NON,15941,18:27,IC SRO,CEILHES ROQUEREDONDE,NORESTJOU,FRIMC,13:03,FRCFE
8797,2023-08-14,CLERMONT FERRAND,NON,15941,19:17,IC SRO,MAGALAS,NORESTJOU,FRIMK,13:03,FRCFE
8798,2023-08-14,ST CHELY D'APCHER,NON,15941,18:57,IC SRO,BEDARIEUX,NORESTJOU,FRIMH,15:37,FRINB
8799,2023-08-14,TOURNEMIRE ROQUEFORT,NON,15941,18:57,IC SRO,BEDARIEUX,NORESTJOU,FRIMH,18:04,FRINO
8800,2023-08-14,BANASSAC LA CANOURGUE,NON,15941,16:49,IC SRO,CAMPAGNAC ST GENIEZ,NORESTJOU,FRINJ,16:36,FRINH
8801,2023-08-14,BRASSAC LES MINES STE FLORINE,NON,15941,19:17,IC SRO,MAGALAS,NORESTJOU,FRIMK,13:43,FRHLE
8802,2023-08-14,ST FLOUR CHAUDES AIGUES,NON,15941,18:27,IC SRO,CEILHES ROQUEREDONDE,NORESTJOU,FRIMC,14:57,FRIMW
8803,2023-08-14,ST ROME DE CERNON,NON,15941,18:46,IC SRO,LE BOUSQUET D'ORB,NORESTJOU,FRIMG,17:56,FRINN
8804,2023-08-14,ISSOIRE,NON,15941,16:49,IC SRO,CAMPAGNAC ST GENIEZ,NORESTJOU,FRINJ,13:29,FRHLB
8805,2023-08-14,BANASSAC LA CANOURGUE,NON,15941,18:57,IC SRO,BEDARIEUX,NORESTJOU,FRIMH,16:36,FRINH
8806,2023-08-14,MASSIAC BLESLE,NON,15941,17:35,IC SRO,MILLAU,NORESTJOU,FRMAU,14:09,FRHMY
8807,2023-08-14,CAMPAGNAC ST GENIEZ,NON,15941,17:35,IC SRO,MILLAU,NORESTJOU,FRMAU,16:50,FRINJ
8808,2023-08-14,ST FLOUR CHAUDES AIGUES,NON,15941,18:46,IC SRO,LE BOUSQUET D'ORB,NORESTJOU,FRIMG,14:57,FRIMW
8809,2023-08-14,MASSIAC BLESLE,NON,15941,17:55,IC SRO,ST ROME DE CERNON,NORESTJOU,FRINN,14:09,FRHMY
8810,2023-08-14,CEILHES ROQUEREDONDE,NON,15941,18:57,IC SRO,BEDARIEUX,NORESTJOU,FRIMH,18:28,FRIMC
8811,2023-08-14,CEILHES ROQUEREDONDE,NON,15941,18:46,IC SRO,LE BOUSQUET D'ORB,NORESTJOU,FRIMG,18:28,FRIMC
8812,2023-08-14,ST FLOUR CHAUDES AIGUES,NON,15941,17:48,IC SRO,ST GEORGES DE LUZENCON,NORESTJOU,FRINM,14:57,FRIMW
8813,2023-08-14,NEUSSARGUES,NON,15941,17:48,IC SRO,ST GEORGES DE LUZENCON,NORESTJOU,FRINM,14:36,FRNEU
8814,2023-08-14,CAMPAGNAC ST GENIEZ,NON,15941,17:48,IC SRO,ST GEORGES DE LUZENCON,NORESTJOU,FRINM,16:50,FRINJ
8815,2023-08-14,MASSIAC BLESLE,NON,15941,16:13,IC SRO,MARVEJOLS,NORESTJOU,FRINE,14:09,FRHMY
8816,2023-08-14,BANASSAC LA CANOURGUE,NON,15941,18:46,IC SRO,LE BOUSQUET D'ORB,NORESTJOU,FRIMG,16:36,FRINH
8817,2023-08-14,ARVANT,NON,15941,18:03,IC SRO,TOURNEMIRE ROQUEFORT,NORESTJOU,FRINO,13:49,FRARV
8818,2023-08-14,ISSOIRE,NON,15941,18:27,IC SRO,CEILHES ROQUEREDONDE,NORESTJOU,FRIMC,13:29,FRHLB
8819,2023-08-14,BANASSAC LA CANOURGUE,NON,15941,19:17,IC SRO,MAGALAS,NORESTJOU,FRIMK,16:36,FRINH
8820,2023-08-14,MASSIAC BLESLE,NON,15941,19:17,IC SRO,MAGALAS,NORESTJOU,FRIMK,14:09,FRHMY
8821,2023-08-14,LE MONASTIER,NON,15941,16:35,IC SRO,BANASSAC LA CANOURGUE,NORESTJOU,FRINH,16:22,FRLMR
8822,2023-08-14,AUMONT AUBRAC,NON,15941,16:21,IC SRO,LE MONASTIER,NORESTJOU,FRLMR,15:50,FRINC
8823,2023-08-14,LYON (intramuros),OUI,6612,10:45,SUD EST,LE CREUSOT MONTCEAU MONTCHANIN,RHONEPARIS,FRXCC,10:04,FRLPD
8824,2023-08-14,DAX,NON,8542,17:39,ATLANTIQUE,BORDEAUX ST JEAN,SUDOUESTPA,FRBOJ,16:21,FRACG
8825,2023-08-14,HENDAYE,OUI,8542,15:29,ATLANTIQUE,BIARRITZ,SUDOUESTPA,FRBIQ,15:07,FRAEF
8826,2023-08-14,BORDEAUX ST JEAN,NON,8542,19:52,ATLANTIQUE,PARIS (intramuros),SUDOUESTPA,FRPMO,17:47,FRBOJ
8827,2023-08-14,ST JEAN DE LUZ CIBOURE,OUI,8542,15:44,ATLANTIQUE,BAYONNE,SUDOUESTPA,FRXBY,15:19,FRXJZ
8828,2023-08-14,ANGERS ST LAUD,OUI,8123,16:51,ATLANTIQUE,NANTES,PARISLOIRE,FRNTE,16:13,FRACL
8829,2023-08-14,GENEVE,NON,9768,11:49,INTERNATIONAL,BOURG EN BRESSE,GENEVEPA,FRXBK,10:29,CHGVA
8830,2023-08-14,BOURG EN BRESSE,NON,9768,13:42,INTERNATIONAL,PARIS (intramuros),GENEVEPA,FRPLY,11:52,FRXBK
8831,2023-08-14,CLERMONT FERRAND,NON,5970,14:58,IC ARO,NEVERS,CLERMONTPA,FRNVS,13:31,FRCFE
8832,2023-08-14,AVIGNON TGV,NON,6801,11:06,SUD EST,NICE VILLE,JCPROVSUD,FRNIC,07:38,FRAVG
8833,2023-08-14,MARSEILLE ST CHARLES,NON,6801,10:35,SUD EST,CANNES,JCPROVSUD,FRJCA,08:28,FRMSC
8834,2023-08-14,TOULON,NON,6801,10:47,SUD EST,ANTIBES,JCPROVSUD,FRXAT,09:15,FRTLN
8835,2023-08-14,TOULON,NON,6801,09:49,SUD EST,LES ARCS DRAGUIGNAN,JCPROVSUD,FRXRS,09:15,FRTLN
8836,2023-08-14,VALENCE TGV RHONE-ALPES SUD,NON,6801,08:14,SUD EST,MARSEILLE ST CHARLES,JCPROVSUD,FRMSC,07:00,FRVLA
8837,2023-08-14,VALENCE TGV RHONE-ALPES SUD,NON,6801,10:47,SUD EST,ANTIBES,JCPROVSUD,FRXAT,07:00,FRVLA
8838,2023-08-14,VALENCE TGV RHONE-ALPES SUD,NON,6801,09:49,SUD EST,LES ARCS DRAGUIGNAN,JCPROVSUD,FRXRS,07:00,FRVLA
8839,2023-08-14,VALENCE TGV RHONE-ALPES SUD,NON,6801,10:06,SUD EST,ST RAPHAEL VALESCURE,JCPROVSUD,FRXSK,07:00,FRVLA
8840,2023-08-14,ANTIBES,OUI,6801,11:06,SUD EST,NICE VILLE,JCPROVSUD,FRNIC,10:50,FRXAT
8841,2023-08-14,AIX EN PROVENCE TGV,OUI,6123,20:56,SUD EST,MARSEILLE ST CHARLES,PAPROVENCE,FRMSC,20:44,FRAIE
8842,2023-08-14,PARIS (intramuros),NON,6123,20:41,SUD EST,AIX EN PROVENCE TGV,PAPROVENCE,FRAIE,17:38,FRPLY
8843,2023-08-14,PARIS (intramuros),NON,6123,20:17,SUD EST,AVIGNON TGV,PAPROVENCE,FRAVG,17:38,FRPLY
8844,2023-08-14,PARIS (intramuros),OUI,6133,00:01,SUD EST,MARSEILLE ST CHARLES,PAPROVENCE,FRMSC,20:38,FRPLY
8845,2023-08-14,CHAMBERY CHALLES LES EAUX,NON,6978,17:38,SUD EST,MACON LOCHE TGV,ALPESPARIS,FRMLT,16:23,FRCMF
8846,2023-08-14,CHAMBERY CHALLES LES EAUX,NON,6978,19:14,SUD EST,PARIS (intramuros),ALPESPARIS,FRPLY,16:23,FRCMF
8847,2023-08-14,MACON LOCHE TGV,NON,6978,19:14,SUD EST,PARIS (intramuros),ALPESPARIS,FRPLY,17:41,FRMLT
8848,2023-08-14,FRANKFURT MAIN HBF,NON,9560,17:36,INTERNATIONAL,MANNHEIM HBF,FRANCPA,DEMHG,16:56,DEFRH
8849,2023-08-14,LYON (intramuros),NON,5351,10:39,SUD EST,ANGERS ST LAUD,JCSUDATL,FRACL,06:16,FRLPE
8850,2023-08-14,ST PIERRE DES CORPS,NON,5351,10:39,SUD EST,ANGERS ST LAUD,JCSUDATL,FRACL,09:47,FRXSH
8851,2023-08-14,BEZIERS,NON,6252,12:50,SUD EST,VALENCE TGV RHONE-ALPES SUD,LANGPA,FRVLA,10:59,FRBZR
8852,2023-08-14,BEZIERS,NON,6252,11:27,SUD EST,SETE,LANGPA,FRXSY,10:59,FRBZR
8853,2023-08-14,PERPIGNAN,NON,6252,12:50,SUD EST,VALENCE TGV RHONE-ALPES SUD,LANGPA,FRVLA,10:04,FRPGF
8854,2023-08-14,PERPIGNAN,NON,6252,11:27,SUD EST,SETE,LANGPA,FRXSY,10:04,FRPGF
8855,2023-08-14,NARBONNE,NON,6252,11:27,SUD EST,SETE,LANGPA,FRXSY,10:42,FRXNA
8856,2023-08-14,MONTPELLIER SUD DE FRANCE,NON,6252,15:04,SUD EST,PARIS (intramuros),LANGPA,FRPLY,11:52,FRSUF
8857,2023-08-14,AGDE,NON,6252,11:46,SUD EST,MONTPELLIER SUD DE FRANCE,LANGPA,FRSUF,11:13,FRXAG
8858,2023-08-14,NIMES PONT DU GARD,NON,6252,12:50,SUD EST,VALENCE TGV RHONE-ALPES SUD,LANGPA,FRVLA,12:14,FRXZP
8859,2023-08-14,PARIS (intramuros),NON,7265,12:51,NORD,DUNKERQUE,PAARRAS,FRADI,10:52,FRPNO
8860,2023-08-14,PARIS (intramuros),NON,7265,11:41,NORD,ARRAS,PAARRAS,FRQRV,10:52,FRPNO
8861,2023-08-14,AGEN,NON,4756,13:32,IC ARO,BORDEAUX ST JEAN,TJOURSESO,FRBOJ,12:28,FRAGF
8862,2023-08-14,CARCASSONNE,NON,4756,11:49,IC ARO,MONTAUBAN VILLE BOURBON,TJOURSESO,FRXMW,10:34,FRCCF
8863,2023-08-14,ARLES,OUI,4756,08:35,IC ARO,NIMES,TJOURSESO,FRFNI,08:11,FRHZA
8864,2023-08-14,ARLES,NON,4756,09:21,IC ARO,SETE,TJOURSESO,FRXSY,08:11,FRHZA
8865,2023-08-14,MONTPELLIER SAINT-ROCH,NON,4756,10:32,IC ARO,CARCASSONNE,TJOURSESO,FRCCF,09:07,FRMPL
8866,2023-08-14,MONTPELLIER SAINT-ROCH,NON,4756,11:49,IC ARO,MONTAUBAN VILLE BOURBON,TJOURSESO,FRXMW,09:07,FRMPL
8867,2023-08-14,NARBONNE,NON,4756,10:32,IC ARO,CARCASSONNE,TJOURSESO,FRCCF,10:04,FRXNA
8868,2023-08-14,NARBONNE,NON,4756,11:16,IC ARO,TOULOUSE MATABIAU,TJOURSESO,FRXYT,10:04,FRXNA
8869,2023-08-14,ST ETIENNE CHATEAUCREUX,OUI,6692,07:28,SUD EST,LYON (intramuros),RHONEPARIS,FRLPD,06:42,FRHHD
8870,2023-08-14,ST ETIENNE CHATEAUCREUX,OUI,6692,09:30,SUD EST,PARIS (intramuros),RHONEPARIS,FRPLY,06:42,FRHHD
8871,2023-08-14,ANGERS ST LAUD,NON,8977,17:14,ATLANTIQUE,LES SABLES D'OLONNE,PARISLOIRE,FRLSO,15:19,FRACL
8872,2023-08-14,ANGERS ST LAUD,NON,8977,15:55,ATLANTIQUE,NANTES,PARISLOIRE,FRNTE,15:19,FRACL
8873,2023-08-14,PARIS (intramuros),NON,8977,14:52,ATLANTIQUE,SABLE SUR SARTHE,PARISLOIRE,FRSAB,13:32,FRPMO
8874,2023-08-14,ZUERICH HB,NON,9218,12:28,INTERNATIONAL,BASEL SBB,ZURBALPA,CHAJP,11:34,CHAJD
8875,2023-08-14,BASEL SBB,NON,9218,15:38,INTERNATIONAL,PARIS (intramuros),ZURBALPA,FRPLY,12:34,CHAJP
8876,2023-08-14,LE CREUSOT MONTCEAU MONTCHANIN,OUI,6601,07:56,SUD EST,LYON (intramuros),PARISRHONE,FRLPD,07:10,FRXCC
8877,2023-08-14,ST JEAN DE MAURIENNE ARVAN,NON,9240,11:40,INTERNATIONAL,MACON LOCHE TGV,ITALIEPA,FRMLT,09:37,FRHPN
8878,2023-08-14,ST JEAN DE MAURIENNE ARVAN,NON,9240,13:14,INTERNATIONAL,PARIS (intramuros),ITALIEPA,FRPLY,09:37,FRHPN
8879,2023-08-14,MILANO P GARIBALDI,NON,9240,10:15,INTERNATIONAL,CHAMBERY CHALLES LES EAUX,ITALIEPA,FRCMF,06:00,ITMPG
8880,2023-08-14,DIJON VILLE,NON,5537,19:10,EST,AVIGNON TGV,JCRHINRHON,FRAVG,16:20,FRABA
8881,2023-08-14,DIJON VILLE,NON,5537,17:56,EST,LYON (intramuros),JCRHINRHON,FRLPD,16:20,FRABA
8882,2023-08-14,DIJON VILLE,NON,5537,20:41,EST,TOULON,JCRHINRHON,FRTLN,16:20,FRABA
8883,2023-08-14,STRASBOURG,NON,5537,16:04,EST,DIJON VILLE,JCRHINRHON,FRABA,13:37,FRAEG
8884,2023-08-14,STRASBOURG,NON,5537,19:10,EST,AVIGNON TGV,JCRHINRHON,FRAVG,13:37,FRAEG
8885,2023-08-14,STRASBOURG,NON,5537,21:17,EST,LES ARCS DRAGUIGNAN,JCRHINRHON,FRXRS,13:37,FRAEG
8886,2023-08-14,COLMAR,NON,5537,16:04,EST,DIJON VILLE,JCRHINRHON,FRABA,14:05,FRAEJ
8887,2023-08-14,COLMAR,NON,5537,14:29,EST,MULHOUSE VILLE,JCRHINRHON,FRAEK,14:05,FRAEJ
8888,2023-08-14,COLMAR,NON,5537,19:31,EST,AIX EN PROVENCE TGV,JCRHINRHON,FRAIE,14:05,FRAEJ
8889,2023-08-14,MULHOUSE VILLE,NON,5537,19:31,EST,AIX EN PROVENCE TGV,JCRHINRHON,FRAIE,14:40,FRAEK
8890,2023-08-14,MULHOUSE VILLE,NON,5537,19:45,EST,MARSEILLE ST CHARLES,JCRHINRHON,FRMSC,14:40,FRAEK
8891,2023-08-14,MULHOUSE VILLE,NON,5537,15:29,EST,BESANCON - F COMTE TGV,JCRHINRHON,FRTJB,14:40,FRAEK
8892,2023-08-14,AIX EN PROVENCE TGV,NON,5537,21:17,EST,LES ARCS DRAGUIGNAN,JCRHINRHON,FRXRS,19:33,FRAIE
8893,2023-08-14,NANCY,OUI,5537,13:29,EST,STRASBOURG,JCRHINRHON,FRAEG,11:46,FRENC
8894,2023-08-14,NANCY,NON,5537,19:45,EST,MARSEILLE ST CHARLES,JCRHINRHON,FRMSC,11:46,FRENC
8895,2023-08-14,NANCY,NON,5537,22:30,EST,NICE VILLE,JCRHINRHON,FRNIC,11:46,FRENC
8896,2023-08-14,NANCY,NON,5537,20:41,EST,TOULON,JCRHINRHON,FRTLN,11:46,FRENC
8897,2023-08-14,NANCY,NON,5537,22:11,EST,ANTIBES,JCRHINRHON,FRXAT,11:46,FRENC
8898,2023-08-14,CANNES,OUI,5537,22:30,EST,NICE VILLE,JCRHINRHON,FRNIC,22:03,FRJCA
8899,2023-08-14,LYON (intramuros),NON,5537,19:31,EST,AIX EN PROVENCE TGV,JCRHINRHON,FRAIE,18:04,FRLPD
8900,2023-08-14,MARSEILLE ST CHARLES,NON,5537,20:41,EST,TOULON,JCRHINRHON,FRTLN,19:57,FRMSC
8901,2023-08-14,MARSEILLE ST CHARLES,NON,5537,21:17,EST,LES ARCS DRAGUIGNAN,JCRHINRHON,FRXRS,19:57,FRMSC
8902,2023-08-14,BEAUNE,NON,5537,21:59,EST,CANNES,JCRHINRHON,FRJCA,16:42,FRXBV
8903,2023-08-14,BEAUNE,NON,5537,17:56,EST,LYON (intramuros),JCRHINRHON,FRLPD,16:42,FRXBV
8904,2023-08-14,BEAUNE,NON,5537,21:17,EST,LES ARCS DRAGUIGNAN,JCRHINRHON,FRXRS,16:42,FRXBV
8905,2023-08-14,LES ARCS DRAGUIGNAN,OUI,5537,21:34,EST,ST RAPHAEL VALESCURE,JCRHINRHON,FRXSK,21:20,FRXRS
8906,2023-08-14,BELFORT-MONTBELIARD TGV,NON,5537,21:59,EST,CANNES,JCRHINRHON,FRJCA,15:06,FRTJA
8907,2023-08-14,COLMAR,NON,5537,16:39,EST,BEAUNE,JCRHINRHON,FRXBV,14:05,FRAEJ
8908,2023-08-14,QUIMPER,OUI,8724,14:43,ATLANTIQUE,LORIENT,BRETAPARIS,FRLRT,14:11,FRUIP
8909,2023-08-14,QUIMPER,NON,8724,17:47,ATLANTIQUE,PARIS (intramuros),BRETAPARIS,FRPMO,14:11,FRUIP
8910,2023-08-14,FRANKFURT MAIN HBF,NON,9568,10:38,INTERNATIONAL,PARIS (intramuros),FRANCPA,FRPST,06:56,DEFRH
8911,2023-08-14,STRASBOURG,NON,9568,10:38,INTERNATIONAL,PARIS (intramuros),FRANCPA,FRPST,08:53,FRAEG
8912,2023-08-14,LA ROCHELLE VILLE,OUI,8374,11:02,ATLANTIQUE,SURGERES,ROCHELLEPA,FREIP,10:44,FRLRH
8913,2023-08-14,LA ROCHELLE VILLE,NON,8374,11:23,ATLANTIQUE,NIORT,ROCHELLEPA,FRNIT,10:44,FRLRH
8914,2023-08-14,PARIS (intramuros),NON,8881,17:33,ATLANTIQUE,LE MANS,PARISLOIRE,FRAET,16:36,FRPMO
8915,2023-08-14,BORDEAUX ST JEAN,NON,3856,16:58,IC SRO,LUCON,BORDONANTE,FRLCN,13:53,FRBOJ
8916,2023-08-14,BORDEAUX ST JEAN,NON,3856,15:54,IC SRO,ROCHEFORT,BORDONANTE,FRRCO,13:53,FRBOJ
8917,2023-08-14,JONZAC,NON,3856,15:23,IC SRO,SAINTES,BORDONANTE,FRXST,14:41,FREMR
8918,2023-08-14,SAINTES,NON,3856,16:58,IC SRO,LUCON,BORDONANTE,FRLCN,15:25,FRXST
8919,2023-08-14,LIMOGES BENEDICTINS,OUI,3604,06:09,IC ARO,CHATEAUROUX,TOULOUZECO,FRCHR,05:01,FRAGQ
8920,2023-08-14,CARCASSONNE,NON,6875,21:52,SUD EST,LYON (intramuros),JCSUDPROV,FRLPD,18:27,FRCCF
8921,2023-08-14,NARBONNE,NON,6875,19:36,SUD EST,SETE,JCSUDPROV,FRXSY,18:59,FRXNA
8922,2023-08-14,TOULOUSE MATABIAU,NON,6875,21:52,SUD EST,LYON (intramuros),JCSUDPROV,FRLPD,17:43,FRXYT
8923,2023-08-14,MONTPELLIER SUD DE FRANCE,NON,6875,21:10,SUD EST,VALENCE TGV RHONE-ALPES SUD,JCSUDPROV,FRVLA,20:11,FRSUF
8924,2023-08-14,MONTPELLIER SUD DE FRANCE,NON,6875,20:30,SUD EST,NIMES PONT DU GARD,JCSUDPROV,FRXZP,20:11,FRSUF
8925,2023-08-14,PARIS (intramuros),NON,9781,21:30,INTERNATIONAL,GENEVE,PAGENEVE,CHGVA,18:18,FRPLY
8926,2023-08-14,CARCASSONNE,NON,4651,09:21,IC ARO,NIMES,TJOURSOSE,FRFNI,07:28,FRCCF
8927,2023-08-14,NARBONNE,NON,4651,08:14,IC ARO,BEZIERS,TJOURSOSE,FRBZR,08:01,FRXNA
8928,2023-08-14,NARBONNE,NON,4651,09:21,IC ARO,NIMES,TJOURSOSE,FRFNI,08:01,FRXNA
8929,2023-08-14,TOULOUSE MATABIAU,NON,4651,09:21,IC ARO,NIMES,TJOURSOSE,FRFNI,06:45,FRXYT
8930,2023-08-14,LIMOGES BENEDICTINS,OUI,3635,17:28,IC ARO,SOUILLAC,PALITO,FRSOU,16:01,FRAGQ
8931,2023-08-14,ARGENTON SUR CREUSE,NON,3635,15:58,IC ARO,LIMOGES BENEDICTINS,PALITO,FRAGQ,15:01,FRFMT
8932,2023-08-14,LA SOUTERRAINE,NON,3635,17:01,IC ARO,BRIVE LA GAILLARDE,PALITO,FRBVE,15:26,FRLST
8933,2023-08-14,PARIS (intramuros),NON,3635,17:28,IC ARO,SOUILLAC,PALITO,FRSOU,12:41,FRPAZ
8934,2023-08-14,PARIS (intramuros),NON,3635,18:13,IC ARO,CAHORS,PALITO,FRZAO,12:41,FRPAZ
8935,2023-08-14,VIERZON VILLE,NON,3635,17:44,IC ARO,GOURDON,PALITO,FRFSI,14:11,FRXVZ
8936,2023-08-14,VIERZON VILLE,NON,3635,17:28,IC ARO,SOUILLAC,PALITO,FRSOU,14:11,FRXVZ
8937,2023-08-14,ST MAIXENT DEUX SEVRES,OUI,8380,17:11,ATLANTIQUE,POITIERS,ROCHELLEPA,FRPIS,16:40,FREJC
8938,2023-08-14,ST MAIXENT DEUX SEVRES,OUI,8380,18:37,ATLANTIQUE,PARIS (intramuros),ROCHELLEPA,FRPMO,16:40,FREJC
8939,2023-08-14,LA ROCHELLE VILLE,OUI,8380,17:11,ATLANTIQUE,POITIERS,ROCHELLEPA,FRPIS,15:47,FRLRH
8940,2023-08-14,NIORT,OUI,8380,16:38,ATLANTIQUE,ST MAIXENT DEUX SEVRES,ROCHELLEPA,FREJC,16:24,FRNIT
8941,2023-08-14,MODANE,NON,9252,19:39,INTERNATIONAL,MACON LOCHE TGV,ITALIEPA,FRMLT,17:12,FRAGR
8942,2023-08-14,CHAMBERY CHALLES LES EAUX,NON,9252,19:39,INTERNATIONAL,MACON LOCHE TGV,ITALIEPA,FRMLT,18:22,FRCMF
8943,2023-08-14,MACON LOCHE TGV,NON,9252,21:14,INTERNATIONAL,PARIS (intramuros),ITALIEPA,FRPLY,19:42,FRMLT
8944,2023-08-14,MILANO P GARIBALDI,NON,9252,18:15,INTERNATIONAL,CHAMBERY CHALLES LES EAUX,ITALIEPA,FRCMF,14:10,ITMPG
8945,2023-08-14,TORINO PORTA SUSA,NON,9252,17:03,INTERNATIONAL,MODANE,ITALIEPA,FRAGR,15:41,ITTRS
8946,2023-08-14,LORIENT,OUI,8796,10:57,ATLANTIQUE,AURAY,BRETAPARIS,FRXUY,10:41,FRLRT
8947,2023-08-14,VANNES,NON,8796,13:54,ATLANTIQUE,PARIS (intramuros),BRETAPARIS,FRPMO,11:14,FRVNE
8948,2023-08-14,AURAY,NON,8796,13:54,ATLANTIQUE,PARIS (intramuros),BRETAPARIS,FRPMO,11:00,FRXUY
8949,2023-08-14,AURAY,NON,8796,12:12,ATLANTIQUE,RENNES,BRETAPARIS,FRRNS,11:00,FRXUY
8950,2023-08-14,ZUERICH HB,NON,9234,19:28,INTERNATIONAL,BASEL SBB,ZURBALPA,CHAJP,18:34,CHAJD
8951,2023-08-14,PARIS (intramuros),NON,8715,13:57,ATLANTIQUE,LORIENT,PARISBRETA,FRLRT,10:53,FRPMO
8952,2023-08-14,PARIS (intramuros),NON,8715,13:38,ATLANTIQUE,AURAY,PARISBRETA,FRXUY,10:53,FRPMO
8953,2023-08-14,ANGERS ST LAUD,NON,8986,21:12,ATLANTIQUE,PARIS (intramuros),LOIREPARIS,FRPMO,19:46,FRACL
8954,2023-08-14,LES SABLES D'OLONNE,OUI,8986,18:08,ATLANTIQUE,LA ROCHE SUR YON,LOIREPARIS,FRXRO,17:44,FRLSO
8955,2023-08-14,LE MANS,NON,5354,14:50,SUD EST,NANTES,JCSUDATL,FRNTE,13:32,FRAET
8956,2023-08-14,NANTES,OUI,8985,21:50,ATLANTIQUE,LA ROCHE SUR YON,PARISLOIRE,FRXRO,21:10,FRNTE
8957,2023-08-14,PARIS (intramuros),NON,8985,19:54,ATLANTIQUE,SABLE SUR SARTHE,PARISLOIRE,FRSAB,18:48,FRPMO
8958,2023-08-14,SABLE SUR SARTHE,NON,8985,21:50,ATLANTIQUE,LA ROCHE SUR YON,PARISLOIRE,FRXRO,19:56,FRSAB
8959,2023-08-14,ANNECY,OUI,6964,10:09,SUD EST,CHAMBERY CHALLES LES EAUX,ALPESPARIS,FRCMF,09:29,FRNCY
8960,2023-08-14,ANNECY,NON,6964,13:14,SUD EST,PARIS (intramuros),ALPESPARIS,FRPLY,09:29,FRNCY
8961,2023-08-14,BRUXELLES MIDI BRUSSEL ZUID,NON,9836,21:37,NORD,NIMES,JCNORDSUD,FRFNI,16:17,BEBMI
8962,2023-08-14,BRUXELLES MIDI BRUSSEL ZUID,NON,9836,22:06,NORD,MONTPELLIER SAINT-ROCH,JCNORDSUD,FRMPL,16:17,BEBMI
8963,2023-08-14,LYON (intramuros),OUI,9836,21:37,NORD,NIMES,JCNORDSUD,FRFNI,20:10,FRLPD
8964,2023-08-14,LYON (intramuros),OUI,9836,22:06,NORD,MONTPELLIER SAINT-ROCH,JCNORDSUD,FRMPL,20:10,FRLPD
8965,2023-08-14,BESANCON VIOTTE,OUI,6762,07:22,SUD EST,DIJON VILLE,BOURPA,FRABA,06:36,FRABG
8966,2023-08-14,BESANCON - F COMTE TGV,OUI,6762,07:22,SUD EST,DIJON VILLE,BOURPA,FRABA,06:53,FRTJB
8967,2023-08-14,BESANCON - F COMTE TGV,OUI,6762,09:10,SUD EST,PARIS (intramuros),BOURPA,FRPLY,06:53,FRTJB
8968,2023-08-14,NEVERS,OUI,5983,22:29,IC ARO,CLERMONT FERRAND,PACLERMONT,FRCFE,20:59,FRNVS
8969,2023-08-14,MOULINS SUR ALLIER,OUI,5983,22:29,IC ARO,CLERMONT FERRAND,PACLERMONT,FRCFE,21:30,FRXMU
8970,2023-08-14,BAYONNE,NON,14148,16:08,IC SRO,PAU,SUDOUEST,FRAEE,15:03,FRXBY
8971,2023-08-14,BAYONNE,NON,14148,16:52,IC SRO,TARBES,SUDOUEST,FRXTB,15:03,FRXBY
8972,2023-08-14,AVIGNON TGV,NON,5376,11:37,SUD EST,MASSY PALAISEAU,JCSUDATL,FRMPU,08:05,FRAVG
8973,2023-08-14,AVIGNON TGV,NON,5376,13:22,SUD EST,ROUEN RIVE DROITE,JCSUDATL,FRURD,08:05,FRAVG
8974,2023-08-14,VERSAILLES CHANTIERS,OUI,5376,13:22,SUD EST,ROUEN RIVE DROITE,JCSUDATL,FRURD,11:58,FRDHT
8975,2023-08-14,LYON (intramuros),NON,5376,14:31,SUD EST,LE HAVRE,JCSUDATL,FRAEZ,09:30,FRLPD
8976,2023-08-14,LYON (intramuros),NON,5376,11:55,SUD EST,VERSAILLES CHANTIERS,JCSUDATL,FRDHT,09:30,FRLPD
8977,2023-08-14,MARSEILLE ST CHARLES,NON,5376,11:55,SUD EST,VERSAILLES CHANTIERS,JCSUDATL,FRDHT,07:35,FRMSC
8978,2023-08-14,VALENCE TGV RHONE-ALPES SUD,NON,5376,09:20,SUD EST,LYON (intramuros),JCSUDATL,FRLPD,08:42,FRVLA
8979,2023-08-14,MONTPELLIER SAINT-ROCH,OUI,5156,10:40,NORD,LILLE (intramuros),JCSUDNORD,FRADJ,05:28,FRMPL
8980,2023-08-14,MONTPELLIER SAINT-ROCH,OUI,5156,09:33,NORD,AEROPORT CDG2 TGV ROISSY,JCSUDNORD,FRMLW,05:28,FRMPL
8981,2023-08-14,VALENCE TGV RHONE-ALPES SUD,OUI,5156,07:23,NORD,LYON (intramuros),JCSUDNORD,FRLPD,06:44,FRVLA
8982,2023-08-14,VALENCE TGV RHONE-ALPES SUD,OUI,5156,09:17,NORD,MARNE LA VALLEE CHESSY,JCSUDNORD,FRMLV,06:44,FRVLA
8983,2023-08-14,AIX EN PROVENCE TGV,NON,5516,11:26,EST,LYON (intramuros),JCRHONRHIN,FRLPD,09:58,FRAIE
8984,2023-08-14,AIX EN PROVENCE TGV,NON,5516,14:06,EST,BESANCON - F COMTE TGV,JCRHONRHIN,FRTJB,09:58,FRAIE
8985,2023-08-14,AIX EN PROVENCE TGV,NON,5516,12:41,EST,CHALON SUR SAONE,JCRHONRHIN,FRXCD,09:58,FRAIE
8986,2023-08-14,AVIGNON TGV,NON,5516,12:41,EST,CHALON SUR SAONE,JCRHONRHIN,FRXCD,10:20,FRAVG
8987,2023-08-14,MACON VILLE,NON,5516,17:35,EST,NANCY,JCRHONRHIN,FRENC,12:12,FRHGU
8988,2023-08-14,CANNES,NON,5516,13:25,EST,DIJON VILLE,JCRHONRHIN,FRABA,07:30,FRJCA
8989,2023-08-14,CANNES,NON,5516,15:54,EST,STRASBOURG,JCRHONRHIN,FRAEG,07:30,FRJCA
8990,2023-08-14,CANNES,OUI,5516,09:33,EST,MARSEILLE ST CHARLES,JCRHONRHIN,FRMSC,07:30,FRJCA
8991,2023-08-14,CANNES,OUI,5516,08:46,EST,TOULON,JCRHONRHIN,FRTLN,07:30,FRJCA
8992,2023-08-14,CANNES,NON,5516,12:41,EST,CHALON SUR SAONE,JCRHONRHIN,FRXCD,07:30,FRJCA
8993,2023-08-14,LYON (intramuros),NON,5516,13:25,EST,DIJON VILLE,JCRHONRHIN,FRABA,11:32,FRLPD
8994,2023-08-14,MARSEILLE ST CHARLES,NON,5516,17:35,EST,NANCY,JCRHONRHIN,FRENC,09:45,FRMSC
8995,2023-08-14,MARSEILLE ST CHARLES,NON,5516,11:26,EST,LYON (intramuros),JCRHONRHIN,FRLPD,09:45,FRMSC
8996,2023-08-14,MARSEILLE ST CHARLES,NON,5516,12:41,EST,CHALON SUR SAONE,JCRHONRHIN,FRXCD,09:45,FRMSC
8997,2023-08-14,NICE VILLE,NON,5516,13:03,EST,BEAUNE,JCRHONRHIN,FRXBV,07:00,FRNIC
8998,2023-08-14,BESANCON - F COMTE TGV,NON,5516,15:54,EST,STRASBOURG,JCRHONRHIN,FRAEG,14:09,FRTJB
8999,2023-08-14,TOULON,NON,5516,17:35,EST,NANCY,JCRHONRHIN,FRENC,08:50,FRTLN
9000,2023-08-14,TOULON,NON,5516,11:26,EST,LYON (intramuros),JCRHONRHIN,FRLPD,08:50,FRTLN
9001,2023-08-14,ANTIBES,NON,5516,13:25,EST,DIJON VILLE,JCRHONRHIN,FRABA,07:16,FRXAT
9002,2023-08-14,ANTIBES,NON,5516,09:55,EST,AIX EN PROVENCE TGV,JCRHONRHIN,FRAIE,07:16,FRXAT
9003,2023-08-14,ANTIBES,NON,5516,12:09,EST,MACON VILLE,JCRHONRHIN,FRHGU,07:16,FRXAT
9004,2023-08-14,ANTIBES,OUI,5516,09:33,EST,MARSEILLE ST CHARLES,JCRHONRHIN,FRMSC,07:16,FRXAT
9005,2023-08-14,ANTIBES,NON,5516,13:03,EST,BEAUNE,JCRHONRHIN,FRXBV,07:16,FRXAT
9006,2023-08-14,BEAUNE,NON,5516,13:25,EST,DIJON VILLE,JCRHONRHIN,FRABA,13:06,FRXBV
9007,2023-08-14,CHALON SUR SAONE,NON,5516,14:55,EST,MULHOUSE VILLE,JCRHONRHIN,FRAEK,12:44,FRXCD
9008,2023-08-14,CHALON SUR SAONE,NON,5516,14:30,EST,BELFORT-MONTBELIARD TGV,JCRHONRHIN,FRTJA,12:44,FRXCD
9009,2023-08-14,LES ARCS DRAGUIGNAN,NON,5516,13:03,EST,BEAUNE,JCRHONRHIN,FRXBV,08:12,FRXRS
9010,2023-08-14,LES ARCS DRAGUIGNAN,NON,5516,12:41,EST,CHALON SUR SAONE,JCRHONRHIN,FRXCD,08:12,FRXRS
9011,2023-08-14,ST RAPHAEL VALESCURE,NON,5516,13:25,EST,DIJON VILLE,JCRHONRHIN,FRABA,07:55,FRXSK
9012,2023-08-14,ST RAPHAEL VALESCURE,NON,5516,13:03,EST,BEAUNE,JCRHONRHIN,FRXBV,07:55,FRXSK
9013,2023-08-14,COLMAR,OUI,5516,17:35,EST,NANCY,JCRHONRHIN,FRENC,15:27,FRAEJ
9014,2023-08-14,BREST,NON,8630,15:46,ATLANTIQUE,LAMBALLE,BRETAPARIS,FRLAM,14:11,FRBES
9015,2023-08-14,PLOUARET TREGOR,NON,8630,15:46,ATLANTIQUE,LAMBALLE,BRETAPARIS,FRLAM,15:02,FRPLT
9016,2023-08-14,PLOUARET TREGOR,NON,8630,16:29,ATLANTIQUE,RENNES,BRETAPARIS,FRRNS,15:02,FRPLT
9017,2023-08-14,ST BRIEUC,NON,8630,18:12,ATLANTIQUE,PARIS (intramuros),BRETAPARIS,FRPMO,15:36,FRSBK
9018,2023-08-14,LORIENT,NON,8710,13:19,ATLANTIQUE,PARIS (intramuros),BRETAPARIS,FRPMO,09:50,FRLRT
9019,2023-08-14,LORIENT,NON,8710,10:48,ATLANTIQUE,REDON,BRETAPARIS,FRXRN,09:50,FRLRT
9020,2023-08-14,RENNES,OUI,8710,12:01,ATLANTIQUE,LAVAL,BRETAPARIS,FRACR,11:35,FRRNS
9021,2023-08-14,ROSPORDEN,OUI,8710,10:05,ATLANTIQUE,AURAY,BRETAPARIS,FRXUY,09:20,FRRSP
9022,2023-08-14,QUIMPER,OUI,8710,09:32,ATLANTIQUE,QUIMPERLE,BRETAPARIS,FRECO,09:06,FRUIP
9023,2023-08-14,QUIMPER,NON,8710,11:25,ATLANTIQUE,RENNES,BRETAPARIS,FRRNS,09:06,FRUIP
9024,2023-08-14,REDON,NON,8710,12:01,ATLANTIQUE,LAVAL,BRETAPARIS,FRACR,10:51,FRXRN
9025,2023-08-14,REDON,NON,8710,11:25,ATLANTIQUE,RENNES,BRETAPARIS,FRRNS,10:51,FRXRN
9026,2023-08-14,AURAY,NON,8710,13:19,ATLANTIQUE,PARIS (intramuros),BRETAPARIS,FRPMO,10:09,FRXUY
9027,2023-08-14,AURAY,NON,8710,11:25,ATLANTIQUE,RENNES,BRETAPARIS,FRRNS,10:09,FRXUY
9028,2023-08-14,LILLE (intramuros),NON,5224,13:04,NORD,ST PIERRE DES CORPS,JCNORDBRET,FRXSH,09:32,FRADJ
9029,2023-08-14,MARNE LA VALLEE CHESSY,NON,5224,14:02,NORD,ANGERS ST LAUD,JCNORDBRET,FRACL,11:32,FRMLV
9030,2023-08-14,MARNE LA VALLEE CHESSY,NON,5224,12:04,NORD,MASSY TGV,JCNORDBRET,FRDJU,11:32,FRMLV
9031,2023-08-14,ARRAS,NON,5224,11:28,NORD,MARNE LA VALLEE CHESSY,JCNORDBRET,FRMLV,10:19,FRQRV
9032,2023-08-14,TGV HAUTE PICARDIE,NON,5224,13:04,NORD,ST PIERRE DES CORPS,JCNORDBRET,FRXSH,10:45,FRTHP
9033,2023-08-14,DOUAI,OUI,5224,11:13,NORD,AEROPORT CDG2 TGV ROISSY,JCNORDBRET,FRMLW,10:01,FRXDN
9034,2023-08-14,PARIS (intramuros),OUI,6905,10:13,SUD EST,GRENOBLE,PAGRENOBLE,FRGNB,07:14,FRPLY
9035,2023-08-14,PARIS (intramuros),NON,8605,11:08,ATLANTIQUE,LAMBALLE,PARISBRETA,FRLAM,08:40,FRPMO
9036,2023-08-14,PARIS (intramuros),OUI,8803,09:54,ATLANTIQUE,NANTES,PARISLOIRE,FRNTE,07:45,FRPMO
9037,2023-08-14,SABLE SUR SARTHE,OUI,8803,09:13,ATLANTIQUE,ANGERS ST LAUD,PARISLOIRE,FRACL,08:54,FRSAB
9038,2023-08-14,LYON (intramuros),NON,5062,13:01,NORD,AEROPORT CDG2 TGV ROISSY,JCSUDNORD,FRMLW,11:00,FRLPD
9039,2023-08-14,ARRAS,OUI,5062,14:24,NORD,LILLE (intramuros),JCSUDNORD,FRLLE,14:03,FRQRV
9040,2023-08-14,TGV HAUTE PICARDIE,OUI,5062,14:24,NORD,LILLE (intramuros),JCSUDNORD,FRLLE,13:38,FRTHP
9041,2023-08-14,VALENCE TGV RHONE-ALPES SUD,NON,5062,14:24,NORD,LILLE (intramuros),JCSUDNORD,FRLLE,10:15,FRVLA
9042,2023-08-14,VALENCE TGV RHONE-ALPES SUD,NON,5062,13:34,NORD,TGV HAUTE PICARDIE,JCSUDNORD,FRTHP,10:15,FRVLA
9043,2023-08-14,MONTPELLIER SUD DE FRANCE,OUI,5062,10:10,NORD,VALENCE TGV RHONE-ALPES SUD,JCSUDNORD,FRVLA,09:12,FRSUF
9044,2023-08-14,NIMES PONT DU GARD,NON,5062,12:47,NORD,MARNE LA VALLEE CHESSY,JCSUDNORD,FRMLV,09:33,FRXZP
9045,2023-08-14,NIMES PONT DU GARD,NON,5062,13:01,NORD,AEROPORT CDG2 TGV ROISSY,JCSUDNORD,FRMLW,09:33,FRXZP
9046,2023-08-14,LUCON,NON,3831,12:07,IC SRO,BORDEAUX ST JEAN,NANTEBORDO,FRBOJ,09:00,FRLCN
9047,2023-08-14,LUCON,NON,3831,11:10,IC SRO,JONZAC,NANTEBORDO,FREMR,09:00,FRLCN
9048,2023-08-14,LUCON,NON,3831,09:39,IC SRO,LA ROCHELLE VILLE,NANTEBORDO,FRLRH,09:00,FRLCN
9049,2023-08-14,LA ROCHELLE VILLE,NON,3831,12:07,IC SRO,BORDEAUX ST JEAN,NANTEBORDO,FRBOJ,09:43,FRLRH
9050,2023-08-14,NANTES,NON,3831,10:03,IC SRO,ROCHEFORT,NANTEBORDO,FRRCO,07:55,FRNTE
9051,2023-08-14,SAINTES,NON,3831,11:10,IC SRO,JONZAC,NANTEBORDO,FREMR,10:34,FRXST
9052,2023-08-14,LA SOUTERRAINE,OUI,3615,11:33,IC ARO,UZERCHE,PALITO,FRAAW,10:22,FRLST
9053,2023-08-14,VIERZON VILLE,NON,3615,11:33,IC ARO,UZERCHE,PALITO,FRAAW,09:12,FRXVZ
9054,2023-08-14,VIERZON VILLE,NON,3615,10:20,IC ARO,LA SOUTERRAINE,PALITO,FRLST,09:12,FRXVZ
9055,2023-08-14,BASEL SBB,NON,9213,16:26,INTERNATIONAL,ZUERICH HB,PABALZUR,CHAJD,15:33,CHAJP
9056,2023-08-14,DIJON VILLE,NON,9213,16:26,INTERNATIONAL,ZUERICH HB,PABALZUR,CHAJD,14:01,FRABA
9057,2023-08-14,DIJON VILLE,NON,9213,15:26,INTERNATIONAL,BASEL SBB,PABALZUR,CHAJP,14:01,FRABA
9058,2023-08-14,MULHOUSE VILLE,NON,9213,16:26,INTERNATIONAL,ZUERICH HB,PABALZUR,CHAJD,15:06,FRAEK
9059,2023-08-14,PARIS (intramuros),NON,9213,16:26,INTERNATIONAL,ZUERICH HB,PABALZUR,CHAJD,12:22,FRPLY
9060,2023-08-14,PARIS (intramuros),NON,9213,15:03,INTERNATIONAL,MULHOUSE VILLE,PABALZUR,FRAEK,12:22,FRPLY
9061,2023-08-14,BRUXELLES MIDI BRUSSEL ZUID,OUI,9838,17:28,NORD,LILLE (intramuros),JCNORDBRET,FRLLE,16:54,BEBMI
9062,2023-08-14,BRUXELLES MIDI BRUSSEL ZUID,NON,9838,18:58,NORD,MARNE LA VALLEE CHESSY,JCNORDBRET,FRMLV,16:54,BEBMI
9063,2023-08-14,LE MANS,OUI,9838,21:01,NORD,LAVAL,JCNORDBRET,FRACR,20:32,FRAET
9064,2023-08-14,MASSY TGV,NON,9838,20:29,NORD,LE MANS,JCNORDBRET,FRAET,19:39,FRDJU
9065,2023-08-14,LILLE (intramuros),NON,9838,20:29,NORD,LE MANS,JCNORDBRET,FRAET,17:42,FRLLE
9066,2023-08-14,LILLE (intramuros),NON,9838,19:34,NORD,MASSY TGV,JCNORDBRET,FRDJU,17:42,FRLLE
9067,2023-08-14,MARNE LA VALLEE CHESSY,NON,9838,21:01,NORD,LAVAL,JCNORDBRET,FRACR,19:02,FRMLV
9068,2023-08-14,TGV HAUTE PICARDIE,OUI,9838,18:43,NORD,AEROPORT CDG2 TGV ROISSY,JCNORDBRET,FRMLW,18:15,FRTHP
9069,2023-08-14,TGV HAUTE PICARDIE,NON,9838,20:29,NORD,LE MANS,JCNORDBRET,FRAET,18:15,FRTHP
9070,2023-08-14,BEZIERS,NON,9713,14:58,SUD EST,PERPIGNAN,PABARCELONE,FRPGF,14:10,FRBZR
9071,2023-08-14,NIMES,NON,9713,13:32,SUD EST,SETE,PABARCELONE,FRXSY,12:47,FRFNI
9072,2023-08-14,PARIS (intramuros),NON,9713,12:43,SUD EST,NIMES,PABARCELONE,FRFNI,09:42,FRPLY
9073,2023-08-14,PARIS (intramuros),NON,9713,13:13,SUD EST,MONTPELLIER SAINT-ROCH,PABARCELONE,FRMPL,09:42,FRPLY
9074,2023-08-14,VALENCE TGV RHONE-ALPES SUD,NON,9713,14:07,SUD EST,BEZIERS,PABARCELONE,FRBZR,12:00,FRVLA
9075,2023-08-14,VALENCE TGV RHONE-ALPES SUD,NON,9713,14:24,SUD EST,NARBONNE,PABARCELONE,FRXNA,12:00,FRVLA
9076,2023-08-14,AGDE,NON,9713,14:24,SUD EST,NARBONNE,PABARCELONE,FRXNA,13:55,FRXAG
9077,2023-08-14,NARBONNE,NON,9713,14:58,SUD EST,PERPIGNAN,PABARCELONE,FRPGF,14:27,FRXNA
9078,2023-08-14,SETE,NON,9713,14:58,SUD EST,PERPIGNAN,PABARCELONE,FRPGF,13:35,FRXSY
9079,2023-08-14,SETE,NON,9713,13:52,SUD EST,AGDE,PABARCELONE,FRXAG,13:35,FRXSY
9080,2023-08-14,VALENCE TGV RHONE-ALPES SUD,NON,9713,16:34,SUD EST,BARCELONA SANTS,PABARCELONE,ESBST,12:00,FRVLA
9081,2023-08-14,NARBONNE,NON,9713,15:46,SUD EST,GIRONA,PABARCELONE,ESGRO,14:27,FRXNA
9082,2023-08-14,HENDAYE,OUI,8550,19:17,ATLANTIQUE,DAX,SUDOUESTPA,FRACG,18:07,FRAEF
9083,2023-08-14,BAYONNE,NON,8550,22:56,ATLANTIQUE,PARIS (intramuros),SUDOUESTPA,FRPMO,18:47,FRXBY
9084,2023-08-14,PARIS (intramuros),NON,9211,13:26,INTERNATIONAL,BASEL SBB,PABALZUR,CHAJP,10:22,FRPLY
9085,2023-08-14,AIX EN PROVENCE TGV,NON,9866,17:43,NORD,BRUXELLES MIDI BRUSSEL ZUID,JCSUDNORD,BEBMI,12:26,FRAIE
9086,2023-08-14,AVIGNON TGV,NON,9866,16:57,NORD,LILLE (intramuros),JCSUDNORD,FRLLE,12:48,FRAVG
9087,2023-08-14,LYON (intramuros),NON,9866,17:43,NORD,BRUXELLES MIDI BRUSSEL ZUID,JCSUDNORD,BEBMI,14:00,FRLPD
9088,2023-08-14,LYON (intramuros),NON,9866,16:57,NORD,LILLE (intramuros),JCSUDNORD,FRLLE,14:00,FRLPD
9089,2023-08-14,LYON (intramuros),NON,9866,15:46,NORD,MARNE LA VALLEE CHESSY,JCSUDNORD,FRMLV,14:00,FRLPD
9090,2023-08-14,MARNE LA VALLEE CHESSY,NON,9866,16:57,NORD,LILLE (intramuros),JCSUDNORD,FRLLE,15:50,FRMLV
9091,2023-08-14,SURGERES,OUI,8378,14:26,ATLANTIQUE,NIORT,ROCHELLEPA,FRNIT,14:08,FREIP
9092,2023-08-14,SURGERES,OUI,8378,15:16,ATLANTIQUE,POITIERS,ROCHELLEPA,FRPIS,14:08,FREIP
9093,2023-08-14,SURGERES,NON,8378,15:50,ATLANTIQUE,ST PIERRE DES CORPS,ROCHELLEPA,FRXSH,14:08,FREIP
9094,2023-08-14,ST MAIXENT DEUX SEVRES,OUI,8378,15:16,ATLANTIQUE,POITIERS,ROCHELLEPA,FRPIS,14:46,FREJC
9095,2023-08-14,ST MAIXENT DEUX SEVRES,NON,8378,16:57,ATLANTIQUE,PARIS (intramuros),ROCHELLEPA,FRPMO,14:46,FREJC
9096,2023-08-14,LA ROCHELLE VILLE,NON,8378,16:57,ATLANTIQUE,PARIS (intramuros),ROCHELLEPA,FRPMO,13:47,FRLRH
9097,2023-08-14,PARIS (intramuros),NON,9765,13:30,INTERNATIONAL,GENEVE,PAGENEVE,CHGVA,10:18,FRPLY
9098,2023-08-14,PARIS (intramuros),NON,9765,12:09,INTERNATIONAL,BOURG EN BRESSE,PAGENEVE,FRXBK,10:18,FRPLY
9099,2023-08-14,DAX,NON,8544,18:40,ATLANTIQUE,BORDEAUX ST JEAN,SUDOUESTPA,FRBOJ,17:22,FRACG
9100,2023-08-14,DAX,NON,8544,20:58,ATLANTIQUE,PARIS (intramuros),SUDOUESTPA,FRPMO,17:22,FRACG
9101,2023-08-14,BAYONNE,NON,8544,20:58,ATLANTIQUE,PARIS (intramuros),SUDOUESTPA,FRPMO,16:47,FRXBY
9102,2023-08-14,ST JEAN DE LUZ CIBOURE,NON,8544,20:58,ATLANTIQUE,PARIS (intramuros),SUDOUESTPA,FRPMO,16:19,FRXJZ
9103,2023-08-14,BRUXELLES MIDI BRUSSEL ZUID,NON,9874,17:37,NORD,STRASBOURG,JCNORDEST,FRAEG,13:17,BEBMI
9104,2023-08-14,BRUXELLES MIDI BRUSSEL ZUID,NON,9874,15:09,NORD,MARNE LA VALLEE CHESSY,JCNORDEST,FRMLV,13:17,BEBMI
9105,2023-08-14,CHAMPAGNE-ARDENNE,OUI,9874,16:48,NORD,LORRAINE TGV,JCNORDEST,FREAM,16:04,FREAH
9106,2023-08-14,LILLE (intramuros),NON,9874,17:37,NORD,STRASBOURG,JCNORDEST,FRAEG,14:03,FRLLE
9107,2023-08-14,LILLE (intramuros),NON,9874,16:48,NORD,LORRAINE TGV,JCNORDEST,FREAM,14:03,FRLLE
9108,2023-08-14,LILLE (intramuros),NON,9874,15:09,NORD,MARNE LA VALLEE CHESSY,JCNORDEST,FRMLV,14:03,FRLLE
9109,2023-08-14,ANGOULEME,OUI,8485,17:15,ATLANTIQUE,LIBOURNE,PASUDOUEST,FRXLR,16:37,FRANG
9110,2023-08-14,PARIS (intramuros),NON,8485,17:37,ATLANTIQUE,BORDEAUX ST JEAN,PASUDOUEST,FRBOJ,14:15,FRPMO
9111,2023-08-14,LIBOURNE,OUI,8485,17:37,ATLANTIQUE,BORDEAUX ST JEAN,PASUDOUEST,FRBOJ,17:18,FRXLR
9112,2023-08-14,ST PIERRE DES CORPS,NON,8485,15:54,ATLANTIQUE,POITIERS,PASUDOUEST,FRPIS,15:21,FRXSH
9113,2023-08-14,ANGOULEME,NON,2094,14:29,EST,STRASBOURG,JCATLEST,FRAEG,09:35,FRANG
9114,2023-08-14,ANGOULEME,NON,2094,11:48,EST,MASSY TGV,JCATLEST,FRDJU,09:35,FRANG
9115,2023-08-14,ANGOULEME,NON,2094,13:49,EST,LORRAINE TGV,JCATLEST,FREAM,09:35,FRANG
9116,2023-08-14,BORDEAUX ST JEAN,NON,2094,13:23,EST,MEUSE TGV,JCATLEST,FREAJ,08:54,FRBOJ
9117,2023-08-14,BORDEAUX ST JEAN,NON,2094,10:50,EST,ST PIERRE DES CORPS,JCATLEST,FRXSH,08:54,FRBOJ
9118,2023-08-14,CHAMPAGNE-ARDENNE,NON,2094,13:23,EST,MEUSE TGV,JCATLEST,FREAJ,12:58,FREAH
9119,2023-08-14,LORRAINE TGV,OUI,2094,14:29,EST,STRASBOURG,JCATLEST,FRAEG,13:52,FREAM
9120,2023-08-14,MARNE LA VALLEE CHESSY,NON,2094,12:55,EST,CHAMPAGNE-ARDENNE,JCATLEST,FREAH,12:28,FRMLV
9121,2023-08-14,ST PIERRE DES CORPS,NON,2094,12:55,EST,CHAMPAGNE-ARDENNE,JCATLEST,FREAH,10:54,FRXSH
9122,2023-08-14,ST PIERRE DES CORPS,NON,2094,13:49,EST,LORRAINE TGV,JCATLEST,FREAM,10:54,FRXSH
9123,2023-08-14,ARLES,OUI,6194,07:18,SUD EST,ORANGE,VDRPA,FRXOG,06:43,FRHZA
9124,2023-08-14,MIRAMAS,OUI,6194,10:46,SUD EST,PARIS (intramuros),VDRPA,FRPLY,06:22,FRMAZ
9125,2023-08-14,MIRAMAS,OUI,6194,08:09,SUD EST,VALENCE VILLE,VDRPA,FRVAF,06:22,FRMAZ
9126,2023-08-14,ORANGE,OUI,6194,08:46,SUD EST,LYON-SAINT EXUPERY TGV,VDRPA,FRJDQ,07:21,FRXOG
9127,2023-08-14,BRUXELLES MIDI BRUSSEL ZUID,NON,9870,09:28,NORD,CHAMPAGNE-ARDENNE,JCNORDEST,FREAH,07:17,BEBMI
9128,2023-08-14,BRUXELLES MIDI BRUSSEL ZUID,OUI,9870,08:53,NORD,AEROPORT CDG2 TGV ROISSY,JCNORDEST,FRMLW,07:17,BEBMI
9129,2023-08-14,CHAMPAGNE-ARDENNE,OUI,9870,11:05,NORD,STRASBOURG,JCNORDEST,FRAEG,09:34,FREAH
9130,2023-08-14,CHAMPAGNE-ARDENNE,OUI,9870,10:25,NORD,LORRAINE TGV,JCNORDEST,FREAM,09:34,FREAH
9131,2023-08-14,LILLE (intramuros),NON,9870,11:05,NORD,STRASBOURG,JCNORDEST,FRAEG,08:02,FRLLE
9132,2023-08-14,AEROPORT CDG2 TGV ROISSY,NON,9870,11:05,NORD,STRASBOURG,JCNORDEST,FRAEG,08:59,FRMLW
9133,2023-08-14,AEROPORT CDG2 TGV ROISSY,NON,9870,10:00,NORD,MEUSE TGV,JCNORDEST,FREAJ,08:59,FRMLW
9134,2023-08-14,PARIS (intramuros),NON,6173,14:25,SUD EST,CANNES,PAAZUR,FRJCA,09:26,FRPLY
9135,2023-08-14,PARIS (intramuros),NON,6173,14:38,SUD EST,ANTIBES,PAAZUR,FRXAT,09:26,FRPLY
9136,2023-08-14,ANTIBES,OUI,6173,14:57,SUD EST,NICE VILLE,PAAZUR,FRNIC,14:41,FRXAT
9137,2023-08-14,ST RAPHAEL VALESCURE,OUI,6173,14:25,SUD EST,CANNES,PAAZUR,FRJCA,14:04,FRXSK
9138,2023-08-14,POITIERS,NON,8486,13:37,ATLANTIQUE,PARIS (intramuros),SUDOUESTPA,FRPMO,12:15,FRPIS
9139,2023-08-14,BRUXELLES MIDI BRUSSEL ZUID,NON,9844,18:52,NORD,LILLE (intramuros),JCNORDSUD,FRLLE,18:17,BEBMI
9140,2023-08-14,LILLE (intramuros),OUI,9844,22:18,NORD,LYON (intramuros),JCNORDSUD,FRLPE,19:03,FRLLE
9141,2023-08-14,LILLE (intramuros),OUI,9844,19:54,NORD,AEROPORT CDG2 TGV ROISSY,JCNORDSUD,FRMLW,19:03,FRLLE
9142,2023-08-14,AEROPORT CDG2 TGV ROISSY,OUI,9844,22:00,NORD,LYON (intramuros),JCNORDSUD,FRLPD,20:00,FRMLW
9143,2023-08-14,AEROPORT CDG2 TGV ROISSY,OUI,9844,22:18,NORD,LYON (intramuros),JCNORDSUD,FRLPE,20:00,FRMLW
9144,2023-08-14,HENDAYE,OUI,3742,06:08,IC NUIT,LES AUBRAIS ORLEANS,PALOMBEPAR,FRLAB,18:57,FRAEF
9145,2023-08-14,HENDAYE,OUI,3742,07:19,IC NUIT,PARIS (intramuros),PALOMBEPAR,FRPAZ,18:57,FRAEF
9146,2023-08-14,ORTHEZ,OUI,3742,06:08,IC NUIT,LES AUBRAIS ORLEANS,PALOMBEPAR,FRLAB,21:22,FRGFI
9147,2023-08-14,ST GAUDENS,OUI,3742,07:19,IC NUIT,PARIS (intramuros),PALOMBEPAR,FRPAZ,23:12,FRFPH
9148,2023-08-14,CANNES,NON,6074,12:33,SUD EST,MARSEILLE ST CHARLES,AZURPA,FRMSC,10:32,FRJCA
9149,2023-08-14,NICE VILLE,NON,6074,12:33,SUD EST,MARSEILLE ST CHARLES,AZURPA,FRMSC,09:57,FRNIC
9150,2023-08-14,NICE VILLE,NON,6074,11:44,SUD EST,TOULON,AZURPA,FRTLN,09:57,FRNIC
9151,2023-08-14,NICE VILLE,OUI,6074,10:13,SUD EST,ANTIBES,AZURPA,FRXAT,09:57,FRNIC
9152,2023-08-14,ST RAPHAEL VALESCURE,NON,6074,12:33,SUD EST,MARSEILLE ST CHARLES,AZURPA,FRMSC,10:58,FRXSK
9153,2023-08-14,ST RAPHAEL VALESCURE,NON,6074,15:50,SUD EST,PARIS (intramuros),AZURPA,FRPLY,10:58,FRXSK
9154,2023-08-14,MARNE LA VALLEE CHESSY,OUI,5026,14:00,NORD,LYON (intramuros),JCNORDSUD,FRLPD,12:13,FRMLV
9155,2023-08-14,AEROPORT CDG2 TGV ROISSY,OUI,5026,14:00,NORD,LYON (intramuros),JCNORDSUD,FRLPD,11:59,FRMLW
9156,2023-08-14,TARBES,NON,14143,14:13,IC SRO,ORTHEZ,SUDOUEST,FRGFI,13:08,FRXTB
9157,2023-08-14,CLERMONT FERRAND,OUI,5966,11:04,IC ARO,VICHY,CLERMONTPA,FRVHY,10:31,FRCFE
9158,2023-08-14,RIOM CHATEL GUYON,NON,5966,13:57,IC ARO,PARIS (intramuros),CLERMONTPA,FRPBE,10:42,FRRIO
9159,2023-08-14,RIOM CHATEL GUYON,OUI,5966,11:04,IC ARO,VICHY,CLERMONTPA,FRVHY,10:42,FRRIO
9160,2023-08-14,MOULINS SUR ALLIER,NON,5966,11:58,IC ARO,NEVERS,CLERMONTPA,FRNVS,11:31,FRXMU
9161,2023-08-14,LAVAL,NON,8606,11:19,ATLANTIQUE,PARIS (intramuros),BRETAPARIS,FRPMO,10:04,FRACR
9162,2023-08-14,BREST,NON,8606,09:29,ATLANTIQUE,RENNES,BRETAPARIS,FRRNS,07:22,FRBES
9163,2023-08-14,MORLAIX,NON,8606,10:01,ATLANTIQUE,LAVAL,BRETAPARIS,FRACR,07:54,FRMXN
9164,2023-08-14,MORLAIX,NON,8606,11:19,ATLANTIQUE,PARIS (intramuros),BRETAPARIS,FRPMO,07:54,FRMXN
9165,2023-08-14,LAHR SCHWARZW,OUI,9590,07:16,EST,OFFENBOURG/OFFENBURG,MULHSTRAPA,DEZPA,07:05,DEANL
9166,2023-08-14,LAHR SCHWARZW,OUI,9590,07:40,EST,STRASBOURG,MULHSTRAPA,FRAEG,07:05,DEANL
9167,2023-08-14,RINGSHEIM/EU-PARK,NON,9590,09:35,EST,PARIS (intramuros),MULHSTRAPA,FRPST,06:56,DERSH
9168,2023-08-14,LYON (intramuros),OUI,9852,08:56,NORD,LILLE (intramuros),JCSUDNORD,FRLLE,05:50,FRLPD
9169,2023-08-14,LYON (intramuros),OUI,9852,08:01,NORD,AEROPORT CDG2 TGV ROISSY,JCSUDNORD,FRMLW,05:37,FRLPE
9170,2023-08-14,LYON (intramuros),OUI,9852,06:31,NORD,LE CREUSOT MONTCEAU MONTCHANIN,JCSUDNORD,FRXCC,05:37,FRLPE
9171,2023-08-14,LUXEMBOURG,OUI,2870,14:53,EST,METZ VILLE,LUXMETZPA,FRADE,14:10,LULUX
9172,2023-08-14,LUXEMBOURG,OUI,2870,16:23,EST,PARIS (intramuros),LUXMETZPA,FRPST,14:10,LULUX
9173,2023-08-14,RETHEL,OUI,2709,10:35,EST,SEDAN,PABARSED,FRXSW,09:42,FRBDT
9174,2023-08-14,PARIS (intramuros),NON,2709,09:39,EST,RETHEL,PABARSED,FRBDT,08:28,FRPST
9175,2023-08-14,LANNION,NON,8690,19:06,ATLANTIQUE,PARIS (intramuros),BRETAPARIS,FRPMO,15:59,FRLAI
9176,2023-08-14,LANNION,OUI,8690,16:38,ATLANTIQUE,ST BRIEUC,BRETAPARIS,FRSBK,15:59,FRLAI
9177,2023-08-14,ST BRIEUC,NON,8690,19:06,ATLANTIQUE,PARIS (intramuros),BRETAPARIS,FRPMO,16:42,FRSBK
9178,2023-08-14,PAU,NON,8583,17:52,ATLANTIQUE,PARIS (intramuros),SUDOUESTPA,FRPMO,13:16,FRAEE
9179,2023-08-14,TARBES,OUI,8583,12:36,ATLANTIQUE,LOURDES,SUDOUESTPA,FRLDE,12:21,FRXTB
9180,2023-08-14,CREST,NON,5790,07:54,IC NUIT,PARIS (intramuros),BRIANCONPA,FRPAZ,23:49,FRCRE
9181,2023-08-14,CHORGES,NON,5790,07:54,IC NUIT,PARIS (intramuros),BRIANCONPA,FRPAZ,21:15,FRIGS
9182,2023-08-14,LE MANS,OUI,6062,11:30,SUD EST,LYON (intramuros),JCATLSUD,FRLPD,08:26,FRAET
9183,2023-08-14,RENNES,OUI,6062,09:16,SUD EST,MASSY TGV,JCATLSUD,FRDJU,07:31,FRRNS
9184,2023-08-14,STRASBOURG,OUI,2430,16:35,EST,PARIS (intramuros),MULHSTRAPA,FRPST,14:49,FRAEG
9185,2023-08-14,BEZIERS,NON,9715,19:20,SUD EST,NARBONNE,PABARCELONE,FRXNA,19:06,FRBZR
9186,2023-08-14,VALENCE TGV RHONE-ALPES SUD,NON,9715,19:03,SUD EST,BEZIERS,PABARCELONE,FRBZR,17:09,FRVLA
9187,2023-08-14,AGDE,NON,9715,19:56,SUD EST,PERPIGNAN,PABARCELONE,FRPGF,18:51,FRXAG
9188,2023-08-14,AGDE,NON,9715,19:20,SUD EST,NARBONNE,PABARCELONE,FRXNA,18:51,FRXAG
9189,2023-08-14,SETE,NON,9715,19:56,SUD EST,PERPIGNAN,PABARCELONE,FRPGF,18:34,FRXSY
9190,2023-08-14,MONTPELLIER SUD DE FRANCE,NON,9715,18:48,SUD EST,AGDE,PABARCELONE,FRXAG,18:17,FRSUF
9191,2023-08-14,MONTPELLIER SUD DE FRANCE,NON,9715,19:56,SUD EST,PERPIGNAN,PABARCELONE,FRPGF,18:17,FRSUF
9192,2023-08-14,NIMES PONT DU GARD,NON,9715,19:20,SUD EST,NARBONNE,PABARCELONE,FRXNA,17:49,FRXZP
9193,2023-08-14,NARBONNE,NON,9715,21:25,SUD EST,BARCELONA SANTS,PABARCELONE,ESBST,19:23,FRXNA
9194,2023-08-14,NIMES PONT DU GARD,NON,9715,20:44,SUD EST,GIRONA,PABARCELONE,ESGRO,17:49,FRXZP
9195,2023-08-14,NIMES PONT DU GARD,NON,9715,20:27,SUD EST,FIGUERES VILA TGV,PABARCELONE,ESFIR,17:49,FRXZP
9196,2023-08-14,AGDE,NON,9715,20:27,SUD EST,FIGUERES VILA TGV,PABARCELONE,ESFIR,18:51,FRXAG
9197,2023-08-14,SAUMUR,OUI,5358,22:29,SUD EST,ANGERS ST LAUD,JCSUDATL,FRACL,22:08,FRACN
9198,2023-08-14,LYON (intramuros),NON,5358,22:29,SUD EST,ANGERS ST LAUD,JCSUDATL,FRACL,18:30,FRLPD
9199,2023-08-14,VALENCE TGV RHONE-ALPES SUD,NON,5358,22:29,SUD EST,ANGERS ST LAUD,JCSUDATL,FRACL,17:42,FRVLA
9200,2023-08-14,ST PIERRE DES CORPS,OUI,5358,23:09,SUD EST,NANTES,JCSUDATL,FRNTE,21:35,FRXSH
9201,2023-08-14,MONTPELLIER SUD DE FRANCE,OUI,5358,17:37,SUD EST,VALENCE TGV RHONE-ALPES SUD,JCSUDATL,FRVLA,16:40,FRSUF
9202,2023-08-14,MONTPELLIER SUD DE FRANCE,NON,5358,22:29,SUD EST,ANGERS ST LAUD,JCSUDATL,FRACL,16:40,FRSUF
9203,2023-08-14,MONTPELLIER SUD DE FRANCE,NON,5358,22:05,SUD EST,SAUMUR,JCSUDATL,FRACN,16:40,FRSUF
9204,2023-08-14,LYON (intramuros),NON,5300,10:17,SUD EST,VALENCE TGV RHONE-ALPES SUD,JCATLSUD,FRVLA,09:39,FRLPD
9205,2023-08-14,MASSY TGV,NON,5300,11:21,SUD EST,MONTPELLIER SUD DE FRANCE,JCATLSUD,FRSUF,07:26,FRDJU
9206,2023-08-14,ANGERS ST LAUD,NON,5300,10:58,SUD EST,NIMES PONT DU GARD,JCATLSUD,FRXZP,05:30,FRACL
9207,2023-08-14,VENDOME VILLIERS SUR LOIR,OUI,8345,19:35,ATLANTIQUE,ST PIERRE DES CORPS,PAROCHELLE,FRXSH,19:16,FRESL
9208,2023-08-14,ST PIERRE DES CORPS,OUI,8345,20:10,ATLANTIQUE,CHATELLERAULT,PAROCHELLE,FRXCX,19:44,FRXSH
9209,2023-08-14,PARIS (intramuros),NON,8437,13:02,ATLANTIQUE,BORDEAUX ST JEAN,PASUDOUEST,FRBOJ,10:03,FRPMO
9210,2023-08-14,ST PIERRE DES CORPS,NON,8437,13:02,ATLANTIQUE,BORDEAUX ST JEAN,PASUDOUEST,FRBOJ,11:11,FRXSH
9211,2023-08-14,ST PIERRE DES CORPS,NON,8437,11:41,ATLANTIQUE,POITIERS,PASUDOUEST,FRPIS,11:11,FRXSH
9212,2023-08-14,BORDEAUX ST JEAN,NON,8571,10:04,ATLANTIQUE,DAX,PASUDOUEST,FRACG,08:54,FRBOJ
9213,2023-08-14,LOURDES,OUI,8571,11:47,ATLANTIQUE,TARBES,PASUDOUEST,FRXTB,11:31,FRLDE
9214,2023-08-14,DOL DE BRETAGNE,NON,8088,19:01,ATLANTIQUE,LAVAL,BRETAPARIS,FRACR,17:58,FRDOL
9215,2023-08-14,DOL DE BRETAGNE,NON,8088,20:20,ATLANTIQUE,PARIS (intramuros),BRETAPARIS,FRPMO,17:58,FRDOL
9216,2023-08-14,ST MALO,NON,8088,20:20,ATLANTIQUE,PARIS (intramuros),BRETAPARIS,FRPMO,17:42,FRXSB
9217,2023-08-14,NIORT,OUI,8362,10:35,ATLANTIQUE,ST PIERRE DES CORPS,ROCHELLEPA,FRXSH,09:29,FRNIT
9218,2023-08-14,ST PIERRE DES CORPS,OUI,8362,11:40,ATLANTIQUE,PARIS (intramuros),ROCHELLEPA,FRPMO,10:39,FRXSH
9219,2023-08-14,CARCASSONNE,NON,4762,18:26,IC ARO,AGEN,TJOURSESO,FRAGF,16:33,FRCCF
9220,2023-08-14,CARCASSONNE,NON,4762,19:32,IC ARO,BORDEAUX ST JEAN,TJOURSESO,FRBOJ,16:33,FRCCF
9221,2023-08-14,CARCASSONNE,NON,4762,17:49,IC ARO,MONTAUBAN VILLE BOURBON,TJOURSESO,FRXMW,16:33,FRCCF
9222,2023-08-14,NIMES,NON,4762,17:49,IC ARO,MONTAUBAN VILLE BOURBON,TJOURSESO,FRXMW,14:38,FRFNI
9223,2023-08-14,NIMES,NON,4762,15:59,IC ARO,NARBONNE,TJOURSESO,FRXNA,14:38,FRFNI
9224,2023-08-14,MONTPELLIER SAINT-ROCH,NON,4762,17:49,IC ARO,MONTAUBAN VILLE BOURBON,TJOURSESO,FRXMW,15:06,FRMPL
9225,2023-08-14,MARSEILLE ST CHARLES,NON,4762,15:59,IC ARO,NARBONNE,TJOURSESO,FRXNA,13:23,FRMSC
9226,2023-08-14,NARBONNE,NON,4762,18:26,IC ARO,AGEN,TJOURSESO,FRAGF,16:02,FRXNA
9227,2023-08-14,NARBONNE,NON,4762,19:32,IC ARO,BORDEAUX ST JEAN,TJOURSESO,FRBOJ,16:02,FRXNA
9228,2023-08-14,ANGERS ST LAUD,NON,4504,18:46,IC SRO,NANTES,JOURLYNNTE,FRNTE,17:54,FRACL
9229,2023-08-14,LYON (intramuros),NON,4504,13:03,IC SRO,ROANNE,JOURLYNNTE,FRRNE,12:00,FRLPD
9230,2023-08-14,LYON (intramuros),NON,4504,14:05,IC SRO,MOULINS SUR ALLIER,JOURLYNNTE,FRXMU,12:00,FRLPD
9231,2023-08-14,LYON (intramuros),NON,4504,14:36,IC SRO,NEVERS,JOURLYNNTE,FRNVS,11:47,FRLPE
9232,2023-08-14,LYON (intramuros),NON,4504,13:03,IC SRO,ROANNE,JOURLYNNTE,FRRNE,11:47,FRLPE
9233,2023-08-14,LYON (intramuros),NON,4504,15:48,IC SRO,VIERZON VILLE,JOURLYNNTE,FRXVZ,11:47,FRLPE
9234,2023-08-14,ROANNE,NON,4504,15:28,IC SRO,BOURGES,JOURLYNNTE,FRBOU,13:06,FRRNE
9235,2023-08-14,ROANNE,NON,4504,15:48,IC SRO,VIERZON VILLE,JOURLYNNTE,FRXVZ,13:06,FRRNE
9236,2023-08-14,ST GERMAIN DES FOSSES,NON,4504,14:36,IC SRO,NEVERS,JOURLYNNTE,FRNVS,13:45,FRSGF
9237,2023-08-14,MOULINS SUR ALLIER,NON,4504,18:46,IC SRO,NANTES,JOURLYNNTE,FRNTE,14:07,FRXMU
9238,2023-08-14,ST PIERRE DES CORPS,NON,4504,17:52,IC SRO,ANGERS ST LAUD,JOURLYNNTE,FRACL,16:58,FRXSH
9239,2023-08-14,AIX EN PROVENCE TGV,NON,6132,22:22,SUD EST,PARIS (intramuros),PROVENCEPA,FRPLY,19:18,FRAIE
9240,2023-08-14,GUINGAMP,NON,8646,23:08,ATLANTIQUE,PARIS (intramuros),BRETAPARIS,FRPMO,20:24,FRGGP
9241,2023-08-14,GUINGAMP,NON,8646,21:29,ATLANTIQUE,RENNES,BRETAPARIS,FRRNS,20:24,FRGGP
9242,2023-08-14,MORLAIX,OUI,8646,20:38,ATLANTIQUE,ST BRIEUC,BRETAPARIS,FRSBK,19:55,FRMXN
9243,2023-08-14,LYON (intramuros),OUI,6634,23:09,SUD EST,PARIS (intramuros),RHONEPARIS,FRPLY,21:03,FRLPD
9244,2023-08-14,LYON (intramuros),OUI,6634,21:45,SUD EST,LE CREUSOT MONTCEAU MONTCHANIN,RHONEPARIS,FRXCC,21:03,FRLPD
9245,2023-08-14,LILLE (intramuros),OUI,7044,15:44,NORD,PARIS (intramuros),LILLEPA,FRPNO,14:42,FRADJ
9246,2023-08-14,MONTAUBAN VILLE BOURBON,OUI,8504,09:32,ATLANTIQUE,AGEN,SUDOUESTPA,FRAGF,08:57,FRXMW
9247,2023-08-14,HENDAYE,OUI,8540,13:11,ATLANTIQUE,ST JEAN DE LUZ CIBOURE,SUDOUESTPA,FRXJZ,13:01,FRAEF
9248,2023-08-14,ST JEAN DE LUZ CIBOURE,NON,8540,17:52,ATLANTIQUE,PARIS (intramuros),SUDOUESTPA,FRPMO,13:14,FRXJZ
9249,2023-08-14,ST JEAN DE LUZ CIBOURE,OUI,8540,13:39,ATLANTIQUE,BAYONNE,SUDOUESTPA,FRXBY,13:14,FRXJZ
9250,2023-08-14,BOURG EN BRESSE,NON,9763,11:30,INTERNATIONAL,GENEVE,PAGENEVE,CHGVA,10:12,FRXBK
9251,2023-08-14,DIJON VILLE,NON,9879,17:50,EST,VALENCE TGV RHONE-ALPES SUD,JCRHINRHON,FRVLA,15:21,FRABA
9252,2023-08-14,METZ VILLE,NON,9879,17:50,EST,VALENCE TGV RHONE-ALPES SUD,JCRHINRHON,FRVLA,12:12,FRADE
9253,2023-08-14,STRASBOURG,NON,9879,14:41,EST,BESANCON - F COMTE TGV,JCRHINRHON,FRTJB,13:06,FRAEG
9254,2023-08-14,BELFORT-MONTBELIARD TGV,NON,9879,17:50,EST,VALENCE TGV RHONE-ALPES SUD,JCRHINRHON,FRVLA,14:21,FRTJA
9255,2023-08-14,BESANCON - F COMTE TGV,NON,9879,16:18,EST,MACON VILLE,JCRHINRHON,FRHGU,14:44,FRTJB
9256,2023-08-14,BESANCON - F COMTE TGV,NON,9879,16:56,EST,LYON (intramuros),JCRHINRHON,FRLPD,14:44,FRTJB
9257,2023-08-14,BESANCON - F COMTE TGV,NON,9879,17:50,EST,VALENCE TGV RHONE-ALPES SUD,JCRHINRHON,FRVLA,14:44,FRTJB
9258,2023-08-14,THIONVILLE,NON,9879,16:56,EST,LYON (intramuros),JCRHINRHON,FRLPD,11:48,FRXTH
9259,2023-08-14,THIONVILLE,NON,9879,14:41,EST,BESANCON - F COMTE TGV,JCRHINRHON,FRTJB,11:48,FRXTH
9260,2023-08-14,LUXEMBOURG,NON,9879,16:18,EST,MACON VILLE,JCRHINRHON,FRHGU,11:24,LULUX
9261,2023-08-14,STRASBOURG,NON,9879,18:53,EST,MONTPELLIER SUD DE FRANCE,JCRHINRHON,FRSUF,13:06,FRAEG
9262,2023-08-14,DIJON VILLE,NON,9879,18:53,EST,MONTPELLIER SUD DE FRANCE,JCRHINRHON,FRSUF,15:21,FRABA
9263,2023-08-14,BELFORT-MONTBELIARD TGV,NON,9879,18:53,EST,MONTPELLIER SUD DE FRANCE,JCRHINRHON,FRSUF,14:21,FRTJA
9264,2023-08-14,THIONVILLE,NON,9879,18:53,EST,MONTPELLIER SUD DE FRANCE,JCRHINRHON,FRSUF,11:48,FRXTH
9265,2023-08-14,LUXEMBOURG,NON,9879,18:31,EST,NIMES PONT DU GARD,JCRHINRHON,FRXZP,11:24,LULUX
9266,2023-08-14,LUXEMBOURG,OUI,2854,07:00,EST,THIONVILLE,LUXMETZPA,FRXTH,06:40,LULUX
9267,2023-08-14,CHAMBERY CHALLES LES EAUX,NON,6984,22:17,SUD EST,PARIS (intramuros),ALPESPARIS,FRPLY,19:22,FRCMF
9268,2023-08-14,ANNECY,OUI,6984,19:09,SUD EST,CHAMBERY CHALLES LES EAUX,ALPESPARIS,FRCMF,18:31,FRNCY
9269,2023-08-14,QUIMPER,NON,8730,19:06,ATLANTIQUE,PARIS (intramuros),BRETAPARIS,FRPMO,15:10,FRUIP
9270,2023-08-14,QUIMPER,NON,8730,17:25,ATLANTIQUE,RENNES,BRETAPARIS,FRRNS,15:10,FRUIP
9271,2023-08-14,TOULOUSE MATABIAU,OUI,3750,06:50,IC NUIT,PARIS (intramuros),OCCITANPAR,FRPAZ,22:18,FRXYT
9272,2023-08-14,CAHORS,OUI,3750,05:40,IC NUIT,LES AUBRAIS ORLEANS,OCCITANPAR,FRLAB,23:29,FRZAO
9273,2023-08-14,CAHORS,OUI,3750,06:50,IC NUIT,PARIS (intramuros),OCCITANPAR,FRPAZ,23:29,FRZAO
9274,2023-08-14,NURIEUX,NON,9764,11:42,INTERNATIONAL,PARIS (intramuros),GENEVEPA,FRPLY,09:25,FRHQN
9275,2023-08-14,NURIEUX,NON,9764,09:49,INTERNATIONAL,BOURG EN BRESSE,GENEVEPA,FRXBK,09:25,FRHQN
9276,2023-08-14,ISSOUDUN,OUI,3675,20:45,IC ARO,CHATEAUROUX,PALITO,FRCHR,20:31,FRFMN
9277,2023-08-14,ISSOUDUN,OUI,3675,21:23,IC ARO,LA SOUTERRAINE,PALITO,FRLST,20:31,FRFMN
9278,2023-08-14,VITRY LE FRANCOIS GARE,OUI,2778,07:15,EST,CHAMPAGNE-ARDENNE,SEDBARPA,FREAH,06:36,FRBFO
9279,2023-08-14,CHAMPAGNE-ARDENNE,OUI,2778,08:01,EST,PARIS (intramuros),SEDBARPA,FRPST,07:18,FREAH
9280,2023-08-14,BAR LE DUC,OUI,2778,06:33,EST,VITRY LE FRANCOIS GARE,SEDBARPA,FRBFO,06:10,FRXBD
9281,2023-08-14,CHALONS EN CHAMPAGNE,OUI,2778,08:01,EST,PARIS (intramuros),SEDBARPA,FRPST,06:55,FRXCR
9282,2023-08-14,SABLE SUR SARTHE,OUI,8147,15:55,ATLANTIQUE,NANTES,PARISLOIRE,FRNTE,14:54,FRSAB
9283,2023-08-14,BRUXELLES MIDI BRUSSEL ZUID,NON,9830,17:00,NORD,LYON (intramuros),JCNORDSUD,FRLPD,13:17,BEBMI
9284,2023-08-14,LILLE (intramuros),OUI,9830,14:53,NORD,AEROPORT CDG2 TGV ROISSY,JCNORDSUD,FRMLW,14:03,FRLLE
9285,2023-08-14,MARNE LA VALLEE CHESSY,NON,9830,18:13,NORD,AVIGNON TGV,JCNORDSUD,FRAVG,15:15,FRMLV
9286,2023-08-14,MARNE LA VALLEE CHESSY,NON,9830,18:56,NORD,MARSEILLE ST CHARLES,JCNORDSUD,FRMSC,15:15,FRMLV
9287,2023-08-14,STRASBOURG,OUI,5486,08:06,EST,LORRAINE TGV,JCESTATL,FREAM,07:31,FRAEG
9288,2023-08-14,MASSY TGV,NON,5486,12:36,EST,ANGERS ST LAUD,JCESTATL,FRACL,10:38,FRDJU
9289,2023-08-14,MASSY TGV,NON,5486,11:32,EST,ST PIERRE DES CORPS,JCESTATL,FRXSH,10:38,FRDJU
9290,2023-08-14,CHAMPAGNE-ARDENNE,NON,5486,10:34,EST,MASSY TGV,JCESTATL,FRDJU,08:58,FREAH
9291,2023-08-14,LORRAINE TGV,NON,5486,09:28,EST,AEROPORT CDG2 TGV ROISSY,JCESTATL,FRMLW,08:09,FREAM
9292,2023-08-14,MARNE LA VALLEE CHESSY,NON,5486,12:36,EST,ANGERS ST LAUD,JCESTATL,FRACL,10:02,FRMLV
9293,2023-08-14,MARNE LA VALLEE CHESSY,NON,5486,10:34,EST,MASSY TGV,JCESTATL,FRDJU,10:02,FRMLV
9294,2023-08-14,MARNE LA VALLEE CHESSY,NON,5486,11:32,EST,ST PIERRE DES CORPS,JCESTATL,FRXSH,10:02,FRMLV
9295,2023-08-14,AEROPORT CDG2 TGV ROISSY,NON,5486,12:36,EST,ANGERS ST LAUD,JCESTATL,FRACL,09:45,FRMLW
9296,2023-08-14,AEROPORT CDG2 TGV ROISSY,NON,5486,11:32,EST,ST PIERRE DES CORPS,JCESTATL,FRXSH,09:45,FRMLW
9297,2023-08-14,ST PIERRE DES CORPS,NON,5486,12:36,EST,ANGERS ST LAUD,JCESTATL,FRACL,11:40,FRXSH
9298,2023-08-14,AIX EN PROVENCE TGV,NON,6124,16:38,SUD EST,AVIGNON TGV,AZURPA,FRAVG,16:19,FRAIE
9299,2023-08-14,AVIGNON TGV,NON,6124,19:22,SUD EST,PARIS (intramuros),AZURPA,FRPLY,16:41,FRAVG
9300,2023-08-14,DIJON VILLE,NON,9898,13:24,EST,METZ VILLE,JCRHONRHIN,FRADE,10:08,FRABA
9301,2023-08-14,DIJON VILLE,NON,9898,10:57,EST,BELFORT-MONTBELIARD TGV,JCRHONRHIN,FRTJA,10:08,FRABA
9302,2023-08-14,DIJON VILLE,NON,9898,13:48,EST,THIONVILLE,JCRHONRHIN,FRXTH,10:08,FRABA
9303,2023-08-14,STRASBOURG,OUI,9898,14:15,EST,LUXEMBOURG,JCRHONRHIN,LULUX,12:31,FRAEG
9304,2023-08-14,COLMAR,NON,9898,13:24,EST,METZ VILLE,JCRHONRHIN,FRADE,11:52,FRAEJ
9305,2023-08-14,COLMAR,NON,9898,13:48,EST,THIONVILLE,JCRHONRHIN,FRXTH,11:52,FRAEJ
9306,2023-08-14,NIMES,NON,9898,13:24,EST,METZ VILLE,JCRHONRHIN,FRADE,06:57,FRFNI
9307,2023-08-14,NIMES,NON,9898,10:34,EST,BESANCON - F COMTE TGV,JCRHONRHIN,FRTJB,06:57,FRFNI
9308,2023-08-14,LYON (intramuros),NON,9898,14:15,EST,LUXEMBOURG,JCRHONRHIN,LULUX,08:30,FRLPD
9309,2023-08-14,MONTPELLIER SAINT-ROCH,NON,9898,12:24,EST,STRASBOURG,JCRHONRHIN,FRAEG,06:29,FRMPL
9310,2023-08-14,MONTPELLIER SAINT-ROCH,NON,9898,13:48,EST,THIONVILLE,JCRHONRHIN,FRXTH,06:29,FRMPL
9311,2023-08-14,MONTPELLIER SAINT-ROCH,NON,9898,14:15,EST,LUXEMBOURG,JCRHONRHIN,LULUX,06:29,FRMPL
9312,2023-08-14,BELFORT-MONTBELIARD TGV,NON,9898,12:24,EST,STRASBOURG,JCRHONRHIN,FRAEG,10:59,FRTJA
9313,2023-08-14,BELFORT-MONTBELIARD TGV,NON,9898,14:15,EST,LUXEMBOURG,JCRHONRHIN,LULUX,10:59,FRTJA
9314,2023-08-14,VALENCE TGV RHONE-ALPES SUD,NON,9898,13:24,EST,METZ VILLE,JCRHONRHIN,FRADE,07:44,FRVLA
9315,2023-08-14,VALENCE TGV RHONE-ALPES SUD,NON,9898,12:24,EST,STRASBOURG,JCRHONRHIN,FRAEG,07:44,FRVLA
9316,2023-08-14,VALENCE TGV RHONE-ALPES SUD,NON,9898,11:49,EST,COLMAR,JCRHONRHIN,FRAEJ,07:44,FRVLA
9317,2023-08-14,ST MALO,NON,8084,15:06,ATLANTIQUE,PARIS (intramuros),BRETAPARIS,FRPMO,12:42,FRXSB
9318,2023-08-14,BEZIERS,NON,6823,15:31,SUD EST,CARCASSONNE,JCPROVSUD,FRCCF,14:47,FRBZR
9319,2023-08-14,CARCASSONNE,NON,6823,16:19,SUD EST,TOULOUSE MATABIAU,JCPROVSUD,FRXYT,15:34,FRCCF
9320,2023-08-14,NIMES,NON,6823,14:03,SUD EST,MONTPELLIER SAINT-ROCH,JCPROVSUD,FRMPL,13:37,FRFNI
9321,2023-08-14,LYON (intramuros),NON,6823,14:44,SUD EST,BEZIERS,JCPROVSUD,FRBZR,12:06,FRLPD
9322,2023-08-14,MONTPELLIER SAINT-ROCH,NON,6823,16:19,SUD EST,TOULOUSE MATABIAU,JCPROVSUD,FRXYT,14:09,FRMPL
9323,2023-08-14,VALENCE TGV RHONE-ALPES SUD,NON,6823,13:34,SUD EST,NIMES,JCPROVSUD,FRFNI,12:50,FRVLA
9324,2023-08-14,JONZAC,NON,3837,22:08,IC SRO,BORDEAUX ST JEAN,NANTEBORDO,FRBOJ,21:11,FREMR
9325,2023-08-14,LUCON,NON,3837,19:39,IC SRO,LA ROCHELLE VILLE,NANTEBORDO,FRLRH,19:00,FRLCN
9326,2023-08-14,NANTES,NON,3837,20:32,IC SRO,SAINTES,NANTEBORDO,FRXST,17:55,FRNTE
9327,2023-08-14,ROCHEFORT,NON,3837,21:10,IC SRO,JONZAC,NANTEBORDO,FREMR,20:05,FRRCO
9328,2023-08-14,LA ROCHE SUR YON,NON,3837,21:10,IC SRO,JONZAC,NANTEBORDO,FREMR,18:36,FRXRO
9329,2023-08-14,LA ROCHE SUR YON,NON,3837,20:32,IC SRO,SAINTES,NANTEBORDO,FRXST,18:36,FRXRO
9330,2023-08-14,PARIS (intramuros),OUI,6919,16:05,SUD EST,LYON-SAINT EXUPERY TGV,PAGRENOBLE,FRJDQ,14:14,FRPLY
9331,2023-08-14,PARIS (intramuros),NON,6613,13:10,SUD EST,LE CREUSOT MONTCEAU MONTCHANIN,PARISRHONE,FRXCC,11:52,FRPLY
9332,2023-08-14,LE CREUSOT MONTCEAU MONTCHANIN,NON,6613,14:10,SUD EST,LYON (intramuros),PARISRHONE,FRLPE,13:13,FRXCC
9333,2023-08-14,LYON (intramuros),OUI,6689,21:48,SUD EST,ST ETIENNE CHATEAUCREUX,PARISRHONE,FRHHD,21:06,FRLPD
9334,2023-08-14,AIX EN PROVENCE TGV,NON,6852,22:14,SUD EST,LYON (intramuros),JCSUDPROV,FRLPD,20:32,FRAIE
9335,2023-08-14,AVIGNON TGV,NON,6852,21:27,SUD EST,VALENCE TGV RHONE-ALPES SUD,JCSUDPROV,FRVLA,20:55,FRAVG
9336,2023-08-14,CANNES,NON,6852,20:29,SUD EST,AIX EN PROVENCE TGV,JCSUDPROV,FRAIE,17:59,FRJCA
9337,2023-08-14,MARSEILLE ST CHARLES,NON,6852,20:29,SUD EST,AIX EN PROVENCE TGV,JCSUDPROV,FRAIE,20:18,FRMSC
9338,2023-08-14,NICE VILLE,NON,6852,20:52,SUD EST,AVIGNON TGV,JCSUDPROV,FRAVG,17:27,FRNIC
9339,2023-08-14,VALENCE TGV RHONE-ALPES SUD,OUI,6852,22:14,SUD EST,LYON (intramuros),JCSUDPROV,FRLPD,21:30,FRVLA
9340,2023-08-14,LES ARCS DRAGUIGNAN,NON,6852,20:29,SUD EST,AIX EN PROVENCE TGV,JCSUDPROV,FRAIE,18:40,FRXRS
9341,2023-08-14,MARNE LA VALLEE CHESSY,NON,5240,21:21,NORD,ANGOULEME,JCNORDAQUI,FRANG,18:32,FRMLV
9342,2023-08-14,MARNE LA VALLEE CHESSY,NON,5240,20:40,NORD,POITIERS,JCNORDAQUI,FRPIS,18:32,FRMLV
9343,2023-08-14,ST PIERRE DES CORPS,OUI,5240,22:02,NORD,BORDEAUX ST JEAN,JCNORDAQUI,FRBOJ,20:10,FRXSH
9344,2023-08-14,LYON (intramuros),OUI,6663,19:36,SUD EST,LYON (intramuros),PARISRHONE,FRLPE,19:28,FRLPD
9345,2023-08-14,MARSEILLE ST CHARLES,OUI,6112,09:39,SUD EST,AVIGNON TGV,PROVENCEPA,FRAVG,09:04,FRMSC
9346,2023-08-14,AVIGNON TGV,OUI,6150,09:46,SUD EST,PARIS (intramuros),AZURPA,FRPLY,07:04,FRAVG
9347,2023-08-14,PARIS (intramuros),NON,2817,15:04,EST,METZ VILLE,PAMETZLUX,FRADE,13:40,FRPST
9348,2023-08-14,PARIS (intramuros),NON,9571,10:05,INTERNATIONAL,STUTTGART HBF,PASTUTMUN,DESGT,06:55,FRPST
9349,2023-08-14,PARIS (intramuros),NON,9571,08:41,INTERNATIONAL,STRASBOURG,PASTUTMUN,FRAEG,06:55,FRPST
9350,2023-08-14,PARIS (intramuros),NON,8473,14:10,ATLANTIQUE,ARCACHON,PASUDOUEST,FRXAC,11:08,FRPMO
9351,2023-08-14,NIMES,OUI,6225,21:48,SUD EST,AGDE,PALANG,FRXAG,20:46,FRFNI
9352,2023-08-14,MONTPELLIER SAINT-ROCH,OUI,6225,21:31,SUD EST,SETE,PALANG,FRXSY,21:17,FRMPL
9353,2023-08-14,PARIS (intramuros),NON,6225,21:31,SUD EST,SETE,PALANG,FRXSY,17:42,FRPLY
9354,2023-08-14,VALENCE TGV RHONE-ALPES SUD,NON,6225,22:03,SUD EST,BEZIERS,PALANG,FRBZR,19:57,FRVLA
9355,2023-08-14,VALENCE TGV RHONE-ALPES SUD,NON,6225,21:48,SUD EST,AGDE,PALANG,FRXAG,19:57,FRVLA
9356,2023-08-14,NARBONNE,OUI,6225,22:56,SUD EST,PERPIGNAN,PALANG,FRPGF,22:23,FRXNA
9357,2023-08-14,SETE,OUI,6225,22:03,SUD EST,BEZIERS,PALANG,FRBZR,21:34,FRXSY
9358,2023-08-14,SETE,OUI,6225,22:56,SUD EST,PERPIGNAN,PALANG,FRPGF,21:34,FRXSY
9359,2023-08-14,MASSY TGV,NON,5280,14:27,NORD,MARNE LA VALLEE CHESSY,JCBRETNORD,FRMLV,13:55,FRDJU
9360,2023-08-14,MASSY TGV,NON,5280,14:41,NORD,AEROPORT CDG2 TGV ROISSY,JCBRETNORD,FRMLW,13:55,FRDJU
9361,2023-08-14,MARNE LA VALLEE CHESSY,NON,5280,14:41,NORD,AEROPORT CDG2 TGV ROISSY,JCBRETNORD,FRMLW,14:31,FRMLV
9362,2023-08-14,RENNES,NON,5280,14:27,NORD,MARNE LA VALLEE CHESSY,JCBRETNORD,FRMLV,12:00,FRRNS
9363,2023-08-14,AVIGNON CENTRE,OUI,6195,21:18,SUD EST,ARLES,PAVDR,FRHZA,21:00,FRAES
9364,2023-08-14,ARLES,OUI,6195,21:40,SUD EST,MIRAMAS,PAVDR,FRMAZ,21:21,FRHZA
9365,2023-08-14,VALENCE VILLE,OUI,6195,21:18,SUD EST,ARLES,PAVDR,FRHZA,19:49,FRVAF
9366,2023-08-14,MONTELIMAR GARE SNCF,OUI,6195,21:40,SUD EST,MIRAMAS,PAVDR,FRMAZ,20:13,FRXMK
9367,2023-08-14,ORANGE,OUI,6195,20:57,SUD EST,AVIGNON CENTRE,PAVDR,FRAES,20:41,FRXOG
9368,2023-08-14,LORIENT,OUI,8725,18:40,ATLANTIQUE,QUIMPER,PARISBRETA,FRUIP,17:58,FRLRT
9369,2023-08-14,PARIS (intramuros),NON,8725,18:09,ATLANTIQUE,QUIMPERLE,PARISBRETA,FRECO,14:59,FRPMO
9370,2023-08-14,PARIS (intramuros),NON,8725,17:37,ATLANTIQUE,AURAY,PARISBRETA,FRXUY,14:59,FRPMO
9371,2023-08-14,VANNES,OUI,8725,18:25,ATLANTIQUE,ROSPORDEN,PARISBRETA,FRRSP,17:27,FRVNE
9372,2023-08-14,MARSEILLE ST CHARLES,OUI,6106,07:15,SUD EST,AIX EN PROVENCE TGV,PROVENCEPA,FRAIE,07:04,FRMSC
9373,2023-08-14,MARSEILLE ST CHARLES,OUI,6106,07:38,SUD EST,AVIGNON TGV,PROVENCEPA,FRAVG,07:04,FRMSC
9374,2023-08-14,SAVERDUN,NON,3972,07:19,IC NUIT,PARIS (intramuros),PALOMBEPAR,FRPAZ,21:34,FRFPU
9375,2023-08-14,PORTE PUYMORENS,NON,3972,06:08,IC NUIT,LES AUBRAIS ORLEANS,PALOMBEPAR,FRLAB,19:40,FRFQF
9376,2023-08-14,PORTE PUYMORENS,NON,3972,07:19,IC NUIT,PARIS (intramuros),PALOMBEPAR,FRPAZ,19:40,FRFQF
9377,2023-08-14,MERENS LES VALS,NON,3972,07:19,IC NUIT,PARIS (intramuros),PALOMBEPAR,FRPAZ,20:07,FRFQH
9378,2023-08-14,FOIX,NON,3972,07:19,IC NUIT,PARIS (intramuros),PALOMBEPAR,FRPAZ,21:08,FRXFX
9379,2023-08-14,LATOUR DE CAROL ENVEITG,NON,3972,07:19,IC NUIT,PARIS (intramuros),PALOMBEPAR,FRPAZ,19:23,FRXTE
9380,2023-08-14,BORDEAUX ST JEAN,OUI,8432,07:33,ATLANTIQUE,ANGOULEME,SUDOUESTPA,FRANG,06:58,FRBOJ
9381,2023-08-14,MONTBARD,NON,6743,16:31,SUD EST,DIJON VILLE,PABOUR,FRABA,15:57,FRGWE
9382,2023-08-14,MONTBARD,NON,6743,17:27,SUD EST,BESANCON VIOTTE,PABOUR,FRABG,15:57,FRGWE
9383,2023-08-14,PARIS (intramuros),NON,6743,16:31,SUD EST,DIJON VILLE,PABOUR,FRABA,14:52,FRPLY
9384,2023-08-14,PARIS (intramuros),OUI,7297,00:07,NORD,TOURCOING,PAARRAS,FRADM,22:25,FRPNO
9385,2023-08-14,PARIS (intramuros),OUI,7297,23:57,NORD,CROIX WASQUEHAL,PAARRAS,FRCKH,22:25,FRPNO
9386,2023-08-14,PARIS (intramuros),OUI,7391,21:14,NORD,ARRAS,PAARRAS,FRQRV,20:25,FRPNO
9387,2023-08-14,PARIS (intramuros),OUI,7391,21:51,NORD,BETHUNE,PAARRAS,FRXBH,20:25,FRPNO
9388,2023-08-14,PARIS (intramuros),OUI,7391,21:37,NORD,LENS,PAARRAS,FRXLE,20:25,FRPNO
9389,2023-08-14,CHAMPAGNE-ARDENNE,OUI,2625,20:10,EST,METZ VILLE,PAMETZLUX,FRADE,19:22,FREAH
9390,2023-08-14,VALLORBE,NON,9268,13:13,INTERNATIONAL,FRASNE,SUISPA,FRFRA,13:00,CHAGL
9391,2023-08-14,LAUSANNE,NON,9268,14:24,INTERNATIONAL,DIJON VILLE,SUISPA,FRABA,12:23,CHAJF
9392,2023-08-14,LAUSANNE,NON,9268,13:13,INTERNATIONAL,FRASNE,SUISPA,FRFRA,12:23,CHAJF
9393,2023-08-14,PARIS (intramuros),OUI,2785,20:32,EST,CHALONS EN CHAMPAGNE,PABARSED,FRXCR,19:28,FRPST
9394,2023-08-14,CHALONS EN CHAMPAGNE,OUI,2785,21:19,EST,BAR LE DUC,PABARSED,FRXBD,20:35,FRXCR
9395,2023-08-14,CHATEAUROUX,OUI,3685,22:55,IC ARO,LIMOGES BENEDICTINS,PALITO,FRAGQ,21:41,FRCHR
9396,2023-08-14,PARIS (intramuros),NON,3685,00:01,IC ARO,BRIVE LA GAILLARDE,PALITO,FRBVE,19:39,FRPAZ
9397,2023-08-14,VIERZON VILLE,NON,3685,22:55,IC ARO,LIMOGES BENEDICTINS,PALITO,FRAGQ,21:10,FRXVZ
9398,2023-08-14,VIERZON VILLE,NON,3685,00:01,IC ARO,BRIVE LA GAILLARDE,PALITO,FRBVE,21:10,FRXVZ
9399,2023-08-14,BRUXELLES MIDI BRUSSEL ZUID,NON,9826,12:08,NORD,MARNE LA VALLEE CHESSY,JCNORDSUD,FRMLV,10:17,BEBMI
9400,2023-08-14,LILLE (intramuros),NON,9826,14:00,NORD,LYON (intramuros),JCNORDSUD,FRLPD,11:03,FRLLE
9401,2023-08-14,LILLE (intramuros),NON,9826,11:53,NORD,AEROPORT CDG2 TGV ROISSY,JCNORDSUD,FRMLW,11:03,FRLLE
9402,2023-08-14,LILLE (intramuros),NON,9826,14:48,NORD,VALENCE TGV RHONE-ALPES SUD,JCNORDSUD,FRVLA,11:03,FRLLE
9403,2023-08-14,MARNE LA VALLEE CHESSY,NON,9826,14:00,NORD,LYON (intramuros),JCNORDSUD,FRLPD,12:13,FRMLV
9404,2023-08-14,MARNE LA VALLEE CHESSY,NON,9826,15:51,NORD,MONTPELLIER SUD DE FRANCE,JCNORDSUD,FRSUF,12:13,FRMLV
9405,2023-08-14,BRUXELLES MIDI BRUSSEL ZUID,NON,9826,15:51,NORD,MONTPELLIER SUD DE FRANCE,JCNORDSUD,FRSUF,10:17,BEBMI
9406,2023-08-14,LYON (intramuros),NON,9826,15:30,NORD,NIMES PONT DU GARD,JCNORDSUD,FRXZP,14:10,FRLPD
9407,2023-08-14,AEROPORT CDG2 TGV ROISSY,NON,9826,15:30,NORD,NIMES PONT DU GARD,JCNORDSUD,FRXZP,11:59,FRMLW
9408,2023-08-14,AGEN,OUI,4760,17:33,IC ARO,BORDEAUX ST JEAN,TJOURSESO,FRBOJ,16:27,FRAGF
9409,2023-08-14,NIMES,OUI,4760,13:02,IC ARO,MONTPELLIER SAINT-ROCH,TJOURSESO,FRMPL,12:38,FRFNI
9410,2023-08-14,NIMES,NON,4760,13:20,IC ARO,SETE,TJOURSESO,FRXSY,12:38,FRFNI
9411,2023-08-14,NIMES,NON,4760,15:16,IC ARO,TOULOUSE MATABIAU,TJOURSESO,FRXYT,12:38,FRFNI
9412,2023-08-14,ARLES,NON,4760,13:02,IC ARO,MONTPELLIER SAINT-ROCH,TJOURSESO,FRMPL,12:09,FRHZA
9413,2023-08-14,MONTPELLIER SAINT-ROCH,NON,4760,17:33,IC ARO,BORDEAUX ST JEAN,TJOURSESO,FRBOJ,13:06,FRMPL
9414,2023-08-14,MONTPELLIER SAINT-ROCH,NON,4760,13:20,IC ARO,SETE,TJOURSESO,FRXSY,13:06,FRMPL
9415,2023-08-14,MONTPELLIER SAINT-ROCH,NON,4760,15:16,IC ARO,TOULOUSE MATABIAU,TJOURSESO,FRXYT,13:06,FRMPL
9416,2023-08-14,MARSEILLE ST CHARLES,NON,4760,13:02,IC ARO,MONTPELLIER SAINT-ROCH,TJOURSESO,FRMPL,11:24,FRMSC
9417,2023-08-14,MONTAUBAN VILLE BOURBON,OUI,4760,17:33,IC ARO,BORDEAUX ST JEAN,TJOURSESO,FRBOJ,15:50,FRXMW
9418,2023-08-14,NARBONNE,NON,4760,15:48,IC ARO,MONTAUBAN VILLE BOURBON,TJOURSESO,FRXMW,14:04,FRXNA
9419,2023-08-14,SETE,NON,4760,17:33,IC ARO,BORDEAUX ST JEAN,TJOURSESO,FRBOJ,13:22,FRXSY
9420,2023-08-14,LAVAL,NON,8623,17:16,ATLANTIQUE,ST BRIEUC,PARISBRETA,FRSBK,16:00,FRACR
9421,2023-08-14,PARIS (intramuros),NON,8623,15:57,ATLANTIQUE,LAVAL,PARISBRETA,FRACR,14:41,FRPMO
9422,2023-08-14,PARIS (intramuros),NON,8623,18:37,ATLANTIQUE,BREST,PARISBRETA,FRBES,14:41,FRPMO
9423,2023-08-14,PARIS (intramuros),NON,8623,17:33,ATLANTIQUE,GUINGAMP,PARISBRETA,FRGGP,14:41,FRPMO
9424,2023-08-14,PARIS (intramuros),NON,8623,18:02,ATLANTIQUE,MORLAIX,PARISBRETA,FRMXN,14:41,FRPMO
9425,2023-08-14,PARIS (intramuros),NON,8623,16:25,ATLANTIQUE,RENNES,PARISBRETA,FRRNS,14:41,FRPMO
9426,2023-08-14,RENNES,NON,8623,18:02,ATLANTIQUE,MORLAIX,PARISBRETA,FRMXN,16:32,FRRNS
9427,2023-08-14,ST BRIEUC,OUI,8623,18:37,ATLANTIQUE,BREST,PARISBRETA,FRBES,17:19,FRSBK
9428,2023-08-14,STRASBOURG,NON,2350,09:16,EST,PARIS (intramuros),MULHSTRAPA,FRPST,07:19,FRAEG
9429,2023-08-14,COLMAR,NON,2350,09:16,EST,PARIS (intramuros),MULHSTRAPA,FRPST,06:38,FRAEJ
9430,2023-08-14,LE MANS,NON,8926,20:29,ATLANTIQUE,PARIS (intramuros),LOIREPARIS,FRPMO,19:31,FRAET
9431,2023-08-14,LE CROISIC,NON,8926,19:28,ATLANTIQUE,LE MANS,LOIREPARIS,FRAET,16:55,FREGU
9432,2023-08-14,LA BAULE ESCOUBLAC,NON,8926,17:59,ATLANTIQUE,NANTES,LOIREPARIS,FRNTE,17:07,FRJEE
9433,2023-08-14,LA BAULE ESCOUBLAC,OUI,8926,17:21,ATLANTIQUE,ST NAZAIRE,LOIREPARIS,FRSNR,17:07,FRJEE
9434,2023-08-14,ST NAZAIRE,NON,8926,20:29,ATLANTIQUE,PARIS (intramuros),LOIREPARIS,FRPMO,17:24,FRSNR
9435,2023-08-14,LA BAULE ESCOUBLAC,NON,8926,19:04,ATLANTIQUE,SABLE SUR SARTHE,LOIREPARIS,FRSAB,17:07,FRJEE
9436,2023-08-14,ST MALO,OUI,8082,07:42,ATLANTIQUE,LE MANS,BRETAPARIS,FRAET,05:54,FRXSB
9437,2023-08-14,PAU,NON,14140,09:35,IC SRO,ST GAUDENS,SUDOUEST,FRFPH,08:11,FRAEE
9438,2023-08-14,LOURDES,NON,14140,09:35,IC SRO,ST GAUDENS,SUDOUEST,FRFPH,08:39,FRLDE
9439,2023-08-14,TARBES,NON,14140,09:35,IC SRO,ST GAUDENS,SUDOUEST,FRFPH,08:55,FRXTB
9440,2023-08-14,TARBES,NON,14140,10:30,IC SRO,TOULOUSE MATABIAU,SUDOUEST,FRXYT,08:55,FRXTB
9441,2023-08-14,LYON (intramuros),OUI,5192,18:01,NORD,AEROPORT CDG2 TGV ROISSY,JCSUDNORD,FRMLW,16:00,FRLPD
9442,2023-08-14,LYON (intramuros),OUI,5192,18:56,NORD,ARRAS,JCSUDNORD,FRQRV,16:00,FRLPD
9443,2023-08-14,LYON (intramuros),OUI,5192,18:34,NORD,TGV HAUTE PICARDIE,JCSUDNORD,FRTHP,16:00,FRLPD
9444,2023-08-14,LYON (intramuros),OUI,5192,18:34,NORD,TGV HAUTE PICARDIE,JCSUDNORD,FRTHP,15:46,FRLPE
9445,2023-08-14,MARNE LA VALLEE CHESSY,OUI,5192,19:44,NORD,LILLE (intramuros),JCSUDNORD,FRADJ,17:51,FRMLV
9446,2023-08-14,MARNE LA VALLEE CHESSY,OUI,5192,18:34,NORD,TGV HAUTE PICARDIE,JCSUDNORD,FRTHP,17:51,FRMLV
9447,2023-08-14,LE MANS,NON,5336,14:20,SUD EST,MASSY TGV,JCATLSUD,FRDJU,13:30,FRAET
9448,2023-08-14,LE MANS,NON,5336,16:30,SUD EST,LYON (intramuros),JCATLSUD,FRLPD,13:30,FRAET
9449,2023-08-14,RENNES,NON,5336,14:20,SUD EST,MASSY TGV,JCATLSUD,FRDJU,12:30,FRRNS
9450,2023-08-14,DIJON VILLE,NON,2203,12:54,EST,MONTPELLIER SAINT-ROCH,JCRHINRHON,FRMPL,09:21,FRABA
9451,2023-08-14,STRASBOURG,OUI,2203,07:13,EST,COLMAR,JCRHINRHON,FRAEJ,06:47,FRAEG
9452,2023-08-14,STRASBOURG,NON,2203,12:54,EST,MONTPELLIER SAINT-ROCH,JCRHINRHON,FRMPL,06:47,FRAEG
9453,2023-08-14,COLMAR,OUI,2203,08:14,EST,BELFORT-MONTBELIARD TGV,JCRHINRHON,FRTJA,07:16,FRAEJ
9454,2023-08-14,MULHOUSE VILLE,NON,2203,10:56,EST,LYON (intramuros),JCRHINRHON,FRLPD,07:52,FRAEK
9455,2023-08-14,MULHOUSE VILLE,OUI,2203,08:14,EST,BELFORT-MONTBELIARD TGV,JCRHINRHON,FRTJA,07:52,FRAEK
9456,2023-08-14,MULHOUSE VILLE,OUI,2203,08:38,EST,BESANCON - F COMTE TGV,JCRHINRHON,FRTJB,07:52,FRAEK
9457,2023-08-14,MULHOUSE VILLE,NON,2203,09:54,EST,CHALON SUR SAONE,JCRHINRHON,FRXCD,07:52,FRAEK
9458,2023-08-14,BELFORT-MONTBELIARD TGV,OUI,2203,08:38,EST,BESANCON - F COMTE TGV,JCRHINRHON,FRTJB,08:17,FRTJA
9459,2023-08-14,BESANCON - F COMTE TGV,NON,2203,10:56,EST,LYON (intramuros),JCRHINRHON,FRLPD,08:41,FRTJB
9460,2023-08-14,BESANCON - F COMTE TGV,NON,2203,12:54,EST,MONTPELLIER SAINT-ROCH,JCRHINRHON,FRMPL,08:41,FRTJB
9461,2023-08-14,BESANCON - F COMTE TGV,NON,2203,09:54,EST,CHALON SUR SAONE,JCRHINRHON,FRXCD,08:41,FRTJB
9462,2023-08-14,PARIS (intramuros),NON,6051,14:59,SUD EST,MONTPELLIER SUD DE FRANCE,PALANG,FRSUF,11:46,FRPLY
9463,2023-08-14,LYON (intramuros),OUI,6604,09:06,SUD EST,PARIS (intramuros),RHONEPARIS,FRPLY,07:04,FRLPD
9464,2023-08-14,ANGERS ST LAUD,NON,4402,13:22,IC SRO,LYON (intramuros),JOURNTELYN,FRLPE,07:10,FRACL
9465,2023-08-14,SAUMUR,NON,4402,13:10,IC SRO,LYON (intramuros),JOURNTELYN,FRLPD,07:32,FRACN
9466,2023-08-14,SAUMUR,NON,4402,11:05,IC SRO,MOULINS SUR ALLIER,JOURNTELYN,FRXMU,07:32,FRACN
9467,2023-08-14,LYON (intramuros),NON,4402,13:22,IC SRO,LYON (intramuros),JOURNTELYN,FRLPE,13:14,FRLPD
9468,2023-08-14,NANTES,NON,4402,13:10,IC SRO,LYON (intramuros),JOURNTELYN,FRLPD,06:26,FRNTE
9469,2023-08-14,NANTES,NON,4402,11:05,IC SRO,MOULINS SUR ALLIER,JOURNTELYN,FRXMU,06:26,FRNTE
9470,2023-08-14,ROANNE,NON,4402,13:22,IC SRO,LYON (intramuros),JOURNTELYN,FRLPE,12:08,FRRNE
9471,2023-08-14,ST GERMAIN DES FOSSES,NON,4402,13:22,IC SRO,LYON (intramuros),JOURNTELYN,FRLPE,11:28,FRSGF
9472,2023-08-14,ST PIERRE DES CORPS,NON,4402,11:05,IC SRO,MOULINS SUR ALLIER,JOURNTELYN,FRXMU,08:09,FRXSH
9473,2023-08-14,ST PIERRE DES CORPS,NON,4402,09:15,IC SRO,VIERZON VILLE,JOURNTELYN,FRXVZ,08:09,FRXSH
9474,2023-08-14,LYON (intramuros),OUI,6621,18:17,SUD EST,LYON (intramuros),PARISRHONE,FRLPE,18:09,FRLPD
9475,2023-08-14,MACON LOCHE TGV,OUI,6621,18:17,SUD EST,LYON (intramuros),PARISRHONE,FRLPE,17:32,FRMLT
9476,2023-08-14,LE CREUSOT MONTCEAU MONTCHANIN,OUI,6621,18:17,SUD EST,LYON (intramuros),PARISRHONE,FRLPE,17:11,FRXCC
9477,2023-08-14,REMIREMONT,OUI,2574,06:21,EST,EPINAL,NANCYPA,FREPL,06:00,FRRNT
9478,2023-08-14,FRANKFURT MAIN HBF,NON,9556,10:21,INTERNATIONAL,KAISERSLAUTERN HBF,FRANCPA,DEKLT,08:56,DEFRH
9479,2023-08-14,FRANKFURT MAIN HBF,NON,9556,12:53,INTERNATIONAL,PARIS (intramuros),FRANCPA,FRPST,08:56,DEFRH
9480,2023-08-14,KAISERSLAUTERN HBF,NON,9556,12:53,INTERNATIONAL,PARIS (intramuros),FRANCPA,FRPST,10:22,DEKLT
9481,2023-08-14,MANNHEIM HBF,NON,9556,10:21,INTERNATIONAL,KAISERSLAUTERN HBF,FRANCPA,DEKLT,09:40,DEMHG
9482,2023-08-14,MANNHEIM HBF,NON,9556,12:53,INTERNATIONAL,PARIS (intramuros),FRANCPA,FRPST,09:40,DEMHG
9483,2023-08-14,LA ROCHELLE VILLE,OUI,8364,17:19,ATLANTIQUE,SURGERES,ROCHELLEPA,FREIP,17:01,FRLRH
9484,2023-08-14,LA ROCHELLE VILLE,OUI,8364,17:40,ATLANTIQUE,NIORT,ROCHELLEPA,FRNIT,17:01,FRLRH
9485,2023-08-14,NIORT,OUI,8364,19:37,ATLANTIQUE,PARIS (intramuros),ROCHELLEPA,FRPMO,17:43,FRNIT
9486,2023-08-14,CLERMONT FERRAND,OUI,5982,20:57,IC ARO,PARIS (intramuros),CLERMONTPA,FRPBE,17:31,FRCFE
9487,2023-08-14,CLERMONT FERRAND,OUI,5982,17:40,IC ARO,RIOM CHATEL GUYON,CLERMONTPA,FRRIO,17:31,FRCFE
9488,2023-08-14,VICHY,OUI,5982,18:29,IC ARO,MOULINS SUR ALLIER,CLERMONTPA,FRXMU,18:06,FRVHY
9489,2023-08-14,AIX EN PROVENCE TGV,NON,6805,12:26,SUD EST,CANNES,JCPROVSUD,FRJCA,09:51,FRAIE
9490,2023-08-14,AIX EN PROVENCE TGV,NON,6805,12:58,SUD EST,NICE VILLE,JCPROVSUD,FRNIC,09:51,FRAIE
9491,2023-08-14,LYON (intramuros),NON,6805,10:03,SUD EST,MARSEILLE ST CHARLES,JCPROVSUD,FRMSC,08:06,FRLPD
9492,2023-08-14,LYON (intramuros),NON,6805,11:06,SUD EST,TOULON,JCPROVSUD,FRTLN,08:06,FRLPD
9493,2023-08-14,LYON (intramuros),NON,6805,12:02,SUD EST,ST RAPHAEL VALESCURE,JCPROVSUD,FRXSK,08:06,FRLPD
9494,2023-08-14,MARSEILLE ST CHARLES,NON,6805,12:26,SUD EST,CANNES,JCPROVSUD,FRJCA,10:20,FRMSC
9495,2023-08-14,MARSEILLE ST CHARLES,NON,6805,12:39,SUD EST,ANTIBES,JCPROVSUD,FRXAT,10:20,FRMSC
9496,2023-08-14,MARSEILLE ST CHARLES,NON,6805,12:02,SUD EST,ST RAPHAEL VALESCURE,JCPROVSUD,FRXSK,10:20,FRMSC
9497,2023-08-14,VALENCE TGV RHONE-ALPES SUD,NON,6805,09:26,SUD EST,AVIGNON TGV,JCPROVSUD,FRAVG,08:53,FRVLA
9498,2023-08-14,VALENCE TGV RHONE-ALPES SUD,NON,6805,12:58,SUD EST,NICE VILLE,JCPROVSUD,FRNIC,08:53,FRVLA
9499,2023-08-14,ANGERS ST LAUD,NON,8984,19:14,ATLANTIQUE,PARIS (intramuros),LOIREPARIS,FRPMO,17:48,FRACL
9500,2023-08-14,LES SABLES D'OLONNE,NON,8984,17:45,ATLANTIQUE,ANGERS ST LAUD,LOIREPARIS,FRACL,15:44,FRLSO
9501,2023-08-14,LES SABLES D'OLONNE,OUI,8984,16:08,ATLANTIQUE,LA ROCHE SUR YON,LOIREPARIS,FRXRO,15:44,FRLSO
9502,2023-08-14,NANTES,NON,8984,17:45,ATLANTIQUE,ANGERS ST LAUD,LOIREPARIS,FRACL,17:09,FRNTE
9503,2023-08-14,NANTES,NON,8984,19:14,ATLANTIQUE,PARIS (intramuros),LOIREPARIS,FRPMO,17:09,FRNTE
9504,2023-08-14,LYON (intramuros),NON,6610,11:00,SUD EST,PARIS (intramuros),RHONEPARIS,FRPLY,08:50,FRLPE
9505,2023-08-14,LIMOGES BENEDICTINS,NON,3605,13:23,IC ARO,TOULOUSE MATABIAU,PALITO,FRXYT,09:58,FRAGQ
9506,2023-08-14,CHATEAUROUX,NON,3605,11:45,IC ARO,GOURDON,PALITO,FRFSI,08:45,FRCHR
9507,2023-08-14,CHATEAUROUX,NON,3605,09:21,IC ARO,LA SOUTERRAINE,PALITO,FRLST,08:45,FRCHR
9508,2023-08-14,GOURDON,NON,3605,12:39,IC ARO,CAUSSADE TARN ET GARONNE,PALITO,FRFTA,11:47,FRFSI
9509,2023-08-14,GOURDON,NON,3605,12:12,IC ARO,CAHORS,PALITO,FRZAO,11:47,FRFSI
9510,2023-08-14,LES AUBRAIS ORLEANS,NON,3605,11:00,IC ARO,BRIVE LA GAILLARDE,PALITO,FRBVE,07:36,FRLAB
9511,2023-08-14,LES AUBRAIS ORLEANS,NON,3605,11:28,IC ARO,SOUILLAC,PALITO,FRSOU,07:36,FRLAB
9512,2023-08-14,LES AUBRAIS ORLEANS,NON,3605,08:12,IC ARO,VIERZON VILLE,PALITO,FRXVZ,07:36,FRLAB
9513,2023-08-14,LES AUBRAIS ORLEANS,NON,3605,12:12,IC ARO,CAHORS,PALITO,FRZAO,07:36,FRLAB
9514,2023-08-14,LA SOUTERRAINE,NON,3605,13:23,IC ARO,TOULOUSE MATABIAU,PALITO,FRXYT,09:23,FRLST
9515,2023-08-14,PARIS (intramuros),NON,3605,08:43,IC ARO,CHATEAUROUX,PALITO,FRCHR,06:35,FRPAZ
9516,2023-08-14,VIERZON VILLE,NON,3605,09:55,IC ARO,LIMOGES BENEDICTINS,PALITO,FRAGQ,08:14,FRXVZ
9517,2023-08-14,VIERZON VILLE,NON,3605,11:45,IC ARO,GOURDON,PALITO,FRFSI,08:14,FRXVZ
9518,2023-08-14,VIERZON VILLE,NON,3605,09:21,IC ARO,LA SOUTERRAINE,PALITO,FRLST,08:14,FRXVZ
9519,2023-08-14,CAHORS,NON,3605,12:54,IC ARO,MONTAUBAN VILLE BOURBON,PALITO,FRXMW,12:14,FRZAO
9520,2023-08-14,ARGENTON SUR CREUSE,NON,3674,19:45,IC ARO,VIERZON VILLE,TOULOUZECO,FRXVZ,18:55,FRFMT
9521,2023-08-14,LE MANS,NON,5460,17:48,EST,MASSY TGV,JCATLEST,FRDJU,16:57,FRAET
9522,2023-08-14,LE MANS,NON,5460,19:29,EST,CHAMPAGNE-ARDENNE,JCATLEST,FREAH,16:57,FRAET
9523,2023-08-14,MASSY TGV,NON,5460,20:25,EST,LORRAINE TGV,JCATLEST,FREAM,17:54,FRDJU
9524,2023-08-14,LORRAINE TGV,OUI,5460,21:04,EST,STRASBOURG,JCATLEST,FRAEG,20:28,FREAM
9525,2023-08-14,MARNE LA VALLEE CHESSY,NON,5460,20:00,EST,MEUSE TGV,JCATLEST,FREAJ,18:28,FRMLV
9526,2023-08-14,RENNES,NON,5460,16:51,EST,LE MANS,JCATLEST,FRAET,16:03,FRRNS
9527,2023-08-14,RENNES,NON,5460,19:29,EST,CHAMPAGNE-ARDENNE,JCATLEST,FREAH,16:03,FRRNS
9528,2023-08-14,LE MANS,NON,8972,13:25,ATLANTIQUE,PARIS (intramuros),LOIREPARIS,FRPMO,12:26,FRAET
9529,2023-08-14,LES SABLES D'OLONNE,NON,8972,12:23,ATLANTIQUE,LE MANS,LOIREPARIS,FRAET,09:44,FRLSO
9530,2023-08-14,NANTES,NON,8972,11:42,ATLANTIQUE,ANGERS ST LAUD,LOIREPARIS,FRACL,11:05,FRNTE
9531,2023-08-14,POITIERS,OUI,8431,08:23,ATLANTIQUE,ANGOULEME,PASUDOUEST,FRANG,07:43,FRPIS
9532,2023-08-14,PARIS (intramuros),OUI,8431,07:40,ATLANTIQUE,POITIERS,PASUDOUEST,FRPIS,06:00,FRPMO
9533,2023-08-14,ST PIERRE DES CORPS,OUI,8431,08:23,ATLANTIQUE,ANGOULEME,PASUDOUEST,FRANG,07:10,FRXSH
9534,2023-08-14,ANGERS ST LAUD,NON,4406,18:35,IC SRO,NEVERS,JOURNTELYN,FRNVS,15:28,FRACL
9535,2023-08-14,SAUMUR,NON,4406,17:57,IC SRO,BOURGES,JOURNTELYN,FRBOU,15:53,FRACN
9536,2023-08-14,SAUMUR,NON,4406,19:12,IC SRO,MOULINS SUR ALLIER,JOURNTELYN,FRXMU,15:53,FRACN
9537,2023-08-14,NANTES,NON,4406,15:51,IC SRO,SAUMUR,JOURNTELYN,FRACN,14:47,FRNTE
9538,2023-08-14,NANTES,NON,4406,21:30,IC SRO,LYON (intramuros),JOURNTELYN,FRLPE,14:47,FRNTE
9539,2023-08-14,NANTES,NON,4406,19:34,IC SRO,ST GERMAIN DES FOSSES,JOURNTELYN,FRSGF,14:47,FRNTE
9540,2023-08-14,NANTES,NON,4406,16:31,IC SRO,ST PIERRE DES CORPS,JOURNTELYN,FRXSH,14:47,FRNTE
9541,2023-08-14,NEVERS,NON,4406,21:30,IC SRO,LYON (intramuros),JOURNTELYN,FRLPE,18:45,FRNVS
9542,2023-08-14,GENEVE,NON,9756,10:22,INTERNATIONAL,LYON (intramuros),GENEVEMED,FRLPD,08:41,CHGVA
9543,2023-08-14,LYON (intramuros),NON,9756,11:33,INTERNATIONAL,AVIGNON TGV,GENEVEMED,FRAVG,10:28,FRLPD
9544,2023-08-14,BELLEGARDE,NON,9756,10:22,INTERNATIONAL,LYON (intramuros),GENEVEMED,FRLPD,09:12,FRXBF
9545,2023-08-14,BELLEGARDE,NON,9756,11:55,INTERNATIONAL,AIX EN PROVENCE TGV,GENEVEMED,FRAIE,09:12,FRXBF
9546,2023-08-14,GENEVE,NON,9756,11:55,INTERNATIONAL,AIX EN PROVENCE TGV,GENEVEMED,FRAIE,08:41,CHGVA
9547,2023-08-14,RETHEL,OUI,2714,08:09,EST,REIMS,SEDBARPA,FRRHE,07:47,FRBDT
9548,2023-08-14,CHARLEVILLE MEZIERES,OUI,2714,07:44,EST,RETHEL,SEDBARPA,FRBDT,07:15,FRXCZ
9549,2023-08-14,SEDAN,OUI,2714,07:44,EST,RETHEL,SEDBARPA,FRBDT,06:49,FRXSW
9550,2023-08-14,ANGOULEME,NON,8512,17:13,ATLANTIQUE,PARIS (intramuros),SUDOUESTPA,FRPMO,15:23,FRANG
9551,2023-08-14,TOULOUSE MATABIAU,NON,8512,17:13,ATLANTIQUE,PARIS (intramuros),SUDOUESTPA,FRPMO,12:32,FRXYT
9552,2023-08-14,AGEN,NON,8512,15:20,ATLANTIQUE,ANGOULEME,SUDOUESTPA,FRANG,13:35,FRAGF
9553,2023-08-14,LAVAL,NON,8641,21:08,ATLANTIQUE,LAMBALLE,PARISBRETA,FRLAM,19:58,FRACR
9554,2023-08-14,LAVAL,NON,8641,22:36,ATLANTIQUE,LANDERNEAU,PARISBRETA,FRXLD,19:58,FRACR
9555,2023-08-14,LAMBALLE,OUI,8641,22:51,ATLANTIQUE,BREST,PARISBRETA,FRBES,21:11,FRLAM
9556,2023-08-14,LAMBALLE,OUI,8641,22:36,ATLANTIQUE,LANDERNEAU,PARISBRETA,FRXLD,21:11,FRLAM
9557,2023-08-14,MORLAIX,OUI,8641,22:36,ATLANTIQUE,LANDERNEAU,PARISBRETA,FRXLD,22:14,FRMXN
9558,2023-08-14,PARIS (intramuros),NON,8641,21:53,ATLANTIQUE,PLOUARET TREGOR,PARISBRETA,FRPLT,18:40,FRPMO
9559,2023-08-14,RENNES,OUI,8641,21:38,ATLANTIQUE,GUINGAMP,PARISBRETA,FRGGP,20:32,FRRNS
9560,2023-08-14,ST BRIEUC,OUI,8641,22:51,ATLANTIQUE,BREST,PARISBRETA,FRBES,21:24,FRSBK
9561,2023-08-14,ST BRIEUC,OUI,8641,21:38,ATLANTIQUE,GUINGAMP,PARISBRETA,FRGGP,21:24,FRSBK
9562,2023-08-14,ST BRIEUC,OUI,8641,22:11,ATLANTIQUE,MORLAIX,PARISBRETA,FRMXN,21:24,FRSBK
9563,2023-08-14,LE CREUSOT MONTCEAU MONTCHANIN,NON,6681,09:56,SUD EST,LYON (intramuros),PARISRHONE,FRLPD,09:14,FRXCC
9564,2023-08-14,NANCY,OUI,2571,14:48,EST,EPINAL,PANANCY,FREPL,14:05,FRENC
9565,2023-08-14,PARIS (intramuros),NON,2571,13:03,EST,CHAMPAGNE-ARDENNE,PANANCY,FREAH,12:23,FRPST
9566,2023-08-14,ANGERS ST LAUD,NON,5320,19:19,SUD EST,MASSY TGV,JCATLSUD,FRDJU,17:44,FRACL
9567,2023-08-14,LYON (intramuros),OUI,5320,21:47,SUD EST,LYON (intramuros),JCATLSUD,FRLPE,21:39,FRLPD
9568,2023-08-14,NANTES,NON,5320,21:30,SUD EST,LYON (intramuros),JCATLSUD,FRLPD,17:05,FRNTE
9569,2023-08-14,LAVAL,NON,8707,12:38,ATLANTIQUE,QUIMPER,PARISBRETA,FRUIP,09:58,FRACR
9570,2023-08-14,LAVAL,NON,8707,11:42,ATLANTIQUE,AURAY,PARISBRETA,FRXUY,09:58,FRACR
9571,2023-08-14,PARIS (intramuros),NON,8707,12:00,ATLANTIQUE,LORIENT,PARISBRETA,FRLRT,08:40,FRPMO
9572,2023-08-14,PARIS (intramuros),NON,8707,12:38,ATLANTIQUE,QUIMPER,PARISBRETA,FRUIP,08:40,FRPMO
9573,2023-08-14,PARIS (intramuros),NON,8707,11:42,ATLANTIQUE,AURAY,PARISBRETA,FRXUY,08:40,FRPMO
9574,2023-08-14,REDON,NON,8707,12:38,ATLANTIQUE,QUIMPER,PARISBRETA,FRUIP,11:06,FRXRN
9575,2023-08-14,REDON,NON,8707,11:42,ATLANTIQUE,AURAY,PARISBRETA,FRXUY,11:06,FRXRN
9576,2023-08-14,AURAY,OUI,8707,12:38,ATLANTIQUE,QUIMPER,PARISBRETA,FRUIP,11:45,FRXUY
9577,2023-08-14,BRUXELLES MIDI BRUSSEL ZUID,NON,9810,11:52,NORD,AVIGNON TGV,JCNORDSUD,FRAVG,06:35,BEBMI
9578,2023-08-14,LILLE (intramuros),NON,9810,11:52,NORD,AVIGNON TGV,JCNORDSUD,FRAVG,07:24,FRLLE
9579,2023-08-14,LILLE (intramuros),OUI,9810,07:51,NORD,TGV HAUTE PICARDIE,JCNORDSUD,FRTHP,07:24,FRLLE
9580,2023-08-14,LYON (intramuros),OUI,9810,11:15,NORD,VALENCE TGV RHONE-ALPES SUD,JCNORDSUD,FRVLA,10:35,FRLPD
9581,2023-08-14,MARNE LA VALLEE CHESSY,NON,9810,11:52,NORD,AVIGNON TGV,JCNORDSUD,FRAVG,08:43,FRMLV
9582,2023-08-14,MARNE LA VALLEE CHESSY,NON,9810,10:29,NORD,LYON (intramuros),JCNORDSUD,FRLPD,08:43,FRMLV
9583,2023-08-14,TGV HAUTE PICARDIE,NON,9810,08:38,NORD,MARNE LA VALLEE CHESSY,JCNORDSUD,FRMLV,07:54,FRTHP
9584,2023-08-14,BRUXELLES MIDI BRUSSEL ZUID,OUI,9810,07:51,NORD,TGV HAUTE PICARDIE,JCNORDSUD,FRTHP,06:35,BEBMI
9585,2023-08-14,ANGERS ST LAUD,NON,8923,17:47,ATLANTIQUE,PORNICHET,PARISLOIRE,FREGR,16:13,FRACL
9586,2023-08-14,PORNICHET,OUI,8923,18:09,ATLANTIQUE,LE CROISIC,PARISLOIRE,FREGU,17:50,FREGR
9587,2023-08-14,LA BAULE ESCOUBLAC,OUI,8923,18:09,ATLANTIQUE,LE CROISIC,PARISLOIRE,FREGU,17:57,FRJEE
9588,2023-08-14,PARIS (intramuros),NON,8923,18:00,ATLANTIQUE,LE POULIGUEN,PARISLOIRE,FREGS,14:45,FRPMO
9589,2023-08-14,PARIS (intramuros),NON,8923,16:51,ATLANTIQUE,NANTES,PARISLOIRE,FRNTE,14:45,FRPMO
9590,2023-08-14,PARIS (intramuros),NON,6745,17:54,SUD EST,MONTBARD,PABOUR,FRGWE,16:52,FRPLY
9591,2023-08-14,LAUSANNE,NON,9784,20:21,INTERNATIONAL,GENEVE,GENEVEPA,CHGVA,19:45,CHAJF
9592,2023-08-14,LAUSANNE,NON,9784,21:48,INTERNATIONAL,BOURG EN BRESSE,GENEVEPA,FRXBK,19:45,CHAJF
9593,2023-08-14,BELLEGARDE,NON,9784,23:42,INTERNATIONAL,PARIS (intramuros),GENEVEPA,FRPLY,21:02,FRXBF
9594,2023-08-14,AGEN,NON,8514,18:36,ATLANTIQUE,BORDEAUX ST JEAN,SUDOUESTPA,FRBOJ,17:31,FRAGF
9595,2023-08-14,AGEN,NON,8514,20:58,ATLANTIQUE,PARIS (intramuros),SUDOUESTPA,FRPMO,17:31,FRAGF
9596,2023-08-14,BORDEAUX ST JEAN,NON,8514,20:43,ATLANTIQUE,MASSY TGV,SUDOUESTPA,FRDJU,18:46,FRBOJ
9597,2023-08-14,BEZIERS,NON,4752,08:31,IC ARO,CARCASSONNE,TJOURSESO,FRCCF,07:46,FRBZR
9598,2023-08-14,CARCASSONNE,NON,4752,11:32,IC ARO,BORDEAUX ST JEAN,TJOURSESO,FRBOJ,08:33,FRCCF
9599,2023-08-14,NIMES,NON,4752,08:31,IC ARO,CARCASSONNE,TJOURSESO,FRCCF,06:38,FRFNI
9600,2023-08-14,MONTPELLIER SAINT-ROCH,OUI,4752,07:59,IC ARO,NARBONNE,TJOURSESO,FRXNA,07:06,FRMPL
9601,2023-08-14,MONTAUBAN VILLE BOURBON,NON,4752,10:26,IC ARO,AGEN,TJOURSESO,FRAGF,09:51,FRXMW
9602,2023-08-14,MONTAUBAN VILLE BOURBON,NON,4752,11:32,IC ARO,BORDEAUX ST JEAN,TJOURSESO,FRBOJ,09:51,FRXMW
9603,2023-08-14,TOULOUSE MATABIAU,NON,4752,11:32,IC ARO,BORDEAUX ST JEAN,TJOURSESO,FRBOJ,09:24,FRXYT
9604,2023-08-14,VALLORBE,NON,9264,08:13,INTERNATIONAL,FRASNE,SUISPA,FRFRA,08:00,CHAGL
9605,2023-08-14,LAUSANNE,NON,9264,09:26,INTERNATIONAL,DIJON VILLE,SUISPA,FRABA,07:23,CHAJF
9606,2023-08-14,LAUSANNE,NON,9264,08:43,INTERNATIONAL,MOUCHARD,SUISPA,FRMCD,07:23,CHAJF
9607,2023-08-14,BEZIERS,OUI,4770,23:18,IC ARO,TOULOUSE MATABIAU,TJOURSESO,FRXYT,21:47,FRBZR
9608,2023-08-14,MONTPELLIER SAINT-ROCH,OUI,4770,23:18,IC ARO,TOULOUSE MATABIAU,TJOURSESO,FRXYT,21:07,FRMPL
9609,2023-08-14,LAVAL,NON,5464,10:55,EST,MARNE LA VALLEE CHESSY,JCATLEST,FRMLV,08:55,FRACR
9610,2023-08-14,NEVERS,OUI,5955,12:29,IC ARO,CLERMONT FERRAND,PACLERMONT,FRCFE,10:59,FRNVS
9611,2023-08-14,AIX EN PROVENCE TGV,OUI,6102,05:47,SUD EST,AVIGNON TGV,PROVENCEPA,FRAVG,05:28,FRAIE
9612,2023-08-14,AVIGNON TGV,OUI,6102,08:38,SUD EST,PARIS (intramuros),PROVENCEPA,FRPLY,05:50,FRAVG
9613,2023-08-14,ST MALO,OUI,8086,15:52,ATLANTIQUE,DOL DE BRETAGNE,BRETAPARIS,FRDOL,15:39,FRXSB
9614,2023-08-14,PARIS (intramuros),OUI,6927,21:05,SUD EST,LYON-SAINT EXUPERY TGV,PAGRENOBLE,FRJDQ,19:14,FRPLY
9615,2023-08-14,PARIS (intramuros),OUI,6631,21:56,SUD EST,LYON (intramuros),PARISRHONE,FRLPD,20:00,FRPLY
9616,2023-08-14,LES AUBRAIS ORLEANS,NON,3971,06:48,IC NUIT,PAMIERS,PARPALOMBE,FRPMS,22:24,FRLAB
9617,2023-08-14,LES AUBRAIS ORLEANS,NON,3971,07:02,IC NUIT,FOIX,PARPALOMBE,FRXFX,22:24,FRLAB
9618,2023-08-14,PARIS (intramuros),NON,3971,06:23,IC NUIT,AUTERIVE,PARPALOMBE,FRFPW,20:41,FRPAZ
9619,2023-08-14,LES AUBRAIS ORLEANS,NON,3971,06:35,IC NUIT,SAVERDUN,PARPALOMBE,FRFPU,22:24,FRLAB
9620,2023-08-14,POITIERS,OUI,8346,19:30,ATLANTIQUE,FUTUROSCOPE,ROCHELLEPA,FRTGO,19:22,FRPIS
9621,2023-08-14,FUTUROSCOPE,OUI,8346,21:20,ATLANTIQUE,PARIS (intramuros),ROCHELLEPA,FRPMO,19:33,FRTGO
9622,2023-08-14,DIJON VILLE,OUI,2242,15:54,EST,STRASBOURG,JCRHONRHIN,FRAEG,13:37,FRABA
9623,2023-08-14,DIJON VILLE,OUI,2242,15:24,EST,COLMAR,JCRHONRHIN,FRAEJ,13:37,FRABA
9624,2023-08-14,MULHOUSE VILLE,OUI,2242,15:54,EST,STRASBOURG,JCRHONRHIN,FRAEG,15:07,FRAEK
9625,2023-08-14,AVIGNON TGV,NON,2242,13:25,EST,DIJON VILLE,JCRHONRHIN,FRABA,10:20,FRAVG
9626,2023-08-14,AVIGNON TGV,NON,2242,15:24,EST,COLMAR,JCRHONRHIN,FRAEJ,10:20,FRAVG
9627,2023-08-14,AVIGNON TGV,NON,2242,14:06,EST,BESANCON - F COMTE TGV,JCRHONRHIN,FRTJB,10:20,FRAVG
9628,2023-08-14,MACON VILLE,OUI,2242,15:54,EST,STRASBOURG,JCRHONRHIN,FRAEG,12:12,FRHGU
9629,2023-08-14,MACON VILLE,OUI,2242,14:30,EST,BELFORT-MONTBELIARD TGV,JCRHONRHIN,FRTJA,12:12,FRHGU
9630,2023-08-14,CANNES,NON,2242,15:24,EST,COLMAR,JCRHONRHIN,FRAEJ,07:30,FRJCA
9631,2023-08-14,CANNES,OUI,2242,08:09,EST,LES ARCS DRAGUIGNAN,JCRHONRHIN,FRXRS,07:30,FRJCA
9632,2023-08-14,CANNES,OUI,2242,07:52,EST,ST RAPHAEL VALESCURE,JCRHONRHIN,FRXSK,07:30,FRJCA
9633,2023-08-14,LYON (intramuros),NON,2242,12:09,EST,MACON VILLE,JCRHONRHIN,FRHGU,11:32,FRLPD
9634,2023-08-14,MARSEILLE ST CHARLES,NON,2242,15:54,EST,STRASBOURG,JCRHONRHIN,FRAEG,09:45,FRMSC
9635,2023-08-14,MARSEILLE ST CHARLES,NON,2242,10:17,EST,AVIGNON TGV,JCRHONRHIN,FRAVG,09:45,FRMSC
9636,2023-08-14,MARSEILLE ST CHARLES,NON,2242,14:06,EST,BESANCON - F COMTE TGV,JCRHONRHIN,FRTJB,09:45,FRMSC
9637,2023-08-14,NICE VILLE,NON,2242,15:54,EST,STRASBOURG,JCRHONRHIN,FRAEG,07:00,FRNIC
9638,2023-08-14,NICE VILLE,NON,2242,10:17,EST,AVIGNON TGV,JCRHONRHIN,FRAVG,07:00,FRNIC
9639,2023-08-14,NICE VILLE,NON,2242,09:33,EST,MARSEILLE ST CHARLES,JCRHONRHIN,FRMSC,07:00,FRNIC
9640,2023-08-14,BELFORT-MONTBELIARD TGV,OUI,2242,15:24,EST,COLMAR,JCRHONRHIN,FRAEJ,14:33,FRTJA
9641,2023-08-14,BELFORT-MONTBELIARD TGV,OUI,2242,14:55,EST,MULHOUSE VILLE,JCRHONRHIN,FRAEK,14:33,FRTJA
9642,2023-08-14,BESANCON - F COMTE TGV,OUI,2242,15:24,EST,COLMAR,JCRHONRHIN,FRAEJ,14:09,FRTJB
9643,2023-08-14,TOULON,NON,2242,12:09,EST,MACON VILLE,JCRHONRHIN,FRHGU,08:50,FRTLN
9644,2023-08-14,TOULON,NON,2242,13:03,EST,BEAUNE,JCRHONRHIN,FRXBV,08:50,FRTLN
9645,2023-08-14,ANTIBES,NON,2242,13:25,EST,DIJON VILLE,JCRHONRHIN,FRABA,07:16,FRXAT
9646,2023-08-14,ANTIBES,NON,2242,14:55,EST,MULHOUSE VILLE,JCRHONRHIN,FRAEK,07:16,FRXAT
9647,2023-08-14,ANTIBES,NON,2242,10:17,EST,AVIGNON TGV,JCRHONRHIN,FRAVG,07:16,FRXAT
9648,2023-08-14,ANTIBES,NON,2242,11:26,EST,LYON (intramuros),JCRHONRHIN,FRLPD,07:16,FRXAT
9649,2023-08-14,LES ARCS DRAGUIGNAN,NON,2242,13:25,EST,DIJON VILLE,JCRHONRHIN,FRABA,08:12,FRXRS
9650,2023-08-14,LES ARCS DRAGUIGNAN,NON,2242,09:55,EST,AIX EN PROVENCE TGV,JCRHONRHIN,FRAIE,08:12,FRXRS
9651,2023-08-14,LES ARCS DRAGUIGNAN,NON,2242,12:09,EST,MACON VILLE,JCRHONRHIN,FRHGU,08:12,FRXRS
9652,2023-08-14,ST RAPHAEL VALESCURE,NON,2242,10:17,EST,AVIGNON TGV,JCRHONRHIN,FRAVG,07:55,FRXSK
9653,2023-08-14,AVIGNON TGV,NON,2242,13:03,EST,BEAUNE,JCRHONRHIN,FRXBV,10:20,FRAVG
9654,2023-08-14,CANNES,NON,2242,14:30,EST,BELFORT-MONTBELIARD TGV,JCRHONRHIN,FRTJA,07:30,FRJCA
9655,2023-08-14,NICE VILLE,NON,2242,14:30,EST,BELFORT-MONTBELIARD TGV,JCRHONRHIN,FRTJA,07:00,FRNIC
9656,2023-08-14,CANNES,NON,2242,14:06,EST,BESANCON - F COMTE TGV,JCRHONRHIN,FRTJB,07:30,FRJCA
9657,2023-08-14,TOULON,NON,2242,14:30,EST,BELFORT-MONTBELIARD TGV,JCRHONRHIN,FRTJA,08:50,FRTLN
9658,2023-08-14,ANTIBES,NON,2242,14:06,EST,BESANCON - F COMTE TGV,JCRHONRHIN,FRTJB,07:16,FRXAT
9659,2023-08-14,BEAUNE,OUI,2242,14:55,EST,MULHOUSE VILLE,JCRHONRHIN,FRAEK,13:06,FRXBV
9660,2023-08-14,BEAUNE,OUI,2242,14:30,EST,BELFORT-MONTBELIARD TGV,JCRHONRHIN,FRTJA,13:06,FRXBV
9661,2023-08-14,DAX,OUI,8537,14:41,ATLANTIQUE,ST JEAN DE LUZ CIBOURE,PASUDOUEST,FRXJZ,13:42,FRACG
9662,2023-08-14,BORDEAUX ST JEAN,NON,8537,14:41,ATLANTIQUE,ST JEAN DE LUZ CIBOURE,PASUDOUEST,FRXJZ,12:20,FRBOJ
9663,2023-08-14,BAYONNE,OUI,8537,14:25,ATLANTIQUE,BIARRITZ,PASUDOUEST,FRBIQ,14:16,FRXBY
9664,2023-08-14,MILANO P GARIBALDI,NON,9248,20:14,INTERNATIONAL,CHAMBERY CHALLES LES EAUX,ITALIEPA,FRCMF,16:10,ITMPG
9665,2023-08-14,TORINO PORTA SUSA,NON,9248,23:26,INTERNATIONAL,PARIS (intramuros),ITALIEPA,FRPLY,17:38,ITTRS
9666,2023-08-14,BORDEAUX ST JEAN,NON,5440,12:55,EST,CHAMPAGNE-ARDENNE,JCATLEST,FREAH,08:54,FRBOJ
9667,2023-08-14,BORDEAUX ST JEAN,NON,5440,10:16,EST,POITIERS,JCATLEST,FRPIS,08:54,FRBOJ
9668,2023-08-14,MASSY TGV,NON,5440,13:23,EST,MEUSE TGV,JCATLEST,FREAJ,11:55,FRDJU
9669,2023-08-14,MASSY TGV,NON,5440,13:49,EST,LORRAINE TGV,JCATLEST,FREAM,11:55,FRDJU
9670,2023-08-14,CHAMPAGNE-ARDENNE,OUI,5440,14:29,EST,STRASBOURG,JCATLEST,FRAEG,12:58,FREAH
9671,2023-08-14,CHAMPAGNE-ARDENNE,OUI,5440,13:23,EST,MEUSE TGV,JCATLEST,FREAJ,12:58,FREAH
9672,2023-08-14,MARNE LA VALLEE CHESSY,NON,5440,12:55,EST,CHAMPAGNE-ARDENNE,JCATLEST,FREAH,12:28,FRMLV
9673,2023-08-14,MARNE LA VALLEE CHESSY,NON,5440,13:23,EST,MEUSE TGV,JCATLEST,FREAJ,12:28,FRMLV
9674,2023-08-14,POITIERS,NON,5440,12:55,EST,CHAMPAGNE-ARDENNE,JCATLEST,FREAH,10:19,FRPIS
9675,2023-08-14,POITIERS,NON,5440,13:23,EST,MEUSE TGV,JCATLEST,FREAJ,10:19,FRPIS
9676,2023-08-14,POITIERS,NON,5440,10:50,EST,ST PIERRE DES CORPS,JCATLEST,FRXSH,10:19,FRPIS
9677,2023-08-14,ST PIERRE DES CORPS,NON,5440,11:48,EST,MASSY TGV,JCATLEST,FRDJU,10:54,FRXSH
9678,2023-08-14,ST PIERRE DES CORPS,NON,5440,13:49,EST,LORRAINE TGV,JCATLEST,FREAM,10:54,FRXSH
9679,2023-08-14,AGEN,OUI,12213,23:02,ATLANTIQUE,MONTAUBAN VILLE BOURBON,PASUDOUEST,FRXMW,22:25,FRAGF
9680,2023-08-14,BORDEAUX ST JEAN,OUI,12213,23:31,ATLANTIQUE,TOULOUSE MATABIAU,PASUDOUEST,FRXYT,21:20,FRBOJ
9681,2023-08-14,PARIS (intramuros),NON,12213,21:14,ATLANTIQUE,BORDEAUX ST JEAN,PASUDOUEST,FRBOJ,19:08,FRPMO
9682,2023-08-14,MONTAUBAN VILLE BOURBON,OUI,12213,23:31,ATLANTIQUE,TOULOUSE MATABIAU,PASUDOUEST,FRXYT,23:05,FRXMW
9683,2023-08-14,LES AUBRAIS ORLEANS,OUI,3751,07:07,IC NUIT,TOULOUSE MATABIAU,PAVERMEIL,FRXYT,23:32,FRLAB
9684,2023-08-14,PARIS (intramuros),OUI,3751,06:19,IC NUIT,MONTAUBAN VILLE BOURBON,PAVERMEIL,FRXMW,22:12,FRPAZ
9685,2023-08-14,PARIS (intramuros),OUI,3751,07:07,IC NUIT,TOULOUSE MATABIAU,PAVERMEIL,FRXYT,22:12,FRPAZ
9686,2023-08-14,GENEVE,NON,9770,15:42,INTERNATIONAL,PARIS (intramuros),GENEVEPA,FRPLY,12:29,CHGVA
9687,2023-08-14,BELLEGARDE,NON,9770,15:42,INTERNATIONAL,PARIS (intramuros),GENEVEPA,FRPLY,13:02,FRXBF
9688,2023-08-14,ZUERICH HB,NON,9222,15:58,INTERNATIONAL,DIJON VILLE,ZURBALPA,FRABA,13:34,CHAJD
9689,2023-08-14,ZUERICH HB,NON,9222,14:53,INTERNATIONAL,MULHOUSE VILLE,ZURBALPA,FRAEK,13:34,CHAJD
9690,2023-08-14,MULHOUSE VILLE,NON,9222,15:58,INTERNATIONAL,DIJON VILLE,ZURBALPA,FRABA,14:56,FRAEK
9691,2023-08-14,LE MANS,OUI,5472,21:01,EST,LAVAL,JCESTATL,FRACR,20:32,FRAET
9692,2023-08-14,LORRAINE TGV,OUI,5472,18:40,EST,MARNE LA VALLEE CHESSY,JCESTATL,FRMLV,17:26,FREAM
9693,2023-08-14,LORRAINE TGV,OUI,5472,21:29,EST,RENNES,JCESTATL,FRRNS,17:26,FREAM
9694,2023-08-14,LILLE (intramuros),NON,5202,09:04,NORD,MASSY TGV,JCNORDAQUI,FRDJU,06:15,FRADJ
9695,2023-08-14,MASSY TGV,NON,5202,12:02,NORD,BORDEAUX ST JEAN,JCNORDAQUI,FRBOJ,09:09,FRDJU
9696,2023-08-14,MASSY TGV,NON,5202,10:06,NORD,ST PIERRE DES CORPS,JCNORDAQUI,FRXSH,09:09,FRDJU
9697,2023-08-14,MARNE LA VALLEE CHESSY,NON,5202,11:23,NORD,ANGOULEME,JCNORDAQUI,FRANG,08:35,FRMLV
9698,2023-08-14,ARRAS,NON,5202,11:23,NORD,ANGOULEME,JCNORDAQUI,FRANG,07:00,FRQRV
9699,2023-08-14,ARRAS,NON,5202,10:41,NORD,POITIERS,JCNORDAQUI,FRPIS,07:00,FRQRV
9700,2023-08-14,ARRAS,NON,5202,10:06,NORD,ST PIERRE DES CORPS,JCNORDAQUI,FRXSH,07:00,FRQRV
9701,2023-08-14,TGV HAUTE PICARDIE,NON,5202,11:23,NORD,ANGOULEME,JCNORDAQUI,FRANG,07:25,FRTHP
9702,2023-08-14,TGV HAUTE PICARDIE,NON,5202,12:02,NORD,BORDEAUX ST JEAN,JCNORDAQUI,FRBOJ,07:25,FRTHP
9703,2023-08-14,TGV HAUTE PICARDIE,NON,5202,10:06,NORD,ST PIERRE DES CORPS,JCNORDAQUI,FRXSH,07:25,FRTHP
9704,2023-08-14,LYON (intramuros),NON,9862,13:55,NORD,ARRAS,JCSUDNORD,FRQRV,11:00,FRLPD
9705,2023-08-14,AEROPORT CDG2 TGV ROISSY,NON,9862,13:34,NORD,TGV HAUTE PICARDIE,JCSUDNORD,FRTHP,13:07,FRMLW
9706,2023-08-14,MONTPELLIER SUD DE FRANCE,NON,9862,10:53,NORD,LYON (intramuros),JCSUDNORD,FRLPD,09:12,FRSUF
9707,2023-08-14,MONTPELLIER SUD DE FRANCE,OUI,9862,09:30,NORD,NIMES PONT DU GARD,JCSUDNORD,FRXZP,09:12,FRSUF
9708,2023-08-14,NIMES PONT DU GARD,NON,9862,14:24,NORD,LILLE (intramuros),JCSUDNORD,FRLLE,09:33,FRXZP
9709,2023-08-14,VALENCE TGV RHONE-ALPES SUD,OUI,6279,23:51,SUD EST,PERPIGNAN,PALANG,FRPGF,21:09,FRVLA
9710,2023-08-14,AGDE,OUI,6279,23:16,SUD EST,NARBONNE,PALANG,FRXNA,22:49,FRXAG
9711,2023-08-14,MONTPELLIER SUD DE FRANCE,OUI,6279,22:46,SUD EST,AGDE,PALANG,FRXAG,22:17,FRSUF
9712,2023-08-14,BEZIERS,OUI,6250,07:24,SUD EST,SETE,LANGPA,FRXSY,06:58,FRBZR
9713,2023-08-14,PERPIGNAN,OUI,6250,06:55,SUD EST,BEZIERS,LANGPA,FRBZR,06:04,FRPGF
9714,2023-08-14,PERPIGNAN,OUI,6250,07:08,SUD EST,AGDE,LANGPA,FRXAG,06:04,FRPGF
9715,2023-08-14,PERPIGNAN,OUI,6250,06:39,SUD EST,NARBONNE,LANGPA,FRXNA,06:04,FRPGF
9716,2023-08-14,AGDE,OUI,6250,07:24,SUD EST,SETE,LANGPA,FRXSY,07:11,FRXAG
9717,2023-08-14,NARBONNE,OUI,6250,07:24,SUD EST,SETE,LANGPA,FRXSY,06:42,FRXNA
9718,2023-08-14,MONTPELLIER SUD DE FRANCE,NON,6250,08:10,SUD EST,NIMES PONT DU GARD,LANGPA,FRXZP,07:50,FRSUF
9719,2023-08-14,PARIS (intramuros),OUI,2509,15:05,EST,MEUSE TGV,PANANCY,FREAJ,13:58,FRPST
9720,2023-08-14,PARIS (intramuros),OUI,7385,20:39,NORD,HAZEBROUCK,PAARRAS,FRHZK,18:52,FRPNO
9721,2023-08-14,PARIS (intramuros),NON,6111,14:41,SUD EST,AIX EN PROVENCE TGV,PAPROVENCE,FRAIE,11:38,FRPLY
9722,2023-08-14,LILLE (intramuros),NON,5010,11:52,NORD,AVIGNON TGV,JCNORDSUD,FRAVG,07:24,FRLLE
9723,2023-08-14,LILLE (intramuros),OUI,5010,08:23,NORD,AEROPORT CDG2 TGV ROISSY,JCNORDSUD,FRMLW,07:24,FRLLE
9724,2023-08-14,LILLE (intramuros),NON,5010,12:24,NORD,MARSEILLE ST CHARLES,JCNORDSUD,FRMSC,07:24,FRLLE
9725,2023-08-14,MARNE LA VALLEE CHESSY,NON,5010,10:29,NORD,LYON (intramuros),JCNORDSUD,FRLPD,08:43,FRMLV
9726,2023-08-14,AEROPORT CDG2 TGV ROISSY,NON,5010,11:52,NORD,AVIGNON TGV,JCNORDSUD,FRAVG,08:29,FRMLW
9727,2023-08-14,AEROPORT CDG2 TGV ROISSY,NON,5010,11:15,NORD,VALENCE TGV RHONE-ALPES SUD,JCNORDSUD,FRVLA,08:29,FRMLW
9728,2023-08-14,TGV HAUTE PICARDIE,NON,5010,08:38,NORD,MARNE LA VALLEE CHESSY,JCNORDSUD,FRMLV,07:54,FRTHP
9729,2023-08-14,TGV HAUTE PICARDIE,NON,5010,11:15,NORD,VALENCE TGV RHONE-ALPES SUD,JCNORDSUD,FRVLA,07:54,FRTHP
9730,2023-08-14,MANNHEIM HBF,NON,9583,15:59,INTERNATIONAL,FRANKFURT MAIN HBF,MRSFRANC,DEFRH,15:21,DEMHG
9731,2023-08-14,BADEN BADEN,NON,9583,15:18,INTERNATIONAL,MANNHEIM HBF,MRSFRANC,DEMHG,14:25,DEZCC
9732,2023-08-14,STRASBOURG,NON,9583,14:46,INTERNATIONAL,KARLSRUHE HBF,MRSFRANC,DEQKA,13:55,FRAEG
9733,2023-08-14,AIX EN PROVENCE TGV,NON,9583,15:59,INTERNATIONAL,FRANKFURT MAIN HBF,MRSFRANC,DEFRH,08:25,FRAIE
9734,2023-08-14,AIX EN PROVENCE TGV,NON,9583,13:43,INTERNATIONAL,STRASBOURG,MRSFRANC,FRAEG,08:25,FRAIE
9735,2023-08-14,AIX EN PROVENCE TGV,NON,9583,12:51,INTERNATIONAL,MULHOUSE VILLE,MRSFRANC,FRAEK,08:25,FRAIE
9736,2023-08-14,AIX EN PROVENCE TGV,NON,9583,12:24,INTERNATIONAL,BELFORT-MONTBELIARD TGV,MRSFRANC,FRTJA,08:25,FRAIE
9737,2023-08-14,AIX EN PROVENCE TGV,NON,9583,12:00,INTERNATIONAL,BESANCON - F COMTE TGV,MRSFRANC,FRTJB,08:25,FRAIE
9738,2023-08-14,AVIGNON TGV,NON,9583,15:18,INTERNATIONAL,MANNHEIM HBF,MRSFRANC,DEMHG,08:47,FRAVG
9739,2023-08-14,AVIGNON TGV,NON,9583,13:43,INTERNATIONAL,STRASBOURG,MRSFRANC,FRAEG,08:47,FRAVG
9740,2023-08-14,AVIGNON TGV,NON,9583,12:51,INTERNATIONAL,MULHOUSE VILLE,MRSFRANC,FRAEK,08:47,FRAVG
9741,2023-08-14,AVIGNON TGV,NON,9583,09:54,INTERNATIONAL,LYON (intramuros),MRSFRANC,FRLPD,08:47,FRAVG
9742,2023-08-14,MARSEILLE ST CHARLES,NON,9583,15:18,INTERNATIONAL,MANNHEIM HBF,MRSFRANC,DEMHG,08:11,FRMSC
9743,2023-08-14,MARSEILLE ST CHARLES,NON,9583,14:23,INTERNATIONAL,BADEN BADEN,MRSFRANC,DEZCC,08:11,FRMSC
9744,2023-08-14,BELFORT-MONTBELIARD TGV,NON,9583,14:46,INTERNATIONAL,KARLSRUHE HBF,MRSFRANC,DEQKA,12:27,FRTJA
9745,2023-08-14,BESANCON - F COMTE TGV,NON,9583,14:23,INTERNATIONAL,BADEN BADEN,MRSFRANC,DEZCC,12:03,FRTJB
9746,2023-08-14,BESANCON - F COMTE TGV,NON,9583,12:51,INTERNATIONAL,MULHOUSE VILLE,MRSFRANC,FRAEK,12:03,FRTJB
9747,2023-08-14,CHALON SUR SAONE,NON,9583,14:46,INTERNATIONAL,KARLSRUHE HBF,MRSFRANC,DEQKA,11:06,FRXCD
9748,2023-08-14,POITIERS,OUI,8342,17:43,ATLANTIQUE,VENDOME VILLIERS SUR LOIR,ROCHELLEPA,FRESL,16:19,FRPIS
9749,2023-08-14,POITIERS,OUI,8342,18:33,ATLANTIQUE,PARIS (intramuros),ROCHELLEPA,FRPMO,16:19,FRPIS
9750,2023-08-14,POITIERS,OUI,8342,16:41,ATLANTIQUE,CHATELLERAULT,ROCHELLEPA,FRXCX,16:19,FRPIS
9751,2023-08-14,FUTUROSCOPE,OUI,8342,18:33,ATLANTIQUE,PARIS (intramuros),ROCHELLEPA,FRPMO,16:30,FRTGO
9752,2023-08-14,FUTUROSCOPE,OUI,8342,16:41,ATLANTIQUE,CHATELLERAULT,ROCHELLEPA,FRXCX,16:30,FRTGO
9753,2023-08-14,STUTTGART HBF,NON,9572,18:05,INTERNATIONAL,PARIS (intramuros),MUNSTUTPA,FRPST,14:52,DESGT
9754,2023-08-14,STRASBOURG,NON,9572,18:05,INTERNATIONAL,PARIS (intramuros),MUNSTUTPA,FRPST,16:19,FRAEG
9755,2023-08-14,PARIS (intramuros),OUI,8331,08:13,ATLANTIQUE,VENDOME VILLIERS SUR LOIR,PAROCHELLE,FRESL,07:28,FRPMO
9756,2023-08-14,PARIS (intramuros),OUI,8331,09:22,ATLANTIQUE,FUTUROSCOPE,PAROCHELLE,FRTGO,07:28,FRPMO
9757,2023-08-14,CANNES,OUI,6162,15:49,SUD EST,TOULON,AZURPA,FRTLN,14:38,FRJCA
9758,2023-08-14,NICE VILLE,OUI,6162,14:34,SUD EST,CANNES,AZURPA,FRJCA,14:09,FRNIC
9759,2023-08-14,TOULON,NON,6162,19:50,SUD EST,PARIS (intramuros),AZURPA,FRPLY,15:53,FRTLN
9760,2023-08-14,ST RAPHAEL VALESCURE,NON,6162,17:07,SUD EST,AVIGNON TGV,AZURPA,FRAVG,15:03,FRXSK
9761,2023-08-14,PARIS (intramuros),NON,9775,17:00,INTERNATIONAL,BELLEGARDE,PAGENEVE,FRXBF,14:18,FRPLY
9762,2023-08-14,BOURG EN BRESSE,NON,9775,17:00,INTERNATIONAL,BELLEGARDE,PAGENEVE,FRXBF,16:12,FRXBK
9763,2023-08-14,GENEVE,NON,9775,18:14,INTERNATIONAL,LAUSANNE,PAGENEVE,CHAJF,17:39,CHGVA
9764,2023-08-14,ANGERS ST LAUD,OUI,8932,22:26,ATLANTIQUE,PARIS (intramuros),LOIREPARIS,FRPMO,20:46,FRACL
9765,2023-08-14,LA BAULE ESCOUBLAC,OUI,8932,20:43,ATLANTIQUE,ANGERS ST LAUD,LOIREPARIS,FRACL,19:09,FRJEE
9766,2023-08-14,ST NAZAIRE,OUI,8932,21:24,ATLANTIQUE,LE MANS,LOIREPARIS,FRAET,19:25,FRSNR
9767,2023-08-14,ST NAZAIRE,OUI,8932,19:59,ATLANTIQUE,NANTES,LOIREPARIS,FRNTE,19:25,FRSNR
9768,2023-08-14,AGEN,NON,4659,13:27,IC ARO,CARCASSONNE,TJOURSOSE,FRCCF,11:33,FRAGF
9769,2023-08-14,AGEN,NON,4659,14:54,IC ARO,MONTPELLIER SAINT-ROCH,TJOURSOSE,FRMPL,11:33,FRAGF
9770,2023-08-14,AGEN,NON,4659,16:37,IC ARO,MARSEILLE ST CHARLES,TJOURSOSE,FRMSC,11:33,FRAGF
9771,2023-08-14,AGEN,NON,4659,13:58,IC ARO,NARBONNE,TJOURSOSE,FRXNA,11:33,FRAGF
9772,2023-08-14,BORDEAUX ST JEAN,NON,4659,14:14,IC ARO,BEZIERS,TJOURSOSE,FRBZR,10:27,FRBOJ
9773,2023-08-14,BORDEAUX ST JEAN,NON,4659,15:22,IC ARO,NIMES,TJOURSOSE,FRFNI,10:27,FRBOJ
9774,2023-08-14,CARCASSONNE,NON,4659,15:22,IC ARO,NIMES,TJOURSOSE,FRFNI,13:29,FRCCF
9775,2023-08-14,MONTAUBAN VILLE BOURBON,NON,4659,14:54,IC ARO,MONTPELLIER SAINT-ROCH,TJOURSOSE,FRMPL,12:10,FRXMW
9776,2023-08-14,NARBONNE,NON,4659,14:54,IC ARO,MONTPELLIER SAINT-ROCH,TJOURSOSE,FRMPL,14:01,FRXNA
9777,2023-08-14,CLERMONT FERRAND,OUI,5950,08:57,IC ARO,PARIS (intramuros),CLERMONTPA,FRPBE,05:27,FRCFE
9778,2023-08-14,NEVERS,OUI,5950,08:57,IC ARO,PARIS (intramuros),CLERMONTPA,FRPBE,07:00,FRNVS
9779,2023-08-14,VICHY,OUI,5950,06:58,IC ARO,NEVERS,CLERMONTPA,FRNVS,06:02,FRVHY
9780,2023-08-14,MOULINS SUR ALLIER,OUI,5950,08:57,IC ARO,PARIS (intramuros),CLERMONTPA,FRPBE,06:31,FRXMU
9781,2023-08-14,PARIS (intramuros),NON,7025,11:18,NORD,LILLE (intramuros),PALILLE,FRADJ,10:16,FRPNO
9782,2023-08-14,METZ VILLE,OUI,5521,07:13,EST,COLMAR,JCRHINRHON,FRAEJ,05:46,FRADE
9783,2023-08-14,METZ VILLE,NON,5521,12:54,EST,MONTPELLIER SAINT-ROCH,JCRHINRHON,FRMPL,05:46,FRADE
9784,2023-08-14,METZ VILLE,NON,5521,08:38,EST,BESANCON - F COMTE TGV,JCRHINRHON,FRTJB,05:46,FRADE
9785,2023-08-14,COLMAR,OUI,5521,08:14,EST,BELFORT-MONTBELIARD TGV,JCRHINRHON,FRTJA,07:16,FRAEJ
9786,2023-08-14,COLMAR,NON,5521,08:38,EST,BESANCON - F COMTE TGV,JCRHINRHON,FRTJB,07:16,FRAEJ
9787,2023-08-14,COLMAR,NON,5521,09:54,EST,CHALON SUR SAONE,JCRHINRHON,FRXCD,07:16,FRAEJ
9788,2023-08-14,MULHOUSE VILLE,NON,5521,09:54,EST,CHALON SUR SAONE,JCRHINRHON,FRXCD,07:52,FRAEK
9789,2023-08-14,NIMES,NON,5521,12:54,EST,MONTPELLIER SAINT-ROCH,JCRHINRHON,FRMPL,12:27,FRFNI
9790,2023-08-14,BELFORT-MONTBELIARD TGV,NON,5521,10:56,EST,LYON (intramuros),JCRHINRHON,FRLPD,08:17,FRTJA
9791,2023-08-14,BESANCON - F COMTE TGV,NON,5521,09:11,EST,DIJON VILLE,JCRHINRHON,FRABA,08:41,FRTJB
9792,2023-08-14,BESANCON - F COMTE TGV,NON,5521,12:24,EST,NIMES,JCRHINRHON,FRFNI,08:41,FRTJB
9793,2023-08-14,POITIERS,OUI,8371,09:00,ATLANTIQUE,NIORT,PAROCHELLE,FRNIT,08:14,FRPIS
9794,2023-08-14,AGEN,OUI,8517,21:03,ATLANTIQUE,MONTAUBAN VILLE BOURBON,PASUDOUEST,FRXMW,20:27,FRAGF
9795,2023-08-14,BORDEAUX ST JEAN,NON,8517,21:31,ATLANTIQUE,TOULOUSE MATABIAU,PASUDOUEST,FRXYT,19:20,FRBOJ
9796,2023-08-14,PARIS (intramuros),NON,8517,21:03,ATLANTIQUE,MONTAUBAN VILLE BOURBON,PASUDOUEST,FRXMW,17:06,FRPMO
9797,2023-08-14,DIJON VILLE,OUI,6741,09:19,SUD EST,BESANCON VIOTTE,PABOUR,FRABG,08:35,FRABA
9798,2023-08-14,MONTBARD,OUI,6741,09:05,SUD EST,BESANCON - F COMTE TGV,PABOUR,FRTJB,07:57,FRGWE
9799,2023-08-14,PARIS (intramuros),OUI,6741,09:19,SUD EST,BESANCON VIOTTE,PABOUR,FRABG,06:52,FRPLY
9800,2023-08-14,RETHEL,OUI,2751,20:11,EST,CHARLEVILLE MEZIERES,PABARSED,FRXCZ,19:43,FRBDT
9801,2023-08-14,ANGERS ST LAUD,NON,5288,17:48,NORD,MASSY TGV,JCBRETNORD,FRDJU,16:02,FRACL
9802,2023-08-14,LE MANS,NON,5288,19:35,NORD,LILLE (intramuros),JCBRETNORD,FRLLE,16:57,FRAET
9803,2023-08-14,CANNES,OUI,6180,18:44,SUD EST,TOULON,AZURPA,FRTLN,17:33,FRJCA
9804,2023-08-14,TOULON,NON,6180,19:55,SUD EST,AVIGNON TGV,AZURPA,FRAVG,18:48,FRTLN
9805,2023-08-14,ANTIBES,NON,6180,19:55,SUD EST,AVIGNON TGV,AZURPA,FRAVG,17:18,FRXAT
9806,2023-08-14,NEVERS,OUI,5971,19:17,IC ARO,RIOM CHATEL GUYON,PACLERMONT,FRRIO,17:59,FRNVS
9807,2023-08-14,LYON (intramuros),NON,4502,12:10,IC SRO,NEVERS,JOURLYNNTE,FRNVS,09:34,FRLPD
9808,2023-08-14,LYON (intramuros),NON,4502,11:17,IC SRO,ST GERMAIN DES FOSSES,JOURLYNNTE,FRSGF,09:34,FRLPD
9809,2023-08-14,LYON (intramuros),NON,4502,11:17,IC SRO,ST GERMAIN DES FOSSES,JOURLYNNTE,FRSGF,09:20,FRLPE
9810,2023-08-14,LYON (intramuros),NON,4502,11:39,IC SRO,MOULINS SUR ALLIER,JOURLYNNTE,FRXMU,09:20,FRLPE
9811,2023-08-14,LYON (intramuros),NON,4502,14:25,IC SRO,ST PIERRE DES CORPS,JOURLYNNTE,FRXSH,09:20,FRLPE
9812,2023-08-14,NEVERS,NON,4502,15:21,IC SRO,ANGERS ST LAUD,JOURLYNNTE,FRACL,12:25,FRNVS
9813,2023-08-14,NEVERS,NON,4502,13:01,IC SRO,BOURGES,JOURLYNNTE,FRBOU,12:25,FRNVS
9814,2023-08-14,ROANNE,NON,4502,15:21,IC SRO,ANGERS ST LAUD,JOURLYNNTE,FRACL,10:40,FRRNE
9815,2023-08-14,ROANNE,NON,4502,11:39,IC SRO,MOULINS SUR ALLIER,JOURLYNNTE,FRXMU,10:40,FRRNE
9816,2023-08-14,ROANNE,NON,4502,13:21,IC SRO,VIERZON VILLE,JOURLYNNTE,FRXVZ,10:40,FRRNE
9817,2023-08-14,ST GERMAIN DES FOSSES,NON,4502,15:21,IC SRO,ANGERS ST LAUD,JOURLYNNTE,FRACL,11:19,FRSGF
9818,2023-08-14,ST GERMAIN DES FOSSES,NON,4502,14:58,IC SRO,SAUMUR,JOURLYNNTE,FRACN,11:19,FRSGF
9819,2023-08-14,ST GERMAIN DES FOSSES,NON,4502,11:39,IC SRO,MOULINS SUR ALLIER,JOURLYNNTE,FRXMU,11:19,FRSGF
9820,2023-08-14,MOULINS SUR ALLIER,NON,4502,16:04,IC SRO,NANTES,JOURLYNNTE,FRNTE,11:41,FRXMU
9821,2023-08-14,MOULINS SUR ALLIER,NON,4502,14:25,IC SRO,ST PIERRE DES CORPS,JOURLYNNTE,FRXSH,11:41,FRXMU
9822,2023-08-14,VIERZON VILLE,NON,4502,14:58,IC SRO,SAUMUR,JOURLYNNTE,FRACN,13:23,FRXVZ
9823,2023-08-14,MARSEILLE ST CHARLES,NON,6175,14:48,SUD EST,LES ARCS DRAGUIGNAN,PAAZUR,FRXRS,13:28,FRMSC
9824,2023-08-14,KARLSRUHE HBF,NON,9563,18:18,INTERNATIONAL,MANNHEIM HBF,PAFRANC,DEMHG,17:55,DEQKA
9825,2023-08-14,STRASBOURG,NON,9563,17:53,INTERNATIONAL,KARLSRUHE HBF,PAFRANC,DEQKA,17:13,FRAEG
9826,2023-08-14,PARIS (intramuros),NON,9563,17:53,INTERNATIONAL,KARLSRUHE HBF,PAFRANC,DEQKA,15:21,FRPST
9827,2023-08-14,BEZIERS,NON,6873,19:51,SUD EST,LYON (intramuros),JCSUDPROV,FRLPD,17:15,FRBZR
9828,2023-08-14,CARCASSONNE,NON,6873,18:24,SUD EST,NIMES,JCSUDPROV,FRFNI,16:27,FRCCF
9829,2023-08-14,CARCASSONNE,NON,6873,17:55,SUD EST,MONTPELLIER SAINT-ROCH,JCSUDPROV,FRMPL,16:27,FRCCF
9830,2023-08-14,MONTPELLIER SAINT-ROCH,NON,6873,18:24,SUD EST,NIMES,JCSUDPROV,FRFNI,17:59,FRMPL
9831,2023-08-14,MONTPELLIER SAINT-ROCH,NON,6873,19:51,SUD EST,LYON (intramuros),JCSUDPROV,FRLPD,17:59,FRMPL
9832,2023-08-14,NARBONNE,NON,6873,19:10,SUD EST,VALENCE TGV RHONE-ALPES SUD,JCSUDPROV,FRVLA,16:59,FRXNA
9833,2023-08-14,SETE,NON,6873,19:10,SUD EST,VALENCE TGV RHONE-ALPES SUD,JCSUDPROV,FRVLA,17:39,FRXSY
9834,2023-08-14,TOULOUSE MATABIAU,NON,6873,16:24,SUD EST,CARCASSONNE,JCSUDPROV,FRCCF,15:43,FRXYT
9835,2023-08-14,TOULOUSE MATABIAU,NON,6873,17:36,SUD EST,SETE,JCSUDPROV,FRXSY,15:43,FRXYT
9836,2023-08-14,PORNICHET,NON,8916,14:09,ATLANTIQUE,PARIS (intramuros),LOIREPARIS,FRPMO,11:14,FREGR
9837,2023-08-14,LE POULIGUEN,OUI,8916,11:11,ATLANTIQUE,PORNICHET,LOIREPARIS,FREGR,11:00,FREGS
9838,2023-08-14,LE CROISIC,NON,8916,14:09,ATLANTIQUE,PARIS (intramuros),LOIREPARIS,FRPMO,10:52,FREGU
9839,2023-08-14,LA BAULE ESCOUBLAC,NON,8916,12:02,ATLANTIQUE,NANTES,LOIREPARIS,FRNTE,11:07,FRJEE
9840,2023-08-14,BREST,OUI,8636,17:31,ATLANTIQUE,ST BRIEUC,BRETAPARIS,FRSBK,16:13,FRBES
9841,2023-08-14,GUINGAMP,NON,8636,18:25,ATLANTIQUE,RENNES,BRETAPARIS,FRRNS,17:16,FRGGP
9842,2023-08-14,GUINGAMP,OUI,8636,17:31,ATLANTIQUE,ST BRIEUC,BRETAPARIS,FRSBK,17:16,FRGGP
9843,2023-08-14,MORLAIX,NON,8636,19:01,ATLANTIQUE,LAVAL,BRETAPARIS,FRACR,16:47,FRMXN
9844,2023-08-14,PARIS (intramuros),NON,6617,15:10,SUD EST,LE CREUSOT MONTCEAU MONTCHANIN,PARISRHONE,FRXCC,13:52,FRPLY
9845,2023-08-14,LE CREUSOT MONTCEAU MONTCHANIN,OUI,6617,15:56,SUD EST,LYON (intramuros),PARISRHONE,FRLPD,15:13,FRXCC
9846,2023-08-14,AIX EN PROVENCE TGV,NON,9752,17:45,INTERNATIONAL,GENEVE,MEDGENEVE,CHGVA,14:00,FRAIE
9847,2023-08-14,MARSEILLE ST CHARLES,NON,9752,17:45,INTERNATIONAL,GENEVE,MEDGENEVE,CHGVA,13:46,FRMSC
9848,2023-08-14,MARSEILLE ST CHARLES,NON,9752,16:58,INTERNATIONAL,BELLEGARDE,MEDGENEVE,FRXBF,13:46,FRMSC
9849,2023-08-14,SOUILLAC,NON,3750,05:43,IC NUIT,LES AUBRAIS ORLEANS,OCCITANPAR,FRLAB,00:17,FRSOU
9850,2023-08-14,ANGERS ST LAUD,NON,5482,09:21,EST,LE MANS,JCATLEST,FRAET,08:43,FRACL
9851,2023-08-14,ANGERS ST LAUD,NON,5482,11:52,EST,CHAMPAGNE-ARDENNE,JCATLEST,FREAH,08:43,FRACL
9852,2023-08-14,ANGERS ST LAUD,NON,5482,11:09,EST,AEROPORT CDG2 TGV ROISSY,JCATLEST,FRMLW,08:43,FRACL
9853,2023-08-14,LE MANS,NON,5482,12:32,EST,LORRAINE TGV,JCATLEST,FREAM,09:30,FRAET
9854,2023-08-14,MASSY TGV,NON,5482,11:09,EST,AEROPORT CDG2 TGV ROISSY,JCATLEST,FRMLW,10:26,FRDJU
9855,2023-08-14,CHAMPAGNE-ARDENNE,OUI,5482,12:32,EST,LORRAINE TGV,JCATLEST,FREAM,11:55,FREAH
9856,2023-08-14,MARNE LA VALLEE CHESSY,NON,5482,13:12,EST,STRASBOURG,JCATLEST,FRAEG,11:00,FRMLV
9857,2023-08-14,NANTES,NON,5482,09:21,EST,LE MANS,JCATLEST,FRAET,08:03,FRNTE
9858,2023-08-14,NANTES,NON,5482,12:32,EST,LORRAINE TGV,JCATLEST,FREAM,08:03,FRNTE
9859,2023-08-14,NANTES,NON,5482,11:09,EST,AEROPORT CDG2 TGV ROISSY,JCATLEST,FRMLW,08:03,FRNTE
9860,2023-08-14,LAVAL,NON,9884,08:20,NORD,MASSY TGV,JCBRETNORD,FRDJU,06:52,FRACR
9861,2023-08-14,LAVAL,NON,9884,09:10,NORD,AEROPORT CDG2 TGV ROISSY,JCBRETNORD,FRMLW,06:52,FRACR
9862,2023-08-14,MASSY TGV,NON,9884,09:10,NORD,AEROPORT CDG2 TGV ROISSY,JCBRETNORD,FRMLW,08:26,FRDJU
9863,2023-08-14,MASSY TGV,NON,9884,09:45,NORD,TGV HAUTE PICARDIE,JCBRETNORD,FRTHP,08:26,FRDJU
9864,2023-08-14,MARNE LA VALLEE CHESSY,NON,9884,11:01,NORD,BRUXELLES MIDI BRUSSEL ZUID,JCBRETNORD,BEBMI,09:01,FRMLV
9865,2023-08-14,RENNES,OUI,9884,07:20,NORD,LE MANS,JCBRETNORD,FRAET,06:23,FRRNS
9866,2023-08-14,TGV HAUTE PICARDIE,OUI,9884,11:01,NORD,BRUXELLES MIDI BRUSSEL ZUID,JCBRETNORD,BEBMI,09:50,FRTHP
9867,2023-08-14,LAVAL,NON,9884,09:45,NORD,TGV HAUTE PICARDIE,JCBRETNORD,FRTHP,06:52,FRACR
9868,2023-08-14,MASSY TGV,NON,9884,11:01,NORD,BRUXELLES MIDI BRUSSEL ZUID,JCBRETNORD,BEBMI,08:26,FRDJU
9869,2023-08-14,LAVAL,NON,9884,11:01,NORD,BRUXELLES MIDI BRUSSEL ZUID,JCBRETNORD,BEBMI,06:52,FRACR
9870,2023-08-14,ISSOUDUN,OUI,3655,18:42,IC ARO,CHATEAUROUX,PALITO,FRCHR,18:28,FRFMN
9871,2023-08-14,LE MANS,NON,8912,11:25,ATLANTIQUE,PARIS (intramuros),LOIREPARIS,FRPMO,10:26,FRAET
9872,2023-08-14,LA BAULE ESCOUBLAC,OUI,8912,08:21,ATLANTIQUE,ST NAZAIRE,LOIREPARIS,FRSNR,08:07,FRJEE
9873,2023-08-14,DIJON VILLE,NON,9223,22:26,INTERNATIONAL,ZUERICH HB,PABALZUR,CHAJD,20:01,FRABA
9874,2023-08-14,DIJON VILLE,NON,9223,21:03,INTERNATIONAL,MULHOUSE VILLE,PABALZUR,FRAEK,20:01,FRABA
9875,2023-08-14,MULHOUSE VILLE,NON,9223,22:26,INTERNATIONAL,ZUERICH HB,PABALZUR,CHAJD,21:06,FRAEK
9876,2023-08-14,PARIS (intramuros),NON,9223,22:26,INTERNATIONAL,ZUERICH HB,PABALZUR,CHAJD,18:22,FRPLY
9877,2023-08-14,PARIS (intramuros),NON,9223,19:57,INTERNATIONAL,DIJON VILLE,PABALZUR,FRABA,18:22,FRPLY
9878,2023-08-14,EPINAL,OUI,2580,17:08,EST,NANCY,NANCYPA,FRENC,16:23,FREPL
9879,2023-08-14,LYON-SAINT EXUPERY TGV,OUI,6917,15:13,SUD EST,GRENOBLE,PAGRENOBLE,FRGNB,14:07,FRJDQ
9880,2023-08-14,ANGERS ST LAUD,NON,8913,12:50,ATLANTIQUE,LA BAULE ESCOUBLAC,PARISLOIRE,FRJEE,11:16,FRACL
9881,2023-08-14,LE MANS,NON,8913,13:03,ATLANTIQUE,LE CROISIC,PARISLOIRE,FREGU,10:36,FRAET
9882,2023-08-14,NANTES,NON,8913,13:03,ATLANTIQUE,LE CROISIC,PARISLOIRE,FREGU,12:00,FRNTE
9883,2023-08-14,PARIS (intramuros),NON,8913,12:50,ATLANTIQUE,LA BAULE ESCOUBLAC,PARISLOIRE,FRJEE,09:36,FRPMO
9884,2023-08-14,PARIS (intramuros),NON,8913,12:33,ATLANTIQUE,ST NAZAIRE,PARISLOIRE,FRSNR,09:36,FRPMO
9885,2023-08-14,BEZIERS,NON,6258,15:51,SUD EST,VALENCE TGV RHONE-ALPES SUD,LANGPA,FRVLA,13:58,FRBZR
9886,2023-08-14,NARBONNE,OUI,6258,13:55,SUD EST,BEZIERS,LANGPA,FRBZR,13:42,FRXNA
9887,2023-08-14,NARBONNE,NON,6258,18:12,SUD EST,PARIS (intramuros),LANGPA,FRPLY,13:42,FRXNA
9888,2023-08-14,NARBONNE,NON,6258,15:51,SUD EST,VALENCE TGV RHONE-ALPES SUD,LANGPA,FRVLA,13:42,FRXNA
9889,2023-08-14,SETE,NON,6258,15:51,SUD EST,VALENCE TGV RHONE-ALPES SUD,LANGPA,FRVLA,14:28,FRXSY
9890,2023-08-14,MONTPELLIER SUD DE FRANCE,NON,6258,15:51,SUD EST,VALENCE TGV RHONE-ALPES SUD,LANGPA,FRVLA,14:50,FRSUF
9891,2023-08-14,MONTPELLIER SUD DE FRANCE,NON,6258,15:12,SUD EST,NIMES PONT DU GARD,LANGPA,FRXZP,14:50,FRSUF
9892,2023-08-14,PERPIGNAN,NON,6258,15:12,SUD EST,NIMES PONT DU GARD,LANGPA,FRXZP,13:04,FRPGF
9893,2023-08-14,BEZIERS,NON,6258,15:12,SUD EST,NIMES PONT DU GARD,LANGPA,FRXZP,13:58,FRBZR
9894,2023-08-14,RANG DU FLIERS VERTON,OUI,7534,19:09,NORD,PARIS (intramuros),ARRASPA,FRPNO,16:11,FRCVU
9895,2023-08-14,CHAMPAGNE-ARDENNE,OUI,9894,21:01,NORD,BRUXELLES MIDI BRUSSEL ZUID,JCESTNORD,BEBMI,18:35,FREAH
9896,2023-08-14,CHAMPAGNE-ARDENNE,OUI,9894,20:08,NORD,LILLE (intramuros),JCESTNORD,FRLLE,18:35,FREAH
9897,2023-08-14,CHAMPAGNE-ARDENNE,OUI,9894,19:06,NORD,AEROPORT CDG2 TGV ROISSY,JCESTNORD,FRMLW,18:35,FREAH
9898,2023-08-14,MEUSE TGV,OUI,9894,19:06,NORD,AEROPORT CDG2 TGV ROISSY,JCESTNORD,FRMLW,18:09,FREAJ
9899,2023-08-14,AEROPORT CDG2 TGV ROISSY,OUI,9894,19:38,NORD,TGV HAUTE PICARDIE,JCESTNORD,FRTHP,19:12,FRMLW
9900,2023-08-14,TGV HAUTE PICARDIE,OUI,9894,21:01,NORD,BRUXELLES MIDI BRUSSEL ZUID,JCESTNORD,BEBMI,19:41,FRTHP
9901,2023-08-14,PARIS (intramuros),OUI,8321,20:13,ATLANTIQUE,VENDOME VILLIERS SUR LOIR,PAROCHELLE,FRESL,19:28,FRPMO
9902,2023-08-14,PARIS (intramuros),OUI,8321,20:35,ATLANTIQUE,ST PIERRE DES CORPS,PAROCHELLE,FRXSH,19:28,FRPMO
9903,2023-08-14,FRANKFURT MAIN HBF,NON,9580,21:34,INTERNATIONAL,AIX EN PROVENCE TGV,FRANCMRS,FRAIE,13:56,DEFRH
9904,2023-08-14,FRANKFURT MAIN HBF,NON,9580,21:12,INTERNATIONAL,AVIGNON TGV,FRANCMRS,FRAVG,13:56,DEFRH
9905,2023-08-14,FRANKFURT MAIN HBF,NON,9580,19:56,INTERNATIONAL,LYON (intramuros),FRANCMRS,FRLPD,13:56,DEFRH
9906,2023-08-14,FRANKFURT MAIN HBF,NON,9580,17:55,INTERNATIONAL,BESANCON - F COMTE TGV,FRANCMRS,FRTJB,13:56,DEFRH
9907,2023-08-14,FRANKFURT MAIN HBF,NON,9580,18:53,INTERNATIONAL,CHALON SUR SAONE,FRANCMRS,FRXCD,13:56,DEFRH
9908,2023-08-14,MANNHEIM HBF,NON,9580,16:02,INTERNATIONAL,STRASBOURG,FRANCMRS,FRAEG,14:39,DEMHG
9909,2023-08-14,MANNHEIM HBF,NON,9580,17:05,INTERNATIONAL,MULHOUSE VILLE,FRANCMRS,FRAEK,14:39,DEMHG
9910,2023-08-14,KARLSRUHE HBF,NON,9580,15:34,INTERNATIONAL,BADEN BADEN,FRANCMRS,DEZCC,15:12,DEQKA
9911,2023-08-14,KARLSRUHE HBF,NON,9580,17:55,INTERNATIONAL,BESANCON - F COMTE TGV,FRANCMRS,FRTJB,15:12,DEQKA
9912,2023-08-14,BADEN BADEN,NON,9580,21:34,INTERNATIONAL,AIX EN PROVENCE TGV,FRANCMRS,FRAIE,15:35,DEZCC
9913,2023-08-14,STRASBOURG,NON,9580,17:05,INTERNATIONAL,MULHOUSE VILLE,FRANCMRS,FRAEK,16:15,FRAEG
9914,2023-08-14,STRASBOURG,NON,9580,21:12,INTERNATIONAL,AVIGNON TGV,FRANCMRS,FRAVG,16:15,FRAEG
9915,2023-08-14,STRASBOURG,NON,9580,21:48,INTERNATIONAL,MARSEILLE ST CHARLES,FRANCMRS,FRMSC,16:15,FRAEG
9916,2023-08-14,STRASBOURG,NON,9580,17:31,INTERNATIONAL,BELFORT-MONTBELIARD TGV,FRANCMRS,FRTJA,16:15,FRAEG
9917,2023-08-14,MULHOUSE VILLE,NON,9580,21:12,INTERNATIONAL,AVIGNON TGV,FRANCMRS,FRAVG,17:09,FRAEK
9918,2023-08-14,MULHOUSE VILLE,NON,9580,19:56,INTERNATIONAL,LYON (intramuros),FRANCMRS,FRLPD,17:09,FRAEK
9919,2023-08-14,LYON (intramuros),NON,9580,21:48,INTERNATIONAL,MARSEILLE ST CHARLES,FRANCMRS,FRMSC,20:06,FRLPD
9920,2023-08-14,BELFORT-MONTBELIARD TGV,NON,9580,21:34,INTERNATIONAL,AIX EN PROVENCE TGV,FRANCMRS,FRAIE,17:34,FRTJA
9921,2023-08-14,BELFORT-MONTBELIARD TGV,NON,9580,17:55,INTERNATIONAL,BESANCON - F COMTE TGV,FRANCMRS,FRTJB,17:34,FRTJA
9922,2023-08-14,CHALON SUR SAONE,NON,9580,19:56,INTERNATIONAL,LYON (intramuros),FRANCMRS,FRLPD,18:56,FRXCD
9923,2023-08-14,AVIGNON TGV,NON,6129,22:41,SUD EST,AIX EN PROVENCE TGV,PAPROVENCE,FRAIE,22:20,FRAVG
9924,2023-08-14,PARIS (intramuros),NON,6129,22:41,SUD EST,AIX EN PROVENCE TGV,PAPROVENCE,FRAIE,19:38,FRPLY
9925,2023-08-14,PARIS (intramuros),NON,6129,22:56,SUD EST,MARSEILLE ST CHARLES,PAPROVENCE,FRMSC,19:38,FRPLY
9926,2023-08-14,AGEN,NON,4665,19:27,IC ARO,CARCASSONNE,TJOURSOSE,FRCCF,17:32,FRAGF
9927,2023-08-14,AGEN,NON,4665,18:09,IC ARO,MONTAUBAN VILLE BOURBON,TJOURSOSE,FRXMW,17:32,FRAGF
9928,2023-08-14,MONTPELLIER SAINT-ROCH,OUI,4665,22:31,IC ARO,MARSEILLE ST CHARLES,TJOURSOSE,FRMSC,20:56,FRMPL
9929,2023-08-14,MONTAUBAN VILLE BOURBON,NON,4665,21:20,IC ARO,NIMES,TJOURSOSE,FRFNI,18:11,FRXMW
9930,2023-08-14,NARBONNE,NON,4665,22:31,IC ARO,MARSEILLE ST CHARLES,TJOURSOSE,FRMSC,20:01,FRXNA
9931,2023-08-14,TOULOUSE MATABIAU,NON,4665,20:14,IC ARO,BEZIERS,TJOURSOSE,FRBZR,18:45,FRXYT
9932,2023-08-14,TOULOUSE MATABIAU,NON,4665,19:58,IC ARO,NARBONNE,TJOURSOSE,FRXNA,18:45,FRXYT
9933,2023-08-14,PARIS (intramuros),OUI,8367,20:12,ATLANTIQUE,SURGERES,PAROCHELLE,FREIP,17:28,FRPMO
9934,2023-08-14,PARIS (intramuros),OUI,8367,19:48,ATLANTIQUE,NIORT,PAROCHELLE,FRNIT,17:28,FRPMO
9935,2023-08-14,ST PIERRE DES CORPS,OUI,8367,20:37,ATLANTIQUE,LA ROCHELLE VILLE,PAROCHELLE,FRLRH,18:42,FRXSH
9936,2023-08-14,ST PIERRE DES CORPS,OUI,8367,19:48,ATLANTIQUE,NIORT,PAROCHELLE,FRNIT,18:42,FRXSH
9937,2023-08-14,STUTTGART HBF,NON,9578,10:05,INTERNATIONAL,PARIS (intramuros),MUNSTUTPA,FRPST,06:52,DESGT
9938,2023-08-14,PAU,NON,14142,12:37,IC SRO,LOURDES,SUDOUEST,FRLDE,12:12,FRAEE
9939,2023-08-14,HENDAYE,NON,14142,10:52,IC SRO,BAYONNE,SUDOUEST,FRXBY,10:19,FRAEF
9940,2023-08-14,BIARRITZ,NON,14142,10:52,IC SRO,BAYONNE,SUDOUEST,FRXBY,10:40,FRBIQ
9941,2023-08-14,ORTHEZ,NON,14142,12:53,IC SRO,TARBES,SUDOUEST,FRXTB,11:48,FRGFI
9942,2023-08-14,BAYONNE,NON,14142,12:09,IC SRO,PAU,SUDOUEST,FRAEE,11:02,FRXBY
9943,2023-08-14,ST JEAN DE LUZ CIBOURE,NON,14142,10:39,IC SRO,BIARRITZ,SUDOUEST,FRBIQ,10:30,FRXJZ
9944,2023-08-14,ST JEAN DE LUZ CIBOURE,NON,14142,11:46,IC SRO,ORTHEZ,SUDOUEST,FRGFI,10:30,FRXJZ
9945,2023-08-14,TARBES,NON,14142,13:30,IC SRO,MONTREJEAU GOURDAN POLIGNAN,SUDOUEST,FRMTJ,12:56,FRXTB
9946,2023-08-14,METZ VILLE,OUI,2833,19:27,EST,THIONVILLE,PAMETZLUX,FRXTH,19:10,FRADE
9947,2023-08-14,PARIS (intramuros),OUI,2833,19:04,EST,METZ VILLE,PAMETZLUX,FRADE,17:40,FRPST
9948,2023-08-14,PARIS (intramuros),OUI,2833,19:27,EST,THIONVILLE,PAMETZLUX,FRXTH,17:40,FRPST
9949,2023-08-14,DIJON VILLE,OUI,2204,18:17,EST,BESANCON - F COMTE TGV,JCRHONRHIN,FRTJB,17:50,FRABA
9950,2023-08-14,NIMES,NON,2204,17:40,EST,DIJON VILLE,JCRHONRHIN,FRABA,14:25,FRFNI
9951,2023-08-14,NIMES,NON,2204,20:13,EST,STRASBOURG,JCRHONRHIN,FRAEG,14:25,FRFNI
9952,2023-08-14,NIMES,NON,2204,15:51,EST,LYON (intramuros),JCRHONRHIN,FRLPD,14:25,FRFNI
9953,2023-08-14,NIMES,NON,2204,18:17,EST,BESANCON - F COMTE TGV,JCRHONRHIN,FRTJB,14:25,FRFNI
9954,2023-08-14,NIMES,NON,2204,15:09,EST,VALENCE TGV RHONE-ALPES SUD,JCRHONRHIN,FRVLA,14:25,FRFNI
9955,2023-08-14,LYON (intramuros),NON,2204,19:41,EST,COLMAR,JCRHONRHIN,FRAEJ,16:04,FRLPD
9956,2023-08-14,LYON (intramuros),NON,2204,16:39,EST,MACON VILLE,JCRHONRHIN,FRHGU,16:04,FRLPD
9957,2023-08-14,LYON (intramuros),NON,2204,18:44,EST,BELFORT-MONTBELIARD TGV,JCRHONRHIN,FRTJA,16:04,FRLPD
9958,2023-08-14,MONTPELLIER SAINT-ROCH,NON,2204,20:13,EST,STRASBOURG,JCRHONRHIN,FRAEG,13:57,FRMPL
9959,2023-08-14,MONTPELLIER SAINT-ROCH,NON,2204,19:41,EST,COLMAR,JCRHONRHIN,FRAEJ,13:57,FRMPL
9960,2023-08-14,MONTPELLIER SAINT-ROCH,NON,2204,15:51,EST,LYON (intramuros),JCRHONRHIN,FRLPD,13:57,FRMPL
9961,2023-08-14,MONTPELLIER SAINT-ROCH,NON,2204,18:17,EST,BESANCON - F COMTE TGV,JCRHONRHIN,FRTJB,13:57,FRMPL
9962,2023-08-14,VALENCE TGV RHONE-ALPES SUD,NON,2204,15:51,EST,LYON (intramuros),JCRHONRHIN,FRLPD,15:12,FRVLA
9963,2023-08-14,VALENCE TGV RHONE-ALPES SUD,NON,2204,18:17,EST,BESANCON - F COMTE TGV,JCRHONRHIN,FRTJB,15:12,FRVLA
9964,2023-08-14,PERPIGNAN,NON,9706,23:05,SUD EST,PARIS (intramuros),BARCELONEPA,FRPLY,18:04,FRPGF
9965,2023-08-14,SETE,NON,9706,20:48,SUD EST,VALENCE TGV RHONE-ALPES SUD,BARCELONEPA,FRVLA,19:30,FRXSY
9966,2023-08-14,MONTPELLIER SUD DE FRANCE,NON,9706,23:05,SUD EST,PARIS (intramuros),BARCELONEPA,FRPLY,19:50,FRSUF
9967,2023-08-14,BEZIERS,NON,9706,19:45,SUD EST,MONTPELLIER SUD DE FRANCE,BARCELONEPA,FRSUF,18:59,FRBZR
9968,2023-08-14,PERPIGNAN,NON,9706,19:45,SUD EST,MONTPELLIER SUD DE FRANCE,BARCELONEPA,FRSUF,18:04,FRPGF
9969,2023-08-14,SETE,NON,9706,20:09,SUD EST,NIMES PONT DU GARD,BARCELONEPA,FRXZP,19:30,FRXSY
9970,2023-08-14,FIGUERES VILA TGV,NON,9706,23:05,SUD EST,PARIS (intramuros),BARCELONEPA,FRPLY,17:08,ESFIR
9971,2023-08-14,GIRONA,NON,9706,23:05,SUD EST,PARIS (intramuros),BARCELONEPA,FRPLY,16:51,ESGRO
9972,2023-08-14,GIRONA,NON,9706,19:10,SUD EST,AGDE,BARCELONEPA,FRXAG,16:51,ESGRO
9973,2023-08-14,BARCELONA SANTS,NON,9706,19:10,SUD EST,AGDE,BARCELONEPA,FRXAG,16:10,ESBST
9974,2023-08-14,GIRONA,NON,9706,19:45,SUD EST,MONTPELLIER SUD DE FRANCE,BARCELONEPA,FRSUF,16:51,ESGRO
9975,2023-08-14,GIRONA,NON,9706,20:09,SUD EST,NIMES PONT DU GARD,BARCELONEPA,FRXZP,16:51,ESGRO
9976,2023-08-14,FIGUERES VILA TGV,NON,9706,19:10,SUD EST,AGDE,BARCELONEPA,FRXAG,17:08,ESFIR
9977,2023-08-14,LYON (intramuros),OUI,5380,06:24,SUD EST,LYON (intramuros),JCSUDATL,FRLPD,06:16,FRLPE
9978,2023-08-14,LAUSANNE,NON,9270,20:04,INTERNATIONAL,PARIS (intramuros),SUISPA,FRPLY,16:23,CHAJF
9979,2023-08-14,FRASNE,OUI,9270,18:24,INTERNATIONAL,DIJON VILLE,SUISPA,FRABA,17:15,FRFRA
9980,2023-08-14,AGEN,NON,4663,18:54,IC ARO,MONTPELLIER SAINT-ROCH,TJOURSOSE,FRMPL,15:33,FRAGF
9981,2023-08-14,BORDEAUX ST JEAN,NON,4663,15:31,IC ARO,AGEN,TJOURSOSE,FRAGF,14:28,FRBOJ
9982,2023-08-14,BORDEAUX ST JEAN,NON,4663,18:14,IC ARO,BEZIERS,TJOURSOSE,FRBZR,14:28,FRBOJ
9983,2023-08-14,BORDEAUX ST JEAN,NON,4663,16:09,IC ARO,MONTAUBAN VILLE BOURBON,TJOURSOSE,FRXMW,14:28,FRBOJ
9984,2023-08-14,CARCASSONNE,NON,4663,17:58,IC ARO,NARBONNE,TJOURSOSE,FRXNA,17:29,FRCCF
9985,2023-08-14,NIMES,OUI,4663,20:36,IC ARO,MARSEILLE ST CHARLES,TJOURSOSE,FRMSC,19:25,FRFNI
9986,2023-08-14,NARBONNE,NON,4663,18:14,IC ARO,BEZIERS,TJOURSOSE,FRBZR,18:01,FRXNA
9987,2023-08-14,NARBONNE,NON,4663,20:36,IC ARO,MARSEILLE ST CHARLES,TJOURSOSE,FRMSC,18:01,FRXNA
9988,2023-08-14,TOULOUSE MATABIAU,NON,4663,17:27,IC ARO,CARCASSONNE,TJOURSOSE,FRCCF,16:45,FRXYT
9989,2023-08-14,TOULOUSE MATABIAU,NON,4663,18:54,IC ARO,MONTPELLIER SAINT-ROCH,TJOURSOSE,FRMPL,16:45,FRXYT
9990,2023-08-14,TOULOUSE MATABIAU,NON,4663,17:58,IC ARO,NARBONNE,TJOURSOSE,FRXNA,16:45,FRXYT
9991,2023-08-14,PARIS (intramuros),NON,8117,12:54,ATLANTIQUE,NANTES,PARISLOIRE,FRNTE,10:36,FRPMO
9992,2023-08-14,DAX,OUI,8592,23:03,ATLANTIQUE,LOURDES,PASUDOUEST,FRLDE,21:46,FRACG
9993,2023-08-14,BORDEAUX ST JEAN,OUI,8592,22:35,ATLANTIQUE,PAU,PASUDOUEST,FRAEE,20:20,FRBOJ
9994,2023-08-14,BORDEAUX ST JEAN,OUI,8592,23:28,ATLANTIQUE,TARBES,PASUDOUEST,FRXTB,20:20,FRBOJ
9995,2023-08-14,ORTHEZ,OUI,8592,23:28,ATLANTIQUE,TARBES,PASUDOUEST,FRXTB,22:14,FRGFI
9996,2023-08-14,PARIS (intramuros),NON,8592,23:03,ATLANTIQUE,LOURDES,PASUDOUEST,FRLDE,18:07,FRPMO
9997,2023-08-14,PARIS (intramuros),NON,8592,23:28,ATLANTIQUE,TARBES,PASUDOUEST,FRXTB,18:07,FRPMO
9998,2023-08-14,QUIMPERLE,NON,8702,09:08,ATLANTIQUE,PARIS (intramuros),BRETAPARIS,FRPMO,05:38,FRECO
9999,2023-08-14,QUIMPERLE,OUI,8702,06:48,ATLANTIQUE,REDON,BRETAPARIS,FRXRN,05:38,FRECO
0,2023-08-15,ASSIER,NON,3754,06:50,IC NUIT,PARIS (intramuros),OCCITANPAR,FRPAZ,00:13,FRFSD
1,2023-08-15,AIX EN PROVENCE TGV,NON,6866,20:54,SUD EST,LYON (intramuros),JCSUDPROV,FRLPD,19:26,FRAIE
2,2023-08-15,TOULON,NON,6866,20:54,SUD EST,LYON (intramuros),JCSUDPROV,FRLPD,17:53,FRTLN
3,2023-08-15,TOULON,OUI,6866,18:53,SUD EST,MARSEILLE ST CHARLES,JCSUDPROV,FRMSC,17:53,FRTLN
4,2023-08-15,DUNKERQUE,NON,7218,13:23,NORD,PARIS (intramuros),ARRASPA,FRPNO,11:25,FRADI
5,2023-08-15,ARRAS,NON,7218,13:23,NORD,PARIS (intramuros),ARRASPA,FRPNO,12:32,FRQRV
6,2023-08-15,PARIS (intramuros),NON,8707,12:38,ATLANTIQUE,QUIMPER,PARISBRETA,FRUIP,08:40,FRPMO
7,2023-08-15,PARIS (intramuros),NON,8707,11:04,ATLANTIQUE,REDON,PARISBRETA,FRXRN,08:40,FRPMO
8,2023-08-15,RENNES,NON,8707,11:42,ATLANTIQUE,AURAY,PARISBRETA,FRXUY,10:29,FRRNS
9,2023-08-15,AIX EN PROVENCE TGV,NON,6106,10:22,SUD EST,PARIS (intramuros),PROVENCEPA,FRPLY,07:18,FRAIE
10,2023-08-15,AVIGNON TGV,NON,6106,10:22,SUD EST,PARIS (intramuros),PROVENCEPA,FRPLY,07:41,FRAVG
11,2023-08-15,NIMES PONT DU GARD,NON,6048,12:50,SUD EST,VALENCE TGV RHONE-ALPES SUD,LANGPA,FRVLA,12:14,FRXZP
12,2023-08-15,PARIS (intramuros),NON,6279,21:07,SUD EST,VALENCE TGV RHONE-ALPES SUD,PALANG,FRVLA,18:56,FRPLY
13,2023-08-15,PARIS (intramuros),NON,6279,22:08,SUD EST,MONTPELLIER SUD DE FRANCE,PALANG,FRSUF,18:56,FRPLY
14,2023-08-15,VALENCE TGV RHONE-ALPES SUD,NON,6279,22:08,SUD EST,MONTPELLIER SUD DE FRANCE,PALANG,FRSUF,21:10,FRVLA
15,2023-08-15,PARIS (intramuros),NON,6279,21:46,SUD EST,NIMES PONT DU GARD,PALANG,FRXZP,18:56,FRPLY
16,2023-08-15,NIMES PONT DU GARD,OUI,6279,23:50,SUD EST,PERPIGNAN,PALANG,FRPGF,21:49,FRXZP
17,2023-08-15,NIMES PONT DU GARD,OUI,6279,23:00,SUD EST,BEZIERS,PALANG,FRBZR,21:49,FRXZP
18,2023-08-15,UZERCHE,OUI,3614,09:19,IC ARO,PARIS (intramuros),TOULOUZECO,FRPAZ,05:24,FRAAW
19,2023-08-15,LIMOGES BENEDICTINS,OUI,3614,06:58,IC ARO,ARGENTON SUR CREUSE,TOULOUZECO,FRFMT,06:03,FRAGQ
20,2023-08-15,LIMOGES BENEDICTINS,OUI,3614,07:48,IC ARO,VIERZON VILLE,TOULOUZECO,FRXVZ,06:03,FRAGQ
21,2023-08-15,LA SOUTERRAINE,OUI,3614,06:58,IC ARO,ARGENTON SUR CREUSE,TOULOUZECO,FRFMT,06:35,FRLST
22,2023-08-15,DAX,NON,8562,12:06,ATLANTIQUE,BORDEAUX ST JEAN,SUDOUESTPA,FRBOJ,10:43,FRACG
23,2023-08-15,PAU,NON,8562,14:20,ATLANTIQUE,PARIS (intramuros),SUDOUESTPA,FRPMO,09:47,FRAEE
24,2023-08-15,BORDEAUX ST JEAN,NON,8562,14:20,ATLANTIQUE,PARIS (intramuros),SUDOUESTPA,FRPMO,12:12,FRBOJ
25,2023-08-15,AIX EN PROVENCE TGV,NON,9854,10:32,NORD,AEROPORT CDG2 TGV ROISSY,JCSUDNORD,FRMLW,06:49,FRAIE
26,2023-08-15,AVIGNON TGV,NON,9854,12:11,NORD,BRUXELLES MIDI BRUSSEL ZUID,JCSUDNORD,BEBMI,07:12,FRAVG
27,2023-08-15,LYON (intramuros),NON,9854,12:11,NORD,BRUXELLES MIDI BRUSSEL ZUID,JCSUDNORD,BEBMI,08:34,FRLPD
28,2023-08-15,LYON (intramuros),NON,9854,10:19,NORD,MARNE LA VALLEE CHESSY,JCSUDNORD,FRMLV,08:34,FRLPD
29,2023-08-15,LYON (intramuros),NON,9854,10:32,NORD,AEROPORT CDG2 TGV ROISSY,JCSUDNORD,FRMLW,08:34,FRLPD
30,2023-08-15,AEROPORT CDG2 TGV ROISSY,NON,9854,12:11,NORD,BRUXELLES MIDI BRUSSEL ZUID,JCSUDNORD,BEBMI,10:38,FRMLW
31,2023-08-15,AEROPORT CDG2 TGV ROISSY,NON,9854,11:27,NORD,LILLE (intramuros),JCSUDNORD,FRLLE,10:38,FRMLW
32,2023-08-15,MARSEILLE ST CHARLES,NON,9854,12:11,NORD,BRUXELLES MIDI BRUSSEL ZUID,JCSUDNORD,BEBMI,06:33,FRMSC
33,2023-08-15,MARSEILLE ST CHARLES,OUI,9854,08:20,NORD,LYON (intramuros),JCSUDNORD,FRLPD,06:33,FRMSC
34,2023-08-15,PARIS (intramuros),OUI,7371,14:40,NORD,ARRAS,PAARRAS,FRQRV,13:52,FRPNO
35,2023-08-15,JONZAC,NON,3858,20:58,IC SRO,LUCON,BORDONANTE,FRLCN,18:41,FREMR
36,2023-08-15,SAINTES,NON,3858,20:15,IC SRO,LA ROCHELLE VILLE,BORDONANTE,FRLRH,19:25,FRXST
37,2023-08-15,LYON (intramuros),OUI,6609,12:10,SUD EST,LYON (intramuros),PARISRHONE,FRLPE,12:02,FRLPD
38,2023-08-15,AVIGNON TGV,OUI,6103,10:41,SUD EST,AIX EN PROVENCE TGV,PAPROVENCE,FRAIE,10:20,FRAVG
39,2023-08-15,AVIGNON TGV,OUI,6103,10:56,SUD EST,MARSEILLE ST CHARLES,PAPROVENCE,FRMSC,10:20,FRAVG
40,2023-08-15,ANGERS ST LAUD,OUI,5351,11:19,SUD EST,NANTES,JCSUDATL,FRNTE,10:42,FRACL
41,2023-08-15,LYON (intramuros),OUI,5351,08:34,SUD EST,MASSY TGV,JCSUDATL,FRDJU,06:30,FRLPD
42,2023-08-15,LYON (intramuros),OUI,5351,11:19,SUD EST,NANTES,JCSUDATL,FRNTE,06:30,FRLPD
43,2023-08-15,LYON (intramuros),OUI,5351,06:24,SUD EST,LYON (intramuros),JCSUDATL,FRLPD,06:16,FRLPE
44,2023-08-15,VENDOME VILLIERS SUR LOIR,OUI,8347,22:05,ATLANTIQUE,ST PIERRE DES CORPS,PAROCHELLE,FRXSH,21:46,FRESL
45,2023-08-15,PARIS (intramuros),OUI,8347,22:35,ATLANTIQUE,CHATELLERAULT,PAROCHELLE,FRXCX,20:58,FRPMO
46,2023-08-15,PARIS (intramuros),OUI,8347,22:05,ATLANTIQUE,ST PIERRE DES CORPS,PAROCHELLE,FRXSH,20:58,FRPMO
47,2023-08-15,STRASBOURG,NON,9571,09:26,INTERNATIONAL,KARLSRUHE HBF,PASTUTMUN,DEQKA,08:46,FRAEG
48,2023-08-15,PARIS (intramuros),NON,9571,10:05,INTERNATIONAL,STUTTGART HBF,PASTUTMUN,DESGT,06:55,FRPST
49,2023-08-15,PARIS (intramuros),NON,9571,08:41,INTERNATIONAL,STRASBOURG,PASTUTMUN,FRAEG,06:55,FRPST
50,2023-08-15,LILLE (intramuros),NON,9862,15:25,NORD,BRUXELLES MIDI BRUSSEL ZUID,JCSUDNORD,BEBMI,14:51,FRLLE
51,2023-08-15,MARNE LA VALLEE CHESSY,NON,9862,13:55,NORD,ARRAS,JCSUDNORD,FRQRV,12:51,FRMLV
52,2023-08-15,VALENCE TGV RHONE-ALPES SUD,NON,9862,15:25,NORD,BRUXELLES MIDI BRUSSEL ZUID,JCSUDNORD,BEBMI,10:15,FRVLA
53,2023-08-15,VALENCE TGV RHONE-ALPES SUD,NON,9862,14:24,NORD,LILLE (intramuros),JCSUDNORD,FRLLE,10:15,FRVLA
54,2023-08-15,VALENCE TGV RHONE-ALPES SUD,NON,9862,12:47,NORD,MARNE LA VALLEE CHESSY,JCSUDNORD,FRMLV,10:15,FRVLA
55,2023-08-15,VALENCE TGV RHONE-ALPES SUD,NON,9862,13:55,NORD,ARRAS,JCSUDNORD,FRQRV,10:15,FRVLA
56,2023-08-15,VALENCE TGV RHONE-ALPES SUD,NON,9862,13:34,NORD,TGV HAUTE PICARDIE,JCSUDNORD,FRTHP,10:15,FRVLA
57,2023-08-15,MONTPELLIER SUD DE FRANCE,NON,9862,10:10,NORD,VALENCE TGV RHONE-ALPES SUD,JCSUDNORD,FRVLA,09:12,FRSUF
58,2023-08-15,MONTPELLIER SUD DE FRANCE,OUI,9862,09:30,NORD,NIMES PONT DU GARD,JCSUDNORD,FRXZP,09:12,FRSUF
59,2023-08-15,NIMES PONT DU GARD,NON,9862,12:47,NORD,MARNE LA VALLEE CHESSY,JCSUDNORD,FRMLV,09:33,FRXZP
60,2023-08-15,NIMES PONT DU GARD,NON,9862,13:55,NORD,ARRAS,JCSUDNORD,FRQRV,09:33,FRXZP
61,2023-08-15,NIMES,NON,6210,00:39,SUD EST,PARIS (intramuros),LANGPA,FRPLY,21:28,FRFNI
62,2023-08-15,PARIS (intramuros),NON,8509,19:26,ATLANTIQUE,TOULOUSE MATABIAU,PASUDOUEST,FRXYT,15:08,FRPMO
63,2023-08-15,ANGOULEME,OUI,8491,21:16,ATLANTIQUE,LIBOURNE,PASUDOUEST,FRXLR,20:37,FRANG
64,2023-08-15,POITIERS,OUI,8491,21:44,ATLANTIQUE,BORDEAUX ST JEAN,PASUDOUEST,FRBOJ,19:54,FRPIS
65,2023-08-15,PARIS (intramuros),OUI,8491,21:16,ATLANTIQUE,LIBOURNE,PASUDOUEST,FRXLR,18:24,FRPMO
66,2023-08-15,TOULOUSE MATABIAU,NON,8508,14:52,ATLANTIQUE,PARIS (intramuros),SUDOUESTPA,FRPMO,10:39,FRXYT
67,2023-08-15,BREST,NON,8610,11:29,ATLANTIQUE,RENNES,BRETAPARIS,FRRNS,09:07,FRBES
68,2023-08-15,BREST,OUI,8610,10:33,ATLANTIQUE,ST BRIEUC,BRETAPARIS,FRSBK,09:07,FRBES
69,2023-08-15,LAMBALLE,NON,8610,13:19,ATLANTIQUE,PARIS (intramuros),BRETAPARIS,FRPMO,10:48,FRLAM
70,2023-08-15,PLOUARET TREGOR,NON,8610,10:45,ATLANTIQUE,LAMBALLE,BRETAPARIS,FRLAM,10:02,FRPLT
71,2023-08-15,ST BRIEUC,NON,8610,12:01,ATLANTIQUE,LAVAL,BRETAPARIS,FRACR,10:37,FRSBK
72,2023-08-15,ST BRIEUC,NON,8610,13:19,ATLANTIQUE,PARIS (intramuros),BRETAPARIS,FRPMO,10:37,FRSBK
73,2023-08-15,LANDERNEAU,NON,8610,10:45,ATLANTIQUE,LAMBALLE,BRETAPARIS,FRLAM,09:20,FRXLD
74,2023-08-15,MASSY TGV,OUI,5332,13:10,SUD EST,AIX EN PROVENCE TGV,JCATLSUD,FRAIE,09:26,FRDJU
75,2023-08-15,MASSY TGV,OUI,5332,12:45,SUD EST,AVIGNON TGV,JCATLSUD,FRAVG,09:26,FRDJU
76,2023-08-15,MASSY TGV,OUI,5332,13:24,SUD EST,MARSEILLE ST CHARLES,JCATLSUD,FRMSC,09:26,FRDJU
77,2023-08-15,RENNES,OUI,5332,08:22,SUD EST,LE MANS,JCATLSUD,FRAET,07:31,FRRNS
78,2023-08-15,RENNES,OUI,5332,09:16,SUD EST,MASSY TGV,JCATLSUD,FRDJU,07:31,FRRNS
79,2023-08-15,CLERMONT FERRAND,OUI,5962,09:04,IC ARO,VICHY,CLERMONTPA,FRVHY,08:31,FRCFE
80,2023-08-15,RIOM CHATEL GUYON,OUI,5962,11:57,IC ARO,PARIS (intramuros),CLERMONTPA,FRPBE,08:42,FRRIO
81,2023-08-15,MOULINS SUR ALLIER,OUI,5962,11:57,IC ARO,PARIS (intramuros),CLERMONTPA,FRPBE,09:31,FRXMU
82,2023-08-15,LE CROISIC,OUI,8936,21:53,ATLANTIQUE,LA BAULE ESCOUBLAC,LOIREPARIS,FRJEE,21:44,FREGU
83,2023-08-15,NANTES,OUI,8936,00:50,ATLANTIQUE,PARIS (intramuros),LOIREPARIS,FRPMO,22:50,FRNTE
84,2023-08-15,VALENCE TGV RHONE-ALPES SUD,NON,5182,18:50,NORD,LYON (intramuros),JCSUDNORD,FRLPD,18:10,FRVLA
85,2023-08-15,VALENCE TGV RHONE-ALPES SUD,NON,5182,21:01,NORD,AEROPORT CDG2 TGV ROISSY,JCSUDNORD,FRMLW,18:10,FRVLA
86,2023-08-15,MONTPELLIER SUD DE FRANCE,NON,5182,21:01,NORD,AEROPORT CDG2 TGV ROISSY,JCSUDNORD,FRMLW,17:05,FRSUF
87,2023-08-15,MONTPELLIER SUD DE FRANCE,NON,5182,21:57,NORD,LILLE (intramuros),JCSUDNORD,FRLLE,17:05,FRSUF
88,2023-08-15,NIMES PONT DU GARD,NON,5182,18:05,NORD,VALENCE TGV RHONE-ALPES SUD,JCSUDNORD,FRVLA,17:27,FRXZP
89,2023-08-15,NIMES PONT DU GARD,NON,5182,18:50,NORD,LYON (intramuros),JCSUDNORD,FRLPD,17:27,FRXZP
90,2023-08-15,NIMES PONT DU GARD,NON,5182,21:01,NORD,AEROPORT CDG2 TGV ROISSY,JCSUDNORD,FRMLW,17:27,FRXZP
91,2023-08-15,LYON (intramuros),OUI,6605,10:10,SUD EST,LYON (intramuros),PARISRHONE,FRLPE,10:02,FRLPD
92,2023-08-15,PARIS (intramuros),OUI,6605,09:56,SUD EST,LYON (intramuros),PARISRHONE,FRLPD,07:52,FRPLY
93,2023-08-15,PARIS (intramuros),OUI,6605,10:10,SUD EST,LYON (intramuros),PARISRHONE,FRLPE,07:52,FRPLY
94,2023-08-15,LE CREUSOT MONTCEAU MONTCHANIN,OUI,6605,09:56,SUD EST,LYON (intramuros),PARISRHONE,FRLPD,09:13,FRXCC
95,2023-08-15,ISSOUDUN,OUI,3625,13:57,IC ARO,LIMOGES BENEDICTINS,PALITO,FRAGQ,12:33,FRFMN
96,2023-08-15,ISSOUDUN,OUI,3625,12:46,IC ARO,CHATEAUROUX,PALITO,FRCHR,12:33,FRFMN
97,2023-08-15,PARIS (intramuros),OUI,3625,12:11,IC ARO,VIERZON VILLE,PALITO,FRXVZ,10:40,FRPAZ
98,2023-08-15,VIERZON VILLE,OUI,3625,14:38,IC ARO,UZERCHE,PALITO,FRAAW,12:13,FRXVZ
99,2023-08-15,ST MALO,NON,8086,15:52,ATLANTIQUE,DOL DE BRETAGNE,BRETAPARIS,FRDOL,15:39,FRXSB
100,2023-08-15,VALLORBE,NON,9264,11:08,INTERNATIONAL,PARIS (intramuros),SUISPA,FRPLY,08:00,CHAGL
101,2023-08-15,LAUSANNE,NON,9264,08:13,INTERNATIONAL,FRASNE,SUISPA,FRFRA,07:23,CHAJF
102,2023-08-15,LAUSANNE,NON,9264,11:08,INTERNATIONAL,PARIS (intramuros),SUISPA,FRPLY,07:23,CHAJF
103,2023-08-15,FRASNE,OUI,9264,08:43,INTERNATIONAL,MOUCHARD,SUISPA,FRMCD,08:15,FRFRA
104,2023-08-15,MOUCHARD,OUI,9264,09:26,INTERNATIONAL,DIJON VILLE,SUISPA,FRABA,08:45,FRMCD
105,2023-08-15,BEZIERS,NON,6202,12:18,SUD EST,PARIS (intramuros),LANGPA,FRPLY,07:58,FRBZR
106,2023-08-15,BEZIERS,OUI,6202,08:08,SUD EST,AGDE,LANGPA,FRXAG,07:58,FRBZR
107,2023-08-15,NIMES,NON,6202,12:18,SUD EST,PARIS (intramuros),LANGPA,FRPLY,09:19,FRFNI
108,2023-08-15,PERPIGNAN,OUI,6202,09:15,SUD EST,NIMES,LANGPA,FRFNI,07:04,FRPGF
109,2023-08-15,PERPIGNAN,OUI,6202,07:39,SUD EST,NARBONNE,LANGPA,FRXNA,07:04,FRPGF
110,2023-08-15,SETE,OUI,6202,09:15,SUD EST,NIMES,LANGPA,FRFNI,08:27,FRXSY
111,2023-08-15,LAVAL,NON,5464,09:25,EST,LE MANS,JCATLEST,FRAET,08:55,FRACR
112,2023-08-15,LAVAL,NON,5464,11:52,EST,CHAMPAGNE-ARDENNE,JCATLEST,FREAH,08:55,FRACR
113,2023-08-15,LE MANS,NON,5464,11:52,EST,CHAMPAGNE-ARDENNE,JCATLEST,FREAH,09:30,FRAET
114,2023-08-15,MASSY TGV,NON,5464,12:32,EST,LORRAINE TGV,JCATLEST,FREAM,10:26,FRDJU
115,2023-08-15,MARNE LA VALLEE CHESSY,NON,5464,11:52,EST,CHAMPAGNE-ARDENNE,JCATLEST,FREAH,11:00,FRMLV
116,2023-08-15,AEROPORT CDG2 TGV ROISSY,NON,5464,13:12,EST,STRASBOURG,JCATLEST,FRAEG,11:22,FRMLW
117,2023-08-15,AEROPORT CDG2 TGV ROISSY,NON,5464,11:52,EST,CHAMPAGNE-ARDENNE,JCATLEST,FREAH,11:22,FRMLW
118,2023-08-15,RENNES,NON,5464,08:52,EST,LAVAL,JCATLEST,FRACR,08:27,FRRNS
119,2023-08-15,RENNES,NON,5464,13:12,EST,STRASBOURG,JCATLEST,FRAEG,08:27,FRRNS
120,2023-08-15,DAX,OUI,8533,12:51,ATLANTIQUE,HENDAYE,PASUDOUEST,FRAEF,11:39,FRACG
121,2023-08-15,BORDEAUX ST JEAN,OUI,8533,12:35,ATLANTIQUE,ST JEAN DE LUZ CIBOURE,PASUDOUEST,FRXJZ,10:25,FRBOJ
122,2023-08-15,POITIERS,OUI,8533,12:19,ATLANTIQUE,BIARRITZ,PASUDOUEST,FRBIQ,09:20,FRPIS
123,2023-08-15,PARIS (intramuros),OUI,8533,12:07,ATLANTIQUE,BAYONNE,PASUDOUEST,FRXBY,07:58,FRPMO
124,2023-08-15,PARIS (intramuros),OUI,6927,21:05,SUD EST,LYON-SAINT EXUPERY TGV,PAGRENOBLE,FRJDQ,19:14,FRPLY
125,2023-08-15,PARIS (intramuros),NON,5955,12:29,IC ARO,CLERMONT FERRAND,PACLERMONT,FRCFE,09:00,FRPBE
126,2023-08-15,PARIS (intramuros),NON,5955,11:55,IC ARO,VICHY,PACLERMONT,FRVHY,09:00,FRPBE
127,2023-08-15,VICHY,OUI,5955,12:17,IC ARO,RIOM CHATEL GUYON,PACLERMONT,FRRIO,11:57,FRVHY
128,2023-08-15,DIJON VILLE,OUI,2242,15:24,EST,COLMAR,JCRHONRHIN,FRAEJ,13:37,FRABA
129,2023-08-15,AIX EN PROVENCE TGV,NON,2242,15:24,EST,COLMAR,JCRHONRHIN,FRAEJ,09:58,FRAIE
130,2023-08-15,AVIGNON TGV,NON,2242,15:54,EST,STRASBOURG,JCRHONRHIN,FRAEG,10:20,FRAVG
131,2023-08-15,AVIGNON TGV,NON,2242,15:24,EST,COLMAR,JCRHONRHIN,FRAEJ,10:20,FRAVG
132,2023-08-15,AVIGNON TGV,NON,2242,11:26,EST,LYON (intramuros),JCRHONRHIN,FRLPD,10:20,FRAVG
133,2023-08-15,MACON VILLE,OUI,2242,14:55,EST,MULHOUSE VILLE,JCRHONRHIN,FRAEK,12:12,FRHGU
134,2023-08-15,MACON VILLE,OUI,2242,14:30,EST,BELFORT-MONTBELIARD TGV,JCRHONRHIN,FRTJA,12:12,FRHGU
135,2023-08-15,MACON VILLE,OUI,2242,14:06,EST,BESANCON - F COMTE TGV,JCRHONRHIN,FRTJB,12:12,FRHGU
136,2023-08-15,MACON VILLE,OUI,2242,13:03,EST,BEAUNE,JCRHONRHIN,FRXBV,12:12,FRHGU
137,2023-08-15,CANNES,NON,2242,15:54,EST,STRASBOURG,JCRHONRHIN,FRAEG,07:30,FRJCA
138,2023-08-15,CANNES,NON,2242,11:26,EST,LYON (intramuros),JCRHONRHIN,FRLPD,07:30,FRJCA
139,2023-08-15,CANNES,NON,2242,12:41,EST,CHALON SUR SAONE,JCRHONRHIN,FRXCD,07:30,FRJCA
140,2023-08-15,CANNES,OUI,2242,08:09,EST,LES ARCS DRAGUIGNAN,JCRHONRHIN,FRXRS,07:30,FRJCA
141,2023-08-15,LYON (intramuros),NON,2242,13:25,EST,DIJON VILLE,JCRHONRHIN,FRABA,11:32,FRLPD
142,2023-08-15,LYON (intramuros),NON,2242,15:54,EST,STRASBOURG,JCRHONRHIN,FRAEG,11:32,FRLPD
143,2023-08-15,LYON (intramuros),NON,2242,14:55,EST,MULHOUSE VILLE,JCRHONRHIN,FRAEK,11:32,FRLPD
144,2023-08-15,NICE VILLE,NON,2242,15:54,EST,STRASBOURG,JCRHONRHIN,FRAEG,07:00,FRNIC
145,2023-08-15,NICE VILLE,NON,2242,10:17,EST,AVIGNON TGV,JCRHONRHIN,FRAVG,07:00,FRNIC
146,2023-08-15,NICE VILLE,NON,2242,09:33,EST,MARSEILLE ST CHARLES,JCRHONRHIN,FRMSC,07:00,FRNIC
147,2023-08-15,TOULON,NON,2242,15:24,EST,COLMAR,JCRHONRHIN,FRAEJ,08:50,FRTLN
148,2023-08-15,TOULON,NON,2242,14:55,EST,MULHOUSE VILLE,JCRHONRHIN,FRAEK,08:50,FRTLN
149,2023-08-15,TOULON,NON,2242,10:17,EST,AVIGNON TGV,JCRHONRHIN,FRAVG,08:50,FRTLN
150,2023-08-15,TOULON,NON,2242,12:09,EST,MACON VILLE,JCRHONRHIN,FRHGU,08:50,FRTLN
151,2023-08-15,TOULON,NON,2242,13:03,EST,BEAUNE,JCRHONRHIN,FRXBV,08:50,FRTLN
152,2023-08-15,TOULON,NON,2242,12:41,EST,CHALON SUR SAONE,JCRHONRHIN,FRXCD,08:50,FRTLN
153,2023-08-15,ANTIBES,NON,2242,13:25,EST,DIJON VILLE,JCRHONRHIN,FRABA,07:16,FRXAT
154,2023-08-15,ANTIBES,NON,2242,10:17,EST,AVIGNON TGV,JCRHONRHIN,FRAVG,07:16,FRXAT
155,2023-08-15,ANTIBES,NON,2242,12:09,EST,MACON VILLE,JCRHONRHIN,FRHGU,07:16,FRXAT
156,2023-08-15,ANTIBES,NON,2242,09:33,EST,MARSEILLE ST CHARLES,JCRHONRHIN,FRMSC,07:16,FRXAT
157,2023-08-15,ANTIBES,OUI,2242,07:52,EST,ST RAPHAEL VALESCURE,JCRHONRHIN,FRXSK,07:16,FRXAT
158,2023-08-15,CHALON SUR SAONE,OUI,2242,15:24,EST,COLMAR,JCRHONRHIN,FRAEJ,12:44,FRXCD
159,2023-08-15,CHALON SUR SAONE,OUI,2242,13:03,EST,BEAUNE,JCRHONRHIN,FRXBV,12:44,FRXCD
160,2023-08-15,LES ARCS DRAGUIGNAN,NON,2242,15:54,EST,STRASBOURG,JCRHONRHIN,FRAEG,08:12,FRXRS
161,2023-08-15,LES ARCS DRAGUIGNAN,NON,2242,15:24,EST,COLMAR,JCRHONRHIN,FRAEJ,08:12,FRXRS
162,2023-08-15,LES ARCS DRAGUIGNAN,NON,2242,09:55,EST,AIX EN PROVENCE TGV,JCRHONRHIN,FRAIE,08:12,FRXRS
163,2023-08-15,LES ARCS DRAGUIGNAN,NON,2242,09:33,EST,MARSEILLE ST CHARLES,JCRHONRHIN,FRMSC,08:12,FRXRS
164,2023-08-15,ST RAPHAEL VALESCURE,NON,2242,15:24,EST,COLMAR,JCRHONRHIN,FRAEJ,07:55,FRXSK
165,2023-08-15,ST RAPHAEL VALESCURE,NON,2242,11:26,EST,LYON (intramuros),JCRHONRHIN,FRLPD,07:55,FRXSK
166,2023-08-15,LES ARCS DRAGUIGNAN,NON,2242,14:30,EST,BELFORT-MONTBELIARD TGV,JCRHONRHIN,FRTJA,08:12,FRXRS
167,2023-08-15,AGEN,OUI,8512,14:40,ATLANTIQUE,BORDEAUX ST JEAN,SUDOUESTPA,FRBOJ,13:35,FRAGF
168,2023-08-15,TOULOUSE MATABIAU,OUI,8512,13:32,ATLANTIQUE,AGEN,SUDOUESTPA,FRAGF,12:32,FRXYT
169,2023-08-15,REMIREMONT,OUI,2580,17:08,EST,NANCY,NANCYPA,FRENC,15:58,FRRNT
170,2023-08-15,ST PIERRE DES CORPS,NON,8442,20:45,ATLANTIQUE,PARIS (intramuros),SUDOUESTPA,FRPMO,19:39,FRXSH
171,2023-08-15,ARRAS,OUI,7546,23:08,NORD,PARIS (intramuros),ARRASPA,FRPNO,22:18,FRQRV
172,2023-08-15,MODANE,NON,9248,20:14,INTERNATIONAL,CHAMBERY CHALLES LES EAUX,ITALIEPA,FRCMF,19:12,FRAGR
173,2023-08-15,MILANO P GARIBALDI,NON,9248,19:06,INTERNATIONAL,MODANE,ITALIEPA,FRAGR,16:10,ITMPG
174,2023-08-15,MILANO P GARIBALDI,NON,9248,23:26,INTERNATIONAL,PARIS (intramuros),ITALIEPA,FRPLY,16:10,ITMPG
175,2023-08-15,TORINO PORTA SUSA,NON,9248,19:06,INTERNATIONAL,MODANE,ITALIEPA,FRAGR,17:38,ITTRS
176,2023-08-15,LORIENT,NON,8752,00:08,ATLANTIQUE,PARIS (intramuros),BRETAPARIS,FRPMO,20:55,FRLRT
177,2023-08-15,CHATELLERAULT,OUI,8331,09:34,ATLANTIQUE,POITIERS,PAROCHELLE,FRPIS,09:09,FRXCX
178,2023-08-15,ST PIERRE DES CORPS,OUI,8331,09:22,ATLANTIQUE,FUTUROSCOPE,PAROCHELLE,FRTGO,08:42,FRXSH
179,2023-08-15,PARIS (intramuros),OUI,9775,16:09,INTERNATIONAL,BOURG EN BRESSE,PAGENEVE,FRXBK,14:18,FRPLY
180,2023-08-15,BOURG EN BRESSE,NON,9775,17:30,INTERNATIONAL,GENEVE,PAGENEVE,CHGVA,16:12,FRXBK
181,2023-08-15,PARIS (intramuros),NON,8639,21:03,ATLANTIQUE,MORLAIX,PARISBRETA,FRMXN,17:56,FRPMO
182,2023-08-15,RENNES,OUI,8639,20:33,ATLANTIQUE,GUINGAMP,PARISBRETA,FRGGP,19:32,FRRNS
183,2023-08-15,RENNES,OUI,8639,20:16,ATLANTIQUE,ST BRIEUC,PARISBRETA,FRSBK,19:32,FRRNS
184,2023-08-15,ST BRIEUC,OUI,8639,21:38,ATLANTIQUE,BREST,PARISBRETA,FRBES,20:19,FRSBK
185,2023-08-15,ST BRIEUC,OUI,8639,20:33,ATLANTIQUE,GUINGAMP,PARISBRETA,FRGGP,20:19,FRSBK
186,2023-08-15,AGEN,NON,4659,13:58,IC ARO,NARBONNE,TJOURSOSE,FRXNA,11:33,FRAGF
187,2023-08-15,BORDEAUX ST JEAN,NON,4659,14:54,IC ARO,MONTPELLIER SAINT-ROCH,TJOURSOSE,FRMPL,10:27,FRBOJ
188,2023-08-15,CARCASSONNE,NON,4659,14:54,IC ARO,MONTPELLIER SAINT-ROCH,TJOURSOSE,FRMPL,13:29,FRCCF
189,2023-08-15,TOULOUSE MATABIAU,NON,4659,13:27,IC ARO,CARCASSONNE,TJOURSOSE,FRCCF,12:45,FRXYT
190,2023-08-15,TOULOUSE MATABIAU,NON,4659,14:54,IC ARO,MONTPELLIER SAINT-ROCH,TJOURSOSE,FRMPL,12:45,FRXYT
191,2023-08-15,TOULOUSE MATABIAU,NON,4659,16:37,IC ARO,MARSEILLE ST CHARLES,TJOURSOSE,FRMSC,12:45,FRXYT
192,2023-08-15,STRASBOURG,OUI,2062,19:05,EST,PARIS (intramuros),MULHSTRAPA,FRPST,17:19,FRAEG
193,2023-08-15,AIX EN PROVENCE TGV,OUI,6127,21:59,SUD EST,MARSEILLE ST CHARLES,PAPROVENCE,FRMSC,21:47,FRAIE
194,2023-08-15,PARIS (intramuros),OUI,6127,21:44,SUD EST,AIX EN PROVENCE TGV,PAPROVENCE,FRAIE,18:38,FRPLY
195,2023-08-15,PARIS (intramuros),NON,9401,14:38,EST,STRASBOURG,PASTRAMULH,FRAEG,12:52,FRPST
196,2023-08-15,OFFENBOURG/OFFENBURG,OUI,9401,16:27,EST,FREIBURG BREISGAU HBF,PASTRAMULH,DEFGB,15:10,DEZPA
197,2023-08-15,GENEVE,NON,9770,15:42,INTERNATIONAL,PARIS (intramuros),GENEVEPA,FRPLY,12:29,CHGVA
198,2023-08-15,BELLEGARDE,NON,9770,13:49,INTERNATIONAL,BOURG EN BRESSE,GENEVEPA,FRXBK,13:02,FRXBF
199,2023-08-15,LILLE (intramuros),OUI,5202,09:04,NORD,MASSY TGV,JCNORDAQUI,FRDJU,06:15,FRADJ
200,2023-08-15,MASSY TGV,OUI,5202,11:23,NORD,ANGOULEME,JCNORDAQUI,FRANG,09:09,FRDJU
201,2023-08-15,MARNE LA VALLEE CHESSY,OUI,5202,09:04,NORD,MASSY TGV,JCNORDAQUI,FRDJU,08:35,FRMLV
202,2023-08-15,MARNE LA VALLEE CHESSY,OUI,5202,10:41,NORD,POITIERS,JCNORDAQUI,FRPIS,08:35,FRMLV
203,2023-08-15,AEROPORT CDG2 TGV ROISSY,OUI,5202,10:06,NORD,ST PIERRE DES CORPS,JCNORDAQUI,FRXSH,08:10,FRMLW
204,2023-08-15,ARRAS,OUI,5202,09:04,NORD,MASSY TGV,JCNORDAQUI,FRDJU,07:00,FRQRV
205,2023-08-15,ARRAS,OUI,5202,10:41,NORD,POITIERS,JCNORDAQUI,FRPIS,07:00,FRQRV
206,2023-08-15,ZUERICH HB,NON,9222,14:53,INTERNATIONAL,MULHOUSE VILLE,ZURBALPA,FRAEK,13:34,CHAJD
207,2023-08-15,ZUERICH HB,NON,9222,17:38,INTERNATIONAL,PARIS (intramuros),ZURBALPA,FRPLY,13:34,CHAJD
208,2023-08-15,DIJON VILLE,NON,5537,22:30,EST,NICE VILLE,JCRHINRHON,FRNIC,16:20,FRABA
209,2023-08-15,STRASBOURG,NON,5537,21:59,EST,CANNES,JCRHINRHON,FRJCA,13:37,FRAEG
210,2023-08-15,STRASBOURG,NON,5537,21:17,EST,LES ARCS DRAGUIGNAN,JCRHINRHON,FRXRS,13:37,FRAEG
211,2023-08-15,COLMAR,NON,5537,22:11,EST,ANTIBES,JCRHINRHON,FRXAT,14:05,FRAEJ
212,2023-08-15,COLMAR,NON,5537,21:17,EST,LES ARCS DRAGUIGNAN,JCRHINRHON,FRXRS,14:05,FRAEJ
213,2023-08-15,MULHOUSE VILLE,NON,5537,19:10,EST,AVIGNON TGV,JCRHINRHON,FRAVG,14:41,FRAEK
214,2023-08-15,MULHOUSE VILLE,OUI,5537,15:02,EST,BELFORT-MONTBELIARD TGV,JCRHINRHON,FRTJA,14:41,FRAEK
215,2023-08-15,MULHOUSE VILLE,NON,5537,21:17,EST,LES ARCS DRAGUIGNAN,JCRHINRHON,FRXRS,14:41,FRAEK
216,2023-08-15,MULHOUSE VILLE,NON,5537,21:34,EST,ST RAPHAEL VALESCURE,JCRHINRHON,FRXSK,14:41,FRAEK
217,2023-08-15,AIX EN PROVENCE TGV,NON,5537,19:45,EST,MARSEILLE ST CHARLES,JCRHINRHON,FRMSC,19:33,FRAIE
218,2023-08-15,AIX EN PROVENCE TGV,NON,5537,22:11,EST,ANTIBES,JCRHINRHON,FRXAT,19:33,FRAIE
219,2023-08-15,AIX EN PROVENCE TGV,NON,5537,21:17,EST,LES ARCS DRAGUIGNAN,JCRHINRHON,FRXRS,19:33,FRAIE
220,2023-08-15,NANCY,NON,5537,19:31,EST,AIX EN PROVENCE TGV,JCRHINRHON,FRAIE,12:25,FRENC
221,2023-08-15,CANNES,OUI,5537,22:11,EST,ANTIBES,JCRHINRHON,FRXAT,22:03,FRJCA
222,2023-08-15,LYON (intramuros),NON,5537,22:30,EST,NICE VILLE,JCRHINRHON,FRNIC,18:04,FRLPD
223,2023-08-15,BELFORT-MONTBELIARD TGV,NON,5537,19:31,EST,AIX EN PROVENCE TGV,JCRHINRHON,FRAIE,15:06,FRTJA
224,2023-08-15,TOULON,OUI,5537,21:59,EST,CANNES,JCRHINRHON,FRJCA,20:45,FRTLN
225,2023-08-15,TOULON,OUI,5537,21:34,EST,ST RAPHAEL VALESCURE,JCRHINRHON,FRXSK,20:45,FRTLN
226,2023-08-15,BEAUNE,NON,5537,19:31,EST,AIX EN PROVENCE TGV,JCRHINRHON,FRAIE,16:42,FRXBV
227,2023-08-15,BEAUNE,NON,5537,17:56,EST,LYON (intramuros),JCRHINRHON,FRLPD,16:42,FRXBV
228,2023-08-15,BEAUNE,NON,5537,21:17,EST,LES ARCS DRAGUIGNAN,JCRHINRHON,FRXRS,16:42,FRXBV
229,2023-08-15,ST RAPHAEL VALESCURE,OUI,5537,22:30,EST,NICE VILLE,JCRHINRHON,FRNIC,21:37,FRXSK
230,2023-08-15,BELFORT-MONTBELIARD TGV,NON,5537,20:41,EST,TOULON,JCRHINRHON,FRTLN,15:06,FRTJA
231,2023-08-15,MULHOUSE VILLE,NON,5537,16:39,EST,BEAUNE,JCRHINRHON,FRXBV,14:41,FRAEK
232,2023-08-15,BELFORT-MONTBELIARD TGV,NON,5537,16:39,EST,BEAUNE,JCRHINRHON,FRXBV,15:06,FRTJA
233,2023-08-15,ST MAIXENT DEUX SEVRES,OUI,8361,15:56,ATLANTIQUE,SURGERES,PAROCHELLE,FREIP,15:20,FREJC
234,2023-08-15,PARIS (intramuros),OUI,8691,12:37,ATLANTIQUE,GUINGAMP,PARISBRETA,FRGGP,09:54,FRPMO
235,2023-08-15,VALLORBE,NON,9270,18:24,INTERNATIONAL,DIJON VILLE,SUISPA,FRABA,17:00,CHAGL
236,2023-08-15,LAUSANNE,NON,9270,18:24,INTERNATIONAL,DIJON VILLE,SUISPA,FRABA,16:23,CHAJF
237,2023-08-15,PARIS (intramuros),NON,7073,20:18,NORD,LILLE (intramuros),PALILLE,FRADJ,19:16,FRPNO
238,2023-08-15,PARIS (intramuros),OUI,6687,18:56,SUD EST,LYON (intramuros),PARISRHONE,FRLPD,17:00,FRPLY
239,2023-08-15,AGEN,NON,4663,17:27,IC ARO,CARCASSONNE,TJOURSOSE,FRCCF,15:33,FRAGF
240,2023-08-15,BORDEAUX ST JEAN,NON,4663,19:22,IC ARO,NIMES,TJOURSOSE,FRFNI,14:28,FRBOJ
241,2023-08-15,BEZIERS,NON,4663,20:36,IC ARO,MARSEILLE ST CHARLES,TJOURSOSE,FRMSC,18:17,FRBZR
242,2023-08-15,MONTPELLIER SAINT-ROCH,NON,4663,19:22,IC ARO,NIMES,TJOURSOSE,FRFNI,18:58,FRMPL
243,2023-08-15,MONTAUBAN VILLE BOURBON,NON,4663,20:36,IC ARO,MARSEILLE ST CHARLES,TJOURSOSE,FRMSC,16:11,FRXMW
244,2023-08-15,MONTAUBAN VILLE BOURBON,NON,4663,17:58,IC ARO,NARBONNE,TJOURSOSE,FRXNA,16:11,FRXMW
245,2023-08-15,ANGERS ST LAUD,NON,8144,19:14,ATLANTIQUE,PARIS (intramuros),LOIREPARIS,FRPMO,17:48,FRACL
246,2023-08-15,NEVERS,OUI,5979,20:28,IC ARO,MOULINS SUR ALLIER,PACLERMONT,FRXMU,19:59,FRNVS
247,2023-08-15,RIOM CHATEL GUYON,OUI,5979,21:29,IC ARO,CLERMONT FERRAND,PACLERMONT,FRCFE,21:19,FRRIO
248,2023-08-15,MOULINS SUR ALLIER,OUI,5979,20:55,IC ARO,VICHY,PACLERMONT,FRVHY,20:30,FRXMU
249,2023-08-15,PARIS (intramuros),NON,6705,14:12,SUD EST,MULHOUSE VILLE,PABOUR,FRAEK,11:18,FRPLY
250,2023-08-15,BORDEAUX ST JEAN,NON,4657,13:22,IC ARO,NIMES,TJOURSOSE,FRFNI,08:28,FRBOJ
251,2023-08-15,CARCASSONNE,NON,4657,13:22,IC ARO,NIMES,TJOURSOSE,FRFNI,11:29,FRCCF
252,2023-08-15,CARCASSONNE,NON,4657,11:58,IC ARO,NARBONNE,TJOURSOSE,FRXNA,11:29,FRCCF
253,2023-08-15,ARLES,OUI,4657,14:37,IC ARO,MARSEILLE ST CHARLES,TJOURSOSE,FRMSC,13:52,FRHZA
254,2023-08-15,MARMANDE,NON,4657,12:54,IC ARO,MONTPELLIER SAINT-ROCH,TJOURSOSE,FRMPL,09:06,FRXMR
255,2023-08-15,MARMANDE,NON,4657,14:37,IC ARO,MARSEILLE ST CHARLES,TJOURSOSE,FRMSC,09:06,FRXMR
256,2023-08-15,MARMANDE,OUI,4657,10:37,IC ARO,TOULOUSE MATABIAU,TJOURSOSE,FRXYT,09:06,FRXMR
257,2023-08-15,MONTAUBAN VILLE BOURBON,NON,4657,12:34,IC ARO,SETE,TJOURSOSE,FRXSY,10:10,FRXMW
258,2023-08-15,NARBONNE,NON,4657,12:34,IC ARO,SETE,TJOURSOSE,FRXSY,12:01,FRXNA
259,2023-08-15,SETE,NON,4657,14:37,IC ARO,MARSEILLE ST CHARLES,TJOURSOSE,FRMSC,12:36,FRXSY
260,2023-08-15,TOULOUSE MATABIAU,NON,4657,11:58,IC ARO,NARBONNE,TJOURSOSE,FRXNA,10:45,FRXYT
261,2023-08-15,TOULOUSE MATABIAU,NON,4657,12:34,IC ARO,SETE,TJOURSOSE,FRXSY,10:45,FRXYT
262,2023-08-15,ANGERS ST LAUD,NON,4404,15:39,IC SRO,NEVERS,JOURNTELYN,FRNVS,12:22,FRACL
263,2023-08-15,SAUMUR,NON,4404,14:56,IC SRO,BOURGES,JOURNTELYN,FRBOU,12:47,FRACN
264,2023-08-15,BOURGES,NON,4404,18:39,IC SRO,LYON (intramuros),JOURNTELYN,FRLPE,14:58,FRBOU
265,2023-08-15,NANTES,NON,4404,12:45,IC SRO,SAUMUR,JOURNTELYN,FRACN,11:40,FRNTE
266,2023-08-15,NANTES,NON,4404,18:26,IC SRO,LYON (intramuros),JOURNTELYN,FRLPD,11:40,FRNTE
267,2023-08-15,NANTES,NON,4404,17:20,IC SRO,ROANNE,JOURNTELYN,FRRNE,11:40,FRNTE
268,2023-08-15,NANTES,NON,4404,14:33,IC SRO,VIERZON VILLE,JOURNTELYN,FRXVZ,11:40,FRNTE
269,2023-08-15,MOULINS SUR ALLIER,NON,4404,16:41,IC SRO,ST GERMAIN DES FOSSES,JOURNTELYN,FRSGF,16:21,FRXMU
270,2023-08-15,ST PIERRE DES CORPS,NON,4404,14:33,IC SRO,VIERZON VILLE,JOURNTELYN,FRXVZ,13:26,FRXSH
271,2023-08-15,NANTES,OUI,8126,18:41,ATLANTIQUE,ANGERS ST LAUD,LOIREPARIS,FRACL,18:05,FRNTE
272,2023-08-15,NANTES,NON,8126,20:29,ATLANTIQUE,PARIS (intramuros),LOIREPARIS,FRPMO,18:05,FRNTE
273,2023-08-15,SABLE SUR SARTHE,NON,8126,19:28,ATLANTIQUE,LE MANS,LOIREPARIS,FRAET,19:07,FRSAB
274,2023-08-15,SABLE SUR SARTHE,NON,8126,20:29,ATLANTIQUE,PARIS (intramuros),LOIREPARIS,FRPMO,19:07,FRSAB
275,2023-08-15,LIMOGES BENEDICTINS,NON,3650,15:04,IC ARO,CHATEAUROUX,TOULOUZECO,FRCHR,13:53,FRAGQ
276,2023-08-15,BRIVE LA GAILLARDE,OUI,3650,13:48,IC ARO,LIMOGES BENEDICTINS,TOULOUZECO,FRAGQ,12:48,FRBVE
277,2023-08-15,CHATEAUROUX,NON,3650,17:19,IC ARO,PARIS (intramuros),TOULOUZECO,FRPAZ,15:06,FRCHR
278,2023-08-15,CHATEAUROUX,NON,3650,15:38,IC ARO,VIERZON VILLE,TOULOUZECO,FRXVZ,15:06,FRCHR
279,2023-08-15,ARGENTON SUR CREUSE,NON,3650,15:04,IC ARO,CHATEAUROUX,TOULOUZECO,FRCHR,14:48,FRFMT
280,2023-08-15,ARGENTON SUR CREUSE,NON,3650,15:38,IC ARO,VIERZON VILLE,TOULOUZECO,FRXVZ,14:48,FRFMT
281,2023-08-15,CAUSSADE TARN ET GARONNE,NON,3650,16:18,IC ARO,LES AUBRAIS ORLEANS,TOULOUZECO,FRLAB,11:08,FRFTA
282,2023-08-15,LA SOUTERRAINE,NON,3650,15:38,IC ARO,VIERZON VILLE,TOULOUZECO,FRXVZ,14:24,FRLST
283,2023-08-15,MONTAUBAN VILLE BOURBON,NON,3650,15:04,IC ARO,CHATEAUROUX,TOULOUZECO,FRCHR,10:55,FRXMW
284,2023-08-15,MONTAUBAN VILLE BOURBON,OUI,3650,12:00,IC ARO,GOURDON,TOULOUZECO,FRFSI,10:55,FRXMW
285,2023-08-15,MONTAUBAN VILLE BOURBON,OUI,3650,12:17,IC ARO,SOUILLAC,TOULOUZECO,FRSOU,10:55,FRXMW
286,2023-08-15,TOULOUSE MATABIAU,OUI,3650,12:44,IC ARO,BRIVE LA GAILLARDE,TOULOUZECO,FRBVE,10:28,FRXYT
287,2023-08-15,TOULOUSE MATABIAU,OUI,3650,10:53,IC ARO,MONTAUBAN VILLE BOURBON,TOULOUZECO,FRXMW,10:28,FRXYT
288,2023-08-15,CAHORS,OUI,3650,12:44,IC ARO,BRIVE LA GAILLARDE,TOULOUZECO,FRBVE,11:35,FRZAO
289,2023-08-15,CAHORS,NON,3650,15:04,IC ARO,CHATEAUROUX,TOULOUZECO,FRCHR,11:35,FRZAO
290,2023-08-15,CAHORS,OUI,3650,12:17,IC ARO,SOUILLAC,TOULOUZECO,FRSOU,11:35,FRZAO
291,2023-08-15,CAHORS,NON,3650,15:38,IC ARO,VIERZON VILLE,TOULOUZECO,FRXVZ,11:35,FRZAO
292,2023-08-15,DIJON VILLE,NON,9896,21:09,EST,MULHOUSE VILLE,JCRHONRHIN,FRAEK,19:49,FRABA
293,2023-08-15,DIJON VILLE,NON,9896,20:16,EST,BESANCON - F COMTE TGV,JCRHONRHIN,FRTJB,19:49,FRABA
294,2023-08-15,METZ VILLE,OUI,9896,23:49,EST,LUXEMBOURG,JCRHONRHIN,LULUX,23:07,FRADE
295,2023-08-15,MULHOUSE VILLE,OUI,9896,23:23,EST,THIONVILLE,JCRHONRHIN,FRXTH,21:12,FRAEK
296,2023-08-15,MULHOUSE VILLE,OUI,9896,23:49,EST,LUXEMBOURG,JCRHONRHIN,LULUX,21:12,FRAEK
297,2023-08-15,AIX EN PROVENCE TGV,NON,9896,20:16,EST,BESANCON - F COMTE TGV,JCRHONRHIN,FRTJB,16:11,FRAIE
298,2023-08-15,AIX EN PROVENCE TGV,NON,9896,23:23,EST,THIONVILLE,JCRHONRHIN,FRXTH,16:11,FRAIE
299,2023-08-15,AVIGNON TGV,NON,9896,23:02,EST,METZ VILLE,JCRHONRHIN,FRADE,16:33,FRAVG
300,2023-08-15,AVIGNON TGV,NON,9896,22:07,EST,STRASBOURG,JCRHONRHIN,FRAEG,16:33,FRAVG
301,2023-08-15,BELFORT-MONTBELIARD TGV,OUI,9896,22:07,EST,STRASBOURG,JCRHONRHIN,FRAEG,20:45,FRTJA
302,2023-08-15,BELFORT-MONTBELIARD TGV,OUI,9896,23:23,EST,THIONVILLE,JCRHONRHIN,FRXTH,20:45,FRTJA
303,2023-08-15,BESANCON - F COMTE TGV,OUI,9896,20:40,EST,BELFORT-MONTBELIARD TGV,JCRHONRHIN,FRTJA,20:19,FRTJB
304,2023-08-15,BESANCON - F COMTE TGV,OUI,9896,23:23,EST,THIONVILLE,JCRHONRHIN,FRXTH,20:19,FRTJB
305,2023-08-15,ST GAUDENS,NON,14151,15:22,IC SRO,LOURDES,SUDOUEST,FRLDE,14:23,FRFPH
306,2023-08-15,MONTREJEAU GOURDAN POLIGNAN,NON,14141,11:51,IC SRO,PAU,SUDOUEST,FRAEE,10:33,FRMTJ
307,2023-08-15,TOULOUSE MATABIAU,NON,14141,12:14,IC SRO,ORTHEZ,SUDOUEST,FRGFI,09:32,FRXYT
308,2023-08-15,TOULOUSE MATABIAU,NON,14141,11:06,IC SRO,TARBES,SUDOUEST,FRXTB,09:32,FRXYT
309,2023-08-15,MILANO P GARIBALDI,NON,9244,16:15,INTERNATIONAL,CHAMBERY CHALLES LES EAUX,ITALIEPA,FRCMF,12:10,ITMPG
310,2023-08-15,OULX CESANA CLAV SESTRIERE,NON,9244,16:15,INTERNATIONAL,CHAMBERY CHALLES LES EAUX,ITALIEPA,FRCMF,14:36,ITOCS
311,2023-08-15,TORINO PORTA SUSA,NON,9244,16:15,INTERNATIONAL,CHAMBERY CHALLES LES EAUX,ITALIEPA,FRCMF,13:38,ITTRS
312,2023-08-15,TORINO PORTA SUSA,NON,9244,17:38,INTERNATIONAL,MACON LOCHE TGV,ITALIEPA,FRMLT,13:38,ITTRS
313,2023-08-15,PARIS (intramuros),OUI,2747,18:14,EST,REIMS,PABARSED,FRRHE,17:28,FRPST
314,2023-08-15,COLMAR,OUI,2362,17:13,EST,STRASBOURG,MULHSTRAPA,FRAEG,16:45,FRAEJ
315,2023-08-15,BREST,OUI,8642,19:29,ATLANTIQUE,RENNES,BRETAPARIS,FRRNS,17:22,FRBES
316,2023-08-15,GUINGAMP,OUI,8642,19:29,ATLANTIQUE,RENNES,BRETAPARIS,FRRNS,18:24,FRGGP
317,2023-08-15,MORLAIX,OUI,8642,18:21,ATLANTIQUE,GUINGAMP,BRETAPARIS,FRGGP,17:55,FRMXN
318,2023-08-15,MORLAIX,NON,8642,21:08,ATLANTIQUE,PARIS (intramuros),BRETAPARIS,FRPMO,17:55,FRMXN
319,2023-08-15,MORLAIX,OUI,8642,19:29,ATLANTIQUE,RENNES,BRETAPARIS,FRRNS,17:55,FRMXN
320,2023-08-15,CARCASSONNE,NON,4758,15:33,IC ARO,BORDEAUX ST JEAN,TJOURSESO,FRBOJ,12:34,FRCCF
321,2023-08-15,NIMES,NON,4758,11:44,IC ARO,BEZIERS,TJOURSESO,FRBZR,10:38,FRFNI
322,2023-08-15,NIMES,NON,4758,13:17,IC ARO,TOULOUSE MATABIAU,TJOURSESO,FRXYT,10:38,FRFNI
323,2023-08-15,MONTPELLIER SAINT-ROCH,NON,4758,15:33,IC ARO,BORDEAUX ST JEAN,TJOURSESO,FRBOJ,11:07,FRMPL
324,2023-08-15,MONTPELLIER SAINT-ROCH,NON,4758,12:32,IC ARO,CARCASSONNE,TJOURSESO,FRCCF,11:07,FRMPL
325,2023-08-15,MONTPELLIER SAINT-ROCH,NON,4758,12:01,IC ARO,NARBONNE,TJOURSESO,FRXNA,11:07,FRMPL
326,2023-08-15,MARSEILLE ST CHARLES,NON,4758,15:33,IC ARO,BORDEAUX ST JEAN,TJOURSESO,FRBOJ,09:27,FRMSC
327,2023-08-15,MARSEILLE ST CHARLES,OUI,4758,10:35,IC ARO,NIMES,TJOURSESO,FRFNI,09:27,FRMSC
328,2023-08-15,NARBONNE,NON,4758,12:32,IC ARO,CARCASSONNE,TJOURSESO,FRCCF,12:04,FRXNA
329,2023-08-15,NARBONNE,NON,4758,13:50,IC ARO,MONTAUBAN VILLE BOURBON,TJOURSESO,FRXMW,12:04,FRXNA
330,2023-08-15,ANGOULEME,OUI,8486,12:04,ATLANTIQUE,POITIERS,SUDOUESTPA,FRPIS,11:25,FRANG
331,2023-08-15,ANGOULEME,OUI,8486,13:37,ATLANTIQUE,PARIS (intramuros),SUDOUESTPA,FRPMO,11:25,FRANG
332,2023-08-15,BORDEAUX ST JEAN,OUI,8486,11:22,ATLANTIQUE,ANGOULEME,SUDOUESTPA,FRANG,10:17,FRBOJ
333,2023-08-15,BRUXELLES MIDI BRUSSEL ZUID,OUI,9838,17:28,NORD,LILLE (intramuros),JCNORDBRET,FRLLE,16:54,BEBMI
334,2023-08-15,LE MANS,OUI,9838,21:01,NORD,LAVAL,JCNORDBRET,FRACR,20:32,FRAET
335,2023-08-15,MASSY TGV,NON,9838,20:29,NORD,LE MANS,JCNORDBRET,FRAET,19:39,FRDJU
336,2023-08-15,LILLE (intramuros),NON,9838,21:29,NORD,RENNES,JCNORDBRET,FRRNS,17:40,FRLLE
337,2023-08-15,AEROPORT CDG2 TGV ROISSY,NON,9838,21:01,NORD,LAVAL,JCNORDBRET,FRACR,18:49,FRMLW
338,2023-08-15,AEROPORT CDG2 TGV ROISSY,NON,9838,18:58,NORD,MARNE LA VALLEE CHESSY,JCNORDBRET,FRMLV,18:49,FRMLW
339,2023-08-15,TGV HAUTE PICARDIE,OUI,9838,18:43,NORD,AEROPORT CDG2 TGV ROISSY,JCNORDBRET,FRMLW,18:15,FRTHP
340,2023-08-15,NICE VILLE,NON,6074,15:50,SUD EST,PARIS (intramuros),AZURPA,FRPLY,09:57,FRNIC
341,2023-08-15,NICE VILLE,OUI,6074,10:55,SUD EST,ST RAPHAEL VALESCURE,AZURPA,FRXSK,09:57,FRNIC
342,2023-08-15,ST RAPHAEL VALESCURE,NON,6074,15:50,SUD EST,PARIS (intramuros),AZURPA,FRPLY,10:58,FRXSK
343,2023-08-15,ST RAPHAEL VALESCURE,OUI,6074,11:44,SUD EST,TOULON,AZURPA,FRTLN,10:58,FRXSK
344,2023-08-15,LILLE (intramuros),OUI,5026,12:08,NORD,MARNE LA VALLEE CHESSY,JCNORDSUD,FRMLV,11:03,FRLLE
345,2023-08-15,REIMS,OUI,2738,15:01,EST,PARIS (intramuros),SEDBARPA,FRPST,14:15,FRRHE
346,2023-08-15,PORNICHET,OUI,8934,22:01,ATLANTIQUE,NANTES,LOIREPARIS,FRNTE,21:13,FREGR
347,2023-08-15,LE POULIGUEN,NON,8934,00:12,ATLANTIQUE,PARIS (intramuros),LOIREPARIS,FRPMO,20:59,FREGS
348,2023-08-15,LA BAULE ESCOUBLAC,NON,8934,00:12,ATLANTIQUE,PARIS (intramuros),LOIREPARIS,FRPMO,21:07,FRJEE
349,2023-08-15,NANTES,NON,8934,00:12,ATLANTIQUE,PARIS (intramuros),LOIREPARIS,FRPMO,22:07,FRNTE
350,2023-08-15,LYON (intramuros),NON,6612,10:45,SUD EST,LE CREUSOT MONTCEAU MONTCHANIN,RHONEPARIS,FRXCC,09:50,FRLPE
351,2023-08-15,LE CREUSOT MONTCEAU MONTCHANIN,OUI,6612,12:08,SUD EST,PARIS (intramuros),RHONEPARIS,FRPLY,10:48,FRXCC
352,2023-08-15,FRASNE,NON,9269,15:37,INTERNATIONAL,LAUSANNE,PASUIS,CHAJF,14:44,FRFRA
353,2023-08-15,PARIS (intramuros),OUI,9269,14:42,INTERNATIONAL,FRASNE,PASUIS,FRFRA,11:56,FRPLY
354,2023-08-15,MARSEILLE ST CHARLES,NON,6144,21:11,SUD EST,AIX EN PROVENCE TGV,PROVENCEPA,FRAIE,21:00,FRMSC
355,2023-08-15,MARSEILLE ST CHARLES,NON,6144,21:34,SUD EST,AVIGNON TGV,PROVENCEPA,FRAVG,21:00,FRMSC
356,2023-08-15,BOURG EN BRESSE,NON,9780,21:42,INTERNATIONAL,PARIS (intramuros),GENEVEPA,FRPLY,19:52,FRXBK
357,2023-08-15,DIJON VILLE,NON,9261,10:57,INTERNATIONAL,VALLORBE,PASUIS,CHAGL,09:35,FRABA
358,2023-08-15,FRASNE,NON,9261,10:57,INTERNATIONAL,VALLORBE,PASUIS,CHAGL,10:44,FRFRA
359,2023-08-15,PARIS (intramuros),NON,9261,11:54,INTERNATIONAL,LAUSANNE,PASUIS,CHAJF,07:56,FRPLY
360,2023-08-15,PARIS (intramuros),NON,9261,09:58,INTERNATIONAL,DOLE VILLE,PASUIS,FRACE,07:56,FRPLY
361,2023-08-15,PERPIGNAN,OUI,6252,11:27,SUD EST,SETE,LANGPA,FRXSY,10:04,FRPGF
362,2023-08-15,VALENCE TGV RHONE-ALPES SUD,NON,6252,15:04,SUD EST,PARIS (intramuros),LANGPA,FRPLY,12:53,FRVLA
363,2023-08-15,NARBONNE,NON,6252,15:04,SUD EST,PARIS (intramuros),LANGPA,FRPLY,10:42,FRXNA
364,2023-08-15,SETE,NON,6252,15:04,SUD EST,PARIS (intramuros),LANGPA,FRPLY,11:30,FRXSY
365,2023-08-15,PERPIGNAN,NON,6252,12:11,SUD EST,NIMES PONT DU GARD,LANGPA,FRXZP,10:04,FRPGF
366,2023-08-15,BEZIERS,NON,6252,12:11,SUD EST,NIMES PONT DU GARD,LANGPA,FRXZP,10:59,FRBZR
367,2023-08-15,VALENCE TGV RHONE-ALPES SUD,OUI,6039,19:43,SUD EST,NIMES,PALANG,FRFNI,19:01,FRVLA
368,2023-08-15,CLERMONT FERRAND,OUI,5970,13:40,IC ARO,RIOM CHATEL GUYON,CLERMONTPA,FRRIO,13:31,FRCFE
369,2023-08-15,VICHY,NON,5970,16:57,IC ARO,PARIS (intramuros),CLERMONTPA,FRPBE,14:06,FRVHY
370,2023-08-15,AVIGNON TGV,OUI,6133,23:47,SUD EST,AIX EN PROVENCE TGV,PAPROVENCE,FRAIE,23:26,FRAVG
371,2023-08-15,AVIGNON TGV,OUI,6133,00:01,SUD EST,MARSEILLE ST CHARLES,PAPROVENCE,FRMSC,23:26,FRAVG
372,2023-08-15,PARIS (intramuros),OUI,6133,00:01,SUD EST,MARSEILLE ST CHARLES,PAPROVENCE,FRMSC,20:38,FRPLY
373,2023-08-15,LE CROISIC,OUI,8912,10:23,ATLANTIQUE,LE MANS,LOIREPARIS,FRAET,07:55,FREGU
374,2023-08-15,ST NAZAIRE,OUI,8912,09:41,ATLANTIQUE,ANGERS ST LAUD,LOIREPARIS,FRACL,08:24,FRSNR
375,2023-08-15,ST NAZAIRE,OUI,8912,11:25,ATLANTIQUE,PARIS (intramuros),LOIREPARIS,FRPMO,08:24,FRSNR
376,2023-08-15,PARIS (intramuros),NON,9777,20:14,INTERNATIONAL,LAUSANNE,PAGENEVE,CHAJF,16:18,FRPLY
377,2023-08-15,PARIS (intramuros),OUI,9777,19:00,INTERNATIONAL,BELLEGARDE,PAGENEVE,FRXBF,16:18,FRPLY
378,2023-08-15,GENEVE,NON,9777,20:14,INTERNATIONAL,LAUSANNE,PAGENEVE,CHAJF,19:39,CHGVA
379,2023-08-15,SURGERES,NON,8374,13:37,ATLANTIQUE,PARIS (intramuros),ROCHELLEPA,FRPMO,11:05,FREIP
380,2023-08-15,LA ROCHELLE VILLE,NON,8374,12:09,ATLANTIQUE,POITIERS,ROCHELLEPA,FRPIS,10:44,FRLRH
381,2023-08-15,LA ROCHELLE VILLE,NON,8374,13:37,ATLANTIQUE,PARIS (intramuros),ROCHELLEPA,FRPMO,10:44,FRLRH
382,2023-08-15,NIORT,NON,8374,13:37,ATLANTIQUE,PARIS (intramuros),ROCHELLEPA,FRPMO,11:26,FRNIT
383,2023-08-15,PARIS (intramuros),NON,9781,20:35,INTERNATIONAL,NURIEUX,PAGENEVE,FRHQN,18:18,FRPLY
384,2023-08-15,PARIS (intramuros),OUI,8069,23:13,ATLANTIQUE,LE MANS,PARISBRETA,FRAET,22:15,FRPMO
385,2023-08-15,AIX EN PROVENCE TGV,NON,6864,14:03,SUD EST,AVIGNON TGV,JCSUDPROV,FRAVG,13:44,FRAIE
386,2023-08-15,AVIGNON TGV,NON,6864,15:18,SUD EST,LYON (intramuros),JCSUDPROV,FRLPD,14:06,FRAVG
387,2023-08-15,LA ROCHELLE VILLE,NON,8380,17:11,ATLANTIQUE,POITIERS,ROCHELLEPA,FRPIS,15:47,FRLRH
388,2023-08-15,NIORT,NON,8380,17:11,ATLANTIQUE,POITIERS,ROCHELLEPA,FRPIS,16:24,FRNIT
389,2023-08-15,MILANO P GARIBALDI,NON,9252,21:14,INTERNATIONAL,PARIS (intramuros),ITALIEPA,FRPLY,14:10,ITMPG
390,2023-08-15,OULX CESANA CLAV SESTRIERE,NON,9252,19:39,INTERNATIONAL,MACON LOCHE TGV,ITALIEPA,FRMLT,16:36,ITOCS
391,2023-08-15,TORINO PORTA SUSA,NON,9252,17:03,INTERNATIONAL,MODANE,ITALIEPA,FRAGR,15:41,ITTRS
392,2023-08-15,RENNES,NON,8088,20:20,ATLANTIQUE,PARIS (intramuros),BRETAPARIS,FRPMO,18:35,FRRNS
393,2023-08-15,ST MALO,NON,8088,20:20,ATLANTIQUE,PARIS (intramuros),BRETAPARIS,FRPMO,17:42,FRXSB
394,2023-08-15,RENNES,OUI,8085,15:15,ATLANTIQUE,ST MALO,PARISBRETA,FRXSB,14:33,FRRNS
395,2023-08-15,LA ROCHELLE VILLE,OUI,8362,09:26,ATLANTIQUE,NIORT,ROCHELLEPA,FRNIT,08:47,FRLRH
396,2023-08-15,LA ROCHELLE VILLE,OUI,8362,10:35,ATLANTIQUE,ST PIERRE DES CORPS,ROCHELLEPA,FRXSH,08:47,FRLRH
397,2023-08-15,BOURGES,NON,4504,17:29,IC SRO,SAUMUR,JOURLYNNTE,FRACN,15:30,FRBOU
398,2023-08-15,LYON (intramuros),NON,4504,13:03,IC SRO,ROANNE,JOURLYNNTE,FRRNE,12:00,FRLPD
399,2023-08-15,LYON (intramuros),NON,4504,14:05,IC SRO,MOULINS SUR ALLIER,JOURLYNNTE,FRXMU,12:00,FRLPD
400,2023-08-15,LYON (intramuros),NON,4504,16:55,IC SRO,ST PIERRE DES CORPS,JOURLYNNTE,FRXSH,12:00,FRLPD
401,2023-08-15,LYON (intramuros),NON,4504,15:49,IC SRO,VIERZON VILLE,JOURLYNNTE,FRXVZ,12:00,FRLPD
402,2023-08-15,LYON (intramuros),NON,4504,17:52,IC SRO,ANGERS ST LAUD,JOURLYNNTE,FRACL,11:47,FRLPE
403,2023-08-15,LYON (intramuros),NON,4504,15:49,IC SRO,VIERZON VILLE,JOURLYNNTE,FRXVZ,11:47,FRLPE
404,2023-08-15,NEVERS,NON,4504,15:28,IC SRO,BOURGES,JOURLYNNTE,FRBOU,14:49,FRNVS
405,2023-08-15,ROANNE,NON,4504,13:43,IC SRO,ST GERMAIN DES FOSSES,JOURLYNNTE,FRSGF,13:06,FRRNE
406,2023-08-15,ROANNE,NON,4504,14:05,IC SRO,MOULINS SUR ALLIER,JOURLYNNTE,FRXMU,13:06,FRRNE
407,2023-08-15,ROANNE,NON,4504,15:49,IC SRO,VIERZON VILLE,JOURLYNNTE,FRXVZ,13:06,FRRNE
408,2023-08-15,ST GERMAIN DES FOSSES,NON,4504,18:38,IC SRO,NANTES,JOURLYNNTE,FRNTE,13:45,FRSGF
409,2023-08-15,ST GERMAIN DES FOSSES,NON,4504,14:05,IC SRO,MOULINS SUR ALLIER,JOURLYNNTE,FRXMU,13:45,FRSGF
410,2023-08-15,MOULINS SUR ALLIER,NON,4504,17:52,IC SRO,ANGERS ST LAUD,JOURLYNNTE,FRACL,14:07,FRXMU
411,2023-08-15,BREST,OUI,8646,20:21,ATLANTIQUE,GUINGAMP,BRETAPARIS,FRGGP,19:22,FRBES
412,2023-08-15,MORLAIX,NON,8646,23:08,ATLANTIQUE,PARIS (intramuros),BRETAPARIS,FRPMO,19:55,FRMXN
413,2023-08-15,ST BRIEUC,NON,8646,21:29,ATLANTIQUE,RENNES,BRETAPARIS,FRRNS,20:41,FRSBK
414,2023-08-15,BEZIERS,NON,4762,17:49,IC ARO,MONTAUBAN VILLE BOURBON,TJOURSESO,FRXMW,15:46,FRBZR
415,2023-08-15,CARCASSONNE,NON,4762,18:26,IC ARO,AGEN,TJOURSESO,FRAGF,16:33,FRCCF
416,2023-08-15,NIMES,NON,4762,16:31,IC ARO,CARCASSONNE,TJOURSESO,FRCCF,14:38,FRFNI
417,2023-08-15,NIMES,NON,4762,17:18,IC ARO,TOULOUSE MATABIAU,TJOURSESO,FRXYT,14:38,FRFNI
418,2023-08-15,MONTPELLIER SAINT-ROCH,NON,4762,18:26,IC ARO,AGEN,TJOURSESO,FRAGF,15:06,FRMPL
419,2023-08-15,NARBONNE,NON,4762,16:31,IC ARO,CARCASSONNE,TJOURSESO,FRCCF,16:02,FRXNA
420,2023-08-15,NARBONNE,NON,4762,17:49,IC ARO,MONTAUBAN VILLE BOURBON,TJOURSESO,FRXMW,16:02,FRXNA
421,2023-08-15,TOULOUSE MATABIAU,OUI,4762,17:49,IC ARO,MONTAUBAN VILLE BOURBON,TJOURSESO,FRXMW,17:24,FRXYT
422,2023-08-15,BEZIERS,OUI,6268,12:40,SUD EST,SETE,LANGPA,FRXSY,12:08,FRBZR
423,2023-08-15,PERPIGNAN,OUI,6268,11:48,SUD EST,NARBONNE,LANGPA,FRXNA,11:12,FRPGF
424,2023-08-15,MONTPELLIER SUD DE FRANCE,NON,6268,16:28,SUD EST,PARIS (intramuros),LANGPA,FRPLY,13:05,FRSUF
425,2023-08-15,BEZIERS,NON,6268,12:59,SUD EST,MONTPELLIER SUD DE FRANCE,LANGPA,FRSUF,12:08,FRBZR
426,2023-08-15,AGDE,NON,6268,12:59,SUD EST,MONTPELLIER SUD DE FRANCE,LANGPA,FRSUF,12:25,FRXAG
427,2023-08-15,PERPIGNAN,NON,6268,12:59,SUD EST,MONTPELLIER SUD DE FRANCE,LANGPA,FRSUF,11:12,FRPGF
428,2023-08-15,SETE,NON,6268,13:28,SUD EST,NIMES PONT DU GARD,LANGPA,FRXZP,12:43,FRXSY
429,2023-08-15,AGDE,NON,6268,13:28,SUD EST,NIMES PONT DU GARD,LANGPA,FRXZP,12:25,FRXAG
430,2023-08-15,TOURS,OUI,8318,17:43,ATLANTIQUE,VENDOME VILLIERS SUR LOIR,ROCHELLEPA,FRESL,17:04,FRAFW
431,2023-08-15,BAR LE DUC,OUI,2778,06:52,EST,CHALONS EN CHAMPAGNE,SEDBARPA,FRXCR,06:10,FRXBD
432,2023-08-15,NANTES,OUI,8142,12:23,ATLANTIQUE,LE MANS,LOIREPARIS,FRAET,11:05,FRNTE
433,2023-08-15,PARIS (intramuros),OUI,8871,12:13,ATLANTIQUE,ANGERS ST LAUD,PARISLOIRE,FRACL,10:36,FRPMO
434,2023-08-15,ANGERS ST LAUD,OUI,8147,15:55,ATLANTIQUE,NANTES,PARISLOIRE,FRNTE,15:19,FRACL
435,2023-08-15,PARIS (intramuros),OUI,8147,15:55,ATLANTIQUE,NANTES,PARISLOIRE,FRNTE,13:32,FRPMO
436,2023-08-15,ANGOULEME,NON,2092,14:29,EST,STRASBOURG,JCATLEST,FRAEG,09:07,FRANG
437,2023-08-15,ANGOULEME,NON,2092,12:11,EST,AEROPORT CDG2 TGV ROISSY,JCATLEST,FRMLW,09:07,FRANG
438,2023-08-15,ANGOULEME,OUI,2092,09:45,EST,POITIERS,JCATLEST,FRPIS,09:07,FRANG
439,2023-08-15,BORDEAUX ST JEAN,NON,2092,14:29,EST,STRASBOURG,JCATLEST,FRAEG,08:29,FRBOJ
440,2023-08-15,BORDEAUX ST JEAN,NON,2092,12:55,EST,CHAMPAGNE-ARDENNE,JCATLEST,FREAH,08:29,FRBOJ
441,2023-08-15,BORDEAUX ST JEAN,NON,2092,10:18,EST,ST PIERRE DES CORPS,JCATLEST,FRXSH,08:29,FRBOJ
442,2023-08-15,MASSY TGV,NON,2092,12:55,EST,CHAMPAGNE-ARDENNE,JCATLEST,FREAH,11:26,FRDJU
443,2023-08-15,MASSY TGV,NON,2092,13:23,EST,MEUSE TGV,JCATLEST,FREAJ,11:26,FRDJU
444,2023-08-15,MASSY TGV,NON,2092,11:57,EST,MARNE LA VALLEE CHESSY,JCATLEST,FRMLV,11:26,FRDJU
445,2023-08-15,MASSY TGV,NON,2092,12:11,EST,AEROPORT CDG2 TGV ROISSY,JCATLEST,FRMLW,11:26,FRDJU
446,2023-08-15,CHAMPAGNE-ARDENNE,NON,2092,13:49,EST,LORRAINE TGV,JCATLEST,FREAM,12:58,FREAH
447,2023-08-15,LORRAINE TGV,OUI,2092,14:29,EST,STRASBOURG,JCATLEST,FRAEG,13:52,FREAM
448,2023-08-15,MARNE LA VALLEE CHESSY,NON,2092,12:55,EST,CHAMPAGNE-ARDENNE,JCATLEST,FREAH,12:01,FRMLV
449,2023-08-15,ST PIERRE DES CORPS,NON,2092,14:29,EST,STRASBOURG,JCATLEST,FRAEG,10:26,FRXSH
450,2023-08-15,PARIS (intramuros),OUI,8437,11:41,ATLANTIQUE,POITIERS,PASUDOUEST,FRPIS,10:03,FRPMO
451,2023-08-15,ST PIERRE DES CORPS,OUI,8437,13:02,ATLANTIQUE,BORDEAUX ST JEAN,PASUDOUEST,FRBOJ,11:11,FRXSH
452,2023-08-15,ST PIERRE DES CORPS,OUI,8437,11:41,ATLANTIQUE,POITIERS,PASUDOUEST,FRPIS,11:11,FRXSH
453,2023-08-15,MASSY TGV,OUI,5358,21:31,SUD EST,ST PIERRE DES CORPS,JCSUDATL,FRXSH,20:38,FRDJU
454,2023-08-15,LYON (intramuros),NON,5358,23:09,SUD EST,NANTES,JCSUDATL,FRNTE,18:30,FRLPD
455,2023-08-15,VALENCE TGV RHONE-ALPES SUD,NON,5358,22:29,SUD EST,ANGERS ST LAUD,JCSUDATL,FRACL,17:42,FRVLA
456,2023-08-15,VALENCE TGV RHONE-ALPES SUD,NON,5358,22:05,SUD EST,SAUMUR,JCSUDATL,FRACN,17:42,FRVLA
457,2023-08-15,VALENCE TGV RHONE-ALPES SUD,NON,5358,18:20,SUD EST,LYON (intramuros),JCSUDATL,FRLPD,17:42,FRVLA
458,2023-08-15,ST PIERRE DES CORPS,OUI,5358,23:09,SUD EST,NANTES,JCSUDATL,FRNTE,21:35,FRXSH
459,2023-08-15,HENDAYE,NON,14142,12:53,IC SRO,TARBES,SUDOUEST,FRXTB,10:19,FRAEF
460,2023-08-15,BIARRITZ,NON,14142,12:09,IC SRO,PAU,SUDOUEST,FRAEE,10:40,FRBIQ
461,2023-08-15,BIARRITZ,NON,14142,12:53,IC SRO,TARBES,SUDOUEST,FRXTB,10:40,FRBIQ
462,2023-08-15,ORTHEZ,NON,14142,12:37,IC SRO,LOURDES,SUDOUEST,FRLDE,11:48,FRGFI
463,2023-08-15,ORTHEZ,NON,14142,14:27,IC SRO,TOULOUSE MATABIAU,SUDOUEST,FRXYT,11:48,FRGFI
464,2023-08-15,BAYONNE,NON,14142,13:30,IC SRO,MONTREJEAU GOURDAN POLIGNAN,SUDOUEST,FRMTJ,11:02,FRXBY
465,2023-08-15,BAYONNE,NON,14142,14:27,IC SRO,TOULOUSE MATABIAU,SUDOUEST,FRXYT,11:02,FRXBY
466,2023-08-15,TARBES,NON,14142,14:27,IC SRO,TOULOUSE MATABIAU,SUDOUEST,FRXYT,12:56,FRXTB
467,2023-08-15,ST JEAN DE LUZ CIBOURE,NON,14142,13:30,IC SRO,MONTREJEAU GOURDAN POLIGNAN,SUDOUEST,FRMTJ,10:30,FRXJZ
468,2023-08-15,STRASBOURG,OUI,5454,14:36,EST,LORRAINE TGV,JCESTATL,FREAM,14:01,FRAEG
469,2023-08-15,STRASBOURG,NON,5454,16:04,EST,AEROPORT CDG2 TGV ROISSY,JCESTATL,FRMLW,14:01,FRAEG
470,2023-08-15,STRASBOURG,NON,5454,18:40,EST,POITIERS,JCESTATL,FRPIS,14:01,FRAEG
471,2023-08-15,MASSY TGV,NON,5454,18:06,EST,ST PIERRE DES CORPS,JCESTATL,FRXSH,17:10,FRDJU
472,2023-08-15,MEUSE TGV,NON,5454,19:22,EST,ANGOULEME,JCESTATL,FRANG,15:05,FREAJ
473,2023-08-15,MEUSE TGV,NON,5454,17:04,EST,MASSY TGV,JCESTATL,FRDJU,15:05,FREAJ
474,2023-08-15,MEUSE TGV,NON,5454,16:04,EST,AEROPORT CDG2 TGV ROISSY,JCESTATL,FRMLW,15:05,FREAJ
475,2023-08-15,LORRAINE TGV,NON,5454,18:40,EST,POITIERS,JCESTATL,FRPIS,14:39,FREAM
476,2023-08-15,MARNE LA VALLEE CHESSY,NON,5454,19:22,EST,ANGOULEME,JCESTATL,FRANG,16:32,FRMLV
477,2023-08-15,MARNE LA VALLEE CHESSY,NON,5454,18:06,EST,ST PIERRE DES CORPS,JCESTATL,FRXSH,16:32,FRMLV
478,2023-08-15,CLERMONT FERRAND,OUI,5986,18:40,IC ARO,RIOM CHATEL GUYON,CLERMONTPA,FRRIO,18:31,FRCFE
479,2023-08-15,RIOM CHATEL GUYON,OUI,5986,19:58,IC ARO,NEVERS,CLERMONTPA,FRNVS,18:42,FRRIO
480,2023-08-15,LORIENT,OUI,8730,16:09,ATLANTIQUE,AURAY,BRETAPARIS,FRXUY,15:53,FRLRT
481,2023-08-15,QUIMPER,NON,8730,19:06,ATLANTIQUE,PARIS (intramuros),BRETAPARIS,FRPMO,15:10,FRUIP
482,2023-08-15,MULHOUSE VILLE,NON,9898,12:24,EST,STRASBOURG,JCRHONRHIN,FRAEG,11:24,FRAEK
483,2023-08-15,MULHOUSE VILLE,NON,9898,14:15,EST,LUXEMBOURG,JCRHONRHIN,LULUX,11:24,FRAEK
484,2023-08-15,NIMES,NON,9898,08:24,EST,LYON (intramuros),JCRHONRHIN,FRLPD,06:57,FRFNI
485,2023-08-15,NIMES,NON,9898,13:48,EST,THIONVILLE,JCRHONRHIN,FRXTH,06:57,FRFNI
486,2023-08-15,LYON (intramuros),NON,9898,13:48,EST,THIONVILLE,JCRHONRHIN,FRXTH,08:30,FRLPD
487,2023-08-15,MONTPELLIER SAINT-ROCH,NON,9898,11:49,EST,COLMAR,JCRHONRHIN,FRAEJ,06:29,FRMPL
488,2023-08-15,BELFORT-MONTBELIARD TGV,NON,9898,13:24,EST,METZ VILLE,JCRHONRHIN,FRADE,10:59,FRTJA
489,2023-08-15,BELFORT-MONTBELIARD TGV,NON,9898,11:21,EST,MULHOUSE VILLE,JCRHONRHIN,FRAEK,10:59,FRTJA
490,2023-08-15,BELFORT-MONTBELIARD TGV,NON,9898,13:48,EST,THIONVILLE,JCRHONRHIN,FRXTH,10:59,FRTJA
491,2023-08-15,BESANCON - F COMTE TGV,NON,9898,10:57,EST,BELFORT-MONTBELIARD TGV,JCRHONRHIN,FRTJA,10:36,FRTJB
492,2023-08-15,VALENCE TGV RHONE-ALPES SUD,NON,9898,10:34,EST,BESANCON - F COMTE TGV,JCRHONRHIN,FRTJB,07:45,FRVLA
493,2023-08-15,VALENCE TGV RHONE-ALPES SUD,NON,9898,13:48,EST,THIONVILLE,JCRHONRHIN,FRXTH,07:45,FRVLA
494,2023-08-15,VALENCE TGV RHONE-ALPES SUD,NON,9898,14:15,EST,LUXEMBOURG,JCRHONRHIN,LULUX,07:45,FRVLA
495,2023-08-15,RETHEL,OUI,2754,17:09,EST,REIMS,SEDBARPA,FRRHE,16:48,FRBDT
496,2023-08-15,CHARLEVILLE MEZIERES,OUI,2754,16:45,EST,RETHEL,SEDBARPA,FRBDT,16:17,FRXCZ
497,2023-08-15,CHARLEVILLE MEZIERES,OUI,2754,18:01,EST,PARIS (intramuros),SEDBARPA,FRPST,16:17,FRXCZ
498,2023-08-15,LUCON,NON,3835,19:10,IC SRO,JONZAC,NANTEBORDO,FREMR,17:00,FRLCN
499,2023-08-15,NANTES,NON,3835,20:11,IC SRO,BORDEAUX ST JEAN,NANTEBORDO,FRBOJ,15:55,FRNTE
500,2023-08-15,NANTES,NON,3835,16:58,IC SRO,LUCON,NANTEBORDO,FRLCN,15:55,FRNTE
501,2023-08-15,NANTES,NON,3835,17:39,IC SRO,LA ROCHELLE VILLE,NANTEBORDO,FRLRH,15:55,FRNTE
502,2023-08-15,LA ROCHE SUR YON,NON,3835,18:32,IC SRO,SAINTES,NANTEBORDO,FRXST,16:36,FRXRO
503,2023-08-15,SAINTES,NON,3835,19:10,IC SRO,JONZAC,NANTEBORDO,FREMR,18:34,FRXST
504,2023-08-15,BEZIERS,NON,4766,20:33,IC ARO,CARCASSONNE,TJOURSESO,FRCCF,19:47,FRBZR
505,2023-08-15,CARCASSONNE,NON,4766,23:32,IC ARO,BORDEAUX ST JEAN,TJOURSESO,FRBOJ,20:35,FRCCF
506,2023-08-15,NIMES,NON,4766,22:27,IC ARO,AGEN,TJOURSESO,FRAGF,18:39,FRFNI
507,2023-08-15,NIMES,NON,4766,19:03,IC ARO,MONTPELLIER SAINT-ROCH,TJOURSESO,FRMPL,18:39,FRFNI
508,2023-08-15,NIMES,NON,4766,21:17,IC ARO,TOULOUSE MATABIAU,TJOURSESO,FRXYT,18:39,FRFNI
509,2023-08-15,MONTPELLIER SAINT-ROCH,NON,4766,22:27,IC ARO,AGEN,TJOURSESO,FRAGF,19:07,FRMPL
510,2023-08-15,MONTPELLIER SAINT-ROCH,NON,4766,23:32,IC ARO,BORDEAUX ST JEAN,TJOURSESO,FRBOJ,19:07,FRMPL
511,2023-08-15,MARSEILLE ST CHARLES,NON,4766,22:27,IC ARO,AGEN,TJOURSESO,FRAGF,17:28,FRMSC
512,2023-08-15,MARSEILLE ST CHARLES,NON,4766,19:44,IC ARO,BEZIERS,TJOURSESO,FRBZR,17:28,FRMSC
513,2023-08-15,MARSEILLE ST CHARLES,NON,4766,20:33,IC ARO,CARCASSONNE,TJOURSESO,FRCCF,17:28,FRMSC
514,2023-08-15,MARSEILLE ST CHARLES,NON,4766,21:49,IC ARO,MONTAUBAN VILLE BOURBON,TJOURSESO,FRXMW,17:28,FRMSC
515,2023-08-15,MARSEILLE ST CHARLES,NON,4766,20:02,IC ARO,NARBONNE,TJOURSESO,FRXNA,17:28,FRMSC
516,2023-08-15,TOULOUSE MATABIAU,OUI,4766,22:27,IC ARO,AGEN,TJOURSESO,FRAGF,21:25,FRXYT
517,2023-08-15,NIMES,NON,6823,12:43,SUD EST,BEZIERS,JCPROVSUD,FRBZR,11:37,FRFNI
518,2023-08-15,LYON (intramuros),NON,6823,12:43,SUD EST,BEZIERS,JCPROVSUD,FRBZR,10:08,FRLPD
519,2023-08-15,LYON (intramuros),NON,6823,12:02,SUD EST,MONTPELLIER SAINT-ROCH,JCPROVSUD,FRMPL,10:08,FRLPD
520,2023-08-15,LYON (intramuros),OUI,6823,10:46,SUD EST,VALENCE TGV RHONE-ALPES SUD,JCPROVSUD,FRVLA,10:08,FRLPD
521,2023-08-15,NARBONNE,NON,6823,13:30,SUD EST,CARCASSONNE,JCPROVSUD,FRCCF,13:02,FRXNA
522,2023-08-15,LIMOGES BENEDICTINS,NON,3674,21:20,IC ARO,PARIS (intramuros),TOULOUZECO,FRPAZ,18:00,FRAGQ
523,2023-08-15,ARGENTON SUR CREUSE,NON,3674,19:10,IC ARO,CHATEAUROUX,TOULOUZECO,FRCHR,18:55,FRFMT
524,2023-08-15,PARIS (intramuros),NON,6049,17:46,SUD EST,NIMES PONT DU GARD,PALANG,FRXZP,14:56,FRPLY
525,2023-08-15,VALENCE TGV RHONE-ALPES SUD,NON,6049,17:46,SUD EST,NIMES PONT DU GARD,PALANG,FRXZP,17:09,FRVLA
526,2023-08-15,LAVAL,NON,8623,17:16,ATLANTIQUE,ST BRIEUC,PARISBRETA,FRSBK,16:00,FRACR
527,2023-08-15,GUINGAMP,OUI,8623,18:37,ATLANTIQUE,BREST,PARISBRETA,FRBES,17:35,FRGGP
528,2023-08-15,GUINGAMP,OUI,8623,18:02,ATLANTIQUE,MORLAIX,PARISBRETA,FRMXN,17:35,FRGGP
529,2023-08-15,PARIS (intramuros),NON,8623,18:02,ATLANTIQUE,MORLAIX,PARISBRETA,FRMXN,14:41,FRPMO
530,2023-08-15,PARIS (intramuros),NON,8623,16:25,ATLANTIQUE,RENNES,PARISBRETA,FRRNS,14:41,FRPMO
531,2023-08-15,RENNES,NON,8623,17:33,ATLANTIQUE,GUINGAMP,PARISBRETA,FRGGP,16:32,FRRNS
532,2023-08-15,RENNES,NON,8623,18:02,ATLANTIQUE,MORLAIX,PARISBRETA,FRMXN,16:32,FRRNS
533,2023-08-15,LIMOGES BENEDICTINS,OUI,3685,00:01,IC ARO,BRIVE LA GAILLARDE,PALITO,FRBVE,22:58,FRAGQ
534,2023-08-15,CHATEAUROUX,OUI,3685,00:01,IC ARO,BRIVE LA GAILLARDE,PALITO,FRBVE,21:41,FRCHR
535,2023-08-15,ARGENTON SUR CREUSE,OUI,3685,22:21,IC ARO,LA SOUTERRAINE,PALITO,FRLST,21:57,FRFMT
536,2023-08-15,LA SOUTERRAINE,OUI,3685,22:55,IC ARO,LIMOGES BENEDICTINS,PALITO,FRAGQ,22:23,FRLST
537,2023-08-15,VIERZON VILLE,OUI,3685,00:01,IC ARO,BRIVE LA GAILLARDE,PALITO,FRBVE,21:10,FRXVZ
538,2023-08-15,LORIENT,OUI,8794,20:44,ATLANTIQUE,AURAY,BRETAPARIS,FRXUY,20:28,FRLRT
539,2023-08-15,ANGERS ST LAUD,NON,4406,17:57,IC SRO,BOURGES,JOURNTELYN,FRBOU,15:28,FRACL
540,2023-08-15,ANGERS ST LAUD,NON,4406,21:30,IC SRO,LYON (intramuros),JOURNTELYN,FRLPE,15:28,FRACL
541,2023-08-15,ANGERS ST LAUD,NON,4406,20:13,IC SRO,ROANNE,JOURNTELYN,FRRNE,15:28,FRACL
542,2023-08-15,SAUMUR,NON,4406,20:13,IC SRO,ROANNE,JOURNTELYN,FRRNE,15:53,FRACN
543,2023-08-15,SAUMUR,NON,4406,17:38,IC SRO,VIERZON VILLE,JOURNTELYN,FRXVZ,15:53,FRACN
544,2023-08-15,BOURGES,NON,4406,21:18,IC SRO,LYON (intramuros),JOURNTELYN,FRLPD,17:59,FRBOU
545,2023-08-15,BOURGES,NON,4406,19:34,IC SRO,ST GERMAIN DES FOSSES,JOURNTELYN,FRSGF,17:59,FRBOU
546,2023-08-15,NANTES,NON,4406,17:57,IC SRO,BOURGES,JOURNTELYN,FRBOU,14:47,FRNTE
547,2023-08-15,NANTES,NON,4406,19:34,IC SRO,ST GERMAIN DES FOSSES,JOURNTELYN,FRSGF,14:47,FRNTE
548,2023-08-15,NANTES,NON,4406,19:12,IC SRO,MOULINS SUR ALLIER,JOURNTELYN,FRXMU,14:47,FRNTE
549,2023-08-15,ST PIERRE DES CORPS,NON,4406,21:30,IC SRO,LYON (intramuros),JOURNTELYN,FRLPE,16:35,FRXSH
550,2023-08-15,ST PIERRE DES CORPS,NON,4406,20:13,IC SRO,ROANNE,JOURNTELYN,FRRNE,16:35,FRXSH
551,2023-08-15,ST PIERRE DES CORPS,NON,4406,19:12,IC SRO,MOULINS SUR ALLIER,JOURNTELYN,FRXMU,16:35,FRXSH
552,2023-08-15,VIERZON VILLE,NON,4406,21:18,IC SRO,LYON (intramuros),JOURNTELYN,FRLPD,17:40,FRXVZ
553,2023-08-15,VIERZON VILLE,NON,4406,20:13,IC SRO,ROANNE,JOURNTELYN,FRRNE,17:40,FRXVZ
554,2023-08-15,PARIS (intramuros),OUI,5959,14:57,IC ARO,NEVERS,PACLERMONT,FRNVS,13:00,FRPBE
555,2023-08-15,PARIS (intramuros),OUI,5959,15:55,IC ARO,VICHY,PACLERMONT,FRVHY,13:00,FRPBE
556,2023-08-15,PARIS (intramuros),OUI,5959,15:28,IC ARO,MOULINS SUR ALLIER,PACLERMONT,FRXMU,13:00,FRPBE
557,2023-08-15,PARIS (intramuros),OUI,7389,21:39,NORD,HAZEBROUCK,PAARRAS,FRHZK,19:52,FRPNO
558,2023-08-15,PARIS (intramuros),OUI,7389,21:16,NORD,BETHUNE,PAARRAS,FRXBH,19:52,FRPNO
559,2023-08-15,PARIS (intramuros),OUI,7389,21:02,NORD,LENS,PAARRAS,FRXLE,19:52,FRPNO
560,2023-08-15,LAVAL,OUI,8093,20:44,ATLANTIQUE,DOL DE BRETAGNE,PARISBRETA,FRDOL,19:29,FRACR
561,2023-08-15,PARIS (intramuros),OUI,8093,19:46,ATLANTIQUE,VITRE,PARISBRETA,FRXVT,18:11,FRPMO
562,2023-08-15,VITRE,OUI,8093,20:44,ATLANTIQUE,DOL DE BRETAGNE,PARISBRETA,FRDOL,19:49,FRXVT
563,2023-08-15,PARIS (intramuros),OUI,2785,20:52,EST,VITRY LE FRANCOIS GARE,PABARSED,FRBFO,19:28,FRPST
564,2023-08-15,CHALONS EN CHAMPAGNE,OUI,2785,21:19,EST,BAR LE DUC,PABARSED,FRXBD,20:35,FRXCR
565,2023-08-15,LILLE (intramuros),OUI,7544,22:08,NORD,PARIS (intramuros),ARRASPA,FRPNO,20:51,FRLLE
566,2023-08-15,ARRAS,OUI,7544,22:08,NORD,PARIS (intramuros),ARRASPA,FRPNO,21:18,FRQRV
567,2023-08-15,MODANE,NON,9249,20:22,INTERNATIONAL,TORINO PORTA SUSA,PAITALIE,ITTRS,18:55,FRAGR
568,2023-08-15,ST JEAN DE MAURIENNE ARVAN,NON,9249,21:49,INTERNATIONAL,MILANO P GARIBALDI,PAITALIE,ITMPG,18:25,FRHPN
569,2023-08-15,PARIS (intramuros),NON,9249,19:23,INTERNATIONAL,OULX CESANA CLAV SESTRIERE,PAITALIE,ITOCS,14:46,FRPLY
570,2023-08-15,VALLORBE,NON,9268,14:24,INTERNATIONAL,DIJON VILLE,SUISPA,FRABA,13:00,CHAGL
571,2023-08-15,VALLORBE,NON,9268,13:57,INTERNATIONAL,DOLE VILLE,SUISPA,FRACE,13:00,CHAGL
572,2023-08-15,VALLORBE,NON,9268,16:04,INTERNATIONAL,PARIS (intramuros),SUISPA,FRPLY,13:00,CHAGL
573,2023-08-15,LAUSANNE,NON,9268,13:57,INTERNATIONAL,DOLE VILLE,SUISPA,FRACE,12:23,CHAJF
574,2023-08-15,GENEVE,NON,9756,11:33,INTERNATIONAL,AVIGNON TGV,GENEVEMED,FRAVG,08:41,CHGVA
575,2023-08-15,GENEVE,NON,9756,10:22,INTERNATIONAL,LYON (intramuros),GENEVEMED,FRLPD,08:41,CHGVA
576,2023-08-15,LYON (intramuros),NON,9756,12:11,INTERNATIONAL,MARSEILLE ST CHARLES,GENEVEMED,FRMSC,10:28,FRLPD
577,2023-08-15,TOURS,OUI,8324,21:43,ATLANTIQUE,VENDOME VILLIERS SUR LOIR,ROCHELLEPA,FRESL,21:16,FRAFW
578,2023-08-15,ST PIERRE DES CORPS,OUI,8324,22:33,ATLANTIQUE,PARIS (intramuros),ROCHELLEPA,FRPMO,21:24,FRXSH
579,2023-08-15,ANGOULEME,OUI,8495,23:42,ATLANTIQUE,BORDEAUX ST JEAN,PASUDOUEST,FRBOJ,22:36,FRANG
580,2023-08-15,ANGOULEME,OUI,8495,23:15,ATLANTIQUE,LIBOURNE,PASUDOUEST,FRXLR,22:36,FRANG
581,2023-08-15,PARIS (intramuros),OUI,8495,22:33,ATLANTIQUE,ANGOULEME,PASUDOUEST,FRANG,20:24,FRPMO
582,2023-08-15,LE CROISIC,NON,8926,18:41,ATLANTIQUE,ANGERS ST LAUD,LOIREPARIS,FRACL,16:55,FREGU
583,2023-08-15,SABLE SUR SARTHE,NON,8926,19:28,ATLANTIQUE,LE MANS,LOIREPARIS,FRAET,19:07,FRSAB
584,2023-08-15,ST NAZAIRE,OUI,8926,17:59,ATLANTIQUE,NANTES,LOIREPARIS,FRNTE,17:24,FRSNR
585,2023-08-15,PARIS (intramuros),NON,6227,23:04,SUD EST,MONTPELLIER SUD DE FRANCE,PALANG,FRSUF,19:52,FRPLY
586,2023-08-15,NIMES PONT DU GARD,OUI,6227,23:04,SUD EST,MONTPELLIER SUD DE FRANCE,PALANG,FRSUF,22:45,FRXZP
587,2023-08-15,MACON LOCHE TGV,OUI,6621,18:17,SUD EST,LYON (intramuros),PARISRHONE,FRLPE,17:32,FRMLT
588,2023-08-15,PARIS (intramuros),OUI,6621,17:08,SUD EST,LE CREUSOT MONTCEAU MONTCHANIN,PARISRHONE,FRXCC,15:52,FRPLY
589,2023-08-15,MEUSE TGV,NON,2540,14:42,EST,PARIS (intramuros),NANCYPA,FRPST,13:32,FREAJ
590,2023-08-15,NANCY,OUI,2540,13:29,EST,MEUSE TGV,NANCYPA,FREAJ,12:55,FRENC
591,2023-08-15,LE MANS,NON,5460,17:48,EST,MASSY TGV,JCATLEST,FRDJU,16:57,FRAET
592,2023-08-15,MASSY TGV,NON,5460,21:04,EST,STRASBOURG,JCATLEST,FRAEG,17:54,FRDJU
593,2023-08-15,MASSY TGV,NON,5460,20:00,EST,MEUSE TGV,JCATLEST,FREAJ,17:54,FRDJU
594,2023-08-15,MASSY TGV,NON,5460,18:23,EST,MARNE LA VALLEE CHESSY,JCATLEST,FRMLV,17:54,FRDJU
595,2023-08-15,MEUSE TGV,OUI,5460,20:25,EST,LORRAINE TGV,JCATLEST,FREAM,20:07,FREAJ
596,2023-08-15,LORRAINE TGV,OUI,5460,21:04,EST,STRASBOURG,JCATLEST,FRAEG,20:28,FREAM
597,2023-08-15,AEROPORT CDG2 TGV ROISSY,OUI,5460,19:29,EST,CHAMPAGNE-ARDENNE,JCATLEST,FREAH,18:53,FRMLW
598,2023-08-15,AEROPORT CDG2 TGV ROISSY,OUI,5460,20:25,EST,LORRAINE TGV,JCATLEST,FREAM,18:53,FRMLW
599,2023-08-15,RENNES,NON,5460,18:37,EST,AEROPORT CDG2 TGV ROISSY,JCATLEST,FRMLW,16:03,FRRNS
600,2023-08-15,LE MANS,NON,5460,20:00,EST,MEUSE TGV,JCATLEST,FREAJ,16:57,FRAET
601,2023-08-15,CLERMONT FERRAND,OUI,5982,18:58,IC ARO,NEVERS,CLERMONTPA,FRNVS,17:31,FRCFE
602,2023-08-15,RIOM CHATEL GUYON,OUI,5982,18:58,IC ARO,NEVERS,CLERMONTPA,FRNVS,17:42,FRRIO
603,2023-08-15,VICHY,OUI,5982,18:58,IC ARO,NEVERS,CLERMONTPA,FRNVS,18:06,FRVHY
604,2023-08-15,VICHY,OUI,5982,18:29,IC ARO,MOULINS SUR ALLIER,CLERMONTPA,FRXMU,18:06,FRVHY
605,2023-08-15,MOULINS SUR ALLIER,OUI,5982,18:58,IC ARO,NEVERS,CLERMONTPA,FRNVS,18:31,FRXMU
606,2023-08-15,ANGERS ST LAUD,NON,4402,13:10,IC SRO,LYON (intramuros),JOURNTELYN,FRLPD,07:10,FRACL
607,2023-08-15,ANGERS ST LAUD,NON,4402,13:22,IC SRO,LYON (intramuros),JOURNTELYN,FRLPE,07:10,FRACL
608,2023-08-15,ANGERS ST LAUD,NON,4402,11:05,IC SRO,MOULINS SUR ALLIER,JOURNTELYN,FRXMU,07:10,FRACL
609,2023-08-15,SAUMUR,NON,4402,13:10,IC SRO,LYON (intramuros),JOURNTELYN,FRLPD,07:32,FRACN
610,2023-08-15,SAUMUR,NON,4402,12:05,IC SRO,ROANNE,JOURNTELYN,FRRNE,07:32,FRACN
611,2023-08-15,BOURGES,NON,4402,12:05,IC SRO,ROANNE,JOURNTELYN,FRRNE,09:46,FRBOU
612,2023-08-15,BOURGES,NON,4402,11:26,IC SRO,ST GERMAIN DES FOSSES,JOURNTELYN,FRSGF,09:46,FRBOU
613,2023-08-15,BOURGES,NON,4402,11:05,IC SRO,MOULINS SUR ALLIER,JOURNTELYN,FRXMU,09:46,FRBOU
614,2023-08-15,NANTES,NON,4402,09:44,IC SRO,BOURGES,JOURNTELYN,FRBOU,06:26,FRNTE
615,2023-08-15,NANTES,NON,4402,11:05,IC SRO,MOULINS SUR ALLIER,JOURNTELYN,FRXMU,06:26,FRNTE
616,2023-08-15,NANTES,NON,4402,08:05,IC SRO,ST PIERRE DES CORPS,JOURNTELYN,FRXSH,06:26,FRNTE
617,2023-08-15,ST GERMAIN DES FOSSES,NON,4402,13:10,IC SRO,LYON (intramuros),JOURNTELYN,FRLPD,11:28,FRSGF
618,2023-08-15,ST GERMAIN DES FOSSES,NON,4402,12:05,IC SRO,ROANNE,JOURNTELYN,FRRNE,11:28,FRSGF
619,2023-08-15,MOULINS SUR ALLIER,NON,4402,12:05,IC SRO,ROANNE,JOURNTELYN,FRRNE,11:07,FRXMU
620,2023-08-15,ST PIERRE DES CORPS,NON,4402,10:23,IC SRO,NEVERS,JOURNTELYN,FRNVS,08:09,FRXSH
621,2023-08-15,PAU,NON,14140,08:36,IC SRO,LOURDES,SUDOUEST,FRLDE,08:11,FRAEE
622,2023-08-15,ORTHEZ,NON,14140,08:08,IC SRO,PAU,SUDOUEST,FRAEE,07:47,FRGFI
623,2023-08-15,BAYONNE,NON,14140,08:08,IC SRO,PAU,SUDOUEST,FRAEE,07:00,FRXBY
624,2023-08-15,BAYONNE,NON,14140,09:34,IC SRO,ST GAUDENS,SUDOUEST,FRFPH,07:00,FRXBY
625,2023-08-15,LYON (intramuros),NON,5192,18:01,NORD,AEROPORT CDG2 TGV ROISSY,JCSUDNORD,FRMLW,15:46,FRLPE
626,2023-08-15,MARNE LA VALLEE CHESSY,NON,5192,18:34,NORD,TGV HAUTE PICARDIE,JCSUDNORD,FRTHP,17:51,FRMLV
627,2023-08-15,MARNE LA VALLEE CHESSY,NON,5192,19:14,NORD,DOUAI,JCSUDNORD,FRXDN,17:51,FRMLV
628,2023-08-15,AEROPORT CDG2 TGV ROISSY,OUI,5192,19:44,NORD,LILLE (intramuros),JCSUDNORD,FRADJ,18:07,FRMLW
629,2023-08-15,AEROPORT CDG2 TGV ROISSY,OUI,5192,19:14,NORD,DOUAI,JCSUDNORD,FRXDN,18:07,FRMLW
630,2023-08-15,ARRAS,OUI,5192,19:14,NORD,DOUAI,JCSUDNORD,FRXDN,18:59,FRQRV
631,2023-08-15,DIJON VILLE,NON,2203,12:54,EST,MONTPELLIER SAINT-ROCH,JCRHINRHON,FRMPL,09:21,FRABA
632,2023-08-15,COLMAR,OUI,2203,09:11,EST,DIJON VILLE,JCRHINRHON,FRABA,07:16,FRAEJ
633,2023-08-15,COLMAR,OUI,2203,07:48,EST,MULHOUSE VILLE,JCRHINRHON,FRAEK,07:16,FRAEJ
634,2023-08-15,COLMAR,OUI,2203,08:14,EST,BELFORT-MONTBELIARD TGV,JCRHINRHON,FRTJA,07:16,FRAEJ
635,2023-08-15,COLMAR,NON,2203,09:54,EST,CHALON SUR SAONE,JCRHINRHON,FRXCD,07:16,FRAEJ
636,2023-08-15,MULHOUSE VILLE,OUI,2203,09:11,EST,DIJON VILLE,JCRHINRHON,FRABA,07:52,FRAEK
637,2023-08-15,MULHOUSE VILLE,NON,2203,09:54,EST,CHALON SUR SAONE,JCRHINRHON,FRXCD,07:52,FRAEK
638,2023-08-15,LYON (intramuros),NON,2203,12:54,EST,MONTPELLIER SAINT-ROCH,JCRHINRHON,FRMPL,11:02,FRLPD
639,2023-08-15,BELFORT-MONTBELIARD TGV,NON,2203,12:24,EST,NIMES,JCRHINRHON,FRFNI,08:17,FRTJA
640,2023-08-15,CHALON SUR SAONE,NON,2203,12:24,EST,NIMES,JCRHINRHON,FRFNI,09:56,FRXCD
641,2023-08-15,PARIS (intramuros),OUI,7481,21:18,NORD,LILLE (intramuros),PALILLE,FRADJ,20:16,FRPNO
642,2023-08-15,PAU,NON,14157,21:36,IC SRO,ST JEAN DE LUZ CIBOURE,SUDOUEST,FRXJZ,19:53,FRAEE
643,2023-08-15,ORTHEZ,NON,14157,21:22,IC SRO,BIARRITZ,SUDOUEST,FRBIQ,20:15,FRGFI
644,2023-08-15,LOURDES,NON,14157,19:50,IC SRO,PAU,SUDOUEST,FRAEE,19:24,FRLDE
645,2023-08-15,LOURDES,NON,14157,21:22,IC SRO,BIARRITZ,SUDOUEST,FRBIQ,19:24,FRLDE
646,2023-08-15,LOURDES,NON,14157,21:04,IC SRO,BAYONNE,SUDOUEST,FRXBY,19:24,FRLDE
647,2023-08-15,ST JEAN DE LUZ CIBOURE,NON,14157,21:49,IC SRO,HENDAYE,SUDOUEST,FRAEF,21:37,FRXJZ
648,2023-08-15,TARBES,NON,14157,21:36,IC SRO,ST JEAN DE LUZ CIBOURE,SUDOUEST,FRXJZ,19:08,FRXTB
649,2023-08-15,TOULOUSE MATABIAU,NON,14157,19:50,IC SRO,PAU,SUDOUEST,FRAEE,17:32,FRXYT
650,2023-08-15,NICE VILLE,NON,6168,18:33,SUD EST,MARSEILLE ST CHARLES,AZURPA,FRMSC,16:01,FRNIC
651,2023-08-15,NICE VILLE,OUI,6168,16:14,SUD EST,ANTIBES,AZURPA,FRXAT,16:01,FRNIC
652,2023-08-15,NICE VILLE,OUI,6168,16:55,SUD EST,ST RAPHAEL VALESCURE,AZURPA,FRXSK,16:01,FRNIC
653,2023-08-15,ANTIBES,OUI,6168,16:28,SUD EST,CANNES,AZURPA,FRJCA,16:17,FRXAT
654,2023-08-15,BASEL SBB,NON,9219,20:26,INTERNATIONAL,ZUERICH HB,PABALZUR,CHAJD,19:33,CHAJP
655,2023-08-15,PARIS (intramuros),OUI,9219,19:03,INTERNATIONAL,MULHOUSE VILLE,PABALZUR,FRAEK,16:22,FRPLY
656,2023-08-15,SABLE SUR SARTHE,OUI,8931,20:16,ATLANTIQUE,ANGERS ST LAUD,PARISLOIRE,FRACL,19:56,FRSAB
657,2023-08-15,SABLE SUR SARTHE,NON,8931,22:08,ATLANTIQUE,LE CROISIC,PARISLOIRE,FREGU,19:56,FRSAB
658,2023-08-15,CHATEAUROUX,OUI,3617,11:36,IC ARO,UZERCHE,PALITO,FRAAW,09:43,FRCHR
659,2023-08-15,CHATEAUROUX,OUI,3617,12:04,IC ARO,BRIVE LA GAILLARDE,PALITO,FRBVE,09:43,FRCHR
660,2023-08-15,LA SOUTERRAINE,OUI,3617,12:04,IC ARO,BRIVE LA GAILLARDE,PALITO,FRBVE,10:24,FRLST
661,2023-08-15,PARIS (intramuros),OUI,3617,10:22,IC ARO,LA SOUTERRAINE,PALITO,FRLST,07:41,FRPAZ
662,2023-08-15,VIERZON VILLE,OUI,3617,10:56,IC ARO,LIMOGES BENEDICTINS,PALITO,FRAGQ,09:11,FRXVZ
663,2023-08-15,VIERZON VILLE,OUI,3617,09:41,IC ARO,CHATEAUROUX,PALITO,FRCHR,09:11,FRXVZ
664,2023-08-15,NARBONNE,NON,9706,23:05,SUD EST,PARIS (intramuros),BARCELONEPA,FRPLY,18:43,FRXNA
665,2023-08-15,SETE,NON,9706,20:51,SUD EST,VALENCE TGV RHONE-ALPES SUD,BARCELONEPA,FRVLA,19:30,FRXSY
666,2023-08-15,MONTPELLIER SUD DE FRANCE,NON,9706,20:51,SUD EST,VALENCE TGV RHONE-ALPES SUD,BARCELONEPA,FRVLA,19:52,FRSUF
667,2023-08-15,NARBONNE,NON,9706,19:47,SUD EST,MONTPELLIER SUD DE FRANCE,BARCELONEPA,FRSUF,18:43,FRXNA
668,2023-08-15,SETE,NON,9706,19:47,SUD EST,MONTPELLIER SUD DE FRANCE,BARCELONEPA,FRSUF,19:30,FRXSY
669,2023-08-15,NIMES PONT DU GARD,NON,9706,20:51,SUD EST,VALENCE TGV RHONE-ALPES SUD,BARCELONEPA,FRVLA,20:13,FRXZP
670,2023-08-15,NIMES PONT DU GARD,NON,9706,23:05,SUD EST,PARIS (intramuros),BARCELONEPA,FRPLY,20:13,FRXZP
671,2023-08-15,FIGUERES VILA TGV,NON,9706,23:05,SUD EST,PARIS (intramuros),BARCELONEPA,FRPLY,17:08,ESFIR
672,2023-08-15,GIRONA,NON,9706,20:51,SUD EST,VALENCE TGV RHONE-ALPES SUD,BARCELONEPA,FRVLA,16:51,ESGRO
673,2023-08-15,BARCELONA SANTS,NON,9706,19:47,SUD EST,MONTPELLIER SUD DE FRANCE,BARCELONEPA,FRSUF,16:10,ESBST
674,2023-08-15,BARCELONA SANTS,NON,9706,19:11,SUD EST,AGDE,BARCELONEPA,FRXAG,16:10,ESBST
675,2023-08-15,UZERCHE,OUI,3684,18:48,IC ARO,LIMOGES BENEDICTINS,TOULOUZECO,FRAGQ,18:11,FRAAW
676,2023-08-15,LIMOGES BENEDICTINS,OUI,3684,19:27,IC ARO,LA SOUTERRAINE,TOULOUZECO,FRLST,18:51,FRAGQ
677,2023-08-15,BRIVE LA GAILLARDE,NON,3684,20:25,IC ARO,ISSOUDUN,TOULOUZECO,FRFMN,17:45,FRBVE
678,2023-08-15,BRIVE LA GAILLARDE,NON,3684,20:46,IC ARO,VIERZON VILLE,TOULOUZECO,FRXVZ,17:45,FRBVE
679,2023-08-15,MARSEILLE ST CHARLES,NON,6120,17:30,SUD EST,PARIS (intramuros),PROVENCEPA,FRPLY,14:04,FRMSC
680,2023-08-15,ST ETIENNE CHATEAUCREUX,OUI,6696,17:25,SUD EST,LYON (intramuros),RHONEPARIS,FRLPD,16:43,FRHHD
681,2023-08-15,ZUERICH HB,NON,9206,08:28,INTERNATIONAL,BASEL SBB,ZURBALPA,CHAJP,07:34,CHAJD
682,2023-08-15,BASEL SBB,NON,9206,09:17,INTERNATIONAL,BELFORT-MONTBELIARD TGV,ZURBALPA,FRTJA,08:34,CHAJP
683,2023-08-15,MASSY TGV,NON,5338,21:47,SUD EST,LYON (intramuros),JCATLSUD,FRLPE,19:26,FRDJU
684,2023-08-15,RENNES,NON,5338,21:30,SUD EST,LYON (intramuros),JCATLSUD,FRLPD,17:30,FRRNS
685,2023-08-15,BORDEAUX ST JEAN,NON,8522,00:27,ATLANTIQUE,PARIS (intramuros),SUDOUESTPA,FRPMO,22:21,FRBOJ
686,2023-08-15,BEZIERS,NON,6258,18:12,SUD EST,PARIS (intramuros),LANGPA,FRPLY,13:58,FRBZR
687,2023-08-15,BEZIERS,NON,6258,14:09,SUD EST,AGDE,LANGPA,FRXAG,13:58,FRBZR
688,2023-08-15,PERPIGNAN,NON,6258,18:12,SUD EST,PARIS (intramuros),LANGPA,FRPLY,13:04,FRPGF
689,2023-08-15,AGDE,NON,6258,14:25,SUD EST,SETE,LANGPA,FRXSY,14:12,FRXAG
690,2023-08-15,SETE,NON,6258,15:51,SUD EST,VALENCE TGV RHONE-ALPES SUD,LANGPA,FRVLA,14:28,FRXSY
691,2023-08-15,MONTPELLIER SUD DE FRANCE,NON,6258,15:51,SUD EST,VALENCE TGV RHONE-ALPES SUD,LANGPA,FRVLA,14:50,FRSUF
692,2023-08-15,BEZIERS,NON,6258,14:43,SUD EST,MONTPELLIER SUD DE FRANCE,LANGPA,FRSUF,13:58,FRBZR
693,2023-08-15,BEZIERS,NON,6258,15:12,SUD EST,NIMES PONT DU GARD,LANGPA,FRXZP,13:58,FRBZR
694,2023-08-15,NARBONNE,NON,6258,15:12,SUD EST,NIMES PONT DU GARD,LANGPA,FRXZP,13:42,FRXNA
695,2023-08-15,DIJON VILLE,NON,2239,22:30,EST,NICE VILLE,JCRHINRHON,FRNIC,16:20,FRABA
696,2023-08-15,DIJON VILLE,NON,2239,20:41,EST,TOULON,JCRHINRHON,FRTLN,16:20,FRABA
697,2023-08-15,DIJON VILLE,NON,2239,22:11,EST,ANTIBES,JCRHINRHON,FRXAT,16:20,FRABA
698,2023-08-15,COLMAR,NON,2239,19:10,EST,AVIGNON TGV,JCRHINRHON,FRAVG,14:05,FRAEJ
699,2023-08-15,COLMAR,NON,2239,22:11,EST,ANTIBES,JCRHINRHON,FRXAT,14:05,FRAEJ
700,2023-08-15,MULHOUSE VILLE,NON,2239,17:56,EST,LYON (intramuros),JCRHINRHON,FRLPD,14:41,FRAEK
701,2023-08-15,MULHOUSE VILLE,NON,2239,22:11,EST,ANTIBES,JCRHINRHON,FRXAT,14:41,FRAEK
702,2023-08-15,AIX EN PROVENCE TGV,NON,2239,20:41,EST,TOULON,JCRHINRHON,FRTLN,19:33,FRAIE
703,2023-08-15,AIX EN PROVENCE TGV,NON,2239,21:34,EST,ST RAPHAEL VALESCURE,JCRHINRHON,FRXSK,19:33,FRAIE
704,2023-08-15,MARSEILLE ST CHARLES,NON,2239,20:41,EST,TOULON,JCRHINRHON,FRTLN,19:57,FRMSC
705,2023-08-15,MARSEILLE ST CHARLES,NON,2239,22:11,EST,ANTIBES,JCRHINRHON,FRXAT,19:57,FRMSC
706,2023-08-15,MARSEILLE ST CHARLES,NON,2239,21:17,EST,LES ARCS DRAGUIGNAN,JCRHINRHON,FRXRS,19:57,FRMSC
707,2023-08-15,BELFORT-MONTBELIARD TGV,NON,2239,16:04,EST,DIJON VILLE,JCRHINRHON,FRABA,15:06,FRTJA
708,2023-08-15,BESANCON - F COMTE TGV,NON,2239,16:04,EST,DIJON VILLE,JCRHINRHON,FRABA,15:36,FRTJB
709,2023-08-15,BESANCON - F COMTE TGV,NON,2239,19:45,EST,MARSEILLE ST CHARLES,JCRHINRHON,FRMSC,15:36,FRTJB
710,2023-08-15,BEAUNE,NON,2239,22:11,EST,ANTIBES,JCRHINRHON,FRXAT,16:42,FRXBV
711,2023-08-15,BEAUNE,NON,2239,21:34,EST,ST RAPHAEL VALESCURE,JCRHINRHON,FRXSK,16:42,FRXBV
712,2023-08-15,BESANCON - F COMTE TGV,NON,2239,21:17,EST,LES ARCS DRAGUIGNAN,JCRHINRHON,FRXRS,15:36,FRTJB
713,2023-08-15,BELFORT-MONTBELIARD TGV,NON,2239,21:17,EST,LES ARCS DRAGUIGNAN,JCRHINRHON,FRXRS,15:06,FRTJA
714,2023-08-15,BESANCON - F COMTE TGV,NON,2239,16:39,EST,BEAUNE,JCRHINRHON,FRXBV,15:36,FRTJB
715,2023-08-15,TOURS,OUI,8314,12:19,ATLANTIQUE,ST PIERRE DES CORPS,ROCHELLEPA,FRXSH,12:14,FRAFW
716,2023-08-15,ANGOULEME,NON,5444,15:49,EST,MASSY TGV,JCATLEST,FRDJU,13:36,FRANG
717,2023-08-15,ANGOULEME,NON,5444,17:04,EST,CHAMPAGNE-ARDENNE,JCATLEST,FREAH,13:36,FRANG
718,2023-08-15,ANGOULEME,NON,5444,16:27,EST,MARNE LA VALLEE CHESSY,JCATLEST,FRMLV,13:36,FRANG
719,2023-08-15,BORDEAUX ST JEAN,NON,5444,15:49,EST,MASSY TGV,JCATLEST,FRDJU,12:58,FRBOJ
720,2023-08-15,BORDEAUX ST JEAN,NON,5444,17:04,EST,CHAMPAGNE-ARDENNE,JCATLEST,FREAH,12:58,FRBOJ
721,2023-08-15,BORDEAUX ST JEAN,NON,5444,16:27,EST,MARNE LA VALLEE CHESSY,JCATLEST,FRMLV,12:58,FRBOJ
722,2023-08-15,BORDEAUX ST JEAN,NON,5444,14:50,EST,ST PIERRE DES CORPS,JCATLEST,FRXSH,12:58,FRBOJ
723,2023-08-15,MEUSE TGV,NON,5444,17:52,EST,LORRAINE TGV,JCATLEST,FREAM,17:34,FREAJ
724,2023-08-15,MARNE LA VALLEE CHESSY,NON,5444,17:04,EST,CHAMPAGNE-ARDENNE,JCATLEST,FREAH,16:37,FRMLV
725,2023-08-15,MARNE LA VALLEE CHESSY,NON,5444,17:52,EST,LORRAINE TGV,JCATLEST,FREAM,16:37,FRMLV
726,2023-08-15,ST PIERRE DES CORPS,NON,5444,18:37,EST,STRASBOURG,JCATLEST,FRAEG,14:54,FRXSH
727,2023-08-15,ST PIERRE DES CORPS,NON,5444,15:49,EST,MASSY TGV,JCATLEST,FRDJU,14:54,FRXSH
728,2023-08-15,FRANKFURT MAIN HBF,NON,9552,15:02,INTERNATIONAL,SARREBRUCK/SAARBRUECKEN,FRANCPA,DESBK,12:56,DEFRH
729,2023-08-15,FRANKFURT MAIN HBF,NON,9552,16:54,INTERNATIONAL,PARIS (intramuros),FRANCPA,FRPST,12:56,DEFRH
730,2023-08-15,MANNHEIM HBF,NON,9552,15:02,INTERNATIONAL,SARREBRUCK/SAARBRUECKEN,FRANCPA,DESBK,13:42,DEMHG
731,2023-08-15,SARREBRUCK/SAARBRUECKEN,NON,9552,16:54,INTERNATIONAL,PARIS (intramuros),FRANCPA,FRPST,15:03,DESBK
732,2023-08-15,AIX EN PROVENCE TGV,OUI,5054,10:19,NORD,MARNE LA VALLEE CHESSY,JCSUDNORD,FRMLV,06:49,FRAIE
733,2023-08-15,AIX EN PROVENCE TGV,OUI,5054,10:32,NORD,AEROPORT CDG2 TGV ROISSY,JCSUDNORD,FRMLW,06:49,FRAIE
734,2023-08-15,AVIGNON TGV,OUI,5054,08:20,NORD,LYON (intramuros),JCSUDNORD,FRLPD,07:12,FRAVG
735,2023-08-15,MARSEILLE ST CHARLES,OUI,5054,08:20,NORD,LYON (intramuros),JCSUDNORD,FRLPD,06:33,FRMSC
736,2023-08-15,CANNES,NON,6188,10:33,SUD EST,MARSEILLE ST CHARLES,AZURPA,FRMSC,08:28,FRJCA
737,2023-08-15,NICE VILLE,NON,6188,10:33,SUD EST,MARSEILLE ST CHARLES,AZURPA,FRMSC,07:57,FRNIC
738,2023-08-15,NICE VILLE,OUI,6188,09:07,SUD EST,LES ARCS DRAGUIGNAN,AZURPA,FRXRS,07:57,FRNIC
739,2023-08-15,ANTIBES,OUI,6188,08:24,SUD EST,CANNES,AZURPA,FRJCA,08:14,FRXAT
740,2023-08-15,ANTIBES,OUI,6188,08:50,SUD EST,ST RAPHAEL VALESCURE,AZURPA,FRXSK,08:14,FRXAT
741,2023-08-15,LES ARCS DRAGUIGNAN,NON,6188,10:33,SUD EST,MARSEILLE ST CHARLES,AZURPA,FRMSC,09:10,FRXRS
742,2023-08-15,ST RAPHAEL VALESCURE,OUI,6188,09:07,SUD EST,LES ARCS DRAGUIGNAN,AZURPA,FRXRS,08:53,FRXSK
743,2023-08-15,BEZIERS,NON,4764,21:32,IC ARO,BORDEAUX ST JEAN,TJOURSESO,FRBOJ,17:47,FRBZR
744,2023-08-15,NIMES,NON,4764,17:03,IC ARO,MONTPELLIER SAINT-ROCH,TJOURSESO,FRMPL,16:38,FRFNI
745,2023-08-15,MARSEILLE ST CHARLES,NON,4764,17:44,IC ARO,BEZIERS,TJOURSESO,FRBZR,15:27,FRMSC
746,2023-08-15,MARSEILLE ST CHARLES,OUI,4764,16:35,IC ARO,NIMES,TJOURSESO,FRFNI,15:27,FRMSC
747,2023-08-15,MONTAUBAN VILLE BOURBON,OUI,4764,21:32,IC ARO,BORDEAUX ST JEAN,TJOURSESO,FRBOJ,19:50,FRXMW
748,2023-08-15,MONTAUBAN VILLE BOURBON,OUI,4764,20:53,IC ARO,MARMANDE,TJOURSESO,FRXMR,19:50,FRXMW
749,2023-08-15,TOULOUSE MATABIAU,OUI,4764,21:32,IC ARO,BORDEAUX ST JEAN,TJOURSESO,FRBOJ,19:24,FRXYT
750,2023-08-15,DIJON VILLE,OUI,2096,21:09,EST,MULHOUSE VILLE,JCRHONRHIN,FRAEK,19:49,FRABA
751,2023-08-15,DIJON VILLE,OUI,2096,20:40,EST,BELFORT-MONTBELIARD TGV,JCRHONRHIN,FRTJA,19:49,FRABA
752,2023-08-15,MULHOUSE VILLE,OUI,2096,22:07,EST,STRASBOURG,JCRHONRHIN,FRAEG,21:12,FRAEK
753,2023-08-15,AIX EN PROVENCE TGV,NON,2096,20:40,EST,BELFORT-MONTBELIARD TGV,JCRHONRHIN,FRTJA,16:11,FRAIE
754,2023-08-15,AIX EN PROVENCE TGV,NON,2096,17:08,EST,VALENCE TGV RHONE-ALPES SUD,JCRHONRHIN,FRVLA,16:11,FRAIE
755,2023-08-15,AVIGNON TGV,NON,2096,17:08,EST,VALENCE TGV RHONE-ALPES SUD,JCRHONRHIN,FRVLA,16:33,FRAVG
756,2023-08-15,MARSEILLE ST CHARLES,NON,2096,19:39,EST,DIJON VILLE,JCRHONRHIN,FRABA,15:56,FRMSC
757,2023-08-15,MARSEILLE ST CHARLES,OUI,2096,16:08,EST,AIX EN PROVENCE TGV,JCRHONRHIN,FRAIE,15:56,FRMSC
758,2023-08-15,MARSEILLE ST CHARLES,NON,2096,20:16,EST,BESANCON - F COMTE TGV,JCRHONRHIN,FRTJB,15:56,FRMSC
759,2023-08-15,VALENCE TGV RHONE-ALPES SUD,NON,2096,19:39,EST,DIJON VILLE,JCRHONRHIN,FRABA,17:13,FRVLA
760,2023-08-15,VALENCE TGV RHONE-ALPES SUD,NON,2096,20:40,EST,BELFORT-MONTBELIARD TGV,JCRHONRHIN,FRTJA,17:13,FRVLA
761,2023-08-15,LA BAULE ESCOUBLAC,OUI,8913,13:03,ATLANTIQUE,LE CROISIC,PARISLOIRE,FREGU,12:54,FRJEE
762,2023-08-15,PARIS (intramuros),OUI,8913,10:33,ATLANTIQUE,LE MANS,PARISLOIRE,FRAET,09:36,FRPMO
763,2023-08-15,PARIS (intramuros),OUI,8913,12:50,ATLANTIQUE,LA BAULE ESCOUBLAC,PARISLOIRE,FRJEE,09:36,FRPMO
764,2023-08-15,PARIS (intramuros),OUI,8913,12:33,ATLANTIQUE,ST NAZAIRE,PARISLOIRE,FRSNR,09:36,FRPMO
765,2023-08-15,BORDEAUX ST JEAN,NON,5260,10:40,NORD,LILLE (intramuros),JCAQUINORD,FRADJ,05:58,FRBOJ
766,2023-08-15,BORDEAUX ST JEAN,NON,5260,09:27,NORD,MARNE LA VALLEE CHESSY,JCAQUINORD,FRMLV,05:58,FRBOJ
767,2023-08-15,MASSY TGV,OUI,5260,09:41,NORD,AEROPORT CDG2 TGV ROISSY,JCAQUINORD,FRMLW,08:55,FRDJU
768,2023-08-15,MARNE LA VALLEE CHESSY,OUI,5260,10:40,NORD,LILLE (intramuros),JCAQUINORD,FRADJ,09:31,FRMLV
769,2023-08-15,POITIERS,NON,5260,09:41,NORD,AEROPORT CDG2 TGV ROISSY,JCAQUINORD,FRMLW,07:19,FRPIS
770,2023-08-15,DAX,OUI,8592,22:12,ATLANTIQUE,ORTHEZ,PASUDOUEST,FRGFI,21:46,FRACG
771,2023-08-15,DAX,OUI,8592,23:03,ATLANTIQUE,LOURDES,PASUDOUEST,FRLDE,21:46,FRACG
772,2023-08-15,LOURDES,OUI,8592,23:28,ATLANTIQUE,TARBES,PASUDOUEST,FRXTB,23:13,FRLDE
773,2023-08-15,PARIS (intramuros),OUI,8592,23:28,ATLANTIQUE,TARBES,PASUDOUEST,FRXTB,18:07,FRPMO
774,2023-08-15,ARRAS,OUI,7124,16:08,NORD,PARIS (intramuros),ARRASPA,FRPNO,15:18,FRQRV
775,2023-08-15,DOLE VILLE,NON,9277,20:13,INTERNATIONAL,MOUCHARD,PASUIS,FRMCD,19:57,FRACE
776,2023-08-15,PARIS (intramuros),OUI,8572,14:46,ATLANTIQUE,PAU,PASUDOUEST,FRAEE,10:08,FRPMO
777,2023-08-15,ANGERS ST LAUD,NON,8988,23:16,ATLANTIQUE,PARIS (intramuros),LOIREPARIS,FRPMO,21:44,FRACL
778,2023-08-15,LA ROCHE SUR YON,NON,8988,21:41,ATLANTIQUE,ANGERS ST LAUD,LOIREPARIS,FRACL,20:11,FRXRO
779,2023-08-15,LA ROCHE SUR YON,NON,8988,23:16,ATLANTIQUE,PARIS (intramuros),LOIREPARIS,FRPMO,20:11,FRXRO
780,2023-08-15,ST MAIXENT DEUX SEVRES,OUI,8375,11:38,ATLANTIQUE,NIORT,PAROCHELLE,FRNIT,11:23,FREJC
781,2023-08-15,POITIERS,OUI,8375,11:59,ATLANTIQUE,SURGERES,PAROCHELLE,FREIP,10:53,FRPIS
782,2023-08-15,POITIERS,OUI,8375,11:21,ATLANTIQUE,ST MAIXENT DEUX SEVRES,PAROCHELLE,FREJC,10:53,FRPIS
783,2023-08-15,POITIERS,OUI,8375,12:22,ATLANTIQUE,LA ROCHELLE VILLE,PAROCHELLE,FRLRH,10:53,FRPIS
784,2023-08-15,PARIS (intramuros),OUI,8375,12:22,ATLANTIQUE,LA ROCHELLE VILLE,PAROCHELLE,FRLRH,09:12,FRPMO
785,2023-08-15,PARIS (intramuros),OUI,8375,11:38,ATLANTIQUE,NIORT,PAROCHELLE,FRNIT,09:12,FRPMO
786,2023-08-15,PARIS (intramuros),OUI,8375,10:12,ATLANTIQUE,ST PIERRE DES CORPS,PAROCHELLE,FRXSH,09:12,FRPMO
787,2023-08-15,ST PIERRE DES CORPS,OUI,8375,11:59,ATLANTIQUE,SURGERES,PAROCHELLE,FREIP,10:16,FRXSH
788,2023-08-15,ST PIERRE DES CORPS,OUI,8375,12:22,ATLANTIQUE,LA ROCHELLE VILLE,PAROCHELLE,FRLRH,10:16,FRXSH
789,2023-08-15,DAX,OUI,8530,09:40,ATLANTIQUE,BORDEAUX ST JEAN,SUDOUESTPA,FRBOJ,08:28,FRACG
790,2023-08-15,ST JEAN DE LUZ CIBOURE,OUI,8530,07:51,ATLANTIQUE,BAYONNE,SUDOUESTPA,FRXBY,07:26,FRXJZ
791,2023-08-15,LE MANS,OUI,5386,20:32,SUD EST,RENNES,JCSUDATL,FRRNS,19:34,FRAET
792,2023-08-15,AIX EN PROVENCE TGV,NON,5386,15:10,SUD EST,AVIGNON TGV,JCSUDATL,FRAVG,14:50,FRAIE
793,2023-08-15,AVIGNON TGV,NON,5386,19:29,SUD EST,LE MANS,JCSUDATL,FRAET,15:15,FRAVG
794,2023-08-15,LYON (intramuros),NON,5386,20:05,SUD EST,LAVAL,JCSUDATL,FRACR,16:30,FRLPD
795,2023-08-15,MARSEILLE ST CHARLES,NON,5386,19:29,SUD EST,LE MANS,JCSUDATL,FRAET,14:36,FRMSC
796,2023-08-15,MARSEILLE ST CHARLES,OUI,5386,14:47,SUD EST,AIX EN PROVENCE TGV,JCSUDATL,FRAIE,14:36,FRMSC
797,2023-08-15,MARSEILLE ST CHARLES,NON,5386,15:10,SUD EST,AVIGNON TGV,JCSUDATL,FRAVG,14:36,FRMSC
798,2023-08-15,LIMOGES BENEDICTINS,OUI,3619,13:00,IC ARO,BRIVE LA GAILLARDE,PALITO,FRBVE,11:59,FRAGQ
799,2023-08-15,LIMOGES BENEDICTINS,OUI,3619,13:27,IC ARO,SOUILLAC,PALITO,FRSOU,11:59,FRAGQ
800,2023-08-15,LIMOGES BENEDICTINS,OUI,3619,14:53,IC ARO,MONTAUBAN VILLE BOURBON,PALITO,FRXMW,11:59,FRAGQ
801,2023-08-15,LIMOGES BENEDICTINS,OUI,3619,15:22,IC ARO,TOULOUSE MATABIAU,PALITO,FRXYT,11:59,FRAGQ
802,2023-08-15,LIMOGES BENEDICTINS,OUI,3619,14:11,IC ARO,CAHORS,PALITO,FRZAO,11:59,FRAGQ
803,2023-08-15,BRIVE LA GAILLARDE,OUI,3619,15:22,IC ARO,TOULOUSE MATABIAU,PALITO,FRXYT,13:04,FRBVE
804,2023-08-15,ARGENTON SUR CREUSE,OUI,3619,14:11,IC ARO,CAHORS,PALITO,FRZAO,10:57,FRFMT
805,2023-08-15,LES AUBRAIS ORLEANS,OUI,3619,11:54,IC ARO,LIMOGES BENEDICTINS,PALITO,FRAGQ,09:29,FRLAB
806,2023-08-15,LES AUBRAIS ORLEANS,OUI,3619,14:53,IC ARO,MONTAUBAN VILLE BOURBON,PALITO,FRXMW,09:29,FRLAB
807,2023-08-15,LES AUBRAIS ORLEANS,OUI,3619,14:11,IC ARO,CAHORS,PALITO,FRZAO,09:29,FRLAB
808,2023-08-15,PARIS (intramuros),OUI,3619,13:27,IC ARO,SOUILLAC,PALITO,FRSOU,08:28,FRPAZ
809,2023-08-15,MONTAUBAN VILLE BOURBON,OUI,3619,15:22,IC ARO,TOULOUSE MATABIAU,PALITO,FRXYT,14:55,FRXMW
810,2023-08-15,VIERZON VILLE,OUI,3619,15:22,IC ARO,TOULOUSE MATABIAU,PALITO,FRXYT,10:10,FRXVZ
811,2023-08-15,CAHORS,OUI,3619,14:38,IC ARO,CAUSSADE TARN ET GARONNE,PALITO,FRFTA,14:13,FRZAO
812,2023-08-15,CAHORS,OUI,3619,14:53,IC ARO,MONTAUBAN VILLE BOURBON,PALITO,FRXMW,14:13,FRZAO
813,2023-08-15,LA SOUTERRAINE,OUI,3619,14:38,IC ARO,CAUSSADE TARN ET GARONNE,PALITO,FRFTA,11:22,FRLST
814,2023-08-15,AGEN,OUI,8516,19:39,ATLANTIQUE,BORDEAUX ST JEAN,SUDOUESTPA,FRBOJ,18:35,FRAGF
815,2023-08-15,MONTAUBAN VILLE BOURBON,OUI,8516,19:39,ATLANTIQUE,BORDEAUX ST JEAN,SUDOUESTPA,FRBOJ,17:57,FRXMW
816,2023-08-15,PARIS (intramuros),OUI,2757,21:14,EST,REIMS,PABARSED,FRRHE,20:28,FRPST
817,2023-08-15,LIMOGES BENEDICTINS,OUI,3664,17:25,IC ARO,LA SOUTERRAINE,TOULOUZECO,FRLST,16:56,FRAGQ
818,2023-08-15,LIMOGES BENEDICTINS,NON,3664,20:32,IC ARO,PARIS (intramuros),TOULOUZECO,FRPAZ,16:56,FRAGQ
819,2023-08-15,CHATEAUROUX,NON,3664,18:40,IC ARO,VIERZON VILLE,TOULOUZECO,FRXVZ,18:08,FRCHR
820,2023-08-15,ARGENTON SUR CREUSE,NON,3664,18:06,IC ARO,CHATEAUROUX,TOULOUZECO,FRCHR,17:51,FRFMT
821,2023-08-15,LA SOUTERRAINE,NON,3664,18:40,IC ARO,VIERZON VILLE,TOULOUZECO,FRXVZ,17:27,FRLST
822,2023-08-15,LORIENT,NON,8724,17:47,ATLANTIQUE,PARIS (intramuros),BRETAPARIS,FRPMO,14:46,FRLRT
823,2023-08-15,LORIENT,OUI,8724,15:14,ATLANTIQUE,VANNES,BRETAPARIS,FRVNE,14:46,FRLRT
824,2023-08-15,QUIMPER,NON,8724,17:47,ATLANTIQUE,PARIS (intramuros),BRETAPARIS,FRPMO,14:11,FRUIP
825,2023-08-15,QUIMPER,OUI,8724,15:14,ATLANTIQUE,VANNES,BRETAPARIS,FRVNE,14:11,FRUIP
826,2023-08-15,CHATEAUROUX,OUI,3629,15:51,IC ARO,BRIVE LA GAILLARDE,PALITO,FRBVE,13:35,FRCHR
827,2023-08-15,LES AUBRAIS ORLEANS,OUI,3629,15:51,IC ARO,BRIVE LA GAILLARDE,PALITO,FRBVE,12:26,FRLAB
828,2023-08-15,LES AUBRAIS ORLEANS,OUI,3629,13:00,IC ARO,VIERZON VILLE,PALITO,FRXVZ,12:26,FRLAB
829,2023-08-15,PARIS (intramuros),OUI,3629,14:48,IC ARO,LIMOGES BENEDICTINS,PALITO,FRAGQ,11:29,FRPAZ
830,2023-08-15,PARIS (intramuros),OUI,3629,15:51,IC ARO,BRIVE LA GAILLARDE,PALITO,FRBVE,11:29,FRPAZ
831,2023-08-15,PARIS (intramuros),OUI,3629,13:33,IC ARO,CHATEAUROUX,PALITO,FRCHR,11:29,FRPAZ
832,2023-08-15,VIERZON VILLE,OUI,3629,14:48,IC ARO,LIMOGES BENEDICTINS,PALITO,FRAGQ,13:02,FRXVZ
833,2023-08-15,ANNECY,OUI,6978,16:10,SUD EST,CHAMBERY CHALLES LES EAUX,ALPESPARIS,FRCMF,15:31,FRNCY
834,2023-08-15,AIX LES BAINS LE REVARD,OUI,6978,16:10,SUD EST,CHAMBERY CHALLES LES EAUX,ALPESPARIS,FRCMF,15:59,FRXAI
835,2023-08-15,AIX EN PROVENCE TGV,NON,6801,08:14,SUD EST,MARSEILLE ST CHARLES,JCPROVSUD,FRMSC,08:03,FRAIE
836,2023-08-15,AIX EN PROVENCE TGV,NON,6801,11:06,SUD EST,NICE VILLE,JCPROVSUD,FRNIC,08:03,FRAIE
837,2023-08-15,AIX EN PROVENCE TGV,NON,6801,09:49,SUD EST,LES ARCS DRAGUIGNAN,JCPROVSUD,FRXRS,08:03,FRAIE
838,2023-08-15,AVIGNON TGV,NON,6801,09:11,SUD EST,TOULON,JCPROVSUD,FRTLN,07:38,FRAVG
839,2023-08-15,LYON (intramuros),NON,6801,08:14,SUD EST,MARSEILLE ST CHARLES,JCPROVSUD,FRMSC,06:04,FRLPD
840,2023-08-15,LYON (intramuros),NON,6801,11:06,SUD EST,NICE VILLE,JCPROVSUD,FRNIC,06:04,FRLPD
841,2023-08-15,TOULON,NON,6801,11:06,SUD EST,NICE VILLE,JCPROVSUD,FRNIC,09:15,FRTLN
842,2023-08-15,TOULON,NON,6801,10:47,SUD EST,ANTIBES,JCPROVSUD,FRXAT,09:15,FRTLN
843,2023-08-15,TOULON,NON,6801,10:06,SUD EST,ST RAPHAEL VALESCURE,JCPROVSUD,FRXSK,09:15,FRTLN
844,2023-08-15,VALENCE TGV RHONE-ALPES SUD,NON,6801,09:49,SUD EST,LES ARCS DRAGUIGNAN,JCPROVSUD,FRXRS,07:00,FRVLA
845,2023-08-15,ST RAPHAEL VALESCURE,OUI,6801,10:35,SUD EST,CANNES,JCPROVSUD,FRJCA,10:09,FRXSK
846,2023-08-15,AVIGNON TGV,OUI,6123,20:56,SUD EST,MARSEILLE ST CHARLES,PAPROVENCE,FRMSC,20:20,FRAVG
847,2023-08-15,PARIS (intramuros),OUI,6123,20:17,SUD EST,AVIGNON TGV,PAPROVENCE,FRAVG,17:38,FRPLY
848,2023-08-15,KARLSRUHE HBF,NON,9573,14:05,INTERNATIONAL,STUTTGART HBF,PASTUTMUN,DESGT,13:28,DEQKA
849,2023-08-15,STRASBOURG,NON,9573,14:05,INTERNATIONAL,STUTTGART HBF,PASTUTMUN,DESGT,12:46,FRAEG
850,2023-08-15,PARIS (intramuros),OUI,6091,20:31,SUD EST,DIJON VILLE,PABOUR,FRABA,18:52,FRPLY
851,2023-08-15,CLERMONT FERRAND,NON,5974,17:57,IC ARO,PARIS (intramuros),CLERMONTPA,FRPBE,14:28,FRCFE
852,2023-08-15,NEVERS,NON,5974,17:57,IC ARO,PARIS (intramuros),CLERMONTPA,FRPBE,15:57,FRNVS
853,2023-08-15,RIOM CHATEL GUYON,NON,5974,15:27,IC ARO,MOULINS SUR ALLIER,CLERMONTPA,FRXMU,14:40,FRRIO
854,2023-08-15,VICHY,NON,5974,15:55,IC ARO,NEVERS,CLERMONTPA,FRNVS,15:04,FRVHY
855,2023-08-15,HENDAYE,OUI,8542,16:17,ATLANTIQUE,DAX,SUDOUESTPA,FRACG,15:07,FRAEF
856,2023-08-15,HENDAYE,OUI,8542,15:29,ATLANTIQUE,BIARRITZ,SUDOUESTPA,FRBIQ,15:07,FRAEF
857,2023-08-15,HENDAYE,NON,8542,19:52,ATLANTIQUE,PARIS (intramuros),SUDOUESTPA,FRPMO,15:07,FRAEF
858,2023-08-15,HENDAYE,OUI,8542,15:44,ATLANTIQUE,BAYONNE,SUDOUESTPA,FRXBY,15:07,FRAEF
859,2023-08-15,HENDAYE,OUI,8542,15:17,ATLANTIQUE,ST JEAN DE LUZ CIBOURE,SUDOUESTPA,FRXJZ,15:07,FRAEF
860,2023-08-15,LE MANS,OUI,8977,14:52,ATLANTIQUE,SABLE SUR SARTHE,PARISLOIRE,FRSAB,14:32,FRAET
861,2023-08-15,NANTES,OUI,8977,16:46,ATLANTIQUE,LA ROCHE SUR YON,PARISLOIRE,FRXRO,16:06,FRNTE
862,2023-08-15,PARIS (intramuros),OUI,8977,17:14,ATLANTIQUE,LES SABLES D'OLONNE,PARISLOIRE,FRLSO,13:32,FRPMO
863,2023-08-15,SABLE SUR SARTHE,OUI,8977,17:14,ATLANTIQUE,LES SABLES D'OLONNE,PARISLOIRE,FRLSO,14:54,FRSAB
864,2023-08-15,LA ROCHE SUR YON,OUI,8977,17:14,ATLANTIQUE,LES SABLES D'OLONNE,PARISLOIRE,FRLSO,16:48,FRXRO
865,2023-08-15,FRANKFURT MAIN HBF,NON,9560,18:48,INTERNATIONAL,STRASBOURG,FRANCPA,FRAEG,16:56,DEFRH
866,2023-08-15,FRANKFURT MAIN HBF,NON,9560,20:42,INTERNATIONAL,PARIS (intramuros),FRANCPA,FRPST,16:56,DEFRH
867,2023-08-15,MANNHEIM HBF,NON,9560,18:04,INTERNATIONAL,KARLSRUHE HBF,FRANCPA,DEQKA,17:38,DEMHG
868,2023-08-15,MANNHEIM HBF,NON,9560,18:48,INTERNATIONAL,STRASBOURG,FRANCPA,FRAEG,17:38,DEMHG
869,2023-08-15,BRASSAC LES MINES STE FLORINE,NON,15941,13:48,IC SRO,ARVANT,NORESTJOU,FRARV,13:43,FRHLE
870,2023-08-15,CLERMONT FERRAND,NON,15941,19:32,IC SRO,BEZIERS,NORESTJOU,FRBZR,13:03,FRCFE
871,2023-08-15,SEVERAC LE CHATEAU,NON,15941,17:35,IC SRO,MILLAU,NORESTJOU,FRMAU,17:02,FRSVC
872,2023-08-15,NEUSSARGUES,NON,15941,16:13,IC SRO,MARVEJOLS,NORESTJOU,FRINE,14:36,FRNEU
873,2023-08-15,SEVERAC LE CHATEAU,NON,15941,18:27,IC SRO,CEILHES ROQUEREDONDE,NORESTJOU,FRIMC,17:02,FRSVC
874,2023-08-15,BRASSAC LES MINES STE FLORINE,NON,15941,15:36,IC SRO,ST CHELY D'APCHER,NORESTJOU,FRINB,13:43,FRHLE
875,2023-08-15,ST CHELY D'APCHER,NON,15941,16:35,IC SRO,BANASSAC LA CANOURGUE,NORESTJOU,FRINH,15:37,FRINB
876,2023-08-15,MILLAU,NON,15941,18:57,IC SRO,BEDARIEUX,NORESTJOU,FRIMH,17:38,FRMAU
877,2023-08-15,MASSIAC BLESLE,NON,15941,14:30,IC SRO,NEUSSARGUES,NORESTJOU,FRNEU,14:09,FRHMY
878,2023-08-15,CEILHES ROQUEREDONDE,NON,15941,19:32,IC SRO,BEZIERS,NORESTJOU,FRBZR,18:28,FRIMC
879,2023-08-15,ISSOIRE,NON,15941,14:56,IC SRO,ST FLOUR CHAUDES AIGUES,NORESTJOU,FRIMW,13:29,FRHLB
880,2023-08-15,MASSIAC BLESLE,NON,15941,15:36,IC SRO,ST CHELY D'APCHER,NORESTJOU,FRINB,14:09,FRHMY
881,2023-08-15,NEUSSARGUES,NON,15941,15:49,IC SRO,AUMONT AUBRAC,NORESTJOU,FRINC,14:36,FRNEU
882,2023-08-15,CLERMONT FERRAND,NON,15941,18:03,IC SRO,TOURNEMIRE ROQUEFORT,NORESTJOU,FRINO,13:03,FRCFE
883,2023-08-15,NEUSSARGUES,NON,15941,17:01,IC SRO,SEVERAC LE CHATEAU,NORESTJOU,FRSVC,14:36,FRNEU
884,2023-08-15,MARVEJOLS,NON,15941,18:57,IC SRO,BEDARIEUX,NORESTJOU,FRIMH,16:14,FRINE
885,2023-08-15,LE BOUSQUET D'ORB,NON,15941,19:32,IC SRO,BEZIERS,NORESTJOU,FRBZR,18:47,FRIMG
886,2023-08-15,MASSIAC BLESLE,NON,15941,17:01,IC SRO,SEVERAC LE CHATEAU,NORESTJOU,FRSVC,14:09,FRHMY
887,2023-08-15,NEUSSARGUES,NON,15941,18:03,IC SRO,TOURNEMIRE ROQUEFORT,NORESTJOU,FRINO,14:36,FRNEU
888,2023-08-15,BRASSAC LES MINES STE FLORINE,NON,15941,19:32,IC SRO,BEZIERS,NORESTJOU,FRBZR,13:43,FRHLE
889,2023-08-15,ISSOIRE,NON,15941,17:55,IC SRO,ST ROME DE CERNON,NORESTJOU,FRINN,13:29,FRHLB
890,2023-08-15,ST FLOUR CHAUDES AIGUES,NON,15941,18:27,IC SRO,CEILHES ROQUEREDONDE,NORESTJOU,FRIMC,14:57,FRIMW
891,2023-08-15,ST ROME DE CERNON,NON,15941,18:46,IC SRO,LE BOUSQUET D'ORB,NORESTJOU,FRIMG,17:56,FRINN
892,2023-08-15,BRASSAC LES MINES STE FLORINE,NON,15941,14:08,IC SRO,MASSIAC BLESLE,NORESTJOU,FRHMY,13:43,FRHLE
893,2023-08-15,ST GEORGES DE LUZENCON,NON,15941,18:46,IC SRO,LE BOUSQUET D'ORB,NORESTJOU,FRIMG,17:49,FRINM
894,2023-08-15,MASSIAC BLESLE,NON,15941,18:57,IC SRO,BEDARIEUX,NORESTJOU,FRIMH,14:09,FRHMY
895,2023-08-15,BRASSAC LES MINES STE FLORINE,NON,15941,17:01,IC SRO,SEVERAC LE CHATEAU,NORESTJOU,FRSVC,13:43,FRHLE
896,2023-08-15,MASSIAC BLESLE,NON,15941,16:13,IC SRO,MARVEJOLS,NORESTJOU,FRINE,14:09,FRHMY
897,2023-08-15,ISSOIRE,NON,15941,17:48,IC SRO,ST GEORGES DE LUZENCON,NORESTJOU,FRINM,13:29,FRHLB
898,2023-08-15,BRASSAC LES MINES STE FLORINE,NON,15941,16:13,IC SRO,MARVEJOLS,NORESTJOU,FRINE,13:43,FRHLE
899,2023-08-15,BANASSAC LA CANOURGUE,NON,15941,17:48,IC SRO,ST GEORGES DE LUZENCON,NORESTJOU,FRINM,16:36,FRINH
900,2023-08-15,BANASSAC LA CANOURGUE,NON,15941,17:55,IC SRO,ST ROME DE CERNON,NORESTJOU,FRINN,16:36,FRINH
901,2023-08-15,ST FLOUR CHAUDES AIGUES,NON,15941,18:03,IC SRO,TOURNEMIRE ROQUEFORT,NORESTJOU,FRINO,14:57,FRIMW
902,2023-08-15,BRASSAC LES MINES STE FLORINE,NON,15941,18:46,IC SRO,LE BOUSQUET D'ORB,NORESTJOU,FRIMG,13:43,FRHLE
903,2023-08-15,MARVEJOLS,NON,15941,16:21,IC SRO,LE MONASTIER,NORESTJOU,FRLMR,16:14,FRINE
904,2023-08-15,CAMPAGNAC ST GENIEZ,NON,15941,17:55,IC SRO,ST ROME DE CERNON,NORESTJOU,FRINN,16:50,FRINJ
905,2023-08-15,LE MONASTIER,NON,15941,19:32,IC SRO,BEZIERS,NORESTJOU,FRBZR,16:22,FRLMR
906,2023-08-15,BRASSAC LES MINES STE FLORINE,NON,15941,17:55,IC SRO,ST ROME DE CERNON,NORESTJOU,FRINN,13:43,FRHLE
907,2023-08-15,LE MONASTIER,NON,15941,18:46,IC SRO,LE BOUSQUET D'ORB,NORESTJOU,FRIMG,16:22,FRLMR
908,2023-08-15,TBD,NON,15941,18:27,IC SRO,TBD,NORESTJOU,FRIMC,16:22,FRLMR
909,2023-08-15,CARCASSONNE,NON,4756,11:49,IC ARO,MONTAUBAN VILLE BOURBON,TJOURSESO,FRXMW,10:34,FRCCF
910,2023-08-15,CARCASSONNE,NON,4756,11:16,IC ARO,TOULOUSE MATABIAU,TJOURSESO,FRXYT,10:34,FRCCF
911,2023-08-15,NIMES,NON,4756,10:32,IC ARO,CARCASSONNE,TJOURSESO,FRCCF,08:38,FRFNI
912,2023-08-15,ARLES,NON,4756,10:32,IC ARO,CARCASSONNE,TJOURSESO,FRCCF,08:11,FRHZA
913,2023-08-15,ARLES,NON,4756,09:21,IC ARO,SETE,TJOURSESO,FRXSY,08:11,FRHZA
914,2023-08-15,MONTPELLIER SAINT-ROCH,NON,4756,13:32,IC ARO,BORDEAUX ST JEAN,TJOURSESO,FRBOJ,09:07,FRMPL
915,2023-08-15,MONTPELLIER SAINT-ROCH,NON,4756,10:01,IC ARO,NARBONNE,TJOURSESO,FRXNA,09:07,FRMPL
916,2023-08-15,MONTPELLIER SAINT-ROCH,NON,4756,11:16,IC ARO,TOULOUSE MATABIAU,TJOURSESO,FRXYT,09:07,FRMPL
917,2023-08-15,MARSEILLE ST CHARLES,OUI,4756,08:35,IC ARO,NIMES,TJOURSESO,FRFNI,07:22,FRMSC
918,2023-08-15,MARSEILLE ST CHARLES,NON,4756,09:03,IC ARO,MONTPELLIER SAINT-ROCH,TJOURSESO,FRMPL,07:22,FRMSC
919,2023-08-15,MARSEILLE ST CHARLES,NON,4756,09:21,IC ARO,SETE,TJOURSESO,FRXSY,07:22,FRMSC
920,2023-08-15,MARSEILLE ST CHARLES,NON,4756,11:16,IC ARO,TOULOUSE MATABIAU,TJOURSESO,FRXYT,07:22,FRMSC
921,2023-08-15,NARBONNE,NON,4756,12:26,IC ARO,AGEN,TJOURSESO,FRAGF,10:04,FRXNA
922,2023-08-15,SETE,NON,4756,12:26,IC ARO,AGEN,TJOURSESO,FRAGF,09:23,FRXSY
923,2023-08-15,SETE,NON,4756,11:16,IC ARO,TOULOUSE MATABIAU,TJOURSESO,FRXYT,09:23,FRXSY
924,2023-08-15,TOULOUSE MATABIAU,NON,4756,13:32,IC ARO,BORDEAUX ST JEAN,TJOURSESO,FRBOJ,11:24,FRXYT
925,2023-08-15,ANNEMASSE,NON,6504,15:21,SUD EST,BELLEGARDE,ALPESPARIS,FRXBF,14:33,FRQNJ
926,2023-08-15,EVIAN LES BAINS,OUI,6504,13:47,SUD EST,THONON LES BAINS,ALPESPARIS,FRXTS,13:40,FRXEB
927,2023-08-15,THONON LES BAINS,OUI,6504,14:20,SUD EST,ANNEMASSE,ALPESPARIS,FRQNJ,13:50,FRXTS
928,2023-08-15,HAZEBROUCK,NON,7324,16:08,NORD,PARIS (intramuros),ARRASPA,FRPNO,14:20,FRHZK
929,2023-08-15,BETHUNE,NON,7324,16:08,NORD,PARIS (intramuros),ARRASPA,FRPNO,14:43,FRXBH
930,2023-08-15,BELFORT-MONTBELIARD TGV,NON,9218,15:38,INTERNATIONAL,PARIS (intramuros),ZURBALPA,FRPLY,13:20,FRTJA
931,2023-08-15,AGEN,NON,8505,15:01,ATLANTIQUE,MONTAUBAN VILLE BOURBON,PASUDOUEST,FRXMW,14:24,FRAGF
932,2023-08-15,BORDEAUX ST JEAN,NON,8505,15:01,ATLANTIQUE,MONTAUBAN VILLE BOURBON,PASUDOUEST,FRXMW,13:20,FRBOJ
933,2023-08-15,PARIS (intramuros),NON,8505,14:21,ATLANTIQUE,AGEN,PASUDOUEST,FRAGF,11:08,FRPMO
934,2023-08-15,PARIS (intramuros),NON,8505,15:01,ATLANTIQUE,MONTAUBAN VILLE BOURBON,PASUDOUEST,FRXMW,11:08,FRPMO
935,2023-08-15,PARIS (intramuros),NON,8505,15:31,ATLANTIQUE,TOULOUSE MATABIAU,PASUDOUEST,FRXYT,11:08,FRPMO
936,2023-08-15,BEZIERS,NON,6254,13:04,SUD EST,PARIS (intramuros),LANGPA,FRPLY,08:53,FRBZR
937,2023-08-15,PERPIGNAN,NON,6254,10:41,SUD EST,VALENCE TGV RHONE-ALPES SUD,LANGPA,FRVLA,07:58,FRPGF
938,2023-08-15,NARBONNE,OUI,6254,08:50,SUD EST,BEZIERS,LANGPA,FRBZR,08:36,FRXNA
939,2023-08-15,NARBONNE,NON,6254,13:04,SUD EST,PARIS (intramuros),LANGPA,FRPLY,08:36,FRXNA
940,2023-08-15,NARBONNE,OUI,6254,09:20,SUD EST,SETE,LANGPA,FRXSY,08:36,FRXNA
941,2023-08-15,MONTPELLIER SUD DE FRANCE,NON,6254,10:41,SUD EST,VALENCE TGV RHONE-ALPES SUD,LANGPA,FRVLA,09:43,FRSUF
942,2023-08-15,MONTPELLIER SUD DE FRANCE,NON,6254,13:04,SUD EST,PARIS (intramuros),LANGPA,FRPLY,09:43,FRSUF
943,2023-08-15,PERPIGNAN,OUI,6254,09:39,SUD EST,MONTPELLIER SUD DE FRANCE,LANGPA,FRSUF,07:58,FRPGF
944,2023-08-15,NIMES PONT DU GARD,NON,6254,10:41,SUD EST,VALENCE TGV RHONE-ALPES SUD,LANGPA,FRVLA,10:04,FRXZP
945,2023-08-15,SETE,OUI,6254,10:01,SUD EST,NIMES PONT DU GARD,LANGPA,FRXZP,09:23,FRXSY
946,2023-08-15,ST JEAN DE MAURIENNE ARVAN,NON,9240,11:40,INTERNATIONAL,MACON LOCHE TGV,ITALIEPA,FRMLT,09:37,FRHPN
947,2023-08-15,ST JEAN DE MAURIENNE ARVAN,NON,9240,13:14,INTERNATIONAL,PARIS (intramuros),ITALIEPA,FRPLY,09:37,FRHPN
948,2023-08-15,OULX CESANA CLAV SESTRIERE,NON,9240,13:14,INTERNATIONAL,PARIS (intramuros),ITALIEPA,FRPLY,08:36,ITOCS
949,2023-08-15,METZ VILLE,OUI,2870,16:31,EST,PARIS (intramuros),LUXMETZPA,FRPST,15:05,FRADE
950,2023-08-15,THIONVILLE,OUI,2870,16:31,EST,PARIS (intramuros),LUXMETZPA,FRPST,14:34,FRXTH
951,2023-08-15,LUXEMBOURG,OUI,2870,14:53,EST,METZ VILLE,LUXMETZPA,FRADE,14:10,LULUX
952,2023-08-15,ANGOULEME,NON,8450,21:40,ATLANTIQUE,PARIS (intramuros),SUDOUESTPA,FRPMO,19:16,FRANG
953,2023-08-15,BORDEAUX ST JEAN,NON,8450,19:54,ATLANTIQUE,POITIERS,SUDOUESTPA,FRPIS,18:38,FRBOJ
954,2023-08-15,BORDEAUX ST JEAN,NON,8450,20:35,ATLANTIQUE,ST PIERRE DES CORPS,SUDOUESTPA,FRXSH,18:38,FRBOJ
955,2023-08-15,FRANKFURT MAIN HBF,NON,9568,08:05,INTERNATIONAL,KARLSRUHE HBF,FRANCPA,DEQKA,06:56,DEFRH
956,2023-08-15,FRANKFURT MAIN HBF,NON,9568,10:38,INTERNATIONAL,PARIS (intramuros),FRANCPA,FRPST,06:56,DEFRH
957,2023-08-15,KARLSRUHE HBF,NON,9568,08:48,INTERNATIONAL,STRASBOURG,FRANCPA,FRAEG,08:06,DEQKA
958,2023-08-15,BORDEAUX ST JEAN,OUI,8475,18:10,ATLANTIQUE,ARCACHON,PASUDOUEST,FRXAC,17:25,FRBOJ
959,2023-08-15,BORDEAUX ST JEAN,NON,3856,15:23,IC SRO,SAINTES,BORDONANTE,FRXST,13:53,FRBOJ
960,2023-08-15,JONZAC,NON,3856,16:15,IC SRO,LA ROCHELLE VILLE,BORDONANTE,FRLRH,14:41,FREMR
961,2023-08-15,JONZAC,NON,3856,15:54,IC SRO,ROCHEFORT,BORDONANTE,FRRCO,14:41,FREMR
962,2023-08-15,JONZAC,NON,3856,15:23,IC SRO,SAINTES,BORDONANTE,FRXST,14:41,FREMR
963,2023-08-15,LUCON,NON,3856,17:22,IC SRO,LA ROCHE SUR YON,BORDONANTE,FRXRO,17:00,FRLCN
964,2023-08-15,LA ROCHELLE VILLE,NON,3856,17:22,IC SRO,LA ROCHE SUR YON,BORDONANTE,FRXRO,16:19,FRLRH
965,2023-08-15,ROCHEFORT,NON,3856,16:58,IC SRO,LUCON,BORDONANTE,FRLCN,15:56,FRRCO
966,2023-08-15,ROCHEFORT,NON,3856,17:22,IC SRO,LA ROCHE SUR YON,BORDONANTE,FRXRO,15:56,FRRCO
967,2023-08-15,LA ROCHE SUR YON,NON,3856,18:05,IC SRO,NANTES,BORDONANTE,FRNTE,17:24,FRXRO
968,2023-08-15,SAINTES,NON,3856,17:22,IC SRO,LA ROCHE SUR YON,BORDONANTE,FRXRO,15:25,FRXST
969,2023-08-15,BEZIERS,OUI,6212,18:46,SUD EST,AGDE,LANGPA,FRXAG,18:35,FRBZR
970,2023-08-15,NIMES,NON,6212,22:55,SUD EST,PARIS (intramuros),LANGPA,FRPLY,19:54,FRFNI
971,2023-08-15,NIMES,NON,6212,20:36,SUD EST,VALENCE TGV RHONE-ALPES SUD,LANGPA,FRVLA,19:54,FRFNI
972,2023-08-15,MONTPELLIER SAINT-ROCH,NON,6212,20:36,SUD EST,VALENCE TGV RHONE-ALPES SUD,LANGPA,FRVLA,19:25,FRMPL
973,2023-08-15,PERPIGNAN,OUI,6212,19:50,SUD EST,NIMES,LANGPA,FRFNI,17:40,FRPGF
974,2023-08-15,AGDE,OUI,6212,19:50,SUD EST,NIMES,LANGPA,FRFNI,18:49,FRXAG
975,2023-08-15,SETE,NON,6212,22:55,SUD EST,PARIS (intramuros),LANGPA,FRPLY,19:06,FRXSY
976,2023-08-15,PARIS (intramuros),OUI,2715,09:39,EST,RETHEL,PABARSED,FRBDT,08:28,FRPST
977,2023-08-15,NANTES,NON,8880,17:23,ATLANTIQUE,LE MANS,LOIREPARIS,FRAET,16:05,FRNTE
978,2023-08-15,PAU,NON,14148,16:36,IC SRO,LOURDES,SUDOUEST,FRLDE,16:11,FRAEE
979,2023-08-15,PAU,NON,14148,17:17,IC SRO,LANNEMEZAN,SUDOUEST,FRLNZ,16:11,FRAEE
980,2023-08-15,ORTHEZ,NON,14148,16:52,IC SRO,TARBES,SUDOUEST,FRXTB,15:47,FRGFI
981,2023-08-15,ORTHEZ,NON,14148,18:27,IC SRO,TOULOUSE MATABIAU,SUDOUEST,FRXYT,15:47,FRGFI
982,2023-08-15,LOURDES,NON,14148,16:52,IC SRO,TARBES,SUDOUEST,FRXTB,16:39,FRLDE
983,2023-08-15,BAYONNE,NON,14148,15:45,IC SRO,ORTHEZ,SUDOUEST,FRGFI,15:03,FRXBY
984,2023-08-15,BAYONNE,NON,14148,16:52,IC SRO,TARBES,SUDOUEST,FRXTB,15:03,FRXBY
985,2023-08-15,BAYONNE,NON,14148,18:27,IC SRO,TOULOUSE MATABIAU,SUDOUEST,FRXYT,15:03,FRXBY
986,2023-08-15,TARBES,NON,14148,18:27,IC SRO,TOULOUSE MATABIAU,SUDOUEST,FRXYT,16:55,FRXTB
987,2023-08-15,LIMOGES BENEDICTINS,OUI,3635,17:01,IC ARO,BRIVE LA GAILLARDE,PALITO,FRBVE,16:01,FRAGQ
988,2023-08-15,CHATEAUROUX,NON,3635,15:58,IC ARO,LIMOGES BENEDICTINS,PALITO,FRAGQ,14:45,FRCHR
989,2023-08-15,ARGENTON SUR CREUSE,NON,3635,17:01,IC ARO,BRIVE LA GAILLARDE,PALITO,FRBVE,15:01,FRFMT
990,2023-08-15,LA SOUTERRAINE,OUI,3635,18:13,IC ARO,CAHORS,PALITO,FRZAO,15:26,FRLST
991,2023-08-15,PARIS (intramuros),NON,3635,15:58,IC ARO,LIMOGES BENEDICTINS,PALITO,FRAGQ,12:41,FRPAZ
992,2023-08-15,SOUILLAC,OUI,3635,17:44,IC ARO,GOURDON,PALITO,FRFSI,17:30,FRSOU
993,2023-08-15,VIERZON VILLE,NON,3635,15:00,IC ARO,ARGENTON SUR CREUSE,PALITO,FRFMT,14:11,FRXVZ
994,2023-08-15,VIERZON VILLE,NON,3635,17:28,IC ARO,SOUILLAC,PALITO,FRSOU,14:11,FRXVZ
995,2023-08-15,CARCASSONNE,OUI,6875,19:12,SUD EST,BEZIERS,JCSUDPROV,FRBZR,18:27,FRCCF
996,2023-08-15,CARCASSONNE,NON,6875,21:52,SUD EST,LYON (intramuros),JCSUDPROV,FRLPD,18:27,FRCCF
997,2023-08-15,VALENCE TGV RHONE-ALPES SUD,NON,6875,21:52,SUD EST,LYON (intramuros),JCSUDPROV,FRLPD,21:13,FRVLA
998,2023-08-15,NARBONNE,OUI,6875,19:12,SUD EST,BEZIERS,JCSUDPROV,FRBZR,18:59,FRXNA
999,2023-08-15,MONTPELLIER SUD DE FRANCE,NON,6875,21:10,SUD EST,VALENCE TGV RHONE-ALPES SUD,JCSUDPROV,FRVLA,20:11,FRSUF
1000,2023-08-15,SETE,NON,6875,20:01,SUD EST,MONTPELLIER SUD DE FRANCE,JCSUDPROV,FRSUF,19:39,FRXSY
1001,2023-08-15,CARCASSONNE,NON,6875,20:30,SUD EST,NIMES PONT DU GARD,JCSUDPROV,FRXZP,18:27,FRCCF
1002,2023-08-15,NIMES,NON,9713,14:58,SUD EST,PERPIGNAN,PABARCELONE,FRPGF,12:47,FRFNI
1003,2023-08-15,NIMES,NON,9713,13:52,SUD EST,AGDE,PABARCELONE,FRXAG,12:47,FRFNI
1004,2023-08-15,NIMES,NON,9713,13:32,SUD EST,SETE,PABARCELONE,FRXSY,12:47,FRFNI
1005,2023-08-15,MONTPELLIER SAINT-ROCH,NON,9713,13:52,SUD EST,AGDE,PABARCELONE,FRXAG,13:18,FRMPL
1006,2023-08-15,PARIS (intramuros),NON,9713,14:07,SUD EST,BEZIERS,PABARCELONE,FRBZR,09:42,FRPLY
1007,2023-08-15,PARIS (intramuros),NON,9713,13:13,SUD EST,MONTPELLIER SAINT-ROCH,PABARCELONE,FRMPL,09:42,FRPLY
1008,2023-08-15,AGDE,NON,9713,14:07,SUD EST,BEZIERS,PABARCELONE,FRBZR,13:55,FRXAG
1009,2023-08-15,AGDE,NON,9713,14:58,SUD EST,PERPIGNAN,PABARCELONE,FRPGF,13:55,FRXAG
1010,2023-08-15,SETE,NON,9713,14:07,SUD EST,BEZIERS,PABARCELONE,FRBZR,13:35,FRXSY
1011,2023-08-15,PARIS (intramuros),NON,9713,16:34,SUD EST,BARCELONA SANTS,PABARCELONE,ESBST,09:42,FRPLY
1012,2023-08-15,BEZIERS,NON,9713,16:34,SUD EST,BARCELONA SANTS,PABARCELONE,ESBST,14:10,FRBZR
1013,2023-08-15,PARIS (intramuros),NON,9713,15:46,SUD EST,GIRONA,PABARCELONE,ESGRO,09:42,FRPLY
1014,2023-08-15,AGDE,NON,9713,15:46,SUD EST,GIRONA,PABARCELONE,ESGRO,13:55,FRXAG
1015,2023-08-15,NIMES,NON,9713,15:46,SUD EST,GIRONA,PABARCELONE,ESGRO,12:47,FRFNI
1016,2023-08-15,VALENCE TGV RHONE-ALPES SUD,NON,9713,15:27,SUD EST,FIGUERES VILA TGV,PABARCELONE,ESFIR,12:00,FRVLA
1017,2023-08-15,MONTPELLIER SAINT-ROCH,NON,9713,15:27,SUD EST,FIGUERES VILA TGV,PABARCELONE,ESFIR,13:18,FRMPL
1018,2023-08-15,NIMES,NON,9713,15:27,SUD EST,FIGUERES VILA TGV,PABARCELONE,ESFIR,12:47,FRFNI
1019,2023-08-15,BEZIERS,NON,9713,15:46,SUD EST,GIRONA,PABARCELONE,ESGRO,14:10,FRBZR
1020,2023-08-15,SETE,NON,9713,15:27,SUD EST,FIGUERES VILA TGV,PABARCELONE,ESFIR,13:35,FRXSY
1021,2023-08-15,AIX EN PROVENCE TGV,NON,9866,16:57,NORD,LILLE (intramuros),JCSUDNORD,FRLLE,12:26,FRAIE
1022,2023-08-15,AVIGNON TGV,NON,9866,13:54,NORD,LYON (intramuros),JCSUDNORD,FRLPD,12:48,FRAVG
1023,2023-08-15,MARNE LA VALLEE CHESSY,NON,9866,16:00,NORD,AEROPORT CDG2 TGV ROISSY,JCSUDNORD,FRMLW,15:50,FRMLV
1024,2023-08-15,MARSEILLE ST CHARLES,OUI,9866,12:23,NORD,AIX EN PROVENCE TGV,JCSUDNORD,FRAIE,12:12,FRMSC
1025,2023-08-15,MARSEILLE ST CHARLES,NON,9866,15:46,NORD,MARNE LA VALLEE CHESSY,JCSUDNORD,FRMLV,12:12,FRMSC
1026,2023-08-15,RENNES,NON,8619,16:25,ATLANTIQUE,BREST,PARISBRETA,FRBES,14:29,FRRNS
1027,2023-08-15,BRUXELLES MIDI BRUSSEL ZUID,NON,9874,17:37,NORD,STRASBOURG,JCNORDEST,FRAEG,13:17,BEBMI
1028,2023-08-15,BRUXELLES MIDI BRUSSEL ZUID,NON,9874,15:55,NORD,CHAMPAGNE-ARDENNE,JCNORDEST,FREAH,13:17,BEBMI
1029,2023-08-15,BRUXELLES MIDI BRUSSEL ZUID,NON,9874,16:48,NORD,LORRAINE TGV,JCNORDEST,FREAM,13:17,BEBMI
1030,2023-08-15,BRUXELLES MIDI BRUSSEL ZUID,OUI,9874,14:53,NORD,AEROPORT CDG2 TGV ROISSY,JCNORDEST,FRMLW,13:17,BEBMI
1031,2023-08-15,CHAMPAGNE-ARDENNE,OUI,9874,16:48,NORD,LORRAINE TGV,JCNORDEST,FREAM,16:04,FREAH
1032,2023-08-15,LILLE (intramuros),NON,9874,16:48,NORD,LORRAINE TGV,JCNORDEST,FREAM,14:03,FRLLE
1033,2023-08-15,AEROPORT CDG2 TGV ROISSY,NON,9874,17:37,NORD,STRASBOURG,JCNORDEST,FRAEG,14:59,FRMLW
1034,2023-08-15,QUIMPERLE,NON,8710,12:01,ATLANTIQUE,LAVAL,BRETAPARIS,FRACR,09:35,FRECO
1035,2023-08-15,LORIENT,NON,8710,12:01,ATLANTIQUE,LAVAL,BRETAPARIS,FRACR,09:50,FRLRT
1036,2023-08-15,ROSPORDEN,OUI,8710,10:19,ATLANTIQUE,VANNES,BRETAPARIS,FRVNE,09:20,FRRSP
1037,2023-08-15,ROSPORDEN,OUI,8710,10:05,ATLANTIQUE,AURAY,BRETAPARIS,FRXUY,09:20,FRRSP
1038,2023-08-15,QUIMPER,OUI,8710,09:46,ATLANTIQUE,LORIENT,BRETAPARIS,FRLRT,09:06,FRUIP
1039,2023-08-15,VANNES,NON,8710,13:19,ATLANTIQUE,PARIS (intramuros),BRETAPARIS,FRPMO,10:23,FRVNE
1040,2023-08-15,REDON,NON,8710,12:01,ATLANTIQUE,LAVAL,BRETAPARIS,FRACR,10:51,FRXRN
1041,2023-08-15,REDON,NON,8710,11:25,ATLANTIQUE,RENNES,BRETAPARIS,FRRNS,10:51,FRXRN
1042,2023-08-15,LYON (intramuros),OUI,6676,22:31,SUD EST,MACON LOCHE TGV,RHONEPARIS,FRMLT,22:04,FRLPD
1043,2023-08-15,LYON (intramuros),NON,6676,22:53,SUD EST,LE CREUSOT MONTCEAU MONTCHANIN,RHONEPARIS,FRXCC,22:04,FRLPD
1044,2023-08-15,LYON (intramuros),NON,6676,00:14,SUD EST,PARIS (intramuros),RHONEPARIS,FRPLY,21:50,FRLPE
1045,2023-08-15,LYON (intramuros),NON,6676,22:53,SUD EST,LE CREUSOT MONTCEAU MONTCHANIN,RHONEPARIS,FRXCC,21:50,FRLPE
1046,2023-08-15,MACON LOCHE TGV,NON,6676,00:14,SUD EST,PARIS (intramuros),RHONEPARIS,FRPLY,22:34,FRMLT
1047,2023-08-15,PARIS (intramuros),NON,8485,16:34,ATLANTIQUE,ANGOULEME,PASUDOUEST,FRANG,14:15,FRPMO
1048,2023-08-15,PARIS (intramuros),NON,8485,15:54,ATLANTIQUE,POITIERS,PASUDOUEST,FRPIS,14:15,FRPMO
1049,2023-08-15,ST PIERRE DES CORPS,NON,8485,17:15,ATLANTIQUE,LIBOURNE,PASUDOUEST,FRXLR,15:21,FRXSH
1050,2023-08-15,LAVAL,NON,8605,11:38,ATLANTIQUE,GUINGAMP,PARISBRETA,FRGGP,09:58,FRACR
1051,2023-08-15,LAVAL,NON,8605,10:25,ATLANTIQUE,RENNES,PARISBRETA,FRRNS,09:58,FRACR
1052,2023-08-15,GUINGAMP,OUI,8605,12:43,ATLANTIQUE,BREST,PARISBRETA,FRBES,11:41,FRGGP
1053,2023-08-15,LAMBALLE,NON,8605,11:38,ATLANTIQUE,GUINGAMP,PARISBRETA,FRGGP,11:11,FRLAM
1054,2023-08-15,LAMBALLE,NON,8605,11:21,ATLANTIQUE,ST BRIEUC,PARISBRETA,FRSBK,11:11,FRLAM
1055,2023-08-15,PARIS (intramuros),NON,8605,11:38,ATLANTIQUE,GUINGAMP,PARISBRETA,FRGGP,08:40,FRPMO
1056,2023-08-15,PARIS (intramuros),NON,8605,11:21,ATLANTIQUE,ST BRIEUC,PARISBRETA,FRSBK,08:40,FRPMO
1057,2023-08-15,BRUXELLES MIDI BRUSSEL ZUID,NON,9870,09:28,NORD,CHAMPAGNE-ARDENNE,JCNORDEST,FREAH,07:17,BEBMI
1058,2023-08-15,BRUXELLES MIDI BRUSSEL ZUID,NON,9870,10:25,NORD,LORRAINE TGV,JCNORDEST,FREAM,07:17,BEBMI
1059,2023-08-15,BRUXELLES MIDI BRUSSEL ZUID,OUI,9870,08:53,NORD,AEROPORT CDG2 TGV ROISSY,JCNORDEST,FRMLW,07:17,BEBMI
1060,2023-08-15,AEROPORT CDG2 TGV ROISSY,NON,9870,10:25,NORD,LORRAINE TGV,JCNORDEST,FREAM,08:59,FRMLW
1061,2023-08-15,CANNES,OUI,6173,14:57,SUD EST,NICE VILLE,PAAZUR,FRNIC,14:30,FRJCA
1062,2023-08-15,CANNES,OUI,6173,14:38,SUD EST,ANTIBES,PAAZUR,FRXAT,14:30,FRJCA
1063,2023-08-15,TOULON,NON,6173,14:57,SUD EST,NICE VILLE,PAAZUR,FRNIC,13:15,FRTLN
1064,2023-08-15,ANTIBES,OUI,6173,14:57,SUD EST,NICE VILLE,PAAZUR,FRNIC,14:41,FRXAT
1065,2023-08-15,LA BAULE ESCOUBLAC,NON,8928,19:42,ATLANTIQUE,ANGERS ST LAUD,LOIREPARIS,FRACL,17:55,FRJEE
1066,2023-08-15,NANTES,NON,8928,19:13,ATLANTIQUE,ANCENIS,LOIREPARIS,FREFN,18:54,FRNTE
1067,2023-08-15,ST NAZAIRE,NON,8928,19:13,ATLANTIQUE,ANCENIS,LOIREPARIS,FREFN,18:11,FRSNR
1068,2023-08-15,LYON (intramuros),NON,5062,14:24,NORD,LILLE (intramuros),JCSUDNORD,FRLLE,11:00,FRLPD
1069,2023-08-15,MARNE LA VALLEE CHESSY,NON,5062,14:24,NORD,LILLE (intramuros),JCSUDNORD,FRLLE,12:51,FRMLV
1070,2023-08-15,MARNE LA VALLEE CHESSY,NON,5062,13:01,NORD,AEROPORT CDG2 TGV ROISSY,JCSUDNORD,FRMLW,12:51,FRMLV
1071,2023-08-15,MARNE LA VALLEE CHESSY,NON,5062,13:55,NORD,ARRAS,JCSUDNORD,FRQRV,12:51,FRMLV
1072,2023-08-15,AEROPORT CDG2 TGV ROISSY,NON,5062,14:24,NORD,LILLE (intramuros),JCSUDNORD,FRLLE,13:07,FRMLW
1073,2023-08-15,VALENCE TGV RHONE-ALPES SUD,NON,5062,14:24,NORD,LILLE (intramuros),JCSUDNORD,FRLLE,10:15,FRVLA
1074,2023-08-15,VALENCE TGV RHONE-ALPES SUD,NON,5062,13:55,NORD,ARRAS,JCSUDNORD,FRQRV,10:15,FRVLA
1075,2023-08-15,MONTPELLIER SUD DE FRANCE,OUI,5062,09:30,NORD,NIMES PONT DU GARD,JCSUDNORD,FRXZP,09:12,FRSUF
1076,2023-08-15,NIMES PONT DU GARD,NON,5062,10:53,NORD,LYON (intramuros),JCSUDNORD,FRLPD,09:33,FRXZP
1077,2023-08-15,NIMES PONT DU GARD,NON,5062,14:24,NORD,LILLE (intramuros),JCSUDNORD,FRLLE,09:33,FRXZP
1078,2023-08-15,NIMES PONT DU GARD,NON,5062,13:01,NORD,AEROPORT CDG2 TGV ROISSY,JCSUDNORD,FRMLW,09:33,FRXZP
1079,2023-08-15,ANGERS ST LAUD,OUI,5300,10:17,SUD EST,VALENCE TGV RHONE-ALPES SUD,JCATLSUD,FRVLA,05:33,FRACL
1080,2023-08-15,ST PIERRE DES CORPS,OUI,5300,07:19,SUD EST,MASSY TGV,JCATLSUD,FRDJU,06:28,FRXSH
1081,2023-08-15,ST PIERRE DES CORPS,OUI,5300,09:30,SUD EST,LYON (intramuros),JCATLSUD,FRLPD,06:28,FRXSH
1082,2023-08-15,ANGERS ST LAUD,OUI,5300,11:21,SUD EST,MONTPELLIER SUD DE FRANCE,JCATLSUD,FRSUF,05:33,FRACL
1083,2023-08-15,ANGERS ST LAUD,OUI,5300,10:58,SUD EST,NIMES PONT DU GARD,JCATLSUD,FRXZP,05:33,FRACL
1084,2023-08-15,NIMES PONT DU GARD,OUI,5300,11:21,SUD EST,MONTPELLIER SUD DE FRANCE,JCATLSUD,FRSUF,11:01,FRXZP
1085,2023-08-15,ANGOULEME,NON,9406,14:29,EST,STRASBOURG,JCATLEST,FRAEG,09:07,FRANG
1086,2023-08-15,ANGOULEME,OUI,9406,09:45,EST,POITIERS,JCATLEST,FRPIS,09:07,FRANG
1087,2023-08-15,ANGOULEME,NON,9406,10:18,EST,ST PIERRE DES CORPS,JCATLEST,FRXSH,09:07,FRANG
1088,2023-08-15,BORDEAUX ST JEAN,NON,9406,12:55,EST,CHAMPAGNE-ARDENNE,JCATLEST,FREAH,08:29,FRBOJ
1089,2023-08-15,BORDEAUX ST JEAN,NON,9406,11:57,EST,MARNE LA VALLEE CHESSY,JCATLEST,FRMLV,08:29,FRBOJ
1090,2023-08-15,BORDEAUX ST JEAN,NON,9406,10:18,EST,ST PIERRE DES CORPS,JCATLEST,FRXSH,08:29,FRBOJ
1091,2023-08-15,LORRAINE TGV,OUI,9406,14:29,EST,STRASBOURG,JCATLEST,FRAEG,13:52,FREAM
1092,2023-08-15,MARNE LA VALLEE CHESSY,NON,9406,13:49,EST,LORRAINE TGV,JCATLEST,FREAM,12:01,FRMLV
1093,2023-08-15,POITIERS,NON,9406,10:18,EST,ST PIERRE DES CORPS,JCATLEST,FRXSH,09:48,FRPIS
1094,2023-08-15,LAHR SCHWARZW,OUI,9406,15:43,EST,FREIBURG BREISGAU HBF,JCATLEST,DEFGB,15:08,DEANL
1095,2023-08-15,BORDEAUX ST JEAN,NON,9406,15:17,EST,RINGSHEIM/EU-PARK,JCATLEST,DERSH,08:29,FRBOJ
1096,2023-08-15,STRASBOURG,OUI,9406,15:17,EST,RINGSHEIM/EU-PARK,JCATLEST,DERSH,14:29,FRAEG
1097,2023-08-15,ST PIERRE DES CORPS,NON,9406,15:17,EST,RINGSHEIM/EU-PARK,JCATLEST,DERSH,10:26,FRXSH
1098,2023-08-15,CHAMPAGNE-ARDENNE,OUI,9406,14:55,EST,OFFENBOURG/OFFENBURG,JCATLEST,DEZPA,12:58,FREAH
1099,2023-08-15,POITIERS,NON,9406,15:17,EST,RINGSHEIM/EU-PARK,JCATLEST,DERSH,09:48,FRPIS
1100,2023-08-15,MASSY TGV,NON,9406,15:17,EST,RINGSHEIM/EU-PARK,JCATLEST,DERSH,11:26,FRDJU
1101,2023-08-15,CHAMPAGNE-ARDENNE,OUI,9406,15:17,EST,RINGSHEIM/EU-PARK,JCATLEST,DERSH,12:58,FREAH
1102,2023-08-15,POITIERS,NON,9406,14:55,EST,OFFENBOURG/OFFENBURG,JCATLEST,DEZPA,09:48,FRPIS
1103,2023-08-15,AEROPORT CDG2 TGV ROISSY,NON,9406,15:43,EST,FREIBURG BREISGAU HBF,JCATLEST,DEFGB,12:26,FRMLW
1104,2023-08-15,BORDEAUX ST JEAN,NON,9406,15:07,EST,LAHR SCHWARZW,JCATLEST,DEANL,08:29,FRBOJ
1105,2023-08-15,BRUXELLES MIDI BRUSSEL ZUID,NON,9826,11:53,NORD,AEROPORT CDG2 TGV ROISSY,JCNORDSUD,FRMLW,10:17,BEBMI
1106,2023-08-15,BRUXELLES MIDI BRUSSEL ZUID,NON,9826,14:48,NORD,VALENCE TGV RHONE-ALPES SUD,JCNORDSUD,FRVLA,10:17,BEBMI
1107,2023-08-15,LILLE (intramuros),NON,9826,14:00,NORD,LYON (intramuros),JCNORDSUD,FRLPD,11:03,FRLLE
1108,2023-08-15,LILLE (intramuros),NON,9826,12:08,NORD,MARNE LA VALLEE CHESSY,JCNORDSUD,FRMLV,11:03,FRLLE
1109,2023-08-15,LYON (intramuros),NON,9826,14:48,NORD,VALENCE TGV RHONE-ALPES SUD,JCNORDSUD,FRVLA,14:10,FRLPD
1110,2023-08-15,AEROPORT CDG2 TGV ROISSY,NON,9826,14:48,NORD,VALENCE TGV RHONE-ALPES SUD,JCNORDSUD,FRVLA,11:59,FRMLW
1111,2023-08-15,LYON (intramuros),NON,9826,15:51,NORD,MONTPELLIER SUD DE FRANCE,JCNORDSUD,FRSUF,14:10,FRLPD
1112,2023-08-15,LYON (intramuros),NON,9826,15:30,NORD,NIMES PONT DU GARD,JCNORDSUD,FRXZP,14:10,FRLPD
1113,2023-08-15,VALENCE TGV RHONE-ALPES SUD,NON,9826,15:30,NORD,NIMES PONT DU GARD,JCNORDSUD,FRXZP,14:53,FRVLA
1114,2023-08-15,NIMES PONT DU GARD,OUI,9826,15:51,NORD,MONTPELLIER SUD DE FRANCE,JCNORDSUD,FRSUF,15:33,FRXZP
1115,2023-08-15,MONTPELLIER SAINT-ROCH,OUI,6225,21:31,SUD EST,SETE,PALANG,FRXSY,21:17,FRMPL
1116,2023-08-15,PARIS (intramuros),OUI,6225,19:54,SUD EST,VALENCE TGV RHONE-ALPES SUD,PALANG,FRVLA,17:42,FRPLY
1117,2023-08-15,PARIS (intramuros),OUI,6225,22:20,SUD EST,NARBONNE,PALANG,FRXNA,17:42,FRPLY
1118,2023-08-15,PARIS (intramuros),OUI,6225,21:31,SUD EST,SETE,PALANG,FRXSY,17:42,FRPLY
1119,2023-08-15,VALENCE TGV RHONE-ALPES SUD,OUI,6225,20:42,SUD EST,NIMES,PALANG,FRFNI,19:57,FRVLA
1120,2023-08-15,PAU,OUI,8583,15:40,ATLANTIQUE,BORDEAUX ST JEAN,SUDOUESTPA,FRBOJ,13:16,FRAEE
1121,2023-08-15,BORDEAUX ST JEAN,NON,8583,17:52,ATLANTIQUE,PARIS (intramuros),SUDOUESTPA,FRPMO,15:46,FRBOJ
1122,2023-08-15,BETHUNE,OUI,7334,19:08,NORD,PARIS (intramuros),ARRASPA,FRPNO,17:43,FRXBH
1123,2023-08-15,MONTAUBAN VILLE BOURBON,OUI,8504,10:40,ATLANTIQUE,BORDEAUX ST JEAN,SUDOUESTPA,FRBOJ,08:57,FRXMW
1124,2023-08-15,MONTAUBAN VILLE BOURBON,OUI,8504,12:52,ATLANTIQUE,PARIS (intramuros),SUDOUESTPA,FRPMO,08:57,FRXMW
1125,2023-08-15,BREST,NON,8622,17:08,ATLANTIQUE,PARIS (intramuros),BRETAPARIS,FRPMO,13:30,FRBES
1126,2023-08-15,BREST,OUI,8622,14:36,ATLANTIQUE,ST BRIEUC,BRETAPARIS,FRSBK,13:30,FRBES
1127,2023-08-15,HENDAYE,OUI,8540,13:39,ATLANTIQUE,BAYONNE,SUDOUESTPA,FRXBY,13:01,FRAEF
1128,2023-08-15,BIARRITZ,NON,8540,17:52,ATLANTIQUE,PARIS (intramuros),SUDOUESTPA,FRPMO,13:27,FRBIQ
1129,2023-08-15,ST JEAN DE LUZ CIBOURE,OUI,8540,13:39,ATLANTIQUE,BAYONNE,SUDOUESTPA,FRXBY,13:14,FRXJZ
1130,2023-08-15,AUTERIVE,NON,3972,06:08,IC NUIT,LES AUBRAIS ORLEANS,PALOMBEPAR,FRLAB,21:46,FRFPW
1131,2023-08-15,AUTERIVE,NON,3972,07:19,IC NUIT,PARIS (intramuros),PALOMBEPAR,FRPAZ,21:46,FRFPW
1132,2023-08-15,LES CABANNES,NON,3972,07:19,IC NUIT,PARIS (intramuros),PALOMBEPAR,FRPAZ,20:36,FRFQK
1133,2023-08-15,TARASCON SUR ARIEGE,NON,3972,06:08,IC NUIT,LES AUBRAIS ORLEANS,PALOMBEPAR,FRLAB,20:47,FRFQM
1134,2023-08-15,PAMIERS,NON,3972,07:19,IC NUIT,PARIS (intramuros),PALOMBEPAR,FRPAZ,21:21,FRPMS
1135,2023-08-15,FOIX,NON,3972,07:19,IC NUIT,PARIS (intramuros),PALOMBEPAR,FRPAZ,21:06,FRXFX
1136,2023-08-15,LATOUR DE CAROL ENVEITG,NON,3972,06:08,IC NUIT,LES AUBRAIS ORLEANS,PALOMBEPAR,FRLAB,19:15,FRXTE
1137,2023-08-15,STRASBOURG,OUI,5516,17:04,EST,NANCY,JCRHONRHIN,FRENC,16:00,FRAEG
1138,2023-08-15,COLMAR,NON,5516,15:54,EST,STRASBOURG,JCRHONRHIN,FRAEG,15:27,FRAEJ
1139,2023-08-15,AIX EN PROVENCE TGV,NON,5516,13:03,EST,BEAUNE,JCRHONRHIN,FRXBV,09:58,FRAIE
1140,2023-08-15,AVIGNON TGV,NON,5516,13:25,EST,DIJON VILLE,JCRHONRHIN,FRABA,10:20,FRAVG
1141,2023-08-15,MACON VILLE,NON,5516,14:30,EST,BELFORT-MONTBELIARD TGV,JCRHONRHIN,FRTJA,12:12,FRHGU
1142,2023-08-15,CANNES,NON,5516,17:04,EST,NANCY,JCRHONRHIN,FRENC,07:30,FRJCA
1143,2023-08-15,CANNES,NON,5516,13:03,EST,BEAUNE,JCRHONRHIN,FRXBV,07:30,FRJCA
1144,2023-08-15,CANNES,OUI,5516,08:09,EST,LES ARCS DRAGUIGNAN,JCRHONRHIN,FRXRS,07:30,FRJCA
1145,2023-08-15,CANNES,OUI,5516,07:52,EST,ST RAPHAEL VALESCURE,JCRHONRHIN,FRXSK,07:30,FRJCA
1146,2023-08-15,LYON (intramuros),NON,5516,15:24,EST,COLMAR,JCRHONRHIN,FRAEJ,11:32,FRLPD
1147,2023-08-15,LYON (intramuros),NON,5516,14:06,EST,BESANCON - F COMTE TGV,JCRHONRHIN,FRTJB,11:32,FRLPD
1148,2023-08-15,LYON (intramuros),NON,5516,13:03,EST,BEAUNE,JCRHONRHIN,FRXBV,11:32,FRLPD
1149,2023-08-15,MARSEILLE ST CHARLES,NON,5516,13:25,EST,DIJON VILLE,JCRHONRHIN,FRABA,09:45,FRMSC
1150,2023-08-15,MARSEILLE ST CHARLES,NON,5516,09:55,EST,AIX EN PROVENCE TGV,JCRHONRHIN,FRAIE,09:45,FRMSC
1151,2023-08-15,MARSEILLE ST CHARLES,NON,5516,14:30,EST,BELFORT-MONTBELIARD TGV,JCRHONRHIN,FRTJA,09:45,FRMSC
1152,2023-08-15,NICE VILLE,NON,5516,13:25,EST,DIJON VILLE,JCRHONRHIN,FRABA,07:00,FRNIC
1153,2023-08-15,NICE VILLE,NON,5516,14:55,EST,MULHOUSE VILLE,JCRHONRHIN,FRAEK,07:00,FRNIC
1154,2023-08-15,NICE VILLE,NON,5516,09:33,EST,MARSEILLE ST CHARLES,JCRHONRHIN,FRMSC,07:00,FRNIC
1155,2023-08-15,TOULON,NON,5516,11:26,EST,LYON (intramuros),JCRHONRHIN,FRLPD,08:50,FRTLN
1156,2023-08-15,TOULON,NON,5516,12:41,EST,CHALON SUR SAONE,JCRHONRHIN,FRXCD,08:50,FRTLN
1157,2023-08-15,ANTIBES,NON,5516,09:55,EST,AIX EN PROVENCE TGV,JCRHONRHIN,FRAIE,07:16,FRXAT
1158,2023-08-15,ANTIBES,NON,5516,10:17,EST,AVIGNON TGV,JCRHONRHIN,FRAVG,07:16,FRXAT
1159,2023-08-15,ANTIBES,NON,5516,17:04,EST,NANCY,JCRHONRHIN,FRENC,07:16,FRXAT
1160,2023-08-15,ANTIBES,OUI,5516,07:26,EST,CANNES,JCRHONRHIN,FRJCA,07:16,FRXAT
1161,2023-08-15,CHALON SUR SAONE,NON,5516,13:25,EST,DIJON VILLE,JCRHONRHIN,FRABA,12:44,FRXCD
1162,2023-08-15,CHALON SUR SAONE,NON,5516,15:24,EST,COLMAR,JCRHONRHIN,FRAEJ,12:44,FRXCD
1163,2023-08-15,LES ARCS DRAGUIGNAN,NON,5516,13:25,EST,DIJON VILLE,JCRHONRHIN,FRABA,08:12,FRXRS
1164,2023-08-15,LES ARCS DRAGUIGNAN,NON,5516,09:55,EST,AIX EN PROVENCE TGV,JCRHONRHIN,FRAIE,08:12,FRXRS
1165,2023-08-15,LES ARCS DRAGUIGNAN,NON,5516,10:17,EST,AVIGNON TGV,JCRHONRHIN,FRAVG,08:12,FRXRS
1166,2023-08-15,LES ARCS DRAGUIGNAN,NON,5516,09:33,EST,MARSEILLE ST CHARLES,JCRHONRHIN,FRMSC,08:12,FRXRS
1167,2023-08-15,ST RAPHAEL VALESCURE,NON,5516,12:09,EST,MACON VILLE,JCRHONRHIN,FRHGU,07:55,FRXSK
1168,2023-08-15,ST RAPHAEL VALESCURE,NON,5516,13:03,EST,BEAUNE,JCRHONRHIN,FRXBV,07:55,FRXSK
1169,2023-08-15,CANNES,NON,5516,14:30,EST,BELFORT-MONTBELIARD TGV,JCRHONRHIN,FRTJA,07:30,FRJCA
1170,2023-08-15,BESANCON - F COMTE TGV,NON,5516,17:04,EST,NANCY,JCRHONRHIN,FRENC,14:09,FRTJB
1171,2023-08-15,BEAUNE,NON,5516,14:55,EST,MULHOUSE VILLE,JCRHONRHIN,FRAEK,13:06,FRXBV
1172,2023-08-15,PARIS (intramuros),NON,7295,22:40,NORD,ARRAS,PAARRAS,FRQRV,21:52,FRPNO
1173,2023-08-15,ANNECY,OUI,6984,19:09,SUD EST,CHAMBERY CHALLES LES EAUX,ALPESPARIS,FRCMF,18:31,FRNCY
1174,2023-08-15,ANNECY,NON,6984,22:17,SUD EST,PARIS (intramuros),ALPESPARIS,FRPLY,18:31,FRNCY
1175,2023-08-15,LILLE (intramuros),NON,5224,13:04,NORD,ST PIERRE DES CORPS,JCNORDBRET,FRXSH,09:32,FRADJ
1176,2023-08-15,ARRAS,NON,5224,13:04,NORD,ST PIERRE DES CORPS,JCNORDBRET,FRXSH,10:19,FRQRV
1177,2023-08-15,TGV HAUTE PICARDIE,NON,5224,14:44,NORD,NANTES,JCNORDBRET,FRNTE,10:45,FRTHP
1178,2023-08-15,ST PIERRE DES CORPS,OUI,5224,14:02,NORD,ANGERS ST LAUD,JCNORDBRET,FRACL,13:09,FRXSH
1179,2023-08-15,ARRAS,NON,5224,14:02,NORD,ANGERS ST LAUD,JCNORDBRET,FRACL,10:19,FRQRV
1180,2023-08-15,DOUAI,NON,5224,14:44,NORD,NANTES,JCNORDBRET,FRNTE,10:01,FRXDN
1181,2023-08-15,STRASBOURG,OUI,5486,12:36,EST,ANGERS ST LAUD,JCESTATL,FRACL,07:31,FRAEG
1182,2023-08-15,AEROPORT CDG2 TGV ROISSY,OUI,5486,12:36,EST,ANGERS ST LAUD,JCESTATL,FRACL,09:45,FRMLW
1183,2023-08-15,AEROPORT CDG2 TGV ROISSY,OUI,5486,13:19,EST,NANTES,JCESTATL,FRNTE,09:45,FRMLW
1184,2023-08-15,LAVAL,NON,8074,18:49,ATLANTIQUE,PARIS (intramuros),BRETAPARIS,FRPMO,17:18,FRACR
1185,2023-08-15,LE MANS,NON,8074,18:49,ATLANTIQUE,PARIS (intramuros),BRETAPARIS,FRPMO,17:49,FRAET
1186,2023-08-15,RENNES,NON,8074,18:49,ATLANTIQUE,PARIS (intramuros),BRETAPARIS,FRPMO,16:31,FRRNS
1187,2023-08-15,VITRE,OUI,8074,17:15,ATLANTIQUE,LAVAL,BRETAPARIS,FRACR,16:58,FRXVT
1188,2023-08-15,ARLES,OUI,6195,21:40,SUD EST,MIRAMAS,PAVDR,FRMAZ,21:21,FRHZA
1189,2023-08-15,PARIS (intramuros),OUI,6195,21:40,SUD EST,MIRAMAS,PAVDR,FRMAZ,17:13,FRPLY
1190,2023-08-15,MONTELIMAR GARE SNCF,OUI,6195,20:57,SUD EST,AVIGNON CENTRE,PAVDR,FRAES,20:13,FRXMK
1191,2023-08-15,MONTELIMAR GARE SNCF,OUI,6195,21:18,SUD EST,ARLES,PAVDR,FRHZA,20:13,FRXMK
1192,2023-08-15,ORANGE,OUI,6195,21:18,SUD EST,ARLES,PAVDR,FRHZA,20:41,FRXOG
1193,2023-08-15,ORANGE,OUI,6195,21:40,SUD EST,MIRAMAS,PAVDR,FRMAZ,20:41,FRXOG
1194,2023-08-15,GUINGAMP,NON,8652,00:08,ATLANTIQUE,PARIS (intramuros),BRETAPARIS,FRPMO,21:21,FRGGP
1195,2023-08-15,GUINGAMP,NON,8652,22:29,ATLANTIQUE,RENNES,BRETAPARIS,FRRNS,21:21,FRGGP
1196,2023-08-15,MORLAIX,OUI,8652,21:48,ATLANTIQUE,LAMBALLE,BRETAPARIS,FRLAM,20:51,FRMXN
1197,2023-08-15,MORLAIX,NON,8652,00:08,ATLANTIQUE,PARIS (intramuros),BRETAPARIS,FRPMO,20:51,FRMXN
1198,2023-08-15,BRUXELLES MIDI BRUSSEL ZUID,NON,9830,18:37,NORD,AIX EN PROVENCE TGV,JCNORDSUD,FRAIE,13:17,BEBMI
1199,2023-08-15,BRUXELLES MIDI BRUSSEL ZUID,OUI,9830,13:53,NORD,LILLE (intramuros),JCNORDSUD,FRLLE,13:17,BEBMI
1200,2023-08-15,AVIGNON TGV,OUI,9830,18:56,NORD,MARSEILLE ST CHARLES,JCNORDSUD,FRMSC,18:16,FRAVG
1201,2023-08-15,LILLE (intramuros),NON,9830,18:13,NORD,AVIGNON TGV,JCNORDSUD,FRAVG,14:03,FRLLE
1202,2023-08-15,LILLE (intramuros),OUI,9830,14:53,NORD,AEROPORT CDG2 TGV ROISSY,JCNORDSUD,FRMLW,14:03,FRLLE
1203,2023-08-15,LYON (intramuros),NON,9830,18:37,NORD,AIX EN PROVENCE TGV,JCNORDSUD,FRAIE,17:06,FRLPD
1204,2023-08-15,LYON (intramuros),NON,9830,18:13,NORD,AVIGNON TGV,JCNORDSUD,FRAVG,17:06,FRLPD
1205,2023-08-15,MARNE LA VALLEE CHESSY,NON,9830,18:37,NORD,AIX EN PROVENCE TGV,JCNORDSUD,FRAIE,15:15,FRMLV
1206,2023-08-15,ANGOULEME,OUI,8432,10:01,ATLANTIQUE,PARIS (intramuros),SUDOUESTPA,FRPMO,07:36,FRANG
1207,2023-08-15,POITIERS,OUI,8432,10:01,ATLANTIQUE,PARIS (intramuros),SUDOUESTPA,FRPMO,08:19,FRPIS
1208,2023-08-15,DIJON VILLE,OUI,6743,17:27,SUD EST,BESANCON VIOTTE,PABOUR,FRABG,16:35,FRABA
1209,2023-08-15,MONTBARD,NON,6743,17:27,SUD EST,BESANCON VIOTTE,PABOUR,FRABG,15:57,FRGWE
1210,2023-08-15,ANGERS ST LAUD,OUI,8887,21:54,ATLANTIQUE,NANTES,PARISLOIRE,FRNTE,21:16,FRACL
1211,2023-08-15,PARIS (intramuros),OUI,8887,20:33,ATLANTIQUE,LE MANS,PARISLOIRE,FRAET,19:36,FRPMO
1212,2023-08-15,PARIS (intramuros),OUI,8887,21:54,ATLANTIQUE,NANTES,PARISLOIRE,FRNTE,19:36,FRPMO
1213,2023-08-15,MULHOUSE VILLE,NON,9583,15:59,INTERNATIONAL,FRANKFURT MAIN HBF,MRSFRANC,DEFRH,12:54,FRAEK
1214,2023-08-15,MULHOUSE VILLE,NON,9583,15:18,INTERNATIONAL,MANNHEIM HBF,MRSFRANC,DEMHG,12:54,FRAEK
1215,2023-08-15,AIX EN PROVENCE TGV,NON,9583,12:51,INTERNATIONAL,MULHOUSE VILLE,MRSFRANC,FRAEK,08:25,FRAIE
1216,2023-08-15,AVIGNON TGV,NON,9583,15:18,INTERNATIONAL,MANNHEIM HBF,MRSFRANC,DEMHG,08:47,FRAVG
1217,2023-08-15,AVIGNON TGV,NON,9583,09:54,INTERNATIONAL,LYON (intramuros),MRSFRANC,FRLPD,08:47,FRAVG
1218,2023-08-15,AVIGNON TGV,NON,9583,12:24,INTERNATIONAL,BELFORT-MONTBELIARD TGV,MRSFRANC,FRTJA,08:47,FRAVG
1219,2023-08-15,LYON (intramuros),NON,9583,15:18,INTERNATIONAL,MANNHEIM HBF,MRSFRANC,DEMHG,10:04,FRLPD
1220,2023-08-15,LYON (intramuros),NON,9583,13:43,INTERNATIONAL,STRASBOURG,MRSFRANC,FRAEG,10:04,FRLPD
1221,2023-08-15,MARSEILLE ST CHARLES,NON,9583,15:18,INTERNATIONAL,MANNHEIM HBF,MRSFRANC,DEMHG,08:11,FRMSC
1222,2023-08-15,MARSEILLE ST CHARLES,NON,9583,08:44,INTERNATIONAL,AVIGNON TGV,MRSFRANC,FRAVG,08:11,FRMSC
1223,2023-08-15,MARSEILLE ST CHARLES,NON,9583,09:54,INTERNATIONAL,LYON (intramuros),MRSFRANC,FRLPD,08:11,FRMSC
1224,2023-08-15,MARSEILLE ST CHARLES,NON,9583,12:00,INTERNATIONAL,BESANCON - F COMTE TGV,MRSFRANC,FRTJB,08:11,FRMSC
1225,2023-08-15,BELFORT-MONTBELIARD TGV,NON,9583,14:46,INTERNATIONAL,KARLSRUHE HBF,MRSFRANC,DEQKA,12:27,FRTJA
1226,2023-08-15,BESANCON - F COMTE TGV,NON,9583,15:18,INTERNATIONAL,MANNHEIM HBF,MRSFRANC,DEMHG,12:03,FRTJB
1227,2023-08-15,BESANCON - F COMTE TGV,NON,9583,14:46,INTERNATIONAL,KARLSRUHE HBF,MRSFRANC,DEQKA,12:03,FRTJB
1228,2023-08-15,CHALON SUR SAONE,NON,9583,14:23,INTERNATIONAL,BADEN BADEN,MRSFRANC,DEZCC,11:06,FRXCD
1229,2023-08-15,AVIGNON TGV,OUI,5010,12:24,NORD,MARSEILLE ST CHARLES,JCNORDSUD,FRMSC,11:55,FRAVG
1230,2023-08-15,TGV HAUTE PICARDIE,OUI,5010,11:15,NORD,VALENCE TGV RHONE-ALPES SUD,JCNORDSUD,FRVLA,07:54,FRTHP
1231,2023-08-15,LA ROCHELLE VILLE,OUI,8364,17:19,ATLANTIQUE,SURGERES,ROCHELLEPA,FREIP,17:01,FRLRH
1232,2023-08-15,LA ROCHELLE VILLE,NON,8364,19:37,ATLANTIQUE,PARIS (intramuros),ROCHELLEPA,FRPMO,17:01,FRLRH
1233,2023-08-15,ANGERS ST LAUD,NON,8984,19:14,ATLANTIQUE,PARIS (intramuros),LOIREPARIS,FRPMO,17:48,FRACL
1234,2023-08-15,NANTES,NON,8984,17:45,ATLANTIQUE,ANGERS ST LAUD,LOIREPARIS,FRACL,17:09,FRNTE
1235,2023-08-15,LA ROCHE SUR YON,OUI,8984,16:56,ATLANTIQUE,NANTES,LOIREPARIS,FRNTE,16:10,FRXRO
1236,2023-08-15,NANTES,NON,8128,19:13,ATLANTIQUE,ANCENIS,LOIREPARIS,FREFN,18:54,FRNTE
1237,2023-08-15,LAVAL,NON,5336,16:29,SUD EST,LYON (intramuros),JCATLSUD,FRLPD,12:58,FRACR
1238,2023-08-15,VALENCE TGV RHONE-ALPES SUD,OUI,5336,18:36,SUD EST,MONTPELLIER SUD DE FRANCE,JCATLSUD,FRSUF,17:18,FRVLA
1239,2023-08-15,LYON (intramuros),OUI,5336,18:36,SUD EST,MONTPELLIER SUD DE FRANCE,JCATLSUD,FRSUF,16:37,FRLPD
1240,2023-08-15,MASSY TGV,NON,5336,18:36,SUD EST,MONTPELLIER SUD DE FRANCE,JCATLSUD,FRSUF,14:26,FRDJU
1241,2023-08-15,NIMES PONT DU GARD,OUI,5336,18:36,SUD EST,MONTPELLIER SUD DE FRANCE,JCATLSUD,FRSUF,17:57,FRXZP
1242,2023-08-15,BOURG EN BRESSE,NON,9784,23:42,INTERNATIONAL,PARIS (intramuros),GENEVEPA,FRPLY,21:51,FRXBK
1243,2023-08-15,AIX EN PROVENCE TGV,NON,6805,12:26,SUD EST,CANNES,JCPROVSUD,FRJCA,09:51,FRAIE
1244,2023-08-15,AIX EN PROVENCE TGV,NON,6805,12:02,SUD EST,ST RAPHAEL VALESCURE,JCPROVSUD,FRXSK,09:51,FRAIE
1245,2023-08-15,AVIGNON TGV,NON,6805,10:03,SUD EST,MARSEILLE ST CHARLES,JCPROVSUD,FRMSC,09:29,FRAVG
1246,2023-08-15,MARSEILLE ST CHARLES,NON,6805,12:58,SUD EST,NICE VILLE,JCPROVSUD,FRNIC,10:20,FRMSC
1247,2023-08-15,VALENCE TGV RHONE-ALPES SUD,NON,6805,09:48,SUD EST,AIX EN PROVENCE TGV,JCPROVSUD,FRAIE,08:53,FRVLA
1248,2023-08-15,NIMES,OUI,4752,11:32,IC ARO,BORDEAUX ST JEAN,TJOURSESO,FRBOJ,06:38,FRFNI
1249,2023-08-15,NIMES,OUI,4752,09:16,IC ARO,TOULOUSE MATABIAU,TJOURSESO,FRXYT,06:38,FRFNI
1250,2023-08-15,MONTPELLIER SAINT-ROCH,OUI,4752,07:43,IC ARO,BEZIERS,TJOURSESO,FRBZR,07:06,FRMPL
1251,2023-08-15,MONTPELLIER SAINT-ROCH,OUI,4752,09:16,IC ARO,TOULOUSE MATABIAU,TJOURSESO,FRXYT,07:06,FRMPL
1252,2023-08-15,TOULOUSE MATABIAU,OUI,4752,10:26,IC ARO,AGEN,TJOURSESO,FRAGF,09:24,FRXYT
1253,2023-08-15,PARIS (intramuros),NON,6685,15:48,SUD EST,ST ETIENNE CHATEAUCREUX,PARISRHONE,FRHHD,12:52,FRPLY
1254,2023-08-15,PARIS (intramuros),NON,6685,14:56,SUD EST,LYON (intramuros),PARISRHONE,FRLPD,12:52,FRPLY
1255,2023-08-15,BORDEAUX ST JEAN,OUI,12213,23:31,ATLANTIQUE,TOULOUSE MATABIAU,PASUDOUEST,FRXYT,21:20,FRBOJ
1256,2023-08-15,BELLEGARDE,OUI,6506,21:23,SUD EST,PARIS (intramuros),ALPESPARIS,FRPLY,18:09,FRXBF
1257,2023-08-15,THONON LES BAINS,OUI,6506,21:23,SUD EST,PARIS (intramuros),ALPESPARIS,FRPLY,16:12,FRXTS
1258,2023-08-15,ANGERS ST LAUD,NON,8972,12:23,ATLANTIQUE,LE MANS,LOIREPARIS,FRAET,11:45,FRACL
1259,2023-08-15,NANTES,NON,8972,12:23,ATLANTIQUE,LE MANS,LOIREPARIS,FRAET,11:05,FRNTE
1260,2023-08-15,NANTES,NON,8972,13:25,ATLANTIQUE,PARIS (intramuros),LOIREPARIS,FRPMO,11:05,FRNTE
1261,2023-08-15,LA ROCHE SUR YON,NON,8972,13:25,ATLANTIQUE,PARIS (intramuros),LOIREPARIS,FRPMO,10:10,FRXRO
1262,2023-08-15,LAVAL,OUI,8641,22:11,ATLANTIQUE,MORLAIX,PARISBRETA,FRMXN,19:58,FRACR
1263,2023-08-15,GUINGAMP,OUI,8641,21:53,ATLANTIQUE,PLOUARET TREGOR,PARISBRETA,FRPLT,21:40,FRGGP
1264,2023-08-15,LAMBALLE,OUI,8641,21:53,ATLANTIQUE,PLOUARET TREGOR,PARISBRETA,FRPLT,21:11,FRLAM
1265,2023-08-15,MORLAIX,OUI,8641,22:36,ATLANTIQUE,LANDERNEAU,PARISBRETA,FRXLD,22:14,FRMXN
1266,2023-08-15,PLOUARET TREGOR,OUI,8641,22:51,ATLANTIQUE,BREST,PARISBRETA,FRBES,21:55,FRPLT
1267,2023-08-15,PARIS (intramuros),OUI,8641,22:51,ATLANTIQUE,BREST,PARISBRETA,FRBES,18:40,FRPMO
1268,2023-08-15,PARIS (intramuros),OUI,8641,21:08,ATLANTIQUE,LAMBALLE,PARISBRETA,FRLAM,18:40,FRPMO
1269,2023-08-15,RENNES,OUI,8641,21:08,ATLANTIQUE,LAMBALLE,PARISBRETA,FRLAM,20:32,FRRNS
1270,2023-08-15,RENNES,OUI,8641,22:36,ATLANTIQUE,LANDERNEAU,PARISBRETA,FRXLD,20:32,FRRNS
1271,2023-08-15,ST BRIEUC,OUI,8641,22:51,ATLANTIQUE,BREST,PARISBRETA,FRBES,21:24,FRSBK
1272,2023-08-15,CHAMPAGNE-ARDENNE,NON,2571,14:00,EST,NANCY,PANANCY,FRENC,13:06,FREAH
1273,2023-08-15,NANCY,OUI,2571,14:48,EST,EPINAL,PANANCY,FREPL,14:05,FRENC
1274,2023-08-15,EPINAL,OUI,2571,15:12,EST,REMIREMONT,PANANCY,FRRNT,14:51,FREPL
1275,2023-08-15,PARIS (intramuros),NON,2571,15:12,EST,REMIREMONT,PANANCY,FRRNT,12:23,FRPST
1276,2023-08-15,MEUSE TGV,OUI,2583,23:17,EST,STRASBOURG,PANANCY,FRAEG,21:09,FREAJ
1277,2023-08-15,LUNEVILLE,OUI,2583,22:51,EST,SAVERNE,PANANCY,FRSNE,22:11,FRLNE
1278,2023-08-15,PARIS (intramuros),OUI,2583,23:17,EST,STRASBOURG,PANANCY,FRAEG,20:07,FRPST
1279,2023-08-15,PARIS (intramuros),OUI,2583,22:51,EST,SAVERNE,PANANCY,FRSNE,20:07,FRPST
1280,2023-08-15,SARREBOURG,OUI,2583,22:51,EST,SAVERNE,PANANCY,FRSNE,22:36,FRSBG
1281,2023-08-15,SAVERNE,OUI,2583,23:17,EST,STRASBOURG,PANANCY,FRAEG,22:54,FRSNE
1282,2023-08-15,LORIENT,NON,8720,15:06,ATLANTIQUE,PARIS (intramuros),BRETAPARIS,FRPMO,12:01,FRLRT
1283,2023-08-15,BRUXELLES MIDI BRUSSEL ZUID,OUI,9810,10:29,NORD,LYON (intramuros),JCNORDSUD,FRLPD,06:35,BEBMI
1284,2023-08-15,BRUXELLES MIDI BRUSSEL ZUID,OUI,9810,08:38,NORD,MARNE LA VALLEE CHESSY,JCNORDSUD,FRMLV,06:35,BEBMI
1285,2023-08-15,AVIGNON TGV,OUI,9810,12:24,NORD,MARSEILLE ST CHARLES,JCNORDSUD,FRMSC,11:55,FRAVG
1286,2023-08-15,MARNE LA VALLEE CHESSY,NON,9810,11:52,NORD,AVIGNON TGV,JCNORDSUD,FRAVG,08:43,FRMLV
1287,2023-08-15,MARNE LA VALLEE CHESSY,OUI,9810,10:29,NORD,LYON (intramuros),JCNORDSUD,FRLPD,08:43,FRMLV
1288,2023-08-15,MARNE LA VALLEE CHESSY,NON,9810,12:24,NORD,MARSEILLE ST CHARLES,JCNORDSUD,FRMSC,08:43,FRMLV
1289,2023-08-15,AEROPORT CDG2 TGV ROISSY,NON,9810,11:52,NORD,AVIGNON TGV,JCNORDSUD,FRAVG,08:29,FRMLW
1290,2023-08-15,AEROPORT CDG2 TGV ROISSY,OUI,9810,10:29,NORD,LYON (intramuros),JCNORDSUD,FRLPD,08:29,FRMLW
1291,2023-08-15,UZERCHE,NON,3638,11:39,IC ARO,ISSOUDUN,TOULOUZECO,FRFMN,09:37,FRAAW
1292,2023-08-15,UZERCHE,OUI,3638,10:45,IC ARO,LA SOUTERRAINE,TOULOUZECO,FRLST,09:37,FRAAW
1293,2023-08-15,LIMOGES BENEDICTINS,NON,3638,11:39,IC ARO,ISSOUDUN,TOULOUZECO,FRFMN,10:16,FRAGQ
1294,2023-08-15,LIMOGES BENEDICTINS,OUI,3638,10:45,IC ARO,LA SOUTERRAINE,TOULOUZECO,FRLST,10:16,FRAGQ
1295,2023-08-15,LIMOGES BENEDICTINS,NON,3638,13:31,IC ARO,PARIS (intramuros),TOULOUZECO,FRPAZ,10:16,FRAGQ
1296,2023-08-15,BRIVE LA GAILLARDE,OUI,3638,10:45,IC ARO,LA SOUTERRAINE,TOULOUZECO,FRLST,09:11,FRBVE
1297,2023-08-15,GOURDON,OUI,3638,09:08,IC ARO,BRIVE LA GAILLARDE,TOULOUZECO,FRBVE,08:27,FRFSI
1298,2023-08-15,LA SOUTERRAINE,NON,3638,12:00,IC ARO,VIERZON VILLE,TOULOUZECO,FRXVZ,10:47,FRLST
1299,2023-08-15,SOUILLAC,OUI,3638,09:08,IC ARO,BRIVE LA GAILLARDE,TOULOUZECO,FRBVE,08:44,FRSOU
1300,2023-08-15,CAHORS,OUI,3638,08:42,IC ARO,SOUILLAC,TOULOUZECO,FRSOU,08:00,FRZAO
1301,2023-08-15,SOUILLAC,OUI,3638,10:45,IC ARO,LA SOUTERRAINE,TOULOUZECO,FRLST,08:44,FRSOU
1302,2023-08-15,SOUILLAC,OUI,3638,09:36,IC ARO,UZERCHE,TOULOUZECO,FRAAW,08:44,FRSOU
1303,2023-08-15,GOURDON,NON,3638,11:39,IC ARO,ISSOUDUN,TOULOUZECO,FRFMN,08:27,FRFSI
1304,2023-08-15,POITIERS,OUI,8346,19:30,ATLANTIQUE,FUTUROSCOPE,ROCHELLEPA,FRTGO,19:22,FRPIS
1305,2023-08-15,FUTUROSCOPE,OUI,8346,21:20,ATLANTIQUE,PARIS (intramuros),ROCHELLEPA,FRPMO,19:33,FRTGO
1306,2023-08-15,DIJON VILLE,NON,9879,17:50,EST,VALENCE TGV RHONE-ALPES SUD,JCRHINRHON,FRVLA,15:21,FRABA
1307,2023-08-15,METZ VILLE,OUI,9879,13:00,EST,STRASBOURG,JCRHINRHON,FRAEG,12:12,FRADE
1308,2023-08-15,STRASBOURG,NON,9879,15:11,EST,DIJON VILLE,JCRHINRHON,FRABA,13:06,FRAEG
1309,2023-08-15,STRASBOURG,NON,9879,13:54,EST,MULHOUSE VILLE,JCRHINRHON,FRAEK,13:06,FRAEG
1310,2023-08-15,STRASBOURG,NON,9879,16:56,EST,LYON (intramuros),JCRHINRHON,FRLPD,13:06,FRAEG
1311,2023-08-15,LYON (intramuros),NON,9879,17:50,EST,VALENCE TGV RHONE-ALPES SUD,JCRHINRHON,FRVLA,17:10,FRLPD
1312,2023-08-15,BESANCON - F COMTE TGV,NON,9879,15:11,EST,DIJON VILLE,JCRHINRHON,FRABA,14:44,FRTJB
1313,2023-08-15,THIONVILLE,NON,9879,15:11,EST,DIJON VILLE,JCRHINRHON,FRABA,11:48,FRXTH
1314,2023-08-15,THIONVILLE,NON,9879,16:18,EST,MACON VILLE,JCRHINRHON,FRHGU,11:48,FRXTH
1315,2023-08-15,LUXEMBOURG,NON,9879,15:11,EST,DIJON VILLE,JCRHINRHON,FRABA,11:24,LULUX
1316,2023-08-15,LUXEMBOURG,OUI,9879,12:07,EST,METZ VILLE,JCRHINRHON,FRADE,11:24,LULUX
1317,2023-08-15,DIJON VILLE,NON,9879,18:53,EST,MONTPELLIER SUD DE FRANCE,JCRHINRHON,FRSUF,15:21,FRABA
1318,2023-08-15,THIONVILLE,NON,9879,18:53,EST,MONTPELLIER SUD DE FRANCE,JCRHINRHON,FRSUF,11:48,FRXTH
1319,2023-08-15,LUXEMBOURG,NON,9879,18:53,EST,MONTPELLIER SUD DE FRANCE,JCRHINRHON,FRSUF,11:24,LULUX
1320,2023-08-15,BESANCON - F COMTE TGV,NON,9879,18:31,EST,NIMES PONT DU GARD,JCRHINRHON,FRXZP,14:44,FRTJB
1321,2023-08-15,DIJON VILLE,NON,9879,18:31,EST,NIMES PONT DU GARD,JCRHINRHON,FRXZP,15:21,FRABA
1322,2023-08-15,DAX,OUI,8537,14:25,ATLANTIQUE,BIARRITZ,PASUDOUEST,FRBIQ,13:42,FRACG
1323,2023-08-15,DAX,OUI,8537,14:41,ATLANTIQUE,ST JEAN DE LUZ CIBOURE,PASUDOUEST,FRXJZ,13:42,FRACG
1324,2023-08-15,PARIS (intramuros),NON,8537,12:14,ATLANTIQUE,BORDEAUX ST JEAN,PASUDOUEST,FRBOJ,10:08,FRPMO
1325,2023-08-15,ST JEAN DE LUZ CIBOURE,OUI,8537,14:55,ATLANTIQUE,HENDAYE,PASUDOUEST,FRAEF,14:43,FRXJZ
1326,2023-08-15,BEZIERS,NON,9715,19:20,SUD EST,NARBONNE,PABARCELONE,FRXNA,19:06,FRBZR
1327,2023-08-15,PARIS (intramuros),NON,9715,19:03,SUD EST,BEZIERS,PABARCELONE,FRBZR,14:56,FRPLY
1328,2023-08-15,PARIS (intramuros),NON,9715,18:31,SUD EST,SETE,PABARCELONE,FRXSY,14:56,FRPLY
1329,2023-08-15,AGDE,NON,9715,19:56,SUD EST,PERPIGNAN,PABARCELONE,FRPGF,18:51,FRXAG
1330,2023-08-15,NARBONNE,NON,9715,19:56,SUD EST,PERPIGNAN,PABARCELONE,FRPGF,19:23,FRXNA
1331,2023-08-15,SETE,NON,9715,19:56,SUD EST,PERPIGNAN,PABARCELONE,FRPGF,18:34,FRXSY
1332,2023-08-15,PARIS (intramuros),NON,9715,17:46,SUD EST,NIMES PONT DU GARD,PABARCELONE,FRXZP,14:56,FRPLY
1333,2023-08-15,PARIS (intramuros),NON,9715,20:27,SUD EST,FIGUERES VILA TGV,PABARCELONE,ESFIR,14:56,FRPLY
1334,2023-08-15,PERPIGNAN,NON,9715,20:44,SUD EST,GIRONA,PABARCELONE,ESGRO,20:03,FRPGF
1335,2023-08-15,SETE,NON,9715,21:25,SUD EST,BARCELONA SANTS,PABARCELONE,ESBST,18:34,FRXSY
1336,2023-08-15,AGDE,NON,9715,20:44,SUD EST,GIRONA,PABARCELONE,ESGRO,18:51,FRXAG
1337,2023-08-15,MONTPELLIER SUD DE FRANCE,NON,9715,20:27,SUD EST,FIGUERES VILA TGV,PABARCELONE,ESFIR,18:17,FRSUF
1338,2023-08-15,BORDEAUX ST JEAN,NON,8472,19:24,ATLANTIQUE,PARIS (intramuros),SUDOUESTPA,FRPMO,17:08,FRBOJ
1339,2023-08-15,MASSY TGV,NON,8472,19:24,ATLANTIQUE,PARIS (intramuros),SUDOUESTPA,FRPMO,19:13,FRDJU
1340,2023-08-15,FACTURE BIGANOS,NON,8472,19:24,ATLANTIQUE,PARIS (intramuros),SUDOUESTPA,FRPMO,16:41,FRFAC
1341,2023-08-15,ARCACHON,OUI,8472,16:38,ATLANTIQUE,FACTURE BIGANOS,SUDOUESTPA,FRFAC,16:23,FRXAC
1342,2023-08-15,ARCACHON,NON,8472,19:24,ATLANTIQUE,PARIS (intramuros),SUDOUESTPA,FRPMO,16:23,FRXAC
1343,2023-08-15,VANNES,OUI,8715,13:57,ATLANTIQUE,LORIENT,PARISBRETA,FRLRT,13:28,FRVNE
1344,2023-08-15,AURAY,OUI,8715,13:57,ATLANTIQUE,LORIENT,PARISBRETA,FRLRT,13:41,FRXUY
1345,2023-08-15,AURAY,OUI,8715,14:34,ATLANTIQUE,QUIMPER,PARISBRETA,FRUIP,13:41,FRXUY
1346,2023-08-15,CHAMBERY CHALLES LES EAUX,OUI,6951,22:00,SUD EST,AIX LES BAINS LE REVARD,PARISALPES,FRXAI,21:49,FRCMF
1347,2023-08-15,BRUXELLES MIDI BRUSSEL ZUID,NON,9836,20:00,NORD,LYON (intramuros),JCNORDSUD,FRLPD,16:17,BEBMI
1348,2023-08-15,BRUXELLES MIDI BRUSSEL ZUID,NON,9836,17:53,NORD,AEROPORT CDG2 TGV ROISSY,JCNORDSUD,FRMLW,16:17,BEBMI
1349,2023-08-15,LILLE (intramuros),NON,9836,20:00,NORD,LYON (intramuros),JCNORDSUD,FRLPD,17:03,FRLLE
1350,2023-08-15,LILLE (intramuros),NON,9836,22:06,NORD,MONTPELLIER SAINT-ROCH,JCNORDSUD,FRMPL,17:03,FRLLE
1351,2023-08-15,LYON (intramuros),OUI,9836,22:06,NORD,MONTPELLIER SAINT-ROCH,JCNORDSUD,FRMPL,20:10,FRLPD
1352,2023-08-15,LYON (intramuros),OUI,9836,20:49,NORD,VALENCE TGV RHONE-ALPES SUD,JCNORDSUD,FRVLA,20:10,FRLPD
1353,2023-08-15,MARNE LA VALLEE CHESSY,NON,9836,21:37,NORD,NIMES,JCNORDSUD,FRFNI,18:13,FRMLV
1354,2023-08-15,MARNE LA VALLEE CHESSY,NON,9836,22:06,NORD,MONTPELLIER SAINT-ROCH,JCNORDSUD,FRMPL,18:13,FRMLV
1355,2023-08-15,AEROPORT CDG2 TGV ROISSY,NON,9836,20:49,NORD,VALENCE TGV RHONE-ALPES SUD,JCNORDSUD,FRVLA,17:59,FRMLW
1356,2023-08-15,VALENCE TGV RHONE-ALPES SUD,OUI,9836,22:06,NORD,MONTPELLIER SAINT-ROCH,JCNORDSUD,FRMPL,20:54,FRVLA
1357,2023-08-15,ANNECY,OUI,6964,10:09,SUD EST,CHAMBERY CHALLES LES EAUX,ALPESPARIS,FRCMF,09:29,FRNCY
1358,2023-08-15,AIX LES BAINS LE REVARD,OUI,6964,11:40,SUD EST,MACON LOCHE TGV,ALPESPARIS,FRMLT,10:00,FRXAI
1359,2023-08-15,AVIGNON TGV,NON,5376,14:31,SUD EST,LE HAVRE,JCSUDATL,FRAEZ,08:05,FRAVG
1360,2023-08-15,AVIGNON TGV,NON,5376,13:22,SUD EST,ROUEN RIVE DROITE,JCSUDATL,FRURD,08:05,FRAVG
1361,2023-08-15,VERSAILLES CHANTIERS,OUI,5376,13:22,SUD EST,ROUEN RIVE DROITE,JCSUDATL,FRURD,11:58,FRDHT
1362,2023-08-15,MASSY PALAISEAU,OUI,5376,13:22,SUD EST,ROUEN RIVE DROITE,JCSUDATL,FRURD,11:40,FRMPU
1363,2023-08-15,MARSEILLE ST CHARLES,NON,5376,11:55,SUD EST,VERSAILLES CHANTIERS,JCSUDATL,FRDHT,07:35,FRMSC
1364,2023-08-15,VALENCE TGV RHONE-ALPES SUD,NON,5376,14:31,SUD EST,LE HAVRE,JCSUDATL,FRAEZ,08:42,FRVLA
1365,2023-08-15,PARIS (intramuros),OUI,8881,18:13,ATLANTIQUE,ANGERS ST LAUD,PARISLOIRE,FRACL,16:36,FRPMO
1366,2023-08-15,PARIS (intramuros),OUI,6153,21:15,SUD EST,MARSEILLE ST CHARLES,PAAZUR,FRMSC,18:10,FRPLY
1367,2023-08-15,PARIS (intramuros),NON,5983,22:29,IC ARO,CLERMONT FERRAND,PACLERMONT,FRCFE,18:57,FRPBE
1368,2023-08-15,PARIS (intramuros),NON,5983,20:57,IC ARO,NEVERS,PACLERMONT,FRNVS,18:57,FRPBE
1369,2023-08-15,NICE VILLE,NON,6850,18:06,SUD EST,AVIGNON TGV,JCSUDPROV,FRAVG,14:40,FRNIC
1370,2023-08-15,NICE VILLE,OUI,6850,16:19,SUD EST,TOULON,JCSUDPROV,FRTLN,14:40,FRNIC
1371,2023-08-15,ANTIBES,NON,6850,17:19,SUD EST,MARSEILLE ST CHARLES,JCSUDPROV,FRMSC,14:56,FRXAT
1372,2023-08-15,ANTIBES,OUI,6850,15:31,SUD EST,ST RAPHAEL VALESCURE,JCSUDPROV,FRXSK,14:56,FRXAT
1373,2023-08-15,ST RAPHAEL VALESCURE,NON,6850,17:19,SUD EST,MARSEILLE ST CHARLES,JCSUDPROV,FRMSC,15:34,FRXSK
1374,2023-08-15,ST RAPHAEL VALESCURE,OUI,6850,16:19,SUD EST,TOULON,JCSUDPROV,FRTLN,15:34,FRXSK
1375,2023-08-15,PARIS (intramuros),OUI,6917,15:13,SUD EST,GRENOBLE,PAGRENOBLE,FRGNB,12:14,FRPLY
1376,2023-08-15,BRUXELLES MIDI BRUSSEL ZUID,NON,9844,18:52,NORD,LILLE (intramuros),JCNORDSUD,FRLLE,18:17,BEBMI
1377,2023-08-15,BRUXELLES MIDI BRUSSEL ZUID,NON,9844,22:00,NORD,LYON (intramuros),JCNORDSUD,FRLPD,18:17,BEBMI
1378,2023-08-15,ANGERS ST LAUD,OUI,8985,20:59,ATLANTIQUE,NANTES,PARISLOIRE,FRNTE,20:19,FRACL
1379,2023-08-15,ANGERS ST LAUD,OUI,8985,21:50,ATLANTIQUE,LA ROCHE SUR YON,PARISLOIRE,FRXRO,20:19,FRACL
1380,2023-08-15,PARIS (intramuros),OUI,8985,19:54,ATLANTIQUE,SABLE SUR SARTHE,PARISLOIRE,FRSAB,18:48,FRPMO
1381,2023-08-15,SABLE SUR SARTHE,OUI,8985,20:16,ATLANTIQUE,ANGERS ST LAUD,PARISLOIRE,FRACL,19:56,FRSAB
1382,2023-08-15,SABLE SUR SARTHE,OUI,8985,20:59,ATLANTIQUE,NANTES,PARISLOIRE,FRNTE,19:56,FRSAB
1383,2023-08-15,BASEL SBB,NON,9213,16:26,INTERNATIONAL,ZUERICH HB,PABALZUR,CHAJD,15:33,CHAJP
1384,2023-08-15,PARIS (intramuros),NON,9213,15:26,INTERNATIONAL,BASEL SBB,PABALZUR,CHAJP,12:22,FRPLY
1385,2023-08-15,BASEL SBB,NON,9211,14:26,INTERNATIONAL,ZUERICH HB,PABALZUR,CHAJD,13:33,CHAJP
1386,2023-08-15,DIJON VILLE,NON,9211,14:26,INTERNATIONAL,ZUERICH HB,PABALZUR,CHAJD,12:01,FRABA
1387,2023-08-15,DAX,NON,8550,22:56,ATLANTIQUE,PARIS (intramuros),SUDOUESTPA,FRPMO,19:22,FRACG
1388,2023-08-15,HENDAYE,NON,8550,22:56,ATLANTIQUE,PARIS (intramuros),SUDOUESTPA,FRPMO,18:07,FRAEF
1389,2023-08-15,BIARRITZ,OUI,8550,18:44,ATLANTIQUE,BAYONNE,SUDOUESTPA,FRXBY,18:32,FRBIQ
1390,2023-08-15,ROCHEFORT,NON,3831,11:10,IC SRO,JONZAC,NANTEBORDO,FREMR,10:05,FRRCO
1391,2023-08-15,SAINTES,NON,3831,12:07,IC SRO,BORDEAUX ST JEAN,NANTEBORDO,FRBOJ,10:34,FRXST
1392,2023-08-15,SURGERES,NON,8378,14:43,ATLANTIQUE,ST MAIXENT DEUX SEVRES,ROCHELLEPA,FREJC,14:08,FREIP
1393,2023-08-15,SURGERES,NON,8378,15:50,ATLANTIQUE,ST PIERRE DES CORPS,ROCHELLEPA,FRXSH,14:08,FREIP
1394,2023-08-15,POITIERS,NON,8378,16:57,ATLANTIQUE,PARIS (intramuros),ROCHELLEPA,FRPMO,15:19,FRPIS
1395,2023-08-15,PAU,NON,14143,14:13,IC SRO,ORTHEZ,SUDOUEST,FRGFI,13:52,FRAEE
1396,2023-08-15,TARBES,NON,14143,14:13,IC SRO,ORTHEZ,SUDOUEST,FRGFI,13:08,FRXTB
1397,2023-08-15,TOULOUSE MATABIAU,NON,14143,14:13,IC SRO,ORTHEZ,SUDOUEST,FRGFI,11:32,FRXYT
1398,2023-08-15,TOULOUSE MATABIAU,NON,14143,14:59,IC SRO,BAYONNE,SUDOUEST,FRXBY,11:32,FRXYT
1399,2023-08-15,DAX,NON,8544,18:40,ATLANTIQUE,BORDEAUX ST JEAN,SUDOUESTPA,FRBOJ,17:22,FRACG
1400,2023-08-15,DAX,NON,8544,20:58,ATLANTIQUE,PARIS (intramuros),SUDOUESTPA,FRPMO,17:22,FRACG
1401,2023-08-15,HENDAYE,OUI,8544,16:29,ATLANTIQUE,BIARRITZ,SUDOUESTPA,FRBIQ,16:07,FRAEF
1402,2023-08-15,BAYONNE,OUI,8544,17:17,ATLANTIQUE,DAX,SUDOUESTPA,FRACG,16:47,FRXBY
1403,2023-08-15,BAYONNE,NON,8544,18:40,ATLANTIQUE,BORDEAUX ST JEAN,SUDOUESTPA,FRBOJ,16:47,FRXBY
1404,2023-08-15,BAYONNE,NON,8544,20:58,ATLANTIQUE,PARIS (intramuros),SUDOUESTPA,FRPMO,16:47,FRXBY
1405,2023-08-15,ST JEAN DE LUZ CIBOURE,OUI,8544,17:17,ATLANTIQUE,DAX,SUDOUESTPA,FRACG,16:19,FRXJZ
1406,2023-08-15,ST JEAN DE LUZ CIBOURE,OUI,8544,16:44,ATLANTIQUE,BAYONNE,SUDOUESTPA,FRXBY,16:19,FRXJZ
1407,2023-08-15,ST JEAN DE LUZ CIBOURE,NON,8544,20:43,ATLANTIQUE,MASSY TGV,SUDOUESTPA,FRDJU,16:19,FRXJZ
1408,2023-08-15,LYON (intramuros),OUI,9852,06:31,NORD,LE CREUSOT MONTCEAU MONTCHANIN,JCSUDNORD,FRXCC,05:37,FRLPE
1409,2023-08-15,MARNE LA VALLEE CHESSY,OUI,9852,08:01,NORD,AEROPORT CDG2 TGV ROISSY,JCSUDNORD,FRMLW,07:50,FRMLV
1410,2023-08-15,PARIS (intramuros),OUI,9763,11:00,INTERNATIONAL,BELLEGARDE,PAGENEVE,FRXBF,08:18,FRPLY
1411,2023-08-15,AVIGNON TGV,NON,6124,19:22,SUD EST,PARIS (intramuros),AZURPA,FRPLY,16:41,FRAVG
1412,2023-08-15,MARSEILLE ST CHARLES,NON,6124,16:16,SUD EST,AIX EN PROVENCE TGV,AZURPA,FRAIE,16:04,FRMSC
1413,2023-08-15,TOULON,NON,6124,16:38,SUD EST,AVIGNON TGV,AZURPA,FRAVG,15:07,FRTLN
1414,2023-08-15,PARIS (intramuros),OUI,6711,19:53,SUD EST,MONTBARD,PABOUR,FRGWE,18:52,FRPLY
1415,2023-08-15,BELFORT-MONTBELIARD TGV,OUI,6711,21:55,SUD EST,MULHOUSE VILLE,PABOUR,FRAEK,21:32,FRTJA
1416,2023-08-15,LUCON,NON,3837,21:10,IC SRO,JONZAC,NANTEBORDO,FREMR,19:00,FRLCN
1417,2023-08-15,LA ROCHELLE VILLE,NON,3837,22:08,IC SRO,BORDEAUX ST JEAN,NANTEBORDO,FRBOJ,19:43,FRLRH
1418,2023-08-15,NANTES,NON,3837,20:03,IC SRO,ROCHEFORT,NANTEBORDO,FRRCO,17:55,FRNTE
1419,2023-08-15,NANTES,NON,3837,20:32,IC SRO,SAINTES,NANTEBORDO,FRXST,17:55,FRNTE
1420,2023-08-15,LA ROCHE SUR YON,NON,3837,20:03,IC SRO,ROCHEFORT,NANTEBORDO,FRRCO,18:36,FRXRO
1421,2023-08-15,PARIS (intramuros),OUI,8035,21:25,ATLANTIQUE,RENNES,PARISBRETA,FRRNS,19:54,FRPMO
1422,2023-08-15,LILLE (intramuros),OUI,5240,18:27,NORD,MARNE LA VALLEE CHESSY,JCNORDAQUI,FRMLV,17:16,FRADJ
1423,2023-08-15,LILLE (intramuros),OUI,5240,18:10,NORD,AEROPORT CDG2 TGV ROISSY,JCNORDAQUI,FRMLW,17:16,FRADJ
1424,2023-08-15,LILLE (intramuros),NON,5240,20:06,NORD,ST PIERRE DES CORPS,JCNORDAQUI,FRXSH,17:16,FRADJ
1425,2023-08-15,ANGOULEME,OUI,5240,22:02,NORD,BORDEAUX ST JEAN,JCNORDAQUI,FRBOJ,21:24,FRANG
1426,2023-08-15,AEROPORT CDG2 TGV ROISSY,NON,5240,19:04,NORD,MASSY TGV,JCNORDAQUI,FRDJU,18:18,FRMLW
1427,2023-08-15,POITIERS,OUI,5240,21:21,NORD,ANGOULEME,JCNORDAQUI,FRANG,20:43,FRPIS
1428,2023-08-15,LYON (intramuros),OUI,6689,21:48,SUD EST,ST ETIENNE CHATEAUCREUX,PARISRHONE,FRHHD,21:06,FRLPD
1429,2023-08-15,PARIS (intramuros),OUI,6689,21:48,SUD EST,ST ETIENNE CHATEAUCREUX,PARISRHONE,FRHHD,19:00,FRPLY
1430,2023-08-15,STRASBOURG,NON,9584,10:15,EST,MARNE LA VALLEE CHESSY,JCESTATL,FRMLV,08:12,FRAEG
1431,2023-08-15,STRASBOURG,NON,9584,12:06,EST,POITIERS,JCESTATL,FRPIS,08:12,FRAEG
1432,2023-08-15,MASSY TGV,NON,9584,13:43,EST,BORDEAUX ST JEAN,JCESTATL,FRBOJ,10:54,FRDJU
1433,2023-08-15,CHAMPAGNE-ARDENNE,NON,9584,10:15,EST,MARNE LA VALLEE CHESSY,JCESTATL,FRMLV,09:45,FREAH
1434,2023-08-15,MEUSE TGV,NON,9584,12:46,EST,ANGOULEME,JCESTATL,FRANG,09:18,FREAJ
1435,2023-08-15,MEUSE TGV,NON,9584,13:43,EST,BORDEAUX ST JEAN,JCESTATL,FRBOJ,09:18,FREAJ
1436,2023-08-15,MEUSE TGV,NON,9584,10:50,EST,MASSY TGV,JCESTATL,FRDJU,09:18,FREAJ
1437,2023-08-15,LORRAINE TGV,NON,9584,12:46,EST,ANGOULEME,JCESTATL,FRANG,08:56,FREAM
1438,2023-08-15,LORRAINE TGV,NON,9584,10:15,EST,MARNE LA VALLEE CHESSY,JCESTATL,FRMLV,08:56,FREAM
1439,2023-08-15,OFFENBOURG/OFFENBURG,OUI,9584,08:08,EST,STRASBOURG,JCESTATL,FRAEG,07:46,DEZPA
1440,2023-08-15,FREIBURG BREISGAU HBF,NON,9584,13:43,EST,BORDEAUX ST JEAN,JCESTATL,FRBOJ,07:07,DEFGB
1441,2023-08-15,RINGSHEIM/EU-PARK,NON,9584,13:43,EST,BORDEAUX ST JEAN,JCESTATL,FRBOJ,07:29,DERSH
1442,2023-08-15,FREIBURG BREISGAU HBF,NON,9584,10:15,EST,MARNE LA VALLEE CHESSY,JCESTATL,FRMLV,07:07,DEFGB
1443,2023-08-15,OFFENBOURG/OFFENBURG,NON,9584,10:15,EST,MARNE LA VALLEE CHESSY,JCESTATL,FRMLV,07:46,DEZPA
1444,2023-08-15,OFFENBOURG/OFFENBURG,NON,9584,10:50,EST,MASSY TGV,JCESTATL,FRDJU,07:46,DEZPA
1445,2023-08-15,OFFENBOURG/OFFENBURG,NON,9584,12:06,EST,POITIERS,JCESTATL,FRPIS,07:46,DEZPA
1446,2023-08-15,FREIBURG BREISGAU HBF,OUI,9584,09:42,EST,CHAMPAGNE-ARDENNE,JCESTATL,FREAH,07:07,DEFGB
1447,2023-08-15,RINGSHEIM/EU-PARK,NON,9584,10:15,EST,MARNE LA VALLEE CHESSY,JCESTATL,FRMLV,07:29,DERSH
1448,2023-08-15,AVIGNON TGV,NON,6852,21:27,SUD EST,VALENCE TGV RHONE-ALPES SUD,JCSUDPROV,FRVLA,20:55,FRAVG
1449,2023-08-15,CANNES,OUI,6852,18:37,SUD EST,LES ARCS DRAGUIGNAN,JCSUDPROV,FRXRS,17:59,FRJCA
1450,2023-08-15,MARSEILLE ST CHARLES,NON,6852,22:14,SUD EST,LYON (intramuros),JCSUDPROV,FRLPD,20:18,FRMSC
1451,2023-08-15,NICE VILLE,NON,6852,20:04,SUD EST,MARSEILLE ST CHARLES,JCSUDPROV,FRMSC,17:27,FRNIC
1452,2023-08-15,TOULON,NON,6852,22:14,SUD EST,LYON (intramuros),JCSUDPROV,FRLPD,19:18,FRTLN
1453,2023-08-15,ANTIBES,NON,6852,20:52,SUD EST,AVIGNON TGV,JCSUDPROV,FRAVG,17:45,FRXAT
1454,2023-08-15,ANTIBES,NON,6852,19:14,SUD EST,TOULON,JCSUDPROV,FRTLN,17:45,FRXAT
1455,2023-08-15,ANTIBES,OUI,6852,18:37,SUD EST,LES ARCS DRAGUIGNAN,JCSUDPROV,FRXRS,17:45,FRXAT
1456,2023-08-15,PARIS (intramuros),OUI,6613,13:10,SUD EST,LE CREUSOT MONTCEAU MONTCHANIN,PARISRHONE,FRXCC,11:52,FRPLY
1457,2023-08-15,BELFORT-MONTBELIARD TGV,NON,9234,22:42,INTERNATIONAL,PARIS (intramuros),ZURBALPA,FRPLY,20:21,FRTJA
1458,2023-08-15,LUNEVILLE,NON,2598,19:54,EST,PARIS (intramuros),NANCYPA,FRPST,17:51,FRLNE
1459,2023-08-15,PARIS (intramuros),OUI,7363,11:39,NORD,HAZEBROUCK,PAARRAS,FRHZK,09:52,FRPNO
1460,2023-08-15,AIX EN PROVENCE TGV,NON,6112,12:22,SUD EST,PARIS (intramuros),PROVENCEPA,FRPLY,09:18,FRAIE
1461,2023-08-15,NIMES,NON,4760,13:20,IC ARO,SETE,TJOURSESO,FRXSY,12:38,FRFNI
1462,2023-08-15,MARSEILLE ST CHARLES,NON,4760,17:33,IC ARO,BORDEAUX ST JEAN,TJOURSESO,FRBOJ,11:24,FRMSC
1463,2023-08-15,MARSEILLE ST CHARLES,OUI,4760,12:07,IC ARO,ARLES,TJOURSESO,FRHZA,11:24,FRMSC
1464,2023-08-15,MONTAUBAN VILLE BOURBON,NON,4760,16:25,IC ARO,AGEN,TJOURSESO,FRAGF,15:50,FRXMW
1465,2023-08-15,NARBONNE,NON,4760,14:32,IC ARO,CARCASSONNE,TJOURSESO,FRCCF,14:04,FRXNA
1466,2023-08-15,SETE,NON,4760,17:33,IC ARO,BORDEAUX ST JEAN,TJOURSESO,FRBOJ,13:22,FRXSY
1467,2023-08-15,SETE,NON,4760,14:32,IC ARO,CARCASSONNE,TJOURSESO,FRCCF,13:22,FRXSY
1468,2023-08-15,TOULOUSE MATABIAU,NON,4760,16:25,IC ARO,AGEN,TJOURSESO,FRAGF,15:24,FRXYT
1469,2023-08-15,LAVAL,NON,5280,12:57,NORD,LE MANS,JCBRETNORD,FRAET,12:28,FRACR
1470,2023-08-15,LAVAL,NON,5280,13:49,NORD,MASSY TGV,JCBRETNORD,FRDJU,12:28,FRACR
1471,2023-08-15,LE MANS,NON,5280,14:41,NORD,AEROPORT CDG2 TGV ROISSY,JCBRETNORD,FRMLW,13:00,FRAET
1472,2023-08-15,AEROPORT CDG2 TGV ROISSY,OUI,5280,15:49,NORD,LILLE (intramuros),JCBRETNORD,FRLLE,14:58,FRMLW
1473,2023-08-15,RENNES,NON,5280,12:57,NORD,LE MANS,JCBRETNORD,FRAET,12:00,FRRNS
1474,2023-08-15,RENNES,NON,5280,15:49,NORD,LILLE (intramuros),JCBRETNORD,FRLLE,12:00,FRRNS
1475,2023-08-15,RENNES,NON,5280,14:41,NORD,AEROPORT CDG2 TGV ROISSY,JCBRETNORD,FRMLW,12:00,FRRNS
1476,2023-08-15,PARIS (intramuros),OUI,9223,19:57,INTERNATIONAL,DIJON VILLE,PABALZUR,FRABA,18:22,FRPLY
1477,2023-08-15,AIX EN PROVENCE TGV,NON,9882,22:43,NORD,BRUXELLES MIDI BRUSSEL ZUID,JCSUDNORD,BEBMI,17:22,FRAIE
1478,2023-08-15,AIX EN PROVENCE TGV,NON,9882,17:42,NORD,AVIGNON TGV,JCSUDNORD,FRAVG,17:22,FRAIE
1479,2023-08-15,LILLE (intramuros),OUI,9882,22:43,NORD,BRUXELLES MIDI BRUSSEL ZUID,JCSUDNORD,BEBMI,22:08,FRLLE
1480,2023-08-15,MARNE LA VALLEE CHESSY,NON,9882,22:43,NORD,BRUXELLES MIDI BRUSSEL ZUID,JCSUDNORD,BEBMI,20:51,FRMLV
1481,2023-08-15,MARNE LA VALLEE CHESSY,NON,9882,21:57,NORD,LILLE (intramuros),JCSUDNORD,FRLLE,20:51,FRMLV
1482,2023-08-15,MARSEILLE ST CHARLES,NON,9882,22:43,NORD,BRUXELLES MIDI BRUSSEL ZUID,JCSUDNORD,BEBMI,17:08,FRMSC
1483,2023-08-15,MARSEILLE ST CHARLES,NON,9882,21:57,NORD,LILLE (intramuros),JCSUDNORD,FRLLE,17:08,FRMSC
1484,2023-08-15,SAUMUR,NON,4502,15:21,IC SRO,ANGERS ST LAUD,JOURLYNNTE,FRACL,15:00,FRACN
1485,2023-08-15,BOURGES,NON,4502,13:21,IC SRO,VIERZON VILLE,JOURLYNNTE,FRXVZ,13:03,FRBOU
1486,2023-08-15,LYON (intramuros),NON,4502,16:04,IC SRO,NANTES,JOURLYNNTE,FRNTE,09:34,FRLPD
1487,2023-08-15,LYON (intramuros),NON,4502,11:17,IC SRO,ST GERMAIN DES FOSSES,JOURLYNNTE,FRSGF,09:34,FRLPD
1488,2023-08-15,NEVERS,NON,4502,13:01,IC SRO,BOURGES,JOURLYNNTE,FRBOU,12:25,FRNVS
1489,2023-08-15,ROANNE,NON,4502,15:21,IC SRO,ANGERS ST LAUD,JOURLYNNTE,FRACL,10:40,FRRNE
1490,2023-08-15,VIERZON VILLE,NON,4502,15:21,IC SRO,ANGERS ST LAUD,JOURLYNNTE,FRACL,13:23,FRXVZ
1491,2023-08-15,VIERZON VILLE,NON,4502,14:58,IC SRO,SAUMUR,JOURLYNNTE,FRACN,13:23,FRXVZ
1492,2023-08-15,VIERZON VILLE,NON,4502,16:04,IC SRO,NANTES,JOURLYNNTE,FRNTE,13:23,FRXVZ
1493,2023-08-15,NIMES,OUI,6231,12:59,SUD EST,AGDE,PALANG,FRXAG,11:55,FRFNI
1494,2023-08-15,NIMES,OUI,6231,13:31,SUD EST,NARBONNE,PALANG,FRXNA,11:55,FRFNI
1495,2023-08-15,MONTPELLIER SAINT-ROCH,OUI,6231,13:31,SUD EST,NARBONNE,PALANG,FRXNA,12:27,FRMPL
1496,2023-08-15,MONTPELLIER SAINT-ROCH,OUI,6231,12:42,SUD EST,SETE,PALANG,FRXSY,12:27,FRMPL
1497,2023-08-15,PARIS (intramuros),NON,6231,11:51,SUD EST,NIMES,PALANG,FRFNI,08:56,FRPLY
1498,2023-08-15,PARIS (intramuros),NON,6231,12:42,SUD EST,SETE,PALANG,FRXSY,08:56,FRPLY
1499,2023-08-15,ANGOULEME,NON,8476,22:37,ATLANTIQUE,PARIS (intramuros),SUDOUESTPA,FRPMO,20:27,FRANG
1500,2023-08-15,BORDEAUX ST JEAN,NON,8476,20:24,ATLANTIQUE,ANGOULEME,SUDOUESTPA,FRANG,19:50,FRBOJ
1501,2023-08-15,BORDEAUX ST JEAN,NON,8476,22:37,ATLANTIQUE,PARIS (intramuros),SUDOUESTPA,FRPMO,19:50,FRBOJ
1502,2023-08-15,FACTURE BIGANOS,NON,8476,21:28,ATLANTIQUE,ST PIERRE DES CORPS,SUDOUESTPA,FRXSH,19:20,FRFAC
1503,2023-08-15,DIE,NON,5790,07:54,IC NUIT,PARIS (intramuros),BRIANCONPA,FRPAZ,23:13,FRDIE
1504,2023-08-15,CHORGES,NON,5790,07:54,IC NUIT,PARIS (intramuros),BRIANCONPA,FRPAZ,21:15,FRIGS
1505,2023-08-15,EMBRUN,NON,5790,07:54,IC NUIT,PARIS (intramuros),BRIANCONPA,FRPAZ,20:52,FRIGV
1506,2023-08-15,VEYNES DEVOLUY,NON,5790,07:54,IC NUIT,PARIS (intramuros),BRIANCONPA,FRPAZ,22:07,FRVDY
1507,2023-08-15,LILLE (intramuros),NON,5036,20:00,NORD,LYON (intramuros),JCNORDSUD,FRLPD,17:03,FRLLE
1508,2023-08-15,LILLE (intramuros),OUI,5036,17:53,NORD,AEROPORT CDG2 TGV ROISSY,JCNORDSUD,FRMLW,17:03,FRLLE
1509,2023-08-15,LILLE (intramuros),NON,5036,22:06,NORD,MONTPELLIER SAINT-ROCH,JCNORDSUD,FRMPL,17:03,FRLLE
1510,2023-08-15,MARNE LA VALLEE CHESSY,NON,5036,20:00,NORD,LYON (intramuros),JCNORDSUD,FRLPD,18:13,FRMLV
1511,2023-08-15,AEROPORT CDG2 TGV ROISSY,OUI,5036,18:08,NORD,MARNE LA VALLEE CHESSY,JCNORDSUD,FRMLV,17:59,FRMLW
1512,2023-08-15,AEROPORT CDG2 TGV ROISSY,NON,5036,22:06,NORD,MONTPELLIER SAINT-ROCH,JCNORDSUD,FRMPL,17:59,FRMLW
1513,2023-08-15,VALENCE TGV RHONE-ALPES SUD,NON,5036,22:06,NORD,MONTPELLIER SAINT-ROCH,JCNORDSUD,FRMPL,20:54,FRVLA
1514,2023-08-15,NIMES,NON,9864,20:43,NORD,BRUXELLES MIDI BRUSSEL ZUID,JCSUDNORD,BEBMI,15:19,FRFNI
1515,2023-08-15,MONTPELLIER SAINT-ROCH,NON,9864,16:05,NORD,VALENCE TGV RHONE-ALPES SUD,JCSUDNORD,FRVLA,14:51,FRMPL
1516,2023-08-15,LE HAVRE,NON,5316,21:53,SUD EST,AVIGNON TGV,JCATLSUD,FRAVG,15:41,FRAEZ
1517,2023-08-15,MASSY PALAISEAU,NON,5316,20:30,SUD EST,LYON (intramuros),JCATLSUD,FRLPD,18:21,FRMPU
1518,2023-08-15,MASSY PALAISEAU,NON,5316,22:25,SUD EST,MARSEILLE ST CHARLES,JCATLSUD,FRMSC,18:21,FRMPU
1519,2023-08-15,MANTES LA JOLIE,NON,5316,21:19,SUD EST,VALENCE TGV RHONE-ALPES SUD,JCATLSUD,FRVLA,17:32,FRMTE
1520,2023-08-15,ROUEN RIVE DROITE,OUI,5316,18:02,SUD EST,VERSAILLES CHANTIERS,JCATLSUD,FRDHT,16:39,FRURD
1521,2023-08-15,NIMES,NON,9708,17:18,SUD EST,PARIS (intramuros),BARCELONEPA,FRPLY,14:19,FRFNI
1522,2023-08-15,MONTPELLIER SAINT-ROCH,NON,9708,17:18,SUD EST,PARIS (intramuros),BARCELONEPA,FRPLY,13:50,FRMPL
1523,2023-08-15,PERPIGNAN,NON,9708,14:15,SUD EST,NIMES,BARCELONEPA,FRFNI,12:04,FRPGF
1524,2023-08-15,PERPIGNAN,NON,9708,12:39,SUD EST,NARBONNE,BARCELONEPA,FRXNA,12:04,FRPGF
1525,2023-08-15,PERPIGNAN,NON,9708,13:26,SUD EST,SETE,BARCELONEPA,FRXSY,12:04,FRPGF
1526,2023-08-15,NARBONNE,NON,9708,14:15,SUD EST,NIMES,BARCELONEPA,FRFNI,12:42,FRXNA
1527,2023-08-15,NARBONNE,NON,9708,13:44,SUD EST,MONTPELLIER SAINT-ROCH,BARCELONEPA,FRMPL,12:42,FRXNA
1528,2023-08-15,NARBONNE,NON,9708,15:01,SUD EST,VALENCE TGV RHONE-ALPES SUD,BARCELONEPA,FRVLA,12:42,FRXNA
1529,2023-08-15,NARBONNE,NON,9708,13:10,SUD EST,AGDE,BARCELONEPA,FRXAG,12:42,FRXNA
1530,2023-08-15,NARBONNE,NON,9708,13:26,SUD EST,SETE,BARCELONEPA,FRXSY,12:42,FRXNA
1531,2023-08-15,SETE,NON,9708,13:44,SUD EST,MONTPELLIER SAINT-ROCH,BARCELONEPA,FRMPL,13:29,FRXSY
1532,2023-08-15,SETE,NON,9708,15:01,SUD EST,VALENCE TGV RHONE-ALPES SUD,BARCELONEPA,FRVLA,13:29,FRXSY
1533,2023-08-15,BARCELONA SANTS,NON,9708,13:44,SUD EST,MONTPELLIER SAINT-ROCH,BARCELONEPA,FRMPL,10:33,ESBST
1534,2023-08-15,BARCELONA SANTS,NON,9708,15:01,SUD EST,VALENCE TGV RHONE-ALPES SUD,BARCELONEPA,FRVLA,10:33,ESBST
1535,2023-08-15,GIRONA,NON,9708,13:10,SUD EST,AGDE,BARCELONEPA,FRXAG,11:14,ESGRO
1536,2023-08-15,FIGUERES VILA TGV,NON,9708,13:44,SUD EST,MONTPELLIER SAINT-ROCH,BARCELONEPA,FRMPL,11:31,ESFIR
1537,2023-08-15,MACON LOCHE TGV,OUI,6949,21:34,SUD EST,ANNECY,PARISALPES,FRNCY,19:20,FRMLT
1538,2023-08-15,PARIS (intramuros),OUI,6949,20:36,SUD EST,CHAMBERY CHALLES LES EAUX,PARISALPES,FRCMF,17:46,FRPLY
1539,2023-08-15,PARIS (intramuros),NON,9575,15:41,INTERNATIONAL,STRASBOURG,PASTUTMUN,FRAEG,13:55,FRPST
1540,2023-08-15,LORIENT,OUI,8744,20:13,ATLANTIQUE,VANNES,BRETAPARIS,FRVNE,19:45,FRLRT
1541,2023-08-15,AURAY,NON,8744,22:45,ATLANTIQUE,PARIS (intramuros),BRETAPARIS,FRPMO,20:03,FRXUY
1542,2023-08-15,PARIS (intramuros),NON,8629,19:33,ATLANTIQUE,GUINGAMP,PARISBRETA,FRGGP,16:53,FRPMO
1543,2023-08-15,PARIS (intramuros),NON,8629,20:02,ATLANTIQUE,MORLAIX,PARISBRETA,FRMXN,16:53,FRPMO
1544,2023-08-15,PARIS (intramuros),NON,8629,18:25,ATLANTIQUE,RENNES,PARISBRETA,FRRNS,16:53,FRPMO
1545,2023-08-15,BEZIERS,OUI,6821,10:17,SUD EST,CARCASSONNE,JCPROVSUD,FRCCF,09:30,FRBZR
1546,2023-08-15,NIMES,OUI,6821,09:44,SUD EST,NARBONNE,JCPROVSUD,FRXNA,08:07,FRFNI
1547,2023-08-15,LYON (intramuros),OUI,6821,09:27,SUD EST,BEZIERS,JCPROVSUD,FRBZR,06:37,FRLPD
1548,2023-08-15,MONTPELLIER SAINT-ROCH,OUI,6821,10:17,SUD EST,CARCASSONNE,JCPROVSUD,FRCCF,08:44,FRMPL
1549,2023-08-15,MONTPELLIER SAINT-ROCH,OUI,6821,09:44,SUD EST,NARBONNE,JCPROVSUD,FRXNA,08:44,FRMPL
1550,2023-08-15,VALENCE TGV RHONE-ALPES SUD,OUI,6821,09:27,SUD EST,BEZIERS,JCPROVSUD,FRBZR,07:20,FRVLA
1551,2023-08-15,VALENCE TGV RHONE-ALPES SUD,OUI,6821,10:17,SUD EST,CARCASSONNE,JCPROVSUD,FRCCF,07:20,FRVLA
1552,2023-08-15,VALENCE TGV RHONE-ALPES SUD,OUI,6821,09:44,SUD EST,NARBONNE,JCPROVSUD,FRXNA,07:20,FRVLA
1553,2023-08-15,NARBONNE,OUI,6821,10:17,SUD EST,CARCASSONNE,JCPROVSUD,FRCCF,09:47,FRXNA
1554,2023-08-15,ARGELES SUR MER,NON,3736,06:08,IC NUIT,LES AUBRAIS ORLEANS,PALOMBEPAR,FRLAB,19:30,FRARM
1555,2023-08-15,CARCASSONNE,NON,3736,07:19,IC NUIT,PARIS (intramuros),PALOMBEPAR,FRPAZ,21:47,FRCCF
1556,2023-08-15,LEZIGNAN-CORBIERES,NON,3736,06:08,IC NUIT,LES AUBRAIS ORLEANS,PALOMBEPAR,FRLAB,21:27,FRFUX
1557,2023-08-15,PORT LA NOUVELLE,NON,3736,07:19,IC NUIT,PARIS (intramuros),PALOMBEPAR,FRPAZ,20:24,FRILP
1558,2023-08-15,RIVESALTES,NON,3736,06:08,IC NUIT,LES AUBRAIS ORLEANS,PALOMBEPAR,FRLAB,20:00,FRIOF
1559,2023-08-15,BANYULS SUR MER,NON,3736,06:08,IC NUIT,LES AUBRAIS ORLEANS,PALOMBEPAR,FRLAB,19:12,FRXBU
1560,2023-08-15,COLLIOURE,NON,3736,07:19,IC NUIT,PARIS (intramuros),PALOMBEPAR,FRPAZ,19:24,FRXCU
1561,2023-08-15,PARIS (intramuros),NON,6117,18:45,SUD EST,AIX EN PROVENCE TGV,PAPROVENCE,FRAIE,15:38,FRPLY
1562,2023-08-15,SAUMUR,NON,5306,17:30,SUD EST,LYON (intramuros),JCATLSUD,FRLPD,13:50,FRACN
1563,2023-08-15,NANTES,OUI,5306,13:24,SUD EST,ANGERS ST LAUD,JCATLSUD,FRACL,12:44,FRNTE
1564,2023-08-15,ST PIERRE DES CORPS,NON,5306,15:20,SUD EST,MASSY TGV,JCATLSUD,FRDJU,14:28,FRXSH
1565,2023-08-15,ST PIERRE DES CORPS,NON,5306,17:49,SUD EST,LYON (intramuros),JCATLSUD,FRLPE,14:28,FRXSH
1566,2023-08-15,FRANKFURT MAIN HBF,NON,9558,07:21,INTERNATIONAL,KAISERSLAUTERN HBF,FRANCPA,DEKLT,05:56,DEFRH
1567,2023-08-15,FRANKFURT MAIN HBF,NON,9558,08:00,INTERNATIONAL,SARREBRUCK/SAARBRUECKEN,FRANCPA,DESBK,05:56,DEFRH
1568,2023-08-15,AVIGNON TGV,NON,6186,23:13,SUD EST,PARIS (intramuros),AZURPA,FRPLY,20:33,FRAVG
1569,2023-08-15,CANNES,OUI,6186,18:30,SUD EST,ST RAPHAEL VALESCURE,AZURPA,FRXSK,18:08,FRJCA
1570,2023-08-15,NICE VILLE,OUI,6186,19:20,SUD EST,TOULON,AZURPA,FRTLN,17:39,FRNIC
1571,2023-08-15,ANTIBES,NON,6186,23:13,SUD EST,PARIS (intramuros),AZURPA,FRPLY,17:54,FRXAT
1572,2023-08-15,ANTIBES,OUI,6186,18:30,SUD EST,ST RAPHAEL VALESCURE,AZURPA,FRXSK,17:54,FRXAT
1573,2023-08-15,PARIS (intramuros),OUI,8319,19:45,ATLANTIQUE,TOURS,PAROCHELLE,FRAFW,18:28,FRPMO
1574,2023-08-15,AIX EN PROVENCE TGV,OUI,6111,14:56,SUD EST,MARSEILLE ST CHARLES,PAPROVENCE,FRMSC,14:44,FRAIE
1575,2023-08-15,POITIERS,OUI,8342,17:43,ATLANTIQUE,VENDOME VILLIERS SUR LOIR,ROCHELLEPA,FRESL,16:19,FRPIS
1576,2023-08-15,POITIERS,NON,8342,18:33,ATLANTIQUE,PARIS (intramuros),ROCHELLEPA,FRPMO,16:19,FRPIS
1577,2023-08-15,POITIERS,OUI,8342,16:27,ATLANTIQUE,FUTUROSCOPE,ROCHELLEPA,FRTGO,16:19,FRPIS
1578,2023-08-15,POITIERS,OUI,8342,16:41,ATLANTIQUE,CHATELLERAULT,ROCHELLEPA,FRXCX,16:19,FRPIS
1579,2023-08-15,FUTUROSCOPE,NON,8342,18:33,ATLANTIQUE,PARIS (intramuros),ROCHELLEPA,FRPMO,16:30,FRTGO
1580,2023-08-15,CHATELLERAULT,OUI,8342,17:43,ATLANTIQUE,VENDOME VILLIERS SUR LOIR,ROCHELLEPA,FRESL,16:44,FRXCX
1581,2023-08-15,PARIS (intramuros),OUI,5971,19:17,IC ARO,RIOM CHATEL GUYON,PACLERMONT,FRRIO,16:00,FRPBE
1582,2023-08-15,PARIS (intramuros),OUI,5971,18:55,IC ARO,VICHY,PACLERMONT,FRVHY,16:00,FRPBE
1583,2023-08-15,MOULINS SUR ALLIER,OUI,5971,18:55,IC ARO,VICHY,PACLERMONT,FRVHY,18:30,FRXMU
1584,2023-08-15,LIMOGES BENEDICTINS,OUI,3628,10:14,IC ARO,LES AUBRAIS ORLEANS,TOULOUZECO,FRLAB,07:57,FRAGQ
1585,2023-08-15,BRIVE LA GAILLARDE,OUI,3628,08:51,IC ARO,ARGENTON SUR CREUSE,TOULOUZECO,FRFMT,06:55,FRBVE
1586,2023-08-15,BRIVE LA GAILLARDE,OUI,3628,08:27,IC ARO,LA SOUTERRAINE,TOULOUZECO,FRLST,06:55,FRBVE
1587,2023-08-15,CHATEAUROUX,OUI,3628,11:17,IC ARO,PARIS (intramuros),TOULOUZECO,FRPAZ,09:10,FRCHR
1588,2023-08-15,LA SOUTERRAINE,OUI,3628,08:51,IC ARO,ARGENTON SUR CREUSE,TOULOUZECO,FRFMT,08:29,FRLST
1589,2023-08-15,REIMS,NON,2720,09:31,EST,PARIS (intramuros),SEDBARPA,FRPST,08:45,FRRHE
1590,2023-08-15,CHARLEVILLE MEZIERES,NON,2720,09:31,EST,PARIS (intramuros),SEDBARPA,FRPST,07:47,FRXCZ
1591,2023-08-15,LE POULIGUEN,OUI,8916,11:11,ATLANTIQUE,PORNICHET,LOIREPARIS,FREGR,11:00,FREGS
1592,2023-08-15,ST NAZAIRE,NON,8916,12:02,ATLANTIQUE,NANTES,LOIREPARIS,FRNTE,11:27,FRSNR
1593,2023-08-15,LAVAL,OUI,5380,10:30,SUD EST,RENNES,JCSUDATL,FRRNS,10:05,FRACR
1594,2023-08-15,LE MANS,OUI,5380,10:30,SUD EST,RENNES,JCSUDATL,FRRNS,09:33,FRAET
1595,2023-08-15,MASSY TGV,OUI,5380,09:30,SUD EST,LE MANS,JCSUDATL,FRAET,08:39,FRDJU
1596,2023-08-15,LYON (intramuros),OUI,5380,09:30,SUD EST,LE MANS,JCSUDATL,FRAET,06:30,FRLPD
1597,2023-08-15,LAVAL,NON,8052,09:46,ATLANTIQUE,PARIS (intramuros),BRETAPARIS,FRPMO,08:15,FRACR
1598,2023-08-15,AIX EN PROVENCE TGV,NON,9752,15:30,INTERNATIONAL,LYON (intramuros),MEDGENEVE,FRLPD,14:00,FRAIE
1599,2023-08-15,LYON (intramuros),NON,9752,17:45,INTERNATIONAL,GENEVE,MEDGENEVE,CHGVA,15:40,FRLPD
1600,2023-08-15,MARSEILLE ST CHARLES,NON,9752,17:45,INTERNATIONAL,GENEVE,MEDGENEVE,CHGVA,13:46,FRMSC
1601,2023-08-15,BELLEGARDE,NON,9752,17:45,INTERNATIONAL,GENEVE,MEDGENEVE,CHGVA,17:11,FRXBF
1602,2023-08-15,RETHEL,OUI,2751,20:11,EST,CHARLEVILLE MEZIERES,PABARSED,FRXCZ,19:43,FRBDT
1603,2023-08-15,BORDEAUX ST JEAN,OUI,8517,20:23,ATLANTIQUE,AGEN,PASUDOUEST,FRAGF,19:20,FRBOJ
1604,2023-08-15,PARIS (intramuros),OUI,12259,14:15,ATLANTIQUE,BORDEAUX ST JEAN,PASUDOUEST,FRBOJ,12:08,FRPMO
1605,2023-08-15,METZ VILLE,OUI,5521,07:13,EST,COLMAR,JCRHINRHON,FRAEJ,05:46,FRADE
1606,2023-08-15,METZ VILLE,OUI,5521,12:24,EST,NIMES,JCRHINRHON,FRFNI,05:46,FRADE
1607,2023-08-15,COLMAR,OUI,5521,09:11,EST,DIJON VILLE,JCRHINRHON,FRABA,07:16,FRAEJ
1608,2023-08-15,COLMAR,OUI,5521,07:48,EST,MULHOUSE VILLE,JCRHINRHON,FRAEK,07:16,FRAEJ
1609,2023-08-15,MULHOUSE VILLE,OUI,5521,09:11,EST,DIJON VILLE,JCRHINRHON,FRABA,07:52,FRAEK
1610,2023-08-15,MULHOUSE VILLE,OUI,5521,12:54,EST,MONTPELLIER SAINT-ROCH,JCRHINRHON,FRMPL,07:52,FRAEK
1611,2023-08-15,MULHOUSE VILLE,OUI,5521,09:54,EST,CHALON SUR SAONE,JCRHINRHON,FRXCD,07:52,FRAEK
1612,2023-08-15,BELFORT-MONTBELIARD TGV,OUI,5521,12:24,EST,NIMES,JCRHINRHON,FRFNI,08:17,FRTJA
1613,2023-08-15,BELFORT-MONTBELIARD TGV,OUI,5521,08:38,EST,BESANCON - F COMTE TGV,JCRHINRHON,FRTJB,08:17,FRTJA
1614,2023-08-15,BELFORT-MONTBELIARD TGV,OUI,5521,09:54,EST,CHALON SUR SAONE,JCRHINRHON,FRXCD,08:17,FRTJA
1615,2023-08-15,CHAMPAGNE-ARDENNE,OUI,2200,09:55,EST,MARNE LA VALLEE CHESSY,JCESTATL,FRMLV,08:58,FREAH
1616,2023-08-15,CHAMPAGNE-ARDENNE,OUI,2200,09:28,EST,AEROPORT CDG2 TGV ROISSY,JCESTATL,FRMLW,08:58,FREAH
1617,2023-08-15,CHAMPAGNE-ARDENNE,OUI,2200,11:32,EST,ST PIERRE DES CORPS,JCESTATL,FRXSH,08:58,FREAH
1618,2023-08-15,LORRAINE TGV,OUI,2200,10:34,EST,MASSY TGV,JCESTATL,FRDJU,08:09,FREAM
1619,2023-08-15,LORRAINE TGV,OUI,2200,08:47,EST,CHAMPAGNE-ARDENNE,JCESTATL,FREAH,08:09,FREAM
1620,2023-08-15,MARNE LA VALLEE CHESSY,OUI,2200,13:19,EST,NANTES,JCESTATL,FRNTE,10:02,FRMLV
1621,2023-08-15,AEROPORT CDG2 TGV ROISSY,OUI,2200,12:36,EST,ANGERS ST LAUD,JCESTATL,FRACL,09:45,FRMLW
1622,2023-08-15,PARIS (intramuros),NON,2513,16:46,EST,CHAMPAGNE-ARDENNE,PANANCY,FREAH,16:07,FRPST
1623,2023-08-15,PARIS (intramuros),OUI,7473,20:18,NORD,LILLE (intramuros),PALILLE,FRADJ,19:16,FRPNO
1624,2023-08-15,NANTES,NON,5288,16:46,NORD,LE MANS,JCBRETNORD,FRAET,15:18,FRNTE
1625,2023-08-15,NANTES,NON,5288,18:37,NORD,AEROPORT CDG2 TGV ROISSY,JCBRETNORD,FRMLW,15:18,FRNTE
1626,2023-08-15,LE MANS,NON,8930,22:25,ATLANTIQUE,PARIS (intramuros),LOIREPARIS,FRPMO,21:26,FRAET
1627,2023-08-15,PORNICHET,OUI,8930,19:21,ATLANTIQUE,ST NAZAIRE,LOIREPARIS,FRSNR,19:11,FREGR
1628,2023-08-15,LE POULIGUEN,NON,8930,20:41,ATLANTIQUE,ANGERS ST LAUD,LOIREPARIS,FRACL,18:56,FREGS
1629,2023-08-15,LE POULIGUEN,NON,8930,22:25,ATLANTIQUE,PARIS (intramuros),LOIREPARIS,FRPMO,18:56,FREGS
1630,2023-08-15,LE CROISIC,NON,8930,20:41,ATLANTIQUE,ANGERS ST LAUD,LOIREPARIS,FRACL,18:48,FREGU
1631,2023-08-15,LE CROISIC,OUI,8930,18:53,ATLANTIQUE,LE POULIGUEN,LOIREPARIS,FREGS,18:48,FREGU
1632,2023-08-15,LE CROISIC,OUI,8930,19:59,ATLANTIQUE,NANTES,LOIREPARIS,FRNTE,18:48,FREGU
1633,2023-08-15,LE CROISIC,NON,8930,22:25,ATLANTIQUE,PARIS (intramuros),LOIREPARIS,FRPMO,18:48,FREGU
1634,2023-08-15,LA BAULE ESCOUBLAC,OUI,8930,19:59,ATLANTIQUE,NANTES,LOIREPARIS,FRNTE,19:04,FRJEE
1635,2023-08-15,ST NAZAIRE,NON,8930,21:23,ATLANTIQUE,LE MANS,LOIREPARIS,FRAET,19:24,FRSNR
1636,2023-08-15,ST NAZAIRE,OUI,8930,19:59,ATLANTIQUE,NANTES,LOIREPARIS,FRNTE,19:24,FRSNR
1637,2023-08-15,NICE VILLE,OUI,6180,18:07,SUD EST,LES ARCS DRAGUIGNAN,AZURPA,FRXRS,16:57,FRNIC
1638,2023-08-15,TOULON,NON,6180,19:55,SUD EST,AVIGNON TGV,AZURPA,FRAVG,18:48,FRTLN
1639,2023-08-15,ANTIBES,NON,6180,22:38,SUD EST,PARIS (intramuros),AZURPA,FRPLY,17:18,FRXAT
1640,2023-08-15,BEZIERS,NON,6873,19:10,SUD EST,VALENCE TGV RHONE-ALPES SUD,JCSUDPROV,FRVLA,17:15,FRBZR
1641,2023-08-15,CARCASSONNE,NON,6873,18:24,SUD EST,NIMES,JCSUDPROV,FRFNI,16:27,FRCCF
1642,2023-08-15,NIMES,NON,6873,19:51,SUD EST,LYON (intramuros),JCSUDPROV,FRLPD,18:27,FRFNI
1643,2023-08-15,MONTPELLIER SAINT-ROCH,NON,6873,19:10,SUD EST,VALENCE TGV RHONE-ALPES SUD,JCSUDPROV,FRVLA,17:59,FRMPL
1644,2023-08-15,ARVANT,NON,15940,16:01,IC SRO,CLERMONT FERRAND,JOUNOREST,FRCFE,15:17,FRARV
1645,2023-08-15,ST CHELY D'APCHER,NON,15940,14:06,IC SRO,ST FLOUR CHAUDES AIGUES,JOUNOREST,FRIMW,13:28,FRINB
1646,2023-08-15,MILLAU,NON,15940,11:56,IC SRO,SEVERAC LE CHATEAU,JOUNOREST,FRSVC,11:26,FRMAU
1647,2023-08-15,BANASSAC LA CANOURGUE,NON,15940,12:49,IC SRO,MARVEJOLS,JOUNOREST,FRINE,12:29,FRINH
1648,2023-08-15,ST FLOUR CHAUDES AIGUES,NON,15940,14:27,IC SRO,NEUSSARGUES,JOUNOREST,FRNEU,14:07,FRIMW
1649,2023-08-15,MASSIAC BLESLE,NON,15940,15:16,IC SRO,ARVANT,JOUNOREST,FRARV,14:58,FRHMY
1650,2023-08-15,MASSIAC BLESLE,NON,15940,16:01,IC SRO,CLERMONT FERRAND,JOUNOREST,FRCFE,14:58,FRHMY
1651,2023-08-15,ST ROME DE CERNON,NON,15940,14:06,IC SRO,ST FLOUR CHAUDES AIGUES,JOUNOREST,FRIMW,11:07,FRINN
1652,2023-08-15,AUMONT AUBRAC,NON,15940,16:01,IC SRO,CLERMONT FERRAND,JOUNOREST,FRCFE,13:15,FRINC
1653,2023-08-15,ST FLOUR CHAUDES AIGUES,NON,15940,16:01,IC SRO,CLERMONT FERRAND,JOUNOREST,FRCFE,14:07,FRIMW
1654,2023-08-15,BEDARIEUX,NON,15940,16:01,IC SRO,CLERMONT FERRAND,JOUNOREST,FRCFE,10:08,FRIMH
1655,2023-08-15,SEVERAC LE CHATEAU,NON,15940,13:27,IC SRO,ST CHELY D'APCHER,JOUNOREST,FRINB,11:58,FRSVC
1656,2023-08-15,BEZIERS,NON,15940,14:06,IC SRO,ST FLOUR CHAUDES AIGUES,JOUNOREST,FRIMW,09:33,FRBZR
1657,2023-08-15,MILLAU,NON,15940,12:26,IC SRO,BANASSAC LA CANOURGUE,JOUNOREST,FRINH,11:26,FRMAU
1658,2023-08-15,ST CHELY D'APCHER,NON,15940,15:22,IC SRO,BRASSAC LES MINES STE FLORINE,JOUNOREST,FRHLE,13:28,FRINB
1659,2023-08-15,NEUSSARGUES,NON,15940,15:16,IC SRO,ARVANT,JOUNOREST,FRARV,14:36,FRNEU
1660,2023-08-15,BEDARIEUX,NON,15940,14:27,IC SRO,NEUSSARGUES,JOUNOREST,FRNEU,10:08,FRIMH
1661,2023-08-15,ST ROME DE CERNON,NON,15940,14:27,IC SRO,NEUSSARGUES,JOUNOREST,FRNEU,11:07,FRINN
1662,2023-08-15,BEZIERS,NON,15940,12:26,IC SRO,BANASSAC LA CANOURGUE,JOUNOREST,FRINH,09:33,FRBZR
1663,2023-08-15,SEVERAC LE CHATEAU,NON,15940,13:14,IC SRO,AUMONT AUBRAC,JOUNOREST,FRINC,11:58,FRSVC
1664,2023-08-15,MILLAU,NON,15940,13:14,IC SRO,AUMONT AUBRAC,JOUNOREST,FRINC,11:26,FRMAU
1665,2023-08-15,NEUSSARGUES,NON,15940,15:22,IC SRO,BRASSAC LES MINES STE FLORINE,JOUNOREST,FRHLE,14:36,FRNEU
1666,2023-08-15,ST CHELY D'APCHER,NON,15940,14:57,IC SRO,MASSIAC BLESLE,JOUNOREST,FRHMY,13:28,FRINB
1667,2023-08-15,CAMPAGNAC ST GENIEZ,NON,15940,16:01,IC SRO,CLERMONT FERRAND,JOUNOREST,FRCFE,12:12,FRINJ
1668,2023-08-15,MILLAU,NON,15940,14:27,IC SRO,NEUSSARGUES,JOUNOREST,FRNEU,11:26,FRMAU
1669,2023-08-15,LE BOUSQUET D'ORB,NON,15940,11:56,IC SRO,SEVERAC LE CHATEAU,JOUNOREST,FRSVC,10:19,FRIMG
1670,2023-08-15,ST ROME DE CERNON,NON,15940,16:01,IC SRO,CLERMONT FERRAND,JOUNOREST,FRCFE,11:07,FRINN
1671,2023-08-15,BEDARIEUX,NON,15940,10:58,IC SRO,TOURNEMIRE ROQUEFORT,JOUNOREST,FRINO,10:08,FRIMH
1672,2023-08-15,CAMPAGNAC ST GENIEZ,NON,15940,14:06,IC SRO,ST FLOUR CHAUDES AIGUES,JOUNOREST,FRIMW,12:12,FRINJ
1673,2023-08-15,SEVERAC LE CHATEAU,NON,15940,14:06,IC SRO,ST FLOUR CHAUDES AIGUES,JOUNOREST,FRIMW,11:58,FRSVC
1674,2023-08-15,BANASSAC LA CANOURGUE,NON,15940,14:27,IC SRO,NEUSSARGUES,JOUNOREST,FRNEU,12:29,FRINH
1675,2023-08-15,MILLAU,NON,15940,15:22,IC SRO,BRASSAC LES MINES STE FLORINE,JOUNOREST,FRHLE,11:26,FRMAU
1676,2023-08-15,MILLAU,NON,15940,14:57,IC SRO,MASSIAC BLESLE,JOUNOREST,FRHMY,11:26,FRMAU
1677,2023-08-15,BEZIERS,NON,15940,15:16,IC SRO,ARVANT,JOUNOREST,FRARV,09:33,FRBZR
1678,2023-08-15,ST ROME DE CERNON,NON,15940,11:13,IC SRO,ST GEORGES DE LUZENCON,JOUNOREST,FRINM,11:07,FRINN
1679,2023-08-15,LE BOUSQUET D'ORB,NON,15940,12:49,IC SRO,MARVEJOLS,JOUNOREST,FRINE,10:19,FRIMG
1680,2023-08-15,ST ROME DE CERNON,NON,15940,15:35,IC SRO,ISSOIRE,JOUNOREST,FRHLB,11:07,FRINN
1681,2023-08-15,TOURNEMIRE ROQUEFORT,NON,15940,15:22,IC SRO,BRASSAC LES MINES STE FLORINE,JOUNOREST,FRHLE,10:59,FRINO
1682,2023-08-15,BANASSAC LA CANOURGUE,NON,15940,14:06,IC SRO,ST FLOUR CHAUDES AIGUES,JOUNOREST,FRIMW,12:29,FRINH
1683,2023-08-15,BEZIERS,NON,15940,09:46,IC SRO,MAGALAS,JOUNOREST,FRIMK,09:33,FRBZR
1684,2023-08-15,MAGALAS,NON,15940,16:01,IC SRO,CLERMONT FERRAND,JOUNOREST,FRCFE,09:47,FRIMK
1685,2023-08-15,MAGALAS,NON,15940,10:06,IC SRO,BEDARIEUX,JOUNOREST,FRIMH,09:47,FRIMK
1686,2023-08-15,CAMPAGNAC ST GENIEZ,NON,15940,13:14,IC SRO,AUMONT AUBRAC,JOUNOREST,FRINC,12:12,FRINJ
1687,2023-08-15,MAGALAS,NON,15940,11:24,IC SRO,MILLAU,JOUNOREST,FRMAU,09:47,FRIMK
1688,2023-08-15,ST GEORGES DE LUZENCON,NON,15940,12:26,IC SRO,BANASSAC LA CANOURGUE,JOUNOREST,FRINH,11:14,FRINM
1689,2023-08-15,MAGALAS,NON,15940,14:27,IC SRO,NEUSSARGUES,JOUNOREST,FRNEU,09:47,FRIMK
1690,2023-08-15,MAGALAS,NON,15940,10:33,IC SRO,CEILHES ROQUEREDONDE,JOUNOREST,FRIMC,09:47,FRIMK
1691,2023-08-15,CAMPAGNAC ST GENIEZ,NON,15940,12:49,IC SRO,MARVEJOLS,JOUNOREST,FRINE,12:12,FRINJ
1692,2023-08-15,ST ROME DE CERNON,NON,15940,12:26,IC SRO,BANASSAC LA CANOURGUE,JOUNOREST,FRINH,11:07,FRINN
1693,2023-08-15,TOURNEMIRE ROQUEFORT,NON,15940,14:06,IC SRO,ST FLOUR CHAUDES AIGUES,JOUNOREST,FRIMW,10:59,FRINO
1694,2023-08-15,LE BOUSQUET D'ORB,NON,15940,15:22,IC SRO,BRASSAC LES MINES STE FLORINE,JOUNOREST,FRHLE,10:19,FRIMG
1695,2023-08-15,LE MONASTIER,NON,15940,12:49,IC SRO,MARVEJOLS,JOUNOREST,FRINE,12:42,FRLMR
1696,2023-08-15,ST ROME DE CERNON,NON,15940,12:11,IC SRO,CAMPAGNAC ST GENIEZ,JOUNOREST,FRINJ,11:07,FRINN
1697,2023-08-15,TBD,NON,15940,12:41,IC SRO,TBD,JOUNOREST,FRLMR,11:26,FRMAU
1698,2023-08-15,TBD,NON,15940,14:06,IC SRO,TBD,JOUNOREST,FRIMW,12:42,FRLMR
1699,2023-08-15,TBD,NON,15940,12:41,IC SRO,TBD,JOUNOREST,FRLMR,10:34,FRIMC
1700,2023-08-15,PARIS (intramuros),OUI,7189,20:40,NORD,ARRAS,PAARRAS,FRQRV,19:52,FRPNO
1701,2023-08-15,DIJON VILLE,OUI,6703,12:18,SUD EST,MULHOUSE VILLE,PABOUR,FRAEK,11:02,FRABA
1702,2023-08-15,DIJON VILLE,OUI,6703,11:29,SUD EST,BESANCON - F COMTE TGV,PABOUR,FRTJB,11:02,FRABA
1703,2023-08-15,MONTBARD,NON,6703,11:53,SUD EST,BELFORT-MONTBELIARD TGV,PABOUR,FRTJA,10:24,FRGWE
1704,2023-08-15,PARIS (intramuros),NON,6703,10:21,SUD EST,MONTBARD,PABOUR,FRGWE,09:18,FRPLY
1705,2023-08-15,PARIS (intramuros),NON,6175,15:57,SUD EST,NICE VILLE,PAAZUR,FRNIC,10:10,FRPLY
1706,2023-08-15,PARIS (intramuros),NON,6175,15:38,SUD EST,ANTIBES,PAAZUR,FRXAT,10:10,FRPLY
1707,2023-08-15,LES ARCS DRAGUIGNAN,OUI,6175,15:57,SUD EST,NICE VILLE,PAAZUR,FRNIC,14:51,FRXRS
1708,2023-08-15,BREST,NON,8636,20:20,ATLANTIQUE,PARIS (intramuros),BRETAPARIS,FRPMO,16:13,FRBES
1709,2023-08-15,GUINGAMP,OUI,8636,17:44,ATLANTIQUE,LAMBALLE,BRETAPARIS,FRLAM,17:16,FRGGP
1710,2023-08-15,GUINGAMP,OUI,8636,18:25,ATLANTIQUE,RENNES,BRETAPARIS,FRRNS,17:16,FRGGP
1711,2023-08-15,STRASBOURG,NON,9563,18:59,INTERNATIONAL,FRANKFURT MAIN HBF,PAFRANC,DEFRH,17:13,FRAEG
1712,2023-08-15,ANGOULEME,NON,5284,16:41,NORD,AEROPORT CDG2 TGV ROISSY,JCAQUINORD,FRMLW,13:36,FRANG
1713,2023-08-15,ANGOULEME,NON,5284,14:16,NORD,POITIERS,JCAQUINORD,FRPIS,13:36,FRANG
1714,2023-08-15,ANGOULEME,NON,5284,17:15,NORD,TGV HAUTE PICARDIE,JCAQUINORD,FRTHP,13:36,FRANG
1715,2023-08-15,ANGOULEME,NON,5284,14:50,NORD,ST PIERRE DES CORPS,JCAQUINORD,FRXSH,13:36,FRANG
1716,2023-08-15,BORDEAUX ST JEAN,OUI,5284,13:33,NORD,ANGOULEME,JCAQUINORD,FRANG,12:58,FRBOJ
1717,2023-08-15,BORDEAUX ST JEAN,NON,5284,16:41,NORD,AEROPORT CDG2 TGV ROISSY,JCAQUINORD,FRMLW,12:58,FRBOJ
1718,2023-08-15,BORDEAUX ST JEAN,NON,5284,14:50,NORD,ST PIERRE DES CORPS,JCAQUINORD,FRXSH,12:58,FRBOJ
1719,2023-08-15,MASSY TGV,NON,5284,17:57,NORD,LILLE (intramuros),JCAQUINORD,FRLLE,15:55,FRDJU
1720,2023-08-15,MASSY TGV,NON,5284,16:27,NORD,MARNE LA VALLEE CHESSY,JCAQUINORD,FRMLV,15:55,FRDJU
1721,2023-08-15,MARNE LA VALLEE CHESSY,NON,5284,17:15,NORD,TGV HAUTE PICARDIE,JCAQUINORD,FRTHP,16:31,FRMLV
1722,2023-08-15,POITIERS,NON,5284,16:41,NORD,AEROPORT CDG2 TGV ROISSY,JCAQUINORD,FRMLW,14:19,FRPIS
1723,2023-08-15,POITIERS,NON,5284,17:15,NORD,TGV HAUTE PICARDIE,JCAQUINORD,FRTHP,14:19,FRPIS
1724,2023-08-15,POITIERS,NON,5284,14:50,NORD,ST PIERRE DES CORPS,JCAQUINORD,FRXSH,14:19,FRPIS
1725,2023-08-15,ST PIERRE DES CORPS,NON,5284,15:49,NORD,MASSY TGV,JCAQUINORD,FRDJU,14:54,FRXSH
1726,2023-08-15,PARIS (intramuros),OUI,6617,15:56,SUD EST,LYON (intramuros),PARISRHONE,FRLPD,13:52,FRPLY
1727,2023-08-15,LE CREUSOT MONTCEAU MONTCHANIN,OUI,6617,16:10,SUD EST,LYON (intramuros),PARISRHONE,FRLPE,15:13,FRXCC
1728,2023-08-15,PARIS (intramuros),NON,9711,11:56,SUD EST,PERPIGNAN,PABARCELONE,FRPGF,06:56,FRPLY
1729,2023-08-15,SETE,NON,9711,11:56,SUD EST,PERPIGNAN,PABARCELONE,FRPGF,10:34,FRXSY
1730,2023-08-15,SETE,NON,9711,11:20,SUD EST,NARBONNE,PABARCELONE,FRXNA,10:34,FRXSY
1731,2023-08-15,PARIS (intramuros),NON,9711,10:08,SUD EST,MONTPELLIER SUD DE FRANCE,PABARCELONE,FRSUF,06:56,FRPLY
1732,2023-08-15,NIMES PONT DU GARD,NON,9711,10:08,SUD EST,MONTPELLIER SUD DE FRANCE,PABARCELONE,FRSUF,09:49,FRXZP
1733,2023-08-15,NIMES PONT DU GARD,NON,9711,13:25,SUD EST,BARCELONA SANTS,PABARCELONE,ESBST,09:49,FRXZP
1734,2023-08-15,VALENCE TGV RHONE-ALPES SUD,NON,9711,12:27,SUD EST,FIGUERES VILA TGV,PABARCELONE,ESFIR,09:10,FRVLA
1735,2023-08-15,NARBONNE,NON,9711,12:27,SUD EST,FIGUERES VILA TGV,PABARCELONE,ESFIR,11:23,FRXNA
1736,2023-08-15,NIMES PONT DU GARD,NON,9711,12:44,SUD EST,GIRONA,PABARCELONE,ESGRO,09:49,FRXZP
1737,2023-08-15,AGDE,NON,9711,12:27,SUD EST,FIGUERES VILA TGV,PABARCELONE,ESFIR,10:51,FRXAG
1738,2023-08-15,MONTPELLIER SUD DE FRANCE,NON,9711,12:27,SUD EST,FIGUERES VILA TGV,PABARCELONE,ESFIR,10:17,FRSUF
1739,2023-08-15,PARIS (intramuros),OUI,6941,16:32,SUD EST,ANNECY,PARISALPES,FRNCY,12:46,FRPLY
1740,2023-08-15,AIX LES BAINS LE REVARD,OUI,6941,16:32,SUD EST,ANNECY,PARISALPES,FRNCY,16:02,FRXAI
1741,2023-08-15,NIORT,NON,8388,21:40,ATLANTIQUE,PARIS (intramuros),ROCHELLEPA,FRPMO,19:16,FRNIT
1742,2023-08-15,PARIS (intramuros),OUI,8389,19:18,ATLANTIQUE,NIORT,PAROCHELLE,FRNIT,16:57,FRPMO
1743,2023-08-15,PARIS (intramuros),OUI,8389,18:31,ATLANTIQUE,POITIERS,PAROCHELLE,FRPIS,16:57,FRPMO
1744,2023-08-15,MONTPELLIER SAINT-ROCH,OUI,6034,14:15,SUD EST,NIMES,LANGPA,FRFNI,13:50,FRMPL
1745,2023-08-15,DIJON VILLE,NON,5500,19:09,EST,MULHOUSE VILLE,JCRHONRHIN,FRAEK,17:50,FRABA
1746,2023-08-15,DIJON VILLE,NON,5500,18:44,EST,BELFORT-MONTBELIARD TGV,JCRHONRHIN,FRTJA,17:50,FRABA
1747,2023-08-15,DIJON VILLE,NON,5500,18:17,EST,BESANCON - F COMTE TGV,JCRHONRHIN,FRTJB,17:50,FRABA
1748,2023-08-15,STRASBOURG,OUI,5500,21:13,EST,METZ VILLE,JCRHONRHIN,FRADE,20:24,FRAEG
1749,2023-08-15,MULHOUSE VILLE,NON,5500,20:13,EST,STRASBOURG,JCRHONRHIN,FRAEG,19:12,FRAEK
1750,2023-08-15,MULHOUSE VILLE,NON,5500,19:41,EST,COLMAR,JCRHONRHIN,FRAEJ,19:12,FRAEK
1751,2023-08-15,NIMES,NON,5500,21:13,EST,METZ VILLE,JCRHONRHIN,FRADE,14:25,FRFNI
1752,2023-08-15,NIMES,NON,5500,20:13,EST,STRASBOURG,JCRHONRHIN,FRAEG,14:25,FRFNI
1753,2023-08-15,NIMES,NON,5500,18:44,EST,BELFORT-MONTBELIARD TGV,JCRHONRHIN,FRTJA,14:25,FRFNI
1754,2023-08-15,MACON VILLE,NON,5500,18:17,EST,BESANCON - F COMTE TGV,JCRHONRHIN,FRTJB,16:41,FRHGU
1755,2023-08-15,LYON (intramuros),NON,5500,20:13,EST,STRASBOURG,JCRHONRHIN,FRAEG,16:04,FRLPD
1756,2023-08-15,LYON (intramuros),NON,5500,16:39,EST,MACON VILLE,JCRHONRHIN,FRHGU,16:04,FRLPD
1757,2023-08-15,LYON (intramuros),NON,5500,18:17,EST,BESANCON - F COMTE TGV,JCRHONRHIN,FRTJB,16:04,FRLPD
1758,2023-08-15,MONTPELLIER SAINT-ROCH,NON,5500,17:40,EST,DIJON VILLE,JCRHONRHIN,FRABA,13:57,FRMPL
1759,2023-08-15,MONTPELLIER SAINT-ROCH,NON,5500,19:41,EST,COLMAR,JCRHONRHIN,FRAEJ,13:57,FRMPL
1760,2023-08-15,MONTPELLIER SAINT-ROCH,NON,5500,19:09,EST,MULHOUSE VILLE,JCRHONRHIN,FRAEK,13:57,FRMPL
1761,2023-08-15,MONTPELLIER SAINT-ROCH,NON,5500,18:44,EST,BELFORT-MONTBELIARD TGV,JCRHONRHIN,FRTJA,13:57,FRMPL
1762,2023-08-15,BELFORT-MONTBELIARD TGV,NON,5500,19:09,EST,MULHOUSE VILLE,JCRHONRHIN,FRAEK,18:47,FRTJA
1763,2023-08-15,BESANCON - F COMTE TGV,NON,5500,19:41,EST,COLMAR,JCRHONRHIN,FRAEJ,18:22,FRTJB
1764,2023-08-15,VALENCE TGV RHONE-ALPES SUD,NON,5500,16:39,EST,MACON VILLE,JCRHONRHIN,FRHGU,15:12,FRVLA
1765,2023-08-15,FORBACH,NON,9557,21:35,INTERNATIONAL,KAISERSLAUTERN HBF,PAFRANC,DEKLT,20:49,FRBQT
1766,2023-08-15,PARIS (intramuros),NON,9557,21:35,INTERNATIONAL,KAISERSLAUTERN HBF,PAFRANC,DEKLT,19:07,FRPST
1767,2023-08-15,MULHOUSE VILLE,OUI,6708,20:42,SUD EST,PARIS (intramuros),BOURPA,FRPLY,17:46,FRAEK
1768,2023-08-15,BESANCON - F COMTE TGV,OUI,6708,19:02,SUD EST,DIJON VILLE,BOURPA,FRABA,18:34,FRTJB
1769,2023-08-15,POITIERS,OUI,8395,23:08,ATLANTIQUE,SURGERES,PAROCHELLE,FREIP,21:49,FRPIS
1770,2023-08-15,BEZIERS,OUI,6206,16:15,SUD EST,NIMES,LANGPA,FRFNI,14:57,FRBZR
1771,2023-08-15,BEZIERS,NON,6206,17:00,SUD EST,VALENCE TGV RHONE-ALPES SUD,LANGPA,FRVLA,14:57,FRBZR
1772,2023-08-15,NIMES,NON,6206,19:18,SUD EST,PARIS (intramuros),LANGPA,FRPLY,16:19,FRFNI
1773,2023-08-15,MONTPELLIER SAINT-ROCH,NON,6206,19:18,SUD EST,PARIS (intramuros),LANGPA,FRPLY,15:50,FRMPL
1774,2023-08-15,PERPIGNAN,OUI,6206,16:15,SUD EST,NIMES,LANGPA,FRFNI,14:04,FRPGF
1775,2023-08-15,PERPIGNAN,OUI,6206,15:43,SUD EST,MONTPELLIER SAINT-ROCH,LANGPA,FRMPL,14:04,FRPGF
1776,2023-08-15,PERPIGNAN,NON,6206,17:00,SUD EST,VALENCE TGV RHONE-ALPES SUD,LANGPA,FRVLA,14:04,FRPGF
1777,2023-08-15,PERPIGNAN,OUI,6206,14:38,SUD EST,NARBONNE,LANGPA,FRXNA,14:04,FRPGF
1778,2023-08-15,NARBONNE,NON,6206,17:00,SUD EST,VALENCE TGV RHONE-ALPES SUD,LANGPA,FRVLA,14:41,FRXNA
1779,2023-08-15,SETE,NON,6206,17:00,SUD EST,VALENCE TGV RHONE-ALPES SUD,LANGPA,FRVLA,15:27,FRXSY
1780,2023-08-15,JONZAC,NON,3833,16:08,IC SRO,BORDEAUX ST JEAN,NANTEBORDO,FRBOJ,15:11,FREMR
1781,2023-08-15,LUCON,NON,3833,16:08,IC SRO,BORDEAUX ST JEAN,NANTEBORDO,FRBOJ,13:00,FRLCN
1782,2023-08-15,NANTES,NON,3833,16:08,IC SRO,BORDEAUX ST JEAN,NANTEBORDO,FRBOJ,11:55,FRNTE
1783,2023-08-15,NANTES,NON,3833,13:39,IC SRO,LA ROCHELLE VILLE,NANTEBORDO,FRLRH,11:55,FRNTE
1784,2023-08-15,NANTES,NON,3833,14:32,IC SRO,SAINTES,NANTEBORDO,FRXST,11:55,FRNTE
1785,2023-08-15,LA ROCHE SUR YON,NON,3833,15:10,IC SRO,JONZAC,NANTEBORDO,FREMR,12:36,FRXRO
1786,2023-08-15,BEZIERS,NON,6825,21:33,SUD EST,CARCASSONNE,JCPROVSUD,FRCCF,20:48,FRBZR
1787,2023-08-15,NIMES,NON,6825,20:45,SUD EST,BEZIERS,JCPROVSUD,FRBZR,19:38,FRFNI
1788,2023-08-15,NIMES,NON,6825,22:19,SUD EST,TOULOUSE MATABIAU,JCPROVSUD,FRXYT,19:38,FRFNI
1789,2023-08-15,LYON (intramuros),NON,6825,19:35,SUD EST,NIMES,JCPROVSUD,FRFNI,18:09,FRLPD
1790,2023-08-15,LYON (intramuros),NON,6825,20:21,SUD EST,SETE,JCPROVSUD,FRXSY,18:09,FRLPD
1791,2023-08-15,LYON (intramuros),NON,6825,22:19,SUD EST,TOULOUSE MATABIAU,JCPROVSUD,FRXYT,18:09,FRLPD
1792,2023-08-15,MONTPELLIER SAINT-ROCH,NON,6825,21:01,SUD EST,NARBONNE,JCPROVSUD,FRXNA,20:07,FRMPL
1793,2023-08-15,VALENCE TGV RHONE-ALPES SUD,NON,6825,20:21,SUD EST,SETE,JCPROVSUD,FRXSY,18:53,FRVLA
1794,2023-08-15,NARBONNE,NON,6825,22:19,SUD EST,TOULOUSE MATABIAU,JCPROVSUD,FRXYT,21:04,FRXNA
1795,2023-08-15,SETE,NON,6825,21:33,SUD EST,CARCASSONNE,JCPROVSUD,FRCCF,20:24,FRXSY
1796,2023-08-15,SETE,NON,6825,22:19,SUD EST,TOULOUSE MATABIAU,JCPROVSUD,FRXYT,20:24,FRXSY
1797,2023-08-15,NANTES,NON,5320,21:47,SUD EST,LYON (intramuros),JCATLSUD,FRLPE,17:05,FRNTE
1798,2023-08-15,BELFORT-MONTBELIARD TGV,OUI,6706,17:35,SUD EST,MONTBARD,BOURPA,FRGWE,16:05,FRTJA
1799,2023-08-15,CLERMONT FERRAND,OUI,5990,19:40,IC ARO,RIOM CHATEL GUYON,CLERMONTPA,FRRIO,19:31,FRCFE
1800,2023-08-15,CLERMONT FERRAND,OUI,5990,20:04,IC ARO,VICHY,CLERMONTPA,FRVHY,19:31,FRCFE
1801,2023-08-15,RIOM CHATEL GUYON,NON,5990,20:58,IC ARO,NEVERS,CLERMONTPA,FRNVS,19:42,FRRIO
1802,2023-08-15,RIOM CHATEL GUYON,NON,5990,20:29,IC ARO,MOULINS SUR ALLIER,CLERMONTPA,FRXMU,19:42,FRRIO
1803,2023-08-15,VICHY,NON,5990,20:29,IC ARO,MOULINS SUR ALLIER,CLERMONTPA,FRXMU,20:06,FRVHY
1804,2023-08-15,RETHEL,OUI,2765,23:35,EST,SEDAN,PABARSED,FRXSW,22:42,FRBDT
1805,2023-08-15,PARIS (intramuros),OUI,2765,23:35,EST,SEDAN,PABARSED,FRXSW,21:28,FRPST
1806,2023-08-15,PARIS (intramuros),OUI,6745,19:01,SUD EST,DOLE VILLE,PABOUR,FRACE,16:52,FRPLY
1807,2023-08-15,CANNES,OUI,6166,13:25,SUD EST,ST RAPHAEL VALESCURE,AZURPA,FRXSK,13:04,FRJCA
1808,2023-08-15,NICE VILLE,OUI,6166,13:00,SUD EST,CANNES,AZURPA,FRJCA,12:35,FRNIC
1809,2023-08-15,NICE VILLE,NON,6166,18:16,SUD EST,PARIS (intramuros),AZURPA,FRPLY,12:35,FRNIC
1810,2023-08-15,ANTIBES,OUI,6166,14:14,SUD EST,TOULON,AZURPA,FRTLN,12:50,FRXAT
1811,2023-08-15,ST RAPHAEL VALESCURE,NON,6166,18:16,SUD EST,PARIS (intramuros),AZURPA,FRPLY,13:28,FRXSK
1812,2023-08-15,DIJON VILLE,NON,2087,13:46,EST,VALENCE TGV RHONE-ALPES SUD,JCRHINRHON,FRVLA,11:21,FRABA
1813,2023-08-15,STRASBOURG,NON,2087,13:46,EST,VALENCE TGV RHONE-ALPES SUD,JCRHINRHON,FRVLA,09:03,FRAEG
1814,2023-08-15,MULHOUSE VILLE,NON,2087,10:18,EST,BELFORT-MONTBELIARD TGV,JCRHINRHON,FRTJA,09:57,FRAEK
1815,2023-08-15,AIX EN PROVENCE TGV,OUI,2087,15:07,EST,MARSEILLE ST CHARLES,JCRHINRHON,FRMSC,14:52,FRAIE
1816,2023-08-15,LYON (intramuros),NON,2087,15:07,EST,MARSEILLE ST CHARLES,JCRHINRHON,FRMSC,13:06,FRLPD
1817,2023-08-15,LYON (intramuros),NON,2087,13:46,EST,VALENCE TGV RHONE-ALPES SUD,JCRHINRHON,FRVLA,13:06,FRLPD
1818,2023-08-15,BELFORT-MONTBELIARD TGV,NON,2087,11:11,EST,DIJON VILLE,JCRHINRHON,FRABA,10:21,FRTJA
1819,2023-08-15,BELFORT-MONTBELIARD TGV,NON,2087,15:07,EST,MARSEILLE ST CHARLES,JCRHINRHON,FRMSC,10:21,FRTJA
1820,2023-08-15,VALENCE TGV RHONE-ALPES SUD,NON,2087,15:07,EST,MARSEILLE ST CHARLES,JCRHINRHON,FRMSC,13:51,FRVLA
1821,2023-08-15,LIMOGES BENEDICTINS,OUI,3645,19:29,IC ARO,SOUILLAC,PALITO,FRSOU,18:02,FRAGQ
1822,2023-08-15,LIMOGES BENEDICTINS,OUI,3645,20:54,IC ARO,MONTAUBAN VILLE BOURBON,PALITO,FRXMW,18:02,FRAGQ
1823,2023-08-15,BRIVE LA GAILLARDE,OUI,3645,20:54,IC ARO,MONTAUBAN VILLE BOURBON,PALITO,FRXMW,19:06,FRBVE
1824,2023-08-15,CHATEAUROUX,OUI,3645,19:02,IC ARO,BRIVE LA GAILLARDE,PALITO,FRBVE,16:48,FRCHR
1825,2023-08-15,CHATEAUROUX,OUI,3645,19:46,IC ARO,GOURDON,PALITO,FRFSI,16:48,FRCHR
1826,2023-08-15,CHATEAUROUX,OUI,3645,17:23,IC ARO,LA SOUTERRAINE,PALITO,FRLST,16:48,FRCHR
1827,2023-08-15,GOURDON,OUI,3645,20:54,IC ARO,MONTAUBAN VILLE BOURBON,PALITO,FRXMW,19:48,FRFSI
1828,2023-08-15,GOURDON,OUI,3645,21:23,IC ARO,TOULOUSE MATABIAU,PALITO,FRXYT,19:48,FRFSI
1829,2023-08-15,CAUSSADE TARN ET GARONNE,OUI,3645,20:54,IC ARO,MONTAUBAN VILLE BOURBON,PALITO,FRXMW,20:40,FRFTA
1830,2023-08-15,LES AUBRAIS ORLEANS,OUI,3645,17:57,IC ARO,LIMOGES BENEDICTINS,PALITO,FRAGQ,15:40,FRLAB
1831,2023-08-15,LES AUBRAIS ORLEANS,OUI,3645,19:02,IC ARO,BRIVE LA GAILLARDE,PALITO,FRBVE,15:40,FRLAB
1832,2023-08-15,LES AUBRAIS ORLEANS,OUI,3645,16:14,IC ARO,VIERZON VILLE,PALITO,FRXVZ,15:40,FRLAB
1833,2023-08-15,LA SOUTERRAINE,OUI,3645,17:57,IC ARO,LIMOGES BENEDICTINS,PALITO,FRAGQ,17:25,FRLST
1834,2023-08-15,PARIS (intramuros),OUI,3645,15:38,IC ARO,LES AUBRAIS ORLEANS,PALITO,FRLAB,14:40,FRPAZ
1835,2023-08-15,PARIS (intramuros),OUI,3645,19:29,IC ARO,SOUILLAC,PALITO,FRSOU,14:40,FRPAZ
1836,2023-08-15,PARIS (intramuros),OUI,3645,16:14,IC ARO,VIERZON VILLE,PALITO,FRXVZ,14:40,FRPAZ
1837,2023-08-15,SOUILLAC,OUI,3645,21:23,IC ARO,TOULOUSE MATABIAU,PALITO,FRXYT,19:31,FRSOU
1838,2023-08-15,VIERZON VILLE,OUI,3645,19:29,IC ARO,SOUILLAC,PALITO,FRSOU,16:17,FRXVZ
1839,2023-08-15,VIERZON VILLE,OUI,3645,21:23,IC ARO,TOULOUSE MATABIAU,PALITO,FRXYT,16:17,FRXVZ
1840,2023-08-15,CAHORS,OUI,3645,21:23,IC ARO,TOULOUSE MATABIAU,PALITO,FRXYT,20:14,FRZAO
1841,2023-08-15,VIERZON VILLE,OUI,3645,20:54,IC ARO,MONTAUBAN VILLE BOURBON,PALITO,FRXMW,16:17,FRXVZ
1842,2023-08-15,PAU,OUI,8589,20:56,ATLANTIQUE,DAX,SUDOUESTPA,FRACG,20:10,FRAEE
1843,2023-08-15,TARBES,NON,8589,22:11,ATLANTIQUE,BORDEAUX ST JEAN,SUDOUESTPA,FRBOJ,19:26,FRXTB
1844,2023-08-15,ORTHEZ,NON,3742,07:19,IC NUIT,PARIS (intramuros),PALOMBEPAR,FRPAZ,21:22,FRGFI
1845,2023-08-15,LOURDES,NON,3742,07:19,IC NUIT,PARIS (intramuros),PALOMBEPAR,FRPAZ,22:13,FRLDE
1846,2023-08-15,TARBES,NON,3742,06:08,IC NUIT,LES AUBRAIS ORLEANS,PALOMBEPAR,FRLAB,22:29,FRXTB
1847,2023-08-15,AEROPORT CDG2 TGV ROISSY,NON,5102,10:11,NORD,AVIGNON TGV,JCNORDSUD,FRAVG,06:56,FRMLW
1848,2023-08-15,MONTPELLIER SUD DE FRANCE,NON,6054,22:08,SUD EST,PARIS (intramuros),LANGPA,FRPLY,18:53,FRSUF
1849,2023-08-15,MONTPELLIER SUD DE FRANCE,OUI,6054,19:11,SUD EST,NIMES PONT DU GARD,LANGPA,FRXZP,18:53,FRSUF
1850,2023-08-15,NIORT,OUI,8392,22:35,ATLANTIQUE,POITIERS,ROCHELLEPA,FRPIS,21:50,FRNIT
1851,2023-08-15,POITIERS,OUI,8392,00:17,ATLANTIQUE,PARIS (intramuros),ROCHELLEPA,FRPMO,22:41,FRPIS
1852,2023-08-15,PARIS (intramuros),OUI,8731,20:51,ATLANTIQUE,LORIENT,PARISBRETA,FRLRT,17:56,FRPMO
1853,2023-08-15,RENNES,OUI,8731,20:24,ATLANTIQUE,VANNES,PARISBRETA,FRVNE,19:29,FRRNS
1854,2023-08-15,BEZIERS,OUI,6223,21:20,SUD EST,NARBONNE,PALANG,FRXNA,21:06,FRBZR
1855,2023-08-15,NIMES,OUI,6223,21:56,SUD EST,PERPIGNAN,PALANG,FRPGF,19:47,FRFNI
1856,2023-08-15,NIMES,OUI,6223,20:49,SUD EST,AGDE,PALANG,FRXAG,19:47,FRFNI
1857,2023-08-15,NIMES,OUI,6223,21:20,SUD EST,NARBONNE,PALANG,FRXNA,19:47,FRFNI
1858,2023-08-15,MONTPELLIER SAINT-ROCH,OUI,6223,21:56,SUD EST,PERPIGNAN,PALANG,FRPGF,20:19,FRMPL
1859,2023-08-15,PARIS (intramuros),OUI,6223,19:43,SUD EST,NIMES,PALANG,FRFNI,16:42,FRPLY
1860,2023-08-15,AGDE,OUI,6223,21:03,SUD EST,BEZIERS,PALANG,FRBZR,20:52,FRXAG
1861,2023-08-15,SETE,OUI,6223,20:49,SUD EST,AGDE,PALANG,FRXAG,20:37,FRXSY
1862,2023-08-15,DAX,OUI,8541,16:42,ATLANTIQUE,ST JEAN DE LUZ CIBOURE,PASUDOUEST,FRXJZ,15:41,FRACG
1863,2023-08-15,BAYONNE,OUI,8541,16:42,ATLANTIQUE,ST JEAN DE LUZ CIBOURE,PASUDOUEST,FRXJZ,16:17,FRXBY
1864,2023-08-15,NIMES,OUI,6033,13:13,SUD EST,MONTPELLIER SAINT-ROCH,PALANG,FRMPL,12:47,FRFNI
1865,2023-08-15,DIJON VILLE,NON,2204,18:44,EST,BELFORT-MONTBELIARD TGV,JCRHONRHIN,FRTJA,17:50,FRABA
1866,2023-08-15,MULHOUSE VILLE,OUI,2204,20:13,EST,STRASBOURG,JCRHONRHIN,FRAEG,19:12,FRAEK
1867,2023-08-15,NIMES,NON,2204,15:09,EST,VALENCE TGV RHONE-ALPES SUD,JCRHONRHIN,FRVLA,14:25,FRFNI
1868,2023-08-15,MACON VILLE,NON,2204,20:13,EST,STRASBOURG,JCRHONRHIN,FRAEG,16:41,FRHGU
1869,2023-08-15,MACON VILLE,NON,2204,19:41,EST,COLMAR,JCRHONRHIN,FRAEJ,16:41,FRHGU
1870,2023-08-15,MACON VILLE,NON,2204,18:44,EST,BELFORT-MONTBELIARD TGV,JCRHONRHIN,FRTJA,16:41,FRHGU
1871,2023-08-15,LYON (intramuros),NON,2204,20:13,EST,STRASBOURG,JCRHONRHIN,FRAEG,16:04,FRLPD
1872,2023-08-15,MONTPELLIER SAINT-ROCH,NON,2204,17:40,EST,DIJON VILLE,JCRHONRHIN,FRABA,13:57,FRMPL
1873,2023-08-15,MONTPELLIER SAINT-ROCH,NON,2204,19:09,EST,MULHOUSE VILLE,JCRHONRHIN,FRAEK,13:57,FRMPL
1874,2023-08-15,MONTPELLIER SAINT-ROCH,NON,2204,18:44,EST,BELFORT-MONTBELIARD TGV,JCRHONRHIN,FRTJA,13:57,FRMPL
1875,2023-08-15,PARIS (intramuros),OUI,8657,04:20,ATLANTIQUE,ST BRIEUC,PARISBRETA,FRSBK,23:59,FRPMO
1876,2023-08-15,LYON (intramuros),OUI,6627,20:10,SUD EST,LYON (intramuros),PARISRHONE,FRLPE,20:02,FRLPD
1877,2023-08-15,LE CREUSOT MONTCEAU MONTCHANIN,OUI,6627,19:56,SUD EST,LYON (intramuros),PARISRHONE,FRLPD,19:12,FRXCC
1878,2023-08-15,BRUXELLES MIDI BRUSSEL ZUID,NON,9812,12:00,NORD,LYON (intramuros),JCNORDSUD,FRLPD,08:17,BEBMI
1879,2023-08-15,LILLE (intramuros),NON,9812,12:00,NORD,LYON (intramuros),JCNORDSUD,FRLPD,09:03,FRLLE
1880,2023-08-15,LILLE (intramuros),NON,9812,10:08,NORD,MARNE LA VALLEE CHESSY,JCNORDSUD,FRMLV,09:03,FRLLE
1881,2023-08-15,LILLE (intramuros),NON,9812,12:45,NORD,VALENCE TGV RHONE-ALPES SUD,JCNORDSUD,FRVLA,09:03,FRLLE
1882,2023-08-15,LYON (intramuros),NON,9812,14:03,NORD,MONTPELLIER SAINT-ROCH,JCNORDSUD,FRMPL,12:06,FRLPD
1883,2023-08-15,LYON (intramuros),NON,9812,12:45,NORD,VALENCE TGV RHONE-ALPES SUD,JCNORDSUD,FRVLA,12:06,FRLPD
1884,2023-08-15,QUIMPERLE,OUI,8751,23:30,ATLANTIQUE,ROSPORDEN,PARISBRETA,FRRSP,23:16,FRECO
1885,2023-08-15,QUIMPERLE,OUI,8751,23:45,ATLANTIQUE,QUIMPER,PARISBRETA,FRUIP,23:16,FRECO
1886,2023-08-15,PARIS (intramuros),OUI,8751,22:59,ATLANTIQUE,LORIENT,PARISBRETA,FRLRT,19:54,FRPMO
1887,2023-08-15,PARIS (intramuros),OUI,8751,23:30,ATLANTIQUE,ROSPORDEN,PARISBRETA,FRRSP,19:54,FRPMO
1888,2023-08-15,RENNES,OUI,8751,23:13,ATLANTIQUE,QUIMPERLE,PARISBRETA,FRECO,21:29,FRRNS
1889,2023-08-15,RENNES,OUI,8751,23:30,ATLANTIQUE,ROSPORDEN,PARISBRETA,FRRSP,21:29,FRRNS
1890,2023-08-15,ROSPORDEN,OUI,8751,23:45,ATLANTIQUE,QUIMPER,PARISBRETA,FRUIP,23:32,FRRSP
1891,2023-08-15,VANNES,OUI,8751,22:59,ATLANTIQUE,LORIENT,PARISBRETA,FRLRT,22:31,FRVNE
1892,2023-08-15,REDON,OUI,8751,23:45,ATLANTIQUE,QUIMPER,PARISBRETA,FRUIP,22:05,FRXRN
1893,2023-08-15,REDON,OUI,8751,22:41,ATLANTIQUE,AURAY,PARISBRETA,FRXUY,22:05,FRXRN
1894,2023-08-15,AGEN,NON,4655,10:15,IC ARO,BEZIERS,TJOURSOSE,FRBZR,07:33,FRAGF
1895,2023-08-15,AGEN,NON,4655,09:27,IC ARO,CARCASSONNE,TJOURSOSE,FRCCF,07:33,FRAGF
1896,2023-08-15,AGEN,NON,4655,12:36,IC ARO,MARSEILLE ST CHARLES,TJOURSOSE,FRMSC,07:33,FRAGF
1897,2023-08-15,AGEN,NON,4655,09:58,IC ARO,NARBONNE,TJOURSOSE,FRXNA,07:33,FRAGF
1898,2023-08-15,BORDEAUX ST JEAN,OUI,4655,08:37,IC ARO,TOULOUSE MATABIAU,TJOURSOSE,FRXYT,06:28,FRBOJ
1899,2023-08-15,MONTAUBAN VILLE BOURBON,NON,4655,10:15,IC ARO,BEZIERS,TJOURSOSE,FRBZR,08:10,FRXMW
1900,2023-08-15,MONTAUBAN VILLE BOURBON,NON,4655,11:22,IC ARO,NIMES,TJOURSOSE,FRFNI,08:10,FRXMW
1901,2023-08-15,TOULOUSE MATABIAU,NON,4655,10:15,IC ARO,BEZIERS,TJOURSOSE,FRBZR,08:45,FRXYT
1902,2023-08-15,TOULOUSE MATABIAU,NON,4655,09:27,IC ARO,CARCASSONNE,TJOURSOSE,FRCCF,08:45,FRXYT
1903,2023-08-15,TOULOUSE MATABIAU,NON,4655,12:36,IC ARO,MARSEILLE ST CHARLES,TJOURSOSE,FRMSC,08:45,FRXYT
1904,2023-08-15,PAU,NON,14150,18:52,IC SRO,TARBES,SUDOUEST,FRXTB,18:11,FRAEE
1905,2023-08-15,LOURDES,NON,14150,20:27,IC SRO,TOULOUSE MATABIAU,SUDOUEST,FRXYT,18:39,FRLDE
1906,2023-08-15,BAYONNE,NON,14150,18:08,IC SRO,PAU,SUDOUEST,FRAEE,17:03,FRXBY
1907,2023-08-15,BAYONNE,NON,14150,19:34,IC SRO,ST GAUDENS,SUDOUEST,FRFPH,17:03,FRXBY
1908,2023-08-15,BAYONNE,NON,14150,20:27,IC SRO,TOULOUSE MATABIAU,SUDOUEST,FRXYT,17:03,FRXBY
1909,2023-08-15,MULHOUSE VILLE,OUI,6704,12:51,SUD EST,BESANCON - F COMTE TGV,BOURPA,FRTJB,12:05,FRAEK
1910,2023-08-15,BELFORT-MONTBELIARD TGV,NON,6704,15:08,SUD EST,PARIS (intramuros),BOURPA,FRPLY,12:31,FRTJA
1911,2023-08-15,BELFORT-MONTBELIARD TGV,OUI,6704,12:51,SUD EST,BESANCON - F COMTE TGV,BOURPA,FRTJB,12:31,FRTJA
1912,2023-08-15,BESANCON - F COMTE TGV,NON,6704,14:02,SUD EST,MONTBARD,BOURPA,FRGWE,12:54,FRTJB
1913,2023-08-15,GRENOBLE,OUI,6928,21:50,SUD EST,LYON-SAINT EXUPERY TGV,GRENOBLEPA,FRJDQ,20:47,FRGNB
1914,2023-08-15,ANGERS ST LAUD,NON,5482,09:21,EST,LE MANS,JCATLEST,FRAET,08:43,FRACL
1915,2023-08-15,ANGERS ST LAUD,NON,5482,10:55,EST,MARNE LA VALLEE CHESSY,JCATLEST,FRMLV,08:43,FRACL
1916,2023-08-15,ANGERS ST LAUD,NON,5482,11:09,EST,AEROPORT CDG2 TGV ROISSY,JCATLEST,FRMLW,08:43,FRACL
1917,2023-08-15,LE MANS,NON,5482,10:55,EST,MARNE LA VALLEE CHESSY,JCATLEST,FRMLV,09:30,FRAET
1918,2023-08-15,MARNE LA VALLEE CHESSY,NON,5482,12:32,EST,LORRAINE TGV,JCATLEST,FREAM,11:00,FRMLV
1919,2023-08-15,MARNE LA VALLEE CHESSY,NON,5482,11:09,EST,AEROPORT CDG2 TGV ROISSY,JCATLEST,FRMLW,11:00,FRMLV
1920,2023-08-15,AEROPORT CDG2 TGV ROISSY,NON,5482,11:52,EST,CHAMPAGNE-ARDENNE,JCATLEST,FREAH,11:22,FRMLW
1921,2023-08-15,NANTES,NON,5482,10:20,EST,MASSY TGV,JCATLEST,FRDJU,08:03,FRNTE
1922,2023-08-15,COLMAR,NON,5535,23:04,EST,LYON (intramuros),JCRHINRHON,FRLPD,19:33,FRAEJ
1923,2023-08-15,COLMAR,NON,5535,20:49,EST,BESANCON - F COMTE TGV,JCRHINRHON,FRTJB,19:33,FRAEJ
1924,2023-08-15,MACON VILLE,OUI,5535,23:18,EST,LYON (intramuros),JCRHINRHON,FRLPE,22:29,FRHGU
1925,2023-08-15,BELFORT-MONTBELIARD TGV,NON,5535,22:26,EST,MACON VILLE,JCRHINRHON,FRHGU,20:29,FRTJA
1926,2023-08-15,LORRAINE TGV,OUI,2465,22:24,EST,STRASBOURG,PASTRAMULH,FRAEG,21:41,FREAM
1927,2023-08-15,POITIERS,OUI,8391,20:58,ATLANTIQUE,SURGERES,PAROCHELLE,FREIP,19:49,FRPIS
1928,2023-08-15,GRENOBLE,NON,6922,17:50,SUD EST,LYON-SAINT EXUPERY TGV,GRENOBLEPA,FRJDQ,16:47,FRGNB
1929,2023-08-15,MULHOUSE VILLE,OUI,6702,09:02,SUD EST,DIJON VILLE,BOURPA,FRABA,07:46,FRAEK
1930,2023-08-15,MULHOUSE VILLE,NON,6702,10:42,SUD EST,PARIS (intramuros),BOURPA,FRPLY,07:46,FRAEK
1931,2023-08-15,BELFORT-MONTBELIARD TGV,NON,6702,10:42,SUD EST,PARIS (intramuros),BOURPA,FRPLY,08:11,FRTJA
1932,2023-08-15,BESANCON - F COMTE TGV,NON,6702,10:42,SUD EST,PARIS (intramuros),BOURPA,FRPLY,08:34,FRTJB
1933,2023-08-15,PARIS (intramuros),OUI,8461,23:21,ATLANTIQUE,POITIERS,PASUDOUEST,FRPIS,21:45,FRPMO
1934,2023-08-15,ST PIERRE DES CORPS,OUI,8461,23:21,ATLANTIQUE,POITIERS,PASUDOUEST,FRPIS,22:49,FRXSH
1935,2023-08-15,PARIS (intramuros),OUI,2843,22:27,EST,THIONVILLE,PAMETZLUX,FRXTH,20:40,FRPST
1936,2023-08-15,BORDEAUX ST JEAN,NON,8585,21:52,ATLANTIQUE,PARIS (intramuros),SUDOUESTPA,FRPMO,19:45,FRBOJ
1937,2023-08-15,ORTHEZ,NON,8585,19:35,ATLANTIQUE,BORDEAUX ST JEAN,SUDOUESTPA,FRBOJ,17:44,FRGFI
1938,2023-08-15,LOURDES,OUI,8585,18:13,ATLANTIQUE,DAX,SUDOUESTPA,FRACG,16:49,FRLDE
1939,2023-08-15,LOURDES,NON,8585,19:35,ATLANTIQUE,BORDEAUX ST JEAN,SUDOUESTPA,FRBOJ,16:49,FRLDE
1940,2023-08-15,LAVAL,OUI,8739,21:59,ATLANTIQUE,LORIENT,PARISBRETA,FRLRT,19:58,FRACR
1941,2023-08-15,LAVAL,OUI,8739,22:45,ATLANTIQUE,QUIMPER,PARISBRETA,FRUIP,19:58,FRACR
1942,2023-08-15,LAVAL,OUI,8739,21:41,ATLANTIQUE,AURAY,PARISBRETA,FRXUY,19:58,FRACR
1943,2023-08-15,QUIMPERLE,OUI,8739,22:30,ATLANTIQUE,ROSPORDEN,PARISBRETA,FRRSP,22:16,FRECO
1944,2023-08-15,QUIMPERLE,OUI,8739,22:45,ATLANTIQUE,QUIMPER,PARISBRETA,FRUIP,22:16,FRECO
1945,2023-08-15,LORIENT,OUI,8739,22:45,ATLANTIQUE,QUIMPER,PARISBRETA,FRUIP,22:02,FRLRT
1946,2023-08-15,RENNES,OUI,8739,22:13,ATLANTIQUE,QUIMPERLE,PARISBRETA,FRECO,20:29,FRRNS
1947,2023-08-15,RENNES,OUI,8739,21:59,ATLANTIQUE,LORIENT,PARISBRETA,FRLRT,20:29,FRRNS
1948,2023-08-15,VANNES,OUI,8739,22:30,ATLANTIQUE,ROSPORDEN,PARISBRETA,FRRSP,21:31,FRVNE
1949,2023-08-15,VANNES,OUI,8739,21:41,ATLANTIQUE,AURAY,PARISBRETA,FRXUY,21:31,FRVNE
1950,2023-08-15,REDON,OUI,8739,22:13,ATLANTIQUE,QUIMPERLE,PARISBRETA,FRECO,21:05,FRXRN
1951,2023-08-15,REDON,OUI,8739,21:41,ATLANTIQUE,AURAY,PARISBRETA,FRXUY,21:05,FRXRN
1952,2023-08-15,STRASBOURG,OUI,9591,19:39,EST,OFFENBOURG/OFFENBURG,PASTRAMULH,DEZPA,19:11,FRAEG
1953,2023-08-15,LAHR SCHWARZW,OUI,9591,20:26,EST,FREIBURG BREISGAU HBF,PASTRAMULH,DEFGB,19:55,DEANL
1954,2023-08-15,CARCASSONNE,OUI,4669,21:58,IC ARO,NARBONNE,TJOURSOSE,FRXNA,21:29,FRCCF
1955,2023-08-15,MONTPELLIER SAINT-ROCH,OUI,4669,23:22,IC ARO,NIMES,TJOURSOSE,FRFNI,22:58,FRMPL
1956,2023-08-15,MONTAUBAN VILLE BOURBON,NON,4669,21:27,IC ARO,CARCASSONNE,TJOURSOSE,FRCCF,20:11,FRXMW
1957,2023-08-15,MONTAUBAN VILLE BOURBON,NON,4669,21:58,IC ARO,NARBONNE,TJOURSOSE,FRXNA,20:11,FRXMW
1958,2023-08-15,NARBONNE,OUI,4669,22:54,IC ARO,MONTPELLIER SAINT-ROCH,TJOURSOSE,FRMPL,22:01,FRXNA
1959,2023-08-15,TOULOUSE MATABIAU,OUI,4669,22:34,IC ARO,SETE,TJOURSOSE,FRXSY,20:45,FRXYT
1960,2023-08-15,PARIS (intramuros),OUI,7585,21:33,NORD,ETAPLES LE TOUQUET,PAARRAS,FRETA,18:52,FRPNO
1961,2023-08-15,PARIS (intramuros),OUI,7585,20:07,NORD,LILLE (intramuros),PAARRAS,FRLLE,18:52,FRPNO
1962,2023-08-15,ANGERS ST LAUD,NON,2206,19:29,EST,STRASBOURG,JCATLEST,FRAEG,14:49,FRACL
1963,2023-08-15,LE MANS,NON,2206,16:20,EST,MASSY TGV,JCATLEST,FRDJU,15:30,FRAET
1964,2023-08-15,MASSY TGV,NON,2206,18:48,EST,LORRAINE TGV,JCATLEST,FREAM,16:26,FRDJU
1965,2023-08-15,CHAMPAGNE-ARDENNE,NON,2206,18:48,EST,LORRAINE TGV,JCATLEST,FREAM,18:10,FREAH
1966,2023-08-15,NANTES,NON,2206,14:46,EST,ANGERS ST LAUD,JCATLEST,FRACL,14:09,FRNTE
1967,2023-08-15,NANTES,NON,2206,16:20,EST,MASSY TGV,JCATLEST,FRDJU,14:09,FRNTE
1968,2023-08-15,ANGERS ST LAUD,NON,9886,07:20,NORD,LE MANS,JCBRETNORD,FRAET,06:41,FRACL
1969,2023-08-15,ANGERS ST LAUD,NON,9886,09:10,NORD,AEROPORT CDG2 TGV ROISSY,JCBRETNORD,FRMLW,06:41,FRACL
1970,2023-08-15,LE MANS,NON,9886,08:18,NORD,MASSY TGV,JCBRETNORD,FRDJU,07:26,FRAET
1971,2023-08-15,LE MANS,NON,9886,09:45,NORD,TGV HAUTE PICARDIE,JCBRETNORD,FRTHP,07:26,FRAET
1972,2023-08-15,LILLE (intramuros),OUI,9886,11:01,NORD,BRUXELLES MIDI BRUSSEL ZUID,JCBRETNORD,BEBMI,10:27,FRLLE
1973,2023-08-15,NANTES,NON,9886,07:20,NORD,LE MANS,JCBRETNORD,FRAET,06:01,FRNTE
1974,2023-08-15,KAISERSLAUTERN HBF,NON,9551,12:59,INTERNATIONAL,FRANKFURT MAIN HBF,PAFRANC,DEFRH,11:36,DEKLT
1975,2023-08-15,MANNHEIM HBF,NON,9551,12:59,INTERNATIONAL,FRANKFURT MAIN HBF,PAFRANC,DEFRH,12:19,DEMHG
1976,2023-08-15,SARREBRUCK/SAARBRUECKEN,NON,9551,12:59,INTERNATIONAL,FRANKFURT MAIN HBF,PAFRANC,DEFRH,10:58,DESBK
1977,2023-08-15,SARREBRUCK/SAARBRUECKEN,NON,9551,11:34,INTERNATIONAL,KAISERSLAUTERN HBF,PAFRANC,DEKLT,10:58,DESBK
1978,2023-08-15,PARIS (intramuros),NON,9551,11:34,INTERNATIONAL,KAISERSLAUTERN HBF,PAFRANC,DEKLT,09:06,FRPST
1979,2023-08-15,PARIS (intramuros),NON,9551,10:56,INTERNATIONAL,SARREBRUCK/SAARBRUECKEN,PAFRANC,DESBK,09:06,FRPST
1980,2023-08-15,PARIS (intramuros),NON,9551,10:45,INTERNATIONAL,FORBACH,PAFRANC,FRBQT,09:06,FRPST
1981,2023-08-15,DAX,OUI,8547,18:25,ATLANTIQUE,BIARRITZ,PASUDOUEST,FRBIQ,17:42,FRACG
1982,2023-08-15,DAX,OUI,8547,18:41,ATLANTIQUE,ST JEAN DE LUZ CIBOURE,PASUDOUEST,FRXJZ,17:42,FRACG
1983,2023-08-15,BORDEAUX ST JEAN,NON,8547,17:38,ATLANTIQUE,DAX,PASUDOUEST,FRACG,16:21,FRBOJ
1984,2023-08-15,BORDEAUX ST JEAN,NON,8547,18:41,ATLANTIQUE,ST JEAN DE LUZ CIBOURE,PASUDOUEST,FRXJZ,16:21,FRBOJ
1985,2023-08-15,PARIS (intramuros),NON,8547,16:15,ATLANTIQUE,BORDEAUX ST JEAN,PASUDOUEST,FRBOJ,14:03,FRPMO
1986,2023-08-15,PARIS (intramuros),NON,8547,18:13,ATLANTIQUE,BAYONNE,PASUDOUEST,FRXBY,14:03,FRPMO
1987,2023-08-15,BAYONNE,OUI,8547,18:56,ATLANTIQUE,HENDAYE,PASUDOUEST,FRAEF,18:16,FRXBY
1988,2023-08-15,MASSY TGV,NON,8547,18:25,ATLANTIQUE,BIARRITZ,PASUDOUEST,FRBIQ,14:15,FRDJU
1989,2023-08-15,MASSY TGV,NON,8547,18:13,ATLANTIQUE,BAYONNE,PASUDOUEST,FRXBY,14:15,FRDJU
1990,2023-08-15,CHAMBERY CHALLES LES EAUX,NON,6980,19:39,SUD EST,MACON LOCHE TGV,ALPESPARIS,FRMLT,18:22,FRCMF
1991,2023-08-15,ANNECY,NON,6980,19:39,SUD EST,MACON LOCHE TGV,ALPESPARIS,FRMLT,17:32,FRNCY
1992,2023-08-15,AIX LES BAINS LE REVARD,NON,6980,19:39,SUD EST,MACON LOCHE TGV,ALPESPARIS,FRMLT,17:59,FRXAI
1993,2023-08-15,POITIERS,OUI,8393,22:02,ATLANTIQUE,SURGERES,PAROCHELLE,FREIP,20:58,FRPIS
1994,2023-08-15,POITIERS,OUI,8393,21:41,ATLANTIQUE,NIORT,PAROCHELLE,FRNIT,20:58,FRPIS
1995,2023-08-15,QUIMPERLE,NON,8742,21:56,ATLANTIQUE,PARIS (intramuros),BRETAPARIS,FRPMO,18:36,FRECO
1996,2023-08-15,QUIMPERLE,OUI,8742,19:05,ATLANTIQUE,AURAY,BRETAPARIS,FRXUY,18:36,FRECO
1997,2023-08-15,ROSPORDEN,OUI,8742,19:18,ATLANTIQUE,VANNES,BRETAPARIS,FRVNE,18:21,FRRSP
1998,2023-08-15,QUIMPER,OUI,8742,18:34,ATLANTIQUE,QUIMPERLE,BRETAPARIS,FRECO,18:08,FRUIP
1999,2023-08-15,QUIMPER,OUI,8742,18:19,ATLANTIQUE,ROSPORDEN,BRETAPARIS,FRRSP,18:08,FRUIP
2000,2023-08-15,QUIMPER,OUI,8742,19:18,ATLANTIQUE,VANNES,BRETAPARIS,FRVNE,18:08,FRUIP
2001,2023-08-15,AURAY,NON,8742,19:45,ATLANTIQUE,REDON,BRETAPARIS,FRXRN,19:08,FRXUY
2002,2023-08-15,PARIS (intramuros),NON,2377,20:41,EST,STRASBOURG,PASTRAMULH,FRAEG,18:55,FRPST
2003,2023-08-15,BORDEAUX ST JEAN,NON,8488,19:33,ATLANTIQUE,PARIS (intramuros),SUDOUESTPA,FRPMO,16:19,FRBOJ
2004,2023-08-15,LIBOURNE,NON,8488,19:33,ATLANTIQUE,PARIS (intramuros),SUDOUESTPA,FRPMO,16:42,FRXLR
2005,2023-08-15,ANGERS ST LAUD,NON,8122,16:23,ATLANTIQUE,LE MANS,LOIREPARIS,FRAET,15:44,FRACL
2006,2023-08-15,NANTES,NON,8122,16:23,ATLANTIQUE,LE MANS,LOIREPARIS,FRAET,15:05,FRNTE
2007,2023-08-15,PARIS (intramuros),OUI,8447,17:24,ATLANTIQUE,POITIERS,PASUDOUEST,FRPIS,16:03,FRPMO
2008,2023-08-15,NANTES,NON,8804,09:12,ATLANTIQUE,PARIS (intramuros),LOIREPARIS,FRPMO,07:05,FRNTE
2009,2023-08-15,KARLSRUHE HBF,NON,9577,21:04,INTERNATIONAL,AUGSBURG HBF,PASTUTMUN,DEAGB,18:27,DEQKA
2010,2023-08-15,STRASBOURG,NON,9577,21:04,INTERNATIONAL,AUGSBURG HBF,PASTUTMUN,DEAGB,17:46,FRAEG
2011,2023-08-15,STRASBOURG,NON,9577,18:24,INTERNATIONAL,KARLSRUHE HBF,PASTUTMUN,DEQKA,17:46,FRAEG
2012,2023-08-15,STRASBOURG,NON,9577,19:04,INTERNATIONAL,STUTTGART HBF,PASTUTMUN,DESGT,17:46,FRAEG
2013,2023-08-15,PARIS (intramuros),NON,9577,18:24,INTERNATIONAL,KARLSRUHE HBF,PASTUTMUN,DEQKA,15:55,FRPST
2014,2023-08-15,ST BRIEUC,OUI,8615,14:47,ATLANTIQUE,BREST,PARISBRETA,FRBES,13:23,FRSBK
2015,2023-08-15,POITIERS,OUI,8483,09:03,ATLANTIQUE,ANGOULEME,PASUDOUEST,FRANG,08:23,FRPIS
2016,2023-08-15,PARIS (intramuros),OUI,8483,10:12,ATLANTIQUE,BORDEAUX ST JEAN,PASUDOUEST,FRBOJ,06:49,FRPMO
2017,2023-08-15,LE MANS,NON,5210,11:17,NORD,RENNES,JCNORDBRET,FRRNS,10:32,FRAET
2018,2023-08-15,AEROPORT CDG2 TGV ROISSY,OUI,5210,09:34,NORD,MASSY TGV,JCNORDBRET,FRDJU,08:48,FRMLW
2019,2023-08-15,BRUXELLES MIDI BRUSSEL ZUID,OUI,9832,15:38,NORD,LILLE (intramuros),JCNORDBRET,FRLLE,15:03,BEBMI
2020,2023-08-15,LE MANS,NON,9832,19:09,NORD,ANGERS ST LAUD,JCNORDBRET,FRACL,18:32,FRAET
2021,2023-08-15,MASSY TGV,NON,9832,18:29,NORD,LE MANS,JCNORDBRET,FRAET,17:39,FRDJU
2022,2023-08-15,LILLE (intramuros),NON,9832,16:43,NORD,AEROPORT CDG2 TGV ROISSY,JCNORDBRET,FRMLW,15:52,FRLLE
2023,2023-08-15,MARNE LA VALLEE CHESSY,NON,9832,19:09,NORD,ANGERS ST LAUD,JCNORDBRET,FRACL,17:02,FRMLV
2024,2023-08-15,MARNE LA VALLEE CHESSY,NON,9832,18:29,NORD,LE MANS,JCNORDBRET,FRAET,17:02,FRMLV
2025,2023-08-15,AEROPORT CDG2 TGV ROISSY,NON,9832,16:58,NORD,MARNE LA VALLEE CHESSY,JCNORDBRET,FRMLV,16:49,FRMLW
2026,2023-08-15,BRUXELLES MIDI BRUSSEL ZUID,NON,9832,18:29,NORD,LE MANS,JCNORDBRET,FRAET,15:03,BEBMI
2027,2023-08-15,LES AUBRAIS ORLEANS,NON,3741,10:24,IC NUIT,HENDAYE,PARPALOMBE,FRAEF,22:24,FRLAB
2028,2023-08-15,LES AUBRAIS ORLEANS,NON,3741,09:55,IC NUIT,BIARRITZ,PARPALOMBE,FRBIQ,22:24,FRLAB
2029,2023-08-15,LES AUBRAIS ORLEANS,NON,3741,07:22,IC NUIT,LOURDES,PARPALOMBE,FRLDE,22:24,FRLAB
2030,2023-08-15,PARIS (intramuros),NON,3741,10:24,IC NUIT,HENDAYE,PARPALOMBE,FRAEF,20:41,FRPAZ
2031,2023-08-15,PARIS (intramuros),NON,3741,09:55,IC NUIT,BIARRITZ,PARPALOMBE,FRBIQ,20:41,FRPAZ
2032,2023-08-15,PARIS (intramuros),NON,3741,07:22,IC NUIT,LOURDES,PARPALOMBE,FRLDE,20:41,FRPAZ
2033,2023-08-15,PARIS (intramuros),NON,3741,09:43,IC NUIT,BAYONNE,PARPALOMBE,FRXBY,20:41,FRPAZ
2034,2023-08-15,LYON-SAINT EXUPERY TGV,OUI,6924,21:46,SUD EST,PARIS (intramuros),GRENOBLEPA,FRPLY,19:57,FRJDQ
2035,2023-08-15,PARIS (intramuros),OUI,5963,15:57,IC ARO,NEVERS,PACLERMONT,FRNVS,14:00,FRPBE
2036,2023-08-15,PARIS (intramuros),OUI,5963,16:28,IC ARO,MOULINS SUR ALLIER,PACLERMONT,FRXMU,14:00,FRPBE
2037,2023-08-15,PARIS (intramuros),OUI,2587,10:51,EST,NANCY,PANANCY,FRENC,09:13,FRPST
2038,2023-08-15,KAISERSLAUTERN HBF,NON,9555,20:17,INTERNATIONAL,MANNHEIM HBF,PAFRANC,DEMHG,19:37,DEKLT
2039,2023-08-15,MANNHEIM HBF,NON,9555,20:59,INTERNATIONAL,FRANKFURT MAIN HBF,PAFRANC,DEFRH,20:19,DEMHG
2040,2023-08-15,PARIS (intramuros),NON,9555,20:17,INTERNATIONAL,MANNHEIM HBF,PAFRANC,DEMHG,17:10,FRPST
2041,2023-08-15,PARIS (intramuros),NON,9555,18:57,INTERNATIONAL,SARREBRUCK/SAARBRUECKEN,PAFRANC,DESBK,17:10,FRPST
2042,2023-08-15,GUINGAMP,OUI,8692,20:29,ATLANTIQUE,RENNES,BRETAPARIS,FRRNS,19:25,FRGGP
2043,2023-08-15,GUINGAMP,OUI,8692,19:40,ATLANTIQUE,ST BRIEUC,BRETAPARIS,FRSBK,19:25,FRGGP
2044,2023-08-15,LANNION,OUI,8692,19:22,ATLANTIQUE,GUINGAMP,BRETAPARIS,FRGGP,18:55,FRLAI
2045,2023-08-15,LANNION,OUI,8692,19:40,ATLANTIQUE,ST BRIEUC,BRETAPARIS,FRSBK,18:55,FRLAI
2046,2023-08-15,FREIBURG BREISGAU HBF,OUI,9402,17:36,EST,OFFENBOURG/OFFENBURG,MULHSTRAPA,DEZPA,16:45,DEFGB
2047,2023-08-15,RINGSHEIM/EU-PARK,OUI,9402,18:12,EST,STRASBOURG,MULHSTRAPA,FRAEG,17:08,DERSH
2048,2023-08-15,AIX EN PROVENCE TGV,OUI,9868,15:43,NORD,AVIGNON TGV,JCSUDNORD,FRAVG,15:24,FRAIE
2049,2023-08-15,AVIGNON TGV,NON,9868,18:47,NORD,MARNE LA VALLEE CHESSY,JCSUDNORD,FRMLV,15:46,FRAVG
2050,2023-08-15,LYON (intramuros),NON,9868,19:57,NORD,LILLE (intramuros),JCSUDNORD,FRLLE,17:00,FRLPD
2051,2023-08-15,MARNE LA VALLEE CHESSY,NON,9868,20:43,NORD,BRUXELLES MIDI BRUSSEL ZUID,JCSUDNORD,BEBMI,18:51,FRMLV
2052,2023-08-15,AEROPORT CDG2 TGV ROISSY,NON,9868,20:43,NORD,BRUXELLES MIDI BRUSSEL ZUID,JCSUDNORD,BEBMI,19:07,FRMLW
2053,2023-08-15,MARSEILLE ST CHARLES,NON,9868,18:47,NORD,MARNE LA VALLEE CHESSY,JCSUDNORD,FRMLV,15:11,FRMSC
2054,2023-08-15,METZ VILLE,OUI,2815,12:52,EST,LUXEMBOURG,PAMETZLUX,LULUX,12:10,FRADE
2055,2023-08-15,PARIS (intramuros),NON,8717,14:25,ATLANTIQUE,VANNES,PARISBRETA,FRVNE,11:53,FRPMO
2056,2023-08-15,VANNES,OUI,8717,15:34,ATLANTIQUE,QUIMPER,PARISBRETA,FRUIP,14:28,FRVNE
2057,2023-08-15,VANNES,OUI,8717,14:38,ATLANTIQUE,AURAY,PARISBRETA,FRXUY,14:28,FRVNE
2058,2023-08-15,AURAY,OUI,8717,14:57,ATLANTIQUE,LORIENT,PARISBRETA,FRLRT,14:41,FRXUY
2059,2023-08-15,DIJON VILLE,OUI,6709,20:12,SUD EST,MULHOUSE VILLE,PABOUR,FRAEK,18:56,FRABA
2060,2023-08-15,DIJON VILLE,OUI,6709,19:22,SUD EST,BESANCON - F COMTE TGV,PABOUR,FRTJB,18:56,FRABA
2061,2023-08-15,RENNES,NON,8096,23:08,ATLANTIQUE,PARIS (intramuros),BRETAPARIS,FRPMO,21:35,FRRNS
2062,2023-08-15,NIMES,NON,6208,23:18,SUD EST,PARIS (intramuros),LANGPA,FRPLY,20:17,FRFNI
2063,2023-08-15,MONTPELLIER SAINT-ROCH,OUI,6208,20:13,SUD EST,NIMES,LANGPA,FRFNI,19:44,FRMPL
2064,2023-08-15,PARIS (intramuros),NON,9203,10:26,INTERNATIONAL,BASEL SBB,PABALZUR,CHAJP,07:22,FRPLY
2065,2023-08-15,PARIS (intramuros),NON,9203,10:03,INTERNATIONAL,MULHOUSE VILLE,PABALZUR,FRAEK,07:22,FRPLY
2066,2023-08-15,BELFORT-MONTBELIARD TGV,NON,9203,10:26,INTERNATIONAL,BASEL SBB,PABALZUR,CHAJP,09:41,FRTJA
2067,2023-08-15,AIX EN PROVENCE TGV,NON,5066,15:46,NORD,MARNE LA VALLEE CHESSY,JCSUDNORD,FRMLV,12:26,FRAIE
2068,2023-08-15,AVIGNON TGV,NON,5066,16:57,NORD,LILLE (intramuros),JCSUDNORD,FRLLE,12:48,FRAVG
2069,2023-08-15,MARSEILLE ST CHARLES,NON,5066,12:45,NORD,AVIGNON TGV,JCSUDNORD,FRAVG,12:12,FRMSC
2070,2023-08-15,PARIS (intramuros),NON,9761,10:14,INTERNATIONAL,LAUSANNE,PAGENEVE,CHAJF,06:18,FRPLY
2071,2023-08-15,PARIS (intramuros),OUI,9761,08:59,INTERNATIONAL,BELLEGARDE,PAGENEVE,FRXBF,06:18,FRPLY
2072,2023-08-15,BOURG EN BRESSE,NON,9761,10:14,INTERNATIONAL,LAUSANNE,PAGENEVE,CHAJF,08:12,FRXBK
2073,2023-08-15,GENEVE,NON,9761,10:14,INTERNATIONAL,LAUSANNE,PAGENEVE,CHAJF,09:39,CHGVA
2074,2023-08-15,AGEN,NON,4661,16:14,IC ARO,BEZIERS,TJOURSOSE,FRBZR,13:33,FRAGF
2075,2023-08-15,AGEN,NON,4661,14:37,IC ARO,TOULOUSE MATABIAU,TJOURSOSE,FRXYT,13:33,FRAGF
2076,2023-08-15,BORDEAUX ST JEAN,NON,4661,13:31,IC ARO,AGEN,TJOURSOSE,FRAGF,12:28,FRBOJ
2077,2023-08-15,BORDEAUX ST JEAN,NON,4661,18:35,IC ARO,MARSEILLE ST CHARLES,TJOURSOSE,FRMSC,12:28,FRBOJ
2078,2023-08-15,BORDEAUX ST JEAN,NON,4661,14:08,IC ARO,MONTAUBAN VILLE BOURBON,TJOURSOSE,FRXMW,12:28,FRBOJ
2079,2023-08-15,BORDEAUX ST JEAN,NON,4661,15:58,IC ARO,NARBONNE,TJOURSOSE,FRXNA,12:28,FRBOJ
2080,2023-08-15,CARCASSONNE,NON,4661,15:58,IC ARO,NARBONNE,TJOURSOSE,FRXNA,15:30,FRCCF
2081,2023-08-15,MONTPELLIER SAINT-ROCH,NON,4661,18:35,IC ARO,MARSEILLE ST CHARLES,TJOURSOSE,FRMSC,16:56,FRMPL
2082,2023-08-15,MONTAUBAN VILLE BOURBON,NON,4661,15:28,IC ARO,CARCASSONNE,TJOURSOSE,FRCCF,14:10,FRXMW
2083,2023-08-15,MONTAUBAN VILLE BOURBON,NON,4661,16:52,IC ARO,MONTPELLIER SAINT-ROCH,TJOURSOSE,FRMPL,14:10,FRXMW
2084,2023-08-15,MONTAUBAN VILLE BOURBON,NON,4661,18:35,IC ARO,MARSEILLE ST CHARLES,TJOURSOSE,FRMSC,14:10,FRXMW
2085,2023-08-15,NARBONNE,NON,4661,16:52,IC ARO,MONTPELLIER SAINT-ROCH,TJOURSOSE,FRMPL,16:01,FRXNA
2086,2023-08-15,TOULOUSE MATABIAU,NON,4661,16:14,IC ARO,BEZIERS,TJOURSOSE,FRBZR,14:45,FRXYT
2087,2023-08-15,TOULOUSE MATABIAU,NON,4661,15:28,IC ARO,CARCASSONNE,TJOURSOSE,FRCCF,14:45,FRXYT
2088,2023-08-15,TOULOUSE MATABIAU,NON,4661,17:48,IC ARO,ARLES,TJOURSOSE,FRHZA,14:45,FRXYT
2089,2023-08-15,TOULOUSE MATABIAU,NON,4661,18:35,IC ARO,MARSEILLE ST CHARLES,TJOURSOSE,FRMSC,14:45,FRXYT
2090,2023-08-15,CANNES,OUI,6170,12:43,SUD EST,TOULON,AZURPA,FRTLN,11:33,FRJCA
2091,2023-08-15,MONTAUBAN VILLE BOURBON,NON,3750,05:40,IC NUIT,LES AUBRAIS ORLEANS,OCCITANPAR,FRLAB,22:46,FRXMW
2092,2023-08-15,CAHORS,NON,3750,06:50,IC NUIT,PARIS (intramuros),OCCITANPAR,FRPAZ,23:29,FRZAO
2093,2023-08-15,DOUAI,OUI,7112,10:08,NORD,PARIS (intramuros),ARRASPA,FRPNO,08:51,FRXDN
2094,2023-08-15,MARSEILLE BLANCARDE,NON,5772,07:54,IC NUIT,PARIS (intramuros),AZURPAR,FRPAZ,21:37,FRMBC
2095,2023-08-15,LYON (intramuros),OUI,6614,13:00,SUD EST,PARIS (intramuros),RHONEPARIS,FRPLY,11:04,FRLPD
2096,2023-08-15,BEZIERS,NON,6871,11:50,SUD EST,LYON (intramuros),JCSUDPROV,FRLPD,09:15,FRBZR
2097,2023-08-15,SETE,NON,6871,11:07,SUD EST,VALENCE TGV RHONE-ALPES SUD,JCSUDPROV,FRVLA,09:39,FRXSY
2098,2023-08-15,TOULOUSE MATABIAU,OUI,6871,09:55,SUD EST,MONTPELLIER SUD DE FRANCE,JCSUDPROV,FRSUF,07:43,FRXYT
2099,2023-08-15,MONTPELLIER SUD DE FRANCE,NON,6871,11:07,SUD EST,VALENCE TGV RHONE-ALPES SUD,JCSUDPROV,FRVLA,10:05,FRSUF
2100,2023-08-15,SETE,OUI,6871,09:55,SUD EST,MONTPELLIER SUD DE FRANCE,JCSUDPROV,FRSUF,09:39,FRXSY
2101,2023-08-15,MONTPELLIER SUD DE FRANCE,NON,6871,11:50,SUD EST,LYON (intramuros),JCSUDPROV,FRLPD,10:05,FRSUF
2102,2023-08-15,MONTPELLIER SUD DE FRANCE,NON,6871,10:26,SUD EST,NIMES PONT DU GARD,JCSUDPROV,FRXZP,10:05,FRSUF
2103,2023-08-15,HENDAYE,NON,8536,15:52,ATLANTIQUE,PARIS (intramuros),SUDOUESTPA,FRPMO,11:09,FRAEF
2104,2023-08-15,BIARRITZ,OUI,8536,12:19,ATLANTIQUE,DAX,SUDOUESTPA,FRACG,11:34,FRBIQ
2105,2023-08-15,BAYONNE,OUI,8536,13:40,ATLANTIQUE,BORDEAUX ST JEAN,SUDOUESTPA,FRBOJ,11:48,FRXBY
2106,2023-08-15,ST JEAN DE LUZ CIBOURE,OUI,8536,12:19,ATLANTIQUE,DAX,SUDOUESTPA,FRACG,11:21,FRXJZ
2107,2023-08-15,NIMES,NON,9704,21:18,SUD EST,PARIS (intramuros),BARCELONEPA,FRPLY,18:22,FRFNI
2108,2023-08-15,PERPIGNAN,NON,9704,16:55,SUD EST,BEZIERS,BARCELONEPA,FRBZR,16:05,FRPGF
2109,2023-08-15,PERPIGNAN,NON,9704,17:24,SUD EST,SETE,BARCELONEPA,FRXSY,16:05,FRPGF
2110,2023-08-15,AGDE,NON,9704,18:18,SUD EST,NIMES,BARCELONEPA,FRFNI,17:11,FRXAG
2111,2023-08-15,AGDE,NON,9704,17:24,SUD EST,SETE,BARCELONEPA,FRXSY,17:11,FRXAG
2112,2023-08-15,NARBONNE,NON,9704,17:08,SUD EST,AGDE,BARCELONEPA,FRXAG,16:42,FRXNA
2113,2023-08-15,SETE,NON,9704,18:18,SUD EST,NIMES,BARCELONEPA,FRFNI,17:27,FRXSY
2114,2023-08-15,BARCELONA SANTS,NON,9704,15:52,SUD EST,PERPIGNAN,BARCELONEPA,FRPGF,14:32,ESBST
2115,2023-08-15,GIRONA,NON,9704,19:03,SUD EST,VALENCE TGV RHONE-ALPES SUD,BARCELONEPA,FRVLA,15:13,ESGRO
2116,2023-08-15,GIRONA,NON,9704,17:08,SUD EST,AGDE,BARCELONEPA,FRXAG,15:13,ESGRO
2117,2023-08-15,GIRONA,NON,9704,16:55,SUD EST,BEZIERS,BARCELONEPA,FRBZR,15:13,ESGRO
2118,2023-08-15,FIGUERES VILA TGV,NON,9704,17:08,SUD EST,AGDE,BARCELONEPA,FRXAG,15:30,ESFIR
2119,2023-08-15,PARIS (intramuros),OUI,6193,15:56,SUD EST,AVIGNON CENTRE,PAVDR,FRAES,12:14,FRPLY
2120,2023-08-15,PARIS (intramuros),OUI,6193,15:09,SUD EST,MONTELIMAR GARE SNCF,PAVDR,FRXMK,12:14,FRPLY
2121,2023-08-15,PARIS (intramuros),OUI,6193,15:38,SUD EST,ORANGE,PAVDR,FRXOG,12:14,FRPLY
2122,2023-08-15,VALENCE VILLE,OUI,6193,15:56,SUD EST,AVIGNON CENTRE,PAVDR,FRAES,14:49,FRVAF
2123,2023-08-15,VALENCE VILLE,OUI,6193,15:09,SUD EST,MONTELIMAR GARE SNCF,PAVDR,FRXMK,14:49,FRVAF
2124,2023-08-15,MONTELIMAR GARE SNCF,OUI,6193,15:56,SUD EST,AVIGNON CENTRE,PAVDR,FRAES,15:12,FRXMK
2125,2023-08-15,MONTELIMAR GARE SNCF,OUI,6193,16:16,SUD EST,ARLES,PAVDR,FRHZA,15:12,FRXMK
2126,2023-08-15,MONTELIMAR GARE SNCF,OUI,6193,15:38,SUD EST,ORANGE,PAVDR,FRXOG,15:12,FRXMK
2127,2023-08-15,ORANGE,OUI,6193,15:56,SUD EST,AVIGNON CENTRE,PAVDR,FRAES,15:41,FRXOG
2128,2023-08-15,ORANGE,OUI,6193,16:36,SUD EST,MIRAMAS,PAVDR,FRMAZ,15:41,FRXOG
2129,2023-08-15,NANTES,NON,8148,23:16,ATLANTIQUE,PARIS (intramuros),LOIREPARIS,FRPMO,21:03,FRNTE
2130,2023-08-15,BEZIERS,NON,6052,23:05,SUD EST,PARIS (intramuros),LANGPA,FRPLY,19:00,FRBZR
2131,2023-08-15,BEZIERS,NON,6052,20:51,SUD EST,VALENCE TGV RHONE-ALPES SUD,LANGPA,FRVLA,19:00,FRBZR
2132,2023-08-15,AGDE,NON,6052,23:05,SUD EST,PARIS (intramuros),LANGPA,FRPLY,19:14,FRXAG
2133,2023-08-15,NARBONNE,OUI,6052,19:27,SUD EST,SETE,LANGPA,FRXSY,18:43,FRXNA
2134,2023-08-15,PERPIGNAN,NON,6052,19:47,SUD EST,MONTPELLIER SUD DE FRANCE,LANGPA,FRSUF,18:04,FRPGF
2135,2023-08-15,LYON (intramuros),NON,6618,15:00,SUD EST,PARIS (intramuros),RHONEPARIS,FRPLY,13:04,FRLPD
2136,2023-08-15,PARIS (intramuros),OUI,8323,21:43,ATLANTIQUE,VENDOME VILLIERS SUR LOIR,PAROCHELLE,FRESL,20:58,FRPMO
2137,2023-08-15,CANNES,NON,6182,22:50,SUD EST,PARIS (intramuros),AZURPA,FRPLY,17:05,FRJCA
2138,2023-08-15,CANNES,OUI,6182,17:33,SUD EST,ST RAPHAEL VALESCURE,AZURPA,FRXSK,17:05,FRJCA
2139,2023-08-15,ST RAPHAEL VALESCURE,OUI,6182,18:41,SUD EST,TOULON,AZURPA,FRTLN,17:36,FRXSK
2140,2023-08-15,ARRAS,OUI,7212,10:08,NORD,PARIS (intramuros),ARRASPA,FRPNO,09:18,FRQRV
2141,2023-08-15,DAX,OUI,8574,18:44,ATLANTIQUE,PAU,PASUDOUEST,FRAEE,17:46,FRACG
2142,2023-08-15,DAX,OUI,8574,19:36,ATLANTIQUE,TARBES,PASUDOUEST,FRXTB,17:46,FRACG
2143,2023-08-15,PAU,OUI,8574,19:14,ATLANTIQUE,LOURDES,PASUDOUEST,FRLDE,18:47,FRAEE
2144,2023-08-15,PAU,OUI,8574,19:36,ATLANTIQUE,TARBES,PASUDOUEST,FRXTB,18:47,FRAEE
2145,2023-08-15,BORDEAUX ST JEAN,OUI,8574,17:38,ATLANTIQUE,DAX,PASUDOUEST,FRACG,16:21,FRBOJ
2146,2023-08-15,BORDEAUX ST JEAN,OUI,8574,18:44,ATLANTIQUE,PAU,PASUDOUEST,FRAEE,16:21,FRBOJ
2147,2023-08-15,MASSY TGV,OUI,8574,17:38,ATLANTIQUE,DAX,PASUDOUEST,FRACG,14:15,FRDJU
2148,2023-08-15,MASSY TGV,OUI,8574,16:15,ATLANTIQUE,BORDEAUX ST JEAN,PASUDOUEST,FRBOJ,14:15,FRDJU
2149,2023-08-15,ORTHEZ,OUI,8574,18:44,ATLANTIQUE,PAU,PASUDOUEST,FRAEE,18:17,FRGFI
2150,2023-08-15,LOURDES,OUI,8574,19:36,ATLANTIQUE,TARBES,PASUDOUEST,FRXTB,19:19,FRLDE
2151,2023-08-15,PARIS (intramuros),OUI,8574,16:15,ATLANTIQUE,BORDEAUX ST JEAN,PASUDOUEST,FRBOJ,14:03,FRPMO
2152,2023-08-15,LES AUBRAIS ORLEANS,NON,3755,05:49,IC NUIT,CAPDENAC,PAVERMEIL,FRCDC,23:32,FRLAB
2153,2023-08-15,LES AUBRAIS ORLEANS,NON,3755,05:08,IC NUIT,GRAMAT,PAVERMEIL,FRFSB,23:32,FRLAB
2154,2023-08-15,LES AUBRAIS ORLEANS,NON,3755,06:09,IC NUIT,VIVIEZ DECAZEVILLE,PAVERMEIL,FRVZD,23:32,FRLAB
2155,2023-08-15,PARIS (intramuros),NON,3755,06:15,IC NUIT,AUBIN,PAVERMEIL,FRFSQ,22:12,FRPAZ
2156,2023-08-15,PARIS (intramuros),OUI,5789,05:40,IC NUIT,LUC EN DIOIS,PABRIANCON,FRIFP,20:51,FRPAZ
2157,2023-08-15,STRASBOURG,NON,5488,21:00,EST,LE MANS,JCESTATL,FRAET,17:01,FRAEG
2158,2023-08-15,STRASBOURG,NON,5488,22:19,EST,NANTES,JCESTATL,FRNTE,17:01,FRAEG
2159,2023-08-15,LE MANS,OUI,5488,21:40,EST,ANGERS ST LAUD,JCESTATL,FRACL,21:03,FRAET
2160,2023-08-15,MASSY TGV,NON,5488,21:40,EST,ANGERS ST LAUD,JCESTATL,FRACL,20:10,FRDJU
2161,2023-08-15,CHAMPAGNE-ARDENNE,NON,5488,21:00,EST,LE MANS,JCESTATL,FRAET,18:35,FREAH
2162,2023-08-15,CHAMPAGNE-ARDENNE,NON,5488,19:31,EST,MARNE LA VALLEE CHESSY,JCESTATL,FRMLV,18:35,FREAH
2163,2023-08-15,MEUSE TGV,NON,5488,20:04,EST,MASSY TGV,JCESTATL,FRDJU,18:09,FREAJ
2164,2023-08-15,LORRAINE TGV,NON,5488,20:04,EST,MASSY TGV,JCESTATL,FRDJU,17:42,FREAM
2165,2023-08-15,LORRAINE TGV,NON,5488,22:19,EST,NANTES,JCESTATL,FRNTE,17:42,FREAM
2166,2023-08-15,MARNE LA VALLEE CHESSY,NON,5488,21:00,EST,LE MANS,JCESTATL,FRAET,19:35,FRMLV
2167,2023-08-15,AEROPORT CDG2 TGV ROISSY,NON,5488,21:00,EST,LE MANS,JCESTATL,FRAET,19:21,FRMLW
2168,2023-08-15,LAVAL,NON,8723,18:28,ATLANTIQUE,ROSPORDEN,PARISBRETA,FRRSP,16:00,FRACR
2169,2023-08-15,LAVAL,NON,8723,17:03,ATLANTIQUE,REDON,PARISBRETA,FRXRN,16:00,FRACR
2170,2023-08-15,LAVAL,NON,8723,17:40,ATLANTIQUE,AURAY,PARISBRETA,FRXUY,16:00,FRACR
2171,2023-08-15,LORIENT,OUI,8723,18:28,ATLANTIQUE,ROSPORDEN,PARISBRETA,FRRSP,18:02,FRLRT
2172,2023-08-15,PARIS (intramuros),NON,8723,18:44,ATLANTIQUE,QUIMPER,PARISBRETA,FRUIP,14:41,FRPMO
2173,2023-08-15,RENNES,NON,8723,18:28,ATLANTIQUE,ROSPORDEN,PARISBRETA,FRRSP,16:29,FRRNS
2174,2023-08-15,REDON,NON,8723,18:44,ATLANTIQUE,QUIMPER,PARISBRETA,FRUIP,17:05,FRXRN
2175,2023-08-15,REDON,NON,8723,17:28,ATLANTIQUE,VANNES,PARISBRETA,FRVNE,17:05,FRXRN
2176,2023-08-15,AURAY,OUI,8723,18:12,ATLANTIQUE,QUIMPERLE,PARISBRETA,FRECO,17:43,FRXUY
2177,2023-08-15,LYON (intramuros),OUI,6633,23:24,SUD EST,LYON (intramuros),PARISRHONE,FRLPE,23:16,FRLPD
2178,2023-08-15,MACON LOCHE TGV,OUI,6633,23:24,SUD EST,LYON (intramuros),PARISRHONE,FRLPE,22:41,FRMLT
2179,2023-08-15,PARIS (intramuros),OUI,6633,23:10,SUD EST,LYON (intramuros),PARISRHONE,FRLPD,21:00,FRPLY
2180,2023-08-15,PARIS (intramuros),OUI,6633,22:17,SUD EST,LE CREUSOT MONTCEAU MONTCHANIN,PARISRHONE,FRXCC,21:00,FRPLY
2181,2023-08-15,LE CREUSOT MONTCEAU MONTCHANIN,OUI,6633,23:10,SUD EST,LYON (intramuros),PARISRHONE,FRLPD,22:20,FRXCC
2182,2023-08-15,STRASBOURG,NON,5470,13:04,EST,MASSY TGV,JCESTATL,FRDJU,10:01,FRAEG
2183,2023-08-15,STRASBOURG,OUI,5470,10:37,EST,LORRAINE TGV,JCESTATL,FREAM,10:01,FRAEG
2184,2023-08-15,LE MANS,NON,5470,14:47,EST,RENNES,JCESTATL,FRRNS,14:02,FRAET
2185,2023-08-15,CHAMPAGNE-ARDENNE,NON,5470,12:01,EST,AEROPORT CDG2 TGV ROISSY,JCESTATL,FRMLW,11:28,FREAH
2186,2023-08-15,CHAMPAGNE-ARDENNE,NON,5470,14:47,EST,RENNES,JCESTATL,FRRNS,11:28,FREAH
2187,2023-08-15,MEUSE TGV,OUI,5470,11:25,EST,CHAMPAGNE-ARDENNE,JCESTATL,FREAH,11:01,FREAJ
2188,2023-08-15,MEUSE TGV,NON,5470,12:26,EST,MARNE LA VALLEE CHESSY,JCESTATL,FRMLV,11:01,FREAJ
2189,2023-08-15,LORRAINE TGV,NON,5470,13:04,EST,MASSY TGV,JCESTATL,FRDJU,10:40,FREAM
2190,2023-08-15,MARNE LA VALLEE CHESSY,NON,5470,14:47,EST,RENNES,JCESTATL,FRRNS,12:30,FRMLV
2191,2023-08-15,LYON (intramuros),OUI,6630,21:00,SUD EST,PARIS (intramuros),RHONEPARIS,FRPLY,19:04,FRLPD
2192,2023-08-15,LYON (intramuros),OUI,6630,18:58,SUD EST,LYON (intramuros),RHONEPARIS,FRLPD,18:50,FRLPE
2193,2023-08-15,AIX EN PROVENCE TGV,OUI,5124,23:53,NORD,MARSEILLE ST CHARLES,JCNORDSUD,FRMSC,23:41,FRAIE
2194,2023-08-15,LILLE (intramuros),OUI,5124,23:14,NORD,AVIGNON TGV,JCNORDSUD,FRAVG,18:22,FRLLE
2195,2023-08-15,MARNE LA VALLEE CHESSY,OUI,5124,23:53,NORD,MARSEILLE ST CHARLES,JCNORDSUD,FRMSC,20:13,FRMLV
2196,2023-08-15,ARRAS,OUI,5124,23:14,NORD,AVIGNON TGV,JCNORDSUD,FRAVG,18:46,FRQRV
2197,2023-08-15,STRASBOURG,OUI,2588,16:49,EST,NANCY,NANCYPA,FRENC,15:21,FRAEG
2198,2023-08-15,SAVERNE,OUI,2588,18:46,EST,PARIS (intramuros),NANCYPA,FRPST,15:46,FRSNE
2199,2023-08-15,DIJON VILLE,NON,9877,14:25,EST,AVIGNON TGV,JCRHINRHON,FRAVG,11:21,FRABA
2200,2023-08-15,METZ VILLE,NON,9877,10:41,EST,BESANCON - F COMTE TGV,JCRHINRHON,FRTJB,08:08,FRADE
2201,2023-08-15,STRASBOURG,NON,9877,11:11,EST,DIJON VILLE,JCRHINRHON,FRABA,09:03,FRAEG
2202,2023-08-15,STRASBOURG,NON,9877,13:00,EST,LYON (intramuros),JCRHINRHON,FRLPD,09:03,FRAEG
2203,2023-08-15,STRASBOURG,NON,9877,10:41,EST,BESANCON - F COMTE TGV,JCRHINRHON,FRTJB,09:03,FRAEG
2204,2023-08-15,MULHOUSE VILLE,NON,9877,15:07,EST,MARSEILLE ST CHARLES,JCRHINRHON,FRMSC,09:57,FRAEK
2205,2023-08-15,MULHOUSE VILLE,NON,9877,13:46,EST,VALENCE TGV RHONE-ALPES SUD,JCRHINRHON,FRVLA,09:57,FRAEK
2206,2023-08-15,MACON VILLE,NON,9877,13:00,EST,LYON (intramuros),JCRHINRHON,FRLPD,12:22,FRHGU
2207,2023-08-15,LYON (intramuros),NON,9877,15:07,EST,MARSEILLE ST CHARLES,JCRHINRHON,FRMSC,13:06,FRLPD
2208,2023-08-15,BELFORT-MONTBELIARD TGV,NON,9877,11:11,EST,DIJON VILLE,JCRHINRHON,FRABA,10:21,FRTJA
2209,2023-08-15,BELFORT-MONTBELIARD TGV,NON,9877,13:46,EST,VALENCE TGV RHONE-ALPES SUD,JCRHINRHON,FRVLA,10:21,FRTJA
2210,2023-08-15,BESANCON - F COMTE TGV,NON,9877,14:25,EST,AVIGNON TGV,JCRHINRHON,FRAVG,10:44,FRTJB
2211,2023-08-15,VALENCE TGV RHONE-ALPES SUD,NON,9877,14:49,EST,AIX EN PROVENCE TGV,JCRHINRHON,FRAIE,13:51,FRVLA
2212,2023-08-15,THIONVILLE,NON,9877,13:46,EST,VALENCE TGV RHONE-ALPES SUD,JCRHINRHON,FRVLA,07:47,FRXTH
2213,2023-08-15,LUXEMBOURG,NON,9877,14:25,EST,AVIGNON TGV,JCRHINRHON,FRAVG,07:24,LULUX
2214,2023-08-15,ANGOULEME,OUI,5450,12:02,EST,BORDEAUX ST JEAN,JCESTATL,FRBOJ,11:26,FRANG
2215,2023-08-15,LORRAINE TGV,OUI,5450,09:04,EST,MASSY TGV,JCESTATL,FRDJU,06:56,FREAM
2216,2023-08-15,LORRAINE TGV,OUI,5450,10:06,EST,ST PIERRE DES CORPS,JCESTATL,FRXSH,06:56,FREAM
2217,2023-08-15,MARNE LA VALLEE CHESSY,OUI,5450,11:23,EST,ANGOULEME,JCESTATL,FRANG,08:35,FRMLV
2218,2023-08-15,POITIERS,OUI,5450,11:23,EST,ANGOULEME,JCESTATL,FRANG,10:44,FRPIS
2219,2023-08-15,METZ VILLE,OUI,2864,12:20,EST,PARIS (intramuros),LUXMETZPA,FRPST,10:57,FRADE
2220,2023-08-15,LUXEMBOURG,OUI,2864,10:57,EST,METZ VILLE,LUXMETZPA,FRADE,10:10,LULUX
2221,2023-08-15,LUXEMBOURG,OUI,2864,12:20,EST,PARIS (intramuros),LUXMETZPA,FRPST,10:10,LULUX
2222,2023-08-15,PARIS (intramuros),NON,5789,06:53,IC NUIT,GAP,PABRIANCON,FRGAT,20:51,FRPAZ
2223,2023-08-15,PARIS (intramuros),NON,5789,06:27,IC NUIT,VEYNES DEVOLUY,PABRIANCON,FRVDY,20:51,FRPAZ
2224,2023-08-15,PARIS (intramuros),NON,5789,08:26,IC NUIT,BRIANCON,PABRIANCON,FRXBC,20:51,FRPAZ
2225,2023-08-15,CRANSAC,NON,3754,06:50,IC NUIT,PARIS (intramuros),OCCITANPAR,FRPAZ,23:20,FRFSR
2226,2023-08-15,VIVIEZ DECAZEVILLE,NON,3754,05:40,IC NUIT,LES AUBRAIS ORLEANS,OCCITANPAR,FRLAB,23:29,FRVZD
2227,2023-08-15,STRASBOURG,NON,2098,20:02,EST,BORDEAUX ST JEAN,JCESTATL,FRBOJ,14:01,FRAEG
2228,2023-08-15,STRASBOURG,NON,2098,17:04,EST,MASSY TGV,JCESTATL,FRDJU,14:01,FRAEG
2229,2023-08-15,MASSY TGV,NON,2098,20:02,EST,BORDEAUX ST JEAN,JCESTATL,FRBOJ,17:10,FRDJU
2230,2023-08-15,CHAMPAGNE-ARDENNE,NON,2098,18:06,EST,ST PIERRE DES CORPS,JCESTATL,FRXSH,15:34,FREAH
2231,2023-08-15,MEUSE TGV,NON,2098,20:02,EST,BORDEAUX ST JEAN,JCESTATL,FRBOJ,15:05,FREAJ
2232,2023-08-15,MEUSE TGV,OUI,2098,15:31,EST,CHAMPAGNE-ARDENNE,JCESTATL,FREAH,15:05,FREAJ
2233,2023-08-15,MEUSE TGV,NON,2098,18:06,EST,ST PIERRE DES CORPS,JCESTATL,FRXSH,15:05,FREAJ
2234,2023-08-15,LORRAINE TGV,OUI,2098,14:58,EST,MEUSE TGV,JCESTATL,FREAJ,14:39,FREAM
2235,2023-08-15,POITIERS,NON,2098,20:02,EST,BORDEAUX ST JEAN,JCESTATL,FRBOJ,18:43,FRPIS
2236,2023-08-15,BORDEAUX ST JEAN,NON,3852,10:58,IC SRO,LUCON,BORDONANTE,FRLCN,07:53,FRBOJ
2237,2023-08-15,BORDEAUX ST JEAN,NON,3852,10:15,IC SRO,LA ROCHELLE VILLE,BORDONANTE,FRLRH,07:53,FRBOJ
2238,2023-08-15,LUCON,NON,3852,11:22,IC SRO,LA ROCHE SUR YON,BORDONANTE,FRXRO,11:00,FRLCN
2239,2023-08-15,LA ROCHE SUR YON,NON,3852,12:05,IC SRO,NANTES,BORDONANTE,FRNTE,11:24,FRXRO
2240,2023-08-15,SAINTES,NON,3852,10:58,IC SRO,LUCON,BORDONANTE,FRLCN,09:25,FRXST
2241,2023-08-15,ST RAPHAEL VALESCURE,OUI,6163,20:40,SUD EST,ANTIBES,PAAZUR,FRXAT,20:05,FRXSK
2242,2023-08-15,PARIS (intramuros),OUI,6047,09:07,SUD EST,VALENCE TGV RHONE-ALPES SUD,PALANG,FRVLA,06:56,FRPLY
2243,2023-08-15,PARIS (intramuros),OUI,6047,10:48,SUD EST,AGDE,PALANG,FRXAG,06:56,FRPLY
2244,2023-08-15,SETE,OUI,6047,11:56,SUD EST,PERPIGNAN,PALANG,FRPGF,10:34,FRXSY
2245,2023-08-15,PARIS (intramuros),OUI,6047,10:08,SUD EST,MONTPELLIER SUD DE FRANCE,PALANG,FRSUF,06:56,FRPLY
2246,2023-08-15,MONTPELLIER SUD DE FRANCE,OUI,6047,10:31,SUD EST,SETE,PALANG,FRXSY,10:17,FRSUF
2247,2023-08-15,NIMES PONT DU GARD,OUI,6047,10:31,SUD EST,SETE,PALANG,FRXSY,09:49,FRXZP
2248,2023-08-15,FRANKFURT MAIN HBF,NON,9550,19:39,INTERNATIONAL,MANNHEIM HBF,FRANCPA,DEMHG,18:56,DEFRH
2249,2023-08-15,SARREBRUCK/SAARBRUECKEN,NON,9550,21:10,INTERNATIONAL,FORBACH,FRANCPA,FRBQT,21:01,DESBK
2250,2023-08-15,LYON (intramuros),OUI,6624,15:58,SUD EST,LYON (intramuros),RHONEPARIS,FRLPD,15:51,FRLPE
2251,2023-08-15,LYON (intramuros),OUI,6624,18:08,SUD EST,PARIS (intramuros),RHONEPARIS,FRPLY,15:51,FRLPE
2252,2023-08-15,LE CREUSOT MONTCEAU MONTCHANIN,OUI,6624,18:08,SUD EST,PARIS (intramuros),RHONEPARIS,FRPLY,16:50,FRXCC
2253,2023-08-15,RETHEL,OUI,2766,23:01,EST,PARIS (intramuros),SEDBARPA,FRPST,21:48,FRBDT
2254,2023-08-15,CHARLEVILLE MEZIERES,OUI,2766,23:01,EST,PARIS (intramuros),SEDBARPA,FRPST,21:17,FRXCZ
2255,2023-08-15,SEDAN,OUI,2766,21:45,EST,RETHEL,SEDBARPA,FRBDT,20:53,FRXSW
2256,2023-08-15,PARIS (intramuros),OUI,8067,18:10,ATLANTIQUE,LE MANS,PARISBRETA,FRAET,17:12,FRPMO
2257,2023-08-15,PARIS (intramuros),OUI,8067,19:10,ATLANTIQUE,RENNES,PARISBRETA,FRRNS,17:12,FRPMO
2258,2023-08-15,AVIGNON TGV,OUI,6165,16:58,SUD EST,NICE VILLE,PAAZUR,FRNIC,14:04,FRAVG
2259,2023-08-15,AVIGNON TGV,OUI,6165,15:11,SUD EST,TOULON,PAAZUR,FRTLN,14:04,FRAVG
2260,2023-08-15,AVIGNON TGV,OUI,6165,16:39,SUD EST,ANTIBES,PAAZUR,FRXAT,14:04,FRAVG
2261,2023-08-15,PARIS (intramuros),OUI,6165,16:25,SUD EST,CANNES,PAAZUR,FRJCA,11:22,FRPLY
2262,2023-08-15,PARIS (intramuros),OUI,6165,16:58,SUD EST,NICE VILLE,PAAZUR,FRNIC,11:22,FRPLY
2263,2023-08-15,TOULON,OUI,6165,16:25,SUD EST,CANNES,PAAZUR,FRJCA,15:15,FRTLN
2264,2023-08-15,TOULON,OUI,6165,16:58,SUD EST,NICE VILLE,PAAZUR,FRNIC,15:15,FRTLN
2265,2023-08-15,ANTIBES,OUI,6165,16:58,SUD EST,NICE VILLE,PAAZUR,FRNIC,16:42,FRXAT
2266,2023-08-15,LES AUBRAIS ORLEANS,NON,3971,07:08,IC NUIT,TARASCON SUR ARIEGE,PARPALOMBE,FRFQM,22:24,FRLAB
2267,2023-08-15,LES AUBRAIS ORLEANS,NON,3971,07:41,IC NUIT,AX LES THERMES,PARPALOMBE,FRXLT,22:24,FRLAB
2268,2023-08-15,PARIS (intramuros),NON,3971,06:13,IC NUIT,AUTERIVE,PARPALOMBE,FRFPW,20:41,FRPAZ
2269,2023-08-15,PARIS (intramuros),NON,3971,08:18,IC NUIT,ANDORRE - L'HOSPITALET,PARPALOMBE,FRFQG,20:41,FRPAZ
2270,2023-08-15,PARIS (intramuros),NON,3971,07:17,IC NUIT,LES CABANNES,PARPALOMBE,FRFQK,20:41,FRPAZ
2271,2023-08-15,NARBONNE,OUI,6262,17:57,SUD EST,BEZIERS,LANGPA,FRBZR,17:42,FRXNA
2272,2023-08-15,NARBONNE,OUI,6262,18:27,SUD EST,SETE,LANGPA,FRXSY,17:42,FRXNA
2273,2023-08-15,SETE,NON,6262,19:11,SUD EST,NIMES PONT DU GARD,LANGPA,FRXZP,18:30,FRXSY
2274,2023-08-15,VALENCE VILLE,NON,6196,17:46,SUD EST,PARIS (intramuros),VDRPA,FRPLY,15:13,FRVAF
2275,2023-08-15,MONTELIMAR GARE SNCF,NON,6196,15:48,SUD EST,LYON-SAINT EXUPERY TGV,VDRPA,FRJDQ,14:49,FRXMK
2276,2023-08-15,LAUSANNE,NON,9774,17:42,INTERNATIONAL,PARIS (intramuros),GENEVEPA,FRPLY,13:45,CHAJF
2277,2023-08-15,GENEVE,NON,9774,17:42,INTERNATIONAL,PARIS (intramuros),GENEVEPA,FRPLY,14:29,CHGVA
2278,2023-08-15,NICE VILLE,NON,6174,12:33,SUD EST,MARSEILLE ST CHARLES,AZURPA,FRMSC,09:57,FRNIC
2279,2023-08-15,NICE VILLE,OUI,6174,10:13,SUD EST,ANTIBES,AZURPA,FRXAT,09:57,FRNIC
2280,2023-08-15,ST RAPHAEL VALESCURE,NON,6174,12:33,SUD EST,MARSEILLE ST CHARLES,AZURPA,FRMSC,10:58,FRXSK
2281,2023-08-15,ST RAPHAEL VALESCURE,OUI,6181,23:00,SUD EST,NICE VILLE,PAAZUR,FRNIC,22:05,FRXSK
2282,2023-08-15,LYON (intramuros),NON,6813,15:32,SUD EST,AIX EN PROVENCE TGV,JCPROVSUD,FRAIE,14:06,FRLPD
2283,2023-08-15,LILLE (intramuros),NON,7014,09:14,NORD,PARIS (intramuros),LILLEPA,FRPNO,08:12,FRADJ
2284,2023-08-15,ANGERS ST LAUD,NON,5480,16:20,EST,MASSY TGV,JCATLEST,FRDJU,14:49,FRACL
2285,2023-08-15,AEROPORT CDG2 TGV ROISSY,NON,5480,18:48,EST,LORRAINE TGV,JCATLEST,FREAM,17:29,FRMLW
2286,2023-08-15,NANTES,NON,5480,16:20,EST,MASSY TGV,JCATLEST,FRDJU,14:09,FRNTE
2287,2023-08-15,NANTES,NON,5480,18:48,EST,LORRAINE TGV,JCATLEST,FREAM,14:09,FRNTE
2288,2023-08-15,CANNES,OUI,6177,19:39,SUD EST,ANTIBES,PAAZUR,FRXAT,19:31,FRJCA
2289,2023-08-15,MARSEILLE ST CHARLES,OUI,6177,19:39,SUD EST,ANTIBES,PAAZUR,FRXAT,17:28,FRMSC
2290,2023-08-15,PARIS (intramuros),OUI,6177,19:26,SUD EST,CANNES,PAAZUR,FRJCA,14:10,FRPLY
2291,2023-08-15,PARIS (intramuros),OUI,6177,17:14,SUD EST,MARSEILLE ST CHARLES,PAAZUR,FRMSC,14:10,FRPLY
2292,2023-08-15,TOULON,OUI,6177,19:58,SUD EST,NICE VILLE,PAAZUR,FRNIC,18:15,FRTLN
2293,2023-08-15,TOULON,OUI,6177,19:39,SUD EST,ANTIBES,PAAZUR,FRXAT,18:15,FRTLN
2294,2023-08-15,ANTIBES,OUI,6177,19:58,SUD EST,NICE VILLE,PAAZUR,FRNIC,19:42,FRXAT
2295,2023-08-15,ST RAPHAEL VALESCURE,OUI,6177,19:39,SUD EST,ANTIBES,PAAZUR,FRXAT,19:04,FRXSK
2296,2023-08-15,CANNES,NON,6176,17:50,SUD EST,PARIS (intramuros),AZURPA,FRPLY,12:33,FRJCA
2297,2023-08-15,NICE VILLE,OUI,6176,12:29,SUD EST,CANNES,AZURPA,FRJCA,12:02,FRNIC
2298,2023-08-15,NICE VILLE,NON,6176,14:33,SUD EST,MARSEILLE ST CHARLES,AZURPA,FRMSC,12:02,FRNIC
2299,2023-08-15,NICE VILLE,NON,6176,13:44,SUD EST,TOULON,AZURPA,FRTLN,12:02,FRNIC
2300,2023-08-15,TOULON,NON,6176,14:33,SUD EST,MARSEILLE ST CHARLES,AZURPA,FRMSC,13:48,FRTLN
2301,2023-08-15,PARIS (intramuros),NON,6275,16:13,SUD EST,NARBONNE,PALANG,FRXNA,11:46,FRPLY
2302,2023-08-15,VALENCE TGV RHONE-ALPES SUD,NON,6275,15:41,SUD EST,AGDE,PALANG,FRXAG,14:00,FRVLA
2303,2023-08-15,AGDE,NON,6275,15:56,SUD EST,BEZIERS,PALANG,FRBZR,15:44,FRXAG
2304,2023-08-15,AGDE,NON,6275,16:13,SUD EST,NARBONNE,PALANG,FRXNA,15:44,FRXAG
2305,2023-08-15,NARBONNE,NON,6275,16:52,SUD EST,PERPIGNAN,PALANG,FRPGF,16:16,FRXNA
2306,2023-08-15,SETE,NON,6275,15:41,SUD EST,AGDE,PALANG,FRXAG,15:28,FRXSY
2307,2023-08-15,MONTPELLIER SUD DE FRANCE,NON,6275,15:41,SUD EST,AGDE,PALANG,FRXAG,15:10,FRSUF
2308,2023-08-15,STUTTGART HBF,NON,9574,12:13,INTERNATIONAL,STRASBOURG,MUNSTUTPA,FRAEG,10:52,DESGT
2309,2023-08-15,STUTTGART HBF,NON,9574,14:05,INTERNATIONAL,PARIS (intramuros),MUNSTUTPA,FRPST,10:52,DESGT
2310,2023-08-15,AIX EN PROVENCE TGV,OUI,6024,16:38,SUD EST,AVIGNON TGV,PROVENCEPA,FRAVG,16:19,FRAIE
2311,2023-08-15,BOURGES,NON,4506,21:22,IC SRO,ANGERS ST LAUD,JOURLYNNTE,FRACL,19:08,FRBOU
2312,2023-08-15,BOURGES,NON,4506,22:04,IC SRO,NANTES,JOURLYNNTE,FRNTE,19:08,FRBOU
2313,2023-08-15,LYON (intramuros),NON,4506,17:28,IC SRO,ST GERMAIN DES FOSSES,JOURLYNNTE,FRSGF,15:46,FRLPD
2314,2023-08-15,LYON (intramuros),NON,4506,17:49,IC SRO,MOULINS SUR ALLIER,JOURLYNNTE,FRXMU,15:46,FRLPD
2315,2023-08-15,LYON (intramuros),NON,4506,19:06,IC SRO,BOURGES,JOURLYNNTE,FRBOU,15:32,FRLPE
2316,2023-08-15,LYON (intramuros),NON,4506,20:26,IC SRO,ST PIERRE DES CORPS,JOURLYNNTE,FRXSH,15:32,FRLPE
2317,2023-08-15,NEVERS,NON,4506,21:22,IC SRO,ANGERS ST LAUD,JOURLYNNTE,FRACL,18:29,FRNVS
2318,2023-08-15,ROANNE,NON,4506,21:22,IC SRO,ANGERS ST LAUD,JOURLYNNTE,FRACL,16:51,FRRNE
2319,2023-08-15,ROANNE,NON,4506,22:04,IC SRO,NANTES,JOURLYNNTE,FRNTE,16:51,FRRNE
2320,2023-08-15,ROANNE,NON,4506,18:19,IC SRO,NEVERS,JOURLYNNTE,FRNVS,16:51,FRRNE
2321,2023-08-15,ROANNE,NON,4506,17:28,IC SRO,ST GERMAIN DES FOSSES,JOURLYNNTE,FRSGF,16:51,FRRNE
2322,2023-08-15,ST GERMAIN DES FOSSES,NON,4506,21:22,IC SRO,ANGERS ST LAUD,JOURLYNNTE,FRACL,17:30,FRSGF
2323,2023-08-15,ST GERMAIN DES FOSSES,NON,4506,20:26,IC SRO,ST PIERRE DES CORPS,JOURLYNNTE,FRXSH,17:30,FRSGF
2324,2023-08-15,ST GERMAIN DES FOSSES,NON,4506,19:25,IC SRO,VIERZON VILLE,JOURLYNNTE,FRXVZ,17:30,FRSGF
2325,2023-08-15,MOULINS SUR ALLIER,NON,4506,19:06,IC SRO,BOURGES,JOURLYNNTE,FRBOU,17:51,FRXMU
2326,2023-08-15,MOULINS SUR ALLIER,NON,4506,18:19,IC SRO,NEVERS,JOURLYNNTE,FRNVS,17:51,FRXMU
2327,2023-08-15,MOULINS SUR ALLIER,NON,4506,19:25,IC SRO,VIERZON VILLE,JOURLYNNTE,FRXVZ,17:51,FRXMU
2328,2023-08-15,VIERZON VILLE,NON,4506,21:22,IC SRO,ANGERS ST LAUD,JOURLYNNTE,FRACL,19:27,FRXVZ
2329,2023-08-15,VIERZON VILLE,NON,4506,22:04,IC SRO,NANTES,JOURLYNNTE,FRNTE,19:27,FRXVZ
2330,2023-08-15,LE MANS,OUI,8073,22:26,ATLANTIQUE,RENNES,PARISBRETA,FRRNS,21:13,FRAET
2331,2023-08-15,NANCY,OUI,2573,20:41,EST,EPINAL,PANANCY,FREPL,19:58,FRENC
2332,2023-08-15,NANCY,OUI,2573,21:05,EST,REMIREMONT,PANANCY,FRRNT,19:58,FRENC
2333,2023-08-15,EPINAL,OUI,2573,21:05,EST,REMIREMONT,PANANCY,FRRNT,20:44,FREPL
2334,2023-08-15,BREST,NON,8644,21:24,ATLANTIQUE,PARIS (intramuros),BRETAPARIS,FRPMO,17:59,FRBES
2335,2023-08-15,LAVAL,NON,8054,11:19,ATLANTIQUE,PARIS (intramuros),BRETAPARIS,FRPMO,10:03,FRACR
2336,2023-08-15,POITIERS,OUI,8330,08:33,ATLANTIQUE,PARIS (intramuros),ROCHELLEPA,FRPMO,06:31,FRPIS
2337,2023-08-15,CHATELLERAULT,OUI,8330,07:22,ATLANTIQUE,ST PIERRE DES CORPS,ROCHELLEPA,FRXSH,06:51,FRXCX
2338,2023-08-15,BORDEAUX ST JEAN,OUI,8549,20:40,ATLANTIQUE,ST JEAN DE LUZ CIBOURE,PASUDOUEST,FRXJZ,18:20,FRBOJ
2339,2023-08-15,PARIS (intramuros),OUI,8549,20:40,ATLANTIQUE,ST JEAN DE LUZ CIBOURE,PASUDOUEST,FRXJZ,16:08,FRPMO
2340,2023-08-15,BAYONNE,OUI,8549,20:24,ATLANTIQUE,BIARRITZ,PASUDOUEST,FRBIQ,20:15,FRXBY
2341,2023-08-15,DIJON VILLE,NON,6700,08:01,SUD EST,MONTBARD,BOURPA,FRGWE,07:27,FRABA
2342,2023-08-15,BELFORT-MONTBELIARD TGV,NON,6700,08:01,SUD EST,MONTBARD,BOURPA,FRGWE,06:29,FRTJA
2343,2023-08-15,BESANCON - F COMTE TGV,NON,6700,08:01,SUD EST,MONTBARD,BOURPA,FRGWE,06:53,FRTJB
2344,2023-08-15,BRIVE LA GAILLARDE,NON,3694,19:58,IC ARO,LIMOGES BENEDICTINS,TOULOUZECO,FRAGQ,18:58,FRBVE
2345,2023-08-15,CHATEAUROUX,NON,3694,21:43,IC ARO,VIERZON VILLE,TOULOUZECO,FRXVZ,21:10,FRCHR
2346,2023-08-15,GOURDON,NON,3694,19:58,IC ARO,LIMOGES BENEDICTINS,TOULOUZECO,FRAGQ,18:12,FRFSI
2347,2023-08-15,CAUSSADE TARN ET GARONNE,NON,3694,19:58,IC ARO,LIMOGES BENEDICTINS,TOULOUZECO,FRAGQ,17:18,FRFTA
2348,2023-08-15,CAUSSADE TARN ET GARONNE,OUI,3694,18:10,IC ARO,GOURDON,TOULOUZECO,FRFSI,17:18,FRFTA
2349,2023-08-15,CAUSSADE TARN ET GARONNE,NON,3694,21:43,IC ARO,VIERZON VILLE,TOULOUZECO,FRXVZ,17:18,FRFTA
2350,2023-08-15,LES AUBRAIS ORLEANS,NON,3694,23:19,IC ARO,PARIS (intramuros),TOULOUZECO,FRPAZ,22:22,FRLAB
2351,2023-08-15,SOUILLAC,NON,3694,19:58,IC ARO,LIMOGES BENEDICTINS,TOULOUZECO,FRAGQ,18:29,FRSOU
2352,2023-08-15,SOUILLAC,OUI,3694,18:55,IC ARO,BRIVE LA GAILLARDE,TOULOUZECO,FRBVE,18:29,FRSOU
2353,2023-08-15,MONTAUBAN VILLE BOURBON,OUI,3694,18:10,IC ARO,GOURDON,TOULOUZECO,FRFSI,17:05,FRXMW
2354,2023-08-15,MONTAUBAN VILLE BOURBON,NON,3694,22:20,IC ARO,LES AUBRAIS ORLEANS,TOULOUZECO,FRLAB,17:05,FRXMW
2355,2023-08-15,MONTAUBAN VILLE BOURBON,NON,3694,20:30,IC ARO,LA SOUTERRAINE,TOULOUZECO,FRLST,17:05,FRXMW
2356,2023-08-15,MONTAUBAN VILLE BOURBON,OUI,3694,17:43,IC ARO,CAHORS,TOULOUZECO,FRZAO,17:05,FRXMW
2357,2023-08-15,TOULOUSE MATABIAU,NON,3694,20:30,IC ARO,LA SOUTERRAINE,TOULOUZECO,FRLST,16:32,FRXYT
2358,2023-08-15,TOULOUSE MATABIAU,OUI,3694,17:03,IC ARO,MONTAUBAN VILLE BOURBON,TOULOUZECO,FRXMW,16:32,FRXYT
2359,2023-08-15,TOULOUSE MATABIAU,OUI,3694,17:43,IC ARO,CAHORS,TOULOUZECO,FRZAO,16:32,FRXYT
2360,2023-08-15,SOUILLAC,NON,3694,20:30,IC ARO,LA SOUTERRAINE,TOULOUZECO,FRLST,18:29,FRSOU
2361,2023-08-15,VALENCE TGV RHONE-ALPES SUD,OUI,6221,12:59,SUD EST,PERPIGNAN,PALANG,FRPGF,09:55,FRVLA
2362,2023-08-15,AGDE,OUI,6221,12:59,SUD EST,PERPIGNAN,PALANG,FRPGF,11:51,FRXAG
2363,2023-08-15,AGDE,OUI,6221,12:20,SUD EST,NARBONNE,PALANG,FRXNA,11:51,FRXAG
2364,2023-08-15,SETE,OUI,6221,12:20,SUD EST,NARBONNE,PALANG,FRXNA,11:34,FRXSY
2365,2023-08-15,GOURDON,OUI,3665,23:13,IC ARO,CAHORS,PALITO,FRZAO,22:46,FRFSI
2366,2023-08-15,PARIS (intramuros),OUI,3665,22:01,IC ARO,BRIVE LA GAILLARDE,PALITO,FRBVE,17:41,FRPAZ
2367,2023-08-15,PARIS (intramuros),OUI,3665,20:22,IC ARO,LA SOUTERRAINE,PALITO,FRLST,17:41,FRPAZ
2368,2023-08-15,VIERZON VILLE,OUI,3665,22:01,IC ARO,BRIVE LA GAILLARDE,PALITO,FRBVE,19:11,FRXVZ
2369,2023-08-15,VIERZON VILLE,OUI,3665,19:57,IC ARO,ARGENTON SUR CREUSE,PALITO,FRFMT,19:11,FRXVZ
2370,2023-08-15,ANGERS ST LAUD,OUI,8905,19:54,ATLANTIQUE,NANTES,PARISLOIRE,FRNTE,19:16,FRACL
2371,2023-08-15,NANTES,OUI,8905,20:34,ATLANTIQUE,ST NAZAIRE,PARISLOIRE,FRSNR,20:00,FRNTE
2372,2023-08-15,AGEN,OUI,8519,23:31,ATLANTIQUE,TOULOUSE MATABIAU,PASUDOUEST,FRXYT,22:25,FRAGF
2373,2023-08-15,BORDEAUX ST JEAN,OUI,8519,23:02,ATLANTIQUE,MONTAUBAN VILLE BOURBON,PASUDOUEST,FRXMW,21:20,FRBOJ
2374,2023-08-15,PARIS (intramuros),OUI,8519,23:02,ATLANTIQUE,MONTAUBAN VILLE BOURBON,PASUDOUEST,FRXMW,19:08,FRPMO
2375,2023-08-15,MONTAUBAN VILLE BOURBON,OUI,8519,23:31,ATLANTIQUE,TOULOUSE MATABIAU,PASUDOUEST,FRXYT,23:05,FRXMW
2376,2023-08-15,DAX,OUI,8551,22:11,ATLANTIQUE,BAYONNE,PASUDOUEST,FRXBY,21:40,FRACG
2377,2023-08-15,BORDEAUX ST JEAN,OUI,8551,21:36,ATLANTIQUE,DAX,PASUDOUEST,FRACG,20:20,FRBOJ
2378,2023-08-15,PARIS (intramuros),NON,8551,22:11,ATLANTIQUE,BAYONNE,PASUDOUEST,FRXBY,18:07,FRPMO
2379,2023-08-15,ST JEAN DE LUZ CIBOURE,OUI,8551,22:54,ATLANTIQUE,HENDAYE,PASUDOUEST,FRAEF,22:41,FRXJZ
2380,2023-08-15,STRASBOURG,OUI,9890,09:43,NORD,BRUXELLES MIDI BRUSSEL ZUID,JCESTNORD,BEBMI,06:01,FRAEG
2381,2023-08-15,STRASBOURG,OUI,9890,07:56,NORD,AEROPORT CDG2 TGV ROISSY,JCESTNORD,FRMLW,06:01,FRAEG
2382,2023-08-15,LORRAINE TGV,OUI,9890,07:23,NORD,CHAMPAGNE-ARDENNE,JCESTNORD,FREAH,06:38,FREAM
2383,2023-08-15,LORRAINE TGV,OUI,9890,06:56,NORD,MEUSE TGV,JCESTNORD,FREAJ,06:38,FREAM
2384,2023-08-15,LILLE (intramuros),OUI,9890,09:43,NORD,BRUXELLES MIDI BRUSSEL ZUID,JCESTNORD,BEBMI,09:09,FRLLE
2385,2023-08-15,LORIENT,OUI,8722,14:17,ATLANTIQUE,VANNES,BRETAPARIS,FRVNE,13:46,FRLRT
2386,2023-08-15,QUIMPER,NON,8722,15:25,ATLANTIQUE,RENNES,BRETAPARIS,FRRNS,13:11,FRUIP
2387,2023-08-15,QUIMPER,OUI,8722,14:02,ATLANTIQUE,AURAY,BRETAPARIS,FRXUY,13:11,FRUIP
2388,2023-08-15,AURAY,NON,8722,17:08,ATLANTIQUE,PARIS (intramuros),BRETAPARIS,FRPMO,14:07,FRXUY
2389,2023-08-15,AURAY,NON,8722,14:48,ATLANTIQUE,REDON,BRETAPARIS,FRXRN,14:07,FRXUY
2390,2023-08-15,MUENCHEN HBF,NON,9576,12:31,INTERNATIONAL,PARIS (intramuros),MUNSTUTPA,FRPST,06:51,DEBEG
2391,2023-08-15,STUTTGART HBF,NON,9576,10:37,INTERNATIONAL,STRASBOURG,MUNSTUTPA,FRAEG,09:11,DESGT
2392,2023-08-15,ETAPLES LE TOUQUET,NON,7534,19:08,NORD,PARIS (intramuros),ARRASPA,FRPNO,16:22,FRETA
2393,2023-08-15,AIX EN PROVENCE TGV,OUI,6129,22:56,SUD EST,MARSEILLE ST CHARLES,PAPROVENCE,FRMSC,22:44,FRAIE
2394,2023-08-15,AGEN,NON,4665,21:20,IC ARO,NIMES,TJOURSOSE,FRFNI,17:32,FRAGF
2395,2023-08-15,AGEN,NON,4665,18:09,IC ARO,MONTAUBAN VILLE BOURBON,TJOURSOSE,FRXMW,17:32,FRAGF
2396,2023-08-15,BORDEAUX ST JEAN,NON,4665,20:52,IC ARO,MONTPELLIER SAINT-ROCH,TJOURSOSE,FRMPL,16:28,FRBOJ
2397,2023-08-15,BORDEAUX ST JEAN,NON,4665,22:31,IC ARO,MARSEILLE ST CHARLES,TJOURSOSE,FRMSC,16:28,FRBOJ
2398,2023-08-15,BORDEAUX ST JEAN,NON,4665,19:58,IC ARO,NARBONNE,TJOURSOSE,FRXNA,16:28,FRBOJ
2399,2023-08-15,BEZIERS,NON,4665,20:52,IC ARO,MONTPELLIER SAINT-ROCH,TJOURSOSE,FRMPL,20:17,FRBZR
2400,2023-08-15,CARCASSONNE,NON,4665,21:20,IC ARO,NIMES,TJOURSOSE,FRFNI,19:29,FRCCF
2401,2023-08-15,NIMES,OUI,4665,22:31,IC ARO,MARSEILLE ST CHARLES,TJOURSOSE,FRMSC,21:23,FRFNI
2402,2023-08-15,NARBONNE,NON,4665,20:52,IC ARO,MONTPELLIER SAINT-ROCH,TJOURSOSE,FRMPL,20:01,FRXNA
2403,2023-08-15,TOULOUSE MATABIAU,NON,4665,20:14,IC ARO,BEZIERS,TJOURSOSE,FRBZR,18:45,FRXYT
2404,2023-08-15,TOULOUSE MATABIAU,NON,4665,20:52,IC ARO,MONTPELLIER SAINT-ROCH,TJOURSOSE,FRMPL,18:45,FRXYT
2405,2023-08-15,LE MANS,OUI,8063,23:09,ATLANTIQUE,RENNES,PARISBRETA,FRRNS,22:13,FRAET
2406,2023-08-15,LES AUBRAIS ORLEANS,NON,3737,07:22,IC NUIT,CARCASSONNE,PARPALOMBE,FRCCF,22:24,FRLAB
2407,2023-08-15,LES AUBRAIS ORLEANS,NON,3737,07:55,IC NUIT,LEZIGNAN-CORBIERES,PARPALOMBE,FRFUX,22:24,FRLAB
2408,2023-08-15,LES AUBRAIS ORLEANS,NON,3737,09:00,IC NUIT,PORT LA NOUVELLE,PARPALOMBE,FRILP,22:24,FRLAB
2409,2023-08-15,LES AUBRAIS ORLEANS,NON,3737,10:20,IC NUIT,CERBERE,PARPALOMBE,FRXCE,22:24,FRLAB
2410,2023-08-15,PARIS (intramuros),NON,3737,07:22,IC NUIT,CARCASSONNE,PARPALOMBE,FRCCF,20:41,FRPAZ
2411,2023-08-15,PARIS (intramuros),NON,3737,08:13,IC NUIT,NARBONNE,PARPALOMBE,FRXNA,20:41,FRPAZ
2412,2023-08-15,METZ VILLE,NON,2886,20:29,EST,CHAMPAGNE-ARDENNE,LUXMETZPA,FREAH,19:42,FRADE
2413,2023-08-15,LAVAL,OUI,9884,07:16,NORD,LE MANS,JCBRETNORD,FRAET,06:47,FRACR
2414,2023-08-15,LAVAL,NON,9884,08:57,NORD,MARNE LA VALLEE CHESSY,JCBRETNORD,FRMLV,06:47,FRACR
2415,2023-08-15,LAVAL,NON,9884,09:10,NORD,AEROPORT CDG2 TGV ROISSY,JCBRETNORD,FRMLW,06:47,FRACR
2416,2023-08-15,LE MANS,NON,9884,09:10,NORD,AEROPORT CDG2 TGV ROISSY,JCBRETNORD,FRMLW,07:26,FRAET
2417,2023-08-15,AEROPORT CDG2 TGV ROISSY,OUI,9884,10:17,NORD,LILLE (intramuros),JCBRETNORD,FRLLE,09:16,FRMLW
2418,2023-08-15,AEROPORT CDG2 TGV ROISSY,OUI,9884,09:45,NORD,TGV HAUTE PICARDIE,JCBRETNORD,FRTHP,09:16,FRMLW
2419,2023-08-15,RENNES,OUI,9884,07:16,NORD,LE MANS,JCBRETNORD,FRAET,06:19,FRRNS
2420,2023-08-15,RENNES,NON,9884,08:57,NORD,MARNE LA VALLEE CHESSY,JCBRETNORD,FRMLV,06:19,FRRNS
2421,2023-08-15,RENNES,NON,9884,09:10,NORD,AEROPORT CDG2 TGV ROISSY,JCBRETNORD,FRMLW,06:19,FRRNS
2422,2023-08-15,TGV HAUTE PICARDIE,OUI,9884,10:17,NORD,LILLE (intramuros),JCBRETNORD,FRLLE,09:50,FRTHP
2423,2023-08-15,MASSY TGV,OUI,9884,11:01,NORD,BRUXELLES MIDI BRUSSEL ZUID,JCBRETNORD,BEBMI,08:26,FRDJU
2424,2023-08-15,PARIS (intramuros),NON,2817,15:52,EST,LUXEMBOURG,PAMETZLUX,LULUX,13:40,FRPST
2425,2023-08-15,AVIGNON CENTRE,NON,6198,19:46,SUD EST,LYON-SAINT EXUPERY TGV,VDRPA,FRJDQ,18:04,FRAES
2426,2023-08-15,AVIGNON CENTRE,OUI,6198,18:18,SUD EST,ORANGE,VDRPA,FRXOG,18:04,FRAES
2427,2023-08-15,ARLES,NON,6198,19:46,SUD EST,LYON-SAINT EXUPERY TGV,VDRPA,FRJDQ,17:36,FRHZA
2428,2023-08-15,ARLES,NON,6198,21:46,SUD EST,PARIS (intramuros),VDRPA,FRPLY,17:36,FRHZA
2429,2023-08-15,ARLES,OUI,6198,19:10,SUD EST,VALENCE VILLE,VDRPA,FRVAF,17:36,FRHZA
2430,2023-08-15,MIRAMAS,OUI,6198,19:10,SUD EST,VALENCE VILLE,VDRPA,FRVAF,17:15,FRMAZ
2431,2023-08-15,METZ VILLE,OUI,2680,18:17,EST,CHAMPAGNE-ARDENNE,LUXMETZPA,FREAH,17:28,FRADE
2432,2023-08-15,BORDEAUX ST JEAN,NON,3854,14:05,IC SRO,NANTES,BORDONANTE,FRNTE,09:53,FRBOJ
2433,2023-08-15,JONZAC,NON,3854,12:58,IC SRO,LUCON,BORDONANTE,FRLCN,10:41,FREMR
2434,2023-08-15,LA ROCHELLE VILLE,NON,3854,12:58,IC SRO,LUCON,BORDONANTE,FRLCN,12:19,FRLRH
2435,2023-08-15,SAINTES,NON,3854,13:22,IC SRO,LA ROCHE SUR YON,BORDONANTE,FRXRO,11:25,FRXST
2436,2023-08-15,PARIS (intramuros),OUI,8121,14:54,ATLANTIQUE,NANTES,PARISLOIRE,FRNTE,12:49,FRPMO
2437,2023-08-15,NANTES,OUI,8921,16:04,ATLANTIQUE,LE CROISIC,PARISLOIRE,FREGU,15:00,FRNTE
2438,2023-08-15,PARIS (intramuros),OUI,8921,16:04,ATLANTIQUE,LE CROISIC,PARISLOIRE,FREGU,12:49,FRPMO
2439,2023-08-15,PARIS (intramuros),OUI,8921,15:50,ATLANTIQUE,LA BAULE ESCOUBLAC,PARISLOIRE,FRJEE,12:49,FRPMO
2440,2023-08-15,PARIS (intramuros),NON,6107,12:41,SUD EST,AIX EN PROVENCE TGV,PAPROVENCE,FRAIE,09:38,FRPLY
2441,2023-08-15,NANCY,NON,2578,11:05,EST,CHAMPAGNE-ARDENNE,NANCYPA,FREAH,10:11,FRENC
2442,2023-08-15,NANCY,NON,2578,11:50,EST,PARIS (intramuros),NANCYPA,FRPST,10:11,FRENC
2443,2023-08-15,REMIREMONT,OUI,2578,10:05,EST,NANCY,NANCYPA,FRENC,08:57,FRRNT
2444,2023-08-15,REIMS,OUI,2722,12:47,EST,PARIS (intramuros),SEDBARPA,FRPST,12:01,FRRHE
2445,2023-08-15,KARLSRUHE HBF,NON,9578,08:13,INTERNATIONAL,STRASBOURG,MUNSTUTPA,FRAEG,07:32,DEQKA
2446,2023-08-15,STUTTGART HBF,NON,9578,07:30,INTERNATIONAL,KARLSRUHE HBF,MUNSTUTPA,DEQKA,06:52,DESGT
2447,2023-08-15,STUTTGART HBF,NON,9578,08:13,INTERNATIONAL,STRASBOURG,MUNSTUTPA,FRAEG,06:52,DESGT
2448,2023-08-15,STRASBOURG,OUI,9894,18:01,NORD,MEUSE TGV,JCESTNORD,FREAJ,17:01,FRAEG
2449,2023-08-15,STRASBOURG,NON,9894,20:19,NORD,LILLE (intramuros),JCESTNORD,FRLLE,17:01,FRAEG
2450,2023-08-15,LORRAINE TGV,NON,9894,21:09,NORD,BRUXELLES MIDI BRUSSEL ZUID,JCESTNORD,BEBMI,17:42,FREAM
2451,2023-08-15,LORRAINE TGV,OUI,9894,19:06,NORD,AEROPORT CDG2 TGV ROISSY,JCESTNORD,FRMLW,17:42,FREAM
2452,2023-08-15,TGV HAUTE PICARDIE,OUI,9894,21:09,NORD,BRUXELLES MIDI BRUSSEL ZUID,JCESTNORD,BEBMI,19:53,FRTHP
2453,2023-08-15,STRASBOURG,NON,9894,19:44,NORD,TGV HAUTE PICARDIE,JCESTNORD,FRTHP,17:01,FRAEG
2454,2023-08-15,CHAMBERY CHALLES LES EAUX,NON,9245,16:50,INTERNATIONAL,MILANO P GARIBALDI,PAITALIE,ITMPG,12:44,FRCMF
2455,2023-08-15,CHAMBERY CHALLES LES EAUX,NON,9245,14:23,INTERNATIONAL,OULX CESANA CLAV SESTRIERE,PAITALIE,ITOCS,12:44,FRCMF
2456,2023-08-15,MACON LOCHE TGV,NON,9245,12:36,INTERNATIONAL,CHAMBERY CHALLES LES EAUX,PAITALIE,FRCMF,11:20,FRMLT
2457,2023-08-15,MACON LOCHE TGV,NON,9245,15:23,INTERNATIONAL,TORINO PORTA SUSA,PAITALIE,ITTRS,11:20,FRMLT
2458,2023-08-15,PARIS (intramuros),NON,9245,16:50,INTERNATIONAL,MILANO P GARIBALDI,PAITALIE,ITMPG,09:46,FRPLY
2459,2023-08-15,LIMOGES BENEDICTINS,NON,3648,13:57,IC ARO,VIERZON VILLE,TOULOUZECO,FRXVZ,12:09,FRAGQ
2460,2023-08-15,BRIVE LA GAILLARDE,NON,3648,13:02,IC ARO,ARGENTON SUR CREUSE,TOULOUZECO,FRFMT,11:05,FRBVE
2461,2023-08-15,ISSOUDUN,NON,3648,15:32,IC ARO,PARIS (intramuros),TOULOUZECO,FRPAZ,13:36,FRFMN
2462,2023-08-15,ARGENTON SUR CREUSE,NON,3648,13:57,IC ARO,VIERZON VILLE,TOULOUZECO,FRXVZ,13:03,FRFMT
2463,2023-08-15,FRANKFURT MAIN HBF,NON,9580,16:02,INTERNATIONAL,STRASBOURG,FRANCMRS,FRAEG,13:56,DEFRH
2464,2023-08-15,MANNHEIM HBF,NON,9580,19:56,INTERNATIONAL,LYON (intramuros),FRANCMRS,FRLPD,14:39,DEMHG
2465,2023-08-15,MANNHEIM HBF,NON,9580,18:53,INTERNATIONAL,CHALON SUR SAONE,FRANCMRS,FRXCD,14:39,DEMHG
2466,2023-08-15,KARLSRUHE HBF,NON,9580,21:12,INTERNATIONAL,AVIGNON TGV,FRANCMRS,FRAVG,15:12,DEQKA
2467,2023-08-15,KARLSRUHE HBF,NON,9580,19:56,INTERNATIONAL,LYON (intramuros),FRANCMRS,FRLPD,15:12,DEQKA
2468,2023-08-15,KARLSRUHE HBF,NON,9580,17:55,INTERNATIONAL,BESANCON - F COMTE TGV,FRANCMRS,FRTJB,15:12,DEQKA
2469,2023-08-15,KARLSRUHE HBF,NON,9580,18:53,INTERNATIONAL,CHALON SUR SAONE,FRANCMRS,FRXCD,15:12,DEQKA
2470,2023-08-15,BADEN BADEN,NON,9580,16:02,INTERNATIONAL,STRASBOURG,FRANCMRS,FRAEG,15:35,DEZCC
2471,2023-08-15,BADEN BADEN,NON,9580,17:05,INTERNATIONAL,MULHOUSE VILLE,FRANCMRS,FRAEK,15:35,DEZCC
2472,2023-08-15,BADEN BADEN,NON,9580,17:31,INTERNATIONAL,BELFORT-MONTBELIARD TGV,FRANCMRS,FRTJA,15:35,DEZCC
2473,2023-08-15,MULHOUSE VILLE,NON,9580,21:12,INTERNATIONAL,AVIGNON TGV,FRANCMRS,FRAVG,17:09,FRAEK
2474,2023-08-15,LYON (intramuros),NON,9580,21:12,INTERNATIONAL,AVIGNON TGV,FRANCMRS,FRAVG,20:06,FRLPD
2475,2023-08-15,BELFORT-MONTBELIARD TGV,NON,9580,21:12,INTERNATIONAL,AVIGNON TGV,FRANCMRS,FRAVG,17:34,FRTJA
2476,2023-08-15,BELFORT-MONTBELIARD TGV,NON,9580,19:56,INTERNATIONAL,LYON (intramuros),FRANCMRS,FRLPD,17:34,FRTJA
2477,2023-08-15,BELFORT-MONTBELIARD TGV,NON,9580,17:55,INTERNATIONAL,BESANCON - F COMTE TGV,FRANCMRS,FRTJB,17:34,FRTJA
2478,2023-08-15,BESANCON - F COMTE TGV,NON,9580,21:12,INTERNATIONAL,AVIGNON TGV,FRANCMRS,FRAVG,17:58,FRTJB
2479,2023-08-15,CHALON SUR SAONE,NON,9580,21:34,INTERNATIONAL,AIX EN PROVENCE TGV,FRANCMRS,FRAIE,18:56,FRXCD
2480,2023-08-15,MASSY TGV,NON,5382,14:50,SUD EST,LE MANS,JCSUDATL,FRAET,13:56,FRDJU
2481,2023-08-15,LYON (intramuros),NON,5382,14:50,SUD EST,LE MANS,JCSUDATL,FRAET,11:36,FRLPE
2482,2023-08-15,LYON (intramuros),NON,5382,13:51,SUD EST,MASSY TGV,JCSUDATL,FRDJU,11:36,FRLPE
2483,2023-08-15,HENDAYE,OUI,8534,09:50,ATLANTIQUE,BIARRITZ,SUDOUESTPA,FRBIQ,09:28,FRAEF
2484,2023-08-15,BIARRITZ,OUI,8534,10:38,ATLANTIQUE,DAX,SUDOUESTPA,FRACG,09:53,FRBIQ
2485,2023-08-15,BIARRITZ,NON,8534,14:20,ATLANTIQUE,PARIS (intramuros),SUDOUESTPA,FRPMO,09:53,FRBIQ
2486,2023-08-15,ST JEAN DE LUZ CIBOURE,NON,8534,12:06,ATLANTIQUE,BORDEAUX ST JEAN,SUDOUESTPA,FRBOJ,09:40,FRXJZ
2487,2023-08-15,LES AUBRAIS ORLEANS,NON,3751,07:07,IC NUIT,TOULOUSE MATABIAU,PAVERMEIL,FRXYT,23:32,FRLAB
2488,2023-08-15,PARIS (intramuros),NON,3751,05:01,IC NUIT,CAHORS,PAVERMEIL,FRZAO,22:12,FRPAZ
2489,2023-08-15,PERPIGNAN,OUI,6036,16:55,SUD EST,BEZIERS,LANGPA,FRBZR,16:05,FRPGF
2490,2023-08-15,PERPIGNAN,OUI,6036,17:43,SUD EST,MONTPELLIER SAINT-ROCH,LANGPA,FRMPL,16:05,FRPGF
2491,2023-08-15,PERPIGNAN,NON,6036,21:18,SUD EST,PARIS (intramuros),LANGPA,FRPLY,16:05,FRPGF
2492,2023-08-15,PERPIGNAN,OUI,6036,17:08,SUD EST,AGDE,LANGPA,FRXAG,16:05,FRPGF
2493,2023-08-15,PERPIGNAN,OUI,6036,16:39,SUD EST,NARBONNE,LANGPA,FRXNA,16:05,FRPGF
2494,2023-08-15,AGDE,OUI,6036,18:18,SUD EST,NIMES,LANGPA,FRFNI,17:11,FRXAG
2495,2023-08-15,AGDE,OUI,6036,17:43,SUD EST,MONTPELLIER SAINT-ROCH,LANGPA,FRMPL,17:11,FRXAG
2496,2023-08-15,NARBONNE,OUI,6036,16:55,SUD EST,BEZIERS,LANGPA,FRBZR,16:42,FRXNA
2497,2023-08-15,BESANCON VIOTTE,NON,6766,20:58,SUD EST,MONTBARD,BOURPA,FRGWE,19:37,FRABG
2498,2023-08-15,MONTBARD,NON,6766,22:04,SUD EST,PARIS (intramuros),BOURPA,FRPLY,21:01,FRGWE
2499,2023-08-15,LIMOGES BENEDICTINS,OUI,3655,20:42,IC ARO,UZERCHE,PALITO,FRAAW,20:05,FRAGQ
2500,2023-08-15,ISSOUDUN,OUI,3655,18:48,IC ARO,CHATEAUROUX,PALITO,FRCHR,18:34,FRFMN
2501,2023-08-15,LA SOUTERRAINE,OUI,3655,20:42,IC ARO,UZERCHE,PALITO,FRAAW,19:27,FRLST
2502,2023-08-15,LA SOUTERRAINE,OUI,3655,20:02,IC ARO,LIMOGES BENEDICTINS,PALITO,FRAGQ,19:27,FRLST
2503,2023-08-15,PARIS (intramuros),OUI,3655,18:48,IC ARO,CHATEAUROUX,PALITO,FRCHR,16:41,FRPAZ
2504,2023-08-15,VIERZON VILLE,OUI,3655,21:08,IC ARO,BRIVE LA GAILLARDE,PALITO,FRBVE,18:14,FRXVZ
2505,2023-08-15,MARSEILLE ST CHARLES,NON,6077,19:26,SUD EST,CANNES,PAAZUR,FRJCA,17:28,FRMSC
2506,2023-08-15,TOULON,OUI,6077,19:58,SUD EST,NICE VILLE,PAAZUR,FRNIC,18:15,FRTLN
2507,2023-08-15,TOULON,OUI,6077,19:39,SUD EST,ANTIBES,PAAZUR,FRXAT,18:15,FRTLN
2508,2023-08-15,CLERMONT FERRAND,NON,5978,17:58,IC ARO,NEVERS,CLERMONTPA,FRNVS,16:31,FRCFE
2509,2023-08-15,CLERMONT FERRAND,OUI,5978,16:40,IC ARO,RIOM CHATEL GUYON,CLERMONTPA,FRRIO,16:31,FRCFE
2510,2023-08-15,NEVERS,NON,5978,19:57,IC ARO,PARIS (intramuros),CLERMONTPA,FRPBE,18:00,FRNVS
2511,2023-08-15,RIOM CHATEL GUYON,NON,5978,19:57,IC ARO,PARIS (intramuros),CLERMONTPA,FRPBE,16:42,FRRIO
2512,2023-08-15,VICHY,NON,5978,17:58,IC ARO,NEVERS,CLERMONTPA,FRNVS,17:06,FRVHY
2513,2023-08-15,MOULINS SUR ALLIER,NON,5978,17:58,IC ARO,NEVERS,CLERMONTPA,FRNVS,17:31,FRXMU
2514,2023-08-15,ANGERS ST LAUD,OUI,8973,13:14,ATLANTIQUE,LES SABLES D'OLONNE,PARISLOIRE,FRLSO,11:16,FRACL
2515,2023-08-15,ANGERS ST LAUD,OUI,8973,11:54,ATLANTIQUE,NANTES,PARISLOIRE,FRNTE,11:16,FRACL
2516,2023-08-15,ANGERS ST LAUD,OUI,8973,12:45,ATLANTIQUE,LA ROCHE SUR YON,PARISLOIRE,FRXRO,11:16,FRACL
2517,2023-08-15,PARIS (intramuros),OUI,8973,11:13,ATLANTIQUE,ANGERS ST LAUD,PARISLOIRE,FRACL,09:36,FRPMO
2518,2023-08-15,PARIS (intramuros),OUI,8973,13:14,ATLANTIQUE,LES SABLES D'OLONNE,PARISLOIRE,FRLSO,09:36,FRPMO
2519,2023-08-15,PARIS (intramuros),OUI,8973,12:45,ATLANTIQUE,LA ROCHE SUR YON,PARISLOIRE,FRXRO,09:36,FRPMO
2520,2023-08-15,LA ROCHE SUR YON,OUI,8973,13:14,ATLANTIQUE,LES SABLES D'OLONNE,PARISLOIRE,FRLSO,12:48,FRXRO
2521,2023-08-15,NANCY,OUI,2591,16:13,EST,LUNEVILLE,PANANCY,FRLNE,15:53,FRENC
2522,2023-08-15,ANGERS ST LAUD,NON,8922,17:25,ATLANTIQUE,PARIS (intramuros),LOIREPARIS,FRPMO,15:44,FRACL
2523,2023-08-15,LA BAULE ESCOUBLAC,OUI,8922,14:21,ATLANTIQUE,ST NAZAIRE,LOIREPARIS,FRSNR,14:05,FRJEE
2524,2023-08-15,BRIVE LA GAILLARDE,OUI,3614,07:14,IC ARO,CHATEAUROUX,TOULOUZECO,FRCHR,04:58,FRBVE
2525,2023-08-15,BRIVE LA GAILLARDE,OUI,3604,04:58,IC ARO,LIMOGES BENEDICTINS,TOULOUZECO,FRAGQ,03:57,FRBVE
2526,2023-08-15,NANTES,OUI,5300,05:27,SUD EST,ANGERS ST LAUD,JCATLSUD,FRACL,04:51,FRNTE
2527,2023-08-15,NANTES,NON,5300,09:30,SUD EST,LYON (intramuros),JCATLSUD,FRLPD,04:51,FRNTE
2528,2023-08-15,NANTES,NON,5300,10:58,SUD EST,NIMES PONT DU GARD,JCATLSUD,FRXZP,04:51,FRNTE
2529,2023-08-15,BRIVE LA GAILLARDE,OUI,3614,06:00,IC ARO,LIMOGES BENEDICTINS,TOULOUZECO,FRAGQ,04:58,FRBVE
2530,2023-08-15,DUNKERQUE,OUI,7342,21:08,NORD,PARIS (intramuros),ARRASPA,FRPNO,18:56,FRADI
2531,2023-08-15,ARRAS,OUI,7342,21:08,NORD,PARIS (intramuros),ARRASPA,FRPNO,20:18,FRQRV
2532,2023-08-15,BORDEAUX ST JEAN,OUI,8404,09:43,ATLANTIQUE,MASSY TGV,SUDOUESTPA,FRDJU,07:44,FRBOJ
2533,2023-08-15,AIX EN PROVENCE TGV,NON,6866,19:45,SUD EST,AVIGNON TGV,JCSUDPROV,FRAVG,19:26,FRAIE
2534,2023-08-15,TOULON,NON,6866,19:23,SUD EST,AIX EN PROVENCE TGV,JCSUDPROV,FRAIE,17:53,FRTLN
2535,2023-08-15,LAVAL,NON,8707,10:25,ATLANTIQUE,RENNES,PARISBRETA,FRRNS,09:58,FRACR
2536,2023-08-15,PARIS (intramuros),NON,8707,09:55,ATLANTIQUE,LAVAL,PARISBRETA,FRACR,08:40,FRPMO
2537,2023-08-15,PARIS (intramuros),NON,8707,11:29,ATLANTIQUE,VANNES,PARISBRETA,FRVNE,08:40,FRPMO
2538,2023-08-15,RENNES,NON,8707,11:04,ATLANTIQUE,REDON,PARISBRETA,FRXRN,10:29,FRRNS
2539,2023-08-15,VANNES,NON,8707,11:42,ATLANTIQUE,AURAY,PARISBRETA,FRXUY,11:32,FRVNE
2540,2023-08-15,REDON,NON,8707,12:00,ATLANTIQUE,LORIENT,PARISBRETA,FRLRT,11:06,FRXRN
2541,2023-08-15,REDON,NON,8707,11:42,ATLANTIQUE,AURAY,PARISBRETA,FRXUY,11:06,FRXRN
2542,2023-08-15,MARSEILLE ST CHARLES,OUI,6106,07:15,SUD EST,AIX EN PROVENCE TGV,PROVENCEPA,FRAIE,07:04,FRMSC
2543,2023-08-15,MARSEILLE ST CHARLES,NON,6106,10:22,SUD EST,PARIS (intramuros),PROVENCEPA,FRPLY,07:04,FRMSC
2544,2023-08-15,VALENCE TGV RHONE-ALPES SUD,NON,6048,15:04,SUD EST,PARIS (intramuros),LANGPA,FRPLY,12:53,FRVLA
2545,2023-08-15,VALENCE TGV RHONE-ALPES SUD,NON,6279,23:00,SUD EST,BEZIERS,PALANG,FRBZR,21:10,FRVLA
2546,2023-08-15,AGDE,OUI,6279,23:00,SUD EST,BEZIERS,PALANG,FRBZR,22:49,FRXAG
2547,2023-08-15,NARBONNE,OUI,6279,23:50,SUD EST,PERPIGNAN,PALANG,FRPGF,23:19,FRXNA
2548,2023-08-15,MONTPELLIER SUD DE FRANCE,OUI,6279,23:50,SUD EST,PERPIGNAN,PALANG,FRPGF,22:17,FRSUF
2549,2023-08-15,VALENCE TGV RHONE-ALPES SUD,NON,6279,21:46,SUD EST,NIMES PONT DU GARD,PALANG,FRXZP,21:10,FRVLA
2550,2023-08-15,NIMES PONT DU GARD,OUI,6279,22:08,SUD EST,MONTPELLIER SUD DE FRANCE,PALANG,FRSUF,21:49,FRXZP
2551,2023-08-15,LIMOGES BENEDICTINS,OUI,3614,09:19,IC ARO,PARIS (intramuros),TOULOUZECO,FRPAZ,06:03,FRAGQ
2552,2023-08-15,CHATEAUROUX,OUI,3614,07:48,IC ARO,VIERZON VILLE,TOULOUZECO,FRXVZ,07:16,FRCHR
2553,2023-08-15,ARGENTON SUR CREUSE,OUI,3614,07:14,IC ARO,CHATEAUROUX,TOULOUZECO,FRCHR,06:59,FRFMT
2554,2023-08-15,ARGENTON SUR CREUSE,OUI,3614,07:48,IC ARO,VIERZON VILLE,TOULOUZECO,FRXVZ,06:59,FRFMT
2555,2023-08-15,LOURDES,OUI,8562,09:45,ATLANTIQUE,PAU,SUDOUESTPA,FRAEE,09:19,FRLDE
2556,2023-08-15,TARBES,OUI,8562,09:09,ATLANTIQUE,LOURDES,SUDOUESTPA,FRLDE,08:56,FRXTB
2557,2023-08-15,AIX EN PROVENCE TGV,OUI,9854,07:09,NORD,AVIGNON TGV,JCSUDNORD,FRAVG,06:49,FRAIE
2558,2023-08-15,LILLE (intramuros),NON,9854,12:11,NORD,BRUXELLES MIDI BRUSSEL ZUID,JCSUDNORD,BEBMI,11:37,FRLLE
2559,2023-08-15,MARSEILLE ST CHARLES,NON,9854,10:19,NORD,MARNE LA VALLEE CHESSY,JCSUDNORD,FRMLV,06:33,FRMSC
2560,2023-08-15,CHAMPAGNE-ARDENNE,OUI,2407,09:59,EST,STRASBOURG,PASTRAMULH,FRAEG,08:41,FREAH
2561,2023-08-15,PARIS (intramuros),OUI,2407,08:38,EST,CHAMPAGNE-ARDENNE,PASTRAMULH,FREAH,07:58,FRPST
2562,2023-08-15,NIMES PONT DU GARD,NON,6064,21:52,SUD EST,LYON (intramuros),JCSUDPROV,FRLPD,20:33,FRXZP
2563,2023-08-15,BORDEAUX ST JEAN,NON,3858,22:05,IC SRO,NANTES,BORDONANTE,FRNTE,17:53,FRBOJ
2564,2023-08-15,ROCHEFORT,NON,3858,20:58,IC SRO,LUCON,BORDONANTE,FRLCN,19:55,FRRCO
2565,2023-08-15,ROCHEFORT,NON,3858,22:05,IC SRO,NANTES,BORDONANTE,FRNTE,19:55,FRRCO
2566,2023-08-15,SAINTES,NON,3858,20:58,IC SRO,LUCON,BORDONANTE,FRLCN,19:25,FRXST
2567,2023-08-15,SAINTES,NON,3858,21:22,IC SRO,LA ROCHE SUR YON,BORDONANTE,FRXRO,19:25,FRXST
2568,2023-08-15,PARIS (intramuros),NON,6609,11:56,SUD EST,LYON (intramuros),PARISRHONE,FRLPD,10:00,FRPLY
2569,2023-08-15,AVIGNON TGV,NON,6128,20:22,SUD EST,PARIS (intramuros),PROVENCEPA,FRPLY,17:37,FRAVG
2570,2023-08-15,NANCY,OUI,2554,22:46,EST,PARIS (intramuros),NANCYPA,FRPST,21:16,FRENC
2571,2023-08-15,AIX EN PROVENCE TGV,OUI,6103,10:56,SUD EST,MARSEILLE ST CHARLES,PAPROVENCE,FRMSC,10:44,FRAIE
2572,2023-08-15,PARIS (intramuros),NON,6103,10:17,SUD EST,AVIGNON TGV,PAPROVENCE,FRAVG,07:38,FRPLY
2573,2023-08-15,MASSY TGV,OUI,5351,11:19,SUD EST,NANTES,JCSUDATL,FRNTE,08:43,FRDJU
2574,2023-08-15,LYON (intramuros),OUI,5351,08:34,SUD EST,MASSY TGV,JCSUDATL,FRDJU,06:16,FRLPE
2575,2023-08-15,LYON (intramuros),OUI,5351,11:19,SUD EST,NANTES,JCSUDATL,FRNTE,06:16,FRLPE
2576,2023-08-15,VENDOME VILLIERS SUR LOIR,OUI,8347,22:35,ATLANTIQUE,CHATELLERAULT,PAROCHELLE,FRXCX,21:46,FRESL
2577,2023-08-15,ST PIERRE DES CORPS,OUI,8347,22:55,ATLANTIQUE,POITIERS,PAROCHELLE,FRPIS,22:09,FRXSH
2578,2023-08-15,LYON (intramuros),NON,9862,15:25,NORD,BRUXELLES MIDI BRUSSEL ZUID,JCSUDNORD,BEBMI,11:00,FRLPD
2579,2023-08-15,LYON (intramuros),NON,9862,14:24,NORD,LILLE (intramuros),JCSUDNORD,FRLLE,11:00,FRLPD
2580,2023-08-15,LYON (intramuros),NON,9862,12:47,NORD,MARNE LA VALLEE CHESSY,JCSUDNORD,FRMLV,11:00,FRLPD
2581,2023-08-15,LYON (intramuros),NON,9862,13:55,NORD,ARRAS,JCSUDNORD,FRQRV,11:00,FRLPD
2582,2023-08-15,LYON (intramuros),NON,9862,13:34,NORD,TGV HAUTE PICARDIE,JCSUDNORD,FRTHP,11:00,FRLPD
2583,2023-08-15,MARNE LA VALLEE CHESSY,NON,9862,15:25,NORD,BRUXELLES MIDI BRUSSEL ZUID,JCSUDNORD,BEBMI,12:51,FRMLV
2584,2023-08-15,ARRAS,NON,9862,15:25,NORD,BRUXELLES MIDI BRUSSEL ZUID,JCSUDNORD,BEBMI,14:03,FRQRV
2585,2023-08-15,ARRAS,NON,9862,14:24,NORD,LILLE (intramuros),JCSUDNORD,FRLLE,14:03,FRQRV
2586,2023-08-15,TGV HAUTE PICARDIE,NON,9862,15:25,NORD,BRUXELLES MIDI BRUSSEL ZUID,JCSUDNORD,BEBMI,13:38,FRTHP
2587,2023-08-15,VALENCE TGV RHONE-ALPES SUD,NON,9862,10:53,NORD,LYON (intramuros),JCSUDNORD,FRLPD,10:15,FRVLA
2588,2023-08-15,MONTPELLIER SUD DE FRANCE,NON,9862,13:01,NORD,AEROPORT CDG2 TGV ROISSY,JCSUDNORD,FRMLW,09:12,FRSUF
2589,2023-08-15,MONTPELLIER SUD DE FRANCE,NON,9862,10:53,NORD,LYON (intramuros),JCSUDNORD,FRLPD,09:12,FRSUF
2590,2023-08-15,MONTPELLIER SUD DE FRANCE,NON,9862,14:24,NORD,LILLE (intramuros),JCSUDNORD,FRLLE,09:12,FRSUF
2591,2023-08-15,MONTPELLIER SUD DE FRANCE,NON,9862,13:34,NORD,TGV HAUTE PICARDIE,JCSUDNORD,FRTHP,09:12,FRSUF
2592,2023-08-15,MONTPELLIER SUD DE FRANCE,NON,9862,13:55,NORD,ARRAS,JCSUDNORD,FRQRV,09:12,FRSUF
2593,2023-08-15,LILLE (intramuros),NON,7518,13:23,NORD,PARIS (intramuros),ARRASPA,FRPNO,12:05,FRLLE
2594,2023-08-15,ARRAS,NON,7518,13:23,NORD,PARIS (intramuros),ARRASPA,FRPNO,12:32,FRQRV
2595,2023-08-15,NIMES,NON,6210,22:13,SUD EST,VALENCE TGV RHONE-ALPES SUD,LANGPA,FRVLA,21:28,FRFNI
2596,2023-08-15,ANGOULEME,OUI,8491,21:44,ATLANTIQUE,BORDEAUX ST JEAN,PASUDOUEST,FRBOJ,20:37,FRANG
2597,2023-08-15,PARIS (intramuros),OUI,8491,20:34,ATLANTIQUE,ANGOULEME,PASUDOUEST,FRANG,18:24,FRPMO
2598,2023-08-15,PARIS (intramuros),OUI,8491,21:44,ATLANTIQUE,BORDEAUX ST JEAN,PASUDOUEST,FRBOJ,18:24,FRPMO
2599,2023-08-15,LAVAL,NON,8610,13:19,ATLANTIQUE,PARIS (intramuros),BRETAPARIS,FRPMO,12:04,FRACR
2600,2023-08-15,BREST,OUI,8610,10:15,ATLANTIQUE,GUINGAMP,BRETAPARIS,FRGGP,09:07,FRBES
2601,2023-08-15,BREST,NON,8610,10:45,ATLANTIQUE,LAMBALLE,BRETAPARIS,FRLAM,09:07,FRBES
2602,2023-08-15,BREST,NON,8610,13:19,ATLANTIQUE,PARIS (intramuros),BRETAPARIS,FRPMO,09:07,FRBES
2603,2023-08-15,GUINGAMP,NON,8610,11:29,ATLANTIQUE,RENNES,BRETAPARIS,FRRNS,10:18,FRGGP
2604,2023-08-15,GUINGAMP,OUI,8610,10:33,ATLANTIQUE,ST BRIEUC,BRETAPARIS,FRSBK,10:18,FRGGP
2605,2023-08-15,MORLAIX,NON,8610,12:01,ATLANTIQUE,LAVAL,BRETAPARIS,FRACR,09:44,FRMXN
2606,2023-08-15,MORLAIX,OUI,8610,09:59,ATLANTIQUE,PLOUARET TREGOR,BRETAPARIS,FRPLT,09:44,FRMXN
2607,2023-08-15,MORLAIX,OUI,8610,10:33,ATLANTIQUE,ST BRIEUC,BRETAPARIS,FRSBK,09:44,FRMXN
2608,2023-08-15,PLOUARET TREGOR,NON,8610,11:29,ATLANTIQUE,RENNES,BRETAPARIS,FRRNS,10:02,FRPLT
2609,2023-08-15,LANDERNEAU,OUI,8610,10:15,ATLANTIQUE,GUINGAMP,BRETAPARIS,FRGGP,09:20,FRXLD
2610,2023-08-15,LE MANS,OUI,5332,13:24,SUD EST,MARSEILLE ST CHARLES,JCATLSUD,FRMSC,08:26,FRAET
2611,2023-08-15,LYON (intramuros),OUI,5332,13:10,SUD EST,AIX EN PROVENCE TGV,JCATLSUD,FRAIE,11:38,FRLPD
2612,2023-08-15,LYON (intramuros),OUI,5332,13:24,SUD EST,MARSEILLE ST CHARLES,JCATLSUD,FRMSC,11:38,FRLPD
2613,2023-08-15,CLERMONT FERRAND,OUI,5962,11:57,IC ARO,PARIS (intramuros),CLERMONTPA,FRPBE,08:31,FRCFE
2614,2023-08-15,CLERMONT FERRAND,OUI,5962,08:40,IC ARO,RIOM CHATEL GUYON,CLERMONTPA,FRRIO,08:31,FRCFE
2615,2023-08-15,CLERMONT FERRAND,OUI,5962,09:29,IC ARO,MOULINS SUR ALLIER,CLERMONTPA,FRXMU,08:31,FRCFE
2616,2023-08-15,RIOM CHATEL GUYON,OUI,5962,09:04,IC ARO,VICHY,CLERMONTPA,FRVHY,08:42,FRRIO
2617,2023-08-15,RIOM CHATEL GUYON,OUI,5962,09:29,IC ARO,MOULINS SUR ALLIER,CLERMONTPA,FRXMU,08:42,FRRIO
2618,2023-08-15,VICHY,OUI,5962,09:58,IC ARO,NEVERS,CLERMONTPA,FRNVS,09:06,FRVHY
2619,2023-08-15,LE CROISIC,OUI,8936,00:50,ATLANTIQUE,PARIS (intramuros),LOIREPARIS,FRPMO,21:44,FREGU
2620,2023-08-15,LE CROISIC,OUI,8936,22:09,ATLANTIQUE,ST NAZAIRE,LOIREPARIS,FRSNR,21:44,FREGU
2621,2023-08-15,LA BAULE ESCOUBLAC,OUI,8936,22:46,ATLANTIQUE,NANTES,LOIREPARIS,FRNTE,21:56,FRJEE
2622,2023-08-15,ST NAZAIRE,OUI,8936,22:46,ATLANTIQUE,NANTES,LOIREPARIS,FRNTE,22:12,FRSNR
2623,2023-08-15,MARNE LA VALLEE CHESSY,NON,5182,21:57,NORD,LILLE (intramuros),JCSUDNORD,FRLLE,20:51,FRMLV
2624,2023-08-15,MARNE LA VALLEE CHESSY,NON,5182,21:01,NORD,AEROPORT CDG2 TGV ROISSY,JCSUDNORD,FRMLW,20:51,FRMLV
2625,2023-08-15,MONTPELLIER SUD DE FRANCE,NON,5182,18:50,NORD,LYON (intramuros),JCSUDNORD,FRLPD,17:05,FRSUF
2626,2023-08-15,MONTPELLIER SUD DE FRANCE,OUI,5182,17:24,NORD,NIMES PONT DU GARD,JCSUDNORD,FRXZP,17:05,FRSUF
2627,2023-08-15,PARIS (intramuros),OUI,6605,09:10,SUD EST,LE CREUSOT MONTCEAU MONTCHANIN,PARISRHONE,FRXCC,07:52,FRPLY
2628,2023-08-15,LIMOGES BENEDICTINS,OUI,3625,15:04,IC ARO,BRIVE LA GAILLARDE,PALITO,FRBVE,14:00,FRAGQ
2629,2023-08-15,ISSOUDUN,OUI,3625,15:04,IC ARO,BRIVE LA GAILLARDE,PALITO,FRBVE,12:33,FRFMN
2630,2023-08-15,ISSOUDUN,OUI,3625,13:24,IC ARO,LA SOUTERRAINE,PALITO,FRLST,12:33,FRFMN
2631,2023-08-15,PARIS (intramuros),OUI,3625,15:04,IC ARO,BRIVE LA GAILLARDE,PALITO,FRBVE,10:40,FRPAZ
2632,2023-08-15,PARIS (intramuros),OUI,3625,12:31,IC ARO,ISSOUDUN,PALITO,FRFMN,10:40,FRPAZ
2633,2023-08-15,PARIS (intramuros),OUI,3625,13:24,IC ARO,LA SOUTERRAINE,PALITO,FRLST,10:40,FRPAZ
2634,2023-08-15,VIERZON VILLE,OUI,3625,15:04,IC ARO,BRIVE LA GAILLARDE,PALITO,FRBVE,12:13,FRXVZ
2635,2023-08-15,VIERZON VILLE,OUI,3625,13:24,IC ARO,LA SOUTERRAINE,PALITO,FRLST,12:13,FRXVZ
2636,2023-08-15,ISSOUDUN,OUI,3625,14:38,IC ARO,UZERCHE,PALITO,FRAAW,12:33,FRFMN
2637,2023-08-15,DOL DE BRETAGNE,NON,8086,18:12,ATLANTIQUE,PARIS (intramuros),BRETAPARIS,FRPMO,15:55,FRDOL
2638,2023-08-15,AGEN,OUI,8514,18:36,ATLANTIQUE,BORDEAUX ST JEAN,SUDOUESTPA,FRBOJ,17:31,FRAGF
2639,2023-08-15,AGEN,NON,8514,20:58,ATLANTIQUE,PARIS (intramuros),SUDOUESTPA,FRPMO,17:31,FRAGF
2640,2023-08-15,TOULOUSE MATABIAU,OUI,8514,17:28,ATLANTIQUE,AGEN,SUDOUESTPA,FRAGF,16:28,FRXYT
2641,2023-08-15,TOULOUSE MATABIAU,NON,8514,20:58,ATLANTIQUE,PARIS (intramuros),SUDOUESTPA,FRPMO,16:28,FRXYT
2642,2023-08-15,VALLORBE,NON,9264,09:26,INTERNATIONAL,DIJON VILLE,SUISPA,FRABA,08:00,CHAGL
2643,2023-08-15,LAUSANNE,NON,9264,08:43,INTERNATIONAL,MOUCHARD,SUISPA,FRMCD,07:23,CHAJF
2644,2023-08-15,DIJON VILLE,NON,9264,11:08,INTERNATIONAL,PARIS (intramuros),SUISPA,FRPLY,09:30,FRABA
2645,2023-08-15,FRASNE,OUI,9264,09:00,INTERNATIONAL,DOLE VILLE,SUISPA,FRACE,08:15,FRFRA
2646,2023-08-15,BEZIERS,OUI,6202,08:43,SUD EST,MONTPELLIER SAINT-ROCH,LANGPA,FRMPL,07:58,FRBZR
2647,2023-08-15,NIMES,NON,6202,10:01,SUD EST,VALENCE TGV RHONE-ALPES SUD,LANGPA,FRVLA,09:19,FRFNI
2648,2023-08-15,PERPIGNAN,OUI,6202,08:24,SUD EST,SETE,LANGPA,FRXSY,07:04,FRPGF
2649,2023-08-15,AGDE,OUI,6202,08:43,SUD EST,MONTPELLIER SAINT-ROCH,LANGPA,FRMPL,08:11,FRXAG
2650,2023-08-15,AGDE,OUI,6202,08:24,SUD EST,SETE,LANGPA,FRXSY,08:11,FRXAG
2651,2023-08-15,NARBONNE,OUI,6202,08:08,SUD EST,AGDE,LANGPA,FRXAG,07:42,FRXNA
2652,2023-08-15,SETE,OUI,6202,08:43,SUD EST,MONTPELLIER SAINT-ROCH,LANGPA,FRMPL,08:27,FRXSY
2653,2023-08-15,LE MANS,NON,5464,12:32,EST,LORRAINE TGV,JCATLEST,FREAM,09:30,FRAET
2654,2023-08-15,LE MANS,NON,5464,10:55,EST,MARNE LA VALLEE CHESSY,JCATLEST,FRMLV,09:30,FRAET
2655,2023-08-15,MASSY TGV,NON,5464,13:12,EST,STRASBOURG,JCATLEST,FRAEG,10:26,FRDJU
2656,2023-08-15,MASSY TGV,NON,5464,11:09,EST,AEROPORT CDG2 TGV ROISSY,JCATLEST,FRMLW,10:26,FRDJU
2657,2023-08-15,MARNE LA VALLEE CHESSY,NON,5464,13:12,EST,STRASBOURG,JCATLEST,FRAEG,11:00,FRMLV
2658,2023-08-15,MARNE LA VALLEE CHESSY,NON,5464,11:09,EST,AEROPORT CDG2 TGV ROISSY,JCATLEST,FRMLW,11:00,FRMLV
2659,2023-08-15,DAX,OUI,8533,12:07,ATLANTIQUE,BAYONNE,PASUDOUEST,FRXBY,11:39,FRACG
2660,2023-08-15,PARIS (intramuros),OUI,8533,09:17,ATLANTIQUE,POITIERS,PASUDOUEST,FRPIS,07:58,FRPMO
2661,2023-08-15,BAYONNE,OUI,8533,12:35,ATLANTIQUE,ST JEAN DE LUZ CIBOURE,PASUDOUEST,FRXJZ,12:10,FRXBY
2662,2023-08-15,LYON-SAINT EXUPERY TGV,OUI,6927,22:13,SUD EST,GRENOBLE,PAGRENOBLE,FRGNB,21:09,FRJDQ
2663,2023-08-15,NEVERS,NON,5955,12:17,IC ARO,RIOM CHATEL GUYON,PACLERMONT,FRRIO,10:59,FRNVS
2664,2023-08-15,PARIS (intramuros),NON,5955,10:57,IC ARO,NEVERS,PACLERMONT,FRNVS,09:00,FRPBE
2665,2023-08-15,RIOM CHATEL GUYON,OUI,5955,12:29,IC ARO,CLERMONT FERRAND,PACLERMONT,FRCFE,12:19,FRRIO
2666,2023-08-15,MOULINS SUR ALLIER,NON,5955,12:17,IC ARO,RIOM CHATEL GUYON,PACLERMONT,FRRIO,11:30,FRXMU
2667,2023-08-15,DIJON VILLE,OUI,2242,14:30,EST,BELFORT-MONTBELIARD TGV,JCRHONRHIN,FRTJA,13:37,FRABA
2668,2023-08-15,MULHOUSE VILLE,OUI,2242,15:24,EST,COLMAR,JCRHONRHIN,FRAEJ,15:07,FRAEK
2669,2023-08-15,AVIGNON TGV,NON,2242,12:09,EST,MACON VILLE,JCRHONRHIN,FRHGU,10:20,FRAVG
2670,2023-08-15,MACON VILLE,OUI,2242,15:24,EST,COLMAR,JCRHONRHIN,FRAEJ,12:12,FRHGU
2671,2023-08-15,MACON VILLE,OUI,2242,12:41,EST,CHALON SUR SAONE,JCRHONRHIN,FRXCD,12:12,FRHGU
2672,2023-08-15,CANNES,OUI,2242,07:52,EST,ST RAPHAEL VALESCURE,JCRHONRHIN,FRXSK,07:30,FRJCA
2673,2023-08-15,LYON (intramuros),NON,2242,15:24,EST,COLMAR,JCRHONRHIN,FRAEJ,11:32,FRLPD
2674,2023-08-15,LYON (intramuros),NON,2242,12:41,EST,CHALON SUR SAONE,JCRHONRHIN,FRXCD,11:32,FRLPD
2675,2023-08-15,MARSEILLE ST CHARLES,NON,2242,13:25,EST,DIJON VILLE,JCRHONRHIN,FRABA,09:45,FRMSC
2676,2023-08-15,MARSEILLE ST CHARLES,NON,2242,15:24,EST,COLMAR,JCRHONRHIN,FRAEJ,09:45,FRMSC
2677,2023-08-15,MARSEILLE ST CHARLES,NON,2242,11:26,EST,LYON (intramuros),JCRHONRHIN,FRLPD,09:45,FRMSC
2678,2023-08-15,NICE VILLE,NON,2242,12:09,EST,MACON VILLE,JCRHONRHIN,FRHGU,07:00,FRNIC
2679,2023-08-15,NICE VILLE,OUI,2242,07:52,EST,ST RAPHAEL VALESCURE,JCRHONRHIN,FRXSK,07:00,FRNIC
2680,2023-08-15,BELFORT-MONTBELIARD TGV,OUI,2242,14:55,EST,MULHOUSE VILLE,JCRHONRHIN,FRAEK,14:33,FRTJA
2681,2023-08-15,BESANCON - F COMTE TGV,OUI,2242,15:54,EST,STRASBOURG,JCRHONRHIN,FRAEG,14:09,FRTJB
2682,2023-08-15,BESANCON - F COMTE TGV,OUI,2242,14:55,EST,MULHOUSE VILLE,JCRHONRHIN,FRAEK,14:09,FRTJB
2683,2023-08-15,TOULON,NON,2242,13:25,EST,DIJON VILLE,JCRHONRHIN,FRABA,08:50,FRTLN
2684,2023-08-15,ANTIBES,NON,2242,15:24,EST,COLMAR,JCRHONRHIN,FRAEJ,07:16,FRXAT
2685,2023-08-15,ANTIBES,OUI,2242,08:46,EST,TOULON,JCRHONRHIN,FRTLN,07:16,FRXAT
2686,2023-08-15,CHALON SUR SAONE,OUI,2242,14:55,EST,MULHOUSE VILLE,JCRHONRHIN,FRAEK,12:44,FRXCD
2687,2023-08-15,LES ARCS DRAGUIGNAN,NON,2242,13:25,EST,DIJON VILLE,JCRHONRHIN,FRABA,08:12,FRXRS
2688,2023-08-15,LES ARCS DRAGUIGNAN,NON,2242,10:17,EST,AVIGNON TGV,JCRHONRHIN,FRAVG,08:12,FRXRS
2689,2023-08-15,LES ARCS DRAGUIGNAN,NON,2242,12:41,EST,CHALON SUR SAONE,JCRHONRHIN,FRXCD,08:12,FRXRS
2690,2023-08-15,ST RAPHAEL VALESCURE,NON,2242,13:25,EST,DIJON VILLE,JCRHONRHIN,FRABA,07:55,FRXSK
2691,2023-08-15,ST RAPHAEL VALESCURE,NON,2242,09:33,EST,MARSEILLE ST CHARLES,JCRHONRHIN,FRMSC,07:55,FRXSK
2692,2023-08-15,ST RAPHAEL VALESCURE,NON,2242,12:41,EST,CHALON SUR SAONE,JCRHONRHIN,FRXCD,07:55,FRXSK
2693,2023-08-15,AVIGNON TGV,NON,2242,13:03,EST,BEAUNE,JCRHONRHIN,FRXBV,10:20,FRAVG
2694,2023-08-15,CANNES,NON,2242,14:30,EST,BELFORT-MONTBELIARD TGV,JCRHONRHIN,FRTJA,07:30,FRJCA
2695,2023-08-15,ANTIBES,NON,2242,14:30,EST,BELFORT-MONTBELIARD TGV,JCRHONRHIN,FRTJA,07:16,FRXAT
2696,2023-08-15,LES ARCS DRAGUIGNAN,NON,2242,14:06,EST,BESANCON - F COMTE TGV,JCRHONRHIN,FRTJB,08:12,FRXRS
2697,2023-08-15,ST RAPHAEL VALESCURE,NON,2242,14:06,EST,BESANCON - F COMTE TGV,JCRHONRHIN,FRTJB,07:55,FRXSK
2698,2023-08-15,ANTIBES,NON,2242,14:06,EST,BESANCON - F COMTE TGV,JCRHONRHIN,FRTJB,07:16,FRXAT
2699,2023-08-15,BEAUNE,OUI,2242,15:54,EST,STRASBOURG,JCRHONRHIN,FRAEG,13:06,FRXBV
2700,2023-08-15,BEAUNE,OUI,2242,14:30,EST,BELFORT-MONTBELIARD TGV,JCRHONRHIN,FRTJA,13:06,FRXBV
2701,2023-08-15,BORDEAUX ST JEAN,NON,8512,15:20,ATLANTIQUE,ANGOULEME,SUDOUESTPA,FRANG,14:46,FRBOJ
2702,2023-08-15,NANCY,NON,2580,18:46,EST,PARIS (intramuros),NANCYPA,FRPST,17:16,FRENC
2703,2023-08-15,BORDEAUX ST JEAN,NON,8442,20:45,ATLANTIQUE,PARIS (intramuros),SUDOUESTPA,FRPMO,17:58,FRBOJ
2704,2023-08-15,BORDEAUX ST JEAN,NON,8442,19:35,ATLANTIQUE,ST PIERRE DES CORPS,SUDOUESTPA,FRXSH,17:58,FRBOJ
2705,2023-08-15,MODANE,NON,9248,23:26,INTERNATIONAL,PARIS (intramuros),ITALIEPA,FRPLY,19:12,FRAGR
2706,2023-08-15,TORINO PORTA SUSA,NON,9248,23:26,INTERNATIONAL,PARIS (intramuros),ITALIEPA,FRPLY,17:38,ITTRS
2707,2023-08-15,LORIENT,NON,8752,22:25,ATLANTIQUE,RENNES,BRETAPARIS,FRRNS,20:55,FRLRT
2708,2023-08-15,RENNES,NON,8752,00:08,ATLANTIQUE,PARIS (intramuros),BRETAPARIS,FRPMO,22:35,FRRNS
2709,2023-08-15,QUIMPER,NON,8752,22:25,ATLANTIQUE,RENNES,BRETAPARIS,FRRNS,20:20,FRUIP
2710,2023-08-15,QUIMPER,NON,8752,21:23,ATLANTIQUE,VANNES,BRETAPARIS,FRVNE,20:20,FRUIP
2711,2023-08-15,VANNES,NON,8752,22:25,ATLANTIQUE,RENNES,BRETAPARIS,FRRNS,21:26,FRVNE
2712,2023-08-15,AURAY,NON,8752,00:08,ATLANTIQUE,PARIS (intramuros),BRETAPARIS,FRPMO,21:13,FRXUY
2713,2023-08-15,AURAY,NON,8752,21:23,ATLANTIQUE,VANNES,BRETAPARIS,FRVNE,21:13,FRXUY
2714,2023-08-15,VENDOME VILLIERS SUR LOIR,OUI,8331,09:34,ATLANTIQUE,POITIERS,PAROCHELLE,FRPIS,08:15,FRESL
2715,2023-08-15,PARIS (intramuros),OUI,8331,09:22,ATLANTIQUE,FUTUROSCOPE,PAROCHELLE,FRTGO,07:26,FRPMO
2716,2023-08-15,PARIS (intramuros),OUI,8331,09:07,ATLANTIQUE,CHATELLERAULT,PAROCHELLE,FRXCX,07:26,FRPMO
2717,2023-08-15,PARIS (intramuros),OUI,8331,08:35,ATLANTIQUE,ST PIERRE DES CORPS,PAROCHELLE,FRXSH,07:26,FRPMO
2718,2023-08-15,ST PIERRE DES CORPS,OUI,8331,09:34,ATLANTIQUE,POITIERS,PAROCHELLE,FRPIS,08:42,FRXSH
2719,2023-08-15,ST PIERRE DES CORPS,OUI,8331,09:07,ATLANTIQUE,CHATELLERAULT,PAROCHELLE,FRXCX,08:42,FRXSH
2720,2023-08-15,PARIS (intramuros),NON,9775,18:14,INTERNATIONAL,LAUSANNE,PAGENEVE,CHAJF,14:18,FRPLY
2721,2023-08-15,GENEVE,NON,9775,18:14,INTERNATIONAL,LAUSANNE,PAGENEVE,CHAJF,17:39,CHGVA
2722,2023-08-15,MORLAIX,OUI,8639,21:38,ATLANTIQUE,BREST,PARISBRETA,FRBES,21:05,FRMXN
2723,2023-08-15,RENNES,OUI,8639,21:38,ATLANTIQUE,BREST,PARISBRETA,FRBES,19:32,FRRNS
2724,2023-08-15,AGEN,NON,4659,14:14,IC ARO,BEZIERS,TJOURSOSE,FRBZR,11:33,FRAGF
2725,2023-08-15,AGEN,NON,4659,13:27,IC ARO,CARCASSONNE,TJOURSOSE,FRCCF,11:33,FRAGF
2726,2023-08-15,AGEN,NON,4659,14:54,IC ARO,MONTPELLIER SAINT-ROCH,TJOURSOSE,FRMPL,11:33,FRAGF
2727,2023-08-15,AGEN,OUI,4659,12:37,IC ARO,TOULOUSE MATABIAU,TJOURSOSE,FRXYT,11:33,FRAGF
2728,2023-08-15,BORDEAUX ST JEAN,OUI,4659,11:31,IC ARO,AGEN,TJOURSOSE,FRAGF,10:27,FRBOJ
2729,2023-08-15,BORDEAUX ST JEAN,NON,4659,14:14,IC ARO,BEZIERS,TJOURSOSE,FRBZR,10:27,FRBOJ
2730,2023-08-15,BORDEAUX ST JEAN,NON,4659,13:27,IC ARO,CARCASSONNE,TJOURSOSE,FRCCF,10:27,FRBOJ
2731,2023-08-15,CARCASSONNE,NON,4659,15:22,IC ARO,NIMES,TJOURSOSE,FRFNI,13:29,FRCCF
2732,2023-08-15,MONTPELLIER SAINT-ROCH,NON,4659,15:22,IC ARO,NIMES,TJOURSOSE,FRFNI,14:58,FRMPL
2733,2023-08-15,NARBONNE,NON,4659,15:22,IC ARO,NIMES,TJOURSOSE,FRFNI,14:01,FRXNA
2734,2023-08-15,NARBONNE,NON,4659,14:54,IC ARO,MONTPELLIER SAINT-ROCH,TJOURSOSE,FRMPL,14:01,FRXNA
2735,2023-08-15,PARIS (intramuros),OUI,6923,20:13,SUD EST,GRENOBLE,PAGRENOBLE,FRGNB,17:13,FRPLY
2736,2023-08-15,PARIS (intramuros),OUI,6127,21:21,SUD EST,AVIGNON TGV,PAPROVENCE,FRAVG,18:38,FRPLY
2737,2023-08-15,STRASBOURG,OUI,9401,15:21,EST,LAHR SCHWARZW,PASTRAMULH,DEANL,14:47,FRAEG
2738,2023-08-15,PARIS (intramuros),NON,9401,15:29,EST,RINGSHEIM/EU-PARK,PASTRAMULH,DERSH,12:52,FRPST
2739,2023-08-15,BOURG EN BRESSE,NON,9770,15:42,INTERNATIONAL,PARIS (intramuros),GENEVEPA,FRPLY,13:52,FRXBK
2740,2023-08-15,LILLE (intramuros),OUI,5202,11:23,NORD,ANGOULEME,JCNORDAQUI,FRANG,06:15,FRADJ
2741,2023-08-15,LILLE (intramuros),OUI,5202,07:54,NORD,AEROPORT CDG2 TGV ROISSY,JCNORDAQUI,FRMLW,06:15,FRADJ
2742,2023-08-15,MASSY TGV,OUI,5202,10:41,NORD,POITIERS,JCNORDAQUI,FRPIS,09:09,FRDJU
2743,2023-08-15,AEROPORT CDG2 TGV ROISSY,OUI,5202,08:22,NORD,MARNE LA VALLEE CHESSY,JCNORDAQUI,FRMLV,08:10,FRMLW
2744,2023-08-15,POITIERS,OUI,5202,12:02,NORD,BORDEAUX ST JEAN,JCNORDAQUI,FRBOJ,10:44,FRPIS
2745,2023-08-15,TGV HAUTE PICARDIE,OUI,5202,09:04,NORD,MASSY TGV,JCNORDAQUI,FRDJU,07:25,FRTHP
2746,2023-08-15,DOUAI,OUI,5202,11:23,NORD,ANGOULEME,JCNORDAQUI,FRANG,06:37,FRXDN
2747,2023-08-15,DOUAI,OUI,5202,12:02,NORD,BORDEAUX ST JEAN,JCNORDAQUI,FRBOJ,06:37,FRXDN
2748,2023-08-15,DOUAI,OUI,5202,10:41,NORD,POITIERS,JCNORDAQUI,FRPIS,06:37,FRXDN
2749,2023-08-15,DOUAI,OUI,5202,06:55,NORD,ARRAS,JCNORDAQUI,FRQRV,06:37,FRXDN
2750,2023-08-15,ST PIERRE DES CORPS,OUI,5202,12:02,NORD,BORDEAUX ST JEAN,JCNORDAQUI,FRBOJ,10:10,FRXSH
2751,2023-08-15,ZUERICH HB,NON,9222,14:28,INTERNATIONAL,BASEL SBB,ZURBALPA,CHAJP,13:34,CHAJD
2752,2023-08-15,DIJON VILLE,NON,9222,17:38,INTERNATIONAL,PARIS (intramuros),ZURBALPA,FRPLY,16:02,FRABA
2753,2023-08-15,DIJON VILLE,NON,5537,21:17,EST,LES ARCS DRAGUIGNAN,JCRHINRHON,FRXRS,16:20,FRABA
2754,2023-08-15,STRASBOURG,NON,5537,19:31,EST,AIX EN PROVENCE TGV,JCRHINRHON,FRAIE,13:37,FRAEG
2755,2023-08-15,STRASBOURG,NON,5537,15:02,EST,BELFORT-MONTBELIARD TGV,JCRHINRHON,FRTJA,13:37,FRAEG
2756,2023-08-15,STRASBOURG,NON,5537,15:29,EST,BESANCON - F COMTE TGV,JCRHINRHON,FRTJB,13:37,FRAEG
2757,2023-08-15,COLMAR,NON,5537,19:45,EST,MARSEILLE ST CHARLES,JCRHINRHON,FRMSC,14:05,FRAEJ
2758,2023-08-15,COLMAR,OUI,5537,15:29,EST,BESANCON - F COMTE TGV,JCRHINRHON,FRTJB,14:05,FRAEJ
2759,2023-08-15,MULHOUSE VILLE,NON,5537,16:04,EST,DIJON VILLE,JCRHINRHON,FRABA,14:41,FRAEK
2760,2023-08-15,MULHOUSE VILLE,OUI,5537,15:29,EST,BESANCON - F COMTE TGV,JCRHINRHON,FRTJB,14:41,FRAEK
2761,2023-08-15,AIX EN PROVENCE TGV,NON,5537,21:34,EST,ST RAPHAEL VALESCURE,JCRHINRHON,FRXSK,19:33,FRAIE
2762,2023-08-15,NANCY,NON,5537,16:04,EST,DIJON VILLE,JCRHINRHON,FRABA,12:25,FRENC
2763,2023-08-15,NANCY,NON,5537,17:56,EST,LYON (intramuros),JCRHINRHON,FRLPD,12:25,FRENC
2764,2023-08-15,NANCY,NON,5537,19:45,EST,MARSEILLE ST CHARLES,JCRHINRHON,FRMSC,12:25,FRENC
2765,2023-08-15,NANCY,NON,5537,22:30,EST,NICE VILLE,JCRHINRHON,FRNIC,12:25,FRENC
2766,2023-08-15,LYON (intramuros),NON,5537,21:17,EST,LES ARCS DRAGUIGNAN,JCRHINRHON,FRXRS,18:04,FRLPD
2767,2023-08-15,MARSEILLE ST CHARLES,NON,5537,20:41,EST,TOULON,JCRHINRHON,FRTLN,19:57,FRMSC
2768,2023-08-15,MARSEILLE ST CHARLES,NON,5537,21:17,EST,LES ARCS DRAGUIGNAN,JCRHINRHON,FRXRS,19:57,FRMSC
2769,2023-08-15,BELFORT-MONTBELIARD TGV,OUI,5537,15:29,EST,BESANCON - F COMTE TGV,JCRHINRHON,FRTJB,15:06,FRTJA
2770,2023-08-15,TOULON,OUI,5537,22:30,EST,NICE VILLE,JCRHINRHON,FRNIC,20:45,FRTLN
2771,2023-08-15,LES ARCS DRAGUIGNAN,OUI,5537,21:59,EST,CANNES,JCRHINRHON,FRJCA,21:20,FRXRS
2772,2023-08-15,LES ARCS DRAGUIGNAN,OUI,5537,22:30,EST,NICE VILLE,JCRHINRHON,FRNIC,21:20,FRXRS
2773,2023-08-15,LES ARCS DRAGUIGNAN,OUI,5537,22:11,EST,ANTIBES,JCRHINRHON,FRXAT,21:20,FRXRS
2774,2023-08-15,BELFORT-MONTBELIARD TGV,NON,5537,22:11,EST,ANTIBES,JCRHINRHON,FRXAT,15:06,FRTJA
2775,2023-08-15,BESANCON - F COMTE TGV,NON,5537,20:41,EST,TOULON,JCRHINRHON,FRTLN,15:36,FRTJB
2776,2023-08-15,NANCY,NON,5537,14:02,EST,COLMAR,JCRHINRHON,FRAEJ,12:25,FRENC
2777,2023-08-15,NIORT,OUI,8361,15:56,ATLANTIQUE,SURGERES,PAROCHELLE,FREIP,15:38,FRNIT
2778,2023-08-15,PARIS (intramuros),OUI,8361,15:17,ATLANTIQUE,ST MAIXENT DEUX SEVRES,PAROCHELLE,FREJC,13:37,FRPMO
2779,2023-08-15,PARIS (intramuros),OUI,8361,16:20,ATLANTIQUE,LA ROCHELLE VILLE,PAROCHELLE,FRLRH,13:37,FRPMO
2780,2023-08-15,PARIS (intramuros),OUI,8691,12:20,ATLANTIQUE,ST BRIEUC,PARISBRETA,FRSBK,09:54,FRPMO
2781,2023-08-15,PARIS (intramuros),OUI,6687,19:48,SUD EST,ST ETIENNE CHATEAUCREUX,PARISRHONE,FRHHD,17:00,FRPLY
2782,2023-08-15,AGEN,NON,4663,16:09,IC ARO,MONTAUBAN VILLE BOURBON,TJOURSOSE,FRXMW,15:33,FRAGF
2783,2023-08-15,AGEN,NON,4663,17:58,IC ARO,NARBONNE,TJOURSOSE,FRXNA,15:33,FRAGF
2784,2023-08-15,AGEN,NON,4663,16:37,IC ARO,TOULOUSE MATABIAU,TJOURSOSE,FRXYT,15:33,FRAGF
2785,2023-08-15,BORDEAUX ST JEAN,NON,4663,15:31,IC ARO,AGEN,TJOURSOSE,FRAGF,14:28,FRBOJ
2786,2023-08-15,BORDEAUX ST JEAN,NON,4663,18:14,IC ARO,BEZIERS,TJOURSOSE,FRBZR,14:28,FRBOJ
2787,2023-08-15,BORDEAUX ST JEAN,NON,4663,18:54,IC ARO,MONTPELLIER SAINT-ROCH,TJOURSOSE,FRMPL,14:28,FRBOJ
2788,2023-08-15,BEZIERS,NON,4663,18:54,IC ARO,MONTPELLIER SAINT-ROCH,TJOURSOSE,FRMPL,18:17,FRBZR
2789,2023-08-15,TOULOUSE MATABIAU,NON,4663,18:14,IC ARO,BEZIERS,TJOURSOSE,FRBZR,16:45,FRXYT
2790,2023-08-15,NANTES,NON,8144,19:14,ATLANTIQUE,PARIS (intramuros),LOIREPARIS,FRPMO,17:09,FRNTE
2791,2023-08-15,NEVERS,OUI,5979,21:29,IC ARO,CLERMONT FERRAND,PACLERMONT,FRCFE,19:59,FRNVS
2792,2023-08-15,NEVERS,OUI,5979,21:17,IC ARO,RIOM CHATEL GUYON,PACLERMONT,FRRIO,19:59,FRNVS
2793,2023-08-15,PARIS (intramuros),OUI,5979,19:57,IC ARO,NEVERS,PACLERMONT,FRNVS,17:57,FRPBE
2794,2023-08-15,VICHY,OUI,5979,21:29,IC ARO,CLERMONT FERRAND,PACLERMONT,FRCFE,20:57,FRVHY
2795,2023-08-15,MOULINS SUR ALLIER,OUI,5979,21:29,IC ARO,CLERMONT FERRAND,PACLERMONT,FRCFE,20:30,FRXMU
2796,2023-08-15,MOULINS SUR ALLIER,OUI,5979,21:17,IC ARO,RIOM CHATEL GUYON,PACLERMONT,FRRIO,20:30,FRXMU
2797,2023-08-15,DIJON VILLE,OUI,6705,13:22,SUD EST,BESANCON - F COMTE TGV,PABOUR,FRTJB,12:56,FRABA
2798,2023-08-15,PARIS (intramuros),NON,6705,12:52,SUD EST,DIJON VILLE,PABOUR,FRABA,11:18,FRPLY
2799,2023-08-15,BELFORT-MONTBELIARD TGV,OUI,6705,14:12,SUD EST,MULHOUSE VILLE,PABOUR,FRAEK,13:49,FRTJA
2800,2023-08-15,BORDEAUX ST JEAN,OUI,4657,10:08,IC ARO,MONTAUBAN VILLE BOURBON,TJOURSOSE,FRXMW,08:28,FRBOJ
2801,2023-08-15,BORDEAUX ST JEAN,NON,4657,11:58,IC ARO,NARBONNE,TJOURSOSE,FRXNA,08:28,FRBOJ
2802,2023-08-15,CARCASSONNE,NON,4657,12:34,IC ARO,SETE,TJOURSOSE,FRXSY,11:29,FRCCF
2803,2023-08-15,MARMANDE,NON,4657,13:22,IC ARO,NIMES,TJOURSOSE,FRFNI,09:06,FRXMR
2804,2023-08-15,MONTAUBAN VILLE BOURBON,NON,4657,13:22,IC ARO,NIMES,TJOURSOSE,FRFNI,10:10,FRXMW
2805,2023-08-15,MONTAUBAN VILLE BOURBON,NON,4657,13:50,IC ARO,ARLES,TJOURSOSE,FRHZA,10:10,FRXMW
2806,2023-08-15,NARBONNE,NON,4657,13:22,IC ARO,NIMES,TJOURSOSE,FRFNI,12:01,FRXNA
2807,2023-08-15,NARBONNE,NON,4657,13:50,IC ARO,ARLES,TJOURSOSE,FRHZA,12:01,FRXNA
2808,2023-08-15,NARBONNE,NON,4657,12:54,IC ARO,MONTPELLIER SAINT-ROCH,TJOURSOSE,FRMPL,12:01,FRXNA
2809,2023-08-15,TOULOUSE MATABIAU,NON,4657,13:50,IC ARO,ARLES,TJOURSOSE,FRHZA,10:45,FRXYT
2810,2023-08-15,ANGERS ST LAUD,NON,4404,18:39,IC SRO,LYON (intramuros),JOURNTELYN,FRLPE,12:22,FRACL
2811,2023-08-15,ANGERS ST LAUD,NON,4404,17:20,IC SRO,ROANNE,JOURNTELYN,FRRNE,12:22,FRACL
2812,2023-08-15,ANGERS ST LAUD,NON,4404,16:41,IC SRO,ST GERMAIN DES FOSSES,JOURNTELYN,FRSGF,12:22,FRACL
2813,2023-08-15,ANGERS ST LAUD,NON,4404,14:33,IC SRO,VIERZON VILLE,JOURNTELYN,FRXVZ,12:22,FRACL
2814,2023-08-15,SAUMUR,NON,4404,18:26,IC SRO,LYON (intramuros),JOURNTELYN,FRLPD,12:47,FRACN
2815,2023-08-15,SAUMUR,NON,4404,15:39,IC SRO,NEVERS,JOURNTELYN,FRNVS,12:47,FRACN
2816,2023-08-15,SAUMUR,NON,4404,17:20,IC SRO,ROANNE,JOURNTELYN,FRRNE,12:47,FRACN
2817,2023-08-15,SAUMUR,NON,4404,16:41,IC SRO,ST GERMAIN DES FOSSES,JOURNTELYN,FRSGF,12:47,FRACN
2818,2023-08-15,SAUMUR,NON,4404,13:22,IC SRO,ST PIERRE DES CORPS,JOURNTELYN,FRXSH,12:47,FRACN
2819,2023-08-15,BOURGES,NON,4404,15:39,IC SRO,NEVERS,JOURNTELYN,FRNVS,14:58,FRBOU
2820,2023-08-15,BOURGES,NON,4404,16:41,IC SRO,ST GERMAIN DES FOSSES,JOURNTELYN,FRSGF,14:58,FRBOU
2821,2023-08-15,NANTES,NON,4404,18:39,IC SRO,LYON (intramuros),JOURNTELYN,FRLPE,11:40,FRNTE
2822,2023-08-15,NANTES,NON,4404,15:39,IC SRO,NEVERS,JOURNTELYN,FRNVS,11:40,FRNTE
2823,2023-08-15,ST PIERRE DES CORPS,NON,4404,14:56,IC SRO,BOURGES,JOURNTELYN,FRBOU,13:26,FRXSH
2824,2023-08-15,ST PIERRE DES CORPS,NON,4404,18:26,IC SRO,LYON (intramuros),JOURNTELYN,FRLPD,13:26,FRXSH
2825,2023-08-15,ST PIERRE DES CORPS,NON,4404,16:41,IC SRO,ST GERMAIN DES FOSSES,JOURNTELYN,FRSGF,13:26,FRXSH
2826,2023-08-15,VIERZON VILLE,NON,4404,15:39,IC SRO,NEVERS,JOURNTELYN,FRNVS,14:37,FRXVZ
2827,2023-08-15,VIERZON VILLE,NON,4404,17:20,IC SRO,ROANNE,JOURNTELYN,FRRNE,14:37,FRXVZ
2828,2023-08-15,ANGERS ST LAUD,NON,8126,20:29,ATLANTIQUE,PARIS (intramuros),LOIREPARIS,FRPMO,18:44,FRACL
2829,2023-08-15,ANGOULEME,OUI,8455,23:11,ATLANTIQUE,BORDEAUX ST JEAN,PASUDOUEST,FRBOJ,22:29,FRANG
2830,2023-08-15,PARIS (intramuros),OUI,8455,23:11,ATLANTIQUE,BORDEAUX ST JEAN,PASUDOUEST,FRBOJ,20:36,FRPMO
2831,2023-08-15,LIMOGES BENEDICTINS,NON,3650,15:38,IC ARO,VIERZON VILLE,TOULOUZECO,FRXVZ,13:53,FRAGQ
2832,2023-08-15,BRIVE LA GAILLARDE,NON,3650,15:04,IC ARO,CHATEAUROUX,TOULOUZECO,FRCHR,12:48,FRBVE
2833,2023-08-15,BRIVE LA GAILLARDE,NON,3650,14:47,IC ARO,ARGENTON SUR CREUSE,TOULOUZECO,FRFMT,12:48,FRBVE
2834,2023-08-15,BRIVE LA GAILLARDE,NON,3650,16:18,IC ARO,LES AUBRAIS ORLEANS,TOULOUZECO,FRLAB,12:48,FRBVE
2835,2023-08-15,GOURDON,OUI,3650,13:48,IC ARO,LIMOGES BENEDICTINS,TOULOUZECO,FRAGQ,12:02,FRFSI
2836,2023-08-15,LES AUBRAIS ORLEANS,NON,3650,17:19,IC ARO,PARIS (intramuros),TOULOUZECO,FRPAZ,16:20,FRLAB
2837,2023-08-15,SOUILLAC,NON,3650,15:04,IC ARO,CHATEAUROUX,TOULOUZECO,FRCHR,12:19,FRSOU
2838,2023-08-15,MONTAUBAN VILLE BOURBON,NON,3650,16:18,IC ARO,LES AUBRAIS ORLEANS,TOULOUZECO,FRLAB,10:55,FRXMW
2839,2023-08-15,MONTAUBAN VILLE BOURBON,NON,3650,17:19,IC ARO,PARIS (intramuros),TOULOUZECO,FRPAZ,10:55,FRXMW
2840,2023-08-15,VIERZON VILLE,NON,3650,16:18,IC ARO,LES AUBRAIS ORLEANS,TOULOUZECO,FRLAB,15:41,FRXVZ
2841,2023-08-15,TOULOUSE MATABIAU,OUI,3650,13:48,IC ARO,LIMOGES BENEDICTINS,TOULOUZECO,FRAGQ,10:28,FRXYT
2842,2023-08-15,TOULOUSE MATABIAU,OUI,3650,12:00,IC ARO,GOURDON,TOULOUZECO,FRFSI,10:28,FRXYT
2843,2023-08-15,TOULOUSE MATABIAU,NON,3650,17:19,IC ARO,PARIS (intramuros),TOULOUZECO,FRPAZ,10:28,FRXYT
2844,2023-08-15,CAHORS,NON,3650,14:47,IC ARO,ARGENTON SUR CREUSE,TOULOUZECO,FRFMT,11:35,FRZAO
2845,2023-08-15,CAHORS,NON,3650,16:18,IC ARO,LES AUBRAIS ORLEANS,TOULOUZECO,FRLAB,11:35,FRZAO
2846,2023-08-15,CAHORS,NON,3650,14:22,IC ARO,LA SOUTERRAINE,TOULOUZECO,FRLST,11:35,FRZAO
2847,2023-08-15,CAHORS,NON,3650,17:19,IC ARO,PARIS (intramuros),TOULOUZECO,FRPAZ,11:35,FRZAO
2848,2023-08-15,GOURDON,NON,3650,14:47,IC ARO,ARGENTON SUR CREUSE,TOULOUZECO,FRFMT,12:02,FRFSI
2849,2023-08-15,SOUILLAC,NON,3650,14:22,IC ARO,LA SOUTERRAINE,TOULOUZECO,FRLST,12:19,FRSOU
2850,2023-08-15,DIJON VILLE,NON,9896,22:07,EST,STRASBOURG,JCRHONRHIN,FRAEG,19:49,FRABA
2851,2023-08-15,DIJON VILLE,NON,9896,23:23,EST,THIONVILLE,JCRHONRHIN,FRXTH,19:49,FRABA
2852,2023-08-15,DIJON VILLE,NON,9896,23:49,EST,LUXEMBOURG,JCRHONRHIN,LULUX,19:49,FRABA
2853,2023-08-15,METZ VILLE,OUI,9896,23:23,EST,THIONVILLE,JCRHONRHIN,FRXTH,23:07,FRADE
2854,2023-08-15,STRASBOURG,OUI,9896,23:49,EST,LUXEMBOURG,JCRHONRHIN,LULUX,22:14,FRAEG
2855,2023-08-15,MULHOUSE VILLE,OUI,9896,23:02,EST,METZ VILLE,JCRHONRHIN,FRADE,21:12,FRAEK
2856,2023-08-15,AIX EN PROVENCE TGV,NON,9896,20:40,EST,BELFORT-MONTBELIARD TGV,JCRHONRHIN,FRTJA,16:11,FRAIE
2857,2023-08-15,AVIGNON TGV,NON,9896,19:39,EST,DIJON VILLE,JCRHONRHIN,FRABA,16:33,FRAVG
2858,2023-08-15,AVIGNON TGV,NON,9896,20:40,EST,BELFORT-MONTBELIARD TGV,JCRHONRHIN,FRTJA,16:33,FRAVG
2859,2023-08-15,AVIGNON TGV,NON,9896,23:23,EST,THIONVILLE,JCRHONRHIN,FRXTH,16:33,FRAVG
2860,2023-08-15,LYON (intramuros),NON,9896,23:02,EST,METZ VILLE,JCRHONRHIN,FRADE,18:00,FRLPD
2861,2023-08-15,LYON (intramuros),NON,9896,22:07,EST,STRASBOURG,JCRHONRHIN,FRAEG,18:00,FRLPD
2862,2023-08-15,LYON (intramuros),NON,9896,21:09,EST,MULHOUSE VILLE,JCRHONRHIN,FRAEK,18:00,FRLPD
2863,2023-08-15,LYON (intramuros),NON,9896,20:40,EST,BELFORT-MONTBELIARD TGV,JCRHONRHIN,FRTJA,18:00,FRLPD
2864,2023-08-15,LYON (intramuros),NON,9896,23:49,EST,LUXEMBOURG,JCRHONRHIN,LULUX,18:00,FRLPD
2865,2023-08-15,MARSEILLE ST CHARLES,OUI,9896,16:08,EST,AIX EN PROVENCE TGV,JCRHONRHIN,FRAIE,15:56,FRMSC
2866,2023-08-15,MARSEILLE ST CHARLES,NON,9896,20:40,EST,BELFORT-MONTBELIARD TGV,JCRHONRHIN,FRTJA,15:56,FRMSC
2867,2023-08-15,BELFORT-MONTBELIARD TGV,OUI,9896,21:09,EST,MULHOUSE VILLE,JCRHONRHIN,FRAEK,20:45,FRTJA
2868,2023-08-15,BESANCON - F COMTE TGV,OUI,9896,23:02,EST,METZ VILLE,JCRHONRHIN,FRADE,20:19,FRTJB
2869,2023-08-15,VALENCE TGV RHONE-ALPES SUD,NON,9896,23:02,EST,METZ VILLE,JCRHONRHIN,FRADE,17:13,FRVLA
2870,2023-08-15,ST GAUDENS,NON,14151,17:25,IC SRO,BAYONNE,SUDOUEST,FRXBY,14:23,FRFPH
2871,2023-08-15,ORTHEZ,NON,14151,17:25,IC SRO,BAYONNE,SUDOUEST,FRXBY,16:14,FRGFI
2872,2023-08-15,TARBES,NON,14151,15:49,IC SRO,PAU,SUDOUEST,FRAEE,15:09,FRXTB
2873,2023-08-15,TOULOUSE MATABIAU,NON,14151,17:25,IC SRO,BAYONNE,SUDOUEST,FRXBY,13:34,FRXYT
2874,2023-08-15,LOURDES,NON,14141,13:00,IC SRO,BAYONNE,SUDOUEST,FRXBY,11:26,FRLDE
2875,2023-08-15,MONTREJEAU GOURDAN POLIGNAN,NON,14141,11:06,IC SRO,TARBES,SUDOUEST,FRXTB,10:33,FRMTJ
2876,2023-08-15,TARBES,NON,14141,11:51,IC SRO,PAU,SUDOUEST,FRAEE,11:09,FRXTB
2877,2023-08-15,LAVAL,OUI,8066,22:49,ATLANTIQUE,LE MANS,BRETAPARIS,FRAET,22:19,FRACR
2878,2023-08-15,LE MANS,NON,8066,23:49,ATLANTIQUE,PARIS (intramuros),BRETAPARIS,FRPMO,22:52,FRAET
2879,2023-08-15,MODANE,NON,9244,17:38,INTERNATIONAL,MACON LOCHE TGV,ITALIEPA,FRMLT,15:12,FRAGR
2880,2023-08-15,MACON LOCHE TGV,NON,9244,19:14,INTERNATIONAL,PARIS (intramuros),ITALIEPA,FRPLY,17:41,FRMLT
2881,2023-08-15,OULX CESANA CLAV SESTRIERE,NON,9244,17:38,INTERNATIONAL,MACON LOCHE TGV,ITALIEPA,FRMLT,14:36,ITOCS
2882,2023-08-15,TORINO PORTA SUSA,NON,9244,15:03,INTERNATIONAL,MODANE,ITALIEPA,FRAGR,13:38,ITTRS
2883,2023-08-15,TORINO PORTA SUSA,NON,9244,19:14,INTERNATIONAL,PARIS (intramuros),ITALIEPA,FRPLY,13:38,ITTRS
2884,2023-08-15,STRASBOURG,NON,9579,20:25,INTERNATIONAL,KARLSRUHE HBF,PASTUTMUN,DEQKA,19:46,FRAEG
2885,2023-08-15,BREST,NON,8642,21:08,ATLANTIQUE,PARIS (intramuros),BRETAPARIS,FRPMO,17:22,FRBES
2886,2023-08-15,MORLAIX,OUI,8642,18:38,ATLANTIQUE,ST BRIEUC,BRETAPARIS,FRSBK,17:55,FRMXN
2887,2023-08-15,ST BRIEUC,NON,8642,21:08,ATLANTIQUE,PARIS (intramuros),BRETAPARIS,FRPMO,18:41,FRSBK
2888,2023-08-15,BEZIERS,NON,4758,14:54,IC ARO,MARMANDE,TJOURSESO,FRXMR,11:47,FRBZR
2889,2023-08-15,BEZIERS,NON,4758,13:50,IC ARO,MONTAUBAN VILLE BOURBON,TJOURSESO,FRXMW,11:47,FRBZR
2890,2023-08-15,CARCASSONNE,NON,4758,13:17,IC ARO,TOULOUSE MATABIAU,TJOURSESO,FRXYT,12:34,FRCCF
2891,2023-08-15,NIMES,NON,4758,15:33,IC ARO,BORDEAUX ST JEAN,TJOURSESO,FRBOJ,10:38,FRFNI
2892,2023-08-15,NIMES,NON,4758,11:03,IC ARO,MONTPELLIER SAINT-ROCH,TJOURSESO,FRMPL,10:38,FRFNI
2893,2023-08-15,NIMES,NON,4758,12:01,IC ARO,NARBONNE,TJOURSESO,FRXNA,10:38,FRFNI
2894,2023-08-15,MARSEILLE ST CHARLES,NON,4758,11:44,IC ARO,BEZIERS,TJOURSESO,FRBZR,09:27,FRMSC
2895,2023-08-15,MARSEILLE ST CHARLES,NON,4758,12:32,IC ARO,CARCASSONNE,TJOURSESO,FRCCF,09:27,FRMSC
2896,2023-08-15,MARSEILLE ST CHARLES,NON,4758,13:17,IC ARO,TOULOUSE MATABIAU,TJOURSESO,FRXYT,09:27,FRMSC
2897,2023-08-15,MARMANDE,NON,4758,15:33,IC ARO,BORDEAUX ST JEAN,TJOURSESO,FRBOJ,14:56,FRXMR
2898,2023-08-15,NARBONNE,NON,4758,15:33,IC ARO,BORDEAUX ST JEAN,TJOURSESO,FRBOJ,12:04,FRXNA
2899,2023-08-15,NARBONNE,NON,4758,13:17,IC ARO,TOULOUSE MATABIAU,TJOURSESO,FRXYT,12:04,FRXNA
2900,2023-08-15,BORDEAUX ST JEAN,OUI,8486,13:37,ATLANTIQUE,PARIS (intramuros),SUDOUESTPA,FRPMO,10:17,FRBOJ
2901,2023-08-15,POITIERS,OUI,8486,13:37,ATLANTIQUE,PARIS (intramuros),SUDOUESTPA,FRPMO,12:15,FRPIS
2902,2023-08-15,LIBOURNE,OUI,8486,13:37,ATLANTIQUE,PARIS (intramuros),SUDOUESTPA,FRPMO,10:42,FRXLR
2903,2023-08-15,BRUXELLES MIDI BRUSSEL ZUID,NON,9838,18:58,NORD,MARNE LA VALLEE CHESSY,JCNORDBRET,FRMLV,16:54,BEBMI
2904,2023-08-15,BRUXELLES MIDI BRUSSEL ZUID,OUI,9838,18:43,NORD,AEROPORT CDG2 TGV ROISSY,JCNORDBRET,FRMLW,16:54,BEBMI
2905,2023-08-15,LE MANS,OUI,9838,21:29,NORD,RENNES,JCNORDBRET,FRRNS,20:32,FRAET
2906,2023-08-15,MASSY TGV,NON,9838,21:01,NORD,LAVAL,JCNORDBRET,FRACR,19:39,FRDJU
2907,2023-08-15,AEROPORT CDG2 TGV ROISSY,NON,9838,20:29,NORD,LE MANS,JCNORDBRET,FRAET,18:49,FRMLW
2908,2023-08-15,TGV HAUTE PICARDIE,NON,9838,20:29,NORD,LE MANS,JCNORDBRET,FRAET,18:15,FRTHP
2909,2023-08-15,NICE VILLE,OUI,6074,10:13,SUD EST,ANTIBES,AZURPA,FRXAT,09:57,FRNIC
2910,2023-08-15,TOULON,NON,6074,12:33,SUD EST,MARSEILLE ST CHARLES,AZURPA,FRMSC,11:48,FRTLN
2911,2023-08-15,ANTIBES,NON,6074,15:50,SUD EST,PARIS (intramuros),AZURPA,FRPLY,10:16,FRXAT
2912,2023-08-15,ST RAPHAEL VALESCURE,NON,6074,12:33,SUD EST,MARSEILLE ST CHARLES,AZURPA,FRMSC,10:58,FRXSK
2913,2023-08-15,ARRAS,OUI,7144,22:08,NORD,PARIS (intramuros),ARRASPA,FRPNO,21:18,FRQRV
2914,2023-08-15,LILLE (intramuros),OUI,5026,11:53,NORD,AEROPORT CDG2 TGV ROISSY,JCNORDSUD,FRMLW,11:03,FRLLE
2915,2023-08-15,AEROPORT CDG2 TGV ROISSY,OUI,5026,14:00,NORD,LYON (intramuros),JCNORDSUD,FRLPD,11:59,FRMLW
2916,2023-08-15,PORNICHET,NON,8934,22:44,ATLANTIQUE,ANGERS ST LAUD,LOIREPARIS,FRACL,21:13,FREGR
2917,2023-08-15,LE POULIGUEN,OUI,8934,21:03,ATLANTIQUE,LA BAULE ESCOUBLAC,LOIREPARIS,FRJEE,20:59,FREGS
2918,2023-08-15,LE CROISIC,OUI,8934,21:23,ATLANTIQUE,ST NAZAIRE,LOIREPARIS,FRSNR,20:51,FREGU
2919,2023-08-15,ST NAZAIRE,NON,8934,22:44,ATLANTIQUE,ANGERS ST LAUD,LOIREPARIS,FRACL,21:26,FRSNR
2920,2023-08-15,ST NAZAIRE,NON,8934,00:12,ATLANTIQUE,PARIS (intramuros),LOIREPARIS,FRPMO,21:26,FRSNR
2921,2023-08-15,GRENOBLE,NON,6920,15:55,SUD EST,LYON-SAINT EXUPERY TGV,GRENOBLEPA,FRJDQ,14:46,FRGNB
2922,2023-08-15,LYON-SAINT EXUPERY TGV,NON,6920,17:46,SUD EST,PARIS (intramuros),GRENOBLEPA,FRPLY,15:59,FRJDQ
2923,2023-08-15,DIJON VILLE,NON,9269,15:37,INTERNATIONAL,LAUSANNE,PASUIS,CHAJF,13:35,FRABA
2924,2023-08-15,DOLE VILLE,OUI,9269,14:42,INTERNATIONAL,FRASNE,PASUIS,FRFRA,14:00,FRACE
2925,2023-08-15,PARIS (intramuros),NON,9269,14:57,INTERNATIONAL,VALLORBE,PASUIS,CHAGL,11:56,FRPLY
2926,2023-08-15,PARIS (intramuros),OUI,9269,13:31,INTERNATIONAL,DIJON VILLE,PASUIS,FRABA,11:56,FRPLY
2927,2023-08-15,AIX EN PROVENCE TGV,NON,6144,00:23,SUD EST,PARIS (intramuros),PROVENCEPA,FRPLY,21:14,FRAIE
2928,2023-08-15,MARSEILLE ST CHARLES,NON,6144,00:23,SUD EST,PARIS (intramuros),PROVENCEPA,FRPLY,21:00,FRMSC
2929,2023-08-15,BELLEGARDE,NON,9780,21:42,INTERNATIONAL,PARIS (intramuros),GENEVEPA,FRPLY,19:02,FRXBF
2930,2023-08-15,DIJON VILLE,NON,9261,11:54,INTERNATIONAL,LAUSANNE,PASUIS,CHAJF,09:35,FRABA
2931,2023-08-15,DIJON VILLE,NON,9261,10:42,INTERNATIONAL,FRASNE,PASUIS,FRFRA,09:35,FRABA
2932,2023-08-15,PARIS (intramuros),NON,9261,09:31,INTERNATIONAL,DIJON VILLE,PASUIS,FRABA,07:56,FRPLY
2933,2023-08-15,BEZIERS,NON,6252,15:04,SUD EST,PARIS (intramuros),LANGPA,FRPLY,10:59,FRBZR
2934,2023-08-15,PERPIGNAN,OUI,6252,11:10,SUD EST,AGDE,LANGPA,FRXAG,10:04,FRPGF
2935,2023-08-15,AGDE,NON,6252,15:04,SUD EST,PARIS (intramuros),LANGPA,FRPLY,11:13,FRXAG
2936,2023-08-15,AGDE,NON,6252,12:50,SUD EST,VALENCE TGV RHONE-ALPES SUD,LANGPA,FRVLA,11:13,FRXAG
2937,2023-08-15,NARBONNE,OUI,6252,11:10,SUD EST,AGDE,LANGPA,FRXAG,10:42,FRXNA
2938,2023-08-15,NARBONNE,OUI,6252,11:46,SUD EST,MONTPELLIER SUD DE FRANCE,LANGPA,FRSUF,10:42,FRXNA
2939,2023-08-15,MONTPELLIER SUD DE FRANCE,NON,6252,12:11,SUD EST,NIMES PONT DU GARD,LANGPA,FRXZP,11:52,FRSUF
2940,2023-08-15,NIMES,OUI,6039,20:13,SUD EST,MONTPELLIER SAINT-ROCH,PALANG,FRMPL,19:47,FRFNI
2941,2023-08-15,VALENCE TGV RHONE-ALPES SUD,OUI,6039,20:13,SUD EST,MONTPELLIER SAINT-ROCH,PALANG,FRMPL,19:01,FRVLA
2942,2023-08-15,CLERMONT FERRAND,NON,5970,14:58,IC ARO,NEVERS,CLERMONTPA,FRNVS,13:31,FRCFE
2943,2023-08-15,MOULINS SUR ALLIER,NON,5970,16:57,IC ARO,PARIS (intramuros),CLERMONTPA,FRPBE,14:31,FRXMU
2944,2023-08-15,ANGERS ST LAUD,OUI,8912,10:23,ATLANTIQUE,LE MANS,LOIREPARIS,FRAET,09:44,FRACL
2945,2023-08-15,LE CROISIC,OUI,8912,09:41,ATLANTIQUE,ANGERS ST LAUD,LOIREPARIS,FRACL,07:55,FREGU
2946,2023-08-15,LE CROISIC,OUI,8912,08:03,ATLANTIQUE,LA BAULE ESCOUBLAC,LOIREPARIS,FRJEE,07:55,FREGU
2947,2023-08-15,LE CROISIC,OUI,8912,08:21,ATLANTIQUE,ST NAZAIRE,LOIREPARIS,FRSNR,07:55,FREGU
2948,2023-08-15,LA BAULE ESCOUBLAC,OUI,8912,11:25,ATLANTIQUE,PARIS (intramuros),LOIREPARIS,FRPMO,08:07,FRJEE
2949,2023-08-15,LA BAULE ESCOUBLAC,OUI,8912,08:21,ATLANTIQUE,ST NAZAIRE,LOIREPARIS,FRSNR,08:07,FRJEE
2950,2023-08-15,BOURG EN BRESSE,NON,9777,19:30,INTERNATIONAL,GENEVE,PAGENEVE,CHGVA,18:12,FRXBK
2951,2023-08-15,LA ROCHELLE VILLE,NON,8374,11:23,ATLANTIQUE,NIORT,ROCHELLEPA,FRNIT,10:44,FRLRH
2952,2023-08-15,POITIERS,NON,8374,13:37,ATLANTIQUE,PARIS (intramuros),ROCHELLEPA,FRPMO,12:15,FRPIS
2953,2023-08-15,NURIEUX,NON,9781,21:00,INTERNATIONAL,BELLEGARDE,PAGENEVE,FRXBF,20:37,FRHQN
2954,2023-08-15,BOURG EN BRESSE,NON,9781,20:35,INTERNATIONAL,NURIEUX,PAGENEVE,FRHQN,20:10,FRXBK
2955,2023-08-15,PARIS (intramuros),OUI,8069,23:45,ATLANTIQUE,LAVAL,PARISBRETA,FRACR,22:15,FRPMO
2956,2023-08-15,AVIGNON TGV,NON,6864,14:37,SUD EST,VALENCE TGV RHONE-ALPES SUD,JCSUDPROV,FRVLA,14:06,FRAVG
2957,2023-08-15,ST MAIXENT DEUX SEVRES,NON,8380,18:37,ATLANTIQUE,PARIS (intramuros),ROCHELLEPA,FRPMO,16:40,FREJC
2958,2023-08-15,LA ROCHELLE VILLE,OUI,8380,16:21,ATLANTIQUE,NIORT,ROCHELLEPA,FRNIT,15:47,FRLRH
2959,2023-08-15,CHAMBERY CHALLES LES EAUX,NON,9252,19:39,INTERNATIONAL,MACON LOCHE TGV,ITALIEPA,FRMLT,18:22,FRCMF
2960,2023-08-15,MILANO P GARIBALDI,NON,9252,17:03,INTERNATIONAL,MODANE,ITALIEPA,FRAGR,14:10,ITMPG
2961,2023-08-15,MILANO P GARIBALDI,NON,9252,19:39,INTERNATIONAL,MACON LOCHE TGV,ITALIEPA,FRMLT,14:10,ITMPG
2962,2023-08-15,DOL DE BRETAGNE,NON,8088,19:01,ATLANTIQUE,LAVAL,BRETAPARIS,FRACR,17:58,FRDOL
2963,2023-08-15,PARIS (intramuros),OUI,8085,15:15,ATLANTIQUE,ST MALO,PARISBRETA,FRXSB,12:56,FRPMO
2964,2023-08-15,SURGERES,OUI,8362,10:35,ATLANTIQUE,ST PIERRE DES CORPS,ROCHELLEPA,FRXSH,09:08,FREIP
2965,2023-08-15,ANGERS ST LAUD,NON,4504,18:38,IC SRO,NANTES,JOURLYNNTE,FRNTE,17:54,FRACL
2966,2023-08-15,SAUMUR,NON,4504,18:38,IC SRO,NANTES,JOURLYNNTE,FRNTE,17:31,FRACN
2967,2023-08-15,BOURGES,NON,4504,17:52,IC SRO,ANGERS ST LAUD,JOURLYNNTE,FRACL,15:30,FRBOU
2968,2023-08-15,LYON (intramuros),NON,4504,18:38,IC SRO,NANTES,JOURLYNNTE,FRNTE,11:47,FRLPE
2969,2023-08-15,ROANNE,NON,4504,18:38,IC SRO,NANTES,JOURLYNNTE,FRNTE,13:06,FRRNE
2970,2023-08-15,ROANNE,NON,4504,16:55,IC SRO,ST PIERRE DES CORPS,JOURLYNNTE,FRXSH,13:06,FRRNE
2971,2023-08-15,ST GERMAIN DES FOSSES,NON,4504,16:55,IC SRO,ST PIERRE DES CORPS,JOURLYNNTE,FRXSH,13:45,FRSGF
2972,2023-08-15,MOULINS SUR ALLIER,NON,4504,17:29,IC SRO,SAUMUR,JOURLYNNTE,FRACN,14:07,FRXMU
2973,2023-08-15,MOULINS SUR ALLIER,NON,4504,18:38,IC SRO,NANTES,JOURLYNNTE,FRNTE,14:07,FRXMU
2974,2023-08-15,MOULINS SUR ALLIER,NON,4504,14:36,IC SRO,NEVERS,JOURLYNNTE,FRNVS,14:07,FRXMU
2975,2023-08-15,MOULINS SUR ALLIER,NON,4504,16:55,IC SRO,ST PIERRE DES CORPS,JOURLYNNTE,FRXSH,14:07,FRXMU
2976,2023-08-15,ST PIERRE DES CORPS,NON,4504,18:38,IC SRO,NANTES,JOURLYNNTE,FRNTE,16:58,FRXSH
2977,2023-08-15,VIERZON VILLE,NON,4504,18:38,IC SRO,NANTES,JOURLYNNTE,FRNTE,15:51,FRXVZ
2978,2023-08-15,BREST,OUI,8646,20:38,ATLANTIQUE,ST BRIEUC,BRETAPARIS,FRSBK,19:22,FRBES
2979,2023-08-15,GUINGAMP,OUI,8646,20:38,ATLANTIQUE,ST BRIEUC,BRETAPARIS,FRSBK,20:24,FRGGP
2980,2023-08-15,BEZIERS,NON,4762,18:26,IC ARO,AGEN,TJOURSESO,FRAGF,15:46,FRBZR
2981,2023-08-15,NIMES,NON,4762,15:59,IC ARO,NARBONNE,TJOURSESO,FRXNA,14:38,FRFNI
2982,2023-08-15,MONTPELLIER SAINT-ROCH,NON,4762,19:32,IC ARO,BORDEAUX ST JEAN,TJOURSESO,FRBOJ,15:06,FRMPL
2983,2023-08-15,MONTPELLIER SAINT-ROCH,OUI,4762,15:43,IC ARO,BEZIERS,TJOURSESO,FRBZR,15:06,FRMPL
2984,2023-08-15,MONTPELLIER SAINT-ROCH,NON,4762,16:31,IC ARO,CARCASSONNE,TJOURSESO,FRCCF,15:06,FRMPL
2985,2023-08-15,MONTPELLIER SAINT-ROCH,NON,4762,17:49,IC ARO,MONTAUBAN VILLE BOURBON,TJOURSESO,FRXMW,15:06,FRMPL
2986,2023-08-15,MARSEILLE ST CHARLES,NON,4762,19:32,IC ARO,BORDEAUX ST JEAN,TJOURSESO,FRBOJ,13:23,FRMSC
2987,2023-08-15,ST BRIEUC,NON,8690,19:06,ATLANTIQUE,PARIS (intramuros),BRETAPARIS,FRPMO,16:42,FRSBK
2988,2023-08-15,AIX EN PROVENCE TGV,OUI,6132,19:37,SUD EST,AVIGNON TGV,PROVENCEPA,FRAVG,19:18,FRAIE
2989,2023-08-15,NARBONNE,NON,6268,14:09,SUD EST,VALENCE TGV RHONE-ALPES SUD,LANGPA,FRVLA,11:51,FRXNA
2990,2023-08-15,SETE,NON,6268,12:59,SUD EST,MONTPELLIER SUD DE FRANCE,LANGPA,FRSUF,12:43,FRXSY
2991,2023-08-15,PERPIGNAN,NON,6268,13:28,SUD EST,NIMES PONT DU GARD,LANGPA,FRXZP,11:12,FRPGF
2992,2023-08-15,BEZIERS,NON,6268,13:28,SUD EST,NIMES PONT DU GARD,LANGPA,FRXZP,12:08,FRBZR
2993,2023-08-15,NARBONNE,NON,6268,13:28,SUD EST,NIMES PONT DU GARD,LANGPA,FRXZP,11:51,FRXNA
2994,2023-08-15,VITRY LE FRANCOIS GARE,OUI,2778,08:01,EST,PARIS (intramuros),SEDBARPA,FRPST,06:36,FRBFO
2995,2023-08-15,CHAMPAGNE-ARDENNE,OUI,2778,08:01,EST,PARIS (intramuros),SEDBARPA,FRPST,07:18,FREAH
2996,2023-08-15,CHALONS EN CHAMPAGNE,OUI,2778,08:01,EST,PARIS (intramuros),SEDBARPA,FRPST,06:55,FRXCR
2997,2023-08-15,GENEVE,NON,9764,11:42,INTERNATIONAL,PARIS (intramuros),GENEVEPA,FRPLY,08:29,CHGVA
2998,2023-08-15,GENEVE,NON,9764,09:49,INTERNATIONAL,BOURG EN BRESSE,GENEVEPA,FRXBK,08:29,CHGVA
2999,2023-08-15,NURIEUX,NON,9764,09:49,INTERNATIONAL,BOURG EN BRESSE,GENEVEPA,FRXBK,09:25,FRHQN
3000,2023-08-15,BELLEGARDE,NON,9764,09:49,INTERNATIONAL,BOURG EN BRESSE,GENEVEPA,FRXBK,09:00,FRXBF
3001,2023-08-15,ANGERS ST LAUD,OUI,8142,13:25,ATLANTIQUE,PARIS (intramuros),LOIREPARIS,FRPMO,11:45,FRACL
3002,2023-08-15,NANTES,OUI,8142,13:25,ATLANTIQUE,PARIS (intramuros),LOIREPARIS,FRPMO,11:05,FRNTE
3003,2023-08-15,ANGERS ST LAUD,OUI,8871,12:54,ATLANTIQUE,NANTES,PARISLOIRE,FRNTE,12:16,FRACL
3004,2023-08-15,PARIS (intramuros),OUI,8871,11:33,ATLANTIQUE,LE MANS,PARISLOIRE,FRAET,10:36,FRPMO
3005,2023-08-15,SABLE SUR SARTHE,OUI,8147,15:15,ATLANTIQUE,ANGERS ST LAUD,PARISLOIRE,FRACL,14:54,FRSAB
3006,2023-08-15,ST MALO,NON,8084,15:06,ATLANTIQUE,PARIS (intramuros),BRETAPARIS,FRPMO,12:42,FRXSB
3007,2023-08-15,ST MALO,OUI,8084,13:29,ATLANTIQUE,RENNES,BRETAPARIS,FRRNS,12:42,FRXSB
3008,2023-08-15,ANGOULEME,NON,2092,13:23,EST,MEUSE TGV,JCATLEST,FREAJ,09:07,FRANG
3009,2023-08-15,ANGOULEME,NON,2092,13:49,EST,LORRAINE TGV,JCATLEST,FREAM,09:07,FRANG
3010,2023-08-15,BORDEAUX ST JEAN,NON,2092,12:11,EST,AEROPORT CDG2 TGV ROISSY,JCATLEST,FRMLW,08:29,FRBOJ
3011,2023-08-15,MARNE LA VALLEE CHESSY,NON,2092,13:49,EST,LORRAINE TGV,JCATLEST,FREAM,12:01,FRMLV
3012,2023-08-15,MARNE LA VALLEE CHESSY,NON,2092,12:11,EST,AEROPORT CDG2 TGV ROISSY,JCATLEST,FRMLW,12:01,FRMLV
3013,2023-08-15,AEROPORT CDG2 TGV ROISSY,NON,2092,13:23,EST,MEUSE TGV,JCATLEST,FREAJ,12:26,FRMLW
3014,2023-08-15,POITIERS,NON,2092,11:20,EST,MASSY TGV,JCATLEST,FRDJU,09:48,FRPIS
3015,2023-08-15,POITIERS,NON,2092,13:23,EST,MEUSE TGV,JCATLEST,FREAJ,09:48,FRPIS
3016,2023-08-15,POITIERS,NON,2092,11:57,EST,MARNE LA VALLEE CHESSY,JCATLEST,FRMLV,09:48,FRPIS
3017,2023-08-15,ST PIERRE DES CORPS,NON,2092,12:55,EST,CHAMPAGNE-ARDENNE,JCATLEST,FREAH,10:26,FRXSH
3018,2023-08-15,ST PIERRE DES CORPS,NON,2092,13:23,EST,MEUSE TGV,JCATLEST,FREAJ,10:26,FRXSH
3019,2023-08-15,ST PIERRE DES CORPS,NON,2092,13:49,EST,LORRAINE TGV,JCATLEST,FREAM,10:26,FRXSH
3020,2023-08-15,ANGOULEME,NON,8454,23:12,ATLANTIQUE,ST PIERRE DES CORPS,SUDOUESTPA,FRXSH,21:52,FRANG
3021,2023-08-15,POITIERS,OUI,8437,13:02,ATLANTIQUE,BORDEAUX ST JEAN,PASUDOUEST,FRBOJ,11:44,FRPIS
3022,2023-08-15,SAUMUR,OUI,5358,22:29,SUD EST,ANGERS ST LAUD,JCSUDATL,FRACL,22:08,FRACN
3023,2023-08-15,MASSY TGV,OUI,5358,22:05,SUD EST,SAUMUR,JCSUDATL,FRACN,20:38,FRDJU
3024,2023-08-15,MONTPELLIER SUD DE FRANCE,OUI,5358,17:37,SUD EST,VALENCE TGV RHONE-ALPES SUD,JCSUDATL,FRVLA,16:40,FRSUF
3025,2023-08-15,MONTPELLIER SUD DE FRANCE,NON,5358,21:31,SUD EST,ST PIERRE DES CORPS,JCSUDATL,FRXSH,16:40,FRSUF
3026,2023-08-15,NIMES PONT DU GARD,NON,5358,18:20,SUD EST,LYON (intramuros),JCSUDATL,FRLPD,17:01,FRXZP
3027,2023-08-15,NIMES PONT DU GARD,NON,5358,21:31,SUD EST,ST PIERRE DES CORPS,JCSUDATL,FRXSH,17:01,FRXZP
3028,2023-08-15,HENDAYE,NON,14142,12:37,IC SRO,LOURDES,SUDOUEST,FRLDE,10:19,FRAEF
3029,2023-08-15,HENDAYE,NON,14142,10:29,IC SRO,ST JEAN DE LUZ CIBOURE,SUDOUEST,FRXJZ,10:19,FRAEF
3030,2023-08-15,BIARRITZ,NON,14142,11:46,IC SRO,ORTHEZ,SUDOUEST,FRGFI,10:40,FRBIQ
3031,2023-08-15,LOURDES,NON,14142,13:30,IC SRO,MONTREJEAU GOURDAN POLIGNAN,SUDOUEST,FRMTJ,12:40,FRLDE
3032,2023-08-15,ST JEAN DE LUZ CIBOURE,NON,14142,14:27,IC SRO,TOULOUSE MATABIAU,SUDOUEST,FRXYT,10:30,FRXJZ
3033,2023-08-15,TARBES,NON,14142,13:30,IC SRO,MONTREJEAU GOURDAN POLIGNAN,SUDOUEST,FRMTJ,12:56,FRXTB
3034,2023-08-15,MONTREJEAU GOURDAN POLIGNAN,NON,14142,14:27,IC SRO,TOULOUSE MATABIAU,SUDOUEST,FRXYT,13:32,FRMTJ
3035,2023-08-15,MASSY TGV,NON,5454,19:22,EST,ANGOULEME,JCESTATL,FRANG,17:10,FRDJU
3036,2023-08-15,CHAMPAGNE-ARDENNE,NON,5454,16:27,EST,MARNE LA VALLEE CHESSY,JCESTATL,FRMLV,15:34,FREAH
3037,2023-08-15,CHAMPAGNE-ARDENNE,NON,5454,18:40,EST,POITIERS,JCESTATL,FRPIS,15:34,FREAH
3038,2023-08-15,MEUSE TGV,NON,5454,15:31,EST,CHAMPAGNE-ARDENNE,JCESTATL,FREAH,15:05,FREAJ
3039,2023-08-15,LORRAINE TGV,NON,5454,19:22,EST,ANGOULEME,JCESTATL,FRANG,14:39,FREAM
3040,2023-08-15,LORRAINE TGV,OUI,5454,14:58,EST,MEUSE TGV,JCESTATL,FREAJ,14:39,FREAM
3041,2023-08-15,CLERMONT FERRAND,OUI,5986,19:04,IC ARO,VICHY,CLERMONTPA,FRVHY,18:31,FRCFE
3042,2023-08-15,CLERMONT FERRAND,OUI,5986,19:29,IC ARO,MOULINS SUR ALLIER,CLERMONTPA,FRXMU,18:31,FRCFE
3043,2023-08-15,VICHY,OUI,5986,19:58,IC ARO,NEVERS,CLERMONTPA,FRNVS,19:06,FRVHY
3044,2023-08-15,MOULINS SUR ALLIER,OUI,5986,21:57,IC ARO,PARIS (intramuros),CLERMONTPA,FRPBE,19:31,FRXMU
3045,2023-08-15,QUIMPERLE,NON,8730,19:06,ATLANTIQUE,PARIS (intramuros),BRETAPARIS,FRPMO,15:40,FRECO
3046,2023-08-15,QUIMPERLE,NON,8730,17:25,ATLANTIQUE,RENNES,BRETAPARIS,FRRNS,15:40,FRECO
3047,2023-08-15,QUIMPERLE,OUI,8730,16:23,ATLANTIQUE,VANNES,BRETAPARIS,FRVNE,15:40,FRECO
3048,2023-08-15,ROSPORDEN,OUI,8730,15:37,ATLANTIQUE,QUIMPERLE,BRETAPARIS,FRECO,15:24,FRRSP
3049,2023-08-15,QUIMPER,OUI,8730,15:50,ATLANTIQUE,LORIENT,BRETAPARIS,FRLRT,15:10,FRUIP
3050,2023-08-15,QUIMPER,OUI,8730,15:22,ATLANTIQUE,ROSPORDEN,BRETAPARIS,FRRSP,15:10,FRUIP
3051,2023-08-15,VANNES,NON,8730,17:25,ATLANTIQUE,RENNES,BRETAPARIS,FRRNS,16:27,FRVNE
3052,2023-08-15,DIJON VILLE,NON,9898,11:49,EST,COLMAR,JCRHONRHIN,FRAEJ,10:08,FRABA
3053,2023-08-15,DIJON VILLE,NON,9898,10:57,EST,BELFORT-MONTBELIARD TGV,JCRHONRHIN,FRTJA,10:08,FRABA
3054,2023-08-15,METZ VILLE,OUI,9898,13:48,EST,THIONVILLE,JCRHONRHIN,FRXTH,13:29,FRADE
3055,2023-08-15,METZ VILLE,OUI,9898,14:15,EST,LUXEMBOURG,JCRHONRHIN,LULUX,13:29,FRADE
3056,2023-08-15,STRASBOURG,OUI,9898,14:15,EST,LUXEMBOURG,JCRHONRHIN,LULUX,12:31,FRAEG
3057,2023-08-15,COLMAR,NON,9898,13:24,EST,METZ VILLE,JCRHONRHIN,FRADE,11:52,FRAEJ
3058,2023-08-15,COLMAR,NON,9898,12:24,EST,STRASBOURG,JCRHONRHIN,FRAEG,11:52,FRAEJ
3059,2023-08-15,COLMAR,NON,9898,13:48,EST,THIONVILLE,JCRHONRHIN,FRXTH,11:52,FRAEJ
3060,2023-08-15,COLMAR,NON,9898,14:15,EST,LUXEMBOURG,JCRHONRHIN,LULUX,11:52,FRAEJ
3061,2023-08-15,MULHOUSE VILLE,NON,9898,13:48,EST,THIONVILLE,JCRHONRHIN,FRXTH,11:24,FRAEK
3062,2023-08-15,NIMES,NON,9898,13:24,EST,METZ VILLE,JCRHONRHIN,FRADE,06:57,FRFNI
3063,2023-08-15,LYON (intramuros),NON,9898,11:21,EST,MULHOUSE VILLE,JCRHONRHIN,FRAEK,08:30,FRLPD
3064,2023-08-15,LYON (intramuros),NON,9898,10:57,EST,BELFORT-MONTBELIARD TGV,JCRHONRHIN,FRTJA,08:30,FRLPD
3065,2023-08-15,LYON (intramuros),NON,9898,10:34,EST,BESANCON - F COMTE TGV,JCRHONRHIN,FRTJB,08:30,FRLPD
3066,2023-08-15,MONTPELLIER SAINT-ROCH,NON,9898,13:24,EST,METZ VILLE,JCRHONRHIN,FRADE,06:29,FRMPL
3067,2023-08-15,MONTPELLIER SAINT-ROCH,NON,9898,10:34,EST,BESANCON - F COMTE TGV,JCRHONRHIN,FRTJB,06:29,FRMPL
3068,2023-08-15,MONTPELLIER SAINT-ROCH,NON,9898,14:15,EST,LUXEMBOURG,JCRHONRHIN,LULUX,06:29,FRMPL
3069,2023-08-15,BESANCON - F COMTE TGV,NON,9898,13:24,EST,METZ VILLE,JCRHONRHIN,FRADE,10:36,FRTJB
3070,2023-08-15,VALENCE TGV RHONE-ALPES SUD,NON,9898,11:49,EST,COLMAR,JCRHONRHIN,FRAEJ,07:45,FRVLA
3071,2023-08-15,THIONVILLE,OUI,9898,14:15,EST,LUXEMBOURG,JCRHONRHIN,LULUX,13:51,FRXTH
3072,2023-08-15,REIMS,OUI,2754,18:01,EST,PARIS (intramuros),SEDBARPA,FRPST,17:15,FRRHE
3073,2023-08-15,CHARLEVILLE MEZIERES,OUI,2754,17:09,EST,REIMS,SEDBARPA,FRRHE,16:17,FRXCZ
3074,2023-08-15,LUCON,NON,3835,17:39,IC SRO,LA ROCHELLE VILLE,NANTEBORDO,FRLRH,17:00,FRLCN
3075,2023-08-15,LA ROCHELLE VILLE,NON,3835,18:03,IC SRO,ROCHEFORT,NANTEBORDO,FRRCO,17:43,FRLRH
3076,2023-08-15,LA ROCHELLE VILLE,NON,3835,18:32,IC SRO,SAINTES,NANTEBORDO,FRXST,17:43,FRLRH
3077,2023-08-15,NANTES,NON,3835,19:10,IC SRO,JONZAC,NANTEBORDO,FREMR,15:55,FRNTE
3078,2023-08-15,ROCHEFORT,NON,3835,20:11,IC SRO,BORDEAUX ST JEAN,NANTEBORDO,FRBOJ,18:05,FRRCO
3079,2023-08-15,LA ROCHE SUR YON,NON,3835,20:11,IC SRO,BORDEAUX ST JEAN,NANTEBORDO,FRBOJ,16:36,FRXRO
3080,2023-08-15,LA ROCHE SUR YON,NON,3835,17:39,IC SRO,LA ROCHELLE VILLE,NANTEBORDO,FRLRH,16:36,FRXRO
3081,2023-08-15,SAINTES,NON,3835,20:11,IC SRO,BORDEAUX ST JEAN,NANTEBORDO,FRBOJ,18:34,FRXST
3082,2023-08-15,BEZIERS,NON,4766,20:02,IC ARO,NARBONNE,TJOURSESO,FRXNA,19:47,FRBZR
3083,2023-08-15,CARCASSONNE,NON,4766,22:27,IC ARO,AGEN,TJOURSESO,FRAGF,20:35,FRCCF
3084,2023-08-15,CARCASSONNE,NON,4766,21:49,IC ARO,MONTAUBAN VILLE BOURBON,TJOURSESO,FRXMW,20:35,FRCCF
3085,2023-08-15,MONTPELLIER SAINT-ROCH,NON,4766,21:49,IC ARO,MONTAUBAN VILLE BOURBON,TJOURSESO,FRXMW,19:07,FRMPL
3086,2023-08-15,MARSEILLE ST CHARLES,NON,4766,23:32,IC ARO,BORDEAUX ST JEAN,TJOURSESO,FRBOJ,17:28,FRMSC
3087,2023-08-15,MARSEILLE ST CHARLES,NON,4766,18:36,IC ARO,NIMES,TJOURSESO,FRFNI,17:28,FRMSC
3088,2023-08-15,MARSEILLE ST CHARLES,NON,4766,19:03,IC ARO,MONTPELLIER SAINT-ROCH,TJOURSESO,FRMPL,17:28,FRMSC
3089,2023-08-15,MONTAUBAN VILLE BOURBON,OUI,4766,23:32,IC ARO,BORDEAUX ST JEAN,TJOURSESO,FRBOJ,21:51,FRXMW
3090,2023-08-15,NARBONNE,NON,4766,21:49,IC ARO,MONTAUBAN VILLE BOURBON,TJOURSESO,FRXMW,20:05,FRXNA
3091,2023-08-15,NARBONNE,NON,4766,21:17,IC ARO,TOULOUSE MATABIAU,TJOURSESO,FRXYT,20:05,FRXNA
3092,2023-08-15,TOULOUSE MATABIAU,OUI,4766,21:49,IC ARO,MONTAUBAN VILLE BOURBON,TJOURSESO,FRXMW,21:25,FRXYT
3093,2023-08-15,BEZIERS,NON,6823,12:59,SUD EST,NARBONNE,JCPROVSUD,FRXNA,12:46,FRBZR
3094,2023-08-15,BEZIERS,NON,6823,14:15,SUD EST,TOULOUSE MATABIAU,JCPROVSUD,FRXYT,12:46,FRBZR
3095,2023-08-15,MONTPELLIER SAINT-ROCH,NON,6823,14:15,SUD EST,TOULOUSE MATABIAU,JCPROVSUD,FRXYT,12:06,FRMPL
3096,2023-08-15,VALENCE TGV RHONE-ALPES SUD,NON,6823,12:43,SUD EST,BEZIERS,JCPROVSUD,FRBZR,10:49,FRVLA
3097,2023-08-15,BRIVE LA GAILLARDE,NON,3674,19:10,IC ARO,CHATEAUROUX,TOULOUZECO,FRCHR,16:57,FRBVE
3098,2023-08-15,BRIVE LA GAILLARDE,NON,3674,18:54,IC ARO,ARGENTON SUR CREUSE,TOULOUZECO,FRFMT,16:57,FRBVE
3099,2023-08-15,BRIVE LA GAILLARDE,NON,3674,21:20,IC ARO,PARIS (intramuros),TOULOUZECO,FRPAZ,16:57,FRBVE
3100,2023-08-15,CHATEAUROUX,NON,3674,21:20,IC ARO,PARIS (intramuros),TOULOUZECO,FRPAZ,19:12,FRCHR
3101,2023-08-15,LA SOUTERRAINE,NON,3674,19:10,IC ARO,CHATEAUROUX,TOULOUZECO,FRCHR,18:31,FRLST
3102,2023-08-15,PARIS (intramuros),OUI,12279,13:17,ATLANTIQUE,ST PIERRE DES CORPS,PAROCHELLE,FRXSH,12:16,FRPMO
3103,2023-08-15,ST PIERRE DES CORPS,OUI,12279,13:52,ATLANTIQUE,POITIERS,PAROCHELLE,FRPIS,13:20,FRXSH
3104,2023-08-15,NIMES PONT DU GARD,OUI,6049,18:08,SUD EST,MONTPELLIER SUD DE FRANCE,PALANG,FRSUF,17:49,FRXZP
3105,2023-08-15,LAVAL,NON,8623,17:33,ATLANTIQUE,GUINGAMP,PARISBRETA,FRGGP,16:00,FRACR
3106,2023-08-15,MORLAIX,OUI,8623,18:37,ATLANTIQUE,BREST,PARISBRETA,FRBES,18:04,FRMXN
3107,2023-08-15,PARIS (intramuros),NON,8623,17:33,ATLANTIQUE,GUINGAMP,PARISBRETA,FRGGP,14:41,FRPMO
3108,2023-08-15,CHATEAUROUX,OUI,3685,22:21,IC ARO,LA SOUTERRAINE,PALITO,FRLST,21:41,FRCHR
3109,2023-08-15,PARIS (intramuros),OUI,3685,00:01,IC ARO,BRIVE LA GAILLARDE,PALITO,FRBVE,19:39,FRPAZ
3110,2023-08-15,VIERZON VILLE,OUI,3685,22:55,IC ARO,LIMOGES BENEDICTINS,PALITO,FRAGQ,21:10,FRXVZ
3111,2023-08-15,AURAY,NON,8794,23:29,ATLANTIQUE,PARIS (intramuros),BRETAPARIS,FRPMO,20:47,FRXUY
3112,2023-08-15,ANGERS ST LAUD,NON,4406,21:18,IC SRO,LYON (intramuros),JOURNTELYN,FRLPD,15:28,FRACL
3113,2023-08-15,ANGERS ST LAUD,NON,4406,18:35,IC SRO,NEVERS,JOURNTELYN,FRNVS,15:28,FRACL
3114,2023-08-15,ANGERS ST LAUD,NON,4406,19:34,IC SRO,ST GERMAIN DES FOSSES,JOURNTELYN,FRSGF,15:28,FRACL
3115,2023-08-15,ANGERS ST LAUD,NON,4406,16:31,IC SRO,ST PIERRE DES CORPS,JOURNTELYN,FRXSH,15:28,FRACL
3116,2023-08-15,SAUMUR,NON,4406,16:31,IC SRO,ST PIERRE DES CORPS,JOURNTELYN,FRXSH,15:53,FRACN
3117,2023-08-15,BOURGES,NON,4406,18:35,IC SRO,NEVERS,JOURNTELYN,FRNVS,17:59,FRBOU
3118,2023-08-15,ROANNE,NON,4406,21:30,IC SRO,LYON (intramuros),JOURNTELYN,FRLPE,20:15,FRRNE
3119,2023-08-15,MOULINS SUR ALLIER,NON,4406,20:13,IC SRO,ROANNE,JOURNTELYN,FRRNE,19:14,FRXMU
3120,2023-08-15,NEVERS,OUI,5959,16:17,IC ARO,RIOM CHATEL GUYON,PACLERMONT,FRRIO,14:59,FRNVS
3121,2023-08-15,NEVERS,OUI,5959,15:55,IC ARO,VICHY,PACLERMONT,FRVHY,14:59,FRNVS
3122,2023-08-15,PARIS (intramuros),OUI,5959,16:29,IC ARO,CLERMONT FERRAND,PACLERMONT,FRCFE,13:00,FRPBE
3123,2023-08-15,PARIS (intramuros),OUI,5959,16:17,IC ARO,RIOM CHATEL GUYON,PACLERMONT,FRRIO,13:00,FRPBE
3124,2023-08-15,RIOM CHATEL GUYON,OUI,5959,16:29,IC ARO,CLERMONT FERRAND,PACLERMONT,FRCFE,16:19,FRRIO
3125,2023-08-15,VICHY,OUI,5959,16:17,IC ARO,RIOM CHATEL GUYON,PACLERMONT,FRRIO,15:57,FRVHY
3126,2023-08-15,MOULINS SUR ALLIER,OUI,5959,15:55,IC ARO,VICHY,PACLERMONT,FRVHY,15:30,FRXMU
3127,2023-08-15,PARIS (intramuros),OUI,8093,20:44,ATLANTIQUE,DOL DE BRETAGNE,PARISBRETA,FRDOL,18:11,FRPMO
3128,2023-08-15,RENNES,OUI,8093,20:44,ATLANTIQUE,DOL DE BRETAGNE,PARISBRETA,FRDOL,20:14,FRRNS
3129,2023-08-15,LORIENT,NON,8732,20:24,ATLANTIQUE,PARIS (intramuros),BRETAPARIS,FRPMO,17:31,FRLRT
3130,2023-08-15,QUIMPER,OUI,8732,17:28,ATLANTIQUE,LORIENT,BRETAPARIS,FRLRT,16:56,FRUIP
3131,2023-08-15,QUIMPER,NON,8732,20:24,ATLANTIQUE,PARIS (intramuros),BRETAPARIS,FRPMO,16:56,FRUIP
3132,2023-08-15,CHAMPAGNE-ARDENNE,OUI,2785,20:52,EST,VITRY LE FRANCOIS GARE,PABARSED,FRBFO,20:11,FREAH
3133,2023-08-15,MODANE,NON,9249,19:23,INTERNATIONAL,OULX CESANA CLAV SESTRIERE,PAITALIE,ITOCS,18:55,FRAGR
3134,2023-08-15,ST JEAN DE MAURIENNE ARVAN,NON,9249,18:49,INTERNATIONAL,MODANE,PAITALIE,FRAGR,18:25,FRHPN
3135,2023-08-15,PARIS (intramuros),NON,9249,18:24,INTERNATIONAL,ST JEAN DE MAURIENNE ARVAN,PAITALIE,FRHPN,14:46,FRPLY
3136,2023-08-15,LAUSANNE,NON,9756,08:41,INTERNATIONAL,GENEVE,GENEVEMED,CHGVA,07:45,CHAJF
3137,2023-08-15,AIX EN PROVENCE TGV,NON,9756,12:11,INTERNATIONAL,MARSEILLE ST CHARLES,GENEVEMED,FRMSC,11:58,FRAIE
3138,2023-08-15,AVIGNON TGV,NON,9756,12:11,INTERNATIONAL,MARSEILLE ST CHARLES,GENEVEMED,FRMSC,11:36,FRAVG
3139,2023-08-15,LYON (intramuros),NON,9756,11:55,INTERNATIONAL,AIX EN PROVENCE TGV,GENEVEMED,FRAIE,10:28,FRLPD
3140,2023-08-15,BELLEGARDE,NON,9756,11:33,INTERNATIONAL,AVIGNON TGV,GENEVEMED,FRAVG,09:12,FRXBF
3141,2023-08-15,TOURS,OUI,8324,22:33,ATLANTIQUE,PARIS (intramuros),ROCHELLEPA,FRPMO,21:16,FRAFW
3142,2023-08-15,POITIERS,OUI,8495,23:15,ATLANTIQUE,LIBOURNE,PASUDOUEST,FRXLR,21:54,FRPIS
3143,2023-08-15,LA BAULE ESCOUBLAC,OUI,8926,17:59,ATLANTIQUE,NANTES,LOIREPARIS,FRNTE,17:07,FRJEE
3144,2023-08-15,LA BAULE ESCOUBLAC,NON,8926,20:29,ATLANTIQUE,PARIS (intramuros),LOIREPARIS,FRPMO,17:07,FRJEE
3145,2023-08-15,NANTES,NON,8926,19:04,ATLANTIQUE,SABLE SUR SARTHE,LOIREPARIS,FRSAB,18:05,FRNTE
3146,2023-08-15,VALENCE TGV RHONE-ALPES SUD,NON,6227,23:04,SUD EST,MONTPELLIER SUD DE FRANCE,PALANG,FRSUF,22:05,FRVLA
3147,2023-08-15,PARIS (intramuros),NON,6051,14:36,SUD EST,NIMES PONT DU GARD,PALANG,FRXZP,11:46,FRPLY
3148,2023-08-15,MACON LOCHE TGV,OUI,6621,18:03,SUD EST,LYON (intramuros),PARISRHONE,FRLPD,17:32,FRMLT
3149,2023-08-15,LE CREUSOT MONTCEAU MONTCHANIN,OUI,6621,18:03,SUD EST,LYON (intramuros),PARISRHONE,FRLPD,17:11,FRXCC
3150,2023-08-15,MEUSE TGV,NON,2540,13:55,EST,CHAMPAGNE-ARDENNE,NANCYPA,FREAH,13:32,FREAJ
3151,2023-08-15,NANCY,NON,2540,13:55,EST,CHAMPAGNE-ARDENNE,NANCYPA,FREAH,12:55,FRENC
3152,2023-08-15,LE MANS,NON,5460,21:04,EST,STRASBOURG,JCATLEST,FRAEG,16:57,FRAET
3153,2023-08-15,LE MANS,NON,5460,19:29,EST,CHAMPAGNE-ARDENNE,JCATLEST,FREAH,16:57,FRAET
3154,2023-08-15,MARNE LA VALLEE CHESSY,NON,5460,19:29,EST,CHAMPAGNE-ARDENNE,JCATLEST,FREAH,18:28,FRMLV
3155,2023-08-15,AEROPORT CDG2 TGV ROISSY,OUI,5460,21:04,EST,STRASBOURG,JCATLEST,FRAEG,18:53,FRMLW
3156,2023-08-15,RENNES,NON,5460,21:04,EST,STRASBOURG,JCATLEST,FRAEG,16:03,FRRNS
3157,2023-08-15,RENNES,NON,5460,20:25,EST,LORRAINE TGV,JCATLEST,FREAM,16:03,FRRNS
3158,2023-08-15,RENNES,NON,5460,20:00,EST,MEUSE TGV,JCATLEST,FREAJ,16:03,FRRNS
3159,2023-08-15,CLERMONT FERRAND,OUI,5982,18:04,IC ARO,VICHY,CLERMONTPA,FRVHY,17:31,FRCFE
3160,2023-08-15,CLERMONT FERRAND,OUI,5982,18:29,IC ARO,MOULINS SUR ALLIER,CLERMONTPA,FRXMU,17:31,FRCFE
3161,2023-08-15,RIOM CHATEL GUYON,OUI,5982,18:04,IC ARO,VICHY,CLERMONTPA,FRVHY,17:42,FRRIO
3162,2023-08-15,RIOM CHATEL GUYON,OUI,5982,18:29,IC ARO,MOULINS SUR ALLIER,CLERMONTPA,FRXMU,17:42,FRRIO
3163,2023-08-15,VICHY,OUI,5982,20:57,IC ARO,PARIS (intramuros),CLERMONTPA,FRPBE,18:06,FRVHY
3164,2023-08-15,MOULINS SUR ALLIER,OUI,5982,20:57,IC ARO,PARIS (intramuros),CLERMONTPA,FRPBE,18:31,FRXMU
3165,2023-08-15,ANGERS ST LAUD,NON,4402,11:26,IC SRO,ST GERMAIN DES FOSSES,JOURNTELYN,FRSGF,07:10,FRACL
3166,2023-08-15,ANGERS ST LAUD,NON,4402,09:15,IC SRO,VIERZON VILLE,JOURNTELYN,FRXVZ,07:10,FRACL
3167,2023-08-15,SAUMUR,NON,4402,09:44,IC SRO,BOURGES,JOURNTELYN,FRBOU,07:32,FRACN
3168,2023-08-15,SAUMUR,NON,4402,10:23,IC SRO,NEVERS,JOURNTELYN,FRNVS,07:32,FRACN
3169,2023-08-15,SAUMUR,NON,4402,11:26,IC SRO,ST GERMAIN DES FOSSES,JOURNTELYN,FRSGF,07:32,FRACN
3170,2023-08-15,SAUMUR,NON,4402,08:05,IC SRO,ST PIERRE DES CORPS,JOURNTELYN,FRXSH,07:32,FRACN
3171,2023-08-15,BOURGES,NON,4402,13:10,IC SRO,LYON (intramuros),JOURNTELYN,FRLPD,09:46,FRBOU
3172,2023-08-15,NANTES,NON,4402,13:22,IC SRO,LYON (intramuros),JOURNTELYN,FRLPE,06:26,FRNTE
3173,2023-08-15,NANTES,NON,4402,10:23,IC SRO,NEVERS,JOURNTELYN,FRNVS,06:26,FRNTE
3174,2023-08-15,NEVERS,NON,4402,12:05,IC SRO,ROANNE,JOURNTELYN,FRRNE,10:37,FRNVS
3175,2023-08-15,ST PIERRE DES CORPS,NON,4402,11:05,IC SRO,MOULINS SUR ALLIER,JOURNTELYN,FRXMU,08:09,FRXSH
3176,2023-08-15,VIERZON VILLE,NON,4402,09:44,IC SRO,BOURGES,JOURNTELYN,FRBOU,09:19,FRXVZ
3177,2023-08-15,VIERZON VILLE,NON,4402,12:05,IC SRO,ROANNE,JOURNTELYN,FRRNE,09:19,FRXVZ
3178,2023-08-15,FRANKFURT MAIN HBF,NON,9556,10:21,INTERNATIONAL,KAISERSLAUTERN HBF,FRANCPA,DEKLT,08:56,DEFRH
3179,2023-08-15,FRANKFURT MAIN HBF,NON,9556,09:39,INTERNATIONAL,MANNHEIM HBF,FRANCPA,DEMHG,08:56,DEFRH
3180,2023-08-15,FRANKFURT MAIN HBF,NON,9556,11:00,INTERNATIONAL,SARREBRUCK/SAARBRUECKEN,FRANCPA,DESBK,08:56,DEFRH
3181,2023-08-15,SARREBRUCK/SAARBRUECKEN,NON,9556,12:53,INTERNATIONAL,PARIS (intramuros),FRANCPA,FRPST,11:01,DESBK
3182,2023-08-15,ORTHEZ,NON,14140,08:36,IC SRO,LOURDES,SUDOUEST,FRLDE,07:47,FRGFI
3183,2023-08-15,ORTHEZ,NON,14140,08:52,IC SRO,TARBES,SUDOUEST,FRXTB,07:47,FRGFI
3184,2023-08-15,LOURDES,NON,14140,08:52,IC SRO,TARBES,SUDOUEST,FRXTB,08:39,FRLDE
3185,2023-08-15,LOURDES,NON,14140,10:30,IC SRO,TOULOUSE MATABIAU,SUDOUEST,FRXYT,08:39,FRLDE
3186,2023-08-15,TARBES,NON,14140,10:30,IC SRO,TOULOUSE MATABIAU,SUDOUEST,FRXYT,08:55,FRXTB
3187,2023-08-15,LYON (intramuros),NON,5192,19:44,NORD,LILLE (intramuros),JCSUDNORD,FRADJ,16:00,FRLPD
3188,2023-08-15,LYON (intramuros),NON,5192,19:14,NORD,DOUAI,JCSUDNORD,FRXDN,16:00,FRLPD
3189,2023-08-15,MARNE LA VALLEE CHESSY,NON,5192,19:44,NORD,LILLE (intramuros),JCSUDNORD,FRADJ,17:51,FRMLV
3190,2023-08-15,AEROPORT CDG2 TGV ROISSY,OUI,5192,18:56,NORD,ARRAS,JCSUDNORD,FRQRV,18:07,FRMLW
3191,2023-08-15,AEROPORT CDG2 TGV ROISSY,OUI,5192,18:34,NORD,TGV HAUTE PICARDIE,JCSUDNORD,FRTHP,18:07,FRMLW
3192,2023-08-15,DIJON VILLE,NON,2203,09:54,EST,CHALON SUR SAONE,JCRHINRHON,FRXCD,09:21,FRABA
3193,2023-08-15,STRASBOURG,OUI,2203,09:11,EST,DIJON VILLE,JCRHINRHON,FRABA,06:47,FRAEG
3194,2023-08-15,STRASBOURG,OUI,2203,07:48,EST,MULHOUSE VILLE,JCRHINRHON,FRAEK,06:47,FRAEG
3195,2023-08-15,STRASBOURG,NON,2203,12:54,EST,MONTPELLIER SAINT-ROCH,JCRHINRHON,FRMPL,06:47,FRAEG
3196,2023-08-15,STRASBOURG,OUI,2203,08:38,EST,BESANCON - F COMTE TGV,JCRHINRHON,FRTJB,06:47,FRAEG
3197,2023-08-15,MULHOUSE VILLE,NON,2203,12:24,EST,NIMES,JCRHINRHON,FRFNI,07:52,FRAEK
3198,2023-08-15,MULHOUSE VILLE,NON,2203,10:56,EST,LYON (intramuros),JCRHINRHON,FRLPD,07:52,FRAEK
3199,2023-08-15,MULHOUSE VILLE,NON,2203,12:54,EST,MONTPELLIER SAINT-ROCH,JCRHINRHON,FRMPL,07:52,FRAEK
3200,2023-08-15,NIMES,OUI,2203,12:54,EST,MONTPELLIER SAINT-ROCH,JCRHINRHON,FRMPL,12:27,FRFNI
3201,2023-08-15,LYON (intramuros),NON,2203,12:24,EST,NIMES,JCRHINRHON,FRFNI,11:02,FRLPD
3202,2023-08-15,CHALON SUR SAONE,NON,2203,12:54,EST,MONTPELLIER SAINT-ROCH,JCRHINRHON,FRMPL,09:56,FRXCD
3203,2023-08-15,PAU,NON,14157,21:04,IC SRO,BAYONNE,SUDOUEST,FRXBY,19:53,FRAEE
3204,2023-08-15,LOURDES,NON,14157,21:49,IC SRO,HENDAYE,SUDOUEST,FRAEF,19:24,FRLDE
3205,2023-08-15,LOURDES,NON,14157,21:36,IC SRO,ST JEAN DE LUZ CIBOURE,SUDOUEST,FRXJZ,19:24,FRLDE
3206,2023-08-15,LANNEMEZAN,NON,14157,19:50,IC SRO,PAU,SUDOUEST,FRAEE,18:42,FRLNZ
3207,2023-08-15,LANNEMEZAN,NON,14157,19:21,IC SRO,LOURDES,SUDOUEST,FRLDE,18:42,FRLNZ
3208,2023-08-15,BAYONNE,NON,14157,21:49,IC SRO,HENDAYE,SUDOUEST,FRAEF,21:14,FRXBY
3209,2023-08-15,BAYONNE,NON,14157,21:22,IC SRO,BIARRITZ,SUDOUEST,FRBIQ,21:14,FRXBY
3210,2023-08-15,TARBES,NON,14157,20:13,IC SRO,ORTHEZ,SUDOUEST,FRGFI,19:08,FRXTB
3211,2023-08-15,TOULOUSE MATABIAU,NON,14157,21:49,IC SRO,HENDAYE,SUDOUEST,FRAEF,17:32,FRXYT
3212,2023-08-15,LANNEMEZAN,NON,14157,21:22,IC SRO,BIARRITZ,SUDOUEST,FRBIQ,18:42,FRLNZ
3213,2023-08-15,NICE VILLE,OUI,6168,16:28,SUD EST,CANNES,AZURPA,FRJCA,16:01,FRNIC
3214,2023-08-15,NICE VILLE,OUI,6168,17:44,SUD EST,TOULON,AZURPA,FRTLN,16:01,FRNIC
3215,2023-08-15,TOULON,NON,6168,18:33,SUD EST,MARSEILLE ST CHARLES,AZURPA,FRMSC,17:48,FRTLN
3216,2023-08-15,TOULON,NON,6168,21:50,SUD EST,PARIS (intramuros),AZURPA,FRPLY,17:48,FRTLN
3217,2023-08-15,ANTIBES,NON,6168,21:50,SUD EST,PARIS (intramuros),AZURPA,FRPLY,16:17,FRXAT
3218,2023-08-15,ST RAPHAEL VALESCURE,NON,6168,18:33,SUD EST,MARSEILLE ST CHARLES,AZURPA,FRMSC,16:58,FRXSK
3219,2023-08-15,MULHOUSE VILLE,NON,9219,20:26,INTERNATIONAL,ZUERICH HB,PABALZUR,CHAJD,19:06,FRAEK
3220,2023-08-15,ANGERS ST LAUD,NON,8931,21:55,ATLANTIQUE,LA BAULE ESCOUBLAC,PARISLOIRE,FRJEE,20:19,FRACL
3221,2023-08-15,ANGERS ST LAUD,NON,8931,20:59,ATLANTIQUE,NANTES,PARISLOIRE,FRNTE,20:19,FRACL
3222,2023-08-15,LA BAULE ESCOUBLAC,OUI,8931,22:08,ATLANTIQUE,LE CROISIC,PARISLOIRE,FREGU,21:59,FRJEE
3223,2023-08-15,NANTES,OUI,8931,21:55,ATLANTIQUE,LA BAULE ESCOUBLAC,PARISLOIRE,FRJEE,21:05,FRNTE
3224,2023-08-15,NANTES,OUI,8931,21:39,ATLANTIQUE,ST NAZAIRE,PARISLOIRE,FRSNR,21:05,FRNTE
3225,2023-08-15,PARIS (intramuros),NON,8931,22:08,ATLANTIQUE,LE CROISIC,PARISLOIRE,FREGU,18:48,FRPMO
3226,2023-08-15,SABLE SUR SARTHE,NON,8931,21:55,ATLANTIQUE,LA BAULE ESCOUBLAC,PARISLOIRE,FRJEE,19:56,FRSAB
3227,2023-08-15,ST NAZAIRE,OUI,8931,22:08,ATLANTIQUE,LE CROISIC,PARISLOIRE,FREGU,21:42,FRSNR
3228,2023-08-15,UZERCHE,OUI,3617,12:04,IC ARO,BRIVE LA GAILLARDE,PALITO,FRBVE,11:37,FRAAW
3229,2023-08-15,ARGENTON SUR CREUSE,OUI,3617,10:56,IC ARO,LIMOGES BENEDICTINS,PALITO,FRAGQ,09:59,FRFMT
3230,2023-08-15,PERPIGNAN,NON,9706,20:51,SUD EST,VALENCE TGV RHONE-ALPES SUD,BARCELONEPA,FRVLA,18:04,FRPGF
3231,2023-08-15,PERPIGNAN,NON,9706,19:27,SUD EST,SETE,BARCELONEPA,FRXSY,18:04,FRPGF
3232,2023-08-15,AGDE,NON,9706,23:05,SUD EST,PARIS (intramuros),BARCELONEPA,FRPLY,19:14,FRXAG
3233,2023-08-15,AGDE,NON,9706,20:51,SUD EST,VALENCE TGV RHONE-ALPES SUD,BARCELONEPA,FRVLA,19:14,FRXAG
3234,2023-08-15,AGDE,NON,9706,19:47,SUD EST,MONTPELLIER SUD DE FRANCE,BARCELONEPA,FRSUF,19:14,FRXAG
3235,2023-08-15,PERPIGNAN,NON,9706,19:47,SUD EST,MONTPELLIER SUD DE FRANCE,BARCELONEPA,FRSUF,18:04,FRPGF
3236,2023-08-15,BEZIERS,NON,9706,20:10,SUD EST,NIMES PONT DU GARD,BARCELONEPA,FRXZP,19:00,FRBZR
3237,2023-08-15,SETE,NON,9706,20:10,SUD EST,NIMES PONT DU GARD,BARCELONEPA,FRXZP,19:30,FRXSY
3238,2023-08-15,BARCELONA SANTS,NON,9706,17:32,SUD EST,PERPIGNAN,BARCELONEPA,FRPGF,16:10,ESBST
3239,2023-08-15,GIRONA,NON,9706,17:32,SUD EST,PERPIGNAN,BARCELONEPA,FRPGF,16:51,ESGRO
3240,2023-08-15,FIGUERES VILA TGV,NON,9706,18:57,SUD EST,BEZIERS,BARCELONEPA,FRBZR,17:08,ESFIR
3241,2023-08-15,UZERCHE,NON,3684,20:08,IC ARO,CHATEAUROUX,TOULOUZECO,FRCHR,18:11,FRAAW
3242,2023-08-15,UZERCHE,NON,3684,20:25,IC ARO,ISSOUDUN,TOULOUZECO,FRFMN,18:11,FRAAW
3243,2023-08-15,UZERCHE,NON,3684,20:46,IC ARO,VIERZON VILLE,TOULOUZECO,FRXVZ,18:11,FRAAW
3244,2023-08-15,LIMOGES BENEDICTINS,NON,3684,22:19,IC ARO,PARIS (intramuros),TOULOUZECO,FRPAZ,18:51,FRAGQ
3245,2023-08-15,ISSOUDUN,NON,3684,20:46,IC ARO,VIERZON VILLE,TOULOUZECO,FRXVZ,20:26,FRFMN
3246,2023-08-15,LA SOUTERRAINE,NON,3684,20:08,IC ARO,CHATEAUROUX,TOULOUZECO,FRCHR,19:29,FRLST
3247,2023-08-15,LA SOUTERRAINE,NON,3684,20:25,IC ARO,ISSOUDUN,TOULOUZECO,FRFMN,19:29,FRLST
3248,2023-08-15,LA SOUTERRAINE,NON,3684,20:46,IC ARO,VIERZON VILLE,TOULOUZECO,FRXVZ,19:29,FRLST
3249,2023-08-15,AIX EN PROVENCE TGV,NON,6120,14:37,SUD EST,AVIGNON TGV,PROVENCEPA,FRAVG,14:18,FRAIE
3250,2023-08-15,AIX EN PROVENCE TGV,NON,6120,17:30,SUD EST,PARIS (intramuros),PROVENCEPA,FRPLY,14:18,FRAIE
3251,2023-08-15,MARSEILLE ST CHARLES,OUI,6120,14:15,SUD EST,AIX EN PROVENCE TGV,PROVENCEPA,FRAIE,14:04,FRMSC
3252,2023-08-15,LYON (intramuros),NON,6696,19:34,SUD EST,PARIS (intramuros),RHONEPARIS,FRPLY,17:38,FRLPD
3253,2023-08-15,SARREBRUCK/SAARBRUECKEN,NON,9553,16:59,INTERNATIONAL,FRANKFURT MAIN HBF,PAFRANC,DEFRH,14:59,DESBK
3254,2023-08-15,PARIS (intramuros),NON,9553,14:57,INTERNATIONAL,SARREBRUCK/SAARBRUECKEN,PAFRANC,DESBK,13:10,FRPST
3255,2023-08-15,MASSY TGV,NON,5338,21:30,SUD EST,LYON (intramuros),JCATLSUD,FRLPD,19:26,FRDJU
3256,2023-08-15,PERPIGNAN,OUI,6258,13:55,SUD EST,BEZIERS,LANGPA,FRBZR,13:04,FRPGF
3257,2023-08-15,NARBONNE,NON,6258,14:43,SUD EST,MONTPELLIER SUD DE FRANCE,LANGPA,FRSUF,13:42,FRXNA
3258,2023-08-15,DIJON VILLE,NON,2239,16:39,EST,BEAUNE,JCRHINRHON,FRXBV,16:20,FRABA
3259,2023-08-15,COLMAR,NON,2239,19:31,EST,AIX EN PROVENCE TGV,JCRHINRHON,FRAIE,14:05,FRAEJ
3260,2023-08-15,COLMAR,NON,2239,19:45,EST,MARSEILLE ST CHARLES,JCRHINRHON,FRMSC,14:05,FRAEJ
3261,2023-08-15,COLMAR,NON,2239,15:29,EST,BESANCON - F COMTE TGV,JCRHINRHON,FRTJB,14:05,FRAEJ
3262,2023-08-15,AIX EN PROVENCE TGV,NON,2239,22:30,EST,NICE VILLE,JCRHINRHON,FRNIC,19:33,FRAIE
3263,2023-08-15,AIX EN PROVENCE TGV,NON,2239,21:17,EST,LES ARCS DRAGUIGNAN,JCRHINRHON,FRXRS,19:33,FRAIE
3264,2023-08-15,AVIGNON TGV,NON,2239,19:31,EST,AIX EN PROVENCE TGV,JCRHINRHON,FRAIE,19:12,FRAVG
3265,2023-08-15,AVIGNON TGV,NON,2239,19:45,EST,MARSEILLE ST CHARLES,JCRHINRHON,FRMSC,19:12,FRAVG
3266,2023-08-15,AVIGNON TGV,NON,2239,22:30,EST,NICE VILLE,JCRHINRHON,FRNIC,19:12,FRAVG
3267,2023-08-15,AVIGNON TGV,NON,2239,22:11,EST,ANTIBES,JCRHINRHON,FRXAT,19:12,FRAVG
3268,2023-08-15,AVIGNON TGV,NON,2239,21:17,EST,LES ARCS DRAGUIGNAN,JCRHINRHON,FRXRS,19:12,FRAVG
3269,2023-08-15,CANNES,OUI,2239,22:30,EST,NICE VILLE,JCRHINRHON,FRNIC,22:03,FRJCA
3270,2023-08-15,LYON (intramuros),NON,2239,19:31,EST,AIX EN PROVENCE TGV,JCRHINRHON,FRAIE,18:04,FRLPD
3271,2023-08-15,LYON (intramuros),NON,2239,19:10,EST,AVIGNON TGV,JCRHINRHON,FRAVG,18:04,FRLPD
3272,2023-08-15,LYON (intramuros),NON,2239,21:59,EST,CANNES,JCRHINRHON,FRJCA,18:04,FRLPD
3273,2023-08-15,LYON (intramuros),NON,2239,22:30,EST,NICE VILLE,JCRHINRHON,FRNIC,18:04,FRLPD
3274,2023-08-15,LYON (intramuros),NON,2239,22:11,EST,ANTIBES,JCRHINRHON,FRXAT,18:04,FRLPD
3275,2023-08-15,LYON (intramuros),NON,2239,21:17,EST,LES ARCS DRAGUIGNAN,JCRHINRHON,FRXRS,18:04,FRLPD
3276,2023-08-15,BELFORT-MONTBELIARD TGV,NON,2239,15:29,EST,BESANCON - F COMTE TGV,JCRHINRHON,FRTJB,15:06,FRTJA
3277,2023-08-15,BESANCON - F COMTE TGV,NON,2239,19:31,EST,AIX EN PROVENCE TGV,JCRHINRHON,FRAIE,15:36,FRTJB
3278,2023-08-15,TOULON,OUI,2239,21:59,EST,CANNES,JCRHINRHON,FRJCA,20:45,FRTLN
3279,2023-08-15,BEAUNE,NON,2239,19:10,EST,AVIGNON TGV,JCRHINRHON,FRAVG,16:42,FRXBV
3280,2023-08-15,BEAUNE,NON,2239,22:30,EST,NICE VILLE,JCRHINRHON,FRNIC,16:42,FRXBV
3281,2023-08-15,LES ARCS DRAGUIGNAN,OUI,2239,22:30,EST,NICE VILLE,JCRHINRHON,FRNIC,21:20,FRXRS
3282,2023-08-15,LES ARCS DRAGUIGNAN,OUI,2239,21:34,EST,ST RAPHAEL VALESCURE,JCRHINRHON,FRXSK,21:20,FRXRS
3283,2023-08-15,BELFORT-MONTBELIARD TGV,NON,2239,22:11,EST,ANTIBES,JCRHINRHON,FRXAT,15:06,FRTJA
3284,2023-08-15,BESANCON - F COMTE TGV,NON,2239,22:11,EST,ANTIBES,JCRHINRHON,FRXAT,15:36,FRTJB
3285,2023-08-15,BELFORT-MONTBELIARD TGV,NON,2239,21:59,EST,CANNES,JCRHINRHON,FRJCA,15:06,FRTJA
3286,2023-08-15,BELFORT-MONTBELIARD TGV,NON,2239,22:30,EST,NICE VILLE,JCRHINRHON,FRNIC,15:06,FRTJA
3287,2023-08-15,STRASBOURG,NON,2239,16:39,EST,BEAUNE,JCRHINRHON,FRXBV,13:37,FRAEG
3288,2023-08-15,COLMAR,NON,2239,16:39,EST,BEAUNE,JCRHINRHON,FRXBV,14:05,FRAEJ
3289,2023-08-15,VENDOME VILLIERS SUR LOIR,OUI,8314,13:33,ATLANTIQUE,PARIS (intramuros),ROCHELLEPA,FRPMO,12:46,FRESL
3290,2023-08-15,LYON (intramuros),OUI,6608,08:46,SUD EST,LE CREUSOT MONTCEAU MONTCHANIN,RHONEPARIS,FRXCC,08:04,FRLPD
3291,2023-08-15,LYON (intramuros),OUI,6608,08:46,SUD EST,LE CREUSOT MONTCEAU MONTCHANIN,RHONEPARIS,FRXCC,07:50,FRLPE
3292,2023-08-15,ANGOULEME,NON,5444,14:16,EST,POITIERS,JCATLEST,FRPIS,13:36,FRANG
3293,2023-08-15,ANGOULEME,NON,5444,14:50,EST,ST PIERRE DES CORPS,JCATLEST,FRXSH,13:36,FRANG
3294,2023-08-15,BORDEAUX ST JEAN,NON,5444,18:37,EST,STRASBOURG,JCATLEST,FRAEG,12:58,FRBOJ
3295,2023-08-15,MASSY TGV,NON,5444,17:04,EST,CHAMPAGNE-ARDENNE,JCATLEST,FREAH,15:55,FRDJU
3296,2023-08-15,MASSY TGV,NON,5444,16:27,EST,MARNE LA VALLEE CHESSY,JCATLEST,FRMLV,15:55,FRDJU
3297,2023-08-15,POITIERS,NON,5444,17:52,EST,LORRAINE TGV,JCATLEST,FREAM,14:19,FRPIS
3298,2023-08-15,POITIERS,NON,5444,16:27,EST,MARNE LA VALLEE CHESSY,JCATLEST,FRMLV,14:19,FRPIS
3299,2023-08-15,ST PIERRE DES CORPS,NON,5444,17:04,EST,CHAMPAGNE-ARDENNE,JCATLEST,FREAH,14:54,FRXSH
3300,2023-08-15,ST PIERRE DES CORPS,NON,5444,17:31,EST,MEUSE TGV,JCATLEST,FREAJ,14:54,FRXSH
3301,2023-08-15,MANNHEIM HBF,NON,9552,16:54,INTERNATIONAL,PARIS (intramuros),FRANCPA,FRPST,13:42,DEMHG
3302,2023-08-15,MARSEILLE ST CHARLES,OUI,5054,06:46,NORD,AIX EN PROVENCE TGV,JCSUDNORD,FRAIE,06:33,FRMSC
3303,2023-08-15,NICE VILLE,OUI,6188,08:24,SUD EST,CANNES,AZURPA,FRJCA,07:57,FRNIC
3304,2023-08-15,NICE VILLE,NON,6188,13:50,SUD EST,PARIS (intramuros),AZURPA,FRPLY,07:57,FRNIC
3305,2023-08-15,ANTIBES,NON,6188,13:50,SUD EST,PARIS (intramuros),AZURPA,FRPLY,08:14,FRXAT
3306,2023-08-15,ST RAPHAEL VALESCURE,NON,6188,13:50,SUD EST,PARIS (intramuros),AZURPA,FRPLY,08:53,FRXSK
3307,2023-08-15,ST RAPHAEL VALESCURE,OUI,6188,09:44,SUD EST,TOULON,AZURPA,FRTLN,08:53,FRXSK
3308,2023-08-15,LYON (intramuros),OUI,6611,13:10,SUD EST,LYON (intramuros),PARISRHONE,FRLPE,13:02,FRLPD
3309,2023-08-15,BEZIERS,NON,4764,18:32,IC ARO,CARCASSONNE,TJOURSESO,FRCCF,17:47,FRBZR
3310,2023-08-15,NIMES,NON,4764,17:44,IC ARO,BEZIERS,TJOURSESO,FRBZR,16:38,FRFNI
3311,2023-08-15,NIMES,NON,4764,18:32,IC ARO,CARCASSONNE,TJOURSESO,FRCCF,16:38,FRFNI
3312,2023-08-15,MONTPELLIER SAINT-ROCH,NON,4764,18:32,IC ARO,CARCASSONNE,TJOURSESO,FRCCF,17:07,FRMPL
3313,2023-08-15,MONTPELLIER SAINT-ROCH,NON,4764,19:17,IC ARO,TOULOUSE MATABIAU,TJOURSESO,FRXYT,17:07,FRMPL
3314,2023-08-15,MARSEILLE ST CHARLES,NON,4764,18:32,IC ARO,CARCASSONNE,TJOURSESO,FRCCF,15:27,FRMSC
3315,2023-08-15,MARSEILLE ST CHARLES,NON,4764,17:03,IC ARO,MONTPELLIER SAINT-ROCH,TJOURSESO,FRMPL,15:27,FRMSC
3316,2023-08-15,NARBONNE,NON,4764,20:53,IC ARO,MARMANDE,TJOURSESO,FRXMR,18:04,FRXNA
3317,2023-08-15,NARBONNE,NON,4764,19:48,IC ARO,MONTAUBAN VILLE BOURBON,TJOURSESO,FRXMW,18:04,FRXNA
3318,2023-08-15,DIJON VILLE,OUI,2096,20:16,EST,BESANCON - F COMTE TGV,JCRHONRHIN,FRTJB,19:49,FRABA
3319,2023-08-15,AIX EN PROVENCE TGV,NON,2096,22:07,EST,STRASBOURG,JCRHONRHIN,FRAEG,16:11,FRAIE
3320,2023-08-15,AVIGNON TGV,NON,2096,21:09,EST,MULHOUSE VILLE,JCRHONRHIN,FRAEK,16:33,FRAVG
3321,2023-08-15,AVIGNON TGV,NON,2096,17:51,EST,LYON (intramuros),JCRHONRHIN,FRLPD,16:33,FRAVG
3322,2023-08-15,AVIGNON TGV,NON,2096,20:16,EST,BESANCON - F COMTE TGV,JCRHONRHIN,FRTJB,16:33,FRAVG
3323,2023-08-15,LYON (intramuros),NON,2096,19:39,EST,DIJON VILLE,JCRHONRHIN,FRABA,18:00,FRLPD
3324,2023-08-15,MARSEILLE ST CHARLES,NON,2096,17:51,EST,LYON (intramuros),JCRHONRHIN,FRLPD,15:56,FRMSC
3325,2023-08-15,BELFORT-MONTBELIARD TGV,OUI,2096,21:09,EST,MULHOUSE VILLE,JCRHONRHIN,FRAEK,20:45,FRTJA
3326,2023-08-15,BESANCON - F COMTE TGV,OUI,2096,22:07,EST,STRASBOURG,JCRHONRHIN,FRAEG,20:19,FRTJB
3327,2023-08-15,ANGERS ST LAUD,OUI,8913,13:03,ATLANTIQUE,LE CROISIC,PARISLOIRE,FREGU,11:16,FRACL
3328,2023-08-15,ANGERS ST LAUD,OUI,8913,12:50,ATLANTIQUE,LA BAULE ESCOUBLAC,PARISLOIRE,FRJEE,11:16,FRACL
3329,2023-08-15,LE MANS,OUI,8913,11:13,ATLANTIQUE,ANGERS ST LAUD,PARISLOIRE,FRACL,10:36,FRAET
3330,2023-08-15,LE MANS,OUI,8913,13:03,ATLANTIQUE,LE CROISIC,PARISLOIRE,FREGU,10:36,FRAET
3331,2023-08-15,LE MANS,OUI,8913,11:54,ATLANTIQUE,NANTES,PARISLOIRE,FRNTE,10:36,FRAET
3332,2023-08-15,NANTES,OUI,8913,12:33,ATLANTIQUE,ST NAZAIRE,PARISLOIRE,FRSNR,12:00,FRNTE
3333,2023-08-15,PARIS (intramuros),OUI,8913,13:03,ATLANTIQUE,LE CROISIC,PARISLOIRE,FREGU,09:36,FRPMO
3334,2023-08-15,PARIS (intramuros),OUI,8913,11:54,ATLANTIQUE,NANTES,PARISLOIRE,FRNTE,09:36,FRPMO
3335,2023-08-15,ST NAZAIRE,OUI,8913,13:03,ATLANTIQUE,LE CROISIC,PARISLOIRE,FREGU,12:36,FRSNR
3336,2023-08-15,ANGOULEME,NON,5260,10:40,NORD,LILLE (intramuros),JCAQUINORD,FRADJ,06:36,FRANG
3337,2023-08-15,ANGOULEME,NON,5260,08:49,NORD,MASSY TGV,JCAQUINORD,FRDJU,06:36,FRANG
3338,2023-08-15,ANGOULEME,OUI,5260,07:50,NORD,ST PIERRE DES CORPS,JCAQUINORD,FRXSH,06:36,FRANG
3339,2023-08-15,BORDEAUX ST JEAN,NON,5260,08:49,NORD,MASSY TGV,JCAQUINORD,FRDJU,05:58,FRBOJ
3340,2023-08-15,BORDEAUX ST JEAN,OUI,5260,07:50,NORD,ST PIERRE DES CORPS,JCAQUINORD,FRXSH,05:58,FRBOJ
3341,2023-08-15,POITIERS,NON,5260,10:40,NORD,LILLE (intramuros),JCAQUINORD,FRADJ,07:19,FRPIS
3342,2023-08-15,ST PIERRE DES CORPS,NON,5260,08:49,NORD,MASSY TGV,JCAQUINORD,FRDJU,07:54,FRXSH
3343,2023-08-15,BORDEAUX ST JEAN,OUI,8592,21:36,ATLANTIQUE,DAX,PASUDOUEST,FRACG,20:20,FRBOJ
3344,2023-08-15,BORDEAUX ST JEAN,OUI,8592,23:03,ATLANTIQUE,LOURDES,PASUDOUEST,FRLDE,20:20,FRBOJ
3345,2023-08-15,ORTHEZ,OUI,8592,22:35,ATLANTIQUE,PAU,PASUDOUEST,FRAEE,22:14,FRGFI
3346,2023-08-15,PARIS (intramuros),OUI,8592,22:12,ATLANTIQUE,ORTHEZ,PASUDOUEST,FRGFI,18:07,FRPMO
3347,2023-08-15,DOUAI,OUI,7124,16:08,NORD,PARIS (intramuros),ARRASPA,FRPNO,14:51,FRXDN
3348,2023-08-15,DIJON VILLE,NON,9277,21:37,INTERNATIONAL,LAUSANNE,PASUIS,CHAJF,19:33,FRABA
3349,2023-08-15,MOUCHARD,NON,9277,20:57,INTERNATIONAL,VALLORBE,PASUIS,CHAGL,20:15,FRMCD
3350,2023-08-15,ORTHEZ,OUI,8572,14:46,ATLANTIQUE,PAU,PASUDOUEST,FRAEE,14:18,FRGFI
3351,2023-08-15,ORTHEZ,OUI,8572,15:16,ATLANTIQUE,LOURDES,PASUDOUEST,FRLDE,14:18,FRGFI
3352,2023-08-15,LES SABLES D'OLONNE,NON,8988,21:41,ATLANTIQUE,ANGERS ST LAUD,LOIREPARIS,FRACL,19:44,FRLSO
3353,2023-08-15,LES SABLES D'OLONNE,OUI,8988,20:08,ATLANTIQUE,LA ROCHE SUR YON,LOIREPARIS,FRXRO,19:44,FRLSO
3354,2023-08-15,NANTES,NON,8988,23:16,ATLANTIQUE,PARIS (intramuros),LOIREPARIS,FRPMO,21:03,FRNTE
3355,2023-08-15,LAUSANNE,NON,9768,10:21,INTERNATIONAL,GENEVE,GENEVEPA,CHGVA,09:45,CHAJF
3356,2023-08-15,BELLEGARDE,NON,9768,13:42,INTERNATIONAL,PARIS (intramuros),GENEVEPA,FRPLY,11:02,FRXBF
3357,2023-08-15,SURGERES,OUI,8375,12:22,ATLANTIQUE,LA ROCHELLE VILLE,PAROCHELLE,FRLRH,12:02,FREIP
3358,2023-08-15,ST MAIXENT DEUX SEVRES,OUI,8375,11:59,ATLANTIQUE,SURGERES,PAROCHELLE,FREIP,11:23,FREJC
3359,2023-08-15,NIORT,OUI,8375,11:59,ATLANTIQUE,SURGERES,PAROCHELLE,FREIP,11:41,FRNIT
3360,2023-08-15,NIORT,OUI,8375,12:22,ATLANTIQUE,LA ROCHELLE VILLE,PAROCHELLE,FRLRH,11:41,FRNIT
3361,2023-08-15,PARIS (intramuros),OUI,8375,10:50,ATLANTIQUE,POITIERS,PAROCHELLE,FRPIS,09:12,FRPMO
3362,2023-08-15,ST PIERRE DES CORPS,OUI,8375,11:38,ATLANTIQUE,NIORT,PAROCHELLE,FRNIT,10:16,FRXSH
3363,2023-08-15,DAX,OUI,8530,11:52,ATLANTIQUE,PARIS (intramuros),SUDOUESTPA,FRPMO,08:28,FRACG
3364,2023-08-15,HENDAYE,OUI,8530,11:52,ATLANTIQUE,PARIS (intramuros),SUDOUESTPA,FRPMO,07:12,FRAEF
3365,2023-08-15,BIARRITZ,OUI,8530,08:23,ATLANTIQUE,DAX,SUDOUESTPA,FRACG,07:39,FRBIQ
3366,2023-08-15,BORDEAUX ST JEAN,OUI,8530,11:52,ATLANTIQUE,PARIS (intramuros),SUDOUESTPA,FRPMO,09:46,FRBOJ
3367,2023-08-15,BAYONNE,OUI,8530,11:52,ATLANTIQUE,PARIS (intramuros),SUDOUESTPA,FRPMO,07:54,FRXBY
3368,2023-08-15,AIX EN PROVENCE TGV,NON,5386,16:22,SUD EST,LYON (intramuros),JCSUDATL,FRLPD,14:50,FRAIE
3369,2023-08-15,AIX EN PROVENCE TGV,NON,5386,20:32,SUD EST,RENNES,JCSUDATL,FRRNS,14:50,FRAIE
3370,2023-08-15,AVIGNON TGV,NON,5386,16:22,SUD EST,LYON (intramuros),JCSUDATL,FRLPD,15:15,FRAVG
3371,2023-08-15,MASSY TGV,NON,5386,20:05,SUD EST,LAVAL,JCSUDATL,FRACR,18:39,FRDJU
3372,2023-08-15,MASSY TGV,NON,5386,20:32,SUD EST,RENNES,JCSUDATL,FRRNS,18:39,FRDJU
3373,2023-08-15,LYON (intramuros),NON,5386,20:32,SUD EST,RENNES,JCSUDATL,FRRNS,16:30,FRLPD
3374,2023-08-15,LIMOGES BENEDICTINS,OUI,3619,13:44,IC ARO,GOURDON,PALITO,FRFSI,11:59,FRAGQ
3375,2023-08-15,BRIVE LA GAILLARDE,OUI,3619,14:38,IC ARO,CAUSSADE TARN ET GARONNE,PALITO,FRFTA,13:04,FRBVE
3376,2023-08-15,CHATEAUROUX,OUI,3619,14:38,IC ARO,CAUSSADE TARN ET GARONNE,PALITO,FRFTA,10:41,FRCHR
3377,2023-08-15,ARGENTON SUR CREUSE,OUI,3619,15:22,IC ARO,TOULOUSE MATABIAU,PALITO,FRXYT,10:57,FRFMT
3378,2023-08-15,GOURDON,OUI,3619,14:11,IC ARO,CAHORS,PALITO,FRZAO,13:46,FRFSI
3379,2023-08-15,LES AUBRAIS ORLEANS,OUI,3619,10:39,IC ARO,CHATEAUROUX,PALITO,FRCHR,09:29,FRLAB
3380,2023-08-15,LES AUBRAIS ORLEANS,OUI,3619,10:56,IC ARO,ARGENTON SUR CREUSE,PALITO,FRFMT,09:29,FRLAB
3381,2023-08-15,LES AUBRAIS ORLEANS,OUI,3619,11:20,IC ARO,LA SOUTERRAINE,PALITO,FRLST,09:29,FRLAB
3382,2023-08-15,LA SOUTERRAINE,OUI,3619,13:27,IC ARO,SOUILLAC,PALITO,FRSOU,11:22,FRLST
3383,2023-08-15,PARIS (intramuros),OUI,3619,10:39,IC ARO,CHATEAUROUX,PALITO,FRCHR,08:28,FRPAZ
3384,2023-08-15,PARIS (intramuros),OUI,3619,09:27,IC ARO,LES AUBRAIS ORLEANS,PALITO,FRLAB,08:28,FRPAZ
3385,2023-08-15,PARIS (intramuros),OUI,3619,15:22,IC ARO,TOULOUSE MATABIAU,PALITO,FRXYT,08:28,FRPAZ
3386,2023-08-15,SOUILLAC,OUI,3619,14:38,IC ARO,CAUSSADE TARN ET GARONNE,PALITO,FRFTA,13:29,FRSOU
3387,2023-08-15,SOUILLAC,OUI,3619,14:53,IC ARO,MONTAUBAN VILLE BOURBON,PALITO,FRXMW,13:29,FRSOU
3388,2023-08-15,VIERZON VILLE,OUI,3619,10:56,IC ARO,ARGENTON SUR CREUSE,PALITO,FRFMT,10:10,FRXVZ
3389,2023-08-15,VIERZON VILLE,OUI,3619,13:44,IC ARO,GOURDON,PALITO,FRFSI,10:10,FRXVZ
3390,2023-08-15,VIERZON VILLE,OUI,3619,14:11,IC ARO,CAHORS,PALITO,FRZAO,10:10,FRXVZ
3391,2023-08-15,LA SOUTERRAINE,OUI,3619,14:53,IC ARO,MONTAUBAN VILLE BOURBON,PALITO,FRXMW,11:22,FRLST
3392,2023-08-15,BORDEAUX ST JEAN,NON,8516,21:52,ATLANTIQUE,PARIS (intramuros),SUDOUESTPA,FRPMO,19:45,FRBOJ
3393,2023-08-15,MONTAUBAN VILLE BOURBON,NON,8516,21:52,ATLANTIQUE,PARIS (intramuros),SUDOUESTPA,FRPMO,17:57,FRXMW
3394,2023-08-15,LIMOGES BENEDICTINS,NON,3664,18:06,IC ARO,CHATEAUROUX,TOULOUZECO,FRCHR,16:56,FRAGQ
3395,2023-08-15,BRIVE LA GAILLARDE,OUI,3664,16:53,IC ARO,LIMOGES BENEDICTINS,TOULOUZECO,FRAGQ,15:54,FRBVE
3396,2023-08-15,BRIVE LA GAILLARDE,OUI,3664,17:25,IC ARO,LA SOUTERRAINE,TOULOUZECO,FRLST,15:54,FRBVE
3397,2023-08-15,CHATEAUROUX,NON,3664,20:32,IC ARO,PARIS (intramuros),TOULOUZECO,FRPAZ,18:08,FRCHR
3398,2023-08-15,LA SOUTERRAINE,NON,3664,18:06,IC ARO,CHATEAUROUX,TOULOUZECO,FRCHR,17:27,FRLST
3399,2023-08-15,AURAY,OUI,8724,15:14,ATLANTIQUE,VANNES,BRETAPARIS,FRVNE,15:04,FRXUY
3400,2023-08-15,REIMS,OUI,2756,19:31,EST,PARIS (intramuros),SEDBARPA,FRPST,18:45,FRRHE
3401,2023-08-15,LA SOUTERRAINE,OUI,3629,14:48,IC ARO,LIMOGES BENEDICTINS,PALITO,FRAGQ,14:14,FRLST
3402,2023-08-15,LA SOUTERRAINE,OUI,3629,15:51,IC ARO,BRIVE LA GAILLARDE,PALITO,FRBVE,14:14,FRLST
3403,2023-08-15,PARIS (intramuros),OUI,3629,13:00,IC ARO,VIERZON VILLE,PALITO,FRXVZ,11:29,FRPAZ
3404,2023-08-15,CHAMBERY CHALLES LES EAUX,NON,6978,19:14,SUD EST,PARIS (intramuros),ALPESPARIS,FRPLY,16:23,FRCMF
3405,2023-08-15,ANNECY,OUI,6978,15:56,SUD EST,AIX LES BAINS LE REVARD,ALPESPARIS,FRXAI,15:31,FRNCY
3406,2023-08-15,AIX EN PROVENCE TGV,NON,6801,10:47,SUD EST,ANTIBES,JCPROVSUD,FRXAT,08:03,FRAIE
3407,2023-08-15,LYON (intramuros),NON,6801,08:00,SUD EST,AIX EN PROVENCE TGV,JCPROVSUD,FRAIE,06:04,FRLPD
3408,2023-08-15,LYON (intramuros),NON,6801,07:35,SUD EST,AVIGNON TGV,JCPROVSUD,FRAVG,06:04,FRLPD
3409,2023-08-15,LYON (intramuros),NON,6801,10:06,SUD EST,ST RAPHAEL VALESCURE,JCPROVSUD,FRXSK,06:04,FRLPD
3410,2023-08-15,MARSEILLE ST CHARLES,OUI,6801,09:11,SUD EST,TOULON,JCPROVSUD,FRTLN,08:28,FRMSC
3411,2023-08-15,VALENCE TGV RHONE-ALPES SUD,NON,6801,08:14,SUD EST,MARSEILLE ST CHARLES,JCPROVSUD,FRMSC,07:00,FRVLA
3412,2023-08-15,LES ARCS DRAGUIGNAN,NON,6801,11:06,SUD EST,NICE VILLE,JCPROVSUD,FRNIC,09:52,FRXRS
3413,2023-08-15,AIX EN PROVENCE TGV,OUI,6123,20:56,SUD EST,MARSEILLE ST CHARLES,PAPROVENCE,FRMSC,20:44,FRAIE
3414,2023-08-15,STRASBOURG,NON,9573,13:26,INTERNATIONAL,KARLSRUHE HBF,PASTUTMUN,DEQKA,12:46,FRAEG
3415,2023-08-15,CLERMONT FERRAND,NON,5974,15:55,IC ARO,NEVERS,CLERMONTPA,FRNVS,14:28,FRCFE
3416,2023-08-15,MOULINS SUR ALLIER,NON,5974,15:55,IC ARO,NEVERS,CLERMONTPA,FRNVS,15:29,FRXMU
3417,2023-08-15,BIARRITZ,NON,8542,17:39,ATLANTIQUE,BORDEAUX ST JEAN,SUDOUESTPA,FRBOJ,15:32,FRBIQ
3418,2023-08-15,BIARRITZ,OUI,8542,15:44,ATLANTIQUE,BAYONNE,SUDOUESTPA,FRXBY,15:32,FRBIQ
3419,2023-08-15,ST JEAN DE LUZ CIBOURE,OUI,8542,15:29,ATLANTIQUE,BIARRITZ,SUDOUESTPA,FRBIQ,15:19,FRXJZ
3420,2023-08-15,ST JEAN DE LUZ CIBOURE,NON,8542,17:39,ATLANTIQUE,BORDEAUX ST JEAN,SUDOUESTPA,FRBOJ,15:19,FRXJZ
3421,2023-08-15,ST JEAN DE LUZ CIBOURE,OUI,8542,15:44,ATLANTIQUE,BAYONNE,SUDOUESTPA,FRXBY,15:19,FRXJZ
3422,2023-08-15,ANGERS ST LAUD,OUI,8977,16:46,ATLANTIQUE,LA ROCHE SUR YON,PARISLOIRE,FRXRO,15:19,FRACL
3423,2023-08-15,PARIS (intramuros),OUI,8977,15:15,ATLANTIQUE,ANGERS ST LAUD,PARISLOIRE,FRACL,13:32,FRPMO
3424,2023-08-15,SABLE SUR SARTHE,OUI,8977,15:15,ATLANTIQUE,ANGERS ST LAUD,PARISLOIRE,FRACL,14:54,FRSAB
3425,2023-08-15,SABLE SUR SARTHE,OUI,8977,16:46,ATLANTIQUE,LA ROCHE SUR YON,PARISLOIRE,FRXRO,14:54,FRSAB
3426,2023-08-15,KARLSRUHE HBF,NON,9560,20:42,INTERNATIONAL,PARIS (intramuros),FRANCPA,FRPST,18:05,DEQKA
3427,2023-08-15,LYON (intramuros),OUI,6692,09:34,SUD EST,PARIS (intramuros),RHONEPARIS,FRPLY,07:34,FRLPD
3428,2023-08-15,CLERMONT FERRAND,NON,15941,13:28,IC SRO,ISSOIRE,NORESTJOU,FRHLB,13:03,FRCFE
3429,2023-08-15,ISSOIRE,NON,15941,13:48,IC SRO,ARVANT,NORESTJOU,FRARV,13:29,FRHLB
3430,2023-08-15,ARVANT,NON,15941,14:08,IC SRO,MASSIAC BLESLE,NORESTJOU,FRHMY,13:49,FRARV
3431,2023-08-15,NEUSSARGUES,NON,15941,14:56,IC SRO,ST FLOUR CHAUDES AIGUES,NORESTJOU,FRIMW,14:36,FRNEU
3432,2023-08-15,CLERMONT FERRAND,NON,15941,18:57,IC SRO,BEDARIEUX,NORESTJOU,FRIMH,13:03,FRCFE
3433,2023-08-15,CLERMONT FERRAND,NON,15941,16:13,IC SRO,MARVEJOLS,NORESTJOU,FRINE,13:03,FRCFE
3434,2023-08-15,CLERMONT FERRAND,NON,15941,14:30,IC SRO,NEUSSARGUES,NORESTJOU,FRNEU,13:03,FRCFE
3435,2023-08-15,NEUSSARGUES,NON,15941,18:57,IC SRO,BEDARIEUX,NORESTJOU,FRIMH,14:36,FRNEU
3436,2023-08-15,CLERMONT FERRAND,NON,15941,14:56,IC SRO,ST FLOUR CHAUDES AIGUES,NORESTJOU,FRIMW,13:03,FRCFE
3437,2023-08-15,ST FLOUR CHAUDES AIGUES,NON,15941,19:32,IC SRO,BEZIERS,NORESTJOU,FRBZR,14:57,FRIMW
3438,2023-08-15,MARVEJOLS,NON,15941,19:32,IC SRO,BEZIERS,NORESTJOU,FRBZR,16:14,FRINE
3439,2023-08-15,BEDARIEUX,NON,15941,19:32,IC SRO,BEZIERS,NORESTJOU,FRBZR,18:58,FRIMH
3440,2023-08-15,BANASSAC LA CANOURGUE,NON,15941,19:32,IC SRO,BEZIERS,NORESTJOU,FRBZR,16:36,FRINH
3441,2023-08-15,ISSOIRE,NON,15941,19:32,IC SRO,BEZIERS,NORESTJOU,FRBZR,13:29,FRHLB
3442,2023-08-15,MILLAU,NON,15941,18:03,IC SRO,TOURNEMIRE ROQUEFORT,NORESTJOU,FRINO,17:38,FRMAU
3443,2023-08-15,ARVANT,NON,15941,16:13,IC SRO,MARVEJOLS,NORESTJOU,FRINE,13:49,FRARV
3444,2023-08-15,ARVANT,NON,15941,16:35,IC SRO,BANASSAC LA CANOURGUE,NORESTJOU,FRINH,13:49,FRARV
3445,2023-08-15,CLERMONT FERRAND,NON,15941,18:46,IC SRO,LE BOUSQUET D'ORB,NORESTJOU,FRIMG,13:03,FRCFE
3446,2023-08-15,MILLAU,NON,15941,18:27,IC SRO,CEILHES ROQUEREDONDE,NORESTJOU,FRIMC,17:38,FRMAU
3447,2023-08-15,BANASSAC LA CANOURGUE,NON,15941,17:01,IC SRO,SEVERAC LE CHATEAU,NORESTJOU,FRSVC,16:36,FRINH
3448,2023-08-15,CLERMONT FERRAND,NON,15941,17:55,IC SRO,ST ROME DE CERNON,NORESTJOU,FRINN,13:03,FRCFE
3449,2023-08-15,ST CHELY D'APCHER,NON,15941,17:01,IC SRO,SEVERAC LE CHATEAU,NORESTJOU,FRSVC,15:37,FRINB
3450,2023-08-15,SEVERAC LE CHATEAU,NON,15941,19:17,IC SRO,MAGALAS,NORESTJOU,FRIMK,17:02,FRSVC
3451,2023-08-15,ST FLOUR CHAUDES AIGUES,NON,15941,17:01,IC SRO,SEVERAC LE CHATEAU,NORESTJOU,FRSVC,14:57,FRIMW
3452,2023-08-15,ISSOIRE,NON,15941,17:35,IC SRO,MILLAU,NORESTJOU,FRMAU,13:29,FRHLB
3453,2023-08-15,ST FLOUR CHAUDES AIGUES,NON,15941,16:49,IC SRO,CAMPAGNAC ST GENIEZ,NORESTJOU,FRINJ,14:57,FRIMW
3454,2023-08-15,BRASSAC LES MINES STE FLORINE,NON,15941,14:30,IC SRO,NEUSSARGUES,NORESTJOU,FRNEU,13:43,FRHLE
3455,2023-08-15,NEUSSARGUES,NON,15941,17:55,IC SRO,ST ROME DE CERNON,NORESTJOU,FRINN,14:36,FRNEU
3456,2023-08-15,ST FLOUR CHAUDES AIGUES,NON,15941,18:57,IC SRO,BEDARIEUX,NORESTJOU,FRIMH,14:57,FRIMW
3457,2023-08-15,NEUSSARGUES,NON,15941,16:35,IC SRO,BANASSAC LA CANOURGUE,NORESTJOU,FRINH,14:36,FRNEU
3458,2023-08-15,MILLAU,NON,15941,18:46,IC SRO,LE BOUSQUET D'ORB,NORESTJOU,FRIMG,17:38,FRMAU
3459,2023-08-15,TOURNEMIRE ROQUEFORT,NON,15941,19:32,IC SRO,BEZIERS,NORESTJOU,FRBZR,18:04,FRINO
3460,2023-08-15,ST ROME DE CERNON,NON,15941,18:27,IC SRO,CEILHES ROQUEREDONDE,NORESTJOU,FRIMC,17:56,FRINN
3461,2023-08-15,ISSOIRE,NON,15941,16:13,IC SRO,MARVEJOLS,NORESTJOU,FRINE,13:29,FRHLB
3462,2023-08-15,TOURNEMIRE ROQUEFORT,NON,15941,18:57,IC SRO,BEDARIEUX,NORESTJOU,FRIMH,18:04,FRINO
3463,2023-08-15,LE BOUSQUET D'ORB,NON,15941,18:57,IC SRO,BEDARIEUX,NORESTJOU,FRIMH,18:47,FRIMG
3464,2023-08-15,ST CHELY D'APCHER,NON,15941,19:17,IC SRO,MAGALAS,NORESTJOU,FRIMK,15:37,FRINB
3465,2023-08-15,ARVANT,NON,15941,17:55,IC SRO,ST ROME DE CERNON,NORESTJOU,FRINN,13:49,FRARV
3466,2023-08-15,TOURNEMIRE ROQUEFORT,NON,15941,18:27,IC SRO,CEILHES ROQUEREDONDE,NORESTJOU,FRIMC,18:04,FRINO
3467,2023-08-15,BRASSAC LES MINES STE FLORINE,NON,15941,18:03,IC SRO,TOURNEMIRE ROQUEFORT,NORESTJOU,FRINO,13:43,FRHLE
3468,2023-08-15,ST GEORGES DE LUZENCON,NON,15941,17:55,IC SRO,ST ROME DE CERNON,NORESTJOU,FRINN,17:49,FRINM
3469,2023-08-15,ISSOIRE,NON,15941,18:46,IC SRO,LE BOUSQUET D'ORB,NORESTJOU,FRIMG,13:29,FRHLB
3470,2023-08-15,TOURNEMIRE ROQUEFORT,NON,15941,18:46,IC SRO,LE BOUSQUET D'ORB,NORESTJOU,FRIMG,18:04,FRINO
3471,2023-08-15,MARVEJOLS,NON,15941,18:46,IC SRO,LE BOUSQUET D'ORB,NORESTJOU,FRIMG,16:14,FRINE
3472,2023-08-15,MARVEJOLS,NON,15941,18:03,IC SRO,TOURNEMIRE ROQUEFORT,NORESTJOU,FRINO,16:14,FRINE
3473,2023-08-15,CAMPAGNAC ST GENIEZ,NON,15941,17:48,IC SRO,ST GEORGES DE LUZENCON,NORESTJOU,FRINM,16:50,FRINJ
3474,2023-08-15,BRASSAC LES MINES STE FLORINE,NON,15941,15:49,IC SRO,AUMONT AUBRAC,NORESTJOU,FRINC,13:43,FRHLE
3475,2023-08-15,AUMONT AUBRAC,NON,15941,17:48,IC SRO,ST GEORGES DE LUZENCON,NORESTJOU,FRINM,15:50,FRINC
3476,2023-08-15,ARVANT,NON,15941,17:48,IC SRO,ST GEORGES DE LUZENCON,NORESTJOU,FRINM,13:49,FRARV
3477,2023-08-15,BANASSAC LA CANOURGUE,NON,15941,18:46,IC SRO,LE BOUSQUET D'ORB,NORESTJOU,FRIMG,16:36,FRINH
3478,2023-08-15,ARVANT,NON,15941,18:03,IC SRO,TOURNEMIRE ROQUEFORT,NORESTJOU,FRINO,13:49,FRARV
3479,2023-08-15,ST CHELY D'APCHER,NON,15941,18:46,IC SRO,LE BOUSQUET D'ORB,NORESTJOU,FRIMG,15:37,FRINB
3480,2023-08-15,ST GEORGES DE LUZENCON,NON,15941,18:03,IC SRO,TOURNEMIRE ROQUEFORT,NORESTJOU,FRINO,17:49,FRINM
3481,2023-08-15,BANASSAC LA CANOURGUE,NON,15941,18:27,IC SRO,CEILHES ROQUEREDONDE,NORESTJOU,FRIMC,16:36,FRINH
3482,2023-08-15,MASSIAC BLESLE,NON,15941,16:35,IC SRO,BANASSAC LA CANOURGUE,NORESTJOU,FRINH,14:09,FRHMY
3483,2023-08-15,MASSIAC BLESLE,NON,15941,19:17,IC SRO,MAGALAS,NORESTJOU,FRIMK,14:09,FRHMY
3484,2023-08-15,MASSIAC BLESLE,NON,15941,15:49,IC SRO,AUMONT AUBRAC,NORESTJOU,FRINC,14:09,FRHMY
3485,2023-08-15,LE MONASTIER,NON,15941,17:01,IC SRO,SEVERAC LE CHATEAU,NORESTJOU,FRSVC,16:22,FRLMR
3486,2023-08-15,NIMES,NON,4756,10:01,IC ARO,NARBONNE,TJOURSESO,FRXNA,08:38,FRFNI
3487,2023-08-15,NIMES,NON,4756,11:16,IC ARO,TOULOUSE MATABIAU,TJOURSESO,FRXYT,08:38,FRFNI
3488,2023-08-15,ARLES,NON,4756,12:26,IC ARO,AGEN,TJOURSESO,FRAGF,08:11,FRHZA
3489,2023-08-15,ARLES,NON,4756,11:49,IC ARO,MONTAUBAN VILLE BOURBON,TJOURSESO,FRXMW,08:11,FRHZA
3490,2023-08-15,MARSEILLE ST CHARLES,NON,4756,12:26,IC ARO,AGEN,TJOURSESO,FRAGF,07:22,FRMSC
3491,2023-08-15,MONTAUBAN VILLE BOURBON,NON,4756,12:26,IC ARO,AGEN,TJOURSESO,FRAGF,11:51,FRXMW
3492,2023-08-15,MONTAUBAN VILLE BOURBON,NON,4756,13:32,IC ARO,BORDEAUX ST JEAN,TJOURSESO,FRBOJ,11:51,FRXMW
3493,2023-08-15,NARBONNE,NON,4756,10:32,IC ARO,CARCASSONNE,TJOURSESO,FRCCF,10:04,FRXNA
3494,2023-08-15,NARBONNE,NON,4756,11:49,IC ARO,MONTAUBAN VILLE BOURBON,TJOURSESO,FRXMW,10:04,FRXNA
3495,2023-08-15,SETE,NON,4756,13:32,IC ARO,BORDEAUX ST JEAN,TJOURSESO,FRBOJ,09:23,FRXSY
3496,2023-08-15,SETE,NON,4756,10:32,IC ARO,CARCASSONNE,TJOURSESO,FRCCF,09:23,FRXSY
3497,2023-08-15,TOULOUSE MATABIAU,NON,4756,12:26,IC ARO,AGEN,TJOURSESO,FRAGF,11:24,FRXYT
3498,2023-08-15,EVIAN LES BAINS,NON,6504,15:21,SUD EST,BELLEGARDE,ALPESPARIS,FRXBF,13:40,FRXEB
3499,2023-08-15,THONON LES BAINS,NON,6504,15:21,SUD EST,BELLEGARDE,ALPESPARIS,FRXBF,13:50,FRXTS
3500,2023-08-15,ZUERICH HB,NON,9218,12:53,INTERNATIONAL,MULHOUSE VILLE,ZURBALPA,FRAEK,11:34,CHAJD
3501,2023-08-15,BORDEAUX ST JEAN,NON,8505,14:21,ATLANTIQUE,AGEN,PASUDOUEST,FRAGF,13:20,FRBOJ
3502,2023-08-15,PARIS (intramuros),NON,8505,13:14,ATLANTIQUE,BORDEAUX ST JEAN,PASUDOUEST,FRBOJ,11:08,FRPMO
3503,2023-08-15,MONTAUBAN VILLE BOURBON,NON,8505,15:31,ATLANTIQUE,TOULOUSE MATABIAU,PASUDOUEST,FRXYT,15:04,FRXMW
3504,2023-08-15,BEZIERS,NON,6254,10:41,SUD EST,VALENCE TGV RHONE-ALPES SUD,LANGPA,FRVLA,08:53,FRBZR
3505,2023-08-15,PERPIGNAN,OUI,6254,08:50,SUD EST,BEZIERS,LANGPA,FRBZR,07:58,FRPGF
3506,2023-08-15,PERPIGNAN,OUI,6254,09:04,SUD EST,AGDE,LANGPA,FRXAG,07:58,FRPGF
3507,2023-08-15,PERPIGNAN,OUI,6254,09:20,SUD EST,SETE,LANGPA,FRXSY,07:58,FRPGF
3508,2023-08-15,AGDE,NON,6254,10:41,SUD EST,VALENCE TGV RHONE-ALPES SUD,LANGPA,FRVLA,09:07,FRXAG
3509,2023-08-15,SETE,NON,6254,10:41,SUD EST,VALENCE TGV RHONE-ALPES SUD,LANGPA,FRVLA,09:23,FRXSY
3510,2023-08-15,NARBONNE,OUI,6254,09:39,SUD EST,MONTPELLIER SUD DE FRANCE,LANGPA,FRSUF,08:36,FRXNA
3511,2023-08-15,BEZIERS,OUI,6254,09:39,SUD EST,MONTPELLIER SUD DE FRANCE,LANGPA,FRSUF,08:53,FRBZR
3512,2023-08-15,MONTPELLIER SUD DE FRANCE,OUI,6254,10:01,SUD EST,NIMES PONT DU GARD,LANGPA,FRXZP,09:43,FRSUF
3513,2023-08-15,PERPIGNAN,OUI,6254,10:01,SUD EST,NIMES PONT DU GARD,LANGPA,FRXZP,07:58,FRPGF
3514,2023-08-15,BEZIERS,OUI,6254,10:01,SUD EST,NIMES PONT DU GARD,LANGPA,FRXZP,08:53,FRBZR
3515,2023-08-15,AGDE,OUI,6254,10:01,SUD EST,NIMES PONT DU GARD,LANGPA,FRXZP,09:07,FRXAG
3516,2023-08-15,CHAMBERY CHALLES LES EAUX,NON,9240,11:40,INTERNATIONAL,MACON LOCHE TGV,ITALIEPA,FRMLT,10:22,FRCMF
3517,2023-08-15,OULX CESANA CLAV SESTRIERE,NON,9240,11:40,INTERNATIONAL,MACON LOCHE TGV,ITALIEPA,FRMLT,08:36,ITOCS
3518,2023-08-15,TORINO PORTA SUSA,NON,9240,09:03,INTERNATIONAL,MODANE,ITALIEPA,FRAGR,07:36,ITTRS
3519,2023-08-15,ANGOULEME,NON,8450,20:35,ATLANTIQUE,ST PIERRE DES CORPS,SUDOUESTPA,FRXSH,19:16,FRANG
3520,2023-08-15,BORDEAUX ST JEAN,NON,8450,21:40,ATLANTIQUE,PARIS (intramuros),SUDOUESTPA,FRPMO,18:38,FRBOJ
3521,2023-08-15,ST PIERRE DES CORPS,NON,8450,21:40,ATLANTIQUE,PARIS (intramuros),SUDOUESTPA,FRPMO,20:39,FRXSH
3522,2023-08-15,PARIS (intramuros),NON,6607,10:56,SUD EST,LYON (intramuros),PARISRHONE,FRLPD,09:00,FRPLY
3523,2023-08-15,PARIS (intramuros),NON,6607,11:10,SUD EST,LYON (intramuros),PARISRHONE,FRLPE,09:00,FRPLY
3524,2023-08-15,FRANKFURT MAIN HBF,NON,9568,07:36,INTERNATIONAL,MANNHEIM HBF,FRANCPA,DEMHG,06:56,DEFRH
3525,2023-08-15,STRASBOURG,NON,9568,10:38,INTERNATIONAL,PARIS (intramuros),FRANCPA,FRPST,08:53,FRAEG
3526,2023-08-15,BORDEAUX ST JEAN,NON,3856,16:58,IC SRO,LUCON,BORDONANTE,FRLCN,13:53,FRBOJ
3527,2023-08-15,BORDEAUX ST JEAN,NON,3856,18:05,IC SRO,NANTES,BORDONANTE,FRNTE,13:53,FRBOJ
3528,2023-08-15,BORDEAUX ST JEAN,NON,3856,15:54,IC SRO,ROCHEFORT,BORDONANTE,FRRCO,13:53,FRBOJ
3529,2023-08-15,LA ROCHELLE VILLE,NON,3856,18:05,IC SRO,NANTES,BORDONANTE,FRNTE,16:19,FRLRH
3530,2023-08-15,ROCHEFORT,NON,3856,18:05,IC SRO,NANTES,BORDONANTE,FRNTE,15:56,FRRCO
3531,2023-08-15,SAINTES,NON,3856,15:54,IC SRO,ROCHEFORT,BORDONANTE,FRRCO,15:25,FRXST
3532,2023-08-15,BEZIERS,OUI,6212,19:50,SUD EST,NIMES,LANGPA,FRFNI,18:35,FRBZR
3533,2023-08-15,BEZIERS,NON,6212,20:36,SUD EST,VALENCE TGV RHONE-ALPES SUD,LANGPA,FRVLA,18:35,FRBZR
3534,2023-08-15,MONTPELLIER SAINT-ROCH,NON,6212,22:55,SUD EST,PARIS (intramuros),LANGPA,FRPLY,19:25,FRMPL
3535,2023-08-15,VALENCE TGV RHONE-ALPES SUD,NON,6212,22:55,SUD EST,PARIS (intramuros),LANGPA,FRPLY,20:41,FRVLA
3536,2023-08-15,NARBONNE,OUI,6212,19:21,SUD EST,MONTPELLIER SAINT-ROCH,LANGPA,FRMPL,18:18,FRXNA
3537,2023-08-15,NARBONNE,NON,6212,20:36,SUD EST,VALENCE TGV RHONE-ALPES SUD,LANGPA,FRVLA,18:18,FRXNA
3538,2023-08-15,REIMS,OUI,2715,09:39,EST,RETHEL,PABARSED,FRBDT,09:19,FRRHE
3539,2023-08-15,REIMS,OUI,2715,10:10,EST,CHARLEVILLE MEZIERES,PABARSED,FRXCZ,09:19,FRRHE
3540,2023-08-15,LANNEMEZAN,NON,14148,18:27,IC SRO,TOULOUSE MATABIAU,SUDOUEST,FRXYT,17:19,FRLNZ
3541,2023-08-15,BAYONNE,NON,14148,16:08,IC SRO,PAU,SUDOUEST,FRAEE,15:03,FRXBY
3542,2023-08-15,TARBES,NON,14148,17:17,IC SRO,LANNEMEZAN,SUDOUEST,FRLNZ,16:55,FRXTB
3543,2023-08-15,LIMOGES BENEDICTINS,OUI,3635,17:44,IC ARO,GOURDON,PALITO,FRFSI,16:01,FRAGQ
3544,2023-08-15,LIMOGES BENEDICTINS,OUI,3635,17:28,IC ARO,SOUILLAC,PALITO,FRSOU,16:01,FRAGQ
3545,2023-08-15,BRIVE LA GAILLARDE,OUI,3635,17:28,IC ARO,SOUILLAC,PALITO,FRSOU,17:04,FRBVE
3546,2023-08-15,BRIVE LA GAILLARDE,OUI,3635,18:13,IC ARO,CAHORS,PALITO,FRZAO,17:04,FRBVE
3547,2023-08-15,CHATEAUROUX,NON,3635,17:44,IC ARO,GOURDON,PALITO,FRFSI,14:45,FRCHR
3548,2023-08-15,CHATEAUROUX,NON,3635,15:24,IC ARO,LA SOUTERRAINE,PALITO,FRLST,14:45,FRCHR
3549,2023-08-15,CHATEAUROUX,NON,3635,17:28,IC ARO,SOUILLAC,PALITO,FRSOU,14:45,FRCHR
3550,2023-08-15,ARGENTON SUR CREUSE,NON,3635,18:13,IC ARO,CAHORS,PALITO,FRZAO,15:01,FRFMT
3551,2023-08-15,LA SOUTERRAINE,OUI,3635,17:01,IC ARO,BRIVE LA GAILLARDE,PALITO,FRBVE,15:26,FRLST
3552,2023-08-15,LA SOUTERRAINE,OUI,3635,17:44,IC ARO,GOURDON,PALITO,FRFSI,15:26,FRLST
3553,2023-08-15,LA SOUTERRAINE,OUI,3635,17:28,IC ARO,SOUILLAC,PALITO,FRSOU,15:26,FRLST
3554,2023-08-15,PARIS (intramuros),NON,3635,15:24,IC ARO,LA SOUTERRAINE,PALITO,FRLST,12:41,FRPAZ
3555,2023-08-15,PARIS (intramuros),NON,3635,18:13,IC ARO,CAHORS,PALITO,FRZAO,12:41,FRPAZ
3556,2023-08-15,VIERZON VILLE,NON,3635,15:58,IC ARO,LIMOGES BENEDICTINS,PALITO,FRAGQ,14:11,FRXVZ
3557,2023-08-15,VIERZON VILLE,NON,3635,15:24,IC ARO,LA SOUTERRAINE,PALITO,FRLST,14:11,FRXVZ
3558,2023-08-15,ARGENTON SUR CREUSE,NON,3635,17:44,IC ARO,GOURDON,PALITO,FRFSI,15:01,FRFMT
3559,2023-08-15,BEZIERS,NON,6875,21:52,SUD EST,LYON (intramuros),JCSUDPROV,FRLPD,19:15,FRBZR
3560,2023-08-15,TOULOUSE MATABIAU,NON,6875,19:36,SUD EST,SETE,JCSUDPROV,FRXSY,17:43,FRXYT
3561,2023-08-15,BEZIERS,NON,6875,20:01,SUD EST,MONTPELLIER SUD DE FRANCE,JCSUDPROV,FRSUF,19:15,FRBZR
3562,2023-08-15,NIMES PONT DU GARD,NON,6875,21:10,SUD EST,VALENCE TGV RHONE-ALPES SUD,JCSUDPROV,FRVLA,20:33,FRXZP
3563,2023-08-15,TOULOUSE MATABIAU,NON,6875,20:30,SUD EST,NIMES PONT DU GARD,JCSUDPROV,FRXZP,17:43,FRXYT
3564,2023-08-15,BEZIERS,NON,9713,14:58,SUD EST,PERPIGNAN,PABARCELONE,FRPGF,14:10,FRBZR
3565,2023-08-15,MONTPELLIER SAINT-ROCH,NON,9713,14:58,SUD EST,PERPIGNAN,PABARCELONE,FRPGF,13:18,FRMPL
3566,2023-08-15,PARIS (intramuros),NON,9713,11:57,SUD EST,VALENCE TGV RHONE-ALPES SUD,PABARCELONE,FRVLA,09:42,FRPLY
3567,2023-08-15,PARIS (intramuros),NON,9713,14:24,SUD EST,NARBONNE,PABARCELONE,FRXNA,09:42,FRPLY
3568,2023-08-15,SETE,NON,9713,14:24,SUD EST,NARBONNE,PABARCELONE,FRXNA,13:35,FRXSY
3569,2023-08-15,PERPIGNAN,NON,9713,16:34,SUD EST,BARCELONA SANTS,PABARCELONE,ESBST,15:04,FRPGF
3570,2023-08-15,NARBONNE,NON,9713,16:34,SUD EST,BARCELONA SANTS,PABARCELONE,ESBST,14:27,FRXNA
3571,2023-08-15,PERPIGNAN,NON,9713,15:46,SUD EST,GIRONA,PABARCELONE,ESGRO,15:04,FRPGF
3572,2023-08-15,AGDE,NON,9713,16:34,SUD EST,BARCELONA SANTS,PABARCELONE,ESBST,13:55,FRXAG
3573,2023-08-15,LILLE (intramuros),NON,9866,17:43,NORD,BRUXELLES MIDI BRUSSEL ZUID,JCSUDNORD,BEBMI,17:08,FRLLE
3574,2023-08-15,LYON (intramuros),NON,9866,17:43,NORD,BRUXELLES MIDI BRUSSEL ZUID,JCSUDNORD,BEBMI,14:00,FRLPD
3575,2023-08-15,MARNE LA VALLEE CHESSY,NON,9866,17:43,NORD,BRUXELLES MIDI BRUSSEL ZUID,JCSUDNORD,BEBMI,15:50,FRMLV
3576,2023-08-15,AEROPORT CDG2 TGV ROISSY,NON,9866,16:57,NORD,LILLE (intramuros),JCSUDNORD,FRLLE,16:07,FRMLW
3577,2023-08-15,PARIS (intramuros),NON,8619,14:25,ATLANTIQUE,RENNES,PARISBRETA,FRRNS,12:56,FRPMO
3578,2023-08-15,PARIS (intramuros),NON,8619,15:13,ATLANTIQUE,ST BRIEUC,PARISBRETA,FRSBK,12:56,FRPMO
3579,2023-08-15,ST BRIEUC,OUI,8619,16:25,ATLANTIQUE,BREST,PARISBRETA,FRBES,15:16,FRSBK
3580,2023-08-15,LORRAINE TGV,OUI,9874,17:37,NORD,STRASBOURG,JCNORDEST,FRAEG,16:51,FREAM
3581,2023-08-15,LILLE (intramuros),NON,9874,15:55,NORD,CHAMPAGNE-ARDENNE,JCNORDEST,FREAH,14:03,FRLLE
3582,2023-08-15,MARNE LA VALLEE CHESSY,NON,9874,15:55,NORD,CHAMPAGNE-ARDENNE,JCNORDEST,FREAH,15:23,FRMLV
3583,2023-08-15,AEROPORT CDG2 TGV ROISSY,NON,9874,15:55,NORD,CHAMPAGNE-ARDENNE,JCNORDEST,FREAH,14:59,FRMLW
3584,2023-08-15,AEROPORT CDG2 TGV ROISSY,NON,9874,15:09,NORD,MARNE LA VALLEE CHESSY,JCNORDEST,FRMLV,14:59,FRMLW
3585,2023-08-15,QUIMPERLE,NON,8710,11:25,ATLANTIQUE,RENNES,BRETAPARIS,FRRNS,09:35,FRECO
3586,2023-08-15,QUIMPERLE,NON,8710,10:48,ATLANTIQUE,REDON,BRETAPARIS,FRXRN,09:35,FRECO
3587,2023-08-15,LORIENT,NON,8710,13:19,ATLANTIQUE,PARIS (intramuros),BRETAPARIS,FRPMO,09:50,FRLRT
3588,2023-08-15,LORIENT,NON,8710,10:48,ATLANTIQUE,REDON,BRETAPARIS,FRXRN,09:50,FRLRT
3589,2023-08-15,LORIENT,OUI,8710,10:05,ATLANTIQUE,AURAY,BRETAPARIS,FRXUY,09:50,FRLRT
3590,2023-08-15,RENNES,NON,8710,12:01,ATLANTIQUE,LAVAL,BRETAPARIS,FRACR,11:35,FRRNS
3591,2023-08-15,RENNES,NON,8710,13:19,ATLANTIQUE,PARIS (intramuros),BRETAPARIS,FRPMO,11:35,FRRNS
3592,2023-08-15,QUIMPER,NON,8710,10:48,ATLANTIQUE,REDON,BRETAPARIS,FRXRN,09:06,FRUIP
3593,2023-08-15,VANNES,NON,8710,11:25,ATLANTIQUE,RENNES,BRETAPARIS,FRRNS,10:23,FRVNE
3594,2023-08-15,AURAY,NON,8710,13:19,ATLANTIQUE,PARIS (intramuros),BRETAPARIS,FRPMO,10:09,FRXUY
3595,2023-08-15,AURAY,NON,8710,11:25,ATLANTIQUE,RENNES,BRETAPARIS,FRRNS,10:09,FRXUY
3596,2023-08-15,AURAY,NON,8710,10:48,ATLANTIQUE,REDON,BRETAPARIS,FRXRN,10:09,FRXUY
3597,2023-08-15,MACON LOCHE TGV,NON,6676,22:53,SUD EST,LE CREUSOT MONTCEAU MONTCHANIN,RHONEPARIS,FRXCC,22:34,FRMLT
3598,2023-08-15,ANGOULEME,OUI,8485,17:37,ATLANTIQUE,BORDEAUX ST JEAN,PASUDOUEST,FRBOJ,16:37,FRANG
3599,2023-08-15,POITIERS,NON,8485,17:37,ATLANTIQUE,BORDEAUX ST JEAN,PASUDOUEST,FRBOJ,15:57,FRPIS
3600,2023-08-15,ST PIERRE DES CORPS,NON,8485,17:37,ATLANTIQUE,BORDEAUX ST JEAN,PASUDOUEST,FRBOJ,15:21,FRXSH
3601,2023-08-15,LAVAL,NON,8605,12:43,ATLANTIQUE,BREST,PARISBRETA,FRBES,09:58,FRACR
3602,2023-08-15,LAVAL,NON,8605,11:08,ATLANTIQUE,LAMBALLE,PARISBRETA,FRLAM,09:58,FRACR
3603,2023-08-15,LAVAL,NON,8605,11:21,ATLANTIQUE,ST BRIEUC,PARISBRETA,FRSBK,09:58,FRACR
3604,2023-08-15,LAMBALLE,NON,8605,12:43,ATLANTIQUE,BREST,PARISBRETA,FRBES,11:11,FRLAM
3605,2023-08-15,PARIS (intramuros),NON,8605,10:25,ATLANTIQUE,RENNES,PARISBRETA,FRRNS,08:40,FRPMO
3606,2023-08-15,RENNES,NON,8605,11:21,ATLANTIQUE,ST BRIEUC,PARISBRETA,FRSBK,10:32,FRRNS
3607,2023-08-15,ST BRIEUC,NON,8605,12:08,ATLANTIQUE,MORLAIX,PARISBRETA,FRMXN,11:24,FRSBK
3608,2023-08-15,ST MALO,OUI,8092,19:50,ATLANTIQUE,DOL DE BRETAGNE,BRETAPARIS,FRDOL,19:37,FRXSB
3609,2023-08-15,BRUXELLES MIDI BRUSSEL ZUID,OUI,9870,07:51,NORD,LILLE (intramuros),JCNORDEST,FRLLE,07:17,BEBMI
3610,2023-08-15,MEUSE TGV,OUI,9870,11:05,NORD,STRASBOURG,JCNORDEST,FRAEG,10:07,FREAJ
3611,2023-08-15,LILLE (intramuros),OUI,9870,08:53,NORD,AEROPORT CDG2 TGV ROISSY,JCNORDEST,FRMLW,08:02,FRLLE
3612,2023-08-15,AEROPORT CDG2 TGV ROISSY,NON,9870,11:05,NORD,STRASBOURG,JCNORDEST,FRAEG,08:59,FRMLW
3613,2023-08-15,LILLE (intramuros),NON,9870,10:00,NORD,MEUSE TGV,JCNORDEST,FREAJ,08:02,FRLLE
3614,2023-08-15,AVIGNON TGV,NON,6173,14:38,SUD EST,ANTIBES,PAAZUR,FRXAT,12:05,FRAVG
3615,2023-08-15,PARIS (intramuros),NON,6173,14:38,SUD EST,ANTIBES,PAAZUR,FRXAT,09:26,FRPLY
3616,2023-08-15,TOULON,NON,6173,14:38,SUD EST,ANTIBES,PAAZUR,FRXAT,13:15,FRTLN
3617,2023-08-15,ST RAPHAEL VALESCURE,OUI,6173,14:57,SUD EST,NICE VILLE,PAAZUR,FRNIC,14:04,FRXSK
3618,2023-08-15,ST RAPHAEL VALESCURE,OUI,6173,14:38,SUD EST,ANTIBES,PAAZUR,FRXAT,14:04,FRXSK
3619,2023-08-15,LE CROISIC,NON,8928,19:42,ATLANTIQUE,ANGERS ST LAUD,LOIREPARIS,FRACL,17:39,FREGU
3620,2023-08-15,LE CROISIC,OUI,8928,18:48,ATLANTIQUE,NANTES,LOIREPARIS,FRNTE,17:39,FREGU
3621,2023-08-15,LE CROISIC,NON,8928,19:13,ATLANTIQUE,ANCENIS,LOIREPARIS,FREFN,17:39,FREGU
3622,2023-08-15,PARIS (intramuros),OUI,12269,19:37,ATLANTIQUE,DAX,PASUDOUEST,FRACG,16:08,FRPMO
3623,2023-08-15,LYON (intramuros),NON,5062,13:55,NORD,ARRAS,JCSUDNORD,FRQRV,11:00,FRLPD
3624,2023-08-15,AEROPORT CDG2 TGV ROISSY,NON,5062,13:55,NORD,ARRAS,JCSUDNORD,FRQRV,13:07,FRMLW
3625,2023-08-15,VALENCE TGV RHONE-ALPES SUD,NON,5062,10:53,NORD,LYON (intramuros),JCSUDNORD,FRLPD,10:15,FRVLA
3626,2023-08-15,NIMES PONT DU GARD,NON,5062,12:47,NORD,MARNE LA VALLEE CHESSY,JCSUDNORD,FRMLV,09:33,FRXZP
3627,2023-08-15,ANGERS ST LAUD,OUI,5300,06:24,SUD EST,ST PIERRE DES CORPS,JCATLSUD,FRXSH,05:33,FRACL
3628,2023-08-15,VALENCE TGV RHONE-ALPES SUD,OUI,5300,11:21,SUD EST,MONTPELLIER SUD DE FRANCE,JCATLSUD,FRSUF,10:22,FRVLA
3629,2023-08-15,ANGOULEME,NON,9406,13:23,EST,MEUSE TGV,JCATLEST,FREAJ,09:07,FRANG
3630,2023-08-15,BORDEAUX ST JEAN,NON,9406,13:49,EST,LORRAINE TGV,JCATLEST,FREAM,08:29,FRBOJ
3631,2023-08-15,BORDEAUX ST JEAN,OUI,9406,09:45,EST,POITIERS,JCATLEST,FRPIS,08:29,FRBOJ
3632,2023-08-15,MASSY TGV,NON,9406,14:29,EST,STRASBOURG,JCATLEST,FRAEG,11:26,FRDJU
3633,2023-08-15,MASSY TGV,NON,9406,11:57,EST,MARNE LA VALLEE CHESSY,JCATLEST,FRMLV,11:26,FRDJU
3634,2023-08-15,MEUSE TGV,OUI,9406,14:29,EST,STRASBOURG,JCATLEST,FRAEG,13:30,FREAJ
3635,2023-08-15,AEROPORT CDG2 TGV ROISSY,NON,9406,14:29,EST,STRASBOURG,JCATLEST,FRAEG,12:26,FRMLW
3636,2023-08-15,AEROPORT CDG2 TGV ROISSY,NON,9406,12:55,EST,CHAMPAGNE-ARDENNE,JCATLEST,FREAH,12:26,FRMLW
3637,2023-08-15,ST PIERRE DES CORPS,NON,9406,14:29,EST,STRASBOURG,JCATLEST,FRAEG,10:26,FRXSH
3638,2023-08-15,ST PIERRE DES CORPS,NON,9406,12:55,EST,CHAMPAGNE-ARDENNE,JCATLEST,FREAH,10:26,FRXSH
3639,2023-08-15,ST PIERRE DES CORPS,NON,9406,13:49,EST,LORRAINE TGV,JCATLEST,FREAM,10:26,FRXSH
3640,2023-08-15,ST PIERRE DES CORPS,NON,9406,12:11,EST,AEROPORT CDG2 TGV ROISSY,JCATLEST,FRMLW,10:26,FRXSH
3641,2023-08-15,STRASBOURG,OUI,9406,15:07,EST,LAHR SCHWARZW,JCATLEST,DEANL,14:29,FRAEG
3642,2023-08-15,OFFENBOURG/OFFENBURG,OUI,9406,15:07,EST,LAHR SCHWARZW,JCATLEST,DEANL,14:56,DEZPA
3643,2023-08-15,OFFENBOURG/OFFENBURG,OUI,9406,15:43,EST,FREIBURG BREISGAU HBF,JCATLEST,DEFGB,14:56,DEZPA
3644,2023-08-15,RINGSHEIM/EU-PARK,OUI,9406,15:43,EST,FREIBURG BREISGAU HBF,JCATLEST,DEFGB,15:18,DERSH
3645,2023-08-15,ST PIERRE DES CORPS,NON,9406,14:55,EST,OFFENBOURG/OFFENBURG,JCATLEST,DEZPA,10:26,FRXSH
3646,2023-08-15,BORDEAUX ST JEAN,NON,9406,14:55,EST,OFFENBOURG/OFFENBURG,JCATLEST,DEZPA,08:29,FRBOJ
3647,2023-08-15,LORRAINE TGV,OUI,9406,15:43,EST,FREIBURG BREISGAU HBF,JCATLEST,DEFGB,13:52,FREAM
3648,2023-08-15,ANGOULEME,NON,9406,15:17,EST,RINGSHEIM/EU-PARK,JCATLEST,DERSH,09:07,FRANG
3649,2023-08-15,CHAMPAGNE-ARDENNE,OUI,9406,15:43,EST,FREIBURG BREISGAU HBF,JCATLEST,DEFGB,12:58,FREAH
3650,2023-08-15,MARNE LA VALLEE CHESSY,NON,9406,15:17,EST,RINGSHEIM/EU-PARK,JCATLEST,DERSH,12:01,FRMLV
3651,2023-08-15,PARIS (intramuros),NON,7571,16:34,NORD,ETAPLES LE TOUQUET,PAARRAS,FRETA,13:52,FRPNO
3652,2023-08-15,PARIS (intramuros),NON,7571,14:40,NORD,ARRAS,PAARRAS,FRQRV,13:52,FRPNO
3653,2023-08-15,LILLE (intramuros),NON,9826,11:53,NORD,AEROPORT CDG2 TGV ROISSY,JCNORDSUD,FRMLW,11:03,FRLLE
3654,2023-08-15,MARNE LA VALLEE CHESSY,NON,9826,14:00,NORD,LYON (intramuros),JCNORDSUD,FRLPD,12:13,FRMLV
3655,2023-08-15,MARNE LA VALLEE CHESSY,NON,9826,14:48,NORD,VALENCE TGV RHONE-ALPES SUD,JCNORDSUD,FRVLA,12:13,FRMLV
3656,2023-08-15,AEROPORT CDG2 TGV ROISSY,NON,9826,12:08,NORD,MARNE LA VALLEE CHESSY,JCNORDSUD,FRMLV,11:59,FRMLW
3657,2023-08-15,LILLE (intramuros),NON,9826,15:51,NORD,MONTPELLIER SUD DE FRANCE,JCNORDSUD,FRSUF,11:03,FRLLE
3658,2023-08-15,BRUXELLES MIDI BRUSSEL ZUID,NON,9826,15:30,NORD,NIMES PONT DU GARD,JCNORDSUD,FRXZP,10:17,BEBMI
3659,2023-08-15,AEROPORT CDG2 TGV ROISSY,NON,9826,15:30,NORD,NIMES PONT DU GARD,JCNORDSUD,FRXZP,11:59,FRMLW
3660,2023-08-15,MARNE LA VALLEE CHESSY,NON,9826,15:30,NORD,NIMES PONT DU GARD,JCNORDSUD,FRXZP,12:13,FRMLV
3661,2023-08-15,NIMES,OUI,6225,22:20,SUD EST,NARBONNE,PALANG,FRXNA,20:46,FRFNI
3662,2023-08-15,MONTPELLIER SAINT-ROCH,OUI,6225,22:20,SUD EST,NARBONNE,PALANG,FRXNA,21:17,FRMPL
3663,2023-08-15,PARIS (intramuros),OUI,6225,20:42,SUD EST,NIMES,PALANG,FRFNI,17:42,FRPLY
3664,2023-08-15,PARIS (intramuros),OUI,6225,21:11,SUD EST,MONTPELLIER SAINT-ROCH,PALANG,FRMPL,17:42,FRPLY
3665,2023-08-15,PARIS (intramuros),OUI,6225,21:48,SUD EST,AGDE,PALANG,FRXAG,17:42,FRPLY
3666,2023-08-15,VALENCE TGV RHONE-ALPES SUD,OUI,6225,21:11,SUD EST,MONTPELLIER SAINT-ROCH,PALANG,FRMPL,19:57,FRVLA
3667,2023-08-15,VALENCE TGV RHONE-ALPES SUD,OUI,6225,21:48,SUD EST,AGDE,PALANG,FRXAG,19:57,FRVLA
3668,2023-08-15,AGDE,OUI,6225,22:56,SUD EST,PERPIGNAN,PALANG,FRPGF,21:51,FRXAG
3669,2023-08-15,SETE,OUI,6225,21:48,SUD EST,AGDE,PALANG,FRXAG,21:34,FRXSY
3670,2023-08-15,LOURDES,NON,8583,17:52,ATLANTIQUE,PARIS (intramuros),SUDOUESTPA,FRPMO,12:46,FRLDE
3671,2023-08-15,TARBES,OUI,8583,14:10,ATLANTIQUE,DAX,SUDOUESTPA,FRACG,12:21,FRXTB
3672,2023-08-15,TARBES,OUI,8583,12:36,ATLANTIQUE,LOURDES,SUDOUESTPA,FRLDE,12:21,FRXTB
3673,2023-08-15,TARBES,NON,8583,17:52,ATLANTIQUE,PARIS (intramuros),SUDOUESTPA,FRPMO,12:21,FRXTB
3674,2023-08-15,LYON (intramuros),NON,6634,23:09,SUD EST,PARIS (intramuros),RHONEPARIS,FRPLY,21:03,FRLPD
3675,2023-08-15,LYON (intramuros),NON,6634,21:45,SUD EST,LE CREUSOT MONTCEAU MONTCHANIN,RHONEPARIS,FRXCC,21:03,FRLPD
3676,2023-08-15,LYON (intramuros),NON,6634,21:45,SUD EST,LE CREUSOT MONTCEAU MONTCHANIN,RHONEPARIS,FRXCC,20:49,FRLPE
3677,2023-08-15,DUNKERQUE,OUI,7334,19:08,NORD,PARIS (intramuros),ARRASPA,FRPNO,16:56,FRADI
3678,2023-08-15,TOULOUSE MATABIAU,OUI,8504,09:32,ATLANTIQUE,AGEN,SUDOUESTPA,FRAGF,08:28,FRXYT
3679,2023-08-15,DAX,NON,8540,17:52,ATLANTIQUE,PARIS (intramuros),SUDOUESTPA,FRPMO,14:19,FRACG
3680,2023-08-15,VENDOME VILLIERS SUR LOIR,OUI,8303,13:45,ATLANTIQUE,TOURS,PAROCHELLE,FRAFW,13:15,FRESL
3681,2023-08-15,VENDOME VILLIERS SUR LOIR,OUI,8303,13:35,ATLANTIQUE,ST PIERRE DES CORPS,PAROCHELLE,FRXSH,13:15,FRESL
3682,2023-08-15,PARIS (intramuros),OUI,8303,13:45,ATLANTIQUE,TOURS,PAROCHELLE,FRAFW,12:28,FRPMO
3683,2023-08-15,SAVERDUN,NON,3972,07:19,IC NUIT,PARIS (intramuros),PALOMBEPAR,FRPAZ,21:34,FRFPU
3684,2023-08-15,PORTE PUYMORENS,NON,3972,06:08,IC NUIT,LES AUBRAIS ORLEANS,PALOMBEPAR,FRLAB,19:31,FRFQF
3685,2023-08-15,PAMIERS,NON,3972,06:08,IC NUIT,LES AUBRAIS ORLEANS,PALOMBEPAR,FRLAB,21:21,FRPMS
3686,2023-08-15,FOIX,NON,3972,06:08,IC NUIT,LES AUBRAIS ORLEANS,PALOMBEPAR,FRLAB,21:06,FRXFX
3687,2023-08-15,LATOUR DE CAROL ENVEITG,NON,3972,07:19,IC NUIT,PARIS (intramuros),PALOMBEPAR,FRPAZ,19:15,FRXTE
3688,2023-08-15,LUZENAC GARANOU,NON,3972,07:19,IC NUIT,PARIS (intramuros),PALOMBEPAR,FRPAZ,20:27,FRFQI
3689,2023-08-15,LES CABANNES,NON,3972,06:08,IC NUIT,LES AUBRAIS ORLEANS,PALOMBEPAR,FRLAB,20:36,FRFQK
3690,2023-08-15,DIJON VILLE,NON,5516,14:06,EST,BESANCON - F COMTE TGV,JCRHONRHIN,FRTJB,13:37,FRABA
3691,2023-08-15,AIX EN PROVENCE TGV,NON,5516,12:09,EST,MACON VILLE,JCRHONRHIN,FRHGU,09:58,FRAIE
3692,2023-08-15,AVIGNON TGV,NON,5516,17:04,EST,NANCY,JCRHONRHIN,FRENC,10:20,FRAVG
3693,2023-08-15,AVIGNON TGV,NON,5516,12:09,EST,MACON VILLE,JCRHONRHIN,FRHGU,10:20,FRAVG
3694,2023-08-15,AVIGNON TGV,NON,5516,12:41,EST,CHALON SUR SAONE,JCRHONRHIN,FRXCD,10:20,FRAVG
3695,2023-08-15,MACON VILLE,NON,5516,13:25,EST,DIJON VILLE,JCRHONRHIN,FRABA,12:12,FRHGU
3696,2023-08-15,MACON VILLE,NON,5516,14:06,EST,BESANCON - F COMTE TGV,JCRHONRHIN,FRTJB,12:12,FRHGU
3697,2023-08-15,CANNES,NON,5516,13:25,EST,DIJON VILLE,JCRHONRHIN,FRABA,07:30,FRJCA
3698,2023-08-15,CANNES,NON,5516,14:55,EST,MULHOUSE VILLE,JCRHONRHIN,FRAEK,07:30,FRJCA
3699,2023-08-15,CANNES,NON,5516,12:09,EST,MACON VILLE,JCRHONRHIN,FRHGU,07:30,FRJCA
3700,2023-08-15,CANNES,NON,5516,11:26,EST,LYON (intramuros),JCRHONRHIN,FRLPD,07:30,FRJCA
3701,2023-08-15,LYON (intramuros),NON,5516,13:25,EST,DIJON VILLE,JCRHONRHIN,FRABA,11:32,FRLPD
3702,2023-08-15,LYON (intramuros),NON,5516,12:09,EST,MACON VILLE,JCRHONRHIN,FRHGU,11:32,FRLPD
3703,2023-08-15,LYON (intramuros),NON,5516,14:30,EST,BELFORT-MONTBELIARD TGV,JCRHONRHIN,FRTJA,11:32,FRLPD
3704,2023-08-15,MARSEILLE ST CHARLES,NON,5516,14:55,EST,MULHOUSE VILLE,JCRHONRHIN,FRAEK,09:45,FRMSC
3705,2023-08-15,MARSEILLE ST CHARLES,NON,5516,17:04,EST,NANCY,JCRHONRHIN,FRENC,09:45,FRMSC
3706,2023-08-15,NICE VILLE,NON,5516,15:54,EST,STRASBOURG,JCRHONRHIN,FRAEG,07:00,FRNIC
3707,2023-08-15,NICE VILLE,NON,5516,15:24,EST,COLMAR,JCRHONRHIN,FRAEJ,07:00,FRNIC
3708,2023-08-15,NICE VILLE,OUI,5516,07:26,EST,CANNES,JCRHONRHIN,FRJCA,07:00,FRNIC
3709,2023-08-15,NICE VILLE,NON,5516,13:03,EST,BEAUNE,JCRHONRHIN,FRXBV,07:00,FRNIC
3710,2023-08-15,NICE VILLE,OUI,5516,08:09,EST,LES ARCS DRAGUIGNAN,JCRHONRHIN,FRXRS,07:00,FRNIC
3711,2023-08-15,TOULON,NON,5516,17:04,EST,NANCY,JCRHONRHIN,FRENC,08:50,FRTLN
3712,2023-08-15,ANTIBES,NON,5516,15:24,EST,COLMAR,JCRHONRHIN,FRAEJ,07:16,FRXAT
3713,2023-08-15,ANTIBES,OUI,5516,08:09,EST,LES ARCS DRAGUIGNAN,JCRHONRHIN,FRXRS,07:16,FRXAT
3714,2023-08-15,CHALON SUR SAONE,NON,5516,15:54,EST,STRASBOURG,JCRHONRHIN,FRAEG,12:44,FRXCD
3715,2023-08-15,LES ARCS DRAGUIGNAN,NON,5516,14:55,EST,MULHOUSE VILLE,JCRHONRHIN,FRAEK,08:12,FRXRS
3716,2023-08-15,LES ARCS DRAGUIGNAN,OUI,5516,08:46,EST,TOULON,JCRHONRHIN,FRTLN,08:12,FRXRS
3717,2023-08-15,LES ARCS DRAGUIGNAN,NON,5516,13:03,EST,BEAUNE,JCRHONRHIN,FRXBV,08:12,FRXRS
3718,2023-08-15,ST RAPHAEL VALESCURE,NON,5516,13:25,EST,DIJON VILLE,JCRHONRHIN,FRABA,07:55,FRXSK
3719,2023-08-15,ST RAPHAEL VALESCURE,NON,5516,14:55,EST,MULHOUSE VILLE,JCRHONRHIN,FRAEK,07:55,FRXSK
3720,2023-08-15,COLMAR,NON,5516,17:04,EST,NANCY,JCRHONRHIN,FRENC,15:27,FRAEJ
3721,2023-08-15,AVIGNON TGV,NON,5516,13:03,EST,BEAUNE,JCRHONRHIN,FRXBV,10:20,FRAVG
3722,2023-08-15,TOULON,NON,5516,14:30,EST,BELFORT-MONTBELIARD TGV,JCRHONRHIN,FRTJA,08:50,FRTLN
3723,2023-08-15,ANTIBES,NON,5516,14:30,EST,BELFORT-MONTBELIARD TGV,JCRHONRHIN,FRTJA,07:16,FRXAT
3724,2023-08-15,ST RAPHAEL VALESCURE,NON,5516,14:06,EST,BESANCON - F COMTE TGV,JCRHONRHIN,FRTJB,07:55,FRXSK
3725,2023-08-15,ANTIBES,NON,5516,14:06,EST,BESANCON - F COMTE TGV,JCRHONRHIN,FRTJB,07:16,FRXAT
3726,2023-08-15,BEAUNE,NON,5516,15:54,EST,STRASBOURG,JCRHONRHIN,FRAEG,13:06,FRXBV
3727,2023-08-15,CHAMBERY CHALLES LES EAUX,NON,6984,22:17,SUD EST,PARIS (intramuros),ALPESPARIS,FRPLY,19:22,FRCMF
3728,2023-08-15,ANNECY,NON,6984,20:43,SUD EST,MACON LOCHE TGV,ALPESPARIS,FRMLT,18:31,FRNCY
3729,2023-08-15,ANNECY,OUI,6984,18:56,SUD EST,AIX LES BAINS LE REVARD,ALPESPARIS,FRXAI,18:31,FRNCY
3730,2023-08-15,LILLE (intramuros),NON,5224,14:02,NORD,ANGERS ST LAUD,JCNORDBRET,FRACL,09:32,FRADJ
3731,2023-08-15,LILLE (intramuros),NON,5224,14:44,NORD,NANTES,JCNORDBRET,FRNTE,09:32,FRADJ
3732,2023-08-15,AEROPORT CDG2 TGV ROISSY,NON,5224,14:02,NORD,ANGERS ST LAUD,JCNORDBRET,FRACL,11:19,FRMLW
3733,2023-08-15,ARRAS,NON,5224,11:28,NORD,MARNE LA VALLEE CHESSY,JCNORDBRET,FRMLV,10:19,FRQRV
3734,2023-08-15,ARRAS,OUI,5224,10:37,NORD,TGV HAUTE PICARDIE,JCNORDBRET,FRTHP,10:19,FRQRV
3735,2023-08-15,TGV HAUTE PICARDIE,OUI,5224,11:13,NORD,AEROPORT CDG2 TGV ROISSY,JCNORDBRET,FRMLW,10:45,FRTHP
3736,2023-08-15,TGV HAUTE PICARDIE,NON,5224,13:04,NORD,ST PIERRE DES CORPS,JCNORDBRET,FRXSH,10:45,FRTHP
3737,2023-08-15,DOUAI,NON,5224,12:04,NORD,MASSY TGV,JCNORDBRET,FRDJU,10:01,FRXDN
3738,2023-08-15,DOUAI,OUI,5224,11:13,NORD,AEROPORT CDG2 TGV ROISSY,JCNORDBRET,FRMLW,10:01,FRXDN
3739,2023-08-15,DOUAI,OUI,5224,10:14,NORD,ARRAS,JCNORDBRET,FRQRV,10:01,FRXDN
3740,2023-08-15,DOUAI,NON,5224,13:04,NORD,ST PIERRE DES CORPS,JCNORDBRET,FRXSH,10:01,FRXDN
3741,2023-08-15,ST PIERRE DES CORPS,OUI,5224,14:44,NORD,NANTES,JCNORDBRET,FRNTE,13:09,FRXSH
3742,2023-08-15,ANGERS ST LAUD,OUI,5486,13:19,EST,NANTES,JCESTATL,FRNTE,12:39,FRACL
3743,2023-08-15,MASSY TGV,OUI,5486,11:32,EST,ST PIERRE DES CORPS,JCESTATL,FRXSH,10:38,FRDJU
3744,2023-08-15,CHAMPAGNE-ARDENNE,OUI,5486,09:55,EST,MARNE LA VALLEE CHESSY,JCESTATL,FRMLV,08:58,FREAH
3745,2023-08-15,CHAMPAGNE-ARDENNE,OUI,5486,13:19,EST,NANTES,JCESTATL,FRNTE,08:58,FREAH
3746,2023-08-15,LORRAINE TGV,OUI,5486,12:36,EST,ANGERS ST LAUD,JCESTATL,FRACL,08:09,FREAM
3747,2023-08-15,MARNE LA VALLEE CHESSY,OUI,5486,12:36,EST,ANGERS ST LAUD,JCESTATL,FRACL,10:02,FRMLV
3748,2023-08-15,MARNE LA VALLEE CHESSY,OUI,5486,10:34,EST,MASSY TGV,JCESTATL,FRDJU,10:02,FRMLV
3749,2023-08-15,RENNES,OUI,8074,17:15,ATLANTIQUE,LAVAL,BRETAPARIS,FRACR,16:31,FRRNS
3750,2023-08-15,RENNES,NON,8074,17:46,ATLANTIQUE,LE MANS,BRETAPARIS,FRAET,16:31,FRRNS
3751,2023-08-15,VITRE,NON,8074,18:49,ATLANTIQUE,PARIS (intramuros),BRETAPARIS,FRPMO,16:58,FRXVT
3752,2023-08-15,PARIS (intramuros),OUI,8083,12:01,ATLANTIQUE,DOL DE BRETAGNE,PARISBRETA,FRDOL,09:54,FRPMO
3753,2023-08-15,AVIGNON CENTRE,OUI,6195,21:18,SUD EST,ARLES,PAVDR,FRHZA,21:00,FRAES
3754,2023-08-15,VALENCE VILLE,OUI,6195,21:18,SUD EST,ARLES,PAVDR,FRHZA,19:49,FRVAF
3755,2023-08-15,BREST,OUI,8652,21:48,ATLANTIQUE,LAMBALLE,BRETAPARIS,FRLAM,20:19,FRBES
3756,2023-08-15,BREST,OUI,8652,21:35,ATLANTIQUE,ST BRIEUC,BRETAPARIS,FRSBK,20:19,FRBES
3757,2023-08-15,LAMBALLE,NON,8652,22:29,ATLANTIQUE,RENNES,BRETAPARIS,FRRNS,21:51,FRLAM
3758,2023-08-15,MORLAIX,OUI,8652,21:18,ATLANTIQUE,GUINGAMP,BRETAPARIS,FRGGP,20:51,FRMXN
3759,2023-08-15,BRUXELLES MIDI BRUSSEL ZUID,NON,9830,18:56,NORD,MARSEILLE ST CHARLES,JCNORDSUD,FRMSC,13:17,BEBMI
3760,2023-08-15,LILLE (intramuros),NON,9830,15:09,NORD,MARNE LA VALLEE CHESSY,JCNORDSUD,FRMLV,14:03,FRLLE
3761,2023-08-15,LILLE (intramuros),NON,9830,18:56,NORD,MARSEILLE ST CHARLES,JCNORDSUD,FRMSC,14:03,FRLLE
3762,2023-08-15,AEROPORT CDG2 TGV ROISSY,NON,9830,18:13,NORD,AVIGNON TGV,JCNORDSUD,FRAVG,14:59,FRMLW
3763,2023-08-15,AEROPORT CDG2 TGV ROISSY,NON,9830,18:56,NORD,MARSEILLE ST CHARLES,JCNORDSUD,FRMSC,14:59,FRMLW
3764,2023-08-15,ANGOULEME,OUI,8432,08:50,ATLANTIQUE,ST PIERRE DES CORPS,SUDOUESTPA,FRXSH,07:36,FRANG
3765,2023-08-15,BORDEAUX ST JEAN,OUI,8432,10:01,ATLANTIQUE,PARIS (intramuros),SUDOUESTPA,FRPMO,06:58,FRBOJ
3766,2023-08-15,POITIERS,OUI,8432,08:50,ATLANTIQUE,ST PIERRE DES CORPS,SUDOUESTPA,FRXSH,08:19,FRPIS
3767,2023-08-15,DOLE VILLE,OUI,6743,17:27,SUD EST,BESANCON VIOTTE,PABOUR,FRABG,17:01,FRACE
3768,2023-08-15,PARIS (intramuros),NON,6743,17:27,SUD EST,BESANCON VIOTTE,PABOUR,FRABG,14:52,FRPLY
3769,2023-08-15,PARIS (intramuros),OUI,8887,21:13,ATLANTIQUE,ANGERS ST LAUD,PARISLOIRE,FRACL,19:36,FRPMO
3770,2023-08-15,BADEN BADEN,NON,9583,15:59,INTERNATIONAL,FRANKFURT MAIN HBF,MRSFRANC,DEFRH,14:25,DEZCC
3771,2023-08-15,BADEN BADEN,NON,9583,15:18,INTERNATIONAL,MANNHEIM HBF,MRSFRANC,DEMHG,14:25,DEZCC
3772,2023-08-15,STRASBOURG,NON,9583,14:46,INTERNATIONAL,KARLSRUHE HBF,MRSFRANC,DEQKA,13:55,FRAEG
3773,2023-08-15,STRASBOURG,NON,9583,14:23,INTERNATIONAL,BADEN BADEN,MRSFRANC,DEZCC,13:55,FRAEG
3774,2023-08-15,AIX EN PROVENCE TGV,NON,9583,15:59,INTERNATIONAL,FRANKFURT MAIN HBF,MRSFRANC,DEFRH,08:25,FRAIE
3775,2023-08-15,AVIGNON TGV,NON,9583,14:23,INTERNATIONAL,BADEN BADEN,MRSFRANC,DEZCC,08:47,FRAVG
3776,2023-08-15,MARSEILLE ST CHARLES,NON,9583,14:23,INTERNATIONAL,BADEN BADEN,MRSFRANC,DEZCC,08:11,FRMSC
3777,2023-08-15,BELFORT-MONTBELIARD TGV,NON,9583,15:18,INTERNATIONAL,MANNHEIM HBF,MRSFRANC,DEMHG,12:27,FRTJA
3778,2023-08-15,BESANCON - F COMTE TGV,NON,9583,14:23,INTERNATIONAL,BADEN BADEN,MRSFRANC,DEZCC,12:03,FRTJB
3779,2023-08-15,LILLE (intramuros),OUI,5010,10:29,NORD,LYON (intramuros),JCNORDSUD,FRLPD,07:24,FRLLE
3780,2023-08-15,LILLE (intramuros),OUI,5010,08:38,NORD,MARNE LA VALLEE CHESSY,JCNORDSUD,FRMLV,07:24,FRLLE
3781,2023-08-15,LYON (intramuros),OUI,5010,12:24,NORD,MARSEILLE ST CHARLES,JCNORDSUD,FRMSC,10:35,FRLPD
3782,2023-08-15,MARNE LA VALLEE CHESSY,OUI,5010,11:52,NORD,AVIGNON TGV,JCNORDSUD,FRAVG,08:43,FRMLV
3783,2023-08-15,SURGERES,OUI,8364,17:40,ATLANTIQUE,NIORT,ROCHELLEPA,FRNIT,17:22,FREIP
3784,2023-08-15,SURGERES,NON,8364,19:37,ATLANTIQUE,PARIS (intramuros),ROCHELLEPA,FRPMO,17:22,FREIP
3785,2023-08-15,LA ROCHELLE VILLE,OUI,8364,17:40,ATLANTIQUE,NIORT,ROCHELLEPA,FRNIT,17:01,FRLRH
3786,2023-08-15,LES SABLES D'OLONNE,OUI,8984,16:08,ATLANTIQUE,LA ROCHE SUR YON,LOIREPARIS,FRXRO,15:44,FRLSO
3787,2023-08-15,LA ROCHE SUR YON,NON,8984,17:45,ATLANTIQUE,ANGERS ST LAUD,LOIREPARIS,FRACL,16:10,FRXRO
3788,2023-08-15,ANCENIS,NON,8128,19:42,ATLANTIQUE,ANGERS ST LAUD,LOIREPARIS,FRACL,19:15,FREFN
3789,2023-08-15,MASSY TGV,NON,5336,17:15,SUD EST,VALENCE TGV RHONE-ALPES SUD,JCATLSUD,FRVLA,14:26,FRDJU
3790,2023-08-15,RENNES,NON,5336,13:27,SUD EST,LE MANS,JCATLSUD,FRAET,12:30,FRRNS
3791,2023-08-15,RENNES,NON,5336,16:29,SUD EST,LYON (intramuros),JCATLSUD,FRLPD,12:30,FRRNS
3792,2023-08-15,RENNES,NON,5336,17:15,SUD EST,VALENCE TGV RHONE-ALPES SUD,JCATLSUD,FRVLA,12:30,FRRNS
3793,2023-08-15,RENNES,NON,5336,18:36,SUD EST,MONTPELLIER SUD DE FRANCE,JCATLSUD,FRSUF,12:30,FRRNS
3794,2023-08-15,LE MANS,NON,5336,18:36,SUD EST,MONTPELLIER SUD DE FRANCE,JCATLSUD,FRSUF,13:30,FRAET
3795,2023-08-15,LE MANS,NON,5336,17:54,SUD EST,NIMES PONT DU GARD,JCATLSUD,FRXZP,13:30,FRAET
3796,2023-08-15,LAVAL,NON,5336,17:54,SUD EST,NIMES PONT DU GARD,JCATLSUD,FRXZP,12:58,FRACR
3797,2023-08-15,LAUSANNE,NON,9784,23:42,INTERNATIONAL,PARIS (intramuros),GENEVEPA,FRPLY,19:45,CHAJF
3798,2023-08-15,LAUSANNE,NON,9784,21:48,INTERNATIONAL,BOURG EN BRESSE,GENEVEPA,FRXBK,19:45,CHAJF
3799,2023-08-15,GENEVE,NON,9784,23:42,INTERNATIONAL,PARIS (intramuros),GENEVEPA,FRPLY,20:29,CHGVA
3800,2023-08-15,GENEVE,NON,9784,21:48,INTERNATIONAL,BOURG EN BRESSE,GENEVEPA,FRXBK,20:29,CHGVA
3801,2023-08-15,AIX EN PROVENCE TGV,NON,6805,12:58,SUD EST,NICE VILLE,JCPROVSUD,FRNIC,09:51,FRAIE
3802,2023-08-15,AIX EN PROVENCE TGV,NON,6805,11:06,SUD EST,TOULON,JCPROVSUD,FRTLN,09:51,FRAIE
3803,2023-08-15,CANNES,OUI,6805,12:58,SUD EST,NICE VILLE,JCPROVSUD,FRNIC,12:31,FRJCA
3804,2023-08-15,LYON (intramuros),NON,6805,12:58,SUD EST,NICE VILLE,JCPROVSUD,FRNIC,08:06,FRLPD
3805,2023-08-15,MARSEILLE ST CHARLES,NON,6805,12:26,SUD EST,CANNES,JCPROVSUD,FRJCA,10:20,FRMSC
3806,2023-08-15,TOULON,NON,6805,12:02,SUD EST,ST RAPHAEL VALESCURE,JCPROVSUD,FRXSK,11:11,FRTLN
3807,2023-08-15,VALENCE TGV RHONE-ALPES SUD,NON,6805,09:26,SUD EST,AVIGNON TGV,JCPROVSUD,FRAVG,08:53,FRVLA
3808,2023-08-15,ST RAPHAEL VALESCURE,OUI,6805,12:26,SUD EST,CANNES,JCPROVSUD,FRJCA,12:05,FRXSK
3809,2023-08-15,AGEN,OUI,4752,11:32,IC ARO,BORDEAUX ST JEAN,TJOURSESO,FRBOJ,10:28,FRAGF
3810,2023-08-15,BEZIERS,OUI,4752,07:59,IC ARO,NARBONNE,TJOURSESO,FRXNA,07:46,FRBZR
3811,2023-08-15,CARCASSONNE,OUI,4752,11:32,IC ARO,BORDEAUX ST JEAN,TJOURSESO,FRBOJ,08:33,FRCCF
3812,2023-08-15,CARCASSONNE,OUI,4752,09:49,IC ARO,MONTAUBAN VILLE BOURBON,TJOURSESO,FRXMW,08:33,FRCCF
3813,2023-08-15,NIMES,OUI,4752,08:31,IC ARO,CARCASSONNE,TJOURSESO,FRCCF,06:38,FRFNI
3814,2023-08-15,MONTPELLIER SAINT-ROCH,OUI,4752,09:49,IC ARO,MONTAUBAN VILLE BOURBON,TJOURSESO,FRXMW,07:06,FRMPL
3815,2023-08-15,MONTAUBAN VILLE BOURBON,OUI,4752,10:26,IC ARO,AGEN,TJOURSESO,FRAGF,09:51,FRXMW
3816,2023-08-15,MONTAUBAN VILLE BOURBON,OUI,4752,11:32,IC ARO,BORDEAUX ST JEAN,TJOURSESO,FRBOJ,09:51,FRXMW
3817,2023-08-15,NARBONNE,OUI,4752,08:31,IC ARO,CARCASSONNE,TJOURSESO,FRCCF,08:02,FRXNA
3818,2023-08-15,NARBONNE,OUI,4752,09:16,IC ARO,TOULOUSE MATABIAU,TJOURSESO,FRXYT,08:02,FRXNA
3819,2023-08-15,TOULOUSE MATABIAU,OUI,4752,09:49,IC ARO,MONTAUBAN VILLE BOURBON,TJOURSESO,FRXMW,09:24,FRXYT
3820,2023-08-15,AGEN,OUI,12213,23:02,ATLANTIQUE,MONTAUBAN VILLE BOURBON,PASUDOUEST,FRXMW,22:25,FRAGF
3821,2023-08-15,PARIS (intramuros),OUI,12213,23:31,ATLANTIQUE,TOULOUSE MATABIAU,PASUDOUEST,FRXYT,19:08,FRPMO
3822,2023-08-15,MONTAUBAN VILLE BOURBON,OUI,12213,23:31,ATLANTIQUE,TOULOUSE MATABIAU,PASUDOUEST,FRXYT,23:05,FRXMW
3823,2023-08-15,LES SABLES D'OLONNE,NON,8972,12:23,ATLANTIQUE,LE MANS,LOIREPARIS,FRAET,09:44,FRLSO
3824,2023-08-15,LES SABLES D'OLONNE,NON,8972,10:54,ATLANTIQUE,NANTES,LOIREPARIS,FRNTE,09:44,FRLSO
3825,2023-08-15,LES SABLES D'OLONNE,NON,8972,13:25,ATLANTIQUE,PARIS (intramuros),LOIREPARIS,FRPMO,09:44,FRLSO
3826,2023-08-15,LA ROCHE SUR YON,NON,8972,10:54,ATLANTIQUE,NANTES,LOIREPARIS,FRNTE,10:10,FRXRO
3827,2023-08-15,LAVAL,OUI,8641,21:38,ATLANTIQUE,GUINGAMP,PARISBRETA,FRGGP,19:58,FRACR
3828,2023-08-15,LAVAL,OUI,8641,21:21,ATLANTIQUE,ST BRIEUC,PARISBRETA,FRSBK,19:58,FRACR
3829,2023-08-15,GUINGAMP,OUI,8641,22:51,ATLANTIQUE,BREST,PARISBRETA,FRBES,21:40,FRGGP
3830,2023-08-15,LAMBALLE,OUI,8641,22:51,ATLANTIQUE,BREST,PARISBRETA,FRBES,21:11,FRLAM
3831,2023-08-15,LAMBALLE,OUI,8641,21:21,ATLANTIQUE,ST BRIEUC,PARISBRETA,FRSBK,21:11,FRLAM
3832,2023-08-15,PLOUARET TREGOR,OUI,8641,22:36,ATLANTIQUE,LANDERNEAU,PARISBRETA,FRXLD,21:55,FRPLT
3833,2023-08-15,PARIS (intramuros),OUI,8641,22:11,ATLANTIQUE,MORLAIX,PARISBRETA,FRMXN,18:40,FRPMO
3834,2023-08-15,PARIS (intramuros),OUI,8641,20:25,ATLANTIQUE,RENNES,PARISBRETA,FRRNS,18:40,FRPMO
3835,2023-08-15,PARIS (intramuros),OUI,8641,21:21,ATLANTIQUE,ST BRIEUC,PARISBRETA,FRSBK,18:40,FRPMO
3836,2023-08-15,ST BRIEUC,OUI,8641,22:36,ATLANTIQUE,LANDERNEAU,PARISBRETA,FRXLD,21:24,FRSBK
3837,2023-08-15,NANCY,OUI,2571,15:12,EST,REMIREMONT,PANANCY,FRRNT,14:05,FRENC
3838,2023-08-15,LUNEVILLE,OUI,2583,23:17,EST,STRASBOURG,PANANCY,FRAEG,22:11,FRLNE
3839,2023-08-15,PARIS (intramuros),OUI,2583,22:08,EST,LUNEVILLE,PANANCY,FRLNE,20:07,FRPST
3840,2023-08-15,PARIS (intramuros),OUI,2583,22:33,EST,SARREBOURG,PANANCY,FRSBG,20:07,FRPST
3841,2023-08-15,MEUSE TGV,OUI,2583,22:51,EST,SAVERNE,PANANCY,FRSNE,21:09,FREAJ
3842,2023-08-15,PARIS (intramuros),OUI,7277,18:07,NORD,LILLE (intramuros),PAARRAS,FRLLE,16:52,FRPNO
3843,2023-08-15,NANCY,NON,2542,16:01,EST,PARIS (intramuros),NANCYPA,FRPST,14:30,FRENC
3844,2023-08-15,LORIENT,NON,8720,13:25,ATLANTIQUE,RENNES,BRETAPARIS,FRRNS,12:01,FRLRT
3845,2023-08-15,LORIENT,OUI,8720,12:24,ATLANTIQUE,VANNES,BRETAPARIS,FRVNE,12:01,FRLRT
3846,2023-08-15,BRUXELLES MIDI BRUSSEL ZUID,NON,9810,11:52,NORD,AVIGNON TGV,JCNORDSUD,FRAVG,06:35,BEBMI
3847,2023-08-15,LILLE (intramuros),NON,9810,11:52,NORD,AVIGNON TGV,JCNORDSUD,FRAVG,07:24,FRLLE
3848,2023-08-15,LILLE (intramuros),NON,9810,12:24,NORD,MARSEILLE ST CHARLES,JCNORDSUD,FRMSC,07:24,FRLLE
3849,2023-08-15,LYON (intramuros),NON,9810,11:52,NORD,AVIGNON TGV,JCNORDSUD,FRAVG,10:35,FRLPD
3850,2023-08-15,TGV HAUTE PICARDIE,NON,9810,12:24,NORD,MARSEILLE ST CHARLES,JCNORDSUD,FRMSC,07:54,FRTHP
3851,2023-08-15,UZERCHE,OUI,3638,10:13,IC ARO,LIMOGES BENEDICTINS,TOULOUZECO,FRAGQ,09:37,FRAAW
3852,2023-08-15,UZERCHE,NON,3638,11:23,IC ARO,CHATEAUROUX,TOULOUZECO,FRCHR,09:37,FRAAW
3853,2023-08-15,GOURDON,OUI,3638,10:13,IC ARO,LIMOGES BENEDICTINS,TOULOUZECO,FRAGQ,08:27,FRFSI
3854,2023-08-15,GOURDON,NON,3638,13:31,IC ARO,PARIS (intramuros),TOULOUZECO,FRPAZ,08:27,FRFSI
3855,2023-08-15,LA SOUTERRAINE,NON,3638,11:39,IC ARO,ISSOUDUN,TOULOUZECO,FRFMN,10:47,FRLST
3856,2023-08-15,LA SOUTERRAINE,NON,3638,13:31,IC ARO,PARIS (intramuros),TOULOUZECO,FRPAZ,10:47,FRLST
3857,2023-08-15,SOUILLAC,NON,3638,13:31,IC ARO,PARIS (intramuros),TOULOUZECO,FRPAZ,08:44,FRSOU
3858,2023-08-15,CAHORS,OUI,3638,09:36,IC ARO,UZERCHE,TOULOUZECO,FRAAW,08:00,FRZAO
3859,2023-08-15,POITIERS,OUI,8346,21:20,ATLANTIQUE,PARIS (intramuros),ROCHELLEPA,FRPMO,19:22,FRPIS
3860,2023-08-15,DIJON VILLE,NON,9879,16:56,EST,LYON (intramuros),JCRHINRHON,FRLPD,15:21,FRABA
3861,2023-08-15,METZ VILLE,NON,9879,15:11,EST,DIJON VILLE,JCRHINRHON,FRABA,12:12,FRADE
3862,2023-08-15,STRASBOURG,NON,9879,14:41,EST,BESANCON - F COMTE TGV,JCRHINRHON,FRTJB,13:06,FRAEG
3863,2023-08-15,BESANCON - F COMTE TGV,NON,9879,16:56,EST,LYON (intramuros),JCRHINRHON,FRLPD,14:44,FRTJB
3864,2023-08-15,BESANCON - F COMTE TGV,NON,9879,17:50,EST,VALENCE TGV RHONE-ALPES SUD,JCRHINRHON,FRVLA,14:44,FRTJB
3865,2023-08-15,LUXEMBOURG,OUI,9879,13:00,EST,STRASBOURG,JCRHINRHON,FRAEG,11:24,LULUX
3866,2023-08-15,LUXEMBOURG,NON,9879,16:56,EST,LYON (intramuros),JCRHINRHON,FRLPD,11:24,LULUX
3867,2023-08-15,LUXEMBOURG,NON,9879,14:41,EST,BESANCON - F COMTE TGV,JCRHINRHON,FRTJB,11:24,LULUX
3868,2023-08-15,LUXEMBOURG,NON,9879,17:50,EST,VALENCE TGV RHONE-ALPES SUD,JCRHINRHON,FRVLA,11:24,LULUX
3869,2023-08-15,LYON (intramuros),NON,9879,18:53,EST,MONTPELLIER SUD DE FRANCE,JCRHINRHON,FRSUF,17:10,FRLPD
3870,2023-08-15,METZ VILLE,NON,9879,18:53,EST,MONTPELLIER SUD DE FRANCE,JCRHINRHON,FRSUF,12:12,FRADE
3871,2023-08-15,THIONVILLE,NON,9879,18:31,EST,NIMES PONT DU GARD,JCRHINRHON,FRXZP,11:48,FRXTH
3872,2023-08-15,LUXEMBOURG,NON,9879,18:31,EST,NIMES PONT DU GARD,JCRHINRHON,FRXZP,11:24,LULUX
3873,2023-08-15,DAX,OUI,8537,14:55,ATLANTIQUE,HENDAYE,PASUDOUEST,FRAEF,13:42,FRACG
3874,2023-08-15,BORDEAUX ST JEAN,NON,8537,14:25,ATLANTIQUE,BIARRITZ,PASUDOUEST,FRBIQ,12:20,FRBOJ
3875,2023-08-15,BORDEAUX ST JEAN,NON,8537,14:41,ATLANTIQUE,ST JEAN DE LUZ CIBOURE,PASUDOUEST,FRXJZ,12:20,FRBOJ
3876,2023-08-15,PARIS (intramuros),NON,8537,14:25,ATLANTIQUE,BIARRITZ,PASUDOUEST,FRBIQ,10:08,FRPMO
3877,2023-08-15,BEZIERS,NON,9715,19:56,SUD EST,PERPIGNAN,PABARCELONE,FRPGF,19:06,FRBZR
3878,2023-08-15,VALENCE TGV RHONE-ALPES SUD,NON,9715,19:56,SUD EST,PERPIGNAN,PABARCELONE,FRPGF,17:09,FRVLA
3879,2023-08-15,VALENCE TGV RHONE-ALPES SUD,NON,9715,18:48,SUD EST,AGDE,PABARCELONE,FRXAG,17:09,FRVLA
3880,2023-08-15,VALENCE TGV RHONE-ALPES SUD,NON,9715,19:20,SUD EST,NARBONNE,PABARCELONE,FRXNA,17:09,FRVLA
3881,2023-08-15,VALENCE TGV RHONE-ALPES SUD,NON,9715,18:31,SUD EST,SETE,PABARCELONE,FRXSY,17:09,FRVLA
3882,2023-08-15,SETE,NON,9715,18:48,SUD EST,AGDE,PABARCELONE,FRXAG,18:34,FRXSY
3883,2023-08-15,MONTPELLIER SUD DE FRANCE,NON,9715,19:03,SUD EST,BEZIERS,PABARCELONE,FRBZR,18:17,FRSUF
3884,2023-08-15,NIMES PONT DU GARD,NON,9715,18:08,SUD EST,MONTPELLIER SUD DE FRANCE,PABARCELONE,FRSUF,17:49,FRXZP
3885,2023-08-15,PERPIGNAN,NON,9715,21:25,SUD EST,BARCELONA SANTS,PABARCELONE,ESBST,20:03,FRPGF
3886,2023-08-15,NARBONNE,NON,9715,21:25,SUD EST,BARCELONA SANTS,PABARCELONE,ESBST,19:23,FRXNA
3887,2023-08-15,NIMES PONT DU GARD,NON,9715,21:25,SUD EST,BARCELONA SANTS,PABARCELONE,ESBST,17:49,FRXZP
3888,2023-08-15,MONTPELLIER SUD DE FRANCE,NON,9715,21:25,SUD EST,BARCELONA SANTS,PABARCELONE,ESBST,18:17,FRSUF
3889,2023-08-15,BEZIERS,NON,9715,20:44,SUD EST,GIRONA,PABARCELONE,ESGRO,19:06,FRBZR
3890,2023-08-15,PARIS (intramuros),NON,8715,13:57,ATLANTIQUE,LORIENT,PARISBRETA,FRLRT,10:53,FRPMO
3891,2023-08-15,LYON (intramuros),NON,5354,13:29,SUD EST,LE MANS,JCSUDATL,FRAET,10:30,FRLPD
3892,2023-08-15,LYON (intramuros),NON,5354,12:34,SUD EST,MASSY TGV,JCSUDATL,FRDJU,10:30,FRLPD
3893,2023-08-15,LYON (intramuros),NON,5354,13:29,SUD EST,LE MANS,JCSUDATL,FRAET,10:16,FRLPE
3894,2023-08-15,LYON (intramuros),NON,5354,12:34,SUD EST,MASSY TGV,JCSUDATL,FRDJU,10:16,FRLPE
3895,2023-08-15,PARIS (intramuros),OUI,6951,21:35,SUD EST,CHAMBERY CHALLES LES EAUX,PARISALPES,FRCMF,18:46,FRPLY
3896,2023-08-15,PARIS (intramuros),OUI,6951,22:00,SUD EST,AIX LES BAINS LE REVARD,PARISALPES,FRXAI,18:46,FRPLY
3897,2023-08-15,BRUXELLES MIDI BRUSSEL ZUID,NON,9836,16:53,NORD,LILLE (intramuros),JCNORDSUD,FRLLE,16:17,BEBMI
3898,2023-08-15,MARNE LA VALLEE CHESSY,NON,9836,20:00,NORD,LYON (intramuros),JCNORDSUD,FRLPD,18:13,FRMLV
3899,2023-08-15,VALENCE TGV RHONE-ALPES SUD,OUI,9836,21:37,NORD,NIMES,JCNORDSUD,FRFNI,20:54,FRVLA
3900,2023-08-15,AIX LES BAINS LE REVARD,OUI,6964,10:09,SUD EST,CHAMBERY CHALLES LES EAUX,ALPESPARIS,FRCMF,10:00,FRXAI
3901,2023-08-15,LYON (intramuros),NON,5376,14:31,SUD EST,LE HAVRE,JCSUDATL,FRAEZ,09:30,FRLPD
3902,2023-08-15,LYON (intramuros),NON,5376,13:22,SUD EST,ROUEN RIVE DROITE,JCSUDATL,FRURD,09:30,FRLPD
3903,2023-08-15,MASSY PALAISEAU,OUI,5376,14:31,SUD EST,LE HAVRE,JCSUDATL,FRAEZ,11:40,FRMPU
3904,2023-08-15,MARSEILLE ST CHARLES,OUI,5376,08:02,SUD EST,AVIGNON TGV,JCSUDATL,FRAVG,07:35,FRMSC
3905,2023-08-15,MARSEILLE ST CHARLES,NON,5376,09:20,SUD EST,LYON (intramuros),JCSUDATL,FRLPD,07:35,FRMSC
3906,2023-08-15,MANTES LA JOLIE,OUI,5376,13:22,SUD EST,ROUEN RIVE DROITE,JCSUDATL,FRURD,12:32,FRMTE
3907,2023-08-15,VALENCE TGV RHONE-ALPES SUD,NON,5376,11:55,SUD EST,VERSAILLES CHANTIERS,JCSUDATL,FRDHT,08:42,FRVLA
3908,2023-08-15,LE MANS,OUI,8881,18:58,ATLANTIQUE,NANTES,PARISLOIRE,FRNTE,17:36,FRAET
3909,2023-08-15,PARIS (intramuros),OUI,6153,22:11,SUD EST,TOULON,PAAZUR,FRTLN,18:10,FRPLY
3910,2023-08-15,NEVERS,NON,5983,22:29,IC ARO,CLERMONT FERRAND,PACLERMONT,FRCFE,20:59,FRNVS
3911,2023-08-15,NEVERS,NON,5983,22:17,IC ARO,RIOM CHATEL GUYON,PACLERMONT,FRRIO,20:59,FRNVS
3912,2023-08-15,NICE VILLE,NON,6850,17:44,SUD EST,AIX EN PROVENCE TGV,JCSUDPROV,FRAIE,14:40,FRNIC
3913,2023-08-15,NICE VILLE,NON,6850,17:19,SUD EST,MARSEILLE ST CHARLES,JCSUDPROV,FRMSC,14:40,FRNIC
3914,2023-08-15,TOULON,NON,6850,19:20,SUD EST,LYON (intramuros),JCSUDPROV,FRLPD,16:23,FRTLN
3915,2023-08-15,ANTIBES,OUI,6850,15:05,SUD EST,CANNES,JCSUDPROV,FRJCA,14:56,FRXAT
3916,2023-08-15,ST RAPHAEL VALESCURE,NON,6850,19:20,SUD EST,LYON (intramuros),JCSUDPROV,FRLPD,15:34,FRXSK
3917,2023-08-15,BREST,NON,8630,16:29,ATLANTIQUE,RENNES,BRETAPARIS,FRRNS,14:11,FRBES
3918,2023-08-15,GUINGAMP,NON,8630,16:29,ATLANTIQUE,RENNES,BRETAPARIS,FRRNS,15:18,FRGGP
3919,2023-08-15,GUINGAMP,OUI,8630,15:32,ATLANTIQUE,ST BRIEUC,BRETAPARIS,FRSBK,15:18,FRGGP
3920,2023-08-15,PLOUARET TREGOR,NON,8630,15:46,ATLANTIQUE,LAMBALLE,BRETAPARIS,FRLAM,15:02,FRPLT
3921,2023-08-15,LILLE (intramuros),OUI,9844,20:09,NORD,MARNE LA VALLEE CHESSY,JCNORDSUD,FRMLV,19:03,FRLLE
3922,2023-08-15,AEROPORT CDG2 TGV ROISSY,OUI,9844,22:18,NORD,LYON (intramuros),JCNORDSUD,FRLPE,20:00,FRMLW
3923,2023-08-15,DIJON VILLE,NON,9213,16:26,INTERNATIONAL,ZUERICH HB,PABALZUR,CHAJD,14:01,FRABA
3924,2023-08-15,DIJON VILLE,NON,9213,15:26,INTERNATIONAL,BASEL SBB,PABALZUR,CHAJP,14:01,FRABA
3925,2023-08-15,PARIS (intramuros),NON,9213,13:57,INTERNATIONAL,DIJON VILLE,PABALZUR,FRABA,12:22,FRPLY
3926,2023-08-15,ST JEAN DE LUZ CIBOURE,NON,8550,20:40,ATLANTIQUE,BORDEAUX ST JEAN,SUDOUESTPA,FRBOJ,18:19,FRXJZ
3927,2023-08-15,ST JEAN DE LUZ CIBOURE,OUI,8550,18:44,ATLANTIQUE,BAYONNE,SUDOUESTPA,FRXBY,18:19,FRXJZ
3928,2023-08-15,LUCON,NON,3831,12:07,IC SRO,BORDEAUX ST JEAN,NANTEBORDO,FRBOJ,09:00,FRLCN
3929,2023-08-15,LUCON,NON,3831,10:32,IC SRO,SAINTES,NANTEBORDO,FRXST,09:00,FRLCN
3930,2023-08-15,LA ROCHELLE VILLE,NON,3831,10:03,IC SRO,ROCHEFORT,NANTEBORDO,FRRCO,09:43,FRLRH
3931,2023-08-15,LA ROCHELLE VILLE,NON,3831,10:32,IC SRO,SAINTES,NANTEBORDO,FRXST,09:43,FRLRH
3932,2023-08-15,NANTES,NON,3831,09:39,IC SRO,LA ROCHELLE VILLE,NANTEBORDO,FRLRH,07:55,FRNTE
3933,2023-08-15,ROCHEFORT,NON,3831,12:07,IC SRO,BORDEAUX ST JEAN,NANTEBORDO,FRBOJ,10:05,FRRCO
3934,2023-08-15,ROCHEFORT,NON,3831,10:32,IC SRO,SAINTES,NANTEBORDO,FRXST,10:05,FRRCO
3935,2023-08-15,LA ROCHE SUR YON,NON,3831,11:10,IC SRO,JONZAC,NANTEBORDO,FREMR,08:36,FRXRO
3936,2023-08-15,LA ROCHELLE VILLE,NON,8378,16:57,ATLANTIQUE,PARIS (intramuros),ROCHELLEPA,FRPMO,13:47,FRLRH
3937,2023-08-15,POITIERS,NON,8378,15:50,ATLANTIQUE,ST PIERRE DES CORPS,ROCHELLEPA,FRXSH,15:19,FRPIS
3938,2023-08-15,PARIS (intramuros),OUI,9765,13:00,INTERNATIONAL,BELLEGARDE,PAGENEVE,FRXBF,10:18,FRPLY
3939,2023-08-15,BOURG EN BRESSE,NON,9765,13:30,INTERNATIONAL,GENEVE,PAGENEVE,CHGVA,12:12,FRXBK
3940,2023-08-15,PAU,NON,14143,14:59,IC SRO,BAYONNE,SUDOUEST,FRXBY,13:52,FRAEE
3941,2023-08-15,ST GAUDENS,NON,14143,13:49,IC SRO,PAU,SUDOUEST,FRAEE,12:21,FRFPH
3942,2023-08-15,ST GAUDENS,NON,14143,13:05,IC SRO,TARBES,SUDOUEST,FRXTB,12:21,FRFPH
3943,2023-08-15,TARBES,NON,14143,13:49,IC SRO,PAU,SUDOUEST,FRAEE,13:08,FRXTB
3944,2023-08-15,TOULOUSE MATABIAU,NON,14143,13:05,IC SRO,TARBES,SUDOUEST,FRXTB,11:32,FRXYT
3945,2023-08-15,BIARRITZ,OUI,8544,17:17,ATLANTIQUE,DAX,SUDOUESTPA,FRACG,16:32,FRBIQ
3946,2023-08-15,BIARRITZ,OUI,8544,16:44,ATLANTIQUE,BAYONNE,SUDOUESTPA,FRXBY,16:32,FRBIQ
3947,2023-08-15,MASSY TGV,NON,8544,20:58,ATLANTIQUE,PARIS (intramuros),SUDOUESTPA,FRPMO,20:46,FRDJU
3948,2023-08-15,LILLE (intramuros),OUI,9852,09:43,NORD,BRUXELLES MIDI BRUSSEL ZUID,JCSUDNORD,BEBMI,09:09,FRLLE
3949,2023-08-15,LYON (intramuros),OUI,9852,06:31,NORD,LE CREUSOT MONTCEAU MONTCHANIN,JCSUDNORD,FRXCC,05:50,FRLPD
3950,2023-08-15,LE CREUSOT MONTCEAU MONTCHANIN,OUI,9852,07:46,NORD,MARNE LA VALLEE CHESSY,JCSUDNORD,FRMLV,06:34,FRXCC
3951,2023-08-15,LE CREUSOT MONTCEAU MONTCHANIN,OUI,9852,08:01,NORD,AEROPORT CDG2 TGV ROISSY,JCSUDNORD,FRMLW,06:34,FRXCC
3952,2023-08-15,HYERES,NON,6124,16:16,SUD EST,AIX EN PROVENCE TGV,AZURPA,FRAIE,14:50,FRXHE
3953,2023-08-15,HYERES,NON,6124,15:50,SUD EST,MARSEILLE ST CHARLES,AZURPA,FRMSC,14:50,FRXHE
3954,2023-08-15,HYERES,NON,6124,19:22,SUD EST,PARIS (intramuros),AZURPA,FRPLY,14:50,FRXHE
3955,2023-08-15,DIJON VILLE,OUI,6711,21:29,SUD EST,BELFORT-MONTBELIARD TGV,PABOUR,FRTJA,20:35,FRABA
3956,2023-08-15,MONTBARD,OUI,6711,20:31,SUD EST,DIJON VILLE,PABOUR,FRABA,19:56,FRGWE
3957,2023-08-15,MONTBARD,OUI,6711,21:05,SUD EST,BESANCON - F COMTE TGV,PABOUR,FRTJB,19:56,FRGWE
3958,2023-08-15,BESANCON - F COMTE TGV,OUI,6711,21:55,SUD EST,MULHOUSE VILLE,PABOUR,FRAEK,21:08,FRTJB
3959,2023-08-15,LUCON,NON,3837,22:08,IC SRO,BORDEAUX ST JEAN,NANTEBORDO,FRBOJ,19:00,FRLCN
3960,2023-08-15,LUCON,NON,3837,19:39,IC SRO,LA ROCHELLE VILLE,NANTEBORDO,FRLRH,19:00,FRLCN
3961,2023-08-15,LA ROCHELLE VILLE,NON,3837,20:03,IC SRO,ROCHEFORT,NANTEBORDO,FRRCO,19:43,FRLRH
3962,2023-08-15,LA ROCHELLE VILLE,NON,3837,20:32,IC SRO,SAINTES,NANTEBORDO,FRXST,19:43,FRLRH
3963,2023-08-15,NANTES,NON,3837,18:58,IC SRO,LUCON,NANTEBORDO,FRLCN,17:55,FRNTE
3964,2023-08-15,NANTES,NON,3837,19:39,IC SRO,LA ROCHELLE VILLE,NANTEBORDO,FRLRH,17:55,FRNTE
3965,2023-08-15,LA ROCHE SUR YON,NON,3837,22:08,IC SRO,BORDEAUX ST JEAN,NANTEBORDO,FRBOJ,18:36,FRXRO
3966,2023-08-15,LA ROCHE SUR YON,NON,3837,18:58,IC SRO,LUCON,NANTEBORDO,FRLCN,18:36,FRXRO
3967,2023-08-15,LA ROCHE SUR YON,NON,3837,19:39,IC SRO,LA ROCHELLE VILLE,NANTEBORDO,FRLRH,18:36,FRXRO
3968,2023-08-15,LA ROCHE SUR YON,NON,3837,20:32,IC SRO,SAINTES,NANTEBORDO,FRXST,18:36,FRXRO
3969,2023-08-15,SAINTES,NON,3837,21:10,IC SRO,JONZAC,NANTEBORDO,FREMR,20:34,FRXST
3970,2023-08-15,PARIS (intramuros),OUI,6929,21:57,SUD EST,LYON-SAINT EXUPERY TGV,PAGRENOBLE,FRJDQ,20:09,FRPLY
3971,2023-08-15,LILLE (intramuros),NON,5240,21:21,NORD,ANGOULEME,JCNORDAQUI,FRANG,17:16,FRADJ
3972,2023-08-15,MASSY TGV,NON,5240,22:02,NORD,BORDEAUX ST JEAN,JCNORDAQUI,FRBOJ,19:09,FRDJU
3973,2023-08-15,MARNE LA VALLEE CHESSY,NON,5240,22:02,NORD,BORDEAUX ST JEAN,JCNORDAQUI,FRBOJ,18:32,FRMLV
3974,2023-08-15,MARNE LA VALLEE CHESSY,NON,5240,20:40,NORD,POITIERS,JCNORDAQUI,FRPIS,18:32,FRMLV
3975,2023-08-15,MARNE LA VALLEE CHESSY,NON,5240,20:06,NORD,ST PIERRE DES CORPS,JCNORDAQUI,FRXSH,18:32,FRMLV
3976,2023-08-15,AEROPORT CDG2 TGV ROISSY,NON,5240,20:40,NORD,POITIERS,JCNORDAQUI,FRPIS,18:18,FRMLW
3977,2023-08-15,LYON-SAINT EXUPERY TGV,OUI,6919,17:13,SUD EST,GRENOBLE,PAGRENOBLE,FRGNB,16:09,FRJDQ
3978,2023-08-15,STRASBOURG,OUI,9584,09:42,EST,CHAMPAGNE-ARDENNE,JCESTATL,FREAH,08:12,FRAEG
3979,2023-08-15,STRASBOURG,OUI,9584,09:15,EST,MEUSE TGV,JCESTATL,FREAJ,08:12,FRAEG
3980,2023-08-15,ANGOULEME,OUI,9584,13:43,EST,BORDEAUX ST JEAN,JCESTATL,FRBOJ,12:49,FRANG
3981,2023-08-15,CHAMPAGNE-ARDENNE,NON,9584,13:43,EST,BORDEAUX ST JEAN,JCESTATL,FRBOJ,09:45,FREAH
3982,2023-08-15,CHAMPAGNE-ARDENNE,NON,9584,10:50,EST,MASSY TGV,JCESTATL,FRDJU,09:45,FREAH
3983,2023-08-15,LORRAINE TGV,OUI,9584,09:42,EST,CHAMPAGNE-ARDENNE,JCESTATL,FREAH,08:56,FREAM
3984,2023-08-15,LORRAINE TGV,NON,9584,12:06,EST,POITIERS,JCESTATL,FRPIS,08:56,FREAM
3985,2023-08-15,OFFENBOURG/OFFENBURG,NON,9584,13:43,EST,BORDEAUX ST JEAN,JCESTATL,FRBOJ,07:46,DEZPA
3986,2023-08-15,OFFENBOURG/OFFENBURG,OUI,9584,08:49,EST,LORRAINE TGV,JCESTATL,FREAM,07:46,DEZPA
3987,2023-08-15,FREIBURG BREISGAU HBF,NON,9584,10:50,EST,MASSY TGV,JCESTATL,FRDJU,07:07,DEFGB
3988,2023-08-15,FREIBURG BREISGAU HBF,OUI,9584,09:15,EST,MEUSE TGV,JCESTATL,FREAJ,07:07,DEFGB
3989,2023-08-15,AIX EN PROVENCE TGV,NON,6852,20:52,SUD EST,AVIGNON TGV,JCSUDPROV,FRAVG,20:32,FRAIE
3990,2023-08-15,AVIGNON TGV,NON,6852,22:14,SUD EST,LYON (intramuros),JCSUDPROV,FRLPD,20:55,FRAVG
3991,2023-08-15,CANNES,NON,6852,19:14,SUD EST,TOULON,JCSUDPROV,FRTLN,17:59,FRJCA
3992,2023-08-15,MARSEILLE ST CHARLES,NON,6852,20:52,SUD EST,AVIGNON TGV,JCSUDPROV,FRAVG,20:18,FRMSC
3993,2023-08-15,NICE VILLE,NON,6852,19:14,SUD EST,TOULON,JCSUDPROV,FRTLN,17:27,FRNIC
3994,2023-08-15,TOULON,NON,6852,20:52,SUD EST,AVIGNON TGV,JCSUDPROV,FRAVG,19:18,FRTLN
3995,2023-08-15,ANTIBES,OUI,6852,17:55,SUD EST,CANNES,JCSUDPROV,FRJCA,17:45,FRXAT
3996,2023-08-15,ANTIBES,NON,6852,22:14,SUD EST,LYON (intramuros),JCSUDPROV,FRLPD,17:45,FRXAT
3997,2023-08-15,ANTIBES,OUI,6852,18:21,SUD EST,ST RAPHAEL VALESCURE,JCSUDPROV,FRXSK,17:45,FRXAT
3998,2023-08-15,LES ARCS DRAGUIGNAN,NON,6852,20:52,SUD EST,AVIGNON TGV,JCSUDPROV,FRAVG,18:40,FRXRS
3999,2023-08-15,LES ARCS DRAGUIGNAN,NON,6852,19:14,SUD EST,TOULON,JCSUDPROV,FRTLN,18:40,FRXRS
4000,2023-08-15,ST RAPHAEL VALESCURE,NON,6852,22:14,SUD EST,LYON (intramuros),JCSUDPROV,FRLPD,18:24,FRXSK
4001,2023-08-15,LYON (intramuros),OUI,6613,14:10,SUD EST,LYON (intramuros),PARISRHONE,FRLPE,14:02,FRLPD
4002,2023-08-15,PARIS (intramuros),OUI,6613,13:56,SUD EST,LYON (intramuros),PARISRHONE,FRLPD,11:52,FRPLY
4003,2023-08-15,LE CREUSOT MONTCEAU MONTCHANIN,OUI,6613,14:10,SUD EST,LYON (intramuros),PARISRHONE,FRLPE,13:13,FRXCC
4004,2023-08-15,ZUERICH HB,NON,9234,19:53,INTERNATIONAL,MULHOUSE VILLE,ZURBALPA,FRAEK,18:34,CHAJD
4005,2023-08-15,ZUERICH HB,NON,9234,22:42,INTERNATIONAL,PARIS (intramuros),ZURBALPA,FRPLY,18:34,CHAJD
4006,2023-08-15,MULHOUSE VILLE,NON,9234,20:18,INTERNATIONAL,BELFORT-MONTBELIARD TGV,ZURBALPA,FRTJA,19:56,FRAEK
4007,2023-08-15,PARIS (intramuros),OUI,8473,13:14,ATLANTIQUE,BORDEAUX ST JEAN,PASUDOUEST,FRBOJ,11:08,FRPMO
4008,2023-08-15,ST DIE DES VOSGES,OUI,2598,18:11,EST,NANCY,NANCYPA,FRENC,17:11,FRXTD
4009,2023-08-15,ST DIE DES VOSGES,NON,2598,19:54,EST,PARIS (intramuros),NANCYPA,FRPST,17:11,FRXTD
4010,2023-08-15,AGEN,NON,4760,17:33,IC ARO,BORDEAUX ST JEAN,TJOURSESO,FRBOJ,16:27,FRAGF
4011,2023-08-15,CARCASSONNE,NON,4760,16:25,IC ARO,AGEN,TJOURSESO,FRAGF,14:34,FRCCF
4012,2023-08-15,CARCASSONNE,NON,4760,17:33,IC ARO,BORDEAUX ST JEAN,TJOURSESO,FRBOJ,14:34,FRCCF
4013,2023-08-15,CARCASSONNE,NON,4760,15:48,IC ARO,MONTAUBAN VILLE BOURBON,TJOURSESO,FRXMW,14:34,FRCCF
4014,2023-08-15,NIMES,NON,4760,14:32,IC ARO,CARCASSONNE,TJOURSESO,FRCCF,12:38,FRFNI
4015,2023-08-15,NIMES,NON,4760,14:01,IC ARO,NARBONNE,TJOURSESO,FRXNA,12:38,FRFNI
4016,2023-08-15,NIMES,NON,4760,15:16,IC ARO,TOULOUSE MATABIAU,TJOURSESO,FRXYT,12:38,FRFNI
4017,2023-08-15,ARLES,NON,4760,13:02,IC ARO,MONTPELLIER SAINT-ROCH,TJOURSESO,FRMPL,12:09,FRHZA
4018,2023-08-15,ARLES,NON,4760,13:20,IC ARO,SETE,TJOURSESO,FRXSY,12:09,FRHZA
4019,2023-08-15,MONTPELLIER SAINT-ROCH,NON,4760,16:25,IC ARO,AGEN,TJOURSESO,FRAGF,13:06,FRMPL
4020,2023-08-15,MONTPELLIER SAINT-ROCH,NON,4760,17:33,IC ARO,BORDEAUX ST JEAN,TJOURSESO,FRBOJ,13:06,FRMPL
4021,2023-08-15,MONTPELLIER SAINT-ROCH,NON,4760,14:32,IC ARO,CARCASSONNE,TJOURSESO,FRCCF,13:06,FRMPL
4022,2023-08-15,MONTPELLIER SAINT-ROCH,NON,4760,14:01,IC ARO,NARBONNE,TJOURSESO,FRXNA,13:06,FRMPL
4023,2023-08-15,MARSEILLE ST CHARLES,NON,4760,14:32,IC ARO,CARCASSONNE,TJOURSESO,FRCCF,11:24,FRMSC
4024,2023-08-15,NARBONNE,NON,4760,15:48,IC ARO,MONTAUBAN VILLE BOURBON,TJOURSESO,FRXMW,14:04,FRXNA
4025,2023-08-15,NARBONNE,NON,4760,15:16,IC ARO,TOULOUSE MATABIAU,TJOURSESO,FRXYT,14:04,FRXNA
4026,2023-08-15,SETE,NON,4760,14:01,IC ARO,NARBONNE,TJOURSESO,FRXNA,13:22,FRXSY
4027,2023-08-15,TOULOUSE MATABIAU,OUI,4760,15:48,IC ARO,MONTAUBAN VILLE BOURBON,TJOURSESO,FRXMW,15:24,FRXYT
4028,2023-08-15,MASSY TGV,NON,5280,14:27,NORD,MARNE LA VALLEE CHESSY,JCBRETNORD,FRMLV,13:55,FRDJU
4029,2023-08-15,DIJON VILLE,NON,9223,22:26,INTERNATIONAL,ZUERICH HB,PABALZUR,CHAJD,20:01,FRABA
4030,2023-08-15,AIX EN PROVENCE TGV,NON,9882,18:54,NORD,LYON (intramuros),JCSUDNORD,FRLPD,17:22,FRAIE
4031,2023-08-15,AVIGNON TGV,NON,9882,18:54,NORD,LYON (intramuros),JCSUDNORD,FRLPD,17:45,FRAVG
4032,2023-08-15,MARSEILLE ST CHARLES,NON,9882,17:42,NORD,AVIGNON TGV,JCSUDNORD,FRAVG,17:08,FRMSC
4033,2023-08-15,MARSEILLE ST CHARLES,NON,9882,21:01,NORD,AEROPORT CDG2 TGV ROISSY,JCSUDNORD,FRMLW,17:08,FRMSC
4034,2023-08-15,SAUMUR,NON,4502,16:04,IC SRO,NANTES,JOURLYNNTE,FRNTE,15:00,FRACN
4035,2023-08-15,LYON (intramuros),NON,4502,15:21,IC SRO,ANGERS ST LAUD,JOURLYNNTE,FRACL,09:34,FRLPD
4036,2023-08-15,LYON (intramuros),NON,4502,13:21,IC SRO,VIERZON VILLE,JOURLYNNTE,FRXVZ,09:34,FRLPD
4037,2023-08-15,LYON (intramuros),NON,4502,15:21,IC SRO,ANGERS ST LAUD,JOURLYNNTE,FRACL,09:20,FRLPE
4038,2023-08-15,LYON (intramuros),NON,4502,16:04,IC SRO,NANTES,JOURLYNNTE,FRNTE,09:20,FRLPE
4039,2023-08-15,NEVERS,NON,4502,14:25,IC SRO,ST PIERRE DES CORPS,JOURLYNNTE,FRXSH,12:25,FRNVS
4040,2023-08-15,ROANNE,NON,4502,12:10,IC SRO,NEVERS,JOURLYNNTE,FRNVS,10:40,FRRNE
4041,2023-08-15,ST GERMAIN DES FOSSES,NON,4502,11:39,IC SRO,MOULINS SUR ALLIER,JOURLYNNTE,FRXMU,11:19,FRSGF
4042,2023-08-15,MOULINS SUR ALLIER,NON,4502,14:58,IC SRO,SAUMUR,JOURLYNNTE,FRACN,11:41,FRXMU
4043,2023-08-15,ST PIERRE DES CORPS,NON,4502,14:58,IC SRO,SAUMUR,JOURLYNNTE,FRACN,14:28,FRXSH
4044,2023-08-15,PARIS (intramuros),OUI,2247,19:10,EST,MEUSE TGV,PANANCY,FREAJ,18:10,FRPST
4045,2023-08-15,PARIS (intramuros),OUI,2247,19:48,EST,NANCY,PANANCY,FRENC,18:10,FRPST
4046,2023-08-15,BEZIERS,OUI,6231,13:31,SUD EST,NARBONNE,PALANG,FRXNA,13:17,FRBZR
4047,2023-08-15,NIMES,OUI,6231,13:14,SUD EST,BEZIERS,PALANG,FRBZR,11:55,FRFNI
4048,2023-08-15,AGDE,OUI,6231,13:14,SUD EST,BEZIERS,PALANG,FRBZR,13:02,FRXAG
4049,2023-08-15,SETE,OUI,6231,14:17,SUD EST,PERPIGNAN,PALANG,FRPGF,12:45,FRXSY
4050,2023-08-15,SETE,OUI,6231,13:31,SUD EST,NARBONNE,PALANG,FRXNA,12:45,FRXSY
4051,2023-08-15,ANGOULEME,NON,8476,21:28,ATLANTIQUE,ST PIERRE DES CORPS,SUDOUESTPA,FRXSH,20:27,FRANG
4052,2023-08-15,FACTURE BIGANOS,NON,8476,20:24,ATLANTIQUE,ANGOULEME,SUDOUESTPA,FRANG,19:20,FRFAC
4053,2023-08-15,LA TESTE,NON,8476,20:24,ATLANTIQUE,ANGOULEME,SUDOUESTPA,FRANG,19:04,FRFCJ
4054,2023-08-15,LA TESTE,OUI,8476,19:44,ATLANTIQUE,BORDEAUX ST JEAN,SUDOUESTPA,FRBOJ,19:04,FRFCJ
4055,2023-08-15,LA TESTE,NON,8476,22:37,ATLANTIQUE,PARIS (intramuros),SUDOUESTPA,FRPMO,19:04,FRFCJ
4056,2023-08-15,LA TESTE,NON,8476,21:28,ATLANTIQUE,ST PIERRE DES CORPS,SUDOUESTPA,FRXSH,19:04,FRFCJ
4057,2023-08-15,ARCACHON,OUI,8476,19:44,ATLANTIQUE,BORDEAUX ST JEAN,SUDOUESTPA,FRBOJ,18:58,FRXAC
4058,2023-08-15,ARCACHON,OUI,8476,19:17,ATLANTIQUE,FACTURE BIGANOS,SUDOUESTPA,FRFAC,18:58,FRXAC
4059,2023-08-15,BRIANCON,NON,5790,07:54,IC NUIT,PARIS (intramuros),BRIANCONPA,FRPAZ,20:03,FRXBC
4060,2023-08-15,NIMES,OUI,5036,22:06,NORD,MONTPELLIER SAINT-ROCH,JCNORDSUD,FRMPL,21:40,FRFNI
4061,2023-08-15,LILLE (intramuros),NON,5036,20:49,NORD,VALENCE TGV RHONE-ALPES SUD,JCNORDSUD,FRVLA,17:03,FRLLE
4062,2023-08-15,MARNE LA VALLEE CHESSY,NON,5036,21:37,NORD,NIMES,JCNORDSUD,FRFNI,18:13,FRMLV
4063,2023-08-15,MARNE LA VALLEE CHESSY,NON,9864,19:57,NORD,LILLE (intramuros),JCSUDNORD,FRLLE,18:51,FRMLV
4064,2023-08-15,MONTPELLIER SAINT-ROCH,NON,9864,20:43,NORD,BRUXELLES MIDI BRUSSEL ZUID,JCSUDNORD,BEBMI,14:51,FRMPL
4065,2023-08-15,VALENCE TGV RHONE-ALPES SUD,NON,9864,18:47,NORD,MARNE LA VALLEE CHESSY,JCSUDNORD,FRMLV,16:10,FRVLA
4066,2023-08-15,LE HAVRE,OUI,5316,16:34,SUD EST,ROUEN RIVE DROITE,JCATLSUD,FRURD,15:41,FRAEZ
4067,2023-08-15,VERSAILLES CHANTIERS,NON,5316,21:53,SUD EST,AVIGNON TGV,JCATLSUD,FRAVG,18:05,FRDHT
4068,2023-08-15,VALENCE TGV RHONE-ALPES SUD,OUI,5316,22:25,SUD EST,MARSEILLE ST CHARLES,JCATLSUD,FRMSC,21:22,FRVLA
4069,2023-08-15,AVIGNON TGV,OUI,6155,13:11,SUD EST,TOULON,PAAZUR,FRTLN,12:05,FRAVG
4070,2023-08-15,PARIS (intramuros),OUI,6155,13:40,SUD EST,HYERES,PAAZUR,FRXHE,09:26,FRPLY
4071,2023-08-15,AVIGNON TGV,OUI,6155,13:40,SUD EST,HYERES,PAAZUR,FRXHE,12:05,FRAVG
4072,2023-08-15,NIMES,NON,9708,15:01,SUD EST,VALENCE TGV RHONE-ALPES SUD,BARCELONEPA,FRVLA,14:19,FRFNI
4073,2023-08-15,PERPIGNAN,NON,9708,12:55,SUD EST,BEZIERS,BARCELONEPA,FRBZR,12:04,FRPGF
4074,2023-08-15,AGDE,NON,9708,13:44,SUD EST,MONTPELLIER SAINT-ROCH,BARCELONEPA,FRMPL,13:13,FRXAG
4075,2023-08-15,BARCELONA SANTS,NON,9708,12:55,SUD EST,BEZIERS,BARCELONEPA,FRBZR,10:33,ESBST
4076,2023-08-15,GIRONA,NON,9708,13:44,SUD EST,MONTPELLIER SAINT-ROCH,BARCELONEPA,FRMPL,11:14,ESGRO
4077,2023-08-15,GIRONA,NON,9708,11:55,SUD EST,PERPIGNAN,BARCELONEPA,FRPGF,11:14,ESGRO
4078,2023-08-15,BARCELONA SANTS,NON,9708,13:10,SUD EST,AGDE,BARCELONEPA,FRXAG,10:33,ESBST
4079,2023-08-15,FIGUERES VILA TGV,NON,9708,13:10,SUD EST,AGDE,BARCELONEPA,FRXAG,11:31,ESFIR
4080,2023-08-15,MACON LOCHE TGV,OUI,6949,21:04,SUD EST,AIX LES BAINS LE REVARD,PARISALPES,FRXAI,19:20,FRMLT
4081,2023-08-15,PARIS (intramuros),OUI,6949,19:17,SUD EST,MACON LOCHE TGV,PARISALPES,FRMLT,17:46,FRPLY
4082,2023-08-15,KARLSRUHE HBF,NON,9575,17:04,INTERNATIONAL,STUTTGART HBF,PASTUTMUN,DESGT,16:28,DEQKA
4083,2023-08-15,PARIS (intramuros),NON,9575,16:26,INTERNATIONAL,KARLSRUHE HBF,PASTUTMUN,DEQKA,13:55,FRPST
4084,2023-08-15,PARIS (intramuros),NON,9575,17:04,INTERNATIONAL,STUTTGART HBF,PASTUTMUN,DESGT,13:55,FRPST
4085,2023-08-15,GUINGAMP,OUI,8629,20:38,ATLANTIQUE,BREST,PARISBRETA,FRBES,19:36,FRGGP
4086,2023-08-15,RENNES,NON,8629,20:38,ATLANTIQUE,BREST,PARISBRETA,FRBES,18:32,FRRNS
4087,2023-08-15,ST BRIEUC,OUI,8629,20:38,ATLANTIQUE,BREST,PARISBRETA,FRBES,19:19,FRSBK
4088,2023-08-15,ST BRIEUC,OUI,8629,20:02,ATLANTIQUE,MORLAIX,PARISBRETA,FRMXN,19:19,FRSBK
4089,2023-08-15,BEZIERS,OUI,6821,11:02,SUD EST,TOULOUSE MATABIAU,JCPROVSUD,FRXYT,09:30,FRBZR
4090,2023-08-15,CARCASSONNE,OUI,6821,11:02,SUD EST,TOULOUSE MATABIAU,JCPROVSUD,FRXYT,10:20,FRCCF
4091,2023-08-15,LYON (intramuros),OUI,6821,10:17,SUD EST,CARCASSONNE,JCPROVSUD,FRCCF,06:37,FRLPD
4092,2023-08-15,MONTPELLIER SAINT-ROCH,OUI,6821,09:27,SUD EST,BEZIERS,JCPROVSUD,FRBZR,08:44,FRMPL
4093,2023-08-15,MONTPELLIER SAINT-ROCH,OUI,6821,11:02,SUD EST,TOULOUSE MATABIAU,JCPROVSUD,FRXYT,08:44,FRMPL
4094,2023-08-15,SETE,OUI,6821,10:17,SUD EST,CARCASSONNE,JCPROVSUD,FRCCF,09:03,FRXSY
4095,2023-08-15,PORT LA NOUVELLE,NON,3736,06:08,IC NUIT,LES AUBRAIS ORLEANS,PALOMBEPAR,FRLAB,20:24,FRILP
4096,2023-08-15,AIX EN PROVENCE TGV,OUI,6117,19:00,SUD EST,MARSEILLE ST CHARLES,PAPROVENCE,FRMSC,18:48,FRAIE
4097,2023-08-15,AVIGNON TGV,OUI,6117,18:45,SUD EST,AIX EN PROVENCE TGV,PAPROVENCE,FRAIE,18:25,FRAVG
4098,2023-08-15,ANGERS ST LAUD,NON,5306,13:47,SUD EST,SAUMUR,JCATLSUD,FRACN,13:27,FRACL
4099,2023-08-15,ANGERS ST LAUD,NON,5306,17:49,SUD EST,LYON (intramuros),JCATLSUD,FRLPE,13:27,FRACL
4100,2023-08-15,NANTES,NON,5306,14:24,SUD EST,ST PIERRE DES CORPS,JCATLSUD,FRXSH,12:44,FRNTE
4101,2023-08-15,FRANKFURT MAIN HBF,NON,9558,06:39,INTERNATIONAL,MANNHEIM HBF,FRANCPA,DEMHG,05:56,DEFRH
4102,2023-08-15,MANNHEIM HBF,NON,9558,07:21,INTERNATIONAL,KAISERSLAUTERN HBF,FRANCPA,DEKLT,06:40,DEMHG
4103,2023-08-15,MANNHEIM HBF,NON,9558,08:00,INTERNATIONAL,SARREBRUCK/SAARBRUECKEN,FRANCPA,DESBK,06:40,DEMHG
4104,2023-08-15,FORBACH,NON,9558,09:51,INTERNATIONAL,PARIS (intramuros),FRANCPA,FRPST,08:11,FRBQT
4105,2023-08-15,NICE VILLE,OUI,6186,18:04,SUD EST,CANNES,AZURPA,FRJCA,17:39,FRNIC
4106,2023-08-15,ANTIBES,OUI,6186,18:04,SUD EST,CANNES,AZURPA,FRJCA,17:54,FRXAT
4107,2023-08-15,ST RAPHAEL VALESCURE,OUI,6186,19:20,SUD EST,TOULON,AZURPA,FRTLN,18:33,FRXSK
4108,2023-08-15,AVIGNON TGV,NON,6111,14:41,SUD EST,AIX EN PROVENCE TGV,PAPROVENCE,FRAIE,14:20,FRAVG
4109,2023-08-15,AVIGNON TGV,NON,6111,14:56,SUD EST,MARSEILLE ST CHARLES,PAPROVENCE,FRMSC,14:20,FRAVG
4110,2023-08-15,PARIS (intramuros),OUI,6111,14:17,SUD EST,AVIGNON TGV,PAPROVENCE,FRAVG,11:38,FRPLY
4111,2023-08-15,POITIERS,OUI,8342,17:15,ATLANTIQUE,ST PIERRE DES CORPS,ROCHELLEPA,FRXSH,16:19,FRPIS
4112,2023-08-15,VICHY,OUI,5971,19:29,IC ARO,CLERMONT FERRAND,PACLERMONT,FRCFE,18:57,FRVHY
4113,2023-08-15,ARGENTON SUR CREUSE,OUI,3628,09:08,IC ARO,CHATEAUROUX,TOULOUZECO,FRCHR,08:52,FRFMT
4114,2023-08-15,ARGENTON SUR CREUSE,OUI,3628,11:17,IC ARO,PARIS (intramuros),TOULOUZECO,FRPAZ,08:52,FRFMT
4115,2023-08-15,RETHEL,OUI,2720,08:39,EST,REIMS,SEDBARPA,FRRHE,08:18,FRBDT
4116,2023-08-15,STRASBOURG,NON,9572,18:05,INTERNATIONAL,PARIS (intramuros),MUNSTUTPA,FRPST,16:19,FRAEG
4117,2023-08-15,PORNICHET,NON,8916,14:09,ATLANTIQUE,PARIS (intramuros),LOIREPARIS,FRPMO,11:14,FREGR
4118,2023-08-15,PORNICHET,OUI,8916,11:24,ATLANTIQUE,ST NAZAIRE,LOIREPARIS,FRSNR,11:14,FREGR
4119,2023-08-15,LE CROISIC,OUI,8916,11:04,ATLANTIQUE,LA BAULE ESCOUBLAC,LOIREPARIS,FRJEE,10:52,FREGU
4120,2023-08-15,LE CROISIC,NON,8916,12:02,ATLANTIQUE,NANTES,LOIREPARIS,FRNTE,10:52,FREGU
4121,2023-08-15,ST NAZAIRE,NON,8916,14:09,ATLANTIQUE,PARIS (intramuros),LOIREPARIS,FRPMO,11:27,FRSNR
4122,2023-08-15,MASSY TGV,OUI,5380,10:02,SUD EST,LAVAL,JCSUDATL,FRACR,08:39,FRDJU
4123,2023-08-15,LYON (intramuros),OUI,5380,10:02,SUD EST,LAVAL,JCSUDATL,FRACR,06:30,FRLPD
4124,2023-08-15,LYON (intramuros),OUI,5380,10:30,SUD EST,RENNES,JCSUDATL,FRRNS,06:30,FRLPD
4125,2023-08-15,RENNES,NON,8052,08:45,ATLANTIQUE,LE MANS,BRETAPARIS,FRAET,07:47,FRRNS
4126,2023-08-15,RENNES,NON,8052,09:46,ATLANTIQUE,PARIS (intramuros),BRETAPARIS,FRPMO,07:47,FRRNS
4127,2023-08-15,AVIGNON TGV,NON,9752,16:58,INTERNATIONAL,BELLEGARDE,MEDGENEVE,FRXBF,14:23,FRAVG
4128,2023-08-15,PARIS (intramuros),NON,2751,20:11,EST,CHARLEVILLE MEZIERES,PABARSED,FRXCZ,18:28,FRPST
4129,2023-08-15,PARIS (intramuros),NON,2751,20:35,EST,SEDAN,PABARSED,FRXSW,18:28,FRPST
4130,2023-08-15,AGEN,NON,8517,21:31,ATLANTIQUE,TOULOUSE MATABIAU,PASUDOUEST,FRXYT,20:27,FRAGF
4131,2023-08-15,PARIS (intramuros),NON,8517,21:03,ATLANTIQUE,MONTAUBAN VILLE BOURBON,PASUDOUEST,FRXMW,17:06,FRPMO
4132,2023-08-15,DIJON VILLE,OUI,5521,09:54,EST,CHALON SUR SAONE,JCRHINRHON,FRXCD,09:21,FRABA
4133,2023-08-15,METZ VILLE,OUI,5521,08:14,EST,BELFORT-MONTBELIARD TGV,JCRHINRHON,FRTJA,05:46,FRADE
4134,2023-08-15,STRASBOURG,OUI,5521,12:54,EST,MONTPELLIER SAINT-ROCH,JCRHINRHON,FRMPL,06:47,FRAEG
4135,2023-08-15,COLMAR,OUI,5521,12:24,EST,NIMES,JCRHINRHON,FRFNI,07:16,FRAEJ
4136,2023-08-15,COLMAR,OUI,5521,12:54,EST,MONTPELLIER SAINT-ROCH,JCRHINRHON,FRMPL,07:16,FRAEJ
4137,2023-08-15,COLMAR,OUI,5521,09:54,EST,CHALON SUR SAONE,JCRHINRHON,FRXCD,07:16,FRAEJ
4138,2023-08-15,LYON (intramuros),OUI,5521,12:54,EST,MONTPELLIER SAINT-ROCH,JCRHINRHON,FRMPL,11:02,FRLPD
4139,2023-08-15,BESANCON - F COMTE TGV,OUI,5521,09:11,EST,DIJON VILLE,JCRHINRHON,FRABA,08:41,FRTJB
4140,2023-08-15,BESANCON - F COMTE TGV,OUI,5521,12:54,EST,MONTPELLIER SAINT-ROCH,JCRHINRHON,FRMPL,08:41,FRTJB
4141,2023-08-15,STRASBOURG,OUI,2200,12:36,EST,ANGERS ST LAUD,JCESTATL,FRACL,07:31,FRAEG
4142,2023-08-15,STRASBOURG,OUI,2200,10:34,EST,MASSY TGV,JCESTATL,FRDJU,07:31,FRAEG
4143,2023-08-15,STRASBOURG,OUI,2200,09:28,EST,AEROPORT CDG2 TGV ROISSY,JCESTATL,FRMLW,07:31,FRAEG
4144,2023-08-15,STRASBOURG,OUI,2200,11:32,EST,ST PIERRE DES CORPS,JCESTATL,FRXSH,07:31,FRAEG
4145,2023-08-15,CHAMPAGNE-ARDENNE,OUI,2200,13:19,EST,NANTES,JCESTATL,FRNTE,08:58,FREAH
4146,2023-08-15,SURGERES,OUI,8371,09:44,ATLANTIQUE,LA ROCHELLE VILLE,PAROCHELLE,FRLRH,09:23,FREIP
4147,2023-08-15,POITIERS,OUI,8371,09:21,ATLANTIQUE,SURGERES,PAROCHELLE,FREIP,08:15,FRPIS
4148,2023-08-15,PARIS (intramuros),OUI,8371,09:00,ATLANTIQUE,NIORT,PAROCHELLE,FRNIT,06:49,FRPMO
4149,2023-08-15,ANGERS ST LAUD,NON,5288,18:23,NORD,MARNE LA VALLEE CHESSY,JCBRETNORD,FRMLV,16:02,FRACL
4150,2023-08-15,MASSY TGV,NON,5288,18:23,NORD,MARNE LA VALLEE CHESSY,JCBRETNORD,FRMLV,17:54,FRDJU
4151,2023-08-15,MARNE LA VALLEE CHESSY,NON,5288,19:35,NORD,LILLE (intramuros),JCBRETNORD,FRLLE,18:28,FRMLV
4152,2023-08-15,NANTES,NON,5288,17:48,NORD,MASSY TGV,JCBRETNORD,FRDJU,15:18,FRNTE
4153,2023-08-15,LE POULIGUEN,OUI,8930,19:00,ATLANTIQUE,LA BAULE ESCOUBLAC,LOIREPARIS,FRJEE,18:56,FREGS
4154,2023-08-15,LE CROISIC,OUI,8930,19:21,ATLANTIQUE,ST NAZAIRE,LOIREPARIS,FRSNR,18:48,FREGU
4155,2023-08-15,LA BAULE ESCOUBLAC,NON,8930,22:25,ATLANTIQUE,PARIS (intramuros),LOIREPARIS,FRPMO,19:04,FRJEE
4156,2023-08-15,NANTES,NON,8930,21:23,ATLANTIQUE,LE MANS,LOIREPARIS,FRAET,20:05,FRNTE
4157,2023-08-15,AVIGNON TGV,NON,6180,22:38,SUD EST,PARIS (intramuros),AZURPA,FRPLY,19:58,FRAVG
4158,2023-08-15,CANNES,NON,6180,22:38,SUD EST,PARIS (intramuros),AZURPA,FRPLY,17:33,FRJCA
4159,2023-08-15,NICE VILLE,OUI,6180,18:44,SUD EST,TOULON,AZURPA,FRTLN,16:57,FRNIC
4160,2023-08-15,TOULON,NON,6180,22:38,SUD EST,PARIS (intramuros),AZURPA,FRPLY,18:48,FRTLN
4161,2023-08-15,ANTIBES,OUI,6180,18:07,SUD EST,LES ARCS DRAGUIGNAN,AZURPA,FRXRS,17:18,FRXAT
4162,2023-08-15,LES ARCS DRAGUIGNAN,NON,6180,19:55,SUD EST,AVIGNON TGV,AZURPA,FRAVG,18:10,FRXRS
4163,2023-08-15,BEZIERS,NON,6873,19:51,SUD EST,LYON (intramuros),JCSUDPROV,FRLPD,17:15,FRBZR
4164,2023-08-15,CARCASSONNE,NON,6873,19:51,SUD EST,LYON (intramuros),JCSUDPROV,FRLPD,16:27,FRCCF
4165,2023-08-15,MONTPELLIER SAINT-ROCH,NON,6873,19:51,SUD EST,LYON (intramuros),JCSUDPROV,FRLPD,17:59,FRMPL
4166,2023-08-15,NARBONNE,NON,6873,17:12,SUD EST,BEZIERS,JCSUDPROV,FRBZR,16:59,FRXNA
4167,2023-08-15,SETE,NON,6873,19:51,SUD EST,LYON (intramuros),JCSUDPROV,FRLPD,17:39,FRXSY
4168,2023-08-15,TOULOUSE MATABIAU,OUI,6873,16:24,SUD EST,CARCASSONNE,JCSUDPROV,FRCCF,15:43,FRXYT
4169,2023-08-15,TOULOUSE MATABIAU,NON,6873,17:55,SUD EST,MONTPELLIER SAINT-ROCH,JCSUDPROV,FRMPL,15:43,FRXYT
4170,2023-08-15,BEZIERS,NON,15940,11:06,IC SRO,ST ROME DE CERNON,JOUNOREST,FRINN,09:33,FRBZR
4171,2023-08-15,MASSIAC BLESLE,NON,15940,15:22,IC SRO,BRASSAC LES MINES STE FLORINE,JOUNOREST,FRHLE,14:58,FRHMY
4172,2023-08-15,MARVEJOLS,NON,15940,14:06,IC SRO,ST FLOUR CHAUDES AIGUES,JOUNOREST,FRIMW,12:50,FRINE
4173,2023-08-15,BEZIERS,NON,15940,13:27,IC SRO,ST CHELY D'APCHER,JOUNOREST,FRINB,09:33,FRBZR
4174,2023-08-15,BEZIERS,NON,15940,12:49,IC SRO,MARVEJOLS,JOUNOREST,FRINE,09:33,FRBZR
4175,2023-08-15,MARVEJOLS,NON,15940,14:27,IC SRO,NEUSSARGUES,JOUNOREST,FRNEU,12:50,FRINE
4176,2023-08-15,MARVEJOLS,NON,15940,16:01,IC SRO,CLERMONT FERRAND,JOUNOREST,FRCFE,12:50,FRINE
4177,2023-08-15,MILLAU,NON,15940,13:27,IC SRO,ST CHELY D'APCHER,JOUNOREST,FRINB,11:26,FRMAU
4178,2023-08-15,ST GEORGES DE LUZENCON,NON,15940,14:27,IC SRO,NEUSSARGUES,JOUNOREST,FRNEU,11:14,FRINM
4179,2023-08-15,BEDARIEUX,NON,15940,12:49,IC SRO,MARVEJOLS,JOUNOREST,FRINE,10:08,FRIMH
4180,2023-08-15,SEVERAC LE CHATEAU,NON,15940,12:26,IC SRO,BANASSAC LA CANOURGUE,JOUNOREST,FRINH,11:58,FRSVC
4181,2023-08-15,AUMONT AUBRAC,NON,15940,13:27,IC SRO,ST CHELY D'APCHER,JOUNOREST,FRINB,13:15,FRINC
4182,2023-08-15,BEDARIEUX,NON,15940,14:06,IC SRO,ST FLOUR CHAUDES AIGUES,JOUNOREST,FRIMW,10:08,FRIMH
4183,2023-08-15,BEZIERS,NON,15940,10:58,IC SRO,TOURNEMIRE ROQUEFORT,JOUNOREST,FRINO,09:33,FRBZR
4184,2023-08-15,BEDARIEUX,NON,15940,11:06,IC SRO,ST ROME DE CERNON,JOUNOREST,FRINN,10:08,FRIMH
4185,2023-08-15,MILLAU,NON,15940,12:11,IC SRO,CAMPAGNAC ST GENIEZ,JOUNOREST,FRINJ,11:26,FRMAU
4186,2023-08-15,SEVERAC LE CHATEAU,NON,15940,15:16,IC SRO,ARVANT,JOUNOREST,FRARV,11:58,FRSVC
4187,2023-08-15,SEVERAC LE CHATEAU,NON,15940,14:27,IC SRO,NEUSSARGUES,JOUNOREST,FRNEU,11:58,FRSVC
4188,2023-08-15,SEVERAC LE CHATEAU,NON,15940,15:35,IC SRO,ISSOIRE,JOUNOREST,FRHLB,11:58,FRSVC
4189,2023-08-15,TOURNEMIRE ROQUEFORT,NON,15940,11:06,IC SRO,ST ROME DE CERNON,JOUNOREST,FRINN,10:59,FRINO
4190,2023-08-15,MARVEJOLS,NON,15940,15:35,IC SRO,ISSOIRE,JOUNOREST,FRHLB,12:50,FRINE
4191,2023-08-15,AUMONT AUBRAC,NON,15940,15:22,IC SRO,BRASSAC LES MINES STE FLORINE,JOUNOREST,FRHLE,13:15,FRINC
4192,2023-08-15,SEVERAC LE CHATEAU,NON,15940,14:57,IC SRO,MASSIAC BLESLE,JOUNOREST,FRHMY,11:58,FRSVC
4193,2023-08-15,AUMONT AUBRAC,NON,15940,14:06,IC SRO,ST FLOUR CHAUDES AIGUES,JOUNOREST,FRIMW,13:15,FRINC
4194,2023-08-15,ST GEORGES DE LUZENCON,NON,15940,11:24,IC SRO,MILLAU,JOUNOREST,FRMAU,11:14,FRINM
4195,2023-08-15,ST ROME DE CERNON,NON,15940,12:49,IC SRO,MARVEJOLS,JOUNOREST,FRINE,11:07,FRINN
4196,2023-08-15,ST GEORGES DE LUZENCON,NON,15940,13:14,IC SRO,AUMONT AUBRAC,JOUNOREST,FRINC,11:14,FRINM
4197,2023-08-15,TOURNEMIRE ROQUEFORT,NON,15940,11:24,IC SRO,MILLAU,JOUNOREST,FRMAU,10:59,FRINO
4198,2023-08-15,ST FLOUR CHAUDES AIGUES,NON,15940,15:22,IC SRO,BRASSAC LES MINES STE FLORINE,JOUNOREST,FRHLE,14:07,FRIMW
4199,2023-08-15,BANASSAC LA CANOURGUE,NON,15940,15:22,IC SRO,BRASSAC LES MINES STE FLORINE,JOUNOREST,FRHLE,12:29,FRINH
4200,2023-08-15,AUMONT AUBRAC,NON,15940,15:35,IC SRO,ISSOIRE,JOUNOREST,FRHLB,13:15,FRINC
4201,2023-08-15,CAMPAGNAC ST GENIEZ,NON,15940,15:35,IC SRO,ISSOIRE,JOUNOREST,FRHLB,12:12,FRINJ
4202,2023-08-15,TOURNEMIRE ROQUEFORT,NON,15940,14:27,IC SRO,NEUSSARGUES,JOUNOREST,FRNEU,10:59,FRINO
4203,2023-08-15,MAGALAS,NON,15940,15:16,IC SRO,ARVANT,JOUNOREST,FRARV,09:47,FRIMK
4204,2023-08-15,CEILHES ROQUEREDONDE,NON,15940,11:06,IC SRO,ST ROME DE CERNON,JOUNOREST,FRINN,10:34,FRIMC
4205,2023-08-15,CEILHES ROQUEREDONDE,NON,15940,14:27,IC SRO,NEUSSARGUES,JOUNOREST,FRNEU,10:34,FRIMC
4206,2023-08-15,MAGALAS,NON,15940,10:58,IC SRO,TOURNEMIRE ROQUEFORT,JOUNOREST,FRINO,09:47,FRIMK
4207,2023-08-15,CAMPAGNAC ST GENIEZ,NON,15940,15:16,IC SRO,ARVANT,JOUNOREST,FRARV,12:12,FRINJ
4208,2023-08-15,TOURNEMIRE ROQUEFORT,NON,15940,13:27,IC SRO,ST CHELY D'APCHER,JOUNOREST,FRINB,10:59,FRINO
4209,2023-08-15,BANASSAC LA CANOURGUE,NON,15940,12:41,IC SRO,LE MONASTIER,JOUNOREST,FRLMR,12:29,FRINH
4210,2023-08-15,LE MONASTIER,NON,15940,14:27,IC SRO,NEUSSARGUES,JOUNOREST,FRNEU,12:42,FRLMR
4211,2023-08-15,LE MONASTIER,NON,15940,13:14,IC SRO,AUMONT AUBRAC,JOUNOREST,FRINC,12:42,FRLMR
4212,2023-08-15,ST ROME DE CERNON,NON,15940,15:22,IC SRO,BRASSAC LES MINES STE FLORINE,JOUNOREST,FRHLE,11:07,FRINN
4213,2023-08-15,SEVERAC LE CHATEAU,NON,15940,12:41,IC SRO,LE MONASTIER,JOUNOREST,FRLMR,11:58,FRSVC
4214,2023-08-15,TBD,NON,15940,15:35,IC SRO,TBD,JOUNOREST,FRHLB,12:42,FRLMR
4215,2023-08-15,DIJON VILLE,OUI,6703,11:53,SUD EST,BELFORT-MONTBELIARD TGV,PABOUR,FRTJA,11:02,FRABA
4216,2023-08-15,PARIS (intramuros),NON,6703,10:58,SUD EST,DIJON VILLE,PABOUR,FRABA,09:18,FRPLY
4217,2023-08-15,PARIS (intramuros),NON,6703,12:18,SUD EST,MULHOUSE VILLE,PABOUR,FRAEK,09:18,FRPLY
4218,2023-08-15,BESANCON - F COMTE TGV,OUI,6703,11:53,SUD EST,BELFORT-MONTBELIARD TGV,PABOUR,FRTJA,11:32,FRTJB
4219,2023-08-15,PARIS (intramuros),NON,6175,14:11,SUD EST,TOULON,PAAZUR,FRTLN,10:10,FRPLY
4220,2023-08-15,MORLAIX,OUI,8636,17:14,ATLANTIQUE,GUINGAMP,BRETAPARIS,FRGGP,16:47,FRMXN
4221,2023-08-15,RENNES,NON,8636,20:20,ATLANTIQUE,PARIS (intramuros),BRETAPARIS,FRPMO,18:35,FRRNS
4222,2023-08-15,STRASBOURG,NON,9563,17:53,INTERNATIONAL,KARLSRUHE HBF,PAFRANC,DEQKA,17:13,FRAEG
4223,2023-08-15,ANGOULEME,NON,5284,16:27,NORD,MARNE LA VALLEE CHESSY,JCAQUINORD,FRMLV,13:36,FRANG
4224,2023-08-15,BORDEAUX ST JEAN,NON,5284,17:15,NORD,TGV HAUTE PICARDIE,JCAQUINORD,FRTHP,12:58,FRBOJ
4225,2023-08-15,MARNE LA VALLEE CHESSY,NON,5284,17:57,NORD,LILLE (intramuros),JCAQUINORD,FRLLE,16:31,FRMLV
4226,2023-08-15,AEROPORT CDG2 TGV ROISSY,OUI,5284,17:15,NORD,TGV HAUTE PICARDIE,JCAQUINORD,FRTHP,16:47,FRMLW
4227,2023-08-15,BEZIERS,NON,9711,11:20,SUD EST,NARBONNE,PABARCELONE,FRXNA,11:06,FRBZR
4228,2023-08-15,PARIS (intramuros),NON,9711,11:03,SUD EST,BEZIERS,PABARCELONE,FRBZR,06:56,FRPLY
4229,2023-08-15,VALENCE TGV RHONE-ALPES SUD,NON,9711,11:03,SUD EST,BEZIERS,PABARCELONE,FRBZR,09:10,FRVLA
4230,2023-08-15,VALENCE TGV RHONE-ALPES SUD,NON,9711,11:20,SUD EST,NARBONNE,PABARCELONE,FRXNA,09:10,FRVLA
4231,2023-08-15,AGDE,NON,9711,11:03,SUD EST,BEZIERS,PABARCELONE,FRBZR,10:51,FRXAG
4232,2023-08-15,NARBONNE,NON,9711,11:56,SUD EST,PERPIGNAN,PABARCELONE,FRPGF,11:23,FRXNA
4233,2023-08-15,VALENCE TGV RHONE-ALPES SUD,NON,9711,10:08,SUD EST,MONTPELLIER SUD DE FRANCE,PABARCELONE,FRSUF,09:10,FRVLA
4234,2023-08-15,BEZIERS,NON,9711,13:25,SUD EST,BARCELONA SANTS,PABARCELONE,ESBST,11:06,FRBZR
4235,2023-08-15,PARIS (intramuros),NON,9711,12:44,SUD EST,GIRONA,PABARCELONE,ESGRO,06:56,FRPLY
4236,2023-08-15,VALENCE TGV RHONE-ALPES SUD,NON,9711,13:25,SUD EST,BARCELONA SANTS,PABARCELONE,ESBST,09:10,FRVLA
4237,2023-08-15,MONTPELLIER SUD DE FRANCE,NON,9711,13:25,SUD EST,BARCELONA SANTS,PABARCELONE,ESBST,10:17,FRSUF
4238,2023-08-15,NARBONNE,NON,9711,12:44,SUD EST,GIRONA,PABARCELONE,ESGRO,11:23,FRXNA
4239,2023-08-15,AGDE,NON,9711,13:25,SUD EST,BARCELONA SANTS,PABARCELONE,ESBST,10:51,FRXAG
4240,2023-08-15,BEZIERS,NON,9711,12:27,SUD EST,FIGUERES VILA TGV,PABARCELONE,ESFIR,11:06,FRBZR
4241,2023-08-15,NIMES PONT DU GARD,NON,9711,12:27,SUD EST,FIGUERES VILA TGV,PABARCELONE,ESFIR,09:49,FRXZP
4242,2023-08-15,SETE,NON,9711,12:44,SUD EST,GIRONA,PABARCELONE,ESGRO,10:34,FRXSY
4243,2023-08-15,PARIS (intramuros),OUI,6941,15:59,SUD EST,AIX LES BAINS LE REVARD,PARISALPES,FRXAI,12:46,FRPLY
4244,2023-08-15,LA ROCHELLE VILLE,NON,8388,19:58,ATLANTIQUE,POITIERS,ROCHELLEPA,FRPIS,18:37,FRLRH
4245,2023-08-15,POITIERS,OUI,8389,19:18,ATLANTIQUE,NIORT,PAROCHELLE,FRNIT,18:34,FRPIS
4246,2023-08-15,PARIS (intramuros),OUI,8389,19:57,ATLANTIQUE,LA ROCHELLE VILLE,PAROCHELLE,FRLRH,16:57,FRPMO
4247,2023-08-15,CHATELLERAULT,OUI,8389,18:31,ATLANTIQUE,POITIERS,PAROCHELLE,FRPIS,18:16,FRXCX
4248,2023-08-15,CHATELLERAULT,OUI,8389,19:18,ATLANTIQUE,NIORT,PAROCHELLE,FRNIT,18:16,FRXCX
4249,2023-08-15,CHATELLERAULT,OUI,8389,19:57,ATLANTIQUE,LA ROCHELLE VILLE,PAROCHELLE,FRLRH,18:16,FRXCX
4250,2023-08-15,NIMES,NON,6034,17:18,SUD EST,PARIS (intramuros),LANGPA,FRPLY,14:19,FRFNI
4251,2023-08-15,DIJON VILLE,NON,5500,20:13,EST,STRASBOURG,JCRHONRHIN,FRAEG,17:50,FRABA
4252,2023-08-15,NIMES,NON,5500,17:40,EST,DIJON VILLE,JCRHONRHIN,FRABA,14:25,FRFNI
4253,2023-08-15,LYON (intramuros),NON,5500,21:13,EST,METZ VILLE,JCRHONRHIN,FRADE,16:04,FRLPD
4254,2023-08-15,LYON (intramuros),NON,5500,19:09,EST,MULHOUSE VILLE,JCRHONRHIN,FRAEK,16:04,FRLPD
4255,2023-08-15,LYON (intramuros),NON,5500,18:44,EST,BELFORT-MONTBELIARD TGV,JCRHONRHIN,FRTJA,16:04,FRLPD
4256,2023-08-15,MONTPELLIER SAINT-ROCH,NON,5500,14:22,EST,NIMES,JCRHONRHIN,FRFNI,13:57,FRMPL
4257,2023-08-15,MONTPELLIER SAINT-ROCH,NON,5500,18:17,EST,BESANCON - F COMTE TGV,JCRHONRHIN,FRTJB,13:57,FRMPL
4258,2023-08-15,BELFORT-MONTBELIARD TGV,NON,5500,19:41,EST,COLMAR,JCRHONRHIN,FRAEJ,18:47,FRTJA
4259,2023-08-15,BESANCON - F COMTE TGV,NON,5500,20:13,EST,STRASBOURG,JCRHONRHIN,FRAEG,18:22,FRTJB
4260,2023-08-15,VALENCE TGV RHONE-ALPES SUD,NON,5500,17:40,EST,DIJON VILLE,JCRHONRHIN,FRABA,15:12,FRVLA
4261,2023-08-15,KAISERSLAUTERN HBF,NON,9557,22:17,INTERNATIONAL,MANNHEIM HBF,PAFRANC,DEMHG,21:37,DEKLT
4262,2023-08-15,MANNHEIM HBF,NON,9557,22:59,INTERNATIONAL,FRANKFURT MAIN HBF,PAFRANC,DEFRH,22:19,DEMHG
4263,2023-08-15,SARREBRUCK/SAARBRUECKEN,NON,9557,21:35,INTERNATIONAL,KAISERSLAUTERN HBF,PAFRANC,DEKLT,20:59,DESBK
4264,2023-08-15,SARREBRUCK/SAARBRUECKEN,NON,9557,22:17,INTERNATIONAL,MANNHEIM HBF,PAFRANC,DEMHG,20:59,DESBK
4265,2023-08-15,FORBACH,NON,9557,22:59,INTERNATIONAL,FRANKFURT MAIN HBF,PAFRANC,DEFRH,20:49,FRBQT
4266,2023-08-15,PARIS (intramuros),NON,9557,22:17,INTERNATIONAL,MANNHEIM HBF,PAFRANC,DEMHG,19:07,FRPST
4267,2023-08-15,AIX EN PROVENCE TGV,NON,6116,15:22,SUD EST,PARIS (intramuros),PROVENCEPA,FRPLY,12:18,FRAIE
4268,2023-08-15,BELFORT-MONTBELIARD TGV,OUI,6708,19:02,SUD EST,DIJON VILLE,BOURPA,FRABA,18:11,FRTJA
4269,2023-08-15,SURGERES,OUI,8395,23:31,ATLANTIQUE,LA ROCHELLE VILLE,PAROCHELLE,FRLRH,23:10,FREIP
4270,2023-08-15,PARIS (intramuros),OUI,8395,23:08,ATLANTIQUE,SURGERES,PAROCHELLE,FREIP,20:24,FRPMO
4271,2023-08-15,PARIS (intramuros),OUI,8395,21:45,ATLANTIQUE,POITIERS,PAROCHELLE,FRPIS,20:24,FRPMO
4272,2023-08-15,VALENCE TGV RHONE-ALPES SUD,NON,6206,19:18,SUD EST,PARIS (intramuros),LANGPA,FRPLY,17:03,FRVLA
4273,2023-08-15,AGDE,OUI,6206,15:24,SUD EST,SETE,LANGPA,FRXSY,15:11,FRXAG
4274,2023-08-15,LUCON,NON,3833,15:10,IC SRO,JONZAC,NANTEBORDO,FREMR,13:00,FRLCN
4275,2023-08-15,LA ROCHELLE VILLE,NON,3833,15:10,IC SRO,JONZAC,NANTEBORDO,FREMR,13:43,FRLRH
4276,2023-08-15,LA ROCHELLE VILLE,NON,3833,14:03,IC SRO,ROCHEFORT,NANTEBORDO,FRRCO,13:43,FRLRH
4277,2023-08-15,NANTES,NON,3833,15:10,IC SRO,JONZAC,NANTEBORDO,FREMR,11:55,FRNTE
4278,2023-08-15,ROCHEFORT,NON,3833,15:10,IC SRO,JONZAC,NANTEBORDO,FREMR,14:05,FRRCO
4279,2023-08-15,NIMES,NON,6825,20:03,SUD EST,MONTPELLIER SAINT-ROCH,JCPROVSUD,FRMPL,19:38,FRFNI
4280,2023-08-15,NIMES,NON,6825,21:01,SUD EST,NARBONNE,JCPROVSUD,FRXNA,19:38,FRFNI
4281,2023-08-15,LYON (intramuros),NON,6825,20:03,SUD EST,MONTPELLIER SAINT-ROCH,JCPROVSUD,FRMPL,18:09,FRLPD
4282,2023-08-15,MONTPELLIER SAINT-ROCH,NON,6825,20:45,SUD EST,BEZIERS,JCPROVSUD,FRBZR,20:07,FRMPL
4283,2023-08-15,MONTPELLIER SAINT-ROCH,NON,6825,21:33,SUD EST,CARCASSONNE,JCPROVSUD,FRCCF,20:07,FRMPL
4284,2023-08-15,VALENCE TGV RHONE-ALPES SUD,NON,6825,19:35,SUD EST,NIMES,JCPROVSUD,FRFNI,18:53,FRVLA
4285,2023-08-15,SETE,NON,6825,21:01,SUD EST,NARBONNE,JCPROVSUD,FRXNA,20:24,FRXSY
4286,2023-08-15,LE MANS,NON,5320,19:19,SUD EST,MASSY TGV,JCATLSUD,FRDJU,18:30,FRAET
4287,2023-08-15,NANTES,NON,5320,19:19,SUD EST,MASSY TGV,JCATLSUD,FRDJU,17:05,FRNTE
4288,2023-08-15,ANGERS ST LAUD,OUI,8923,17:47,ATLANTIQUE,PORNICHET,PARISLOIRE,FREGR,16:13,FRACL
4289,2023-08-15,ANGERS ST LAUD,OUI,8923,16:53,ATLANTIQUE,NANTES,PARISLOIRE,FRNTE,16:13,FRACL
4290,2023-08-15,PORNICHET,OUI,8923,18:00,ATLANTIQUE,LE POULIGUEN,PARISLOIRE,FREGS,17:50,FREGR
4291,2023-08-15,LE POULIGUEN,OUI,8923,18:09,ATLANTIQUE,LE CROISIC,PARISLOIRE,FREGU,18:03,FREGS
4292,2023-08-15,NANTES,OUI,8923,18:09,ATLANTIQUE,LE CROISIC,PARISLOIRE,FREGU,16:59,FRNTE
4293,2023-08-15,PARIS (intramuros),OUI,8923,16:10,ATLANTIQUE,ANGERS ST LAUD,PARISLOIRE,FRACL,14:45,FRPMO
4294,2023-08-15,ST NAZAIRE,OUI,8923,18:00,ATLANTIQUE,LE POULIGUEN,PARISLOIRE,FREGS,17:37,FRSNR
4295,2023-08-15,BELFORT-MONTBELIARD TGV,OUI,6706,16:56,SUD EST,DIJON VILLE,BOURPA,FRABA,16:05,FRTJA
4296,2023-08-15,BELFORT-MONTBELIARD TGV,OUI,6706,16:25,SUD EST,BESANCON - F COMTE TGV,BOURPA,FRTJB,16:05,FRTJA
4297,2023-08-15,BESANCON - F COMTE TGV,OUI,6706,17:35,SUD EST,MONTBARD,BOURPA,FRGWE,16:28,FRTJB
4298,2023-08-15,BESANCON - F COMTE TGV,OUI,6706,18:42,SUD EST,PARIS (intramuros),BOURPA,FRPLY,16:28,FRTJB
4299,2023-08-15,CLERMONT FERRAND,NON,5990,22:57,IC ARO,PARIS (intramuros),CLERMONTPA,FRPBE,19:31,FRCFE
4300,2023-08-15,PARIS (intramuros),OUI,2765,22:39,EST,RETHEL,PABARSED,FRBDT,21:28,FRPST
4301,2023-08-15,PARIS (intramuros),OUI,2765,22:14,EST,REIMS,PABARSED,FRRHE,21:28,FRPST
4302,2023-08-15,REIMS,OUI,2765,23:11,EST,CHARLEVILLE MEZIERES,PABARSED,FRXCZ,22:14,FRRHE
4303,2023-08-15,MONTBARD,OUI,6745,19:27,SUD EST,BESANCON VIOTTE,PABOUR,FRABG,17:57,FRGWE
4304,2023-08-15,PARIS (intramuros),OUI,6745,17:54,SUD EST,MONTBARD,PABOUR,FRGWE,16:52,FRPLY
4305,2023-08-15,CANNES,NON,6166,15:24,SUD EST,AVIGNON TGV,AZURPA,FRAVG,13:04,FRJCA
4306,2023-08-15,NICE VILLE,OUI,6166,14:14,SUD EST,TOULON,AZURPA,FRTLN,12:35,FRNIC
4307,2023-08-15,ANTIBES,OUI,6166,13:25,SUD EST,ST RAPHAEL VALESCURE,AZURPA,FRXSK,12:50,FRXAT
4308,2023-08-15,DIJON VILLE,NON,2087,12:19,EST,MACON VILLE,JCRHINRHON,FRHGU,11:21,FRABA
4309,2023-08-15,STRASBOURG,NON,2087,11:11,EST,DIJON VILLE,JCRHINRHON,FRABA,09:03,FRAEG
4310,2023-08-15,STRASBOURG,NON,2087,14:49,EST,AIX EN PROVENCE TGV,JCRHINRHON,FRAIE,09:03,FRAEG
4311,2023-08-15,STRASBOURG,NON,2087,10:18,EST,BELFORT-MONTBELIARD TGV,JCRHINRHON,FRTJA,09:03,FRAEG
4312,2023-08-15,MULHOUSE VILLE,NON,2087,10:41,EST,BESANCON - F COMTE TGV,JCRHINRHON,FRTJB,09:57,FRAEK
4313,2023-08-15,MACON VILLE,NON,2087,14:49,EST,AIX EN PROVENCE TGV,JCRHINRHON,FRAIE,12:22,FRHGU
4314,2023-08-15,MACON VILLE,NON,2087,14:25,EST,AVIGNON TGV,JCRHINRHON,FRAVG,12:22,FRHGU
4315,2023-08-15,LYON (intramuros),NON,2087,14:49,EST,AIX EN PROVENCE TGV,JCRHINRHON,FRAIE,13:06,FRLPD
4316,2023-08-15,LYON (intramuros),NON,2087,14:25,EST,AVIGNON TGV,JCRHINRHON,FRAVG,13:06,FRLPD
4317,2023-08-15,BELFORT-MONTBELIARD TGV,NON,2087,14:25,EST,AVIGNON TGV,JCRHINRHON,FRAVG,10:21,FRTJA
4318,2023-08-15,BELFORT-MONTBELIARD TGV,NON,2087,10:41,EST,BESANCON - F COMTE TGV,JCRHINRHON,FRTJB,10:21,FRTJA
4319,2023-08-15,BESANCON - F COMTE TGV,NON,2087,14:49,EST,AIX EN PROVENCE TGV,JCRHINRHON,FRAIE,10:44,FRTJB
4320,2023-08-15,LIMOGES BENEDICTINS,OUI,3645,19:46,IC ARO,GOURDON,PALITO,FRFSI,18:02,FRAGQ
4321,2023-08-15,LIMOGES BENEDICTINS,OUI,3645,20:12,IC ARO,CAHORS,PALITO,FRZAO,18:02,FRAGQ
4322,2023-08-15,BRIVE LA GAILLARDE,OUI,3645,19:46,IC ARO,GOURDON,PALITO,FRFSI,19:06,FRBVE
4323,2023-08-15,BRIVE LA GAILLARDE,OUI,3645,19:29,IC ARO,SOUILLAC,PALITO,FRSOU,19:06,FRBVE
4324,2023-08-15,CHATEAUROUX,OUI,3645,19:29,IC ARO,SOUILLAC,PALITO,FRSOU,16:48,FRCHR
4325,2023-08-15,LES AUBRAIS ORLEANS,OUI,3645,17:23,IC ARO,LA SOUTERRAINE,PALITO,FRLST,15:40,FRLAB
4326,2023-08-15,LA SOUTERRAINE,OUI,3645,19:29,IC ARO,SOUILLAC,PALITO,FRSOU,17:25,FRLST
4327,2023-08-15,LA SOUTERRAINE,OUI,3645,20:12,IC ARO,CAHORS,PALITO,FRZAO,17:25,FRLST
4328,2023-08-15,PARIS (intramuros),OUI,3645,17:57,IC ARO,LIMOGES BENEDICTINS,PALITO,FRAGQ,14:40,FRPAZ
4329,2023-08-15,PARIS (intramuros),OUI,3645,16:46,IC ARO,CHATEAUROUX,PALITO,FRCHR,14:40,FRPAZ
4330,2023-08-15,REIMS,OUI,2262,18:01,EST,PARIS (intramuros),SEDBARPA,FRPST,17:15,FRRHE
4331,2023-08-15,LOURDES,NON,8589,00:27,ATLANTIQUE,PARIS (intramuros),SUDOUESTPA,FRPMO,19:42,FRLDE
4332,2023-08-15,TARBES,OUI,8589,20:56,ATLANTIQUE,DAX,SUDOUESTPA,FRACG,19:26,FRXTB
4333,2023-08-15,DAX,NON,3742,07:19,IC NUIT,PARIS (intramuros),PALOMBEPAR,FRPAZ,20:49,FRACG
4334,2023-08-15,PAU,NON,3742,06:08,IC NUIT,LES AUBRAIS ORLEANS,PALOMBEPAR,FRLAB,21:46,FRAEE
4335,2023-08-15,PAU,NON,3742,07:19,IC NUIT,PARIS (intramuros),PALOMBEPAR,FRPAZ,21:46,FRAEE
4336,2023-08-15,HENDAYE,NON,3742,06:08,IC NUIT,LES AUBRAIS ORLEANS,PALOMBEPAR,FRLAB,18:57,FRAEF
4337,2023-08-15,TARBES,NON,3742,07:19,IC NUIT,PARIS (intramuros),PALOMBEPAR,FRPAZ,22:29,FRXTB
4338,2023-08-15,AIX EN PROVENCE TGV,NON,5102,10:48,NORD,MARSEILLE ST CHARLES,JCNORDSUD,FRMSC,10:36,FRAIE
4339,2023-08-15,AVIGNON TGV,NON,5102,10:33,NORD,AIX EN PROVENCE TGV,JCNORDSUD,FRAIE,10:14,FRAVG
4340,2023-08-15,LILLE (intramuros),NON,5102,10:48,NORD,MARSEILLE ST CHARLES,JCNORDSUD,FRMSC,06:00,FRLLE
4341,2023-08-15,LYON (intramuros),NON,5102,10:48,NORD,MARSEILLE ST CHARLES,JCNORDSUD,FRMSC,09:06,FRLPD
4342,2023-08-15,MARNE LA VALLEE CHESSY,NON,5102,10:33,NORD,AIX EN PROVENCE TGV,JCNORDSUD,FRAIE,07:13,FRMLV
4343,2023-08-15,AEROPORT CDG2 TGV ROISSY,NON,5102,10:33,NORD,AIX EN PROVENCE TGV,JCNORDSUD,FRAIE,06:56,FRMLW
4344,2023-08-15,AEROPORT CDG2 TGV ROISSY,OUI,5102,09:00,NORD,LYON (intramuros),JCNORDSUD,FRLPD,06:56,FRMLW
4345,2023-08-15,NIMES PONT DU GARD,NON,6054,19:51,SUD EST,VALENCE TGV RHONE-ALPES SUD,LANGPA,FRVLA,19:14,FRXZP
4346,2023-08-15,SURGERES,OUI,8392,00:17,ATLANTIQUE,PARIS (intramuros),ROCHELLEPA,FRPMO,21:30,FREIP
4347,2023-08-15,LA ROCHELLE VILLE,OUI,8392,23:12,ATLANTIQUE,ST PIERRE DES CORPS,ROCHELLEPA,FRXSH,21:09,FRLRH
4348,2023-08-15,PARIS (intramuros),OUI,8731,21:28,ATLANTIQUE,QUIMPER,PARISBRETA,FRUIP,17:56,FRPMO
4349,2023-08-15,NIMES,OUI,6223,21:03,SUD EST,BEZIERS,PALANG,FRBZR,19:47,FRFNI
4350,2023-08-15,MONTPELLIER SAINT-ROCH,OUI,6223,20:34,SUD EST,SETE,PALANG,FRXSY,20:19,FRMPL
4351,2023-08-15,VALENCE TGV RHONE-ALPES SUD,OUI,6223,20:13,SUD EST,MONTPELLIER SAINT-ROCH,PALANG,FRMPL,19:01,FRVLA
4352,2023-08-15,AGDE,OUI,6223,21:56,SUD EST,PERPIGNAN,PALANG,FRPGF,20:52,FRXAG
4353,2023-08-15,NARBONNE,OUI,6223,21:56,SUD EST,PERPIGNAN,PALANG,FRPGF,21:23,FRXNA
4354,2023-08-15,SETE,OUI,6223,21:03,SUD EST,BEZIERS,PALANG,FRBZR,20:37,FRXSY
4355,2023-08-15,SETE,OUI,6223,21:20,SUD EST,NARBONNE,PALANG,FRXNA,20:37,FRXSY
4356,2023-08-15,MANNHEIM HBF,NON,9561,10:59,INTERNATIONAL,FRANKFURT MAIN HBF,PAFRANC,DEFRH,10:21,DEMHG
4357,2023-08-15,STRASBOURG,NON,9561,10:59,INTERNATIONAL,FRANKFURT MAIN HBF,PAFRANC,DEFRH,09:12,FRAEG
4358,2023-08-15,STRASBOURG,NON,9561,10:18,INTERNATIONAL,MANNHEIM HBF,PAFRANC,DEMHG,09:12,FRAEG
4359,2023-08-15,PARIS (intramuros),NON,7081,21:18,NORD,LILLE (intramuros),PALILLE,FRADJ,20:16,FRPNO
4360,2023-08-15,BIARRITZ,OUI,8541,16:56,ATLANTIQUE,HENDAYE,PASUDOUEST,FRAEF,16:29,FRBIQ
4361,2023-08-15,BORDEAUX ST JEAN,OUI,8541,16:14,ATLANTIQUE,BAYONNE,PASUDOUEST,FRXBY,14:21,FRBOJ
4362,2023-08-15,BORDEAUX ST JEAN,OUI,8541,16:42,ATLANTIQUE,ST JEAN DE LUZ CIBOURE,PASUDOUEST,FRXJZ,14:21,FRBOJ
4363,2023-08-15,PARIS (intramuros),OUI,8541,16:56,ATLANTIQUE,HENDAYE,PASUDOUEST,FRAEF,12:08,FRPMO
4364,2023-08-15,PARIS (intramuros),OUI,8541,16:14,ATLANTIQUE,BAYONNE,PASUDOUEST,FRXBY,12:08,FRPMO
4365,2023-08-15,ST JEAN DE LUZ CIBOURE,OUI,8541,16:56,ATLANTIQUE,HENDAYE,PASUDOUEST,FRAEF,16:44,FRXJZ
4366,2023-08-15,PARIS (intramuros),OUI,6033,13:13,SUD EST,MONTPELLIER SAINT-ROCH,PALANG,FRMPL,09:42,FRPLY
4367,2023-08-15,DIJON VILLE,NON,2204,19:41,EST,COLMAR,JCRHONRHIN,FRAEJ,17:50,FRABA
4368,2023-08-15,DIJON VILLE,NON,2204,19:09,EST,MULHOUSE VILLE,JCRHONRHIN,FRAEK,17:50,FRABA
4369,2023-08-15,DIJON VILLE,NON,2204,18:17,EST,BESANCON - F COMTE TGV,JCRHONRHIN,FRTJB,17:50,FRABA
4370,2023-08-15,NIMES,NON,2204,17:40,EST,DIJON VILLE,JCRHONRHIN,FRABA,14:25,FRFNI
4371,2023-08-15,NIMES,NON,2204,18:44,EST,BELFORT-MONTBELIARD TGV,JCRHONRHIN,FRTJA,14:25,FRFNI
4372,2023-08-15,LYON (intramuros),NON,2204,19:41,EST,COLMAR,JCRHONRHIN,FRAEJ,16:04,FRLPD
4373,2023-08-15,LYON (intramuros),NON,2204,16:39,EST,MACON VILLE,JCRHONRHIN,FRHGU,16:04,FRLPD
4374,2023-08-15,LYON (intramuros),NON,2204,18:44,EST,BELFORT-MONTBELIARD TGV,JCRHONRHIN,FRTJA,16:04,FRLPD
4375,2023-08-15,LYON (intramuros),NON,2204,18:17,EST,BESANCON - F COMTE TGV,JCRHONRHIN,FRTJB,16:04,FRLPD
4376,2023-08-15,MONTPELLIER SAINT-ROCH,NON,2204,20:13,EST,STRASBOURG,JCRHONRHIN,FRAEG,13:57,FRMPL
4377,2023-08-15,MONTPELLIER SAINT-ROCH,NON,2204,14:22,EST,NIMES,JCRHONRHIN,FRFNI,13:57,FRMPL
4378,2023-08-15,MONTPELLIER SAINT-ROCH,NON,2204,16:39,EST,MACON VILLE,JCRHONRHIN,FRHGU,13:57,FRMPL
4379,2023-08-15,MONTPELLIER SAINT-ROCH,NON,2204,15:09,EST,VALENCE TGV RHONE-ALPES SUD,JCRHONRHIN,FRVLA,13:57,FRMPL
4380,2023-08-15,BELFORT-MONTBELIARD TGV,NON,2204,20:13,EST,STRASBOURG,JCRHONRHIN,FRAEG,18:47,FRTJA
4381,2023-08-15,BESANCON - F COMTE TGV,NON,2204,19:09,EST,MULHOUSE VILLE,JCRHONRHIN,FRAEK,18:22,FRTJB
4382,2023-08-15,VALENCE TGV RHONE-ALPES SUD,NON,2204,16:39,EST,MACON VILLE,JCRHONRHIN,FRHGU,15:12,FRVLA
4383,2023-08-15,PARIS (intramuros),OUI,8657,05:36,ATLANTIQUE,LANDERNEAU,PARISBRETA,FRXLD,23:59,FRPMO
4384,2023-08-15,PARIS (intramuros),OUI,6627,19:09,SUD EST,LE CREUSOT MONTCEAU MONTCHANIN,PARISRHONE,FRXCC,17:52,FRPLY
4385,2023-08-15,LE CREUSOT MONTCEAU MONTCHANIN,OUI,6627,20:10,SUD EST,LYON (intramuros),PARISRHONE,FRLPE,19:12,FRXCC
4386,2023-08-15,BRUXELLES MIDI BRUSSEL ZUID,OUI,9812,08:52,NORD,LILLE (intramuros),JCNORDSUD,FRLLE,08:17,BEBMI
4387,2023-08-15,BRUXELLES MIDI BRUSSEL ZUID,OUI,9812,09:53,NORD,AEROPORT CDG2 TGV ROISSY,JCNORDSUD,FRMLW,08:17,BEBMI
4388,2023-08-15,LILLE (intramuros),OUI,9812,09:53,NORD,AEROPORT CDG2 TGV ROISSY,JCNORDSUD,FRMLW,09:03,FRLLE
4389,2023-08-15,LILLE (intramuros),NON,9812,14:03,NORD,MONTPELLIER SAINT-ROCH,JCNORDSUD,FRMPL,09:03,FRLLE
4390,2023-08-15,LYON (intramuros),NON,9812,13:33,NORD,NIMES,JCNORDSUD,FRFNI,12:06,FRLPD
4391,2023-08-15,MARNE LA VALLEE CHESSY,NON,9812,12:00,NORD,LYON (intramuros),JCNORDSUD,FRLPD,10:13,FRMLV
4392,2023-08-15,AEROPORT CDG2 TGV ROISSY,NON,9812,13:33,NORD,NIMES,JCNORDSUD,FRFNI,09:59,FRMLW
4393,2023-08-15,AEROPORT CDG2 TGV ROISSY,NON,9812,14:03,NORD,MONTPELLIER SAINT-ROCH,JCNORDSUD,FRMPL,09:59,FRMLW
4394,2023-08-15,VALENCE TGV RHONE-ALPES SUD,NON,9812,13:33,NORD,NIMES,JCNORDSUD,FRFNI,12:50,FRVLA
4395,2023-08-15,LORIENT,OUI,8751,23:45,ATLANTIQUE,QUIMPER,PARISBRETA,FRUIP,23:02,FRLRT
4396,2023-08-15,PARIS (intramuros),OUI,8751,22:41,ATLANTIQUE,AURAY,PARISBRETA,FRXUY,19:54,FRPMO
4397,2023-08-15,VANNES,OUI,8751,23:13,ATLANTIQUE,QUIMPERLE,PARISBRETA,FRECO,22:31,FRVNE
4398,2023-08-15,AURAY,OUI,8751,22:59,ATLANTIQUE,LORIENT,PARISBRETA,FRLRT,22:44,FRXUY
4399,2023-08-15,AURAY,OUI,8751,23:30,ATLANTIQUE,ROSPORDEN,PARISBRETA,FRRSP,22:44,FRXUY
4400,2023-08-15,AGEN,NON,4655,10:54,IC ARO,MONTPELLIER SAINT-ROCH,TJOURSOSE,FRMPL,07:33,FRAGF
4401,2023-08-15,BORDEAUX ST JEAN,OUI,4655,07:31,IC ARO,AGEN,TJOURSOSE,FRAGF,06:28,FRBOJ
4402,2023-08-15,BORDEAUX ST JEAN,NON,4655,12:36,IC ARO,MARSEILLE ST CHARLES,TJOURSOSE,FRMSC,06:28,FRBOJ
4403,2023-08-15,BEZIERS,NON,4655,11:22,IC ARO,NIMES,TJOURSOSE,FRFNI,10:18,FRBZR
4404,2023-08-15,CARCASSONNE,NON,4655,10:15,IC ARO,BEZIERS,TJOURSOSE,FRBZR,09:29,FRCCF
4405,2023-08-15,CARCASSONNE,NON,4655,10:54,IC ARO,MONTPELLIER SAINT-ROCH,TJOURSOSE,FRMPL,09:29,FRCCF
4406,2023-08-15,MONTPELLIER SAINT-ROCH,NON,4655,12:36,IC ARO,MARSEILLE ST CHARLES,TJOURSOSE,FRMSC,10:58,FRMPL
4407,2023-08-15,NARBONNE,NON,4655,10:54,IC ARO,MONTPELLIER SAINT-ROCH,TJOURSOSE,FRMPL,10:01,FRXNA
4408,2023-08-15,PAU,NON,14150,18:36,IC SRO,LOURDES,SUDOUEST,FRLDE,18:11,FRAEE
4409,2023-08-15,PAU,NON,14150,20:27,IC SRO,TOULOUSE MATABIAU,SUDOUEST,FRXYT,18:11,FRAEE
4410,2023-08-15,ST GAUDENS,NON,14150,20:27,IC SRO,TOULOUSE MATABIAU,SUDOUEST,FRXYT,19:36,FRFPH
4411,2023-08-15,ORTHEZ,NON,14150,19:34,IC SRO,ST GAUDENS,SUDOUEST,FRFPH,17:47,FRGFI
4412,2023-08-15,ORTHEZ,NON,14150,18:36,IC SRO,LOURDES,SUDOUEST,FRLDE,17:47,FRGFI
4413,2023-08-15,ORTHEZ,NON,14150,20:27,IC SRO,TOULOUSE MATABIAU,SUDOUEST,FRXYT,17:47,FRGFI
4414,2023-08-15,BAYONNE,NON,14150,17:45,IC SRO,ORTHEZ,SUDOUEST,FRGFI,17:03,FRXBY
4415,2023-08-15,TARBES,NON,14150,20:27,IC SRO,TOULOUSE MATABIAU,SUDOUEST,FRXYT,18:55,FRXTB
4416,2023-08-15,GRENOBLE,OUI,6928,23:46,SUD EST,PARIS (intramuros),GRENOBLEPA,FRPLY,20:47,FRGNB
4417,2023-08-15,AIX EN PROVENCE TGV,NON,6136,06:38,SUD EST,AVIGNON TGV,PROVENCEPA,FRAVG,06:18,FRAIE
4418,2023-08-15,ANGERS ST LAUD,NON,5482,10:20,EST,MASSY TGV,JCATLEST,FRDJU,08:43,FRACL
4419,2023-08-15,LE MANS,NON,5482,13:12,EST,STRASBOURG,JCATLEST,FRAEG,09:30,FRAET
4420,2023-08-15,LE MANS,NON,5482,11:52,EST,CHAMPAGNE-ARDENNE,JCATLEST,FREAH,09:30,FRAET
4421,2023-08-15,MASSY TGV,NON,5482,12:32,EST,LORRAINE TGV,JCATLEST,FREAM,10:26,FRDJU
4422,2023-08-15,AEROPORT CDG2 TGV ROISSY,NON,5482,12:32,EST,LORRAINE TGV,JCATLEST,FREAM,11:22,FRMLW
4423,2023-08-15,NANTES,NON,5482,08:40,EST,ANGERS ST LAUD,JCATLEST,FRACL,08:03,FRNTE
4424,2023-08-15,NANTES,NON,5482,11:52,EST,CHAMPAGNE-ARDENNE,JCATLEST,FREAH,08:03,FRNTE
4425,2023-08-15,NANTES,NON,5482,10:55,EST,MARNE LA VALLEE CHESSY,JCATLEST,FRMLV,08:03,FRNTE
4426,2023-08-15,DIJON VILLE,OUI,5535,23:18,EST,LYON (intramuros),JCRHINRHON,FRLPE,21:29,FRABA
4427,2023-08-15,STRASBOURG,NON,5535,21:19,EST,DIJON VILLE,JCRHINRHON,FRABA,19:03,FRAEG
4428,2023-08-15,STRASBOURG,OUI,5535,19:59,EST,MULHOUSE VILLE,JCRHINRHON,FRAEK,19:03,FRAEG
4429,2023-08-15,STRASBOURG,NON,5535,23:18,EST,LYON (intramuros),JCRHINRHON,FRLPE,19:03,FRAEG
4430,2023-08-15,MULHOUSE VILLE,NON,5535,22:26,EST,MACON VILLE,JCRHINRHON,FRHGU,20:04,FRAEK
4431,2023-08-15,MULHOUSE VILLE,NON,5535,23:04,EST,LYON (intramuros),JCRHINRHON,FRLPD,20:04,FRAEK
4432,2023-08-15,MULHOUSE VILLE,OUI,5535,20:26,EST,BELFORT-MONTBELIARD TGV,JCRHINRHON,FRTJA,20:04,FRAEK
4433,2023-08-15,LYON (intramuros),OUI,5535,23:18,EST,LYON (intramuros),JCRHINRHON,FRLPE,23:10,FRLPD
4434,2023-08-15,BELFORT-MONTBELIARD TGV,NON,5535,23:04,EST,LYON (intramuros),JCRHINRHON,FRLPD,20:29,FRTJA
4435,2023-08-15,BELFORT-MONTBELIARD TGV,NON,5535,20:49,EST,BESANCON - F COMTE TGV,JCRHINRHON,FRTJB,20:29,FRTJA
4436,2023-08-15,BESANCON - F COMTE TGV,OUI,5535,22:26,EST,MACON VILLE,JCRHINRHON,FRHGU,20:52,FRTJB
4437,2023-08-15,ST MAIXENT DEUX SEVRES,OUI,8391,21:21,ATLANTIQUE,LA ROCHELLE VILLE,PAROCHELLE,FRLRH,20:21,FREJC
4438,2023-08-15,POITIERS,OUI,8391,21:21,ATLANTIQUE,LA ROCHELLE VILLE,PAROCHELLE,FRLRH,19:49,FRPIS
4439,2023-08-15,PARIS (intramuros),OUI,8391,20:18,ATLANTIQUE,ST MAIXENT DEUX SEVRES,PAROCHELLE,FREJC,18:24,FRPMO
4440,2023-08-15,POITIERS,OUI,8461,00:42,ATLANTIQUE,BORDEAUX ST JEAN,PASUDOUEST,FRBOJ,23:24,FRPIS
4441,2023-08-15,METZ VILLE,OUI,2843,22:27,EST,THIONVILLE,PAMETZLUX,FRXTH,22:09,FRADE
4442,2023-08-15,PARIS (intramuros),OUI,2843,22:52,EST,LUXEMBOURG,PAMETZLUX,LULUX,20:40,FRPST
4443,2023-08-15,PAU,NON,8585,19:35,ATLANTIQUE,BORDEAUX ST JEAN,SUDOUESTPA,FRBOJ,17:19,FRAEE
4444,2023-08-15,PAU,OUI,8585,17:41,ATLANTIQUE,ORTHEZ,SUDOUESTPA,FRGFI,17:19,FRAEE
4445,2023-08-15,PAU,NON,8585,21:52,ATLANTIQUE,PARIS (intramuros),SUDOUESTPA,FRPMO,17:19,FRAEE
4446,2023-08-15,LOURDES,OUI,8585,17:17,ATLANTIQUE,PAU,SUDOUESTPA,FRAEE,16:49,FRLDE
4447,2023-08-15,TARBES,NON,8585,19:35,ATLANTIQUE,BORDEAUX ST JEAN,SUDOUESTPA,FRBOJ,16:25,FRXTB
4448,2023-08-15,LAVAL,OUI,8739,22:13,ATLANTIQUE,QUIMPERLE,PARISBRETA,FRECO,19:58,FRACR
4449,2023-08-15,LAVAL,OUI,8739,20:25,ATLANTIQUE,RENNES,PARISBRETA,FRRNS,19:58,FRACR
4450,2023-08-15,LORIENT,OUI,8739,22:30,ATLANTIQUE,ROSPORDEN,PARISBRETA,FRRSP,22:02,FRLRT
4451,2023-08-15,PARIS (intramuros),OUI,8739,20:25,ATLANTIQUE,RENNES,PARISBRETA,FRRNS,18:40,FRPMO
4452,2023-08-15,PARIS (intramuros),OUI,8739,22:45,ATLANTIQUE,QUIMPER,PARISBRETA,FRUIP,18:40,FRPMO
4453,2023-08-15,RENNES,OUI,8739,21:28,ATLANTIQUE,VANNES,PARISBRETA,FRVNE,20:29,FRRNS
4454,2023-08-15,ROSPORDEN,OUI,8739,22:45,ATLANTIQUE,QUIMPER,PARISBRETA,FRUIP,22:33,FRRSP
4455,2023-08-15,REDON,OUI,8739,21:59,ATLANTIQUE,LORIENT,PARISBRETA,FRLRT,21:05,FRXRN
4456,2023-08-15,AURAY,OUI,8739,22:30,ATLANTIQUE,ROSPORDEN,PARISBRETA,FRRSP,21:44,FRXUY
4457,2023-08-15,AURAY,OUI,8739,22:45,ATLANTIQUE,QUIMPER,PARISBRETA,FRUIP,21:44,FRXUY
4458,2023-08-15,PARIS (intramuros),OUI,9591,20:26,EST,FREIBURG BREISGAU HBF,PASTRAMULH,DEFGB,17:25,FRPST
4459,2023-08-15,PARIS (intramuros),OUI,9591,19:54,EST,LAHR SCHWARZW,PASTRAMULH,DEANL,17:25,FRPST
4460,2023-08-15,PARIS (intramuros),OUI,9591,19:39,EST,OFFENBOURG/OFFENBURG,PASTRAMULH,DEZPA,17:25,FRPST
4461,2023-08-15,STRASBOURG,OUI,9591,20:26,EST,FREIBURG BREISGAU HBF,PASTRAMULH,DEFGB,19:11,FRAEG
4462,2023-08-15,OFFENBOURG/OFFENBURG,OUI,9591,19:54,EST,LAHR SCHWARZW,PASTRAMULH,DEANL,19:44,DEZPA
4463,2023-08-15,OFFENBOURG/OFFENBURG,OUI,9591,20:26,EST,FREIBURG BREISGAU HBF,PASTRAMULH,DEFGB,19:44,DEZPA
4464,2023-08-15,LAHR SCHWARZW,OUI,9591,20:02,EST,RINGSHEIM/EU-PARK,PASTRAMULH,DERSH,19:55,DEANL
4465,2023-08-15,BORDEAUX ST JEAN,NON,4669,23:22,IC ARO,NIMES,TJOURSOSE,FRFNI,18:28,FRBOJ
4466,2023-08-15,MARMANDE,NON,4669,21:58,IC ARO,NARBONNE,TJOURSOSE,FRXNA,19:06,FRXMR
4467,2023-08-15,MARMANDE,NON,4669,22:34,IC ARO,SETE,TJOURSOSE,FRXSY,19:06,FRXMR
4468,2023-08-15,MONTAUBAN VILLE BOURBON,NON,4669,22:54,IC ARO,MONTPELLIER SAINT-ROCH,TJOURSOSE,FRMPL,20:11,FRXMW
4469,2023-08-15,NARBONNE,OUI,4669,23:22,IC ARO,NIMES,TJOURSOSE,FRFNI,22:01,FRXNA
4470,2023-08-15,TOULOUSE MATABIAU,OUI,4669,22:54,IC ARO,MONTPELLIER SAINT-ROCH,TJOURSOSE,FRMPL,20:45,FRXYT
4471,2023-08-15,PARIS (intramuros),OUI,7585,21:13,NORD,BOULOGNE VILLE,PAARRAS,FRAEB,18:52,FRPNO
4472,2023-08-15,PARIS (intramuros),OUI,7585,19:40,NORD,ARRAS,PAARRAS,FRQRV,18:52,FRPNO
4473,2023-08-15,LILLE (intramuros),NON,7060,18:14,NORD,PARIS (intramuros),LILLEPA,FRPNO,17:12,FRADJ
4474,2023-08-15,ANGERS ST LAUD,NON,2206,18:48,EST,LORRAINE TGV,JCATLEST,FREAM,14:49,FRACL
4475,2023-08-15,LE MANS,NON,2206,18:48,EST,LORRAINE TGV,JCATLEST,FREAM,15:30,FRAET
4476,2023-08-15,MASSY TGV,NON,2206,16:57,EST,MARNE LA VALLEE CHESSY,JCATLEST,FRMLV,16:26,FRDJU
4477,2023-08-15,NANTES,NON,2206,15:27,EST,LE MANS,JCATLEST,FRAET,14:09,FRNTE
4478,2023-08-15,LE MANS,NON,9886,09:10,NORD,AEROPORT CDG2 TGV ROISSY,JCBRETNORD,FRMLW,07:26,FRAET
4479,2023-08-15,AEROPORT CDG2 TGV ROISSY,OUI,9886,11:01,NORD,BRUXELLES MIDI BRUSSEL ZUID,JCBRETNORD,BEBMI,09:16,FRMLW
4480,2023-08-15,AEROPORT CDG2 TGV ROISSY,OUI,9886,10:17,NORD,LILLE (intramuros),JCBRETNORD,FRLLE,09:16,FRMLW
4481,2023-08-15,AEROPORT CDG2 TGV ROISSY,OUI,9886,09:45,NORD,TGV HAUTE PICARDIE,JCBRETNORD,FRTHP,09:16,FRMLW
4482,2023-08-15,NANTES,NON,9886,10:17,NORD,LILLE (intramuros),JCBRETNORD,FRLLE,06:01,FRNTE
4483,2023-08-15,TGV HAUTE PICARDIE,OUI,9886,10:17,NORD,LILLE (intramuros),JCBRETNORD,FRLLE,09:50,FRTHP
4484,2023-08-15,ANGERS ST LAUD,NON,9886,11:01,NORD,BRUXELLES MIDI BRUSSEL ZUID,JCBRETNORD,BEBMI,06:41,FRACL
4485,2023-08-15,LE MANS,NON,9886,11:01,NORD,BRUXELLES MIDI BRUSSEL ZUID,JCBRETNORD,BEBMI,07:26,FRAET
4486,2023-08-15,FORBACH,NON,9551,11:34,INTERNATIONAL,KAISERSLAUTERN HBF,PAFRANC,DEKLT,10:47,FRBQT
4487,2023-08-15,DAX,OUI,8547,18:56,ATLANTIQUE,HENDAYE,PASUDOUEST,FRAEF,17:42,FRACG
4488,2023-08-15,BIARRITZ,OUI,8547,18:56,ATLANTIQUE,HENDAYE,PASUDOUEST,FRAEF,18:28,FRBIQ
4489,2023-08-15,MASSY TGV,NON,8547,18:56,ATLANTIQUE,HENDAYE,PASUDOUEST,FRAEF,14:15,FRDJU
4490,2023-08-15,MASSY TGV,NON,8547,18:41,ATLANTIQUE,ST JEAN DE LUZ CIBOURE,PASUDOUEST,FRXJZ,14:15,FRDJU
4491,2023-08-15,ANNECY,OUI,6980,18:08,SUD EST,CHAMBERY CHALLES LES EAUX,ALPESPARIS,FRCMF,17:32,FRNCY
4492,2023-08-15,AIX LES BAINS LE REVARD,NON,6980,21:14,SUD EST,PARIS (intramuros),ALPESPARIS,FRPLY,17:59,FRXAI
4493,2023-08-15,PARIS (intramuros),OUI,8393,22:25,ATLANTIQUE,LA ROCHELLE VILLE,PAROCHELLE,FRLRH,19:16,FRPMO
4494,2023-08-15,ST PIERRE DES CORPS,OUI,8393,22:25,ATLANTIQUE,LA ROCHELLE VILLE,PAROCHELLE,FRLRH,20:23,FRXSH
4495,2023-08-15,QUIMPERLE,OUI,8742,19:18,ATLANTIQUE,VANNES,BRETAPARIS,FRVNE,18:36,FRECO
4496,2023-08-15,LORIENT,OUI,8742,19:18,ATLANTIQUE,VANNES,BRETAPARIS,FRVNE,18:50,FRLRT
4497,2023-08-15,LORIENT,OUI,8742,19:05,ATLANTIQUE,AURAY,BRETAPARIS,FRXUY,18:50,FRLRT
4498,2023-08-15,ROSPORDEN,OUI,8742,18:47,ATLANTIQUE,LORIENT,BRETAPARIS,FRLRT,18:21,FRRSP
4499,2023-08-15,ANGOULEME,NON,12260,17:12,ATLANTIQUE,PARIS (intramuros),SUDOUESTPA,FRPMO,15:23,FRANG
4500,2023-08-15,NANTES,OUI,8874,13:41,ATLANTIQUE,ANGERS ST LAUD,LOIREPARIS,FRACL,13:05,FRNTE
4501,2023-08-15,NANTES,NON,8874,14:23,ATLANTIQUE,LE MANS,LOIREPARIS,FRAET,13:05,FRNTE
4502,2023-08-15,ANGOULEME,NON,8488,18:06,ATLANTIQUE,POITIERS,SUDOUESTPA,FRPIS,17:26,FRANG
4503,2023-08-15,BORDEAUX ST JEAN,OUI,8488,17:23,ATLANTIQUE,ANGOULEME,SUDOUESTPA,FRANG,16:19,FRBOJ
4504,2023-08-15,BORDEAUX ST JEAN,NON,8488,18:06,ATLANTIQUE,POITIERS,SUDOUESTPA,FRPIS,16:19,FRBOJ
4505,2023-08-15,BORDEAUX ST JEAN,OUI,8488,16:39,ATLANTIQUE,LIBOURNE,SUDOUESTPA,FRXLR,16:19,FRBOJ
4506,2023-08-15,POITIERS,NON,8488,19:33,ATLANTIQUE,PARIS (intramuros),SUDOUESTPA,FRPMO,18:09,FRPIS
4507,2023-08-15,LIBOURNE,OUI,8488,17:23,ATLANTIQUE,ANGOULEME,SUDOUESTPA,FRANG,16:42,FRXLR
4508,2023-08-15,LIBOURNE,NON,8488,18:06,ATLANTIQUE,POITIERS,SUDOUESTPA,FRPIS,16:42,FRXLR
4509,2023-08-15,POITIERS,OUI,8447,18:05,ATLANTIQUE,ANGOULEME,PASUDOUEST,FRANG,17:27,FRPIS
4510,2023-08-15,MEUSE TGV,OUI,2234,19:54,EST,PARIS (intramuros),NANCYPA,FRPST,18:53,FREAJ
4511,2023-08-15,STRASBOURG,NON,9570,22:05,INTERNATIONAL,PARIS (intramuros),MUNSTUTPA,FRPST,20:20,FRAEG
4512,2023-08-15,AUGSBURG HBF,NON,9577,21:36,INTERNATIONAL,MUENCHEN HBF,PASTUTMUN,DEBEG,21:07,DEAGB
4513,2023-08-15,ULM HBF,NON,9577,21:36,INTERNATIONAL,MUENCHEN HBF,PASTUTMUN,DEBEG,20:23,DEQUL
4514,2023-08-15,STRASBOURG,NON,9577,21:36,INTERNATIONAL,MUENCHEN HBF,PASTUTMUN,DEBEG,17:46,FRAEG
4515,2023-08-15,STRASBOURG,NON,9577,20:21,INTERNATIONAL,ULM HBF,PASTUTMUN,DEQUL,17:46,FRAEG
4516,2023-08-15,PARIS (intramuros),NON,9577,21:04,INTERNATIONAL,AUGSBURG HBF,PASTUTMUN,DEAGB,15:55,FRPST
4517,2023-08-15,ARRAS,OUI,7446,23:08,NORD,PARIS (intramuros),ARRASPA,FRPNO,22:18,FRQRV
4518,2023-08-15,GUINGAMP,OUI,8615,14:12,ATLANTIQUE,MORLAIX,PARISBRETA,FRMXN,13:40,FRGGP
4519,2023-08-15,GUINGAMP,OUI,8615,13:53,ATLANTIQUE,PLOUARET TREGOR,PARISBRETA,FRPLT,13:40,FRGGP
4520,2023-08-15,LAMBALLE,NON,8615,13:37,ATLANTIQUE,GUINGAMP,PARISBRETA,FRGGP,13:10,FRLAM
4521,2023-08-15,PLOUARET TREGOR,OUI,8615,14:12,ATLANTIQUE,MORLAIX,PARISBRETA,FRMXN,13:56,FRPLT
4522,2023-08-15,PARIS (intramuros),NON,8615,12:25,ATLANTIQUE,RENNES,PARISBRETA,FRRNS,10:53,FRPMO
4523,2023-08-15,RENNES,NON,8615,13:53,ATLANTIQUE,PLOUARET TREGOR,PARISBRETA,FRPLT,12:32,FRRNS
4524,2023-08-15,ANGOULEME,OUI,8483,10:12,ATLANTIQUE,BORDEAUX ST JEAN,PASUDOUEST,FRBOJ,09:06,FRANG
4525,2023-08-15,LILLE (intramuros),NON,5210,10:29,NORD,LE MANS,JCNORDBRET,FRAET,07:52,FRLLE
4526,2023-08-15,LILLE (intramuros),OUI,5210,08:57,NORD,MARNE LA VALLEE CHESSY,JCNORDBRET,FRMLV,07:52,FRLLE
4527,2023-08-15,MARNE LA VALLEE CHESSY,OUI,5210,09:34,NORD,MASSY TGV,JCNORDBRET,FRDJU,09:02,FRMLV
4528,2023-08-15,MARNE LA VALLEE CHESSY,NON,5210,11:17,NORD,RENNES,JCNORDBRET,FRRNS,09:02,FRMLV
4529,2023-08-15,AEROPORT CDG2 TGV ROISSY,NON,5210,10:29,NORD,LE MANS,JCNORDBRET,FRAET,08:48,FRMLW
4530,2023-08-15,LYON (intramuros),NON,6694,15:00,SUD EST,PARIS (intramuros),RHONEPARIS,FRPLY,13:04,FRLPD
4531,2023-08-15,LILLE (intramuros),NON,9832,18:29,NORD,LE MANS,JCNORDBRET,FRAET,15:52,FRLLE
4532,2023-08-15,LILLE (intramuros),NON,9832,17:33,NORD,MASSY TGV,JCNORDBRET,FRDJU,15:52,FRLLE
4533,2023-08-15,AEROPORT CDG2 TGV ROISSY,NON,9832,17:33,NORD,MASSY TGV,JCNORDBRET,FRDJU,16:49,FRMLW
4534,2023-08-15,AEROPORT CDG2 TGV ROISSY,NON,9832,19:50,NORD,NANTES,JCNORDBRET,FRNTE,16:49,FRMLW
4535,2023-08-15,BRUXELLES MIDI BRUSSEL ZUID,NON,9832,19:50,NORD,NANTES,JCNORDBRET,FRNTE,15:03,BEBMI
4536,2023-08-15,LES AUBRAIS ORLEANS,NON,3741,07:05,IC NUIT,TARBES,PARPALOMBE,FRXTB,22:24,FRLAB
4537,2023-08-15,PARIS (intramuros),NON,3741,08:44,IC NUIT,DAX,PARPALOMBE,FRACG,20:41,FRPAZ
4538,2023-08-15,PARIS (intramuros),NON,3741,10:10,IC NUIT,ST JEAN DE LUZ CIBOURE,PARPALOMBE,FRXJZ,20:41,FRPAZ
4539,2023-08-15,GRENOBLE,NON,6924,21:46,SUD EST,PARIS (intramuros),GRENOBLEPA,FRPLY,18:46,FRGNB
4540,2023-08-15,NEVERS,OUI,5963,16:28,IC ARO,MOULINS SUR ALLIER,PACLERMONT,FRXMU,15:59,FRNVS
4541,2023-08-15,MOULINS SUR ALLIER,OUI,5963,16:55,IC ARO,VICHY,PACLERMONT,FRVHY,16:30,FRXMU
4542,2023-08-15,LYON (intramuros),OUI,6632,19:58,SUD EST,LYON (intramuros),RHONEPARIS,FRLPD,19:50,FRLPE
4543,2023-08-15,LYON (intramuros),NON,6632,22:00,SUD EST,PARIS (intramuros),RHONEPARIS,FRPLY,19:50,FRLPE
4544,2023-08-15,POITIERS,OUI,8379,15:18,ATLANTIQUE,LA ROCHELLE VILLE,PAROCHELLE,FRLRH,13:55,FRPIS
4545,2023-08-15,KAISERSLAUTERN HBF,NON,9555,20:59,INTERNATIONAL,FRANKFURT MAIN HBF,PAFRANC,DEFRH,19:37,DEKLT
4546,2023-08-15,SARREBRUCK/SAARBRUECKEN,NON,9555,20:59,INTERNATIONAL,FRANKFURT MAIN HBF,PAFRANC,DEFRH,18:59,DESBK
4547,2023-08-15,SARREBRUCK/SAARBRUECKEN,NON,9555,19:35,INTERNATIONAL,KAISERSLAUTERN HBF,PAFRANC,DEKLT,18:59,DESBK
4548,2023-08-15,LANNION,NON,8692,22:08,ATLANTIQUE,PARIS (intramuros),BRETAPARIS,FRPMO,18:55,FRLAI
4549,2023-08-15,STRASBOURG,NON,9402,19:35,EST,CHAMPAGNE-ARDENNE,MULHSTRAPA,FREAH,18:19,FRAEG
4550,2023-08-15,CHAMPAGNE-ARDENNE,OUI,9402,20:20,EST,PARIS (intramuros),MULHSTRAPA,FRPST,19:38,FREAH
4551,2023-08-15,OFFENBOURG/OFFENBURG,NON,9402,20:20,EST,PARIS (intramuros),MULHSTRAPA,FRPST,17:41,DEZPA
4552,2023-08-15,FREIBURG BREISGAU HBF,OUI,9402,18:12,EST,STRASBOURG,MULHSTRAPA,FRAEG,16:45,DEFGB
4553,2023-08-15,OFFENBOURG/OFFENBURG,OUI,9402,18:12,EST,STRASBOURG,MULHSTRAPA,FRAEG,17:41,DEZPA
4554,2023-08-15,LAHR SCHWARZW,OUI,9402,17:36,EST,OFFENBOURG/OFFENBURG,MULHSTRAPA,DEZPA,17:19,DEANL
4555,2023-08-15,RINGSHEIM/EU-PARK,OUI,9402,17:36,EST,OFFENBOURG/OFFENBURG,MULHSTRAPA,DEZPA,17:08,DERSH
4556,2023-08-15,FREIBURG BREISGAU HBF,NON,9402,18:54,EST,LORRAINE TGV,MULHSTRAPA,FREAM,16:45,DEFGB
4557,2023-08-15,FREIBURG BREISGAU HBF,NON,9402,19:35,EST,CHAMPAGNE-ARDENNE,MULHSTRAPA,FREAH,16:45,DEFGB
4558,2023-08-15,LAHR SCHWARZW,NON,9402,19:35,EST,CHAMPAGNE-ARDENNE,MULHSTRAPA,FREAH,17:19,DEANL
4559,2023-08-15,CHAMBERY CHALLES LES EAUX,NON,9241,11:23,INTERNATIONAL,OULX CESANA CLAV SESTRIERE,PAITALIE,ITOCS,09:44,FRCMF
4560,2023-08-15,MACON LOCHE TGV,NON,9241,10:52,INTERNATIONAL,MODANE,PAITALIE,FRAGR,08:19,FRMLT
4561,2023-08-15,MACON LOCHE TGV,NON,9241,09:36,INTERNATIONAL,CHAMBERY CHALLES LES EAUX,PAITALIE,FRCMF,08:19,FRMLT
4562,2023-08-15,PARIS (intramuros),NON,9241,08:16,INTERNATIONAL,MACON LOCHE TGV,PAITALIE,FRMLT,06:46,FRPLY
4563,2023-08-15,AIX EN PROVENCE TGV,NON,9868,18:47,NORD,MARNE LA VALLEE CHESSY,JCSUDNORD,FRMLV,15:24,FRAIE
4564,2023-08-15,LILLE (intramuros),OUI,9868,20:43,NORD,BRUXELLES MIDI BRUSSEL ZUID,JCSUDNORD,BEBMI,20:09,FRLLE
4565,2023-08-15,LYON (intramuros),NON,9868,19:01,NORD,AEROPORT CDG2 TGV ROISSY,JCSUDNORD,FRMLW,17:00,FRLPD
4566,2023-08-15,MARNE LA VALLEE CHESSY,NON,9868,19:01,NORD,AEROPORT CDG2 TGV ROISSY,JCSUDNORD,FRMLW,18:51,FRMLV
4567,2023-08-15,AEROPORT CDG2 TGV ROISSY,NON,9868,19:57,NORD,LILLE (intramuros),JCSUDNORD,FRLLE,19:07,FRMLW
4568,2023-08-15,MARSEILLE ST CHARLES,OUI,9868,15:43,NORD,AVIGNON TGV,JCSUDNORD,FRAVG,15:11,FRMSC
4569,2023-08-15,PARIS (intramuros),OUI,2815,12:27,EST,THIONVILLE,PAMETZLUX,FRXTH,10:40,FRPST
4570,2023-08-15,LORIENT,OUI,8717,15:34,ATLANTIQUE,QUIMPER,PARISBRETA,FRUIP,15:00,FRLRT
4571,2023-08-15,PARIS (intramuros),NON,8717,14:57,ATLANTIQUE,LORIENT,PARISBRETA,FRLRT,11:53,FRPMO
4572,2023-08-15,RENNES,NON,8717,14:57,ATLANTIQUE,LORIENT,PARISBRETA,FRLRT,13:29,FRRNS
4573,2023-08-15,RENNES,NON,8717,14:25,ATLANTIQUE,VANNES,PARISBRETA,FRVNE,13:29,FRRNS
4574,2023-08-15,AURAY,OUI,8717,15:34,ATLANTIQUE,QUIMPER,PARISBRETA,FRUIP,14:41,FRXUY
4575,2023-08-15,PARIS (intramuros),OUI,6709,20:12,SUD EST,MULHOUSE VILLE,PABOUR,FRAEK,17:18,FRPLY
4576,2023-08-15,BESANCON - F COMTE TGV,OUI,6709,20:12,SUD EST,MULHOUSE VILLE,PABOUR,FRAEK,19:25,FRTJB
4577,2023-08-15,ST MALO,NON,8096,23:08,ATLANTIQUE,PARIS (intramuros),BRETAPARIS,FRPMO,20:42,FRXSB
4578,2023-08-15,BASEL SBB,NON,9203,11:26,INTERNATIONAL,ZUERICH HB,PABALZUR,CHAJD,10:33,CHAJP
4579,2023-08-15,MULHOUSE VILLE,NON,9203,11:26,INTERNATIONAL,ZUERICH HB,PABALZUR,CHAJD,10:06,FRAEK
4580,2023-08-15,PARIS (intramuros),NON,9203,11:26,INTERNATIONAL,ZUERICH HB,PABALZUR,CHAJD,07:22,FRPLY
4581,2023-08-15,PARIS (intramuros),NON,9203,09:38,INTERNATIONAL,BELFORT-MONTBELIARD TGV,PABALZUR,FRTJA,07:22,FRPLY
4582,2023-08-15,BELFORT-MONTBELIARD TGV,NON,9203,10:03,INTERNATIONAL,MULHOUSE VILLE,PABALZUR,FRAEK,09:41,FRTJA
4583,2023-08-15,LYON (intramuros),NON,5066,16:57,NORD,LILLE (intramuros),JCSUDNORD,FRLLE,14:00,FRLPD
4584,2023-08-15,MARNE LA VALLEE CHESSY,NON,5066,16:00,NORD,AEROPORT CDG2 TGV ROISSY,JCSUDNORD,FRMLW,15:50,FRMLV
4585,2023-08-15,MARSEILLE ST CHARLES,NON,5066,15:46,NORD,MARNE LA VALLEE CHESSY,JCSUDNORD,FRMLV,12:12,FRMSC
4586,2023-08-15,MARSEILLE ST CHARLES,NON,5066,16:00,NORD,AEROPORT CDG2 TGV ROISSY,JCSUDNORD,FRMLW,12:12,FRMSC
4587,2023-08-15,PARIS (intramuros),OUI,9761,08:09,INTERNATIONAL,BOURG EN BRESSE,PAGENEVE,FRXBK,06:18,FRPLY
4588,2023-08-15,BOURG EN BRESSE,NON,9761,09:29,INTERNATIONAL,GENEVE,PAGENEVE,CHGVA,08:12,FRXBK
4589,2023-08-15,BOURG EN BRESSE,OUI,9761,08:59,INTERNATIONAL,BELLEGARDE,PAGENEVE,FRXBF,08:12,FRXBK
4590,2023-08-15,AGEN,NON,4661,15:28,IC ARO,CARCASSONNE,TJOURSOSE,FRCCF,13:33,FRAGF
4591,2023-08-15,BORDEAUX ST JEAN,NON,4661,15:28,IC ARO,CARCASSONNE,TJOURSOSE,FRCCF,12:28,FRBOJ
4592,2023-08-15,BORDEAUX ST JEAN,NON,4661,17:20,IC ARO,NIMES,TJOURSOSE,FRFNI,12:28,FRBOJ
4593,2023-08-15,BORDEAUX ST JEAN,NON,4661,14:37,IC ARO,TOULOUSE MATABIAU,TJOURSOSE,FRXYT,12:28,FRBOJ
4594,2023-08-15,CARCASSONNE,NON,4661,17:48,IC ARO,ARLES,TJOURSOSE,FRHZA,15:30,FRCCF
4595,2023-08-15,CARCASSONNE,NON,4661,18:35,IC ARO,MARSEILLE ST CHARLES,TJOURSOSE,FRMSC,15:30,FRCCF
4596,2023-08-15,ARLES,OUI,4661,18:35,IC ARO,MARSEILLE ST CHARLES,TJOURSOSE,FRMSC,17:50,FRHZA
4597,2023-08-15,NARBONNE,NON,4661,17:20,IC ARO,NIMES,TJOURSOSE,FRFNI,16:01,FRXNA
4598,2023-08-15,NARBONNE,NON,4661,17:48,IC ARO,ARLES,TJOURSOSE,FRHZA,16:01,FRXNA
4599,2023-08-15,TOULOUSE MATABIAU,NON,4661,17:20,IC ARO,NIMES,TJOURSOSE,FRFNI,14:45,FRXYT
4600,2023-08-15,TOULOUSE MATABIAU,NON,4661,15:58,IC ARO,NARBONNE,TJOURSOSE,FRXNA,14:45,FRXYT
4601,2023-08-15,NICE VILLE,OUI,6170,11:13,SUD EST,ANTIBES,AZURPA,FRXAT,10:54,FRNIC
4602,2023-08-15,NICE VILLE,OUI,6170,11:55,SUD EST,ST RAPHAEL VALESCURE,AZURPA,FRXSK,10:54,FRNIC
4603,2023-08-15,TOULON,NON,6170,16:34,SUD EST,PARIS (intramuros),AZURPA,FRPLY,12:47,FRTLN
4604,2023-08-15,ANTIBES,OUI,6170,11:55,SUD EST,ST RAPHAEL VALESCURE,AZURPA,FRXSK,11:16,FRXAT
4605,2023-08-15,CAHORS,NON,3750,05:40,IC NUIT,LES AUBRAIS ORLEANS,OCCITANPAR,FRLAB,23:29,FRZAO
4606,2023-08-15,NICE VILLE,NON,5772,07:54,IC NUIT,PARIS (intramuros),AZURPAR,FRPAZ,19:08,FRNIC
4607,2023-08-15,LES ARCS DRAGUIGNAN,NON,5772,07:54,IC NUIT,PARIS (intramuros),AZURPAR,FRPAZ,20:19,FRXRS
4608,2023-08-15,ST RAPHAEL VALESCURE,NON,5772,07:54,IC NUIT,PARIS (intramuros),AZURPAR,FRPAZ,20:02,FRXSK
4609,2023-08-15,LYON (intramuros),OUI,6614,10:58,SUD EST,LYON (intramuros),RHONEPARIS,FRLPD,10:50,FRLPE
4610,2023-08-15,CARCASSONNE,OUI,6871,09:12,SUD EST,BEZIERS,JCSUDPROV,FRBZR,08:27,FRCCF
4611,2023-08-15,CARCASSONNE,NON,6871,11:07,SUD EST,VALENCE TGV RHONE-ALPES SUD,JCSUDPROV,FRVLA,08:27,FRCCF
4612,2023-08-15,VALENCE TGV RHONE-ALPES SUD,NON,6871,11:50,SUD EST,LYON (intramuros),JCSUDPROV,FRLPD,11:12,FRVLA
4613,2023-08-15,SETE,NON,6871,11:50,SUD EST,LYON (intramuros),JCSUDPROV,FRLPD,09:39,FRXSY
4614,2023-08-15,TOULOUSE MATABIAU,OUI,6871,09:12,SUD EST,BEZIERS,JCSUDPROV,FRBZR,07:43,FRXYT
4615,2023-08-15,TOULOUSE MATABIAU,OUI,6871,09:36,SUD EST,SETE,JCSUDPROV,FRXSY,07:43,FRXYT
4616,2023-08-15,VENDOME VILLIERS SUR LOIR,OUI,8320,20:12,ATLANTIQUE,PARIS (intramuros),ROCHELLEPA,FRPMO,19:25,FRESL
4617,2023-08-15,HENDAYE,OUI,8536,11:19,ATLANTIQUE,ST JEAN DE LUZ CIBOURE,SUDOUESTPA,FRXJZ,11:09,FRAEF
4618,2023-08-15,BIARRITZ,OUI,8536,11:45,ATLANTIQUE,BAYONNE,SUDOUESTPA,FRXBY,11:34,FRBIQ
4619,2023-08-15,BORDEAUX ST JEAN,NON,8536,15:52,ATLANTIQUE,PARIS (intramuros),SUDOUESTPA,FRPMO,13:46,FRBOJ
4620,2023-08-15,BAYONNE,OUI,8536,12:19,ATLANTIQUE,DAX,SUDOUESTPA,FRACG,11:48,FRXBY
4621,2023-08-15,NIMES,NON,9704,19:03,SUD EST,VALENCE TGV RHONE-ALPES SUD,BARCELONEPA,FRVLA,18:22,FRFNI
4622,2023-08-15,MONTPELLIER SAINT-ROCH,NON,9704,18:18,SUD EST,NIMES,BARCELONEPA,FRFNI,17:51,FRMPL
4623,2023-08-15,PERPIGNAN,NON,9704,17:43,SUD EST,MONTPELLIER SAINT-ROCH,BARCELONEPA,FRMPL,16:05,FRPGF
4624,2023-08-15,PERPIGNAN,NON,9704,19:03,SUD EST,VALENCE TGV RHONE-ALPES SUD,BARCELONEPA,FRVLA,16:05,FRPGF
4625,2023-08-15,AGDE,NON,9704,17:43,SUD EST,MONTPELLIER SAINT-ROCH,BARCELONEPA,FRMPL,17:11,FRXAG
4626,2023-08-15,AGDE,NON,9704,21:18,SUD EST,PARIS (intramuros),BARCELONEPA,FRPLY,17:11,FRXAG
4627,2023-08-15,AGDE,NON,9704,19:03,SUD EST,VALENCE TGV RHONE-ALPES SUD,BARCELONEPA,FRVLA,17:11,FRXAG
4628,2023-08-15,NARBONNE,NON,9704,21:18,SUD EST,PARIS (intramuros),BARCELONEPA,FRPLY,16:42,FRXNA
4629,2023-08-15,NARBONNE,NON,9704,19:03,SUD EST,VALENCE TGV RHONE-ALPES SUD,BARCELONEPA,FRVLA,16:42,FRXNA
4630,2023-08-15,GIRONA,NON,9704,21:18,SUD EST,PARIS (intramuros),BARCELONEPA,FRPLY,15:13,ESGRO
4631,2023-08-15,GIRONA,NON,9704,17:43,SUD EST,MONTPELLIER SAINT-ROCH,BARCELONEPA,FRMPL,15:13,ESGRO
4632,2023-08-15,GIRONA,NON,9704,16:39,SUD EST,NARBONNE,BARCELONEPA,FRXNA,15:13,ESGRO
4633,2023-08-15,FIGUERES VILA TGV,NON,9704,18:18,SUD EST,NIMES,BARCELONEPA,FRFNI,15:30,ESFIR
4634,2023-08-15,FIGUERES VILA TGV,NON,9704,16:39,SUD EST,NARBONNE,BARCELONEPA,FRXNA,15:30,ESFIR
4635,2023-08-15,FIGUERES VILA TGV,NON,9704,19:03,SUD EST,VALENCE TGV RHONE-ALPES SUD,BARCELONEPA,FRVLA,15:30,ESFIR
4636,2023-08-15,FIGUERES VILA TGV,NON,9704,17:43,SUD EST,MONTPELLIER SAINT-ROCH,BARCELONEPA,FRMPL,15:30,ESFIR
4637,2023-08-15,FIGUERES VILA TGV,NON,9704,17:24,SUD EST,SETE,BARCELONEPA,FRXSY,15:30,ESFIR
4638,2023-08-15,ARLES,OUI,6193,16:36,SUD EST,MIRAMAS,PAVDR,FRMAZ,16:19,FRHZA
4639,2023-08-15,LYON-SAINT EXUPERY TGV,OUI,6193,14:46,SUD EST,VALENCE VILLE,PAVDR,FRVAF,14:11,FRJDQ
4640,2023-08-15,PARIS (intramuros),OUI,6193,14:03,SUD EST,LYON-SAINT EXUPERY TGV,PAVDR,FRJDQ,12:14,FRPLY
4641,2023-08-15,PARIS (intramuros),OUI,6193,14:46,SUD EST,VALENCE VILLE,PAVDR,FRVAF,12:14,FRPLY
4642,2023-08-15,DIJON VILLE,OUI,6715,23:20,SUD EST,MULHOUSE VILLE,PABOUR,FRAEK,22:02,FRABA
4643,2023-08-15,PARIS (intramuros),OUI,6715,23:20,SUD EST,MULHOUSE VILLE,PABOUR,FRAEK,20:22,FRPLY
4644,2023-08-15,PERPIGNAN,NON,6052,20:51,SUD EST,VALENCE TGV RHONE-ALPES SUD,LANGPA,FRVLA,18:04,FRPGF
4645,2023-08-15,PERPIGNAN,OUI,6052,19:11,SUD EST,AGDE,LANGPA,FRXAG,18:04,FRPGF
4646,2023-08-15,PERPIGNAN,OUI,6052,18:40,SUD EST,NARBONNE,LANGPA,FRXNA,18:04,FRPGF
4647,2023-08-15,AGDE,NON,6052,20:51,SUD EST,VALENCE TGV RHONE-ALPES SUD,LANGPA,FRVLA,19:14,FRXAG
4648,2023-08-15,AGDE,OUI,6052,19:27,SUD EST,SETE,LANGPA,FRXSY,19:14,FRXAG
4649,2023-08-15,NARBONNE,OUI,6052,18:57,SUD EST,BEZIERS,LANGPA,FRBZR,18:43,FRXNA
4650,2023-08-15,MONTPELLIER SUD DE FRANCE,NON,6052,23:05,SUD EST,PARIS (intramuros),LANGPA,FRPLY,19:52,FRSUF
4651,2023-08-15,BEZIERS,NON,6052,19:47,SUD EST,MONTPELLIER SUD DE FRANCE,LANGPA,FRSUF,19:00,FRBZR
4652,2023-08-15,NIMES PONT DU GARD,NON,6052,20:51,SUD EST,VALENCE TGV RHONE-ALPES SUD,LANGPA,FRVLA,20:13,FRXZP
4653,2023-08-15,NIMES PONT DU GARD,NON,6052,23:05,SUD EST,PARIS (intramuros),LANGPA,FRPLY,20:13,FRXZP
4654,2023-08-15,MONTPELLIER SUD DE FRANCE,NON,6052,20:10,SUD EST,NIMES PONT DU GARD,LANGPA,FRXZP,19:52,FRSUF
4655,2023-08-15,PERPIGNAN,NON,6052,20:10,SUD EST,NIMES PONT DU GARD,LANGPA,FRXZP,18:04,FRPGF
4656,2023-08-15,SETE,NON,6052,20:10,SUD EST,NIMES PONT DU GARD,LANGPA,FRXZP,19:30,FRXSY
4657,2023-08-15,NICE VILLE,OUI,6182,17:01,SUD EST,CANNES,AZURPA,FRJCA,16:34,FRNIC
4658,2023-08-15,NICE VILLE,OUI,6182,18:41,SUD EST,TOULON,AZURPA,FRTLN,16:34,FRNIC
4659,2023-08-15,TOULON,OUI,6182,20:03,SUD EST,AVIGNON TGV,AZURPA,FRAVG,18:51,FRTLN
4660,2023-08-15,TOULON,NON,6182,22:50,SUD EST,PARIS (intramuros),AZURPA,FRPLY,18:51,FRTLN
4661,2023-08-15,ANTIBES,OUI,6182,20:03,SUD EST,AVIGNON TGV,AZURPA,FRAVG,16:52,FRXAT
4662,2023-08-15,LILLE (intramuros),OUI,7212,10:08,NORD,PARIS (intramuros),ARRASPA,FRPNO,08:51,FRLLE
4663,2023-08-15,DAX,OUI,8574,18:15,ATLANTIQUE,ORTHEZ,PASUDOUEST,FRGFI,17:46,FRACG
4664,2023-08-15,BORDEAUX ST JEAN,OUI,8574,19:36,ATLANTIQUE,TARBES,PASUDOUEST,FRXTB,16:21,FRBOJ
4665,2023-08-15,PARIS (intramuros),OUI,8574,18:44,ATLANTIQUE,PAU,PASUDOUEST,FRAEE,14:03,FRPMO
4666,2023-08-15,PARIS (intramuros),OUI,8574,14:12,ATLANTIQUE,MASSY TGV,PASUDOUEST,FRDJU,14:03,FRPMO
4667,2023-08-15,PARIS (intramuros),OUI,8574,18:15,ATLANTIQUE,ORTHEZ,PASUDOUEST,FRGFI,14:03,FRPMO
4668,2023-08-15,PARIS (intramuros),OUI,8574,19:36,ATLANTIQUE,TARBES,PASUDOUEST,FRXTB,14:03,FRPMO
4669,2023-08-15,MASSY TGV,OUI,8574,18:15,ATLANTIQUE,ORTHEZ,PASUDOUEST,FRGFI,14:15,FRDJU
4670,2023-08-15,LES AUBRAIS ORLEANS,NON,3755,05:22,IC NUIT,ASSIER,PAVERMEIL,FRFSD,23:32,FRLAB
4671,2023-08-15,LES AUBRAIS ORLEANS,NON,3755,06:33,IC NUIT,ST CHRISTOPHE,PAVERMEIL,FRFST,23:32,FRLAB
4672,2023-08-15,LES AUBRAIS ORLEANS,NON,3755,04:44,IC NUIT,ST DENIS PRES MARTEL,PAVERMEIL,FRSDM,23:32,FRLAB
4673,2023-08-15,PARIS (intramuros),NON,3755,06:33,IC NUIT,ST CHRISTOPHE,PAVERMEIL,FRFST,22:12,FRPAZ
4674,2023-08-15,PARIS (intramuros),NON,3755,04:44,IC NUIT,ST DENIS PRES MARTEL,PAVERMEIL,FRSDM,22:12,FRPAZ
4675,2023-08-15,PARIS (intramuros),OUI,5789,05:20,IC NUIT,DIE,PABRIANCON,FRDIE,20:51,FRPAZ
4676,2023-08-15,PARIS (intramuros),OUI,5789,06:53,IC NUIT,GAP,PABRIANCON,FRGAT,20:51,FRPAZ
4677,2023-08-15,PARIS (intramuros),OUI,5789,07:11,IC NUIT,CHORGES,PABRIANCON,FRIGS,20:51,FRPAZ
4678,2023-08-15,PARIS (intramuros),OUI,5789,07:33,IC NUIT,EMBRUN,PABRIANCON,FRIGV,20:51,FRPAZ
4679,2023-08-15,STRASBOURG,OUI,5488,17:39,EST,LORRAINE TGV,JCESTATL,FREAM,17:01,FRAEG
4680,2023-08-15,MASSY TGV,NON,5488,21:00,EST,LE MANS,JCESTATL,FRAET,20:10,FRDJU
4681,2023-08-15,CHAMPAGNE-ARDENNE,NON,5488,21:40,EST,ANGERS ST LAUD,JCESTATL,FRACL,18:35,FREAH
4682,2023-08-15,MEUSE TGV,NON,5488,18:32,EST,CHAMPAGNE-ARDENNE,JCESTATL,FREAH,18:09,FREAJ
4683,2023-08-15,LORRAINE TGV,NON,5488,21:00,EST,LE MANS,JCESTATL,FRAET,17:42,FREAM
4684,2023-08-15,LORRAINE TGV,NON,5488,18:32,EST,CHAMPAGNE-ARDENNE,JCESTATL,FREAH,17:42,FREAM
4685,2023-08-15,MARNE LA VALLEE CHESSY,NON,5488,22:19,EST,NANTES,JCESTATL,FRNTE,19:35,FRMLV
4686,2023-08-15,AEROPORT CDG2 TGV ROISSY,NON,5488,20:04,EST,MASSY TGV,JCESTATL,FRDJU,19:21,FRMLW
4687,2023-08-15,NIMES PONT DU GARD,OUI,6055,22:08,SUD EST,MONTPELLIER SUD DE FRANCE,PALANG,FRSUF,21:49,FRXZP
4688,2023-08-15,LAVAL,NON,8723,18:44,ATLANTIQUE,QUIMPER,PARISBRETA,FRUIP,16:00,FRACR
4689,2023-08-15,PARIS (intramuros),NON,8723,15:57,ATLANTIQUE,LAVAL,PARISBRETA,FRACR,14:41,FRPMO
4690,2023-08-15,RENNES,NON,8723,18:12,ATLANTIQUE,QUIMPERLE,PARISBRETA,FRECO,16:29,FRRNS
4691,2023-08-15,RENNES,NON,8723,17:59,ATLANTIQUE,LORIENT,PARISBRETA,FRLRT,16:29,FRRNS
4692,2023-08-15,RENNES,NON,8723,17:40,ATLANTIQUE,AURAY,PARISBRETA,FRXUY,16:29,FRRNS
4693,2023-08-15,VANNES,OUI,8723,18:28,ATLANTIQUE,ROSPORDEN,PARISBRETA,FRRSP,17:31,FRVNE
4694,2023-08-15,REDON,NON,8723,17:40,ATLANTIQUE,AURAY,PARISBRETA,FRXUY,17:05,FRXRN
4695,2023-08-15,AURAY,OUI,8723,18:28,ATLANTIQUE,ROSPORDEN,PARISBRETA,FRRSP,17:43,FRXUY
4696,2023-08-15,CHAMPAGNE-ARDENNE,NON,5470,13:04,EST,MASSY TGV,JCESTATL,FRDJU,11:28,FREAH
4697,2023-08-15,CHAMPAGNE-ARDENNE,NON,5470,12:26,EST,MARNE LA VALLEE CHESSY,JCESTATL,FRMLV,11:28,FREAH
4698,2023-08-15,LORRAINE TGV,NON,5470,13:59,EST,LE MANS,JCESTATL,FRAET,10:40,FREAM
4699,2023-08-15,LORRAINE TGV,OUI,5470,10:58,EST,MEUSE TGV,JCESTATL,FREAJ,10:40,FREAM
4700,2023-08-15,LORRAINE TGV,NON,5470,12:26,EST,MARNE LA VALLEE CHESSY,JCESTATL,FRMLV,10:40,FREAM
4701,2023-08-15,LORRAINE TGV,NON,5470,14:47,EST,RENNES,JCESTATL,FRRNS,10:40,FREAM
4702,2023-08-15,MARNE LA VALLEE CHESSY,NON,5470,13:04,EST,MASSY TGV,JCESTATL,FRDJU,12:30,FRMLV
4703,2023-08-15,MEUSE TGV,NON,5470,14:47,EST,RENNES,JCESTATL,FRRNS,11:01,FREAJ
4704,2023-08-15,LYON (intramuros),OUI,6630,21:00,SUD EST,PARIS (intramuros),RHONEPARIS,FRPLY,18:50,FRLPE
4705,2023-08-15,LILLE (intramuros),OUI,5124,20:09,NORD,MARNE LA VALLEE CHESSY,JCNORDSUD,FRMLV,18:22,FRLLE
4706,2023-08-15,LILLE (intramuros),OUI,5124,18:41,NORD,ARRAS,JCNORDSUD,FRQRV,18:22,FRLLE
4707,2023-08-15,ARRAS,OUI,5124,22:00,NORD,LYON (intramuros),JCNORDSUD,FRLPD,18:46,FRQRV
4708,2023-08-15,ARRAS,OUI,5124,19:43,NORD,AEROPORT CDG2 TGV ROISSY,JCNORDSUD,FRMLW,18:46,FRQRV
4709,2023-08-15,TGV HAUTE PICARDIE,OUI,5124,22:00,NORD,LYON (intramuros),JCNORDSUD,FRLPD,19:15,FRTHP
4710,2023-08-15,TGV HAUTE PICARDIE,OUI,5124,20:09,NORD,MARNE LA VALLEE CHESSY,JCNORDSUD,FRMLV,19:15,FRTHP
4711,2023-08-15,TGV HAUTE PICARDIE,OUI,5124,19:43,NORD,AEROPORT CDG2 TGV ROISSY,JCNORDSUD,FRMLW,19:15,FRTHP
4712,2023-08-15,TGV HAUTE PICARDIE,OUI,5124,23:53,NORD,MARSEILLE ST CHARLES,JCNORDSUD,FRMSC,19:15,FRTHP
4713,2023-08-15,STRASBOURG,OUI,2588,18:46,EST,PARIS (intramuros),NANCYPA,FRPST,15:21,FRAEG
4714,2023-08-15,SARREBOURG,OUI,2588,16:49,EST,NANCY,NANCYPA,FRENC,16:04,FRSBG
4715,2023-08-15,SARREBOURG,OUI,2588,18:46,EST,PARIS (intramuros),NANCYPA,FRPST,16:04,FRSBG
4716,2023-08-15,DIJON VILLE,NON,9877,13:00,EST,LYON (intramuros),JCRHINRHON,FRLPD,11:21,FRABA
4717,2023-08-15,METZ VILLE,OUI,9877,08:56,EST,STRASBOURG,JCRHINRHON,FRAEG,08:08,FRADE
4718,2023-08-15,METZ VILLE,NON,9877,09:54,EST,MULHOUSE VILLE,JCRHINRHON,FRAEK,08:08,FRADE
4719,2023-08-15,STRASBOURG,NON,9877,12:19,EST,MACON VILLE,JCRHINRHON,FRHGU,09:03,FRAEG
4720,2023-08-15,STRASBOURG,NON,9877,15:07,EST,MARSEILLE ST CHARLES,JCRHINRHON,FRMSC,09:03,FRAEG
4721,2023-08-15,MULHOUSE VILLE,NON,9877,10:18,EST,BELFORT-MONTBELIARD TGV,JCRHINRHON,FRTJA,09:57,FRAEK
4722,2023-08-15,MACON VILLE,NON,9877,14:49,EST,AIX EN PROVENCE TGV,JCRHINRHON,FRAIE,12:22,FRHGU
4723,2023-08-15,MACON VILLE,NON,9877,15:07,EST,MARSEILLE ST CHARLES,JCRHINRHON,FRMSC,12:22,FRHGU
4724,2023-08-15,MACON VILLE,NON,9877,13:46,EST,VALENCE TGV RHONE-ALPES SUD,JCRHINRHON,FRVLA,12:22,FRHGU
4725,2023-08-15,BELFORT-MONTBELIARD TGV,NON,9877,13:00,EST,LYON (intramuros),JCRHINRHON,FRLPD,10:21,FRTJA
4726,2023-08-15,BESANCON - F COMTE TGV,NON,9877,14:49,EST,AIX EN PROVENCE TGV,JCRHINRHON,FRAIE,10:44,FRTJB
4727,2023-08-15,BESANCON - F COMTE TGV,NON,9877,13:00,EST,LYON (intramuros),JCRHINRHON,FRLPD,10:44,FRTJB
4728,2023-08-15,BESANCON - F COMTE TGV,NON,9877,13:46,EST,VALENCE TGV RHONE-ALPES SUD,JCRHINRHON,FRVLA,10:44,FRTJB
4729,2023-08-15,THIONVILLE,NON,9877,11:11,EST,DIJON VILLE,JCRHINRHON,FRABA,07:47,FRXTH
4730,2023-08-15,THIONVILLE,OUI,9877,08:04,EST,METZ VILLE,JCRHINRHON,FRADE,07:47,FRXTH
4731,2023-08-15,THIONVILLE,NON,9877,14:49,EST,AIX EN PROVENCE TGV,JCRHINRHON,FRAIE,07:47,FRXTH
4732,2023-08-15,THIONVILLE,NON,9877,10:41,EST,BESANCON - F COMTE TGV,JCRHINRHON,FRTJB,07:47,FRXTH
4733,2023-08-15,LUXEMBOURG,OUI,9877,08:04,EST,METZ VILLE,JCRHINRHON,FRADE,07:24,LULUX
4734,2023-08-15,LUXEMBOURG,NON,9877,09:54,EST,MULHOUSE VILLE,JCRHINRHON,FRAEK,07:24,LULUX
4735,2023-08-15,LUXEMBOURG,NON,9877,10:18,EST,BELFORT-MONTBELIARD TGV,JCRHINRHON,FRTJA,07:24,LULUX
4736,2023-08-15,LUXEMBOURG,NON,9877,13:46,EST,VALENCE TGV RHONE-ALPES SUD,JCRHINRHON,FRVLA,07:24,LULUX
4737,2023-08-15,PARIS (intramuros),OUI,8729,18:25,ATLANTIQUE,RENNES,PARISBRETA,FRRNS,16:53,FRPMO
4738,2023-08-15,RENNES,OUI,8729,20:33,ATLANTIQUE,QUIMPER,PARISBRETA,FRUIP,18:29,FRRNS
4739,2023-08-15,VANNES,OUI,8729,20:33,ATLANTIQUE,QUIMPER,PARISBRETA,FRUIP,19:27,FRVNE
4740,2023-08-15,ZUERICH HB,NON,9226,17:58,INTERNATIONAL,DIJON VILLE,ZURBALPA,FRABA,15:34,CHAJD
4741,2023-08-15,MULHOUSE VILLE,NON,9226,17:58,INTERNATIONAL,DIJON VILLE,ZURBALPA,FRABA,16:56,FRAEK
4742,2023-08-15,STRASBOURG,OUI,5450,10:06,EST,ST PIERRE DES CORPS,JCESTATL,FRXSH,06:18,FRAEG
4743,2023-08-15,CHAMPAGNE-ARDENNE,OUI,5450,08:16,EST,MARNE LA VALLEE CHESSY,JCESTATL,FRMLV,07:45,FREAH
4744,2023-08-15,MARNE LA VALLEE CHESSY,OUI,5450,09:04,EST,MASSY TGV,JCESTATL,FRDJU,08:35,FRMLV
4745,2023-08-15,ST PIERRE DES CORPS,OUI,5450,12:02,EST,BORDEAUX ST JEAN,JCESTATL,FRBOJ,10:10,FRXSH
4746,2023-08-15,THIONVILLE,OUI,2864,10:57,EST,METZ VILLE,LUXMETZPA,FRADE,10:34,FRXTH
4747,2023-08-15,PARIS (intramuros),NON,5789,07:33,IC NUIT,EMBRUN,PABRIANCON,FRIGV,20:51,FRPAZ
4748,2023-08-15,FIGEAC,NON,3754,06:50,IC NUIT,PARIS (intramuros),OCCITANPAR,FRPAZ,23:56,FRFIG
4749,2023-08-15,ST CHRISTOPHE,NON,3754,06:50,IC NUIT,PARIS (intramuros),OCCITANPAR,FRPAZ,23:06,FRFST
4750,2023-08-15,RODEZ,NON,3754,06:50,IC NUIT,PARIS (intramuros),OCCITANPAR,FRPAZ,22:38,FRRDZ
4751,2023-08-15,STRASBOURG,NON,2098,19:22,EST,ANGOULEME,JCESTATL,FRANG,14:01,FRAEG
4752,2023-08-15,STRASBOURG,OUI,2098,14:58,EST,MEUSE TGV,JCESTATL,FREAJ,14:01,FRAEG
4753,2023-08-15,STRASBOURG,NON,2098,18:06,EST,ST PIERRE DES CORPS,JCESTATL,FRXSH,14:01,FRAEG
4754,2023-08-15,MASSY TGV,NON,2098,18:40,EST,POITIERS,JCESTATL,FRPIS,17:10,FRDJU
4755,2023-08-15,MEUSE TGV,NON,2098,19:22,EST,ANGOULEME,JCESTATL,FRANG,15:05,FREAJ
4756,2023-08-15,LORRAINE TGV,NON,2098,20:02,EST,BORDEAUX ST JEAN,JCESTATL,FRBOJ,14:39,FREAM
4757,2023-08-15,LORRAINE TGV,NON,2098,16:27,EST,MARNE LA VALLEE CHESSY,JCESTATL,FRMLV,14:39,FREAM
4758,2023-08-15,MARNE LA VALLEE CHESSY,NON,2098,20:02,EST,BORDEAUX ST JEAN,JCESTATL,FRBOJ,16:32,FRMLV
4759,2023-08-15,MARNE LA VALLEE CHESSY,NON,2098,18:40,EST,POITIERS,JCESTATL,FRPIS,16:32,FRMLV
4760,2023-08-15,BORDEAUX ST JEAN,NON,3852,09:53,IC SRO,ROCHEFORT,BORDONANTE,FRRCO,07:53,FRBOJ
4761,2023-08-15,BORDEAUX ST JEAN,NON,3852,11:22,IC SRO,LA ROCHE SUR YON,BORDONANTE,FRXRO,07:53,FRBOJ
4762,2023-08-15,JONZAC,NON,3852,10:15,IC SRO,LA ROCHELLE VILLE,BORDONANTE,FRLRH,08:41,FREMR
4763,2023-08-15,LA ROCHELLE VILLE,NON,3852,10:58,IC SRO,LUCON,BORDONANTE,FRLCN,10:19,FRLRH
4764,2023-08-15,LA ROCHELLE VILLE,NON,3852,11:22,IC SRO,LA ROCHE SUR YON,BORDONANTE,FRXRO,10:19,FRLRH
4765,2023-08-15,ROCHEFORT,NON,3852,10:58,IC SRO,LUCON,BORDONANTE,FRLCN,09:55,FRRCO
4766,2023-08-15,SAINTES,NON,3852,10:15,IC SRO,LA ROCHELLE VILLE,BORDONANTE,FRLRH,09:25,FRXST
4767,2023-08-15,SAINTES,NON,3852,12:05,IC SRO,NANTES,BORDONANTE,FRNTE,09:25,FRXST
4768,2023-08-15,CANNES,OUI,6163,20:40,SUD EST,ANTIBES,PAAZUR,FRXAT,20:31,FRJCA
4769,2023-08-15,PARIS (intramuros),OUI,6163,20:27,SUD EST,CANNES,PAAZUR,FRJCA,15:20,FRPLY
4770,2023-08-15,PARIS (intramuros),OUI,6163,20:40,SUD EST,ANTIBES,PAAZUR,FRXAT,15:20,FRPLY
4771,2023-08-15,TOULON,OUI,6163,21:00,SUD EST,NICE VILLE,PAAZUR,FRNIC,19:11,FRTLN
4772,2023-08-15,PARIS (intramuros),OUI,6047,11:03,SUD EST,BEZIERS,PALANG,FRBZR,06:56,FRPLY
4773,2023-08-15,PARIS (intramuros),OUI,6047,11:56,SUD EST,PERPIGNAN,PALANG,FRPGF,06:56,FRPLY
4774,2023-08-15,PARIS (intramuros),OUI,6047,10:31,SUD EST,SETE,PALANG,FRXSY,06:56,FRPLY
4775,2023-08-15,AGDE,OUI,6047,11:03,SUD EST,BEZIERS,PALANG,FRBZR,10:51,FRXAG
4776,2023-08-15,NARBONNE,OUI,6047,11:56,SUD EST,PERPIGNAN,PALANG,FRPGF,11:23,FRXNA
4777,2023-08-15,SETE,OUI,6047,11:03,SUD EST,BEZIERS,PALANG,FRBZR,10:34,FRXSY
4778,2023-08-15,PARIS (intramuros),OUI,6047,09:46,SUD EST,NIMES PONT DU GARD,PALANG,FRXZP,06:56,FRPLY
4779,2023-08-15,FRANKFURT MAIN HBF,NON,9550,21:00,INTERNATIONAL,SARREBRUCK/SAARBRUECKEN,FRANCPA,DESBK,18:56,DEFRH
4780,2023-08-15,FRANKFURT MAIN HBF,NON,9550,21:10,INTERNATIONAL,FORBACH,FRANCPA,FRBQT,18:56,DEFRH
4781,2023-08-15,MANNHEIM HBF,NON,9550,21:10,INTERNATIONAL,FORBACH,FRANCPA,FRBQT,19:40,DEMHG
4782,2023-08-15,RETHEL,OUI,2766,22:09,EST,REIMS,SEDBARPA,FRRHE,21:48,FRBDT
4783,2023-08-15,REIMS,OUI,2766,23:01,EST,PARIS (intramuros),SEDBARPA,FRPST,22:15,FRRHE
4784,2023-08-15,LE MANS,OUI,8067,19:10,ATLANTIQUE,RENNES,PARISBRETA,FRRNS,18:13,FRAET
4785,2023-08-15,PARIS (intramuros),OUI,6165,14:01,SUD EST,AVIGNON TGV,PAAZUR,FRAVG,11:22,FRPLY
4786,2023-08-15,PARIS (intramuros),OUI,6165,15:11,SUD EST,TOULON,PAAZUR,FRTLN,11:22,FRPLY
4787,2023-08-15,PARIS (intramuros),OUI,6165,16:01,SUD EST,ST RAPHAEL VALESCURE,PAAZUR,FRXSK,11:22,FRPLY
4788,2023-08-15,ST RAPHAEL VALESCURE,OUI,6165,16:25,SUD EST,CANNES,PAAZUR,FRJCA,16:04,FRXSK
4789,2023-08-15,LES AUBRAIS ORLEANS,NON,3971,08:02,IC NUIT,MERENS LES VALS,PARPALOMBE,FRFQH,22:24,FRLAB
4790,2023-08-15,LES AUBRAIS ORLEANS,NON,3971,07:17,IC NUIT,LES CABANNES,PARPALOMBE,FRFQK,22:24,FRLAB
4791,2023-08-15,LES AUBRAIS ORLEANS,NON,3971,06:38,IC NUIT,PAMIERS,PARPALOMBE,FRPMS,22:24,FRLAB
4792,2023-08-15,LES AUBRAIS ORLEANS,NON,3971,08:46,IC NUIT,LATOUR DE CAROL ENVEITG,PARPALOMBE,FRXTE,22:24,FRLAB
4793,2023-08-15,PARIS (intramuros),NON,3971,07:25,IC NUIT,LUZENAC GARANOU,PARPALOMBE,FRFQI,20:41,FRPAZ
4794,2023-08-15,PARIS (intramuros),NON,3971,06:38,IC NUIT,PAMIERS,PARPALOMBE,FRPMS,20:41,FRPAZ
4795,2023-08-15,PARIS (intramuros),NON,3971,08:46,IC NUIT,LATOUR DE CAROL ENVEITG,PARPALOMBE,FRXTE,20:41,FRPAZ
4796,2023-08-15,LES AUBRAIS ORLEANS,NON,3971,06:24,IC NUIT,SAVERDUN,PARPALOMBE,FRFPU,22:24,FRLAB
4797,2023-08-15,LES AUBRAIS ORLEANS,NON,3971,06:13,IC NUIT,AUTERIVE,PARPALOMBE,FRFPW,22:24,FRLAB
4798,2023-08-15,PERPIGNAN,NON,6262,19:51,SUD EST,VALENCE TGV RHONE-ALPES SUD,LANGPA,FRVLA,17:04,FRPGF
4799,2023-08-15,AGDE,NON,6262,22:08,SUD EST,PARIS (intramuros),LANGPA,FRPLY,18:14,FRXAG
4800,2023-08-15,NARBONNE,NON,6262,22:08,SUD EST,PARIS (intramuros),LANGPA,FRPLY,17:42,FRXNA
4801,2023-08-15,BEZIERS,NON,6262,19:11,SUD EST,NIMES PONT DU GARD,LANGPA,FRXZP,18:00,FRBZR
4802,2023-08-15,AGDE,NON,6262,19:11,SUD EST,NIMES PONT DU GARD,LANGPA,FRXZP,18:14,FRXAG
4803,2023-08-15,LYON-SAINT EXUPERY TGV,NON,6196,17:46,SUD EST,PARIS (intramuros),VDRPA,FRPLY,15:59,FRJDQ
4804,2023-08-15,VALENCE VILLE,NON,6196,15:48,SUD EST,LYON-SAINT EXUPERY TGV,VDRPA,FRJDQ,15:13,FRVAF
4805,2023-08-15,CANNES,NON,6174,15:50,SUD EST,PARIS (intramuros),AZURPA,FRPLY,10:32,FRJCA
4806,2023-08-15,CANNES,OUI,6174,11:44,SUD EST,TOULON,AZURPA,FRTLN,10:32,FRJCA
4807,2023-08-15,CANNES,OUI,6174,10:55,SUD EST,ST RAPHAEL VALESCURE,AZURPA,FRXSK,10:32,FRJCA
4808,2023-08-15,ANTIBES,OUI,6174,10:28,SUD EST,CANNES,AZURPA,FRJCA,10:16,FRXAT
4809,2023-08-15,ANTIBES,NON,6174,12:33,SUD EST,MARSEILLE ST CHARLES,AZURPA,FRMSC,10:16,FRXAT
4810,2023-08-15,ANTIBES,OUI,6174,10:55,SUD EST,ST RAPHAEL VALESCURE,AZURPA,FRXSK,10:16,FRXAT
4811,2023-08-15,ST RAPHAEL VALESCURE,NON,6174,15:50,SUD EST,PARIS (intramuros),AZURPA,FRPLY,10:58,FRXSK
4812,2023-08-15,AIX EN PROVENCE TGV,OUI,6181,22:28,SUD EST,CANNES,PAAZUR,FRJCA,20:20,FRAIE
4813,2023-08-15,AIX EN PROVENCE TGV,OUI,6181,23:00,SUD EST,NICE VILLE,PAAZUR,FRNIC,20:20,FRAIE
4814,2023-08-15,PARIS (intramuros),OUI,6181,22:02,SUD EST,ST RAPHAEL VALESCURE,PAAZUR,FRXSK,17:22,FRPLY
4815,2023-08-15,TOULON,OUI,6181,22:28,SUD EST,CANNES,PAAZUR,FRJCA,21:15,FRTLN
4816,2023-08-15,AIX EN PROVENCE TGV,NON,6813,15:46,SUD EST,MARSEILLE ST CHARLES,JCPROVSUD,FRMSC,15:35,FRAIE
4817,2023-08-15,LE MANS,NON,5480,19:29,EST,STRASBOURG,JCATLEST,FRAEG,15:30,FRAET
4818,2023-08-15,LE MANS,NON,5480,18:00,EST,CHAMPAGNE-ARDENNE,JCATLEST,FREAH,15:30,FRAET
4819,2023-08-15,LE MANS,NON,5480,16:57,EST,MARNE LA VALLEE CHESSY,JCATLEST,FRMLV,15:30,FRAET
4820,2023-08-15,CHAMPAGNE-ARDENNE,OUI,5480,18:48,EST,LORRAINE TGV,JCATLEST,FREAM,18:10,FREAH
4821,2023-08-15,CANNES,OUI,6177,19:58,SUD EST,NICE VILLE,PAAZUR,FRNIC,19:31,FRJCA
4822,2023-08-15,MARSEILLE ST CHARLES,OUI,6177,19:26,SUD EST,CANNES,PAAZUR,FRJCA,17:28,FRMSC
4823,2023-08-15,PARIS (intramuros),OUI,6177,18:11,SUD EST,TOULON,PAAZUR,FRTLN,14:10,FRPLY
4824,2023-08-15,PARIS (intramuros),OUI,6177,19:39,SUD EST,ANTIBES,PAAZUR,FRXAT,14:10,FRPLY
4825,2023-08-15,TOULON,OUI,6177,19:01,SUD EST,ST RAPHAEL VALESCURE,PAAZUR,FRXSK,18:15,FRTLN
4826,2023-08-15,TOULON,NON,6176,17:50,SUD EST,PARIS (intramuros),AZURPA,FRPLY,13:48,FRTLN
4827,2023-08-15,ANTIBES,OUI,6176,12:29,SUD EST,CANNES,AZURPA,FRJCA,12:19,FRXAT
4828,2023-08-15,ANTIBES,NON,6176,14:33,SUD EST,MARSEILLE ST CHARLES,AZURPA,FRMSC,12:19,FRXAT
4829,2023-08-15,LILLE (intramuros),NON,7052,17:14,NORD,PARIS (intramuros),LILLEPA,FRPNO,16:12,FRADJ
4830,2023-08-15,PARIS (intramuros),NON,6275,13:57,SUD EST,VALENCE TGV RHONE-ALPES SUD,PALANG,FRVLA,11:46,FRPLY
4831,2023-08-15,PARIS (intramuros),NON,6275,15:41,SUD EST,AGDE,PALANG,FRXAG,11:46,FRPLY
4832,2023-08-15,VALENCE TGV RHONE-ALPES SUD,NON,6275,16:52,SUD EST,PERPIGNAN,PALANG,FRPGF,14:00,FRVLA
4833,2023-08-15,SETE,NON,6275,16:13,SUD EST,NARBONNE,PALANG,FRXNA,15:28,FRXSY
4834,2023-08-15,MONTPELLIER SUD DE FRANCE,NON,6275,15:25,SUD EST,SETE,PALANG,FRXSY,15:10,FRSUF
4835,2023-08-15,NIMES PONT DU GARD,NON,6275,15:25,SUD EST,SETE,PALANG,FRXSY,14:39,FRXZP
4836,2023-08-15,STUTTGART HBF,NON,9574,11:30,INTERNATIONAL,KARLSRUHE HBF,MUNSTUTPA,DEQKA,10:52,DESGT
4837,2023-08-15,AVIGNON TGV,NON,6024,19:22,SUD EST,PARIS (intramuros),PROVENCEPA,FRPLY,16:41,FRAVG
4838,2023-08-15,MARSEILLE ST CHARLES,OUI,6024,16:16,SUD EST,AIX EN PROVENCE TGV,PROVENCEPA,FRAIE,16:04,FRMSC
4839,2023-08-15,SAUMUR,NON,4506,22:04,IC SRO,NANTES,JOURLYNNTE,FRNTE,21:01,FRACN
4840,2023-08-15,BOURGES,NON,4506,20:59,IC SRO,SAUMUR,JOURLYNNTE,FRACN,19:08,FRBOU
4841,2023-08-15,LYON (intramuros),NON,4506,16:49,IC SRO,ROANNE,JOURLYNNTE,FRRNE,15:46,FRLPD
4842,2023-08-15,LYON (intramuros),NON,4506,19:25,IC SRO,VIERZON VILLE,JOURLYNNTE,FRXVZ,15:46,FRLPD
4843,2023-08-15,LYON (intramuros),NON,4506,20:59,IC SRO,SAUMUR,JOURLYNNTE,FRACN,15:32,FRLPE
4844,2023-08-15,LYON (intramuros),NON,4506,18:19,IC SRO,NEVERS,JOURLYNNTE,FRNVS,15:32,FRLPE
4845,2023-08-15,LYON (intramuros),NON,4506,17:28,IC SRO,ST GERMAIN DES FOSSES,JOURLYNNTE,FRSGF,15:32,FRLPE
4846,2023-08-15,LYON (intramuros),NON,4506,19:25,IC SRO,VIERZON VILLE,JOURLYNNTE,FRXVZ,15:32,FRLPE
4847,2023-08-15,NEVERS,NON,4506,20:59,IC SRO,SAUMUR,JOURLYNNTE,FRACN,18:29,FRNVS
4848,2023-08-15,ST GERMAIN DES FOSSES,NON,4506,20:59,IC SRO,SAUMUR,JOURLYNNTE,FRACN,17:30,FRSGF
4849,2023-08-15,MOULINS SUR ALLIER,NON,4506,20:59,IC SRO,SAUMUR,JOURLYNNTE,FRACN,17:51,FRXMU
4850,2023-08-15,ST PIERRE DES CORPS,NON,4506,22:04,IC SRO,NANTES,JOURLYNNTE,FRNTE,20:29,FRXSH
4851,2023-08-15,VIERZON VILLE,NON,4506,20:59,IC SRO,SAUMUR,JOURLYNNTE,FRACN,19:27,FRXVZ
4852,2023-08-15,LAVAL,OUI,8073,22:02,ATLANTIQUE,VITRE,PARISBRETA,FRXVT,21:44,FRACR
4853,2023-08-15,LE MANS,OUI,8073,22:02,ATLANTIQUE,VITRE,PARISBRETA,FRXVT,21:13,FRAET
4854,2023-08-15,PARIS (intramuros),OUI,8073,22:02,ATLANTIQUE,VITRE,PARISBRETA,FRXVT,20:13,FRPMO
4855,2023-08-15,VITRE,OUI,8073,22:26,ATLANTIQUE,RENNES,PARISBRETA,FRRNS,22:05,FRXVT
4856,2023-08-15,MEUSE TGV,NON,2573,21:05,EST,REMIREMONT,PANANCY,FRRNT,19:13,FREAJ
4857,2023-08-15,PARIS (intramuros),OUI,2573,19:10,EST,MEUSE TGV,PANANCY,FREAJ,18:10,FRPST
4858,2023-08-15,PARIS (intramuros),NON,2573,20:41,EST,EPINAL,PANANCY,FREPL,18:10,FRPST
4859,2023-08-15,POITIERS,OUI,8330,07:43,ATLANTIQUE,VENDOME VILLIERS SUR LOIR,ROCHELLEPA,FRESL,06:31,FRPIS
4860,2023-08-15,POITIERS,OUI,8330,06:49,ATLANTIQUE,CHATELLERAULT,ROCHELLEPA,FRXCX,06:31,FRPIS
4861,2023-08-15,ST PIERRE DES CORPS,OUI,8330,08:33,ATLANTIQUE,PARIS (intramuros),ROCHELLEPA,FRPMO,07:25,FRXSH
4862,2023-08-15,BORDEAUX ST JEAN,OUI,8549,20:24,ATLANTIQUE,BIARRITZ,PASUDOUEST,FRBIQ,18:20,FRBOJ
4863,2023-08-15,PARIS (intramuros),OUI,8549,20:24,ATLANTIQUE,BIARRITZ,PASUDOUEST,FRBIQ,16:08,FRPMO
4864,2023-08-15,MULHOUSE VILLE,NON,6700,08:01,SUD EST,MONTBARD,BOURPA,FRGWE,06:05,FRAEK
4865,2023-08-15,MULHOUSE VILLE,OUI,6700,06:50,SUD EST,BESANCON - F COMTE TGV,BOURPA,FRTJB,06:05,FRAEK
4866,2023-08-15,BESANCON - F COMTE TGV,NON,6700,09:08,SUD EST,PARIS (intramuros),BOURPA,FRPLY,06:53,FRTJB
4867,2023-08-15,BRIVE LA GAILLARDE,NON,3694,21:08,IC ARO,CHATEAUROUX,TOULOUZECO,FRCHR,18:58,FRBVE
4868,2023-08-15,BRIVE LA GAILLARDE,NON,3694,22:20,IC ARO,LES AUBRAIS ORLEANS,TOULOUZECO,FRLAB,18:58,FRBVE
4869,2023-08-15,BRIVE LA GAILLARDE,NON,3694,20:30,IC ARO,LA SOUTERRAINE,TOULOUZECO,FRLST,18:58,FRBVE
4870,2023-08-15,GOURDON,OUI,3694,18:55,IC ARO,BRIVE LA GAILLARDE,TOULOUZECO,FRBVE,18:12,FRFSI
4871,2023-08-15,GOURDON,NON,3694,21:43,IC ARO,VIERZON VILLE,TOULOUZECO,FRXVZ,18:12,FRFSI
4872,2023-08-15,LA SOUTERRAINE,NON,3694,21:08,IC ARO,CHATEAUROUX,TOULOUZECO,FRCHR,20:32,FRLST
4873,2023-08-15,LA SOUTERRAINE,NON,3694,22:20,IC ARO,LES AUBRAIS ORLEANS,TOULOUZECO,FRLAB,20:32,FRLST
4874,2023-08-15,LA SOUTERRAINE,NON,3694,23:19,IC ARO,PARIS (intramuros),TOULOUZECO,FRPAZ,20:32,FRLST
4875,2023-08-15,SOUILLAC,NON,3694,22:20,IC ARO,LES AUBRAIS ORLEANS,TOULOUZECO,FRLAB,18:29,FRSOU
4876,2023-08-15,MONTAUBAN VILLE BOURBON,NON,3694,21:43,IC ARO,VIERZON VILLE,TOULOUZECO,FRXVZ,17:05,FRXMW
4877,2023-08-15,TOULOUSE MATABIAU,NON,3694,22:20,IC ARO,LES AUBRAIS ORLEANS,TOULOUZECO,FRLAB,16:32,FRXYT
4878,2023-08-15,CAHORS,OUI,3694,18:55,IC ARO,BRIVE LA GAILLARDE,TOULOUZECO,FRBVE,17:45,FRZAO
4879,2023-08-15,CAHORS,OUI,3694,18:10,IC ARO,GOURDON,TOULOUZECO,FRFSI,17:45,FRZAO
4880,2023-08-15,CAHORS,NON,3694,21:43,IC ARO,VIERZON VILLE,TOULOUZECO,FRXVZ,17:45,FRZAO
4881,2023-08-15,CAUSSADE TARN ET GARONNE,NON,3694,20:30,IC ARO,LA SOUTERRAINE,TOULOUZECO,FRLST,17:18,FRFTA
4882,2023-08-15,BEZIERS,OUI,6221,12:20,SUD EST,NARBONNE,PALANG,FRXNA,12:06,FRBZR
4883,2023-08-15,NIMES,OUI,6221,12:59,SUD EST,PERPIGNAN,PALANG,FRPGF,10:46,FRFNI
4884,2023-08-15,MONTPELLIER SAINT-ROCH,OUI,6221,12:20,SUD EST,NARBONNE,PALANG,FRXNA,11:17,FRMPL
4885,2023-08-15,MONTPELLIER SAINT-ROCH,OUI,6221,11:31,SUD EST,SETE,PALANG,FRXSY,11:17,FRMPL
4886,2023-08-15,PARIS (intramuros),OUI,6221,12:03,SUD EST,BEZIERS,PALANG,FRBZR,07:42,FRPLY
4887,2023-08-15,PARIS (intramuros),OUI,6221,10:42,SUD EST,NIMES,PALANG,FRFNI,07:42,FRPLY
4888,2023-08-15,PARIS (intramuros),OUI,6221,11:11,SUD EST,MONTPELLIER SAINT-ROCH,PALANG,FRMPL,07:42,FRPLY
4889,2023-08-15,PARIS (intramuros),OUI,6221,11:48,SUD EST,AGDE,PALANG,FRXAG,07:42,FRPLY
4890,2023-08-15,VALENCE TGV RHONE-ALPES SUD,OUI,6221,11:48,SUD EST,AGDE,PALANG,FRXAG,09:55,FRVLA
4891,2023-08-15,VALENCE TGV RHONE-ALPES SUD,OUI,6221,11:31,SUD EST,SETE,PALANG,FRXSY,09:55,FRVLA
4892,2023-08-15,LIMOGES BENEDICTINS,OUI,3665,22:01,IC ARO,BRIVE LA GAILLARDE,PALITO,FRBVE,20:58,FRAGQ
4893,2023-08-15,LIMOGES BENEDICTINS,OUI,3665,22:44,IC ARO,GOURDON,PALITO,FRFSI,20:58,FRAGQ
4894,2023-08-15,LIMOGES BENEDICTINS,OUI,3665,23:13,IC ARO,CAHORS,PALITO,FRZAO,20:58,FRAGQ
4895,2023-08-15,BRIVE LA GAILLARDE,OUI,3665,22:28,IC ARO,SOUILLAC,PALITO,FRSOU,22:04,FRBVE
4896,2023-08-15,CHATEAUROUX,OUI,3665,20:55,IC ARO,LIMOGES BENEDICTINS,PALITO,FRAGQ,19:42,FRCHR
4897,2023-08-15,LA SOUTERRAINE,OUI,3665,22:01,IC ARO,BRIVE LA GAILLARDE,PALITO,FRBVE,20:24,FRLST
4898,2023-08-15,LA SOUTERRAINE,OUI,3665,22:44,IC ARO,GOURDON,PALITO,FRFSI,20:24,FRLST
4899,2023-08-15,LA SOUTERRAINE,OUI,3665,22:28,IC ARO,SOUILLAC,PALITO,FRSOU,20:24,FRLST
4900,2023-08-15,PARIS (intramuros),OUI,3665,20:55,IC ARO,LIMOGES BENEDICTINS,PALITO,FRAGQ,17:41,FRPAZ
4901,2023-08-15,VIERZON VILLE,OUI,3665,19:40,IC ARO,CHATEAUROUX,PALITO,FRCHR,19:11,FRXVZ
4902,2023-08-15,BORDEAUX ST JEAN,OUI,8551,22:54,ATLANTIQUE,HENDAYE,PASUDOUEST,FRAEF,20:20,FRBOJ
4903,2023-08-15,PARIS (intramuros),NON,8551,21:36,ATLANTIQUE,DAX,PASUDOUEST,FRACG,18:07,FRPMO
4904,2023-08-15,PARIS (intramuros),NON,8551,22:54,ATLANTIQUE,HENDAYE,PASUDOUEST,FRAEF,18:07,FRPMO
4905,2023-08-15,PARIS (intramuros),NON,8551,22:23,ATLANTIQUE,BIARRITZ,PASUDOUEST,FRBIQ,18:07,FRPMO
4906,2023-08-15,BAYONNE,OUI,8551,22:54,ATLANTIQUE,HENDAYE,PASUDOUEST,FRAEF,22:14,FRXBY
4907,2023-08-15,BAYONNE,OUI,8551,22:23,ATLANTIQUE,BIARRITZ,PASUDOUEST,FRBIQ,22:14,FRXBY
4908,2023-08-15,BAYONNE,OUI,8551,22:39,ATLANTIQUE,ST JEAN DE LUZ CIBOURE,PASUDOUEST,FRXJZ,22:14,FRXBY
4909,2023-08-15,STRASBOURG,OUI,9890,07:23,NORD,CHAMPAGNE-ARDENNE,JCESTNORD,FREAH,06:01,FRAEG
4910,2023-08-15,CHAMPAGNE-ARDENNE,OUI,9890,07:56,NORD,AEROPORT CDG2 TGV ROISSY,JCESTNORD,FRMLW,07:26,FREAH
4911,2023-08-15,MEUSE TGV,OUI,9890,07:56,NORD,AEROPORT CDG2 TGV ROISSY,JCESTNORD,FRMLW,06:59,FREAJ
4912,2023-08-15,LORRAINE TGV,OUI,9890,08:56,NORD,LILLE (intramuros),JCESTNORD,FRLLE,06:38,FREAM
4913,2023-08-15,NIORT,OUI,8396,23:14,ATLANTIQUE,POITIERS,ROCHELLEPA,FRPIS,22:26,FRNIT
4914,2023-08-15,VANNES,NON,8722,17:08,ATLANTIQUE,PARIS (intramuros),BRETAPARIS,FRPMO,14:22,FRVNE
4915,2023-08-15,VANNES,NON,8722,14:48,ATLANTIQUE,REDON,BRETAPARIS,FRXRN,14:22,FRVNE
4916,2023-08-15,MUENCHEN HBF,NON,9576,08:02,INTERNATIONAL,ULM HBF,MUNSTUTPA,DEQUL,06:51,DEBEG
4917,2023-08-15,KARLSRUHE HBF,NON,9576,10:37,INTERNATIONAL,STRASBOURG,MUNSTUTPA,FRAEG,09:53,DEQKA
4918,2023-08-15,STUTTGART HBF,NON,9576,09:51,INTERNATIONAL,KARLSRUHE HBF,MUNSTUTPA,DEQKA,09:11,DESGT
4919,2023-08-15,BOULOGNE VILLE,NON,7534,19:08,NORD,PARIS (intramuros),ARRASPA,FRPNO,16:41,FRAEB
4920,2023-08-15,AIX EN PROVENCE TGV,OUI,6109,13:56,SUD EST,MARSEILLE ST CHARLES,PAPROVENCE,FRMSC,13:44,FRAIE
4921,2023-08-15,MEUSE TGV,OUI,2595,22:48,EST,ST DIE DES VOSGES,PANANCY,FRXTD,21:09,FREAJ
4922,2023-08-15,PARIS (intramuros),OUI,2595,21:06,EST,MEUSE TGV,PANANCY,FREAJ,20:07,FRPST
4923,2023-08-15,PARIS (intramuros),OUI,6129,22:17,SUD EST,AVIGNON TGV,PAPROVENCE,FRAVG,19:38,FRPLY
4924,2023-08-15,PARIS (intramuros),NON,5771,08:55,IC NUIT,CANNES,PARAZUR,FRJCA,20:51,FRPAZ
4925,2023-08-15,PARIS (intramuros),NON,5771,09:25,IC NUIT,NICE VILLE,PARAZUR,FRNIC,20:51,FRPAZ
4926,2023-08-15,PARIS (intramuros),NON,5771,07:37,IC NUIT,TOULON,PARAZUR,FRTLN,20:51,FRPAZ
4927,2023-08-15,PARIS (intramuros),NON,5771,08:15,IC NUIT,LES ARCS DRAGUIGNAN,PARAZUR,FRXRS,20:51,FRPAZ
4928,2023-08-15,AGEN,NON,4665,19:27,IC ARO,CARCASSONNE,TJOURSOSE,FRCCF,17:32,FRAGF
4929,2023-08-15,AGEN,NON,4665,20:52,IC ARO,MONTPELLIER SAINT-ROCH,TJOURSOSE,FRMPL,17:32,FRAGF
4930,2023-08-15,BORDEAUX ST JEAN,NON,4665,20:14,IC ARO,BEZIERS,TJOURSOSE,FRBZR,16:28,FRBOJ
4931,2023-08-15,BORDEAUX ST JEAN,NON,4665,18:37,IC ARO,TOULOUSE MATABIAU,TJOURSOSE,FRXYT,16:28,FRBOJ
4932,2023-08-15,CARCASSONNE,NON,4665,20:52,IC ARO,MONTPELLIER SAINT-ROCH,TJOURSOSE,FRMPL,19:29,FRCCF
4933,2023-08-15,MONTPELLIER SAINT-ROCH,NON,4665,22:31,IC ARO,MARSEILLE ST CHARLES,TJOURSOSE,FRMSC,20:56,FRMPL
4934,2023-08-15,MONTAUBAN VILLE BOURBON,NON,4665,22:31,IC ARO,MARSEILLE ST CHARLES,TJOURSOSE,FRMSC,18:11,FRXMW
4935,2023-08-15,NARBONNE,NON,4665,20:14,IC ARO,BEZIERS,TJOURSOSE,FRBZR,20:01,FRXNA
4936,2023-08-15,TOULOUSE MATABIAU,NON,4665,19:27,IC ARO,CARCASSONNE,TJOURSOSE,FRCCF,18:45,FRXYT
4937,2023-08-15,TOULOUSE MATABIAU,NON,4665,22:31,IC ARO,MARSEILLE ST CHARLES,TJOURSOSE,FRMSC,18:45,FRXYT
4938,2023-08-15,TOULOUSE MATABIAU,NON,4665,19:58,IC ARO,NARBONNE,TJOURSOSE,FRXNA,18:45,FRXYT
4939,2023-08-15,LAVAL,OUI,8063,23:09,ATLANTIQUE,RENNES,PARISBRETA,FRRNS,22:44,FRACR
4940,2023-08-15,PARIS (intramuros),OUI,8063,22:41,ATLANTIQUE,LAVAL,PARISBRETA,FRACR,21:12,FRPMO
4941,2023-08-15,LES AUBRAIS ORLEANS,NON,3737,09:46,IC NUIT,ELNE,PARPALOMBE,FRIOG,22:24,FRLAB
4942,2023-08-15,LES AUBRAIS ORLEANS,NON,3737,09:34,IC NUIT,PERPIGNAN,PARPALOMBE,FRPGF,22:24,FRLAB
4943,2023-08-15,LES AUBRAIS ORLEANS,NON,3737,10:05,IC NUIT,PORT VENDRES VILLE,PARPALOMBE,FRXPV,22:24,FRLAB
4944,2023-08-15,PARIS (intramuros),NON,3737,09:54,IC NUIT,ARGELES SUR MER,PARPALOMBE,FRARM,20:41,FRPAZ
4945,2023-08-15,PARIS (intramuros),NON,3737,09:09,IC NUIT,LEUCATE LA FRANQUI,PARPALOMBE,FRILQ,20:41,FRPAZ
4946,2023-08-15,PARIS (intramuros),NON,3737,09:34,IC NUIT,PERPIGNAN,PARPALOMBE,FRPGF,20:41,FRPAZ
4947,2023-08-15,PARIS (intramuros),NON,3737,10:12,IC NUIT,BANYULS SUR MER,PARPALOMBE,FRXBU,20:41,FRPAZ
4948,2023-08-15,STRASBOURG,OUI,2440,17:35,EST,PARIS (intramuros),MULHSTRAPA,FRPST,15:44,FRAEG
4949,2023-08-15,THIONVILLE,OUI,2886,19:35,EST,METZ VILLE,LUXMETZPA,FRADE,19:12,FRXTH
4950,2023-08-15,THIONVILLE,NON,2886,20:29,EST,CHAMPAGNE-ARDENNE,LUXMETZPA,FREAH,19:12,FRXTH
4951,2023-08-15,LAVAL,NON,9884,10:17,NORD,LILLE (intramuros),JCBRETNORD,FRLLE,06:47,FRACR
4952,2023-08-15,MASSY TGV,OUI,9884,10:17,NORD,LILLE (intramuros),JCBRETNORD,FRLLE,08:26,FRDJU
4953,2023-08-15,MASSY TGV,OUI,9884,08:57,NORD,MARNE LA VALLEE CHESSY,JCBRETNORD,FRMLV,08:26,FRDJU
4954,2023-08-15,MASSY TGV,OUI,9884,09:45,NORD,TGV HAUTE PICARDIE,JCBRETNORD,FRTHP,08:26,FRDJU
4955,2023-08-15,MARNE LA VALLEE CHESSY,OUI,9884,10:17,NORD,LILLE (intramuros),JCBRETNORD,FRLLE,09:01,FRMLV
4956,2023-08-15,MARNE LA VALLEE CHESSY,OUI,9884,09:10,NORD,AEROPORT CDG2 TGV ROISSY,JCBRETNORD,FRMLW,09:01,FRMLV
4957,2023-08-15,RENNES,NON,9884,09:45,NORD,TGV HAUTE PICARDIE,JCBRETNORD,FRTHP,06:19,FRRNS
4958,2023-08-15,LE MANS,NON,9884,11:01,NORD,BRUXELLES MIDI BRUSSEL ZUID,JCBRETNORD,BEBMI,07:26,FRAET
4959,2023-08-15,THIONVILLE,OUI,2817,15:52,EST,LUXEMBOURG,PAMETZLUX,LULUX,15:30,FRXTH
4960,2023-08-15,ARLES,OUI,6198,18:46,SUD EST,MONTELIMAR GARE SNCF,VDRPA,FRXMK,17:36,FRHZA
4961,2023-08-15,MIRAMAS,OUI,6198,18:18,SUD EST,ORANGE,VDRPA,FRXOG,17:15,FRMAZ
4962,2023-08-15,VALENCE VILLE,NON,6198,19:46,SUD EST,LYON-SAINT EXUPERY TGV,VDRPA,FRJDQ,19:13,FRVAF
4963,2023-08-15,MONTELIMAR GARE SNCF,OUI,6198,19:10,SUD EST,VALENCE VILLE,VDRPA,FRVAF,18:49,FRXMK
4964,2023-08-15,ORANGE,NON,6198,19:46,SUD EST,LYON-SAINT EXUPERY TGV,VDRPA,FRJDQ,18:21,FRXOG
4965,2023-08-15,ORANGE,OUI,6198,19:10,SUD EST,VALENCE VILLE,VDRPA,FRVAF,18:21,FRXOG
4966,2023-08-15,METZ VILLE,OUI,2680,19:01,EST,PARIS (intramuros),LUXMETZPA,FRPST,17:28,FRADE
4967,2023-08-15,BORDEAUX ST JEAN,NON,3854,11:23,IC SRO,SAINTES,BORDONANTE,FRXST,09:53,FRBOJ
4968,2023-08-15,LUCON,NON,3854,13:22,IC SRO,LA ROCHE SUR YON,BORDONANTE,FRXRO,13:00,FRLCN
4969,2023-08-15,ROCHEFORT,NON,3854,12:58,IC SRO,LUCON,BORDONANTE,FRLCN,11:55,FRRCO
4970,2023-08-15,ROCHEFORT,NON,3854,14:05,IC SRO,NANTES,BORDONANTE,FRNTE,11:55,FRRCO
4971,2023-08-15,ROCHEFORT,NON,3854,13:22,IC SRO,LA ROCHE SUR YON,BORDONANTE,FRXRO,11:55,FRRCO
4972,2023-08-15,SAINTES,NON,3854,12:15,IC SRO,LA ROCHELLE VILLE,BORDONANTE,FRLRH,11:25,FRXST
4973,2023-08-15,SAINTES,NON,3854,11:53,IC SRO,ROCHEFORT,BORDONANTE,FRRCO,11:25,FRXST
4974,2023-08-15,PARIS (intramuros),OUI,8121,14:13,ATLANTIQUE,ANGERS ST LAUD,PARISLOIRE,FRACL,12:49,FRPMO
4975,2023-08-15,LA BAULE ESCOUBLAC,OUI,8921,16:04,ATLANTIQUE,LE CROISIC,PARISLOIRE,FREGU,15:55,FRJEE
4976,2023-08-15,PARIS (intramuros),OUI,8921,14:54,ATLANTIQUE,NANTES,PARISLOIRE,FRNTE,12:49,FRPMO
4977,2023-08-15,AVIGNON TGV,NON,6107,12:56,SUD EST,MARSEILLE ST CHARLES,PAPROVENCE,FRMSC,12:22,FRAVG
4978,2023-08-15,REMIREMONT,OUI,2578,09:18,EST,EPINAL,NANCYPA,FREPL,08:57,FRRNT
4979,2023-08-15,KARLSRUHE HBF,NON,9578,10:06,INTERNATIONAL,PARIS (intramuros),MUNSTUTPA,FRPST,07:32,DEQKA
4980,2023-08-15,MEUSE TGV,OUI,9894,18:32,NORD,CHAMPAGNE-ARDENNE,JCESTNORD,FREAH,18:09,FREAJ
4981,2023-08-15,LORRAINE TGV,NON,9894,20:19,NORD,LILLE (intramuros),JCESTNORD,FRLLE,17:42,FREAM
4982,2023-08-15,LORRAINE TGV,NON,9894,19:44,NORD,TGV HAUTE PICARDIE,JCESTNORD,FRTHP,17:42,FREAM
4983,2023-08-15,MACON LOCHE TGV,NON,9245,16:50,INTERNATIONAL,MILANO P GARIBALDI,PAITALIE,ITMPG,11:20,FRMLT
4984,2023-08-15,MACON LOCHE TGV,NON,9245,14:23,INTERNATIONAL,OULX CESANA CLAV SESTRIERE,PAITALIE,ITOCS,11:20,FRMLT
4985,2023-08-15,UZERCHE,NON,3648,13:57,IC ARO,VIERZON VILLE,TOULOUZECO,FRXVZ,11:30,FRAAW
4986,2023-08-15,LIMOGES BENEDICTINS,NON,3648,15:32,IC ARO,PARIS (intramuros),TOULOUZECO,FRPAZ,12:09,FRAGQ
4987,2023-08-15,BRIVE LA GAILLARDE,NON,3648,13:19,IC ARO,CHATEAUROUX,TOULOUZECO,FRCHR,11:05,FRBVE
4988,2023-08-15,CHATEAUROUX,NON,3648,13:35,IC ARO,ISSOUDUN,TOULOUZECO,FRFMN,13:21,FRCHR
4989,2023-08-15,ARGENTON SUR CREUSE,NON,3648,13:35,IC ARO,ISSOUDUN,TOULOUZECO,FRFMN,13:03,FRFMT
4990,2023-08-15,VIERZON VILLE,NON,3648,15:32,IC ARO,PARIS (intramuros),TOULOUZECO,FRPAZ,13:59,FRXVZ
4991,2023-08-15,FRANKFURT MAIN HBF,NON,9580,21:12,INTERNATIONAL,AVIGNON TGV,FRANCMRS,FRAVG,13:56,DEFRH
4992,2023-08-15,FRANKFURT MAIN HBF,NON,9580,17:55,INTERNATIONAL,BESANCON - F COMTE TGV,FRANCMRS,FRTJB,13:56,DEFRH
4993,2023-08-15,FRANKFURT MAIN HBF,NON,9580,18:53,INTERNATIONAL,CHALON SUR SAONE,FRANCMRS,FRXCD,13:56,DEFRH
4994,2023-08-15,MANNHEIM HBF,NON,9580,15:05,INTERNATIONAL,KARLSRUHE HBF,FRANCMRS,DEQKA,14:39,DEMHG
4995,2023-08-15,MANNHEIM HBF,NON,9580,17:55,INTERNATIONAL,BESANCON - F COMTE TGV,FRANCMRS,FRTJB,14:39,DEMHG
4996,2023-08-15,KARLSRUHE HBF,NON,9580,15:34,INTERNATIONAL,BADEN BADEN,FRANCMRS,DEZCC,15:12,DEQKA
4997,2023-08-15,KARLSRUHE HBF,NON,9580,17:05,INTERNATIONAL,MULHOUSE VILLE,FRANCMRS,FRAEK,15:12,DEQKA
4998,2023-08-15,KARLSRUHE HBF,NON,9580,17:31,INTERNATIONAL,BELFORT-MONTBELIARD TGV,FRANCMRS,FRTJA,15:12,DEQKA
4999,2023-08-15,BADEN BADEN,NON,9580,21:48,INTERNATIONAL,MARSEILLE ST CHARLES,FRANCMRS,FRMSC,15:35,DEZCC
5000,2023-08-15,STRASBOURG,NON,9580,21:12,INTERNATIONAL,AVIGNON TGV,FRANCMRS,FRAVG,16:15,FRAEG
5001,2023-08-15,STRASBOURG,NON,9580,18:53,INTERNATIONAL,CHALON SUR SAONE,FRANCMRS,FRXCD,16:15,FRAEG
5002,2023-08-15,AVIGNON TGV,NON,9580,21:34,INTERNATIONAL,AIX EN PROVENCE TGV,FRANCMRS,FRAIE,21:15,FRAVG
5003,2023-08-15,BESANCON - F COMTE TGV,NON,9580,21:34,INTERNATIONAL,AIX EN PROVENCE TGV,FRANCMRS,FRAIE,17:58,FRTJB
5004,2023-08-15,BESANCON - F COMTE TGV,NON,9580,19:56,INTERNATIONAL,LYON (intramuros),FRANCMRS,FRLPD,17:58,FRTJB
5005,2023-08-15,LE MANS,NON,5382,15:40,SUD EST,RENNES,JCSUDATL,FRRNS,14:53,FRAET
5006,2023-08-15,LYON (intramuros),NON,5382,15:40,SUD EST,RENNES,JCSUDATL,FRRNS,11:50,FRLPD
5007,2023-08-15,LYON (intramuros),NON,5382,15:40,SUD EST,RENNES,JCSUDATL,FRRNS,11:36,FRLPE
5008,2023-08-15,METZ VILLE,OUI,2872,18:20,EST,PARIS (intramuros),LUXMETZPA,FRPST,16:57,FRADE
5009,2023-08-15,THIONVILLE,OUI,2872,18:20,EST,PARIS (intramuros),LUXMETZPA,FRPST,16:34,FRXTH
5010,2023-08-15,LUXEMBOURG,OUI,2872,16:31,EST,THIONVILLE,LUXMETZPA,FRXTH,16:10,LULUX
5011,2023-08-15,PARIS (intramuros),OUI,6665,20:36,SUD EST,LYON (intramuros),PARISRHONE,FRLPD,18:42,FRPLY
5012,2023-08-15,DAX,NON,8534,12:06,ATLANTIQUE,BORDEAUX ST JEAN,SUDOUESTPA,FRBOJ,10:43,FRACG
5013,2023-08-15,DAX,NON,8534,14:20,ATLANTIQUE,PARIS (intramuros),SUDOUESTPA,FRPMO,10:43,FRACG
5014,2023-08-15,BAYONNE,OUI,8534,10:38,ATLANTIQUE,DAX,SUDOUESTPA,FRACG,10:08,FRXBY
5015,2023-08-15,BAYONNE,NON,8534,14:20,ATLANTIQUE,PARIS (intramuros),SUDOUESTPA,FRPMO,10:08,FRXBY
5016,2023-08-15,PARIS (intramuros),NON,3751,06:19,IC NUIT,MONTAUBAN VILLE BOURBON,PAVERMEIL,FRXMW,22:12,FRPAZ
5017,2023-08-15,BEZIERS,OUI,6036,18:18,SUD EST,NIMES,LANGPA,FRFNI,16:58,FRBZR
5018,2023-08-15,BEZIERS,OUI,6036,17:43,SUD EST,MONTPELLIER SAINT-ROCH,LANGPA,FRMPL,16:58,FRBZR
5019,2023-08-15,BEZIERS,NON,6036,21:18,SUD EST,PARIS (intramuros),LANGPA,FRPLY,16:58,FRBZR
5020,2023-08-15,BEZIERS,OUI,6036,17:08,SUD EST,AGDE,LANGPA,FRXAG,16:58,FRBZR
5021,2023-08-15,VALENCE TGV RHONE-ALPES SUD,NON,6036,21:18,SUD EST,PARIS (intramuros),LANGPA,FRPLY,19:06,FRVLA
5022,2023-08-15,AGDE,NON,6036,21:18,SUD EST,PARIS (intramuros),LANGPA,FRPLY,17:11,FRXAG
5023,2023-08-15,NARBONNE,OUI,6036,17:43,SUD EST,MONTPELLIER SAINT-ROCH,LANGPA,FRMPL,16:42,FRXNA
5024,2023-08-15,NARBONNE,OUI,6036,17:08,SUD EST,AGDE,LANGPA,FRXAG,16:42,FRXNA
5025,2023-08-15,NARBONNE,OUI,6036,17:24,SUD EST,SETE,LANGPA,FRXSY,16:42,FRXNA
5026,2023-08-15,SETE,OUI,6036,18:18,SUD EST,NIMES,LANGPA,FRFNI,17:27,FRXSY
5027,2023-08-15,BESANCON VIOTTE,NON,6766,22:04,SUD EST,PARIS (intramuros),BOURPA,FRPLY,19:37,FRABG
5028,2023-08-15,BESANCON VIOTTE,OUI,6766,19:50,SUD EST,BESANCON - F COMTE TGV,BOURPA,FRTJB,19:37,FRABG
5029,2023-08-15,LIMOGES BENEDICTINS,OUI,3655,21:08,IC ARO,BRIVE LA GAILLARDE,PALITO,FRBVE,20:05,FRAGQ
5030,2023-08-15,CHATEAUROUX,OUI,3655,20:02,IC ARO,LIMOGES BENEDICTINS,PALITO,FRAGQ,18:50,FRCHR
5031,2023-08-15,PARIS (intramuros),OUI,3655,20:42,IC ARO,UZERCHE,PALITO,FRAAW,16:41,FRPAZ
5032,2023-08-15,VIERZON VILLE,OUI,3655,20:42,IC ARO,UZERCHE,PALITO,FRAAW,18:14,FRXVZ
5033,2023-08-15,ISSOUDUN,OUI,3655,20:42,IC ARO,UZERCHE,PALITO,FRAAW,18:34,FRFMN
5034,2023-08-15,LYON (intramuros),OUI,6628,17:58,SUD EST,LYON (intramuros),RHONEPARIS,FRLPD,17:50,FRLPE
5035,2023-08-15,LE CREUSOT MONTCEAU MONTCHANIN,NON,6628,20:08,SUD EST,PARIS (intramuros),RHONEPARIS,FRPLY,18:49,FRXCC
5036,2023-08-15,MARSEILLE ST CHARLES,NON,6077,18:11,SUD EST,TOULON,PAAZUR,FRTLN,17:28,FRMSC
5037,2023-08-15,PARIS (intramuros),NON,6077,17:14,SUD EST,MARSEILLE ST CHARLES,PAAZUR,FRMSC,14:10,FRPLY
5038,2023-08-15,ST RAPHAEL VALESCURE,OUI,6077,19:26,SUD EST,CANNES,PAAZUR,FRJCA,19:04,FRXSK
5039,2023-08-15,ST RAPHAEL VALESCURE,OUI,6077,19:39,SUD EST,ANTIBES,PAAZUR,FRXAT,19:04,FRXSK
5040,2023-08-15,CLERMONT FERRAND,OUI,5978,17:04,IC ARO,VICHY,CLERMONTPA,FRVHY,16:31,FRCFE
5041,2023-08-15,RIOM CHATEL GUYON,NON,5978,17:29,IC ARO,MOULINS SUR ALLIER,CLERMONTPA,FRXMU,16:42,FRRIO
5042,2023-08-15,VICHY,NON,5978,17:29,IC ARO,MOULINS SUR ALLIER,CLERMONTPA,FRXMU,17:06,FRVHY
5043,2023-08-15,MOULINS SUR ALLIER,NON,5978,19:57,IC ARO,PARIS (intramuros),CLERMONTPA,FRPBE,17:31,FRXMU
5044,2023-08-15,LE MANS,OUI,8973,12:45,ATLANTIQUE,LA ROCHE SUR YON,PARISLOIRE,FRXRO,10:36,FRAET
5045,2023-08-15,CHAMPAGNE-ARDENNE,NON,2591,15:06,EST,MEUSE TGV,PANANCY,FREAJ,14:41,FREAH
5046,2023-08-15,PARIS (intramuros),NON,2591,16:53,EST,ST DIE DES VOSGES,PANANCY,FRXTD,13:58,FRPST
5047,2023-08-15,CHAMPAGNE-ARDENNE,NON,2591,16:53,EST,ST DIE DES VOSGES,PANANCY,FRXTD,14:41,FREAH
5048,2023-08-15,LE MANS,NON,8922,17:25,ATLANTIQUE,PARIS (intramuros),LOIREPARIS,FRPMO,16:26,FRAET
5049,2023-08-15,LE CROISIC,OUI,8922,14:01,ATLANTIQUE,LA BAULE ESCOUBLAC,LOIREPARIS,FRJEE,13:52,FREGU
5050,2023-08-15,LE CROISIC,NON,8922,14:59,ATLANTIQUE,NANTES,LOIREPARIS,FRNTE,13:52,FREGU
5051,2023-08-15,LE CROISIC,NON,8922,17:25,ATLANTIQUE,PARIS (intramuros),LOIREPARIS,FRPMO,13:52,FREGU
5052,2023-08-15,NANTES,NON,8922,16:23,ATLANTIQUE,LE MANS,LOIREPARIS,FRAET,15:05,FRNTE
5053,2023-08-15,ST NAZAIRE,NON,8922,17:25,ATLANTIQUE,PARIS (intramuros),LOIREPARIS,FRPMO,14:24,FRSNR
5054,2023-08-15,ST JEAN DE MAURIENNE ARVAN,NON,9240,10:15,INTERNATIONAL,CHAMBERY CHALLES LES EAUX,ITALIEPA,FRCMF,09:37,FRHPN
5055,2023-08-15,MILANO P GARIBALDI,NON,9240,09:03,INTERNATIONAL,MODANE,ITALIEPA,FRAGR,06:00,ITMPG
5056,2023-08-15,MILANO P GARIBALDI,NON,9240,13:14,INTERNATIONAL,PARIS (intramuros),ITALIEPA,FRPLY,06:00,ITMPG
5057,2023-08-15,TORINO PORTA SUSA,NON,9240,10:15,INTERNATIONAL,CHAMBERY CHALLES LES EAUX,ITALIEPA,FRCMF,07:36,ITTRS
5058,2023-08-15,THIONVILLE,OUI,2870,14:53,EST,METZ VILLE,LUXMETZPA,FRADE,14:34,FRXTH
5059,2023-08-15,LUXEMBOURG,OUI,2870,14:31,EST,THIONVILLE,LUXMETZPA,FRXTH,14:10,LULUX
5060,2023-08-15,POITIERS,NON,8450,21:40,ATLANTIQUE,PARIS (intramuros),SUDOUESTPA,FRPMO,20:04,FRPIS
5061,2023-08-15,POITIERS,NON,8450,20:35,ATLANTIQUE,ST PIERRE DES CORPS,SUDOUESTPA,FRXSH,20:04,FRPIS
5062,2023-08-15,LYON (intramuros),OUI,6607,11:10,SUD EST,LYON (intramuros),PARISRHONE,FRLPE,11:02,FRLPD
5063,2023-08-15,MANNHEIM HBF,NON,9568,10:38,INTERNATIONAL,PARIS (intramuros),FRANCPA,FRPST,07:38,DEMHG
5064,2023-08-15,FACTURE BIGANOS,OUI,8475,18:10,ATLANTIQUE,ARCACHON,PASUDOUEST,FRXAC,17:49,FRFAC
5065,2023-08-15,PARIS (intramuros),OUI,8475,17:46,ATLANTIQUE,FACTURE BIGANOS,PASUDOUEST,FRFAC,15:08,FRPMO
5066,2023-08-15,PARIS (intramuros),OUI,8475,18:10,ATLANTIQUE,ARCACHON,PASUDOUEST,FRXAC,15:08,FRPMO
5067,2023-08-15,BORDEAUX ST JEAN,NON,3856,16:15,IC SRO,LA ROCHELLE VILLE,BORDONANTE,FRLRH,13:53,FRBOJ
5068,2023-08-15,JONZAC,NON,3856,18:05,IC SRO,NANTES,BORDONANTE,FRNTE,14:41,FREMR
5069,2023-08-15,SAINTES,NON,3856,16:58,IC SRO,LUCON,BORDONANTE,FRLCN,15:25,FRXST
5070,2023-08-15,SAINTES,NON,3856,18:05,IC SRO,NANTES,BORDONANTE,FRNTE,15:25,FRXST
5071,2023-08-15,BEZIERS,OUI,6212,19:03,SUD EST,SETE,LANGPA,FRXSY,18:35,FRBZR
5072,2023-08-15,AGDE,OUI,6212,19:21,SUD EST,MONTPELLIER SAINT-ROCH,LANGPA,FRMPL,18:49,FRXAG
5073,2023-08-15,AGDE,NON,6212,22:55,SUD EST,PARIS (intramuros),LANGPA,FRPLY,18:49,FRXAG
5074,2023-08-15,NARBONNE,NON,6212,22:55,SUD EST,PARIS (intramuros),LANGPA,FRPLY,18:18,FRXNA
5075,2023-08-15,SETE,OUI,6212,19:21,SUD EST,MONTPELLIER SAINT-ROCH,LANGPA,FRMPL,19:06,FRXSY
5076,2023-08-15,ANGERS ST LAUD,NON,8880,17:23,ATLANTIQUE,LE MANS,LOIREPARIS,FRAET,16:44,FRACL
5077,2023-08-15,NANTES,OUI,8880,16:41,ATLANTIQUE,ANGERS ST LAUD,LOIREPARIS,FRACL,16:05,FRNTE
5078,2023-08-15,PAU,NON,14148,18:27,IC SRO,TOULOUSE MATABIAU,SUDOUEST,FRXYT,16:11,FRAEE
5079,2023-08-15,ORTHEZ,NON,14148,16:08,IC SRO,PAU,SUDOUEST,FRAEE,15:47,FRGFI
5080,2023-08-15,LOURDES,NON,14148,18:27,IC SRO,TOULOUSE MATABIAU,SUDOUEST,FRXYT,16:39,FRLDE
5081,2023-08-15,BAYONNE,NON,14148,16:36,IC SRO,LOURDES,SUDOUEST,FRLDE,15:03,FRXBY
5082,2023-08-15,ARGENTON SUR CREUSE,NON,3635,15:24,IC ARO,LA SOUTERRAINE,PALITO,FRLST,15:01,FRFMT
5083,2023-08-15,PARIS (intramuros),NON,3635,17:01,IC ARO,BRIVE LA GAILLARDE,PALITO,FRBVE,12:41,FRPAZ
5084,2023-08-15,PARIS (intramuros),NON,3635,14:43,IC ARO,CHATEAUROUX,PALITO,FRCHR,12:41,FRPAZ
5085,2023-08-15,PARIS (intramuros),NON,3635,17:44,IC ARO,GOURDON,PALITO,FRFSI,12:41,FRPAZ
5086,2023-08-15,PARIS (intramuros),NON,3635,14:09,IC ARO,VIERZON VILLE,PALITO,FRXVZ,12:41,FRPAZ
5087,2023-08-15,VIERZON VILLE,NON,3635,14:43,IC ARO,CHATEAUROUX,PALITO,FRCHR,14:11,FRXVZ
5088,2023-08-15,VIERZON VILLE,NON,3635,18:13,IC ARO,CAHORS,PALITO,FRZAO,14:11,FRXVZ
5089,2023-08-15,ARGENTON SUR CREUSE,NON,3635,17:28,IC ARO,SOUILLAC,PALITO,FRSOU,15:01,FRFMT
5090,2023-08-15,CARCASSONNE,NON,6875,21:10,SUD EST,VALENCE TGV RHONE-ALPES SUD,JCSUDPROV,FRVLA,18:27,FRCCF
5091,2023-08-15,NARBONNE,NON,6875,21:10,SUD EST,VALENCE TGV RHONE-ALPES SUD,JCSUDPROV,FRVLA,18:59,FRXNA
5092,2023-08-15,NARBONNE,NON,6875,19:36,SUD EST,SETE,JCSUDPROV,FRXSY,18:59,FRXNA
5093,2023-08-15,SETE,NON,6875,21:10,SUD EST,VALENCE TGV RHONE-ALPES SUD,JCSUDPROV,FRVLA,19:39,FRXSY
5094,2023-08-15,TOULOUSE MATABIAU,OUI,6875,18:24,SUD EST,CARCASSONNE,JCSUDPROV,FRCCF,17:43,FRXYT
5095,2023-08-15,TOULOUSE MATABIAU,NON,6875,21:52,SUD EST,LYON (intramuros),JCSUDPROV,FRLPD,17:43,FRXYT
5096,2023-08-15,MONTPELLIER SUD DE FRANCE,NON,6875,21:52,SUD EST,LYON (intramuros),JCSUDPROV,FRLPD,20:11,FRSUF
5097,2023-08-15,BEZIERS,NON,6875,20:30,SUD EST,NIMES PONT DU GARD,JCSUDPROV,FRXZP,19:15,FRBZR
5098,2023-08-15,BEZIERS,NON,9713,14:24,SUD EST,NARBONNE,PABARCELONE,FRXNA,14:10,FRBZR
5099,2023-08-15,NIMES,NON,9713,14:07,SUD EST,BEZIERS,PABARCELONE,FRBZR,12:47,FRFNI
5100,2023-08-15,NIMES,NON,9713,13:13,SUD EST,MONTPELLIER SAINT-ROCH,PABARCELONE,FRMPL,12:47,FRFNI
5101,2023-08-15,MONTPELLIER SAINT-ROCH,NON,9713,13:32,SUD EST,SETE,PABARCELONE,FRXSY,13:18,FRMPL
5102,2023-08-15,VALENCE TGV RHONE-ALPES SUD,NON,9713,14:58,SUD EST,PERPIGNAN,PABARCELONE,FRPGF,12:00,FRVLA
5103,2023-08-15,VALENCE TGV RHONE-ALPES SUD,NON,9713,13:52,SUD EST,AGDE,PABARCELONE,FRXAG,12:00,FRVLA
5104,2023-08-15,VALENCE TGV RHONE-ALPES SUD,NON,9713,14:24,SUD EST,NARBONNE,PABARCELONE,FRXNA,12:00,FRVLA
5105,2023-08-15,VALENCE TGV RHONE-ALPES SUD,NON,9713,13:32,SUD EST,SETE,PABARCELONE,FRXSY,12:00,FRVLA
5106,2023-08-15,AGDE,NON,9713,14:24,SUD EST,NARBONNE,PABARCELONE,FRXNA,13:55,FRXAG
5107,2023-08-15,SETE,NON,9713,13:52,SUD EST,AGDE,PABARCELONE,FRXAG,13:35,FRXSY
5108,2023-08-15,MONTPELLIER SAINT-ROCH,NON,9713,15:46,SUD EST,GIRONA,PABARCELONE,ESGRO,13:18,FRMPL
5109,2023-08-15,VALENCE TGV RHONE-ALPES SUD,NON,9713,16:34,SUD EST,BARCELONA SANTS,PABARCELONE,ESBST,12:00,FRVLA
5110,2023-08-15,SETE,NON,9713,16:34,SUD EST,BARCELONA SANTS,PABARCELONE,ESBST,13:35,FRXSY
5111,2023-08-15,NARBONNE,NON,9713,15:27,SUD EST,FIGUERES VILA TGV,PABARCELONE,ESFIR,14:27,FRXNA
5112,2023-08-15,AGDE,NON,9713,15:27,SUD EST,FIGUERES VILA TGV,PABARCELONE,ESFIR,13:55,FRXAG
5113,2023-08-15,AVIGNON TGV,NON,9866,17:43,NORD,BRUXELLES MIDI BRUSSEL ZUID,JCSUDNORD,BEBMI,12:48,FRAVG
5114,2023-08-15,AVIGNON TGV,NON,9866,16:57,NORD,LILLE (intramuros),JCSUDNORD,FRLLE,12:48,FRAVG
5115,2023-08-15,AVIGNON TGV,NON,9866,16:00,NORD,AEROPORT CDG2 TGV ROISSY,JCSUDNORD,FRMLW,12:48,FRAVG
5116,2023-08-15,LYON (intramuros),NON,9866,16:57,NORD,LILLE (intramuros),JCSUDNORD,FRLLE,14:00,FRLPD
5117,2023-08-15,MARNE LA VALLEE CHESSY,NON,9866,16:57,NORD,LILLE (intramuros),JCSUDNORD,FRLLE,15:50,FRMLV
5118,2023-08-15,MARSEILLE ST CHARLES,NON,9866,16:57,NORD,LILLE (intramuros),JCSUDNORD,FRLLE,12:12,FRMSC
5119,2023-08-15,MARSEILLE ST CHARLES,NON,9866,16:00,NORD,AEROPORT CDG2 TGV ROISSY,JCSUDNORD,FRMLW,12:12,FRMSC
5120,2023-08-15,PARIS (intramuros),NON,8619,16:25,ATLANTIQUE,BREST,PARISBRETA,FRBES,12:56,FRPMO
5121,2023-08-15,LILLE (intramuros),OUI,9874,14:53,NORD,AEROPORT CDG2 TGV ROISSY,JCNORDEST,FRMLW,14:03,FRLLE
5122,2023-08-15,MARNE LA VALLEE CHESSY,NON,9874,16:48,NORD,LORRAINE TGV,JCNORDEST,FREAM,15:23,FRMLV
5123,2023-08-15,QUIMPERLE,OUI,8710,10:05,ATLANTIQUE,AURAY,BRETAPARIS,FRXUY,09:35,FRECO
5124,2023-08-15,LORIENT,NON,8710,11:25,ATLANTIQUE,RENNES,BRETAPARIS,FRRNS,09:50,FRLRT
5125,2023-08-15,LORIENT,OUI,8710,10:19,ATLANTIQUE,VANNES,BRETAPARIS,FRVNE,09:50,FRLRT
5126,2023-08-15,ROSPORDEN,OUI,8710,09:32,ATLANTIQUE,QUIMPERLE,BRETAPARIS,FRECO,09:20,FRRSP
5127,2023-08-15,QUIMPER,OUI,8710,09:32,ATLANTIQUE,QUIMPERLE,BRETAPARIS,FRECO,09:06,FRUIP
5128,2023-08-15,QUIMPER,OUI,8710,10:19,ATLANTIQUE,VANNES,BRETAPARIS,FRVNE,09:06,FRUIP
5129,2023-08-15,QUIMPER,OUI,8710,10:05,ATLANTIQUE,AURAY,BRETAPARIS,FRXUY,09:06,FRUIP
5130,2023-08-15,VANNES,NON,8710,12:01,ATLANTIQUE,LAVAL,BRETAPARIS,FRACR,10:23,FRVNE
5131,2023-08-15,VANNES,NON,8710,10:48,ATLANTIQUE,REDON,BRETAPARIS,FRXRN,10:23,FRVNE
5132,2023-08-15,LYON (intramuros),OUI,6676,21:58,SUD EST,LYON (intramuros),RHONEPARIS,FRLPD,21:50,FRLPE
5133,2023-08-15,POITIERS,NON,8485,16:34,ATLANTIQUE,ANGOULEME,PASUDOUEST,FRANG,15:57,FRPIS
5134,2023-08-15,POITIERS,NON,8485,17:15,ATLANTIQUE,LIBOURNE,PASUDOUEST,FRXLR,15:57,FRPIS
5135,2023-08-15,LAVAL,NON,8605,12:08,ATLANTIQUE,MORLAIX,PARISBRETA,FRMXN,09:58,FRACR
5136,2023-08-15,PARIS (intramuros),OUI,8605,09:55,ATLANTIQUE,LAVAL,PARISBRETA,FRACR,08:40,FRPMO
5137,2023-08-15,RENNES,NON,8605,12:43,ATLANTIQUE,BREST,PARISBRETA,FRBES,10:32,FRRNS
5138,2023-08-15,RENNES,NON,8605,11:38,ATLANTIQUE,GUINGAMP,PARISBRETA,FRGGP,10:32,FRRNS
5139,2023-08-15,RENNES,NON,8605,12:08,ATLANTIQUE,MORLAIX,PARISBRETA,FRMXN,10:32,FRRNS
5140,2023-08-15,ST BRIEUC,NON,8605,12:43,ATLANTIQUE,BREST,PARISBRETA,FRBES,11:24,FRSBK
5141,2023-08-15,BRUXELLES MIDI BRUSSEL ZUID,NON,9870,11:05,NORD,STRASBOURG,JCNORDEST,FRAEG,07:17,BEBMI
5142,2023-08-15,CHAMPAGNE-ARDENNE,OUI,9870,10:00,NORD,MEUSE TGV,JCNORDEST,FREAJ,09:34,FREAH
5143,2023-08-15,CHAMPAGNE-ARDENNE,OUI,9870,10:25,NORD,LORRAINE TGV,JCNORDEST,FREAM,09:34,FREAH
5144,2023-08-15,LILLE (intramuros),NON,9870,11:05,NORD,STRASBOURG,JCNORDEST,FRAEG,08:02,FRLLE
5145,2023-08-15,AEROPORT CDG2 TGV ROISSY,NON,9870,10:00,NORD,MEUSE TGV,JCNORDEST,FREAJ,08:59,FRMLW
5146,2023-08-15,BRUXELLES MIDI BRUSSEL ZUID,NON,9870,10:00,NORD,MEUSE TGV,JCNORDEST,FREAJ,07:17,BEBMI
5147,2023-08-15,PARIS (intramuros),NON,6173,14:57,SUD EST,NICE VILLE,PAAZUR,FRNIC,09:26,FRPLY
5148,2023-08-15,PARIS (intramuros),NON,6173,13:11,SUD EST,TOULON,PAAZUR,FRTLN,09:26,FRPLY
5149,2023-08-15,ST RAPHAEL VALESCURE,OUI,6173,14:25,SUD EST,CANNES,PAAZUR,FRJCA,14:04,FRXSK
5150,2023-08-15,ANGERS ST LAUD,NON,8928,21:12,ATLANTIQUE,PARIS (intramuros),LOIREPARIS,FRPMO,19:45,FRACL
5151,2023-08-15,ANCENIS,NON,8928,21:12,ATLANTIQUE,PARIS (intramuros),LOIREPARIS,FRPMO,19:15,FREFN
5152,2023-08-15,LE CROISIC,OUI,8928,17:47,ATLANTIQUE,LA BAULE ESCOUBLAC,LOIREPARIS,FRJEE,17:39,FREGU
5153,2023-08-15,LE CROISIC,OUI,8928,18:08,ATLANTIQUE,ST NAZAIRE,LOIREPARIS,FRSNR,17:39,FREGU
5154,2023-08-15,LA BAULE ESCOUBLAC,NON,8928,21:12,ATLANTIQUE,PARIS (intramuros),LOIREPARIS,FRPMO,17:55,FRJEE
5155,2023-08-15,LA BAULE ESCOUBLAC,OUI,8928,18:08,ATLANTIQUE,ST NAZAIRE,LOIREPARIS,FRSNR,17:55,FRJEE
5156,2023-08-15,ST NAZAIRE,NON,8928,19:42,ATLANTIQUE,ANGERS ST LAUD,LOIREPARIS,FRACL,18:11,FRSNR
5157,2023-08-15,LA BAULE ESCOUBLAC,NON,8928,19:13,ATLANTIQUE,ANCENIS,LOIREPARIS,FREFN,17:55,FRJEE
5158,2023-08-15,LYON (intramuros),NON,5062,13:01,NORD,AEROPORT CDG2 TGV ROISSY,JCSUDNORD,FRMLW,11:00,FRLPD
5159,2023-08-15,MARNE LA VALLEE CHESSY,NON,5062,13:34,NORD,TGV HAUTE PICARDIE,JCSUDNORD,FRTHP,12:51,FRMLV
5160,2023-08-15,MONTPELLIER SUD DE FRANCE,OUI,5062,10:10,NORD,VALENCE TGV RHONE-ALPES SUD,JCSUDNORD,FRVLA,09:12,FRSUF
5161,2023-08-15,MONTPELLIER SUD DE FRANCE,NON,5062,10:53,NORD,LYON (intramuros),JCSUDNORD,FRLPD,09:12,FRSUF
5162,2023-08-15,MONTPELLIER SUD DE FRANCE,NON,5062,14:24,NORD,LILLE (intramuros),JCSUDNORD,FRLLE,09:12,FRSUF
5163,2023-08-15,MONTPELLIER SUD DE FRANCE,NON,5062,13:34,NORD,TGV HAUTE PICARDIE,JCSUDNORD,FRTHP,09:12,FRSUF
5164,2023-08-15,MONTPELLIER SUD DE FRANCE,NON,5062,13:55,NORD,ARRAS,JCSUDNORD,FRQRV,09:12,FRSUF
5165,2023-08-15,MASSY TGV,OUI,5300,09:30,SUD EST,LYON (intramuros),JCATLSUD,FRLPD,07:26,FRDJU
5166,2023-08-15,LYON (intramuros),OUI,5300,11:21,SUD EST,MONTPELLIER SUD DE FRANCE,JCATLSUD,FRSUF,09:39,FRLPD
5167,2023-08-15,MASSY TGV,OUI,5300,11:21,SUD EST,MONTPELLIER SUD DE FRANCE,JCATLSUD,FRSUF,07:26,FRDJU
5168,2023-08-15,ST PIERRE DES CORPS,OUI,5300,11:21,SUD EST,MONTPELLIER SUD DE FRANCE,JCATLSUD,FRSUF,06:28,FRXSH
5169,2023-08-15,MASSY TGV,OUI,5300,10:58,SUD EST,NIMES PONT DU GARD,JCATLSUD,FRXZP,07:26,FRDJU
5170,2023-08-15,ANGOULEME,NON,9406,13:49,EST,LORRAINE TGV,JCATLEST,FREAM,09:07,FRANG
5171,2023-08-15,ANGOULEME,NON,9406,12:11,EST,AEROPORT CDG2 TGV ROISSY,JCATLEST,FRMLW,09:07,FRANG
5172,2023-08-15,BORDEAUX ST JEAN,NON,9406,13:23,EST,MEUSE TGV,JCATLEST,FREAJ,08:29,FRBOJ
5173,2023-08-15,BORDEAUX ST JEAN,NON,9406,12:11,EST,AEROPORT CDG2 TGV ROISSY,JCATLEST,FRMLW,08:29,FRBOJ
5174,2023-08-15,CHAMPAGNE-ARDENNE,OUI,9406,14:29,EST,STRASBOURG,JCATLEST,FRAEG,12:58,FREAH
5175,2023-08-15,MARNE LA VALLEE CHESSY,NON,9406,13:23,EST,MEUSE TGV,JCATLEST,FREAJ,12:01,FRMLV
5176,2023-08-15,AEROPORT CDG2 TGV ROISSY,NON,9406,13:23,EST,MEUSE TGV,JCATLEST,FREAJ,12:26,FRMLW
5177,2023-08-15,AEROPORT CDG2 TGV ROISSY,NON,9406,13:49,EST,LORRAINE TGV,JCATLEST,FREAM,12:26,FRMLW
5178,2023-08-15,POITIERS,NON,9406,14:29,EST,STRASBOURG,JCATLEST,FRAEG,09:48,FRPIS
5179,2023-08-15,POITIERS,NON,9406,12:55,EST,CHAMPAGNE-ARDENNE,JCATLEST,FREAH,09:48,FRPIS
5180,2023-08-15,ST PIERRE DES CORPS,NON,9406,11:20,EST,MASSY TGV,JCATLEST,FRDJU,10:26,FRXSH
5181,2023-08-15,ST PIERRE DES CORPS,NON,9406,13:23,EST,MEUSE TGV,JCATLEST,FREAJ,10:26,FRXSH
5182,2023-08-15,STRASBOURG,OUI,9406,15:43,EST,FREIBURG BREISGAU HBF,JCATLEST,DEFGB,14:29,FRAEG
5183,2023-08-15,LAHR SCHWARZW,OUI,9406,15:17,EST,RINGSHEIM/EU-PARK,JCATLEST,DERSH,15:08,DEANL
5184,2023-08-15,BORDEAUX ST JEAN,NON,9406,15:43,EST,FREIBURG BREISGAU HBF,JCATLEST,DEFGB,08:29,FRBOJ
5185,2023-08-15,ST PIERRE DES CORPS,NON,9406,15:43,EST,FREIBURG BREISGAU HBF,JCATLEST,DEFGB,10:26,FRXSH
5186,2023-08-15,MASSY TGV,NON,9406,15:43,EST,FREIBURG BREISGAU HBF,JCATLEST,DEFGB,11:26,FRDJU
5187,2023-08-15,PARIS (intramuros),NON,7571,16:14,NORD,BOULOGNE VILLE,PAARRAS,FRAEB,13:52,FRPNO
5188,2023-08-15,PARIS (intramuros),NON,7571,16:44,NORD,RANG DU FLIERS VERTON,PAARRAS,FRCVU,13:52,FRPNO
5189,2023-08-15,PARIS (intramuros),NON,7571,15:04,NORD,LILLE (intramuros),PAARRAS,FRLLE,13:52,FRPNO
5190,2023-08-15,PARIS (intramuros),NON,7571,15:43,NORD,CALAIS FRETHUN,PAARRAS,FRSTH,13:52,FRPNO
5191,2023-08-15,BRUXELLES MIDI BRUSSEL ZUID,NON,9826,10:52,NORD,LILLE (intramuros),JCNORDSUD,FRLLE,10:17,BEBMI
5192,2023-08-15,BRUXELLES MIDI BRUSSEL ZUID,NON,9826,14:00,NORD,LYON (intramuros),JCNORDSUD,FRLPD,10:17,BEBMI
5193,2023-08-15,LILLE (intramuros),NON,9826,14:48,NORD,VALENCE TGV RHONE-ALPES SUD,JCNORDSUD,FRVLA,11:03,FRLLE
5194,2023-08-15,BEZIERS,OUI,6225,22:56,SUD EST,PERPIGNAN,PALANG,FRPGF,22:06,FRBZR
5195,2023-08-15,NIMES,OUI,6225,21:31,SUD EST,SETE,PALANG,FRXSY,20:46,FRFNI
5196,2023-08-15,MONTPELLIER SAINT-ROCH,OUI,6225,22:56,SUD EST,PERPIGNAN,PALANG,FRPGF,21:17,FRMPL
5197,2023-08-15,VALENCE TGV RHONE-ALPES SUD,OUI,6225,22:56,SUD EST,PERPIGNAN,PALANG,FRPGF,19:57,FRVLA
5198,2023-08-15,VALENCE TGV RHONE-ALPES SUD,OUI,6225,21:31,SUD EST,SETE,PALANG,FRXSY,19:57,FRVLA
5199,2023-08-15,AGDE,OUI,6225,22:03,SUD EST,BEZIERS,PALANG,FRBZR,21:51,FRXAG
5200,2023-08-15,AGDE,OUI,6225,22:20,SUD EST,NARBONNE,PALANG,FRXNA,21:51,FRXAG
5201,2023-08-15,NARBONNE,OUI,6225,22:56,SUD EST,PERPIGNAN,PALANG,FRPGF,22:23,FRXNA
5202,2023-08-15,SETE,OUI,6225,22:03,SUD EST,BEZIERS,PALANG,FRBZR,21:34,FRXSY
5203,2023-08-15,PAU,OUI,8583,14:10,ATLANTIQUE,DAX,SUDOUESTPA,FRACG,13:16,FRAEE
5204,2023-08-15,ORTHEZ,OUI,8583,14:10,ATLANTIQUE,DAX,SUDOUESTPA,FRACG,13:40,FRGFI
5205,2023-08-15,ORTHEZ,OUI,8583,15:40,ATLANTIQUE,BORDEAUX ST JEAN,SUDOUESTPA,FRBOJ,13:40,FRGFI
5206,2023-08-15,LOURDES,OUI,8583,14:10,ATLANTIQUE,DAX,SUDOUESTPA,FRACG,12:46,FRLDE
5207,2023-08-15,LOURDES,OUI,8583,15:40,ATLANTIQUE,BORDEAUX ST JEAN,SUDOUESTPA,FRBOJ,12:46,FRLDE
5208,2023-08-15,TARBES,OUI,8583,13:38,ATLANTIQUE,ORTHEZ,SUDOUESTPA,FRGFI,12:21,FRXTB
5209,2023-08-15,LYON (intramuros),OUI,6634,20:57,SUD EST,LYON (intramuros),RHONEPARIS,FRLPD,20:49,FRLPE
5210,2023-08-15,LYON (intramuros),NON,6634,23:09,SUD EST,PARIS (intramuros),RHONEPARIS,FRPLY,20:49,FRLPE
5211,2023-08-15,HAZEBROUCK,OUI,7334,19:08,NORD,PARIS (intramuros),ARRASPA,FRPNO,17:20,FRHZK
5212,2023-08-15,BORDEAUX ST JEAN,OUI,8504,12:52,ATLANTIQUE,PARIS (intramuros),SUDOUESTPA,FRPMO,10:46,FRBOJ
5213,2023-08-15,TOULOUSE MATABIAU,OUI,8504,12:52,ATLANTIQUE,PARIS (intramuros),SUDOUESTPA,FRPMO,08:28,FRXYT
5214,2023-08-15,ST BRIEUC,NON,8622,15:29,ATLANTIQUE,RENNES,BRETAPARIS,FRRNS,14:40,FRSBK
5215,2023-08-15,HENDAYE,OUI,8540,14:14,ATLANTIQUE,DAX,SUDOUESTPA,FRACG,13:01,FRAEF
5216,2023-08-15,HENDAYE,NON,8540,17:52,ATLANTIQUE,PARIS (intramuros),SUDOUESTPA,FRPMO,13:01,FRAEF
5217,2023-08-15,BIARRITZ,OUI,8540,14:14,ATLANTIQUE,DAX,SUDOUESTPA,FRACG,13:27,FRBIQ
5218,2023-08-15,BAYONNE,OUI,8540,14:14,ATLANTIQUE,DAX,SUDOUESTPA,FRACG,13:42,FRXBY
5219,2023-08-15,BAYONNE,NON,8540,15:40,ATLANTIQUE,BORDEAUX ST JEAN,SUDOUESTPA,FRBOJ,13:42,FRXBY
5220,2023-08-15,BAYONNE,NON,8540,17:52,ATLANTIQUE,PARIS (intramuros),SUDOUESTPA,FRPMO,13:42,FRXBY
5221,2023-08-15,PARIS (intramuros),OUI,8303,13:13,ATLANTIQUE,VENDOME VILLIERS SUR LOIR,PAROCHELLE,FRESL,12:28,FRPMO
5222,2023-08-15,LUZENAC GARANOU,NON,3972,06:08,IC NUIT,LES AUBRAIS ORLEANS,PALOMBEPAR,FRLAB,20:27,FRFQI
5223,2023-08-15,PARIS (intramuros),OUI,7015,09:48,NORD,LILLE (intramuros),PALILLE,FRADJ,08:46,FRPNO
5224,2023-08-15,DIJON VILLE,NON,5516,15:24,EST,COLMAR,JCRHONRHIN,FRAEJ,13:37,FRABA
5225,2023-08-15,DIJON VILLE,NON,5516,14:30,EST,BELFORT-MONTBELIARD TGV,JCRHONRHIN,FRTJA,13:37,FRABA
5226,2023-08-15,MULHOUSE VILLE,NON,5516,15:54,EST,STRASBOURG,JCRHONRHIN,FRAEG,15:07,FRAEK
5227,2023-08-15,AIX EN PROVENCE TGV,NON,5516,14:55,EST,MULHOUSE VILLE,JCRHONRHIN,FRAEK,09:58,FRAIE
5228,2023-08-15,AIX EN PROVENCE TGV,NON,5516,14:30,EST,BELFORT-MONTBELIARD TGV,JCRHONRHIN,FRTJA,09:58,FRAIE
5229,2023-08-15,AIX EN PROVENCE TGV,NON,5516,12:41,EST,CHALON SUR SAONE,JCRHONRHIN,FRXCD,09:58,FRAIE
5230,2023-08-15,AVIGNON TGV,NON,5516,15:54,EST,STRASBOURG,JCRHONRHIN,FRAEG,10:20,FRAVG
5231,2023-08-15,AVIGNON TGV,NON,5516,14:30,EST,BELFORT-MONTBELIARD TGV,JCRHONRHIN,FRTJA,10:20,FRAVG
5232,2023-08-15,MACON VILLE,NON,5516,15:54,EST,STRASBOURG,JCRHONRHIN,FRAEG,12:12,FRHGU
5233,2023-08-15,CANNES,NON,5516,09:33,EST,MARSEILLE ST CHARLES,JCRHONRHIN,FRMSC,07:30,FRJCA
5234,2023-08-15,CANNES,OUI,5516,08:46,EST,TOULON,JCRHONRHIN,FRTLN,07:30,FRJCA
5235,2023-08-15,LYON (intramuros),NON,5516,17:04,EST,NANCY,JCRHONRHIN,FRENC,11:32,FRLPD
5236,2023-08-15,MARSEILLE ST CHARLES,NON,5516,15:54,EST,STRASBOURG,JCRHONRHIN,FRAEG,09:45,FRMSC
5237,2023-08-15,NICE VILLE,NON,5516,12:09,EST,MACON VILLE,JCRHONRHIN,FRHGU,07:00,FRNIC
5238,2023-08-15,BELFORT-MONTBELIARD TGV,NON,5516,15:24,EST,COLMAR,JCRHONRHIN,FRAEJ,14:33,FRTJA
5239,2023-08-15,BESANCON - F COMTE TGV,NON,5516,15:24,EST,COLMAR,JCRHONRHIN,FRAEJ,14:09,FRTJB
5240,2023-08-15,BESANCON - F COMTE TGV,NON,5516,14:55,EST,MULHOUSE VILLE,JCRHONRHIN,FRAEK,14:09,FRTJB
5241,2023-08-15,TOULON,NON,5516,13:25,EST,DIJON VILLE,JCRHONRHIN,FRABA,08:50,FRTLN
5242,2023-08-15,TOULON,NON,5516,15:24,EST,COLMAR,JCRHONRHIN,FRAEJ,08:50,FRTLN
5243,2023-08-15,TOULON,NON,5516,14:55,EST,MULHOUSE VILLE,JCRHONRHIN,FRAEK,08:50,FRTLN
5244,2023-08-15,TOULON,NON,5516,09:55,EST,AIX EN PROVENCE TGV,JCRHONRHIN,FRAIE,08:50,FRTLN
5245,2023-08-15,TOULON,NON,5516,13:03,EST,BEAUNE,JCRHONRHIN,FRXBV,08:50,FRTLN
5246,2023-08-15,ANTIBES,OUI,5516,08:46,EST,TOULON,JCRHONRHIN,FRTLN,07:16,FRXAT
5247,2023-08-15,CHALON SUR SAONE,NON,5516,14:55,EST,MULHOUSE VILLE,JCRHONRHIN,FRAEK,12:44,FRXCD
5248,2023-08-15,CHALON SUR SAONE,NON,5516,14:06,EST,BESANCON - F COMTE TGV,JCRHONRHIN,FRTJB,12:44,FRXCD
5249,2023-08-15,CHALON SUR SAONE,NON,5516,13:03,EST,BEAUNE,JCRHONRHIN,FRXBV,12:44,FRXCD
5250,2023-08-15,LES ARCS DRAGUIGNAN,NON,5516,17:04,EST,NANCY,JCRHONRHIN,FRENC,08:12,FRXRS
5251,2023-08-15,ST RAPHAEL VALESCURE,NON,5516,15:24,EST,COLMAR,JCRHONRHIN,FRAEJ,07:55,FRXSK
5252,2023-08-15,ST RAPHAEL VALESCURE,NON,5516,10:17,EST,AVIGNON TGV,JCRHONRHIN,FRAVG,07:55,FRXSK
5253,2023-08-15,ST RAPHAEL VALESCURE,NON,5516,09:33,EST,MARSEILLE ST CHARLES,JCRHONRHIN,FRMSC,07:55,FRXSK
5254,2023-08-15,NICE VILLE,NON,5516,14:30,EST,BELFORT-MONTBELIARD TGV,JCRHONRHIN,FRTJA,07:00,FRNIC
5255,2023-08-15,CANNES,NON,5516,14:06,EST,BESANCON - F COMTE TGV,JCRHONRHIN,FRTJB,07:30,FRJCA
5256,2023-08-15,BELFORT-MONTBELIARD TGV,NON,5516,17:04,EST,NANCY,JCRHONRHIN,FRENC,14:33,FRTJA
5257,2023-08-15,TOULON,NON,5516,14:06,EST,BESANCON - F COMTE TGV,JCRHONRHIN,FRTJB,08:50,FRTLN
5258,2023-08-15,BEAUNE,NON,5516,14:30,EST,BELFORT-MONTBELIARD TGV,JCRHONRHIN,FRTJA,13:06,FRXBV
5259,2023-08-15,PARIS (intramuros),NON,7295,23:05,NORD,LILLE (intramuros),PAARRAS,FRLLE,21:52,FRPNO
5260,2023-08-15,MACON LOCHE TGV,NON,6984,22:17,SUD EST,PARIS (intramuros),ALPESPARIS,FRPLY,20:46,FRMLT
5261,2023-08-15,AIX LES BAINS LE REVARD,OUI,6984,19:09,SUD EST,CHAMBERY CHALLES LES EAUX,ALPESPARIS,FRCMF,18:59,FRXAI
5262,2023-08-15,AIX LES BAINS LE REVARD,NON,6984,20:43,SUD EST,MACON LOCHE TGV,ALPESPARIS,FRMLT,18:59,FRXAI
5263,2023-08-15,AIX LES BAINS LE REVARD,NON,6984,22:17,SUD EST,PARIS (intramuros),ALPESPARIS,FRPLY,18:59,FRXAI
5264,2023-08-15,ANGERS ST LAUD,OUI,5224,14:44,NORD,NANTES,JCNORDBRET,FRNTE,14:05,FRACL
5265,2023-08-15,LILLE (intramuros),NON,5224,12:04,NORD,MASSY TGV,JCNORDBRET,FRDJU,09:32,FRADJ
5266,2023-08-15,LILLE (intramuros),OUI,5224,09:58,NORD,DOUAI,JCNORDBRET,FRXDN,09:32,FRADJ
5267,2023-08-15,MARNE LA VALLEE CHESSY,NON,5224,14:02,NORD,ANGERS ST LAUD,JCNORDBRET,FRACL,11:32,FRMLV
5268,2023-08-15,AEROPORT CDG2 TGV ROISSY,NON,5224,11:28,NORD,MARNE LA VALLEE CHESSY,JCNORDBRET,FRMLV,11:19,FRMLW
5269,2023-08-15,AEROPORT CDG2 TGV ROISSY,NON,5224,14:44,NORD,NANTES,JCNORDBRET,FRNTE,11:19,FRMLW
5270,2023-08-15,ARRAS,NON,5224,12:04,NORD,MASSY TGV,JCNORDBRET,FRDJU,10:19,FRQRV
5271,2023-08-15,ARRAS,OUI,5224,11:13,NORD,AEROPORT CDG2 TGV ROISSY,JCNORDBRET,FRMLW,10:19,FRQRV
5272,2023-08-15,TGV HAUTE PICARDIE,NON,5224,14:02,NORD,ANGERS ST LAUD,JCNORDBRET,FRACL,10:45,FRTHP
5273,2023-08-15,TGV HAUTE PICARDIE,NON,5224,12:04,NORD,MASSY TGV,JCNORDBRET,FRDJU,10:45,FRTHP
5274,2023-08-15,TGV HAUTE PICARDIE,NON,5224,11:28,NORD,MARNE LA VALLEE CHESSY,JCNORDBRET,FRMLV,10:45,FRTHP
5275,2023-08-15,DOUAI,NON,5224,11:28,NORD,MARNE LA VALLEE CHESSY,JCNORDBRET,FRMLV,10:01,FRXDN
5276,2023-08-15,STRASBOURG,OUI,5486,10:34,EST,MASSY TGV,JCESTATL,FRDJU,07:31,FRAEG
5277,2023-08-15,STRASBOURG,OUI,5486,09:28,EST,AEROPORT CDG2 TGV ROISSY,JCESTATL,FRMLW,07:31,FRAEG
5278,2023-08-15,CHAMPAGNE-ARDENNE,OUI,5486,09:28,EST,AEROPORT CDG2 TGV ROISSY,JCESTATL,FRMLW,08:58,FREAH
5279,2023-08-15,LORRAINE TGV,OUI,5486,09:55,EST,MARNE LA VALLEE CHESSY,JCESTATL,FRMLV,08:09,FREAM
5280,2023-08-15,LORRAINE TGV,OUI,5486,13:19,EST,NANTES,JCESTATL,FRNTE,08:09,FREAM
5281,2023-08-15,RENNES,OUI,8074,16:55,ATLANTIQUE,VITRE,BRETAPARIS,FRXVT,16:31,FRRNS
5282,2023-08-15,VITRE,NON,8074,17:46,ATLANTIQUE,LE MANS,BRETAPARIS,FRAET,16:58,FRXVT
5283,2023-08-15,DOL DE BRETAGNE,OUI,8083,12:17,ATLANTIQUE,ST MALO,PARISBRETA,FRXSB,12:04,FRDOL
5284,2023-08-15,PARIS (intramuros),OUI,8083,11:25,ATLANTIQUE,RENNES,PARISBRETA,FRRNS,09:54,FRPMO
5285,2023-08-15,RENNES,OUI,8083,12:17,ATLANTIQUE,ST MALO,PARISBRETA,FRXSB,11:30,FRRNS
5286,2023-08-15,AVIGNON CENTRE,OUI,6195,21:40,SUD EST,MIRAMAS,PAVDR,FRMAZ,21:00,FRAES
5287,2023-08-15,LYON-SAINT EXUPERY TGV,OUI,6195,21:18,SUD EST,ARLES,PAVDR,FRHZA,19:13,FRJDQ
5288,2023-08-15,PARIS (intramuros),OUI,6195,20:57,SUD EST,AVIGNON CENTRE,PAVDR,FRAES,17:13,FRPLY
5289,2023-08-15,PARIS (intramuros),OUI,6195,19:01,SUD EST,LYON-SAINT EXUPERY TGV,PAVDR,FRJDQ,17:13,FRPLY
5290,2023-08-15,PARIS (intramuros),OUI,6195,20:10,SUD EST,MONTELIMAR GARE SNCF,PAVDR,FRXMK,17:13,FRPLY
5291,2023-08-15,VALENCE VILLE,OUI,6195,20:10,SUD EST,MONTELIMAR GARE SNCF,PAVDR,FRXMK,19:49,FRVAF
5292,2023-08-15,VALENCE VILLE,OUI,6195,20:38,SUD EST,ORANGE,PAVDR,FRXOG,19:49,FRVAF
5293,2023-08-15,BREST,NON,8652,00:08,ATLANTIQUE,PARIS (intramuros),BRETAPARIS,FRPMO,20:19,FRBES
5294,2023-08-15,GUINGAMP,OUI,8652,21:48,ATLANTIQUE,LAMBALLE,BRETAPARIS,FRLAM,21:21,FRGGP
5295,2023-08-15,GUINGAMP,OUI,8652,21:35,ATLANTIQUE,ST BRIEUC,BRETAPARIS,FRSBK,21:21,FRGGP
5296,2023-08-15,ST BRIEUC,OUI,8652,21:48,ATLANTIQUE,LAMBALLE,BRETAPARIS,FRLAM,21:38,FRSBK
5297,2023-08-15,ST BRIEUC,NON,8652,00:08,ATLANTIQUE,PARIS (intramuros),BRETAPARIS,FRPMO,21:38,FRSBK
5298,2023-08-15,ST BRIEUC,NON,8652,22:29,ATLANTIQUE,RENNES,BRETAPARIS,FRRNS,21:38,FRSBK
5299,2023-08-15,THIONVILLE,OUI,2860,10:20,EST,PARIS (intramuros),LUXMETZPA,FRPST,08:23,FRXTH
5300,2023-08-15,LUXEMBOURG,OUI,2860,10:20,EST,PARIS (intramuros),LUXMETZPA,FRPST,07:59,LULUX
5301,2023-08-15,BRUXELLES MIDI BRUSSEL ZUID,NON,9830,15:09,NORD,MARNE LA VALLEE CHESSY,JCNORDSUD,FRMLV,13:17,BEBMI
5302,2023-08-15,AIX EN PROVENCE TGV,OUI,9830,18:56,NORD,MARSEILLE ST CHARLES,JCNORDSUD,FRMSC,18:40,FRAIE
5303,2023-08-15,AVIGNON TGV,OUI,9830,18:37,NORD,AIX EN PROVENCE TGV,JCNORDSUD,FRAIE,18:16,FRAVG
5304,2023-08-15,MARNE LA VALLEE CHESSY,NON,9830,18:56,NORD,MARSEILLE ST CHARLES,JCNORDSUD,FRMSC,15:15,FRMLV
5305,2023-08-15,AEROPORT CDG2 TGV ROISSY,NON,9830,18:37,NORD,AIX EN PROVENCE TGV,JCNORDSUD,FRAIE,14:59,FRMLW
5306,2023-08-15,ST PIERRE DES CORPS,OUI,8432,10:01,ATLANTIQUE,PARIS (intramuros),SUDOUESTPA,FRPMO,08:54,FRXSH
5307,2023-08-15,DIJON VILLE,OUI,6743,16:58,SUD EST,DOLE VILLE,PABOUR,FRACE,16:35,FRABA
5308,2023-08-15,PARIS (intramuros),NON,6743,15:54,SUD EST,MONTBARD,PABOUR,FRGWE,14:52,FRPLY
5309,2023-08-15,KARLSRUHE HBF,NON,9583,15:59,INTERNATIONAL,FRANKFURT MAIN HBF,MRSFRANC,DEFRH,14:54,DEQKA
5310,2023-08-15,BADEN BADEN,NON,9583,14:46,INTERNATIONAL,KARLSRUHE HBF,MRSFRANC,DEQKA,14:25,DEZCC
5311,2023-08-15,STRASBOURG,NON,9583,15:18,INTERNATIONAL,MANNHEIM HBF,MRSFRANC,DEMHG,13:55,FRAEG
5312,2023-08-15,MULHOUSE VILLE,NON,9583,14:46,INTERNATIONAL,KARLSRUHE HBF,MRSFRANC,DEQKA,12:54,FRAEK
5313,2023-08-15,MULHOUSE VILLE,NON,9583,13:43,INTERNATIONAL,STRASBOURG,MRSFRANC,FRAEG,12:54,FRAEK
5314,2023-08-15,AIX EN PROVENCE TGV,NON,9583,13:43,INTERNATIONAL,STRASBOURG,MRSFRANC,FRAEG,08:25,FRAIE
5315,2023-08-15,AIX EN PROVENCE TGV,NON,9583,12:24,INTERNATIONAL,BELFORT-MONTBELIARD TGV,MRSFRANC,FRTJA,08:25,FRAIE
5316,2023-08-15,AVIGNON TGV,NON,9583,13:43,INTERNATIONAL,STRASBOURG,MRSFRANC,FRAEG,08:47,FRAVG
5317,2023-08-15,LYON (intramuros),NON,9583,15:59,INTERNATIONAL,FRANKFURT MAIN HBF,MRSFRANC,DEFRH,10:04,FRLPD
5318,2023-08-15,LYON (intramuros),NON,9583,14:46,INTERNATIONAL,KARLSRUHE HBF,MRSFRANC,DEQKA,10:04,FRLPD
5319,2023-08-15,LYON (intramuros),NON,9583,12:51,INTERNATIONAL,MULHOUSE VILLE,MRSFRANC,FRAEK,10:04,FRLPD
5320,2023-08-15,LYON (intramuros),NON,9583,12:00,INTERNATIONAL,BESANCON - F COMTE TGV,MRSFRANC,FRTJB,10:04,FRLPD
5321,2023-08-15,MARSEILLE ST CHARLES,NON,9583,15:59,INTERNATIONAL,FRANKFURT MAIN HBF,MRSFRANC,DEFRH,08:11,FRMSC
5322,2023-08-15,MARSEILLE ST CHARLES,NON,9583,13:43,INTERNATIONAL,STRASBOURG,MRSFRANC,FRAEG,08:11,FRMSC
5323,2023-08-15,MARSEILLE ST CHARLES,NON,9583,12:51,INTERNATIONAL,MULHOUSE VILLE,MRSFRANC,FRAEK,08:11,FRMSC
5324,2023-08-15,MARSEILLE ST CHARLES,NON,9583,08:22,INTERNATIONAL,AIX EN PROVENCE TGV,MRSFRANC,FRAIE,08:11,FRMSC
5325,2023-08-15,BELFORT-MONTBELIARD TGV,NON,9583,15:59,INTERNATIONAL,FRANKFURT MAIN HBF,MRSFRANC,DEFRH,12:27,FRTJA
5326,2023-08-15,BELFORT-MONTBELIARD TGV,NON,9583,13:43,INTERNATIONAL,STRASBOURG,MRSFRANC,FRAEG,12:27,FRTJA
5327,2023-08-15,BESANCON - F COMTE TGV,NON,9583,15:59,INTERNATIONAL,FRANKFURT MAIN HBF,MRSFRANC,DEFRH,12:03,FRTJB
5328,2023-08-15,BESANCON - F COMTE TGV,NON,9583,13:43,INTERNATIONAL,STRASBOURG,MRSFRANC,FRAEG,12:03,FRTJB
5329,2023-08-15,BESANCON - F COMTE TGV,NON,9583,12:24,INTERNATIONAL,BELFORT-MONTBELIARD TGV,MRSFRANC,FRTJA,12:03,FRTJB
5330,2023-08-15,CHALON SUR SAONE,NON,9583,15:59,INTERNATIONAL,FRANKFURT MAIN HBF,MRSFRANC,DEFRH,11:06,FRXCD
5331,2023-08-15,CHALON SUR SAONE,NON,9583,12:51,INTERNATIONAL,MULHOUSE VILLE,MRSFRANC,FRAEK,11:06,FRXCD
5332,2023-08-15,LILLE (intramuros),OUI,5010,11:52,NORD,AVIGNON TGV,JCNORDSUD,FRAVG,07:24,FRLLE
5333,2023-08-15,LILLE (intramuros),OUI,5010,12:24,NORD,MARSEILLE ST CHARLES,JCNORDSUD,FRMSC,07:24,FRLLE
5334,2023-08-15,MARNE LA VALLEE CHESSY,OUI,5010,10:29,NORD,LYON (intramuros),JCNORDSUD,FRLPD,08:43,FRMLV
5335,2023-08-15,AEROPORT CDG2 TGV ROISSY,OUI,5010,08:38,NORD,MARNE LA VALLEE CHESSY,JCNORDSUD,FRMLV,08:29,FRMLW
5336,2023-08-15,AEROPORT CDG2 TGV ROISSY,OUI,5010,11:15,NORD,VALENCE TGV RHONE-ALPES SUD,JCNORDSUD,FRVLA,08:29,FRMLW
5337,2023-08-15,TGV HAUTE PICARDIE,OUI,5010,08:23,NORD,AEROPORT CDG2 TGV ROISSY,JCNORDSUD,FRMLW,07:54,FRTHP
5338,2023-08-15,VALENCE TGV RHONE-ALPES SUD,OUI,5010,11:52,NORD,AVIGNON TGV,JCNORDSUD,FRAVG,11:20,FRVLA
5339,2023-08-15,LA ROCHE SUR YON,NON,8984,19:14,ATLANTIQUE,PARIS (intramuros),LOIREPARIS,FRPMO,16:10,FRXRO
5340,2023-08-15,LYON (intramuros),OUI,5336,17:15,SUD EST,VALENCE TGV RHONE-ALPES SUD,JCATLSUD,FRVLA,16:37,FRLPD
5341,2023-08-15,RENNES,NON,5336,14:20,SUD EST,MASSY TGV,JCATLSUD,FRDJU,12:30,FRRNS
5342,2023-08-15,MASSY TGV,NON,5336,17:54,SUD EST,NIMES PONT DU GARD,JCATLSUD,FRXZP,14:26,FRDJU
5343,2023-08-15,RENNES,NON,5336,17:54,SUD EST,NIMES PONT DU GARD,JCATLSUD,FRXZP,12:30,FRRNS
5344,2023-08-15,LYON (intramuros),OUI,6610,11:00,SUD EST,PARIS (intramuros),RHONEPARIS,FRPLY,09:04,FRLPD
5345,2023-08-15,AVIGNON TGV,NON,6805,12:26,SUD EST,CANNES,JCPROVSUD,FRJCA,09:29,FRAVG
5346,2023-08-15,AVIGNON TGV,NON,6805,12:58,SUD EST,NICE VILLE,JCPROVSUD,FRNIC,09:29,FRAVG
5347,2023-08-15,CANNES,OUI,6805,12:39,SUD EST,ANTIBES,JCPROVSUD,FRXAT,12:31,FRJCA
5348,2023-08-15,LYON (intramuros),NON,6805,09:48,SUD EST,AIX EN PROVENCE TGV,JCPROVSUD,FRAIE,08:06,FRLPD
5349,2023-08-15,LYON (intramuros),NON,6805,12:26,SUD EST,CANNES,JCPROVSUD,FRJCA,08:06,FRLPD
5350,2023-08-15,LYON (intramuros),NON,6805,11:06,SUD EST,TOULON,JCPROVSUD,FRTLN,08:06,FRLPD
5351,2023-08-15,LYON (intramuros),NON,6805,12:02,SUD EST,ST RAPHAEL VALESCURE,JCPROVSUD,FRXSK,08:06,FRLPD
5352,2023-08-15,MARSEILLE ST CHARLES,NON,6805,12:39,SUD EST,ANTIBES,JCPROVSUD,FRXAT,10:20,FRMSC
5353,2023-08-15,ST RAPHAEL VALESCURE,OUI,6805,12:58,SUD EST,NICE VILLE,JCPROVSUD,FRNIC,12:05,FRXSK
5354,2023-08-15,BEZIERS,OUI,4752,10:26,IC ARO,AGEN,TJOURSESO,FRAGF,07:46,FRBZR
5355,2023-08-15,NIMES,OUI,4752,10:26,IC ARO,AGEN,TJOURSESO,FRAGF,06:38,FRFNI
5356,2023-08-15,NIMES,OUI,4752,07:02,IC ARO,MONTPELLIER SAINT-ROCH,TJOURSESO,FRMPL,06:38,FRFNI
5357,2023-08-15,NIMES,OUI,4752,09:49,IC ARO,MONTAUBAN VILLE BOURBON,TJOURSESO,FRXMW,06:38,FRFNI
5358,2023-08-15,NARBONNE,OUI,4752,10:26,IC ARO,AGEN,TJOURSESO,FRAGF,08:02,FRXNA
5359,2023-08-15,AGEN,OUI,12213,23:31,ATLANTIQUE,TOULOUSE MATABIAU,PASUDOUEST,FRXYT,22:25,FRAGF
5360,2023-08-15,PARIS (intramuros),OUI,12213,22:22,ATLANTIQUE,AGEN,PASUDOUEST,FRAGF,19:08,FRPMO
5361,2023-08-15,EVIAN LES BAINS,OUI,6506,17:15,SUD EST,ANNEMASSE,ALPESPARIS,FRQNJ,15:59,FRXEB
5362,2023-08-15,EVIAN LES BAINS,OUI,6506,16:07,SUD EST,THONON LES BAINS,ALPESPARIS,FRXTS,15:59,FRXEB
5363,2023-08-15,THONON LES BAINS,OUI,6506,18:02,SUD EST,BELLEGARDE,ALPESPARIS,FRXBF,16:12,FRXTS
5364,2023-08-15,ANGERS ST LAUD,NON,8972,13:25,ATLANTIQUE,PARIS (intramuros),LOIREPARIS,FRPMO,11:45,FRACL
5365,2023-08-15,LE MANS,NON,8972,13:25,ATLANTIQUE,PARIS (intramuros),LOIREPARIS,FRPMO,12:26,FRAET
5366,2023-08-15,NANTES,NON,8972,11:42,ATLANTIQUE,ANGERS ST LAUD,LOIREPARIS,FRACL,11:05,FRNTE
5367,2023-08-15,LA ROCHE SUR YON,NON,8972,11:42,ATLANTIQUE,ANGERS ST LAUD,LOIREPARIS,FRACL,10:10,FRXRO
5368,2023-08-15,LAVAL,OUI,8641,21:53,ATLANTIQUE,PLOUARET TREGOR,PARISBRETA,FRPLT,19:58,FRACR
5369,2023-08-15,LAVAL,OUI,8641,22:36,ATLANTIQUE,LANDERNEAU,PARISBRETA,FRXLD,19:58,FRACR
5370,2023-08-15,LAMBALLE,OUI,8641,21:38,ATLANTIQUE,GUINGAMP,PARISBRETA,FRGGP,21:11,FRLAM
5371,2023-08-15,LAMBALLE,OUI,8641,22:36,ATLANTIQUE,LANDERNEAU,PARISBRETA,FRXLD,21:11,FRLAM
5372,2023-08-15,PLOUARET TREGOR,OUI,8641,22:11,ATLANTIQUE,MORLAIX,PARISBRETA,FRMXN,21:55,FRPLT
5373,2023-08-15,RENNES,OUI,8641,22:11,ATLANTIQUE,MORLAIX,PARISBRETA,FRMXN,20:32,FRRNS
5374,2023-08-15,RENNES,OUI,8641,21:21,ATLANTIQUE,ST BRIEUC,PARISBRETA,FRSBK,20:32,FRRNS
5375,2023-08-15,ST BRIEUC,OUI,8641,21:38,ATLANTIQUE,GUINGAMP,PARISBRETA,FRGGP,21:24,FRSBK
5376,2023-08-15,CHAMPAGNE-ARDENNE,NON,2571,14:48,EST,EPINAL,PANANCY,FREPL,13:06,FREAH
5377,2023-08-15,BRUXELLES MIDI BRUSSEL ZUID,OUI,9810,07:12,NORD,LILLE (intramuros),JCNORDSUD,FRLLE,06:35,BEBMI
5378,2023-08-15,BRUXELLES MIDI BRUSSEL ZUID,NON,9810,12:24,NORD,MARSEILLE ST CHARLES,JCNORDSUD,FRMSC,06:35,BEBMI
5379,2023-08-15,LILLE (intramuros),OUI,9810,11:15,NORD,VALENCE TGV RHONE-ALPES SUD,JCNORDSUD,FRVLA,07:24,FRLLE
5380,2023-08-15,LYON (intramuros),NON,9810,12:24,NORD,MARSEILLE ST CHARLES,JCNORDSUD,FRMSC,10:35,FRLPD
5381,2023-08-15,LYON (intramuros),OUI,9810,11:15,NORD,VALENCE TGV RHONE-ALPES SUD,JCNORDSUD,FRVLA,10:35,FRLPD
5382,2023-08-15,AEROPORT CDG2 TGV ROISSY,OUI,9810,11:15,NORD,VALENCE TGV RHONE-ALPES SUD,JCNORDSUD,FRVLA,08:29,FRMLW
5383,2023-08-15,TGV HAUTE PICARDIE,NON,9810,11:52,NORD,AVIGNON TGV,JCNORDSUD,FRAVG,07:54,FRTHP
5384,2023-08-15,UZERCHE,NON,3638,12:00,IC ARO,VIERZON VILLE,TOULOUZECO,FRXVZ,09:37,FRAAW
5385,2023-08-15,BRIVE LA GAILLARDE,OUI,3638,10:13,IC ARO,LIMOGES BENEDICTINS,TOULOUZECO,FRAGQ,09:11,FRBVE
5386,2023-08-15,CHATEAUROUX,NON,3638,12:00,IC ARO,VIERZON VILLE,TOULOUZECO,FRXVZ,11:25,FRCHR
5387,2023-08-15,GOURDON,OUI,3638,08:42,IC ARO,SOUILLAC,TOULOUZECO,FRSOU,08:27,FRFSI
5388,2023-08-15,GOURDON,NON,3638,12:00,IC ARO,VIERZON VILLE,TOULOUZECO,FRXVZ,08:27,FRFSI
5389,2023-08-15,LA SOUTERRAINE,NON,3638,11:23,IC ARO,CHATEAUROUX,TOULOUZECO,FRCHR,10:47,FRLST
5390,2023-08-15,SOUILLAC,NON,3638,12:00,IC ARO,VIERZON VILLE,TOULOUZECO,FRXVZ,08:44,FRSOU
5391,2023-08-15,VIERZON VILLE,NON,3638,13:31,IC ARO,PARIS (intramuros),TOULOUZECO,FRPAZ,12:02,FRXVZ
5392,2023-08-15,CAHORS,OUI,3638,09:08,IC ARO,BRIVE LA GAILLARDE,TOULOUZECO,FRBVE,08:00,FRZAO
5393,2023-08-15,CAHORS,OUI,3638,10:45,IC ARO,LA SOUTERRAINE,TOULOUZECO,FRLST,08:00,FRZAO
5394,2023-08-15,POITIERS,OUI,8346,20:16,ATLANTIQUE,ST PIERRE DES CORPS,ROCHELLEPA,FRXSH,19:22,FRPIS
5395,2023-08-15,FUTUROSCOPE,OUI,8346,19:44,ATLANTIQUE,CHATELLERAULT,ROCHELLEPA,FRXCX,19:33,FRTGO
5396,2023-08-15,FUTUROSCOPE,OUI,8346,20:16,ATLANTIQUE,ST PIERRE DES CORPS,ROCHELLEPA,FRXSH,19:33,FRTGO
5397,2023-08-15,CHATELLERAULT,OUI,8346,20:16,ATLANTIQUE,ST PIERRE DES CORPS,ROCHELLEPA,FRXSH,19:47,FRXCX
5398,2023-08-15,DIJON VILLE,NON,9879,16:18,EST,MACON VILLE,JCRHINRHON,FRHGU,15:21,FRABA
5399,2023-08-15,METZ VILLE,NON,9879,13:54,EST,MULHOUSE VILLE,JCRHINRHON,FRAEK,12:12,FRADE
5400,2023-08-15,METZ VILLE,NON,9879,16:18,EST,MACON VILLE,JCRHINRHON,FRHGU,12:12,FRADE
5401,2023-08-15,STRASBOURG,NON,9879,16:18,EST,MACON VILLE,JCRHINRHON,FRHGU,13:06,FRAEG
5402,2023-08-15,STRASBOURG,NON,9879,14:18,EST,BELFORT-MONTBELIARD TGV,JCRHINRHON,FRTJA,13:06,FRAEG
5403,2023-08-15,MULHOUSE VILLE,NON,9879,16:18,EST,MACON VILLE,JCRHINRHON,FRHGU,13:57,FRAEK
5404,2023-08-15,MULHOUSE VILLE,NON,9879,16:56,EST,LYON (intramuros),JCRHINRHON,FRLPD,13:57,FRAEK
5405,2023-08-15,MULHOUSE VILLE,NON,9879,14:18,EST,BELFORT-MONTBELIARD TGV,JCRHINRHON,FRTJA,13:57,FRAEK
5406,2023-08-15,MULHOUSE VILLE,NON,9879,14:41,EST,BESANCON - F COMTE TGV,JCRHINRHON,FRTJB,13:57,FRAEK
5407,2023-08-15,MULHOUSE VILLE,NON,9879,17:50,EST,VALENCE TGV RHONE-ALPES SUD,JCRHINRHON,FRVLA,13:57,FRAEK
5408,2023-08-15,MACON VILLE,NON,9879,16:56,EST,LYON (intramuros),JCRHINRHON,FRLPD,16:21,FRHGU
5409,2023-08-15,BELFORT-MONTBELIARD TGV,NON,9879,14:41,EST,BESANCON - F COMTE TGV,JCRHINRHON,FRTJB,14:21,FRTJA
5410,2023-08-15,THIONVILLE,NON,9879,16:56,EST,LYON (intramuros),JCRHINRHON,FRLPD,11:48,FRXTH
5411,2023-08-15,LUXEMBOURG,NON,9879,13:54,EST,MULHOUSE VILLE,JCRHINRHON,FRAEK,11:24,LULUX
5412,2023-08-15,LUXEMBOURG,NON,9879,16:18,EST,MACON VILLE,JCRHINRHON,FRHGU,11:24,LULUX
5413,2023-08-15,LUXEMBOURG,OUI,9879,11:45,EST,THIONVILLE,JCRHINRHON,FRXTH,11:24,LULUX
5414,2023-08-15,VALENCE TGV RHONE-ALPES SUD,NON,9879,18:53,EST,MONTPELLIER SUD DE FRANCE,JCRHINRHON,FRSUF,17:55,FRVLA
5415,2023-08-15,LYON (intramuros),NON,9879,18:31,EST,NIMES PONT DU GARD,JCRHINRHON,FRXZP,17:10,FRLPD
5416,2023-08-15,VALENCE TGV RHONE-ALPES SUD,NON,9879,18:31,EST,NIMES PONT DU GARD,JCRHINRHON,FRXZP,17:55,FRVLA
5417,2023-08-15,STRASBOURG,NON,9879,18:31,EST,NIMES PONT DU GARD,JCRHINRHON,FRXZP,13:06,FRAEG
5418,2023-08-15,NIMES PONT DU GARD,OUI,9879,18:53,EST,MONTPELLIER SUD DE FRANCE,JCRHINRHON,FRSUF,18:34,FRXZP
5419,2023-08-15,AGDE,NON,9715,19:03,SUD EST,BEZIERS,PABARCELONE,FRBZR,18:51,FRXAG
5420,2023-08-15,AGDE,NON,9715,19:20,SUD EST,NARBONNE,PABARCELONE,FRXNA,18:51,FRXAG
5421,2023-08-15,SETE,NON,9715,19:03,SUD EST,BEZIERS,PABARCELONE,FRBZR,18:34,FRXSY
5422,2023-08-15,PARIS (intramuros),NON,9715,21:25,SUD EST,BARCELONA SANTS,PABARCELONE,ESBST,14:56,FRPLY
5423,2023-08-15,NIMES PONT DU GARD,NON,9715,18:48,SUD EST,AGDE,PABARCELONE,FRXAG,17:49,FRXZP
5424,2023-08-15,NIMES PONT DU GARD,NON,9715,18:31,SUD EST,SETE,PABARCELONE,FRXSY,17:49,FRXZP
5425,2023-08-15,PARIS (intramuros),NON,9715,20:44,SUD EST,GIRONA,PABARCELONE,ESGRO,14:56,FRPLY
5426,2023-08-15,VALENCE TGV RHONE-ALPES SUD,NON,9715,21:25,SUD EST,BARCELONA SANTS,PABARCELONE,ESBST,17:09,FRVLA
5427,2023-08-15,VALENCE TGV RHONE-ALPES SUD,NON,9715,20:44,SUD EST,GIRONA,PABARCELONE,ESGRO,17:09,FRVLA
5428,2023-08-15,VALENCE TGV RHONE-ALPES SUD,NON,9715,20:27,SUD EST,FIGUERES VILA TGV,PABARCELONE,ESFIR,17:09,FRVLA
5429,2023-08-15,BEZIERS,NON,9715,20:27,SUD EST,FIGUERES VILA TGV,PABARCELONE,ESFIR,19:06,FRBZR
5430,2023-08-15,NIMES PONT DU GARD,NON,9715,20:27,SUD EST,FIGUERES VILA TGV,PABARCELONE,ESFIR,17:49,FRXZP
5431,2023-08-15,AGDE,NON,9715,20:27,SUD EST,FIGUERES VILA TGV,PABARCELONE,ESFIR,18:51,FRXAG
5432,2023-08-15,BORDEAUX ST JEAN,NON,8472,19:10,ATLANTIQUE,MASSY TGV,SUDOUESTPA,FRDJU,17:08,FRBOJ
5433,2023-08-15,ARCACHON,NON,8472,17:02,ATLANTIQUE,BORDEAUX ST JEAN,SUDOUESTPA,FRBOJ,16:23,FRXAC
5434,2023-08-15,FACTURE BIGANOS,NON,8472,19:10,ATLANTIQUE,MASSY TGV,SUDOUESTPA,FRDJU,16:41,FRFAC
5435,2023-08-15,LORIENT,OUI,8715,14:34,ATLANTIQUE,QUIMPER,PARISBRETA,FRUIP,14:00,FRLRT
5436,2023-08-15,PARIS (intramuros),NON,8715,12:25,ATLANTIQUE,RENNES,PARISBRETA,FRRNS,10:53,FRPMO
5437,2023-08-15,PARIS (intramuros),NON,8715,13:25,ATLANTIQUE,VANNES,PARISBRETA,FRVNE,10:53,FRPMO
5438,2023-08-15,PARIS (intramuros),NON,8715,13:38,ATLANTIQUE,AURAY,PARISBRETA,FRXUY,10:53,FRPMO
5439,2023-08-15,RENNES,NON,8715,14:34,ATLANTIQUE,QUIMPER,PARISBRETA,FRUIP,12:29,FRRNS
5440,2023-08-15,VANNES,OUI,8715,13:38,ATLANTIQUE,AURAY,PARISBRETA,FRXUY,13:28,FRVNE
5441,2023-08-15,MASSY TGV,NON,5354,14:50,SUD EST,NANTES,JCSUDATL,FRNTE,12:39,FRDJU
5442,2023-08-15,LYON (intramuros),NON,5354,14:50,SUD EST,NANTES,JCSUDATL,FRNTE,10:30,FRLPD
5443,2023-08-15,MACON LOCHE TGV,OUI,6951,21:35,SUD EST,CHAMBERY CHALLES LES EAUX,PARISALPES,FRCMF,20:19,FRMLT
5444,2023-08-15,BRUXELLES MIDI BRUSSEL ZUID,NON,9836,21:37,NORD,NIMES,JCNORDSUD,FRFNI,16:17,BEBMI
5445,2023-08-15,LILLE (intramuros),NON,9836,21:37,NORD,NIMES,JCNORDSUD,FRFNI,17:03,FRLLE
5446,2023-08-15,LYON (intramuros),OUI,9836,21:37,NORD,NIMES,JCNORDSUD,FRFNI,20:10,FRLPD
5447,2023-08-15,MARNE LA VALLEE CHESSY,NON,9836,20:49,NORD,VALENCE TGV RHONE-ALPES SUD,JCNORDSUD,FRVLA,18:13,FRMLV
5448,2023-08-15,AEROPORT CDG2 TGV ROISSY,NON,9836,20:00,NORD,LYON (intramuros),JCNORDSUD,FRLPD,17:59,FRMLW
5449,2023-08-15,AVIGNON TGV,NON,5376,11:55,SUD EST,VERSAILLES CHANTIERS,JCSUDATL,FRDHT,08:05,FRAVG
5450,2023-08-15,AVIGNON TGV,NON,5376,09:20,SUD EST,LYON (intramuros),JCSUDATL,FRLPD,08:05,FRAVG
5451,2023-08-15,AVIGNON TGV,NON,5376,11:37,SUD EST,MASSY PALAISEAU,JCSUDATL,FRMPU,08:05,FRAVG
5452,2023-08-15,AVIGNON TGV,NON,5376,12:29,SUD EST,MANTES LA JOLIE,JCSUDATL,FRMTE,08:05,FRAVG
5453,2023-08-15,VERSAILLES CHANTIERS,OUI,5376,14:31,SUD EST,LE HAVRE,JCSUDATL,FRAEZ,11:58,FRDHT
5454,2023-08-15,LYON (intramuros),NON,5376,11:55,SUD EST,VERSAILLES CHANTIERS,JCSUDATL,FRDHT,09:30,FRLPD
5455,2023-08-15,LYON (intramuros),NON,5376,12:29,SUD EST,MANTES LA JOLIE,JCSUDATL,FRMTE,09:30,FRLPD
5456,2023-08-15,MASSY PALAISEAU,OUI,5376,12:29,SUD EST,MANTES LA JOLIE,JCSUDATL,FRMTE,11:40,FRMPU
5457,2023-08-15,ROUEN RIVE DROITE,OUI,5376,14:31,SUD EST,LE HAVRE,JCSUDATL,FRAEZ,13:27,FRURD
5458,2023-08-15,VALENCE TGV RHONE-ALPES SUD,NON,5376,09:20,SUD EST,LYON (intramuros),JCSUDATL,FRLPD,08:42,FRVLA
5459,2023-08-15,VALENCE TGV RHONE-ALPES SUD,NON,5376,13:22,SUD EST,ROUEN RIVE DROITE,JCSUDATL,FRURD,08:42,FRVLA
5460,2023-08-15,PARIS (intramuros),OUI,8881,18:58,ATLANTIQUE,NANTES,PARISLOIRE,FRNTE,16:36,FRPMO
5461,2023-08-15,NEVERS,NON,5983,21:55,IC ARO,VICHY,PACLERMONT,FRVHY,20:59,FRNVS
5462,2023-08-15,PARIS (intramuros),NON,5983,21:55,IC ARO,VICHY,PACLERMONT,FRVHY,18:57,FRPBE
5463,2023-08-15,PARIS (intramuros),NON,5983,21:28,IC ARO,MOULINS SUR ALLIER,PACLERMONT,FRXMU,18:57,FRPBE
5464,2023-08-15,MOULINS SUR ALLIER,OUI,5983,22:29,IC ARO,CLERMONT FERRAND,PACLERMONT,FRCFE,21:30,FRXMU
5465,2023-08-15,AIX EN PROVENCE TGV,NON,6850,19:20,SUD EST,LYON (intramuros),JCSUDPROV,FRLPD,17:47,FRAIE
5466,2023-08-15,AVIGNON TGV,NON,6850,19:20,SUD EST,LYON (intramuros),JCSUDPROV,FRLPD,18:09,FRAVG
5467,2023-08-15,CANNES,NON,6850,17:19,SUD EST,MARSEILLE ST CHARLES,JCSUDPROV,FRMSC,15:09,FRJCA
5468,2023-08-15,NICE VILLE,OUI,6850,15:05,SUD EST,CANNES,JCSUDPROV,FRJCA,14:40,FRNIC
5469,2023-08-15,NICE VILLE,OUI,6850,14:53,SUD EST,ANTIBES,JCSUDPROV,FRXAT,14:40,FRNIC
5470,2023-08-15,TOULON,NON,6850,17:44,SUD EST,AIX EN PROVENCE TGV,JCSUDPROV,FRAIE,16:23,FRTLN
5471,2023-08-15,TOULON,NON,6850,18:06,SUD EST,AVIGNON TGV,JCSUDPROV,FRAVG,16:23,FRTLN
5472,2023-08-15,TOULON,NON,6850,17:19,SUD EST,MARSEILLE ST CHARLES,JCSUDPROV,FRMSC,16:23,FRTLN
5473,2023-08-15,ANTIBES,NON,6850,18:06,SUD EST,AVIGNON TGV,JCSUDPROV,FRAVG,14:56,FRXAT
5474,2023-08-15,BREST,NON,8630,15:46,ATLANTIQUE,LAMBALLE,BRETAPARIS,FRLAM,14:11,FRBES
5475,2023-08-15,BREST,NON,8630,18:12,ATLANTIQUE,PARIS (intramuros),BRETAPARIS,FRPMO,14:11,FRBES
5476,2023-08-15,BREST,OUI,8630,15:32,ATLANTIQUE,ST BRIEUC,BRETAPARIS,FRSBK,14:11,FRBES
5477,2023-08-15,GUINGAMP,NON,8630,18:12,ATLANTIQUE,PARIS (intramuros),BRETAPARIS,FRPMO,15:18,FRGGP
5478,2023-08-15,LAMBALLE,NON,8630,18:12,ATLANTIQUE,PARIS (intramuros),BRETAPARIS,FRPMO,15:48,FRLAM
5479,2023-08-15,MORLAIX,OUI,8630,15:15,ATLANTIQUE,GUINGAMP,BRETAPARIS,FRGGP,14:44,FRMXN
5480,2023-08-15,MORLAIX,OUI,8630,14:59,ATLANTIQUE,PLOUARET TREGOR,BRETAPARIS,FRPLT,14:44,FRMXN
5481,2023-08-15,MORLAIX,OUI,8630,15:32,ATLANTIQUE,ST BRIEUC,BRETAPARIS,FRSBK,14:44,FRMXN
5482,2023-08-15,PLOUARET TREGOR,NON,8630,18:12,ATLANTIQUE,PARIS (intramuros),BRETAPARIS,FRPMO,15:02,FRPLT
5483,2023-08-15,PLOUARET TREGOR,OUI,8630,15:32,ATLANTIQUE,ST BRIEUC,BRETAPARIS,FRSBK,15:02,FRPLT
5484,2023-08-15,RENNES,NON,8630,18:12,ATLANTIQUE,PARIS (intramuros),BRETAPARIS,FRPMO,16:35,FRRNS
5485,2023-08-15,ST BRIEUC,NON,8630,18:12,ATLANTIQUE,PARIS (intramuros),BRETAPARIS,FRPMO,15:36,FRSBK
5486,2023-08-15,PARIS (intramuros),OUI,6905,09:01,SUD EST,LYON-SAINT EXUPERY TGV,PAGRENOBLE,FRJDQ,07:14,FRPLY
5487,2023-08-15,PARIS (intramuros),NON,2833,19:04,EST,METZ VILLE,PAMETZLUX,FRADE,17:40,FRPST
5488,2023-08-15,PARIS (intramuros),NON,2833,19:27,EST,THIONVILLE,PAMETZLUX,FRXTH,17:40,FRPST
5489,2023-08-15,PARIS (intramuros),NON,2833,19:52,EST,LUXEMBOURG,PAMETZLUX,LULUX,17:40,FRPST
5490,2023-08-15,BRUXELLES MIDI BRUSSEL ZUID,NON,9844,20:09,NORD,MARNE LA VALLEE CHESSY,JCNORDSUD,FRMLV,18:17,BEBMI
5491,2023-08-15,LYON (intramuros),OUI,9844,22:18,NORD,LYON (intramuros),JCNORDSUD,FRLPE,22:10,FRLPD
5492,2023-08-15,MARNE LA VALLEE CHESSY,OUI,9844,22:18,NORD,LYON (intramuros),JCNORDSUD,FRLPE,20:13,FRMLV
5493,2023-08-15,AEROPORT CDG2 TGV ROISSY,OUI,9844,20:09,NORD,MARNE LA VALLEE CHESSY,JCNORDSUD,FRMLV,20:00,FRMLW
5494,2023-08-15,PARIS (intramuros),OUI,8985,20:16,ATLANTIQUE,ANGERS ST LAUD,PARISLOIRE,FRACL,18:48,FRPMO
5495,2023-08-15,PARIS (intramuros),OUI,8985,22:19,ATLANTIQUE,LES SABLES D'OLONNE,PARISLOIRE,FRLSO,18:48,FRPMO
5496,2023-08-15,MULHOUSE VILLE,NON,9213,16:26,INTERNATIONAL,ZUERICH HB,PABALZUR,CHAJD,15:06,FRAEK
5497,2023-08-15,PARIS (intramuros),NON,9211,13:03,INTERNATIONAL,MULHOUSE VILLE,PABALZUR,FRAEK,10:22,FRPLY
5498,2023-08-15,HENDAYE,OUI,8550,19:17,ATLANTIQUE,DAX,SUDOUESTPA,FRACG,18:07,FRAEF
5499,2023-08-15,HENDAYE,OUI,8550,18:29,ATLANTIQUE,BIARRITZ,SUDOUESTPA,FRBIQ,18:07,FRAEF
5500,2023-08-15,HENDAYE,NON,8550,20:40,ATLANTIQUE,BORDEAUX ST JEAN,SUDOUESTPA,FRBOJ,18:07,FRAEF
5501,2023-08-15,BIARRITZ,NON,8550,20:40,ATLANTIQUE,BORDEAUX ST JEAN,SUDOUESTPA,FRBOJ,18:32,FRBIQ
5502,2023-08-15,BAYONNE,OUI,8550,19:17,ATLANTIQUE,DAX,SUDOUESTPA,FRACG,18:47,FRXBY
5503,2023-08-15,BAYONNE,NON,8550,20:40,ATLANTIQUE,BORDEAUX ST JEAN,SUDOUESTPA,FRBOJ,18:47,FRXBY
5504,2023-08-15,BAYONNE,NON,8550,22:56,ATLANTIQUE,PARIS (intramuros),SUDOUESTPA,FRPMO,18:47,FRXBY
5505,2023-08-15,NANTES,NON,3831,10:03,IC SRO,ROCHEFORT,NANTEBORDO,FRRCO,07:55,FRNTE
5506,2023-08-15,NANTES,NON,3831,10:32,IC SRO,SAINTES,NANTEBORDO,FRXST,07:55,FRNTE
5507,2023-08-15,SAINTES,NON,3831,11:10,IC SRO,JONZAC,NANTEBORDO,FREMR,10:34,FRXST
5508,2023-08-15,SURGERES,NON,8378,16:57,ATLANTIQUE,PARIS (intramuros),ROCHELLEPA,FRPMO,14:08,FREIP
5509,2023-08-15,ST MAIXENT DEUX SEVRES,NON,8378,15:50,ATLANTIQUE,ST PIERRE DES CORPS,ROCHELLEPA,FRXSH,14:46,FREJC
5510,2023-08-15,BOURG EN BRESSE,OUI,9765,13:00,INTERNATIONAL,BELLEGARDE,PAGENEVE,FRXBF,12:12,FRXBK
5511,2023-08-15,ST GAUDENS,NON,14143,14:59,IC SRO,BAYONNE,SUDOUEST,FRXBY,12:21,FRFPH
5512,2023-08-15,LOURDES,NON,14143,14:13,IC SRO,ORTHEZ,SUDOUEST,FRGFI,13:24,FRLDE
5513,2023-08-15,TARBES,NON,14143,13:21,IC SRO,LOURDES,SUDOUEST,FRLDE,13:08,FRXTB
5514,2023-08-15,TARBES,NON,14143,14:59,IC SRO,BAYONNE,SUDOUEST,FRXBY,13:08,FRXTB
5515,2023-08-15,TOULOUSE MATABIAU,NON,14143,12:19,IC SRO,ST GAUDENS,SUDOUEST,FRFPH,11:32,FRXYT
5516,2023-08-15,HENDAYE,NON,8544,20:58,ATLANTIQUE,PARIS (intramuros),SUDOUESTPA,FRPMO,16:07,FRAEF
5517,2023-08-15,HENDAYE,OUI,8544,16:44,ATLANTIQUE,BAYONNE,SUDOUESTPA,FRXBY,16:07,FRAEF
5518,2023-08-15,HENDAYE,OUI,8544,16:17,ATLANTIQUE,ST JEAN DE LUZ CIBOURE,SUDOUESTPA,FRXJZ,16:07,FRAEF
5519,2023-08-15,BIARRITZ,NON,8544,18:40,ATLANTIQUE,BORDEAUX ST JEAN,SUDOUESTPA,FRBOJ,16:32,FRBIQ
5520,2023-08-15,ST JEAN DE LUZ CIBOURE,NON,8544,20:58,ATLANTIQUE,PARIS (intramuros),SUDOUESTPA,FRPMO,16:19,FRXJZ
5521,2023-08-15,BIARRITZ,NON,8544,20:43,ATLANTIQUE,MASSY TGV,SUDOUESTPA,FRDJU,16:32,FRBIQ
5522,2023-08-15,LYON (intramuros),OUI,9852,08:56,NORD,LILLE (intramuros),JCSUDNORD,FRLLE,05:50,FRLPD
5523,2023-08-15,LYON (intramuros),OUI,9852,07:46,NORD,MARNE LA VALLEE CHESSY,JCSUDNORD,FRMLV,05:50,FRLPD
5524,2023-08-15,LYON (intramuros),OUI,9852,09:43,NORD,BRUXELLES MIDI BRUSSEL ZUID,JCSUDNORD,BEBMI,05:37,FRLPE
5525,2023-08-15,LYON (intramuros),OUI,9852,08:56,NORD,LILLE (intramuros),JCSUDNORD,FRLLE,05:37,FRLPE
5526,2023-08-15,LYON (intramuros),OUI,9852,08:01,NORD,AEROPORT CDG2 TGV ROISSY,JCSUDNORD,FRMLW,05:37,FRLPE
5527,2023-08-15,MARNE LA VALLEE CHESSY,OUI,9852,08:56,NORD,LILLE (intramuros),JCSUDNORD,FRLLE,07:50,FRMLV
5528,2023-08-15,AEROPORT CDG2 TGV ROISSY,OUI,9852,09:43,NORD,BRUXELLES MIDI BRUSSEL ZUID,JCSUDNORD,BEBMI,08:07,FRMLW
5529,2023-08-15,MEUSE TGV,OUI,2237,10:51,EST,NANCY,PANANCY,FRENC,10:16,FREAJ
5530,2023-08-15,AIX EN PROVENCE TGV,NON,6124,16:38,SUD EST,AVIGNON TGV,AZURPA,FRAVG,16:19,FRAIE
5531,2023-08-15,MARSEILLE ST CHARLES,NON,6124,16:38,SUD EST,AVIGNON TGV,AZURPA,FRAVG,16:04,FRMSC
5532,2023-08-15,MONTBARD,OUI,6711,21:29,SUD EST,BELFORT-MONTBELIARD TGV,PABOUR,FRTJA,19:56,FRGWE
5533,2023-08-15,PARIS (intramuros),OUI,6711,20:31,SUD EST,DIJON VILLE,PABOUR,FRABA,18:52,FRPLY
5534,2023-08-15,PARIS (intramuros),OUI,6711,21:55,SUD EST,MULHOUSE VILLE,PABOUR,FRAEK,18:52,FRPLY
5535,2023-08-15,PARIS (intramuros),OUI,6711,21:05,SUD EST,BESANCON - F COMTE TGV,PABOUR,FRTJB,18:52,FRPLY
5536,2023-08-15,LA ROCHELLE VILLE,NON,3837,21:10,IC SRO,JONZAC,NANTEBORDO,FREMR,19:43,FRLRH
5537,2023-08-15,NANTES,NON,3837,22:08,IC SRO,BORDEAUX ST JEAN,NANTEBORDO,FRBOJ,17:55,FRNTE
5538,2023-08-15,NANTES,NON,3837,18:35,IC SRO,LA ROCHE SUR YON,NANTEBORDO,FRXRO,17:55,FRNTE
5539,2023-08-15,LYON-SAINT EXUPERY TGV,OUI,6929,23:13,SUD EST,GRENOBLE,PAGRENOBLE,FRGNB,22:09,FRJDQ
5540,2023-08-15,PARIS (intramuros),OUI,6929,23:13,SUD EST,GRENOBLE,PAGRENOBLE,FRGNB,20:09,FRPLY
5541,2023-08-15,MARNE LA VALLEE CHESSY,NON,5240,21:21,NORD,ANGOULEME,JCNORDAQUI,FRANG,18:32,FRMLV
5542,2023-08-15,AEROPORT CDG2 TGV ROISSY,OUI,5240,18:27,NORD,MARNE LA VALLEE CHESSY,JCNORDAQUI,FRMLV,18:18,FRMLW
5543,2023-08-15,ST PIERRE DES CORPS,OUI,5240,20:40,NORD,POITIERS,JCNORDAQUI,FRPIS,20:10,FRXSH
5544,2023-08-15,PARIS (intramuros),OUI,6919,17:13,SUD EST,GRENOBLE,PAGRENOBLE,FRGNB,14:14,FRPLY
5545,2023-08-15,PARIS (intramuros),OUI,6919,16:05,SUD EST,LYON-SAINT EXUPERY TGV,PAGRENOBLE,FRJDQ,14:14,FRPLY
5546,2023-08-15,STRASBOURG,NON,9584,12:46,EST,ANGOULEME,JCESTATL,FRANG,08:12,FRAEG
5547,2023-08-15,STRASBOURG,NON,9584,10:50,EST,MASSY TGV,JCESTATL,FRDJU,08:12,FRAEG
5548,2023-08-15,STRASBOURG,OUI,9584,08:49,EST,LORRAINE TGV,JCESTATL,FREAM,08:12,FRAEG
5549,2023-08-15,MASSY TGV,NON,9584,12:46,EST,ANGOULEME,JCESTATL,FRANG,10:54,FRDJU
5550,2023-08-15,MEUSE TGV,NON,9584,12:06,EST,POITIERS,JCESTATL,FRPIS,09:18,FREAJ
5551,2023-08-15,LORRAINE TGV,NON,9584,10:50,EST,MASSY TGV,JCESTATL,FRDJU,08:56,FREAM
5552,2023-08-15,MARNE LA VALLEE CHESSY,NON,9584,13:43,EST,BORDEAUX ST JEAN,JCESTATL,FRBOJ,10:20,FRMLV
5553,2023-08-15,MARNE LA VALLEE CHESSY,NON,9584,12:06,EST,POITIERS,JCESTATL,FRPIS,10:20,FRMLV
5554,2023-08-15,POITIERS,NON,9584,12:46,EST,ANGOULEME,JCESTATL,FRANG,12:09,FRPIS
5555,2023-08-15,FREIBURG BREISGAU HBF,OUI,9584,08:08,EST,STRASBOURG,JCESTATL,FRAEG,07:07,DEFGB
5556,2023-08-15,RINGSHEIM/EU-PARK,OUI,9584,07:44,EST,OFFENBOURG/OFFENBURG,JCESTATL,DEZPA,07:29,DERSH
5557,2023-08-15,FREIBURG BREISGAU HBF,NON,9584,12:06,EST,POITIERS,JCESTATL,FRPIS,07:07,DEFGB
5558,2023-08-15,RINGSHEIM/EU-PARK,NON,9584,12:46,EST,ANGOULEME,JCESTATL,FRANG,07:29,DERSH
5559,2023-08-15,AIX EN PROVENCE TGV,NON,6852,22:14,SUD EST,LYON (intramuros),JCSUDPROV,FRLPD,20:32,FRAIE
5560,2023-08-15,CANNES,NON,6852,20:52,SUD EST,AVIGNON TGV,JCSUDPROV,FRAVG,17:59,FRJCA
5561,2023-08-15,MARSEILLE ST CHARLES,NON,6852,21:27,SUD EST,VALENCE TGV RHONE-ALPES SUD,JCSUDPROV,FRVLA,20:18,FRMSC
5562,2023-08-15,NICE VILLE,OUI,6852,17:55,SUD EST,CANNES,JCSUDPROV,FRJCA,17:27,FRNIC
5563,2023-08-15,NICE VILLE,NON,6852,22:14,SUD EST,LYON (intramuros),JCSUDPROV,FRLPD,17:27,FRNIC
5564,2023-08-15,NICE VILLE,OUI,6852,18:37,SUD EST,LES ARCS DRAGUIGNAN,JCSUDPROV,FRXRS,17:27,FRNIC
5565,2023-08-15,TOULON,NON,6852,21:27,SUD EST,VALENCE TGV RHONE-ALPES SUD,JCSUDPROV,FRVLA,19:18,FRTLN
5566,2023-08-15,LES ARCS DRAGUIGNAN,NON,6852,20:29,SUD EST,AIX EN PROVENCE TGV,JCSUDPROV,FRAIE,18:40,FRXRS
5567,2023-08-15,LES ARCS DRAGUIGNAN,NON,6852,22:14,SUD EST,LYON (intramuros),JCSUDPROV,FRLPD,18:40,FRXRS
5568,2023-08-15,LES ARCS DRAGUIGNAN,NON,6852,20:04,SUD EST,MARSEILLE ST CHARLES,JCSUDPROV,FRMSC,18:40,FRXRS
5569,2023-08-15,ST RAPHAEL VALESCURE,NON,6852,20:52,SUD EST,AVIGNON TGV,JCSUDPROV,FRAVG,18:24,FRXSK
5570,2023-08-15,PARIS (intramuros),OUI,6613,14:10,SUD EST,LYON (intramuros),PARISRHONE,FRLPE,11:52,FRPLY
5571,2023-08-15,MULHOUSE VILLE,NON,9234,22:42,INTERNATIONAL,PARIS (intramuros),ZURBALPA,FRPLY,19:56,FRAEK
5572,2023-08-15,BORDEAUX ST JEAN,OUI,8473,14:10,ATLANTIQUE,ARCACHON,PASUDOUEST,FRXAC,13:24,FRBOJ
5573,2023-08-15,PARIS (intramuros),OUI,8473,13:46,ATLANTIQUE,FACTURE BIGANOS,PASUDOUEST,FRFAC,11:08,FRPMO
5574,2023-08-15,NANCY,OUI,2598,18:50,EST,MEUSE TGV,NANCYPA,FREAJ,18:17,FRENC
5575,2023-08-15,AIX EN PROVENCE TGV,OUI,6112,09:39,SUD EST,AVIGNON TGV,PROVENCEPA,FRAVG,09:18,FRAIE
5576,2023-08-15,MARSEILLE ST CHARLES,OUI,6112,09:39,SUD EST,AVIGNON TGV,PROVENCEPA,FRAVG,09:04,FRMSC
5577,2023-08-15,ARLES,NON,4760,14:32,IC ARO,CARCASSONNE,TJOURSESO,FRCCF,12:09,FRHZA
5578,2023-08-15,ARLES,NON,4760,14:01,IC ARO,NARBONNE,TJOURSESO,FRXNA,12:09,FRHZA
5579,2023-08-15,MONTPELLIER SAINT-ROCH,NON,4760,15:48,IC ARO,MONTAUBAN VILLE BOURBON,TJOURSESO,FRXMW,13:06,FRMPL
5580,2023-08-15,MARSEILLE ST CHARLES,NON,4760,12:35,IC ARO,NIMES,TJOURSESO,FRFNI,11:24,FRMSC
5581,2023-08-15,MARSEILLE ST CHARLES,NON,4760,15:16,IC ARO,TOULOUSE MATABIAU,TJOURSESO,FRXYT,11:24,FRMSC
5582,2023-08-15,NARBONNE,NON,4760,16:25,IC ARO,AGEN,TJOURSESO,FRAGF,14:04,FRXNA
5583,2023-08-15,LE MANS,NON,5280,13:49,NORD,MASSY TGV,JCBRETNORD,FRDJU,13:00,FRAET
5584,2023-08-15,LE MANS,NON,5280,15:49,NORD,LILLE (intramuros),JCBRETNORD,FRLLE,13:00,FRAET
5585,2023-08-15,MASSY TGV,NON,5280,14:41,NORD,AEROPORT CDG2 TGV ROISSY,JCBRETNORD,FRMLW,13:55,FRDJU
5586,2023-08-15,MARNE LA VALLEE CHESSY,NON,5280,14:41,NORD,AEROPORT CDG2 TGV ROISSY,JCBRETNORD,FRMLW,14:31,FRMLV
5587,2023-08-15,PARIS (intramuros),NON,9223,22:26,INTERNATIONAL,ZUERICH HB,PABALZUR,CHAJD,18:22,FRPLY
5588,2023-08-15,PARIS (intramuros),OUI,9223,21:03,INTERNATIONAL,MULHOUSE VILLE,PABALZUR,FRAEK,18:22,FRPLY
5589,2023-08-15,AIX EN PROVENCE TGV,NON,9882,21:01,NORD,AEROPORT CDG2 TGV ROISSY,JCSUDNORD,FRMLW,17:22,FRAIE
5590,2023-08-15,LYON (intramuros),NON,9882,22:43,NORD,BRUXELLES MIDI BRUSSEL ZUID,JCSUDNORD,BEBMI,19:00,FRLPD
5591,2023-08-15,LYON (intramuros),NON,9882,21:57,NORD,LILLE (intramuros),JCSUDNORD,FRLLE,19:00,FRLPD
5592,2023-08-15,AEROPORT CDG2 TGV ROISSY,NON,9882,21:57,NORD,LILLE (intramuros),JCSUDNORD,FRLLE,21:07,FRMLW
5593,2023-08-15,ANGERS ST LAUD,NON,4502,16:04,IC SRO,NANTES,JOURLYNNTE,FRNTE,15:23,FRACL
5594,2023-08-15,BOURGES,NON,4502,14:25,IC SRO,ST PIERRE DES CORPS,JOURLYNNTE,FRXSH,13:03,FRBOU
5595,2023-08-15,LYON (intramuros),NON,4502,14:58,IC SRO,SAUMUR,JOURLYNNTE,FRACN,09:34,FRLPD
5596,2023-08-15,LYON (intramuros),NON,4502,12:10,IC SRO,NEVERS,JOURLYNNTE,FRNVS,09:34,FRLPD
5597,2023-08-15,LYON (intramuros),NON,4502,10:37,IC SRO,ROANNE,JOURLYNNTE,FRRNE,09:34,FRLPD
5598,2023-08-15,LYON (intramuros),NON,4502,14:58,IC SRO,SAUMUR,JOURLYNNTE,FRACN,09:20,FRLPE
5599,2023-08-15,LYON (intramuros),NON,4502,11:39,IC SRO,MOULINS SUR ALLIER,JOURLYNNTE,FRXMU,09:20,FRLPE
5600,2023-08-15,NEVERS,NON,4502,15:21,IC SRO,ANGERS ST LAUD,JOURLYNNTE,FRACL,12:25,FRNVS
5601,2023-08-15,ROANNE,NON,4502,14:58,IC SRO,SAUMUR,JOURLYNNTE,FRACN,10:40,FRRNE
5602,2023-08-15,ROANNE,NON,4502,16:04,IC SRO,NANTES,JOURLYNNTE,FRNTE,10:40,FRRNE
5603,2023-08-15,ROANNE,NON,4502,11:39,IC SRO,MOULINS SUR ALLIER,JOURLYNNTE,FRXMU,10:40,FRRNE
5604,2023-08-15,ROANNE,NON,4502,14:25,IC SRO,ST PIERRE DES CORPS,JOURLYNNTE,FRXSH,10:40,FRRNE
5605,2023-08-15,ROANNE,NON,4502,13:21,IC SRO,VIERZON VILLE,JOURLYNNTE,FRXVZ,10:40,FRRNE
5606,2023-08-15,ST GERMAIN DES FOSSES,NON,4502,14:58,IC SRO,SAUMUR,JOURLYNNTE,FRACN,11:19,FRSGF
5607,2023-08-15,ST GERMAIN DES FOSSES,NON,4502,16:04,IC SRO,NANTES,JOURLYNNTE,FRNTE,11:19,FRSGF
5608,2023-08-15,MOULINS SUR ALLIER,NON,4502,13:01,IC SRO,BOURGES,JOURLYNNTE,FRBOU,11:41,FRXMU
5609,2023-08-15,MOULINS SUR ALLIER,NON,4502,16:04,IC SRO,NANTES,JOURLYNNTE,FRNTE,11:41,FRXMU
5610,2023-08-15,NIMES,OUI,6231,12:20,SUD EST,MONTPELLIER SAINT-ROCH,PALANG,FRMPL,11:55,FRFNI
5611,2023-08-15,NIMES,OUI,6231,14:17,SUD EST,PERPIGNAN,PALANG,FRPGF,11:55,FRFNI
5612,2023-08-15,PARIS (intramuros),NON,6231,13:14,SUD EST,BEZIERS,PALANG,FRBZR,08:56,FRPLY
5613,2023-08-15,PARIS (intramuros),NON,6231,12:59,SUD EST,AGDE,PALANG,FRXAG,08:56,FRPLY
5614,2023-08-15,PARIS (intramuros),NON,6231,13:31,SUD EST,NARBONNE,PALANG,FRXNA,08:56,FRPLY
5615,2023-08-15,AGDE,OUI,6231,13:31,SUD EST,NARBONNE,PALANG,FRXNA,13:02,FRXAG
5616,2023-08-15,SETE,OUI,6231,13:14,SUD EST,BEZIERS,PALANG,FRBZR,12:45,FRXSY
5617,2023-08-15,FACTURE BIGANOS,OUI,8476,19:44,ATLANTIQUE,BORDEAUX ST JEAN,SUDOUESTPA,FRBOJ,19:20,FRFAC
5618,2023-08-15,ARCACHON,NON,8476,20:24,ATLANTIQUE,ANGOULEME,SUDOUESTPA,FRANG,18:58,FRXAC
5619,2023-08-15,ST PIERRE DES CORPS,NON,8476,22:37,ATLANTIQUE,PARIS (intramuros),SUDOUESTPA,FRPMO,21:32,FRXSH
5620,2023-08-15,GAP,NON,5790,07:54,IC NUIT,PARIS (intramuros),BRIANCONPA,FRPAZ,21:34,FRGAT
5621,2023-08-15,LYON (intramuros),NON,5036,22:06,NORD,MONTPELLIER SAINT-ROCH,JCNORDSUD,FRMPL,20:10,FRLPD
5622,2023-08-15,MARNE LA VALLEE CHESSY,NON,5036,22:06,NORD,MONTPELLIER SAINT-ROCH,JCNORDSUD,FRMPL,18:13,FRMLV
5623,2023-08-15,AEROPORT CDG2 TGV ROISSY,NON,5036,20:49,NORD,VALENCE TGV RHONE-ALPES SUD,JCNORDSUD,FRVLA,17:59,FRMLW
5624,2023-08-15,NIMES,NON,9864,19:57,NORD,LILLE (intramuros),JCSUDNORD,FRLLE,15:19,FRFNI
5625,2023-08-15,NIMES,NON,9864,19:01,NORD,AEROPORT CDG2 TGV ROISSY,JCSUDNORD,FRMLW,15:19,FRFNI
5626,2023-08-15,NIMES,NON,9864,16:05,NORD,VALENCE TGV RHONE-ALPES SUD,JCSUDNORD,FRVLA,15:19,FRFNI
5627,2023-08-15,LILLE (intramuros),NON,9864,20:43,NORD,BRUXELLES MIDI BRUSSEL ZUID,JCSUDNORD,BEBMI,20:09,FRLLE
5628,2023-08-15,LYON (intramuros),NON,9864,19:01,NORD,AEROPORT CDG2 TGV ROISSY,JCSUDNORD,FRMLW,17:00,FRLPD
5629,2023-08-15,MARNE LA VALLEE CHESSY,NON,9864,20:43,NORD,BRUXELLES MIDI BRUSSEL ZUID,JCSUDNORD,BEBMI,18:51,FRMLV
5630,2023-08-15,MARNE LA VALLEE CHESSY,NON,9864,19:01,NORD,AEROPORT CDG2 TGV ROISSY,JCSUDNORD,FRMLW,18:51,FRMLV
5631,2023-08-15,AEROPORT CDG2 TGV ROISSY,NON,9864,20:43,NORD,BRUXELLES MIDI BRUSSEL ZUID,JCSUDNORD,BEBMI,19:07,FRMLW
5632,2023-08-15,MONTPELLIER SAINT-ROCH,NON,9864,16:49,NORD,LYON (intramuros),JCSUDNORD,FRLPD,14:51,FRMPL
5633,2023-08-15,MONTPELLIER SAINT-ROCH,NON,9864,18:47,NORD,MARNE LA VALLEE CHESSY,JCSUDNORD,FRMLV,14:51,FRMPL
5634,2023-08-15,VALENCE TGV RHONE-ALPES SUD,NON,9864,20:43,NORD,BRUXELLES MIDI BRUSSEL ZUID,JCSUDNORD,BEBMI,16:10,FRVLA
5635,2023-08-15,VALENCE TGV RHONE-ALPES SUD,NON,9864,19:57,NORD,LILLE (intramuros),JCSUDNORD,FRLLE,16:10,FRVLA
5636,2023-08-15,VALENCE TGV RHONE-ALPES SUD,NON,9864,16:49,NORD,LYON (intramuros),JCSUDNORD,FRLPD,16:10,FRVLA
5637,2023-08-15,LE HAVRE,OUI,5316,18:02,SUD EST,VERSAILLES CHANTIERS,JCATLSUD,FRDHT,15:41,FRAEZ
5638,2023-08-15,LE HAVRE,OUI,5316,18:18,SUD EST,MASSY PALAISEAU,JCATLSUD,FRMPU,15:41,FRAEZ
5639,2023-08-15,LYON (intramuros),OUI,5316,21:19,SUD EST,VALENCE TGV RHONE-ALPES SUD,JCATLSUD,FRVLA,20:40,FRLPD
5640,2023-08-15,MANTES LA JOLIE,OUI,5316,18:02,SUD EST,VERSAILLES CHANTIERS,JCATLSUD,FRDHT,17:32,FRMTE
5641,2023-08-15,MANTES LA JOLIE,NON,5316,22:25,SUD EST,MARSEILLE ST CHARLES,JCATLSUD,FRMSC,17:32,FRMTE
5642,2023-08-15,ROUEN RIVE DROITE,NON,5316,20:30,SUD EST,LYON (intramuros),JCATLSUD,FRLPD,16:39,FRURD
5643,2023-08-15,VALENCE TGV RHONE-ALPES SUD,OUI,5316,21:53,SUD EST,AVIGNON TGV,JCATLSUD,FRAVG,21:22,FRVLA
5644,2023-08-15,BEZIERS,NON,9708,14:15,SUD EST,NIMES,BARCELONEPA,FRFNI,12:58,FRBZR
5645,2023-08-15,BEZIERS,NON,9708,13:44,SUD EST,MONTPELLIER SAINT-ROCH,BARCELONEPA,FRMPL,12:58,FRBZR
5646,2023-08-15,BEZIERS,NON,9708,15:01,SUD EST,VALENCE TGV RHONE-ALPES SUD,BARCELONEPA,FRVLA,12:58,FRBZR
5647,2023-08-15,BEZIERS,NON,9708,13:26,SUD EST,SETE,BARCELONEPA,FRXSY,12:58,FRBZR
5648,2023-08-15,MONTPELLIER SAINT-ROCH,NON,9708,14:15,SUD EST,NIMES,BARCELONEPA,FRFNI,13:50,FRMPL
5649,2023-08-15,MONTPELLIER SAINT-ROCH,NON,9708,15:01,SUD EST,VALENCE TGV RHONE-ALPES SUD,BARCELONEPA,FRVLA,13:50,FRMPL
5650,2023-08-15,PERPIGNAN,NON,9708,13:44,SUD EST,MONTPELLIER SAINT-ROCH,BARCELONEPA,FRMPL,12:04,FRPGF
5651,2023-08-15,PERPIGNAN,NON,9708,15:01,SUD EST,VALENCE TGV RHONE-ALPES SUD,BARCELONEPA,FRVLA,12:04,FRPGF
5652,2023-08-15,VALENCE TGV RHONE-ALPES SUD,NON,9708,17:18,SUD EST,PARIS (intramuros),BARCELONEPA,FRPLY,15:04,FRVLA
5653,2023-08-15,AGDE,NON,9708,14:15,SUD EST,NIMES,BARCELONEPA,FRFNI,13:13,FRXAG
5654,2023-08-15,AGDE,NON,9708,13:26,SUD EST,SETE,BARCELONEPA,FRXSY,13:13,FRXAG
5655,2023-08-15,NARBONNE,NON,9708,12:55,SUD EST,BEZIERS,BARCELONEPA,FRBZR,12:42,FRXNA
5656,2023-08-15,SETE,NON,9708,14:15,SUD EST,NIMES,BARCELONEPA,FRFNI,13:29,FRXSY
5657,2023-08-15,BARCELONA SANTS,NON,9708,17:18,SUD EST,PARIS (intramuros),BARCELONEPA,FRPLY,10:33,ESBST
5658,2023-08-15,BARCELONA SANTS,NON,9708,14:15,SUD EST,NIMES,BARCELONEPA,FRFNI,10:33,ESBST
5659,2023-08-15,GIRONA,NON,9708,12:55,SUD EST,BEZIERS,BARCELONEPA,FRBZR,11:14,ESGRO
5660,2023-08-15,FIGUERES VILA TGV,NON,9708,15:01,SUD EST,VALENCE TGV RHONE-ALPES SUD,BARCELONEPA,FRVLA,11:31,ESFIR
5661,2023-08-15,CHAMBERY CHALLES LES EAUX,OUI,6949,21:34,SUD EST,ANNECY,PARISALPES,FRNCY,20:52,FRCMF
5662,2023-08-15,CHAMBERY CHALLES LES EAUX,OUI,6949,21:04,SUD EST,AIX LES BAINS LE REVARD,PARISALPES,FRXAI,20:52,FRCMF
5663,2023-08-15,PARIS (intramuros),NON,6121,19:20,SUD EST,AVIGNON TGV,PAPROVENCE,FRAVG,16:38,FRPLY
5664,2023-08-15,LORIENT,NON,8744,22:45,ATLANTIQUE,PARIS (intramuros),BRETAPARIS,FRPMO,19:45,FRLRT
5665,2023-08-15,QUIMPER,OUI,8744,20:13,ATLANTIQUE,VANNES,BRETAPARIS,FRVNE,19:09,FRUIP
5666,2023-08-15,RENNES,NON,8629,19:33,ATLANTIQUE,GUINGAMP,PARISBRETA,FRGGP,18:32,FRRNS
5667,2023-08-15,RENNES,NON,8629,20:02,ATLANTIQUE,MORLAIX,PARISBRETA,FRMXN,18:32,FRRNS
5668,2023-08-15,ST BRIEUC,OUI,8629,19:33,ATLANTIQUE,GUINGAMP,PARISBRETA,FRGGP,19:19,FRSBK
5669,2023-08-15,MONTPELLIER SAINT-ROCH,OUI,6821,09:00,SUD EST,SETE,JCPROVSUD,FRXSY,08:44,FRMPL
5670,2023-08-15,SETE,OUI,6821,11:02,SUD EST,TOULOUSE MATABIAU,JCPROVSUD,FRXYT,09:03,FRXSY
5671,2023-08-15,ARGELES SUR MER,NON,3736,07:19,IC NUIT,PARIS (intramuros),PALOMBEPAR,FRPAZ,19:30,FRARM
5672,2023-08-15,LEZIGNAN-CORBIERES,NON,3736,07:19,IC NUIT,PARIS (intramuros),PALOMBEPAR,FRPAZ,21:27,FRFUX
5673,2023-08-15,LEUCATE LA FRANQUI,NON,3736,06:08,IC NUIT,LES AUBRAIS ORLEANS,PALOMBEPAR,FRLAB,20:15,FRILQ
5674,2023-08-15,RIVESALTES,NON,3736,07:19,IC NUIT,PARIS (intramuros),PALOMBEPAR,FRPAZ,20:00,FRIOF
5675,2023-08-15,PERPIGNAN,NON,3736,06:08,IC NUIT,LES AUBRAIS ORLEANS,PALOMBEPAR,FRLAB,19:51,FRPGF
5676,2023-08-15,BANYULS SUR MER,NON,3736,07:19,IC NUIT,PARIS (intramuros),PALOMBEPAR,FRPAZ,19:12,FRXBU
5677,2023-08-15,COLLIOURE,NON,3736,06:08,IC NUIT,LES AUBRAIS ORLEANS,PALOMBEPAR,FRLAB,19:24,FRXCU
5678,2023-08-15,PORT VENDRES VILLE,NON,3736,06:08,IC NUIT,LES AUBRAIS ORLEANS,PALOMBEPAR,FRLAB,19:19,FRXPV
5679,2023-08-15,PARIS (intramuros),NON,6117,18:22,SUD EST,AVIGNON TGV,PAPROVENCE,FRAVG,15:38,FRPLY
5680,2023-08-15,SAUMUR,NON,5306,17:49,SUD EST,LYON (intramuros),JCATLSUD,FRLPE,13:50,FRACN
5681,2023-08-15,NANTES,NON,5306,15:20,SUD EST,MASSY TGV,JCATLSUD,FRDJU,12:44,FRNTE
5682,2023-08-15,FRANKFURT MAIN HBF,NON,9558,08:09,INTERNATIONAL,FORBACH,FRANCPA,FRBQT,05:56,DEFRH
5683,2023-08-15,FRANKFURT MAIN HBF,NON,9558,09:51,INTERNATIONAL,PARIS (intramuros),FRANCPA,FRPST,05:56,DEFRH
5684,2023-08-15,KAISERSLAUTERN HBF,NON,9558,08:00,INTERNATIONAL,SARREBRUCK/SAARBRUECKEN,FRANCPA,DESBK,07:22,DEKLT
5685,2023-08-15,MANNHEIM HBF,NON,9558,09:51,INTERNATIONAL,PARIS (intramuros),FRANCPA,FRPST,06:40,DEMHG
5686,2023-08-15,SARREBRUCK/SAARBRUECKEN,NON,9558,08:09,INTERNATIONAL,FORBACH,FRANCPA,FRBQT,08:01,DESBK
5687,2023-08-15,CANNES,OUI,6186,19:20,SUD EST,TOULON,AZURPA,FRTLN,18:08,FRJCA
5688,2023-08-15,NICE VILLE,OUI,6186,17:51,SUD EST,ANTIBES,AZURPA,FRXAT,17:39,FRNIC
5689,2023-08-15,TOULON,NON,6186,23:13,SUD EST,PARIS (intramuros),AZURPA,FRPLY,19:24,FRTLN
5690,2023-08-15,ST RAPHAEL VALESCURE,NON,6186,20:30,SUD EST,AVIGNON TGV,AZURPA,FRAVG,18:33,FRXSK
5691,2023-08-15,VENDOME VILLIERS SUR LOIR,OUI,8319,19:45,ATLANTIQUE,TOURS,PAROCHELLE,FRAFW,19:15,FRESL
5692,2023-08-15,VENDOME VILLIERS SUR LOIR,OUI,8319,19:35,ATLANTIQUE,ST PIERRE DES CORPS,PAROCHELLE,FRXSH,19:15,FRESL
5693,2023-08-15,PARIS (intramuros),OUI,8319,19:13,ATLANTIQUE,VENDOME VILLIERS SUR LOIR,PAROCHELLE,FRESL,18:28,FRPMO
5694,2023-08-15,PARIS (intramuros),OUI,8319,19:35,ATLANTIQUE,ST PIERRE DES CORPS,PAROCHELLE,FRXSH,18:28,FRPMO
5695,2023-08-15,PARIS (intramuros),NON,6111,14:56,SUD EST,MARSEILLE ST CHARLES,PAPROVENCE,FRMSC,11:38,FRPLY
5696,2023-08-15,CHATELLERAULT,NON,8342,18:33,ATLANTIQUE,PARIS (intramuros),ROCHELLEPA,FRPMO,16:44,FRXCX
5697,2023-08-15,FUTUROSCOPE,OUI,8342,17:43,ATLANTIQUE,VENDOME VILLIERS SUR LOIR,ROCHELLEPA,FRESL,16:30,FRTGO
5698,2023-08-15,NEVERS,OUI,5971,18:28,IC ARO,MOULINS SUR ALLIER,PACLERMONT,FRXMU,17:59,FRNVS
5699,2023-08-15,MOULINS SUR ALLIER,OUI,5971,19:17,IC ARO,RIOM CHATEL GUYON,PACLERMONT,FRRIO,18:30,FRXMU
5700,2023-08-15,BRIVE LA GAILLARDE,OUI,3628,07:54,IC ARO,LIMOGES BENEDICTINS,TOULOUZECO,FRAGQ,06:55,FRBVE
5701,2023-08-15,BRIVE LA GAILLARDE,OUI,3628,09:08,IC ARO,CHATEAUROUX,TOULOUZECO,FRCHR,06:55,FRBVE
5702,2023-08-15,BRIVE LA GAILLARDE,OUI,3628,10:14,IC ARO,LES AUBRAIS ORLEANS,TOULOUZECO,FRLAB,06:55,FRBVE
5703,2023-08-15,LES AUBRAIS ORLEANS,OUI,3628,11:17,IC ARO,PARIS (intramuros),TOULOUZECO,FRPAZ,10:16,FRLAB
5704,2023-08-15,LA SOUTERRAINE,OUI,3628,10:14,IC ARO,LES AUBRAIS ORLEANS,TOULOUZECO,FRLAB,08:29,FRLST
5705,2023-08-15,CHARLEVILLE MEZIERES,OUI,2720,08:39,EST,REIMS,SEDBARPA,FRRHE,07:47,FRXCZ
5706,2023-08-15,SEDAN,OUI,2720,08:39,EST,REIMS,SEDBARPA,FRRHE,07:23,FRXSW
5707,2023-08-15,KARLSRUHE HBF,NON,9572,18:05,INTERNATIONAL,PARIS (intramuros),MUNSTUTPA,FRPST,15:32,DEQKA
5708,2023-08-15,STUTTGART HBF,NON,9572,18:05,INTERNATIONAL,PARIS (intramuros),MUNSTUTPA,FRPST,14:52,DESGT
5709,2023-08-15,LA BAULE ESCOUBLAC,NON,8916,12:02,ATLANTIQUE,NANTES,LOIREPARIS,FRNTE,11:07,FRJEE
5710,2023-08-15,NANTES,NON,8916,14:09,ATLANTIQUE,PARIS (intramuros),LOIREPARIS,FRPMO,12:09,FRNTE
5711,2023-08-15,MASSY TGV,OUI,5380,10:30,SUD EST,RENNES,JCSUDATL,FRRNS,08:39,FRDJU
5712,2023-08-15,LAVAL,NON,8052,08:45,ATLANTIQUE,LE MANS,BRETAPARIS,FRAET,08:15,FRACR
5713,2023-08-15,RENNES,OUI,8052,08:12,ATLANTIQUE,LAVAL,BRETAPARIS,FRACR,07:47,FRRNS
5714,2023-08-15,REIMS,OUI,2751,20:11,EST,CHARLEVILLE MEZIERES,PABARSED,FRXCZ,19:20,FRRHE
5715,2023-08-15,BORDEAUX ST JEAN,NON,8517,21:31,ATLANTIQUE,TOULOUSE MATABIAU,PASUDOUEST,FRXYT,19:20,FRBOJ
5716,2023-08-15,DIJON VILLE,OUI,5521,12:24,EST,NIMES,JCRHINRHON,FRFNI,09:21,FRABA
5717,2023-08-15,STRASBOURG,OUI,5521,12:24,EST,NIMES,JCRHINRHON,FRFNI,06:47,FRAEG
5718,2023-08-15,STRASBOURG,OUI,5521,10:56,EST,LYON (intramuros),JCRHINRHON,FRLPD,06:47,FRAEG
5719,2023-08-15,STRASBOURG,OUI,5521,08:38,EST,BESANCON - F COMTE TGV,JCRHINRHON,FRTJB,06:47,FRAEG
5720,2023-08-15,MULHOUSE VILLE,OUI,5521,12:24,EST,NIMES,JCRHINRHON,FRFNI,07:52,FRAEK
5721,2023-08-15,NIMES,OUI,5521,12:54,EST,MONTPELLIER SAINT-ROCH,JCRHINRHON,FRMPL,12:27,FRFNI
5722,2023-08-15,STRASBOURG,OUI,2200,09:55,EST,MARNE LA VALLEE CHESSY,JCESTATL,FRMLV,07:31,FRAEG
5723,2023-08-15,STRASBOURG,OUI,2200,13:19,EST,NANTES,JCESTATL,FRNTE,07:31,FRAEG
5724,2023-08-15,MASSY TGV,OUI,2200,13:19,EST,NANTES,JCESTATL,FRNTE,10:38,FRDJU
5725,2023-08-15,LORRAINE TGV,OUI,2200,12:36,EST,ANGERS ST LAUD,JCESTATL,FRACL,08:09,FREAM
5726,2023-08-15,AEROPORT CDG2 TGV ROISSY,OUI,2200,11:32,EST,ST PIERRE DES CORPS,JCESTATL,FRXSH,09:45,FRMLW
5727,2023-08-15,PARIS (intramuros),NON,2513,17:44,EST,NANCY,PANANCY,FRENC,16:07,FRPST
5728,2023-08-15,ANGERS ST LAUD,NON,5288,16:46,NORD,LE MANS,JCBRETNORD,FRAET,16:02,FRACL
5729,2023-08-15,ANGERS ST LAUD,NON,5288,18:37,NORD,AEROPORT CDG2 TGV ROISSY,JCBRETNORD,FRMLW,16:02,FRACL
5730,2023-08-15,MASSY TGV,NON,5288,18:37,NORD,AEROPORT CDG2 TGV ROISSY,JCBRETNORD,FRMLW,17:54,FRDJU
5731,2023-08-15,MARNE LA VALLEE CHESSY,NON,5288,18:37,NORD,AEROPORT CDG2 TGV ROISSY,JCBRETNORD,FRMLW,18:28,FRMLV
5732,2023-08-15,NANTES,OUI,5288,15:59,NORD,ANGERS ST LAUD,JCBRETNORD,FRACL,15:18,FRNTE
5733,2023-08-15,NANTES,NON,5288,18:23,NORD,MARNE LA VALLEE CHESSY,JCBRETNORD,FRMLV,15:18,FRNTE
5734,2023-08-15,ANGERS ST LAUD,NON,8930,21:23,ATLANTIQUE,LE MANS,LOIREPARIS,FRAET,20:44,FRACL
5735,2023-08-15,ANGERS ST LAUD,NON,8930,22:25,ATLANTIQUE,PARIS (intramuros),LOIREPARIS,FRPMO,20:44,FRACL
5736,2023-08-15,PORNICHET,NON,8930,20:41,ATLANTIQUE,ANGERS ST LAUD,LOIREPARIS,FRACL,19:11,FREGR
5737,2023-08-15,PORNICHET,NON,8930,22:25,ATLANTIQUE,PARIS (intramuros),LOIREPARIS,FRPMO,19:11,FREGR
5738,2023-08-15,LE POULIGUEN,OUI,8930,19:59,ATLANTIQUE,NANTES,LOIREPARIS,FRNTE,18:56,FREGS
5739,2023-08-15,LE POULIGUEN,OUI,8930,19:21,ATLANTIQUE,ST NAZAIRE,LOIREPARIS,FRSNR,18:56,FREGS
5740,2023-08-15,LE CROISIC,NON,8930,21:23,ATLANTIQUE,LE MANS,LOIREPARIS,FRAET,18:48,FREGU
5741,2023-08-15,LE CROISIC,OUI,8930,19:08,ATLANTIQUE,PORNICHET,LOIREPARIS,FREGR,18:48,FREGU
5742,2023-08-15,LA BAULE ESCOUBLAC,NON,8930,21:23,ATLANTIQUE,LE MANS,LOIREPARIS,FRAET,19:04,FRJEE
5743,2023-08-15,LA BAULE ESCOUBLAC,OUI,8930,19:08,ATLANTIQUE,PORNICHET,LOIREPARIS,FREGR,19:04,FRJEE
5744,2023-08-15,NICE VILLE,NON,6180,19:55,SUD EST,AVIGNON TGV,AZURPA,FRAVG,16:57,FRNIC
5745,2023-08-15,LES ARCS DRAGUIGNAN,OUI,6180,18:44,SUD EST,TOULON,AZURPA,FRTLN,18:10,FRXRS
5746,2023-08-15,BEZIERS,NON,6873,18:24,SUD EST,NIMES,JCSUDPROV,FRFNI,17:15,FRBZR
5747,2023-08-15,BEZIERS,NON,6873,17:55,SUD EST,MONTPELLIER SAINT-ROCH,JCSUDPROV,FRMPL,17:15,FRBZR
5748,2023-08-15,BEZIERS,NON,6873,17:36,SUD EST,SETE,JCSUDPROV,FRXSY,17:15,FRBZR
5749,2023-08-15,CARCASSONNE,NON,6873,17:55,SUD EST,MONTPELLIER SAINT-ROCH,JCSUDPROV,FRMPL,16:27,FRCCF
5750,2023-08-15,CARCASSONNE,OUI,6873,16:56,SUD EST,NARBONNE,JCSUDPROV,FRXNA,16:27,FRCCF
5751,2023-08-15,VALENCE TGV RHONE-ALPES SUD,NON,6873,19:51,SUD EST,LYON (intramuros),JCSUDPROV,FRLPD,19:13,FRVLA
5752,2023-08-15,NARBONNE,NON,6873,19:51,SUD EST,LYON (intramuros),JCSUDPROV,FRLPD,16:59,FRXNA
5753,2023-08-15,SETE,NON,6873,19:10,SUD EST,VALENCE TGV RHONE-ALPES SUD,JCSUDPROV,FRVLA,17:39,FRXSY
5754,2023-08-15,TOULOUSE MATABIAU,NON,6873,17:12,SUD EST,BEZIERS,JCSUDPROV,FRBZR,15:43,FRXYT
5755,2023-08-15,TOULOUSE MATABIAU,NON,6873,17:36,SUD EST,SETE,JCSUDPROV,FRXSY,15:43,FRXYT
5756,2023-08-15,ARVANT,NON,15940,15:22,IC SRO,BRASSAC LES MINES STE FLORINE,JOUNOREST,FRHLE,15:17,FRARV
5757,2023-08-15,BRASSAC LES MINES STE FLORINE,NON,15940,16:01,IC SRO,CLERMONT FERRAND,JOUNOREST,FRCFE,15:23,FRHLE
5758,2023-08-15,BEZIERS,NON,15940,16:01,IC SRO,CLERMONT FERRAND,JOUNOREST,FRCFE,09:33,FRBZR
5759,2023-08-15,BEDARIEUX,NON,15940,10:18,IC SRO,LE BOUSQUET D'ORB,JOUNOREST,FRIMG,10:08,FRIMH
5760,2023-08-15,NEUSSARGUES,NON,15940,16:01,IC SRO,CLERMONT FERRAND,JOUNOREST,FRCFE,14:36,FRNEU
5761,2023-08-15,BANASSAC LA CANOURGUE,NON,15940,13:27,IC SRO,ST CHELY D'APCHER,JOUNOREST,FRINB,12:29,FRINH
5762,2023-08-15,ST CHELY D'APCHER,NON,15940,16:01,IC SRO,CLERMONT FERRAND,JOUNOREST,FRCFE,13:28,FRINB
5763,2023-08-15,BEZIERS,NON,15940,11:24,IC SRO,MILLAU,JOUNOREST,FRMAU,09:33,FRBZR
5764,2023-08-15,SEVERAC LE CHATEAU,NON,15940,16:01,IC SRO,CLERMONT FERRAND,JOUNOREST,FRCFE,11:58,FRSVC
5765,2023-08-15,BEZIERS,NON,15940,14:27,IC SRO,NEUSSARGUES,JOUNOREST,FRNEU,09:33,FRBZR
5766,2023-08-15,BEZIERS,NON,15940,11:13,IC SRO,ST GEORGES DE LUZENCON,JOUNOREST,FRINM,09:33,FRBZR
5767,2023-08-15,ST CHELY D'APCHER,NON,15940,15:35,IC SRO,ISSOIRE,JOUNOREST,FRHLB,13:28,FRINB
5768,2023-08-15,BEZIERS,NON,15940,10:18,IC SRO,LE BOUSQUET D'ORB,JOUNOREST,FRIMG,09:33,FRBZR
5769,2023-08-15,BEZIERS,NON,15940,15:35,IC SRO,ISSOIRE,JOUNOREST,FRHLB,09:33,FRBZR
5770,2023-08-15,MILLAU,NON,15940,12:49,IC SRO,MARVEJOLS,JOUNOREST,FRINE,11:26,FRMAU
5771,2023-08-15,ST CHELY D'APCHER,NON,15940,14:27,IC SRO,NEUSSARGUES,JOUNOREST,FRNEU,13:28,FRINB
5772,2023-08-15,BEZIERS,NON,15940,10:33,IC SRO,CEILHES ROQUEREDONDE,JOUNOREST,FRIMC,09:33,FRBZR
5773,2023-08-15,NEUSSARGUES,NON,15940,15:35,IC SRO,ISSOIRE,JOUNOREST,FRHLB,14:36,FRNEU
5774,2023-08-15,MARVEJOLS,NON,15940,13:27,IC SRO,ST CHELY D'APCHER,JOUNOREST,FRINB,12:50,FRINE
5775,2023-08-15,BEDARIEUX,NON,15940,11:56,IC SRO,SEVERAC LE CHATEAU,JOUNOREST,FRSVC,10:08,FRIMH
5776,2023-08-15,BANASSAC LA CANOURGUE,NON,15940,16:01,IC SRO,CLERMONT FERRAND,JOUNOREST,FRCFE,12:29,FRINH
5777,2023-08-15,CEILHES ROQUEREDONDE,NON,15940,11:24,IC SRO,MILLAU,JOUNOREST,FRMAU,10:34,FRIMC
5778,2023-08-15,ST GEORGES DE LUZENCON,NON,15940,12:11,IC SRO,CAMPAGNAC ST GENIEZ,JOUNOREST,FRINJ,11:14,FRINM
5779,2023-08-15,MILLAU,NON,15940,14:06,IC SRO,ST FLOUR CHAUDES AIGUES,JOUNOREST,FRIMW,11:26,FRMAU
5780,2023-08-15,LE BOUSQUET D'ORB,NON,15940,16:01,IC SRO,CLERMONT FERRAND,JOUNOREST,FRCFE,10:19,FRIMG
5781,2023-08-15,MARVEJOLS,NON,15940,14:57,IC SRO,MASSIAC BLESLE,JOUNOREST,FRHMY,12:50,FRINE
5782,2023-08-15,CEILHES ROQUEREDONDE,NON,15940,11:13,IC SRO,ST GEORGES DE LUZENCON,JOUNOREST,FRINM,10:34,FRIMC
5783,2023-08-15,LE BOUSQUET D'ORB,NON,15940,10:33,IC SRO,CEILHES ROQUEREDONDE,JOUNOREST,FRIMC,10:19,FRIMG
5784,2023-08-15,MILLAU,NON,15940,15:35,IC SRO,ISSOIRE,JOUNOREST,FRHLB,11:26,FRMAU
5785,2023-08-15,BEDARIEUX,NON,15940,12:26,IC SRO,BANASSAC LA CANOURGUE,JOUNOREST,FRINH,10:08,FRIMH
5786,2023-08-15,ST GEORGES DE LUZENCON,NON,15940,16:01,IC SRO,CLERMONT FERRAND,JOUNOREST,FRCFE,11:14,FRINM
5787,2023-08-15,CEILHES ROQUEREDONDE,NON,15940,16:01,IC SRO,CLERMONT FERRAND,JOUNOREST,FRCFE,10:34,FRIMC
5788,2023-08-15,CEILHES ROQUEREDONDE,NON,15940,14:06,IC SRO,ST FLOUR CHAUDES AIGUES,JOUNOREST,FRIMW,10:34,FRIMC
5789,2023-08-15,LE BOUSQUET D'ORB,NON,15940,13:14,IC SRO,AUMONT AUBRAC,JOUNOREST,FRINC,10:19,FRIMG
5790,2023-08-15,MARVEJOLS,NON,15940,15:16,IC SRO,ARVANT,JOUNOREST,FRARV,12:50,FRINE
5791,2023-08-15,CEILHES ROQUEREDONDE,NON,15940,13:27,IC SRO,ST CHELY D'APCHER,JOUNOREST,FRINB,10:34,FRIMC
5792,2023-08-15,LE BOUSQUET D'ORB,NON,15940,14:06,IC SRO,ST FLOUR CHAUDES AIGUES,JOUNOREST,FRIMW,10:19,FRIMG
5793,2023-08-15,TOURNEMIRE ROQUEFORT,NON,15940,11:56,IC SRO,SEVERAC LE CHATEAU,JOUNOREST,FRSVC,10:59,FRINO
5794,2023-08-15,LE BOUSQUET D'ORB,NON,15940,12:26,IC SRO,BANASSAC LA CANOURGUE,JOUNOREST,FRINH,10:19,FRIMG
5795,2023-08-15,BANASSAC LA CANOURGUE,NON,15940,15:16,IC SRO,ARVANT,JOUNOREST,FRARV,12:29,FRINH
5796,2023-08-15,LE BOUSQUET D'ORB,NON,15940,14:57,IC SRO,MASSIAC BLESLE,JOUNOREST,FRHMY,10:19,FRIMG
5797,2023-08-15,MAGALAS,NON,15940,11:06,IC SRO,ST ROME DE CERNON,JOUNOREST,FRINN,09:47,FRIMK
5798,2023-08-15,MAGALAS,NON,15940,13:27,IC SRO,ST CHELY D'APCHER,JOUNOREST,FRINB,09:47,FRIMK
5799,2023-08-15,ST GEORGES DE LUZENCON,NON,15940,14:06,IC SRO,ST FLOUR CHAUDES AIGUES,JOUNOREST,FRIMW,11:14,FRINM
5800,2023-08-15,MAGALAS,NON,15940,12:26,IC SRO,BANASSAC LA CANOURGUE,JOUNOREST,FRINH,09:47,FRIMK
5801,2023-08-15,MAGALAS,NON,15940,11:56,IC SRO,SEVERAC LE CHATEAU,JOUNOREST,FRSVC,09:47,FRIMK
5802,2023-08-15,MAGALAS,NON,15940,13:14,IC SRO,AUMONT AUBRAC,JOUNOREST,FRINC,09:47,FRIMK
5803,2023-08-15,LE BOUSQUET D'ORB,NON,15940,11:06,IC SRO,ST ROME DE CERNON,JOUNOREST,FRINN,10:19,FRIMG
5804,2023-08-15,ST ROME DE CERNON,NON,15940,13:14,IC SRO,AUMONT AUBRAC,JOUNOREST,FRINC,11:07,FRINN
5805,2023-08-15,LE BOUSQUET D'ORB,NON,15940,11:13,IC SRO,ST GEORGES DE LUZENCON,JOUNOREST,FRINM,10:19,FRIMG
5806,2023-08-15,TOURNEMIRE ROQUEFORT,NON,15940,12:26,IC SRO,BANASSAC LA CANOURGUE,JOUNOREST,FRINH,10:59,FRINO
5807,2023-08-15,MAGALAS,NON,15940,10:18,IC SRO,LE BOUSQUET D'ORB,JOUNOREST,FRIMG,09:47,FRIMK
5808,2023-08-15,MAGALAS,NON,15940,14:57,IC SRO,MASSIAC BLESLE,JOUNOREST,FRHMY,09:47,FRIMK
5809,2023-08-15,AUMONT AUBRAC,NON,15940,14:57,IC SRO,MASSIAC BLESLE,JOUNOREST,FRHMY,13:15,FRINC
5810,2023-08-15,BEDARIEUX,NON,15940,12:41,IC SRO,LE MONASTIER,JOUNOREST,FRLMR,10:08,FRIMH
5811,2023-08-15,PARIS (intramuros),OUI,7189,20:58,NORD,DOUAI,PAARRAS,FRXDN,19:52,FRPNO
5812,2023-08-15,MONTBARD,NON,6703,12:18,SUD EST,MULHOUSE VILLE,PABOUR,FRAEK,10:24,FRGWE
5813,2023-08-15,PARIS (intramuros),NON,6703,11:29,SUD EST,BESANCON - F COMTE TGV,PABOUR,FRTJB,09:18,FRPLY
5814,2023-08-15,CANNES,OUI,6175,15:38,SUD EST,ANTIBES,PAAZUR,FRXAT,15:30,FRJCA
5815,2023-08-15,MARSEILLE ST CHARLES,OUI,6175,14:11,SUD EST,TOULON,PAAZUR,FRTLN,13:28,FRMSC
5816,2023-08-15,MARSEILLE ST CHARLES,OUI,6175,14:48,SUD EST,LES ARCS DRAGUIGNAN,PAAZUR,FRXRS,13:28,FRMSC
5817,2023-08-15,PARIS (intramuros),NON,6175,14:48,SUD EST,LES ARCS DRAGUIGNAN,PAAZUR,FRXRS,10:10,FRPLY
5818,2023-08-15,TOULON,OUI,6175,15:25,SUD EST,CANNES,PAAZUR,FRJCA,14:15,FRTLN
5819,2023-08-15,TOULON,OUI,6175,15:57,SUD EST,NICE VILLE,PAAZUR,FRNIC,14:15,FRTLN
5820,2023-08-15,TOULON,OUI,6175,14:48,SUD EST,LES ARCS DRAGUIGNAN,PAAZUR,FRXRS,14:15,FRTLN
5821,2023-08-15,LAMBALLE,NON,8636,20:20,ATLANTIQUE,PARIS (intramuros),BRETAPARIS,FRPMO,17:47,FRLAM
5822,2023-08-15,MORLAIX,NON,8636,20:20,ATLANTIQUE,PARIS (intramuros),BRETAPARIS,FRPMO,16:47,FRMXN
5823,2023-08-15,RENNES,NON,8636,19:01,ATLANTIQUE,LAVAL,BRETAPARIS,FRACR,18:35,FRRNS
5824,2023-08-15,MANNHEIM HBF,NON,9563,18:59,INTERNATIONAL,FRANKFURT MAIN HBF,PAFRANC,DEFRH,18:21,DEMHG
5825,2023-08-15,KARLSRUHE HBF,NON,9563,18:18,INTERNATIONAL,MANNHEIM HBF,PAFRANC,DEMHG,17:55,DEQKA
5826,2023-08-15,PARIS (intramuros),NON,9563,17:07,INTERNATIONAL,STRASBOURG,PAFRANC,FRAEG,15:21,FRPST
5827,2023-08-15,ANGOULEME,NON,5284,17:57,NORD,LILLE (intramuros),JCAQUINORD,FRLLE,13:36,FRANG
5828,2023-08-15,BORDEAUX ST JEAN,NON,5284,17:57,NORD,LILLE (intramuros),JCAQUINORD,FRLLE,12:58,FRBOJ
5829,2023-08-15,MASSY TGV,NON,5284,16:41,NORD,AEROPORT CDG2 TGV ROISSY,JCAQUINORD,FRMLW,15:55,FRDJU
5830,2023-08-15,THIONVILLE,OUI,2892,20:52,EST,METZ VILLE,LUXMETZPA,FRADE,20:34,FRXTH
5831,2023-08-15,THIONVILLE,NON,2892,22:20,EST,PARIS (intramuros),LUXMETZPA,FRPST,20:34,FRXTH
5832,2023-08-15,LUXEMBOURG,OUI,2892,20:31,EST,THIONVILLE,LUXMETZPA,FRXTH,20:10,LULUX
5833,2023-08-15,LYON (intramuros),OUI,6617,16:10,SUD EST,LYON (intramuros),PARISRHONE,FRLPE,16:02,FRLPD
5834,2023-08-15,BEZIERS,NON,9711,11:56,SUD EST,PERPIGNAN,PABARCELONE,FRPGF,11:06,FRBZR
5835,2023-08-15,PARIS (intramuros),NON,9711,09:07,SUD EST,VALENCE TGV RHONE-ALPES SUD,PABARCELONE,FRVLA,06:56,FRPLY
5836,2023-08-15,PARIS (intramuros),NON,9711,11:20,SUD EST,NARBONNE,PABARCELONE,FRXNA,06:56,FRPLY
5837,2023-08-15,VALENCE TGV RHONE-ALPES SUD,NON,9711,10:31,SUD EST,SETE,PABARCELONE,FRXSY,09:10,FRVLA
5838,2023-08-15,AGDE,NON,9711,11:56,SUD EST,PERPIGNAN,PABARCELONE,FRPGF,10:51,FRXAG
5839,2023-08-15,MONTPELLIER SUD DE FRANCE,NON,9711,10:31,SUD EST,SETE,PABARCELONE,FRXSY,10:17,FRSUF
5840,2023-08-15,NIMES PONT DU GARD,NON,9711,10:48,SUD EST,AGDE,PABARCELONE,FRXAG,09:49,FRXZP
5841,2023-08-15,NARBONNE,NON,9711,13:25,SUD EST,BARCELONA SANTS,PABARCELONE,ESBST,11:23,FRXNA
5842,2023-08-15,VALENCE TGV RHONE-ALPES SUD,NON,9711,12:44,SUD EST,GIRONA,PABARCELONE,ESGRO,09:10,FRVLA
5843,2023-08-15,PERPIGNAN,NON,9711,12:44,SUD EST,GIRONA,PABARCELONE,ESGRO,12:03,FRPGF
5844,2023-08-15,BEZIERS,NON,9711,12:44,SUD EST,GIRONA,PABARCELONE,ESGRO,11:06,FRBZR
5845,2023-08-15,PARIS (intramuros),OUI,6941,15:36,SUD EST,CHAMBERY CHALLES LES EAUX,PARISALPES,FRCMF,12:46,FRPLY
5846,2023-08-15,PARIS (intramuros),OUI,6941,14:17,SUD EST,MACON LOCHE TGV,PARISALPES,FRMLT,12:46,FRPLY
5847,2023-08-15,LYON (intramuros),OUI,6616,14:00,SUD EST,PARIS (intramuros),RHONEPARIS,FRPLY,12:04,FRLPD
5848,2023-08-15,LYON (intramuros),OUI,6616,11:58,SUD EST,LYON (intramuros),RHONEPARIS,FRLPD,11:50,FRLPE
5849,2023-08-15,LYON (intramuros),OUI,6616,14:00,SUD EST,PARIS (intramuros),RHONEPARIS,FRPLY,11:50,FRLPE
5850,2023-08-15,LA ROCHELLE VILLE,OUI,8388,19:13,ATLANTIQUE,NIORT,ROCHELLEPA,FRNIT,18:37,FRLRH
5851,2023-08-15,POITIERS,NON,8388,21:40,ATLANTIQUE,PARIS (intramuros),ROCHELLEPA,FRPMO,20:04,FRPIS
5852,2023-08-15,ST PIERRE DES CORPS,NON,8388,21:40,ATLANTIQUE,PARIS (intramuros),ROCHELLEPA,FRPMO,20:39,FRXSH
5853,2023-08-15,POITIERS,OUI,8389,19:57,ATLANTIQUE,LA ROCHELLE VILLE,PAROCHELLE,FRLRH,18:34,FRPIS
5854,2023-08-15,MONTPELLIER SAINT-ROCH,NON,6034,17:18,SUD EST,PARIS (intramuros),LANGPA,FRPLY,13:50,FRMPL
5855,2023-08-15,MONTPELLIER SAINT-ROCH,OUI,6034,15:01,SUD EST,VALENCE TGV RHONE-ALPES SUD,LANGPA,FRVLA,13:50,FRMPL
5856,2023-08-15,DIJON VILLE,NON,5500,19:41,EST,COLMAR,JCRHONRHIN,FRAEJ,17:50,FRABA
5857,2023-08-15,MULHOUSE VILLE,NON,5500,21:13,EST,METZ VILLE,JCRHONRHIN,FRADE,19:12,FRAEK
5858,2023-08-15,NIMES,NON,5500,16:39,EST,MACON VILLE,JCRHONRHIN,FRHGU,14:25,FRFNI
5859,2023-08-15,NIMES,NON,5500,18:17,EST,BESANCON - F COMTE TGV,JCRHONRHIN,FRTJB,14:25,FRFNI
5860,2023-08-15,NIMES,NON,5500,15:09,EST,VALENCE TGV RHONE-ALPES SUD,JCRHONRHIN,FRVLA,14:25,FRFNI
5861,2023-08-15,MACON VILLE,NON,5500,17:40,EST,DIJON VILLE,JCRHONRHIN,FRABA,16:41,FRHGU
5862,2023-08-15,MONTPELLIER SAINT-ROCH,NON,5500,21:13,EST,METZ VILLE,JCRHONRHIN,FRADE,13:57,FRMPL
5863,2023-08-15,MONTPELLIER SAINT-ROCH,NON,5500,20:13,EST,STRASBOURG,JCRHONRHIN,FRAEG,13:57,FRMPL
5864,2023-08-15,MONTPELLIER SAINT-ROCH,NON,5500,15:51,EST,LYON (intramuros),JCRHONRHIN,FRLPD,13:57,FRMPL
5865,2023-08-15,BESANCON - F COMTE TGV,NON,5500,18:44,EST,BELFORT-MONTBELIARD TGV,JCRHONRHIN,FRTJA,18:22,FRTJB
5866,2023-08-15,VALENCE TGV RHONE-ALPES SUD,NON,5500,20:13,EST,STRASBOURG,JCRHONRHIN,FRAEG,15:12,FRVLA
5867,2023-08-15,VALENCE TGV RHONE-ALPES SUD,NON,5500,19:41,EST,COLMAR,JCRHONRHIN,FRAEJ,15:12,FRVLA
5868,2023-08-15,VALENCE TGV RHONE-ALPES SUD,NON,5500,19:09,EST,MULHOUSE VILLE,JCRHONRHIN,FRAEK,15:12,FRVLA
5869,2023-08-15,VALENCE TGV RHONE-ALPES SUD,NON,5500,18:44,EST,BELFORT-MONTBELIARD TGV,JCRHONRHIN,FRTJA,15:12,FRVLA
5870,2023-08-15,PARIS (intramuros),NON,9557,20:47,INTERNATIONAL,FORBACH,PAFRANC,FRBQT,19:07,FRPST
5871,2023-08-15,MULHOUSE VILLE,OUI,6708,19:02,SUD EST,DIJON VILLE,BOURPA,FRABA,17:46,FRAEK
5872,2023-08-15,MULHOUSE VILLE,OUI,6708,18:31,SUD EST,BESANCON - F COMTE TGV,BOURPA,FRTJB,17:46,FRAEK
5873,2023-08-15,ST MAIXENT DEUX SEVRES,OUI,8395,23:08,ATLANTIQUE,SURGERES,PAROCHELLE,FREIP,22:32,FREJC
5874,2023-08-15,NIORT,OUI,8395,23:08,ATLANTIQUE,SURGERES,PAROCHELLE,FREIP,22:50,FRNIT
5875,2023-08-15,NIORT,OUI,8395,23:31,ATLANTIQUE,LA ROCHELLE VILLE,PAROCHELLE,FRLRH,22:50,FRNIT
5876,2023-08-15,PARIS (intramuros),OUI,8395,22:29,ATLANTIQUE,ST MAIXENT DEUX SEVRES,PAROCHELLE,FREJC,20:24,FRPMO
5877,2023-08-15,PARIS (intramuros),OUI,8395,23:31,ATLANTIQUE,LA ROCHELLE VILLE,PAROCHELLE,FRLRH,20:24,FRPMO
5878,2023-08-15,BEZIERS,OUI,6206,15:08,SUD EST,AGDE,LANGPA,FRXAG,14:57,FRBZR
5879,2023-08-15,PERPIGNAN,OUI,6206,15:08,SUD EST,AGDE,LANGPA,FRXAG,14:04,FRPGF
5880,2023-08-15,NARBONNE,OUI,6206,15:08,SUD EST,AGDE,LANGPA,FRXAG,14:41,FRXNA
5881,2023-08-15,LUCON,NON,3833,13:39,IC SRO,LA ROCHELLE VILLE,NANTEBORDO,FRLRH,13:00,FRLCN
5882,2023-08-15,LUCON,NON,3833,14:03,IC SRO,ROCHEFORT,NANTEBORDO,FRRCO,13:00,FRLCN
5883,2023-08-15,ROCHEFORT,NON,3833,14:32,IC SRO,SAINTES,NANTEBORDO,FRXST,14:05,FRRCO
5884,2023-08-15,LA ROCHE SUR YON,NON,3833,16:08,IC SRO,BORDEAUX ST JEAN,NANTEBORDO,FRBOJ,12:36,FRXRO
5885,2023-08-15,LA ROCHE SUR YON,NON,3833,12:58,IC SRO,LUCON,NANTEBORDO,FRLCN,12:36,FRXRO
5886,2023-08-15,LA ROCHE SUR YON,NON,3833,13:39,IC SRO,LA ROCHELLE VILLE,NANTEBORDO,FRLRH,12:36,FRXRO
5887,2023-08-15,LA ROCHE SUR YON,NON,3833,14:32,IC SRO,SAINTES,NANTEBORDO,FRXST,12:36,FRXRO
5888,2023-08-15,SAINTES,NON,3833,15:10,IC SRO,JONZAC,NANTEBORDO,FREMR,14:34,FRXST
5889,2023-08-15,BEZIERS,NON,6825,21:01,SUD EST,NARBONNE,JCPROVSUD,FRXNA,20:48,FRBZR
5890,2023-08-15,NIMES,NON,6825,21:33,SUD EST,CARCASSONNE,JCPROVSUD,FRCCF,19:38,FRFNI
5891,2023-08-15,NIMES,NON,6825,20:21,SUD EST,SETE,JCPROVSUD,FRXSY,19:38,FRFNI
5892,2023-08-15,MONTPELLIER SAINT-ROCH,NON,6825,20:21,SUD EST,SETE,JCPROVSUD,FRXSY,20:07,FRMPL
5893,2023-08-15,MONTPELLIER SAINT-ROCH,NON,6825,22:19,SUD EST,TOULOUSE MATABIAU,JCPROVSUD,FRXYT,20:07,FRMPL
5894,2023-08-15,VALENCE TGV RHONE-ALPES SUD,NON,6825,20:45,SUD EST,BEZIERS,JCPROVSUD,FRBZR,18:53,FRVLA
5895,2023-08-15,VALENCE TGV RHONE-ALPES SUD,NON,6825,21:33,SUD EST,CARCASSONNE,JCPROVSUD,FRCCF,18:53,FRVLA
5896,2023-08-15,VALENCE TGV RHONE-ALPES SUD,NON,6825,21:01,SUD EST,NARBONNE,JCPROVSUD,FRXNA,18:53,FRVLA
5897,2023-08-15,MASSY TGV,NON,5320,21:47,SUD EST,LYON (intramuros),JCATLSUD,FRLPE,19:26,FRDJU
5898,2023-08-15,NANTES,NON,5320,21:30,SUD EST,LYON (intramuros),JCATLSUD,FRLPD,17:05,FRNTE
5899,2023-08-15,ANGERS ST LAUD,OUI,8923,18:00,ATLANTIQUE,LE POULIGUEN,PARISLOIRE,FREGS,16:13,FRACL
5900,2023-08-15,ANGERS ST LAUD,OUI,8923,18:09,ATLANTIQUE,LE CROISIC,PARISLOIRE,FREGU,16:13,FRACL
5901,2023-08-15,ANGERS ST LAUD,OUI,8923,17:54,ATLANTIQUE,LA BAULE ESCOUBLAC,PARISLOIRE,FRJEE,16:13,FRACL
5902,2023-08-15,PORNICHET,OUI,8923,17:54,ATLANTIQUE,LA BAULE ESCOUBLAC,PARISLOIRE,FRJEE,17:50,FREGR
5903,2023-08-15,LA BAULE ESCOUBLAC,OUI,8923,18:00,ATLANTIQUE,LE POULIGUEN,PARISLOIRE,FREGS,17:57,FRJEE
5904,2023-08-15,LA BAULE ESCOUBLAC,OUI,8923,18:09,ATLANTIQUE,LE CROISIC,PARISLOIRE,FREGU,17:57,FRJEE
5905,2023-08-15,NANTES,OUI,8923,17:34,ATLANTIQUE,ST NAZAIRE,PARISLOIRE,FRSNR,16:59,FRNTE
5906,2023-08-15,PARIS (intramuros),OUI,8923,18:00,ATLANTIQUE,LE POULIGUEN,PARISLOIRE,FREGS,14:45,FRPMO
5907,2023-08-15,PARIS (intramuros),OUI,8923,16:53,ATLANTIQUE,NANTES,PARISLOIRE,FRNTE,14:45,FRPMO
5908,2023-08-15,DIJON VILLE,OUI,6706,17:35,SUD EST,MONTBARD,BOURPA,FRGWE,17:00,FRABA
5909,2023-08-15,MULHOUSE VILLE,OUI,6706,18:42,SUD EST,PARIS (intramuros),BOURPA,FRPLY,15:40,FRAEK
5910,2023-08-15,MULHOUSE VILLE,OUI,6706,16:25,SUD EST,BESANCON - F COMTE TGV,BOURPA,FRTJB,15:40,FRAEK
5911,2023-08-15,CLERMONT FERRAND,NON,5990,20:29,IC ARO,MOULINS SUR ALLIER,CLERMONTPA,FRXMU,19:31,FRCFE
5912,2023-08-15,RIOM CHATEL GUYON,NON,5990,22:57,IC ARO,PARIS (intramuros),CLERMONTPA,FRPBE,19:42,FRRIO
5913,2023-08-15,RIOM CHATEL GUYON,OUI,5990,20:04,IC ARO,VICHY,CLERMONTPA,FRVHY,19:42,FRRIO
5914,2023-08-15,VICHY,NON,5990,20:58,IC ARO,NEVERS,CLERMONTPA,FRNVS,20:06,FRVHY
5915,2023-08-15,REIMS,OUI,2765,22:39,EST,RETHEL,PABARSED,FRBDT,22:14,FRRHE
5916,2023-08-15,DIJON VILLE,OUI,6745,19:01,SUD EST,DOLE VILLE,PABOUR,FRACE,18:39,FRABA
5917,2023-08-15,DOLE VILLE,OUI,6745,19:27,SUD EST,BESANCON VIOTTE,PABOUR,FRABG,19:04,FRACE
5918,2023-08-15,MONTBARD,OUI,6745,18:35,SUD EST,DIJON VILLE,PABOUR,FRABA,17:57,FRGWE
5919,2023-08-15,MONTBARD,OUI,6745,19:01,SUD EST,DOLE VILLE,PABOUR,FRACE,17:57,FRGWE
5920,2023-08-15,PARIS (intramuros),OUI,6745,18:35,SUD EST,DIJON VILLE,PABOUR,FRABA,16:52,FRPLY
5921,2023-08-15,NICE VILLE,OUI,6166,12:47,SUD EST,ANTIBES,AZURPA,FRXAT,12:35,FRNIC
5922,2023-08-15,TOULON,NON,6166,18:16,SUD EST,PARIS (intramuros),AZURPA,FRPLY,14:18,FRTLN
5923,2023-08-15,ANTIBES,NON,6166,18:16,SUD EST,PARIS (intramuros),AZURPA,FRPLY,12:50,FRXAT
5924,2023-08-15,ST RAPHAEL VALESCURE,OUI,6166,14:14,SUD EST,TOULON,AZURPA,FRTLN,13:28,FRXSK
5925,2023-08-15,DIJON VILLE,NON,2087,13:00,EST,LYON (intramuros),JCRHINRHON,FRLPD,11:21,FRABA
5926,2023-08-15,STRASBOURG,NON,2087,14:25,EST,AVIGNON TGV,JCRHINRHON,FRAVG,09:03,FRAEG
5927,2023-08-15,STRASBOURG,NON,2087,15:07,EST,MARSEILLE ST CHARLES,JCRHINRHON,FRMSC,09:03,FRAEG
5928,2023-08-15,MULHOUSE VILLE,NON,2087,11:11,EST,DIJON VILLE,JCRHINRHON,FRABA,09:57,FRAEK
5929,2023-08-15,MULHOUSE VILLE,NON,2087,12:19,EST,MACON VILLE,JCRHINRHON,FRHGU,09:57,FRAEK
5930,2023-08-15,MULHOUSE VILLE,NON,2087,15:07,EST,MARSEILLE ST CHARLES,JCRHINRHON,FRMSC,09:57,FRAEK
5931,2023-08-15,MULHOUSE VILLE,NON,2087,13:46,EST,VALENCE TGV RHONE-ALPES SUD,JCRHINRHON,FRVLA,09:57,FRAEK
5932,2023-08-15,MACON VILLE,NON,2087,13:00,EST,LYON (intramuros),JCRHINRHON,FRLPD,12:22,FRHGU
5933,2023-08-15,BELFORT-MONTBELIARD TGV,NON,2087,13:00,EST,LYON (intramuros),JCRHINRHON,FRLPD,10:21,FRTJA
5934,2023-08-15,BESANCON - F COMTE TGV,NON,2087,11:11,EST,DIJON VILLE,JCRHINRHON,FRABA,10:44,FRTJB
5935,2023-08-15,BESANCON - F COMTE TGV,NON,2087,13:46,EST,VALENCE TGV RHONE-ALPES SUD,JCRHINRHON,FRVLA,10:44,FRTJB
5936,2023-08-15,VALENCE TGV RHONE-ALPES SUD,NON,2087,14:49,EST,AIX EN PROVENCE TGV,JCRHINRHON,FRAIE,13:51,FRVLA
5937,2023-08-15,VALENCE TGV RHONE-ALPES SUD,NON,2087,14:25,EST,AVIGNON TGV,JCRHINRHON,FRAVG,13:51,FRVLA
5938,2023-08-15,LIMOGES BENEDICTINS,OUI,3645,19:02,IC ARO,BRIVE LA GAILLARDE,PALITO,FRBVE,18:02,FRAGQ
5939,2023-08-15,LIMOGES BENEDICTINS,OUI,3645,21:23,IC ARO,TOULOUSE MATABIAU,PALITO,FRXYT,18:02,FRAGQ
5940,2023-08-15,CHATEAUROUX,OUI,3645,20:39,IC ARO,CAUSSADE TARN ET GARONNE,PALITO,FRFTA,16:48,FRCHR
5941,2023-08-15,CHATEAUROUX,OUI,3645,20:12,IC ARO,CAHORS,PALITO,FRZAO,16:48,FRCHR
5942,2023-08-15,GOURDON,OUI,3645,20:39,IC ARO,CAUSSADE TARN ET GARONNE,PALITO,FRFTA,19:48,FRFSI
5943,2023-08-15,GOURDON,OUI,3645,20:12,IC ARO,CAHORS,PALITO,FRZAO,19:48,FRFSI
5944,2023-08-15,CAUSSADE TARN ET GARONNE,OUI,3645,21:23,IC ARO,TOULOUSE MATABIAU,PALITO,FRXYT,20:40,FRFTA
5945,2023-08-15,LES AUBRAIS ORLEANS,OUI,3645,19:46,IC ARO,GOURDON,PALITO,FRFSI,15:40,FRLAB
5946,2023-08-15,LES AUBRAIS ORLEANS,OUI,3645,20:39,IC ARO,CAUSSADE TARN ET GARONNE,PALITO,FRFTA,15:40,FRLAB
5947,2023-08-15,PARIS (intramuros),OUI,3645,19:46,IC ARO,GOURDON,PALITO,FRFSI,14:40,FRPAZ
5948,2023-08-15,PARIS (intramuros),OUI,3645,20:39,IC ARO,CAUSSADE TARN ET GARONNE,PALITO,FRFTA,14:40,FRPAZ
5949,2023-08-15,PARIS (intramuros),OUI,3645,20:12,IC ARO,CAHORS,PALITO,FRZAO,14:40,FRPAZ
5950,2023-08-15,SOUILLAC,OUI,3645,19:46,IC ARO,GOURDON,PALITO,FRFSI,19:31,FRSOU
5951,2023-08-15,CAHORS,OUI,3645,20:39,IC ARO,CAUSSADE TARN ET GARONNE,PALITO,FRFTA,20:14,FRZAO
5952,2023-08-15,CAHORS,OUI,3645,20:54,IC ARO,MONTAUBAN VILLE BOURBON,PALITO,FRXMW,20:14,FRZAO
5953,2023-08-15,LA SOUTERRAINE,OUI,3645,20:39,IC ARO,CAUSSADE TARN ET GARONNE,PALITO,FRFTA,17:25,FRLST
5954,2023-08-15,DAX,NON,8589,00:27,ATLANTIQUE,PARIS (intramuros),SUDOUESTPA,FRPMO,20:59,FRACG
5955,2023-08-15,PAU,NON,8589,00:27,ATLANTIQUE,PARIS (intramuros),SUDOUESTPA,FRPMO,20:10,FRAEE
5956,2023-08-15,BORDEAUX ST JEAN,NON,8589,00:27,ATLANTIQUE,PARIS (intramuros),SUDOUESTPA,FRPMO,22:21,FRBOJ
5957,2023-08-15,LOURDES,OUI,8589,20:56,ATLANTIQUE,DAX,SUDOUESTPA,FRACG,19:42,FRLDE
5958,2023-08-15,LOURDES,OUI,8589,20:07,ATLANTIQUE,PAU,SUDOUESTPA,FRAEE,19:42,FRLDE
5959,2023-08-15,DAX,NON,3742,06:08,IC NUIT,LES AUBRAIS ORLEANS,PALOMBEPAR,FRLAB,20:49,FRACG
5960,2023-08-15,BIARRITZ,NON,3742,06:08,IC NUIT,LES AUBRAIS ORLEANS,PALOMBEPAR,FRLAB,19:22,FRBIQ
5961,2023-08-15,ST JEAN DE LUZ CIBOURE,NON,3742,06:08,IC NUIT,LES AUBRAIS ORLEANS,PALOMBEPAR,FRLAB,19:10,FRXJZ
5962,2023-08-15,ST GAUDENS,NON,3742,07:19,IC NUIT,PARIS (intramuros),PALOMBEPAR,FRPAZ,23:12,FRFPH
5963,2023-08-15,LILLE (intramuros),NON,5102,10:11,NORD,AVIGNON TGV,JCNORDSUD,FRAVG,06:00,FRLLE
5964,2023-08-15,LYON (intramuros),NON,5102,10:11,NORD,AVIGNON TGV,JCNORDSUD,FRAVG,09:06,FRLPD
5965,2023-08-15,AEROPORT CDG2 TGV ROISSY,OUI,5102,07:06,NORD,MARNE LA VALLEE CHESSY,JCNORDSUD,FRMLV,06:56,FRMLW
5966,2023-08-15,NIMES PONT DU GARD,NON,6054,22:08,SUD EST,PARIS (intramuros),LANGPA,FRPLY,19:14,FRXZP
5967,2023-08-15,SURGERES,OUI,8392,21:47,ATLANTIQUE,NIORT,ROCHELLEPA,FRNIT,21:30,FREIP
5968,2023-08-15,SURGERES,OUI,8392,23:12,ATLANTIQUE,ST PIERRE DES CORPS,ROCHELLEPA,FRXSH,21:30,FREIP
5969,2023-08-15,LA ROCHELLE VILLE,OUI,8392,21:27,ATLANTIQUE,SURGERES,ROCHELLEPA,FREIP,21:09,FRLRH
5970,2023-08-15,NIORT,OUI,8392,00:17,ATLANTIQUE,PARIS (intramuros),ROCHELLEPA,FRPMO,21:50,FRNIT
5971,2023-08-15,VANNES,OUI,8731,21:28,ATLANTIQUE,QUIMPER,PARISBRETA,FRUIP,20:27,FRVNE
5972,2023-08-15,NIMES,OUI,6223,20:13,SUD EST,MONTPELLIER SAINT-ROCH,PALANG,FRMPL,19:47,FRFNI
5973,2023-08-15,PARIS (intramuros),OUI,6223,21:03,SUD EST,BEZIERS,PALANG,FRBZR,16:42,FRPLY
5974,2023-08-15,PARIS (intramuros),OUI,6223,21:56,SUD EST,PERPIGNAN,PALANG,FRPGF,16:42,FRPLY
5975,2023-08-15,PARIS (intramuros),OUI,6223,20:49,SUD EST,AGDE,PALANG,FRXAG,16:42,FRPLY
5976,2023-08-15,VALENCE TGV RHONE-ALPES SUD,OUI,6223,21:03,SUD EST,BEZIERS,PALANG,FRBZR,19:01,FRVLA
5977,2023-08-15,VALENCE TGV RHONE-ALPES SUD,OUI,6223,19:43,SUD EST,NIMES,PALANG,FRFNI,19:01,FRVLA
5978,2023-08-15,VALENCE TGV RHONE-ALPES SUD,OUI,6223,21:56,SUD EST,PERPIGNAN,PALANG,FRPGF,19:01,FRVLA
5979,2023-08-15,KARLSRUHE HBF,NON,9561,10:18,INTERNATIONAL,MANNHEIM HBF,PAFRANC,DEMHG,09:55,DEQKA
5980,2023-08-15,PARIS (intramuros),NON,9561,09:53,INTERNATIONAL,KARLSRUHE HBF,PAFRANC,DEQKA,07:20,FRPST
5981,2023-08-15,PARIS (intramuros),NON,9561,09:06,INTERNATIONAL,STRASBOURG,PAFRANC,FRAEG,07:20,FRPST
5982,2023-08-15,BORDEAUX ST JEAN,OUI,8541,16:26,ATLANTIQUE,BIARRITZ,PASUDOUEST,FRBIQ,14:21,FRBOJ
5983,2023-08-15,BAYONNE,OUI,8541,16:26,ATLANTIQUE,BIARRITZ,PASUDOUEST,FRBIQ,16:17,FRXBY
5984,2023-08-15,PARIS (intramuros),OUI,6033,12:43,SUD EST,NIMES,PALANG,FRFNI,09:42,FRPLY
5985,2023-08-15,VALENCE TGV RHONE-ALPES SUD,OUI,6033,12:43,SUD EST,NIMES,PALANG,FRFNI,12:00,FRVLA
5986,2023-08-15,VALENCE TGV RHONE-ALPES SUD,OUI,6033,13:13,SUD EST,MONTPELLIER SAINT-ROCH,PALANG,FRMPL,12:00,FRVLA
5987,2023-08-15,NIMES,NON,2204,19:09,EST,MULHOUSE VILLE,JCRHONRHIN,FRAEK,14:25,FRFNI
5988,2023-08-15,MACON VILLE,NON,2204,18:17,EST,BESANCON - F COMTE TGV,JCRHONRHIN,FRTJB,16:41,FRHGU
5989,2023-08-15,BELFORT-MONTBELIARD TGV,NON,2204,19:41,EST,COLMAR,JCRHONRHIN,FRAEJ,18:47,FRTJA
5990,2023-08-15,VALENCE TGV RHONE-ALPES SUD,NON,2204,19:41,EST,COLMAR,JCRHONRHIN,FRAEJ,15:12,FRVLA
5991,2023-08-15,PARIS (intramuros),OUI,8657,05:08,ATLANTIQUE,MORLAIX,PARISBRETA,FRMXN,23:59,FRPMO
5992,2023-08-15,PARIS (intramuros),OUI,6627,19:56,SUD EST,LYON (intramuros),PARISRHONE,FRLPD,17:52,FRPLY
5993,2023-08-15,BRUXELLES MIDI BRUSSEL ZUID,NON,9812,14:03,NORD,MONTPELLIER SAINT-ROCH,JCNORDSUD,FRMPL,08:17,BEBMI
5994,2023-08-15,BRUXELLES MIDI BRUSSEL ZUID,NON,9812,12:45,NORD,VALENCE TGV RHONE-ALPES SUD,JCNORDSUD,FRVLA,08:17,BEBMI
5995,2023-08-15,MARNE LA VALLEE CHESSY,NON,9812,13:33,NORD,NIMES,JCNORDSUD,FRFNI,10:13,FRMLV
5996,2023-08-15,MARNE LA VALLEE CHESSY,NON,9812,14:03,NORD,MONTPELLIER SAINT-ROCH,JCNORDSUD,FRMPL,10:13,FRMLV
5997,2023-08-15,VALENCE TGV RHONE-ALPES SUD,NON,9812,14:03,NORD,MONTPELLIER SAINT-ROCH,JCNORDSUD,FRMPL,12:50,FRVLA
5998,2023-08-15,LORIENT,OUI,8751,23:13,ATLANTIQUE,QUIMPERLE,PARISBRETA,FRECO,23:02,FRLRT
5999,2023-08-15,LORIENT,OUI,8751,23:30,ATLANTIQUE,ROSPORDEN,PARISBRETA,FRRSP,23:02,FRLRT
6000,2023-08-15,PARIS (intramuros),OUI,8751,23:13,ATLANTIQUE,QUIMPERLE,PARISBRETA,FRECO,19:54,FRPMO
6001,2023-08-15,RENNES,OUI,8751,23:45,ATLANTIQUE,QUIMPER,PARISBRETA,FRUIP,21:29,FRRNS
6002,2023-08-15,RENNES,OUI,8751,22:03,ATLANTIQUE,REDON,PARISBRETA,FRXRN,21:29,FRRNS
6003,2023-08-15,VANNES,OUI,8751,23:45,ATLANTIQUE,QUIMPER,PARISBRETA,FRUIP,22:31,FRVNE
6004,2023-08-15,REDON,OUI,8751,23:30,ATLANTIQUE,ROSPORDEN,PARISBRETA,FRRSP,22:05,FRXRN
6005,2023-08-15,AURAY,OUI,8751,23:13,ATLANTIQUE,QUIMPERLE,PARISBRETA,FRECO,22:44,FRXUY
6006,2023-08-15,AURAY,OUI,8751,23:45,ATLANTIQUE,QUIMPER,PARISBRETA,FRUIP,22:44,FRXUY
6007,2023-08-15,AIX EN PROVENCE TGV,NON,6134,20:42,SUD EST,AVIGNON TGV,PROVENCEPA,FRAVG,20:23,FRAIE
6008,2023-08-15,AVIGNON TGV,NON,6134,23:30,SUD EST,PARIS (intramuros),PROVENCEPA,FRPLY,20:45,FRAVG
6009,2023-08-15,MARSEILLE ST CHARLES,NON,6134,23:30,SUD EST,PARIS (intramuros),PROVENCEPA,FRPLY,20:09,FRMSC
6010,2023-08-15,AGEN,NON,4655,11:22,IC ARO,NIMES,TJOURSOSE,FRFNI,07:33,FRAGF
6011,2023-08-15,AGEN,OUI,4655,08:37,IC ARO,TOULOUSE MATABIAU,TJOURSOSE,FRXYT,07:33,FRAGF
6012,2023-08-15,BEZIERS,NON,4655,10:54,IC ARO,MONTPELLIER SAINT-ROCH,TJOURSOSE,FRMPL,10:18,FRBZR
6013,2023-08-15,CARCASSONNE,NON,4655,12:36,IC ARO,MARSEILLE ST CHARLES,TJOURSOSE,FRMSC,09:29,FRCCF
6014,2023-08-15,CARCASSONNE,NON,4655,09:58,IC ARO,NARBONNE,TJOURSOSE,FRXNA,09:29,FRCCF
6015,2023-08-15,MONTPELLIER SAINT-ROCH,NON,4655,11:22,IC ARO,NIMES,TJOURSOSE,FRFNI,10:58,FRMPL
6016,2023-08-15,TOULOUSE MATABIAU,NON,4655,09:58,IC ARO,NARBONNE,TJOURSOSE,FRXNA,08:45,FRXYT
6017,2023-08-15,LOURDES,NON,14150,19:34,IC SRO,ST GAUDENS,SUDOUEST,FRFPH,18:39,FRLDE
6018,2023-08-15,BAYONNE,NON,14150,18:52,IC SRO,TARBES,SUDOUEST,FRXTB,17:03,FRXBY
6019,2023-08-15,TARBES,NON,14150,19:34,IC SRO,ST GAUDENS,SUDOUEST,FRFPH,18:55,FRXTB
6020,2023-08-15,MULHOUSE VILLE,OUI,6704,13:23,SUD EST,DIJON VILLE,BOURPA,FRABA,12:05,FRAEK
6021,2023-08-15,MULHOUSE VILLE,NON,6704,14:02,SUD EST,MONTBARD,BOURPA,FRGWE,12:05,FRAEK
6022,2023-08-15,MONTBARD,NON,6704,15:08,SUD EST,PARIS (intramuros),BOURPA,FRPLY,14:05,FRGWE
6023,2023-08-15,BESANCON - F COMTE TGV,OUI,6704,13:23,SUD EST,DIJON VILLE,BOURPA,FRABA,12:54,FRTJB
6024,2023-08-15,BESANCON - F COMTE TGV,NON,6704,15:08,SUD EST,PARIS (intramuros),BOURPA,FRPLY,12:54,FRTJB
6025,2023-08-15,PARIS (intramuros),OUI,2647,22:51,EST,METZ VILLE,PAMETZLUX,FRADE,21:24,FRPST
6026,2023-08-15,AIX EN PROVENCE TGV,NON,6136,09:22,SUD EST,PARIS (intramuros),PROVENCEPA,FRPLY,06:18,FRAIE
6027,2023-08-15,AVIGNON TGV,NON,6136,09:22,SUD EST,PARIS (intramuros),PROVENCEPA,FRPLY,06:41,FRAVG
6028,2023-08-15,MARSEILLE ST CHARLES,OUI,6136,06:15,SUD EST,AIX EN PROVENCE TGV,PROVENCEPA,FRAIE,06:04,FRMSC
6029,2023-08-15,ANGERS ST LAUD,NON,5482,13:12,EST,STRASBOURG,JCATLEST,FRAEG,08:43,FRACL
6030,2023-08-15,ANGERS ST LAUD,NON,5482,11:52,EST,CHAMPAGNE-ARDENNE,JCATLEST,FREAH,08:43,FRACL
6031,2023-08-15,LE MANS,NON,5482,11:09,EST,AEROPORT CDG2 TGV ROISSY,JCATLEST,FRMLW,09:30,FRAET
6032,2023-08-15,MASSY TGV,NON,5482,10:55,EST,MARNE LA VALLEE CHESSY,JCATLEST,FRMLV,10:26,FRDJU
6033,2023-08-15,CHAMPAGNE-ARDENNE,OUI,5482,12:32,EST,LORRAINE TGV,JCATLEST,FREAM,11:55,FREAH
6034,2023-08-15,MARNE LA VALLEE CHESSY,NON,5482,13:12,EST,STRASBOURG,JCATLEST,FRAEG,11:00,FRMLV
6035,2023-08-15,MARNE LA VALLEE CHESSY,NON,5482,11:52,EST,CHAMPAGNE-ARDENNE,JCATLEST,FREAH,11:00,FRMLV
6036,2023-08-15,NANTES,NON,5482,09:21,EST,LE MANS,JCATLEST,FRAET,08:03,FRNTE
6037,2023-08-15,STRASBOURG,NON,5535,22:26,EST,MACON VILLE,JCRHINRHON,FRHGU,19:03,FRAEG
6038,2023-08-15,STRASBOURG,NON,5535,20:49,EST,BESANCON - F COMTE TGV,JCRHINRHON,FRTJB,19:03,FRAEG
6039,2023-08-15,COLMAR,NON,5535,23:18,EST,LYON (intramuros),JCRHINRHON,FRLPE,19:33,FRAEJ
6040,2023-08-15,MULHOUSE VILLE,NON,5535,20:49,EST,BESANCON - F COMTE TGV,JCRHINRHON,FRTJB,20:04,FRAEK
6041,2023-08-15,BELFORT-MONTBELIARD TGV,NON,5535,23:18,EST,LYON (intramuros),JCRHINRHON,FRLPE,20:29,FRTJA
6042,2023-08-15,BESANCON - F COMTE TGV,OUI,5535,23:04,EST,LYON (intramuros),JCRHINRHON,FRLPD,20:52,FRTJB
6043,2023-08-15,POITIERS,OUI,8391,20:18,ATLANTIQUE,ST MAIXENT DEUX SEVRES,PAROCHELLE,FREJC,19:49,FRPIS
6044,2023-08-15,PARIS (intramuros),OUI,8391,20:58,ATLANTIQUE,SURGERES,PAROCHELLE,FREIP,18:24,FRPMO
6045,2023-08-15,PARIS (intramuros),OUI,8391,20:37,ATLANTIQUE,NIORT,PAROCHELLE,FRNIT,18:24,FRPMO
6046,2023-08-15,GRENOBLE,NON,6922,19:46,SUD EST,PARIS (intramuros),GRENOBLEPA,FRPLY,16:47,FRGNB
6047,2023-08-15,LYON-SAINT EXUPERY TGV,NON,6922,19:46,SUD EST,PARIS (intramuros),GRENOBLEPA,FRPLY,17:54,FRJDQ
6048,2023-08-15,ARRAS,OUI,7130,18:08,NORD,PARIS (intramuros),ARRASPA,FRPNO,17:18,FRQRV
6049,2023-08-15,MULHOUSE VILLE,OUI,6702,08:31,SUD EST,BESANCON - F COMTE TGV,BOURPA,FRTJB,07:46,FRAEK
6050,2023-08-15,BELFORT-MONTBELIARD TGV,OUI,6702,08:31,SUD EST,BESANCON - F COMTE TGV,BOURPA,FRTJB,08:11,FRTJA
6051,2023-08-15,PARIS (intramuros),OUI,8461,00:42,ATLANTIQUE,BORDEAUX ST JEAN,PASUDOUEST,FRBOJ,21:45,FRPMO
6052,2023-08-15,PARIS (intramuros),OUI,8461,22:45,ATLANTIQUE,ST PIERRE DES CORPS,PASUDOUEST,FRXSH,21:45,FRPMO
6053,2023-08-15,METZ VILLE,OUI,2843,22:52,EST,LUXEMBOURG,PAMETZLUX,LULUX,22:09,FRADE
6054,2023-08-15,PARIS (intramuros),OUI,2843,22:04,EST,METZ VILLE,PAMETZLUX,FRADE,20:40,FRPST
6055,2023-08-15,TARBES,OUI,8585,17:17,ATLANTIQUE,PAU,SUDOUESTPA,FRAEE,16:25,FRXTB
6056,2023-08-15,TARBES,OUI,8585,17:41,ATLANTIQUE,ORTHEZ,SUDOUESTPA,FRGFI,16:25,FRXTB
6057,2023-08-15,TARBES,OUI,8585,16:39,ATLANTIQUE,LOURDES,SUDOUESTPA,FRLDE,16:25,FRXTB
6058,2023-08-15,LAVAL,OUI,8739,22:30,ATLANTIQUE,ROSPORDEN,PARISBRETA,FRRSP,19:58,FRACR
6059,2023-08-15,LAVAL,OUI,8739,21:03,ATLANTIQUE,REDON,PARISBRETA,FRXRN,19:58,FRACR
6060,2023-08-15,PARIS (intramuros),OUI,8739,22:13,ATLANTIQUE,QUIMPERLE,PARISBRETA,FRECO,18:40,FRPMO
6061,2023-08-15,PARIS (intramuros),OUI,8739,21:28,ATLANTIQUE,VANNES,PARISBRETA,FRVNE,18:40,FRPMO
6062,2023-08-15,PARIS (intramuros),OUI,8739,21:03,ATLANTIQUE,REDON,PARISBRETA,FRXRN,18:40,FRPMO
6063,2023-08-15,RENNES,OUI,8739,21:03,ATLANTIQUE,REDON,PARISBRETA,FRXRN,20:29,FRRNS
6064,2023-08-15,VANNES,OUI,8739,21:59,ATLANTIQUE,LORIENT,PARISBRETA,FRLRT,21:31,FRVNE
6065,2023-08-15,REDON,OUI,8739,22:30,ATLANTIQUE,ROSPORDEN,PARISBRETA,FRRSP,21:05,FRXRN
6066,2023-08-15,PARIS (intramuros),OUI,9591,19:11,EST,STRASBOURG,PASTRAMULH,FRAEG,17:25,FRPST
6067,2023-08-15,STRASBOURG,OUI,9591,19:54,EST,LAHR SCHWARZW,PASTRAMULH,DEANL,19:11,FRAEG
6068,2023-08-15,RINGSHEIM/EU-PARK,OUI,9591,20:26,EST,FREIBURG BREISGAU HBF,PASTRAMULH,DEFGB,20:03,DERSH
6069,2023-08-15,OFFENBOURG/OFFENBURG,OUI,9591,20:02,EST,RINGSHEIM/EU-PARK,PASTRAMULH,DERSH,19:44,DEZPA
6070,2023-08-15,PARIS (intramuros),OUI,9591,20:02,EST,RINGSHEIM/EU-PARK,PASTRAMULH,DERSH,17:25,FRPST
6071,2023-08-15,BORDEAUX ST JEAN,NON,4669,21:27,IC ARO,CARCASSONNE,TJOURSOSE,FRCCF,18:28,FRBOJ
6072,2023-08-15,BORDEAUX ST JEAN,NON,4669,22:54,IC ARO,MONTPELLIER SAINT-ROCH,TJOURSOSE,FRMPL,18:28,FRBOJ
6073,2023-08-15,BORDEAUX ST JEAN,NON,4669,22:34,IC ARO,SETE,TJOURSOSE,FRXSY,18:28,FRBOJ
6074,2023-08-15,BORDEAUX ST JEAN,NON,4669,20:37,IC ARO,TOULOUSE MATABIAU,TJOURSOSE,FRXYT,18:28,FRBOJ
6075,2023-08-15,MONTAUBAN VILLE BOURBON,NON,4669,23:22,IC ARO,NIMES,TJOURSOSE,FRFNI,20:11,FRXMW
6076,2023-08-15,MONTAUBAN VILLE BOURBON,NON,4669,22:34,IC ARO,SETE,TJOURSOSE,FRXSY,20:11,FRXMW
6077,2023-08-15,MONTAUBAN VILLE BOURBON,NON,4669,20:37,IC ARO,TOULOUSE MATABIAU,TJOURSOSE,FRXYT,20:11,FRXMW
6078,2023-08-15,TOULOUSE MATABIAU,OUI,4669,23:22,IC ARO,NIMES,TJOURSOSE,FRFNI,20:45,FRXYT
6079,2023-08-15,PARIS (intramuros),OUI,7585,21:43,NORD,RANG DU FLIERS VERTON,PAARRAS,FRCVU,18:52,FRPNO
6080,2023-08-15,PARIS (intramuros),OUI,7585,20:42,NORD,CALAIS FRETHUN,PAARRAS,FRSTH,18:52,FRPNO
6081,2023-08-15,ANGERS ST LAUD,NON,2206,15:27,EST,LE MANS,JCATLEST,FRAET,14:49,FRACL
6082,2023-08-15,ANGERS ST LAUD,NON,2206,16:20,EST,MASSY TGV,JCATLEST,FRDJU,14:49,FRACL
6083,2023-08-15,ANGERS ST LAUD,NON,2206,17:13,EST,AEROPORT CDG2 TGV ROISSY,JCATLEST,FRMLW,14:49,FRACL
6084,2023-08-15,MASSY TGV,NON,2206,17:13,EST,AEROPORT CDG2 TGV ROISSY,JCATLEST,FRMLW,16:26,FRDJU
6085,2023-08-15,CHAMPAGNE-ARDENNE,NON,2206,19:29,EST,STRASBOURG,JCATLEST,FRAEG,18:10,FREAH
6086,2023-08-15,LORRAINE TGV,OUI,2206,19:29,EST,STRASBOURG,JCATLEST,FRAEG,18:51,FREAM
6087,2023-08-15,MARNE LA VALLEE CHESSY,NON,2206,17:13,EST,AEROPORT CDG2 TGV ROISSY,JCATLEST,FRMLW,17:03,FRMLV
6088,2023-08-15,NANTES,NON,2206,18:00,EST,CHAMPAGNE-ARDENNE,JCATLEST,FREAH,14:09,FRNTE
6089,2023-08-15,NANTES,NON,2206,16:57,EST,MARNE LA VALLEE CHESSY,JCATLEST,FRMLV,14:09,FRNTE
6090,2023-08-15,ANGERS ST LAUD,NON,9886,10:17,NORD,LILLE (intramuros),JCBRETNORD,FRLLE,06:41,FRACL
6091,2023-08-15,LE MANS,NON,9886,10:17,NORD,LILLE (intramuros),JCBRETNORD,FRLLE,07:26,FRAET
6092,2023-08-15,LE MANS,NON,9886,08:57,NORD,MARNE LA VALLEE CHESSY,JCBRETNORD,FRMLV,07:26,FRAET
6093,2023-08-15,MASSY TGV,NON,9886,09:10,NORD,AEROPORT CDG2 TGV ROISSY,JCBRETNORD,FRMLW,08:26,FRDJU
6094,2023-08-15,MARNE LA VALLEE CHESSY,NON,9886,10:17,NORD,LILLE (intramuros),JCBRETNORD,FRLLE,09:01,FRMLV
6095,2023-08-15,MARNE LA VALLEE CHESSY,NON,9886,09:45,NORD,TGV HAUTE PICARDIE,JCBRETNORD,FRTHP,09:01,FRMLV
6096,2023-08-15,KAISERSLAUTERN HBF,NON,9551,12:17,INTERNATIONAL,MANNHEIM HBF,PAFRANC,DEMHG,11:36,DEKLT
6097,2023-08-15,SARREBRUCK/SAARBRUECKEN,NON,9551,12:17,INTERNATIONAL,MANNHEIM HBF,PAFRANC,DEMHG,10:58,DESBK
6098,2023-08-15,FORBACH,NON,9551,10:56,INTERNATIONAL,SARREBRUCK/SAARBRUECKEN,PAFRANC,DESBK,10:47,FRBQT
6099,2023-08-15,BIARRITZ,OUI,8547,18:41,ATLANTIQUE,ST JEAN DE LUZ CIBOURE,PASUDOUEST,FRXJZ,18:28,FRBIQ
6100,2023-08-15,BORDEAUX ST JEAN,NON,8547,18:13,ATLANTIQUE,BAYONNE,PASUDOUEST,FRXBY,16:21,FRBOJ
6101,2023-08-15,PARIS (intramuros),NON,8547,18:56,ATLANTIQUE,HENDAYE,PASUDOUEST,FRAEF,14:03,FRPMO
6102,2023-08-15,PARIS (intramuros),NON,8547,18:25,ATLANTIQUE,BIARRITZ,PASUDOUEST,FRBIQ,14:03,FRPMO
6103,2023-08-15,BAYONNE,OUI,8547,18:41,ATLANTIQUE,ST JEAN DE LUZ CIBOURE,PASUDOUEST,FRXJZ,18:16,FRXBY
6104,2023-08-15,ST JEAN DE LUZ CIBOURE,OUI,8547,18:56,ATLANTIQUE,HENDAYE,PASUDOUEST,FRAEF,18:43,FRXJZ
6105,2023-08-15,NIORT,OUI,8393,22:02,ATLANTIQUE,SURGERES,PAROCHELLE,FREIP,21:44,FRNIT
6106,2023-08-15,POITIERS,OUI,8393,22:25,ATLANTIQUE,LA ROCHELLE VILLE,PAROCHELLE,FRLRH,20:58,FRPIS
6107,2023-08-15,PARIS (intramuros),OUI,8393,20:19,ATLANTIQUE,ST PIERRE DES CORPS,PAROCHELLE,FRXSH,19:16,FRPMO
6108,2023-08-15,ST PIERRE DES CORPS,OUI,8393,20:55,ATLANTIQUE,POITIERS,PAROCHELLE,FRPIS,20:23,FRXSH
6109,2023-08-15,QUIMPERLE,OUI,8742,18:47,ATLANTIQUE,LORIENT,BRETAPARIS,FRLRT,18:36,FRECO
6110,2023-08-15,LORIENT,NON,8742,21:56,ATLANTIQUE,PARIS (intramuros),BRETAPARIS,FRPMO,18:50,FRLRT
6111,2023-08-15,ROSPORDEN,NON,8742,19:45,ATLANTIQUE,REDON,BRETAPARIS,FRXRN,18:21,FRRSP
6112,2023-08-15,VANNES,NON,8742,21:56,ATLANTIQUE,PARIS (intramuros),BRETAPARIS,FRPMO,19:21,FRVNE
6113,2023-08-15,REDON,NON,8742,21:56,ATLANTIQUE,PARIS (intramuros),BRETAPARIS,FRPMO,19:48,FRXRN
6114,2023-08-15,AURAY,OUI,8742,19:18,ATLANTIQUE,VANNES,BRETAPARIS,FRVNE,19:08,FRXUY
6115,2023-08-15,ANGERS ST LAUD,NON,8874,15:25,ATLANTIQUE,PARIS (intramuros),LOIREPARIS,FRPMO,13:44,FRACL
6116,2023-08-15,NANTES,NON,8874,15:25,ATLANTIQUE,PARIS (intramuros),LOIREPARIS,FRPMO,13:05,FRNTE
6117,2023-08-15,STRASBOURG,OUI,2377,21:06,EST,SELESTAT,PASTRAMULH,FRXSQ,20:47,FRAEG
6118,2023-08-15,POITIERS,OUI,8447,18:44,ATLANTIQUE,BORDEAUX ST JEAN,PASUDOUEST,FRBOJ,17:27,FRPIS
6119,2023-08-15,NANCY,OUI,2234,18:50,EST,MEUSE TGV,NANCYPA,FREAJ,18:17,FRENC
6120,2023-08-15,NANCY,OUI,2234,19:54,EST,PARIS (intramuros),NANCYPA,FRPST,18:17,FRENC
6121,2023-08-15,STUTTGART HBF,NON,9570,20:13,INTERNATIONAL,STRASBOURG,MUNSTUTPA,FRAEG,18:52,DESGT
6122,2023-08-15,KARLSRUHE HBF,NON,9577,21:36,INTERNATIONAL,MUENCHEN HBF,PASTUTMUN,DEBEG,18:27,DEQKA
6123,2023-08-15,KARLSRUHE HBF,NON,9577,20:21,INTERNATIONAL,ULM HBF,PASTUTMUN,DEQUL,18:27,DEQKA
6124,2023-08-15,KARLSRUHE HBF,NON,9577,19:04,INTERNATIONAL,STUTTGART HBF,PASTUTMUN,DESGT,18:27,DEQKA
6125,2023-08-15,ULM HBF,NON,9577,21:04,INTERNATIONAL,AUGSBURG HBF,PASTUTMUN,DEAGB,20:23,DEQUL
6126,2023-08-15,PARIS (intramuros),NON,9577,20:21,INTERNATIONAL,ULM HBF,PASTUTMUN,DEQUL,15:55,FRPST
6127,2023-08-15,GUINGAMP,OUI,8615,14:47,ATLANTIQUE,BREST,PARISBRETA,FRBES,13:40,FRGGP
6128,2023-08-15,LAMBALLE,NON,8615,14:47,ATLANTIQUE,BREST,PARISBRETA,FRBES,13:10,FRLAM
6129,2023-08-15,LAMBALLE,NON,8615,13:53,ATLANTIQUE,PLOUARET TREGOR,PARISBRETA,FRPLT,13:10,FRLAM
6130,2023-08-15,LAMBALLE,NON,8615,13:20,ATLANTIQUE,ST BRIEUC,PARISBRETA,FRSBK,13:10,FRLAM
6131,2023-08-15,PARIS (intramuros),NON,8615,14:47,ATLANTIQUE,BREST,PARISBRETA,FRBES,10:53,FRPMO
6132,2023-08-15,PARIS (intramuros),NON,8615,13:37,ATLANTIQUE,GUINGAMP,PARISBRETA,FRGGP,10:53,FRPMO
6133,2023-08-15,PARIS (intramuros),NON,8615,13:20,ATLANTIQUE,ST BRIEUC,PARISBRETA,FRSBK,10:53,FRPMO
6134,2023-08-15,RENNES,NON,8615,13:08,ATLANTIQUE,LAMBALLE,PARISBRETA,FRLAM,12:32,FRRNS
6135,2023-08-15,ST BRIEUC,OUI,8615,13:37,ATLANTIQUE,GUINGAMP,PARISBRETA,FRGGP,13:23,FRSBK
6136,2023-08-15,ST BRIEUC,OUI,8615,14:12,ATLANTIQUE,MORLAIX,PARISBRETA,FRMXN,13:23,FRSBK
6137,2023-08-15,VENDOME VILLIERS SUR LOIR,OUI,8313,17:43,ATLANTIQUE,TOURS,PAROCHELLE,FRAFW,17:16,FRESL
6138,2023-08-15,VENDOME VILLIERS SUR LOIR,OUI,8313,17:35,ATLANTIQUE,ST PIERRE DES CORPS,PAROCHELLE,FRXSH,17:16,FRESL
6139,2023-08-15,PARIS (intramuros),OUI,8313,17:35,ATLANTIQUE,ST PIERRE DES CORPS,PAROCHELLE,FRXSH,16:28,FRPMO
6140,2023-08-15,LILLE (intramuros),OUI,5210,08:42,NORD,AEROPORT CDG2 TGV ROISSY,JCNORDBRET,FRMLW,07:52,FRLLE
6141,2023-08-15,LILLE (intramuros),NON,5210,11:17,NORD,RENNES,JCNORDBRET,FRRNS,07:52,FRLLE
6142,2023-08-15,AEROPORT CDG2 TGV ROISSY,NON,5210,11:17,NORD,RENNES,JCNORDBRET,FRRNS,08:48,FRMLW
6143,2023-08-15,BRUXELLES MIDI BRUSSEL ZUID,NON,9832,16:58,NORD,MARNE LA VALLEE CHESSY,JCNORDBRET,FRMLV,15:03,BEBMI
6144,2023-08-15,BRUXELLES MIDI BRUSSEL ZUID,NON,9832,16:43,NORD,AEROPORT CDG2 TGV ROISSY,JCNORDBRET,FRMLW,15:03,BEBMI
6145,2023-08-15,LE MANS,NON,9832,19:50,NORD,NANTES,JCNORDBRET,FRNTE,18:32,FRAET
6146,2023-08-15,MARNE LA VALLEE CHESSY,NON,9832,19:50,NORD,NANTES,JCNORDBRET,FRNTE,17:02,FRMLV
6147,2023-08-15,PARIS (intramuros),OUI,7195,23:02,NORD,DOUAI,PAARRAS,FRXDN,21:52,FRPNO
6148,2023-08-15,LES AUBRAIS ORLEANS,NON,3741,07:50,IC NUIT,PAU,PARPALOMBE,FRAEE,22:24,FRLAB
6149,2023-08-15,LES AUBRAIS ORLEANS,NON,3741,10:10,IC NUIT,ST JEAN DE LUZ CIBOURE,PARPALOMBE,FRXJZ,22:24,FRLAB
6150,2023-08-15,PARIS (intramuros),NON,3741,08:14,IC NUIT,ORTHEZ,PARPALOMBE,FRGFI,20:41,FRPAZ
6151,2023-08-15,PARIS (intramuros),NON,3741,06:18,IC NUIT,ST GAUDENS,PARPALOMBE,FRFPH,20:41,FRPAZ
6152,2023-08-15,GRENOBLE,NON,6924,19:53,SUD EST,LYON-SAINT EXUPERY TGV,GRENOBLEPA,FRJDQ,18:46,FRGNB
6153,2023-08-15,NEVERS,OUI,5963,17:17,IC ARO,RIOM CHATEL GUYON,PACLERMONT,FRRIO,15:59,FRNVS
6154,2023-08-15,AVIGNON TGV,NON,6122,18:22,SUD EST,PARIS (intramuros),PROVENCEPA,FRPLY,15:38,FRAVG
6155,2023-08-15,MEUSE TGV,OUI,2587,10:51,EST,NANCY,PANANCY,FRENC,10:16,FREAJ
6156,2023-08-15,PARIS (intramuros),OUI,8379,14:38,ATLANTIQUE,NIORT,PAROCHELLE,FRNIT,12:16,FRPMO
6157,2023-08-15,ST PIERRE DES CORPS,OUI,8379,14:38,ATLANTIQUE,NIORT,PAROCHELLE,FRNIT,13:20,FRXSH
6158,2023-08-15,SARREBRUCK/SAARBRUECKEN,NON,9555,20:17,INTERNATIONAL,MANNHEIM HBF,PAFRANC,DEMHG,18:59,DESBK
6159,2023-08-15,PARIS (intramuros),NON,9555,20:59,INTERNATIONAL,FRANKFURT MAIN HBF,PAFRANC,DEFRH,17:10,FRPST
6160,2023-08-15,STRASBOURG,NON,9402,18:54,EST,LORRAINE TGV,MULHSTRAPA,FREAM,18:19,FRAEG
6161,2023-08-15,STRASBOURG,NON,9402,20:20,EST,PARIS (intramuros),MULHSTRAPA,FRPST,18:19,FRAEG
6162,2023-08-15,LAHR SCHWARZW,NON,9402,20:20,EST,PARIS (intramuros),MULHSTRAPA,FRPST,17:19,DEANL
6163,2023-08-15,FREIBURG BREISGAU HBF,OUI,9402,17:07,EST,RINGSHEIM/EU-PARK,MULHSTRAPA,DERSH,16:45,DEFGB
6164,2023-08-15,OFFENBOURG/OFFENBURG,NON,9402,18:54,EST,LORRAINE TGV,MULHSTRAPA,FREAM,17:41,DEZPA
6165,2023-08-15,PARIS (intramuros),NON,9241,10:52,INTERNATIONAL,MODANE,PAITALIE,FRAGR,06:46,FRPLY
6166,2023-08-15,AIX EN PROVENCE TGV,NON,9868,19:01,NORD,AEROPORT CDG2 TGV ROISSY,JCSUDNORD,FRMLW,15:24,FRAIE
6167,2023-08-15,AVIGNON TGV,NON,9868,19:57,NORD,LILLE (intramuros),JCSUDNORD,FRLLE,15:46,FRAVG
6168,2023-08-15,LYON (intramuros),NON,9868,20:43,NORD,BRUXELLES MIDI BRUSSEL ZUID,JCSUDNORD,BEBMI,17:00,FRLPD
6169,2023-08-15,MARNE LA VALLEE CHESSY,NON,9868,19:57,NORD,LILLE (intramuros),JCSUDNORD,FRLLE,18:51,FRMLV
6170,2023-08-15,MARSEILLE ST CHARLES,NON,9868,19:57,NORD,LILLE (intramuros),JCSUDNORD,FRLLE,15:11,FRMSC
6171,2023-08-15,MARSEILLE ST CHARLES,NON,9868,19:01,NORD,AEROPORT CDG2 TGV ROISSY,JCSUDNORD,FRMLW,15:11,FRMSC
6172,2023-08-15,METZ VILLE,OUI,2815,12:27,EST,THIONVILLE,PAMETZLUX,FRXTH,12:10,FRADE
6173,2023-08-15,PARIS (intramuros),OUI,2815,12:04,EST,METZ VILLE,PAMETZLUX,FRADE,10:40,FRPST
6174,2023-08-15,PARIS (intramuros),NON,8717,14:38,ATLANTIQUE,AURAY,PARISBRETA,FRXUY,11:53,FRPMO
6175,2023-08-15,RENNES,NON,8717,14:38,ATLANTIQUE,AURAY,PARISBRETA,FRXUY,13:29,FRRNS
6176,2023-08-15,VANNES,OUI,8717,14:57,ATLANTIQUE,LORIENT,PARISBRETA,FRLRT,14:28,FRVNE
6177,2023-08-15,BELFORT-MONTBELIARD TGV,OUI,6709,20:12,SUD EST,MULHOUSE VILLE,PABOUR,FRAEK,19:49,FRTJA
6178,2023-08-15,NIMES,NON,6208,21:00,SUD EST,VALENCE TGV RHONE-ALPES SUD,LANGPA,FRVLA,20:17,FRFNI
6179,2023-08-15,MONTPELLIER SAINT-ROCH,NON,6208,23:18,SUD EST,PARIS (intramuros),LANGPA,FRPLY,19:44,FRMPL
6180,2023-08-15,MONTPELLIER SAINT-ROCH,NON,6208,21:00,SUD EST,VALENCE TGV RHONE-ALPES SUD,LANGPA,FRVLA,19:44,FRMPL
6181,2023-08-15,AIX EN PROVENCE TGV,NON,5066,16:57,NORD,LILLE (intramuros),JCSUDNORD,FRLLE,12:26,FRAIE
6182,2023-08-15,AIX EN PROVENCE TGV,NON,5066,16:00,NORD,AEROPORT CDG2 TGV ROISSY,JCSUDNORD,FRMLW,12:26,FRAIE
6183,2023-08-15,LYON (intramuros),NON,5066,15:46,NORD,MARNE LA VALLEE CHESSY,JCSUDNORD,FRMLV,14:00,FRLPD
6184,2023-08-15,AGEN,NON,4661,14:08,IC ARO,MONTAUBAN VILLE BOURBON,TJOURSOSE,FRXMW,13:33,FRAGF
6185,2023-08-15,BORDEAUX ST JEAN,NON,4661,17:48,IC ARO,ARLES,TJOURSOSE,FRHZA,12:28,FRBOJ
6186,2023-08-15,BORDEAUX ST JEAN,NON,4661,16:52,IC ARO,MONTPELLIER SAINT-ROCH,TJOURSOSE,FRMPL,12:28,FRBOJ
6187,2023-08-15,BEZIERS,NON,4661,17:48,IC ARO,ARLES,TJOURSOSE,FRHZA,16:17,FRBZR
6188,2023-08-15,BEZIERS,NON,4661,16:52,IC ARO,MONTPELLIER SAINT-ROCH,TJOURSOSE,FRMPL,16:17,FRBZR
6189,2023-08-15,BEZIERS,NON,4661,18:35,IC ARO,MARSEILLE ST CHARLES,TJOURSOSE,FRMSC,16:17,FRBZR
6190,2023-08-15,CARCASSONNE,NON,4661,16:52,IC ARO,MONTPELLIER SAINT-ROCH,TJOURSOSE,FRMPL,15:30,FRCCF
6191,2023-08-15,NIMES,OUI,4661,18:35,IC ARO,MARSEILLE ST CHARLES,TJOURSOSE,FRMSC,17:23,FRFNI
6192,2023-08-15,MONTPELLIER SAINT-ROCH,NON,4661,17:20,IC ARO,NIMES,TJOURSOSE,FRFNI,16:56,FRMPL
6193,2023-08-15,MONTAUBAN VILLE BOURBON,NON,4661,17:20,IC ARO,NIMES,TJOURSOSE,FRFNI,14:10,FRXMW
6194,2023-08-15,MONTAUBAN VILLE BOURBON,NON,4661,15:58,IC ARO,NARBONNE,TJOURSOSE,FRXNA,14:10,FRXMW
6195,2023-08-15,MONTAUBAN VILLE BOURBON,NON,4661,14:37,IC ARO,TOULOUSE MATABIAU,TJOURSOSE,FRXYT,14:10,FRXMW
6196,2023-08-15,NARBONNE,NON,4661,18:35,IC ARO,MARSEILLE ST CHARLES,TJOURSOSE,FRMSC,16:01,FRXNA
6197,2023-08-15,TOULOUSE MATABIAU,NON,4661,16:52,IC ARO,MONTPELLIER SAINT-ROCH,TJOURSOSE,FRMPL,14:45,FRXYT
6198,2023-08-15,NICE VILLE,OUI,6170,11:29,SUD EST,CANNES,AZURPA,FRJCA,10:54,FRNIC
6199,2023-08-15,NICE VILLE,NON,6170,16:34,SUD EST,PARIS (intramuros),AZURPA,FRPLY,10:54,FRNIC
6200,2023-08-15,ANTIBES,NON,6170,13:53,SUD EST,AVIGNON TGV,AZURPA,FRAVG,11:16,FRXAT
6201,2023-08-15,ANTIBES,OUI,6170,11:29,SUD EST,CANNES,AZURPA,FRJCA,11:16,FRXAT
6202,2023-08-15,ST RAPHAEL VALESCURE,NON,6170,13:53,SUD EST,AVIGNON TGV,AZURPA,FRAVG,11:58,FRXSK
6203,2023-08-15,TOULOUSE MATABIAU,NON,3750,06:50,IC NUIT,PARIS (intramuros),OCCITANPAR,FRPAZ,22:18,FRXYT
6204,2023-08-15,LYON (intramuros),OUI,6614,13:00,SUD EST,PARIS (intramuros),RHONEPARIS,FRPLY,10:50,FRLPE
6205,2023-08-15,NARBONNE,OUI,6871,09:12,SUD EST,BEZIERS,JCSUDPROV,FRBZR,08:59,FRXNA
6206,2023-08-15,NARBONNE,NON,6871,11:50,SUD EST,LYON (intramuros),JCSUDPROV,FRLPD,08:59,FRXNA
6207,2023-08-15,TOULOUSE MATABIAU,OUI,6871,08:24,SUD EST,CARCASSONNE,JCSUDPROV,FRCCF,07:43,FRXYT
6208,2023-08-15,TOULOUSE MATABIAU,NON,6871,11:50,SUD EST,LYON (intramuros),JCSUDPROV,FRLPD,07:43,FRXYT
6209,2023-08-15,CARCASSONNE,OUI,6871,09:55,SUD EST,MONTPELLIER SUD DE FRANCE,JCSUDPROV,FRSUF,08:27,FRCCF
6210,2023-08-15,BEZIERS,OUI,6871,09:55,SUD EST,MONTPELLIER SUD DE FRANCE,JCSUDPROV,FRSUF,09:15,FRBZR
6211,2023-08-15,NIMES PONT DU GARD,NON,6871,11:07,SUD EST,VALENCE TGV RHONE-ALPES SUD,JCSUDPROV,FRVLA,10:29,FRXZP
6212,2023-08-15,TOULOUSE MATABIAU,NON,6871,10:26,SUD EST,NIMES PONT DU GARD,JCSUDPROV,FRXZP,07:43,FRXYT
6213,2023-08-15,BEZIERS,NON,6871,10:26,SUD EST,NIMES PONT DU GARD,JCSUDPROV,FRXZP,09:15,FRBZR
6214,2023-08-15,TOURS,OUI,8320,19:22,ATLANTIQUE,VENDOME VILLIERS SUR LOIR,ROCHELLEPA,FRESL,18:56,FRAFW
6215,2023-08-15,TOURS,OUI,8320,20:12,ATLANTIQUE,PARIS (intramuros),ROCHELLEPA,FRPMO,18:56,FRAFW
6216,2023-08-15,HENDAYE,OUI,8536,12:19,ATLANTIQUE,DAX,SUDOUESTPA,FRACG,11:09,FRAEF
6217,2023-08-15,BIARRITZ,OUI,8536,13:40,ATLANTIQUE,BORDEAUX ST JEAN,SUDOUESTPA,FRBOJ,11:34,FRBIQ
6218,2023-08-15,BEZIERS,NON,9704,18:18,SUD EST,NIMES,BARCELONEPA,FRFNI,16:58,FRBZR
6219,2023-08-15,BEZIERS,NON,9704,17:43,SUD EST,MONTPELLIER SAINT-ROCH,BARCELONEPA,FRMPL,16:58,FRBZR
6220,2023-08-15,BEZIERS,NON,9704,21:18,SUD EST,PARIS (intramuros),BARCELONEPA,FRPLY,16:58,FRBZR
6221,2023-08-15,BEZIERS,NON,9704,17:08,SUD EST,AGDE,BARCELONEPA,FRXAG,16:58,FRBZR
6222,2023-08-15,MONTPELLIER SAINT-ROCH,NON,9704,21:18,SUD EST,PARIS (intramuros),BARCELONEPA,FRPLY,17:51,FRMPL
6223,2023-08-15,MONTPELLIER SAINT-ROCH,NON,9704,19:03,SUD EST,VALENCE TGV RHONE-ALPES SUD,BARCELONEPA,FRVLA,17:51,FRMPL
6224,2023-08-15,PERPIGNAN,NON,9704,21:18,SUD EST,PARIS (intramuros),BARCELONEPA,FRPLY,16:05,FRPGF
6225,2023-08-15,PERPIGNAN,NON,9704,17:08,SUD EST,AGDE,BARCELONEPA,FRXAG,16:05,FRPGF
6226,2023-08-15,NARBONNE,NON,9704,16:55,SUD EST,BEZIERS,BARCELONEPA,FRBZR,16:42,FRXNA
6227,2023-08-15,SETE,NON,9704,21:18,SUD EST,PARIS (intramuros),BARCELONEPA,FRPLY,17:27,FRXSY
6228,2023-08-15,BARCELONA SANTS,NON,9704,16:55,SUD EST,BEZIERS,BARCELONEPA,FRBZR,14:32,ESBST
6229,2023-08-15,FIGUERES VILA TGV,NON,9704,21:18,SUD EST,PARIS (intramuros),BARCELONEPA,FRPLY,15:30,ESFIR
6230,2023-08-15,BARCELONA SANTS,NON,9704,17:43,SUD EST,MONTPELLIER SAINT-ROCH,BARCELONEPA,FRMPL,14:32,ESBST
6231,2023-08-15,BARCELONA SANTS,NON,9704,19:03,SUD EST,VALENCE TGV RHONE-ALPES SUD,BARCELONEPA,FRVLA,14:32,ESBST
6232,2023-08-15,FIGUERES VILA TGV,NON,9704,16:55,SUD EST,BEZIERS,BARCELONEPA,FRBZR,15:30,ESFIR
6233,2023-08-15,GIRONA,NON,9704,17:24,SUD EST,SETE,BARCELONEPA,FRXSY,15:13,ESGRO
6234,2023-08-15,AVIGNON CENTRE,OUI,6193,16:36,SUD EST,MIRAMAS,PAVDR,FRMAZ,15:59,FRAES
6235,2023-08-15,LYON-SAINT EXUPERY TGV,OUI,6193,15:38,SUD EST,ORANGE,PAVDR,FRXOG,14:11,FRJDQ
6236,2023-08-15,PARIS (intramuros),OUI,6193,16:16,SUD EST,ARLES,PAVDR,FRHZA,12:14,FRPLY
6237,2023-08-15,VALENCE VILLE,OUI,6193,16:16,SUD EST,ARLES,PAVDR,FRHZA,14:49,FRVAF
6238,2023-08-15,ANGERS ST LAUD,NON,8148,23:16,ATLANTIQUE,PARIS (intramuros),LOIREPARIS,FRPMO,21:44,FRACL
6239,2023-08-15,DIJON VILLE,OUI,6715,22:28,SUD EST,BESANCON - F COMTE TGV,PABOUR,FRTJB,22:02,FRABA
6240,2023-08-15,PARIS (intramuros),OUI,6715,22:28,SUD EST,BESANCON - F COMTE TGV,PABOUR,FRTJB,20:22,FRPLY
6241,2023-08-15,BELFORT-MONTBELIARD TGV,OUI,6715,23:20,SUD EST,MULHOUSE VILLE,PABOUR,FRAEK,22:55,FRTJA
6242,2023-08-15,BESANCON - F COMTE TGV,OUI,6715,23:20,SUD EST,MULHOUSE VILLE,PABOUR,FRAEK,22:31,FRTJB
6243,2023-08-15,BESANCON - F COMTE TGV,OUI,6715,22:52,SUD EST,BELFORT-MONTBELIARD TGV,PABOUR,FRTJA,22:31,FRTJB
6244,2023-08-15,NARBONNE,NON,6052,23:05,SUD EST,PARIS (intramuros),LANGPA,FRPLY,18:43,FRXNA
6245,2023-08-15,BEZIERS,NON,6052,20:10,SUD EST,NIMES PONT DU GARD,LANGPA,FRXZP,19:00,FRBZR
6246,2023-08-15,LYON (intramuros),OUI,6618,12:58,SUD EST,LYON (intramuros),RHONEPARIS,FRLPD,12:49,FRLPE
6247,2023-08-15,LYON (intramuros),NON,6618,15:00,SUD EST,PARIS (intramuros),RHONEPARIS,FRPLY,12:49,FRLPE
6248,2023-08-15,VENDOME VILLIERS SUR LOIR,OUI,8323,22:19,ATLANTIQUE,TOURS,PAROCHELLE,FRAFW,21:46,FRESL
6249,2023-08-15,ANTIBES,OUI,6182,18:41,SUD EST,TOULON,AZURPA,FRTLN,16:52,FRXAT
6250,2023-08-15,BORDEAUX ST JEAN,OUI,8574,19:14,ATLANTIQUE,LOURDES,PASUDOUEST,FRLDE,16:21,FRBOJ
6251,2023-08-15,LES AUBRAIS ORLEANS,NON,3755,05:01,IC NUIT,ROCAMADOUR PADIRAC,PAVERMEIL,FRFSA,23:32,FRLAB
6252,2023-08-15,PARIS (intramuros),NON,3755,05:22,IC NUIT,ASSIER,PAVERMEIL,FRFSD,22:12,FRPAZ
6253,2023-08-15,LES AUBRAIS ORLEANS,NON,3755,06:19,IC NUIT,CRANSAC,PAVERMEIL,FRFSR,23:32,FRLAB
6254,2023-08-15,PARIS (intramuros),OUI,5789,04:42,IC NUIT,CREST,PABRIANCON,FRCRE,20:51,FRPAZ
6255,2023-08-15,PARIS (intramuros),OUI,5789,08:04,IC NUIT,L'ARGENTIERE LES ECRINS   (05),PABRIANCON,FRIHC,20:51,FRPAZ
6256,2023-08-15,STRASBOURG,NON,5488,21:40,EST,ANGERS ST LAUD,JCESTATL,FRACL,17:01,FRAEG
6257,2023-08-15,LE MANS,OUI,5488,22:19,EST,NANTES,JCESTATL,FRNTE,21:03,FRAET
6258,2023-08-15,CHAMPAGNE-ARDENNE,NON,5488,22:19,EST,NANTES,JCESTATL,FRNTE,18:35,FREAH
6259,2023-08-15,LORRAINE TGV,OUI,5488,18:01,EST,MEUSE TGV,JCESTATL,FREAJ,17:42,FREAM
6260,2023-08-15,AEROPORT CDG2 TGV ROISSY,NON,5488,21:40,EST,ANGERS ST LAUD,JCESTATL,FRACL,19:21,FRMLW
6261,2023-08-15,MEUSE TGV,NON,5488,21:00,EST,LE MANS,JCESTATL,FRAET,18:09,FREAJ
6262,2023-08-15,MEUSE TGV,NON,5488,22:19,EST,NANTES,JCESTATL,FRNTE,18:09,FREAJ
6263,2023-08-15,METZ VILLE,OUI,2839,21:27,EST,THIONVILLE,PAMETZLUX,FRXTH,21:10,FRADE
6264,2023-08-15,PARIS (intramuros),NON,2839,21:04,EST,METZ VILLE,PAMETZLUX,FRADE,19:40,FRPST
6265,2023-08-15,PARIS (intramuros),NON,2839,21:27,EST,THIONVILLE,PAMETZLUX,FRXTH,19:40,FRPST
6266,2023-08-15,PARIS (intramuros),NON,6055,22:08,SUD EST,MONTPELLIER SUD DE FRANCE,PALANG,FRSUF,18:56,FRPLY
6267,2023-08-15,PARIS (intramuros),NON,6055,21:46,SUD EST,NIMES PONT DU GARD,PALANG,FRXZP,18:56,FRPLY
6268,2023-08-15,LAVAL,NON,8723,17:28,ATLANTIQUE,VANNES,PARISBRETA,FRVNE,16:00,FRACR
6269,2023-08-15,QUIMPERLE,OUI,8723,18:28,ATLANTIQUE,ROSPORDEN,PARISBRETA,FRRSP,18:15,FRECO
6270,2023-08-15,LORIENT,OUI,8723,18:12,ATLANTIQUE,QUIMPERLE,PARISBRETA,FRECO,18:02,FRLRT
6271,2023-08-15,LORIENT,OUI,8723,18:44,ATLANTIQUE,QUIMPER,PARISBRETA,FRUIP,18:02,FRLRT
6272,2023-08-15,PARIS (intramuros),NON,8723,17:59,ATLANTIQUE,LORIENT,PARISBRETA,FRLRT,14:41,FRPMO
6273,2023-08-15,PARIS (intramuros),NON,8723,17:28,ATLANTIQUE,VANNES,PARISBRETA,FRVNE,14:41,FRPMO
6274,2023-08-15,PARIS (intramuros),NON,8723,17:03,ATLANTIQUE,REDON,PARISBRETA,FRXRN,14:41,FRPMO
6275,2023-08-15,RENNES,NON,8723,17:03,ATLANTIQUE,REDON,PARISBRETA,FRXRN,16:29,FRRNS
6276,2023-08-15,VANNES,OUI,8723,17:40,ATLANTIQUE,AURAY,PARISBRETA,FRXUY,17:31,FRVNE
6277,2023-08-15,MACON LOCHE TGV,OUI,6633,23:10,SUD EST,LYON (intramuros),PARISRHONE,FRLPD,22:41,FRMLT
6278,2023-08-15,PARIS (intramuros),OUI,6633,23:24,SUD EST,LYON (intramuros),PARISRHONE,FRLPE,21:00,FRPLY
6279,2023-08-15,PARIS (intramuros),OUI,6633,22:38,SUD EST,MACON LOCHE TGV,PARISRHONE,FRMLT,21:00,FRPLY
6280,2023-08-15,LE CREUSOT MONTCEAU MONTCHANIN,OUI,6633,23:24,SUD EST,LYON (intramuros),PARISRHONE,FRLPE,22:20,FRXCC
6281,2023-08-15,BORDEAUX ST JEAN,NON,12274,19:24,ATLANTIQUE,PARIS (intramuros),SUDOUESTPA,FRPMO,17:08,FRBOJ
6282,2023-08-15,STRASBOURG,OUI,5470,11:25,EST,CHAMPAGNE-ARDENNE,JCESTATL,FREAH,10:01,FRAEG
6283,2023-08-15,STRASBOURG,NON,5470,12:26,EST,MARNE LA VALLEE CHESSY,JCESTATL,FRMLV,10:01,FRAEG
6284,2023-08-15,MEUSE TGV,NON,5470,13:04,EST,MASSY TGV,JCESTATL,FRDJU,11:01,FREAJ
6285,2023-08-15,MEUSE TGV,NON,5470,12:01,EST,AEROPORT CDG2 TGV ROISSY,JCESTATL,FRMLW,11:01,FREAJ
6286,2023-08-15,LORRAINE TGV,OUI,5470,11:25,EST,CHAMPAGNE-ARDENNE,JCESTATL,FREAH,10:40,FREAM
6287,2023-08-15,AVIGNON TGV,OUI,5124,23:53,NORD,MARSEILLE ST CHARLES,JCNORDSUD,FRMSC,23:17,FRAVG
6288,2023-08-15,LILLE (intramuros),OUI,5124,23:38,NORD,AIX EN PROVENCE TGV,JCNORDSUD,FRAIE,18:22,FRLLE
6289,2023-08-15,LILLE (intramuros),OUI,5124,19:43,NORD,AEROPORT CDG2 TGV ROISSY,JCNORDSUD,FRMLW,18:22,FRLLE
6290,2023-08-15,MARNE LA VALLEE CHESSY,OUI,5124,22:00,NORD,LYON (intramuros),JCNORDSUD,FRLPD,20:13,FRMLV
6291,2023-08-15,AEROPORT CDG2 TGV ROISSY,OUI,5124,23:38,NORD,AIX EN PROVENCE TGV,JCNORDSUD,FRAIE,20:00,FRMLW
6292,2023-08-15,AEROPORT CDG2 TGV ROISSY,OUI,5124,23:14,NORD,AVIGNON TGV,JCNORDSUD,FRAVG,20:00,FRMLW
6293,2023-08-15,AEROPORT CDG2 TGV ROISSY,OUI,5124,20:09,NORD,MARNE LA VALLEE CHESSY,JCNORDSUD,FRMLV,20:00,FRMLW
6294,2023-08-15,ARRAS,OUI,5124,23:38,NORD,AIX EN PROVENCE TGV,JCNORDSUD,FRAIE,18:46,FRQRV
6295,2023-08-15,ARRAS,OUI,5124,19:06,NORD,TGV HAUTE PICARDIE,JCNORDSUD,FRTHP,18:46,FRQRV
6296,2023-08-15,TGV HAUTE PICARDIE,OUI,5124,23:38,NORD,AIX EN PROVENCE TGV,JCNORDSUD,FRAIE,19:15,FRTHP
6297,2023-08-15,TGV HAUTE PICARDIE,OUI,5124,23:14,NORD,AVIGNON TGV,JCNORDSUD,FRAVG,19:15,FRTHP
6298,2023-08-15,STRASBOURG,OUI,2588,16:01,EST,SARREBOURG,NANCYPA,FRSBG,15:21,FRAEG
6299,2023-08-15,SAVERNE,OUI,2588,16:01,EST,SARREBOURG,NANCYPA,FRSBG,15:46,FRSNE
6300,2023-08-15,METZ VILLE,NON,9877,12:19,EST,MACON VILLE,JCRHINRHON,FRHGU,08:08,FRADE
6301,2023-08-15,STRASBOURG,NON,9877,09:54,EST,MULHOUSE VILLE,JCRHINRHON,FRAEK,09:03,FRAEG
6302,2023-08-15,STRASBOURG,NON,9877,14:49,EST,AIX EN PROVENCE TGV,JCRHINRHON,FRAIE,09:03,FRAEG
6303,2023-08-15,STRASBOURG,NON,9877,13:46,EST,VALENCE TGV RHONE-ALPES SUD,JCRHINRHON,FRVLA,09:03,FRAEG
6304,2023-08-15,MULHOUSE VILLE,NON,9877,11:11,EST,DIJON VILLE,JCRHINRHON,FRABA,09:57,FRAEK
6305,2023-08-15,MULHOUSE VILLE,NON,9877,14:25,EST,AVIGNON TGV,JCRHINRHON,FRAVG,09:57,FRAEK
6306,2023-08-15,AIX EN PROVENCE TGV,NON,9877,15:07,EST,MARSEILLE ST CHARLES,JCRHINRHON,FRMSC,14:52,FRAIE
6307,2023-08-15,LYON (intramuros),NON,9877,14:25,EST,AVIGNON TGV,JCRHINRHON,FRAVG,13:06,FRLPD
6308,2023-08-15,BELFORT-MONTBELIARD TGV,NON,9877,14:49,EST,AIX EN PROVENCE TGV,JCRHINRHON,FRAIE,10:21,FRTJA
6309,2023-08-15,BELFORT-MONTBELIARD TGV,NON,9877,12:19,EST,MACON VILLE,JCRHINRHON,FRHGU,10:21,FRTJA
6310,2023-08-15,VALENCE TGV RHONE-ALPES SUD,NON,9877,14:25,EST,AVIGNON TGV,JCRHINRHON,FRAVG,13:51,FRVLA
6311,2023-08-15,THIONVILLE,NON,9877,09:54,EST,MULHOUSE VILLE,JCRHINRHON,FRAEK,07:47,FRXTH
6312,2023-08-15,THIONVILLE,NON,9877,14:25,EST,AVIGNON TGV,JCRHINRHON,FRAVG,07:47,FRXTH
6313,2023-08-15,THIONVILLE,NON,9877,12:19,EST,MACON VILLE,JCRHINRHON,FRHGU,07:47,FRXTH
6314,2023-08-15,THIONVILLE,NON,9877,13:00,EST,LYON (intramuros),JCRHINRHON,FRLPD,07:47,FRXTH
6315,2023-08-15,THIONVILLE,NON,9877,15:07,EST,MARSEILLE ST CHARLES,JCRHINRHON,FRMSC,07:47,FRXTH
6316,2023-08-15,LUXEMBOURG,OUI,9877,08:56,EST,STRASBOURG,JCRHINRHON,FRAEG,07:24,LULUX
6317,2023-08-15,LUXEMBOURG,NON,9877,12:19,EST,MACON VILLE,JCRHINRHON,FRHGU,07:24,LULUX
6318,2023-08-15,PARIS (intramuros),OUI,8729,20:33,ATLANTIQUE,QUIMPER,PARISBRETA,FRUIP,16:53,FRPMO
6319,2023-08-15,PARIS (intramuros),OUI,8729,19:24,ATLANTIQUE,VANNES,PARISBRETA,FRVNE,16:53,FRPMO
6320,2023-08-15,PARIS (intramuros),OUI,8729,19:37,ATLANTIQUE,AURAY,PARISBRETA,FRXUY,16:53,FRPMO
6321,2023-08-15,AURAY,OUI,8729,19:56,ATLANTIQUE,LORIENT,PARISBRETA,FRLRT,19:40,FRXUY
6322,2023-08-15,AURAY,OUI,8729,20:33,ATLANTIQUE,QUIMPER,PARISBRETA,FRUIP,19:40,FRXUY
6323,2023-08-15,ZUERICH HB,NON,9226,16:53,INTERNATIONAL,MULHOUSE VILLE,ZURBALPA,FRAEK,15:34,CHAJD
6324,2023-08-15,BASEL SBB,NON,9226,17:58,INTERNATIONAL,DIJON VILLE,ZURBALPA,FRABA,16:34,CHAJP
6325,2023-08-15,STRASBOURG,OUI,5450,09:04,EST,MASSY TGV,JCESTATL,FRDJU,06:18,FRAEG
6326,2023-08-15,MASSY TGV,OUI,5450,11:23,EST,ANGOULEME,JCESTATL,FRANG,09:09,FRDJU
6327,2023-08-15,CHAMPAGNE-ARDENNE,OUI,5450,11:23,EST,ANGOULEME,JCESTATL,FRANG,07:45,FREAH
6328,2023-08-15,CHAMPAGNE-ARDENNE,OUI,5450,12:02,EST,BORDEAUX ST JEAN,JCESTATL,FRBOJ,07:45,FREAH
6329,2023-08-15,CHAMPAGNE-ARDENNE,OUI,5450,10:41,EST,POITIERS,JCESTATL,FRPIS,07:45,FREAH
6330,2023-08-15,CHAMPAGNE-ARDENNE,OUI,5450,10:06,EST,ST PIERRE DES CORPS,JCESTATL,FRXSH,07:45,FREAH
6331,2023-08-15,LORRAINE TGV,OUI,5450,08:16,EST,MARNE LA VALLEE CHESSY,JCESTATL,FRMLV,06:56,FREAM
6332,2023-08-15,MARNE LA VALLEE CHESSY,OUI,5450,12:02,EST,BORDEAUX ST JEAN,JCESTATL,FRBOJ,08:35,FRMLV
6333,2023-08-15,MARNE LA VALLEE CHESSY,OUI,5450,10:41,EST,POITIERS,JCESTATL,FRPIS,08:35,FRMLV
6334,2023-08-15,MARNE LA VALLEE CHESSY,OUI,5450,10:06,EST,ST PIERRE DES CORPS,JCESTATL,FRXSH,08:35,FRMLV
6335,2023-08-15,ST PIERRE DES CORPS,OUI,5450,11:23,EST,ANGOULEME,JCESTATL,FRANG,10:10,FRXSH
6336,2023-08-15,PARIS (intramuros),NON,5789,04:42,IC NUIT,CREST,PABRIANCON,FRCRE,20:51,FRPAZ
6337,2023-08-15,PARIS (intramuros),NON,5789,07:50,IC NUIT,MONTDAUPHIN GUILLESTRE,PABRIANCON,FRIGZ,20:51,FRPAZ
6338,2023-08-15,CAPDENAC,NON,3754,05:40,IC NUIT,LES AUBRAIS ORLEANS,OCCITANPAR,FRLAB,23:47,FRCDC
6339,2023-08-15,FIGEAC,NON,3754,05:40,IC NUIT,LES AUBRAIS ORLEANS,OCCITANPAR,FRLAB,23:56,FRFIG
6340,2023-08-15,AUBIN,NON,3754,06:50,IC NUIT,PARIS (intramuros),OCCITANPAR,FRPAZ,23:24,FRFSQ
6341,2023-08-15,CRANSAC,NON,3754,05:40,IC NUIT,LES AUBRAIS ORLEANS,OCCITANPAR,FRLAB,23:20,FRFSR
6342,2023-08-15,AUBIN,NON,3754,05:40,IC NUIT,LES AUBRAIS ORLEANS,OCCITANPAR,FRLAB,23:24,FRFSQ
6343,2023-08-15,STRASBOURG,NON,2098,16:04,EST,AEROPORT CDG2 TGV ROISSY,JCESTATL,FRMLW,14:01,FRAEG
6344,2023-08-15,MASSY TGV,NON,2098,18:06,EST,ST PIERRE DES CORPS,JCESTATL,FRXSH,17:10,FRDJU
6345,2023-08-15,CHAMPAGNE-ARDENNE,NON,2098,16:27,EST,MARNE LA VALLEE CHESSY,JCESTATL,FRMLV,15:34,FREAH
6346,2023-08-15,LORRAINE TGV,NON,2098,17:04,EST,MASSY TGV,JCESTATL,FRDJU,14:39,FREAM
6347,2023-08-15,LORRAINE TGV,NON,2098,16:04,EST,AEROPORT CDG2 TGV ROISSY,JCESTATL,FRMLW,14:39,FREAM
6348,2023-08-15,MARNE LA VALLEE CHESSY,NON,2098,19:22,EST,ANGOULEME,JCESTATL,FRANG,16:32,FRMLV
6349,2023-08-15,AEROPORT CDG2 TGV ROISSY,NON,2098,16:27,EST,MARNE LA VALLEE CHESSY,JCESTATL,FRMLV,16:18,FRMLW
6350,2023-08-15,AEROPORT CDG2 TGV ROISSY,NON,2098,18:06,EST,ST PIERRE DES CORPS,JCESTATL,FRXSH,16:18,FRMLW
6351,2023-08-15,POITIERS,NON,2098,19:22,EST,ANGOULEME,JCESTATL,FRANG,18:43,FRPIS
6352,2023-08-15,ST PIERRE DES CORPS,NON,2098,19:22,EST,ANGOULEME,JCESTATL,FRANG,18:10,FRXSH
6353,2023-08-15,ST PIERRE DES CORPS,NON,2098,20:02,EST,BORDEAUX ST JEAN,JCESTATL,FRBOJ,18:10,FRXSH
6354,2023-08-15,BORDEAUX ST JEAN,NON,3852,12:05,IC SRO,NANTES,BORDONANTE,FRNTE,07:53,FRBOJ
6355,2023-08-15,JONZAC,NON,3852,10:58,IC SRO,LUCON,BORDONANTE,FRLCN,08:41,FREMR
6356,2023-08-15,JONZAC,NON,3852,11:22,IC SRO,LA ROCHE SUR YON,BORDONANTE,FRXRO,08:41,FREMR
6357,2023-08-15,JONZAC,NON,3852,09:23,IC SRO,SAINTES,BORDONANTE,FRXST,08:41,FREMR
6358,2023-08-15,LUCON,NON,3852,12:05,IC SRO,NANTES,BORDONANTE,FRNTE,11:00,FRLCN
6359,2023-08-15,ROCHEFORT,NON,3852,12:05,IC SRO,NANTES,BORDONANTE,FRNTE,09:55,FRRCO
6360,2023-08-15,SAINTES,NON,3852,09:53,IC SRO,ROCHEFORT,BORDONANTE,FRRCO,09:25,FRXST
6361,2023-08-15,AVIGNON TGV,OUI,6163,20:40,SUD EST,ANTIBES,PAAZUR,FRXAT,17:58,FRAVG
6362,2023-08-15,CANNES,OUI,6163,21:00,SUD EST,NICE VILLE,PAAZUR,FRNIC,20:31,FRJCA
6363,2023-08-15,PARIS (intramuros),OUI,6163,21:00,SUD EST,NICE VILLE,PAAZUR,FRNIC,15:20,FRPLY
6364,2023-08-15,PARIS (intramuros),OUI,6163,19:08,SUD EST,TOULON,PAAZUR,FRTLN,15:20,FRPLY
6365,2023-08-15,ST RAPHAEL VALESCURE,OUI,6163,21:00,SUD EST,NICE VILLE,PAAZUR,FRNIC,20:05,FRXSK
6366,2023-08-15,BEZIERS,OUI,6047,11:20,SUD EST,NARBONNE,PALANG,FRXNA,11:06,FRBZR
6367,2023-08-15,VALENCE TGV RHONE-ALPES SUD,OUI,6047,11:03,SUD EST,BEZIERS,PALANG,FRBZR,09:10,FRVLA
6368,2023-08-15,VALENCE TGV RHONE-ALPES SUD,OUI,6047,11:20,SUD EST,NARBONNE,PALANG,FRXNA,09:10,FRVLA
6369,2023-08-15,AGDE,OUI,6047,11:20,SUD EST,NARBONNE,PALANG,FRXNA,10:51,FRXAG
6370,2023-08-15,MONTPELLIER SUD DE FRANCE,OUI,6047,11:20,SUD EST,NARBONNE,PALANG,FRXNA,10:17,FRSUF
6371,2023-08-15,MONTPELLIER SUD DE FRANCE,OUI,6047,11:03,SUD EST,BEZIERS,PALANG,FRBZR,10:17,FRSUF
6372,2023-08-15,NIMES PONT DU GARD,OUI,6047,11:20,SUD EST,NARBONNE,PALANG,FRXNA,09:49,FRXZP
6373,2023-08-15,NIMES PONT DU GARD,OUI,6047,11:03,SUD EST,BEZIERS,PALANG,FRBZR,09:49,FRXZP
6374,2023-08-15,NIMES PONT DU GARD,OUI,6047,10:08,SUD EST,MONTPELLIER SUD DE FRANCE,PALANG,FRSUF,09:49,FRXZP
6375,2023-08-15,FRANKFURT MAIN HBF,NON,9550,22:53,INTERNATIONAL,PARIS (intramuros),FRANCPA,FRPST,18:56,DEFRH
6376,2023-08-15,KAISERSLAUTERN HBF,NON,9550,21:00,INTERNATIONAL,SARREBRUCK/SAARBRUECKEN,FRANCPA,DESBK,20:22,DEKLT
6377,2023-08-15,KAISERSLAUTERN HBF,NON,9550,22:53,INTERNATIONAL,PARIS (intramuros),FRANCPA,FRPST,20:22,DEKLT
6378,2023-08-15,LYON (intramuros),OUI,6624,18:08,SUD EST,PARIS (intramuros),RHONEPARIS,FRPLY,16:04,FRLPD
6379,2023-08-15,CHARLEVILLE MEZIERES,OUI,2766,22:09,EST,REIMS,SEDBARPA,FRRHE,21:17,FRXCZ
6380,2023-08-15,SEDAN,OUI,2766,21:07,EST,CHARLEVILLE MEZIERES,SEDBARPA,FRXCZ,20:53,FRXSW
6381,2023-08-15,LE MANS,OUI,8067,18:42,ATLANTIQUE,LAVAL,PARISBRETA,FRACR,18:13,FRAET
6382,2023-08-15,CANNES,OUI,6165,16:58,SUD EST,NICE VILLE,PAAZUR,FRNIC,16:30,FRJCA
6383,2023-08-15,CANNES,OUI,6165,16:39,SUD EST,ANTIBES,PAAZUR,FRXAT,16:30,FRJCA
6384,2023-08-15,LES AUBRAIS ORLEANS,NON,3971,08:26,IC NUIT,PORTE PUYMORENS,PARPALOMBE,FRFQF,22:24,FRLAB
6385,2023-08-15,LES AUBRAIS ORLEANS,NON,3971,07:25,IC NUIT,LUZENAC GARANOU,PARPALOMBE,FRFQI,22:24,FRLAB
6386,2023-08-15,PARIS (intramuros),NON,3971,07:41,IC NUIT,AX LES THERMES,PARPALOMBE,FRXLT,20:41,FRPAZ
6387,2023-08-15,BEZIERS,NON,6262,22:08,SUD EST,PARIS (intramuros),LANGPA,FRPLY,18:00,FRBZR
6388,2023-08-15,BEZIERS,NON,6262,19:51,SUD EST,VALENCE TGV RHONE-ALPES SUD,LANGPA,FRVLA,18:00,FRBZR
6389,2023-08-15,BEZIERS,OUI,6262,18:27,SUD EST,SETE,LANGPA,FRXSY,18:00,FRBZR
6390,2023-08-15,PERPIGNAN,OUI,6262,17:39,SUD EST,NARBONNE,LANGPA,FRXNA,17:04,FRPGF
6391,2023-08-15,PERPIGNAN,OUI,6262,18:27,SUD EST,SETE,LANGPA,FRXSY,17:04,FRPGF
6392,2023-08-15,MONTPELLIER SUD DE FRANCE,NON,6262,19:51,SUD EST,VALENCE TGV RHONE-ALPES SUD,LANGPA,FRVLA,18:53,FRSUF
6393,2023-08-15,SETE,NON,6262,18:47,SUD EST,MONTPELLIER SUD DE FRANCE,LANGPA,FRSUF,18:30,FRXSY
6394,2023-08-15,NARBONNE,NON,6262,19:11,SUD EST,NIMES PONT DU GARD,LANGPA,FRXZP,17:42,FRXNA
6395,2023-08-15,AVIGNON CENTRE,OUI,6196,15:10,SUD EST,VALENCE VILLE,VDRPA,FRVAF,14:04,FRAES
6396,2023-08-15,MONTELIMAR GARE SNCF,OUI,6196,15:10,SUD EST,VALENCE VILLE,VDRPA,FRVAF,14:49,FRXMK
6397,2023-08-15,ORANGE,NON,6196,17:46,SUD EST,PARIS (intramuros),VDRPA,FRPLY,14:21,FRXOG
6398,2023-08-15,ORANGE,OUI,6196,14:46,SUD EST,MONTELIMAR GARE SNCF,VDRPA,FRXMK,14:21,FRXOG
6399,2023-08-15,LAUSANNE,NON,9774,15:49,INTERNATIONAL,BOURG EN BRESSE,GENEVEPA,FRXBK,13:45,CHAJF
6400,2023-08-15,NANCY,OUI,2534,09:46,EST,PARIS (intramuros),NANCYPA,FRPST,08:16,FRENC
6401,2023-08-15,NICE VILLE,NON,6174,15:50,SUD EST,PARIS (intramuros),AZURPA,FRPLY,09:57,FRNIC
6402,2023-08-15,TOULON,NON,6174,15:50,SUD EST,PARIS (intramuros),AZURPA,FRPLY,11:48,FRTLN
6403,2023-08-15,ANTIBES,OUI,6174,11:44,SUD EST,TOULON,AZURPA,FRTLN,10:16,FRXAT
6404,2023-08-15,AIX EN PROVENCE TGV,OUI,6181,21:11,SUD EST,TOULON,PAAZUR,FRTLN,20:20,FRAIE
6405,2023-08-15,AIX EN PROVENCE TGV,OUI,6181,22:02,SUD EST,ST RAPHAEL VALESCURE,PAAZUR,FRXSK,20:20,FRAIE
6406,2023-08-15,CANNES,OUI,6181,23:00,SUD EST,NICE VILLE,PAAZUR,FRNIC,22:33,FRJCA
6407,2023-08-15,CANNES,OUI,6181,22:41,SUD EST,ANTIBES,PAAZUR,FRXAT,22:33,FRJCA
6408,2023-08-15,PARIS (intramuros),OUI,6181,22:28,SUD EST,CANNES,PAAZUR,FRJCA,17:22,FRPLY
6409,2023-08-15,TOULON,OUI,6181,23:00,SUD EST,NICE VILLE,PAAZUR,FRNIC,21:15,FRTLN
6410,2023-08-15,TOULON,OUI,6181,22:02,SUD EST,ST RAPHAEL VALESCURE,PAAZUR,FRXSK,21:15,FRTLN
6411,2023-08-15,ANTIBES,OUI,6181,23:00,SUD EST,NICE VILLE,PAAZUR,FRNIC,22:44,FRXAT
6412,2023-08-15,ST RAPHAEL VALESCURE,OUI,6181,22:28,SUD EST,CANNES,PAAZUR,FRJCA,22:05,FRXSK
6413,2023-08-15,PARIS (intramuros),OUI,8827,23:13,ATLANTIQUE,ANGERS ST LAUD,PARISLOIRE,FRACL,21:49,FRPMO
6414,2023-08-15,AIX EN PROVENCE TGV,NON,6813,16:43,SUD EST,TOULON,JCPROVSUD,FRTLN,15:35,FRAIE
6415,2023-08-15,AVIGNON TGV,NON,6813,15:46,SUD EST,MARSEILLE ST CHARLES,JCPROVSUD,FRMSC,15:13,FRAVG
6416,2023-08-15,LYON (intramuros),NON,6813,15:46,SUD EST,MARSEILLE ST CHARLES,JCPROVSUD,FRMSC,14:06,FRLPD
6417,2023-08-15,LYON (intramuros),NON,6813,16:43,SUD EST,TOULON,JCPROVSUD,FRTLN,14:06,FRLPD
6418,2023-08-15,ANGERS ST LAUD,NON,5480,19:29,EST,STRASBOURG,JCATLEST,FRAEG,14:49,FRACL
6419,2023-08-15,ANGERS ST LAUD,NON,5480,18:48,EST,LORRAINE TGV,JCATLEST,FREAM,14:49,FRACL
6420,2023-08-15,ANGERS ST LAUD,NON,5480,17:13,EST,AEROPORT CDG2 TGV ROISSY,JCATLEST,FRMLW,14:49,FRACL
6421,2023-08-15,LE MANS,NON,5480,17:13,EST,AEROPORT CDG2 TGV ROISSY,JCATLEST,FRMLW,15:30,FRAET
6422,2023-08-15,MASSY TGV,NON,5480,18:48,EST,LORRAINE TGV,JCATLEST,FREAM,16:26,FRDJU
6423,2023-08-15,MASSY TGV,NON,5480,16:57,EST,MARNE LA VALLEE CHESSY,JCATLEST,FRMLV,16:26,FRDJU
6424,2023-08-15,CHAMPAGNE-ARDENNE,OUI,5480,19:29,EST,STRASBOURG,JCATLEST,FRAEG,18:10,FREAH
6425,2023-08-15,MARNE LA VALLEE CHESSY,NON,5480,17:13,EST,AEROPORT CDG2 TGV ROISSY,JCATLEST,FRMLW,17:03,FRMLV
6426,2023-08-15,NANTES,NON,5480,19:29,EST,STRASBOURG,JCATLEST,FRAEG,14:09,FRNTE
6427,2023-08-15,NANTES,NON,5480,15:27,EST,LE MANS,JCATLEST,FRAET,14:09,FRNTE
6428,2023-08-15,PARIS (intramuros),OUI,6177,19:58,SUD EST,NICE VILLE,PAAZUR,FRNIC,14:10,FRPLY
6429,2023-08-15,PARIS (intramuros),OUI,6177,19:01,SUD EST,ST RAPHAEL VALESCURE,PAAZUR,FRXSK,14:10,FRPLY
6430,2023-08-15,ST RAPHAEL VALESCURE,OUI,6177,19:26,SUD EST,CANNES,PAAZUR,FRJCA,19:04,FRXSK
6431,2023-08-15,CANNES,NON,6176,13:44,SUD EST,TOULON,AZURPA,FRTLN,12:33,FRJCA
6432,2023-08-15,MARSEILLE ST CHARLES,NON,6176,17:50,SUD EST,PARIS (intramuros),AZURPA,FRPLY,14:47,FRMSC
6433,2023-08-15,NICE VILLE,OUI,6176,12:16,SUD EST,ANTIBES,AZURPA,FRXAT,12:02,FRNIC
6434,2023-08-15,NICE VILLE,OUI,6176,12:55,SUD EST,ST RAPHAEL VALESCURE,AZURPA,FRXSK,12:02,FRNIC
6435,2023-08-15,ST RAPHAEL VALESCURE,NON,6176,14:33,SUD EST,MARSEILLE ST CHARLES,AZURPA,FRMSC,12:58,FRXSK
6436,2023-08-15,ST RAPHAEL VALESCURE,NON,6176,13:44,SUD EST,TOULON,AZURPA,FRTLN,12:58,FRXSK
6437,2023-08-15,PARIS (intramuros),NON,6275,16:52,SUD EST,PERPIGNAN,PALANG,FRPGF,11:46,FRPLY
6438,2023-08-15,VALENCE TGV RHONE-ALPES SUD,NON,6275,15:56,SUD EST,BEZIERS,PALANG,FRBZR,14:00,FRVLA
6439,2023-08-15,SETE,NON,6275,16:52,SUD EST,PERPIGNAN,PALANG,FRPGF,15:28,FRXSY
6440,2023-08-15,PARIS (intramuros),NON,6275,14:59,SUD EST,MONTPELLIER SUD DE FRANCE,PALANG,FRSUF,11:46,FRPLY
6441,2023-08-15,MONTPELLIER SUD DE FRANCE,NON,6275,16:13,SUD EST,NARBONNE,PALANG,FRXNA,15:10,FRSUF
6442,2023-08-15,MONTPELLIER SUD DE FRANCE,NON,6275,16:52,SUD EST,PERPIGNAN,PALANG,FRPGF,15:10,FRSUF
6443,2023-08-15,MONTPELLIER SUD DE FRANCE,NON,6275,15:56,SUD EST,BEZIERS,PALANG,FRBZR,15:10,FRSUF
6444,2023-08-15,NIMES PONT DU GARD,NON,6275,16:52,SUD EST,PERPIGNAN,PALANG,FRPGF,14:39,FRXZP
6445,2023-08-15,NIMES PONT DU GARD,NON,6275,16:13,SUD EST,NARBONNE,PALANG,FRXNA,14:39,FRXZP
6446,2023-08-15,NIMES PONT DU GARD,NON,6275,15:41,SUD EST,AGDE,PALANG,FRXAG,14:39,FRXZP
6447,2023-08-15,NIMES PONT DU GARD,NON,6275,14:59,SUD EST,MONTPELLIER SUD DE FRANCE,PALANG,FRSUF,14:39,FRXZP
6448,2023-08-15,STRASBOURG,NON,9574,14:05,INTERNATIONAL,PARIS (intramuros),MUNSTUTPA,FRPST,12:19,FRAEG
6449,2023-08-15,ANGERS ST LAUD,NON,4506,22:04,IC SRO,NANTES,JOURLYNNTE,FRNTE,21:24,FRACL
6450,2023-08-15,LYON (intramuros),NON,4506,21:22,IC SRO,ANGERS ST LAUD,JOURLYNNTE,FRACL,15:46,FRLPD
6451,2023-08-15,LYON (intramuros),NON,4506,19:06,IC SRO,BOURGES,JOURLYNNTE,FRBOU,15:46,FRLPD
6452,2023-08-15,LYON (intramuros),NON,4506,18:19,IC SRO,NEVERS,JOURLYNNTE,FRNVS,15:46,FRLPD
6453,2023-08-15,LYON (intramuros),NON,4506,20:26,IC SRO,ST PIERRE DES CORPS,JOURLYNNTE,FRXSH,15:46,FRLPD
6454,2023-08-15,LYON (intramuros),NON,4506,21:22,IC SRO,ANGERS ST LAUD,JOURLYNNTE,FRACL,15:32,FRLPE
6455,2023-08-15,LYON (intramuros),NON,4506,15:40,IC SRO,LYON (intramuros),JOURLYNNTE,FRLPD,15:32,FRLPE
6456,2023-08-15,LYON (intramuros),NON,4506,22:04,IC SRO,NANTES,JOURLYNNTE,FRNTE,15:32,FRLPE
6457,2023-08-15,NEVERS,NON,4506,19:06,IC SRO,BOURGES,JOURLYNNTE,FRBOU,18:29,FRNVS
6458,2023-08-15,NEVERS,NON,4506,22:04,IC SRO,NANTES,JOURLYNNTE,FRNTE,18:29,FRNVS
6459,2023-08-15,NEVERS,NON,4506,20:26,IC SRO,ST PIERRE DES CORPS,JOURLYNNTE,FRXSH,18:29,FRNVS
6460,2023-08-15,ROANNE,NON,4506,20:59,IC SRO,SAUMUR,JOURLYNNTE,FRACN,16:51,FRRNE
6461,2023-08-15,ROANNE,NON,4506,20:26,IC SRO,ST PIERRE DES CORPS,JOURLYNNTE,FRXSH,16:51,FRRNE
6462,2023-08-15,ROANNE,NON,4506,19:25,IC SRO,VIERZON VILLE,JOURLYNNTE,FRXVZ,16:51,FRRNE
6463,2023-08-15,MOULINS SUR ALLIER,NON,4506,22:04,IC SRO,NANTES,JOURLYNNTE,FRNTE,17:51,FRXMU
6464,2023-08-15,PARIS (intramuros),NON,2573,21:05,EST,REMIREMONT,PANANCY,FRRNT,18:10,FRPST
6465,2023-08-15,RENNES,NON,8054,10:00,ATLANTIQUE,LAVAL,BRETAPARIS,FRACR,09:35,FRRNS
6466,2023-08-15,RENNES,NON,8054,11:19,ATLANTIQUE,PARIS (intramuros),BRETAPARIS,FRPMO,09:35,FRRNS
6467,2023-08-15,POITIERS,OUI,8330,07:22,ATLANTIQUE,ST PIERRE DES CORPS,ROCHELLEPA,FRXSH,06:31,FRPIS
6468,2023-08-15,CHATELLERAULT,OUI,8330,07:43,ATLANTIQUE,VENDOME VILLIERS SUR LOIR,ROCHELLEPA,FRESL,06:51,FRXCX
6469,2023-08-15,DAX,OUI,8549,20:55,ATLANTIQUE,HENDAYE,PASUDOUEST,FRAEF,19:41,FRACG
6470,2023-08-15,DAX,OUI,8549,20:40,ATLANTIQUE,ST JEAN DE LUZ CIBOURE,PASUDOUEST,FRXJZ,19:41,FRACG
6471,2023-08-15,BIARRITZ,OUI,8549,20:40,ATLANTIQUE,ST JEAN DE LUZ CIBOURE,PASUDOUEST,FRXJZ,20:27,FRBIQ
6472,2023-08-15,PARIS (intramuros),OUI,8549,19:37,ATLANTIQUE,DAX,PASUDOUEST,FRACG,16:08,FRPMO
6473,2023-08-15,PARIS (intramuros),OUI,8549,20:12,ATLANTIQUE,BAYONNE,PASUDOUEST,FRXBY,16:08,FRPMO
6474,2023-08-15,BAYONNE,OUI,8549,20:55,ATLANTIQUE,HENDAYE,PASUDOUEST,FRAEF,20:15,FRXBY
6475,2023-08-15,DIJON VILLE,NON,6700,09:08,SUD EST,PARIS (intramuros),BOURPA,FRPLY,07:27,FRABA
6476,2023-08-15,MONTBARD,NON,6700,09:08,SUD EST,PARIS (intramuros),BOURPA,FRPLY,08:04,FRGWE
6477,2023-08-15,BELFORT-MONTBELIARD TGV,OUI,6700,07:23,SUD EST,DIJON VILLE,BOURPA,FRABA,06:29,FRTJA
6478,2023-08-15,BESANCON - F COMTE TGV,OUI,6700,07:23,SUD EST,DIJON VILLE,BOURPA,FRABA,06:53,FRTJB
6479,2023-08-15,LIMOGES BENEDICTINS,NON,3694,20:30,IC ARO,LA SOUTERRAINE,TOULOUZECO,FRLST,20:01,FRAGQ
6480,2023-08-15,BRIVE LA GAILLARDE,NON,3694,23:19,IC ARO,PARIS (intramuros),TOULOUZECO,FRPAZ,18:58,FRBVE
6481,2023-08-15,CHATEAUROUX,NON,3694,22:20,IC ARO,LES AUBRAIS ORLEANS,TOULOUZECO,FRLAB,21:10,FRCHR
6482,2023-08-15,CHATEAUROUX,NON,3694,23:19,IC ARO,PARIS (intramuros),TOULOUZECO,FRPAZ,21:10,FRCHR
6483,2023-08-15,GOURDON,NON,3694,23:19,IC ARO,PARIS (intramuros),TOULOUZECO,FRPAZ,18:12,FRFSI
6484,2023-08-15,GOURDON,OUI,3694,18:27,IC ARO,SOUILLAC,TOULOUZECO,FRSOU,18:12,FRFSI
6485,2023-08-15,CAUSSADE TARN ET GARONNE,NON,3694,21:08,IC ARO,CHATEAUROUX,TOULOUZECO,FRCHR,17:18,FRFTA
6486,2023-08-15,MONTAUBAN VILLE BOURBON,NON,3694,19:58,IC ARO,LIMOGES BENEDICTINS,TOULOUZECO,FRAGQ,17:05,FRXMW
6487,2023-08-15,MONTAUBAN VILLE BOURBON,OUI,3694,18:55,IC ARO,BRIVE LA GAILLARDE,TOULOUZECO,FRBVE,17:05,FRXMW
6488,2023-08-15,TOULOUSE MATABIAU,OUI,3694,18:55,IC ARO,BRIVE LA GAILLARDE,TOULOUZECO,FRBVE,16:32,FRXYT
6489,2023-08-15,TOULOUSE MATABIAU,NON,3694,21:08,IC ARO,CHATEAUROUX,TOULOUZECO,FRCHR,16:32,FRXYT
6490,2023-08-15,TOULOUSE MATABIAU,OUI,3694,18:10,IC ARO,GOURDON,TOULOUZECO,FRFSI,16:32,FRXYT
6491,2023-08-15,TOULOUSE MATABIAU,NON,3694,23:19,IC ARO,PARIS (intramuros),TOULOUZECO,FRPAZ,16:32,FRXYT
6492,2023-08-15,CAHORS,NON,3694,19:58,IC ARO,LIMOGES BENEDICTINS,TOULOUZECO,FRAGQ,17:45,FRZAO
6493,2023-08-15,CAHORS,NON,3694,22:20,IC ARO,LES AUBRAIS ORLEANS,TOULOUZECO,FRLAB,17:45,FRZAO
6494,2023-08-15,CAHORS,NON,3694,20:30,IC ARO,LA SOUTERRAINE,TOULOUZECO,FRLST,17:45,FRZAO
6495,2023-08-15,GOURDON,NON,3694,20:30,IC ARO,LA SOUTERRAINE,TOULOUZECO,FRLST,18:12,FRFSI
6496,2023-08-15,BEZIERS,OUI,6221,12:59,SUD EST,PERPIGNAN,PALANG,FRPGF,12:06,FRBZR
6497,2023-08-15,NIMES,OUI,6221,12:03,SUD EST,BEZIERS,PALANG,FRBZR,10:46,FRFNI
6498,2023-08-15,NIMES,OUI,6221,11:11,SUD EST,MONTPELLIER SAINT-ROCH,PALANG,FRMPL,10:46,FRFNI
6499,2023-08-15,PARIS (intramuros),OUI,6221,12:20,SUD EST,NARBONNE,PALANG,FRXNA,07:42,FRPLY
6500,2023-08-15,VALENCE TGV RHONE-ALPES SUD,OUI,6221,11:11,SUD EST,MONTPELLIER SAINT-ROCH,PALANG,FRMPL,09:55,FRVLA
6501,2023-08-15,AGDE,OUI,6221,12:03,SUD EST,BEZIERS,PALANG,FRBZR,11:51,FRXAG
6502,2023-08-15,LIMOGES BENEDICTINS,OUI,3665,22:28,IC ARO,SOUILLAC,PALITO,FRSOU,20:58,FRAGQ
6503,2023-08-15,CHATEAUROUX,OUI,3665,22:01,IC ARO,BRIVE LA GAILLARDE,PALITO,FRBVE,19:42,FRCHR
6504,2023-08-15,CHATEAUROUX,OUI,3665,22:44,IC ARO,GOURDON,PALITO,FRFSI,19:42,FRCHR
6505,2023-08-15,CHATEAUROUX,OUI,3665,23:13,IC ARO,CAHORS,PALITO,FRZAO,19:42,FRCHR
6506,2023-08-15,ARGENTON SUR CREUSE,OUI,3665,20:55,IC ARO,LIMOGES BENEDICTINS,PALITO,FRAGQ,19:58,FRFMT
6507,2023-08-15,ARGENTON SUR CREUSE,OUI,3665,22:01,IC ARO,BRIVE LA GAILLARDE,PALITO,FRBVE,19:58,FRFMT
6508,2023-08-15,ARGENTON SUR CREUSE,OUI,3665,23:13,IC ARO,CAHORS,PALITO,FRZAO,19:58,FRFMT
6509,2023-08-15,LA SOUTERRAINE,OUI,3665,20:55,IC ARO,LIMOGES BENEDICTINS,PALITO,FRAGQ,20:24,FRLST
6510,2023-08-15,PARIS (intramuros),OUI,3665,19:57,IC ARO,ARGENTON SUR CREUSE,PALITO,FRFMT,17:41,FRPAZ
6511,2023-08-15,PARIS (intramuros),OUI,3665,19:09,IC ARO,VIERZON VILLE,PALITO,FRXVZ,17:41,FRPAZ
6512,2023-08-15,SOUILLAC,OUI,3665,22:44,IC ARO,GOURDON,PALITO,FRFSI,22:30,FRSOU
6513,2023-08-15,VIERZON VILLE,OUI,3665,22:44,IC ARO,GOURDON,PALITO,FRFSI,19:11,FRXVZ
6514,2023-08-15,VIERZON VILLE,OUI,3665,23:13,IC ARO,CAHORS,PALITO,FRZAO,19:11,FRXVZ
6515,2023-08-15,ARGENTON SUR CREUSE,OUI,3665,22:44,IC ARO,GOURDON,PALITO,FRFSI,19:58,FRFMT
6516,2023-08-15,PARIS (intramuros),NON,8905,19:54,ATLANTIQUE,NANTES,PARISLOIRE,FRNTE,17:48,FRPMO
6517,2023-08-15,AGEN,OUI,8519,23:02,ATLANTIQUE,MONTAUBAN VILLE BOURBON,PASUDOUEST,FRXMW,22:25,FRAGF
6518,2023-08-15,BORDEAUX ST JEAN,OUI,8519,22:22,ATLANTIQUE,AGEN,PASUDOUEST,FRAGF,21:20,FRBOJ
6519,2023-08-15,BIARRITZ,OUI,8551,22:54,ATLANTIQUE,HENDAYE,PASUDOUEST,FRAEF,22:26,FRBIQ
6520,2023-08-15,BORDEAUX ST JEAN,OUI,8551,22:11,ATLANTIQUE,BAYONNE,PASUDOUEST,FRXBY,20:20,FRBOJ
6521,2023-08-15,LORRAINE TGV,OUI,9890,09:43,NORD,BRUXELLES MIDI BRUSSEL ZUID,JCESTNORD,BEBMI,06:38,FREAM
6522,2023-08-15,AEROPORT CDG2 TGV ROISSY,OUI,9890,08:56,NORD,LILLE (intramuros),JCESTNORD,FRLLE,08:07,FRMLW
6523,2023-08-15,MEUSE TGV,OUI,9890,09:43,NORD,BRUXELLES MIDI BRUSSEL ZUID,JCESTNORD,BEBMI,06:59,FREAJ
6524,2023-08-15,LA ROCHELLE VILLE,OUI,8396,22:23,ATLANTIQUE,NIORT,ROCHELLEPA,FRNIT,21:48,FRLRH
6525,2023-08-15,LA ROCHELLE VILLE,OUI,8396,00:39,ATLANTIQUE,PARIS (intramuros),ROCHELLEPA,FRPMO,21:48,FRLRH
6526,2023-08-15,POITIERS,OUI,8396,00:39,ATLANTIQUE,PARIS (intramuros),ROCHELLEPA,FRPMO,23:17,FRPIS
6527,2023-08-15,QUIMPER,OUI,8722,13:43,ATLANTIQUE,LORIENT,BRETAPARIS,FRLRT,13:11,FRUIP
6528,2023-08-15,QUIMPER,OUI,8722,14:17,ATLANTIQUE,VANNES,BRETAPARIS,FRVNE,13:11,FRUIP
6529,2023-08-15,QUIMPER,NON,8722,14:48,ATLANTIQUE,REDON,BRETAPARIS,FRXRN,13:11,FRUIP
6530,2023-08-15,AURAY,OUI,8722,14:17,ATLANTIQUE,VANNES,BRETAPARIS,FRVNE,14:07,FRXUY
6531,2023-08-15,AUGSBURG HBF,NON,9576,09:51,INTERNATIONAL,KARLSRUHE HBF,MUNSTUTPA,DEQKA,07:20,DEAGB
6532,2023-08-15,AUGSBURG HBF,NON,9576,09:01,INTERNATIONAL,STUTTGART HBF,MUNSTUTPA,DESGT,07:20,DEAGB
6533,2023-08-15,MUENCHEN HBF,NON,9576,07:18,INTERNATIONAL,AUGSBURG HBF,MUNSTUTPA,DEAGB,06:51,DEBEG
6534,2023-08-15,MUENCHEN HBF,NON,9576,09:51,INTERNATIONAL,KARLSRUHE HBF,MUNSTUTPA,DEQKA,06:51,DEBEG
6535,2023-08-15,ULM HBF,NON,9576,09:51,INTERNATIONAL,KARLSRUHE HBF,MUNSTUTPA,DEQKA,08:04,DEQUL
6536,2023-08-15,ULM HBF,NON,9576,09:01,INTERNATIONAL,STUTTGART HBF,MUNSTUTPA,DESGT,08:04,DEQUL
6537,2023-08-15,STUTTGART HBF,NON,9576,12:31,INTERNATIONAL,PARIS (intramuros),MUNSTUTPA,FRPST,09:11,DESGT
6538,2023-08-15,PARIS (intramuros),OUI,2595,22:48,EST,ST DIE DES VOSGES,PANANCY,FRXTD,20:07,FRPST
6539,2023-08-15,LYON (intramuros),OUI,6622,14:58,SUD EST,LYON (intramuros),RHONEPARIS,FRLPD,14:50,FRLPE
6540,2023-08-15,AVIGNON TGV,OUI,6129,22:56,SUD EST,MARSEILLE ST CHARLES,PAPROVENCE,FRMSC,22:20,FRAVG
6541,2023-08-15,AGEN,NON,4665,22:31,IC ARO,MARSEILLE ST CHARLES,TJOURSOSE,FRMSC,17:32,FRAGF
6542,2023-08-15,AGEN,NON,4665,18:37,IC ARO,TOULOUSE MATABIAU,TJOURSOSE,FRXYT,17:32,FRAGF
6543,2023-08-15,BORDEAUX ST JEAN,NON,4665,21:20,IC ARO,NIMES,TJOURSOSE,FRFNI,16:28,FRBOJ
6544,2023-08-15,MONTAUBAN VILLE BOURBON,NON,4665,19:58,IC ARO,NARBONNE,TJOURSOSE,FRXNA,18:11,FRXMW
6545,2023-08-15,NARBONNE,NON,4665,21:20,IC ARO,NIMES,TJOURSOSE,FRFNI,20:01,FRXNA
6546,2023-08-15,LES AUBRAIS ORLEANS,NON,3737,09:09,IC NUIT,LEUCATE LA FRANQUI,PARPALOMBE,FRILQ,22:24,FRLAB
6547,2023-08-15,LES AUBRAIS ORLEANS,NON,3737,09:26,IC NUIT,RIVESALTES,PARPALOMBE,FRIOF,22:24,FRLAB
6548,2023-08-15,PARIS (intramuros),NON,3737,07:55,IC NUIT,LEZIGNAN-CORBIERES,PARPALOMBE,FRFUX,20:41,FRPAZ
6549,2023-08-15,METZ VILLE,NON,2886,21:13,EST,PARIS (intramuros),LUXMETZPA,FRPST,19:42,FRADE
6550,2023-08-15,LE MANS,NON,9884,08:18,NORD,MASSY TGV,JCBRETNORD,FRDJU,07:26,FRAET
6551,2023-08-15,LE MANS,NON,9884,10:17,NORD,LILLE (intramuros),JCBRETNORD,FRLLE,07:26,FRAET
6552,2023-08-15,LE MANS,NON,9884,08:57,NORD,MARNE LA VALLEE CHESSY,JCBRETNORD,FRMLV,07:26,FRAET
6553,2023-08-15,LILLE (intramuros),OUI,9884,11:01,NORD,BRUXELLES MIDI BRUSSEL ZUID,JCBRETNORD,BEBMI,10:27,FRLLE
6554,2023-08-15,MARNE LA VALLEE CHESSY,OUI,9884,11:01,NORD,BRUXELLES MIDI BRUSSEL ZUID,JCBRETNORD,BEBMI,09:01,FRMLV
6555,2023-08-15,RENNES,NON,9884,08:18,NORD,MASSY TGV,JCBRETNORD,FRDJU,06:19,FRRNS
6556,2023-08-15,TGV HAUTE PICARDIE,OUI,9884,11:01,NORD,BRUXELLES MIDI BRUSSEL ZUID,JCBRETNORD,BEBMI,09:50,FRTHP
6557,2023-08-15,ARLES,OUI,6198,18:00,SUD EST,AVIGNON CENTRE,VDRPA,FRAES,17:36,FRHZA
6558,2023-08-15,LYON-SAINT EXUPERY TGV,NON,6198,21:46,SUD EST,PARIS (intramuros),VDRPA,FRPLY,19:57,FRJDQ
6559,2023-08-15,MIRAMAS,OUI,6198,18:00,SUD EST,AVIGNON CENTRE,VDRPA,FRAES,17:15,FRMAZ
6560,2023-08-15,MONTELIMAR GARE SNCF,NON,6198,21:46,SUD EST,PARIS (intramuros),VDRPA,FRPLY,18:49,FRXMK
6561,2023-08-15,ORANGE,OUI,6198,18:46,SUD EST,MONTELIMAR GARE SNCF,VDRPA,FRXMK,18:21,FRXOG
6562,2023-08-15,JONZAC,NON,3854,12:15,IC SRO,LA ROCHELLE VILLE,BORDONANTE,FRLRH,10:41,FREMR
6563,2023-08-15,JONZAC,NON,3854,14:05,IC SRO,NANTES,BORDONANTE,FRNTE,10:41,FREMR
6564,2023-08-15,JONZAC,NON,3854,13:22,IC SRO,LA ROCHE SUR YON,BORDONANTE,FRXRO,10:41,FREMR
6565,2023-08-15,LA ROCHE SUR YON,NON,3854,14:05,IC SRO,NANTES,BORDONANTE,FRNTE,13:24,FRXRO
6566,2023-08-15,ANGERS ST LAUD,OUI,8921,16:04,ATLANTIQUE,LE CROISIC,PARISLOIRE,FREGU,14:17,FRACL
6567,2023-08-15,ANGERS ST LAUD,OUI,8921,15:33,ATLANTIQUE,ST NAZAIRE,PARISLOIRE,FRSNR,14:17,FRACL
6568,2023-08-15,ST NAZAIRE,OUI,8921,15:50,ATLANTIQUE,LA BAULE ESCOUBLAC,PARISLOIRE,FRJEE,15:36,FRSNR
6569,2023-08-15,AVIGNON TGV,NON,6107,12:41,SUD EST,AIX EN PROVENCE TGV,PAPROVENCE,FRAIE,12:22,FRAVG
6570,2023-08-15,EPINAL,OUI,2578,10:05,EST,NANCY,NANCYPA,FRENC,09:21,FREPL
6571,2023-08-15,EPINAL,NON,2578,11:50,EST,PARIS (intramuros),NANCYPA,FRPST,09:21,FREPL
6572,2023-08-15,PARIS (intramuros),NON,2061,19:11,EST,STRASBOURG,PASTRAMULH,FRAEG,17:25,FRPST
6573,2023-08-15,STRASBOURG,NON,9894,21:09,NORD,BRUXELLES MIDI BRUSSEL ZUID,JCESTNORD,BEBMI,17:01,FRAEG
6574,2023-08-15,CHAMPAGNE-ARDENNE,NON,9894,21:09,NORD,BRUXELLES MIDI BRUSSEL ZUID,JCESTNORD,BEBMI,18:35,FREAH
6575,2023-08-15,CHAMPAGNE-ARDENNE,OUI,9894,19:06,NORD,AEROPORT CDG2 TGV ROISSY,JCESTNORD,FRMLW,18:35,FREAH
6576,2023-08-15,MEUSE TGV,NON,9894,20:19,NORD,LILLE (intramuros),JCESTNORD,FRLLE,18:09,FREAJ
6577,2023-08-15,MEUSE TGV,OUI,9894,19:06,NORD,AEROPORT CDG2 TGV ROISSY,JCESTNORD,FRMLW,18:09,FREAJ
6578,2023-08-15,LORRAINE TGV,OUI,9894,18:01,NORD,MEUSE TGV,JCESTNORD,FREAJ,17:42,FREAM
6579,2023-08-15,LILLE (intramuros),OUI,9894,21:09,NORD,BRUXELLES MIDI BRUSSEL ZUID,JCESTNORD,BEBMI,20:34,FRLLE
6580,2023-08-15,MEUSE TGV,NON,9894,19:44,NORD,TGV HAUTE PICARDIE,JCESTNORD,FRTHP,18:09,FREAJ
6581,2023-08-15,CHAMBERY CHALLES LES EAUX,NON,9245,13:49,INTERNATIONAL,MODANE,PAITALIE,FRAGR,12:44,FRCMF
6582,2023-08-15,CHAMBERY CHALLES LES EAUX,NON,9245,15:23,INTERNATIONAL,TORINO PORTA SUSA,PAITALIE,ITTRS,12:44,FRCMF
6583,2023-08-15,PARIS (intramuros),NON,9245,11:17,INTERNATIONAL,MACON LOCHE TGV,PAITALIE,FRMLT,09:46,FRPLY
6584,2023-08-15,PARIS (intramuros),NON,9245,14:23,INTERNATIONAL,OULX CESANA CLAV SESTRIERE,PAITALIE,ITOCS,09:46,FRPLY
6585,2023-08-15,UZERCHE,OUI,3648,12:06,IC ARO,LIMOGES BENEDICTINS,TOULOUZECO,FRAGQ,11:30,FRAAW
6586,2023-08-15,UZERCHE,NON,3648,13:19,IC ARO,CHATEAUROUX,TOULOUZECO,FRCHR,11:30,FRAAW
6587,2023-08-15,LIMOGES BENEDICTINS,NON,3648,13:35,IC ARO,ISSOUDUN,TOULOUZECO,FRFMN,12:09,FRAGQ
6588,2023-08-15,LIMOGES BENEDICTINS,NON,3648,13:02,IC ARO,ARGENTON SUR CREUSE,TOULOUZECO,FRFMT,12:09,FRAGQ
6589,2023-08-15,BRIVE LA GAILLARDE,OUI,3648,11:29,IC ARO,UZERCHE,TOULOUZECO,FRAAW,11:05,FRBVE
6590,2023-08-15,BRIVE LA GAILLARDE,OUI,3648,12:06,IC ARO,LIMOGES BENEDICTINS,TOULOUZECO,FRAGQ,11:05,FRBVE
6591,2023-08-15,BRIVE LA GAILLARDE,NON,3648,13:35,IC ARO,ISSOUDUN,TOULOUZECO,FRFMN,11:05,FRBVE
6592,2023-08-15,BRIVE LA GAILLARDE,NON,3648,15:32,IC ARO,PARIS (intramuros),TOULOUZECO,FRPAZ,11:05,FRBVE
6593,2023-08-15,BRIVE LA GAILLARDE,NON,3648,13:57,IC ARO,VIERZON VILLE,TOULOUZECO,FRXVZ,11:05,FRBVE
6594,2023-08-15,ARGENTON SUR CREUSE,NON,3648,13:19,IC ARO,CHATEAUROUX,TOULOUZECO,FRCHR,13:03,FRFMT
6595,2023-08-15,UZERCHE,NON,3648,13:02,IC ARO,ARGENTON SUR CREUSE,TOULOUZECO,FRFMT,11:30,FRAAW
6596,2023-08-15,FRANKFURT MAIN HBF,NON,9580,14:37,INTERNATIONAL,MANNHEIM HBF,FRANCMRS,DEMHG,13:56,DEFRH
6597,2023-08-15,FRANKFURT MAIN HBF,NON,9580,17:05,INTERNATIONAL,MULHOUSE VILLE,FRANCMRS,FRAEK,13:56,DEFRH
6598,2023-08-15,FRANKFURT MAIN HBF,NON,9580,21:34,INTERNATIONAL,AIX EN PROVENCE TGV,FRANCMRS,FRAIE,13:56,DEFRH
6599,2023-08-15,FRANKFURT MAIN HBF,NON,9580,19:56,INTERNATIONAL,LYON (intramuros),FRANCMRS,FRLPD,13:56,DEFRH
6600,2023-08-15,FRANKFURT MAIN HBF,NON,9580,17:31,INTERNATIONAL,BELFORT-MONTBELIARD TGV,FRANCMRS,FRTJA,13:56,DEFRH
6601,2023-08-15,MANNHEIM HBF,NON,9580,16:02,INTERNATIONAL,STRASBOURG,FRANCMRS,FRAEG,14:39,DEMHG
6602,2023-08-15,MANNHEIM HBF,NON,9580,21:12,INTERNATIONAL,AVIGNON TGV,FRANCMRS,FRAVG,14:39,DEMHG
6603,2023-08-15,MANNHEIM HBF,NON,9580,21:48,INTERNATIONAL,MARSEILLE ST CHARLES,FRANCMRS,FRMSC,14:39,DEMHG
6604,2023-08-15,BADEN BADEN,NON,9580,19:56,INTERNATIONAL,LYON (intramuros),FRANCMRS,FRLPD,15:35,DEZCC
6605,2023-08-15,BADEN BADEN,NON,9580,18:53,INTERNATIONAL,CHALON SUR SAONE,FRANCMRS,FRXCD,15:35,DEZCC
6606,2023-08-15,STRASBOURG,NON,9580,19:56,INTERNATIONAL,LYON (intramuros),FRANCMRS,FRLPD,16:15,FRAEG
6607,2023-08-15,STRASBOURG,NON,9580,17:55,INTERNATIONAL,BESANCON - F COMTE TGV,FRANCMRS,FRTJB,16:15,FRAEG
6608,2023-08-15,MULHOUSE VILLE,NON,9580,21:34,INTERNATIONAL,AIX EN PROVENCE TGV,FRANCMRS,FRAIE,17:09,FRAEK
6609,2023-08-15,MULHOUSE VILLE,NON,9580,19:56,INTERNATIONAL,LYON (intramuros),FRANCMRS,FRLPD,17:09,FRAEK
6610,2023-08-15,MULHOUSE VILLE,NON,9580,17:31,INTERNATIONAL,BELFORT-MONTBELIARD TGV,FRANCMRS,FRTJA,17:09,FRAEK
6611,2023-08-15,BELFORT-MONTBELIARD TGV,NON,9580,21:48,INTERNATIONAL,MARSEILLE ST CHARLES,FRANCMRS,FRMSC,17:34,FRTJA
6612,2023-08-15,CHALON SUR SAONE,NON,9580,19:56,INTERNATIONAL,LYON (intramuros),FRANCMRS,FRLPD,18:56,FRXCD
6613,2023-08-15,CHALON SUR SAONE,NON,9580,21:48,INTERNATIONAL,MARSEILLE ST CHARLES,FRANCMRS,FRMSC,18:56,FRXCD
6614,2023-08-15,MASSY TGV,NON,5382,15:40,SUD EST,RENNES,JCSUDATL,FRRNS,13:56,FRDJU
6615,2023-08-15,LYON (intramuros),NON,5382,13:51,SUD EST,MASSY TGV,JCSUDATL,FRDJU,11:50,FRLPD
6616,2023-08-15,THIONVILLE,OUI,2872,16:52,EST,METZ VILLE,LUXMETZPA,FRADE,16:34,FRXTH
6617,2023-08-15,LYON (intramuros),OUI,6665,20:50,SUD EST,LYON (intramuros),PARISRHONE,FRLPE,20:42,FRLPD
6618,2023-08-15,PARIS (intramuros),OUI,6665,20:50,SUD EST,LYON (intramuros),PARISRHONE,FRLPE,18:42,FRPLY
6619,2023-08-15,HENDAYE,OUI,8534,10:05,ATLANTIQUE,BAYONNE,SUDOUESTPA,FRXBY,09:28,FRAEF
6620,2023-08-15,BIARRITZ,NON,8534,12:06,ATLANTIQUE,BORDEAUX ST JEAN,SUDOUESTPA,FRBOJ,09:53,FRBIQ
6621,2023-08-15,BAYONNE,NON,8534,12:06,ATLANTIQUE,BORDEAUX ST JEAN,SUDOUESTPA,FRBOJ,10:08,FRXBY
6622,2023-08-15,BEZIERS,OUI,6036,17:24,SUD EST,SETE,LANGPA,FRXSY,16:58,FRBZR
6623,2023-08-15,PERPIGNAN,NON,6036,19:03,SUD EST,VALENCE TGV RHONE-ALPES SUD,LANGPA,FRVLA,16:05,FRPGF
6624,2023-08-15,AGDE,NON,6036,19:03,SUD EST,VALENCE TGV RHONE-ALPES SUD,LANGPA,FRVLA,17:11,FRXAG
6625,2023-08-15,NARBONNE,NON,6036,21:18,SUD EST,PARIS (intramuros),LANGPA,FRPLY,16:42,FRXNA
6626,2023-08-15,NARBONNE,NON,6036,19:03,SUD EST,VALENCE TGV RHONE-ALPES SUD,LANGPA,FRVLA,16:42,FRXNA
6627,2023-08-15,SETE,OUI,6036,17:43,SUD EST,MONTPELLIER SAINT-ROCH,LANGPA,FRMPL,17:27,FRXSY
6628,2023-08-15,SETE,NON,6036,19:03,SUD EST,VALENCE TGV RHONE-ALPES SUD,LANGPA,FRVLA,17:27,FRXSY
6629,2023-08-15,BESANCON - F COMTE TGV,NON,6766,22:04,SUD EST,PARIS (intramuros),BOURPA,FRPLY,19:53,FRTJB
6630,2023-08-15,UZERCHE,OUI,3655,21:08,IC ARO,BRIVE LA GAILLARDE,PALITO,FRBVE,20:43,FRAAW
6631,2023-08-15,CHATEAUROUX,OUI,3655,20:42,IC ARO,UZERCHE,PALITO,FRAAW,18:50,FRCHR
6632,2023-08-15,CHATEAUROUX,OUI,3655,21:08,IC ARO,BRIVE LA GAILLARDE,PALITO,FRBVE,18:50,FRCHR
6633,2023-08-15,ISSOUDUN,OUI,3655,21:08,IC ARO,BRIVE LA GAILLARDE,PALITO,FRBVE,18:34,FRFMN
6634,2023-08-15,PARIS (intramuros),OUI,3655,20:02,IC ARO,LIMOGES BENEDICTINS,PALITO,FRAGQ,16:41,FRPAZ
6635,2023-08-15,PARIS (intramuros),OUI,3655,21:08,IC ARO,BRIVE LA GAILLARDE,PALITO,FRBVE,16:41,FRPAZ
6636,2023-08-15,VIERZON VILLE,OUI,3655,18:33,IC ARO,ISSOUDUN,PALITO,FRFMN,18:14,FRXVZ
6637,2023-08-15,LYON (intramuros),NON,6628,20:08,SUD EST,PARIS (intramuros),RHONEPARIS,FRPLY,17:50,FRLPE
6638,2023-08-15,PARIS (intramuros),NON,6077,19:58,SUD EST,NICE VILLE,PAAZUR,FRNIC,14:10,FRPLY
6639,2023-08-15,PARIS (intramuros),OUI,8973,10:33,ATLANTIQUE,LE MANS,PARISLOIRE,FRAET,09:36,FRPMO
6640,2023-08-15,PARIS (intramuros),OUI,8973,11:54,ATLANTIQUE,NANTES,PARISLOIRE,FRNTE,09:36,FRPMO
6641,2023-08-15,CHAMPAGNE-ARDENNE,NON,2591,15:44,EST,NANCY,PANANCY,FRENC,14:41,FREAH
6642,2023-08-15,MEUSE TGV,NON,2591,15:44,EST,NANCY,PANANCY,FRENC,15:09,FREAJ
6643,2023-08-15,MEUSE TGV,NON,2591,16:13,EST,LUNEVILLE,PANANCY,FRLNE,15:09,FREAJ
6644,2023-08-15,MEUSE TGV,NON,2591,16:53,EST,ST DIE DES VOSGES,PANANCY,FRXTD,15:09,FREAJ
6645,2023-08-15,CHAMPAGNE-ARDENNE,NON,2591,16:13,EST,LUNEVILLE,PANANCY,FRLNE,14:41,FREAH
6646,2023-08-15,LE CROISIC,OUI,8922,14:21,ATLANTIQUE,ST NAZAIRE,LOIREPARIS,FRSNR,13:52,FREGU
6647,2023-08-15,LA BAULE ESCOUBLAC,NON,8922,15:41,ATLANTIQUE,ANGERS ST LAUD,LOIREPARIS,FRACL,14:05,FRJEE
6648,2023-08-15,LA BAULE ESCOUBLAC,NON,8922,16:23,ATLANTIQUE,LE MANS,LOIREPARIS,FRAET,14:05,FRJEE
6649,2023-08-15,LA BAULE ESCOUBLAC,NON,8922,14:59,ATLANTIQUE,NANTES,LOIREPARIS,FRNTE,14:05,FRJEE
6650,2023-08-15,NANTES,NON,8922,15:41,ATLANTIQUE,ANGERS ST LAUD,LOIREPARIS,FRACL,15:05,FRNTE
6651,2023-08-15,BRIVE LA GAILLARDE,OUI,3614,06:33,IC ARO,LA SOUTERRAINE,TOULOUZECO,FRLST,04:58,FRBVE
6652,2023-08-15,BRIVE LA GAILLARDE,OUI,3614,09:19,IC ARO,PARIS (intramuros),TOULOUZECO,FRPAZ,04:58,FRBVE
6653,2023-08-15,BRIVE LA GAILLARDE,OUI,3614,07:48,IC ARO,VIERZON VILLE,TOULOUZECO,FRXVZ,04:58,FRBVE
6654,2023-08-15,BRIVE LA GAILLARDE,OUI,3604,06:09,IC ARO,CHATEAUROUX,TOULOUZECO,FRCHR,03:57,FRBVE
6655,2023-08-15,BRIVE LA GAILLARDE,OUI,3604,06:46,IC ARO,VIERZON VILLE,TOULOUZECO,FRXVZ,03:57,FRBVE
6656,2023-08-15,NANTES,NON,5300,10:17,SUD EST,VALENCE TGV RHONE-ALPES SUD,JCATLSUD,FRVLA,04:51,FRNTE
6657,2023-08-15,GRAMAT,NON,3754,05:40,IC NUIT,LES AUBRAIS ORLEANS,OCCITANPAR,FRLAB,00:27,FRFSB
6658,2023-08-15,GRAMAT,NON,3754,06:50,IC NUIT,PARIS (intramuros),OCCITANPAR,FRPAZ,00:27,FRFSB
6659,2023-08-15,ST DENIS PRES MARTEL,NON,3754,06:50,IC NUIT,PARIS (intramuros),OCCITANPAR,FRPAZ,00:51,FRSDM
6660,2023-08-15,ROCAMADOUR PADIRAC,NON,3754,05:40,IC NUIT,LES AUBRAIS ORLEANS,OCCITANPAR,FRLAB,00:34,FRFSA
6661,2023-08-15,BETHUNE,OUI,7342,21:08,NORD,PARIS (intramuros),ARRASPA,FRPNO,19:43,FRXBH
6662,2023-08-15,LENS,OUI,7342,21:08,NORD,PARIS (intramuros),ARRASPA,FRPNO,19:57,FRXLE
6663,2023-08-15,BORDEAUX ST JEAN,OUI,8404,09:57,ATLANTIQUE,PARIS (intramuros),SUDOUESTPA,FRPMO,07:44,FRBOJ
6664,2023-08-15,PARIS (intramuros),NON,8707,10:25,ATLANTIQUE,RENNES,PARISBRETA,FRRNS,08:40,FRPMO
6665,2023-08-15,RENNES,NON,8707,12:38,ATLANTIQUE,QUIMPER,PARISBRETA,FRUIP,10:29,FRRNS
6666,2023-08-15,REDON,NON,8707,12:38,ATLANTIQUE,QUIMPER,PARISBRETA,FRUIP,11:06,FRXRN
6667,2023-08-15,REDON,NON,8707,11:29,ATLANTIQUE,VANNES,PARISBRETA,FRVNE,11:06,FRXRN
6668,2023-08-15,AURAY,OUI,8707,12:00,ATLANTIQUE,LORIENT,PARISBRETA,FRLRT,11:45,FRXUY
6669,2023-08-15,PARIS (intramuros),OUI,7053,17:48,NORD,LILLE (intramuros),PALILLE,FRADJ,16:46,FRPNO
6670,2023-08-15,NIMES PONT DU GARD,NON,6048,15:04,SUD EST,PARIS (intramuros),LANGPA,FRPLY,12:14,FRXZP
6671,2023-08-15,BEZIERS,OUI,6279,23:50,SUD EST,PERPIGNAN,PALANG,FRPGF,23:03,FRBZR
6672,2023-08-15,BEZIERS,OUI,6279,23:16,SUD EST,NARBONNE,PALANG,FRXNA,23:03,FRBZR
6673,2023-08-15,PARIS (intramuros),NON,6279,23:16,SUD EST,NARBONNE,PALANG,FRXNA,18:56,FRPLY
6674,2023-08-15,VALENCE TGV RHONE-ALPES SUD,NON,6279,23:50,SUD EST,PERPIGNAN,PALANG,FRPGF,21:10,FRVLA
6675,2023-08-15,SETE,OUI,6279,23:00,SUD EST,BEZIERS,PALANG,FRBZR,22:33,FRXSY
6676,2023-08-15,SETE,OUI,6279,23:50,SUD EST,PERPIGNAN,PALANG,FRPGF,22:33,FRXSY
6677,2023-08-15,MONTPELLIER SUD DE FRANCE,OUI,6279,22:46,SUD EST,AGDE,PALANG,FRXAG,22:17,FRSUF
6678,2023-08-15,MONTPELLIER SUD DE FRANCE,OUI,6279,23:00,SUD EST,BEZIERS,PALANG,FRBZR,22:17,FRSUF
6679,2023-08-15,NIMES PONT DU GARD,OUI,6279,23:16,SUD EST,NARBONNE,PALANG,FRXNA,21:49,FRXZP
6680,2023-08-15,CHATEAUROUX,OUI,3614,09:19,IC ARO,PARIS (intramuros),TOULOUZECO,FRPAZ,07:16,FRCHR
6681,2023-08-15,LA SOUTERRAINE,OUI,3614,07:48,IC ARO,VIERZON VILLE,TOULOUZECO,FRXVZ,06:35,FRLST
6682,2023-08-15,PAU,NON,8562,12:06,ATLANTIQUE,BORDEAUX ST JEAN,SUDOUESTPA,FRBOJ,09:47,FRAEE
6683,2023-08-15,TARBES,OUI,8562,10:34,ATLANTIQUE,DAX,SUDOUESTPA,FRACG,08:56,FRXTB
6684,2023-08-15,AIX EN PROVENCE TGV,NON,9854,10:19,NORD,MARNE LA VALLEE CHESSY,JCSUDNORD,FRMLV,06:49,FRAIE
6685,2023-08-15,AVIGNON TGV,OUI,9854,08:20,NORD,LYON (intramuros),JCSUDNORD,FRLPD,07:12,FRAVG
6686,2023-08-15,AVIGNON TGV,NON,9854,10:19,NORD,MARNE LA VALLEE CHESSY,JCSUDNORD,FRMLV,07:12,FRAVG
6687,2023-08-15,AVIGNON TGV,NON,9854,10:32,NORD,AEROPORT CDG2 TGV ROISSY,JCSUDNORD,FRMLW,07:12,FRAVG
6688,2023-08-15,LYON (intramuros),NON,9854,11:27,NORD,LILLE (intramuros),JCSUDNORD,FRLLE,08:34,FRLPD
6689,2023-08-15,MARNE LA VALLEE CHESSY,OUI,9854,10:32,NORD,AEROPORT CDG2 TGV ROISSY,JCSUDNORD,FRMLW,10:23,FRMLV
6690,2023-08-15,MARSEILLE ST CHARLES,NON,9854,11:27,NORD,LILLE (intramuros),JCSUDNORD,FRLLE,06:33,FRMSC
6691,2023-08-15,MARSEILLE ST CHARLES,NON,9854,10:32,NORD,AEROPORT CDG2 TGV ROISSY,JCSUDNORD,FRMLW,06:33,FRMSC
6692,2023-08-15,CHAMPAGNE-ARDENNE,OUI,2407,09:05,EST,MEUSE TGV,PASTRAMULH,FREAJ,08:41,FREAH
6693,2023-08-15,MEUSE TGV,OUI,2407,09:59,EST,STRASBOURG,PASTRAMULH,FRAEG,09:08,FREAJ
6694,2023-08-15,VALENCE TGV RHONE-ALPES SUD,NON,6064,21:52,SUD EST,LYON (intramuros),JCSUDPROV,FRLPD,21:13,FRVLA
6695,2023-08-15,MONTPELLIER SUD DE FRANCE,OUI,6064,20:30,SUD EST,NIMES PONT DU GARD,JCSUDPROV,FRXZP,20:11,FRSUF
6696,2023-08-15,PARIS (intramuros),OUI,7371,16:04,NORD,DUNKERQUE,PAARRAS,FRADI,13:52,FRPNO
6697,2023-08-15,BORDEAUX ST JEAN,NON,3858,20:58,IC SRO,LUCON,BORDONANTE,FRLCN,17:53,FRBOJ
6698,2023-08-15,BORDEAUX ST JEAN,NON,3858,21:22,IC SRO,LA ROCHE SUR YON,BORDONANTE,FRXRO,17:53,FRBOJ
6699,2023-08-15,BORDEAUX ST JEAN,NON,3858,19:23,IC SRO,SAINTES,BORDONANTE,FRXST,17:53,FRBOJ
6700,2023-08-15,JONZAC,NON,3858,21:22,IC SRO,LA ROCHE SUR YON,BORDONANTE,FRXRO,18:41,FREMR
6701,2023-08-15,LA ROCHELLE VILLE,NON,3858,20:58,IC SRO,LUCON,BORDONANTE,FRLCN,20:19,FRLRH
6702,2023-08-15,ROCHEFORT,NON,3858,20:15,IC SRO,LA ROCHELLE VILLE,BORDONANTE,FRLRH,19:55,FRRCO
6703,2023-08-15,LA ROCHE SUR YON,NON,3858,22:05,IC SRO,NANTES,BORDONANTE,FRNTE,21:24,FRXRO
6704,2023-08-15,AIX EN PROVENCE TGV,OUI,6128,17:34,SUD EST,AVIGNON TGV,PROVENCEPA,FRAVG,17:14,FRAIE
6705,2023-08-15,MASSY TGV,OUI,5351,09:43,SUD EST,ST PIERRE DES CORPS,JCSUDATL,FRXSH,08:43,FRDJU
6706,2023-08-15,LYON (intramuros),OUI,5351,10:39,SUD EST,ANGERS ST LAUD,JCSUDATL,FRACL,06:30,FRLPD
6707,2023-08-15,LYON (intramuros),OUI,5351,09:43,SUD EST,ST PIERRE DES CORPS,JCSUDATL,FRXSH,06:16,FRLPE
6708,2023-08-15,ST PIERRE DES CORPS,OUI,5351,10:39,SUD EST,ANGERS ST LAUD,JCSUDATL,FRACL,09:47,FRXSH
6709,2023-08-15,VENDOME VILLIERS SUR LOIR,OUI,8347,22:55,ATLANTIQUE,POITIERS,PAROCHELLE,FRPIS,21:46,FRESL
6710,2023-08-15,PARIS (intramuros),OUI,8347,22:55,ATLANTIQUE,POITIERS,PAROCHELLE,FRPIS,20:58,FRPMO
6711,2023-08-15,LYON (intramuros),NON,9862,13:01,NORD,AEROPORT CDG2 TGV ROISSY,JCSUDNORD,FRMLW,11:00,FRLPD
6712,2023-08-15,MARNE LA VALLEE CHESSY,NON,9862,13:34,NORD,TGV HAUTE PICARDIE,JCSUDNORD,FRTHP,12:51,FRMLV
6713,2023-08-15,AEROPORT CDG2 TGV ROISSY,NON,9862,14:24,NORD,LILLE (intramuros),JCSUDNORD,FRLLE,13:07,FRMLW
6714,2023-08-15,AEROPORT CDG2 TGV ROISSY,NON,9862,13:34,NORD,TGV HAUTE PICARDIE,JCSUDNORD,FRTHP,13:07,FRMLW
6715,2023-08-15,TGV HAUTE PICARDIE,NON,9862,14:24,NORD,LILLE (intramuros),JCSUDNORD,FRLLE,13:38,FRTHP
6716,2023-08-15,VALENCE TGV RHONE-ALPES SUD,NON,9862,13:01,NORD,AEROPORT CDG2 TGV ROISSY,JCSUDNORD,FRMLW,10:15,FRVLA
6717,2023-08-15,MONTPELLIER SUD DE FRANCE,NON,9862,12:47,NORD,MARNE LA VALLEE CHESSY,JCSUDNORD,FRMLV,09:12,FRSUF
6718,2023-08-15,NIMES PONT DU GARD,NON,9862,10:10,NORD,VALENCE TGV RHONE-ALPES SUD,JCSUDNORD,FRVLA,09:33,FRXZP
6719,2023-08-15,NIMES PONT DU GARD,NON,9862,13:01,NORD,AEROPORT CDG2 TGV ROISSY,JCSUDNORD,FRMLW,09:33,FRXZP
6720,2023-08-15,MONTPELLIER SAINT-ROCH,OUI,6210,21:24,SUD EST,NIMES,LANGPA,FRFNI,21:00,FRMPL
6721,2023-08-15,BORDEAUX ST JEAN,NON,8509,19:26,ATLANTIQUE,TOULOUSE MATABIAU,PASUDOUEST,FRXYT,17:21,FRBOJ
6722,2023-08-15,BREST,NON,8610,12:01,ATLANTIQUE,LAVAL,BRETAPARIS,FRACR,09:07,FRBES
6723,2023-08-15,BREST,OUI,8610,09:41,ATLANTIQUE,MORLAIX,BRETAPARIS,FRMXN,09:07,FRBES
6724,2023-08-15,GUINGAMP,NON,8610,10:45,ATLANTIQUE,LAMBALLE,BRETAPARIS,FRLAM,10:18,FRGGP
6725,2023-08-15,MORLAIX,NON,8610,10:45,ATLANTIQUE,LAMBALLE,BRETAPARIS,FRLAM,09:44,FRMXN
6726,2023-08-15,PLOUARET TREGOR,OUI,8610,10:33,ATLANTIQUE,ST BRIEUC,BRETAPARIS,FRSBK,10:02,FRPLT
6727,2023-08-15,ST BRIEUC,NON,8610,11:29,ATLANTIQUE,RENNES,BRETAPARIS,FRRNS,10:37,FRSBK
6728,2023-08-15,LANDERNEAU,OUI,8610,09:59,ATLANTIQUE,PLOUARET TREGOR,BRETAPARIS,FRPLT,09:20,FRXLD
6729,2023-08-15,LE MANS,OUI,5332,12:45,SUD EST,AVIGNON TGV,JCATLSUD,FRAVG,08:26,FRAET
6730,2023-08-15,LYON (intramuros),OUI,5332,12:45,SUD EST,AVIGNON TGV,JCATLSUD,FRAVG,11:38,FRLPD
6731,2023-08-15,RENNES,OUI,5332,13:24,SUD EST,MARSEILLE ST CHARLES,JCATLSUD,FRMSC,07:31,FRRNS
6732,2023-08-15,NEVERS,OUI,5962,11:57,IC ARO,PARIS (intramuros),CLERMONTPA,FRPBE,10:00,FRNVS
6733,2023-08-15,VICHY,OUI,5962,11:57,IC ARO,PARIS (intramuros),CLERMONTPA,FRPBE,09:06,FRVHY
6734,2023-08-15,AEROPORT CDG2 TGV ROISSY,OUI,5182,21:57,NORD,LILLE (intramuros),JCSUDNORD,FRLLE,21:07,FRMLW
6735,2023-08-15,NIMES PONT DU GARD,NON,5182,21:57,NORD,LILLE (intramuros),JCSUDNORD,FRLLE,17:27,FRXZP
6736,2023-08-15,UZERCHE,OUI,3625,15:04,IC ARO,BRIVE LA GAILLARDE,PALITO,FRBVE,14:39,FRAAW
6737,2023-08-15,CHATEAUROUX,OUI,3625,15:04,IC ARO,BRIVE LA GAILLARDE,PALITO,FRBVE,12:48,FRCHR
6738,2023-08-15,CHATEAUROUX,OUI,3625,13:24,IC ARO,LA SOUTERRAINE,PALITO,FRLST,12:48,FRCHR
6739,2023-08-15,PARIS (intramuros),OUI,3625,13:57,IC ARO,LIMOGES BENEDICTINS,PALITO,FRAGQ,10:40,FRPAZ
6740,2023-08-15,VIERZON VILLE,OUI,3625,12:46,IC ARO,CHATEAUROUX,PALITO,FRCHR,12:13,FRXVZ
6741,2023-08-15,DOL DE BRETAGNE,NON,8086,16:25,ATLANTIQUE,RENNES,BRETAPARIS,FRRNS,15:55,FRDOL
6742,2023-08-15,ST MALO,NON,8086,18:12,ATLANTIQUE,PARIS (intramuros),BRETAPARIS,FRPMO,15:39,FRXSB
6743,2023-08-15,VALLORBE,NON,9264,09:00,INTERNATIONAL,DOLE VILLE,SUISPA,FRACE,08:00,CHAGL
6744,2023-08-15,VALLORBE,NON,9264,08:43,INTERNATIONAL,MOUCHARD,SUISPA,FRMCD,08:00,CHAGL
6745,2023-08-15,BEZIERS,OUI,6202,09:15,SUD EST,NIMES,LANGPA,FRFNI,07:58,FRBZR
6746,2023-08-15,BEZIERS,NON,6202,10:01,SUD EST,VALENCE TGV RHONE-ALPES SUD,LANGPA,FRVLA,07:58,FRBZR
6747,2023-08-15,BEZIERS,OUI,6202,08:24,SUD EST,SETE,LANGPA,FRXSY,07:58,FRBZR
6748,2023-08-15,MONTPELLIER SAINT-ROCH,OUI,6202,09:15,SUD EST,NIMES,LANGPA,FRFNI,08:50,FRMPL
6749,2023-08-15,MONTPELLIER SAINT-ROCH,NON,6202,10:01,SUD EST,VALENCE TGV RHONE-ALPES SUD,LANGPA,FRVLA,08:50,FRMPL
6750,2023-08-15,PERPIGNAN,OUI,6202,07:55,SUD EST,BEZIERS,LANGPA,FRBZR,07:04,FRPGF
6751,2023-08-15,PERPIGNAN,NON,6202,12:18,SUD EST,PARIS (intramuros),LANGPA,FRPLY,07:04,FRPGF
6752,2023-08-15,PERPIGNAN,OUI,6202,08:08,SUD EST,AGDE,LANGPA,FRXAG,07:04,FRPGF
6753,2023-08-15,AGDE,OUI,6202,09:15,SUD EST,NIMES,LANGPA,FRFNI,08:11,FRXAG
6754,2023-08-15,AGDE,NON,6202,12:18,SUD EST,PARIS (intramuros),LANGPA,FRPLY,08:11,FRXAG
6755,2023-08-15,SETE,NON,6202,10:01,SUD EST,VALENCE TGV RHONE-ALPES SUD,LANGPA,FRVLA,08:27,FRXSY
6756,2023-08-15,LAVAL,NON,5464,13:12,EST,STRASBOURG,JCATLEST,FRAEG,08:55,FRACR
6757,2023-08-15,LAVAL,NON,5464,10:20,EST,MASSY TGV,JCATLEST,FRDJU,08:55,FRACR
6758,2023-08-15,LAVAL,NON,5464,11:09,EST,AEROPORT CDG2 TGV ROISSY,JCATLEST,FRMLW,08:55,FRACR
6759,2023-08-15,MASSY TGV,NON,5464,11:52,EST,CHAMPAGNE-ARDENNE,JCATLEST,FREAH,10:26,FRDJU
6760,2023-08-15,RENNES,NON,5464,11:52,EST,CHAMPAGNE-ARDENNE,JCATLEST,FREAH,08:27,FRRNS
6761,2023-08-15,PARIS (intramuros),NON,6631,21:56,SUD EST,LYON (intramuros),PARISRHONE,FRLPD,20:00,FRPLY
6762,2023-08-15,PARIS (intramuros),NON,6631,22:10,SUD EST,LYON (intramuros),PARISRHONE,FRLPE,20:00,FRPLY
6763,2023-08-15,DAX,OUI,8533,12:35,ATLANTIQUE,ST JEAN DE LUZ CIBOURE,PASUDOUEST,FRXJZ,11:39,FRACG
6764,2023-08-15,BIARRITZ,OUI,8533,12:51,ATLANTIQUE,HENDAYE,PASUDOUEST,FRAEF,12:22,FRBIQ
6765,2023-08-15,BORDEAUX ST JEAN,OUI,8533,11:35,ATLANTIQUE,DAX,PASUDOUEST,FRACG,10:25,FRBOJ
6766,2023-08-15,BORDEAUX ST JEAN,OUI,8533,12:19,ATLANTIQUE,BIARRITZ,PASUDOUEST,FRBIQ,10:25,FRBOJ
6767,2023-08-15,POITIERS,OUI,8533,12:35,ATLANTIQUE,ST JEAN DE LUZ CIBOURE,PASUDOUEST,FRXJZ,09:20,FRPIS
6768,2023-08-15,NEVERS,NON,5955,11:55,IC ARO,VICHY,PACLERMONT,FRVHY,10:59,FRNVS
6769,2023-08-15,COLMAR,OUI,2242,15:54,EST,STRASBOURG,JCRHONRHIN,FRAEG,15:27,FRAEJ
6770,2023-08-15,AIX EN PROVENCE TGV,NON,2242,13:25,EST,DIJON VILLE,JCRHONRHIN,FRABA,09:58,FRAIE
6771,2023-08-15,AIX EN PROVENCE TGV,NON,2242,15:54,EST,STRASBOURG,JCRHONRHIN,FRAEG,09:58,FRAIE
6772,2023-08-15,AIX EN PROVENCE TGV,NON,2242,14:55,EST,MULHOUSE VILLE,JCRHONRHIN,FRAEK,09:58,FRAIE
6773,2023-08-15,AIX EN PROVENCE TGV,NON,2242,14:06,EST,BESANCON - F COMTE TGV,JCRHONRHIN,FRTJB,09:58,FRAIE
6774,2023-08-15,AIX EN PROVENCE TGV,NON,2242,13:03,EST,BEAUNE,JCRHONRHIN,FRXBV,09:58,FRAIE
6775,2023-08-15,AVIGNON TGV,NON,2242,13:25,EST,DIJON VILLE,JCRHONRHIN,FRABA,10:20,FRAVG
6776,2023-08-15,AVIGNON TGV,NON,2242,14:55,EST,MULHOUSE VILLE,JCRHONRHIN,FRAEK,10:20,FRAVG
6777,2023-08-15,AVIGNON TGV,NON,2242,14:30,EST,BELFORT-MONTBELIARD TGV,JCRHONRHIN,FRTJA,10:20,FRAVG
6778,2023-08-15,AVIGNON TGV,NON,2242,14:06,EST,BESANCON - F COMTE TGV,JCRHONRHIN,FRTJB,10:20,FRAVG
6779,2023-08-15,CANNES,NON,2242,15:24,EST,COLMAR,JCRHONRHIN,FRAEJ,07:30,FRJCA
6780,2023-08-15,CANNES,NON,2242,14:55,EST,MULHOUSE VILLE,JCRHONRHIN,FRAEK,07:30,FRJCA
6781,2023-08-15,CANNES,NON,2242,09:55,EST,AIX EN PROVENCE TGV,JCRHONRHIN,FRAIE,07:30,FRJCA
6782,2023-08-15,CANNES,NON,2242,09:33,EST,MARSEILLE ST CHARLES,JCRHONRHIN,FRMSC,07:30,FRJCA
6783,2023-08-15,CANNES,NON,2242,13:03,EST,BEAUNE,JCRHONRHIN,FRXBV,07:30,FRJCA
6784,2023-08-15,LYON (intramuros),NON,2242,13:03,EST,BEAUNE,JCRHONRHIN,FRXBV,11:32,FRLPD
6785,2023-08-15,MARSEILLE ST CHARLES,NON,2242,12:41,EST,CHALON SUR SAONE,JCRHONRHIN,FRXCD,09:45,FRMSC
6786,2023-08-15,NICE VILLE,NON,2242,13:25,EST,DIJON VILLE,JCRHONRHIN,FRABA,07:00,FRNIC
6787,2023-08-15,NICE VILLE,NON,2242,09:55,EST,AIX EN PROVENCE TGV,JCRHONRHIN,FRAIE,07:00,FRNIC
6788,2023-08-15,NICE VILLE,OUI,2242,07:26,EST,CANNES,JCRHONRHIN,FRJCA,07:00,FRNIC
6789,2023-08-15,NICE VILLE,NON,2242,13:03,EST,BEAUNE,JCRHONRHIN,FRXBV,07:00,FRNIC
6790,2023-08-15,BELFORT-MONTBELIARD TGV,OUI,2242,15:54,EST,STRASBOURG,JCRHONRHIN,FRAEG,14:33,FRTJA
6791,2023-08-15,BELFORT-MONTBELIARD TGV,OUI,2242,15:24,EST,COLMAR,JCRHONRHIN,FRAEJ,14:33,FRTJA
6792,2023-08-15,BESANCON - F COMTE TGV,OUI,2242,14:30,EST,BELFORT-MONTBELIARD TGV,JCRHONRHIN,FRTJA,14:09,FRTJB
6793,2023-08-15,TOULON,NON,2242,09:55,EST,AIX EN PROVENCE TGV,JCRHONRHIN,FRAIE,08:50,FRTLN
6794,2023-08-15,TOULON,NON,2242,09:33,EST,MARSEILLE ST CHARLES,JCRHONRHIN,FRMSC,08:50,FRTLN
6795,2023-08-15,CHALON SUR SAONE,OUI,2242,14:30,EST,BELFORT-MONTBELIARD TGV,JCRHONRHIN,FRTJA,12:44,FRXCD
6796,2023-08-15,CHALON SUR SAONE,OUI,2242,14:06,EST,BESANCON - F COMTE TGV,JCRHONRHIN,FRTJB,12:44,FRXCD
6797,2023-08-15,LES ARCS DRAGUIGNAN,NON,2242,11:26,EST,LYON (intramuros),JCRHONRHIN,FRLPD,08:12,FRXRS
6798,2023-08-15,ST RAPHAEL VALESCURE,NON,2242,10:17,EST,AVIGNON TGV,JCRHONRHIN,FRAVG,07:55,FRXSK
6799,2023-08-15,ST RAPHAEL VALESCURE,NON,2242,12:09,EST,MACON VILLE,JCRHONRHIN,FRHGU,07:55,FRXSK
6800,2023-08-15,ST RAPHAEL VALESCURE,OUI,2242,08:09,EST,LES ARCS DRAGUIGNAN,JCRHONRHIN,FRXRS,07:55,FRXSK
6801,2023-08-15,ST RAPHAEL VALESCURE,NON,2242,14:30,EST,BELFORT-MONTBELIARD TGV,JCRHONRHIN,FRTJA,07:55,FRXSK
6802,2023-08-15,TOULON,NON,2242,14:06,EST,BESANCON - F COMTE TGV,JCRHONRHIN,FRTJB,08:50,FRTLN
6803,2023-08-15,BEAUNE,OUI,2242,14:06,EST,BESANCON - F COMTE TGV,JCRHONRHIN,FRTJB,13:06,FRXBV
6804,2023-08-15,AGEN,NON,8512,17:12,ATLANTIQUE,PARIS (intramuros),SUDOUESTPA,FRPMO,13:35,FRAGF
6805,2023-08-15,TOULOUSE MATABIAU,OUI,8512,14:40,ATLANTIQUE,BORDEAUX ST JEAN,SUDOUESTPA,FRBOJ,12:32,FRXYT
6806,2023-08-15,REMIREMONT,OUI,2580,16:20,EST,EPINAL,NANCYPA,FREPL,15:58,FRRNT
6807,2023-08-15,BORDEAUX ST JEAN,OUI,8442,18:33,ATLANTIQUE,ANGOULEME,SUDOUESTPA,FRANG,17:58,FRBOJ
6808,2023-08-15,LILLE (intramuros),OUI,7546,23:08,NORD,PARIS (intramuros),ARRASPA,FRPNO,21:51,FRLLE
6809,2023-08-15,CALAIS FRETHUN,OUI,7546,23:08,NORD,PARIS (intramuros),ARRASPA,FRPNO,21:14,FRSTH
6810,2023-08-15,OULX CESANA CLAV SESTRIERE,NON,9248,20:14,INTERNATIONAL,CHAMBERY CHALLES LES EAUX,ITALIEPA,FRCMF,18:36,ITOCS
6811,2023-08-15,OULX CESANA CLAV SESTRIERE,NON,9248,23:26,INTERNATIONAL,PARIS (intramuros),ITALIEPA,FRPLY,18:36,ITOCS
6812,2023-08-15,TORINO PORTA SUSA,NON,9248,20:14,INTERNATIONAL,CHAMBERY CHALLES LES EAUX,ITALIEPA,FRCMF,17:38,ITTRS
6813,2023-08-15,QUIMPER,OUI,8752,21:10,ATLANTIQUE,AURAY,BRETAPARIS,FRXUY,20:20,FRUIP
6814,2023-08-15,VENDOME VILLIERS SUR LOIR,OUI,8331,08:35,ATLANTIQUE,ST PIERRE DES CORPS,PAROCHELLE,FRXSH,08:15,FRESL
6815,2023-08-15,VENDOME VILLIERS SUR LOIR,OUI,8331,09:22,ATLANTIQUE,FUTUROSCOPE,PAROCHELLE,FRTGO,08:15,FRESL
6816,2023-08-15,CHATELLERAULT,OUI,8331,09:22,ATLANTIQUE,FUTUROSCOPE,PAROCHELLE,FRTGO,09:09,FRXCX
6817,2023-08-15,BOURG EN BRESSE,OUI,9775,17:00,INTERNATIONAL,BELLEGARDE,PAGENEVE,FRXBF,16:12,FRXBK
6818,2023-08-15,GUINGAMP,OUI,8639,21:38,ATLANTIQUE,BREST,PARISBRETA,FRBES,20:36,FRGGP
6819,2023-08-15,PARIS (intramuros),NON,8639,21:38,ATLANTIQUE,BREST,PARISBRETA,FRBES,17:56,FRPMO
6820,2023-08-15,PARIS (intramuros),NON,8639,20:33,ATLANTIQUE,GUINGAMP,PARISBRETA,FRGGP,17:56,FRPMO
6821,2023-08-15,PARIS (intramuros),NON,8639,20:16,ATLANTIQUE,ST BRIEUC,PARISBRETA,FRSBK,17:56,FRPMO
6822,2023-08-15,ST BRIEUC,OUI,8639,21:03,ATLANTIQUE,MORLAIX,PARISBRETA,FRMXN,20:19,FRSBK
6823,2023-08-15,AGEN,NON,4659,15:22,IC ARO,NIMES,TJOURSOSE,FRFNI,11:33,FRAGF
6824,2023-08-15,AGEN,OUI,4659,12:08,IC ARO,MONTAUBAN VILLE BOURBON,TJOURSOSE,FRXMW,11:33,FRAGF
6825,2023-08-15,BORDEAUX ST JEAN,NON,4659,15:22,IC ARO,NIMES,TJOURSOSE,FRFNI,10:27,FRBOJ
6826,2023-08-15,CARCASSONNE,NON,4659,14:14,IC ARO,BEZIERS,TJOURSOSE,FRBZR,13:29,FRCCF
6827,2023-08-15,CARCASSONNE,NON,4659,16:37,IC ARO,MARSEILLE ST CHARLES,TJOURSOSE,FRMSC,13:29,FRCCF
6828,2023-08-15,CARCASSONNE,NON,4659,13:58,IC ARO,NARBONNE,TJOURSOSE,FRXNA,13:29,FRCCF
6829,2023-08-15,MONTAUBAN VILLE BOURBON,NON,4659,13:27,IC ARO,CARCASSONNE,TJOURSOSE,FRCCF,12:10,FRXMW
6830,2023-08-15,MONTAUBAN VILLE BOURBON,OUI,4659,12:37,IC ARO,TOULOUSE MATABIAU,TJOURSOSE,FRXYT,12:10,FRXMW
6831,2023-08-15,NARBONNE,NON,4659,16:37,IC ARO,MARSEILLE ST CHARLES,TJOURSOSE,FRMSC,14:01,FRXNA
6832,2023-08-15,TOULOUSE MATABIAU,NON,4659,13:58,IC ARO,NARBONNE,TJOURSOSE,FRXNA,12:45,FRXYT
6833,2023-08-15,PARIS (intramuros),OUI,7385,20:02,NORD,LENS,PAARRAS,FRXLE,18:52,FRPNO
6834,2023-08-15,LYON-SAINT EXUPERY TGV,OUI,6923,20:13,SUD EST,GRENOBLE,PAGRENOBLE,FRGNB,19:05,FRJDQ
6835,2023-08-15,AVIGNON TGV,OUI,6127,21:59,SUD EST,MARSEILLE ST CHARLES,PAPROVENCE,FRMSC,21:24,FRAVG
6836,2023-08-15,STRASBOURG,OUI,9401,15:09,EST,OFFENBOURG/OFFENBURG,PASTRAMULH,DEZPA,14:47,FRAEG
6837,2023-08-15,OFFENBOURG/OFFENBURG,OUI,9401,15:21,EST,LAHR SCHWARZW,PASTRAMULH,DEANL,15:10,DEZPA
6838,2023-08-15,LAHR SCHWARZW,OUI,9401,16:27,EST,FREIBURG BREISGAU HBF,PASTRAMULH,DEFGB,15:22,DEANL
6839,2023-08-15,RINGSHEIM/EU-PARK,OUI,9401,16:27,EST,FREIBURG BREISGAU HBF,PASTRAMULH,DEFGB,15:30,DERSH
6840,2023-08-15,STRASBOURG,OUI,9401,15:29,EST,RINGSHEIM/EU-PARK,PASTRAMULH,DERSH,14:47,FRAEG
6841,2023-08-15,LILLE (intramuros),OUI,5202,10:41,NORD,POITIERS,JCNORDAQUI,FRPIS,06:15,FRADJ
6842,2023-08-15,LILLE (intramuros),OUI,5202,06:55,NORD,ARRAS,JCNORDAQUI,FRQRV,06:15,FRADJ
6843,2023-08-15,LILLE (intramuros),OUI,5202,06:34,NORD,DOUAI,JCNORDAQUI,FRXDN,06:15,FRADJ
6844,2023-08-15,MARNE LA VALLEE CHESSY,OUI,5202,10:06,NORD,ST PIERRE DES CORPS,JCNORDAQUI,FRXSH,08:35,FRMLV
6845,2023-08-15,AEROPORT CDG2 TGV ROISSY,OUI,5202,12:02,NORD,BORDEAUX ST JEAN,JCNORDAQUI,FRBOJ,08:10,FRMLW
6846,2023-08-15,AEROPORT CDG2 TGV ROISSY,OUI,5202,09:04,NORD,MASSY TGV,JCNORDAQUI,FRDJU,08:10,FRMLW
6847,2023-08-15,AEROPORT CDG2 TGV ROISSY,OUI,5202,10:41,NORD,POITIERS,JCNORDAQUI,FRPIS,08:10,FRMLW
6848,2023-08-15,POITIERS,OUI,5202,11:23,NORD,ANGOULEME,JCNORDAQUI,FRANG,10:44,FRPIS
6849,2023-08-15,ARRAS,OUI,5202,12:02,NORD,BORDEAUX ST JEAN,JCNORDAQUI,FRBOJ,07:00,FRQRV
6850,2023-08-15,ARRAS,OUI,5202,08:22,NORD,MARNE LA VALLEE CHESSY,JCNORDAQUI,FRMLV,07:00,FRQRV
6851,2023-08-15,ARRAS,OUI,5202,07:54,NORD,AEROPORT CDG2 TGV ROISSY,JCNORDAQUI,FRMLW,07:00,FRQRV
6852,2023-08-15,TGV HAUTE PICARDIE,OUI,5202,07:54,NORD,AEROPORT CDG2 TGV ROISSY,JCNORDAQUI,FRMLW,07:25,FRTHP
6853,2023-08-15,DOUAI,OUI,5202,08:22,NORD,MARNE LA VALLEE CHESSY,JCNORDAQUI,FRMLV,06:37,FRXDN
6854,2023-08-15,BASEL SBB,NON,9222,17:38,INTERNATIONAL,PARIS (intramuros),ZURBALPA,FRPLY,14:34,CHAJP
6855,2023-08-15,DIJON VILLE,NON,5537,17:56,EST,LYON (intramuros),JCRHINRHON,FRLPD,16:20,FRABA
6856,2023-08-15,STRASBOURG,NON,5537,19:10,EST,AVIGNON TGV,JCRHINRHON,FRAVG,13:37,FRAEG
6857,2023-08-15,STRASBOURG,NON,5537,19:45,EST,MARSEILLE ST CHARLES,JCRHINRHON,FRMSC,13:37,FRAEG
6858,2023-08-15,STRASBOURG,NON,5537,20:41,EST,TOULON,JCRHINRHON,FRTLN,13:37,FRAEG
6859,2023-08-15,STRASBOURG,NON,5537,22:11,EST,ANTIBES,JCRHINRHON,FRXAT,13:37,FRAEG
6860,2023-08-15,COLMAR,NON,5537,22:30,EST,NICE VILLE,JCRHINRHON,FRNIC,14:05,FRAEJ
6861,2023-08-15,COLMAR,OUI,5537,15:02,EST,BELFORT-MONTBELIARD TGV,JCRHINRHON,FRTJA,14:05,FRAEJ
6862,2023-08-15,COLMAR,NON,5537,20:41,EST,TOULON,JCRHINRHON,FRTLN,14:05,FRAEJ
6863,2023-08-15,COLMAR,NON,5537,21:34,EST,ST RAPHAEL VALESCURE,JCRHINRHON,FRXSK,14:05,FRAEJ
6864,2023-08-15,MULHOUSE VILLE,NON,5537,22:30,EST,NICE VILLE,JCRHINRHON,FRNIC,14:41,FRAEK
6865,2023-08-15,MULHOUSE VILLE,NON,5537,20:41,EST,TOULON,JCRHINRHON,FRTLN,14:41,FRAEK
6866,2023-08-15,AVIGNON TGV,NON,5537,19:31,EST,AIX EN PROVENCE TGV,JCRHINRHON,FRAIE,19:12,FRAVG
6867,2023-08-15,AVIGNON TGV,NON,5537,21:59,EST,CANNES,JCRHINRHON,FRJCA,19:12,FRAVG
6868,2023-08-15,AVIGNON TGV,NON,5537,19:45,EST,MARSEILLE ST CHARLES,JCRHINRHON,FRMSC,19:12,FRAVG
6869,2023-08-15,AVIGNON TGV,NON,5537,20:41,EST,TOULON,JCRHINRHON,FRTLN,19:12,FRAVG
6870,2023-08-15,AVIGNON TGV,NON,5537,21:34,EST,ST RAPHAEL VALESCURE,JCRHINRHON,FRXSK,19:12,FRAVG
6871,2023-08-15,NANCY,NON,5537,22:11,EST,ANTIBES,JCRHINRHON,FRXAT,12:25,FRENC
6872,2023-08-15,NANCY,NON,5537,21:34,EST,ST RAPHAEL VALESCURE,JCRHINRHON,FRXSK,12:25,FRENC
6873,2023-08-15,LYON (intramuros),NON,5537,19:10,EST,AVIGNON TGV,JCRHINRHON,FRAVG,18:04,FRLPD
6874,2023-08-15,LYON (intramuros),NON,5537,20:41,EST,TOULON,JCRHINRHON,FRTLN,18:04,FRLPD
6875,2023-08-15,LYON (intramuros),NON,5537,21:34,EST,ST RAPHAEL VALESCURE,JCRHINRHON,FRXSK,18:04,FRLPD
6876,2023-08-15,MARSEILLE ST CHARLES,NON,5537,22:30,EST,NICE VILLE,JCRHINRHON,FRNIC,19:57,FRMSC
6877,2023-08-15,BELFORT-MONTBELIARD TGV,NON,5537,17:56,EST,LYON (intramuros),JCRHINRHON,FRLPD,15:06,FRTJA
6878,2023-08-15,BEAUNE,NON,5537,19:10,EST,AVIGNON TGV,JCRHINRHON,FRAVG,16:42,FRXBV
6879,2023-08-15,BEAUNE,NON,5537,22:30,EST,NICE VILLE,JCRHINRHON,FRNIC,16:42,FRXBV
6880,2023-08-15,BEAUNE,NON,5537,21:34,EST,ST RAPHAEL VALESCURE,JCRHINRHON,FRXSK,16:42,FRXBV
6881,2023-08-15,BESANCON - F COMTE TGV,NON,5537,21:34,EST,ST RAPHAEL VALESCURE,JCRHINRHON,FRXSK,15:36,FRTJB
6882,2023-08-15,BESANCON - F COMTE TGV,NON,5537,22:30,EST,NICE VILLE,JCRHINRHON,FRNIC,15:36,FRTJB
6883,2023-08-15,BESANCON - F COMTE TGV,NON,5537,22:11,EST,ANTIBES,JCRHINRHON,FRXAT,15:36,FRTJB
6884,2023-08-15,BELFORT-MONTBELIARD TGV,NON,5537,22:30,EST,NICE VILLE,JCRHINRHON,FRNIC,15:06,FRTJA
6885,2023-08-15,NANCY,NON,5537,15:02,EST,BELFORT-MONTBELIARD TGV,JCRHINRHON,FRTJA,12:25,FRENC
6886,2023-08-15,SURGERES,OUI,8361,16:20,ATLANTIQUE,LA ROCHELLE VILLE,PAROCHELLE,FRLRH,15:59,FREIP
6887,2023-08-15,PARIS (intramuros),OUI,8691,13:10,ATLANTIQUE,LANNION,PARISBRETA,FRLAI,09:54,FRPMO
6888,2023-08-15,PARIS (intramuros),OUI,8691,11:25,ATLANTIQUE,RENNES,PARISBRETA,FRRNS,09:54,FRPMO
6889,2023-08-15,RENNES,OUI,8691,12:37,ATLANTIQUE,GUINGAMP,PARISBRETA,FRGGP,11:25,FRRNS
6890,2023-08-15,RENNES,OUI,8691,12:20,ATLANTIQUE,ST BRIEUC,PARISBRETA,FRSBK,11:25,FRRNS
6891,2023-08-15,VALLORBE,NON,9270,17:13,INTERNATIONAL,FRASNE,SUISPA,FRFRA,17:00,CHAGL
6892,2023-08-15,DOLE VILLE,NON,9270,20:04,INTERNATIONAL,PARIS (intramuros),SUISPA,FRPLY,18:00,FRACE
6893,2023-08-15,FRASNE,NON,9270,20:04,INTERNATIONAL,PARIS (intramuros),SUISPA,FRPLY,17:15,FRFRA
6894,2023-08-15,BORDEAUX ST JEAN,NON,4663,16:37,IC ARO,TOULOUSE MATABIAU,TJOURSOSE,FRXYT,14:28,FRBOJ
6895,2023-08-15,CARCASSONNE,NON,4663,19:22,IC ARO,NIMES,TJOURSOSE,FRFNI,17:29,FRCCF
6896,2023-08-15,CARCASSONNE,NON,4663,18:54,IC ARO,MONTPELLIER SAINT-ROCH,TJOURSOSE,FRMPL,17:29,FRCCF
6897,2023-08-15,CARCASSONNE,NON,4663,20:36,IC ARO,MARSEILLE ST CHARLES,TJOURSOSE,FRMSC,17:29,FRCCF
6898,2023-08-15,CARCASSONNE,NON,4663,17:58,IC ARO,NARBONNE,TJOURSOSE,FRXNA,17:29,FRCCF
6899,2023-08-15,MONTAUBAN VILLE BOURBON,NON,4663,18:14,IC ARO,BEZIERS,TJOURSOSE,FRBZR,16:11,FRXMW
6900,2023-08-15,NARBONNE,NON,4663,18:14,IC ARO,BEZIERS,TJOURSOSE,FRBZR,18:01,FRXNA
6901,2023-08-15,NARBONNE,NON,4663,19:22,IC ARO,NIMES,TJOURSOSE,FRFNI,18:01,FRXNA
6902,2023-08-15,TOULOUSE MATABIAU,NON,4663,17:27,IC ARO,CARCASSONNE,TJOURSOSE,FRCCF,16:45,FRXYT
6903,2023-08-15,TOULOUSE MATABIAU,NON,4663,19:22,IC ARO,NIMES,TJOURSOSE,FRFNI,16:45,FRXYT
6904,2023-08-15,TOULOUSE MATABIAU,NON,4663,18:54,IC ARO,MONTPELLIER SAINT-ROCH,TJOURSOSE,FRMPL,16:45,FRXYT
6905,2023-08-15,TOULOUSE MATABIAU,NON,4663,20:36,IC ARO,MARSEILLE ST CHARLES,TJOURSOSE,FRMSC,16:45,FRXYT
6906,2023-08-15,PARIS (intramuros),OUI,5979,21:29,IC ARO,CLERMONT FERRAND,PACLERMONT,FRCFE,17:57,FRPBE
6907,2023-08-15,PARIS (intramuros),OUI,5979,21:17,IC ARO,RIOM CHATEL GUYON,PACLERMONT,FRRIO,17:57,FRPBE
6908,2023-08-15,PARIS (intramuros),OUI,5979,20:55,IC ARO,VICHY,PACLERMONT,FRVHY,17:57,FRPBE
6909,2023-08-15,DIJON VILLE,OUI,6705,13:46,SUD EST,BELFORT-MONTBELIARD TGV,PABOUR,FRTJA,12:56,FRABA
6910,2023-08-15,PARIS (intramuros),NON,6705,13:22,SUD EST,BESANCON - F COMTE TGV,PABOUR,FRTJB,11:18,FRPLY
6911,2023-08-15,BESANCON - F COMTE TGV,OUI,6705,13:46,SUD EST,BELFORT-MONTBELIARD TGV,PABOUR,FRTJA,13:25,FRTJB
6912,2023-08-15,CARCASSONNE,NON,4657,13:50,IC ARO,ARLES,TJOURSOSE,FRHZA,11:29,FRCCF
6913,2023-08-15,NIMES,OUI,4657,13:50,IC ARO,ARLES,TJOURSOSE,FRHZA,13:25,FRFNI
6914,2023-08-15,MARMANDE,NON,4657,13:50,IC ARO,ARLES,TJOURSOSE,FRHZA,09:06,FRXMR
6915,2023-08-15,MARMANDE,OUI,4657,10:08,IC ARO,MONTAUBAN VILLE BOURBON,TJOURSOSE,FRXMW,09:06,FRXMR
6916,2023-08-15,MONTAUBAN VILLE BOURBON,NON,4657,11:27,IC ARO,CARCASSONNE,TJOURSOSE,FRCCF,10:10,FRXMW
6917,2023-08-15,MONTAUBAN VILLE BOURBON,NON,4657,11:58,IC ARO,NARBONNE,TJOURSOSE,FRXNA,10:10,FRXMW
6918,2023-08-15,MONTAUBAN VILLE BOURBON,OUI,4657,10:37,IC ARO,TOULOUSE MATABIAU,TJOURSOSE,FRXYT,10:10,FRXMW
6919,2023-08-15,SETE,NON,4657,13:22,IC ARO,NIMES,TJOURSOSE,FRFNI,12:36,FRXSY
6920,2023-08-15,SETE,NON,4657,13:50,IC ARO,ARLES,TJOURSOSE,FRHZA,12:36,FRXSY
6921,2023-08-15,TOULOUSE MATABIAU,NON,4657,11:27,IC ARO,CARCASSONNE,TJOURSOSE,FRCCF,10:45,FRXYT
6922,2023-08-15,TOULOUSE MATABIAU,NON,4657,14:37,IC ARO,MARSEILLE ST CHARLES,TJOURSOSE,FRMSC,10:45,FRXYT
6923,2023-08-15,ANGERS ST LAUD,NON,4404,14:56,IC SRO,BOURGES,JOURNTELYN,FRBOU,12:22,FRACL
6924,2023-08-15,ANGERS ST LAUD,NON,4404,18:26,IC SRO,LYON (intramuros),JOURNTELYN,FRLPD,12:22,FRACL
6925,2023-08-15,ANGERS ST LAUD,NON,4404,16:19,IC SRO,MOULINS SUR ALLIER,JOURNTELYN,FRXMU,12:22,FRACL
6926,2023-08-15,BOURGES,NON,4404,18:26,IC SRO,LYON (intramuros),JOURNTELYN,FRLPD,14:58,FRBOU
6927,2023-08-15,BOURGES,NON,4404,16:19,IC SRO,MOULINS SUR ALLIER,JOURNTELYN,FRXMU,14:58,FRBOU
6928,2023-08-15,LYON (intramuros),NON,4404,18:39,IC SRO,LYON (intramuros),JOURNTELYN,FRLPE,18:31,FRLPD
6929,2023-08-15,NANTES,NON,4404,12:20,IC SRO,ANGERS ST LAUD,JOURNTELYN,FRACL,11:40,FRNTE
6930,2023-08-15,NANTES,NON,4404,16:41,IC SRO,ST GERMAIN DES FOSSES,JOURNTELYN,FRSGF,11:40,FRNTE
6931,2023-08-15,NEVERS,NON,4404,18:26,IC SRO,LYON (intramuros),JOURNTELYN,FRLPD,15:51,FRNVS
6932,2023-08-15,NEVERS,NON,4404,16:41,IC SRO,ST GERMAIN DES FOSSES,JOURNTELYN,FRSGF,15:51,FRNVS
6933,2023-08-15,NEVERS,NON,4404,16:19,IC SRO,MOULINS SUR ALLIER,JOURNTELYN,FRXMU,15:51,FRNVS
6934,2023-08-15,ROANNE,NON,4404,18:26,IC SRO,LYON (intramuros),JOURNTELYN,FRLPD,17:23,FRRNE
6935,2023-08-15,VIERZON VILLE,NON,4404,18:26,IC SRO,LYON (intramuros),JOURNTELYN,FRLPD,14:37,FRXVZ
6936,2023-08-15,LYON (intramuros),NON,6620,14:46,SUD EST,LE CREUSOT MONTCEAU MONTCHANIN,RHONEPARIS,FRXCC,14:04,FRLPD
6937,2023-08-15,LYON (intramuros),OUI,6620,13:58,SUD EST,LYON (intramuros),RHONEPARIS,FRLPD,13:50,FRLPE
6938,2023-08-15,LIMOGES BENEDICTINS,NON,3650,14:47,IC ARO,ARGENTON SUR CREUSE,TOULOUZECO,FRFMT,13:53,FRAGQ
6939,2023-08-15,BRIVE LA GAILLARDE,NON,3650,15:38,IC ARO,VIERZON VILLE,TOULOUZECO,FRXVZ,12:48,FRBVE
6940,2023-08-15,ARGENTON SUR CREUSE,NON,3650,17:19,IC ARO,PARIS (intramuros),TOULOUZECO,FRPAZ,14:48,FRFMT
6941,2023-08-15,CAUSSADE TARN ET GARONNE,OUI,3650,12:44,IC ARO,BRIVE LA GAILLARDE,TOULOUZECO,FRBVE,11:08,FRFTA
6942,2023-08-15,CAUSSADE TARN ET GARONNE,OUI,3650,12:00,IC ARO,GOURDON,TOULOUZECO,FRFSI,11:08,FRFTA
6943,2023-08-15,CAUSSADE TARN ET GARONNE,OUI,3650,11:33,IC ARO,CAHORS,TOULOUZECO,FRZAO,11:08,FRFTA
6944,2023-08-15,LA SOUTERRAINE,NON,3650,16:18,IC ARO,LES AUBRAIS ORLEANS,TOULOUZECO,FRLAB,14:24,FRLST
6945,2023-08-15,SOUILLAC,OUI,3650,12:44,IC ARO,BRIVE LA GAILLARDE,TOULOUZECO,FRBVE,12:19,FRSOU
6946,2023-08-15,SOUILLAC,NON,3650,17:19,IC ARO,PARIS (intramuros),TOULOUZECO,FRPAZ,12:19,FRSOU
6947,2023-08-15,MONTAUBAN VILLE BOURBON,NON,3650,14:47,IC ARO,ARGENTON SUR CREUSE,TOULOUZECO,FRFMT,10:55,FRXMW
6948,2023-08-15,MONTAUBAN VILLE BOURBON,OUI,3650,11:07,IC ARO,CAUSSADE TARN ET GARONNE,TOULOUZECO,FRFTA,10:55,FRXMW
6949,2023-08-15,MONTAUBAN VILLE BOURBON,NON,3650,14:22,IC ARO,LA SOUTERRAINE,TOULOUZECO,FRLST,10:55,FRXMW
6950,2023-08-15,MONTAUBAN VILLE BOURBON,NON,3650,15:38,IC ARO,VIERZON VILLE,TOULOUZECO,FRXVZ,10:55,FRXMW
6951,2023-08-15,MONTAUBAN VILLE BOURBON,OUI,3650,11:33,IC ARO,CAHORS,TOULOUZECO,FRZAO,10:55,FRXMW
6952,2023-08-15,VIERZON VILLE,NON,3650,17:19,IC ARO,PARIS (intramuros),TOULOUZECO,FRPAZ,15:41,FRXVZ
6953,2023-08-15,TOULOUSE MATABIAU,NON,3650,14:47,IC ARO,ARGENTON SUR CREUSE,TOULOUZECO,FRFMT,10:28,FRXYT
6954,2023-08-15,TOULOUSE MATABIAU,OUI,3650,11:07,IC ARO,CAUSSADE TARN ET GARONNE,TOULOUZECO,FRFTA,10:28,FRXYT
6955,2023-08-15,TOULOUSE MATABIAU,OUI,3650,12:17,IC ARO,SOUILLAC,TOULOUZECO,FRSOU,10:28,FRXYT
6956,2023-08-15,CAHORS,OUI,3650,13:48,IC ARO,LIMOGES BENEDICTINS,TOULOUZECO,FRAGQ,11:35,FRZAO
6957,2023-08-15,CAHORS,OUI,3650,12:00,IC ARO,GOURDON,TOULOUZECO,FRFSI,11:35,FRZAO
6958,2023-08-15,GOURDON,NON,3650,14:22,IC ARO,LA SOUTERRAINE,TOULOUZECO,FRLST,12:02,FRFSI
6959,2023-08-15,DIJON VILLE,NON,9896,23:02,EST,METZ VILLE,JCRHONRHIN,FRADE,19:49,FRABA
6960,2023-08-15,AIX EN PROVENCE TGV,NON,9896,22:07,EST,STRASBOURG,JCRHONRHIN,FRAEG,16:11,FRAIE
6961,2023-08-15,AVIGNON TGV,NON,9896,21:09,EST,MULHOUSE VILLE,JCRHONRHIN,FRAEK,16:33,FRAVG
6962,2023-08-15,LYON (intramuros),NON,9896,19:39,EST,DIJON VILLE,JCRHONRHIN,FRABA,18:00,FRLPD
6963,2023-08-15,MARSEILLE ST CHARLES,NON,9896,23:02,EST,METZ VILLE,JCRHONRHIN,FRADE,15:56,FRMSC
6964,2023-08-15,MARSEILLE ST CHARLES,NON,9896,17:51,EST,LYON (intramuros),JCRHONRHIN,FRLPD,15:56,FRMSC
6965,2023-08-15,MARSEILLE ST CHARLES,NON,9896,20:16,EST,BESANCON - F COMTE TGV,JCRHONRHIN,FRTJB,15:56,FRMSC
6966,2023-08-15,MARSEILLE ST CHARLES,NON,9896,23:49,EST,LUXEMBOURG,JCRHONRHIN,LULUX,15:56,FRMSC
6967,2023-08-15,BESANCON - F COMTE TGV,OUI,9896,22:07,EST,STRASBOURG,JCRHONRHIN,FRAEG,20:19,FRTJB
6968,2023-08-15,VALENCE TGV RHONE-ALPES SUD,NON,9896,21:09,EST,MULHOUSE VILLE,JCRHONRHIN,FRAEK,17:13,FRVLA
6969,2023-08-15,VALENCE TGV RHONE-ALPES SUD,NON,9896,17:51,EST,LYON (intramuros),JCRHONRHIN,FRLPD,17:13,FRVLA
6970,2023-08-15,VALENCE TGV RHONE-ALPES SUD,NON,9896,23:23,EST,THIONVILLE,JCRHONRHIN,FRXTH,17:13,FRVLA
6971,2023-08-15,VALENCE TGV RHONE-ALPES SUD,NON,9896,23:49,EST,LUXEMBOURG,JCRHONRHIN,LULUX,17:13,FRVLA
6972,2023-08-15,ST GAUDENS,NON,14151,16:12,IC SRO,ORTHEZ,SUDOUEST,FRGFI,14:23,FRFPH
6973,2023-08-15,PAU,NON,14141,12:14,IC SRO,ORTHEZ,SUDOUEST,FRGFI,11:54,FRAEE
6974,2023-08-15,PAU,NON,14141,13:00,IC SRO,BAYONNE,SUDOUEST,FRXBY,11:54,FRAEE
6975,2023-08-15,ORTHEZ,NON,14141,13:00,IC SRO,BAYONNE,SUDOUEST,FRXBY,12:16,FRGFI
6976,2023-08-15,LOURDES,NON,14141,12:14,IC SRO,ORTHEZ,SUDOUEST,FRGFI,11:26,FRLDE
6977,2023-08-15,TARBES,NON,14141,11:23,IC SRO,LOURDES,SUDOUEST,FRLDE,11:09,FRXTB
6978,2023-08-15,RENNES,OUI,8066,22:16,ATLANTIQUE,LAVAL,BRETAPARIS,FRACR,21:50,FRRNS
6979,2023-08-15,RENNES,OUI,8066,22:49,ATLANTIQUE,LE MANS,BRETAPARIS,FRAET,21:50,FRRNS
6980,2023-08-15,MILANO P GARIBALDI,NON,9244,15:03,INTERNATIONAL,MODANE,ITALIEPA,FRAGR,12:10,ITMPG
6981,2023-08-15,MILANO P GARIBALDI,NON,9244,17:38,INTERNATIONAL,MACON LOCHE TGV,ITALIEPA,FRMLT,12:10,ITMPG
6982,2023-08-15,OULX CESANA CLAV SESTRIERE,NON,9244,19:14,INTERNATIONAL,PARIS (intramuros),ITALIEPA,FRPLY,14:36,ITOCS
6983,2023-08-15,STRASBOURG,NON,9579,21:04,INTERNATIONAL,STUTTGART HBF,PASTUTMUN,DESGT,19:46,FRAEG
6984,2023-08-15,PARIS (intramuros),NON,9579,19:41,INTERNATIONAL,STRASBOURG,PASTUTMUN,FRAEG,17:55,FRPST
6985,2023-08-15,STRASBOURG,NON,2362,19:05,EST,PARIS (intramuros),MULHSTRAPA,FRPST,17:19,FRAEG
6986,2023-08-15,COLMAR,NON,2362,19:05,EST,PARIS (intramuros),MULHSTRAPA,FRPST,16:45,FRAEJ
6987,2023-08-15,BREST,OUI,8642,18:38,ATLANTIQUE,ST BRIEUC,BRETAPARIS,FRSBK,17:22,FRBES
6988,2023-08-15,GUINGAMP,NON,8642,21:08,ATLANTIQUE,PARIS (intramuros),BRETAPARIS,FRPMO,18:24,FRGGP
6989,2023-08-15,RENNES,NON,8642,21:08,ATLANTIQUE,PARIS (intramuros),BRETAPARIS,FRPMO,19:35,FRRNS
6990,2023-08-15,ST BRIEUC,OUI,8642,19:29,ATLANTIQUE,RENNES,BRETAPARIS,FRRNS,18:41,FRSBK
6991,2023-08-15,CARCASSONNE,NON,4758,13:50,IC ARO,MONTAUBAN VILLE BOURBON,TJOURSESO,FRXMW,12:34,FRCCF
6992,2023-08-15,MONTPELLIER SAINT-ROCH,NON,4758,13:50,IC ARO,MONTAUBAN VILLE BOURBON,TJOURSESO,FRXMW,11:07,FRMPL
6993,2023-08-15,MONTPELLIER SAINT-ROCH,NON,4758,13:17,IC ARO,TOULOUSE MATABIAU,TJOURSESO,FRXYT,11:07,FRMPL
6994,2023-08-15,MARSEILLE ST CHARLES,NON,4758,11:03,IC ARO,MONTPELLIER SAINT-ROCH,TJOURSESO,FRMPL,09:27,FRMSC
6995,2023-08-15,MARSEILLE ST CHARLES,NON,4758,14:54,IC ARO,MARMANDE,TJOURSESO,FRXMR,09:27,FRMSC
6996,2023-08-15,MARSEILLE ST CHARLES,NON,4758,13:50,IC ARO,MONTAUBAN VILLE BOURBON,TJOURSESO,FRXMW,09:27,FRMSC
6997,2023-08-15,MARSEILLE ST CHARLES,NON,4758,12:01,IC ARO,NARBONNE,TJOURSESO,FRXNA,09:27,FRMSC
6998,2023-08-15,MONTAUBAN VILLE BOURBON,NON,4758,14:54,IC ARO,MARMANDE,TJOURSESO,FRXMR,13:52,FRXMW
6999,2023-08-15,NARBONNE,NON,4758,14:54,IC ARO,MARMANDE,TJOURSESO,FRXMR,12:04,FRXNA
7000,2023-08-15,TOULOUSE MATABIAU,NON,4758,15:33,IC ARO,BORDEAUX ST JEAN,TJOURSESO,FRBOJ,13:25,FRXYT
7001,2023-08-15,TOULOUSE MATABIAU,NON,4758,13:50,IC ARO,MONTAUBAN VILLE BOURBON,TJOURSESO,FRXMW,13:25,FRXYT
7002,2023-08-15,BORDEAUX ST JEAN,OUI,8486,10:39,ATLANTIQUE,LIBOURNE,SUDOUESTPA,FRXLR,10:17,FRBOJ
7003,2023-08-15,LIBOURNE,OUI,8486,11:22,ATLANTIQUE,ANGOULEME,SUDOUESTPA,FRANG,10:42,FRXLR
7004,2023-08-15,LAVAL,OUI,9838,21:29,NORD,RENNES,JCNORDBRET,FRRNS,21:04,FRACR
7005,2023-08-15,LILLE (intramuros),NON,9838,20:29,NORD,LE MANS,JCNORDBRET,FRAET,17:40,FRLLE
7006,2023-08-15,MARNE LA VALLEE CHESSY,NON,9838,20:29,NORD,LE MANS,JCNORDBRET,FRAET,19:02,FRMLV
7007,2023-08-15,MARNE LA VALLEE CHESSY,NON,9838,19:34,NORD,MASSY TGV,JCNORDBRET,FRDJU,19:02,FRMLV
7008,2023-08-15,MARNE LA VALLEE CHESSY,NON,9838,21:29,NORD,RENNES,JCNORDBRET,FRRNS,19:02,FRMLV
7009,2023-08-15,AEROPORT CDG2 TGV ROISSY,NON,9838,19:34,NORD,MASSY TGV,JCNORDBRET,FRDJU,18:49,FRMLW
7010,2023-08-15,BRUXELLES MIDI BRUSSEL ZUID,NON,9838,19:34,NORD,MASSY TGV,JCNORDBRET,FRDJU,16:54,BEBMI
7011,2023-08-15,CANNES,NON,6074,12:33,SUD EST,MARSEILLE ST CHARLES,AZURPA,FRMSC,10:32,FRJCA
7012,2023-08-15,CANNES,NON,6074,15:50,SUD EST,PARIS (intramuros),AZURPA,FRPLY,10:32,FRJCA
7013,2023-08-15,CANNES,OUI,6074,11:44,SUD EST,TOULON,AZURPA,FRTLN,10:32,FRJCA
7014,2023-08-15,ANTIBES,NON,6074,12:33,SUD EST,MARSEILLE ST CHARLES,AZURPA,FRMSC,10:16,FRXAT
7015,2023-08-15,ANTIBES,OUI,6074,10:55,SUD EST,ST RAPHAEL VALESCURE,AZURPA,FRXSK,10:16,FRXAT
7016,2023-08-15,ANGERS ST LAUD,OUI,8934,00:12,ATLANTIQUE,PARIS (intramuros),LOIREPARIS,FRPMO,22:47,FRACL
7017,2023-08-15,PORNICHET,NON,8934,00:12,ATLANTIQUE,PARIS (intramuros),LOIREPARIS,FRPMO,21:13,FREGR
7018,2023-08-15,LE POULIGUEN,OUI,8934,21:23,ATLANTIQUE,ST NAZAIRE,LOIREPARIS,FRSNR,20:59,FREGS
7019,2023-08-15,LE CROISIC,OUI,8934,21:11,ATLANTIQUE,PORNICHET,LOIREPARIS,FREGR,20:51,FREGU
7020,2023-08-15,LE CROISIC,OUI,8934,20:56,ATLANTIQUE,LE POULIGUEN,LOIREPARIS,FREGS,20:51,FREGU
7021,2023-08-15,LA BAULE ESCOUBLAC,OUI,8934,21:11,ATLANTIQUE,PORNICHET,LOIREPARIS,FREGR,21:07,FRJEE
7022,2023-08-15,LA BAULE ESCOUBLAC,OUI,8934,22:01,ATLANTIQUE,NANTES,LOIREPARIS,FRNTE,21:07,FRJEE
7023,2023-08-15,LA BAULE ESCOUBLAC,OUI,8934,21:23,ATLANTIQUE,ST NAZAIRE,LOIREPARIS,FRSNR,21:07,FRJEE
7024,2023-08-15,NANTES,NON,8934,22:44,ATLANTIQUE,ANGERS ST LAUD,LOIREPARIS,FRACL,22:07,FRNTE
7025,2023-08-15,LYON (intramuros),NON,6612,10:45,SUD EST,LE CREUSOT MONTCEAU MONTCHANIN,RHONEPARIS,FRXCC,10:04,FRLPD
7026,2023-08-15,PARIS (intramuros),NON,2743,16:14,EST,REIMS,PABARSED,FRRHE,15:28,FRPST
7027,2023-08-15,PARIS (intramuros),NON,9269,15:37,INTERNATIONAL,LAUSANNE,PASUIS,CHAJF,11:56,FRPLY
7028,2023-08-15,PARIS (intramuros),OUI,9269,13:58,INTERNATIONAL,DOLE VILLE,PASUIS,FRACE,11:56,FRPLY
7029,2023-08-15,GENEVE,NON,9780,21:42,INTERNATIONAL,PARIS (intramuros),GENEVEPA,FRPLY,18:29,CHGVA
7030,2023-08-15,BELLEGARDE,NON,9780,19:49,INTERNATIONAL,BOURG EN BRESSE,GENEVEPA,FRXBK,19:02,FRXBF
7031,2023-08-15,DOLE VILLE,NON,9261,10:42,INTERNATIONAL,FRASNE,PASUIS,FRFRA,10:00,FRACE
7032,2023-08-15,FRASNE,NON,9261,11:54,INTERNATIONAL,LAUSANNE,PASUIS,CHAJF,10:44,FRFRA
7033,2023-08-15,PARIS (intramuros),NON,9261,10:42,INTERNATIONAL,FRASNE,PASUIS,FRFRA,07:56,FRPLY
7034,2023-08-15,BEZIERS,OUI,6252,11:27,SUD EST,SETE,LANGPA,FRXSY,10:59,FRBZR
7035,2023-08-15,PERPIGNAN,OUI,6252,10:56,SUD EST,BEZIERS,LANGPA,FRBZR,10:04,FRPGF
7036,2023-08-15,PERPIGNAN,OUI,6252,10:39,SUD EST,NARBONNE,LANGPA,FRXNA,10:04,FRPGF
7037,2023-08-15,AGDE,OUI,6252,11:27,SUD EST,SETE,LANGPA,FRXSY,11:13,FRXAG
7038,2023-08-15,NARBONNE,NON,6252,12:50,SUD EST,VALENCE TGV RHONE-ALPES SUD,LANGPA,FRVLA,10:42,FRXNA
7039,2023-08-15,NARBONNE,OUI,6252,11:27,SUD EST,SETE,LANGPA,FRXSY,10:42,FRXNA
7040,2023-08-15,SETE,OUI,6252,11:46,SUD EST,MONTPELLIER SUD DE FRANCE,LANGPA,FRSUF,11:30,FRXSY
7041,2023-08-15,BEZIERS,OUI,6252,11:46,SUD EST,MONTPELLIER SUD DE FRANCE,LANGPA,FRSUF,10:59,FRBZR
7042,2023-08-15,AGDE,OUI,6252,11:46,SUD EST,MONTPELLIER SUD DE FRANCE,LANGPA,FRSUF,11:13,FRXAG
7043,2023-08-15,PERPIGNAN,OUI,6252,11:46,SUD EST,MONTPELLIER SUD DE FRANCE,LANGPA,FRSUF,10:04,FRPGF
7044,2023-08-15,SETE,NON,6252,12:11,SUD EST,NIMES PONT DU GARD,LANGPA,FRXZP,11:30,FRXSY
7045,2023-08-15,NARBONNE,NON,6252,12:11,SUD EST,NIMES PONT DU GARD,LANGPA,FRXZP,10:42,FRXNA
7046,2023-08-15,CLERMONT FERRAND,NON,5970,14:29,IC ARO,MOULINS SUR ALLIER,CLERMONTPA,FRXMU,13:31,FRCFE
7047,2023-08-15,MOULINS SUR ALLIER,NON,5970,14:58,IC ARO,NEVERS,CLERMONTPA,FRNVS,14:31,FRXMU
7048,2023-08-15,PARIS (intramuros),OUI,7177,17:59,NORD,DOUAI,PAARRAS,FRXDN,16:52,FRPNO
7049,2023-08-15,ANGERS ST LAUD,OUI,8912,11:25,ATLANTIQUE,PARIS (intramuros),LOIREPARIS,FRPMO,09:44,FRACL
7050,2023-08-15,LE MANS,OUI,8912,11:25,ATLANTIQUE,PARIS (intramuros),LOIREPARIS,FRPMO,10:26,FRAET
7051,2023-08-15,LE CROISIC,OUI,8912,08:59,ATLANTIQUE,NANTES,LOIREPARIS,FRNTE,07:55,FREGU
7052,2023-08-15,LE CROISIC,OUI,8912,11:25,ATLANTIQUE,PARIS (intramuros),LOIREPARIS,FRPMO,07:55,FREGU
7053,2023-08-15,LA BAULE ESCOUBLAC,OUI,8912,08:59,ATLANTIQUE,NANTES,LOIREPARIS,FRNTE,08:07,FRJEE
7054,2023-08-15,ST NAZAIRE,OUI,8912,10:23,ATLANTIQUE,LE MANS,LOIREPARIS,FRAET,08:24,FRSNR
7055,2023-08-15,PARIS (intramuros),NON,9777,19:30,INTERNATIONAL,GENEVE,PAGENEVE,CHGVA,16:18,FRPLY
7056,2023-08-15,SURGERES,NON,8374,11:23,ATLANTIQUE,NIORT,ROCHELLEPA,FRNIT,11:05,FREIP
7057,2023-08-15,SURGERES,NON,8374,12:09,ATLANTIQUE,POITIERS,ROCHELLEPA,FRPIS,11:05,FREIP
7058,2023-08-15,NIORT,NON,8374,12:09,ATLANTIQUE,POITIERS,ROCHELLEPA,FRPIS,11:26,FRNIT
7059,2023-08-15,NURIEUX,NON,9781,21:30,INTERNATIONAL,GENEVE,PAGENEVE,CHGVA,20:37,FRHQN
7060,2023-08-15,PARIS (intramuros),NON,9781,20:07,INTERNATIONAL,BOURG EN BRESSE,PAGENEVE,FRXBK,18:18,FRPLY
7061,2023-08-15,BOURG EN BRESSE,NON,9781,21:00,INTERNATIONAL,BELLEGARDE,PAGENEVE,FRXBF,20:10,FRXBK
7062,2023-08-15,LE MANS,OUI,8069,23:45,ATLANTIQUE,LAVAL,PARISBRETA,FRACR,23:16,FRAET
7063,2023-08-15,AIX EN PROVENCE TGV,NON,6864,15:18,SUD EST,LYON (intramuros),JCSUDPROV,FRLPD,13:44,FRAIE
7064,2023-08-15,MARSEILLE ST CHARLES,NON,6864,14:03,SUD EST,AVIGNON TGV,JCSUDPROV,FRAVG,13:30,FRMSC
7065,2023-08-15,ST MAIXENT DEUX SEVRES,NON,8380,17:11,ATLANTIQUE,POITIERS,ROCHELLEPA,FRPIS,16:40,FREJC
7066,2023-08-15,MILANO P GARIBALDI,NON,9252,18:15,INTERNATIONAL,CHAMBERY CHALLES LES EAUX,ITALIEPA,FRCMF,14:10,ITMPG
7067,2023-08-15,OULX CESANA CLAV SESTRIERE,NON,9252,18:15,INTERNATIONAL,CHAMBERY CHALLES LES EAUX,ITALIEPA,FRCMF,16:36,ITOCS
7068,2023-08-15,OULX CESANA CLAV SESTRIERE,NON,9252,21:14,INTERNATIONAL,PARIS (intramuros),ITALIEPA,FRPLY,16:36,ITOCS
7069,2023-08-15,TORINO PORTA SUSA,NON,9252,18:15,INTERNATIONAL,CHAMBERY CHALLES LES EAUX,ITALIEPA,FRCMF,15:41,ITTRS
7070,2023-08-15,TORINO PORTA SUSA,NON,9252,21:14,INTERNATIONAL,PARIS (intramuros),ITALIEPA,FRPLY,15:41,ITTRS
7071,2023-08-15,DOL DE BRETAGNE,NON,8088,20:20,ATLANTIQUE,PARIS (intramuros),BRETAPARIS,FRPMO,17:58,FRDOL
7072,2023-08-15,ST MALO,NON,8088,19:01,ATLANTIQUE,LAVAL,BRETAPARIS,FRACR,17:42,FRXSB
7073,2023-08-15,PARIS (intramuros),OUI,8085,14:25,ATLANTIQUE,RENNES,PARISBRETA,FRRNS,12:56,FRPMO
7074,2023-08-15,SURGERES,OUI,8362,09:26,ATLANTIQUE,NIORT,ROCHELLEPA,FRNIT,09:08,FREIP
7075,2023-08-15,SURGERES,OUI,8362,11:40,ATLANTIQUE,PARIS (intramuros),ROCHELLEPA,FRPMO,09:08,FREIP
7076,2023-08-15,BOURGES,NON,4504,15:49,IC SRO,VIERZON VILLE,JOURLYNNTE,FRXVZ,15:30,FRBOU
7077,2023-08-15,LYON (intramuros),NON,4504,15:28,IC SRO,BOURGES,JOURLYNNTE,FRBOU,12:00,FRLPD
7078,2023-08-15,LYON (intramuros),NON,4504,13:43,IC SRO,ST GERMAIN DES FOSSES,JOURLYNNTE,FRSGF,12:00,FRLPD
7079,2023-08-15,LYON (intramuros),NON,4504,11:55,IC SRO,LYON (intramuros),JOURLYNNTE,FRLPD,11:47,FRLPE
7080,2023-08-15,LYON (intramuros),NON,4504,14:36,IC SRO,NEVERS,JOURLYNNTE,FRNVS,11:47,FRLPE
7081,2023-08-15,LYON (intramuros),NON,4504,13:03,IC SRO,ROANNE,JOURLYNNTE,FRRNE,11:47,FRLPE
7082,2023-08-15,LYON (intramuros),NON,4504,14:05,IC SRO,MOULINS SUR ALLIER,JOURLYNNTE,FRXMU,11:47,FRLPE
7083,2023-08-15,NEVERS,NON,4504,18:38,IC SRO,NANTES,JOURLYNNTE,FRNTE,14:49,FRNVS
7084,2023-08-15,ST GERMAIN DES FOSSES,NON,4504,15:49,IC SRO,VIERZON VILLE,JOURLYNNTE,FRXVZ,13:45,FRSGF
7085,2023-08-15,ST PIERRE DES CORPS,NON,4504,17:52,IC SRO,ANGERS ST LAUD,JOURLYNNTE,FRACL,16:58,FRXSH
7086,2023-08-15,GUINGAMP,NON,8646,23:08,ATLANTIQUE,PARIS (intramuros),BRETAPARIS,FRPMO,20:24,FRGGP
7087,2023-08-15,GUINGAMP,NON,8646,21:29,ATLANTIQUE,RENNES,BRETAPARIS,FRRNS,20:24,FRGGP
7088,2023-08-15,BEZIERS,NON,4762,19:32,IC ARO,BORDEAUX ST JEAN,TJOURSESO,FRBOJ,15:46,FRBZR
7089,2023-08-15,BEZIERS,NON,4762,16:31,IC ARO,CARCASSONNE,TJOURSESO,FRCCF,15:46,FRBZR
7090,2023-08-15,NIMES,NON,4762,18:26,IC ARO,AGEN,TJOURSESO,FRAGF,14:38,FRFNI
7091,2023-08-15,NIMES,NON,4762,15:43,IC ARO,BEZIERS,TJOURSESO,FRBZR,14:38,FRFNI
7092,2023-08-15,NIMES,NON,4762,15:02,IC ARO,MONTPELLIER SAINT-ROCH,TJOURSESO,FRMPL,14:38,FRFNI
7093,2023-08-15,NIMES,NON,4762,17:49,IC ARO,MONTAUBAN VILLE BOURBON,TJOURSESO,FRXMW,14:38,FRFNI
7094,2023-08-15,MONTPELLIER SAINT-ROCH,NON,4762,15:59,IC ARO,NARBONNE,TJOURSESO,FRXNA,15:06,FRMPL
7095,2023-08-15,MARSEILLE ST CHARLES,NON,4762,16:31,IC ARO,CARCASSONNE,TJOURSESO,FRCCF,13:23,FRMSC
7096,2023-08-15,MARSEILLE ST CHARLES,OUI,4762,14:35,IC ARO,NIMES,TJOURSESO,FRFNI,13:23,FRMSC
7097,2023-08-15,MARSEILLE ST CHARLES,NON,4762,17:49,IC ARO,MONTAUBAN VILLE BOURBON,TJOURSESO,FRXMW,13:23,FRMSC
7098,2023-08-15,MARSEILLE ST CHARLES,NON,4762,15:59,IC ARO,NARBONNE,TJOURSESO,FRXNA,13:23,FRMSC
7099,2023-08-15,MONTAUBAN VILLE BOURBON,OUI,4762,18:26,IC ARO,AGEN,TJOURSESO,FRAGF,17:51,FRXMW
7100,2023-08-15,MONTAUBAN VILLE BOURBON,OUI,4762,19:32,IC ARO,BORDEAUX ST JEAN,TJOURSESO,FRBOJ,17:51,FRXMW
7101,2023-08-15,TOULOUSE MATABIAU,OUI,4762,19:32,IC ARO,BORDEAUX ST JEAN,TJOURSESO,FRBOJ,17:24,FRXYT
7102,2023-08-15,LANNION,NON,8690,19:06,ATLANTIQUE,PARIS (intramuros),BRETAPARIS,FRPMO,15:59,FRLAI
7103,2023-08-15,ST BRIEUC,OUI,8690,17:35,ATLANTIQUE,RENNES,BRETAPARIS,FRRNS,16:42,FRSBK
7104,2023-08-15,MARSEILLE ST CHARLES,OUI,6132,19:15,SUD EST,AIX EN PROVENCE TGV,PROVENCEPA,FRAIE,19:04,FRMSC
7105,2023-08-15,MARSEILLE ST CHARLES,OUI,6132,19:37,SUD EST,AVIGNON TGV,PROVENCEPA,FRAVG,19:04,FRMSC
7106,2023-08-15,MARSEILLE ST CHARLES,NON,6132,22:22,SUD EST,PARIS (intramuros),PROVENCEPA,FRPLY,19:04,FRMSC
7107,2023-08-15,VALENCE TGV RHONE-ALPES SUD,NON,6268,16:28,SUD EST,PARIS (intramuros),LANGPA,FRPLY,14:15,FRVLA
7108,2023-08-15,NARBONNE,NON,6268,16:28,SUD EST,PARIS (intramuros),LANGPA,FRPLY,11:51,FRXNA
7109,2023-08-15,SETE,NON,6268,16:28,SUD EST,PARIS (intramuros),LANGPA,FRPLY,12:43,FRXSY
7110,2023-08-15,MONTPELLIER SUD DE FRANCE,NON,6268,14:09,SUD EST,VALENCE TGV RHONE-ALPES SUD,LANGPA,FRVLA,13:05,FRSUF
7111,2023-08-15,NIMES PONT DU GARD,NON,6268,14:09,SUD EST,VALENCE TGV RHONE-ALPES SUD,LANGPA,FRVLA,13:32,FRXZP
7112,2023-08-15,VENDOME VILLIERS SUR LOIR,OUI,8318,18:33,ATLANTIQUE,PARIS (intramuros),ROCHELLEPA,FRPMO,17:46,FRESL
7113,2023-08-15,ST PIERRE DES CORPS,OUI,8318,17:43,ATLANTIQUE,VENDOME VILLIERS SUR LOIR,ROCHELLEPA,FRESL,17:24,FRXSH
7114,2023-08-15,BELLEGARDE,NON,9764,09:22,INTERNATIONAL,NURIEUX,GENEVEPA,FRHQN,09:00,FRXBF
7115,2023-08-15,BOURG EN BRESSE,NON,9764,11:42,INTERNATIONAL,PARIS (intramuros),GENEVEPA,FRPLY,09:52,FRXBK
7116,2023-08-15,ANGERS ST LAUD,OUI,8142,12:23,ATLANTIQUE,LE MANS,LOIREPARIS,FRAET,11:45,FRACL
7117,2023-08-15,NANTES,OUI,8142,11:42,ATLANTIQUE,ANGERS ST LAUD,LOIREPARIS,FRACL,11:05,FRNTE
7118,2023-08-15,PARIS (intramuros),OUI,8871,12:54,ATLANTIQUE,NANTES,PARISLOIRE,FRNTE,10:36,FRPMO
7119,2023-08-15,MARNE LA VALLEE CHESSY,NON,2092,13:23,EST,MEUSE TGV,JCATLEST,FREAJ,12:01,FRMLV
7120,2023-08-15,POITIERS,NON,2092,12:11,EST,AEROPORT CDG2 TGV ROISSY,JCATLEST,FRMLW,09:48,FRPIS
7121,2023-08-15,ST PIERRE DES CORPS,NON,2092,11:20,EST,MASSY TGV,JCATLEST,FRDJU,10:26,FRXSH
7122,2023-08-15,ST PIERRE DES CORPS,NON,2092,11:57,EST,MARNE LA VALLEE CHESSY,JCATLEST,FRMLV,10:26,FRXSH
7123,2023-08-15,ST PIERRE DES CORPS,NON,2092,12:11,EST,AEROPORT CDG2 TGV ROISSY,JCATLEST,FRMLW,10:26,FRXSH
7124,2023-08-15,LILLE (intramuros),OUI,7068,19:14,NORD,PARIS (intramuros),LILLEPA,FRPNO,18:12,FRADJ
7125,2023-08-15,ANGOULEME,NON,8454,22:31,ATLANTIQUE,POITIERS,SUDOUESTPA,FRPIS,21:52,FRANG
7126,2023-08-15,BORDEAUX ST JEAN,NON,8454,22:31,ATLANTIQUE,POITIERS,SUDOUESTPA,FRPIS,21:14,FRBOJ
7127,2023-08-15,BORDEAUX ST JEAN,NON,8454,23:12,ATLANTIQUE,ST PIERRE DES CORPS,SUDOUESTPA,FRXSH,21:14,FRBOJ
7128,2023-08-15,ST PIERRE DES CORPS,NON,8454,00:17,ATLANTIQUE,PARIS (intramuros),SUDOUESTPA,FRPMO,23:15,FRXSH
7129,2023-08-15,PARIS (intramuros),OUI,8437,12:23,ATLANTIQUE,ANGOULEME,PASUDOUEST,FRANG,10:03,FRPMO
7130,2023-08-15,ST PIERRE DES CORPS,OUI,8437,12:23,ATLANTIQUE,ANGOULEME,PASUDOUEST,FRANG,11:11,FRXSH
7131,2023-08-15,SAUMUR,OUI,5358,23:09,SUD EST,NANTES,JCSUDATL,FRNTE,22:08,FRACN
7132,2023-08-15,MASSY TGV,OUI,5358,22:29,SUD EST,ANGERS ST LAUD,JCSUDATL,FRACL,20:38,FRDJU
7133,2023-08-15,LYON (intramuros),NON,5358,20:34,SUD EST,MASSY TGV,JCSUDATL,FRDJU,18:30,FRLPD
7134,2023-08-15,LYON (intramuros),NON,5358,21:31,SUD EST,ST PIERRE DES CORPS,JCSUDATL,FRXSH,18:30,FRLPD
7135,2023-08-15,VALENCE TGV RHONE-ALPES SUD,NON,5358,23:09,SUD EST,NANTES,JCSUDATL,FRNTE,17:42,FRVLA
7136,2023-08-15,ST PIERRE DES CORPS,OUI,5358,22:05,SUD EST,SAUMUR,JCSUDATL,FRACN,21:35,FRXSH
7137,2023-08-15,MONTPELLIER SUD DE FRANCE,NON,5358,20:34,SUD EST,MASSY TGV,JCSUDATL,FRDJU,16:40,FRSUF
7138,2023-08-15,MONTPELLIER SUD DE FRANCE,NON,5358,22:29,SUD EST,ANGERS ST LAUD,JCSUDATL,FRACL,16:40,FRSUF
7139,2023-08-15,MONTPELLIER SUD DE FRANCE,OUI,5358,16:58,SUD EST,NIMES PONT DU GARD,JCSUDATL,FRXZP,16:40,FRSUF
7140,2023-08-15,PAU,NON,14142,13:30,IC SRO,MONTREJEAU GOURDAN POLIGNAN,SUDOUEST,FRMTJ,12:12,FRAEE
7141,2023-08-15,HENDAYE,NON,14142,10:39,IC SRO,BIARRITZ,SUDOUEST,FRBIQ,10:19,FRAEF
7142,2023-08-15,HENDAYE,NON,14142,10:52,IC SRO,BAYONNE,SUDOUEST,FRXBY,10:19,FRAEF
7143,2023-08-15,HENDAYE,NON,14142,14:27,IC SRO,TOULOUSE MATABIAU,SUDOUEST,FRXYT,10:19,FRAEF
7144,2023-08-15,BIARRITZ,NON,14142,12:37,IC SRO,LOURDES,SUDOUEST,FRLDE,10:40,FRBIQ
7145,2023-08-15,BIARRITZ,NON,14142,13:30,IC SRO,MONTREJEAU GOURDAN POLIGNAN,SUDOUEST,FRMTJ,10:40,FRBIQ
7146,2023-08-15,BIARRITZ,NON,14142,10:52,IC SRO,BAYONNE,SUDOUEST,FRXBY,10:40,FRBIQ
7147,2023-08-15,ST JEAN DE LUZ CIBOURE,NON,14142,12:53,IC SRO,TARBES,SUDOUEST,FRXTB,10:30,FRXJZ
7148,2023-08-15,STRASBOURG,OUI,5454,14:58,EST,MEUSE TGV,JCESTATL,FREAJ,14:01,FRAEG
7149,2023-08-15,CHAMPAGNE-ARDENNE,NON,5454,20:02,EST,BORDEAUX ST JEAN,JCESTATL,FRBOJ,15:34,FREAH
7150,2023-08-15,MEUSE TGV,NON,5454,18:40,EST,POITIERS,JCESTATL,FRPIS,15:05,FREAJ
7151,2023-08-15,LORRAINE TGV,NON,5454,20:02,EST,BORDEAUX ST JEAN,JCESTATL,FRBOJ,14:39,FREAM
7152,2023-08-15,MARNE LA VALLEE CHESSY,NON,5454,18:40,EST,POITIERS,JCESTATL,FRPIS,16:32,FRMLV
7153,2023-08-15,AEROPORT CDG2 TGV ROISSY,NON,5454,19:22,EST,ANGOULEME,JCESTATL,FRANG,16:18,FRMLW
7154,2023-08-15,AEROPORT CDG2 TGV ROISSY,NON,5454,16:27,EST,MARNE LA VALLEE CHESSY,JCESTATL,FRMLV,16:18,FRMLW
7155,2023-08-15,AEROPORT CDG2 TGV ROISSY,NON,5454,18:40,EST,POITIERS,JCESTATL,FRPIS,16:18,FRMLW
7156,2023-08-15,AEROPORT CDG2 TGV ROISSY,NON,5454,18:06,EST,ST PIERRE DES CORPS,JCESTATL,FRXSH,16:18,FRMLW
7157,2023-08-15,ST PIERRE DES CORPS,NON,5454,20:02,EST,BORDEAUX ST JEAN,JCESTATL,FRBOJ,18:10,FRXSH
7158,2023-08-15,NEVERS,OUI,5986,21:57,IC ARO,PARIS (intramuros),CLERMONTPA,FRPBE,20:00,FRNVS
7159,2023-08-15,RIOM CHATEL GUYON,OUI,5986,19:04,IC ARO,VICHY,CLERMONTPA,FRVHY,18:42,FRRIO
7160,2023-08-15,RIOM CHATEL GUYON,OUI,5986,19:29,IC ARO,MOULINS SUR ALLIER,CLERMONTPA,FRXMU,18:42,FRRIO
7161,2023-08-15,QUIMPERLE,OUI,8730,16:09,ATLANTIQUE,AURAY,BRETAPARIS,FRXUY,15:40,FRECO
7162,2023-08-15,LORIENT,NON,8730,19:06,ATLANTIQUE,PARIS (intramuros),BRETAPARIS,FRPMO,15:53,FRLRT
7163,2023-08-15,LORIENT,OUI,8730,16:23,ATLANTIQUE,VANNES,BRETAPARIS,FRVNE,15:53,FRLRT
7164,2023-08-15,RENNES,NON,8730,19:06,ATLANTIQUE,PARIS (intramuros),BRETAPARIS,FRPMO,17:35,FRRNS
7165,2023-08-15,ROSPORDEN,NON,8730,17:25,ATLANTIQUE,RENNES,BRETAPARIS,FRRNS,15:24,FRRSP
7166,2023-08-15,ROSPORDEN,OUI,8730,16:23,ATLANTIQUE,VANNES,BRETAPARIS,FRVNE,15:24,FRRSP
7167,2023-08-15,VANNES,NON,8730,19:06,ATLANTIQUE,PARIS (intramuros),BRETAPARIS,FRPMO,16:27,FRVNE
7168,2023-08-15,DIJON VILLE,NON,9898,12:24,EST,STRASBOURG,JCRHONRHIN,FRAEG,10:08,FRABA
7169,2023-08-15,DIJON VILLE,NON,9898,11:21,EST,MULHOUSE VILLE,JCRHONRHIN,FRAEK,10:08,FRABA
7170,2023-08-15,DIJON VILLE,NON,9898,13:48,EST,THIONVILLE,JCRHONRHIN,FRXTH,10:08,FRABA
7171,2023-08-15,DIJON VILLE,NON,9898,14:15,EST,LUXEMBOURG,JCRHONRHIN,LULUX,10:08,FRABA
7172,2023-08-15,STRASBOURG,OUI,9898,13:24,EST,METZ VILLE,JCRHONRHIN,FRADE,12:31,FRAEG
7173,2023-08-15,STRASBOURG,OUI,9898,13:48,EST,THIONVILLE,JCRHONRHIN,FRXTH,12:31,FRAEG
7174,2023-08-15,MULHOUSE VILLE,NON,9898,13:24,EST,METZ VILLE,JCRHONRHIN,FRADE,11:24,FRAEK
7175,2023-08-15,LYON (intramuros),NON,9898,09:58,EST,DIJON VILLE,JCRHONRHIN,FRABA,08:30,FRLPD
7176,2023-08-15,LYON (intramuros),NON,9898,13:24,EST,METZ VILLE,JCRHONRHIN,FRADE,08:30,FRLPD
7177,2023-08-15,MONTPELLIER SAINT-ROCH,NON,9898,09:58,EST,DIJON VILLE,JCRHONRHIN,FRABA,06:29,FRMPL
7178,2023-08-15,MONTPELLIER SAINT-ROCH,NON,9898,11:21,EST,MULHOUSE VILLE,JCRHONRHIN,FRAEK,06:29,FRMPL
7179,2023-08-15,BELFORT-MONTBELIARD TGV,NON,9898,12:24,EST,STRASBOURG,JCRHONRHIN,FRAEG,10:59,FRTJA
7180,2023-08-15,BESANCON - F COMTE TGV,NON,9898,12:24,EST,STRASBOURG,JCRHONRHIN,FRAEG,10:36,FRTJB
7181,2023-08-15,BESANCON - F COMTE TGV,NON,9898,11:49,EST,COLMAR,JCRHONRHIN,FRAEJ,10:36,FRTJB
7182,2023-08-15,BESANCON - F COMTE TGV,NON,9898,11:21,EST,MULHOUSE VILLE,JCRHONRHIN,FRAEK,10:36,FRTJB
7183,2023-08-15,BESANCON - F COMTE TGV,NON,9898,13:48,EST,THIONVILLE,JCRHONRHIN,FRXTH,10:36,FRTJB
7184,2023-08-15,VALENCE TGV RHONE-ALPES SUD,NON,9898,13:24,EST,METZ VILLE,JCRHONRHIN,FRADE,07:45,FRVLA
7185,2023-08-15,VALENCE TGV RHONE-ALPES SUD,NON,9898,11:21,EST,MULHOUSE VILLE,JCRHONRHIN,FRAEK,07:45,FRVLA
7186,2023-08-15,VALENCE TGV RHONE-ALPES SUD,NON,9898,08:24,EST,LYON (intramuros),JCRHONRHIN,FRLPD,07:45,FRVLA
7187,2023-08-15,VALENCE TGV RHONE-ALPES SUD,NON,9898,10:57,EST,BELFORT-MONTBELIARD TGV,JCRHONRHIN,FRTJA,07:45,FRVLA
7188,2023-08-15,JONZAC,NON,3835,20:11,IC SRO,BORDEAUX ST JEAN,NANTEBORDO,FRBOJ,19:11,FREMR
7189,2023-08-15,LA ROCHELLE VILLE,NON,3835,19:10,IC SRO,JONZAC,NANTEBORDO,FREMR,17:43,FRLRH
7190,2023-08-15,NANTES,NON,3835,18:03,IC SRO,ROCHEFORT,NANTEBORDO,FRRCO,15:55,FRNTE
7191,2023-08-15,NANTES,NON,3835,16:35,IC SRO,LA ROCHE SUR YON,NANTEBORDO,FRXRO,15:55,FRNTE
7192,2023-08-15,ROCHEFORT,NON,3835,19:10,IC SRO,JONZAC,NANTEBORDO,FREMR,18:05,FRRCO
7193,2023-08-15,LA ROCHE SUR YON,NON,3835,16:58,IC SRO,LUCON,NANTEBORDO,FRLCN,16:36,FRXRO
7194,2023-08-15,AGEN,OUI,4766,23:32,IC ARO,BORDEAUX ST JEAN,TJOURSESO,FRBOJ,22:29,FRAGF
7195,2023-08-15,BEZIERS,NON,4766,21:17,IC ARO,TOULOUSE MATABIAU,TJOURSESO,FRXYT,19:47,FRBZR
7196,2023-08-15,NIMES,NON,4766,23:32,IC ARO,BORDEAUX ST JEAN,TJOURSESO,FRBOJ,18:39,FRFNI
7197,2023-08-15,NIMES,NON,4766,19:44,IC ARO,BEZIERS,TJOURSESO,FRBZR,18:39,FRFNI
7198,2023-08-15,NIMES,NON,4766,21:49,IC ARO,MONTAUBAN VILLE BOURBON,TJOURSESO,FRXMW,18:39,FRFNI
7199,2023-08-15,MONTPELLIER SAINT-ROCH,NON,4766,20:02,IC ARO,NARBONNE,TJOURSESO,FRXNA,19:07,FRMPL
7200,2023-08-15,NARBONNE,NON,4766,22:27,IC ARO,AGEN,TJOURSESO,FRAGF,20:05,FRXNA
7201,2023-08-15,NARBONNE,NON,4766,23:32,IC ARO,BORDEAUX ST JEAN,TJOURSESO,FRBOJ,20:05,FRXNA
7202,2023-08-15,NARBONNE,NON,4766,20:33,IC ARO,CARCASSONNE,TJOURSESO,FRCCF,20:05,FRXNA
7203,2023-08-15,LYON (intramuros),NON,6823,12:59,SUD EST,NARBONNE,JCPROVSUD,FRXNA,10:08,FRLPD
7204,2023-08-15,LYON (intramuros),NON,6823,14:15,SUD EST,TOULOUSE MATABIAU,JCPROVSUD,FRXYT,10:08,FRLPD
7205,2023-08-15,MONTPELLIER SAINT-ROCH,NON,6823,12:43,SUD EST,BEZIERS,JCPROVSUD,FRBZR,12:06,FRMPL
7206,2023-08-15,VALENCE TGV RHONE-ALPES SUD,NON,6823,13:30,SUD EST,CARCASSONNE,JCPROVSUD,FRCCF,10:49,FRVLA
7207,2023-08-15,VALENCE TGV RHONE-ALPES SUD,NON,6823,12:02,SUD EST,MONTPELLIER SAINT-ROCH,JCPROVSUD,FRMPL,10:49,FRVLA
7208,2023-08-15,VALENCE TGV RHONE-ALPES SUD,NON,6823,14:15,SUD EST,TOULOUSE MATABIAU,JCPROVSUD,FRXYT,10:49,FRVLA
7209,2023-08-15,NARBONNE,NON,6823,14:15,SUD EST,TOULOUSE MATABIAU,JCPROVSUD,FRXYT,13:02,FRXNA
7210,2023-08-15,LIMOGES BENEDICTINS,NON,3674,18:54,IC ARO,ARGENTON SUR CREUSE,TOULOUZECO,FRFMT,18:00,FRAGQ
7211,2023-08-15,LIMOGES BENEDICTINS,NON,3674,19:45,IC ARO,VIERZON VILLE,TOULOUZECO,FRXVZ,18:00,FRAGQ
7212,2023-08-15,BRIVE LA GAILLARDE,OUI,3674,17:57,IC ARO,LIMOGES BENEDICTINS,TOULOUZECO,FRAGQ,16:57,FRBVE
7213,2023-08-15,LA SOUTERRAINE,NON,3674,18:54,IC ARO,ARGENTON SUR CREUSE,TOULOUZECO,FRFMT,18:31,FRLST
7214,2023-08-15,PARIS (intramuros),NON,6049,17:06,SUD EST,VALENCE TGV RHONE-ALPES SUD,PALANG,FRVLA,14:56,FRPLY
7215,2023-08-15,LAVAL,NON,8623,18:02,ATLANTIQUE,MORLAIX,PARISBRETA,FRMXN,16:00,FRACR
7216,2023-08-15,PARIS (intramuros),NON,8623,15:57,ATLANTIQUE,LAVAL,PARISBRETA,FRACR,14:41,FRPMO
7217,2023-08-15,PARIS (intramuros),NON,8623,18:37,ATLANTIQUE,BREST,PARISBRETA,FRBES,14:41,FRPMO
7218,2023-08-15,RENNES,NON,8623,18:37,ATLANTIQUE,BREST,PARISBRETA,FRBES,16:32,FRRNS
7219,2023-08-15,RENNES,NON,8623,17:16,ATLANTIQUE,ST BRIEUC,PARISBRETA,FRSBK,16:32,FRRNS
7220,2023-08-15,ST BRIEUC,NON,8623,17:33,ATLANTIQUE,GUINGAMP,PARISBRETA,FRGGP,17:19,FRSBK
7221,2023-08-15,ST BRIEUC,NON,8623,18:02,ATLANTIQUE,MORLAIX,PARISBRETA,FRMXN,17:19,FRSBK
7222,2023-08-15,ARGENTON SUR CREUSE,OUI,3685,22:55,IC ARO,LIMOGES BENEDICTINS,PALITO,FRAGQ,21:57,FRFMT
7223,2023-08-15,PARIS (intramuros),OUI,3685,21:39,IC ARO,CHATEAUROUX,PALITO,FRCHR,19:39,FRPAZ
7224,2023-08-15,VIERZON VILLE,OUI,3685,21:56,IC ARO,ARGENTON SUR CREUSE,PALITO,FRFMT,21:10,FRXVZ
7225,2023-08-15,LORIENT,NON,8794,23:29,ATLANTIQUE,PARIS (intramuros),BRETAPARIS,FRPMO,20:28,FRLRT
7226,2023-08-15,VANNES,NON,8794,23:29,ATLANTIQUE,PARIS (intramuros),BRETAPARIS,FRPMO,21:00,FRVNE
7227,2023-08-15,AURAY,OUI,8794,20:57,ATLANTIQUE,VANNES,BRETAPARIS,FRVNE,20:47,FRXUY
7228,2023-08-15,ANGERS ST LAUD,NON,4406,15:51,IC SRO,SAUMUR,JOURNTELYN,FRACN,15:28,FRACL
7229,2023-08-15,ANGERS ST LAUD,NON,4406,17:38,IC SRO,VIERZON VILLE,JOURNTELYN,FRXVZ,15:28,FRACL
7230,2023-08-15,SAUMUR,NON,4406,17:57,IC SRO,BOURGES,JOURNTELYN,FRBOU,15:53,FRACN
7231,2023-08-15,BOURGES,NON,4406,21:30,IC SRO,LYON (intramuros),JOURNTELYN,FRLPE,17:59,FRBOU
7232,2023-08-15,BOURGES,NON,4406,19:12,IC SRO,MOULINS SUR ALLIER,JOURNTELYN,FRXMU,17:59,FRBOU
7233,2023-08-15,NANTES,NON,4406,20:13,IC SRO,ROANNE,JOURNTELYN,FRRNE,14:47,FRNTE
7234,2023-08-15,NEVERS,NON,4406,21:18,IC SRO,LYON (intramuros),JOURNTELYN,FRLPD,18:45,FRNVS
7235,2023-08-15,NEVERS,NON,4406,20:13,IC SRO,ROANNE,JOURNTELYN,FRRNE,18:45,FRNVS
7236,2023-08-15,ROANNE,NON,4406,21:18,IC SRO,LYON (intramuros),JOURNTELYN,FRLPD,20:15,FRRNE
7237,2023-08-15,ST GERMAIN DES FOSSES,NON,4406,21:18,IC SRO,LYON (intramuros),JOURNTELYN,FRLPD,19:36,FRSGF
7238,2023-08-15,MOULINS SUR ALLIER,NON,4406,21:18,IC SRO,LYON (intramuros),JOURNTELYN,FRLPD,19:14,FRXMU
7239,2023-08-15,MOULINS SUR ALLIER,NON,4406,19:34,IC SRO,ST GERMAIN DES FOSSES,JOURNTELYN,FRSGF,19:14,FRXMU
7240,2023-08-15,ST PIERRE DES CORPS,NON,4406,21:18,IC SRO,LYON (intramuros),JOURNTELYN,FRLPD,16:35,FRXSH
7241,2023-08-15,ST PIERRE DES CORPS,NON,4406,17:38,IC SRO,VIERZON VILLE,JOURNTELYN,FRXVZ,16:35,FRXSH
7242,2023-08-15,NEVERS,OUI,5959,16:29,IC ARO,CLERMONT FERRAND,PACLERMONT,FRCFE,14:59,FRNVS
7243,2023-08-15,MOULINS SUR ALLIER,OUI,5959,16:29,IC ARO,CLERMONT FERRAND,PACLERMONT,FRCFE,15:30,FRXMU
7244,2023-08-15,PARIS (intramuros),OUI,7389,20:40,NORD,ARRAS,PAARRAS,FRQRV,19:52,FRPNO
7245,2023-08-15,LAVAL,OUI,8093,20:10,ATLANTIQUE,RENNES,PARISBRETA,FRRNS,19:29,FRACR
7246,2023-08-15,LAVAL,OUI,8093,21:01,ATLANTIQUE,ST MALO,PARISBRETA,FRXSB,19:29,FRACR
7247,2023-08-15,PARIS (intramuros),OUI,8093,19:26,ATLANTIQUE,LAVAL,PARISBRETA,FRACR,18:11,FRPMO
7248,2023-08-15,RENNES,OUI,8093,21:01,ATLANTIQUE,ST MALO,PARISBRETA,FRXSB,20:14,FRRNS
7249,2023-08-15,VITRE,OUI,8093,20:10,ATLANTIQUE,RENNES,PARISBRETA,FRRNS,19:49,FRXVT
7250,2023-08-15,LORIENT,OUI,8732,17:54,ATLANTIQUE,VANNES,BRETAPARIS,FRVNE,17:31,FRLRT
7251,2023-08-15,VANNES,NON,8732,20:24,ATLANTIQUE,PARIS (intramuros),BRETAPARIS,FRPMO,17:57,FRVNE
7252,2023-08-15,PARIS (intramuros),OUI,2785,21:19,EST,BAR LE DUC,PABARSED,FRXBD,19:28,FRPST
7253,2023-08-15,CHALONS EN CHAMPAGNE,OUI,2785,20:52,EST,VITRY LE FRANCOIS GARE,PABARSED,FRBFO,20:35,FRXCR
7254,2023-08-15,BOULOGNE VILLE,OUI,7544,22:08,NORD,PARIS (intramuros),ARRASPA,FRPNO,19:31,FRAEB
7255,2023-08-15,MODANE,NON,9249,21:49,INTERNATIONAL,MILANO P GARIBALDI,PAITALIE,ITMPG,18:55,FRAGR
7256,2023-08-15,ST JEAN DE MAURIENNE ARVAN,NON,9249,19:23,INTERNATIONAL,OULX CESANA CLAV SESTRIERE,PAITALIE,ITOCS,18:25,FRHPN
7257,2023-08-15,ST JEAN DE MAURIENNE ARVAN,NON,9249,20:22,INTERNATIONAL,TORINO PORTA SUSA,PAITALIE,ITTRS,18:25,FRHPN
7258,2023-08-15,PARIS (intramuros),NON,9249,17:40,INTERNATIONAL,CHAMBERY CHALLES LES EAUX,PAITALIE,FRCMF,14:46,FRPLY
7259,2023-08-15,PARIS (intramuros),NON,9249,21:49,INTERNATIONAL,MILANO P GARIBALDI,PAITALIE,ITMPG,14:46,FRPLY
7260,2023-08-15,LAUSANNE,NON,9268,14:24,INTERNATIONAL,DIJON VILLE,SUISPA,FRABA,12:23,CHAJF
7261,2023-08-15,FRASNE,OUI,9268,14:24,INTERNATIONAL,DIJON VILLE,SUISPA,FRABA,13:15,FRFRA
7262,2023-08-15,FRASNE,OUI,9268,13:57,INTERNATIONAL,DOLE VILLE,SUISPA,FRACE,13:15,FRFRA
7263,2023-08-15,BELLEGARDE,NON,9756,10:22,INTERNATIONAL,LYON (intramuros),GENEVEMED,FRLPD,09:12,FRXBF
7264,2023-08-15,GENEVE,NON,9756,11:55,INTERNATIONAL,AIX EN PROVENCE TGV,GENEVEMED,FRAIE,08:41,CHGVA
7265,2023-08-15,LAUSANNE,NON,9756,11:33,INTERNATIONAL,AVIGNON TGV,GENEVEMED,FRAVG,07:45,CHAJF
7266,2023-08-15,ST PIERRE DES CORPS,OUI,8324,21:43,ATLANTIQUE,VENDOME VILLIERS SUR LOIR,ROCHELLEPA,FRESL,21:24,FRXSH
7267,2023-08-15,PARIS (intramuros),OUI,8495,23:42,ATLANTIQUE,BORDEAUX ST JEAN,PASUDOUEST,FRBOJ,20:24,FRPMO
7268,2023-08-15,PARIS (intramuros),OUI,8495,21:45,ATLANTIQUE,POITIERS,PASUDOUEST,FRPIS,20:24,FRPMO
7269,2023-08-15,ANGERS ST LAUD,NON,8926,20:29,ATLANTIQUE,PARIS (intramuros),LOIREPARIS,FRPMO,18:44,FRACL
7270,2023-08-15,NANTES,NON,8926,20:29,ATLANTIQUE,PARIS (intramuros),LOIREPARIS,FRPMO,18:05,FRNTE
7271,2023-08-15,ST NAZAIRE,NON,8926,19:28,ATLANTIQUE,LE MANS,LOIREPARIS,FRAET,17:24,FRSNR
7272,2023-08-15,LA BAULE ESCOUBLAC,NON,8926,19:04,ATLANTIQUE,SABLE SUR SARTHE,LOIREPARIS,FRSAB,17:07,FRJEE
7273,2023-08-15,VALENCE TGV RHONE-ALPES SUD,NON,6051,14:36,SUD EST,NIMES PONT DU GARD,PALANG,FRXZP,14:00,FRVLA
7274,2023-08-15,NIMES PONT DU GARD,OUI,6051,14:59,SUD EST,MONTPELLIER SUD DE FRANCE,PALANG,FRSUF,14:39,FRXZP
7275,2023-08-15,PARIS (intramuros),OUI,6621,18:03,SUD EST,LYON (intramuros),PARISRHONE,FRLPD,15:52,FRPLY
7276,2023-08-15,PARIS (intramuros),OUI,6621,17:29,SUD EST,MACON LOCHE TGV,PARISRHONE,FRMLT,15:52,FRPLY
7277,2023-08-15,NANCY,NON,2540,14:42,EST,PARIS (intramuros),NANCYPA,FRPST,12:55,FRENC
7278,2023-08-15,LE MANS,NON,5460,18:23,EST,MARNE LA VALLEE CHESSY,JCATLEST,FRMLV,16:57,FRAET
7279,2023-08-15,MASSY TGV,NON,5460,19:29,EST,CHAMPAGNE-ARDENNE,JCATLEST,FREAH,17:54,FRDJU
7280,2023-08-15,MASSY TGV,NON,5460,20:25,EST,LORRAINE TGV,JCATLEST,FREAM,17:54,FRDJU
7281,2023-08-15,MARNE LA VALLEE CHESSY,NON,5460,20:25,EST,LORRAINE TGV,JCATLEST,FREAM,18:28,FRMLV
7282,2023-08-15,RENNES,NON,5460,18:23,EST,MARNE LA VALLEE CHESSY,JCATLEST,FRMLV,16:03,FRRNS
7283,2023-08-15,NEVERS,OUI,5982,20:57,IC ARO,PARIS (intramuros),CLERMONTPA,FRPBE,19:00,FRNVS
7284,2023-08-15,ANGERS ST LAUD,NON,4402,09:44,IC SRO,BOURGES,JOURNTELYN,FRBOU,07:10,FRACL
7285,2023-08-15,ANGERS ST LAUD,NON,4402,10:23,IC SRO,NEVERS,JOURNTELYN,FRNVS,07:10,FRACL
7286,2023-08-15,ANGERS ST LAUD,NON,4402,12:05,IC SRO,ROANNE,JOURNTELYN,FRRNE,07:10,FRACL
7287,2023-08-15,ANGERS ST LAUD,NON,4402,08:05,IC SRO,ST PIERRE DES CORPS,JOURNTELYN,FRXSH,07:10,FRACL
7288,2023-08-15,LYON (intramuros),NON,4402,13:22,IC SRO,LYON (intramuros),JOURNTELYN,FRLPE,13:14,FRLPD
7289,2023-08-15,NANTES,NON,4402,07:08,IC SRO,ANGERS ST LAUD,JOURNTELYN,FRACL,06:26,FRNTE
7290,2023-08-15,NANTES,NON,4402,12:05,IC SRO,ROANNE,JOURNTELYN,FRRNE,06:26,FRNTE
7291,2023-08-15,NANTES,NON,4402,09:15,IC SRO,VIERZON VILLE,JOURNTELYN,FRXVZ,06:26,FRNTE
7292,2023-08-15,NEVERS,NON,4402,11:26,IC SRO,ST GERMAIN DES FOSSES,JOURNTELYN,FRSGF,10:37,FRNVS
7293,2023-08-15,ROANNE,NON,4402,13:10,IC SRO,LYON (intramuros),JOURNTELYN,FRLPD,12:08,FRRNE
7294,2023-08-15,ST GERMAIN DES FOSSES,NON,4402,13:22,IC SRO,LYON (intramuros),JOURNTELYN,FRLPE,11:28,FRSGF
7295,2023-08-15,MOULINS SUR ALLIER,NON,4402,13:22,IC SRO,LYON (intramuros),JOURNTELYN,FRLPE,11:07,FRXMU
7296,2023-08-15,MOULINS SUR ALLIER,NON,4402,11:26,IC SRO,ST GERMAIN DES FOSSES,JOURNTELYN,FRSGF,11:07,FRXMU
7297,2023-08-15,ST PIERRE DES CORPS,NON,4402,13:10,IC SRO,LYON (intramuros),JOURNTELYN,FRLPD,08:09,FRXSH
7298,2023-08-15,VIERZON VILLE,NON,4402,13:10,IC SRO,LYON (intramuros),JOURNTELYN,FRLPD,09:19,FRXVZ
7299,2023-08-15,VIERZON VILLE,NON,4402,10:23,IC SRO,NEVERS,JOURNTELYN,FRNVS,09:19,FRXVZ
7300,2023-08-15,FRANKFURT MAIN HBF,NON,9556,12:53,INTERNATIONAL,PARIS (intramuros),FRANCPA,FRPST,08:56,DEFRH
7301,2023-08-15,PAU,NON,14140,10:30,IC SRO,TOULOUSE MATABIAU,SUDOUEST,FRXYT,08:11,FRAEE
7302,2023-08-15,ORTHEZ,NON,14140,09:34,IC SRO,ST GAUDENS,SUDOUEST,FRFPH,07:47,FRGFI
7303,2023-08-15,ORTHEZ,NON,14140,10:30,IC SRO,TOULOUSE MATABIAU,SUDOUEST,FRXYT,07:47,FRGFI
7304,2023-08-15,LYON (intramuros),NON,5192,18:01,NORD,AEROPORT CDG2 TGV ROISSY,JCSUDNORD,FRMLW,16:00,FRLPD
7305,2023-08-15,LYON (intramuros),NON,5192,19:44,NORD,LILLE (intramuros),JCSUDNORD,FRADJ,15:46,FRLPE
7306,2023-08-15,LYON (intramuros),NON,5192,18:34,NORD,TGV HAUTE PICARDIE,JCSUDNORD,FRTHP,15:46,FRLPE
7307,2023-08-15,ARRAS,OUI,5192,19:44,NORD,LILLE (intramuros),JCSUDNORD,FRADJ,18:59,FRQRV
7308,2023-08-15,TGV HAUTE PICARDIE,OUI,5192,19:14,NORD,DOUAI,JCSUDNORD,FRXDN,18:39,FRTHP
7309,2023-08-15,LYON (intramuros),NON,5192,19:14,NORD,DOUAI,JCSUDNORD,FRXDN,15:46,FRLPE
7310,2023-08-15,DIJON VILLE,NON,2203,12:24,EST,NIMES,JCRHINRHON,FRFNI,09:21,FRABA
7311,2023-08-15,STRASBOURG,NON,2203,10:56,EST,LYON (intramuros),JCRHINRHON,FRLPD,06:47,FRAEG
7312,2023-08-15,STRASBOURG,OUI,2203,08:14,EST,BELFORT-MONTBELIARD TGV,JCRHINRHON,FRTJA,06:47,FRAEG
7313,2023-08-15,COLMAR,NON,2203,12:24,EST,NIMES,JCRHINRHON,FRFNI,07:16,FRAEJ
7314,2023-08-15,COLMAR,NON,2203,12:54,EST,MONTPELLIER SAINT-ROCH,JCRHINRHON,FRMPL,07:16,FRAEJ
7315,2023-08-15,MULHOUSE VILLE,OUI,2203,08:38,EST,BESANCON - F COMTE TGV,JCRHINRHON,FRTJB,07:52,FRAEK
7316,2023-08-15,BELFORT-MONTBELIARD TGV,OUI,2203,09:11,EST,DIJON VILLE,JCRHINRHON,FRABA,08:17,FRTJA
7317,2023-08-15,BELFORT-MONTBELIARD TGV,NON,2203,10:56,EST,LYON (intramuros),JCRHINRHON,FRLPD,08:17,FRTJA
7318,2023-08-15,BELFORT-MONTBELIARD TGV,NON,2203,09:54,EST,CHALON SUR SAONE,JCRHINRHON,FRXCD,08:17,FRTJA
7319,2023-08-15,BESANCON - F COMTE TGV,NON,2203,10:56,EST,LYON (intramuros),JCRHINRHON,FRLPD,08:41,FRTJB
7320,2023-08-15,BESANCON - F COMTE TGV,NON,2203,12:54,EST,MONTPELLIER SAINT-ROCH,JCRHINRHON,FRMPL,08:41,FRTJB
7321,2023-08-15,CHALON SUR SAONE,NON,2203,10:56,EST,LYON (intramuros),JCRHINRHON,FRLPD,09:56,FRXCD
7322,2023-08-15,ORTHEZ,NON,14157,21:36,IC SRO,ST JEAN DE LUZ CIBOURE,SUDOUEST,FRXJZ,20:15,FRGFI
7323,2023-08-15,LOURDES,NON,14157,20:13,IC SRO,ORTHEZ,SUDOUEST,FRGFI,19:24,FRLDE
7324,2023-08-15,LANNEMEZAN,NON,14157,21:04,IC SRO,BAYONNE,SUDOUEST,FRXBY,18:42,FRLNZ
7325,2023-08-15,LANNEMEZAN,NON,14157,19:05,IC SRO,TARBES,SUDOUEST,FRXTB,18:42,FRLNZ
7326,2023-08-15,TARBES,NON,14157,19:50,IC SRO,PAU,SUDOUEST,FRAEE,19:08,FRXTB
7327,2023-08-15,TOULOUSE MATABIAU,NON,14157,21:22,IC SRO,BIARRITZ,SUDOUEST,FRBIQ,17:32,FRXYT
7328,2023-08-15,LANNEMEZAN,NON,14157,21:36,IC SRO,ST JEAN DE LUZ CIBOURE,SUDOUEST,FRXJZ,18:42,FRLNZ
7329,2023-08-15,PARIS (intramuros),OUI,7163,10:58,NORD,DOUAI,PAARRAS,FRXDN,09:52,FRPNO
7330,2023-08-15,CANNES,NON,6168,18:33,SUD EST,MARSEILLE ST CHARLES,AZURPA,FRMSC,16:32,FRJCA
7331,2023-08-15,MARSEILLE ST CHARLES,NON,6168,21:50,SUD EST,PARIS (intramuros),AZURPA,FRPLY,18:47,FRMSC
7332,2023-08-15,PARIS (intramuros),NON,9219,19:26,INTERNATIONAL,BASEL SBB,PABALZUR,CHAJP,16:22,FRPLY
7333,2023-08-15,PARIS (intramuros),OUI,9219,18:38,INTERNATIONAL,BELFORT-MONTBELIARD TGV,PABALZUR,FRTJA,16:22,FRPLY
7334,2023-08-15,BELFORT-MONTBELIARD TGV,NON,9219,20:26,INTERNATIONAL,ZUERICH HB,PABALZUR,CHAJD,18:41,FRTJA
7335,2023-08-15,BELFORT-MONTBELIARD TGV,OUI,9219,19:03,INTERNATIONAL,MULHOUSE VILLE,PABALZUR,FRAEK,18:41,FRTJA
7336,2023-08-15,NANTES,OUI,8931,22:08,ATLANTIQUE,LE CROISIC,PARISLOIRE,FREGU,21:05,FRNTE
7337,2023-08-15,PARIS (intramuros),OUI,8931,19:54,ATLANTIQUE,SABLE SUR SARTHE,PARISLOIRE,FRSAB,18:48,FRPMO
7338,2023-08-15,ST NAZAIRE,OUI,8931,21:55,ATLANTIQUE,LA BAULE ESCOUBLAC,PARISLOIRE,FRJEE,21:42,FRSNR
7339,2023-08-15,CHATEAUROUX,OUI,3617,10:56,IC ARO,LIMOGES BENEDICTINS,PALITO,FRAGQ,09:43,FRCHR
7340,2023-08-15,LA SOUTERRAINE,OUI,3617,11:36,IC ARO,UZERCHE,PALITO,FRAAW,10:24,FRLST
7341,2023-08-15,PARIS (intramuros),OUI,3617,11:36,IC ARO,UZERCHE,PALITO,FRAAW,07:41,FRPAZ
7342,2023-08-15,PARIS (intramuros),OUI,3617,09:09,IC ARO,VIERZON VILLE,PALITO,FRXVZ,07:41,FRPAZ
7343,2023-08-15,VIERZON VILLE,OUI,3617,12:04,IC ARO,BRIVE LA GAILLARDE,PALITO,FRBVE,09:11,FRXVZ
7344,2023-08-15,VIERZON VILLE,OUI,3617,09:58,IC ARO,ARGENTON SUR CREUSE,PALITO,FRFMT,09:11,FRXVZ
7345,2023-08-15,VIERZON VILLE,OUI,3617,10:22,IC ARO,LA SOUTERRAINE,PALITO,FRLST,09:11,FRXVZ
7346,2023-08-15,BEZIERS,NON,9706,20:51,SUD EST,VALENCE TGV RHONE-ALPES SUD,BARCELONEPA,FRVLA,19:00,FRBZR
7347,2023-08-15,BEZIERS,NON,9706,19:27,SUD EST,SETE,BARCELONEPA,FRXSY,19:00,FRBZR
7348,2023-08-15,PERPIGNAN,NON,9706,18:57,SUD EST,BEZIERS,BARCELONEPA,FRBZR,18:04,FRPGF
7349,2023-08-15,PERPIGNAN,NON,9706,19:11,SUD EST,AGDE,BARCELONEPA,FRXAG,18:04,FRPGF
7350,2023-08-15,PERPIGNAN,NON,9706,18:40,SUD EST,NARBONNE,BARCELONEPA,FRXNA,18:04,FRPGF
7351,2023-08-15,NARBONNE,NON,9706,18:57,SUD EST,BEZIERS,BARCELONEPA,FRBZR,18:43,FRXNA
7352,2023-08-15,NARBONNE,NON,9706,19:27,SUD EST,SETE,BARCELONEPA,FRXSY,18:43,FRXNA
7353,2023-08-15,BARCELONA SANTS,NON,9706,18:57,SUD EST,BEZIERS,BARCELONEPA,FRBZR,16:10,ESBST
7354,2023-08-15,NARBONNE,NON,9706,20:10,SUD EST,NIMES PONT DU GARD,BARCELONEPA,FRXZP,18:43,FRXNA
7355,2023-08-15,BARCELONA SANTS,NON,9706,20:51,SUD EST,VALENCE TGV RHONE-ALPES SUD,BARCELONEPA,FRVLA,16:10,ESBST
7356,2023-08-15,GIRONA,NON,9706,19:11,SUD EST,AGDE,BARCELONEPA,FRXAG,16:51,ESGRO
7357,2023-08-15,GIRONA,NON,9706,19:47,SUD EST,MONTPELLIER SUD DE FRANCE,BARCELONEPA,FRSUF,16:51,ESGRO
7358,2023-08-15,GIRONA,NON,9706,19:27,SUD EST,SETE,BARCELONEPA,FRXSY,16:51,ESGRO
7359,2023-08-15,FIGUERES VILA TGV,NON,9706,19:27,SUD EST,SETE,BARCELONEPA,FRXSY,17:08,ESFIR
7360,2023-08-15,FIGUERES VILA TGV,NON,9706,19:47,SUD EST,MONTPELLIER SUD DE FRANCE,BARCELONEPA,FRSUF,17:08,ESFIR
7361,2023-08-15,UZERCHE,NON,3684,22:19,IC ARO,PARIS (intramuros),TOULOUZECO,FRPAZ,18:11,FRAAW
7362,2023-08-15,LIMOGES BENEDICTINS,NON,3684,20:46,IC ARO,VIERZON VILLE,TOULOUZECO,FRXVZ,18:51,FRAGQ
7363,2023-08-15,CHATEAUROUX,NON,3684,22:19,IC ARO,PARIS (intramuros),TOULOUZECO,FRPAZ,20:10,FRCHR
7364,2023-08-15,ISSOUDUN,NON,3684,22:19,IC ARO,PARIS (intramuros),TOULOUZECO,FRPAZ,20:26,FRFMN
7365,2023-08-15,LA SOUTERRAINE,NON,3684,22:19,IC ARO,PARIS (intramuros),TOULOUZECO,FRPAZ,19:29,FRLST
7366,2023-08-15,ST ETIENNE CHATEAUCREUX,NON,6696,19:34,SUD EST,PARIS (intramuros),RHONEPARIS,FRPLY,16:43,FRHHD
7367,2023-08-15,ZUERICH HB,NON,9206,11:38,INTERNATIONAL,PARIS (intramuros),ZURBALPA,FRPLY,07:34,CHAJD
7368,2023-08-15,ZUERICH HB,NON,9206,09:17,INTERNATIONAL,BELFORT-MONTBELIARD TGV,ZURBALPA,FRTJA,07:34,CHAJD
7369,2023-08-15,BELFORT-MONTBELIARD TGV,NON,9206,11:38,INTERNATIONAL,PARIS (intramuros),ZURBALPA,FRPLY,09:20,FRTJA
7370,2023-08-15,KAISERSLAUTERN HBF,NON,9553,16:17,INTERNATIONAL,MANNHEIM HBF,PAFRANC,DEMHG,15:37,DEKLT
7371,2023-08-15,SARREBRUCK/SAARBRUECKEN,NON,9553,15:35,INTERNATIONAL,KAISERSLAUTERN HBF,PAFRANC,DEKLT,14:59,DESBK
7372,2023-08-15,SARREBRUCK/SAARBRUECKEN,NON,9553,16:17,INTERNATIONAL,MANNHEIM HBF,PAFRANC,DEMHG,14:59,DESBK
7373,2023-08-15,RENNES,NON,5338,19:19,SUD EST,MASSY TGV,JCATLSUD,FRDJU,17:30,FRRNS
7374,2023-08-15,RENNES,NON,5338,21:47,SUD EST,LYON (intramuros),JCATLSUD,FRLPE,17:30,FRRNS
7375,2023-08-15,TOULOUSE MATABIAU,OUI,8522,22:15,ATLANTIQUE,BORDEAUX ST JEAN,SUDOUESTPA,FRBOJ,19:59,FRXYT
7376,2023-08-15,BEZIERS,NON,6258,15:51,SUD EST,VALENCE TGV RHONE-ALPES SUD,LANGPA,FRVLA,13:58,FRBZR
7377,2023-08-15,PERPIGNAN,NON,6258,15:51,SUD EST,VALENCE TGV RHONE-ALPES SUD,LANGPA,FRVLA,13:04,FRPGF
7378,2023-08-15,PERPIGNAN,NON,6258,14:09,SUD EST,AGDE,LANGPA,FRXAG,13:04,FRPGF
7379,2023-08-15,PERPIGNAN,OUI,6258,13:39,SUD EST,NARBONNE,LANGPA,FRXNA,13:04,FRPGF
7380,2023-08-15,NARBONNE,NON,6258,14:25,SUD EST,SETE,LANGPA,FRXSY,13:42,FRXNA
7381,2023-08-15,SETE,NON,6258,18:12,SUD EST,PARIS (intramuros),LANGPA,FRPLY,14:28,FRXSY
7382,2023-08-15,PERPIGNAN,NON,6258,15:12,SUD EST,NIMES PONT DU GARD,LANGPA,FRXZP,13:04,FRPGF
7383,2023-08-15,SETE,NON,6258,15:12,SUD EST,NIMES PONT DU GARD,LANGPA,FRXZP,14:28,FRXSY
7384,2023-08-15,DIJON VILLE,NON,2239,21:17,EST,LES ARCS DRAGUIGNAN,JCRHINRHON,FRXRS,16:20,FRABA
7385,2023-08-15,STRASBOURG,OUI,2239,14:30,EST,MULHOUSE VILLE,JCRHINRHON,FRAEK,13:37,FRAEG
7386,2023-08-15,STRASBOURG,NON,2239,19:10,EST,AVIGNON TGV,JCRHINRHON,FRAVG,13:37,FRAEG
7387,2023-08-15,STRASBOURG,OUI,2239,15:02,EST,BELFORT-MONTBELIARD TGV,JCRHINRHON,FRTJA,13:37,FRAEG
7388,2023-08-15,COLMAR,NON,2239,16:04,EST,DIJON VILLE,JCRHINRHON,FRABA,14:05,FRAEJ
7389,2023-08-15,COLMAR,NON,2239,21:59,EST,CANNES,JCRHINRHON,FRJCA,14:05,FRAEJ
7390,2023-08-15,COLMAR,OUI,2239,15:02,EST,BELFORT-MONTBELIARD TGV,JCRHINRHON,FRTJA,14:05,FRAEJ
7391,2023-08-15,COLMAR,NON,2239,21:17,EST,LES ARCS DRAGUIGNAN,JCRHINRHON,FRXRS,14:05,FRAEJ
7392,2023-08-15,MULHOUSE VILLE,NON,2239,19:31,EST,AIX EN PROVENCE TGV,JCRHINRHON,FRAIE,14:41,FRAEK
7393,2023-08-15,MULHOUSE VILLE,NON,2239,19:10,EST,AVIGNON TGV,JCRHINRHON,FRAVG,14:41,FRAEK
7394,2023-08-15,MULHOUSE VILLE,OUI,2239,15:02,EST,BELFORT-MONTBELIARD TGV,JCRHINRHON,FRTJA,14:41,FRAEK
7395,2023-08-15,MULHOUSE VILLE,NON,2239,15:29,EST,BESANCON - F COMTE TGV,JCRHINRHON,FRTJB,14:41,FRAEK
7396,2023-08-15,MULHOUSE VILLE,NON,2239,21:34,EST,ST RAPHAEL VALESCURE,JCRHINRHON,FRXSK,14:41,FRAEK
7397,2023-08-15,AIX EN PROVENCE TGV,NON,2239,19:45,EST,MARSEILLE ST CHARLES,JCRHINRHON,FRMSC,19:33,FRAIE
7398,2023-08-15,LYON (intramuros),NON,2239,20:41,EST,TOULON,JCRHINRHON,FRTLN,18:04,FRLPD
7399,2023-08-15,MARSEILLE ST CHARLES,NON,2239,21:59,EST,CANNES,JCRHINRHON,FRJCA,19:57,FRMSC
7400,2023-08-15,BELFORT-MONTBELIARD TGV,NON,2239,19:31,EST,AIX EN PROVENCE TGV,JCRHINRHON,FRAIE,15:06,FRTJA
7401,2023-08-15,BELFORT-MONTBELIARD TGV,NON,2239,17:56,EST,LYON (intramuros),JCRHINRHON,FRLPD,15:06,FRTJA
7402,2023-08-15,BESANCON - F COMTE TGV,NON,2239,19:10,EST,AVIGNON TGV,JCRHINRHON,FRAVG,15:36,FRTJB
7403,2023-08-15,BESANCON - F COMTE TGV,NON,2239,17:56,EST,LYON (intramuros),JCRHINRHON,FRLPD,15:36,FRTJB
7404,2023-08-15,ANTIBES,OUI,2239,22:30,EST,NICE VILLE,JCRHINRHON,FRNIC,22:14,FRXAT
7405,2023-08-15,BEAUNE,NON,2239,21:59,EST,CANNES,JCRHINRHON,FRJCA,16:42,FRXBV
7406,2023-08-15,BEAUNE,NON,2239,19:45,EST,MARSEILLE ST CHARLES,JCRHINRHON,FRMSC,16:42,FRXBV
7407,2023-08-15,BEAUNE,NON,2239,20:41,EST,TOULON,JCRHINRHON,FRTLN,16:42,FRXBV
7408,2023-08-15,ST RAPHAEL VALESCURE,OUI,2239,21:59,EST,CANNES,JCRHINRHON,FRJCA,21:37,FRXSK
7409,2023-08-15,ST RAPHAEL VALESCURE,OUI,2239,22:11,EST,ANTIBES,JCRHINRHON,FRXAT,21:37,FRXSK
7410,2023-08-15,BESANCON - F COMTE TGV,NON,2239,21:34,EST,ST RAPHAEL VALESCURE,JCRHINRHON,FRXSK,15:36,FRTJB
7411,2023-08-15,BESANCON - F COMTE TGV,NON,2239,22:30,EST,NICE VILLE,JCRHINRHON,FRNIC,15:36,FRTJB
7412,2023-08-15,BESANCON - F COMTE TGV,NON,2239,20:41,EST,TOULON,JCRHINRHON,FRTLN,15:36,FRTJB
7413,2023-08-15,TOURS,OUI,8314,12:43,ATLANTIQUE,VENDOME VILLIERS SUR LOIR,ROCHELLEPA,FRESL,12:14,FRAFW
7414,2023-08-15,ST PIERRE DES CORPS,OUI,8314,12:43,ATLANTIQUE,VENDOME VILLIERS SUR LOIR,ROCHELLEPA,FRESL,12:25,FRXSH
7415,2023-08-15,LYON (intramuros),OUI,6608,10:08,SUD EST,PARIS (intramuros),RHONEPARIS,FRPLY,07:50,FRLPE
7416,2023-08-15,ANGOULEME,NON,5444,18:37,EST,STRASBOURG,JCATLEST,FRAEG,13:36,FRANG
7417,2023-08-15,BORDEAUX ST JEAN,NON,5444,17:52,EST,LORRAINE TGV,JCATLEST,FREAM,12:58,FRBOJ
7418,2023-08-15,MASSY TGV,NON,5444,17:31,EST,MEUSE TGV,JCATLEST,FREAJ,15:55,FRDJU
7419,2023-08-15,LORRAINE TGV,OUI,5444,18:37,EST,STRASBOURG,JCATLEST,FRAEG,18:00,FREAM
7420,2023-08-15,MARNE LA VALLEE CHESSY,NON,5444,17:31,EST,MEUSE TGV,JCATLEST,FREAJ,16:37,FRMLV
7421,2023-08-15,POITIERS,NON,5444,15:49,EST,MASSY TGV,JCATLEST,FRDJU,14:19,FRPIS
7422,2023-08-15,POITIERS,NON,5444,17:04,EST,CHAMPAGNE-ARDENNE,JCATLEST,FREAH,14:19,FRPIS
7423,2023-08-15,ST PIERRE DES CORPS,NON,5444,17:52,EST,LORRAINE TGV,JCATLEST,FREAM,14:54,FRXSH
7424,2023-08-15,FRANKFURT MAIN HBF,NON,9552,13:38,INTERNATIONAL,MANNHEIM HBF,FRANCPA,DEMHG,12:56,DEFRH
7425,2023-08-15,KAISERSLAUTERN HBF,NON,9552,15:02,INTERNATIONAL,SARREBRUCK/SAARBRUECKEN,FRANCPA,DESBK,14:24,DEKLT
7426,2023-08-15,MANNHEIM HBF,NON,9552,14:23,INTERNATIONAL,KAISERSLAUTERN HBF,FRANCPA,DEKLT,13:42,DEMHG
7427,2023-08-15,AIX EN PROVENCE TGV,OUI,5054,08:20,NORD,LYON (intramuros),JCSUDNORD,FRLPD,06:49,FRAIE
7428,2023-08-15,AVIGNON TGV,OUI,5054,10:32,NORD,AEROPORT CDG2 TGV ROISSY,JCSUDNORD,FRMLW,07:12,FRAVG
7429,2023-08-15,LYON (intramuros),OUI,5054,10:19,NORD,MARNE LA VALLEE CHESSY,JCSUDNORD,FRMLV,08:34,FRLPD
7430,2023-08-15,LYON (intramuros),OUI,5054,10:32,NORD,AEROPORT CDG2 TGV ROISSY,JCSUDNORD,FRMLW,08:34,FRLPD
7431,2023-08-15,MARSEILLE ST CHARLES,OUI,5054,07:09,NORD,AVIGNON TGV,JCSUDNORD,FRAVG,06:33,FRMSC
7432,2023-08-15,CANNES,NON,6188,13:50,SUD EST,PARIS (intramuros),AZURPA,FRPLY,08:28,FRJCA
7433,2023-08-15,CANNES,OUI,6188,09:07,SUD EST,LES ARCS DRAGUIGNAN,AZURPA,FRXRS,08:28,FRJCA
7434,2023-08-15,NICE VILLE,OUI,6188,09:44,SUD EST,TOULON,AZURPA,FRTLN,07:57,FRNIC
7435,2023-08-15,NICE VILLE,OUI,6188,08:50,SUD EST,ST RAPHAEL VALESCURE,AZURPA,FRXSK,07:57,FRNIC
7436,2023-08-15,ANTIBES,NON,6188,10:33,SUD EST,MARSEILLE ST CHARLES,AZURPA,FRMSC,08:14,FRXAT
7437,2023-08-15,ANTIBES,OUI,6188,09:07,SUD EST,LES ARCS DRAGUIGNAN,AZURPA,FRXRS,08:14,FRXAT
7438,2023-08-15,ST RAPHAEL VALESCURE,NON,6188,10:33,SUD EST,MARSEILLE ST CHARLES,AZURPA,FRMSC,08:53,FRXSK
7439,2023-08-15,BEZIERS,NON,4764,20:53,IC ARO,MARMANDE,TJOURSESO,FRXMR,17:47,FRBZR
7440,2023-08-15,BEZIERS,NON,4764,18:01,IC ARO,NARBONNE,TJOURSESO,FRXNA,17:47,FRBZR
7441,2023-08-15,CARCASSONNE,NON,4764,21:32,IC ARO,BORDEAUX ST JEAN,TJOURSESO,FRBOJ,18:34,FRCCF
7442,2023-08-15,CARCASSONNE,NON,4764,19:17,IC ARO,TOULOUSE MATABIAU,TJOURSESO,FRXYT,18:34,FRCCF
7443,2023-08-15,NIMES,NON,4764,19:48,IC ARO,MONTAUBAN VILLE BOURBON,TJOURSESO,FRXMW,16:38,FRFNI
7444,2023-08-15,NIMES,NON,4764,19:17,IC ARO,TOULOUSE MATABIAU,TJOURSESO,FRXYT,16:38,FRFNI
7445,2023-08-15,MONTPELLIER SAINT-ROCH,NON,4764,20:53,IC ARO,MARMANDE,TJOURSESO,FRXMR,17:07,FRMPL
7446,2023-08-15,MONTPELLIER SAINT-ROCH,NON,4764,18:01,IC ARO,NARBONNE,TJOURSESO,FRXNA,17:07,FRMPL
7447,2023-08-15,MARSEILLE ST CHARLES,NON,4764,20:53,IC ARO,MARMANDE,TJOURSESO,FRXMR,15:27,FRMSC
7448,2023-08-15,MARSEILLE ST CHARLES,NON,4764,18:01,IC ARO,NARBONNE,TJOURSESO,FRXNA,15:27,FRMSC
7449,2023-08-15,MARSEILLE ST CHARLES,NON,4764,19:17,IC ARO,TOULOUSE MATABIAU,TJOURSESO,FRXYT,15:27,FRMSC
7450,2023-08-15,MARMANDE,OUI,4764,21:32,IC ARO,BORDEAUX ST JEAN,TJOURSESO,FRBOJ,20:55,FRXMR
7451,2023-08-15,NARBONNE,NON,4764,21:32,IC ARO,BORDEAUX ST JEAN,TJOURSESO,FRBOJ,18:04,FRXNA
7452,2023-08-15,NARBONNE,NON,4764,19:17,IC ARO,TOULOUSE MATABIAU,TJOURSESO,FRXYT,18:04,FRXNA
7453,2023-08-15,TOULOUSE MATABIAU,OUI,4764,20:53,IC ARO,MARMANDE,TJOURSESO,FRXMR,19:24,FRXYT
7454,2023-08-15,TOULOUSE MATABIAU,OUI,4764,19:48,IC ARO,MONTAUBAN VILLE BOURBON,TJOURSESO,FRXMW,19:24,FRXYT
7455,2023-08-15,DIJON VILLE,OUI,2096,22:07,EST,STRASBOURG,JCRHONRHIN,FRAEG,19:49,FRABA
7456,2023-08-15,LYON (intramuros),NON,2096,20:16,EST,BESANCON - F COMTE TGV,JCRHONRHIN,FRTJB,18:00,FRLPD
7457,2023-08-15,MARSEILLE ST CHARLES,NON,2096,16:30,EST,AVIGNON TGV,JCRHONRHIN,FRAVG,15:56,FRMSC
7458,2023-08-15,MARSEILLE ST CHARLES,NON,2096,20:40,EST,BELFORT-MONTBELIARD TGV,JCRHONRHIN,FRTJA,15:56,FRMSC
7459,2023-08-15,VALENCE TGV RHONE-ALPES SUD,NON,2096,21:09,EST,MULHOUSE VILLE,JCRHONRHIN,FRAEK,17:13,FRVLA
7460,2023-08-15,VALENCE TGV RHONE-ALPES SUD,NON,2096,20:16,EST,BESANCON - F COMTE TGV,JCRHONRHIN,FRTJB,17:13,FRVLA
7461,2023-08-15,ANGERS ST LAUD,OUI,8913,11:54,ATLANTIQUE,NANTES,PARISLOIRE,FRNTE,11:16,FRACL
7462,2023-08-15,LE MANS,OUI,8913,12:33,ATLANTIQUE,ST NAZAIRE,PARISLOIRE,FRSNR,10:36,FRAET
7463,2023-08-15,NANTES,OUI,8913,12:50,ATLANTIQUE,LA BAULE ESCOUBLAC,PARISLOIRE,FRJEE,12:00,FRNTE
7464,2023-08-15,ST NAZAIRE,OUI,8913,12:50,ATLANTIQUE,LA BAULE ESCOUBLAC,PARISLOIRE,FRJEE,12:36,FRSNR
7465,2023-08-15,ANGOULEME,NON,5260,09:27,NORD,MARNE LA VALLEE CHESSY,JCAQUINORD,FRMLV,06:36,FRANG
7466,2023-08-15,ANGOULEME,OUI,5260,07:16,NORD,POITIERS,JCAQUINORD,FRPIS,06:36,FRANG
7467,2023-08-15,BORDEAUX ST JEAN,OUI,5260,06:33,NORD,ANGOULEME,JCAQUINORD,FRANG,05:58,FRBOJ
7468,2023-08-15,BORDEAUX ST JEAN,NON,5260,09:41,NORD,AEROPORT CDG2 TGV ROISSY,JCAQUINORD,FRMLW,05:58,FRBOJ
7469,2023-08-15,BORDEAUX ST JEAN,OUI,5260,07:16,NORD,POITIERS,JCAQUINORD,FRPIS,05:58,FRBOJ
7470,2023-08-15,MASSY TGV,OUI,5260,09:27,NORD,MARNE LA VALLEE CHESSY,JCAQUINORD,FRMLV,08:55,FRDJU
7471,2023-08-15,PARIS (intramuros),OUI,7031,12:48,NORD,LILLE (intramuros),PALILLE,FRADJ,11:46,FRPNO
7472,2023-08-15,DAX,OUI,8592,22:35,ATLANTIQUE,PAU,PASUDOUEST,FRAEE,21:46,FRACG
7473,2023-08-15,PAU,OUI,8592,23:03,ATLANTIQUE,LOURDES,PASUDOUEST,FRLDE,22:38,FRAEE
7474,2023-08-15,PAU,OUI,8592,23:28,ATLANTIQUE,TARBES,PASUDOUEST,FRXTB,22:38,FRAEE
7475,2023-08-15,ORTHEZ,OUI,8592,23:03,ATLANTIQUE,LOURDES,PASUDOUEST,FRLDE,22:14,FRGFI
7476,2023-08-15,PARIS (intramuros),OUI,8592,21:36,ATLANTIQUE,DAX,PASUDOUEST,FRACG,18:07,FRPMO
7477,2023-08-15,PARIS (intramuros),OUI,8592,22:35,ATLANTIQUE,PAU,PASUDOUEST,FRAEE,18:07,FRPMO
7478,2023-08-15,PARIS (intramuros),OUI,8592,23:03,ATLANTIQUE,LOURDES,PASUDOUEST,FRLDE,18:07,FRPMO
7479,2023-08-15,DIJON VILLE,NON,9277,20:57,INTERNATIONAL,VALLORBE,PASUIS,CHAGL,19:33,FRABA
7480,2023-08-15,DIJON VILLE,NON,9277,20:42,INTERNATIONAL,FRASNE,PASUIS,FRFRA,19:33,FRABA
7481,2023-08-15,FRASNE,NON,9277,20:57,INTERNATIONAL,VALLORBE,PASUIS,CHAGL,20:44,FRFRA
7482,2023-08-15,FRASNE,NON,9277,21:37,INTERNATIONAL,LAUSANNE,PASUIS,CHAJF,20:44,FRFRA
7483,2023-08-15,MOUCHARD,NON,9277,21:37,INTERNATIONAL,LAUSANNE,PASUIS,CHAJF,20:15,FRMCD
7484,2023-08-15,PARIS (intramuros),NON,9277,19:30,INTERNATIONAL,DIJON VILLE,PASUIS,FRABA,17:56,FRPLY
7485,2023-08-15,PARIS (intramuros),NON,9277,20:42,INTERNATIONAL,FRASNE,PASUIS,FRFRA,17:56,FRPLY
7486,2023-08-15,PARIS (intramuros),NON,9277,20:13,INTERNATIONAL,MOUCHARD,PASUIS,FRMCD,17:56,FRPLY
7487,2023-08-15,DAX,OUI,8572,14:16,ATLANTIQUE,ORTHEZ,PASUDOUEST,FRGFI,13:46,FRACG
7488,2023-08-15,DAX,OUI,8572,15:43,ATLANTIQUE,TARBES,PASUDOUEST,FRXTB,13:46,FRACG
7489,2023-08-15,PAU,OUI,8572,15:16,ATLANTIQUE,LOURDES,PASUDOUEST,FRLDE,14:49,FRAEE
7490,2023-08-15,BORDEAUX ST JEAN,OUI,8572,14:46,ATLANTIQUE,PAU,PASUDOUEST,FRAEE,12:20,FRBOJ
7491,2023-08-15,BORDEAUX ST JEAN,OUI,8572,14:16,ATLANTIQUE,ORTHEZ,PASUDOUEST,FRGFI,12:20,FRBOJ
7492,2023-08-15,BORDEAUX ST JEAN,OUI,8572,15:16,ATLANTIQUE,LOURDES,PASUDOUEST,FRLDE,12:20,FRBOJ
7493,2023-08-15,ORTHEZ,OUI,8572,15:43,ATLANTIQUE,TARBES,PASUDOUEST,FRXTB,14:18,FRGFI
7494,2023-08-15,PARIS (intramuros),OUI,8572,12:14,ATLANTIQUE,BORDEAUX ST JEAN,PASUDOUEST,FRBOJ,10:08,FRPMO
7495,2023-08-15,PARIS (intramuros),OUI,8572,15:43,ATLANTIQUE,TARBES,PASUDOUEST,FRXTB,10:08,FRPMO
7496,2023-08-15,LES SABLES D'OLONNE,NON,8988,20:52,ATLANTIQUE,NANTES,LOIREPARIS,FRNTE,19:44,FRLSO
7497,2023-08-15,LES SABLES D'OLONNE,NON,8988,23:16,ATLANTIQUE,PARIS (intramuros),LOIREPARIS,FRPMO,19:44,FRLSO
7498,2023-08-15,LAUSANNE,NON,9768,11:49,INTERNATIONAL,BOURG EN BRESSE,GENEVEPA,FRXBK,09:45,CHAJF
7499,2023-08-15,ST MAIXENT DEUX SEVRES,OUI,8375,12:22,ATLANTIQUE,LA ROCHELLE VILLE,PAROCHELLE,FRLRH,11:23,FREJC
7500,2023-08-15,PARIS (intramuros),OUI,8375,11:59,ATLANTIQUE,SURGERES,PAROCHELLE,FREIP,09:12,FRPMO
7501,2023-08-15,HENDAYE,OUI,8530,07:51,ATLANTIQUE,BAYONNE,SUDOUESTPA,FRXBY,07:12,FRAEF
7502,2023-08-15,HENDAYE,OUI,8530,07:23,ATLANTIQUE,ST JEAN DE LUZ CIBOURE,SUDOUESTPA,FRXJZ,07:12,FRAEF
7503,2023-08-15,BIARRITZ,OUI,8530,09:40,ATLANTIQUE,BORDEAUX ST JEAN,SUDOUESTPA,FRBOJ,07:39,FRBIQ
7504,2023-08-15,BIARRITZ,OUI,8530,07:51,ATLANTIQUE,BAYONNE,SUDOUESTPA,FRXBY,07:39,FRBIQ
7505,2023-08-15,ST JEAN DE LUZ CIBOURE,OUI,8530,08:23,ATLANTIQUE,DAX,SUDOUESTPA,FRACG,07:26,FRXJZ
7506,2023-08-15,ST JEAN DE LUZ CIBOURE,OUI,8530,11:52,ATLANTIQUE,PARIS (intramuros),SUDOUESTPA,FRPMO,07:26,FRXJZ
7507,2023-08-15,AVIGNON TGV,NON,5386,18:34,SUD EST,MASSY TGV,JCSUDATL,FRDJU,15:15,FRAVG
7508,2023-08-15,MARSEILLE ST CHARLES,NON,5386,18:34,SUD EST,MASSY TGV,JCSUDATL,FRDJU,14:36,FRMSC
7509,2023-08-15,MARSEILLE ST CHARLES,NON,5386,16:22,SUD EST,LYON (intramuros),JCSUDATL,FRLPD,14:36,FRMSC
7510,2023-08-15,BRIVE LA GAILLARDE,OUI,3619,13:44,IC ARO,GOURDON,PALITO,FRFSI,13:04,FRBVE
7511,2023-08-15,BRIVE LA GAILLARDE,OUI,3619,14:53,IC ARO,MONTAUBAN VILLE BOURBON,PALITO,FRXMW,13:04,FRBVE
7512,2023-08-15,CHATEAUROUX,OUI,3619,14:11,IC ARO,CAHORS,PALITO,FRZAO,10:41,FRCHR
7513,2023-08-15,GOURDON,OUI,3619,14:38,IC ARO,CAUSSADE TARN ET GARONNE,PALITO,FRFTA,13:46,FRFSI
7514,2023-08-15,LA SOUTERRAINE,OUI,3619,13:00,IC ARO,BRIVE LA GAILLARDE,PALITO,FRBVE,11:22,FRLST
7515,2023-08-15,LA SOUTERRAINE,OUI,3619,14:11,IC ARO,CAHORS,PALITO,FRZAO,11:22,FRLST
7516,2023-08-15,PARIS (intramuros),OUI,3619,13:00,IC ARO,BRIVE LA GAILLARDE,PALITO,FRBVE,08:28,FRPAZ
7517,2023-08-15,PARIS (intramuros),OUI,3619,14:11,IC ARO,CAHORS,PALITO,FRZAO,08:28,FRPAZ
7518,2023-08-15,VIERZON VILLE,OUI,3619,10:39,IC ARO,CHATEAUROUX,PALITO,FRCHR,10:10,FRXVZ
7519,2023-08-15,ARGENTON SUR CREUSE,OUI,3619,13:27,IC ARO,SOUILLAC,PALITO,FRSOU,10:57,FRFMT
7520,2023-08-15,TOULOUSE MATABIAU,NON,8516,21:52,ATLANTIQUE,PARIS (intramuros),SUDOUESTPA,FRPMO,17:28,FRXYT
7521,2023-08-15,TOULOUSE MATABIAU,OUI,8516,17:54,ATLANTIQUE,MONTAUBAN VILLE BOURBON,SUDOUESTPA,FRXMW,17:28,FRXYT
7522,2023-08-15,BRIVE LA GAILLARDE,NON,3664,18:06,IC ARO,CHATEAUROUX,TOULOUZECO,FRCHR,15:54,FRBVE
7523,2023-08-15,BRIVE LA GAILLARDE,NON,3664,17:50,IC ARO,ARGENTON SUR CREUSE,TOULOUZECO,FRFMT,15:54,FRBVE
7524,2023-08-15,BRIVE LA GAILLARDE,NON,3664,18:40,IC ARO,VIERZON VILLE,TOULOUZECO,FRXVZ,15:54,FRBVE
7525,2023-08-15,LORIENT,OUI,8724,15:01,ATLANTIQUE,AURAY,BRETAPARIS,FRXUY,14:46,FRLRT
7526,2023-08-15,QUIMPER,OUI,8724,14:43,ATLANTIQUE,LORIENT,BRETAPARIS,FRLRT,14:11,FRUIP
7527,2023-08-15,QUIMPER,OUI,8724,15:01,ATLANTIQUE,AURAY,BRETAPARIS,FRXUY,14:11,FRUIP
7528,2023-08-15,VANNES,NON,8724,17:47,ATLANTIQUE,PARIS (intramuros),BRETAPARIS,FRPMO,15:17,FRVNE
7529,2023-08-15,PARIS (intramuros),OUI,3629,12:24,IC ARO,LES AUBRAIS ORLEANS,PALITO,FRLAB,11:29,FRPAZ
7530,2023-08-15,PARIS (intramuros),OUI,3629,14:12,IC ARO,LA SOUTERRAINE,PALITO,FRLST,11:29,FRPAZ
7531,2023-08-15,VIERZON VILLE,OUI,3629,14:12,IC ARO,LA SOUTERRAINE,PALITO,FRLST,13:02,FRXVZ
7532,2023-08-15,ANNECY,NON,6978,17:38,SUD EST,MACON LOCHE TGV,ALPESPARIS,FRMLT,15:31,FRNCY
7533,2023-08-15,ANNECY,NON,6978,19:14,SUD EST,PARIS (intramuros),ALPESPARIS,FRPLY,15:31,FRNCY
7534,2023-08-15,AIX LES BAINS LE REVARD,NON,6978,17:38,SUD EST,MACON LOCHE TGV,ALPESPARIS,FRMLT,15:59,FRXAI
7535,2023-08-15,AIX EN PROVENCE TGV,NON,6801,09:11,SUD EST,TOULON,JCPROVSUD,FRTLN,08:03,FRAIE
7536,2023-08-15,AVIGNON TGV,NON,6801,08:00,SUD EST,AIX EN PROVENCE TGV,JCPROVSUD,FRAIE,07:38,FRAVG
7537,2023-08-15,AVIGNON TGV,NON,6801,10:47,SUD EST,ANTIBES,JCPROVSUD,FRXAT,07:38,FRAVG
7538,2023-08-15,AVIGNON TGV,NON,6801,09:49,SUD EST,LES ARCS DRAGUIGNAN,JCPROVSUD,FRXRS,07:38,FRAVG
7539,2023-08-15,CANNES,OUI,6801,11:06,SUD EST,NICE VILLE,JCPROVSUD,FRNIC,10:39,FRJCA
7540,2023-08-15,LYON (intramuros),NON,6801,09:11,SUD EST,TOULON,JCPROVSUD,FRTLN,06:04,FRLPD
7541,2023-08-15,LYON (intramuros),NON,6801,10:47,SUD EST,ANTIBES,JCPROVSUD,FRXAT,06:04,FRLPD
7542,2023-08-15,MARSEILLE ST CHARLES,NON,6801,10:35,SUD EST,CANNES,JCPROVSUD,FRJCA,08:28,FRMSC
7543,2023-08-15,MARSEILLE ST CHARLES,OUI,6801,09:49,SUD EST,LES ARCS DRAGUIGNAN,JCPROVSUD,FRXRS,08:28,FRMSC
7544,2023-08-15,VALENCE TGV RHONE-ALPES SUD,NON,6801,08:00,SUD EST,AIX EN PROVENCE TGV,JCPROVSUD,FRAIE,07:00,FRVLA
7545,2023-08-15,VALENCE TGV RHONE-ALPES SUD,NON,6801,10:47,SUD EST,ANTIBES,JCPROVSUD,FRXAT,07:00,FRVLA
7546,2023-08-15,VALENCE TGV RHONE-ALPES SUD,NON,6801,10:06,SUD EST,ST RAPHAEL VALESCURE,JCPROVSUD,FRXSK,07:00,FRVLA
7547,2023-08-15,LES ARCS DRAGUIGNAN,NON,6801,10:35,SUD EST,CANNES,JCPROVSUD,FRJCA,09:52,FRXRS
7548,2023-08-15,ST RAPHAEL VALESCURE,OUI,6801,11:06,SUD EST,NICE VILLE,JCPROVSUD,FRNIC,10:09,FRXSK
7549,2023-08-15,PARIS (intramuros),NON,9573,13:26,INTERNATIONAL,KARLSRUHE HBF,PASTUTMUN,DEQKA,10:55,FRPST
7550,2023-08-15,PARIS (intramuros),NON,9573,12:41,INTERNATIONAL,STRASBOURG,PASTUTMUN,FRAEG,10:55,FRPST
7551,2023-08-15,MONTBARD,OUI,6091,20:31,SUD EST,DIJON VILLE,PABOUR,FRABA,19:56,FRGWE
7552,2023-08-15,PARIS (intramuros),OUI,6091,19:53,SUD EST,MONTBARD,PABOUR,FRGWE,18:52,FRPLY
7553,2023-08-15,CLERMONT FERRAND,OUI,5974,14:38,IC ARO,RIOM CHATEL GUYON,CLERMONTPA,FRRIO,14:28,FRCFE
7554,2023-08-15,DAX,NON,8542,17:39,ATLANTIQUE,BORDEAUX ST JEAN,SUDOUESTPA,FRBOJ,16:21,FRACG
7555,2023-08-15,DAX,NON,8542,19:52,ATLANTIQUE,PARIS (intramuros),SUDOUESTPA,FRPMO,16:21,FRACG
7556,2023-08-15,BIARRITZ,NON,8542,19:52,ATLANTIQUE,PARIS (intramuros),SUDOUESTPA,FRPMO,15:32,FRBIQ
7557,2023-08-15,ANGERS ST LAUD,OUI,8977,15:55,ATLANTIQUE,NANTES,PARISLOIRE,FRNTE,15:19,FRACL
7558,2023-08-15,NANTES,OUI,8977,17:14,ATLANTIQUE,LES SABLES D'OLONNE,PARISLOIRE,FRLSO,16:06,FRNTE
7559,2023-08-15,PARIS (intramuros),OUI,8977,14:29,ATLANTIQUE,LE MANS,PARISLOIRE,FRAET,13:32,FRPMO
7560,2023-08-15,PARIS (intramuros),OUI,8977,15:55,ATLANTIQUE,NANTES,PARISLOIRE,FRNTE,13:32,FRPMO
7561,2023-08-15,PARIS (intramuros),OUI,8977,16:46,ATLANTIQUE,LA ROCHE SUR YON,PARISLOIRE,FRXRO,13:32,FRPMO
7562,2023-08-15,SABLE SUR SARTHE,OUI,8977,15:55,ATLANTIQUE,NANTES,PARISLOIRE,FRNTE,14:54,FRSAB
7563,2023-08-15,MANNHEIM HBF,NON,9560,20:42,INTERNATIONAL,PARIS (intramuros),FRANCPA,FRPST,17:38,DEMHG
7564,2023-08-15,ST ETIENNE CHATEAUCREUX,OUI,6692,07:28,SUD EST,LYON (intramuros),RHONEPARIS,FRLPD,06:42,FRHHD
7565,2023-08-15,ST FLOUR CHAUDES AIGUES,NON,15941,15:36,IC SRO,ST CHELY D'APCHER,NORESTJOU,FRINB,14:57,FRIMW
7566,2023-08-15,MILLAU,NON,15941,17:48,IC SRO,ST GEORGES DE LUZENCON,NORESTJOU,FRINM,17:38,FRMAU
7567,2023-08-15,CLERMONT FERRAND,NON,15941,15:36,IC SRO,ST CHELY D'APCHER,NORESTJOU,FRINB,13:03,FRCFE
7568,2023-08-15,MILLAU,NON,15941,19:32,IC SRO,BEZIERS,NORESTJOU,FRBZR,17:38,FRMAU
7569,2023-08-15,MILLAU,NON,15941,17:55,IC SRO,ST ROME DE CERNON,NORESTJOU,FRINN,17:38,FRMAU
7570,2023-08-15,ISSOIRE,NON,15941,14:30,IC SRO,NEUSSARGUES,NORESTJOU,FRNEU,13:29,FRHLB
7571,2023-08-15,ST CHELY D'APCHER,NON,15941,15:49,IC SRO,AUMONT AUBRAC,NORESTJOU,FRINC,15:37,FRINB
7572,2023-08-15,ARVANT,NON,15941,17:35,IC SRO,MILLAU,NORESTJOU,FRMAU,13:49,FRARV
7573,2023-08-15,AUMONT AUBRAC,NON,15941,19:32,IC SRO,BEZIERS,NORESTJOU,FRBZR,15:50,FRINC
7574,2023-08-15,NEUSSARGUES,NON,15941,19:32,IC SRO,BEZIERS,NORESTJOU,FRBZR,14:36,FRNEU
7575,2023-08-15,NEUSSARGUES,NON,15941,19:17,IC SRO,MAGALAS,NORESTJOU,FRIMK,14:36,FRNEU
7576,2023-08-15,ST FLOUR CHAUDES AIGUES,NON,15941,17:55,IC SRO,ST ROME DE CERNON,NORESTJOU,FRINN,14:57,FRIMW
7577,2023-08-15,ST CHELY D'APCHER,NON,15941,16:49,IC SRO,CAMPAGNAC ST GENIEZ,NORESTJOU,FRINJ,15:37,FRINB
7578,2023-08-15,ST FLOUR CHAUDES AIGUES,NON,15941,16:13,IC SRO,MARVEJOLS,NORESTJOU,FRINE,14:57,FRIMW
7579,2023-08-15,NEUSSARGUES,NON,15941,15:36,IC SRO,ST CHELY D'APCHER,NORESTJOU,FRINB,14:36,FRNEU
7580,2023-08-15,BEDARIEUX,NON,15941,19:17,IC SRO,MAGALAS,NORESTJOU,FRIMK,18:58,FRIMH
7581,2023-08-15,AUMONT AUBRAC,NON,15941,17:01,IC SRO,SEVERAC LE CHATEAU,NORESTJOU,FRSVC,15:50,FRINC
7582,2023-08-15,ARVANT,NON,15941,18:46,IC SRO,LE BOUSQUET D'ORB,NORESTJOU,FRIMG,13:49,FRARV
7583,2023-08-15,AUMONT AUBRAC,NON,15941,16:13,IC SRO,MARVEJOLS,NORESTJOU,FRINE,15:50,FRINC
7584,2023-08-15,CLERMONT FERRAND,NON,15941,19:17,IC SRO,MAGALAS,NORESTJOU,FRIMK,13:03,FRCFE
7585,2023-08-15,ARVANT,NON,15941,18:57,IC SRO,BEDARIEUX,NORESTJOU,FRIMH,13:49,FRARV
7586,2023-08-15,ST CHELY D'APCHER,NON,15941,18:57,IC SRO,BEDARIEUX,NORESTJOU,FRIMH,15:37,FRINB
7587,2023-08-15,MASSIAC BLESLE,NON,15941,14:56,IC SRO,ST FLOUR CHAUDES AIGUES,NORESTJOU,FRIMW,14:09,FRHMY
7588,2023-08-15,ST ROME DE CERNON,NON,15941,18:03,IC SRO,TOURNEMIRE ROQUEFORT,NORESTJOU,FRINO,17:56,FRINN
7589,2023-08-15,BRASSAC LES MINES STE FLORINE,NON,15941,19:17,IC SRO,MAGALAS,NORESTJOU,FRIMK,13:43,FRHLE
7590,2023-08-15,BANASSAC LA CANOURGUE,NON,15941,18:57,IC SRO,BEDARIEUX,NORESTJOU,FRIMH,16:36,FRINH
7591,2023-08-15,NEUSSARGUES,NON,15941,18:27,IC SRO,CEILHES ROQUEREDONDE,NORESTJOU,FRIMC,14:36,FRNEU
7592,2023-08-15,ST FLOUR CHAUDES AIGUES,NON,15941,16:35,IC SRO,BANASSAC LA CANOURGUE,NORESTJOU,FRINH,14:57,FRIMW
7593,2023-08-15,NEUSSARGUES,NON,15941,16:49,IC SRO,CAMPAGNAC ST GENIEZ,NORESTJOU,FRINJ,14:36,FRNEU
7594,2023-08-15,CEILHES ROQUEREDONDE,NON,15941,18:57,IC SRO,BEDARIEUX,NORESTJOU,FRIMH,18:28,FRIMC
7595,2023-08-15,ARVANT,NON,15941,16:49,IC SRO,CAMPAGNAC ST GENIEZ,NORESTJOU,FRINJ,13:49,FRARV
7596,2023-08-15,SEVERAC LE CHATEAU,NON,15941,18:46,IC SRO,LE BOUSQUET D'ORB,NORESTJOU,FRIMG,17:02,FRSVC
7597,2023-08-15,MASSIAC BLESLE,NON,15941,18:46,IC SRO,LE BOUSQUET D'ORB,NORESTJOU,FRIMG,14:09,FRHMY
7598,2023-08-15,CAMPAGNAC ST GENIEZ,NON,15941,18:46,IC SRO,LE BOUSQUET D'ORB,NORESTJOU,FRIMG,16:50,FRINJ
7599,2023-08-15,AUMONT AUBRAC,NON,15941,16:49,IC SRO,CAMPAGNAC ST GENIEZ,NORESTJOU,FRINJ,15:50,FRINC
7600,2023-08-15,AUMONT AUBRAC,NON,15941,16:35,IC SRO,BANASSAC LA CANOURGUE,NORESTJOU,FRINH,15:50,FRINC
7601,2023-08-15,ST CHELY D'APCHER,NON,15941,17:48,IC SRO,ST GEORGES DE LUZENCON,NORESTJOU,FRINM,15:37,FRINB
7602,2023-08-15,BANASSAC LA CANOURGUE,NON,15941,19:17,IC SRO,MAGALAS,NORESTJOU,FRIMK,16:36,FRINH
7603,2023-08-15,CEILHES ROQUEREDONDE,NON,15941,19:17,IC SRO,MAGALAS,NORESTJOU,FRIMK,18:28,FRIMC
7604,2023-08-15,LE BOUSQUET D'ORB,NON,15941,19:17,IC SRO,MAGALAS,NORESTJOU,FRIMK,18:47,FRIMG
7605,2023-08-15,MARVEJOLS,NON,15941,16:49,IC SRO,CAMPAGNAC ST GENIEZ,NORESTJOU,FRINJ,16:14,FRINE
7606,2023-08-15,CAMPAGNAC ST GENIEZ,NON,15941,18:57,IC SRO,BEDARIEUX,NORESTJOU,FRIMH,16:50,FRINJ
7607,2023-08-15,LE MONASTIER,NON,15941,16:35,IC SRO,BANASSAC LA CANOURGUE,NORESTJOU,FRINH,16:22,FRLMR
7608,2023-08-15,CARCASSONNE,NON,4756,13:32,IC ARO,BORDEAUX ST JEAN,TJOURSESO,FRBOJ,10:34,FRCCF
7609,2023-08-15,MONTPELLIER SAINT-ROCH,NON,4756,12:26,IC ARO,AGEN,TJOURSESO,FRAGF,09:07,FRMPL
7610,2023-08-15,MARSEILLE ST CHARLES,NON,4756,10:32,IC ARO,CARCASSONNE,TJOURSESO,FRCCF,07:22,FRMSC
7611,2023-08-15,MARSEILLE ST CHARLES,NON,4756,10:01,IC ARO,NARBONNE,TJOURSESO,FRXNA,07:22,FRMSC
7612,2023-08-15,NARBONNE,NON,4756,13:32,IC ARO,BORDEAUX ST JEAN,TJOURSESO,FRBOJ,10:04,FRXNA
7613,2023-08-15,SETE,NON,4756,11:49,IC ARO,MONTAUBAN VILLE BOURBON,TJOURSESO,FRXMW,09:23,FRXSY
7614,2023-08-15,BELLEGARDE,NON,6504,18:34,SUD EST,PARIS (intramuros),ALPESPARIS,FRPLY,15:24,FRXBF
7615,2023-08-15,DUNKERQUE,NON,7324,16:08,NORD,PARIS (intramuros),ARRASPA,FRPNO,13:56,FRADI
7616,2023-08-15,ARRAS,NON,7324,16:08,NORD,PARIS (intramuros),ARRASPA,FRPNO,15:18,FRQRV
7617,2023-08-15,BASEL SBB,NON,9218,13:17,INTERNATIONAL,BELFORT-MONTBELIARD TGV,ZURBALPA,FRTJA,12:34,CHAJP
7618,2023-08-15,MULHOUSE VILLE,NON,9218,15:38,INTERNATIONAL,PARIS (intramuros),ZURBALPA,FRPLY,12:56,FRAEK
7619,2023-08-15,BORDEAUX ST JEAN,NON,8505,15:31,ATLANTIQUE,TOULOUSE MATABIAU,PASUDOUEST,FRXYT,13:20,FRBOJ
7620,2023-08-15,BEZIERS,OUI,6254,09:04,SUD EST,AGDE,LANGPA,FRXAG,08:53,FRBZR
7621,2023-08-15,AGDE,OUI,6254,09:20,SUD EST,SETE,LANGPA,FRXSY,09:07,FRXAG
7622,2023-08-15,NARBONNE,NON,6254,10:41,SUD EST,VALENCE TGV RHONE-ALPES SUD,LANGPA,FRVLA,08:36,FRXNA
7623,2023-08-15,NARBONNE,OUI,6254,09:04,SUD EST,AGDE,LANGPA,FRXAG,08:36,FRXNA
7624,2023-08-15,SETE,OUI,6254,09:39,SUD EST,MONTPELLIER SUD DE FRANCE,LANGPA,FRSUF,09:23,FRXSY
7625,2023-08-15,AGDE,OUI,6254,09:39,SUD EST,MONTPELLIER SUD DE FRANCE,LANGPA,FRSUF,09:07,FRXAG
7626,2023-08-15,NIMES PONT DU GARD,NON,6254,13:04,SUD EST,PARIS (intramuros),LANGPA,FRPLY,10:04,FRXZP
7627,2023-08-15,NARBONNE,OUI,6254,10:01,SUD EST,NIMES PONT DU GARD,LANGPA,FRXZP,08:36,FRXNA
7628,2023-08-15,MODANE,NON,9240,09:36,INTERNATIONAL,ST JEAN DE MAURIENNE ARVAN,ITALIEPA,FRHPN,09:13,FRAGR
7629,2023-08-15,MODANE,NON,9240,11:40,INTERNATIONAL,MACON LOCHE TGV,ITALIEPA,FRMLT,09:13,FRAGR
7630,2023-08-15,MODANE,NON,9240,13:14,INTERNATIONAL,PARIS (intramuros),ITALIEPA,FRPLY,09:13,FRAGR
7631,2023-08-15,CHAMBERY CHALLES LES EAUX,NON,9240,13:14,INTERNATIONAL,PARIS (intramuros),ITALIEPA,FRPLY,10:22,FRCMF
7632,2023-08-15,MILANO P GARIBALDI,NON,9240,10:15,INTERNATIONAL,CHAMBERY CHALLES LES EAUX,ITALIEPA,FRCMF,06:00,ITMPG
7633,2023-08-15,OULX CESANA CLAV SESTRIERE,NON,9240,09:03,INTERNATIONAL,MODANE,ITALIEPA,FRAGR,08:36,ITOCS
7634,2023-08-15,OULX CESANA CLAV SESTRIERE,NON,9240,10:15,INTERNATIONAL,CHAMBERY CHALLES LES EAUX,ITALIEPA,FRCMF,08:36,ITOCS
7635,2023-08-15,OULX CESANA CLAV SESTRIERE,NON,9240,09:36,INTERNATIONAL,ST JEAN DE MAURIENNE ARVAN,ITALIEPA,FRHPN,08:36,ITOCS
7636,2023-08-15,TORINO PORTA SUSA,NON,9240,09:36,INTERNATIONAL,ST JEAN DE MAURIENNE ARVAN,ITALIEPA,FRHPN,07:36,ITTRS
7637,2023-08-15,TORINO PORTA SUSA,NON,9240,13:14,INTERNATIONAL,PARIS (intramuros),ITALIEPA,FRPLY,07:36,ITTRS
7638,2023-08-15,LUXEMBOURG,OUI,2870,16:31,EST,PARIS (intramuros),LUXMETZPA,FRPST,14:10,LULUX
7639,2023-08-15,BORDEAUX ST JEAN,NON,8450,19:13,ATLANTIQUE,ANGOULEME,SUDOUESTPA,FRANG,18:38,FRBOJ
7640,2023-08-15,MANNHEIM HBF,NON,9568,08:05,INTERNATIONAL,KARLSRUHE HBF,FRANCPA,DEQKA,07:38,DEMHG
7641,2023-08-15,MANNHEIM HBF,NON,9568,08:48,INTERNATIONAL,STRASBOURG,FRANCPA,FRAEG,07:38,DEMHG
7642,2023-08-15,BORDEAUX ST JEAN,OUI,8475,17:46,ATLANTIQUE,FACTURE BIGANOS,PASUDOUEST,FRFAC,17:25,FRBOJ
7643,2023-08-15,PARIS (intramuros),OUI,8475,17:15,ATLANTIQUE,BORDEAUX ST JEAN,PASUDOUEST,FRBOJ,15:08,FRPMO
7644,2023-08-15,BORDEAUX ST JEAN,NON,3856,14:40,IC SRO,JONZAC,BORDONANTE,FREMR,13:53,FRBOJ
7645,2023-08-15,JONZAC,NON,3856,17:22,IC SRO,LA ROCHE SUR YON,BORDONANTE,FRXRO,14:41,FREMR
7646,2023-08-15,ROCHEFORT,NON,3856,16:15,IC SRO,LA ROCHELLE VILLE,BORDONANTE,FRLRH,15:56,FRRCO
7647,2023-08-15,BEZIERS,OUI,6212,19:21,SUD EST,MONTPELLIER SAINT-ROCH,LANGPA,FRMPL,18:35,FRBZR
7648,2023-08-15,PERPIGNAN,OUI,6212,18:32,SUD EST,BEZIERS,LANGPA,FRBZR,17:40,FRPGF
7649,2023-08-15,PERPIGNAN,OUI,6212,19:21,SUD EST,MONTPELLIER SAINT-ROCH,LANGPA,FRMPL,17:40,FRPGF
7650,2023-08-15,PERPIGNAN,NON,6212,22:55,SUD EST,PARIS (intramuros),LANGPA,FRPLY,17:40,FRPGF
7651,2023-08-15,PERPIGNAN,OUI,6212,18:15,SUD EST,NARBONNE,LANGPA,FRXNA,17:40,FRPGF
7652,2023-08-15,AGDE,NON,6212,20:36,SUD EST,VALENCE TGV RHONE-ALPES SUD,LANGPA,FRVLA,18:49,FRXAG
7653,2023-08-15,AGDE,OUI,6212,19:03,SUD EST,SETE,LANGPA,FRXSY,18:49,FRXAG
7654,2023-08-15,NARBONNE,OUI,6212,18:46,SUD EST,AGDE,LANGPA,FRXAG,18:18,FRXNA
7655,2023-08-15,NARBONNE,OUI,6212,19:03,SUD EST,SETE,LANGPA,FRXSY,18:18,FRXNA
7656,2023-08-15,RETHEL,OUI,2715,10:10,EST,CHARLEVILLE MEZIERES,PABARSED,FRXCZ,09:42,FRBDT
7657,2023-08-15,PARIS (intramuros),OUI,2715,09:14,EST,REIMS,PABARSED,FRRHE,08:28,FRPST
7658,2023-08-15,ANGERS ST LAUD,NON,8880,18:25,ATLANTIQUE,PARIS (intramuros),LOIREPARIS,FRPMO,16:44,FRACL
7659,2023-08-15,LE MANS,OUI,8880,18:25,ATLANTIQUE,PARIS (intramuros),LOIREPARIS,FRPMO,17:26,FRAET
7660,2023-08-15,PAU,NON,14148,16:52,IC SRO,TARBES,SUDOUEST,FRXTB,16:11,FRAEE
7661,2023-08-15,ORTHEZ,NON,14148,16:36,IC SRO,LOURDES,SUDOUEST,FRLDE,15:47,FRGFI
7662,2023-08-15,ORTHEZ,NON,14148,17:17,IC SRO,LANNEMEZAN,SUDOUEST,FRLNZ,15:47,FRGFI
7663,2023-08-15,LOURDES,NON,14148,17:17,IC SRO,LANNEMEZAN,SUDOUEST,FRLNZ,16:39,FRLDE
7664,2023-08-15,BRIVE LA GAILLARDE,OUI,3635,17:44,IC ARO,GOURDON,PALITO,FRFSI,17:04,FRBVE
7665,2023-08-15,ARGENTON SUR CREUSE,NON,3635,15:58,IC ARO,LIMOGES BENEDICTINS,PALITO,FRAGQ,15:01,FRFMT
7666,2023-08-15,GOURDON,OUI,3635,18:13,IC ARO,CAHORS,PALITO,FRZAO,17:46,FRFSI
7667,2023-08-15,LA SOUTERRAINE,OUI,3635,15:58,IC ARO,LIMOGES BENEDICTINS,PALITO,FRAGQ,15:26,FRLST
7668,2023-08-15,PARIS (intramuros),NON,3635,15:00,IC ARO,ARGENTON SUR CREUSE,PALITO,FRFMT,12:41,FRPAZ
7669,2023-08-15,PARIS (intramuros),NON,3635,17:28,IC ARO,SOUILLAC,PALITO,FRSOU,12:41,FRPAZ
7670,2023-08-15,VIERZON VILLE,NON,3635,17:01,IC ARO,BRIVE LA GAILLARDE,PALITO,FRBVE,14:11,FRXVZ
7671,2023-08-15,VIERZON VILLE,NON,3635,17:44,IC ARO,GOURDON,PALITO,FRFSI,14:11,FRXVZ
7672,2023-08-15,CARCASSONNE,OUI,6875,18:56,SUD EST,NARBONNE,JCSUDPROV,FRXNA,18:27,FRCCF
7673,2023-08-15,CARCASSONNE,NON,6875,19:36,SUD EST,SETE,JCSUDPROV,FRXSY,18:27,FRCCF
7674,2023-08-15,NARBONNE,NON,6875,21:52,SUD EST,LYON (intramuros),JCSUDPROV,FRLPD,18:59,FRXNA
7675,2023-08-15,TOULOUSE MATABIAU,NON,6875,20:01,SUD EST,MONTPELLIER SUD DE FRANCE,JCSUDPROV,FRSUF,17:43,FRXYT
7676,2023-08-15,NARBONNE,NON,6875,20:01,SUD EST,MONTPELLIER SUD DE FRANCE,JCSUDPROV,FRSUF,18:59,FRXNA
7677,2023-08-15,CARCASSONNE,NON,6875,20:01,SUD EST,MONTPELLIER SUD DE FRANCE,JCSUDPROV,FRSUF,18:27,FRCCF
7678,2023-08-15,MONTPELLIER SUD DE FRANCE,NON,6875,20:30,SUD EST,NIMES PONT DU GARD,JCSUDPROV,FRXZP,20:11,FRSUF
7679,2023-08-15,NIMES PONT DU GARD,NON,6875,21:52,SUD EST,LYON (intramuros),JCSUDPROV,FRLPD,20:33,FRXZP
7680,2023-08-15,SETE,NON,6875,20:30,SUD EST,NIMES PONT DU GARD,JCSUDPROV,FRXZP,19:39,FRXSY
7681,2023-08-15,NIMES,NON,9713,14:24,SUD EST,NARBONNE,PABARCELONE,FRXNA,12:47,FRFNI
7682,2023-08-15,PARIS (intramuros),NON,9713,13:52,SUD EST,AGDE,PABARCELONE,FRXAG,09:42,FRPLY
7683,2023-08-15,VALENCE TGV RHONE-ALPES SUD,NON,9713,12:43,SUD EST,NIMES,PABARCELONE,FRFNI,12:00,FRVLA
7684,2023-08-15,VALENCE TGV RHONE-ALPES SUD,NON,9713,13:13,SUD EST,MONTPELLIER SAINT-ROCH,PABARCELONE,FRMPL,12:00,FRVLA
7685,2023-08-15,PERPIGNAN,NON,9713,15:27,SUD EST,FIGUERES VILA TGV,PABARCELONE,ESFIR,15:04,FRPGF
7686,2023-08-15,MONTPELLIER SAINT-ROCH,NON,9713,16:34,SUD EST,BARCELONA SANTS,PABARCELONE,ESBST,13:18,FRMPL
7687,2023-08-15,NIMES,NON,9713,16:34,SUD EST,BARCELONA SANTS,PABARCELONE,ESBST,12:47,FRFNI
7688,2023-08-15,AIX EN PROVENCE TGV,NON,9866,17:43,NORD,BRUXELLES MIDI BRUSSEL ZUID,JCSUDNORD,BEBMI,12:26,FRAIE
7689,2023-08-15,AIX EN PROVENCE TGV,NON,9866,12:45,NORD,AVIGNON TGV,JCSUDNORD,FRAVG,12:26,FRAIE
7690,2023-08-15,AIX EN PROVENCE TGV,NON,9866,13:54,NORD,LYON (intramuros),JCSUDNORD,FRLPD,12:26,FRAIE
7691,2023-08-15,AIX EN PROVENCE TGV,NON,9866,16:00,NORD,AEROPORT CDG2 TGV ROISSY,JCSUDNORD,FRMLW,12:26,FRAIE
7692,2023-08-15,AEROPORT CDG2 TGV ROISSY,NON,9866,17:43,NORD,BRUXELLES MIDI BRUSSEL ZUID,JCSUDNORD,BEBMI,16:07,FRMLW
7693,2023-08-15,MARSEILLE ST CHARLES,NON,9866,12:45,NORD,AVIGNON TGV,JCSUDNORD,FRAVG,12:12,FRMSC
7694,2023-08-15,MARSEILLE ST CHARLES,NON,9866,13:54,NORD,LYON (intramuros),JCSUDNORD,FRLPD,12:12,FRMSC
7695,2023-08-15,RENNES,NON,8619,15:13,ATLANTIQUE,ST BRIEUC,PARISBRETA,FRSBK,14:29,FRRNS
7696,2023-08-15,CHAMPAGNE-ARDENNE,OUI,9874,17:37,NORD,STRASBOURG,JCNORDEST,FRAEG,16:04,FREAH
7697,2023-08-15,QUIMPERLE,OUI,8710,09:46,ATLANTIQUE,LORIENT,BRETAPARIS,FRLRT,09:35,FRECO
7698,2023-08-15,QUIMPERLE,OUI,8710,10:19,ATLANTIQUE,VANNES,BRETAPARIS,FRVNE,09:35,FRECO
7699,2023-08-15,ROSPORDEN,NON,8710,12:01,ATLANTIQUE,LAVAL,BRETAPARIS,FRACR,09:20,FRRSP
7700,2023-08-15,ROSPORDEN,OUI,8710,09:46,ATLANTIQUE,LORIENT,BRETAPARIS,FRLRT,09:20,FRRSP
7701,2023-08-15,ROSPORDEN,NON,8710,11:25,ATLANTIQUE,RENNES,BRETAPARIS,FRRNS,09:20,FRRSP
7702,2023-08-15,ROSPORDEN,NON,8710,10:48,ATLANTIQUE,REDON,BRETAPARIS,FRXRN,09:20,FRRSP
7703,2023-08-15,QUIMPER,NON,8710,13:19,ATLANTIQUE,PARIS (intramuros),BRETAPARIS,FRPMO,09:06,FRUIP
7704,2023-08-15,QUIMPER,OUI,8710,09:17,ATLANTIQUE,ROSPORDEN,BRETAPARIS,FRRSP,09:06,FRUIP
7705,2023-08-15,AURAY,OUI,8710,10:19,ATLANTIQUE,VANNES,BRETAPARIS,FRVNE,10:09,FRXUY
7706,2023-08-15,ANGOULEME,OUI,8485,17:15,ATLANTIQUE,LIBOURNE,PASUDOUEST,FRXLR,16:37,FRANG
7707,2023-08-15,PARIS (intramuros),NON,8485,17:37,ATLANTIQUE,BORDEAUX ST JEAN,PASUDOUEST,FRBOJ,14:15,FRPMO
7708,2023-08-15,PARIS (intramuros),NON,8485,17:15,ATLANTIQUE,LIBOURNE,PASUDOUEST,FRXLR,14:15,FRPMO
7709,2023-08-15,LIBOURNE,OUI,8485,17:37,ATLANTIQUE,BORDEAUX ST JEAN,PASUDOUEST,FRBOJ,17:18,FRXLR
7710,2023-08-15,LAMBALLE,NON,8605,12:08,ATLANTIQUE,MORLAIX,PARISBRETA,FRMXN,11:11,FRLAM
7711,2023-08-15,MORLAIX,OUI,8605,12:43,ATLANTIQUE,BREST,PARISBRETA,FRBES,12:10,FRMXN
7712,2023-08-15,PARIS (intramuros),NON,8605,12:43,ATLANTIQUE,BREST,PARISBRETA,FRBES,08:40,FRPMO
7713,2023-08-15,PARIS (intramuros),NON,8605,11:08,ATLANTIQUE,LAMBALLE,PARISBRETA,FRLAM,08:40,FRPMO
7714,2023-08-15,PARIS (intramuros),NON,8605,12:08,ATLANTIQUE,MORLAIX,PARISBRETA,FRMXN,08:40,FRPMO
7715,2023-08-15,ST MALO,NON,8092,22:08,ATLANTIQUE,PARIS (intramuros),BRETAPARIS,FRPMO,19:37,FRXSB
7716,2023-08-15,ST MALO,OUI,8092,20:25,ATLANTIQUE,RENNES,BRETAPARIS,FRRNS,19:37,FRXSB
7717,2023-08-15,CHAMPAGNE-ARDENNE,OUI,9870,11:05,NORD,STRASBOURG,JCNORDEST,FRAEG,09:34,FREAH
7718,2023-08-15,MEUSE TGV,OUI,9870,10:25,NORD,LORRAINE TGV,JCNORDEST,FREAM,10:07,FREAJ
7719,2023-08-15,LILLE (intramuros),NON,9870,10:25,NORD,LORRAINE TGV,JCNORDEST,FREAM,08:02,FRLLE
7720,2023-08-15,AVIGNON TGV,NON,6173,13:11,SUD EST,TOULON,PAAZUR,FRTLN,12:05,FRAVG
7721,2023-08-15,PARIS (intramuros),NON,6173,12:02,SUD EST,AVIGNON TGV,PAAZUR,FRAVG,09:26,FRPLY
7722,2023-08-15,PARIS (intramuros),NON,6173,14:01,SUD EST,ST RAPHAEL VALESCURE,PAAZUR,FRXSK,09:26,FRPLY
7723,2023-08-15,ANCENIS,NON,8928,19:42,ATLANTIQUE,ANGERS ST LAUD,LOIREPARIS,FRACL,19:15,FREFN
7724,2023-08-15,LE CROISIC,NON,8928,21:12,ATLANTIQUE,PARIS (intramuros),LOIREPARIS,FRPMO,17:39,FREGU
7725,2023-08-15,NANTES,NON,8928,19:42,ATLANTIQUE,ANGERS ST LAUD,LOIREPARIS,FRACL,18:54,FRNTE
7726,2023-08-15,NANTES,NON,8928,21:12,ATLANTIQUE,PARIS (intramuros),LOIREPARIS,FRPMO,18:54,FRNTE
7727,2023-08-15,BORDEAUX ST JEAN,OUI,12269,19:37,ATLANTIQUE,DAX,PASUDOUEST,FRACG,18:20,FRBOJ
7728,2023-08-15,PARIS (intramuros),OUI,12269,18:14,ATLANTIQUE,BORDEAUX ST JEAN,PASUDOUEST,FRBOJ,16:08,FRPMO
7729,2023-08-15,LYON (intramuros),NON,5062,12:47,NORD,MARNE LA VALLEE CHESSY,JCSUDNORD,FRMLV,11:00,FRLPD
7730,2023-08-15,AEROPORT CDG2 TGV ROISSY,NON,5062,13:34,NORD,TGV HAUTE PICARDIE,JCSUDNORD,FRTHP,13:07,FRMLW
7731,2023-08-15,ARRAS,OUI,5062,14:24,NORD,LILLE (intramuros),JCSUDNORD,FRLLE,14:03,FRQRV
7732,2023-08-15,TGV HAUTE PICARDIE,OUI,5062,14:24,NORD,LILLE (intramuros),JCSUDNORD,FRLLE,13:38,FRTHP
7733,2023-08-15,VALENCE TGV RHONE-ALPES SUD,NON,5062,13:01,NORD,AEROPORT CDG2 TGV ROISSY,JCSUDNORD,FRMLW,10:15,FRVLA
7734,2023-08-15,VALENCE TGV RHONE-ALPES SUD,NON,5062,13:34,NORD,TGV HAUTE PICARDIE,JCSUDNORD,FRTHP,10:15,FRVLA
7735,2023-08-15,MONTPELLIER SUD DE FRANCE,NON,5062,13:01,NORD,AEROPORT CDG2 TGV ROISSY,JCSUDNORD,FRMLW,09:12,FRSUF
7736,2023-08-15,MONTPELLIER SUD DE FRANCE,NON,5062,12:47,NORD,MARNE LA VALLEE CHESSY,JCSUDNORD,FRMLV,09:12,FRSUF
7737,2023-08-15,LILLE (intramuros),NON,7460,18:14,NORD,PARIS (intramuros),LILLEPA,FRPNO,17:12,FRADJ
7738,2023-08-15,ANGERS ST LAUD,OUI,5300,07:19,SUD EST,MASSY TGV,JCATLSUD,FRDJU,05:33,FRACL
7739,2023-08-15,ANGERS ST LAUD,OUI,5300,09:30,SUD EST,LYON (intramuros),JCATLSUD,FRLPD,05:33,FRACL
7740,2023-08-15,VALENCE TGV RHONE-ALPES SUD,OUI,5300,10:58,SUD EST,NIMES PONT DU GARD,JCATLSUD,FRXZP,10:22,FRVLA
7741,2023-08-15,ST PIERRE DES CORPS,OUI,5300,10:58,SUD EST,NIMES PONT DU GARD,JCATLSUD,FRXZP,06:28,FRXSH
7742,2023-08-15,ANGOULEME,NON,9406,11:20,EST,MASSY TGV,JCATLEST,FRDJU,09:07,FRANG
7743,2023-08-15,BORDEAUX ST JEAN,NON,9406,14:29,EST,STRASBOURG,JCATLEST,FRAEG,08:29,FRBOJ
7744,2023-08-15,BORDEAUX ST JEAN,NON,9406,11:20,EST,MASSY TGV,JCATLEST,FRDJU,08:29,FRBOJ
7745,2023-08-15,MASSY TGV,NON,9406,12:55,EST,CHAMPAGNE-ARDENNE,JCATLEST,FREAH,11:26,FRDJU
7746,2023-08-15,MASSY TGV,NON,9406,13:23,EST,MEUSE TGV,JCATLEST,FREAJ,11:26,FRDJU
7747,2023-08-15,MASSY TGV,NON,9406,12:11,EST,AEROPORT CDG2 TGV ROISSY,JCATLEST,FRMLW,11:26,FRDJU
7748,2023-08-15,CHAMPAGNE-ARDENNE,OUI,9406,13:23,EST,MEUSE TGV,JCATLEST,FREAJ,12:58,FREAH
7749,2023-08-15,MEUSE TGV,OUI,9406,13:49,EST,LORRAINE TGV,JCATLEST,FREAM,13:30,FREAJ
7750,2023-08-15,MARNE LA VALLEE CHESSY,NON,9406,14:29,EST,STRASBOURG,JCATLEST,FRAEG,12:01,FRMLV
7751,2023-08-15,POITIERS,NON,9406,13:23,EST,MEUSE TGV,JCATLEST,FREAJ,09:48,FRPIS
7752,2023-08-15,OFFENBOURG/OFFENBURG,OUI,9406,15:17,EST,RINGSHEIM/EU-PARK,JCATLEST,DERSH,14:56,DEZPA
7753,2023-08-15,ANGOULEME,NON,9406,15:43,EST,FREIBURG BREISGAU HBF,JCATLEST,DEFGB,09:07,FRANG
7754,2023-08-15,MARNE LA VALLEE CHESSY,NON,9406,14:55,EST,OFFENBOURG/OFFENBURG,JCATLEST,DEZPA,12:01,FRMLV
7755,2023-08-15,MASSY TGV,NON,9406,14:55,EST,OFFENBOURG/OFFENBURG,JCATLEST,DEZPA,11:26,FRDJU
7756,2023-08-15,AEROPORT CDG2 TGV ROISSY,NON,9406,14:55,EST,OFFENBOURG/OFFENBURG,JCATLEST,DEZPA,12:26,FRMLW
7757,2023-08-15,LORRAINE TGV,OUI,9406,14:55,EST,OFFENBOURG/OFFENBURG,JCATLEST,DEZPA,13:52,FREAM
7758,2023-08-15,MEUSE TGV,OUI,9406,14:55,EST,OFFENBOURG/OFFENBURG,JCATLEST,DEZPA,13:30,FREAJ
7759,2023-08-15,MEUSE TGV,OUI,9406,15:43,EST,FREIBURG BREISGAU HBF,JCATLEST,DEFGB,13:30,FREAJ
7760,2023-08-15,TBD,NON,9406,15:07,EST,TBD,JCATLEST,DEANL,09:48,FRPIS
7761,2023-08-15,AEROPORT CDG2 TGV ROISSY,NON,9826,14:00,NORD,LYON (intramuros),JCNORDSUD,FRLPD,11:59,FRMLW
7762,2023-08-15,VALENCE TGV RHONE-ALPES SUD,NON,9826,15:51,NORD,MONTPELLIER SUD DE FRANCE,JCNORDSUD,FRSUF,14:53,FRVLA
7763,2023-08-15,MARNE LA VALLEE CHESSY,NON,9826,15:51,NORD,MONTPELLIER SUD DE FRANCE,JCNORDSUD,FRSUF,12:13,FRMLV
7764,2023-08-15,BRUXELLES MIDI BRUSSEL ZUID,NON,9826,15:51,NORD,MONTPELLIER SUD DE FRANCE,JCNORDSUD,FRSUF,10:17,BEBMI
7765,2023-08-15,NIMES,OUI,6225,21:11,SUD EST,MONTPELLIER SAINT-ROCH,PALANG,FRMPL,20:46,FRFNI
7766,2023-08-15,NIMES,OUI,6225,22:56,SUD EST,PERPIGNAN,PALANG,FRPGF,20:46,FRFNI
7767,2023-08-15,NIMES,OUI,6225,21:48,SUD EST,AGDE,PALANG,FRXAG,20:46,FRFNI
7768,2023-08-15,VALENCE TGV RHONE-ALPES SUD,OUI,6225,22:03,SUD EST,BEZIERS,PALANG,FRBZR,19:57,FRVLA
7769,2023-08-15,DAX,OUI,8583,15:40,ATLANTIQUE,BORDEAUX ST JEAN,SUDOUESTPA,FRBOJ,14:19,FRACG
7770,2023-08-15,PAU,OUI,8583,13:38,ATLANTIQUE,ORTHEZ,SUDOUESTPA,FRGFI,13:16,FRAEE
7771,2023-08-15,ORTHEZ,NON,8583,17:52,ATLANTIQUE,PARIS (intramuros),SUDOUESTPA,FRPMO,13:40,FRGFI
7772,2023-08-15,TARBES,OUI,8583,13:13,ATLANTIQUE,PAU,SUDOUESTPA,FRAEE,12:21,FRXTB
7773,2023-08-15,TARBES,OUI,8583,15:40,ATLANTIQUE,BORDEAUX ST JEAN,SUDOUESTPA,FRBOJ,12:21,FRXTB
7774,2023-08-15,AGEN,OUI,8504,10:40,ATLANTIQUE,BORDEAUX ST JEAN,SUDOUESTPA,FRBOJ,09:35,FRAGF
7775,2023-08-15,AGEN,OUI,8504,12:52,ATLANTIQUE,PARIS (intramuros),SUDOUESTPA,FRPMO,09:35,FRAGF
7776,2023-08-15,BREST,NON,8622,15:29,ATLANTIQUE,RENNES,BRETAPARIS,FRRNS,13:30,FRBES
7777,2023-08-15,RENNES,NON,8622,17:08,ATLANTIQUE,PARIS (intramuros),BRETAPARIS,FRPMO,15:35,FRRNS
7778,2023-08-15,ST BRIEUC,NON,8622,17:08,ATLANTIQUE,PARIS (intramuros),BRETAPARIS,FRPMO,14:40,FRSBK
7779,2023-08-15,HENDAYE,OUI,8540,13:24,ATLANTIQUE,BIARRITZ,SUDOUESTPA,FRBIQ,13:01,FRAEF
7780,2023-08-15,HENDAYE,NON,8540,15:40,ATLANTIQUE,BORDEAUX ST JEAN,SUDOUESTPA,FRBOJ,13:01,FRAEF
7781,2023-08-15,HENDAYE,OUI,8540,13:11,ATLANTIQUE,ST JEAN DE LUZ CIBOURE,SUDOUESTPA,FRXJZ,13:01,FRAEF
7782,2023-08-15,BIARRITZ,NON,8540,15:40,ATLANTIQUE,BORDEAUX ST JEAN,SUDOUESTPA,FRBOJ,13:27,FRBIQ
7783,2023-08-15,BIARRITZ,OUI,8540,13:39,ATLANTIQUE,BAYONNE,SUDOUESTPA,FRXBY,13:27,FRBIQ
7784,2023-08-15,ST JEAN DE LUZ CIBOURE,OUI,8540,14:14,ATLANTIQUE,DAX,SUDOUESTPA,FRACG,13:14,FRXJZ
7785,2023-08-15,ST JEAN DE LUZ CIBOURE,OUI,8540,13:24,ATLANTIQUE,BIARRITZ,SUDOUESTPA,FRBIQ,13:14,FRXJZ
7786,2023-08-15,PARIS (intramuros),OUI,8303,13:35,ATLANTIQUE,ST PIERRE DES CORPS,PAROCHELLE,FRXSH,12:28,FRPMO
7787,2023-08-15,ST PIERRE DES CORPS,OUI,8303,13:45,ATLANTIQUE,TOURS,PAROCHELLE,FRAFW,13:39,FRXSH
7788,2023-08-15,ANDORRE - L'HOSPITALET,NON,3972,07:19,IC NUIT,PARIS (intramuros),PALOMBEPAR,FRPAZ,19:42,FRFQG
7789,2023-08-15,TARASCON SUR ARIEGE,NON,3972,07:19,IC NUIT,PARIS (intramuros),PALOMBEPAR,FRPAZ,20:47,FRFQM
7790,2023-08-15,AX LES THERMES,NON,3972,06:08,IC NUIT,LES AUBRAIS ORLEANS,PALOMBEPAR,FRLAB,20:15,FRXLT
7791,2023-08-15,DIJON VILLE,NON,5516,15:54,EST,STRASBOURG,JCRHONRHIN,FRAEG,13:37,FRABA
7792,2023-08-15,AIX EN PROVENCE TGV,NON,5516,11:26,EST,LYON (intramuros),JCRHONRHIN,FRLPD,09:58,FRAIE
7793,2023-08-15,AIX EN PROVENCE TGV,NON,5516,14:06,EST,BESANCON - F COMTE TGV,JCRHONRHIN,FRTJB,09:58,FRAIE
7794,2023-08-15,AVIGNON TGV,NON,5516,14:06,EST,BESANCON - F COMTE TGV,JCRHONRHIN,FRTJB,10:20,FRAVG
7795,2023-08-15,MACON VILLE,NON,5516,14:55,EST,MULHOUSE VILLE,JCRHONRHIN,FRAEK,12:12,FRHGU
7796,2023-08-15,MACON VILLE,NON,5516,17:04,EST,NANCY,JCRHONRHIN,FRENC,12:12,FRHGU
7797,2023-08-15,MACON VILLE,NON,5516,12:41,EST,CHALON SUR SAONE,JCRHONRHIN,FRXCD,12:12,FRHGU
7798,2023-08-15,CANNES,NON,5516,15:54,EST,STRASBOURG,JCRHONRHIN,FRAEG,07:30,FRJCA
7799,2023-08-15,CANNES,NON,5516,15:24,EST,COLMAR,JCRHONRHIN,FRAEJ,07:30,FRJCA
7800,2023-08-15,CANNES,NON,5516,09:55,EST,AIX EN PROVENCE TGV,JCRHONRHIN,FRAIE,07:30,FRJCA
7801,2023-08-15,CANNES,NON,5516,10:17,EST,AVIGNON TGV,JCRHONRHIN,FRAVG,07:30,FRJCA
7802,2023-08-15,CANNES,NON,5516,12:41,EST,CHALON SUR SAONE,JCRHONRHIN,FRXCD,07:30,FRJCA
7803,2023-08-15,LYON (intramuros),NON,5516,15:54,EST,STRASBOURG,JCRHONRHIN,FRAEG,11:32,FRLPD
7804,2023-08-15,MARSEILLE ST CHARLES,NON,5516,15:24,EST,COLMAR,JCRHONRHIN,FRAEJ,09:45,FRMSC
7805,2023-08-15,MARSEILLE ST CHARLES,NON,5516,10:17,EST,AVIGNON TGV,JCRHONRHIN,FRAVG,09:45,FRMSC
7806,2023-08-15,MARSEILLE ST CHARLES,NON,5516,12:09,EST,MACON VILLE,JCRHONRHIN,FRHGU,09:45,FRMSC
7807,2023-08-15,MARSEILLE ST CHARLES,NON,5516,11:26,EST,LYON (intramuros),JCRHONRHIN,FRLPD,09:45,FRMSC
7808,2023-08-15,NICE VILLE,NON,5516,17:04,EST,NANCY,JCRHONRHIN,FRENC,07:00,FRNIC
7809,2023-08-15,NICE VILLE,NON,5516,12:41,EST,CHALON SUR SAONE,JCRHONRHIN,FRXCD,07:00,FRNIC
7810,2023-08-15,TOULON,NON,5516,12:09,EST,MACON VILLE,JCRHONRHIN,FRHGU,08:50,FRTLN
7811,2023-08-15,TOULON,NON,5516,09:33,EST,MARSEILLE ST CHARLES,JCRHONRHIN,FRMSC,08:50,FRTLN
7812,2023-08-15,ANTIBES,NON,5516,13:25,EST,DIJON VILLE,JCRHONRHIN,FRABA,07:16,FRXAT
7813,2023-08-15,ANTIBES,NON,5516,14:55,EST,MULHOUSE VILLE,JCRHONRHIN,FRAEK,07:16,FRXAT
7814,2023-08-15,ANTIBES,NON,5516,12:09,EST,MACON VILLE,JCRHONRHIN,FRHGU,07:16,FRXAT
7815,2023-08-15,ANTIBES,NON,5516,11:26,EST,LYON (intramuros),JCRHONRHIN,FRLPD,07:16,FRXAT
7816,2023-08-15,ANTIBES,NON,5516,09:33,EST,MARSEILLE ST CHARLES,JCRHONRHIN,FRMSC,07:16,FRXAT
7817,2023-08-15,ANTIBES,NON,5516,13:03,EST,BEAUNE,JCRHONRHIN,FRXBV,07:16,FRXAT
7818,2023-08-15,CHALON SUR SAONE,NON,5516,17:04,EST,NANCY,JCRHONRHIN,FRENC,12:44,FRXCD
7819,2023-08-15,LES ARCS DRAGUIGNAN,NON,5516,15:24,EST,COLMAR,JCRHONRHIN,FRAEJ,08:12,FRXRS
7820,2023-08-15,LES ARCS DRAGUIGNAN,NON,5516,12:09,EST,MACON VILLE,JCRHONRHIN,FRHGU,08:12,FRXRS
7821,2023-08-15,LES ARCS DRAGUIGNAN,NON,5516,11:26,EST,LYON (intramuros),JCRHONRHIN,FRLPD,08:12,FRXRS
7822,2023-08-15,ST RAPHAEL VALESCURE,NON,5516,09:55,EST,AIX EN PROVENCE TGV,JCRHONRHIN,FRAIE,07:55,FRXSK
7823,2023-08-15,ST RAPHAEL VALESCURE,NON,5516,17:04,EST,NANCY,JCRHONRHIN,FRENC,07:55,FRXSK
7824,2023-08-15,ST RAPHAEL VALESCURE,OUI,5516,08:46,EST,TOULON,JCRHONRHIN,FRTLN,07:55,FRXSK
7825,2023-08-15,ST RAPHAEL VALESCURE,NON,5516,12:41,EST,CHALON SUR SAONE,JCRHONRHIN,FRXCD,07:55,FRXSK
7826,2023-08-15,ST RAPHAEL VALESCURE,OUI,5516,08:09,EST,LES ARCS DRAGUIGNAN,JCRHONRHIN,FRXRS,07:55,FRXSK
7827,2023-08-15,MULHOUSE VILLE,NON,5516,17:04,EST,NANCY,JCRHONRHIN,FRENC,15:07,FRAEK
7828,2023-08-15,BEAUNE,NON,5516,17:04,EST,NANCY,JCRHONRHIN,FRENC,13:06,FRXBV
7829,2023-08-15,ST RAPHAEL VALESCURE,NON,5516,14:30,EST,BELFORT-MONTBELIARD TGV,JCRHONRHIN,FRTJA,07:55,FRXSK
7830,2023-08-15,LES ARCS DRAGUIGNAN,NON,5516,14:06,EST,BESANCON - F COMTE TGV,JCRHONRHIN,FRTJB,08:12,FRXRS
7831,2023-08-15,BEAUNE,NON,5516,14:06,EST,BESANCON - F COMTE TGV,JCRHONRHIN,FRTJB,13:06,FRXBV
7832,2023-08-15,CHAMBERY CHALLES LES EAUX,NON,6984,20:43,SUD EST,MACON LOCHE TGV,ALPESPARIS,FRMLT,19:22,FRCMF
7833,2023-08-15,LILLE (intramuros),OUI,5224,11:13,NORD,AEROPORT CDG2 TGV ROISSY,JCNORDBRET,FRMLW,09:32,FRADJ
7834,2023-08-15,LILLE (intramuros),OUI,5224,10:14,NORD,ARRAS,JCNORDBRET,FRQRV,09:32,FRADJ
7835,2023-08-15,MASSY TGV,NON,5224,14:44,NORD,NANTES,JCNORDBRET,FRNTE,12:10,FRDJU
7836,2023-08-15,MASSY TGV,NON,5224,13:04,NORD,ST PIERRE DES CORPS,JCNORDBRET,FRXSH,12:10,FRDJU
7837,2023-08-15,STRASBOURG,OUI,5486,08:47,EST,CHAMPAGNE-ARDENNE,JCESTATL,FREAH,07:31,FRAEG
7838,2023-08-15,STRASBOURG,OUI,5486,08:06,EST,LORRAINE TGV,JCESTATL,FREAM,07:31,FRAEG
7839,2023-08-15,STRASBOURG,OUI,5486,09:55,EST,MARNE LA VALLEE CHESSY,JCESTATL,FRMLV,07:31,FRAEG
7840,2023-08-15,STRASBOURG,OUI,5486,13:19,EST,NANTES,JCESTATL,FRNTE,07:31,FRAEG
7841,2023-08-15,STRASBOURG,OUI,5486,11:32,EST,ST PIERRE DES CORPS,JCESTATL,FRXSH,07:31,FRAEG
7842,2023-08-15,MASSY TGV,OUI,5486,13:19,EST,NANTES,JCESTATL,FRNTE,10:38,FRDJU
7843,2023-08-15,LORRAINE TGV,OUI,5486,10:34,EST,MASSY TGV,JCESTATL,FRDJU,08:09,FREAM
7844,2023-08-15,LORRAINE TGV,OUI,5486,11:32,EST,ST PIERRE DES CORPS,JCESTATL,FRXSH,08:09,FREAM
7845,2023-08-15,MARNE LA VALLEE CHESSY,OUI,5486,13:19,EST,NANTES,JCESTATL,FRNTE,10:02,FRMLV
7846,2023-08-15,AEROPORT CDG2 TGV ROISSY,OUI,5486,10:34,EST,MASSY TGV,JCESTATL,FRDJU,09:45,FRMLW
7847,2023-08-15,AEROPORT CDG2 TGV ROISSY,OUI,5486,11:32,EST,ST PIERRE DES CORPS,JCESTATL,FRXSH,09:45,FRMLW
7848,2023-08-15,ST PIERRE DES CORPS,OUI,5486,12:36,EST,ANGERS ST LAUD,JCESTATL,FRACL,11:40,FRXSH
7849,2023-08-15,PARIS (intramuros),OUI,8083,12:17,ATLANTIQUE,ST MALO,PARISBRETA,FRXSB,09:54,FRPMO
7850,2023-08-15,RENNES,OUI,8083,12:01,ATLANTIQUE,DOL DE BRETAGNE,PARISBRETA,FRDOL,11:30,FRRNS
7851,2023-08-15,LYON-SAINT EXUPERY TGV,OUI,6195,21:40,SUD EST,MIRAMAS,PAVDR,FRMAZ,19:13,FRJDQ
7852,2023-08-15,LYON-SAINT EXUPERY TGV,OUI,6195,19:46,SUD EST,VALENCE VILLE,PAVDR,FRVAF,19:13,FRJDQ
7853,2023-08-15,LYON-SAINT EXUPERY TGV,OUI,6195,20:38,SUD EST,ORANGE,PAVDR,FRXOG,19:13,FRJDQ
7854,2023-08-15,PARIS (intramuros),OUI,6195,21:18,SUD EST,ARLES,PAVDR,FRHZA,17:13,FRPLY
7855,2023-08-15,PARIS (intramuros),OUI,6195,20:38,SUD EST,ORANGE,PAVDR,FRXOG,17:13,FRPLY
7856,2023-08-15,VALENCE VILLE,OUI,6195,20:57,SUD EST,AVIGNON CENTRE,PAVDR,FRAES,19:49,FRVAF
7857,2023-08-15,VALENCE VILLE,OUI,6195,21:40,SUD EST,MIRAMAS,PAVDR,FRMAZ,19:49,FRVAF
7858,2023-08-15,MONTELIMAR GARE SNCF,OUI,6195,21:40,SUD EST,MIRAMAS,PAVDR,FRMAZ,20:13,FRXMK
7859,2023-08-15,MONTELIMAR GARE SNCF,OUI,6195,20:38,SUD EST,ORANGE,PAVDR,FRXOG,20:13,FRXMK
7860,2023-08-15,ORANGE,OUI,6195,20:57,SUD EST,AVIGNON CENTRE,PAVDR,FRAES,20:41,FRXOG
7861,2023-08-15,BREST,OUI,8652,21:18,ATLANTIQUE,GUINGAMP,BRETAPARIS,FRGGP,20:19,FRBES
7862,2023-08-15,BREST,NON,8652,22:29,ATLANTIQUE,RENNES,BRETAPARIS,FRRNS,20:19,FRBES
7863,2023-08-15,RENNES,NON,8652,00:08,ATLANTIQUE,PARIS (intramuros),BRETAPARIS,FRPMO,22:35,FRRNS
7864,2023-08-15,THIONVILLE,OUI,2860,08:43,EST,METZ VILLE,LUXMETZPA,FRADE,08:23,FRXTH
7865,2023-08-15,LUXEMBOURG,OUI,2860,08:43,EST,METZ VILLE,LUXMETZPA,FRADE,07:59,LULUX
7866,2023-08-15,LUXEMBOURG,OUI,2860,08:20,EST,THIONVILLE,LUXMETZPA,FRXTH,07:59,LULUX
7867,2023-08-15,BRUXELLES MIDI BRUSSEL ZUID,NON,9830,18:13,NORD,AVIGNON TGV,JCNORDSUD,FRAVG,13:17,BEBMI
7868,2023-08-15,MARNE LA VALLEE CHESSY,NON,9830,18:13,NORD,AVIGNON TGV,JCNORDSUD,FRAVG,15:15,FRMLV
7869,2023-08-15,MARNE LA VALLEE CHESSY,NON,9830,17:00,NORD,LYON (intramuros),JCNORDSUD,FRLPD,15:15,FRMLV
7870,2023-08-15,MONTBARD,NON,6743,16:58,SUD EST,DOLE VILLE,PABOUR,FRACE,15:57,FRGWE
7871,2023-08-15,LE MANS,OUI,8887,21:13,ATLANTIQUE,ANGERS ST LAUD,PARISLOIRE,FRACL,20:36,FRAET
7872,2023-08-15,LE MANS,OUI,8887,21:54,ATLANTIQUE,NANTES,PARISLOIRE,FRNTE,20:36,FRAET
7873,2023-08-15,MANNHEIM HBF,NON,9583,15:59,INTERNATIONAL,FRANKFURT MAIN HBF,MRSFRANC,DEFRH,15:21,DEMHG
7874,2023-08-15,AIX EN PROVENCE TGV,NON,9583,15:18,INTERNATIONAL,MANNHEIM HBF,MRSFRANC,DEMHG,08:25,FRAIE
7875,2023-08-15,AIX EN PROVENCE TGV,NON,9583,14:23,INTERNATIONAL,BADEN BADEN,MRSFRANC,DEZCC,08:25,FRAIE
7876,2023-08-15,AIX EN PROVENCE TGV,NON,9583,08:44,INTERNATIONAL,AVIGNON TGV,MRSFRANC,FRAVG,08:25,FRAIE
7877,2023-08-15,AVIGNON TGV,NON,9583,15:59,INTERNATIONAL,FRANKFURT MAIN HBF,MRSFRANC,DEFRH,08:47,FRAVG
7878,2023-08-15,AVIGNON TGV,NON,9583,14:46,INTERNATIONAL,KARLSRUHE HBF,MRSFRANC,DEQKA,08:47,FRAVG
7879,2023-08-15,AVIGNON TGV,NON,9583,12:51,INTERNATIONAL,MULHOUSE VILLE,MRSFRANC,FRAEK,08:47,FRAVG
7880,2023-08-15,MARSEILLE ST CHARLES,NON,9583,14:46,INTERNATIONAL,KARLSRUHE HBF,MRSFRANC,DEQKA,08:11,FRMSC
7881,2023-08-15,MARSEILLE ST CHARLES,NON,9583,11:03,INTERNATIONAL,CHALON SUR SAONE,MRSFRANC,FRXCD,08:11,FRMSC
7882,2023-08-15,BELFORT-MONTBELIARD TGV,NON,9583,12:51,INTERNATIONAL,MULHOUSE VILLE,MRSFRANC,FRAEK,12:27,FRTJA
7883,2023-08-15,BESANCON - F COMTE TGV,NON,9583,12:51,INTERNATIONAL,MULHOUSE VILLE,MRSFRANC,FRAEK,12:03,FRTJB
7884,2023-08-15,CHALON SUR SAONE,NON,9583,13:43,INTERNATIONAL,STRASBOURG,MRSFRANC,FRAEG,11:06,FRXCD
7885,2023-08-15,LILLE (intramuros),OUI,5010,08:23,NORD,AEROPORT CDG2 TGV ROISSY,JCNORDSUD,FRMLW,07:24,FRLLE
7886,2023-08-15,LILLE (intramuros),OUI,5010,07:51,NORD,TGV HAUTE PICARDIE,JCNORDSUD,FRTHP,07:24,FRLLE
7887,2023-08-15,LYON (intramuros),OUI,5010,11:52,NORD,AVIGNON TGV,JCNORDSUD,FRAVG,10:35,FRLPD
7888,2023-08-15,LYON (intramuros),OUI,5010,11:15,NORD,VALENCE TGV RHONE-ALPES SUD,JCNORDSUD,FRVLA,10:35,FRLPD
7889,2023-08-15,MARNE LA VALLEE CHESSY,OUI,5010,11:15,NORD,VALENCE TGV RHONE-ALPES SUD,JCNORDSUD,FRVLA,08:43,FRMLV
7890,2023-08-15,AEROPORT CDG2 TGV ROISSY,OUI,5010,10:29,NORD,LYON (intramuros),JCNORDSUD,FRLPD,08:29,FRMLW
7891,2023-08-15,AEROPORT CDG2 TGV ROISSY,OUI,5010,12:24,NORD,MARSEILLE ST CHARLES,JCNORDSUD,FRMSC,08:29,FRMLW
7892,2023-08-15,TGV HAUTE PICARDIE,OUI,5010,11:52,NORD,AVIGNON TGV,JCNORDSUD,FRAVG,07:54,FRTHP
7893,2023-08-15,NIORT,NON,8364,19:37,ATLANTIQUE,PARIS (intramuros),ROCHELLEPA,FRPMO,17:43,FRNIT
7894,2023-08-15,LES SABLES D'OLONNE,OUI,8984,16:56,ATLANTIQUE,NANTES,LOIREPARIS,FRNTE,15:44,FRLSO
7895,2023-08-15,LES SABLES D'OLONNE,NON,8984,19:14,ATLANTIQUE,PARIS (intramuros),LOIREPARIS,FRPMO,15:44,FRLSO
7896,2023-08-15,ANCENIS,NON,8128,21:12,ATLANTIQUE,PARIS (intramuros),LOIREPARIS,FRPMO,19:15,FREFN
7897,2023-08-15,NANTES,NON,8128,19:42,ATLANTIQUE,ANGERS ST LAUD,LOIREPARIS,FRACL,18:54,FRNTE
7898,2023-08-15,LE MANS,NON,5336,17:15,SUD EST,VALENCE TGV RHONE-ALPES SUD,JCATLSUD,FRVLA,13:30,FRAET
7899,2023-08-15,MASSY TGV,NON,5336,16:29,SUD EST,LYON (intramuros),JCATLSUD,FRLPD,14:26,FRDJU
7900,2023-08-15,LAVAL,NON,5336,18:36,SUD EST,MONTPELLIER SUD DE FRANCE,JCATLSUD,FRSUF,12:58,FRACR
7901,2023-08-15,LAUSANNE,NON,9784,20:21,INTERNATIONAL,GENEVE,GENEVEPA,CHGVA,19:45,CHAJF
7902,2023-08-15,BELLEGARDE,NON,9784,23:42,INTERNATIONAL,PARIS (intramuros),GENEVEPA,FRPLY,21:02,FRXBF
7903,2023-08-15,BELLEGARDE,NON,9784,21:48,INTERNATIONAL,BOURG EN BRESSE,GENEVEPA,FRXBK,21:02,FRXBF
7904,2023-08-15,AIX EN PROVENCE TGV,NON,6805,10:03,SUD EST,MARSEILLE ST CHARLES,JCPROVSUD,FRMSC,09:51,FRAIE
7905,2023-08-15,AIX EN PROVENCE TGV,NON,6805,12:39,SUD EST,ANTIBES,JCPROVSUD,FRXAT,09:51,FRAIE
7906,2023-08-15,AVIGNON TGV,NON,6805,09:48,SUD EST,AIX EN PROVENCE TGV,JCPROVSUD,FRAIE,09:29,FRAVG
7907,2023-08-15,AVIGNON TGV,NON,6805,12:02,SUD EST,ST RAPHAEL VALESCURE,JCPROVSUD,FRXSK,09:29,FRAVG
7908,2023-08-15,LYON (intramuros),NON,6805,10:03,SUD EST,MARSEILLE ST CHARLES,JCPROVSUD,FRMSC,08:06,FRLPD
7909,2023-08-15,LYON (intramuros),OUI,6805,08:47,SUD EST,VALENCE TGV RHONE-ALPES SUD,JCPROVSUD,FRVLA,08:06,FRLPD
7910,2023-08-15,LYON (intramuros),NON,6805,12:39,SUD EST,ANTIBES,JCPROVSUD,FRXAT,08:06,FRLPD
7911,2023-08-15,MARSEILLE ST CHARLES,NON,6805,11:06,SUD EST,TOULON,JCPROVSUD,FRTLN,10:20,FRMSC
7912,2023-08-15,TOULON,NON,6805,12:58,SUD EST,NICE VILLE,JCPROVSUD,FRNIC,11:11,FRTLN
7913,2023-08-15,VALENCE TGV RHONE-ALPES SUD,NON,6805,12:26,SUD EST,CANNES,JCPROVSUD,FRJCA,08:53,FRVLA
7914,2023-08-15,VALENCE TGV RHONE-ALPES SUD,NON,6805,10:03,SUD EST,MARSEILLE ST CHARLES,JCPROVSUD,FRMSC,08:53,FRVLA
7915,2023-08-15,VALENCE TGV RHONE-ALPES SUD,NON,6805,11:06,SUD EST,TOULON,JCPROVSUD,FRTLN,08:53,FRVLA
7916,2023-08-15,ANTIBES,OUI,6805,12:58,SUD EST,NICE VILLE,JCPROVSUD,FRNIC,12:42,FRXAT
7917,2023-08-15,BEZIERS,OUI,4752,08:31,IC ARO,CARCASSONNE,TJOURSESO,FRCCF,07:46,FRBZR
7918,2023-08-15,NIMES,OUI,4752,07:43,IC ARO,BEZIERS,TJOURSESO,FRBZR,06:38,FRFNI
7919,2023-08-15,MONTPELLIER SAINT-ROCH,OUI,4752,10:26,IC ARO,AGEN,TJOURSESO,FRAGF,07:06,FRMPL
7920,2023-08-15,MONTPELLIER SAINT-ROCH,OUI,4752,08:31,IC ARO,CARCASSONNE,TJOURSESO,FRCCF,07:06,FRMPL
7921,2023-08-15,MONTPELLIER SAINT-ROCH,OUI,4752,07:59,IC ARO,NARBONNE,TJOURSESO,FRXNA,07:06,FRMPL
7922,2023-08-15,TOULOUSE MATABIAU,OUI,4752,11:32,IC ARO,BORDEAUX ST JEAN,TJOURSESO,FRBOJ,09:24,FRXYT
7923,2023-08-15,BORDEAUX ST JEAN,OUI,12213,23:02,ATLANTIQUE,MONTAUBAN VILLE BOURBON,PASUDOUEST,FRXMW,21:20,FRBOJ
7924,2023-08-15,ANNEMASSE,OUI,6506,21:23,SUD EST,PARIS (intramuros),ALPESPARIS,FRPLY,17:23,FRQNJ
7925,2023-08-15,EVIAN LES BAINS,OUI,6506,21:23,SUD EST,PARIS (intramuros),ALPESPARIS,FRPLY,15:59,FRXEB
7926,2023-08-15,LES SABLES D'OLONNE,NON,8972,11:42,ATLANTIQUE,ANGERS ST LAUD,LOIREPARIS,FRACL,09:44,FRLSO
7927,2023-08-15,LA ROCHE SUR YON,NON,8972,12:23,ATLANTIQUE,LE MANS,LOIREPARIS,FRAET,10:10,FRXRO
7928,2023-08-15,LAVAL,OUI,8641,22:51,ATLANTIQUE,BREST,PARISBRETA,FRBES,19:58,FRACR
7929,2023-08-15,PARIS (intramuros),OUI,8641,21:53,ATLANTIQUE,PLOUARET TREGOR,PARISBRETA,FRPLT,18:40,FRPMO
7930,2023-08-15,PARIS (intramuros),OUI,8641,22:36,ATLANTIQUE,LANDERNEAU,PARISBRETA,FRXLD,18:40,FRPMO
7931,2023-08-15,RENNES,OUI,8641,22:51,ATLANTIQUE,BREST,PARISBRETA,FRBES,20:32,FRRNS
7932,2023-08-15,RENNES,OUI,8641,21:38,ATLANTIQUE,GUINGAMP,PARISBRETA,FRGGP,20:32,FRRNS
7933,2023-08-15,RENNES,OUI,8641,21:53,ATLANTIQUE,PLOUARET TREGOR,PARISBRETA,FRPLT,20:32,FRRNS
7934,2023-08-15,ST BRIEUC,OUI,8641,22:11,ATLANTIQUE,MORLAIX,PARISBRETA,FRMXN,21:24,FRSBK
7935,2023-08-15,ST BRIEUC,OUI,8641,21:53,ATLANTIQUE,PLOUARET TREGOR,PARISBRETA,FRPLT,21:24,FRSBK
7936,2023-08-15,PARIS (intramuros),NON,2571,13:03,EST,CHAMPAGNE-ARDENNE,PANANCY,FREAH,12:23,FRPST
7937,2023-08-15,PARIS (intramuros),NON,2571,14:48,EST,EPINAL,PANANCY,FREPL,12:23,FRPST
7938,2023-08-15,MEUSE TGV,OUI,2583,21:43,EST,NANCY,PANANCY,FRENC,21:09,FREAJ
7939,2023-08-15,NANCY,OUI,2583,23:17,EST,STRASBOURG,PANANCY,FRAEG,21:49,FRENC
7940,2023-08-15,LUNEVILLE,OUI,2583,22:33,EST,SARREBOURG,PANANCY,FRSBG,22:11,FRLNE
7941,2023-08-15,PARIS (intramuros),OUI,2583,21:06,EST,MEUSE TGV,PANANCY,FREAJ,20:07,FRPST
7942,2023-08-15,SARREBOURG,OUI,2583,23:17,EST,STRASBOURG,PANANCY,FRAEG,22:36,FRSBG
7943,2023-08-15,MEUSE TGV,OUI,2583,22:33,EST,SARREBOURG,PANANCY,FRSBG,21:09,FREAJ
7944,2023-08-15,PARIS (intramuros),OUI,7277,18:51,NORD,DUNKERQUE,PAARRAS,FRADI,16:52,FRPNO
7945,2023-08-15,RENNES,NON,8720,15:06,ATLANTIQUE,PARIS (intramuros),BRETAPARIS,FRPMO,13:35,FRRNS
7946,2023-08-15,QUIMPER,OUI,8720,11:56,ATLANTIQUE,LORIENT,BRETAPARIS,FRLRT,11:24,FRUIP
7947,2023-08-15,QUIMPER,NON,8720,15:06,ATLANTIQUE,PARIS (intramuros),BRETAPARIS,FRPMO,11:24,FRUIP
7948,2023-08-15,QUIMPER,NON,8720,13:25,ATLANTIQUE,RENNES,BRETAPARIS,FRRNS,11:24,FRUIP
7949,2023-08-15,QUIMPER,OUI,8720,12:24,ATLANTIQUE,VANNES,BRETAPARIS,FRVNE,11:24,FRUIP
7950,2023-08-15,LILLE (intramuros),OUI,9810,08:38,NORD,MARNE LA VALLEE CHESSY,JCNORDSUD,FRMLV,07:24,FRLLE
7951,2023-08-15,LILLE (intramuros),OUI,9810,08:23,NORD,AEROPORT CDG2 TGV ROISSY,JCNORDSUD,FRMLW,07:24,FRLLE
7952,2023-08-15,MARNE LA VALLEE CHESSY,OUI,9810,11:15,NORD,VALENCE TGV RHONE-ALPES SUD,JCNORDSUD,FRVLA,08:43,FRMLV
7953,2023-08-15,AEROPORT CDG2 TGV ROISSY,OUI,9810,08:38,NORD,MARNE LA VALLEE CHESSY,JCNORDSUD,FRMLV,08:29,FRMLW
7954,2023-08-15,AEROPORT CDG2 TGV ROISSY,NON,9810,12:24,NORD,MARSEILLE ST CHARLES,JCNORDSUD,FRMSC,08:29,FRMLW
7955,2023-08-15,TGV HAUTE PICARDIE,OUI,9810,10:29,NORD,LYON (intramuros),JCNORDSUD,FRLPD,07:54,FRTHP
7956,2023-08-15,TGV HAUTE PICARDIE,OUI,9810,08:23,NORD,AEROPORT CDG2 TGV ROISSY,JCNORDSUD,FRMLW,07:54,FRTHP
7957,2023-08-15,TGV HAUTE PICARDIE,OUI,9810,11:15,NORD,VALENCE TGV RHONE-ALPES SUD,JCNORDSUD,FRVLA,07:54,FRTHP
7958,2023-08-15,VALENCE TGV RHONE-ALPES SUD,NON,9810,12:24,NORD,MARSEILLE ST CHARLES,JCNORDSUD,FRMSC,11:20,FRVLA
7959,2023-08-15,BRUXELLES MIDI BRUSSEL ZUID,OUI,9810,07:51,NORD,TGV HAUTE PICARDIE,JCNORDSUD,FRTHP,06:35,BEBMI
7960,2023-08-15,LIMOGES BENEDICTINS,NON,3638,12:00,IC ARO,VIERZON VILLE,TOULOUZECO,FRXVZ,10:16,FRAGQ
7961,2023-08-15,BRIVE LA GAILLARDE,OUI,3638,09:36,IC ARO,UZERCHE,TOULOUZECO,FRAAW,09:11,FRBVE
7962,2023-08-15,BRIVE LA GAILLARDE,NON,3638,11:39,IC ARO,ISSOUDUN,TOULOUZECO,FRFMN,09:11,FRBVE
7963,2023-08-15,BRIVE LA GAILLARDE,NON,3638,13:31,IC ARO,PARIS (intramuros),TOULOUZECO,FRPAZ,09:11,FRBVE
7964,2023-08-15,CHATEAUROUX,NON,3638,13:31,IC ARO,PARIS (intramuros),TOULOUZECO,FRPAZ,11:25,FRCHR
7965,2023-08-15,ISSOUDUN,NON,3638,13:31,IC ARO,PARIS (intramuros),TOULOUZECO,FRPAZ,11:40,FRFMN
7966,2023-08-15,ISSOUDUN,NON,3638,12:00,IC ARO,VIERZON VILLE,TOULOUZECO,FRXVZ,11:40,FRFMN
7967,2023-08-15,GOURDON,NON,3638,11:23,IC ARO,CHATEAUROUX,TOULOUZECO,FRCHR,08:27,FRFSI
7968,2023-08-15,CAHORS,OUI,3638,10:13,IC ARO,LIMOGES BENEDICTINS,TOULOUZECO,FRAGQ,08:00,FRZAO
7969,2023-08-15,CAHORS,OUI,3638,08:25,IC ARO,GOURDON,TOULOUZECO,FRFSI,08:00,FRZAO
7970,2023-08-15,CAHORS,NON,3638,13:31,IC ARO,PARIS (intramuros),TOULOUZECO,FRPAZ,08:00,FRZAO
7971,2023-08-15,CAHORS,NON,3638,12:00,IC ARO,VIERZON VILLE,TOULOUZECO,FRXVZ,08:00,FRZAO
7972,2023-08-15,SOUILLAC,NON,3638,11:39,IC ARO,ISSOUDUN,TOULOUZECO,FRFMN,08:44,FRSOU
7973,2023-08-15,GOURDON,OUI,3638,09:36,IC ARO,UZERCHE,TOULOUZECO,FRAAW,08:27,FRFSI
7974,2023-08-15,POITIERS,OUI,8346,19:44,ATLANTIQUE,CHATELLERAULT,ROCHELLEPA,FRXCX,19:22,FRPIS
7975,2023-08-15,CHATELLERAULT,OUI,8346,21:20,ATLANTIQUE,PARIS (intramuros),ROCHELLEPA,FRPMO,19:47,FRXCX
7976,2023-08-15,MULHOUSE VILLE,NON,9879,15:11,EST,DIJON VILLE,JCRHINRHON,FRABA,13:57,FRAEK
7977,2023-08-15,BELFORT-MONTBELIARD TGV,NON,9879,16:56,EST,LYON (intramuros),JCRHINRHON,FRLPD,14:21,FRTJA
7978,2023-08-15,THIONVILLE,OUI,9879,12:07,EST,METZ VILLE,JCRHINRHON,FRADE,11:48,FRXTH
7979,2023-08-15,THIONVILLE,OUI,9879,13:00,EST,STRASBOURG,JCRHINRHON,FRAEG,11:48,FRXTH
7980,2023-08-15,THIONVILLE,NON,9879,14:18,EST,BELFORT-MONTBELIARD TGV,JCRHINRHON,FRTJA,11:48,FRXTH
7981,2023-08-15,THIONVILLE,NON,9879,14:41,EST,BESANCON - F COMTE TGV,JCRHINRHON,FRTJB,11:48,FRXTH
7982,2023-08-15,MULHOUSE VILLE,NON,9879,18:53,EST,MONTPELLIER SUD DE FRANCE,JCRHINRHON,FRSUF,13:57,FRAEK
7983,2023-08-15,BESANCON - F COMTE TGV,NON,9879,18:53,EST,MONTPELLIER SUD DE FRANCE,JCRHINRHON,FRSUF,14:44,FRTJB
7984,2023-08-15,BELFORT-MONTBELIARD TGV,NON,9879,18:53,EST,MONTPELLIER SUD DE FRANCE,JCRHINRHON,FRSUF,14:21,FRTJA
7985,2023-08-15,BELFORT-MONTBELIARD TGV,NON,9879,18:31,EST,NIMES PONT DU GARD,JCRHINRHON,FRXZP,14:21,FRTJA
7986,2023-08-15,MULHOUSE VILLE,NON,9879,18:31,EST,NIMES PONT DU GARD,JCRHINRHON,FRXZP,13:57,FRAEK
7987,2023-08-15,METZ VILLE,NON,9879,18:31,EST,NIMES PONT DU GARD,JCRHINRHON,FRXZP,12:12,FRADE
7988,2023-08-15,BIARRITZ,OUI,8537,14:41,ATLANTIQUE,ST JEAN DE LUZ CIBOURE,PASUDOUEST,FRXJZ,14:28,FRBIQ
7989,2023-08-15,BORDEAUX ST JEAN,NON,8537,14:55,ATLANTIQUE,HENDAYE,PASUDOUEST,FRAEF,12:20,FRBOJ
7990,2023-08-15,PARIS (intramuros),NON,8537,13:38,ATLANTIQUE,DAX,PASUDOUEST,FRACG,10:08,FRPMO
7991,2023-08-15,PARIS (intramuros),NON,8537,14:13,ATLANTIQUE,BAYONNE,PASUDOUEST,FRXBY,10:08,FRPMO
7992,2023-08-15,BAYONNE,OUI,8537,14:55,ATLANTIQUE,HENDAYE,PASUDOUEST,FRAEF,14:16,FRXBY
7993,2023-08-15,BAYONNE,OUI,8537,14:41,ATLANTIQUE,ST JEAN DE LUZ CIBOURE,PASUDOUEST,FRXJZ,14:16,FRXBY
7994,2023-08-15,PARIS (intramuros),NON,9715,19:56,SUD EST,PERPIGNAN,PABARCELONE,FRPGF,14:56,FRPLY
7995,2023-08-15,PARIS (intramuros),NON,9715,19:20,SUD EST,NARBONNE,PABARCELONE,FRXNA,14:56,FRPLY
7996,2023-08-15,SETE,NON,9715,19:20,SUD EST,NARBONNE,PABARCELONE,FRXNA,18:34,FRXSY
7997,2023-08-15,PARIS (intramuros),NON,9715,18:08,SUD EST,MONTPELLIER SUD DE FRANCE,PABARCELONE,FRSUF,14:56,FRPLY
7998,2023-08-15,MONTPELLIER SUD DE FRANCE,NON,9715,18:31,SUD EST,SETE,PABARCELONE,FRXSY,18:17,FRSUF
7999,2023-08-15,MONTPELLIER SUD DE FRANCE,NON,9715,18:48,SUD EST,AGDE,PABARCELONE,FRXAG,18:17,FRSUF
8000,2023-08-15,MONTPELLIER SUD DE FRANCE,NON,9715,19:56,SUD EST,PERPIGNAN,PABARCELONE,FRPGF,18:17,FRSUF
8001,2023-08-15,PERPIGNAN,NON,9715,20:27,SUD EST,FIGUERES VILA TGV,PABARCELONE,ESFIR,20:03,FRPGF
8002,2023-08-15,VALENCE TGV RHONE-ALPES SUD,NON,9715,17:46,SUD EST,NIMES PONT DU GARD,PABARCELONE,FRXZP,17:09,FRVLA
8003,2023-08-15,NIMES PONT DU GARD,NON,9715,19:56,SUD EST,PERPIGNAN,PABARCELONE,FRPGF,17:49,FRXZP
8004,2023-08-15,NIMES PONT DU GARD,NON,9715,19:20,SUD EST,NARBONNE,PABARCELONE,FRXNA,17:49,FRXZP
8005,2023-08-15,NIMES PONT DU GARD,NON,9715,19:03,SUD EST,BEZIERS,PABARCELONE,FRBZR,17:49,FRXZP
8006,2023-08-15,NARBONNE,NON,9715,20:44,SUD EST,GIRONA,PABARCELONE,ESGRO,19:23,FRXNA
8007,2023-08-15,MONTPELLIER SUD DE FRANCE,NON,9715,20:44,SUD EST,GIRONA,PABARCELONE,ESGRO,18:17,FRSUF
8008,2023-08-15,NIMES PONT DU GARD,NON,9715,20:44,SUD EST,GIRONA,PABARCELONE,ESGRO,17:49,FRXZP
8009,2023-08-15,SETE,NON,9715,20:44,SUD EST,GIRONA,PABARCELONE,ESGRO,18:34,FRXSY
8010,2023-08-15,ARCACHON,NON,8472,19:10,ATLANTIQUE,MASSY TGV,SUDOUESTPA,FRDJU,16:23,FRXAC
8011,2023-08-15,PARIS (intramuros),NON,8715,14:34,ATLANTIQUE,QUIMPER,PARISBRETA,FRUIP,10:53,FRPMO
8012,2023-08-15,PARIS (intramuros),OUI,2721,11:44,EST,REIMS,PABARSED,FRRHE,10:58,FRPST
8013,2023-08-15,MASSY TGV,NON,5354,13:29,SUD EST,LE MANS,JCSUDATL,FRAET,12:39,FRDJU
8014,2023-08-15,LYON (intramuros),NON,5354,14:09,SUD EST,ANGERS ST LAUD,JCSUDATL,FRACL,10:30,FRLPD
8015,2023-08-15,LYON (intramuros),NON,5354,14:09,SUD EST,ANGERS ST LAUD,JCSUDATL,FRACL,10:16,FRLPE
8016,2023-08-15,LYON (intramuros),OUI,5354,10:24,SUD EST,LYON (intramuros),JCSUDATL,FRLPD,10:16,FRLPE
8017,2023-08-15,MACON LOCHE TGV,OUI,6951,22:30,SUD EST,ANNECY,PARISALPES,FRNCY,20:19,FRMLT
8018,2023-08-15,AIX LES BAINS LE REVARD,OUI,6951,22:30,SUD EST,ANNECY,PARISALPES,FRNCY,22:03,FRXAI
8019,2023-08-15,PARIS (intramuros),NON,7069,19:48,NORD,LILLE (intramuros),PALILLE,FRADJ,18:46,FRPNO
8020,2023-08-15,BRUXELLES MIDI BRUSSEL ZUID,NON,9836,20:49,NORD,VALENCE TGV RHONE-ALPES SUD,JCNORDSUD,FRVLA,16:17,BEBMI
8021,2023-08-15,LILLE (intramuros),OUI,9836,17:53,NORD,AEROPORT CDG2 TGV ROISSY,JCNORDSUD,FRMLW,17:03,FRLLE
8022,2023-08-15,AEROPORT CDG2 TGV ROISSY,NON,9836,21:37,NORD,NIMES,JCNORDSUD,FRFNI,17:59,FRMLW
8023,2023-08-15,ANNECY,OUI,6964,11:40,SUD EST,MACON LOCHE TGV,ALPESPARIS,FRMLT,09:29,FRNCY
8024,2023-08-15,ANNECY,NON,6964,13:14,SUD EST,PARIS (intramuros),ALPESPARIS,FRPLY,09:29,FRNCY
8025,2023-08-15,AVIGNON TGV,NON,5376,08:37,SUD EST,VALENCE TGV RHONE-ALPES SUD,JCSUDATL,FRVLA,08:05,FRAVG
8026,2023-08-15,LYON (intramuros),NON,5376,11:37,SUD EST,MASSY PALAISEAU,JCSUDATL,FRMPU,09:30,FRLPD
8027,2023-08-15,MARSEILLE ST CHARLES,NON,5376,14:31,SUD EST,LE HAVRE,JCSUDATL,FRAEZ,07:35,FRMSC
8028,2023-08-15,MARSEILLE ST CHARLES,NON,5376,11:37,SUD EST,MASSY PALAISEAU,JCSUDATL,FRMPU,07:35,FRMSC
8029,2023-08-15,MARSEILLE ST CHARLES,NON,5376,12:29,SUD EST,MANTES LA JOLIE,JCSUDATL,FRMTE,07:35,FRMSC
8030,2023-08-15,MARSEILLE ST CHARLES,NON,5376,13:22,SUD EST,ROUEN RIVE DROITE,JCSUDATL,FRURD,07:35,FRMSC
8031,2023-08-15,MANTES LA JOLIE,OUI,5376,14:31,SUD EST,LE HAVRE,JCSUDATL,FRAEZ,12:32,FRMTE
8032,2023-08-15,VALENCE TGV RHONE-ALPES SUD,NON,5376,11:37,SUD EST,MASSY PALAISEAU,JCSUDATL,FRMPU,08:42,FRVLA
8033,2023-08-15,PARIS (intramuros),OUI,8881,17:33,ATLANTIQUE,LE MANS,PARISLOIRE,FRAET,16:36,FRPMO
8034,2023-08-15,CHAMPAGNE-ARDENNE,NON,2243,14:00,EST,NANCY,PANANCY,FRENC,13:06,FREAH
8035,2023-08-15,PARIS (intramuros),NON,5983,22:17,IC ARO,RIOM CHATEL GUYON,PACLERMONT,FRRIO,18:57,FRPBE
8036,2023-08-15,VICHY,OUI,5983,22:29,IC ARO,CLERMONT FERRAND,PACLERMONT,FRCFE,21:57,FRVHY
8037,2023-08-15,VICHY,OUI,5983,22:17,IC ARO,RIOM CHATEL GUYON,PACLERMONT,FRRIO,21:57,FRVHY
8038,2023-08-15,MOULINS SUR ALLIER,OUI,5983,22:17,IC ARO,RIOM CHATEL GUYON,PACLERMONT,FRRIO,21:30,FRXMU
8039,2023-08-15,AIX EN PROVENCE TGV,NON,6850,18:06,SUD EST,AVIGNON TGV,JCSUDPROV,FRAVG,17:47,FRAIE
8040,2023-08-15,CANNES,NON,6850,17:44,SUD EST,AIX EN PROVENCE TGV,JCSUDPROV,FRAIE,15:09,FRJCA
8041,2023-08-15,MARSEILLE ST CHARLES,NON,6850,17:44,SUD EST,AIX EN PROVENCE TGV,JCSUDPROV,FRAIE,17:32,FRMSC
8042,2023-08-15,MARSEILLE ST CHARLES,NON,6850,18:06,SUD EST,AVIGNON TGV,JCSUDPROV,FRAVG,17:32,FRMSC
8043,2023-08-15,ANTIBES,NON,6850,17:44,SUD EST,AIX EN PROVENCE TGV,JCSUDPROV,FRAIE,14:56,FRXAT
8044,2023-08-15,ST RAPHAEL VALESCURE,NON,6850,18:06,SUD EST,AVIGNON TGV,JCSUDPROV,FRAVG,15:34,FRXSK
8045,2023-08-15,BREST,OUI,8630,14:59,ATLANTIQUE,PLOUARET TREGOR,BRETAPARIS,FRPLT,14:11,FRBES
8046,2023-08-15,GUINGAMP,NON,8630,15:46,ATLANTIQUE,LAMBALLE,BRETAPARIS,FRLAM,15:18,FRGGP
8047,2023-08-15,LAMBALLE,NON,8630,16:29,ATLANTIQUE,RENNES,BRETAPARIS,FRRNS,15:48,FRLAM
8048,2023-08-15,MORLAIX,NON,8630,15:46,ATLANTIQUE,LAMBALLE,BRETAPARIS,FRLAM,14:44,FRMXN
8049,2023-08-15,MORLAIX,NON,8630,18:12,ATLANTIQUE,PARIS (intramuros),BRETAPARIS,FRPMO,14:44,FRMXN
8050,2023-08-15,MORLAIX,NON,8630,16:29,ATLANTIQUE,RENNES,BRETAPARIS,FRRNS,14:44,FRMXN
8051,2023-08-15,PLOUARET TREGOR,OUI,8630,15:15,ATLANTIQUE,GUINGAMP,BRETAPARIS,FRGGP,15:02,FRPLT
8052,2023-08-15,PLOUARET TREGOR,NON,8630,16:29,ATLANTIQUE,RENNES,BRETAPARIS,FRRNS,15:02,FRPLT
8053,2023-08-15,ST BRIEUC,NON,8630,16:29,ATLANTIQUE,RENNES,BRETAPARIS,FRRNS,15:36,FRSBK
8054,2023-08-15,PARIS (intramuros),OUI,6905,10:13,SUD EST,GRENOBLE,PAGRENOBLE,FRGNB,07:14,FRPLY
8055,2023-08-15,METZ VILLE,OUI,2833,19:52,EST,LUXEMBOURG,PAMETZLUX,LULUX,19:10,FRADE
8056,2023-08-15,THIONVILLE,OUI,2833,19:52,EST,LUXEMBOURG,PAMETZLUX,LULUX,19:30,FRXTH
8057,2023-08-15,BRUXELLES MIDI BRUSSEL ZUID,NON,9844,22:18,NORD,LYON (intramuros),JCNORDSUD,FRLPE,18:17,BEBMI
8058,2023-08-15,BRUXELLES MIDI BRUSSEL ZUID,NON,9844,19:54,NORD,AEROPORT CDG2 TGV ROISSY,JCNORDSUD,FRMLW,18:17,BEBMI
8059,2023-08-15,PARIS (intramuros),OUI,8985,21:50,ATLANTIQUE,LA ROCHE SUR YON,PARISLOIRE,FRXRO,18:48,FRPMO
8060,2023-08-15,SABLE SUR SARTHE,OUI,8985,22:19,ATLANTIQUE,LES SABLES D'OLONNE,PARISLOIRE,FRLSO,19:56,FRSAB
8061,2023-08-15,SABLE SUR SARTHE,OUI,8985,21:50,ATLANTIQUE,LA ROCHE SUR YON,PARISLOIRE,FRXRO,19:56,FRSAB
8062,2023-08-15,DIJON VILLE,NON,9213,15:03,INTERNATIONAL,MULHOUSE VILLE,PABALZUR,FRAEK,14:01,FRABA
8063,2023-08-15,DIJON VILLE,NON,9211,13:26,INTERNATIONAL,BASEL SBB,PABALZUR,CHAJP,12:01,FRABA
8064,2023-08-15,DIJON VILLE,NON,9211,13:03,INTERNATIONAL,MULHOUSE VILLE,PABALZUR,FRAEK,12:01,FRABA
8065,2023-08-15,PARIS (intramuros),NON,9211,13:26,INTERNATIONAL,BASEL SBB,PABALZUR,CHAJP,10:22,FRPLY
8066,2023-08-15,PARIS (intramuros),NON,9211,11:57,INTERNATIONAL,DIJON VILLE,PABALZUR,FRABA,10:22,FRPLY
8067,2023-08-15,DAX,NON,8550,20:40,ATLANTIQUE,BORDEAUX ST JEAN,SUDOUESTPA,FRBOJ,19:22,FRACG
8068,2023-08-15,HENDAYE,OUI,8550,18:17,ATLANTIQUE,ST JEAN DE LUZ CIBOURE,SUDOUESTPA,FRXJZ,18:07,FRAEF
8069,2023-08-15,BIARRITZ,OUI,8550,19:17,ATLANTIQUE,DAX,SUDOUESTPA,FRACG,18:32,FRBIQ
8070,2023-08-15,BORDEAUX ST JEAN,NON,8550,22:56,ATLANTIQUE,PARIS (intramuros),SUDOUESTPA,FRPMO,20:50,FRBOJ
8071,2023-08-15,ST JEAN DE LUZ CIBOURE,OUI,8550,19:17,ATLANTIQUE,DAX,SUDOUESTPA,FRACG,18:19,FRXJZ
8072,2023-08-15,ST JEAN DE LUZ CIBOURE,NON,8550,22:56,ATLANTIQUE,PARIS (intramuros),SUDOUESTPA,FRPMO,18:19,FRXJZ
8073,2023-08-15,LA ROCHELLE VILLE,NON,3831,12:07,IC SRO,BORDEAUX ST JEAN,NANTEBORDO,FRBOJ,09:43,FRLRH
8074,2023-08-15,NANTES,NON,3831,08:58,IC SRO,LUCON,NANTEBORDO,FRLCN,07:55,FRNTE
8075,2023-08-15,LA ROCHE SUR YON,NON,3831,08:58,IC SRO,LUCON,NANTEBORDO,FRLCN,08:36,FRXRO
8076,2023-08-15,LA ROCHE SUR YON,NON,3831,10:03,IC SRO,ROCHEFORT,NANTEBORDO,FRRCO,08:36,FRXRO
8077,2023-08-15,SURGERES,OUI,8378,14:26,ATLANTIQUE,NIORT,ROCHELLEPA,FRNIT,14:08,FREIP
8078,2023-08-15,SURGERES,NON,8378,15:16,ATLANTIQUE,POITIERS,ROCHELLEPA,FRPIS,14:08,FREIP
8079,2023-08-15,LA ROCHELLE VILLE,OUI,8378,14:05,ATLANTIQUE,SURGERES,ROCHELLEPA,FREIP,13:47,FRLRH
8080,2023-08-15,LA ROCHELLE VILLE,NON,8378,14:43,ATLANTIQUE,ST MAIXENT DEUX SEVRES,ROCHELLEPA,FREJC,13:47,FRLRH
8081,2023-08-15,LA ROCHELLE VILLE,OUI,8378,14:26,ATLANTIQUE,NIORT,ROCHELLEPA,FRNIT,13:47,FRLRH
8082,2023-08-15,LA ROCHELLE VILLE,NON,8378,15:16,ATLANTIQUE,POITIERS,ROCHELLEPA,FRPIS,13:47,FRLRH
8083,2023-08-15,NIORT,NON,8378,15:16,ATLANTIQUE,POITIERS,ROCHELLEPA,FRPIS,14:29,FRNIT
8084,2023-08-15,NIORT,NON,8378,15:50,ATLANTIQUE,ST PIERRE DES CORPS,ROCHELLEPA,FRXSH,14:29,FRNIT
8085,2023-08-15,ST PIERRE DES CORPS,NON,8378,16:57,ATLANTIQUE,PARIS (intramuros),ROCHELLEPA,FRPMO,15:54,FRXSH
8086,2023-08-15,PARIS (intramuros),OUI,9765,12:09,INTERNATIONAL,BOURG EN BRESSE,PAGENEVE,FRXBK,10:18,FRPLY
8087,2023-08-15,LOURDES,NON,14143,14:59,IC SRO,BAYONNE,SUDOUEST,FRXBY,13:24,FRLDE
8088,2023-08-15,TOULOUSE MATABIAU,NON,14143,13:49,IC SRO,PAU,SUDOUEST,FRAEE,11:32,FRXYT
8089,2023-08-15,DAX,NON,8544,20:43,ATLANTIQUE,MASSY TGV,SUDOUESTPA,FRDJU,17:22,FRACG
8090,2023-08-15,HENDAYE,OUI,8544,17:17,ATLANTIQUE,DAX,SUDOUESTPA,FRACG,16:07,FRAEF
8091,2023-08-15,HENDAYE,NON,8544,18:40,ATLANTIQUE,BORDEAUX ST JEAN,SUDOUESTPA,FRBOJ,16:07,FRAEF
8092,2023-08-15,BORDEAUX ST JEAN,NON,8544,20:58,ATLANTIQUE,PARIS (intramuros),SUDOUESTPA,FRPMO,18:46,FRBOJ
8093,2023-08-15,BAYONNE,NON,8544,20:43,ATLANTIQUE,MASSY TGV,SUDOUESTPA,FRDJU,16:47,FRXBY
8094,2023-08-15,ST JEAN DE LUZ CIBOURE,OUI,8544,16:29,ATLANTIQUE,BIARRITZ,SUDOUESTPA,FRBIQ,16:19,FRXJZ
8095,2023-08-15,ST JEAN DE LUZ CIBOURE,NON,8544,18:40,ATLANTIQUE,BORDEAUX ST JEAN,SUDOUESTPA,FRBOJ,16:19,FRXJZ
8096,2023-08-15,HENDAYE,NON,8544,20:43,ATLANTIQUE,MASSY TGV,SUDOUESTPA,FRDJU,16:07,FRAEF
8097,2023-08-15,LYON (intramuros),OUI,9852,08:01,NORD,AEROPORT CDG2 TGV ROISSY,JCSUDNORD,FRMLW,05:50,FRLPD
8098,2023-08-15,LYON (intramuros),OUI,9852,05:45,NORD,LYON (intramuros),JCSUDNORD,FRLPD,05:37,FRLPE
8099,2023-08-15,MARNE LA VALLEE CHESSY,OUI,9852,09:43,NORD,BRUXELLES MIDI BRUSSEL ZUID,JCSUDNORD,BEBMI,07:50,FRMLV
8100,2023-08-15,PARIS (intramuros),OUI,2237,10:13,EST,MEUSE TGV,PANANCY,FREAJ,09:13,FRPST
8101,2023-08-15,BOURG EN BRESSE,NON,9763,11:30,INTERNATIONAL,GENEVE,PAGENEVE,CHGVA,10:12,FRXBK
8102,2023-08-15,BOURG EN BRESSE,OUI,9763,11:00,INTERNATIONAL,BELLEGARDE,PAGENEVE,FRXBF,10:12,FRXBK
8103,2023-08-15,TOULON,NON,6124,16:16,SUD EST,AIX EN PROVENCE TGV,AZURPA,FRAIE,15:07,FRTLN
8104,2023-08-15,TOULON,NON,6124,19:22,SUD EST,PARIS (intramuros),AZURPA,FRPLY,15:07,FRTLN
8105,2023-08-15,HYERES,OUI,6124,15:03,SUD EST,TOULON,AZURPA,FRTLN,14:50,FRXHE
8106,2023-08-15,MONTBARD,OUI,6711,21:55,SUD EST,MULHOUSE VILLE,PABOUR,FRAEK,19:56,FRGWE
8107,2023-08-15,JONZAC,NON,3837,22:08,IC SRO,BORDEAUX ST JEAN,NANTEBORDO,FRBOJ,21:11,FREMR
8108,2023-08-15,LUCON,NON,3837,20:03,IC SRO,ROCHEFORT,NANTEBORDO,FRRCO,19:00,FRLCN
8109,2023-08-15,LUCON,NON,3837,20:32,IC SRO,SAINTES,NANTEBORDO,FRXST,19:00,FRLCN
8110,2023-08-15,NANTES,NON,3837,21:10,IC SRO,JONZAC,NANTEBORDO,FREMR,17:55,FRNTE
8111,2023-08-15,ROCHEFORT,NON,3837,22:08,IC SRO,BORDEAUX ST JEAN,NANTEBORDO,FRBOJ,20:05,FRRCO
8112,2023-08-15,LA ROCHE SUR YON,NON,3837,21:10,IC SRO,JONZAC,NANTEBORDO,FREMR,18:36,FRXRO
8113,2023-08-15,LILLE (intramuros),NON,5240,22:02,NORD,BORDEAUX ST JEAN,JCNORDAQUI,FRBOJ,17:16,FRADJ
8114,2023-08-15,MASSY TGV,NON,5240,20:40,NORD,POITIERS,JCNORDAQUI,FRPIS,19:09,FRDJU
8115,2023-08-15,MASSY TGV,NON,5240,20:06,NORD,ST PIERRE DES CORPS,JCNORDAQUI,FRXSH,19:09,FRDJU
8116,2023-08-15,MARNE LA VALLEE CHESSY,NON,5240,19:04,NORD,MASSY TGV,JCNORDAQUI,FRDJU,18:32,FRMLV
8117,2023-08-15,AEROPORT CDG2 TGV ROISSY,NON,5240,21:21,NORD,ANGOULEME,JCNORDAQUI,FRANG,18:18,FRMLW
8118,2023-08-15,PARIS (intramuros),OUI,6689,20:56,SUD EST,LYON (intramuros),PARISRHONE,FRLPD,19:00,FRPLY
8119,2023-08-15,STRASBOURG,NON,9584,13:43,EST,BORDEAUX ST JEAN,JCESTATL,FRBOJ,08:12,FRAEG
8120,2023-08-15,MASSY TGV,NON,9584,12:06,EST,POITIERS,JCESTATL,FRPIS,10:54,FRDJU
8121,2023-08-15,CHAMPAGNE-ARDENNE,NON,9584,12:06,EST,POITIERS,JCESTATL,FRPIS,09:45,FREAH
8122,2023-08-15,MEUSE TGV,OUI,9584,09:42,EST,CHAMPAGNE-ARDENNE,JCESTATL,FREAH,09:18,FREAJ
8123,2023-08-15,MEUSE TGV,NON,9584,10:15,EST,MARNE LA VALLEE CHESSY,JCESTATL,FRMLV,09:18,FREAJ
8124,2023-08-15,LORRAINE TGV,OUI,9584,09:15,EST,MEUSE TGV,JCESTATL,FREAJ,08:56,FREAM
8125,2023-08-15,MARNE LA VALLEE CHESSY,NON,9584,10:50,EST,MASSY TGV,JCESTATL,FRDJU,10:20,FRMLV
8126,2023-08-15,FREIBURG BREISGAU HBF,OUI,9584,07:44,EST,OFFENBOURG/OFFENBURG,JCESTATL,DEZPA,07:07,DEFGB
8127,2023-08-15,OFFENBOURG/OFFENBURG,NON,9584,12:46,EST,ANGOULEME,JCESTATL,FRANG,07:46,DEZPA
8128,2023-08-15,OFFENBOURG/OFFENBURG,OUI,9584,09:42,EST,CHAMPAGNE-ARDENNE,JCESTATL,FREAH,07:46,DEZPA
8129,2023-08-15,FREIBURG BREISGAU HBF,NON,9584,12:46,EST,ANGOULEME,JCESTATL,FRANG,07:07,DEFGB
8130,2023-08-15,RINGSHEIM/EU-PARK,NON,9584,12:06,EST,POITIERS,JCESTATL,FRPIS,07:29,DERSH
8131,2023-08-15,RINGSHEIM/EU-PARK,NON,9584,10:50,EST,MASSY TGV,JCESTATL,FRDJU,07:29,DERSH
8132,2023-08-15,RINGSHEIM/EU-PARK,OUI,9584,09:42,EST,CHAMPAGNE-ARDENNE,JCESTATL,FREAH,07:29,DERSH
8133,2023-08-15,OFFENBOURG/OFFENBURG,OUI,9584,09:15,EST,MEUSE TGV,JCESTATL,FREAJ,07:46,DEZPA
8134,2023-08-15,CANNES,NON,6852,22:14,SUD EST,LYON (intramuros),JCSUDPROV,FRLPD,17:59,FRJCA
8135,2023-08-15,MARSEILLE ST CHARLES,NON,6852,20:29,SUD EST,AIX EN PROVENCE TGV,JCSUDPROV,FRAIE,20:18,FRMSC
8136,2023-08-15,NICE VILLE,NON,6852,20:29,SUD EST,AIX EN PROVENCE TGV,JCSUDPROV,FRAIE,17:27,FRNIC
8137,2023-08-15,NICE VILLE,NON,6852,21:27,SUD EST,VALENCE TGV RHONE-ALPES SUD,JCSUDPROV,FRVLA,17:27,FRNIC
8138,2023-08-15,NICE VILLE,OUI,6852,17:42,SUD EST,ANTIBES,JCSUDPROV,FRXAT,17:27,FRNIC
8139,2023-08-15,NICE VILLE,OUI,6852,18:21,SUD EST,ST RAPHAEL VALESCURE,JCSUDPROV,FRXSK,17:27,FRNIC
8140,2023-08-15,TOULON,NON,6852,20:29,SUD EST,AIX EN PROVENCE TGV,JCSUDPROV,FRAIE,19:18,FRTLN
8141,2023-08-15,VALENCE TGV RHONE-ALPES SUD,NON,6852,22:14,SUD EST,LYON (intramuros),JCSUDPROV,FRLPD,21:30,FRVLA
8142,2023-08-15,ANTIBES,NON,6852,20:29,SUD EST,AIX EN PROVENCE TGV,JCSUDPROV,FRAIE,17:45,FRXAT
8143,2023-08-15,ANTIBES,NON,6852,20:04,SUD EST,MARSEILLE ST CHARLES,JCSUDPROV,FRMSC,17:45,FRXAT
8144,2023-08-15,ANTIBES,NON,6852,21:27,SUD EST,VALENCE TGV RHONE-ALPES SUD,JCSUDPROV,FRVLA,17:45,FRXAT
8145,2023-08-15,ST RAPHAEL VALESCURE,NON,6852,20:04,SUD EST,MARSEILLE ST CHARLES,JCSUDPROV,FRMSC,18:24,FRXSK
8146,2023-08-15,ST RAPHAEL VALESCURE,NON,6852,19:14,SUD EST,TOULON,JCSUDPROV,FRTLN,18:24,FRXSK
8147,2023-08-15,ST RAPHAEL VALESCURE,OUI,6852,18:37,SUD EST,LES ARCS DRAGUIGNAN,JCSUDPROV,FRXRS,18:24,FRXSK
8148,2023-08-15,LE CREUSOT MONTCEAU MONTCHANIN,OUI,6613,13:56,SUD EST,LYON (intramuros),PARISRHONE,FRLPD,13:13,FRXCC
8149,2023-08-15,ZUERICH HB,NON,9234,19:28,INTERNATIONAL,BASEL SBB,ZURBALPA,CHAJP,18:34,CHAJD
8150,2023-08-15,BASEL SBB,NON,9234,20:18,INTERNATIONAL,BELFORT-MONTBELIARD TGV,ZURBALPA,FRTJA,19:34,CHAJP
8151,2023-08-15,BORDEAUX ST JEAN,OUI,8473,13:46,ATLANTIQUE,FACTURE BIGANOS,PASUDOUEST,FRFAC,13:24,FRBOJ
8152,2023-08-15,PARIS (intramuros),OUI,8473,14:10,ATLANTIQUE,ARCACHON,PASUDOUEST,FRXAC,11:08,FRPMO
8153,2023-08-15,MEUSE TGV,NON,2598,19:54,EST,PARIS (intramuros),NANCYPA,FRPST,18:53,FREAJ
8154,2023-08-15,LUNEVILLE,OUI,2598,18:50,EST,MEUSE TGV,NANCYPA,FREAJ,17:51,FRLNE
8155,2023-08-15,LUNEVILLE,OUI,2598,18:11,EST,NANCY,NANCYPA,FRENC,17:51,FRLNE
8156,2023-08-15,ST DIE DES VOSGES,OUI,2598,18:50,EST,MEUSE TGV,NANCYPA,FREAJ,17:11,FRXTD
8157,2023-08-15,MARSEILLE ST CHARLES,OUI,6112,09:15,SUD EST,AIX EN PROVENCE TGV,PROVENCEPA,FRAIE,09:04,FRMSC
8158,2023-08-15,MARSEILLE ST CHARLES,NON,6112,12:22,SUD EST,PARIS (intramuros),PROVENCEPA,FRPLY,09:04,FRMSC
8159,2023-08-15,CARCASSONNE,NON,4760,15:16,IC ARO,TOULOUSE MATABIAU,TJOURSESO,FRXYT,14:34,FRCCF
8160,2023-08-15,NIMES,NON,4760,16:25,IC ARO,AGEN,TJOURSESO,FRAGF,12:38,FRFNI
8161,2023-08-15,NIMES,NON,4760,15:48,IC ARO,MONTAUBAN VILLE BOURBON,TJOURSESO,FRXMW,12:38,FRFNI
8162,2023-08-15,ARLES,NON,4760,16:25,IC ARO,AGEN,TJOURSESO,FRAGF,12:09,FRHZA
8163,2023-08-15,ARLES,NON,4760,12:35,IC ARO,NIMES,TJOURSESO,FRFNI,12:09,FRHZA
8164,2023-08-15,ARLES,NON,4760,15:48,IC ARO,MONTAUBAN VILLE BOURBON,TJOURSESO,FRXMW,12:09,FRHZA
8165,2023-08-15,ARLES,NON,4760,15:16,IC ARO,TOULOUSE MATABIAU,TJOURSESO,FRXYT,12:09,FRHZA
8166,2023-08-15,MONTPELLIER SAINT-ROCH,NON,4760,13:20,IC ARO,SETE,TJOURSESO,FRXSY,13:06,FRMPL
8167,2023-08-15,MONTPELLIER SAINT-ROCH,NON,4760,15:16,IC ARO,TOULOUSE MATABIAU,TJOURSESO,FRXYT,13:06,FRMPL
8168,2023-08-15,MARSEILLE ST CHARLES,NON,4760,14:01,IC ARO,NARBONNE,TJOURSESO,FRXNA,11:24,FRMSC
8169,2023-08-15,MARSEILLE ST CHARLES,NON,4760,13:20,IC ARO,SETE,TJOURSESO,FRXSY,11:24,FRMSC
8170,2023-08-15,SETE,NON,4760,16:25,IC ARO,AGEN,TJOURSESO,FRAGF,13:22,FRXSY
8171,2023-08-15,LAVAL,NON,5280,14:27,NORD,MARNE LA VALLEE CHESSY,JCBRETNORD,FRMLV,12:28,FRACR
8172,2023-08-15,LAVAL,NON,5280,14:41,NORD,AEROPORT CDG2 TGV ROISSY,JCBRETNORD,FRMLW,12:28,FRACR
8173,2023-08-15,LE MANS,NON,5280,14:27,NORD,MARNE LA VALLEE CHESSY,JCBRETNORD,FRMLV,13:00,FRAET
8174,2023-08-15,RENNES,NON,5280,12:25,NORD,LAVAL,JCBRETNORD,FRACR,12:00,FRRNS
8175,2023-08-15,RENNES,NON,5280,13:49,NORD,MASSY TGV,JCBRETNORD,FRDJU,12:00,FRRNS
8176,2023-08-15,BASEL SBB,NON,9223,22:26,INTERNATIONAL,ZUERICH HB,PABALZUR,CHAJD,21:34,CHAJP
8177,2023-08-15,DIJON VILLE,NON,9223,21:26,INTERNATIONAL,BASEL SBB,PABALZUR,CHAJP,20:01,FRABA
8178,2023-08-15,DIJON VILLE,OUI,9223,21:03,INTERNATIONAL,MULHOUSE VILLE,PABALZUR,FRAEK,20:01,FRABA
8179,2023-08-15,MULHOUSE VILLE,NON,9223,22:26,INTERNATIONAL,ZUERICH HB,PABALZUR,CHAJD,21:06,FRAEK
8180,2023-08-15,PARIS (intramuros),NON,9223,21:26,INTERNATIONAL,BASEL SBB,PABALZUR,CHAJP,18:22,FRPLY
8181,2023-08-15,AVIGNON TGV,NON,9882,22:43,NORD,BRUXELLES MIDI BRUSSEL ZUID,JCSUDNORD,BEBMI,17:45,FRAVG
8182,2023-08-15,AVIGNON TGV,NON,9882,20:47,NORD,MARNE LA VALLEE CHESSY,JCSUDNORD,FRMLV,17:45,FRAVG
8183,2023-08-15,AVIGNON TGV,NON,9882,21:01,NORD,AEROPORT CDG2 TGV ROISSY,JCSUDNORD,FRMLW,17:45,FRAVG
8184,2023-08-15,MARNE LA VALLEE CHESSY,NON,9882,21:01,NORD,AEROPORT CDG2 TGV ROISSY,JCSUDNORD,FRMLW,20:51,FRMLV
8185,2023-08-15,MARSEILLE ST CHARLES,NON,9882,20:47,NORD,MARNE LA VALLEE CHESSY,JCSUDNORD,FRMLV,17:08,FRMSC
8186,2023-08-15,BOURGES,NON,4502,15:21,IC SRO,ANGERS ST LAUD,JOURLYNNTE,FRACL,13:03,FRBOU
8187,2023-08-15,BOURGES,NON,4502,16:04,IC SRO,NANTES,JOURLYNNTE,FRNTE,13:03,FRBOU
8188,2023-08-15,LYON (intramuros),NON,4502,13:01,IC SRO,BOURGES,JOURLYNNTE,FRBOU,09:34,FRLPD
8189,2023-08-15,LYON (intramuros),NON,4502,11:39,IC SRO,MOULINS SUR ALLIER,JOURLYNNTE,FRXMU,09:34,FRLPD
8190,2023-08-15,LYON (intramuros),NON,4502,14:25,IC SRO,ST PIERRE DES CORPS,JOURLYNNTE,FRXSH,09:34,FRLPD
8191,2023-08-15,LYON (intramuros),NON,4502,13:01,IC SRO,BOURGES,JOURLYNNTE,FRBOU,09:20,FRLPE
8192,2023-08-15,LYON (intramuros),NON,4502,09:28,IC SRO,LYON (intramuros),JOURLYNNTE,FRLPD,09:20,FRLPE
8193,2023-08-15,ROANNE,NON,4502,13:01,IC SRO,BOURGES,JOURLYNNTE,FRBOU,10:40,FRRNE
8194,2023-08-15,ROANNE,NON,4502,11:17,IC SRO,ST GERMAIN DES FOSSES,JOURLYNNTE,FRSGF,10:40,FRRNE
8195,2023-08-15,ST GERMAIN DES FOSSES,NON,4502,12:10,IC SRO,NEVERS,JOURLYNNTE,FRNVS,11:19,FRSGF
8196,2023-08-15,ST GERMAIN DES FOSSES,NON,4502,13:21,IC SRO,VIERZON VILLE,JOURLYNNTE,FRXVZ,11:19,FRSGF
8197,2023-08-15,MOULINS SUR ALLIER,NON,4502,15:21,IC SRO,ANGERS ST LAUD,JOURLYNNTE,FRACL,11:41,FRXMU
8198,2023-08-15,MOULINS SUR ALLIER,NON,4502,12:10,IC SRO,NEVERS,JOURLYNNTE,FRNVS,11:41,FRXMU
8199,2023-08-15,MOULINS SUR ALLIER,NON,4502,14:25,IC SRO,ST PIERRE DES CORPS,JOURLYNNTE,FRXSH,11:41,FRXMU
8200,2023-08-15,MOULINS SUR ALLIER,NON,4502,13:21,IC SRO,VIERZON VILLE,JOURLYNNTE,FRXVZ,11:41,FRXMU
8201,2023-08-15,ST PIERRE DES CORPS,NON,4502,16:04,IC SRO,NANTES,JOURLYNNTE,FRNTE,14:28,FRXSH
8202,2023-08-15,LYON (intramuros),OUI,6626,19:00,SUD EST,PARIS (intramuros),RHONEPARIS,FRPLY,16:50,FRLPE
8203,2023-08-15,MONTPELLIER SAINT-ROCH,OUI,6231,13:14,SUD EST,BEZIERS,PALANG,FRBZR,12:27,FRMPL
8204,2023-08-15,MONTPELLIER SAINT-ROCH,OUI,6231,12:59,SUD EST,AGDE,PALANG,FRXAG,12:27,FRMPL
8205,2023-08-15,PARIS (intramuros),NON,6231,14:17,SUD EST,PERPIGNAN,PALANG,FRPGF,08:56,FRPLY
8206,2023-08-15,BORDEAUX ST JEAN,NON,8476,21:28,ATLANTIQUE,ST PIERRE DES CORPS,SUDOUESTPA,FRXSH,19:50,FRBOJ
8207,2023-08-15,ARCACHON,NON,8476,22:37,ATLANTIQUE,PARIS (intramuros),SUDOUESTPA,FRPMO,18:58,FRXAC
8208,2023-08-15,MONTDAUPHIN GUILLESTRE,NON,5790,07:54,IC NUIT,PARIS (intramuros),BRIANCONPA,FRPAZ,20:33,FRIGZ
8209,2023-08-15,L'ARGENTIERE LES ECRINS   (05),NON,5790,07:54,IC NUIT,PARIS (intramuros),BRIANCONPA,FRPAZ,20:19,FRIHC
8210,2023-08-15,LILLE (intramuros),NON,5036,21:37,NORD,NIMES,JCNORDSUD,FRFNI,17:03,FRLLE
8211,2023-08-15,LYON (intramuros),NON,5036,21:37,NORD,NIMES,JCNORDSUD,FRFNI,20:10,FRLPD
8212,2023-08-15,MARNE LA VALLEE CHESSY,NON,5036,20:49,NORD,VALENCE TGV RHONE-ALPES SUD,JCNORDSUD,FRVLA,18:13,FRMLV
8213,2023-08-15,LYON (intramuros),NON,9864,19:57,NORD,LILLE (intramuros),JCSUDNORD,FRLLE,17:00,FRLPD
8214,2023-08-15,LYON (intramuros),NON,9864,18:47,NORD,MARNE LA VALLEE CHESSY,JCSUDNORD,FRMLV,17:00,FRLPD
8215,2023-08-15,AEROPORT CDG2 TGV ROISSY,NON,9864,19:57,NORD,LILLE (intramuros),JCSUDNORD,FRLLE,19:07,FRMLW
8216,2023-08-15,MONTPELLIER SAINT-ROCH,OUI,9864,15:16,NORD,NIMES,JCSUDNORD,FRFNI,14:51,FRMPL
8217,2023-08-15,MONTPELLIER SAINT-ROCH,NON,9864,19:57,NORD,LILLE (intramuros),JCSUDNORD,FRLLE,14:51,FRMPL
8218,2023-08-15,MONTPELLIER SAINT-ROCH,NON,9864,19:01,NORD,AEROPORT CDG2 TGV ROISSY,JCSUDNORD,FRMLW,14:51,FRMPL
8219,2023-08-15,VALENCE TGV RHONE-ALPES SUD,NON,9864,19:01,NORD,AEROPORT CDG2 TGV ROISSY,JCSUDNORD,FRMLW,16:10,FRVLA
8220,2023-08-15,LE HAVRE,OUI,5316,17:29,SUD EST,MANTES LA JOLIE,JCATLSUD,FRMTE,15:41,FRAEZ
8221,2023-08-15,AVIGNON TGV,OUI,5316,22:25,SUD EST,MARSEILLE ST CHARLES,JCATLSUD,FRMSC,21:56,FRAVG
8222,2023-08-15,VERSAILLES CHANTIERS,OUI,5316,18:18,SUD EST,MASSY PALAISEAU,JCATLSUD,FRMPU,18:05,FRDHT
8223,2023-08-15,MASSY PALAISEAU,NON,5316,21:19,SUD EST,VALENCE TGV RHONE-ALPES SUD,JCATLSUD,FRVLA,18:21,FRMPU
8224,2023-08-15,MANTES LA JOLIE,NON,5316,20:30,SUD EST,LYON (intramuros),JCATLSUD,FRLPD,17:32,FRMTE
8225,2023-08-15,MANTES LA JOLIE,OUI,5316,18:18,SUD EST,MASSY PALAISEAU,JCATLSUD,FRMPU,17:32,FRMTE
8226,2023-08-15,ROUEN RIVE DROITE,NON,5316,21:53,SUD EST,AVIGNON TGV,JCATLSUD,FRAVG,16:39,FRURD
8227,2023-08-15,ROUEN RIVE DROITE,OUI,5316,18:18,SUD EST,MASSY PALAISEAU,JCATLSUD,FRMPU,16:39,FRURD
8228,2023-08-15,ROUEN RIVE DROITE,OUI,5316,17:29,SUD EST,MANTES LA JOLIE,JCATLSUD,FRMTE,16:39,FRURD
8229,2023-08-15,ROUEN RIVE DROITE,NON,5316,21:19,SUD EST,VALENCE TGV RHONE-ALPES SUD,JCATLSUD,FRVLA,16:39,FRURD
8230,2023-08-15,PARIS (intramuros),OUI,6155,13:11,SUD EST,TOULON,PAAZUR,FRTLN,09:26,FRPLY
8231,2023-08-15,BEZIERS,NON,9708,17:18,SUD EST,PARIS (intramuros),BARCELONEPA,FRPLY,12:58,FRBZR
8232,2023-08-15,PERPIGNAN,NON,9708,13:10,SUD EST,AGDE,BARCELONEPA,FRXAG,12:04,FRPGF
8233,2023-08-15,AGDE,NON,9708,15:01,SUD EST,VALENCE TGV RHONE-ALPES SUD,BARCELONEPA,FRVLA,13:13,FRXAG
8234,2023-08-15,NARBONNE,NON,9708,17:18,SUD EST,PARIS (intramuros),BARCELONEPA,FRPLY,12:42,FRXNA
8235,2023-08-15,FIGUERES VILA TGV,NON,9708,11:55,SUD EST,PERPIGNAN,BARCELONEPA,FRPGF,11:31,ESFIR
8236,2023-08-15,FIGUERES VILA TGV,NON,9708,17:18,SUD EST,PARIS (intramuros),BARCELONEPA,FRPLY,11:31,ESFIR
8237,2023-08-15,GIRONA,NON,9708,17:18,SUD EST,PARIS (intramuros),BARCELONEPA,FRPLY,11:14,ESGRO
8238,2023-08-15,GIRONA,NON,9708,15:01,SUD EST,VALENCE TGV RHONE-ALPES SUD,BARCELONEPA,FRVLA,11:14,ESGRO
8239,2023-08-15,GIRONA,NON,9708,12:39,SUD EST,NARBONNE,BARCELONEPA,FRXNA,11:14,ESGRO
8240,2023-08-15,GIRONA,NON,9708,14:15,SUD EST,NIMES,BARCELONEPA,FRFNI,11:14,ESGRO
8241,2023-08-15,FIGUERES VILA TGV,NON,9708,12:39,SUD EST,NARBONNE,BARCELONEPA,FRXNA,11:31,ESFIR
8242,2023-08-15,GIRONA,NON,9708,13:26,SUD EST,SETE,BARCELONEPA,FRXSY,11:14,ESGRO
8243,2023-08-15,PARIS (intramuros),OUI,6949,21:34,SUD EST,ANNECY,PARISALPES,FRNCY,17:46,FRPLY
8244,2023-08-15,PARIS (intramuros),OUI,6949,21:04,SUD EST,AIX LES BAINS LE REVARD,PARISALPES,FRXAI,17:46,FRPLY
8245,2023-08-15,AIX LES BAINS LE REVARD,OUI,6949,21:34,SUD EST,ANNECY,PARISALPES,FRNCY,21:07,FRXAI
8246,2023-08-15,STRASBOURG,NON,9575,16:26,INTERNATIONAL,KARLSRUHE HBF,PASTUTMUN,DEQKA,15:46,FRAEG
8247,2023-08-15,STRASBOURG,NON,9575,17:04,INTERNATIONAL,STUTTGART HBF,PASTUTMUN,DESGT,15:46,FRAEG
8248,2023-08-15,AVIGNON TGV,OUI,6121,19:42,SUD EST,AIX EN PROVENCE TGV,PAPROVENCE,FRAIE,19:23,FRAVG
8249,2023-08-15,QUIMPER,OUI,8744,19:42,ATLANTIQUE,LORIENT,BRETAPARIS,FRLRT,19:09,FRUIP
8250,2023-08-15,QUIMPER,NON,8744,22:45,ATLANTIQUE,PARIS (intramuros),BRETAPARIS,FRPMO,19:09,FRUIP
8251,2023-08-15,VANNES,NON,8744,22:45,ATLANTIQUE,PARIS (intramuros),BRETAPARIS,FRPMO,20:16,FRVNE
8252,2023-08-15,GUINGAMP,OUI,8629,20:02,ATLANTIQUE,MORLAIX,PARISBRETA,FRMXN,19:36,FRGGP
8253,2023-08-15,PARIS (intramuros),NON,8629,20:38,ATLANTIQUE,BREST,PARISBRETA,FRBES,16:53,FRPMO
8254,2023-08-15,RENNES,NON,8629,19:16,ATLANTIQUE,ST BRIEUC,PARISBRETA,FRSBK,18:32,FRRNS
8255,2023-08-15,NIMES,OUI,6821,08:37,SUD EST,MONTPELLIER SAINT-ROCH,JCPROVSUD,FRMPL,08:07,FRFNI
8256,2023-08-15,NIMES,OUI,6821,09:00,SUD EST,SETE,JCPROVSUD,FRXSY,08:07,FRFNI
8257,2023-08-15,NIMES,OUI,6821,11:02,SUD EST,TOULOUSE MATABIAU,JCPROVSUD,FRXYT,08:07,FRFNI
8258,2023-08-15,LYON (intramuros),OUI,6821,08:37,SUD EST,MONTPELLIER SAINT-ROCH,JCPROVSUD,FRMPL,06:37,FRLPD
8259,2023-08-15,LYON (intramuros),OUI,6821,07:15,SUD EST,VALENCE TGV RHONE-ALPES SUD,JCPROVSUD,FRVLA,06:37,FRLPD
8260,2023-08-15,LYON (intramuros),OUI,6821,09:44,SUD EST,NARBONNE,JCPROVSUD,FRXNA,06:37,FRLPD
8261,2023-08-15,VALENCE TGV RHONE-ALPES SUD,OUI,6821,08:04,SUD EST,NIMES,JCPROVSUD,FRFNI,07:20,FRVLA
8262,2023-08-15,VALENCE TGV RHONE-ALPES SUD,OUI,6821,08:37,SUD EST,MONTPELLIER SAINT-ROCH,JCPROVSUD,FRMPL,07:20,FRVLA
8263,2023-08-15,CARCASSONNE,NON,3736,06:08,IC NUIT,LES AUBRAIS ORLEANS,PALOMBEPAR,FRLAB,21:47,FRCCF
8264,2023-08-15,CASTELNAUDARY,NON,3736,06:08,IC NUIT,LES AUBRAIS ORLEANS,PALOMBEPAR,FRLAB,22:07,FRCTY
8265,2023-08-15,ELNE,NON,3736,07:19,IC NUIT,PARIS (intramuros),PALOMBEPAR,FRPAZ,19:38,FRIOG
8266,2023-08-15,CERBERE,NON,3736,06:08,IC NUIT,LES AUBRAIS ORLEANS,PALOMBEPAR,FRLAB,19:04,FRXCE
8267,2023-08-15,ANGERS ST LAUD,NON,5306,17:30,SUD EST,LYON (intramuros),JCATLSUD,FRLPD,13:27,FRACL
8268,2023-08-15,SAUMUR,NON,5306,15:20,SUD EST,MASSY TGV,JCATLSUD,FRDJU,13:50,FRACN
8269,2023-08-15,MASSY TGV,NON,5306,17:30,SUD EST,LYON (intramuros),JCATLSUD,FRLPD,15:26,FRDJU
8270,2023-08-15,MASSY TGV,NON,5306,17:49,SUD EST,LYON (intramuros),JCATLSUD,FRLPE,15:26,FRDJU
8271,2023-08-15,LYON (intramuros),OUI,5306,17:49,SUD EST,LYON (intramuros),JCATLSUD,FRLPE,17:40,FRLPD
8272,2023-08-15,NANTES,NON,5306,13:47,SUD EST,SAUMUR,JCATLSUD,FRACN,12:44,FRNTE
8273,2023-08-15,NANTES,NON,5306,17:49,SUD EST,LYON (intramuros),JCATLSUD,FRLPE,12:44,FRNTE
8274,2023-08-15,ST PIERRE DES CORPS,NON,5306,17:30,SUD EST,LYON (intramuros),JCATLSUD,FRLPD,14:28,FRXSH
8275,2023-08-15,KAISERSLAUTERN HBF,NON,9558,08:09,INTERNATIONAL,FORBACH,FRANCPA,FRBQT,07:22,DEKLT
8276,2023-08-15,KAISERSLAUTERN HBF,NON,9558,09:51,INTERNATIONAL,PARIS (intramuros),FRANCPA,FRPST,07:22,DEKLT
8277,2023-08-15,SARREBRUCK/SAARBRUECKEN,NON,9558,09:51,INTERNATIONAL,PARIS (intramuros),FRANCPA,FRPST,08:01,DESBK
8278,2023-08-15,CANNES,NON,6186,20:30,SUD EST,AVIGNON TGV,AZURPA,FRAVG,18:08,FRJCA
8279,2023-08-15,ANTIBES,NON,6186,20:30,SUD EST,AVIGNON TGV,AZURPA,FRAVG,17:54,FRXAT
8280,2023-08-15,ANTIBES,OUI,6186,19:20,SUD EST,TOULON,AZURPA,FRTLN,17:54,FRXAT
8281,2023-08-15,ST RAPHAEL VALESCURE,NON,6186,23:13,SUD EST,PARIS (intramuros),AZURPA,FRPLY,18:33,FRXSK
8282,2023-08-15,ST PIERRE DES CORPS,OUI,8319,19:45,ATLANTIQUE,TOURS,PAROCHELLE,FRAFW,19:40,FRXSH
8283,2023-08-15,FUTUROSCOPE,OUI,8342,16:41,ATLANTIQUE,CHATELLERAULT,ROCHELLEPA,FRXCX,16:30,FRTGO
8284,2023-08-15,FUTUROSCOPE,OUI,8342,17:15,ATLANTIQUE,ST PIERRE DES CORPS,ROCHELLEPA,FRXSH,16:30,FRTGO
8285,2023-08-15,ST PIERRE DES CORPS,NON,8342,18:33,ATLANTIQUE,PARIS (intramuros),ROCHELLEPA,FRPMO,17:24,FRXSH
8286,2023-08-15,NEVERS,OUI,5971,19:29,IC ARO,CLERMONT FERRAND,PACLERMONT,FRCFE,17:59,FRNVS
8287,2023-08-15,NEVERS,OUI,5971,19:17,IC ARO,RIOM CHATEL GUYON,PACLERMONT,FRRIO,17:59,FRNVS
8288,2023-08-15,NEVERS,OUI,5971,18:55,IC ARO,VICHY,PACLERMONT,FRVHY,17:59,FRNVS
8289,2023-08-15,PARIS (intramuros),OUI,5971,18:28,IC ARO,MOULINS SUR ALLIER,PACLERMONT,FRXMU,16:00,FRPBE
8290,2023-08-15,RIOM CHATEL GUYON,OUI,5971,19:29,IC ARO,CLERMONT FERRAND,PACLERMONT,FRCFE,19:19,FRRIO
8291,2023-08-15,MOULINS SUR ALLIER,OUI,5971,19:29,IC ARO,CLERMONT FERRAND,PACLERMONT,FRCFE,18:30,FRXMU
8292,2023-08-15,LIMOGES BENEDICTINS,OUI,3628,09:08,IC ARO,CHATEAUROUX,TOULOUZECO,FRCHR,07:57,FRAGQ
8293,2023-08-15,LIMOGES BENEDICTINS,OUI,3628,11:17,IC ARO,PARIS (intramuros),TOULOUZECO,FRPAZ,07:57,FRAGQ
8294,2023-08-15,LA SOUTERRAINE,OUI,3628,09:08,IC ARO,CHATEAUROUX,TOULOUZECO,FRCHR,08:29,FRLST
8295,2023-08-15,RETHEL,NON,2720,09:31,EST,PARIS (intramuros),SEDBARPA,FRPST,08:18,FRBDT
8296,2023-08-15,KARLSRUHE HBF,NON,9572,16:13,INTERNATIONAL,STRASBOURG,MUNSTUTPA,FRAEG,15:32,DEQKA
8297,2023-08-15,LE POULIGUEN,OUI,8916,11:04,ATLANTIQUE,LA BAULE ESCOUBLAC,LOIREPARIS,FRJEE,11:00,FREGS
8298,2023-08-15,LE CROISIC,OUI,8916,10:57,ATLANTIQUE,LE POULIGUEN,LOIREPARIS,FREGS,10:52,FREGU
8299,2023-08-15,LE CROISIC,NON,8916,14:09,ATLANTIQUE,PARIS (intramuros),LOIREPARIS,FRPMO,10:52,FREGU
8300,2023-08-15,LA BAULE ESCOUBLAC,OUI,8916,11:11,ATLANTIQUE,PORNICHET,LOIREPARIS,FREGR,11:07,FRJEE
8301,2023-08-15,LA BAULE ESCOUBLAC,NON,8916,14:09,ATLANTIQUE,PARIS (intramuros),LOIREPARIS,FRPMO,11:07,FRJEE
8302,2023-08-15,LE MANS,OUI,5380,10:02,SUD EST,LAVAL,JCSUDATL,FRACR,09:33,FRAET
8303,2023-08-15,LYON (intramuros),OUI,5380,08:34,SUD EST,MASSY TGV,JCSUDATL,FRDJU,06:30,FRLPD
8304,2023-08-15,LYON (intramuros),OUI,5380,09:30,SUD EST,LE MANS,JCSUDATL,FRAET,06:16,FRLPE
8305,2023-08-15,LYON (intramuros),OUI,5380,08:34,SUD EST,MASSY TGV,JCSUDATL,FRDJU,06:16,FRLPE
8306,2023-08-15,LYON (intramuros),OUI,5380,06:24,SUD EST,LYON (intramuros),JCSUDATL,FRLPD,06:16,FRLPE
8307,2023-08-15,LYON (intramuros),OUI,5380,10:30,SUD EST,RENNES,JCSUDATL,FRRNS,06:16,FRLPE
8308,2023-08-15,AIX EN PROVENCE TGV,NON,9752,17:45,INTERNATIONAL,GENEVE,MEDGENEVE,CHGVA,14:00,FRAIE
8309,2023-08-15,AIX EN PROVENCE TGV,NON,9752,14:19,INTERNATIONAL,AVIGNON TGV,MEDGENEVE,FRAVG,14:00,FRAIE
8310,2023-08-15,AIX EN PROVENCE TGV,NON,9752,16:58,INTERNATIONAL,BELLEGARDE,MEDGENEVE,FRXBF,14:00,FRAIE
8311,2023-08-15,AVIGNON TGV,NON,9752,15:30,INTERNATIONAL,LYON (intramuros),MEDGENEVE,FRLPD,14:23,FRAVG
8312,2023-08-15,MARSEILLE ST CHARLES,NON,9752,15:30,INTERNATIONAL,LYON (intramuros),MEDGENEVE,FRLPD,13:46,FRMSC
8313,2023-08-15,MARSEILLE ST CHARLES,NON,9752,16:58,INTERNATIONAL,BELLEGARDE,MEDGENEVE,FRXBF,13:46,FRMSC
8314,2023-08-15,RETHEL,OUI,2751,20:35,EST,SEDAN,PABARSED,FRXSW,19:43,FRBDT
8315,2023-08-15,REIMS,OUI,2751,20:35,EST,SEDAN,PABARSED,FRXSW,19:20,FRRHE
8316,2023-08-15,CHARLEVILLE MEZIERES,OUI,2751,20:35,EST,SEDAN,PABARSED,FRXSW,20:20,FRXCZ
8317,2023-08-15,AGEN,NON,8517,21:03,ATLANTIQUE,MONTAUBAN VILLE BOURBON,PASUDOUEST,FRXMW,20:27,FRAGF
8318,2023-08-15,BORDEAUX ST JEAN,NON,8517,21:03,ATLANTIQUE,MONTAUBAN VILLE BOURBON,PASUDOUEST,FRXMW,19:20,FRBOJ
8319,2023-08-15,DIJON VILLE,OUI,5521,12:54,EST,MONTPELLIER SAINT-ROCH,JCRHINRHON,FRMPL,09:21,FRABA
8320,2023-08-15,METZ VILLE,OUI,5521,10:56,EST,LYON (intramuros),JCRHINRHON,FRLPD,05:46,FRADE
8321,2023-08-15,METZ VILLE,OUI,5521,08:38,EST,BESANCON - F COMTE TGV,JCRHINRHON,FRTJB,05:46,FRADE
8322,2023-08-15,STRASBOURG,OUI,5521,09:11,EST,DIJON VILLE,JCRHINRHON,FRABA,06:47,FRAEG
8323,2023-08-15,STRASBOURG,OUI,5521,07:13,EST,COLMAR,JCRHINRHON,FRAEJ,06:47,FRAEG
8324,2023-08-15,STRASBOURG,OUI,5521,07:48,EST,MULHOUSE VILLE,JCRHINRHON,FRAEK,06:47,FRAEG
8325,2023-08-15,STRASBOURG,OUI,5521,08:14,EST,BELFORT-MONTBELIARD TGV,JCRHINRHON,FRTJA,06:47,FRAEG
8326,2023-08-15,COLMAR,OUI,5521,08:38,EST,BESANCON - F COMTE TGV,JCRHINRHON,FRTJB,07:16,FRAEJ
8327,2023-08-15,MULHOUSE VILLE,OUI,5521,10:56,EST,LYON (intramuros),JCRHINRHON,FRLPD,07:52,FRAEK
8328,2023-08-15,MULHOUSE VILLE,OUI,5521,08:14,EST,BELFORT-MONTBELIARD TGV,JCRHINRHON,FRTJA,07:52,FRAEK
8329,2023-08-15,MULHOUSE VILLE,OUI,5521,08:38,EST,BESANCON - F COMTE TGV,JCRHINRHON,FRTJB,07:52,FRAEK
8330,2023-08-15,LYON (intramuros),OUI,5521,12:24,EST,NIMES,JCRHINRHON,FRFNI,11:02,FRLPD
8331,2023-08-15,BELFORT-MONTBELIARD TGV,OUI,5521,10:56,EST,LYON (intramuros),JCRHINRHON,FRLPD,08:17,FRTJA
8332,2023-08-15,BELFORT-MONTBELIARD TGV,OUI,5521,12:54,EST,MONTPELLIER SAINT-ROCH,JCRHINRHON,FRMPL,08:17,FRTJA
8333,2023-08-15,BESANCON - F COMTE TGV,OUI,5521,12:24,EST,NIMES,JCRHINRHON,FRFNI,08:41,FRTJB
8334,2023-08-15,BESANCON - F COMTE TGV,OUI,5521,09:54,EST,CHALON SUR SAONE,JCRHINRHON,FRXCD,08:41,FRTJB
8335,2023-08-15,CHALON SUR SAONE,OUI,5521,12:54,EST,MONTPELLIER SAINT-ROCH,JCRHINRHON,FRMPL,09:56,FRXCD
8336,2023-08-15,STRASBOURG,OUI,2200,08:47,EST,CHAMPAGNE-ARDENNE,JCESTATL,FREAH,07:31,FRAEG
8337,2023-08-15,STRASBOURG,OUI,2200,08:06,EST,LORRAINE TGV,JCESTATL,FREAM,07:31,FRAEG
8338,2023-08-15,MASSY TGV,OUI,2200,12:36,EST,ANGERS ST LAUD,JCESTATL,FRACL,10:38,FRDJU
8339,2023-08-15,LORRAINE TGV,OUI,2200,09:55,EST,MARNE LA VALLEE CHESSY,JCESTATL,FRMLV,08:09,FREAM
8340,2023-08-15,LORRAINE TGV,OUI,2200,09:28,EST,AEROPORT CDG2 TGV ROISSY,JCESTATL,FRMLW,08:09,FREAM
8341,2023-08-15,LORRAINE TGV,OUI,2200,11:32,EST,ST PIERRE DES CORPS,JCESTATL,FRXSH,08:09,FREAM
8342,2023-08-15,MARNE LA VALLEE CHESSY,OUI,2200,12:36,EST,ANGERS ST LAUD,JCESTATL,FRACL,10:02,FRMLV
8343,2023-08-15,MARNE LA VALLEE CHESSY,OUI,2200,10:34,EST,MASSY TGV,JCESTATL,FRDJU,10:02,FRMLV
8344,2023-08-15,MARNE LA VALLEE CHESSY,OUI,2200,11:32,EST,ST PIERRE DES CORPS,JCESTATL,FRXSH,10:02,FRMLV
8345,2023-08-15,AEROPORT CDG2 TGV ROISSY,OUI,2200,10:34,EST,MASSY TGV,JCESTATL,FRDJU,09:45,FRMLW
8346,2023-08-15,AEROPORT CDG2 TGV ROISSY,OUI,2200,09:55,EST,MARNE LA VALLEE CHESSY,JCESTATL,FRMLV,09:45,FRMLW
8347,2023-08-15,AEROPORT CDG2 TGV ROISSY,OUI,2200,13:19,EST,NANTES,JCESTATL,FRNTE,09:45,FRMLW
8348,2023-08-15,POITIERS,OUI,8371,09:00,ATLANTIQUE,NIORT,PAROCHELLE,FRNIT,08:15,FRPIS
8349,2023-08-15,PARIS (intramuros),OUI,8371,08:11,ATLANTIQUE,POITIERS,PAROCHELLE,FRPIS,06:49,FRPMO
8350,2023-08-15,CHAMPAGNE-ARDENNE,NON,2513,17:44,EST,NANCY,PANANCY,FRENC,16:49,FREAH
8351,2023-08-15,ANGERS ST LAUD,NON,5288,19:35,NORD,LILLE (intramuros),JCBRETNORD,FRLLE,16:02,FRACL
8352,2023-08-15,LE MANS,NON,5288,17:48,NORD,MASSY TGV,JCBRETNORD,FRDJU,16:57,FRAET
8353,2023-08-15,MASSY TGV,NON,5288,19:35,NORD,LILLE (intramuros),JCBRETNORD,FRLLE,17:54,FRDJU
8354,2023-08-15,AEROPORT CDG2 TGV ROISSY,OUI,5288,19:35,NORD,LILLE (intramuros),JCBRETNORD,FRLLE,18:43,FRMLW
8355,2023-08-15,PORNICHET,NON,8930,21:23,ATLANTIQUE,LE MANS,LOIREPARIS,FRAET,19:11,FREGR
8356,2023-08-15,PORNICHET,OUI,8930,19:59,ATLANTIQUE,NANTES,LOIREPARIS,FRNTE,19:11,FREGR
8357,2023-08-15,LE POULIGUEN,NON,8930,21:23,ATLANTIQUE,LE MANS,LOIREPARIS,FRAET,18:56,FREGS
8358,2023-08-15,LE POULIGUEN,OUI,8930,19:08,ATLANTIQUE,PORNICHET,LOIREPARIS,FREGR,18:56,FREGS
8359,2023-08-15,LA BAULE ESCOUBLAC,NON,8930,20:41,ATLANTIQUE,ANGERS ST LAUD,LOIREPARIS,FRACL,19:04,FRJEE
8360,2023-08-15,NANTES,NON,8930,22:25,ATLANTIQUE,PARIS (intramuros),LOIREPARIS,FRPMO,20:05,FRNTE
8361,2023-08-15,ST NAZAIRE,NON,8930,20:41,ATLANTIQUE,ANGERS ST LAUD,LOIREPARIS,FRACL,19:24,FRSNR
8362,2023-08-15,ST NAZAIRE,NON,8930,22:25,ATLANTIQUE,PARIS (intramuros),LOIREPARIS,FRPMO,19:24,FRSNR
8363,2023-08-15,NICE VILLE,OUI,6180,17:15,SUD EST,ANTIBES,AZURPA,FRXAT,16:57,FRNIC
8364,2023-08-15,ANTIBES,NON,6180,19:55,SUD EST,AVIGNON TGV,AZURPA,FRAVG,17:18,FRXAT
8365,2023-08-15,ANTIBES,OUI,6180,17:29,SUD EST,CANNES,AZURPA,FRJCA,17:18,FRXAT
8366,2023-08-15,ANTIBES,OUI,6180,18:44,SUD EST,TOULON,AZURPA,FRTLN,17:18,FRXAT
8367,2023-08-15,CARCASSONNE,NON,6873,19:10,SUD EST,VALENCE TGV RHONE-ALPES SUD,JCSUDPROV,FRVLA,16:27,FRCCF
8368,2023-08-15,NARBONNE,NON,6873,19:10,SUD EST,VALENCE TGV RHONE-ALPES SUD,JCSUDPROV,FRVLA,16:59,FRXNA
8369,2023-08-15,NARBONNE,NON,6873,17:36,SUD EST,SETE,JCSUDPROV,FRXSY,16:59,FRXNA
8370,2023-08-15,SETE,NON,6873,18:24,SUD EST,NIMES,JCSUDPROV,FRFNI,17:39,FRXSY
8371,2023-08-15,BRASSAC LES MINES STE FLORINE,NON,15940,15:35,IC SRO,ISSOIRE,JOUNOREST,FRHLB,15:23,FRHLE
8372,2023-08-15,MARVEJOLS,NON,15940,13:14,IC SRO,AUMONT AUBRAC,JOUNOREST,FRINC,12:50,FRINE
8373,2023-08-15,SEVERAC LE CHATEAU,NON,15940,12:11,IC SRO,CAMPAGNAC ST GENIEZ,JOUNOREST,FRINJ,11:58,FRSVC
8374,2023-08-15,CAMPAGNAC ST GENIEZ,NON,15940,12:26,IC SRO,BANASSAC LA CANOURGUE,JOUNOREST,FRINH,12:12,FRINJ
8375,2023-08-15,BEZIERS,NON,15940,11:56,IC SRO,SEVERAC LE CHATEAU,JOUNOREST,FRSVC,09:33,FRBZR
8376,2023-08-15,BEZIERS,NON,15940,13:14,IC SRO,AUMONT AUBRAC,JOUNOREST,FRINC,09:33,FRBZR
8377,2023-08-15,BEZIERS,NON,15940,15:22,IC SRO,BRASSAC LES MINES STE FLORINE,JOUNOREST,FRHLE,09:33,FRBZR
8378,2023-08-15,BEZIERS,NON,15940,14:57,IC SRO,MASSIAC BLESLE,JOUNOREST,FRHMY,09:33,FRBZR
8379,2023-08-15,BEDARIEUX,NON,15940,13:27,IC SRO,ST CHELY D'APCHER,JOUNOREST,FRINB,10:08,FRIMH
8380,2023-08-15,AUMONT AUBRAC,NON,15940,14:27,IC SRO,NEUSSARGUES,JOUNOREST,FRNEU,13:15,FRINC
8381,2023-08-15,BEDARIEUX,NON,15940,10:33,IC SRO,CEILHES ROQUEREDONDE,JOUNOREST,FRIMC,10:08,FRIMH
8382,2023-08-15,CAMPAGNAC ST GENIEZ,NON,15940,13:27,IC SRO,ST CHELY D'APCHER,JOUNOREST,FRINB,12:12,FRINJ
8383,2023-08-15,CEILHES ROQUEREDONDE,NON,15940,12:49,IC SRO,MARVEJOLS,JOUNOREST,FRINE,10:34,FRIMC
8384,2023-08-15,SEVERAC LE CHATEAU,NON,15940,15:22,IC SRO,BRASSAC LES MINES STE FLORINE,JOUNOREST,FRHLE,11:58,FRSVC
8385,2023-08-15,BEDARIEUX,NON,15940,15:16,IC SRO,ARVANT,JOUNOREST,FRARV,10:08,FRIMH
8386,2023-08-15,ST ROME DE CERNON,NON,15940,13:27,IC SRO,ST CHELY D'APCHER,JOUNOREST,FRINB,11:07,FRINN
8387,2023-08-15,BEDARIEUX,NON,15940,11:13,IC SRO,ST GEORGES DE LUZENCON,JOUNOREST,FRINM,10:08,FRIMH
8388,2023-08-15,ST ROME DE CERNON,NON,15940,15:16,IC SRO,ARVANT,JOUNOREST,FRARV,11:07,FRINN
8389,2023-08-15,ST GEORGES DE LUZENCON,NON,15940,15:35,IC SRO,ISSOIRE,JOUNOREST,FRHLB,11:14,FRINM
8390,2023-08-15,LE BOUSQUET D'ORB,NON,15940,11:24,IC SRO,MILLAU,JOUNOREST,FRMAU,10:19,FRIMG
8391,2023-08-15,ST GEORGES DE LUZENCON,NON,15940,13:27,IC SRO,ST CHELY D'APCHER,JOUNOREST,FRINB,11:14,FRINM
8392,2023-08-15,ST GEORGES DE LUZENCON,NON,15940,15:16,IC SRO,ARVANT,JOUNOREST,FRARV,11:14,FRINM
8393,2023-08-15,LE BOUSQUET D'ORB,NON,15940,15:35,IC SRO,ISSOIRE,JOUNOREST,FRHLB,10:19,FRIMG
8394,2023-08-15,BANASSAC LA CANOURGUE,NON,15940,15:35,IC SRO,ISSOIRE,JOUNOREST,FRHLB,12:29,FRINH
8395,2023-08-15,CAMPAGNAC ST GENIEZ,NON,15940,14:27,IC SRO,NEUSSARGUES,JOUNOREST,FRNEU,12:12,FRINJ
8396,2023-08-15,CEILHES ROQUEREDONDE,NON,15940,10:58,IC SRO,TOURNEMIRE ROQUEFORT,JOUNOREST,FRINO,10:34,FRIMC
8397,2023-08-15,LE BOUSQUET D'ORB,NON,15940,10:58,IC SRO,TOURNEMIRE ROQUEFORT,JOUNOREST,FRINO,10:19,FRIMG
8398,2023-08-15,LE BOUSQUET D'ORB,NON,15940,13:27,IC SRO,ST CHELY D'APCHER,JOUNOREST,FRINB,10:19,FRIMG
8399,2023-08-15,ST ROME DE CERNON,NON,15940,11:56,IC SRO,SEVERAC LE CHATEAU,JOUNOREST,FRSVC,11:07,FRINN
8400,2023-08-15,MAGALAS,NON,15940,12:49,IC SRO,MARVEJOLS,JOUNOREST,FRINE,09:47,FRIMK
8401,2023-08-15,MAGALAS,NON,15940,15:22,IC SRO,BRASSAC LES MINES STE FLORINE,JOUNOREST,FRHLE,09:47,FRIMK
8402,2023-08-15,ST ROME DE CERNON,NON,15940,14:57,IC SRO,MASSIAC BLESLE,JOUNOREST,FRHMY,11:07,FRINN
8403,2023-08-15,MAGALAS,NON,15940,15:35,IC SRO,ISSOIRE,JOUNOREST,FRHLB,09:47,FRIMK
8404,2023-08-15,TOURNEMIRE ROQUEFORT,NON,15940,12:49,IC SRO,MARVEJOLS,JOUNOREST,FRINE,10:59,FRINO
8405,2023-08-15,BEDARIEUX,NON,15940,14:57,IC SRO,MASSIAC BLESLE,JOUNOREST,FRHMY,10:08,FRIMH
8406,2023-08-15,TOURNEMIRE ROQUEFORT,NON,15940,11:13,IC SRO,ST GEORGES DE LUZENCON,JOUNOREST,FRINM,10:59,FRINO
8407,2023-08-15,MAGALAS,NON,15940,11:13,IC SRO,ST GEORGES DE LUZENCON,JOUNOREST,FRINM,09:47,FRIMK
8408,2023-08-15,BEDARIEUX,NON,15940,12:11,IC SRO,CAMPAGNAC ST GENIEZ,JOUNOREST,FRINJ,10:08,FRIMH
8409,2023-08-15,BEZIERS,NON,15940,12:41,IC SRO,LE MONASTIER,JOUNOREST,FRLMR,09:33,FRBZR
8410,2023-08-15,LE MONASTIER,NON,15940,13:27,IC SRO,ST CHELY D'APCHER,JOUNOREST,FRINB,12:42,FRLMR
8411,2023-08-15,LE BOUSQUET D'ORB,NON,15940,12:41,IC SRO,LE MONASTIER,JOUNOREST,FRLMR,10:19,FRIMG
8412,2023-08-15,MONTBARD,NON,6703,11:29,SUD EST,BESANCON - F COMTE TGV,PABOUR,FRTJB,10:24,FRGWE
8413,2023-08-15,PARIS (intramuros),NON,6703,11:53,SUD EST,BELFORT-MONTBELIARD TGV,PABOUR,FRTJA,09:18,FRPLY
8414,2023-08-15,BELFORT-MONTBELIARD TGV,OUI,6703,12:18,SUD EST,MULHOUSE VILLE,PABOUR,FRAEK,11:56,FRTJA
8415,2023-08-15,BESANCON - F COMTE TGV,OUI,6703,12:18,SUD EST,MULHOUSE VILLE,PABOUR,FRAEK,11:32,FRTJB
8416,2023-08-15,MARSEILLE ST CHARLES,OUI,6175,15:25,SUD EST,CANNES,PAAZUR,FRJCA,13:28,FRMSC
8417,2023-08-15,MARSEILLE ST CHARLES,OUI,6175,15:38,SUD EST,ANTIBES,PAAZUR,FRXAT,13:28,FRMSC
8418,2023-08-15,PARIS (intramuros),NON,6175,15:25,SUD EST,CANNES,PAAZUR,FRJCA,10:10,FRPLY
8419,2023-08-15,PARIS (intramuros),NON,6175,13:14,SUD EST,MARSEILLE ST CHARLES,PAAZUR,FRMSC,10:10,FRPLY
8420,2023-08-15,TOULON,OUI,6175,15:38,SUD EST,ANTIBES,PAAZUR,FRXAT,14:15,FRTLN
8421,2023-08-15,LES ARCS DRAGUIGNAN,OUI,6175,15:25,SUD EST,CANNES,PAAZUR,FRJCA,14:51,FRXRS
8422,2023-08-15,LAVAL,NON,8636,20:20,ATLANTIQUE,PARIS (intramuros),BRETAPARIS,FRPMO,19:04,FRACR
8423,2023-08-15,BREST,OUI,8636,17:14,ATLANTIQUE,GUINGAMP,BRETAPARIS,FRGGP,16:13,FRBES
8424,2023-08-15,BREST,OUI,8636,17:44,ATLANTIQUE,LAMBALLE,BRETAPARIS,FRLAM,16:13,FRBES
8425,2023-08-15,BREST,OUI,8636,16:43,ATLANTIQUE,MORLAIX,BRETAPARIS,FRMXN,16:13,FRBES
8426,2023-08-15,GUINGAMP,NON,8636,20:20,ATLANTIQUE,PARIS (intramuros),BRETAPARIS,FRPMO,17:16,FRGGP
8427,2023-08-15,GUINGAMP,OUI,8636,17:31,ATLANTIQUE,ST BRIEUC,BRETAPARIS,FRSBK,17:16,FRGGP
8428,2023-08-15,LAMBALLE,OUI,8636,18:25,ATLANTIQUE,RENNES,BRETAPARIS,FRRNS,17:47,FRLAM
8429,2023-08-15,MORLAIX,NON,8636,19:01,ATLANTIQUE,LAVAL,BRETAPARIS,FRACR,16:47,FRMXN
8430,2023-08-15,MORLAIX,OUI,8636,17:44,ATLANTIQUE,LAMBALLE,BRETAPARIS,FRLAM,16:47,FRMXN
8431,2023-08-15,MORLAIX,OUI,8636,18:25,ATLANTIQUE,RENNES,BRETAPARIS,FRRNS,16:47,FRMXN
8432,2023-08-15,PARIS (intramuros),NON,9563,17:53,INTERNATIONAL,KARLSRUHE HBF,PAFRANC,DEQKA,15:21,FRPST
8433,2023-08-15,ANGOULEME,NON,5284,15:49,NORD,MASSY TGV,JCAQUINORD,FRDJU,13:36,FRANG
8434,2023-08-15,BORDEAUX ST JEAN,NON,5284,15:49,NORD,MASSY TGV,JCAQUINORD,FRDJU,12:58,FRBOJ
8435,2023-08-15,BORDEAUX ST JEAN,NON,5284,16:27,NORD,MARNE LA VALLEE CHESSY,JCAQUINORD,FRMLV,12:58,FRBOJ
8436,2023-08-15,AEROPORT CDG2 TGV ROISSY,OUI,5284,17:57,NORD,LILLE (intramuros),JCAQUINORD,FRLLE,16:47,FRMLW
8437,2023-08-15,POITIERS,NON,5284,15:49,NORD,MASSY TGV,JCAQUINORD,FRDJU,14:19,FRPIS
8438,2023-08-15,POITIERS,NON,5284,16:27,NORD,MARNE LA VALLEE CHESSY,JCAQUINORD,FRMLV,14:19,FRPIS
8439,2023-08-15,ST PIERRE DES CORPS,NON,5284,16:27,NORD,MARNE LA VALLEE CHESSY,JCAQUINORD,FRMLV,14:54,FRXSH
8440,2023-08-15,LUXEMBOURG,OUI,2892,20:52,EST,METZ VILLE,LUXMETZPA,FRADE,20:10,LULUX
8441,2023-08-15,LUXEMBOURG,NON,2892,22:20,EST,PARIS (intramuros),LUXMETZPA,FRPST,20:10,LULUX
8442,2023-08-15,PARIS (intramuros),OUI,6617,16:10,SUD EST,LYON (intramuros),PARISRHONE,FRLPE,13:52,FRPLY
8443,2023-08-15,PARIS (intramuros),OUI,6617,15:10,SUD EST,LE CREUSOT MONTCEAU MONTCHANIN,PARISRHONE,FRXCC,13:52,FRPLY
8444,2023-08-15,LE CREUSOT MONTCEAU MONTCHANIN,OUI,6617,15:56,SUD EST,LYON (intramuros),PARISRHONE,FRLPD,15:13,FRXCC
8445,2023-08-15,PARIS (intramuros),NON,9711,10:48,SUD EST,AGDE,PABARCELONE,FRXAG,06:56,FRPLY
8446,2023-08-15,AGDE,NON,9711,11:20,SUD EST,NARBONNE,PABARCELONE,FRXNA,10:51,FRXAG
8447,2023-08-15,SETE,NON,9711,11:03,SUD EST,BEZIERS,PABARCELONE,FRBZR,10:34,FRXSY
8448,2023-08-15,MONTPELLIER SUD DE FRANCE,NON,9711,10:48,SUD EST,AGDE,PABARCELONE,FRXAG,10:17,FRSUF
8449,2023-08-15,MONTPELLIER SUD DE FRANCE,NON,9711,11:56,SUD EST,PERPIGNAN,PABARCELONE,FRPGF,10:17,FRSUF
8450,2023-08-15,MONTPELLIER SUD DE FRANCE,NON,9711,11:03,SUD EST,BEZIERS,PABARCELONE,FRBZR,10:17,FRSUF
8451,2023-08-15,PERPIGNAN,NON,9711,12:27,SUD EST,FIGUERES VILA TGV,PABARCELONE,ESFIR,12:03,FRPGF
8452,2023-08-15,PARIS (intramuros),NON,9711,09:46,SUD EST,NIMES PONT DU GARD,PABARCELONE,FRXZP,06:56,FRPLY
8453,2023-08-15,NIMES PONT DU GARD,NON,9711,11:56,SUD EST,PERPIGNAN,PABARCELONE,FRPGF,09:49,FRXZP
8454,2023-08-15,NIMES PONT DU GARD,NON,9711,11:20,SUD EST,NARBONNE,PABARCELONE,FRXNA,09:49,FRXZP
8455,2023-08-15,NIMES PONT DU GARD,NON,9711,11:03,SUD EST,BEZIERS,PABARCELONE,FRBZR,09:49,FRXZP
8456,2023-08-15,CHAMBERY CHALLES LES EAUX,OUI,6941,16:32,SUD EST,ANNECY,PARISALPES,FRNCY,15:49,FRCMF
8457,2023-08-15,CHAMBERY CHALLES LES EAUX,OUI,6941,15:59,SUD EST,AIX LES BAINS LE REVARD,PARISALPES,FRXAI,15:49,FRCMF
8458,2023-08-15,MACON LOCHE TGV,OUI,6941,16:32,SUD EST,ANNECY,PARISALPES,FRNCY,14:20,FRMLT
8459,2023-08-15,MACON LOCHE TGV,OUI,6941,15:59,SUD EST,AIX LES BAINS LE REVARD,PARISALPES,FRXAI,14:20,FRMLT
8460,2023-08-15,LA ROCHELLE VILLE,NON,8388,21:40,ATLANTIQUE,PARIS (intramuros),ROCHELLEPA,FRPMO,18:37,FRLRH
8461,2023-08-15,NIORT,NON,8388,19:58,ATLANTIQUE,POITIERS,ROCHELLEPA,FRPIS,19:16,FRNIT
8462,2023-08-15,NIORT,NON,8388,20:35,ATLANTIQUE,ST PIERRE DES CORPS,ROCHELLEPA,FRXSH,19:16,FRNIT
8463,2023-08-15,NIORT,OUI,8389,19:57,ATLANTIQUE,LA ROCHELLE VILLE,PAROCHELLE,FRLRH,19:21,FRNIT
8464,2023-08-15,NIMES,OUI,6034,15:01,SUD EST,VALENCE TGV RHONE-ALPES SUD,LANGPA,FRVLA,14:19,FRFNI
8465,2023-08-15,VALENCE TGV RHONE-ALPES SUD,NON,6034,17:18,SUD EST,PARIS (intramuros),LANGPA,FRPLY,15:04,FRVLA
8466,2023-08-15,DIJON VILLE,NON,5500,21:13,EST,METZ VILLE,JCRHONRHIN,FRADE,17:50,FRABA
8467,2023-08-15,COLMAR,NON,5500,21:13,EST,METZ VILLE,JCRHONRHIN,FRADE,19:44,FRAEJ
8468,2023-08-15,COLMAR,NON,5500,20:13,EST,STRASBOURG,JCRHONRHIN,FRAEG,19:44,FRAEJ
8469,2023-08-15,NIMES,NON,5500,19:41,EST,COLMAR,JCRHONRHIN,FRAEJ,14:25,FRFNI
8470,2023-08-15,NIMES,NON,5500,15:51,EST,LYON (intramuros),JCRHONRHIN,FRLPD,14:25,FRFNI
8471,2023-08-15,MACON VILLE,NON,5500,21:13,EST,METZ VILLE,JCRHONRHIN,FRADE,16:41,FRHGU
8472,2023-08-15,MACON VILLE,NON,5500,19:09,EST,MULHOUSE VILLE,JCRHONRHIN,FRAEK,16:41,FRHGU
8473,2023-08-15,MONTPELLIER SAINT-ROCH,NON,5500,16:39,EST,MACON VILLE,JCRHONRHIN,FRHGU,13:57,FRMPL
8474,2023-08-15,MONTPELLIER SAINT-ROCH,NON,5500,15:09,EST,VALENCE TGV RHONE-ALPES SUD,JCRHONRHIN,FRVLA,13:57,FRMPL
8475,2023-08-15,BELFORT-MONTBELIARD TGV,NON,5500,20:13,EST,STRASBOURG,JCRHONRHIN,FRAEG,18:47,FRTJA
8476,2023-08-15,VALENCE TGV RHONE-ALPES SUD,NON,5500,15:51,EST,LYON (intramuros),JCRHONRHIN,FRLPD,15:12,FRVLA
8477,2023-08-15,VALENCE TGV RHONE-ALPES SUD,NON,5500,18:17,EST,BESANCON - F COMTE TGV,JCRHONRHIN,FRTJB,15:12,FRVLA
8478,2023-08-15,KAISERSLAUTERN HBF,NON,9557,22:59,INTERNATIONAL,FRANKFURT MAIN HBF,PAFRANC,DEFRH,21:37,DEKLT
8479,2023-08-15,FORBACH,NON,9557,20:57,INTERNATIONAL,SARREBRUCK/SAARBRUECKEN,PAFRANC,DESBK,20:49,FRBQT
8480,2023-08-15,PARIS (intramuros),NON,9557,22:59,INTERNATIONAL,FRANKFURT MAIN HBF,PAFRANC,DEFRH,19:07,FRPST
8481,2023-08-15,AVIGNON TGV,NON,6116,15:22,SUD EST,PARIS (intramuros),PROVENCEPA,FRPLY,12:40,FRAVG
8482,2023-08-15,BELFORT-MONTBELIARD TGV,OUI,6708,20:42,SUD EST,PARIS (intramuros),BOURPA,FRPLY,18:11,FRTJA
8483,2023-08-15,ST MAIXENT DEUX SEVRES,OUI,8395,23:31,ATLANTIQUE,LA ROCHELLE VILLE,PAROCHELLE,FRLRH,22:32,FREJC
8484,2023-08-15,POITIERS,OUI,8395,22:29,ATLANTIQUE,ST MAIXENT DEUX SEVRES,PAROCHELLE,FREJC,21:49,FRPIS
8485,2023-08-15,POITIERS,OUI,8395,23:31,ATLANTIQUE,LA ROCHELLE VILLE,PAROCHELLE,FRLRH,21:49,FRPIS
8486,2023-08-15,PARIS (intramuros),OUI,8395,22:47,ATLANTIQUE,NIORT,PAROCHELLE,FRNIT,20:24,FRPMO
8487,2023-08-15,NIMES,NON,6206,17:00,SUD EST,VALENCE TGV RHONE-ALPES SUD,LANGPA,FRVLA,16:19,FRFNI
8488,2023-08-15,MONTPELLIER SAINT-ROCH,OUI,6206,16:15,SUD EST,NIMES,LANGPA,FRFNI,15:50,FRMPL
8489,2023-08-15,PERPIGNAN,NON,6206,19:18,SUD EST,PARIS (intramuros),LANGPA,FRPLY,14:04,FRPGF
8490,2023-08-15,PERPIGNAN,OUI,6206,15:24,SUD EST,SETE,LANGPA,FRXSY,14:04,FRPGF
8491,2023-08-15,AGDE,OUI,6206,16:15,SUD EST,NIMES,LANGPA,FRFNI,15:11,FRXAG
8492,2023-08-15,NARBONNE,OUI,6206,14:54,SUD EST,BEZIERS,LANGPA,FRBZR,14:41,FRXNA
8493,2023-08-15,NARBONNE,OUI,6206,15:43,SUD EST,MONTPELLIER SAINT-ROCH,LANGPA,FRMPL,14:41,FRXNA
8494,2023-08-15,NARBONNE,NON,6206,19:18,SUD EST,PARIS (intramuros),LANGPA,FRPLY,14:41,FRXNA
8495,2023-08-15,SETE,OUI,6206,16:15,SUD EST,NIMES,LANGPA,FRFNI,15:27,FRXSY
8496,2023-08-15,SETE,OUI,6206,15:43,SUD EST,MONTPELLIER SAINT-ROCH,LANGPA,FRMPL,15:27,FRXSY
8497,2023-08-15,LUCON,NON,3833,14:32,IC SRO,SAINTES,NANTEBORDO,FRXST,13:00,FRLCN
8498,2023-08-15,LA ROCHELLE VILLE,NON,3833,16:08,IC SRO,BORDEAUX ST JEAN,NANTEBORDO,FRBOJ,13:43,FRLRH
8499,2023-08-15,NANTES,NON,3833,12:58,IC SRO,LUCON,NANTEBORDO,FRLCN,11:55,FRNTE
8500,2023-08-15,NANTES,NON,3833,14:03,IC SRO,ROCHEFORT,NANTEBORDO,FRRCO,11:55,FRNTE
8501,2023-08-15,NANTES,NON,3833,12:35,IC SRO,LA ROCHE SUR YON,NANTEBORDO,FRXRO,11:55,FRNTE
8502,2023-08-15,ROCHEFORT,NON,3833,16:08,IC SRO,BORDEAUX ST JEAN,NANTEBORDO,FRBOJ,14:05,FRRCO
8503,2023-08-15,LA ROCHE SUR YON,NON,3833,14:03,IC SRO,ROCHEFORT,NANTEBORDO,FRRCO,12:36,FRXRO
8504,2023-08-15,BEZIERS,NON,6825,22:19,SUD EST,TOULOUSE MATABIAU,JCPROVSUD,FRXYT,20:48,FRBZR
8505,2023-08-15,CARCASSONNE,OUI,6825,22:19,SUD EST,TOULOUSE MATABIAU,JCPROVSUD,FRXYT,21:36,FRCCF
8506,2023-08-15,LYON (intramuros),NON,6825,21:01,SUD EST,NARBONNE,JCPROVSUD,FRXNA,18:09,FRLPD
8507,2023-08-15,VALENCE TGV RHONE-ALPES SUD,NON,6825,20:03,SUD EST,MONTPELLIER SAINT-ROCH,JCPROVSUD,FRMPL,18:53,FRVLA
8508,2023-08-15,VALENCE TGV RHONE-ALPES SUD,NON,6825,22:19,SUD EST,TOULOUSE MATABIAU,JCPROVSUD,FRXYT,18:53,FRVLA
8509,2023-08-15,SETE,NON,6825,20:45,SUD EST,BEZIERS,JCPROVSUD,FRBZR,20:24,FRXSY
8510,2023-08-15,ANGERS ST LAUD,NON,5320,19:19,SUD EST,MASSY TGV,JCATLSUD,FRDJU,17:44,FRACL
8511,2023-08-15,ANGERS ST LAUD,NON,5320,21:47,SUD EST,LYON (intramuros),JCATLSUD,FRLPE,17:44,FRACL
8512,2023-08-15,LE MANS,NON,5320,21:30,SUD EST,LYON (intramuros),JCATLSUD,FRLPD,18:30,FRAET
8513,2023-08-15,LE MANS,NON,5320,21:47,SUD EST,LYON (intramuros),JCATLSUD,FRLPE,18:30,FRAET
8514,2023-08-15,MASSY TGV,NON,5320,21:30,SUD EST,LYON (intramuros),JCATLSUD,FRLPD,19:26,FRDJU
8515,2023-08-15,LYON (intramuros),OUI,5320,21:47,SUD EST,LYON (intramuros),JCATLSUD,FRLPE,21:39,FRLPD
8516,2023-08-15,NANTES,NON,5320,17:41,SUD EST,ANGERS ST LAUD,JCATLSUD,FRACL,17:05,FRNTE
8517,2023-08-15,NANTES,OUI,8923,17:54,ATLANTIQUE,LA BAULE ESCOUBLAC,PARISLOIRE,FRJEE,16:59,FRNTE
8518,2023-08-15,ST NAZAIRE,OUI,8923,18:09,ATLANTIQUE,LE CROISIC,PARISLOIRE,FREGU,17:37,FRSNR
8519,2023-08-15,ST NAZAIRE,OUI,8923,17:54,ATLANTIQUE,LA BAULE ESCOUBLAC,PARISLOIRE,FRJEE,17:37,FRSNR
8520,2023-08-15,MULHOUSE VILLE,OUI,6706,16:56,SUD EST,DIJON VILLE,BOURPA,FRABA,15:40,FRAEK
8521,2023-08-15,MULHOUSE VILLE,OUI,6706,17:35,SUD EST,MONTBARD,BOURPA,FRGWE,15:40,FRAEK
8522,2023-08-15,MONTBARD,OUI,6706,18:42,SUD EST,PARIS (intramuros),BOURPA,FRPLY,17:38,FRGWE
8523,2023-08-15,BESANCON - F COMTE TGV,OUI,6706,16:56,SUD EST,DIJON VILLE,BOURPA,FRABA,16:28,FRTJB
8524,2023-08-15,NEVERS,NON,5990,22:57,IC ARO,PARIS (intramuros),CLERMONTPA,FRPBE,21:00,FRNVS
8525,2023-08-15,PARIS (intramuros),OUI,2765,23:11,EST,CHARLEVILLE MEZIERES,PABARSED,FRXCZ,21:28,FRPST
8526,2023-08-15,CHARLEVILLE MEZIERES,OUI,2765,23:35,EST,SEDAN,PABARSED,FRXSW,23:20,FRXCZ
8527,2023-08-15,PARIS (intramuros),OUI,6745,19:27,SUD EST,BESANCON VIOTTE,PABOUR,FRABG,16:52,FRPLY
8528,2023-08-15,AVIGNON TGV,NON,6166,18:16,SUD EST,PARIS (intramuros),AZURPA,FRPLY,15:27,FRAVG
8529,2023-08-15,CANNES,OUI,6166,14:14,SUD EST,TOULON,AZURPA,FRTLN,13:04,FRJCA
8530,2023-08-15,NICE VILLE,OUI,6166,13:25,SUD EST,ST RAPHAEL VALESCURE,AZURPA,FRXSK,12:35,FRNIC
8531,2023-08-15,TOULON,NON,6166,15:24,SUD EST,AVIGNON TGV,AZURPA,FRAVG,14:18,FRTLN
8532,2023-08-15,ANTIBES,NON,6166,15:24,SUD EST,AVIGNON TGV,AZURPA,FRAVG,12:50,FRXAT
8533,2023-08-15,ST RAPHAEL VALESCURE,NON,6166,15:24,SUD EST,AVIGNON TGV,AZURPA,FRAVG,13:28,FRXSK
8534,2023-08-15,DIJON VILLE,NON,2087,14:25,EST,AVIGNON TGV,JCRHINRHON,FRAVG,11:21,FRABA
8535,2023-08-15,DIJON VILLE,NON,2087,15:07,EST,MARSEILLE ST CHARLES,JCRHINRHON,FRMSC,11:21,FRABA
8536,2023-08-15,STRASBOURG,NON,2087,12:19,EST,MACON VILLE,JCRHINRHON,FRHGU,09:03,FRAEG
8537,2023-08-15,MULHOUSE VILLE,NON,2087,14:49,EST,AIX EN PROVENCE TGV,JCRHINRHON,FRAIE,09:57,FRAEK
8538,2023-08-15,MULHOUSE VILLE,NON,2087,14:25,EST,AVIGNON TGV,JCRHINRHON,FRAVG,09:57,FRAEK
8539,2023-08-15,AVIGNON TGV,OUI,2087,14:49,EST,AIX EN PROVENCE TGV,JCRHINRHON,FRAIE,14:28,FRAVG
8540,2023-08-15,MACON VILLE,NON,2087,15:07,EST,MARSEILLE ST CHARLES,JCRHINRHON,FRMSC,12:22,FRHGU
8541,2023-08-15,BELFORT-MONTBELIARD TGV,NON,2087,12:19,EST,MACON VILLE,JCRHINRHON,FRHGU,10:21,FRTJA
8542,2023-08-15,BESANCON - F COMTE TGV,NON,2087,14:25,EST,AVIGNON TGV,JCRHINRHON,FRAVG,10:44,FRTJB
8543,2023-08-15,BESANCON - F COMTE TGV,NON,2087,12:19,EST,MACON VILLE,JCRHINRHON,FRHGU,10:44,FRTJB
8544,2023-08-15,BRIVE LA GAILLARDE,OUI,3645,20:39,IC ARO,CAUSSADE TARN ET GARONNE,PALITO,FRFTA,19:06,FRBVE
8545,2023-08-15,CHATEAUROUX,OUI,3645,20:54,IC ARO,MONTAUBAN VILLE BOURBON,PALITO,FRXMW,16:48,FRCHR
8546,2023-08-15,LES AUBRAIS ORLEANS,OUI,3645,19:29,IC ARO,SOUILLAC,PALITO,FRSOU,15:40,FRLAB
8547,2023-08-15,LES AUBRAIS ORLEANS,OUI,3645,21:23,IC ARO,TOULOUSE MATABIAU,PALITO,FRXYT,15:40,FRLAB
8548,2023-08-15,LES AUBRAIS ORLEANS,OUI,3645,20:12,IC ARO,CAHORS,PALITO,FRZAO,15:40,FRLAB
8549,2023-08-15,LA SOUTERRAINE,OUI,3645,19:02,IC ARO,BRIVE LA GAILLARDE,PALITO,FRBVE,17:25,FRLST
8550,2023-08-15,LA SOUTERRAINE,OUI,3645,19:46,IC ARO,GOURDON,PALITO,FRFSI,17:25,FRLST
8551,2023-08-15,LA SOUTERRAINE,OUI,3645,21:23,IC ARO,TOULOUSE MATABIAU,PALITO,FRXYT,17:25,FRLST
8552,2023-08-15,PARIS (intramuros),OUI,3645,19:02,IC ARO,BRIVE LA GAILLARDE,PALITO,FRBVE,14:40,FRPAZ
8553,2023-08-15,PARIS (intramuros),OUI,3645,21:23,IC ARO,TOULOUSE MATABIAU,PALITO,FRXYT,14:40,FRPAZ
8554,2023-08-15,SOUILLAC,OUI,3645,20:39,IC ARO,CAUSSADE TARN ET GARONNE,PALITO,FRFTA,19:31,FRSOU
8555,2023-08-15,SOUILLAC,OUI,3645,20:54,IC ARO,MONTAUBAN VILLE BOURBON,PALITO,FRXMW,19:31,FRSOU
8556,2023-08-15,SOUILLAC,OUI,3645,20:12,IC ARO,CAHORS,PALITO,FRZAO,19:31,FRSOU
8557,2023-08-15,VIERZON VILLE,OUI,3645,17:57,IC ARO,LIMOGES BENEDICTINS,PALITO,FRAGQ,16:17,FRXVZ
8558,2023-08-15,VIERZON VILLE,OUI,3645,20:12,IC ARO,CAHORS,PALITO,FRZAO,16:17,FRXVZ
8559,2023-08-15,LA SOUTERRAINE,OUI,3645,20:54,IC ARO,MONTAUBAN VILLE BOURBON,PALITO,FRXMW,17:25,FRLST
8560,2023-08-15,TARBES,OUI,8589,20:07,ATLANTIQUE,PAU,SUDOUESTPA,FRAEE,19:26,FRXTB
8561,2023-08-15,TARBES,NON,8589,00:27,ATLANTIQUE,PARIS (intramuros),SUDOUESTPA,FRPMO,19:26,FRXTB
8562,2023-08-15,ORTHEZ,NON,3742,06:08,IC NUIT,LES AUBRAIS ORLEANS,PALOMBEPAR,FRLAB,21:22,FRGFI
8563,2023-08-15,BAYONNE,NON,3742,06:08,IC NUIT,LES AUBRAIS ORLEANS,PALOMBEPAR,FRLAB,19:37,FRXBY
8564,2023-08-15,BAYONNE,NON,3742,07:19,IC NUIT,PARIS (intramuros),PALOMBEPAR,FRPAZ,19:37,FRXBY
8565,2023-08-15,ST JEAN DE LUZ CIBOURE,NON,3742,07:19,IC NUIT,PARIS (intramuros),PALOMBEPAR,FRPAZ,19:10,FRXJZ
8566,2023-08-15,ST GAUDENS,NON,3742,06:08,IC NUIT,LES AUBRAIS ORLEANS,PALOMBEPAR,FRLAB,23:12,FRFPH
8567,2023-08-15,AVIGNON TGV,NON,5102,10:48,NORD,MARSEILLE ST CHARLES,JCNORDSUD,FRMSC,10:14,FRAVG
8568,2023-08-15,LILLE (intramuros),OUI,5102,06:50,NORD,AEROPORT CDG2 TGV ROISSY,JCNORDSUD,FRMLW,06:00,FRLLE
8569,2023-08-15,VALENCE TGV RHONE-ALPES SUD,NON,6054,22:08,SUD EST,PARIS (intramuros),LANGPA,FRPLY,19:54,FRVLA
8570,2023-08-15,SURGERES,OUI,8392,22:35,ATLANTIQUE,POITIERS,ROCHELLEPA,FRPIS,21:30,FREIP
8571,2023-08-15,LA ROCHELLE VILLE,OUI,8392,21:47,ATLANTIQUE,NIORT,ROCHELLEPA,FRNIT,21:09,FRLRH
8572,2023-08-15,NIORT,OUI,8392,23:12,ATLANTIQUE,ST PIERRE DES CORPS,ROCHELLEPA,FRXSH,21:50,FRNIT
8573,2023-08-15,LORIENT,OUI,8731,21:28,ATLANTIQUE,QUIMPER,PARISBRETA,FRUIP,20:54,FRLRT
8574,2023-08-15,PARIS (intramuros),OUI,8731,20:24,ATLANTIQUE,VANNES,PARISBRETA,FRVNE,17:56,FRPMO
8575,2023-08-15,RENNES,OUI,8731,21:28,ATLANTIQUE,QUIMPER,PARISBRETA,FRUIP,19:29,FRRNS
8576,2023-08-15,NIMES,OUI,6223,20:34,SUD EST,SETE,PALANG,FRXSY,19:47,FRFNI
8577,2023-08-15,PARIS (intramuros),OUI,6223,20:34,SUD EST,SETE,PALANG,FRXSY,16:42,FRPLY
8578,2023-08-15,VALENCE TGV RHONE-ALPES SUD,OUI,6223,20:49,SUD EST,AGDE,PALANG,FRXAG,19:01,FRVLA
8579,2023-08-15,VALENCE TGV RHONE-ALPES SUD,OUI,6223,21:20,SUD EST,NARBONNE,PALANG,FRXNA,19:01,FRVLA
8580,2023-08-15,KARLSRUHE HBF,NON,9561,10:59,INTERNATIONAL,FRANKFURT MAIN HBF,PAFRANC,DEFRH,09:55,DEQKA
8581,2023-08-15,STRASBOURG,NON,9561,09:53,INTERNATIONAL,KARLSRUHE HBF,PAFRANC,DEQKA,09:12,FRAEG
8582,2023-08-15,BORDEAUX ST JEAN,NON,12268,14:52,ATLANTIQUE,PARIS (intramuros),SUDOUESTPA,FRPMO,12:46,FRBOJ
8583,2023-08-15,DAX,OUI,8541,16:56,ATLANTIQUE,HENDAYE,PASUDOUEST,FRAEF,15:41,FRACG
8584,2023-08-15,DAX,OUI,8541,16:26,ATLANTIQUE,BIARRITZ,PASUDOUEST,FRBIQ,15:41,FRACG
8585,2023-08-15,DAX,OUI,8541,16:14,ATLANTIQUE,BAYONNE,PASUDOUEST,FRXBY,15:41,FRACG
8586,2023-08-15,BIARRITZ,OUI,8541,16:42,ATLANTIQUE,ST JEAN DE LUZ CIBOURE,PASUDOUEST,FRXJZ,16:29,FRBIQ
8587,2023-08-15,BORDEAUX ST JEAN,OUI,8541,15:37,ATLANTIQUE,DAX,PASUDOUEST,FRACG,14:21,FRBOJ
8588,2023-08-15,PARIS (intramuros),OUI,8541,16:26,ATLANTIQUE,BIARRITZ,PASUDOUEST,FRBIQ,12:08,FRPMO
8589,2023-08-15,PARIS (intramuros),OUI,8541,16:42,ATLANTIQUE,ST JEAN DE LUZ CIBOURE,PASUDOUEST,FRXJZ,12:08,FRPMO
8590,2023-08-15,BAYONNE,OUI,8541,16:56,ATLANTIQUE,HENDAYE,PASUDOUEST,FRAEF,16:17,FRXBY
8591,2023-08-15,PARIS (intramuros),OUI,6033,11:57,SUD EST,VALENCE TGV RHONE-ALPES SUD,PALANG,FRVLA,09:42,FRPLY
8592,2023-08-15,NIMES,NON,2204,16:39,EST,MACON VILLE,JCRHONRHIN,FRHGU,14:25,FRFNI
8593,2023-08-15,MACON VILLE,NON,2204,19:09,EST,MULHOUSE VILLE,JCRHONRHIN,FRAEK,16:41,FRHGU
8594,2023-08-15,LYON (intramuros),NON,2204,17:40,EST,DIJON VILLE,JCRHONRHIN,FRABA,16:04,FRLPD
8595,2023-08-15,MONTPELLIER SAINT-ROCH,NON,2204,19:41,EST,COLMAR,JCRHONRHIN,FRAEJ,13:57,FRMPL
8596,2023-08-15,MONTPELLIER SAINT-ROCH,NON,2204,18:17,EST,BESANCON - F COMTE TGV,JCRHONRHIN,FRTJB,13:57,FRMPL
8597,2023-08-15,VALENCE TGV RHONE-ALPES SUD,NON,2204,17:40,EST,DIJON VILLE,JCRHONRHIN,FRABA,15:12,FRVLA
8598,2023-08-15,VALENCE TGV RHONE-ALPES SUD,NON,2204,15:51,EST,LYON (intramuros),JCRHONRHIN,FRLPD,15:12,FRVLA
8599,2023-08-15,VALENCE TGV RHONE-ALPES SUD,NON,2204,18:17,EST,BESANCON - F COMTE TGV,JCRHONRHIN,FRTJB,15:12,FRVLA
8600,2023-08-15,LANDERNEAU,OUI,8657,05:52,ATLANTIQUE,BREST,PARISBRETA,FRBES,05:38,FRXLD
8601,2023-08-15,PARIS (intramuros),OUI,6627,20:10,SUD EST,LYON (intramuros),PARISRHONE,FRLPE,17:52,FRPLY
8602,2023-08-15,NIMES,OUI,9812,14:03,NORD,MONTPELLIER SAINT-ROCH,JCNORDSUD,FRMPL,13:36,FRFNI
8603,2023-08-15,MARNE LA VALLEE CHESSY,NON,9812,12:45,NORD,VALENCE TGV RHONE-ALPES SUD,JCNORDSUD,FRVLA,10:13,FRMLV
8604,2023-08-15,AEROPORT CDG2 TGV ROISSY,NON,9812,10:08,NORD,MARNE LA VALLEE CHESSY,JCNORDSUD,FRMLV,09:59,FRMLW
8605,2023-08-15,PARIS (intramuros),OUI,8751,21:25,ATLANTIQUE,RENNES,PARISBRETA,FRRNS,19:54,FRPMO
8606,2023-08-15,PARIS (intramuros),OUI,8751,22:28,ATLANTIQUE,VANNES,PARISBRETA,FRVNE,19:54,FRPMO
8607,2023-08-15,PARIS (intramuros),OUI,8751,22:03,ATLANTIQUE,REDON,PARISBRETA,FRXRN,19:54,FRPMO
8608,2023-08-15,RENNES,OUI,8751,22:59,ATLANTIQUE,LORIENT,PARISBRETA,FRLRT,21:29,FRRNS
8609,2023-08-15,RENNES,OUI,8751,22:28,ATLANTIQUE,VANNES,PARISBRETA,FRVNE,21:29,FRRNS
8610,2023-08-15,MARSEILLE ST CHARLES,OUI,6134,20:20,SUD EST,AIX EN PROVENCE TGV,PROVENCEPA,FRAIE,20:09,FRMSC
8611,2023-08-15,BORDEAUX ST JEAN,NON,4655,10:15,IC ARO,BEZIERS,TJOURSOSE,FRBZR,06:28,FRBOJ
8612,2023-08-15,BORDEAUX ST JEAN,NON,4655,09:27,IC ARO,CARCASSONNE,TJOURSOSE,FRCCF,06:28,FRBOJ
8613,2023-08-15,BORDEAUX ST JEAN,NON,4655,10:54,IC ARO,MONTPELLIER SAINT-ROCH,TJOURSOSE,FRMPL,06:28,FRBOJ
8614,2023-08-15,BORDEAUX ST JEAN,NON,4655,09:58,IC ARO,NARBONNE,TJOURSOSE,FRXNA,06:28,FRBOJ
8615,2023-08-15,BEZIERS,NON,4655,12:36,IC ARO,MARSEILLE ST CHARLES,TJOURSOSE,FRMSC,10:18,FRBZR
8616,2023-08-15,CARCASSONNE,NON,4655,11:22,IC ARO,NIMES,TJOURSOSE,FRFNI,09:29,FRCCF
8617,2023-08-15,MONTAUBAN VILLE BOURBON,NON,4655,10:54,IC ARO,MONTPELLIER SAINT-ROCH,TJOURSOSE,FRMPL,08:10,FRXMW
8618,2023-08-15,MONTAUBAN VILLE BOURBON,NON,4655,09:58,IC ARO,NARBONNE,TJOURSOSE,FRXNA,08:10,FRXMW
8619,2023-08-15,MONTAUBAN VILLE BOURBON,OUI,4655,08:37,IC ARO,TOULOUSE MATABIAU,TJOURSOSE,FRXYT,08:10,FRXMW
8620,2023-08-15,NARBONNE,NON,4655,12:36,IC ARO,MARSEILLE ST CHARLES,TJOURSOSE,FRMSC,10:01,FRXNA
8621,2023-08-15,TOULOUSE MATABIAU,NON,4655,11:22,IC ARO,NIMES,TJOURSOSE,FRFNI,08:45,FRXYT
8622,2023-08-15,TOULOUSE MATABIAU,NON,4655,10:54,IC ARO,MONTPELLIER SAINT-ROCH,TJOURSOSE,FRMPL,08:45,FRXYT
8623,2023-08-15,LOURDES,NON,14150,18:52,IC SRO,TARBES,SUDOUEST,FRXTB,18:39,FRLDE
8624,2023-08-15,DIJON VILLE,NON,6704,14:02,SUD EST,MONTBARD,BOURPA,FRGWE,13:27,FRABA
8625,2023-08-15,DIJON VILLE,NON,6704,15:08,SUD EST,PARIS (intramuros),BOURPA,FRPLY,13:27,FRABA
8626,2023-08-15,BELFORT-MONTBELIARD TGV,OUI,6704,13:23,SUD EST,DIJON VILLE,BOURPA,FRABA,12:31,FRTJA
8627,2023-08-15,BELFORT-MONTBELIARD TGV,NON,6704,14:02,SUD EST,MONTBARD,BOURPA,FRGWE,12:31,FRTJA
8628,2023-08-15,LYON-SAINT EXUPERY TGV,OUI,6928,23:46,SUD EST,PARIS (intramuros),GRENOBLEPA,FRPLY,21:54,FRJDQ
8629,2023-08-15,AEROPORT CDG2 TGV ROISSY,NON,5482,13:12,EST,STRASBOURG,JCATLEST,FRAEG,11:22,FRMLW
8630,2023-08-15,NANTES,NON,5482,12:32,EST,LORRAINE TGV,JCATLEST,FREAM,08:03,FRNTE
8631,2023-08-15,NANTES,NON,5482,11:09,EST,AEROPORT CDG2 TGV ROISSY,JCATLEST,FRMLW,08:03,FRNTE
8632,2023-08-15,DIJON VILLE,OUI,5535,22:26,EST,MACON VILLE,JCRHINRHON,FRHGU,21:29,FRABA
8633,2023-08-15,STRASBOURG,NON,5535,23:04,EST,LYON (intramuros),JCRHINRHON,FRLPD,19:03,FRAEG
8634,2023-08-15,STRASBOURG,OUI,5535,20:26,EST,BELFORT-MONTBELIARD TGV,JCRHINRHON,FRTJA,19:03,FRAEG
8635,2023-08-15,COLMAR,OUI,5535,20:26,EST,BELFORT-MONTBELIARD TGV,JCRHINRHON,FRTJA,19:33,FRAEJ
8636,2023-08-15,BESANCON - F COMTE TGV,OUI,5535,23:18,EST,LYON (intramuros),JCRHINRHON,FRLPE,20:52,FRTJB
8637,2023-08-15,PARIS (intramuros),OUI,2465,22:24,EST,STRASBOURG,PASTRAMULH,FRAEG,20:25,FRPST
8638,2023-08-15,PARIS (intramuros),OUI,2465,21:38,EST,LORRAINE TGV,PASTRAMULH,FREAM,20:25,FRPST
8639,2023-08-15,ST MAIXENT DEUX SEVRES,OUI,8391,20:58,ATLANTIQUE,SURGERES,PAROCHELLE,FREIP,20:21,FREJC
8640,2023-08-15,ST MAIXENT DEUX SEVRES,OUI,8391,20:37,ATLANTIQUE,NIORT,PAROCHELLE,FRNIT,20:21,FREJC
8641,2023-08-15,NIORT,OUI,8391,20:58,ATLANTIQUE,SURGERES,PAROCHELLE,FREIP,20:40,FRNIT
8642,2023-08-15,PARIS (intramuros),OUI,8391,19:45,ATLANTIQUE,POITIERS,PAROCHELLE,FRPIS,18:24,FRPMO
8643,2023-08-15,DOUAI,OUI,7130,18:08,NORD,PARIS (intramuros),ARRASPA,FRPNO,16:51,FRXDN
8644,2023-08-15,DIJON VILLE,NON,6702,10:42,SUD EST,PARIS (intramuros),BOURPA,FRPLY,09:06,FRABA
8645,2023-08-15,POITIERS,OUI,8461,00:01,ATLANTIQUE,ANGOULEME,PASUDOUEST,FRANG,23:24,FRPIS
8646,2023-08-15,THIONVILLE,OUI,2843,22:52,EST,LUXEMBOURG,PAMETZLUX,LULUX,22:30,FRXTH
8647,2023-08-15,DAX,NON,8585,19:35,ATLANTIQUE,BORDEAUX ST JEAN,SUDOUESTPA,FRBOJ,18:17,FRACG
8648,2023-08-15,ORTHEZ,OUI,8585,18:13,ATLANTIQUE,DAX,SUDOUESTPA,FRACG,17:44,FRGFI
8649,2023-08-15,ORTHEZ,NON,8585,21:52,ATLANTIQUE,PARIS (intramuros),SUDOUESTPA,FRPMO,17:44,FRGFI
8650,2023-08-15,LOURDES,OUI,8585,17:41,ATLANTIQUE,ORTHEZ,SUDOUESTPA,FRGFI,16:49,FRLDE
8651,2023-08-15,LOURDES,NON,8585,21:52,ATLANTIQUE,PARIS (intramuros),SUDOUESTPA,FRPMO,16:49,FRLDE
8652,2023-08-15,TARBES,NON,8585,21:52,ATLANTIQUE,PARIS (intramuros),SUDOUESTPA,FRPMO,16:25,FRXTB
8653,2023-08-15,LORIENT,OUI,8739,22:13,ATLANTIQUE,QUIMPERLE,PARISBRETA,FRECO,22:02,FRLRT
8654,2023-08-15,PARIS (intramuros),OUI,8739,19:55,ATLANTIQUE,LAVAL,PARISBRETA,FRACR,18:40,FRPMO
8655,2023-08-15,PARIS (intramuros),OUI,8739,22:30,ATLANTIQUE,ROSPORDEN,PARISBRETA,FRRSP,18:40,FRPMO
8656,2023-08-15,PARIS (intramuros),OUI,8739,21:41,ATLANTIQUE,AURAY,PARISBRETA,FRXUY,18:40,FRPMO
8657,2023-08-15,RENNES,OUI,8739,22:30,ATLANTIQUE,ROSPORDEN,PARISBRETA,FRRSP,20:29,FRRNS
8658,2023-08-15,RENNES,OUI,8739,22:45,ATLANTIQUE,QUIMPER,PARISBRETA,FRUIP,20:29,FRRNS
8659,2023-08-15,RENNES,OUI,8739,21:41,ATLANTIQUE,AURAY,PARISBRETA,FRXUY,20:29,FRRNS
8660,2023-08-15,VANNES,OUI,8739,22:13,ATLANTIQUE,QUIMPERLE,PARISBRETA,FRECO,21:31,FRVNE
8661,2023-08-15,VANNES,OUI,8739,22:45,ATLANTIQUE,QUIMPER,PARISBRETA,FRUIP,21:31,FRVNE
8662,2023-08-15,AURAY,OUI,8739,22:13,ATLANTIQUE,QUIMPERLE,PARISBRETA,FRECO,21:44,FRXUY
8663,2023-08-15,AURAY,OUI,8739,21:59,ATLANTIQUE,LORIENT,PARISBRETA,FRLRT,21:44,FRXUY
8664,2023-08-15,STRASBOURG,OUI,9591,20:02,EST,RINGSHEIM/EU-PARK,PASTRAMULH,DERSH,19:11,FRAEG
8665,2023-08-15,PARIS (intramuros),OUI,7445,16:18,NORD,LILLE (intramuros),PALILLE,FRADJ,15:16,FRPNO
8666,2023-08-15,BORDEAUX ST JEAN,NON,4669,21:58,IC ARO,NARBONNE,TJOURSOSE,FRXNA,18:28,FRBOJ
8667,2023-08-15,CARCASSONNE,OUI,4669,22:34,IC ARO,SETE,TJOURSOSE,FRXSY,21:29,FRCCF
8668,2023-08-15,MARMANDE,NON,4669,21:27,IC ARO,CARCASSONNE,TJOURSOSE,FRCCF,19:06,FRXMR
8669,2023-08-15,MARMANDE,NON,4669,23:22,IC ARO,NIMES,TJOURSOSE,FRFNI,19:06,FRXMR
8670,2023-08-15,NARBONNE,OUI,4669,22:34,IC ARO,SETE,TJOURSOSE,FRXSY,22:01,FRXNA
8671,2023-08-15,SETE,OUI,4669,23:22,IC ARO,NIMES,TJOURSOSE,FRFNI,22:36,FRXSY
8672,2023-08-15,SETE,OUI,4669,22:54,IC ARO,MONTPELLIER SAINT-ROCH,TJOURSOSE,FRMPL,22:36,FRXSY
8673,2023-08-15,TOULOUSE MATABIAU,OUI,4669,21:27,IC ARO,CARCASSONNE,TJOURSOSE,FRCCF,20:45,FRXYT
8674,2023-08-15,LE MANS,NON,2206,19:29,EST,STRASBOURG,JCATLEST,FRAEG,15:30,FRAET
8675,2023-08-15,LE MANS,NON,2206,17:13,EST,AEROPORT CDG2 TGV ROISSY,JCATLEST,FRMLW,15:30,FRAET
8676,2023-08-15,MARNE LA VALLEE CHESSY,NON,2206,18:00,EST,CHAMPAGNE-ARDENNE,JCATLEST,FREAH,17:03,FRMLV
8677,2023-08-15,AEROPORT CDG2 TGV ROISSY,NON,2206,19:29,EST,STRASBOURG,JCATLEST,FRAEG,17:29,FRMLW
8678,2023-08-15,NANTES,NON,2206,19:29,EST,STRASBOURG,JCATLEST,FRAEG,14:09,FRNTE
8679,2023-08-15,NANTES,NON,2206,17:13,EST,AEROPORT CDG2 TGV ROISSY,JCATLEST,FRMLW,14:09,FRNTE
8680,2023-08-15,ANGERS ST LAUD,NON,9886,08:18,NORD,MASSY TGV,JCBRETNORD,FRDJU,06:41,FRACL
8681,2023-08-15,ANGERS ST LAUD,NON,9886,08:57,NORD,MARNE LA VALLEE CHESSY,JCBRETNORD,FRMLV,06:41,FRACL
8682,2023-08-15,ANGERS ST LAUD,NON,9886,09:45,NORD,TGV HAUTE PICARDIE,JCBRETNORD,FRTHP,06:41,FRACL
8683,2023-08-15,MASSY TGV,NON,9886,09:45,NORD,TGV HAUTE PICARDIE,JCBRETNORD,FRTHP,08:26,FRDJU
8684,2023-08-15,MARNE LA VALLEE CHESSY,NON,9886,11:01,NORD,BRUXELLES MIDI BRUSSEL ZUID,JCBRETNORD,BEBMI,09:01,FRMLV
8685,2023-08-15,NANTES,OUI,9886,06:38,NORD,ANGERS ST LAUD,JCBRETNORD,FRACL,06:01,FRNTE
8686,2023-08-15,NANTES,NON,9886,08:57,NORD,MARNE LA VALLEE CHESSY,JCBRETNORD,FRMLV,06:01,FRNTE
8687,2023-08-15,NANTES,NON,9886,09:45,NORD,TGV HAUTE PICARDIE,JCBRETNORD,FRTHP,06:01,FRNTE
8688,2023-08-15,TGV HAUTE PICARDIE,OUI,9886,11:01,NORD,BRUXELLES MIDI BRUSSEL ZUID,JCBRETNORD,BEBMI,09:50,FRTHP
8689,2023-08-15,MASSY TGV,NON,9886,11:01,NORD,BRUXELLES MIDI BRUSSEL ZUID,JCBRETNORD,BEBMI,08:26,FRDJU
8690,2023-08-15,FORBACH,NON,9551,12:59,INTERNATIONAL,FRANKFURT MAIN HBF,PAFRANC,DEFRH,10:47,FRBQT
8691,2023-08-15,PARIS (intramuros),NON,9551,12:59,INTERNATIONAL,FRANKFURT MAIN HBF,PAFRANC,DEFRH,09:06,FRPST
8692,2023-08-15,DAX,OUI,8547,18:13,ATLANTIQUE,BAYONNE,PASUDOUEST,FRXBY,17:42,FRACG
8693,2023-08-15,BORDEAUX ST JEAN,NON,8547,18:56,ATLANTIQUE,HENDAYE,PASUDOUEST,FRAEF,16:21,FRBOJ
8694,2023-08-15,CHAMBERY CHALLES LES EAUX,NON,6980,21:14,SUD EST,PARIS (intramuros),ALPESPARIS,FRPLY,18:22,FRCMF
8695,2023-08-15,MACON LOCHE TGV,NON,6980,21:14,SUD EST,PARIS (intramuros),ALPESPARIS,FRPLY,19:42,FRMLT
8696,2023-08-15,AIX LES BAINS LE REVARD,OUI,6980,18:08,SUD EST,CHAMBERY CHALLES LES EAUX,ALPESPARIS,FRCMF,17:59,FRXAI
8697,2023-08-15,NIORT,OUI,8393,22:25,ATLANTIQUE,LA ROCHELLE VILLE,PAROCHELLE,FRLRH,21:44,FRNIT
8698,2023-08-15,PARIS (intramuros),OUI,8393,21:41,ATLANTIQUE,NIORT,PAROCHELLE,FRNIT,19:16,FRPMO
8699,2023-08-15,PARIS (intramuros),OUI,8393,20:55,ATLANTIQUE,POITIERS,PAROCHELLE,FRPIS,19:16,FRPMO
8700,2023-08-15,ST PIERRE DES CORPS,OUI,8393,21:41,ATLANTIQUE,NIORT,PAROCHELLE,FRNIT,20:23,FRXSH
8701,2023-08-15,QUIMPERLE,NON,8742,19:45,ATLANTIQUE,REDON,BRETAPARIS,FRXRN,18:36,FRECO
8702,2023-08-15,LORIENT,NON,8742,19:45,ATLANTIQUE,REDON,BRETAPARIS,FRXRN,18:50,FRLRT
8703,2023-08-15,ROSPORDEN,OUI,8742,18:34,ATLANTIQUE,QUIMPERLE,BRETAPARIS,FRECO,18:21,FRRSP
8704,2023-08-15,ROSPORDEN,NON,8742,21:56,ATLANTIQUE,PARIS (intramuros),BRETAPARIS,FRPMO,18:21,FRRSP
8705,2023-08-15,QUIMPER,OUI,8742,18:47,ATLANTIQUE,LORIENT,BRETAPARIS,FRLRT,18:08,FRUIP
8706,2023-08-15,QUIMPER,NON,8742,21:56,ATLANTIQUE,PARIS (intramuros),BRETAPARIS,FRPMO,18:08,FRUIP
8707,2023-08-15,QUIMPER,NON,8742,19:45,ATLANTIQUE,REDON,BRETAPARIS,FRXRN,18:08,FRUIP
8708,2023-08-15,QUIMPER,OUI,8742,19:05,ATLANTIQUE,AURAY,BRETAPARIS,FRXUY,18:08,FRUIP
8709,2023-08-15,VANNES,NON,8742,19:45,ATLANTIQUE,REDON,BRETAPARIS,FRXRN,19:21,FRVNE
8710,2023-08-15,AURAY,NON,8742,21:56,ATLANTIQUE,PARIS (intramuros),BRETAPARIS,FRPMO,19:08,FRXUY
8711,2023-08-15,BORDEAUX ST JEAN,OUI,12260,15:20,ATLANTIQUE,ANGOULEME,SUDOUESTPA,FRANG,14:46,FRBOJ
8712,2023-08-15,BORDEAUX ST JEAN,NON,12260,17:12,ATLANTIQUE,PARIS (intramuros),SUDOUESTPA,FRPMO,14:46,FRBOJ
8713,2023-08-15,LE MANS,OUI,8874,15:25,ATLANTIQUE,PARIS (intramuros),LOIREPARIS,FRPMO,14:26,FRAET
8714,2023-08-15,CHAMPAGNE-ARDENNE,NON,2552,21:51,EST,PARIS (intramuros),NANCYPA,FRPST,21:10,FREAH
8715,2023-08-15,NANCY,NON,2552,21:07,EST,CHAMPAGNE-ARDENNE,NANCYPA,FREAH,20:14,FRENC
8716,2023-08-15,STRASBOURG,OUI,2377,21:19,EST,COLMAR,PASTRAMULH,FRAEJ,20:47,FRAEG
8717,2023-08-15,PARIS (intramuros),NON,2377,21:06,EST,SELESTAT,PASTRAMULH,FRXSQ,18:55,FRPST
8718,2023-08-15,SELESTAT,OUI,2377,21:19,EST,COLMAR,PASTRAMULH,FRAEJ,21:08,FRXSQ
8719,2023-08-15,ANGOULEME,NON,8488,19:33,ATLANTIQUE,PARIS (intramuros),SUDOUESTPA,FRPMO,17:26,FRANG
8720,2023-08-15,LE MANS,NON,8122,17:25,ATLANTIQUE,PARIS (intramuros),LOIREPARIS,FRPMO,16:26,FRAET
8721,2023-08-15,NANTES,OUI,8122,15:41,ATLANTIQUE,ANGERS ST LAUD,LOIREPARIS,FRACL,15:05,FRNTE
8722,2023-08-15,NANTES,NON,8122,17:25,ATLANTIQUE,PARIS (intramuros),LOIREPARIS,FRPMO,15:05,FRNTE
8723,2023-08-15,ANGOULEME,OUI,8447,18:44,ATLANTIQUE,BORDEAUX ST JEAN,PASUDOUEST,FRBOJ,18:08,FRANG
8724,2023-08-15,PARIS (intramuros),OUI,8447,18:05,ATLANTIQUE,ANGOULEME,PASUDOUEST,FRANG,16:03,FRPMO
8725,2023-08-15,PARIS (intramuros),OUI,8447,18:44,ATLANTIQUE,BORDEAUX ST JEAN,PASUDOUEST,FRBOJ,16:03,FRPMO
8726,2023-08-15,NANTES,OUI,8804,07:41,ATLANTIQUE,ANGERS ST LAUD,LOIREPARIS,FRACL,07:05,FRNTE
8727,2023-08-15,KARLSRUHE HBF,NON,9570,20:13,INTERNATIONAL,STRASBOURG,MUNSTUTPA,FRAEG,19:32,DEQKA
8728,2023-08-15,STUTTGART HBF,NON,9570,22:05,INTERNATIONAL,PARIS (intramuros),MUNSTUTPA,FRPST,18:52,DESGT
8729,2023-08-15,STUTTGART HBF,NON,9577,21:04,INTERNATIONAL,AUGSBURG HBF,PASTUTMUN,DEAGB,19:20,DESGT
8730,2023-08-15,STUTTGART HBF,NON,9577,21:36,INTERNATIONAL,MUENCHEN HBF,PASTUTMUN,DEBEG,19:20,DESGT
8731,2023-08-15,STUTTGART HBF,NON,9577,20:21,INTERNATIONAL,ULM HBF,PASTUTMUN,DEQUL,19:20,DESGT
8732,2023-08-15,LAMBALLE,NON,8615,14:12,ATLANTIQUE,MORLAIX,PARISBRETA,FRMXN,13:10,FRLAM
8733,2023-08-15,MORLAIX,OUI,8615,14:47,ATLANTIQUE,BREST,PARISBRETA,FRBES,14:14,FRMXN
8734,2023-08-15,PLOUARET TREGOR,OUI,8615,14:47,ATLANTIQUE,BREST,PARISBRETA,FRBES,13:56,FRPLT
8735,2023-08-15,RENNES,NON,8615,14:47,ATLANTIQUE,BREST,PARISBRETA,FRBES,12:32,FRRNS
8736,2023-08-15,RENNES,NON,8615,13:37,ATLANTIQUE,GUINGAMP,PARISBRETA,FRGGP,12:32,FRRNS
8737,2023-08-15,RENNES,NON,8615,14:12,ATLANTIQUE,MORLAIX,PARISBRETA,FRMXN,12:32,FRRNS
8738,2023-08-15,RENNES,NON,8615,13:20,ATLANTIQUE,ST BRIEUC,PARISBRETA,FRSBK,12:32,FRRNS
8739,2023-08-15,ST BRIEUC,OUI,8615,13:53,ATLANTIQUE,PLOUARET TREGOR,PARISBRETA,FRPLT,13:23,FRSBK
8740,2023-08-15,POITIERS,OUI,8483,10:12,ATLANTIQUE,BORDEAUX ST JEAN,PASUDOUEST,FRBOJ,08:23,FRPIS
8741,2023-08-15,PARIS (intramuros),OUI,8483,09:03,ATLANTIQUE,ANGOULEME,PASUDOUEST,FRANG,06:49,FRPMO
8742,2023-08-15,PARIS (intramuros),OUI,8483,08:11,ATLANTIQUE,POITIERS,PASUDOUEST,FRPIS,06:49,FRPMO
8743,2023-08-15,PARIS (intramuros),OUI,8483,09:45,ATLANTIQUE,LIBOURNE,PASUDOUEST,FRXLR,06:49,FRPMO
8744,2023-08-15,PARIS (intramuros),OUI,8313,17:43,ATLANTIQUE,TOURS,PAROCHELLE,FRAFW,16:28,FRPMO
8745,2023-08-15,PARIS (intramuros),OUI,8313,17:13,ATLANTIQUE,VENDOME VILLIERS SUR LOIR,PAROCHELLE,FRESL,16:28,FRPMO
8746,2023-08-15,ST PIERRE DES CORPS,OUI,8313,17:43,ATLANTIQUE,TOURS,PAROCHELLE,FRAFW,17:38,FRXSH
8747,2023-08-15,MASSY TGV,NON,5210,10:29,NORD,LE MANS,JCNORDBRET,FRAET,09:39,FRDJU
8748,2023-08-15,LILLE (intramuros),OUI,5210,09:34,NORD,MASSY TGV,JCNORDBRET,FRDJU,07:52,FRLLE
8749,2023-08-15,MARNE LA VALLEE CHESSY,NON,5210,10:29,NORD,LE MANS,JCNORDBRET,FRAET,09:02,FRMLV
8750,2023-08-15,ST ETIENNE CHATEAUCREUX,OUI,6694,12:54,SUD EST,LYON (intramuros),RHONEPARIS,FRLPD,12:11,FRHHD
8751,2023-08-15,ST ETIENNE CHATEAUCREUX,NON,6694,15:00,SUD EST,PARIS (intramuros),RHONEPARIS,FRPLY,12:11,FRHHD
8752,2023-08-15,ANGERS ST LAUD,OUI,9832,19:50,NORD,NANTES,JCNORDBRET,FRNTE,19:12,FRACL
8753,2023-08-15,MASSY TGV,NON,9832,19:50,NORD,NANTES,JCNORDBRET,FRNTE,17:39,FRDJU
8754,2023-08-15,LILLE (intramuros),NON,9832,19:09,NORD,ANGERS ST LAUD,JCNORDBRET,FRACL,15:52,FRLLE
8755,2023-08-15,LILLE (intramuros),NON,9832,16:58,NORD,MARNE LA VALLEE CHESSY,JCNORDBRET,FRMLV,15:52,FRLLE
8756,2023-08-15,AEROPORT CDG2 TGV ROISSY,NON,9832,18:29,NORD,LE MANS,JCNORDBRET,FRAET,16:49,FRMLW
8757,2023-08-15,PARIS (intramuros),OUI,7195,22:40,NORD,ARRAS,PAARRAS,FRQRV,21:52,FRPNO
8758,2023-08-15,LES AUBRAIS ORLEANS,NON,3741,08:14,IC NUIT,ORTHEZ,PARPALOMBE,FRGFI,22:24,FRLAB
8759,2023-08-15,PARIS (intramuros),NON,3741,07:50,IC NUIT,PAU,PARPALOMBE,FRAEE,20:41,FRPAZ
8760,2023-08-15,NEVERS,OUI,5963,16:55,IC ARO,VICHY,PACLERMONT,FRVHY,15:59,FRNVS
8761,2023-08-15,PARIS (intramuros),OUI,5963,17:29,IC ARO,CLERMONT FERRAND,PACLERMONT,FRCFE,14:00,FRPBE
8762,2023-08-15,PARIS (intramuros),OUI,5963,17:17,IC ARO,RIOM CHATEL GUYON,PACLERMONT,FRRIO,14:00,FRPBE
8763,2023-08-15,RIOM CHATEL GUYON,OUI,5963,17:29,IC ARO,CLERMONT FERRAND,PACLERMONT,FRCFE,17:19,FRRIO
8764,2023-08-15,VICHY,OUI,5963,17:29,IC ARO,CLERMONT FERRAND,PACLERMONT,FRCFE,16:57,FRVHY
8765,2023-08-15,MOULINS SUR ALLIER,OUI,5963,17:17,IC ARO,RIOM CHATEL GUYON,PACLERMONT,FRRIO,16:30,FRXMU
8766,2023-08-15,AIX EN PROVENCE TGV,OUI,6122,15:35,SUD EST,AVIGNON TGV,PROVENCEPA,FRAVG,15:16,FRAIE
8767,2023-08-15,MARSEILLE ST CHARLES,OUI,6122,15:13,SUD EST,AIX EN PROVENCE TGV,PROVENCEPA,FRAIE,15:02,FRMSC
8768,2023-08-15,MARSEILLE ST CHARLES,OUI,6122,15:35,SUD EST,AVIGNON TGV,PROVENCEPA,FRAVG,15:02,FRMSC
8769,2023-08-15,MARSEILLE ST CHARLES,NON,6122,18:22,SUD EST,PARIS (intramuros),PROVENCEPA,FRPLY,15:02,FRMSC
8770,2023-08-15,NIORT,OUI,8379,15:18,ATLANTIQUE,LA ROCHELLE VILLE,PAROCHELLE,FRLRH,14:41,FRNIT
8771,2023-08-15,POITIERS,OUI,8379,14:38,ATLANTIQUE,NIORT,PAROCHELLE,FRNIT,13:55,FRPIS
8772,2023-08-15,PARIS (intramuros),OUI,8379,15:18,ATLANTIQUE,LA ROCHELLE VILLE,PAROCHELLE,FRLRH,12:16,FRPMO
8773,2023-08-15,PARIS (intramuros),OUI,8379,13:52,ATLANTIQUE,POITIERS,PAROCHELLE,FRPIS,12:16,FRPMO
8774,2023-08-15,ST PIERRE DES CORPS,OUI,8379,13:52,ATLANTIQUE,POITIERS,PAROCHELLE,FRPIS,13:20,FRXSH
8775,2023-08-15,PARIS (intramuros),NON,9555,19:35,INTERNATIONAL,KAISERSLAUTERN HBF,PAFRANC,DEKLT,17:10,FRPST
8776,2023-08-15,GUINGAMP,NON,8692,22:08,ATLANTIQUE,PARIS (intramuros),BRETAPARIS,FRPMO,19:25,FRGGP
8777,2023-08-15,LANNION,OUI,8692,20:29,ATLANTIQUE,RENNES,BRETAPARIS,FRRNS,18:55,FRLAI
8778,2023-08-15,ST BRIEUC,NON,8692,22:08,ATLANTIQUE,PARIS (intramuros),BRETAPARIS,FRPMO,19:43,FRSBK
8779,2023-08-15,ST BRIEUC,OUI,8692,20:29,ATLANTIQUE,RENNES,BRETAPARIS,FRRNS,19:43,FRSBK
8780,2023-08-15,PARIS (intramuros),OUI,2471,23:41,EST,STRASBOURG,PASTRAMULH,FRAEG,21:55,FRPST
8781,2023-08-15,FREIBURG BREISGAU HBF,NON,9402,20:20,EST,PARIS (intramuros),MULHSTRAPA,FRPST,16:45,DEFGB
8782,2023-08-15,FREIBURG BREISGAU HBF,OUI,9402,17:16,EST,LAHR SCHWARZW,MULHSTRAPA,DEANL,16:45,DEFGB
8783,2023-08-15,RINGSHEIM/EU-PARK,OUI,9402,17:16,EST,LAHR SCHWARZW,MULHSTRAPA,DEANL,17:08,DERSH
8784,2023-08-15,RINGSHEIM/EU-PARK,NON,9402,19:35,EST,CHAMPAGNE-ARDENNE,MULHSTRAPA,FREAH,17:08,DERSH
8785,2023-08-15,MODANE,NON,9241,13:49,INTERNATIONAL,MILANO P GARIBALDI,PAITALIE,ITMPG,10:55,FRAGR
8786,2023-08-15,MODANE,NON,9241,12:23,INTERNATIONAL,TORINO PORTA SUSA,PAITALIE,ITTRS,10:55,FRAGR
8787,2023-08-15,CHAMBERY CHALLES LES EAUX,NON,9241,13:49,INTERNATIONAL,MILANO P GARIBALDI,PAITALIE,ITMPG,09:44,FRCMF
8788,2023-08-15,MACON LOCHE TGV,NON,9241,11:23,INTERNATIONAL,OULX CESANA CLAV SESTRIERE,PAITALIE,ITOCS,08:19,FRMLT
8789,2023-08-15,PARIS (intramuros),NON,9241,09:36,INTERNATIONAL,CHAMBERY CHALLES LES EAUX,PAITALIE,FRCMF,06:46,FRPLY
8790,2023-08-15,PARIS (intramuros),NON,9241,12:23,INTERNATIONAL,TORINO PORTA SUSA,PAITALIE,ITTRS,06:46,FRPLY
8791,2023-08-15,AIX EN PROVENCE TGV,NON,9868,19:57,NORD,LILLE (intramuros),JCSUDNORD,FRLLE,15:24,FRAIE
8792,2023-08-15,AVIGNON TGV,NON,9868,20:43,NORD,BRUXELLES MIDI BRUSSEL ZUID,JCSUDNORD,BEBMI,15:46,FRAVG
8793,2023-08-15,AVIGNON TGV,NON,9868,16:53,NORD,LYON (intramuros),JCSUDNORD,FRLPD,15:46,FRAVG
8794,2023-08-15,AVIGNON TGV,NON,9868,19:01,NORD,AEROPORT CDG2 TGV ROISSY,JCSUDNORD,FRMLW,15:46,FRAVG
8795,2023-08-15,MARSEILLE ST CHARLES,NON,9868,20:43,NORD,BRUXELLES MIDI BRUSSEL ZUID,JCSUDNORD,BEBMI,15:11,FRMSC
8796,2023-08-15,MARSEILLE ST CHARLES,OUI,9868,15:21,NORD,AIX EN PROVENCE TGV,JCSUDNORD,FRAIE,15:11,FRMSC
8797,2023-08-15,MARSEILLE ST CHARLES,NON,9868,16:53,NORD,LYON (intramuros),JCSUDNORD,FRLPD,15:11,FRMSC
8798,2023-08-15,PARIS (intramuros),OUI,2815,12:52,EST,LUXEMBOURG,PAMETZLUX,LULUX,10:40,FRPST
8799,2023-08-15,THIONVILLE,OUI,2815,12:52,EST,LUXEMBOURG,PAMETZLUX,LULUX,12:30,FRXTH
8800,2023-08-15,PARIS (intramuros),NON,8717,13:25,ATLANTIQUE,RENNES,PARISBRETA,FRRNS,11:53,FRPMO
8801,2023-08-15,PARIS (intramuros),NON,8717,15:34,ATLANTIQUE,QUIMPER,PARISBRETA,FRUIP,11:53,FRPMO
8802,2023-08-15,RENNES,NON,8717,15:34,ATLANTIQUE,QUIMPER,PARISBRETA,FRUIP,13:29,FRRNS
8803,2023-08-15,PARIS (intramuros),OUI,6709,18:52,SUD EST,DIJON VILLE,PABOUR,FRABA,17:18,FRPLY
8804,2023-08-15,PARIS (intramuros),OUI,6709,19:46,SUD EST,BELFORT-MONTBELIARD TGV,PABOUR,FRTJA,17:18,FRPLY
8805,2023-08-15,PARIS (intramuros),OUI,6709,19:22,SUD EST,BESANCON - F COMTE TGV,PABOUR,FRTJB,17:18,FRPLY
8806,2023-08-15,BELFORT-MONTBELIARD TGV,NON,9203,11:26,INTERNATIONAL,ZUERICH HB,PABALZUR,CHAJD,09:41,FRTJA
8807,2023-08-15,AIX EN PROVENCE TGV,NON,5066,12:45,NORD,AVIGNON TGV,JCSUDNORD,FRAVG,12:26,FRAIE
8808,2023-08-15,AVIGNON TGV,NON,5066,13:54,NORD,LYON (intramuros),JCSUDNORD,FRLPD,12:48,FRAVG
8809,2023-08-15,AVIGNON TGV,NON,5066,15:46,NORD,MARNE LA VALLEE CHESSY,JCSUDNORD,FRMLV,12:48,FRAVG
8810,2023-08-15,AVIGNON TGV,NON,5066,16:00,NORD,AEROPORT CDG2 TGV ROISSY,JCSUDNORD,FRMLW,12:48,FRAVG
8811,2023-08-15,LYON (intramuros),NON,5066,16:00,NORD,AEROPORT CDG2 TGV ROISSY,JCSUDNORD,FRMLW,14:00,FRLPD
8812,2023-08-15,MARNE LA VALLEE CHESSY,NON,5066,16:57,NORD,LILLE (intramuros),JCSUDNORD,FRLLE,15:50,FRMLV
8813,2023-08-15,MARSEILLE ST CHARLES,NON,5066,16:57,NORD,LILLE (intramuros),JCSUDNORD,FRLLE,12:12,FRMSC
8814,2023-08-15,MARSEILLE ST CHARLES,NON,5066,13:54,NORD,LYON (intramuros),JCSUDNORD,FRLPD,12:12,FRMSC
8815,2023-08-15,PARIS (intramuros),NON,9761,09:29,INTERNATIONAL,GENEVE,PAGENEVE,CHGVA,06:18,FRPLY
8816,2023-08-15,AGEN,NON,4661,17:48,IC ARO,ARLES,TJOURSOSE,FRHZA,13:33,FRAGF
8817,2023-08-15,AGEN,NON,4661,16:52,IC ARO,MONTPELLIER SAINT-ROCH,TJOURSOSE,FRMPL,13:33,FRAGF
8818,2023-08-15,AGEN,NON,4661,18:35,IC ARO,MARSEILLE ST CHARLES,TJOURSOSE,FRMSC,13:33,FRAGF
8819,2023-08-15,AGEN,NON,4661,15:58,IC ARO,NARBONNE,TJOURSOSE,FRXNA,13:33,FRAGF
8820,2023-08-15,BORDEAUX ST JEAN,NON,4661,16:14,IC ARO,BEZIERS,TJOURSOSE,FRBZR,12:28,FRBOJ
8821,2023-08-15,BEZIERS,NON,4661,17:20,IC ARO,NIMES,TJOURSOSE,FRFNI,16:17,FRBZR
8822,2023-08-15,CARCASSONNE,NON,4661,16:14,IC ARO,BEZIERS,TJOURSOSE,FRBZR,15:30,FRCCF
8823,2023-08-15,CARCASSONNE,NON,4661,17:20,IC ARO,NIMES,TJOURSOSE,FRFNI,15:30,FRCCF
8824,2023-08-15,NIMES,OUI,4661,17:48,IC ARO,ARLES,TJOURSOSE,FRHZA,17:23,FRFNI
8825,2023-08-15,MONTAUBAN VILLE BOURBON,NON,4661,17:48,IC ARO,ARLES,TJOURSOSE,FRHZA,14:10,FRXMW
8826,2023-08-15,AVIGNON TGV,NON,6170,16:34,SUD EST,PARIS (intramuros),AZURPA,FRPLY,13:56,FRAVG
8827,2023-08-15,NICE VILLE,NON,6170,13:53,SUD EST,AVIGNON TGV,AZURPA,FRAVG,10:54,FRNIC
8828,2023-08-15,ANTIBES,NON,6170,16:34,SUD EST,PARIS (intramuros),AZURPA,FRPLY,11:16,FRXAT
8829,2023-08-15,ANTIBES,OUI,6170,12:43,SUD EST,TOULON,AZURPA,FRTLN,11:16,FRXAT
8830,2023-08-15,MONTAUBAN VILLE BOURBON,NON,3750,06:50,IC NUIT,PARIS (intramuros),OCCITANPAR,FRPAZ,22:46,FRXMW
8831,2023-08-15,TOULOUSE MATABIAU,NON,3750,05:40,IC NUIT,LES AUBRAIS ORLEANS,OCCITANPAR,FRLAB,22:18,FRXYT
8832,2023-08-15,ARRAS,OUI,7112,10:08,NORD,PARIS (intramuros),ARRASPA,FRPNO,09:18,FRQRV
8833,2023-08-15,TOULON,NON,5772,07:54,IC NUIT,PARIS (intramuros),AZURPAR,FRPAZ,20:56,FRTLN
8834,2023-08-15,ANTIBES,NON,5772,07:54,IC NUIT,PARIS (intramuros),AZURPAR,FRPAZ,19:24,FRXAT
8835,2023-08-15,BEZIERS,NON,6871,11:07,SUD EST,VALENCE TGV RHONE-ALPES SUD,JCSUDPROV,FRVLA,09:15,FRBZR
8836,2023-08-15,CARCASSONNE,OUI,6871,09:36,SUD EST,SETE,JCSUDPROV,FRXSY,08:27,FRCCF
8837,2023-08-15,NARBONNE,NON,6871,11:07,SUD EST,VALENCE TGV RHONE-ALPES SUD,JCSUDPROV,FRVLA,08:59,FRXNA
8838,2023-08-15,NIMES PONT DU GARD,NON,6871,11:50,SUD EST,LYON (intramuros),JCSUDPROV,FRLPD,10:29,FRXZP
8839,2023-08-15,NARBONNE,NON,6871,10:26,SUD EST,NIMES PONT DU GARD,JCSUDPROV,FRXZP,08:59,FRXNA
8840,2023-08-15,TOURS,OUI,8320,19:01,ATLANTIQUE,ST PIERRE DES CORPS,ROCHELLEPA,FRXSH,18:56,FRAFW
8841,2023-08-15,ST PIERRE DES CORPS,OUI,8320,20:12,ATLANTIQUE,PARIS (intramuros),ROCHELLEPA,FRPMO,19:04,FRXSH
8842,2023-08-15,DAX,OUI,8536,13:40,ATLANTIQUE,BORDEAUX ST JEAN,SUDOUESTPA,FRBOJ,12:24,FRACG
8843,2023-08-15,HENDAYE,OUI,8536,13:40,ATLANTIQUE,BORDEAUX ST JEAN,SUDOUESTPA,FRBOJ,11:09,FRAEF
8844,2023-08-15,BIARRITZ,NON,8536,15:52,ATLANTIQUE,PARIS (intramuros),SUDOUESTPA,FRPMO,11:34,FRBIQ
8845,2023-08-15,ST JEAN DE LUZ CIBOURE,OUI,8536,11:31,ATLANTIQUE,BIARRITZ,SUDOUESTPA,FRBIQ,11:21,FRXJZ
8846,2023-08-15,ST JEAN DE LUZ CIBOURE,OUI,8536,13:40,ATLANTIQUE,BORDEAUX ST JEAN,SUDOUESTPA,FRBOJ,11:21,FRXJZ
8847,2023-08-15,ST JEAN DE LUZ CIBOURE,OUI,8536,11:45,ATLANTIQUE,BAYONNE,SUDOUESTPA,FRXBY,11:21,FRXJZ
8848,2023-08-15,PERPIGNAN,NON,9704,16:39,SUD EST,NARBONNE,BARCELONEPA,FRXNA,16:05,FRPGF
8849,2023-08-15,VALENCE TGV RHONE-ALPES SUD,NON,9704,21:18,SUD EST,PARIS (intramuros),BARCELONEPA,FRPLY,19:06,FRVLA
8850,2023-08-15,NARBONNE,NON,9704,18:18,SUD EST,NIMES,BARCELONEPA,FRFNI,16:42,FRXNA
8851,2023-08-15,NARBONNE,NON,9704,17:43,SUD EST,MONTPELLIER SAINT-ROCH,BARCELONEPA,FRMPL,16:42,FRXNA
8852,2023-08-15,NARBONNE,NON,9704,17:24,SUD EST,SETE,BARCELONEPA,FRXSY,16:42,FRXNA
8853,2023-08-15,SETE,NON,9704,19:03,SUD EST,VALENCE TGV RHONE-ALPES SUD,BARCELONEPA,FRVLA,17:27,FRXSY
8854,2023-08-15,BARCELONA SANTS,NON,9704,18:18,SUD EST,NIMES,BARCELONEPA,FRFNI,14:32,ESBST
8855,2023-08-15,GIRONA,NON,9704,15:52,SUD EST,PERPIGNAN,BARCELONEPA,FRPGF,15:13,ESGRO
8856,2023-08-15,BARCELONA SANTS,NON,9704,17:08,SUD EST,AGDE,BARCELONEPA,FRXAG,14:32,ESBST
8857,2023-08-15,LYON-SAINT EXUPERY TGV,OUI,6193,15:56,SUD EST,AVIGNON CENTRE,PAVDR,FRAES,14:11,FRJDQ
8858,2023-08-15,LYON-SAINT EXUPERY TGV,OUI,6193,15:09,SUD EST,MONTELIMAR GARE SNCF,PAVDR,FRXMK,14:11,FRJDQ
8859,2023-08-15,PARIS (intramuros),OUI,6193,16:36,SUD EST,MIRAMAS,PAVDR,FRMAZ,12:14,FRPLY
8860,2023-08-15,VALENCE VILLE,OUI,6193,16:36,SUD EST,MIRAMAS,PAVDR,FRMAZ,14:49,FRVAF
8861,2023-08-15,NANTES,OUI,8148,21:41,ATLANTIQUE,ANGERS ST LAUD,LOIREPARIS,FRACL,21:03,FRNTE
8862,2023-08-15,PARIS (intramuros),OUI,6715,21:58,SUD EST,DIJON VILLE,PABOUR,FRABA,20:22,FRPLY
8863,2023-08-15,PARIS (intramuros),OUI,6715,22:52,SUD EST,BELFORT-MONTBELIARD TGV,PABOUR,FRTJA,20:22,FRPLY
8864,2023-08-15,PERPIGNAN,OUI,6052,18:57,SUD EST,BEZIERS,LANGPA,FRBZR,18:04,FRPGF
8865,2023-08-15,VALENCE TGV RHONE-ALPES SUD,NON,6052,23:05,SUD EST,PARIS (intramuros),LANGPA,FRPLY,20:54,FRVLA
8866,2023-08-15,MONTPELLIER SUD DE FRANCE,NON,6052,20:51,SUD EST,VALENCE TGV RHONE-ALPES SUD,LANGPA,FRVLA,19:52,FRSUF
8867,2023-08-15,NARBONNE,NON,6052,19:47,SUD EST,MONTPELLIER SUD DE FRANCE,LANGPA,FRSUF,18:43,FRXNA
8868,2023-08-15,AGDE,NON,6052,19:47,SUD EST,MONTPELLIER SUD DE FRANCE,LANGPA,FRSUF,19:14,FRXAG
8869,2023-08-15,NARBONNE,NON,6052,20:10,SUD EST,NIMES PONT DU GARD,LANGPA,FRXZP,18:43,FRXNA
8870,2023-08-15,AGDE,NON,6052,20:10,SUD EST,NIMES PONT DU GARD,LANGPA,FRXZP,19:14,FRXAG
8871,2023-08-15,PARIS (intramuros),OUI,2613,17:04,EST,METZ VILLE,PAMETZLUX,FRADE,15:40,FRPST
8872,2023-08-15,VENDOME VILLIERS SUR LOIR,OUI,8323,22:05,ATLANTIQUE,ST PIERRE DES CORPS,PAROCHELLE,FRXSH,21:46,FRESL
8873,2023-08-15,PARIS (intramuros),OUI,8323,22:19,ATLANTIQUE,TOURS,PAROCHELLE,FRAFW,20:58,FRPMO
8874,2023-08-15,PARIS (intramuros),OUI,8323,22:05,ATLANTIQUE,ST PIERRE DES CORPS,PAROCHELLE,FRXSH,20:58,FRPMO
8875,2023-08-15,ST PIERRE DES CORPS,OUI,8323,22:19,ATLANTIQUE,TOURS,PAROCHELLE,FRAFW,22:13,FRXSH
8876,2023-08-15,CANNES,OUI,6182,20:03,SUD EST,AVIGNON TGV,AZURPA,FRAVG,17:05,FRJCA
8877,2023-08-15,CANNES,OUI,6182,18:41,SUD EST,TOULON,AZURPA,FRTLN,17:05,FRJCA
8878,2023-08-15,NICE VILLE,NON,6182,22:50,SUD EST,PARIS (intramuros),AZURPA,FRPLY,16:34,FRNIC
8879,2023-08-15,NICE VILLE,OUI,6182,16:49,SUD EST,ANTIBES,AZURPA,FRXAT,16:34,FRNIC
8880,2023-08-15,NICE VILLE,OUI,6182,17:33,SUD EST,ST RAPHAEL VALESCURE,AZURPA,FRXSK,16:34,FRNIC
8881,2023-08-15,ANTIBES,NON,6182,22:50,SUD EST,PARIS (intramuros),AZURPA,FRPLY,16:52,FRXAT
8882,2023-08-15,DAX,OUI,8574,19:14,ATLANTIQUE,LOURDES,PASUDOUEST,FRLDE,17:46,FRACG
8883,2023-08-15,BORDEAUX ST JEAN,OUI,8574,18:15,ATLANTIQUE,ORTHEZ,PASUDOUEST,FRGFI,16:21,FRBOJ
8884,2023-08-15,MASSY TGV,OUI,8574,18:44,ATLANTIQUE,PAU,PASUDOUEST,FRAEE,14:15,FRDJU
8885,2023-08-15,ORTHEZ,OUI,8574,19:14,ATLANTIQUE,LOURDES,PASUDOUEST,FRLDE,18:17,FRGFI
8886,2023-08-15,PARIS (intramuros),OUI,8574,17:38,ATLANTIQUE,DAX,PASUDOUEST,FRACG,14:03,FRPMO
8887,2023-08-15,PARIS (intramuros),NON,3755,05:08,IC NUIT,GRAMAT,PAVERMEIL,FRFSB,22:12,FRPAZ
8888,2023-08-15,PARIS (intramuros),NON,3755,07:06,IC NUIT,RODEZ,PAVERMEIL,FRRDZ,22:12,FRPAZ
8889,2023-08-15,PARIS (intramuros),NON,3755,06:09,IC NUIT,VIVIEZ DECAZEVILLE,PAVERMEIL,FRVZD,22:12,FRPAZ
8890,2023-08-15,PARIS (intramuros),OUI,5789,06:27,IC NUIT,VEYNES DEVOLUY,PABRIANCON,FRVDY,20:51,FRPAZ
8891,2023-08-15,PARIS (intramuros),OUI,5789,08:26,IC NUIT,BRIANCON,PABRIANCON,FRXBC,20:51,FRPAZ
8892,2023-08-15,ANGERS ST LAUD,OUI,5488,22:19,EST,NANTES,JCESTATL,FRNTE,21:43,FRACL
8893,2023-08-15,STRASBOURG,NON,5488,20:04,EST,MASSY TGV,JCESTATL,FRDJU,17:01,FRAEG
8894,2023-08-15,STRASBOURG,NON,5488,19:06,EST,AEROPORT CDG2 TGV ROISSY,JCESTATL,FRMLW,17:01,FRAEG
8895,2023-08-15,CHAMPAGNE-ARDENNE,NON,5488,19:06,EST,AEROPORT CDG2 TGV ROISSY,JCESTATL,FRMLW,18:35,FREAH
8896,2023-08-15,MEUSE TGV,NON,5488,19:31,EST,MARNE LA VALLEE CHESSY,JCESTATL,FRMLV,18:09,FREAJ
8897,2023-08-15,MEUSE TGV,NON,5488,19:06,EST,AEROPORT CDG2 TGV ROISSY,JCESTATL,FRMLW,18:09,FREAJ
8898,2023-08-15,LORRAINE TGV,NON,5488,21:40,EST,ANGERS ST LAUD,JCESTATL,FRACL,17:42,FREAM
8899,2023-08-15,LORRAINE TGV,NON,5488,19:31,EST,MARNE LA VALLEE CHESSY,JCESTATL,FRMLV,17:42,FREAM
8900,2023-08-15,LORRAINE TGV,NON,5488,19:06,EST,AEROPORT CDG2 TGV ROISSY,JCESTATL,FRMLW,17:42,FREAM
8901,2023-08-15,AEROPORT CDG2 TGV ROISSY,NON,5488,19:31,EST,MARNE LA VALLEE CHESSY,JCESTATL,FRMLV,19:21,FRMLW
8902,2023-08-15,AEROPORT CDG2 TGV ROISSY,NON,5488,22:19,EST,NANTES,JCESTATL,FRNTE,19:21,FRMLW
8903,2023-08-15,MEUSE TGV,NON,5488,21:40,EST,ANGERS ST LAUD,JCESTATL,FRACL,18:09,FREAJ
8904,2023-08-15,METZ VILLE,OUI,2839,21:52,EST,LUXEMBOURG,PAMETZLUX,LULUX,21:10,FRADE
8905,2023-08-15,PARIS (intramuros),NON,2839,21:52,EST,LUXEMBOURG,PAMETZLUX,LULUX,19:40,FRPST
8906,2023-08-15,THIONVILLE,OUI,2839,21:52,EST,LUXEMBOURG,PAMETZLUX,LULUX,21:30,FRXTH
8907,2023-08-15,VALENCE TGV RHONE-ALPES SUD,OUI,6055,22:08,SUD EST,MONTPELLIER SUD DE FRANCE,PALANG,FRSUF,21:10,FRVLA
8908,2023-08-15,LAVAL,NON,8723,18:12,ATLANTIQUE,QUIMPERLE,PARISBRETA,FRECO,16:00,FRACR
8909,2023-08-15,LAVAL,NON,8723,17:59,ATLANTIQUE,LORIENT,PARISBRETA,FRLRT,16:00,FRACR
8910,2023-08-15,LAVAL,NON,8723,16:25,ATLANTIQUE,RENNES,PARISBRETA,FRRNS,16:00,FRACR
8911,2023-08-15,QUIMPERLE,OUI,8723,18:44,ATLANTIQUE,QUIMPER,PARISBRETA,FRUIP,18:15,FRECO
8912,2023-08-15,PARIS (intramuros),NON,8723,16:25,ATLANTIQUE,RENNES,PARISBRETA,FRRNS,14:41,FRPMO
8913,2023-08-15,PARIS (intramuros),NON,8723,17:40,ATLANTIQUE,AURAY,PARISBRETA,FRXUY,14:41,FRPMO
8914,2023-08-15,ROSPORDEN,OUI,8723,18:44,ATLANTIQUE,QUIMPER,PARISBRETA,FRUIP,18:31,FRRSP
8915,2023-08-15,VANNES,OUI,8723,17:59,ATLANTIQUE,LORIENT,PARISBRETA,FRLRT,17:31,FRVNE
8916,2023-08-15,VANNES,OUI,8723,18:44,ATLANTIQUE,QUIMPER,PARISBRETA,FRUIP,17:31,FRVNE
8917,2023-08-15,REDON,NON,8723,17:59,ATLANTIQUE,LORIENT,PARISBRETA,FRLRT,17:05,FRXRN
8918,2023-08-15,BORDEAUX ST JEAN,NON,12274,19:10,ATLANTIQUE,MASSY TGV,SUDOUESTPA,FRDJU,17:08,FRBOJ
8919,2023-08-15,MASSY TGV,NON,12274,19:24,ATLANTIQUE,PARIS (intramuros),SUDOUESTPA,FRPMO,19:13,FRDJU
8920,2023-08-15,STRASBOURG,OUI,5470,10:58,EST,MEUSE TGV,JCESTATL,FREAJ,10:01,FRAEG
8921,2023-08-15,MASSY TGV,NON,5470,14:47,EST,RENNES,JCESTATL,FRRNS,13:10,FRDJU
8922,2023-08-15,CHAMPAGNE-ARDENNE,NON,5470,13:59,EST,LE MANS,JCESTATL,FRAET,11:28,FREAH
8923,2023-08-15,LORRAINE TGV,NON,5470,12:01,EST,AEROPORT CDG2 TGV ROISSY,JCESTATL,FRMLW,10:40,FREAM
8924,2023-08-15,MARNE LA VALLEE CHESSY,NON,5470,13:59,EST,LE MANS,JCESTATL,FRAET,12:30,FRMLV
8925,2023-08-15,AEROPORT CDG2 TGV ROISSY,NON,5470,13:59,EST,LE MANS,JCESTATL,FRAET,12:16,FRMLW
8926,2023-08-15,AEROPORT CDG2 TGV ROISSY,NON,5470,12:26,EST,MARNE LA VALLEE CHESSY,JCESTATL,FRMLV,12:16,FRMLW
8927,2023-08-15,AEROPORT CDG2 TGV ROISSY,NON,5470,14:47,EST,RENNES,JCESTATL,FRRNS,12:16,FRMLW
8928,2023-08-15,LILLE (intramuros),OUI,5124,23:53,NORD,MARSEILLE ST CHARLES,JCNORDSUD,FRMSC,18:22,FRLLE
8929,2023-08-15,LILLE (intramuros),OUI,5124,19:06,NORD,TGV HAUTE PICARDIE,JCNORDSUD,FRTHP,18:22,FRLLE
8930,2023-08-15,MARNE LA VALLEE CHESSY,OUI,5124,23:14,NORD,AVIGNON TGV,JCNORDSUD,FRAVG,20:13,FRMLV
8931,2023-08-15,STRASBOURG,OUI,2588,15:43,EST,SAVERNE,NANCYPA,FRSNE,15:21,FRAEG
8932,2023-08-15,SAVERNE,OUI,2588,16:49,EST,NANCY,NANCYPA,FRENC,15:46,FRSNE
8933,2023-08-15,METZ VILLE,NON,9877,11:11,EST,DIJON VILLE,JCRHINRHON,FRABA,08:08,FRADE
8934,2023-08-15,METZ VILLE,NON,9877,13:00,EST,LYON (intramuros),JCRHINRHON,FRLPD,08:08,FRADE
8935,2023-08-15,METZ VILLE,NON,9877,15:07,EST,MARSEILLE ST CHARLES,JCRHINRHON,FRMSC,08:08,FRADE
8936,2023-08-15,METZ VILLE,NON,9877,10:18,EST,BELFORT-MONTBELIARD TGV,JCRHINRHON,FRTJA,08:08,FRADE
8937,2023-08-15,STRASBOURG,NON,9877,14:25,EST,AVIGNON TGV,JCRHINRHON,FRAVG,09:03,FRAEG
8938,2023-08-15,MULHOUSE VILLE,NON,9877,14:49,EST,AIX EN PROVENCE TGV,JCRHINRHON,FRAIE,09:57,FRAEK
8939,2023-08-15,MULHOUSE VILLE,NON,9877,13:00,EST,LYON (intramuros),JCRHINRHON,FRLPD,09:57,FRAEK
8940,2023-08-15,MULHOUSE VILLE,NON,9877,10:41,EST,BESANCON - F COMTE TGV,JCRHINRHON,FRTJB,09:57,FRAEK
8941,2023-08-15,AVIGNON TGV,NON,9877,14:49,EST,AIX EN PROVENCE TGV,JCRHINRHON,FRAIE,14:28,FRAVG
8942,2023-08-15,AVIGNON TGV,NON,9877,15:07,EST,MARSEILLE ST CHARLES,JCRHINRHON,FRMSC,14:28,FRAVG
8943,2023-08-15,BELFORT-MONTBELIARD TGV,NON,9877,14:25,EST,AVIGNON TGV,JCRHINRHON,FRAVG,10:21,FRTJA
8944,2023-08-15,BELFORT-MONTBELIARD TGV,NON,9877,15:07,EST,MARSEILLE ST CHARLES,JCRHINRHON,FRMSC,10:21,FRTJA
8945,2023-08-15,BELFORT-MONTBELIARD TGV,NON,9877,10:41,EST,BESANCON - F COMTE TGV,JCRHINRHON,FRTJB,10:21,FRTJA
8946,2023-08-15,BESANCON - F COMTE TGV,NON,9877,15:07,EST,MARSEILLE ST CHARLES,JCRHINRHON,FRMSC,10:44,FRTJB
8947,2023-08-15,VALENCE TGV RHONE-ALPES SUD,NON,9877,15:07,EST,MARSEILLE ST CHARLES,JCRHINRHON,FRMSC,13:51,FRVLA
8948,2023-08-15,THIONVILLE,OUI,9877,08:56,EST,STRASBOURG,JCRHINRHON,FRAEG,07:47,FRXTH
8949,2023-08-15,LUXEMBOURG,NON,9877,10:41,EST,BESANCON - F COMTE TGV,JCRHINRHON,FRTJB,07:24,LULUX
8950,2023-08-15,LUXEMBOURG,OUI,9877,07:45,EST,THIONVILLE,JCRHINRHON,FRXTH,07:24,LULUX
8951,2023-08-15,RENNES,OUI,8729,19:56,ATLANTIQUE,LORIENT,PARISBRETA,FRLRT,18:29,FRRNS
8952,2023-08-15,RENNES,OUI,8729,19:24,ATLANTIQUE,VANNES,PARISBRETA,FRVNE,18:29,FRRNS
8953,2023-08-15,VANNES,OUI,8729,19:56,ATLANTIQUE,LORIENT,PARISBRETA,FRLRT,19:27,FRVNE
8954,2023-08-15,ZUERICH HB,NON,9226,16:28,INTERNATIONAL,BASEL SBB,ZURBALPA,CHAJP,15:34,CHAJD
8955,2023-08-15,ZUERICH HB,NON,9226,19:38,INTERNATIONAL,PARIS (intramuros),ZURBALPA,FRPLY,15:34,CHAJD
8956,2023-08-15,BASEL SBB,NON,9226,19:38,INTERNATIONAL,PARIS (intramuros),ZURBALPA,FRPLY,16:34,CHAJP
8957,2023-08-15,DIJON VILLE,NON,9226,19:38,INTERNATIONAL,PARIS (intramuros),ZURBALPA,FRPLY,18:02,FRABA
8958,2023-08-15,STRASBOURG,OUI,5450,11:23,EST,ANGOULEME,JCESTATL,FRANG,06:18,FRAEG
8959,2023-08-15,STRASBOURG,OUI,5450,07:36,EST,CHAMPAGNE-ARDENNE,JCESTATL,FREAH,06:18,FRAEG
8960,2023-08-15,STRASBOURG,OUI,5450,10:41,EST,POITIERS,JCESTATL,FRPIS,06:18,FRAEG
8961,2023-08-15,MASSY TGV,OUI,5450,10:41,EST,POITIERS,JCESTATL,FRPIS,09:09,FRDJU
8962,2023-08-15,CHAMPAGNE-ARDENNE,OUI,5450,09:04,EST,MASSY TGV,JCESTATL,FRDJU,07:45,FREAH
8963,2023-08-15,LORRAINE TGV,OUI,5450,10:41,EST,POITIERS,JCESTATL,FRPIS,06:56,FREAM
8964,2023-08-15,PARIS (intramuros),NON,5789,05:40,IC NUIT,LUC EN DIOIS,PABRIANCON,FRIFP,20:51,FRPAZ
8965,2023-08-15,PARIS (intramuros),NON,5789,07:11,IC NUIT,CHORGES,PABRIANCON,FRIGS,20:51,FRPAZ
8966,2023-08-15,STRASBOURG,NON,2098,16:27,EST,MARNE LA VALLEE CHESSY,JCESTATL,FRMLV,14:01,FRAEG
8967,2023-08-15,STRASBOURG,NON,2098,18:40,EST,POITIERS,JCESTATL,FRPIS,14:01,FRAEG
8968,2023-08-15,ANGOULEME,NON,2098,20:02,EST,BORDEAUX ST JEAN,JCESTATL,FRBOJ,19:25,FRANG
8969,2023-08-15,MASSY TGV,NON,2098,19:22,EST,ANGOULEME,JCESTATL,FRANG,17:10,FRDJU
8970,2023-08-15,CHAMPAGNE-ARDENNE,NON,2098,20:02,EST,BORDEAUX ST JEAN,JCESTATL,FRBOJ,15:34,FREAH
8971,2023-08-15,CHAMPAGNE-ARDENNE,NON,2098,17:04,EST,MASSY TGV,JCESTATL,FRDJU,15:34,FREAH
8972,2023-08-15,CHAMPAGNE-ARDENNE,NON,2098,18:40,EST,POITIERS,JCESTATL,FRPIS,15:34,FREAH
8973,2023-08-15,MEUSE TGV,NON,2098,16:04,EST,AEROPORT CDG2 TGV ROISSY,JCESTATL,FRMLW,15:05,FREAJ
8974,2023-08-15,LORRAINE TGV,NON,2098,19:22,EST,ANGOULEME,JCESTATL,FRANG,14:39,FREAM
8975,2023-08-15,LORRAINE TGV,OUI,2098,15:31,EST,CHAMPAGNE-ARDENNE,JCESTATL,FREAH,14:39,FREAM
8976,2023-08-15,MARNE LA VALLEE CHESSY,NON,2098,18:06,EST,ST PIERRE DES CORPS,JCESTATL,FRXSH,16:32,FRMLV
8977,2023-08-15,AEROPORT CDG2 TGV ROISSY,NON,2098,18:40,EST,POITIERS,JCESTATL,FRPIS,16:18,FRMLW
8978,2023-08-15,ST PIERRE DES CORPS,NON,2098,18:40,EST,POITIERS,JCESTATL,FRPIS,18:10,FRXSH
8979,2023-08-15,JONZAC,NON,3852,12:05,IC SRO,NANTES,BORDONANTE,FRNTE,08:41,FREMR
8980,2023-08-15,JONZAC,NON,3852,09:53,IC SRO,ROCHEFORT,BORDONANTE,FRRCO,08:41,FREMR
8981,2023-08-15,LA ROCHELLE VILLE,NON,3852,12:05,IC SRO,NANTES,BORDONANTE,FRNTE,10:19,FRLRH
8982,2023-08-15,AVIGNON TGV,OUI,6163,20:27,SUD EST,CANNES,PAAZUR,FRJCA,17:58,FRAVG
8983,2023-08-15,AVIGNON TGV,OUI,6163,20:02,SUD EST,ST RAPHAEL VALESCURE,PAAZUR,FRXSK,17:58,FRAVG
8984,2023-08-15,PARIS (intramuros),OUI,6163,17:55,SUD EST,AVIGNON TGV,PAAZUR,FRAVG,15:20,FRPLY
8985,2023-08-15,PARIS (intramuros),OUI,6163,20:02,SUD EST,ST RAPHAEL VALESCURE,PAAZUR,FRXSK,15:20,FRPLY
8986,2023-08-15,TOULON,OUI,6163,20:27,SUD EST,CANNES,PAAZUR,FRJCA,19:11,FRTLN
8987,2023-08-15,TOULON,OUI,6163,20:40,SUD EST,ANTIBES,PAAZUR,FRXAT,19:11,FRTLN
8988,2023-08-15,VALENCE TGV RHONE-ALPES SUD,OUI,6047,11:56,SUD EST,PERPIGNAN,PALANG,FRPGF,09:10,FRVLA
8989,2023-08-15,VALENCE TGV RHONE-ALPES SUD,OUI,6047,10:31,SUD EST,SETE,PALANG,FRXSY,09:10,FRVLA
8990,2023-08-15,AGDE,OUI,6047,11:56,SUD EST,PERPIGNAN,PALANG,FRPGF,10:51,FRXAG
8991,2023-08-15,SETE,OUI,6047,10:48,SUD EST,AGDE,PALANG,FRXAG,10:34,FRXSY
8992,2023-08-15,SETE,OUI,6047,11:20,SUD EST,NARBONNE,PALANG,FRXNA,10:34,FRXSY
8993,2023-08-15,MONTPELLIER SUD DE FRANCE,OUI,6047,11:56,SUD EST,PERPIGNAN,PALANG,FRPGF,10:17,FRSUF
8994,2023-08-15,NIMES PONT DU GARD,OUI,6047,10:48,SUD EST,AGDE,PALANG,FRXAG,09:49,FRXZP
8995,2023-08-15,FRANKFURT MAIN HBF,NON,9550,20:21,INTERNATIONAL,KAISERSLAUTERN HBF,FRANCPA,DEKLT,18:56,DEFRH
8996,2023-08-15,KAISERSLAUTERN HBF,NON,9550,21:10,INTERNATIONAL,FORBACH,FRANCPA,FRBQT,20:22,DEKLT
8997,2023-08-15,MANNHEIM HBF,NON,9550,20:21,INTERNATIONAL,KAISERSLAUTERN HBF,FRANCPA,DEKLT,19:40,DEMHG
8998,2023-08-15,MANNHEIM HBF,NON,9550,22:53,INTERNATIONAL,PARIS (intramuros),FRANCPA,FRPST,19:40,DEMHG
8999,2023-08-15,SARREBRUCK/SAARBRUECKEN,NON,9550,22:53,INTERNATIONAL,PARIS (intramuros),FRANCPA,FRPST,21:01,DESBK
9000,2023-08-15,FORBACH,NON,9550,22:53,INTERNATIONAL,PARIS (intramuros),FRANCPA,FRPST,21:12,FRBQT
9001,2023-08-15,LYON (intramuros),OUI,6624,16:47,SUD EST,LE CREUSOT MONTCEAU MONTCHANIN,RHONEPARIS,FRXCC,15:51,FRLPE
9002,2023-08-15,AVIGNON TGV,OUI,6165,16:01,SUD EST,ST RAPHAEL VALESCURE,PAAZUR,FRXSK,14:04,FRAVG
9003,2023-08-15,TOULON,OUI,6165,16:39,SUD EST,ANTIBES,PAAZUR,FRXAT,15:15,FRTLN
9004,2023-08-15,ST RAPHAEL VALESCURE,OUI,6165,16:39,SUD EST,ANTIBES,PAAZUR,FRXAT,16:04,FRXSK
9005,2023-08-15,LES AUBRAIS ORLEANS,NON,3971,08:18,IC NUIT,ANDORRE - L'HOSPITALET,PARPALOMBE,FRFQG,22:24,FRLAB
9006,2023-08-15,PARIS (intramuros),NON,3971,06:24,IC NUIT,SAVERDUN,PARPALOMBE,FRFPU,20:41,FRPAZ
9007,2023-08-15,PARIS (intramuros),NON,3971,08:02,IC NUIT,MERENS LES VALS,PARPALOMBE,FRFQH,20:41,FRPAZ
9008,2023-08-15,PARIS (intramuros),NON,3971,07:08,IC NUIT,TARASCON SUR ARIEGE,PARPALOMBE,FRFQM,20:41,FRPAZ
9009,2023-08-15,PARIS (intramuros),NON,3971,06:52,IC NUIT,FOIX,PARPALOMBE,FRXFX,20:41,FRPAZ
9010,2023-08-15,PERPIGNAN,NON,6262,22:08,SUD EST,PARIS (intramuros),LANGPA,FRPLY,17:04,FRPGF
9011,2023-08-15,NARBONNE,OUI,6262,18:11,SUD EST,AGDE,LANGPA,FRXAG,17:42,FRXNA
9012,2023-08-15,SETE,NON,6262,19:51,SUD EST,VALENCE TGV RHONE-ALPES SUD,LANGPA,FRVLA,18:30,FRXSY
9013,2023-08-15,NARBONNE,NON,6262,18:47,SUD EST,MONTPELLIER SUD DE FRANCE,LANGPA,FRSUF,17:42,FRXNA
9014,2023-08-15,AGDE,NON,6262,18:47,SUD EST,MONTPELLIER SUD DE FRANCE,LANGPA,FRSUF,18:14,FRXAG
9015,2023-08-15,NIMES PONT DU GARD,NON,6262,19:51,SUD EST,VALENCE TGV RHONE-ALPES SUD,LANGPA,FRVLA,19:14,FRXZP
9016,2023-08-15,MONTPELLIER SUD DE FRANCE,NON,6262,19:11,SUD EST,NIMES PONT DU GARD,LANGPA,FRXZP,18:53,FRSUF
9017,2023-08-15,AVIGNON CENTRE,NON,6196,17:46,SUD EST,PARIS (intramuros),VDRPA,FRPLY,14:04,FRAES
9018,2023-08-15,MONTELIMAR GARE SNCF,NON,6196,17:46,SUD EST,PARIS (intramuros),VDRPA,FRPLY,14:49,FRXMK
9019,2023-08-15,ORANGE,NON,6196,15:48,SUD EST,LYON-SAINT EXUPERY TGV,VDRPA,FRJDQ,14:21,FRXOG
9020,2023-08-15,ORANGE,OUI,6196,15:10,SUD EST,VALENCE VILLE,VDRPA,FRVAF,14:21,FRXOG
9021,2023-08-15,GENEVE,NON,9774,15:49,INTERNATIONAL,BOURG EN BRESSE,GENEVEPA,FRXBK,14:29,CHGVA
9022,2023-08-15,BELLEGARDE,NON,9774,15:49,INTERNATIONAL,BOURG EN BRESSE,GENEVEPA,FRXBK,15:02,FRXBF
9023,2023-08-15,CANNES,NON,6174,12:33,SUD EST,MARSEILLE ST CHARLES,AZURPA,FRMSC,10:32,FRJCA
9024,2023-08-15,NICE VILLE,OUI,6174,10:28,SUD EST,CANNES,AZURPA,FRJCA,09:57,FRNIC
9025,2023-08-15,NICE VILLE,OUI,6174,11:44,SUD EST,TOULON,AZURPA,FRTLN,09:57,FRNIC
9026,2023-08-15,TOULON,NON,6174,12:33,SUD EST,MARSEILLE ST CHARLES,AZURPA,FRMSC,11:48,FRTLN
9027,2023-08-15,ST RAPHAEL VALESCURE,OUI,6181,22:41,SUD EST,ANTIBES,PAAZUR,FRXAT,22:05,FRXSK
9028,2023-08-15,AVIGNON TGV,NON,6813,15:32,SUD EST,AIX EN PROVENCE TGV,JCPROVSUD,FRAIE,15:13,FRAVG
9029,2023-08-15,AVIGNON TGV,NON,6813,16:43,SUD EST,TOULON,JCPROVSUD,FRTLN,15:13,FRAVG
9030,2023-08-15,MARSEILLE ST CHARLES,OUI,6813,16:43,SUD EST,TOULON,JCPROVSUD,FRTLN,15:58,FRMSC
9031,2023-08-15,ANGERS ST LAUD,NON,5480,18:00,EST,CHAMPAGNE-ARDENNE,JCATLEST,FREAH,14:49,FRACL
9032,2023-08-15,ANGERS ST LAUD,NON,5480,16:57,EST,MARNE LA VALLEE CHESSY,JCATLEST,FRMLV,14:49,FRACL
9033,2023-08-15,LE MANS,NON,5480,18:48,EST,LORRAINE TGV,JCATLEST,FREAM,15:30,FRAET
9034,2023-08-15,MASSY TGV,NON,5480,18:00,EST,CHAMPAGNE-ARDENNE,JCATLEST,FREAH,16:26,FRDJU
9035,2023-08-15,MARNE LA VALLEE CHESSY,NON,5480,18:48,EST,LORRAINE TGV,JCATLEST,FREAM,17:03,FRMLV
9036,2023-08-15,AEROPORT CDG2 TGV ROISSY,NON,5480,19:29,EST,STRASBOURG,JCATLEST,FRAEG,17:29,FRMLW
9037,2023-08-15,AEROPORT CDG2 TGV ROISSY,NON,5480,18:00,EST,CHAMPAGNE-ARDENNE,JCATLEST,FREAH,17:29,FRMLW
9038,2023-08-15,NANTES,NON,5480,14:46,EST,ANGERS ST LAUD,JCATLEST,FRACL,14:09,FRNTE
9039,2023-08-15,NANTES,NON,5480,17:13,EST,AEROPORT CDG2 TGV ROISSY,JCATLEST,FRMLW,14:09,FRNTE
9040,2023-08-15,MARSEILLE ST CHARLES,OUI,6177,19:58,SUD EST,NICE VILLE,PAAZUR,FRNIC,17:28,FRMSC
9041,2023-08-15,MARSEILLE ST CHARLES,OUI,6177,18:11,SUD EST,TOULON,PAAZUR,FRTLN,17:28,FRMSC
9042,2023-08-15,TOULON,OUI,6177,19:26,SUD EST,CANNES,PAAZUR,FRJCA,18:15,FRTLN
9043,2023-08-15,ST RAPHAEL VALESCURE,OUI,6177,19:58,SUD EST,NICE VILLE,PAAZUR,FRNIC,19:04,FRXSK
9044,2023-08-15,CANNES,NON,6176,14:33,SUD EST,MARSEILLE ST CHARLES,AZURPA,FRMSC,12:33,FRJCA
9045,2023-08-15,CANNES,OUI,6176,12:55,SUD EST,ST RAPHAEL VALESCURE,AZURPA,FRXSK,12:33,FRJCA
9046,2023-08-15,ANTIBES,NON,6176,13:44,SUD EST,TOULON,AZURPA,FRTLN,12:19,FRXAT
9047,2023-08-15,ST RAPHAEL VALESCURE,NON,6176,17:50,SUD EST,PARIS (intramuros),AZURPA,FRPLY,12:58,FRXSK
9048,2023-08-15,ARRAS,OUI,7142,21:08,NORD,PARIS (intramuros),ARRASPA,FRPNO,20:18,FRQRV
9049,2023-08-15,DOUAI,OUI,7142,21:08,NORD,PARIS (intramuros),ARRASPA,FRPNO,19:52,FRXDN
9050,2023-08-15,PARIS (intramuros),NON,6275,15:56,SUD EST,BEZIERS,PALANG,FRBZR,11:46,FRPLY
9051,2023-08-15,PARIS (intramuros),NON,6275,15:25,SUD EST,SETE,PALANG,FRXSY,11:46,FRPLY
9052,2023-08-15,VALENCE TGV RHONE-ALPES SUD,NON,6275,16:13,SUD EST,NARBONNE,PALANG,FRXNA,14:00,FRVLA
9053,2023-08-15,VALENCE TGV RHONE-ALPES SUD,NON,6275,15:25,SUD EST,SETE,PALANG,FRXSY,14:00,FRVLA
9054,2023-08-15,VALENCE TGV RHONE-ALPES SUD,NON,6275,14:59,SUD EST,MONTPELLIER SUD DE FRANCE,PALANG,FRSUF,14:00,FRVLA
9055,2023-08-15,PARIS (intramuros),NON,6275,14:36,SUD EST,NIMES PONT DU GARD,PALANG,FRXZP,11:46,FRPLY
9056,2023-08-15,NIMES PONT DU GARD,NON,6275,15:56,SUD EST,BEZIERS,PALANG,FRBZR,14:39,FRXZP
9057,2023-08-15,KARLSRUHE HBF,NON,9574,14:05,INTERNATIONAL,PARIS (intramuros),MUNSTUTPA,FRPST,11:32,DEQKA
9058,2023-08-15,MARSEILLE ST CHARLES,OUI,6024,16:38,SUD EST,AVIGNON TGV,PROVENCEPA,FRAVG,16:04,FRMSC
9059,2023-08-15,SAUMUR,NON,4506,21:22,IC SRO,ANGERS ST LAUD,JOURLYNNTE,FRACL,21:01,FRACN
9060,2023-08-15,BOURGES,NON,4506,19:25,IC SRO,VIERZON VILLE,JOURLYNNTE,FRXVZ,19:08,FRBOU
9061,2023-08-15,LYON (intramuros),NON,4506,22:04,IC SRO,NANTES,JOURLYNNTE,FRNTE,15:46,FRLPD
9062,2023-08-15,LYON (intramuros),NON,4506,17:49,IC SRO,MOULINS SUR ALLIER,JOURLYNNTE,FRXMU,15:32,FRLPE
9063,2023-08-15,ROANNE,NON,4506,19:06,IC SRO,BOURGES,JOURLYNNTE,FRBOU,16:51,FRRNE
9064,2023-08-15,ST GERMAIN DES FOSSES,NON,4506,22:04,IC SRO,NANTES,JOURLYNNTE,FRNTE,17:30,FRSGF
9065,2023-08-15,ST GERMAIN DES FOSSES,NON,4506,18:19,IC SRO,NEVERS,JOURLYNNTE,FRNVS,17:30,FRSGF
9066,2023-08-15,MOULINS SUR ALLIER,NON,4506,20:26,IC SRO,ST PIERRE DES CORPS,JOURLYNNTE,FRXSH,17:51,FRXMU
9067,2023-08-15,ST PIERRE DES CORPS,NON,4506,21:22,IC SRO,ANGERS ST LAUD,JOURLYNNTE,FRACL,20:29,FRXSH
9068,2023-08-15,ST PIERRE DES CORPS,NON,4506,20:59,IC SRO,SAUMUR,JOURLYNNTE,FRACN,20:29,FRXSH
9069,2023-08-15,VIERZON VILLE,NON,4506,20:26,IC SRO,ST PIERRE DES CORPS,JOURLYNNTE,FRXSH,19:27,FRXVZ
9070,2023-08-15,LE MANS,OUI,8073,21:41,ATLANTIQUE,LAVAL,PARISBRETA,FRACR,21:13,FRAET
9071,2023-08-15,PARIS (intramuros),OUI,8073,21:10,ATLANTIQUE,LE MANS,PARISBRETA,FRAET,20:13,FRPMO
9072,2023-08-15,ST BRIEUC,NON,8644,21:24,ATLANTIQUE,PARIS (intramuros),BRETAPARIS,FRPMO,19:10,FRSBK
9073,2023-08-15,VENDOME VILLIERS SUR LOIR,OUI,8330,08:33,ATLANTIQUE,PARIS (intramuros),ROCHELLEPA,FRPMO,07:46,FRESL
9074,2023-08-15,DAX,OUI,8549,20:24,ATLANTIQUE,BIARRITZ,PASUDOUEST,FRBIQ,19:41,FRACG
9075,2023-08-15,BORDEAUX ST JEAN,OUI,8549,19:37,ATLANTIQUE,DAX,PASUDOUEST,FRACG,18:20,FRBOJ
9076,2023-08-15,BORDEAUX ST JEAN,OUI,8549,20:12,ATLANTIQUE,BAYONNE,PASUDOUEST,FRXBY,18:20,FRBOJ
9077,2023-08-15,PARIS (intramuros),OUI,8549,20:55,ATLANTIQUE,HENDAYE,PASUDOUEST,FRAEF,16:08,FRPMO
9078,2023-08-15,BAYONNE,OUI,8549,20:40,ATLANTIQUE,ST JEAN DE LUZ CIBOURE,PASUDOUEST,FRXJZ,20:15,FRXBY
9079,2023-08-15,MULHOUSE VILLE,OUI,6700,07:23,SUD EST,DIJON VILLE,BOURPA,FRABA,06:05,FRAEK
9080,2023-08-15,MULHOUSE VILLE,NON,6700,09:08,SUD EST,PARIS (intramuros),BOURPA,FRPLY,06:05,FRAEK
9081,2023-08-15,MULHOUSE VILLE,OUI,6700,06:26,SUD EST,BELFORT-MONTBELIARD TGV,BOURPA,FRTJA,06:05,FRAEK
9082,2023-08-15,BELFORT-MONTBELIARD TGV,NON,6700,09:08,SUD EST,PARIS (intramuros),BOURPA,FRPLY,06:29,FRTJA
9083,2023-08-15,BELFORT-MONTBELIARD TGV,OUI,6700,06:50,SUD EST,BESANCON - F COMTE TGV,BOURPA,FRTJB,06:29,FRTJA
9084,2023-08-15,LIMOGES BENEDICTINS,NON,3694,23:19,IC ARO,PARIS (intramuros),TOULOUZECO,FRPAZ,20:01,FRAGQ
9085,2023-08-15,CAUSSADE TARN ET GARONNE,NON,3694,22:20,IC ARO,LES AUBRAIS ORLEANS,TOULOUZECO,FRLAB,17:18,FRFTA
9086,2023-08-15,CAUSSADE TARN ET GARONNE,NON,3694,23:19,IC ARO,PARIS (intramuros),TOULOUZECO,FRPAZ,17:18,FRFTA
9087,2023-08-15,CAUSSADE TARN ET GARONNE,OUI,3694,18:27,IC ARO,SOUILLAC,TOULOUZECO,FRSOU,17:18,FRFTA
9088,2023-08-15,LA SOUTERRAINE,NON,3694,21:43,IC ARO,VIERZON VILLE,TOULOUZECO,FRXVZ,20:32,FRLST
9089,2023-08-15,MONTAUBAN VILLE BOURBON,OUI,3694,18:27,IC ARO,SOUILLAC,TOULOUZECO,FRSOU,17:05,FRXMW
9090,2023-08-15,TOULOUSE MATABIAU,NON,3694,19:58,IC ARO,LIMOGES BENEDICTINS,TOULOUZECO,FRAGQ,16:32,FRXYT
9091,2023-08-15,TOULOUSE MATABIAU,OUI,3694,17:17,IC ARO,CAUSSADE TARN ET GARONNE,TOULOUZECO,FRFTA,16:32,FRXYT
9092,2023-08-15,CAHORS,OUI,3694,18:27,IC ARO,SOUILLAC,TOULOUZECO,FRSOU,17:45,FRZAO
9093,2023-08-15,NIMES,OUI,6221,11:48,SUD EST,AGDE,PALANG,FRXAG,10:46,FRFNI
9094,2023-08-15,NIMES,OUI,6221,11:31,SUD EST,SETE,PALANG,FRXSY,10:46,FRFNI
9095,2023-08-15,MONTPELLIER SAINT-ROCH,OUI,6221,12:03,SUD EST,BEZIERS,PALANG,FRBZR,11:17,FRMPL
9096,2023-08-15,PARIS (intramuros),OUI,6221,12:59,SUD EST,PERPIGNAN,PALANG,FRPGF,07:42,FRPLY
9097,2023-08-15,PARIS (intramuros),OUI,6221,09:52,SUD EST,VALENCE TGV RHONE-ALPES SUD,PALANG,FRVLA,07:42,FRPLY
9098,2023-08-15,VALENCE TGV RHONE-ALPES SUD,OUI,6221,12:03,SUD EST,BEZIERS,PALANG,FRBZR,09:55,FRVLA
9099,2023-08-15,VALENCE TGV RHONE-ALPES SUD,OUI,6221,10:42,SUD EST,NIMES,PALANG,FRFNI,09:55,FRVLA
9100,2023-08-15,VALENCE TGV RHONE-ALPES SUD,OUI,6221,12:20,SUD EST,NARBONNE,PALANG,FRXNA,09:55,FRVLA
9101,2023-08-15,SETE,OUI,6221,12:03,SUD EST,BEZIERS,PALANG,FRBZR,11:34,FRXSY
9102,2023-08-15,SETE,OUI,6221,12:59,SUD EST,PERPIGNAN,PALANG,FRPGF,11:34,FRXSY
9103,2023-08-15,BRIVE LA GAILLARDE,OUI,3665,22:44,IC ARO,GOURDON,PALITO,FRFSI,22:04,FRBVE
9104,2023-08-15,BRIVE LA GAILLARDE,OUI,3665,23:13,IC ARO,CAHORS,PALITO,FRZAO,22:04,FRBVE
9105,2023-08-15,CHATEAUROUX,OUI,3665,19:57,IC ARO,ARGENTON SUR CREUSE,PALITO,FRFMT,19:42,FRCHR
9106,2023-08-15,CHATEAUROUX,OUI,3665,20:22,IC ARO,LA SOUTERRAINE,PALITO,FRLST,19:42,FRCHR
9107,2023-08-15,ARGENTON SUR CREUSE,OUI,3665,20:22,IC ARO,LA SOUTERRAINE,PALITO,FRLST,19:58,FRFMT
9108,2023-08-15,LA SOUTERRAINE,OUI,3665,23:13,IC ARO,CAHORS,PALITO,FRZAO,20:24,FRLST
9109,2023-08-15,PARIS (intramuros),OUI,3665,19:40,IC ARO,CHATEAUROUX,PALITO,FRCHR,17:41,FRPAZ
9110,2023-08-15,PARIS (intramuros),OUI,3665,22:44,IC ARO,GOURDON,PALITO,FRFSI,17:41,FRPAZ
9111,2023-08-15,PARIS (intramuros),OUI,3665,22:28,IC ARO,SOUILLAC,PALITO,FRSOU,17:41,FRPAZ
9112,2023-08-15,SOUILLAC,OUI,3665,23:13,IC ARO,CAHORS,PALITO,FRZAO,22:30,FRSOU
9113,2023-08-15,ARGENTON SUR CREUSE,OUI,3665,22:28,IC ARO,SOUILLAC,PALITO,FRSOU,19:58,FRFMT
9114,2023-08-15,ANGERS ST LAUD,OUI,8905,20:34,ATLANTIQUE,ST NAZAIRE,PARISLOIRE,FRSNR,19:16,FRACL
9115,2023-08-15,PARIS (intramuros),NON,8905,20:34,ATLANTIQUE,ST NAZAIRE,PARISLOIRE,FRSNR,17:48,FRPMO
9116,2023-08-15,PARIS (intramuros),OUI,8519,23:31,ATLANTIQUE,TOULOUSE MATABIAU,PASUDOUEST,FRXYT,19:08,FRPMO
9117,2023-08-15,DAX,OUI,8551,22:23,ATLANTIQUE,BIARRITZ,PASUDOUEST,FRBIQ,21:40,FRACG
9118,2023-08-15,DAX,OUI,8551,22:39,ATLANTIQUE,ST JEAN DE LUZ CIBOURE,PASUDOUEST,FRXJZ,21:40,FRACG
9119,2023-08-15,BIARRITZ,OUI,8551,22:39,ATLANTIQUE,ST JEAN DE LUZ CIBOURE,PASUDOUEST,FRXJZ,22:26,FRBIQ
9120,2023-08-15,PARIS (intramuros),NON,8551,22:39,ATLANTIQUE,ST JEAN DE LUZ CIBOURE,PASUDOUEST,FRXJZ,18:07,FRPMO
9121,2023-08-15,STRASBOURG,OUI,9890,06:56,NORD,MEUSE TGV,JCESTNORD,FREAJ,06:01,FRAEG
9122,2023-08-15,CHAMPAGNE-ARDENNE,OUI,9890,09:43,NORD,BRUXELLES MIDI BRUSSEL ZUID,JCESTNORD,BEBMI,07:26,FREAH
9123,2023-08-15,AEROPORT CDG2 TGV ROISSY,OUI,9890,09:43,NORD,BRUXELLES MIDI BRUSSEL ZUID,JCESTNORD,BEBMI,08:07,FRMLW
9124,2023-08-15,LA ROCHELLE VILLE,OUI,8396,23:14,ATLANTIQUE,POITIERS,ROCHELLEPA,FRPIS,21:48,FRLRH
9125,2023-08-15,LORIENT,NON,8722,14:48,ATLANTIQUE,REDON,BRETAPARIS,FRXRN,13:46,FRLRT
9126,2023-08-15,LORIENT,OUI,8722,14:02,ATLANTIQUE,AURAY,BRETAPARIS,FRXUY,13:46,FRLRT
9127,2023-08-15,RENNES,NON,8722,17:08,ATLANTIQUE,PARIS (intramuros),BRETAPARIS,FRPMO,15:35,FRRNS
9128,2023-08-15,VANNES,NON,8722,15:25,ATLANTIQUE,RENNES,BRETAPARIS,FRRNS,14:22,FRVNE
9129,2023-08-15,REDON,NON,8722,15:25,ATLANTIQUE,RENNES,BRETAPARIS,FRRNS,14:50,FRXRN
9130,2023-08-15,MUENCHEN HBF,NON,9576,10:37,INTERNATIONAL,STRASBOURG,MUNSTUTPA,FRAEG,06:51,DEBEG
9131,2023-08-15,ULM HBF,NON,9576,10:37,INTERNATIONAL,STRASBOURG,MUNSTUTPA,FRAEG,08:04,DEQUL
9132,2023-08-15,ULM HBF,NON,9576,12:31,INTERNATIONAL,PARIS (intramuros),MUNSTUTPA,FRPST,08:04,DEQUL
9133,2023-08-15,STRASBOURG,NON,9576,12:31,INTERNATIONAL,PARIS (intramuros),MUNSTUTPA,FRPST,10:44,FRAEG
9134,2023-08-15,LILLE (intramuros),NON,7534,19:08,NORD,PARIS (intramuros),ARRASPA,FRPNO,17:51,FRLLE
9135,2023-08-15,ARRAS,NON,7534,19:08,NORD,PARIS (intramuros),ARRASPA,FRPNO,18:18,FRQRV
9136,2023-08-15,CALAIS FRETHUN,NON,7534,19:08,NORD,PARIS (intramuros),ARRASPA,FRPNO,17:15,FRSTH
9137,2023-08-15,AVIGNON TGV,OUI,6109,13:56,SUD EST,MARSEILLE ST CHARLES,PAPROVENCE,FRMSC,13:21,FRAVG
9138,2023-08-15,MEUSE TGV,OUI,2595,21:43,EST,NANCY,PANANCY,FRENC,21:09,FREAJ
9139,2023-08-15,NANCY,OUI,2595,22:48,EST,ST DIE DES VOSGES,PANANCY,FRXTD,21:54,FRENC
9140,2023-08-15,LYON (intramuros),OUI,6622,17:00,SUD EST,PARIS (intramuros),RHONEPARIS,FRPLY,14:50,FRLPE
9141,2023-08-15,PARIS (intramuros),OUI,6129,22:56,SUD EST,MARSEILLE ST CHARLES,PAPROVENCE,FRMSC,19:38,FRPLY
9142,2023-08-15,PARIS (intramuros),NON,5771,06:56,IC NUIT,MARSEILLE BLANCARDE,PARAZUR,FRMBC,20:51,FRPAZ
9143,2023-08-15,PARIS (intramuros),NON,5771,09:06,IC NUIT,ANTIBES,PARAZUR,FRXAT,20:51,FRPAZ
9144,2023-08-15,AGEN,NON,4665,19:58,IC ARO,NARBONNE,TJOURSOSE,FRXNA,17:32,FRAGF
9145,2023-08-15,BORDEAUX ST JEAN,NON,4665,17:30,IC ARO,AGEN,TJOURSOSE,FRAGF,16:28,FRBOJ
9146,2023-08-15,BEZIERS,NON,4665,22:31,IC ARO,MARSEILLE ST CHARLES,TJOURSOSE,FRMSC,20:17,FRBZR
9147,2023-08-15,CARCASSONNE,NON,4665,20:14,IC ARO,BEZIERS,TJOURSOSE,FRBZR,19:29,FRCCF
9148,2023-08-15,CARCASSONNE,NON,4665,22:31,IC ARO,MARSEILLE ST CHARLES,TJOURSOSE,FRMSC,19:29,FRCCF
9149,2023-08-15,CARCASSONNE,NON,4665,19:58,IC ARO,NARBONNE,TJOURSOSE,FRXNA,19:29,FRCCF
9150,2023-08-15,MONTAUBAN VILLE BOURBON,NON,4665,20:14,IC ARO,BEZIERS,TJOURSOSE,FRBZR,18:11,FRXMW
9151,2023-08-15,MONTAUBAN VILLE BOURBON,NON,4665,19:27,IC ARO,CARCASSONNE,TJOURSOSE,FRCCF,18:11,FRXMW
9152,2023-08-15,MONTAUBAN VILLE BOURBON,NON,4665,21:20,IC ARO,NIMES,TJOURSOSE,FRFNI,18:11,FRXMW
9153,2023-08-15,LE MANS,OUI,8063,22:41,ATLANTIQUE,LAVAL,PARISBRETA,FRACR,22:13,FRAET
9154,2023-08-15,PARIS (intramuros),OUI,8063,23:09,ATLANTIQUE,RENNES,PARISBRETA,FRRNS,21:12,FRPMO
9155,2023-08-15,LES AUBRAIS ORLEANS,NON,3737,09:54,IC NUIT,ARGELES SUR MER,PARPALOMBE,FRARM,22:24,FRLAB
9156,2023-08-15,LES AUBRAIS ORLEANS,NON,3737,10:12,IC NUIT,BANYULS SUR MER,PARPALOMBE,FRXBU,22:24,FRLAB
9157,2023-08-15,PARIS (intramuros),NON,3737,09:00,IC NUIT,PORT LA NOUVELLE,PARPALOMBE,FRILP,20:41,FRPAZ
9158,2023-08-15,PARIS (intramuros),NON,3737,10:20,IC NUIT,CERBERE,PARPALOMBE,FRXCE,20:41,FRPAZ
9159,2023-08-15,CHAMPAGNE-ARDENNE,OUI,2886,21:13,EST,PARIS (intramuros),LUXMETZPA,FRPST,20:32,FREAH
9160,2023-08-15,LUXEMBOURG,OUI,2886,19:35,EST,METZ VILLE,LUXMETZPA,FRADE,18:47,LULUX
9161,2023-08-15,LUXEMBOURG,NON,2886,20:29,EST,CHAMPAGNE-ARDENNE,LUXMETZPA,FREAH,18:47,LULUX
9162,2023-08-15,LUXEMBOURG,NON,2886,21:13,EST,PARIS (intramuros),LUXMETZPA,FRPST,18:47,LULUX
9163,2023-08-15,LUXEMBOURG,OUI,2886,19:09,EST,THIONVILLE,LUXMETZPA,FRXTH,18:47,LULUX
9164,2023-08-15,LAVAL,NON,9884,08:18,NORD,MASSY TGV,JCBRETNORD,FRDJU,06:47,FRACR
9165,2023-08-15,RENNES,NON,9884,10:17,NORD,LILLE (intramuros),JCBRETNORD,FRLLE,06:19,FRRNS
9166,2023-08-15,LAVAL,NON,9884,09:45,NORD,TGV HAUTE PICARDIE,JCBRETNORD,FRTHP,06:47,FRACR
9167,2023-08-15,RENNES,NON,9884,11:01,NORD,BRUXELLES MIDI BRUSSEL ZUID,JCBRETNORD,BEBMI,06:19,FRRNS
9168,2023-08-15,LAVAL,NON,9884,11:01,NORD,BRUXELLES MIDI BRUSSEL ZUID,JCBRETNORD,BEBMI,06:47,FRACR
9169,2023-08-15,METZ VILLE,OUI,2817,15:52,EST,LUXEMBOURG,PAMETZLUX,LULUX,15:10,FRADE
9170,2023-08-15,PARIS (intramuros),NON,2817,15:04,EST,METZ VILLE,PAMETZLUX,FRADE,13:40,FRPST
9171,2023-08-15,PARIS (intramuros),NON,2817,15:27,EST,THIONVILLE,PAMETZLUX,FRXTH,13:40,FRPST
9172,2023-08-15,AVIGNON CENTRE,OUI,6198,19:10,SUD EST,VALENCE VILLE,VDRPA,FRVAF,18:04,FRAES
9173,2023-08-15,AVIGNON CENTRE,OUI,6198,18:46,SUD EST,MONTELIMAR GARE SNCF,VDRPA,FRXMK,18:04,FRAES
9174,2023-08-15,MIRAMAS,NON,6198,21:46,SUD EST,PARIS (intramuros),VDRPA,FRPLY,17:15,FRMAZ
9175,2023-08-15,VALENCE VILLE,NON,6198,21:46,SUD EST,PARIS (intramuros),VDRPA,FRPLY,19:13,FRVAF
9176,2023-08-15,MONTELIMAR GARE SNCF,NON,6198,19:46,SUD EST,LYON-SAINT EXUPERY TGV,VDRPA,FRJDQ,18:49,FRXMK
9177,2023-08-15,ORANGE,NON,6198,21:46,SUD EST,PARIS (intramuros),VDRPA,FRPLY,18:21,FRXOG
9178,2023-08-15,BORDEAUX ST JEAN,NON,3854,10:40,IC SRO,JONZAC,BORDONANTE,FREMR,09:53,FRBOJ
9179,2023-08-15,BORDEAUX ST JEAN,NON,3854,12:58,IC SRO,LUCON,BORDONANTE,FRLCN,09:53,FRBOJ
9180,2023-08-15,BORDEAUX ST JEAN,NON,3854,13:22,IC SRO,LA ROCHE SUR YON,BORDONANTE,FRXRO,09:53,FRBOJ
9181,2023-08-15,JONZAC,NON,3854,11:53,IC SRO,ROCHEFORT,BORDONANTE,FRRCO,10:41,FREMR
9182,2023-08-15,LUCON,NON,3854,14:05,IC SRO,NANTES,BORDONANTE,FRNTE,13:00,FRLCN
9183,2023-08-15,LA ROCHELLE VILLE,NON,3854,14:05,IC SRO,NANTES,BORDONANTE,FRNTE,12:19,FRLRH
9184,2023-08-15,LA ROCHELLE VILLE,NON,3854,13:22,IC SRO,LA ROCHE SUR YON,BORDONANTE,FRXRO,12:19,FRLRH
9185,2023-08-15,SAINTES,NON,3854,14:05,IC SRO,NANTES,BORDONANTE,FRNTE,11:25,FRXST
9186,2023-08-15,ANGERS ST LAUD,OUI,8921,14:54,ATLANTIQUE,NANTES,PARISLOIRE,FRNTE,14:17,FRACL
9187,2023-08-15,NANTES,OUI,8921,15:50,ATLANTIQUE,LA BAULE ESCOUBLAC,PARISLOIRE,FRJEE,15:00,FRNTE
9188,2023-08-15,NANTES,OUI,8921,15:33,ATLANTIQUE,ST NAZAIRE,PARISLOIRE,FRSNR,15:00,FRNTE
9189,2023-08-15,ST NAZAIRE,OUI,8921,16:04,ATLANTIQUE,LE CROISIC,PARISLOIRE,FREGU,15:36,FRSNR
9190,2023-08-15,PARIS (intramuros),NON,6107,12:19,SUD EST,AVIGNON TGV,PAPROVENCE,FRAVG,09:38,FRPLY
9191,2023-08-15,CHAMPAGNE-ARDENNE,NON,2578,11:50,EST,PARIS (intramuros),NANCYPA,FRPST,11:08,FREAH
9192,2023-08-15,REMIREMONT,NON,2578,11:05,EST,CHAMPAGNE-ARDENNE,NANCYPA,FREAH,08:57,FRRNT
9193,2023-08-15,EPINAL,NON,2578,11:05,EST,CHAMPAGNE-ARDENNE,NANCYPA,FREAH,09:21,FREPL
9194,2023-08-15,STUTTGART HBF,NON,9578,10:06,INTERNATIONAL,PARIS (intramuros),MUNSTUTPA,FRPST,06:52,DESGT
9195,2023-08-15,STRASBOURG,NON,9578,10:06,INTERNATIONAL,PARIS (intramuros),MUNSTUTPA,FRPST,08:20,FRAEG
9196,2023-08-15,STRASBOURG,OUI,9894,18:32,NORD,CHAMPAGNE-ARDENNE,JCESTNORD,FREAH,17:01,FRAEG
9197,2023-08-15,STRASBOURG,OUI,9894,17:39,NORD,LORRAINE TGV,JCESTNORD,FREAM,17:01,FRAEG
9198,2023-08-15,STRASBOURG,OUI,9894,19:06,NORD,AEROPORT CDG2 TGV ROISSY,JCESTNORD,FRMLW,17:01,FRAEG
9199,2023-08-15,LORRAINE TGV,OUI,9894,18:32,NORD,CHAMPAGNE-ARDENNE,JCESTNORD,FREAH,17:42,FREAM
9200,2023-08-15,AEROPORT CDG2 TGV ROISSY,NON,9894,20:19,NORD,LILLE (intramuros),JCESTNORD,FRLLE,19:12,FRMLW
9201,2023-08-15,AEROPORT CDG2 TGV ROISSY,NON,9894,19:44,NORD,TGV HAUTE PICARDIE,JCESTNORD,FRTHP,19:12,FRMLW
9202,2023-08-15,MODANE,NON,9245,14:23,INTERNATIONAL,OULX CESANA CLAV SESTRIERE,PAITALIE,ITOCS,13:55,FRAGR
9203,2023-08-15,MACON LOCHE TGV,NON,9245,13:49,INTERNATIONAL,MODANE,PAITALIE,FRAGR,11:20,FRMLT
9204,2023-08-15,PARIS (intramuros),NON,9245,13:49,INTERNATIONAL,MODANE,PAITALIE,FRAGR,09:46,FRPLY
9205,2023-08-15,PARIS (intramuros),NON,9245,15:23,INTERNATIONAL,TORINO PORTA SUSA,PAITALIE,ITTRS,09:46,FRPLY
9206,2023-08-15,UZERCHE,NON,3648,13:35,IC ARO,ISSOUDUN,TOULOUZECO,FRFMN,11:30,FRAAW
9207,2023-08-15,UZERCHE,NON,3648,15:32,IC ARO,PARIS (intramuros),TOULOUZECO,FRPAZ,11:30,FRAAW
9208,2023-08-15,CHATEAUROUX,NON,3648,15:32,IC ARO,PARIS (intramuros),TOULOUZECO,FRPAZ,13:21,FRCHR
9209,2023-08-15,CHATEAUROUX,NON,3648,13:57,IC ARO,VIERZON VILLE,TOULOUZECO,FRXVZ,13:21,FRCHR
9210,2023-08-15,ARGENTON SUR CREUSE,NON,3648,15:32,IC ARO,PARIS (intramuros),TOULOUZECO,FRPAZ,13:03,FRFMT
9211,2023-08-15,FRANKFURT MAIN HBF,NON,9580,15:05,INTERNATIONAL,KARLSRUHE HBF,FRANCMRS,DEQKA,13:56,DEFRH
9212,2023-08-15,MANNHEIM HBF,NON,9580,17:05,INTERNATIONAL,MULHOUSE VILLE,FRANCMRS,FRAEK,14:39,DEMHG
9213,2023-08-15,MANNHEIM HBF,NON,9580,21:34,INTERNATIONAL,AIX EN PROVENCE TGV,FRANCMRS,FRAIE,14:39,DEMHG
9214,2023-08-15,KARLSRUHE HBF,NON,9580,16:02,INTERNATIONAL,STRASBOURG,FRANCMRS,FRAEG,15:12,DEQKA
9215,2023-08-15,BADEN BADEN,NON,9580,21:12,INTERNATIONAL,AVIGNON TGV,FRANCMRS,FRAVG,15:35,DEZCC
9216,2023-08-15,BADEN BADEN,NON,9580,17:55,INTERNATIONAL,BESANCON - F COMTE TGV,FRANCMRS,FRTJB,15:35,DEZCC
9217,2023-08-15,STRASBOURG,NON,9580,17:05,INTERNATIONAL,MULHOUSE VILLE,FRANCMRS,FRAEK,16:15,FRAEG
9218,2023-08-15,STRASBOURG,NON,9580,21:34,INTERNATIONAL,AIX EN PROVENCE TGV,FRANCMRS,FRAIE,16:15,FRAEG
9219,2023-08-15,MULHOUSE VILLE,NON,9580,17:55,INTERNATIONAL,BESANCON - F COMTE TGV,FRANCMRS,FRTJB,17:09,FRAEK
9220,2023-08-15,AIX EN PROVENCE TGV,NON,9580,21:48,INTERNATIONAL,MARSEILLE ST CHARLES,FRANCMRS,FRMSC,21:37,FRAIE
9221,2023-08-15,AVIGNON TGV,NON,9580,21:48,INTERNATIONAL,MARSEILLE ST CHARLES,FRANCMRS,FRMSC,21:15,FRAVG
9222,2023-08-15,LYON (intramuros),NON,9580,21:34,INTERNATIONAL,AIX EN PROVENCE TGV,FRANCMRS,FRAIE,20:06,FRLPD
9223,2023-08-15,LYON (intramuros),NON,9580,21:48,INTERNATIONAL,MARSEILLE ST CHARLES,FRANCMRS,FRMSC,20:06,FRLPD
9224,2023-08-15,BELFORT-MONTBELIARD TGV,NON,9580,21:34,INTERNATIONAL,AIX EN PROVENCE TGV,FRANCMRS,FRAIE,17:34,FRTJA
9225,2023-08-15,BELFORT-MONTBELIARD TGV,NON,9580,18:53,INTERNATIONAL,CHALON SUR SAONE,FRANCMRS,FRXCD,17:34,FRTJA
9226,2023-08-15,BESANCON - F COMTE TGV,NON,9580,21:48,INTERNATIONAL,MARSEILLE ST CHARLES,FRANCMRS,FRMSC,17:58,FRTJB
9227,2023-08-15,CHALON SUR SAONE,NON,9580,21:12,INTERNATIONAL,AVIGNON TGV,FRANCMRS,FRAVG,18:56,FRXCD
9228,2023-08-15,LYON (intramuros),NON,5382,14:50,SUD EST,LE MANS,JCSUDATL,FRAET,11:50,FRLPD
9229,2023-08-15,LUXEMBOURG,OUI,2872,16:52,EST,METZ VILLE,LUXMETZPA,FRADE,16:10,LULUX
9230,2023-08-15,HENDAYE,NON,8534,14:20,ATLANTIQUE,PARIS (intramuros),SUDOUESTPA,FRPMO,09:28,FRAEF
9231,2023-08-15,BIARRITZ,OUI,8534,10:05,ATLANTIQUE,BAYONNE,SUDOUESTPA,FRXBY,09:53,FRBIQ
9232,2023-08-15,BORDEAUX ST JEAN,NON,8534,14:20,ATLANTIQUE,PARIS (intramuros),SUDOUESTPA,FRPMO,12:12,FRBOJ
9233,2023-08-15,ST JEAN DE LUZ CIBOURE,OUI,8534,09:50,ATLANTIQUE,BIARRITZ,SUDOUESTPA,FRBIQ,09:40,FRXJZ
9234,2023-08-15,ST JEAN DE LUZ CIBOURE,OUI,8534,10:05,ATLANTIQUE,BAYONNE,SUDOUESTPA,FRXBY,09:40,FRXJZ
9235,2023-08-15,LES AUBRAIS ORLEANS,NON,3751,06:19,IC NUIT,MONTAUBAN VILLE BOURBON,PAVERMEIL,FRXMW,23:32,FRLAB
9236,2023-08-15,LES AUBRAIS ORLEANS,NON,3751,05:01,IC NUIT,CAHORS,PAVERMEIL,FRZAO,23:32,FRLAB
9237,2023-08-15,PARIS (intramuros),NON,3751,07:07,IC NUIT,TOULOUSE MATABIAU,PAVERMEIL,FRXYT,22:12,FRPAZ
9238,2023-08-15,BEZIERS,NON,6036,19:03,SUD EST,VALENCE TGV RHONE-ALPES SUD,LANGPA,FRVLA,16:58,FRBZR
9239,2023-08-15,PERPIGNAN,OUI,6036,17:24,SUD EST,SETE,LANGPA,FRXSY,16:05,FRPGF
9240,2023-08-15,AGDE,OUI,6036,17:24,SUD EST,SETE,LANGPA,FRXSY,17:11,FRXAG
9241,2023-08-15,DIJON VILLE,NON,6766,20:58,SUD EST,MONTBARD,BOURPA,FRGWE,20:25,FRABA
9242,2023-08-15,CHATEAUROUX,OUI,3655,19:25,IC ARO,LA SOUTERRAINE,PALITO,FRLST,18:50,FRCHR
9243,2023-08-15,ISSOUDUN,OUI,3655,20:02,IC ARO,LIMOGES BENEDICTINS,PALITO,FRAGQ,18:34,FRFMN
9244,2023-08-15,LA SOUTERRAINE,OUI,3655,21:08,IC ARO,BRIVE LA GAILLARDE,PALITO,FRBVE,19:27,FRLST
9245,2023-08-15,PARIS (intramuros),OUI,3655,18:33,IC ARO,ISSOUDUN,PALITO,FRFMN,16:41,FRPAZ
9246,2023-08-15,PARIS (intramuros),OUI,3655,19:25,IC ARO,LA SOUTERRAINE,PALITO,FRLST,16:41,FRPAZ
9247,2023-08-15,PARIS (intramuros),OUI,3655,18:12,IC ARO,VIERZON VILLE,PALITO,FRXVZ,16:41,FRPAZ
9248,2023-08-15,LYON (intramuros),OUI,6628,18:46,SUD EST,LE CREUSOT MONTCEAU MONTCHANIN,RHONEPARIS,FRXCC,18:04,FRLPD
9249,2023-08-15,CANNES,OUI,6077,19:58,SUD EST,NICE VILLE,PAAZUR,FRNIC,19:31,FRJCA
9250,2023-08-15,MARSEILLE ST CHARLES,NON,6077,19:01,SUD EST,ST RAPHAEL VALESCURE,PAAZUR,FRXSK,17:28,FRMSC
9251,2023-08-15,PARIS (intramuros),NON,6077,19:26,SUD EST,CANNES,PAAZUR,FRJCA,14:10,FRPLY
9252,2023-08-15,PARIS (intramuros),NON,6077,19:39,SUD EST,ANTIBES,PAAZUR,FRXAT,14:10,FRPLY
9253,2023-08-15,PARIS (intramuros),NON,6077,19:01,SUD EST,ST RAPHAEL VALESCURE,PAAZUR,FRXSK,14:10,FRPLY
9254,2023-08-15,TOULON,OUI,6077,19:26,SUD EST,CANNES,PAAZUR,FRJCA,18:15,FRTLN
9255,2023-08-15,TOULON,OUI,6077,19:01,SUD EST,ST RAPHAEL VALESCURE,PAAZUR,FRXSK,18:15,FRTLN
9256,2023-08-15,ANTIBES,OUI,6077,19:58,SUD EST,NICE VILLE,PAAZUR,FRNIC,19:42,FRXAT
9257,2023-08-15,CLERMONT FERRAND,NON,5978,19:57,IC ARO,PARIS (intramuros),CLERMONTPA,FRPBE,16:31,FRCFE
9258,2023-08-15,CLERMONT FERRAND,NON,5978,17:29,IC ARO,MOULINS SUR ALLIER,CLERMONTPA,FRXMU,16:31,FRCFE
9259,2023-08-15,RIOM CHATEL GUYON,NON,5978,17:58,IC ARO,NEVERS,CLERMONTPA,FRNVS,16:42,FRRIO
9260,2023-08-15,RIOM CHATEL GUYON,OUI,5978,17:04,IC ARO,VICHY,CLERMONTPA,FRVHY,16:42,FRRIO
9261,2023-08-15,VICHY,NON,5978,19:57,IC ARO,PARIS (intramuros),CLERMONTPA,FRPBE,17:06,FRVHY
9262,2023-08-15,LE MANS,OUI,8973,11:54,ATLANTIQUE,NANTES,PARISLOIRE,FRNTE,10:36,FRAET
9263,2023-08-15,NANCY,OUI,2591,16:53,EST,ST DIE DES VOSGES,PANANCY,FRXTD,15:53,FRENC
9264,2023-08-15,LUNEVILLE,OUI,2591,16:53,EST,ST DIE DES VOSGES,PANANCY,FRXTD,16:16,FRLNE
9265,2023-08-15,PARIS (intramuros),NON,2591,16:13,EST,LUNEVILLE,PANANCY,FRLNE,13:58,FRPST
9266,2023-08-15,LE CROISIC,NON,8922,15:41,ATLANTIQUE,ANGERS ST LAUD,LOIREPARIS,FRACL,13:52,FREGU
9267,2023-08-15,LE CROISIC,NON,8922,16:23,ATLANTIQUE,LE MANS,LOIREPARIS,FRAET,13:52,FREGU
9268,2023-08-15,LA BAULE ESCOUBLAC,NON,8922,17:25,ATLANTIQUE,PARIS (intramuros),LOIREPARIS,FRPMO,14:05,FRJEE
9269,2023-08-15,ST NAZAIRE,NON,8922,15:41,ATLANTIQUE,ANGERS ST LAUD,LOIREPARIS,FRACL,14:24,FRSNR
9270,2023-08-15,HAZEBROUCK,OUI,7342,21:08,NORD,PARIS (intramuros),ARRASPA,FRPNO,19:20,FRHZK
9271,2023-08-15,PARIS (intramuros),OUI,2527,22:44,EST,NANCY,PANANCY,FRENC,21:12,FRPST
9272,2023-08-15,LILLE (intramuros),NON,7218,13:23,NORD,PARIS (intramuros),ARRASPA,FRPNO,12:05,FRLLE
9273,2023-08-15,LAVAL,NON,8707,12:00,ATLANTIQUE,LORIENT,PARISBRETA,FRLRT,09:58,FRACR
9274,2023-08-15,LAVAL,NON,8707,12:38,ATLANTIQUE,QUIMPER,PARISBRETA,FRUIP,09:58,FRACR
9275,2023-08-15,LAVAL,NON,8707,11:04,ATLANTIQUE,REDON,PARISBRETA,FRXRN,09:58,FRACR
9276,2023-08-15,LAVAL,NON,8707,11:42,ATLANTIQUE,AURAY,PARISBRETA,FRXUY,09:58,FRACR
9277,2023-08-15,PARIS (intramuros),NON,8707,12:00,ATLANTIQUE,LORIENT,PARISBRETA,FRLRT,08:40,FRPMO
9278,2023-08-15,RENNES,NON,8707,12:00,ATLANTIQUE,LORIENT,PARISBRETA,FRLRT,10:29,FRRNS
9279,2023-08-15,RENNES,NON,8707,11:29,ATLANTIQUE,VANNES,PARISBRETA,FRVNE,10:29,FRRNS
9280,2023-08-15,VANNES,NON,8707,12:00,ATLANTIQUE,LORIENT,PARISBRETA,FRLRT,11:32,FRVNE
9281,2023-08-15,VANNES,NON,8707,12:38,ATLANTIQUE,QUIMPER,PARISBRETA,FRUIP,11:32,FRVNE
9282,2023-08-15,MONTPELLIER SUD DE FRANCE,NON,6048,15:04,SUD EST,PARIS (intramuros),LANGPA,FRPLY,11:52,FRSUF
9283,2023-08-15,MONTPELLIER SUD DE FRANCE,OUI,6048,12:11,SUD EST,NIMES PONT DU GARD,LANGPA,FRXZP,11:52,FRSUF
9284,2023-08-15,PARIS (intramuros),NON,6279,23:00,SUD EST,BEZIERS,PALANG,FRBZR,18:56,FRPLY
9285,2023-08-15,PARIS (intramuros),NON,6279,22:30,SUD EST,SETE,PALANG,FRXSY,18:56,FRPLY
9286,2023-08-15,VALENCE TGV RHONE-ALPES SUD,NON,6279,22:30,SUD EST,SETE,PALANG,FRXSY,21:10,FRVLA
9287,2023-08-15,AGDE,OUI,6279,23:50,SUD EST,PERPIGNAN,PALANG,FRPGF,22:49,FRXAG
9288,2023-08-15,SETE,OUI,6279,22:46,SUD EST,AGDE,PALANG,FRXAG,22:33,FRXSY
9289,2023-08-15,MONTPELLIER SUD DE FRANCE,OUI,6279,22:30,SUD EST,SETE,PALANG,FRXSY,22:17,FRSUF
9290,2023-08-15,NIMES PONT DU GARD,OUI,6279,22:30,SUD EST,SETE,PALANG,FRXSY,21:49,FRXZP
9291,2023-08-15,UZERCHE,OUI,3614,06:00,IC ARO,LIMOGES BENEDICTINS,TOULOUZECO,FRAGQ,05:24,FRAAW
9292,2023-08-15,UZERCHE,OUI,3614,06:33,IC ARO,LA SOUTERRAINE,TOULOUZECO,FRLST,05:24,FRAAW
9293,2023-08-15,UZERCHE,OUI,3614,07:48,IC ARO,VIERZON VILLE,TOULOUZECO,FRXVZ,05:24,FRAAW
9294,2023-08-15,VIERZON VILLE,OUI,3614,09:19,IC ARO,PARIS (intramuros),TOULOUZECO,FRPAZ,07:50,FRXVZ
9295,2023-08-15,UZERCHE,OUI,3614,06:58,IC ARO,ARGENTON SUR CREUSE,TOULOUZECO,FRFMT,05:24,FRAAW
9296,2023-08-15,DAX,NON,8562,14:20,ATLANTIQUE,PARIS (intramuros),SUDOUESTPA,FRPMO,10:43,FRACG
9297,2023-08-15,LOURDES,OUI,8562,10:34,ATLANTIQUE,DAX,SUDOUESTPA,FRACG,09:19,FRLDE
9298,2023-08-15,LOURDES,NON,8562,12:06,ATLANTIQUE,BORDEAUX ST JEAN,SUDOUESTPA,FRBOJ,09:19,FRLDE
9299,2023-08-15,TARBES,OUI,8562,09:45,ATLANTIQUE,PAU,SUDOUESTPA,FRAEE,08:56,FRXTB
9300,2023-08-15,AIX EN PROVENCE TGV,OUI,9854,08:20,NORD,LYON (intramuros),JCSUDNORD,FRLPD,06:49,FRAIE
9301,2023-08-15,AVIGNON TGV,NON,9854,11:27,NORD,LILLE (intramuros),JCSUDNORD,FRLLE,07:12,FRAVG
9302,2023-08-15,MARSEILLE ST CHARLES,OUI,9854,06:46,NORD,AIX EN PROVENCE TGV,JCSUDNORD,FRAIE,06:33,FRMSC
9303,2023-08-15,PARIS (intramuros),OUI,2407,09:59,EST,STRASBOURG,PASTRAMULH,FRAEG,07:58,FRPST
9304,2023-08-15,PARIS (intramuros),OUI,2407,09:05,EST,MEUSE TGV,PASTRAMULH,FREAJ,07:58,FRPST
9305,2023-08-15,MONTPELLIER SUD DE FRANCE,NON,6064,21:52,SUD EST,LYON (intramuros),JCSUDPROV,FRLPD,20:11,FRSUF
9306,2023-08-15,NIMES PONT DU GARD,NON,6064,21:10,SUD EST,VALENCE TGV RHONE-ALPES SUD,JCSUDPROV,FRVLA,20:33,FRXZP
9307,2023-08-15,PARIS (intramuros),OUI,7371,15:03,NORD,LENS,PAARRAS,FRXLE,13:52,FRPNO
9308,2023-08-15,BORDEAUX ST JEAN,NON,3858,18:40,IC SRO,JONZAC,BORDONANTE,FREMR,17:53,FRBOJ
9309,2023-08-15,JONZAC,NON,3858,22:05,IC SRO,NANTES,BORDONANTE,FRNTE,18:41,FREMR
9310,2023-08-15,JONZAC,NON,3858,19:53,IC SRO,ROCHEFORT,BORDONANTE,FRRCO,18:41,FREMR
9311,2023-08-15,LUCON,NON,3858,22:05,IC SRO,NANTES,BORDONANTE,FRNTE,21:00,FRLCN
9312,2023-08-15,LUCON,NON,3858,21:22,IC SRO,LA ROCHE SUR YON,BORDONANTE,FRXRO,21:00,FRLCN
9313,2023-08-15,LA ROCHELLE VILLE,NON,3858,21:22,IC SRO,LA ROCHE SUR YON,BORDONANTE,FRXRO,20:19,FRLRH
9314,2023-08-15,ROCHEFORT,NON,3858,21:22,IC SRO,LA ROCHE SUR YON,BORDONANTE,FRXRO,19:55,FRRCO
9315,2023-08-15,SAINTES,NON,3858,22:05,IC SRO,NANTES,BORDONANTE,FRNTE,19:25,FRXST
9316,2023-08-15,MARSEILLE ST CHARLES,NON,6128,20:22,SUD EST,PARIS (intramuros),PROVENCEPA,FRPLY,17:00,FRMSC
9317,2023-08-15,PARIS (intramuros),NON,6103,10:41,SUD EST,AIX EN PROVENCE TGV,PAPROVENCE,FRAIE,07:38,FRPLY
9318,2023-08-15,PARIS (intramuros),NON,6103,10:56,SUD EST,MARSEILLE ST CHARLES,PAPROVENCE,FRMSC,07:38,FRPLY
9319,2023-08-15,MASSY TGV,OUI,5351,10:39,SUD EST,ANGERS ST LAUD,JCSUDATL,FRACL,08:43,FRDJU
9320,2023-08-15,LYON (intramuros),OUI,5351,10:39,SUD EST,ANGERS ST LAUD,JCSUDATL,FRACL,06:16,FRLPE
9321,2023-08-15,KARLSRUHE HBF,NON,9571,10:05,INTERNATIONAL,STUTTGART HBF,PASTUTMUN,DESGT,09:28,DEQKA
9322,2023-08-15,STRASBOURG,NON,9571,10:05,INTERNATIONAL,STUTTGART HBF,PASTUTMUN,DESGT,08:46,FRAEG
9323,2023-08-15,MARNE LA VALLEE CHESSY,NON,9862,14:24,NORD,LILLE (intramuros),JCSUDNORD,FRLLE,12:51,FRMLV
9324,2023-08-15,AEROPORT CDG2 TGV ROISSY,NON,9862,15:25,NORD,BRUXELLES MIDI BRUSSEL ZUID,JCSUDNORD,BEBMI,13:07,FRMLW
9325,2023-08-15,TGV HAUTE PICARDIE,NON,9862,13:55,NORD,ARRAS,JCSUDNORD,FRQRV,13:38,FRTHP
9326,2023-08-15,NIMES PONT DU GARD,NON,9862,14:24,NORD,LILLE (intramuros),JCSUDNORD,FRLLE,09:33,FRXZP
9327,2023-08-15,NIMES PONT DU GARD,NON,9862,15:25,NORD,BRUXELLES MIDI BRUSSEL ZUID,JCSUDNORD,BEBMI,09:33,FRXZP
9328,2023-08-15,NIMES PONT DU GARD,NON,9862,13:34,NORD,TGV HAUTE PICARDIE,JCSUDNORD,FRTHP,09:33,FRXZP
9329,2023-08-15,MONTPELLIER SAINT-ROCH,NON,6210,00:39,SUD EST,PARIS (intramuros),LANGPA,FRPLY,21:00,FRMPL
9330,2023-08-15,VALENCE TGV RHONE-ALPES SUD,NON,6210,00:39,SUD EST,PARIS (intramuros),LANGPA,FRPLY,22:17,FRVLA
9331,2023-08-15,PARIS (intramuros),NON,8509,17:15,ATLANTIQUE,BORDEAUX ST JEAN,PASUDOUEST,FRBOJ,15:08,FRPMO
9332,2023-08-15,POITIERS,OUI,8491,20:34,ATLANTIQUE,ANGOULEME,PASUDOUEST,FRANG,19:54,FRPIS
9333,2023-08-15,BORDEAUX ST JEAN,NON,8508,14:52,ATLANTIQUE,PARIS (intramuros),SUDOUESTPA,FRPMO,12:46,FRBOJ
9334,2023-08-15,TOULOUSE MATABIAU,NON,8508,12:40,ATLANTIQUE,BORDEAUX ST JEAN,SUDOUESTPA,FRBOJ,10:39,FRXYT
9335,2023-08-15,BREST,OUI,8610,09:18,ATLANTIQUE,LANDERNEAU,BRETAPARIS,FRXLD,09:07,FRBES
9336,2023-08-15,GUINGAMP,NON,8610,12:01,ATLANTIQUE,LAVAL,BRETAPARIS,FRACR,10:18,FRGGP
9337,2023-08-15,LAMBALLE,NON,8610,12:01,ATLANTIQUE,LAVAL,BRETAPARIS,FRACR,10:48,FRLAM
9338,2023-08-15,LAMBALLE,NON,8610,11:29,ATLANTIQUE,RENNES,BRETAPARIS,FRRNS,10:48,FRLAM
9339,2023-08-15,MORLAIX,NON,8610,11:29,ATLANTIQUE,RENNES,BRETAPARIS,FRRNS,09:44,FRMXN
9340,2023-08-15,PLOUARET TREGOR,NON,8610,13:19,ATLANTIQUE,PARIS (intramuros),BRETAPARIS,FRPMO,10:02,FRPLT
9341,2023-08-15,LANDERNEAU,OUI,8610,09:41,ATLANTIQUE,MORLAIX,BRETAPARIS,FRMXN,09:20,FRXLD
9342,2023-08-15,LANDERNEAU,NON,8610,13:19,ATLANTIQUE,PARIS (intramuros),BRETAPARIS,FRPMO,09:20,FRXLD
9343,2023-08-15,LE MANS,OUI,5332,11:30,SUD EST,LYON (intramuros),JCATLSUD,FRLPD,08:26,FRAET
9344,2023-08-15,AVIGNON TGV,OUI,5332,13:10,SUD EST,AIX EN PROVENCE TGV,JCATLSUD,FRAIE,12:50,FRAVG
9345,2023-08-15,AVIGNON TGV,OUI,5332,13:24,SUD EST,MARSEILLE ST CHARLES,JCATLSUD,FRMSC,12:50,FRAVG
9346,2023-08-15,MASSY TGV,OUI,5332,11:30,SUD EST,LYON (intramuros),JCATLSUD,FRLPD,09:26,FRDJU
9347,2023-08-15,RENNES,OUI,5332,13:10,SUD EST,AIX EN PROVENCE TGV,JCATLSUD,FRAIE,07:31,FRRNS
9348,2023-08-15,CLERMONT FERRAND,OUI,5962,09:58,IC ARO,NEVERS,CLERMONTPA,FRNVS,08:31,FRCFE
9349,2023-08-15,RIOM CHATEL GUYON,OUI,5962,09:58,IC ARO,NEVERS,CLERMONTPA,FRNVS,08:42,FRRIO
9350,2023-08-15,MOULINS SUR ALLIER,OUI,5962,09:58,IC ARO,NEVERS,CLERMONTPA,FRNVS,09:31,FRXMU
9351,2023-08-15,LE CROISIC,OUI,8936,22:46,ATLANTIQUE,NANTES,LOIREPARIS,FRNTE,21:44,FREGU
9352,2023-08-15,LYON (intramuros),NON,5182,21:57,NORD,LILLE (intramuros),JCSUDNORD,FRLLE,19:00,FRLPD
9353,2023-08-15,VALENCE TGV RHONE-ALPES SUD,NON,5182,20:47,NORD,MARNE LA VALLEE CHESSY,JCSUDNORD,FRMLV,18:10,FRVLA
9354,2023-08-15,MONTPELLIER SUD DE FRANCE,NON,5182,20:47,NORD,MARNE LA VALLEE CHESSY,JCSUDNORD,FRMLV,17:05,FRSUF
9355,2023-08-15,LA SOUTERRAINE,OUI,3625,14:38,IC ARO,UZERCHE,PALITO,FRAAW,13:26,FRLST
9356,2023-08-15,LA SOUTERRAINE,OUI,3625,13:57,IC ARO,LIMOGES BENEDICTINS,PALITO,FRAGQ,13:26,FRLST
9357,2023-08-15,PARIS (intramuros),OUI,3625,14:38,IC ARO,UZERCHE,PALITO,FRAAW,10:40,FRPAZ
9358,2023-08-15,VIERZON VILLE,OUI,3625,12:31,IC ARO,ISSOUDUN,PALITO,FRFMN,12:13,FRXVZ
9359,2023-08-15,BORDEAUX ST JEAN,NON,8514,20:58,ATLANTIQUE,PARIS (intramuros),SUDOUESTPA,FRPMO,18:46,FRBOJ
9360,2023-08-15,TOULOUSE MATABIAU,NON,8514,20:43,ATLANTIQUE,MASSY TGV,SUDOUESTPA,FRDJU,16:28,FRXYT
9361,2023-08-15,AGEN,NON,8514,20:43,ATLANTIQUE,MASSY TGV,SUDOUESTPA,FRDJU,17:31,FRAGF
9362,2023-08-15,VALLORBE,NON,9264,08:13,INTERNATIONAL,FRASNE,SUISPA,FRFRA,08:00,CHAGL
9363,2023-08-15,FRASNE,OUI,9264,09:26,INTERNATIONAL,DIJON VILLE,SUISPA,FRABA,08:15,FRFRA
9364,2023-08-15,MOUCHARD,OUI,9264,09:00,INTERNATIONAL,DOLE VILLE,SUISPA,FRACE,08:45,FRMCD
9365,2023-08-15,PERPIGNAN,OUI,6202,08:43,SUD EST,MONTPELLIER SAINT-ROCH,LANGPA,FRMPL,07:04,FRPGF
9366,2023-08-15,PERPIGNAN,NON,6202,10:01,SUD EST,VALENCE TGV RHONE-ALPES SUD,LANGPA,FRVLA,07:04,FRPGF
9367,2023-08-15,AGDE,NON,6202,10:01,SUD EST,VALENCE TGV RHONE-ALPES SUD,LANGPA,FRVLA,08:11,FRXAG
9368,2023-08-15,NARBONNE,OUI,6202,09:15,SUD EST,NIMES,LANGPA,FRFNI,07:42,FRXNA
9369,2023-08-15,NARBONNE,OUI,6202,08:43,SUD EST,MONTPELLIER SAINT-ROCH,LANGPA,FRMPL,07:42,FRXNA
9370,2023-08-15,NARBONNE,OUI,6202,08:24,SUD EST,SETE,LANGPA,FRXSY,07:42,FRXNA
9371,2023-08-15,LAVAL,NON,5464,12:32,EST,LORRAINE TGV,JCATLEST,FREAM,08:55,FRACR
9372,2023-08-15,LE MANS,NON,5464,13:12,EST,STRASBOURG,JCATLEST,FRAEG,09:30,FRAET
9373,2023-08-15,CHAMPAGNE-ARDENNE,NON,5464,13:12,EST,STRASBOURG,JCATLEST,FRAEG,11:55,FREAH
9374,2023-08-15,LORRAINE TGV,OUI,5464,13:12,EST,STRASBOURG,JCATLEST,FRAEG,12:35,FREAM
9375,2023-08-15,MARNE LA VALLEE CHESSY,NON,5464,12:32,EST,LORRAINE TGV,JCATLEST,FREAM,11:00,FRMLV
9376,2023-08-15,AEROPORT CDG2 TGV ROISSY,NON,5464,12:32,EST,LORRAINE TGV,JCATLEST,FREAM,11:22,FRMLW
9377,2023-08-15,RENNES,NON,5464,09:25,EST,LE MANS,JCATLEST,FRAET,08:27,FRRNS
9378,2023-08-15,RENNES,NON,5464,12:32,EST,LORRAINE TGV,JCATLEST,FREAM,08:27,FRRNS
9379,2023-08-15,RENNES,NON,5464,10:55,EST,MARNE LA VALLEE CHESSY,JCATLEST,FRMLV,08:27,FRRNS
9380,2023-08-15,DAX,OUI,8533,12:19,ATLANTIQUE,BIARRITZ,PASUDOUEST,FRBIQ,11:39,FRACG
9381,2023-08-15,BIARRITZ,OUI,8533,12:35,ATLANTIQUE,ST JEAN DE LUZ CIBOURE,PASUDOUEST,FRXJZ,12:22,FRBIQ
9382,2023-08-15,BORDEAUX ST JEAN,OUI,8533,12:51,ATLANTIQUE,HENDAYE,PASUDOUEST,FRAEF,10:25,FRBOJ
9383,2023-08-15,BORDEAUX ST JEAN,OUI,8533,12:07,ATLANTIQUE,BAYONNE,PASUDOUEST,FRXBY,10:25,FRBOJ
9384,2023-08-15,POITIERS,OUI,8533,10:19,ATLANTIQUE,BORDEAUX ST JEAN,PASUDOUEST,FRBOJ,09:20,FRPIS
9385,2023-08-15,PARIS (intramuros),OUI,8533,12:51,ATLANTIQUE,HENDAYE,PASUDOUEST,FRAEF,07:58,FRPMO
9386,2023-08-15,PARIS (intramuros),OUI,8533,10:19,ATLANTIQUE,BORDEAUX ST JEAN,PASUDOUEST,FRBOJ,07:58,FRPMO
9387,2023-08-15,PARIS (intramuros),OUI,8533,12:35,ATLANTIQUE,ST JEAN DE LUZ CIBOURE,PASUDOUEST,FRXJZ,07:58,FRPMO
9388,2023-08-15,BAYONNE,OUI,8533,12:51,ATLANTIQUE,HENDAYE,PASUDOUEST,FRAEF,12:10,FRXBY
9389,2023-08-15,BAYONNE,OUI,8533,12:19,ATLANTIQUE,BIARRITZ,PASUDOUEST,FRBIQ,12:10,FRXBY
9390,2023-08-15,NEVERS,NON,5955,12:29,IC ARO,CLERMONT FERRAND,PACLERMONT,FRCFE,10:59,FRNVS
9391,2023-08-15,PARIS (intramuros),NON,5955,11:28,IC ARO,MOULINS SUR ALLIER,PACLERMONT,FRXMU,09:00,FRPBE
9392,2023-08-15,MOULINS SUR ALLIER,NON,5955,12:29,IC ARO,CLERMONT FERRAND,PACLERMONT,FRCFE,11:30,FRXMU
9393,2023-08-15,MOULINS SUR ALLIER,NON,5955,11:55,IC ARO,VICHY,PACLERMONT,FRVHY,11:30,FRXMU
9394,2023-08-15,AIX EN PROVENCE TGV,NON,2242,12:09,EST,MACON VILLE,JCRHONRHIN,FRHGU,09:58,FRAIE
9395,2023-08-15,AIX EN PROVENCE TGV,NON,2242,12:41,EST,CHALON SUR SAONE,JCRHONRHIN,FRXCD,09:58,FRAIE
9396,2023-08-15,MACON VILLE,OUI,2242,13:25,EST,DIJON VILLE,JCRHONRHIN,FRABA,12:12,FRHGU
9397,2023-08-15,MACON VILLE,OUI,2242,15:54,EST,STRASBOURG,JCRHONRHIN,FRAEG,12:12,FRHGU
9398,2023-08-15,CANNES,NON,2242,13:25,EST,DIJON VILLE,JCRHONRHIN,FRABA,07:30,FRJCA
9399,2023-08-15,CANNES,NON,2242,12:09,EST,MACON VILLE,JCRHONRHIN,FRHGU,07:30,FRJCA
9400,2023-08-15,CANNES,OUI,2242,08:46,EST,TOULON,JCRHONRHIN,FRTLN,07:30,FRJCA
9401,2023-08-15,LYON (intramuros),NON,2242,12:09,EST,MACON VILLE,JCRHONRHIN,FRHGU,11:32,FRLPD
9402,2023-08-15,LYON (intramuros),NON,2242,14:30,EST,BELFORT-MONTBELIARD TGV,JCRHONRHIN,FRTJA,11:32,FRLPD
9403,2023-08-15,MARSEILLE ST CHARLES,NON,2242,14:55,EST,MULHOUSE VILLE,JCRHONRHIN,FRAEK,09:45,FRMSC
9404,2023-08-15,MARSEILLE ST CHARLES,NON,2242,09:55,EST,AIX EN PROVENCE TGV,JCRHONRHIN,FRAIE,09:45,FRMSC
9405,2023-08-15,MARSEILLE ST CHARLES,NON,2242,10:17,EST,AVIGNON TGV,JCRHONRHIN,FRAVG,09:45,FRMSC
9406,2023-08-15,MARSEILLE ST CHARLES,NON,2242,12:09,EST,MACON VILLE,JCRHONRHIN,FRHGU,09:45,FRMSC
9407,2023-08-15,MARSEILLE ST CHARLES,NON,2242,13:03,EST,BEAUNE,JCRHONRHIN,FRXBV,09:45,FRMSC
9408,2023-08-15,NICE VILLE,NON,2242,15:24,EST,COLMAR,JCRHONRHIN,FRAEJ,07:00,FRNIC
9409,2023-08-15,NICE VILLE,NON,2242,11:26,EST,LYON (intramuros),JCRHONRHIN,FRLPD,07:00,FRNIC
9410,2023-08-15,NICE VILLE,NON,2242,12:41,EST,CHALON SUR SAONE,JCRHONRHIN,FRXCD,07:00,FRNIC
9411,2023-08-15,BESANCON - F COMTE TGV,OUI,2242,15:24,EST,COLMAR,JCRHONRHIN,FRAEJ,14:09,FRTJB
9412,2023-08-15,TOULON,NON,2242,15:54,EST,STRASBOURG,JCRHONRHIN,FRAEG,08:50,FRTLN
9413,2023-08-15,TOULON,NON,2242,11:26,EST,LYON (intramuros),JCRHONRHIN,FRLPD,08:50,FRTLN
9414,2023-08-15,ANTIBES,NON,2242,15:54,EST,STRASBOURG,JCRHONRHIN,FRAEG,07:16,FRXAT
9415,2023-08-15,ANTIBES,NON,2242,14:55,EST,MULHOUSE VILLE,JCRHONRHIN,FRAEK,07:16,FRXAT
9416,2023-08-15,ANTIBES,NON,2242,09:55,EST,AIX EN PROVENCE TGV,JCRHONRHIN,FRAIE,07:16,FRXAT
9417,2023-08-15,ANTIBES,OUI,2242,07:26,EST,CANNES,JCRHONRHIN,FRJCA,07:16,FRXAT
9418,2023-08-15,ANTIBES,NON,2242,13:03,EST,BEAUNE,JCRHONRHIN,FRXBV,07:16,FRXAT
9419,2023-08-15,BEAUNE,OUI,2242,13:25,EST,DIJON VILLE,JCRHONRHIN,FRABA,13:06,FRXBV
9420,2023-08-15,CHALON SUR SAONE,OUI,2242,15:54,EST,STRASBOURG,JCRHONRHIN,FRAEG,12:44,FRXCD
9421,2023-08-15,LES ARCS DRAGUIGNAN,NON,2242,12:09,EST,MACON VILLE,JCRHONRHIN,FRHGU,08:12,FRXRS
9422,2023-08-15,LES ARCS DRAGUIGNAN,OUI,2242,08:46,EST,TOULON,JCRHONRHIN,FRTLN,08:12,FRXRS
9423,2023-08-15,ST RAPHAEL VALESCURE,NON,2242,15:54,EST,STRASBOURG,JCRHONRHIN,FRAEG,07:55,FRXSK
9424,2023-08-15,ST RAPHAEL VALESCURE,NON,2242,14:55,EST,MULHOUSE VILLE,JCRHONRHIN,FRAEK,07:55,FRXSK
9425,2023-08-15,ST RAPHAEL VALESCURE,NON,2242,09:55,EST,AIX EN PROVENCE TGV,JCRHONRHIN,FRAIE,07:55,FRXSK
9426,2023-08-15,ST RAPHAEL VALESCURE,NON,2242,13:03,EST,BEAUNE,JCRHONRHIN,FRXBV,07:55,FRXSK
9427,2023-08-15,CANNES,NON,2242,14:06,EST,BESANCON - F COMTE TGV,JCRHONRHIN,FRTJB,07:30,FRJCA
9428,2023-08-15,TOULON,NON,2242,14:30,EST,BELFORT-MONTBELIARD TGV,JCRHONRHIN,FRTJA,08:50,FRTLN
9429,2023-08-15,BEAUNE,OUI,2242,14:55,EST,MULHOUSE VILLE,JCRHONRHIN,FRAEK,13:06,FRXBV
9430,2023-08-15,ANGOULEME,NON,8512,17:12,ATLANTIQUE,PARIS (intramuros),SUDOUESTPA,FRPMO,15:23,FRANG
9431,2023-08-15,BORDEAUX ST JEAN,NON,8512,17:12,ATLANTIQUE,PARIS (intramuros),SUDOUESTPA,FRPMO,14:46,FRBOJ
9432,2023-08-15,TOULOUSE MATABIAU,NON,8512,15:20,ATLANTIQUE,ANGOULEME,SUDOUESTPA,FRANG,12:32,FRXYT
9433,2023-08-15,TOULOUSE MATABIAU,NON,8512,17:12,ATLANTIQUE,PARIS (intramuros),SUDOUESTPA,FRPMO,12:32,FRXYT
9434,2023-08-15,AGEN,NON,8512,15:20,ATLANTIQUE,ANGOULEME,SUDOUESTPA,FRANG,13:35,FRAGF
9435,2023-08-15,EPINAL,OUI,2580,17:08,EST,NANCY,NANCYPA,FRENC,16:23,FREPL
9436,2023-08-15,ANGOULEME,NON,8442,19:35,ATLANTIQUE,ST PIERRE DES CORPS,SUDOUESTPA,FRXSH,18:36,FRANG
9437,2023-08-15,BOULOGNE VILLE,OUI,7546,23:08,NORD,PARIS (intramuros),ARRASPA,FRPNO,20:39,FRAEB
9438,2023-08-15,CHAMBERY CHALLES LES EAUX,NON,9248,23:26,INTERNATIONAL,PARIS (intramuros),ITALIEPA,FRPLY,20:18,FRCMF
9439,2023-08-15,LORIENT,OUI,8752,21:10,ATLANTIQUE,AURAY,BRETAPARIS,FRXUY,20:55,FRLRT
9440,2023-08-15,QUIMPER,NON,8752,00:08,ATLANTIQUE,PARIS (intramuros),BRETAPARIS,FRPMO,20:20,FRUIP
9441,2023-08-15,PARIS (intramuros),OUI,8331,09:34,ATLANTIQUE,POITIERS,PAROCHELLE,FRPIS,07:26,FRPMO
9442,2023-08-15,PARIS (intramuros),NON,9775,17:30,INTERNATIONAL,GENEVE,PAGENEVE,CHGVA,14:18,FRPLY
9443,2023-08-15,PARIS (intramuros),OUI,9775,17:00,INTERNATIONAL,BELLEGARDE,PAGENEVE,FRXBF,14:18,FRPLY
9444,2023-08-15,GUINGAMP,OUI,8639,21:03,ATLANTIQUE,MORLAIX,PARISBRETA,FRMXN,20:36,FRGGP
9445,2023-08-15,PARIS (intramuros),NON,8639,19:25,ATLANTIQUE,RENNES,PARISBRETA,FRRNS,17:56,FRPMO
9446,2023-08-15,BORDEAUX ST JEAN,NON,4659,16:37,IC ARO,MARSEILLE ST CHARLES,TJOURSOSE,FRMSC,10:27,FRBOJ
9447,2023-08-15,BORDEAUX ST JEAN,OUI,4659,12:08,IC ARO,MONTAUBAN VILLE BOURBON,TJOURSOSE,FRXMW,10:27,FRBOJ
9448,2023-08-15,BORDEAUX ST JEAN,NON,4659,13:58,IC ARO,NARBONNE,TJOURSOSE,FRXNA,10:27,FRBOJ
9449,2023-08-15,BORDEAUX ST JEAN,OUI,4659,12:37,IC ARO,TOULOUSE MATABIAU,TJOURSOSE,FRXYT,10:27,FRBOJ
9450,2023-08-15,BEZIERS,NON,4659,14:54,IC ARO,MONTPELLIER SAINT-ROCH,TJOURSOSE,FRMPL,14:17,FRBZR
9451,2023-08-15,BEZIERS,NON,4659,16:37,IC ARO,MARSEILLE ST CHARLES,TJOURSOSE,FRMSC,14:17,FRBZR
9452,2023-08-15,MONTPELLIER SAINT-ROCH,NON,4659,16:37,IC ARO,MARSEILLE ST CHARLES,TJOURSOSE,FRMSC,14:58,FRMPL
9453,2023-08-15,MONTAUBAN VILLE BOURBON,NON,4659,14:54,IC ARO,MONTPELLIER SAINT-ROCH,TJOURSOSE,FRMPL,12:10,FRXMW
9454,2023-08-15,MONTAUBAN VILLE BOURBON,NON,4659,16:37,IC ARO,MARSEILLE ST CHARLES,TJOURSOSE,FRMSC,12:10,FRXMW
9455,2023-08-15,NARBONNE,NON,4659,14:14,IC ARO,BEZIERS,TJOURSOSE,FRBZR,14:01,FRXNA
9456,2023-08-15,TOULOUSE MATABIAU,NON,4659,14:14,IC ARO,BEZIERS,TJOURSOSE,FRBZR,12:45,FRXYT
9457,2023-08-15,PARIS (intramuros),OUI,7385,19:40,NORD,ARRAS,PAARRAS,FRQRV,18:52,FRPNO
9458,2023-08-15,PARIS (intramuros),OUI,6923,19:01,SUD EST,LYON-SAINT EXUPERY TGV,PAGRENOBLE,FRJDQ,17:13,FRPLY
9459,2023-08-15,PARIS (intramuros),NON,9401,15:21,EST,LAHR SCHWARZW,PASTRAMULH,DEANL,12:52,FRPST
9460,2023-08-15,PARIS (intramuros),NON,9401,15:09,EST,OFFENBOURG/OFFENBURG,PASTRAMULH,DEZPA,12:52,FRPST
9461,2023-08-15,STRASBOURG,OUI,9401,16:27,EST,FREIBURG BREISGAU HBF,PASTRAMULH,DEFGB,14:47,FRAEG
9462,2023-08-15,LILLE (intramuros),OUI,5202,08:22,NORD,MARNE LA VALLEE CHESSY,JCNORDAQUI,FRMLV,06:15,FRADJ
9463,2023-08-15,LILLE (intramuros),OUI,5202,07:18,NORD,TGV HAUTE PICARDIE,JCNORDAQUI,FRTHP,06:15,FRADJ
9464,2023-08-15,ANGOULEME,OUI,5202,12:02,NORD,BORDEAUX ST JEAN,JCNORDAQUI,FRBOJ,11:26,FRANG
9465,2023-08-15,MASSY TGV,OUI,5202,12:02,NORD,BORDEAUX ST JEAN,JCNORDAQUI,FRBOJ,09:09,FRDJU
9466,2023-08-15,MASSY TGV,OUI,5202,10:06,NORD,ST PIERRE DES CORPS,JCNORDAQUI,FRXSH,09:09,FRDJU
9467,2023-08-15,MARNE LA VALLEE CHESSY,OUI,5202,11:23,NORD,ANGOULEME,JCNORDAQUI,FRANG,08:35,FRMLV
9468,2023-08-15,AEROPORT CDG2 TGV ROISSY,OUI,5202,11:23,NORD,ANGOULEME,JCNORDAQUI,FRANG,08:10,FRMLW
9469,2023-08-15,ARRAS,OUI,5202,11:23,NORD,ANGOULEME,JCNORDAQUI,FRANG,07:00,FRQRV
9470,2023-08-15,ARRAS,OUI,5202,10:06,NORD,ST PIERRE DES CORPS,JCNORDAQUI,FRXSH,07:00,FRQRV
9471,2023-08-15,BASEL SBB,NON,9222,15:58,INTERNATIONAL,DIJON VILLE,ZURBALPA,FRABA,14:34,CHAJP
9472,2023-08-15,DIJON VILLE,NON,5537,19:10,EST,AVIGNON TGV,JCRHINRHON,FRAVG,16:20,FRABA
9473,2023-08-15,DIJON VILLE,NON,5537,21:59,EST,CANNES,JCRHINRHON,FRJCA,16:20,FRABA
9474,2023-08-15,DIJON VILLE,NON,5537,22:11,EST,ANTIBES,JCRHINRHON,FRXAT,16:20,FRABA
9475,2023-08-15,DIJON VILLE,NON,5537,16:39,EST,BEAUNE,JCRHINRHON,FRXBV,16:20,FRABA
9476,2023-08-15,STRASBOURG,NON,5537,14:30,EST,MULHOUSE VILLE,JCRHINRHON,FRAEK,13:37,FRAEG
9477,2023-08-15,STRASBOURG,NON,5537,17:56,EST,LYON (intramuros),JCRHINRHON,FRLPD,13:37,FRAEG
9478,2023-08-15,STRASBOURG,NON,5537,21:34,EST,ST RAPHAEL VALESCURE,JCRHINRHON,FRXSK,13:37,FRAEG
9479,2023-08-15,COLMAR,NON,5537,16:04,EST,DIJON VILLE,JCRHINRHON,FRABA,14:05,FRAEJ
9480,2023-08-15,COLMAR,NON,5537,19:10,EST,AVIGNON TGV,JCRHINRHON,FRAVG,14:05,FRAEJ
9481,2023-08-15,MULHOUSE VILLE,NON,5537,17:56,EST,LYON (intramuros),JCRHINRHON,FRLPD,14:41,FRAEK
9482,2023-08-15,MULHOUSE VILLE,NON,5537,19:45,EST,MARSEILLE ST CHARLES,JCRHINRHON,FRMSC,14:41,FRAEK
9483,2023-08-15,MULHOUSE VILLE,NON,5537,22:11,EST,ANTIBES,JCRHINRHON,FRXAT,14:41,FRAEK
9484,2023-08-15,AIX EN PROVENCE TGV,NON,5537,21:59,EST,CANNES,JCRHINRHON,FRJCA,19:33,FRAIE
9485,2023-08-15,AVIGNON TGV,NON,5537,21:17,EST,LES ARCS DRAGUIGNAN,JCRHINRHON,FRXRS,19:12,FRAVG
9486,2023-08-15,NANCY,OUI,5537,13:29,EST,STRASBOURG,JCRHINRHON,FRAEG,12:25,FRENC
9487,2023-08-15,NANCY,NON,5537,19:10,EST,AVIGNON TGV,JCRHINRHON,FRAVG,12:25,FRENC
9488,2023-08-15,NANCY,NON,5537,20:41,EST,TOULON,JCRHINRHON,FRTLN,12:25,FRENC
9489,2023-08-15,NANCY,NON,5537,21:17,EST,LES ARCS DRAGUIGNAN,JCRHINRHON,FRXRS,12:25,FRENC
9490,2023-08-15,CANNES,OUI,5537,22:30,EST,NICE VILLE,JCRHINRHON,FRNIC,22:03,FRJCA
9491,2023-08-15,LYON (intramuros),NON,5537,19:31,EST,AIX EN PROVENCE TGV,JCRHINRHON,FRAIE,18:04,FRLPD
9492,2023-08-15,MARSEILLE ST CHARLES,NON,5537,22:11,EST,ANTIBES,JCRHINRHON,FRXAT,19:57,FRMSC
9493,2023-08-15,MARSEILLE ST CHARLES,NON,5537,21:34,EST,ST RAPHAEL VALESCURE,JCRHINRHON,FRXSK,19:57,FRMSC
9494,2023-08-15,BELFORT-MONTBELIARD TGV,NON,5537,19:10,EST,AVIGNON TGV,JCRHINRHON,FRAVG,15:06,FRTJA
9495,2023-08-15,BESANCON - F COMTE TGV,NON,5537,19:10,EST,AVIGNON TGV,JCRHINRHON,FRAVG,15:36,FRTJB
9496,2023-08-15,BEAUNE,NON,5537,19:45,EST,MARSEILLE ST CHARLES,JCRHINRHON,FRMSC,16:42,FRXBV
9497,2023-08-15,LES ARCS DRAGUIGNAN,OUI,5537,21:34,EST,ST RAPHAEL VALESCURE,JCRHINRHON,FRXSK,21:20,FRXRS
9498,2023-08-15,ST RAPHAEL VALESCURE,OUI,5537,21:59,EST,CANNES,JCRHINRHON,FRJCA,21:37,FRXSK
9499,2023-08-15,ST RAPHAEL VALESCURE,OUI,5537,22:11,EST,ANTIBES,JCRHINRHON,FRXAT,21:37,FRXSK
9500,2023-08-15,NANCY,NON,5537,16:39,EST,BEAUNE,JCRHINRHON,FRXBV,12:25,FRENC
9501,2023-08-15,BELFORT-MONTBELIARD TGV,NON,5537,21:17,EST,LES ARCS DRAGUIGNAN,JCRHINRHON,FRXRS,15:06,FRTJA
9502,2023-08-15,BELFORT-MONTBELIARD TGV,NON,5537,21:59,EST,CANNES,JCRHINRHON,FRJCA,15:06,FRTJA
9503,2023-08-15,STRASBOURG,NON,5537,16:39,EST,BEAUNE,JCRHINRHON,FRXBV,13:37,FRAEG
9504,2023-08-15,BESANCON - F COMTE TGV,NON,5537,16:39,EST,BEAUNE,JCRHINRHON,FRXBV,15:36,FRTJB
9505,2023-08-15,ST MAIXENT DEUX SEVRES,OUI,8361,16:20,ATLANTIQUE,LA ROCHELLE VILLE,PAROCHELLE,FRLRH,15:20,FREJC
9506,2023-08-15,ST MAIXENT DEUX SEVRES,OUI,8361,15:35,ATLANTIQUE,NIORT,PAROCHELLE,FRNIT,15:20,FREJC
9507,2023-08-15,PARIS (intramuros),OUI,8361,15:56,ATLANTIQUE,SURGERES,PAROCHELLE,FREIP,13:37,FRPMO
9508,2023-08-15,GUINGAMP,OUI,8691,13:10,ATLANTIQUE,LANNION,PARISBRETA,FRLAI,12:40,FRGGP
9509,2023-08-15,RENNES,OUI,8691,13:10,ATLANTIQUE,LANNION,PARISBRETA,FRLAI,11:25,FRRNS
9510,2023-08-15,ST BRIEUC,OUI,8691,13:10,ATLANTIQUE,LANNION,PARISBRETA,FRLAI,12:23,FRSBK
9511,2023-08-15,VALLORBE,NON,9270,17:57,INTERNATIONAL,DOLE VILLE,SUISPA,FRACE,17:00,CHAGL
9512,2023-08-15,LAUSANNE,NON,9270,17:57,INTERNATIONAL,DOLE VILLE,SUISPA,FRACE,16:23,CHAJF
9513,2023-08-15,AGEN,NON,4663,18:14,IC ARO,BEZIERS,TJOURSOSE,FRBZR,15:33,FRAGF
9514,2023-08-15,AGEN,NON,4663,18:54,IC ARO,MONTPELLIER SAINT-ROCH,TJOURSOSE,FRMPL,15:33,FRAGF
9515,2023-08-15,AGEN,NON,4663,20:36,IC ARO,MARSEILLE ST CHARLES,TJOURSOSE,FRMSC,15:33,FRAGF
9516,2023-08-15,BORDEAUX ST JEAN,NON,4663,20:36,IC ARO,MARSEILLE ST CHARLES,TJOURSOSE,FRMSC,14:28,FRBOJ
9517,2023-08-15,BORDEAUX ST JEAN,NON,4663,17:58,IC ARO,NARBONNE,TJOURSOSE,FRXNA,14:28,FRBOJ
9518,2023-08-15,BEZIERS,NON,4663,19:22,IC ARO,NIMES,TJOURSOSE,FRFNI,18:17,FRBZR
9519,2023-08-15,CARCASSONNE,NON,4663,18:14,IC ARO,BEZIERS,TJOURSOSE,FRBZR,17:29,FRCCF
9520,2023-08-15,NIMES,NON,4663,20:36,IC ARO,MARSEILLE ST CHARLES,TJOURSOSE,FRMSC,19:25,FRFNI
9521,2023-08-15,MONTAUBAN VILLE BOURBON,NON,4663,17:27,IC ARO,CARCASSONNE,TJOURSOSE,FRCCF,16:11,FRXMW
9522,2023-08-15,MONTAUBAN VILLE BOURBON,NON,4663,18:54,IC ARO,MONTPELLIER SAINT-ROCH,TJOURSOSE,FRMPL,16:11,FRXMW
9523,2023-08-15,NARBONNE,NON,4663,18:54,IC ARO,MONTPELLIER SAINT-ROCH,TJOURSOSE,FRMPL,18:01,FRXNA
9524,2023-08-15,NARBONNE,NON,4663,20:36,IC ARO,MARSEILLE ST CHARLES,TJOURSOSE,FRMSC,18:01,FRXNA
9525,2023-08-15,PARIS (intramuros),OUI,5979,20:28,IC ARO,MOULINS SUR ALLIER,PACLERMONT,FRXMU,17:57,FRPBE
9526,2023-08-15,DIJON VILLE,OUI,6705,14:12,SUD EST,MULHOUSE VILLE,PABOUR,FRAEK,12:56,FRABA
9527,2023-08-15,PARIS (intramuros),NON,6705,13:46,SUD EST,BELFORT-MONTBELIARD TGV,PABOUR,FRTJA,11:18,FRPLY
9528,2023-08-15,BESANCON - F COMTE TGV,OUI,6705,14:12,SUD EST,MULHOUSE VILLE,PABOUR,FRAEK,13:25,FRTJB
9529,2023-08-15,BORDEAUX ST JEAN,NON,4657,11:27,IC ARO,CARCASSONNE,TJOURSOSE,FRCCF,08:28,FRBOJ
9530,2023-08-15,BORDEAUX ST JEAN,NON,4657,13:50,IC ARO,ARLES,TJOURSOSE,FRHZA,08:28,FRBOJ
9531,2023-08-15,BORDEAUX ST JEAN,NON,4657,12:34,IC ARO,SETE,TJOURSOSE,FRXSY,08:28,FRBOJ
9532,2023-08-15,BORDEAUX ST JEAN,OUI,4657,10:37,IC ARO,TOULOUSE MATABIAU,TJOURSOSE,FRXYT,08:28,FRBOJ
9533,2023-08-15,MONTPELLIER SAINT-ROCH,OUI,4657,13:22,IC ARO,NIMES,TJOURSOSE,FRFNI,12:58,FRMPL
9534,2023-08-15,MONTPELLIER SAINT-ROCH,OUI,4657,13:50,IC ARO,ARLES,TJOURSOSE,FRHZA,12:58,FRMPL
9535,2023-08-15,MONTAUBAN VILLE BOURBON,NON,4657,12:54,IC ARO,MONTPELLIER SAINT-ROCH,TJOURSOSE,FRMPL,10:10,FRXMW
9536,2023-08-15,MONTAUBAN VILLE BOURBON,NON,4657,14:37,IC ARO,MARSEILLE ST CHARLES,TJOURSOSE,FRMSC,10:10,FRXMW
9537,2023-08-15,TOULOUSE MATABIAU,NON,4657,12:54,IC ARO,MONTPELLIER SAINT-ROCH,TJOURSOSE,FRMPL,10:45,FRXYT
9538,2023-08-15,ANGERS ST LAUD,NON,4404,13:22,IC SRO,ST PIERRE DES CORPS,JOURNTELYN,FRXSH,12:22,FRACL
9539,2023-08-15,SAUMUR,NON,4404,18:39,IC SRO,LYON (intramuros),JOURNTELYN,FRLPE,12:47,FRACN
9540,2023-08-15,SAUMUR,NON,4404,16:19,IC SRO,MOULINS SUR ALLIER,JOURNTELYN,FRXMU,12:47,FRACN
9541,2023-08-15,BOURGES,NON,4404,17:20,IC SRO,ROANNE,JOURNTELYN,FRRNE,14:58,FRBOU
9542,2023-08-15,NANTES,NON,4404,13:22,IC SRO,ST PIERRE DES CORPS,JOURNTELYN,FRXSH,11:40,FRNTE
9543,2023-08-15,NEVERS,NON,4404,18:39,IC SRO,LYON (intramuros),JOURNTELYN,FRLPE,15:51,FRNVS
9544,2023-08-15,NEVERS,NON,4404,17:20,IC SRO,ROANNE,JOURNTELYN,FRRNE,15:51,FRNVS
9545,2023-08-15,ST GERMAIN DES FOSSES,NON,4404,18:39,IC SRO,LYON (intramuros),JOURNTELYN,FRLPE,16:43,FRSGF
9546,2023-08-15,ST GERMAIN DES FOSSES,NON,4404,17:20,IC SRO,ROANNE,JOURNTELYN,FRRNE,16:43,FRSGF
9547,2023-08-15,MOULINS SUR ALLIER,NON,4404,18:26,IC SRO,LYON (intramuros),JOURNTELYN,FRLPD,16:21,FRXMU
9548,2023-08-15,ST PIERRE DES CORPS,NON,4404,18:39,IC SRO,LYON (intramuros),JOURNTELYN,FRLPE,13:26,FRXSH
9549,2023-08-15,ST PIERRE DES CORPS,NON,4404,16:19,IC SRO,MOULINS SUR ALLIER,JOURNTELYN,FRXMU,13:26,FRXSH
9550,2023-08-15,VIERZON VILLE,NON,4404,14:56,IC SRO,BOURGES,JOURNTELYN,FRBOU,14:37,FRXVZ
9551,2023-08-15,VIERZON VILLE,NON,4404,16:19,IC SRO,MOULINS SUR ALLIER,JOURNTELYN,FRXMU,14:37,FRXVZ
9552,2023-08-15,LYON (intramuros),NON,6620,16:08,SUD EST,PARIS (intramuros),RHONEPARIS,FRPLY,14:04,FRLPD
9553,2023-08-15,LYON (intramuros),NON,6620,14:46,SUD EST,LE CREUSOT MONTCEAU MONTCHANIN,RHONEPARIS,FRXCC,13:50,FRLPE
9554,2023-08-15,LE CREUSOT MONTCEAU MONTCHANIN,OUI,6620,16:08,SUD EST,PARIS (intramuros),RHONEPARIS,FRPLY,14:49,FRXCC
9555,2023-08-15,ANGERS ST LAUD,NON,8126,19:04,ATLANTIQUE,SABLE SUR SARTHE,LOIREPARIS,FRSAB,18:44,FRACL
9556,2023-08-15,LE MANS,NON,8126,20:29,ATLANTIQUE,PARIS (intramuros),LOIREPARIS,FRPMO,19:31,FRAET
9557,2023-08-15,NANTES,NON,8126,19:04,ATLANTIQUE,SABLE SUR SARTHE,LOIREPARIS,FRSAB,18:05,FRNTE
9558,2023-08-15,MASSY TGV,OUI,8455,22:26,ATLANTIQUE,ANGOULEME,PASUDOUEST,FRANG,20:49,FRDJU
9559,2023-08-15,MASSY TGV,OUI,8455,23:11,ATLANTIQUE,BORDEAUX ST JEAN,PASUDOUEST,FRBOJ,20:49,FRDJU
9560,2023-08-15,PARIS (intramuros),OUI,8455,22:26,ATLANTIQUE,ANGOULEME,PASUDOUEST,FRANG,20:36,FRPMO
9561,2023-08-15,LIMOGES BENEDICTINS,NON,3650,16:18,IC ARO,LES AUBRAIS ORLEANS,TOULOUZECO,FRLAB,13:53,FRAGQ
9562,2023-08-15,BRIVE LA GAILLARDE,NON,3650,17:19,IC ARO,PARIS (intramuros),TOULOUZECO,FRPAZ,12:48,FRBVE
9563,2023-08-15,CHATEAUROUX,NON,3650,16:18,IC ARO,LES AUBRAIS ORLEANS,TOULOUZECO,FRLAB,15:06,FRCHR
9564,2023-08-15,ARGENTON SUR CREUSE,NON,3650,16:18,IC ARO,LES AUBRAIS ORLEANS,TOULOUZECO,FRLAB,14:48,FRFMT
9565,2023-08-15,GOURDON,OUI,3650,12:44,IC ARO,BRIVE LA GAILLARDE,TOULOUZECO,FRBVE,12:02,FRFSI
9566,2023-08-15,GOURDON,NON,3650,15:04,IC ARO,CHATEAUROUX,TOULOUZECO,FRCHR,12:02,FRFSI
9567,2023-08-15,GOURDON,NON,3650,15:38,IC ARO,VIERZON VILLE,TOULOUZECO,FRXVZ,12:02,FRFSI
9568,2023-08-15,CAUSSADE TARN ET GARONNE,OUI,3650,13:48,IC ARO,LIMOGES BENEDICTINS,TOULOUZECO,FRAGQ,11:08,FRFTA
9569,2023-08-15,CAUSSADE TARN ET GARONNE,NON,3650,15:04,IC ARO,CHATEAUROUX,TOULOUZECO,FRCHR,11:08,FRFTA
9570,2023-08-15,CAUSSADE TARN ET GARONNE,NON,3650,17:19,IC ARO,PARIS (intramuros),TOULOUZECO,FRPAZ,11:08,FRFTA
9571,2023-08-15,SOUILLAC,OUI,3650,13:48,IC ARO,LIMOGES BENEDICTINS,TOULOUZECO,FRAGQ,12:19,FRSOU
9572,2023-08-15,TOULOUSE MATABIAU,NON,3650,15:04,IC ARO,CHATEAUROUX,TOULOUZECO,FRCHR,10:28,FRXYT
9573,2023-08-15,TOULOUSE MATABIAU,NON,3650,15:38,IC ARO,VIERZON VILLE,TOULOUZECO,FRXVZ,10:28,FRXYT
9574,2023-08-15,SOUILLAC,NON,3650,14:47,IC ARO,ARGENTON SUR CREUSE,TOULOUZECO,FRFMT,12:19,FRSOU
9575,2023-08-15,CAUSSADE TARN ET GARONNE,NON,3650,14:47,IC ARO,ARGENTON SUR CREUSE,TOULOUZECO,FRFMT,11:08,FRFTA
9576,2023-08-15,STRASBOURG,OUI,9896,23:23,EST,THIONVILLE,JCRHONRHIN,FRXTH,22:14,FRAEG
9577,2023-08-15,AIX EN PROVENCE TGV,NON,9896,19:39,EST,DIJON VILLE,JCRHONRHIN,FRABA,16:11,FRAIE
9578,2023-08-15,AIX EN PROVENCE TGV,NON,9896,16:30,EST,AVIGNON TGV,JCRHONRHIN,FRAVG,16:11,FRAIE
9579,2023-08-15,AVIGNON TGV,NON,9896,17:08,EST,VALENCE TGV RHONE-ALPES SUD,JCRHONRHIN,FRVLA,16:33,FRAVG
9580,2023-08-15,AVIGNON TGV,NON,9896,23:49,EST,LUXEMBOURG,JCRHONRHIN,LULUX,16:33,FRAVG
9581,2023-08-15,LYON (intramuros),NON,9896,20:16,EST,BESANCON - F COMTE TGV,JCRHONRHIN,FRTJB,18:00,FRLPD
9582,2023-08-15,LYON (intramuros),NON,9896,23:23,EST,THIONVILLE,JCRHONRHIN,FRXTH,18:00,FRLPD
9583,2023-08-15,MARSEILLE ST CHARLES,NON,9896,22:07,EST,STRASBOURG,JCRHONRHIN,FRAEG,15:56,FRMSC
9584,2023-08-15,BELFORT-MONTBELIARD TGV,OUI,9896,23:02,EST,METZ VILLE,JCRHONRHIN,FRADE,20:45,FRTJA
9585,2023-08-15,BESANCON - F COMTE TGV,OUI,9896,23:49,EST,LUXEMBOURG,JCRHONRHIN,LULUX,20:19,FRTJB
9586,2023-08-15,VALENCE TGV RHONE-ALPES SUD,NON,9896,20:16,EST,BESANCON - F COMTE TGV,JCRHONRHIN,FRTJB,17:13,FRVLA
9587,2023-08-15,THIONVILLE,OUI,9896,23:49,EST,LUXEMBOURG,JCRHONRHIN,LULUX,23:26,FRXTH
9588,2023-08-15,ST GAUDENS,NON,14151,15:06,IC SRO,TARBES,SUDOUEST,FRXTB,14:23,FRFPH
9589,2023-08-15,LOURDES,NON,14151,16:12,IC SRO,ORTHEZ,SUDOUEST,FRGFI,15:25,FRLDE
9590,2023-08-15,LOURDES,NON,14151,17:25,IC SRO,BAYONNE,SUDOUEST,FRXBY,15:25,FRLDE
9591,2023-08-15,TARBES,NON,14151,15:22,IC SRO,LOURDES,SUDOUEST,FRLDE,15:09,FRXTB
9592,2023-08-15,TOULOUSE MATABIAU,NON,14151,15:22,IC SRO,LOURDES,SUDOUEST,FRLDE,13:34,FRXYT
9593,2023-08-15,MONTREJEAU GOURDAN POLIGNAN,NON,14141,11:23,IC SRO,LOURDES,SUDOUEST,FRLDE,10:33,FRMTJ
9594,2023-08-15,MONTREJEAU GOURDAN POLIGNAN,NON,14141,13:00,IC SRO,BAYONNE,SUDOUEST,FRXBY,10:33,FRMTJ
9595,2023-08-15,TARBES,NON,14141,12:14,IC SRO,ORTHEZ,SUDOUEST,FRGFI,11:09,FRXTB
9596,2023-08-15,TOULOUSE MATABIAU,NON,14141,11:23,IC SRO,LOURDES,SUDOUEST,FRLDE,09:32,FRXYT
9597,2023-08-15,TOULOUSE MATABIAU,NON,14141,10:31,IC SRO,MONTREJEAU GOURDAN POLIGNAN,SUDOUEST,FRMTJ,09:32,FRXYT
9598,2023-08-15,LAVAL,NON,8066,23:49,ATLANTIQUE,PARIS (intramuros),BRETAPARIS,FRPMO,22:19,FRACR
9599,2023-08-15,MODANE,NON,9244,16:15,INTERNATIONAL,CHAMBERY CHALLES LES EAUX,ITALIEPA,FRCMF,15:12,FRAGR
9600,2023-08-15,MODANE,NON,9244,19:14,INTERNATIONAL,PARIS (intramuros),ITALIEPA,FRPLY,15:12,FRAGR
9601,2023-08-15,CHAMBERY CHALLES LES EAUX,NON,9244,17:38,INTERNATIONAL,MACON LOCHE TGV,ITALIEPA,FRMLT,16:23,FRCMF
9602,2023-08-15,CHAMBERY CHALLES LES EAUX,NON,9244,19:14,INTERNATIONAL,PARIS (intramuros),ITALIEPA,FRPLY,16:23,FRCMF
9603,2023-08-15,PARIS (intramuros),NON,9579,20:25,INTERNATIONAL,KARLSRUHE HBF,PASTUTMUN,DEQKA,17:55,FRPST
9604,2023-08-15,PARIS (intramuros),NON,9579,21:04,INTERNATIONAL,STUTTGART HBF,PASTUTMUN,DESGT,17:55,FRPST
9605,2023-08-15,BREST,OUI,8642,18:21,ATLANTIQUE,GUINGAMP,BRETAPARIS,FRGGP,17:22,FRBES
9606,2023-08-15,BREST,OUI,8642,17:52,ATLANTIQUE,MORLAIX,BRETAPARIS,FRMXN,17:22,FRBES
9607,2023-08-15,GUINGAMP,OUI,8642,18:38,ATLANTIQUE,ST BRIEUC,BRETAPARIS,FRSBK,18:24,FRGGP
9608,2023-08-15,BEZIERS,NON,4758,15:33,IC ARO,BORDEAUX ST JEAN,TJOURSESO,FRBOJ,11:47,FRBZR
9609,2023-08-15,BEZIERS,NON,4758,13:17,IC ARO,TOULOUSE MATABIAU,TJOURSESO,FRXYT,11:47,FRBZR
9610,2023-08-15,NIMES,NON,4758,12:32,IC ARO,CARCASSONNE,TJOURSESO,FRCCF,10:38,FRFNI
9611,2023-08-15,NIMES,NON,4758,14:54,IC ARO,MARMANDE,TJOURSESO,FRXMR,10:38,FRFNI
9612,2023-08-15,NIMES,NON,4758,13:50,IC ARO,MONTAUBAN VILLE BOURBON,TJOURSESO,FRXMW,10:38,FRFNI
9613,2023-08-15,MONTAUBAN VILLE BOURBON,NON,4758,15:33,IC ARO,BORDEAUX ST JEAN,TJOURSESO,FRBOJ,13:52,FRXMW
9614,2023-08-15,TOULOUSE MATABIAU,NON,4758,14:54,IC ARO,MARMANDE,TJOURSESO,FRXMR,13:25,FRXYT
9615,2023-08-15,BORDEAUX ST JEAN,OUI,8486,12:04,ATLANTIQUE,POITIERS,SUDOUESTPA,FRPIS,10:17,FRBOJ
9616,2023-08-15,LILLE (intramuros),NON,9838,21:01,NORD,LAVAL,JCNORDBRET,FRACR,17:40,FRLLE
9617,2023-08-15,LILLE (intramuros),NON,9838,18:58,NORD,MARNE LA VALLEE CHESSY,JCNORDBRET,FRMLV,17:40,FRLLE
9618,2023-08-15,LILLE (intramuros),OUI,9838,18:43,NORD,AEROPORT CDG2 TGV ROISSY,JCNORDBRET,FRMLW,17:40,FRLLE
9619,2023-08-15,MARNE LA VALLEE CHESSY,NON,9838,21:01,NORD,LAVAL,JCNORDBRET,FRACR,19:02,FRMLV
9620,2023-08-15,AEROPORT CDG2 TGV ROISSY,NON,9838,21:29,NORD,RENNES,JCNORDBRET,FRRNS,18:49,FRMLW
9621,2023-08-15,TGV HAUTE PICARDIE,NON,9838,18:58,NORD,MARNE LA VALLEE CHESSY,JCNORDBRET,FRMLV,18:15,FRTHP
9622,2023-08-15,TGV HAUTE PICARDIE,NON,9838,21:29,NORD,RENNES,JCNORDBRET,FRRNS,18:15,FRTHP
9623,2023-08-15,BRUXELLES MIDI BRUSSEL ZUID,NON,9838,21:29,NORD,RENNES,JCNORDBRET,FRRNS,16:54,BEBMI
9624,2023-08-15,BRUXELLES MIDI BRUSSEL ZUID,NON,9838,20:29,NORD,LE MANS,JCNORDBRET,FRAET,16:54,BEBMI
9625,2023-08-15,TGV HAUTE PICARDIE,NON,9838,21:01,NORD,LAVAL,JCNORDBRET,FRACR,18:15,FRTHP
9626,2023-08-15,BRUXELLES MIDI BRUSSEL ZUID,NON,9838,21:01,NORD,LAVAL,JCNORDBRET,FRACR,16:54,BEBMI
9627,2023-08-15,NICE VILLE,OUI,6074,10:28,SUD EST,CANNES,AZURPA,FRJCA,09:57,FRNIC
9628,2023-08-15,TOULON,NON,6074,15:50,SUD EST,PARIS (intramuros),AZURPA,FRPLY,11:48,FRTLN
9629,2023-08-15,ANTIBES,OUI,6074,10:28,SUD EST,CANNES,AZURPA,FRJCA,10:16,FRXAT
9630,2023-08-15,ANTIBES,OUI,6074,11:44,SUD EST,TOULON,AZURPA,FRTLN,10:16,FRXAT
9631,2023-08-15,DOUAI,OUI,7144,22:08,NORD,PARIS (intramuros),ARRASPA,FRPNO,20:51,FRXDN
9632,2023-08-15,LILLE (intramuros),OUI,5026,14:00,NORD,LYON (intramuros),JCNORDSUD,FRLPD,11:03,FRLLE
9633,2023-08-15,MARNE LA VALLEE CHESSY,OUI,5026,14:00,NORD,LYON (intramuros),JCNORDSUD,FRLPD,12:13,FRMLV
9634,2023-08-15,AEROPORT CDG2 TGV ROISSY,OUI,5026,12:08,NORD,MARNE LA VALLEE CHESSY,JCNORDSUD,FRMLV,11:59,FRMLW
9635,2023-08-15,PORNICHET,OUI,8934,21:23,ATLANTIQUE,ST NAZAIRE,LOIREPARIS,FRSNR,21:13,FREGR
9636,2023-08-15,LE CROISIC,NON,8934,22:44,ATLANTIQUE,ANGERS ST LAUD,LOIREPARIS,FRACL,20:51,FREGU
9637,2023-08-15,LE CROISIC,OUI,8934,21:03,ATLANTIQUE,LA BAULE ESCOUBLAC,LOIREPARIS,FRJEE,20:51,FREGU
9638,2023-08-15,LE CROISIC,OUI,8934,22:01,ATLANTIQUE,NANTES,LOIREPARIS,FRNTE,20:51,FREGU
9639,2023-08-15,LE CROISIC,NON,8934,00:12,ATLANTIQUE,PARIS (intramuros),LOIREPARIS,FRPMO,20:51,FREGU
9640,2023-08-15,LYON (intramuros),NON,6612,12:08,SUD EST,PARIS (intramuros),RHONEPARIS,FRPLY,09:50,FRLPE
9641,2023-08-15,DIJON VILLE,NON,9269,14:57,INTERNATIONAL,VALLORBE,PASUIS,CHAGL,13:35,FRABA
9642,2023-08-15,DIJON VILLE,OUI,9269,14:42,INTERNATIONAL,FRASNE,PASUIS,FRFRA,13:35,FRABA
9643,2023-08-15,DOLE VILLE,NON,9269,14:57,INTERNATIONAL,VALLORBE,PASUIS,CHAGL,14:00,FRACE
9644,2023-08-15,DOLE VILLE,NON,9269,15:37,INTERNATIONAL,LAUSANNE,PASUIS,CHAJF,14:00,FRACE
9645,2023-08-15,AVIGNON TGV,NON,6144,00:23,SUD EST,PARIS (intramuros),PROVENCEPA,FRPLY,21:37,FRAVG
9646,2023-08-15,GENEVE,NON,9780,19:49,INTERNATIONAL,BOURG EN BRESSE,GENEVEPA,FRXBK,18:29,CHGVA
9647,2023-08-15,DOLE VILLE,NON,9261,11:54,INTERNATIONAL,LAUSANNE,PASUIS,CHAJF,10:00,FRACE
9648,2023-08-15,PARIS (intramuros),NON,9261,10:57,INTERNATIONAL,VALLORBE,PASUIS,CHAGL,07:56,FRPLY
9649,2023-08-15,BEZIERS,NON,6252,12:50,SUD EST,VALENCE TGV RHONE-ALPES SUD,LANGPA,FRVLA,10:59,FRBZR
9650,2023-08-15,BEZIERS,OUI,6252,11:10,SUD EST,AGDE,LANGPA,FRXAG,10:59,FRBZR
9651,2023-08-15,PERPIGNAN,NON,6252,12:50,SUD EST,VALENCE TGV RHONE-ALPES SUD,LANGPA,FRVLA,10:04,FRPGF
9652,2023-08-15,NARBONNE,OUI,6252,10:56,SUD EST,BEZIERS,LANGPA,FRBZR,10:42,FRXNA
9653,2023-08-15,SETE,NON,6252,12:50,SUD EST,VALENCE TGV RHONE-ALPES SUD,LANGPA,FRVLA,11:30,FRXSY
9654,2023-08-15,NIMES PONT DU GARD,NON,6252,12:50,SUD EST,VALENCE TGV RHONE-ALPES SUD,LANGPA,FRVLA,12:14,FRXZP
9655,2023-08-15,PARIS (intramuros),OUI,6039,20:13,SUD EST,MONTPELLIER SAINT-ROCH,PALANG,FRMPL,16:42,FRPLY
9656,2023-08-15,PARIS (intramuros),OUI,6039,18:58,SUD EST,VALENCE TGV RHONE-ALPES SUD,PALANG,FRVLA,16:42,FRPLY
9657,2023-08-15,CLERMONT FERRAND,NON,5970,16:57,IC ARO,PARIS (intramuros),CLERMONTPA,FRPBE,13:31,FRCFE
9658,2023-08-15,CLERMONT FERRAND,OUI,5970,14:04,IC ARO,VICHY,CLERMONTPA,FRVHY,13:31,FRCFE
9659,2023-08-15,NEVERS,NON,5970,16:57,IC ARO,PARIS (intramuros),CLERMONTPA,FRPBE,15:00,FRNVS
9660,2023-08-15,RIOM CHATEL GUYON,OUI,5970,14:04,IC ARO,VICHY,CLERMONTPA,FRVHY,13:42,FRRIO
9661,2023-08-15,VICHY,NON,5970,14:58,IC ARO,NEVERS,CLERMONTPA,FRNVS,14:06,FRVHY
9662,2023-08-15,VICHY,NON,5970,14:29,IC ARO,MOULINS SUR ALLIER,CLERMONTPA,FRXMU,14:06,FRVHY
9663,2023-08-15,NANTES,OUI,8912,10:23,ATLANTIQUE,LE MANS,LOIREPARIS,FRAET,09:05,FRNTE
9664,2023-08-15,NANTES,OUI,8912,11:25,ATLANTIQUE,PARIS (intramuros),LOIREPARIS,FRPMO,09:05,FRNTE
9665,2023-08-15,ST NAZAIRE,OUI,8912,08:59,ATLANTIQUE,NANTES,LOIREPARIS,FRNTE,08:24,FRSNR
9666,2023-08-15,BOURG EN BRESSE,NON,9777,20:14,INTERNATIONAL,LAUSANNE,PAGENEVE,CHAJF,18:12,FRXBK
9667,2023-08-15,BOURG EN BRESSE,OUI,9777,19:00,INTERNATIONAL,BELLEGARDE,PAGENEVE,FRXBF,18:12,FRXBK
9668,2023-08-15,LA ROCHELLE VILLE,OUI,8374,11:02,ATLANTIQUE,SURGERES,ROCHELLEPA,FREIP,10:44,FRLRH
9669,2023-08-15,PARIS (intramuros),NON,9781,21:30,INTERNATIONAL,GENEVE,PAGENEVE,CHGVA,18:18,FRPLY
9670,2023-08-15,PARIS (intramuros),NON,9781,21:00,INTERNATIONAL,BELLEGARDE,PAGENEVE,FRXBF,18:18,FRPLY
9671,2023-08-15,LAVAL,OUI,8069,00:15,ATLANTIQUE,RENNES,PARISBRETA,FRRNS,23:48,FRACR
9672,2023-08-15,LE MANS,OUI,8069,00:15,ATLANTIQUE,RENNES,PARISBRETA,FRRNS,23:16,FRAET
9673,2023-08-15,AIX EN PROVENCE TGV,NON,6864,14:37,SUD EST,VALENCE TGV RHONE-ALPES SUD,JCSUDPROV,FRVLA,13:44,FRAIE
9674,2023-08-15,MARSEILLE ST CHARLES,NON,6864,14:37,SUD EST,VALENCE TGV RHONE-ALPES SUD,JCSUDPROV,FRVLA,13:30,FRMSC
9675,2023-08-15,VALENCE TGV RHONE-ALPES SUD,NON,6864,15:18,SUD EST,LYON (intramuros),JCSUDPROV,FRLPD,14:40,FRVLA
9676,2023-08-15,LA ROCHELLE VILLE,NON,8380,16:38,ATLANTIQUE,ST MAIXENT DEUX SEVRES,ROCHELLEPA,FREJC,15:47,FRLRH
9677,2023-08-15,NIORT,NON,8380,16:38,ATLANTIQUE,ST MAIXENT DEUX SEVRES,ROCHELLEPA,FREJC,16:24,FRNIT
9678,2023-08-15,MODANE,NON,9252,19:39,INTERNATIONAL,MACON LOCHE TGV,ITALIEPA,FRMLT,17:12,FRAGR
9679,2023-08-15,MODANE,NON,9252,21:14,INTERNATIONAL,PARIS (intramuros),ITALIEPA,FRPLY,17:12,FRAGR
9680,2023-08-15,MACON LOCHE TGV,NON,9252,21:14,INTERNATIONAL,PARIS (intramuros),ITALIEPA,FRPLY,19:42,FRMLT
9681,2023-08-15,TORINO PORTA SUSA,NON,9252,19:39,INTERNATIONAL,MACON LOCHE TGV,ITALIEPA,FRMLT,15:41,ITTRS
9682,2023-08-15,DOL DE BRETAGNE,OUI,8088,18:29,ATLANTIQUE,RENNES,BRETAPARIS,FRRNS,17:58,FRDOL
9683,2023-08-15,LA ROCHELLE VILLE,OUI,8362,09:05,ATLANTIQUE,SURGERES,ROCHELLEPA,FREIP,08:47,FRLRH
9684,2023-08-15,LA ROCHELLE VILLE,OUI,8362,11:40,ATLANTIQUE,PARIS (intramuros),ROCHELLEPA,FRPMO,08:47,FRLRH
9685,2023-08-15,ST PIERRE DES CORPS,OUI,8362,11:40,ATLANTIQUE,PARIS (intramuros),ROCHELLEPA,FRPMO,10:39,FRXSH
9686,2023-08-15,LYON (intramuros),NON,4504,18:38,IC SRO,NANTES,JOURLYNNTE,FRNTE,12:00,FRLPD
9687,2023-08-15,LYON (intramuros),NON,4504,13:43,IC SRO,ST GERMAIN DES FOSSES,JOURLYNNTE,FRSGF,11:47,FRLPE
9688,2023-08-15,NEVERS,NON,4504,17:29,IC SRO,SAUMUR,JOURLYNNTE,FRACN,14:49,FRNVS
9689,2023-08-15,NEVERS,NON,4504,15:49,IC SRO,VIERZON VILLE,JOURLYNNTE,FRXVZ,14:49,FRNVS
9690,2023-08-15,ROANNE,NON,4504,15:28,IC SRO,BOURGES,JOURLYNNTE,FRBOU,13:06,FRRNE
9691,2023-08-15,ROANNE,NON,4504,14:36,IC SRO,NEVERS,JOURLYNNTE,FRNVS,13:06,FRRNE
9692,2023-08-15,ST GERMAIN DES FOSSES,NON,4504,17:52,IC SRO,ANGERS ST LAUD,JOURLYNNTE,FRACL,13:45,FRSGF
9693,2023-08-15,ST GERMAIN DES FOSSES,NON,4504,17:29,IC SRO,SAUMUR,JOURLYNNTE,FRACN,13:45,FRSGF
9694,2023-08-15,ST GERMAIN DES FOSSES,NON,4504,15:28,IC SRO,BOURGES,JOURLYNNTE,FRBOU,13:45,FRSGF
9695,2023-08-15,MOULINS SUR ALLIER,NON,4504,15:28,IC SRO,BOURGES,JOURLYNNTE,FRBOU,14:07,FRXMU
9696,2023-08-15,MOULINS SUR ALLIER,NON,4504,15:49,IC SRO,VIERZON VILLE,JOURLYNNTE,FRXVZ,14:07,FRXMU
9697,2023-08-15,ST PIERRE DES CORPS,NON,4504,17:29,IC SRO,SAUMUR,JOURLYNNTE,FRACN,16:58,FRXSH
9698,2023-08-15,VIERZON VILLE,NON,4504,17:52,IC SRO,ANGERS ST LAUD,JOURLYNNTE,FRACL,15:51,FRXVZ
9699,2023-08-15,VIERZON VILLE,NON,4504,17:29,IC SRO,SAUMUR,JOURLYNNTE,FRACN,15:51,FRXVZ
9700,2023-08-15,MORLAIX,OUI,8646,20:38,ATLANTIQUE,ST BRIEUC,BRETAPARIS,FRSBK,19:55,FRMXN
9701,2023-08-15,CARCASSONNE,NON,4762,19:32,IC ARO,BORDEAUX ST JEAN,TJOURSESO,FRBOJ,16:33,FRCCF
9702,2023-08-15,CARCASSONNE,NON,4762,17:49,IC ARO,MONTAUBAN VILLE BOURBON,TJOURSESO,FRXMW,16:33,FRCCF
9703,2023-08-15,NIMES,NON,4762,19:32,IC ARO,BORDEAUX ST JEAN,TJOURSESO,FRBOJ,14:38,FRFNI
9704,2023-08-15,MARSEILLE ST CHARLES,NON,4762,17:18,IC ARO,TOULOUSE MATABIAU,TJOURSESO,FRXYT,13:23,FRMSC
9705,2023-08-15,NARBONNE,NON,4762,19:32,IC ARO,BORDEAUX ST JEAN,TJOURSESO,FRBOJ,16:02,FRXNA
9706,2023-08-15,NARBONNE,NON,4762,17:18,IC ARO,TOULOUSE MATABIAU,TJOURSESO,FRXYT,16:02,FRXNA
9707,2023-08-15,TOULOUSE MATABIAU,OUI,4762,18:26,IC ARO,AGEN,TJOURSESO,FRAGF,17:24,FRXYT
9708,2023-08-15,LANNION,OUI,8690,17:35,ATLANTIQUE,RENNES,BRETAPARIS,FRRNS,15:59,FRLAI
9709,2023-08-15,AIX EN PROVENCE TGV,NON,6132,22:22,SUD EST,PARIS (intramuros),PROVENCEPA,FRPLY,19:18,FRAIE
9710,2023-08-15,BEZIERS,NON,6268,16:28,SUD EST,PARIS (intramuros),LANGPA,FRPLY,12:08,FRBZR
9711,2023-08-15,BEZIERS,NON,6268,14:09,SUD EST,VALENCE TGV RHONE-ALPES SUD,LANGPA,FRVLA,12:08,FRBZR
9712,2023-08-15,PERPIGNAN,OUI,6268,12:05,SUD EST,BEZIERS,LANGPA,FRBZR,11:12,FRPGF
9713,2023-08-15,PERPIGNAN,NON,6268,16:28,SUD EST,PARIS (intramuros),LANGPA,FRPLY,11:12,FRPGF
9714,2023-08-15,PERPIGNAN,NON,6268,14:09,SUD EST,VALENCE TGV RHONE-ALPES SUD,LANGPA,FRVLA,11:12,FRPGF
9715,2023-08-15,PERPIGNAN,OUI,6268,12:40,SUD EST,SETE,LANGPA,FRXSY,11:12,FRPGF
9716,2023-08-15,AGDE,NON,6268,16:28,SUD EST,PARIS (intramuros),LANGPA,FRPLY,12:25,FRXAG
9717,2023-08-15,AGDE,OUI,6268,12:40,SUD EST,SETE,LANGPA,FRXSY,12:25,FRXAG
9718,2023-08-15,NARBONNE,OUI,6268,12:05,SUD EST,BEZIERS,LANGPA,FRBZR,11:51,FRXNA
9719,2023-08-15,NARBONNE,OUI,6268,12:40,SUD EST,SETE,LANGPA,FRXSY,11:51,FRXNA
9720,2023-08-15,SETE,NON,6268,14:09,SUD EST,VALENCE TGV RHONE-ALPES SUD,LANGPA,FRVLA,12:43,FRXSY
9721,2023-08-15,TOURS,OUI,8318,17:09,ATLANTIQUE,ST PIERRE DES CORPS,ROCHELLEPA,FRXSH,17:04,FRAFW
9722,2023-08-15,BAR LE DUC,OUI,2778,08:01,EST,PARIS (intramuros),SEDBARPA,FRPST,06:10,FRXBD
9723,2023-08-15,GENEVE,NON,9764,09:22,INTERNATIONAL,NURIEUX,GENEVEPA,FRHQN,08:29,CHGVA
9724,2023-08-15,LE MANS,OUI,8871,12:13,ATLANTIQUE,ANGERS ST LAUD,PARISLOIRE,FRACL,11:36,FRAET
9725,2023-08-15,LE MANS,OUI,8871,12:54,ATLANTIQUE,NANTES,PARISLOIRE,FRNTE,11:36,FRAET
9726,2023-08-15,LE MANS,OUI,8147,15:15,ATLANTIQUE,ANGERS ST LAUD,PARISLOIRE,FRACL,14:32,FRAET
9727,2023-08-15,PARIS (intramuros),OUI,8147,15:15,ATLANTIQUE,ANGERS ST LAUD,PARISLOIRE,FRACL,13:32,FRPMO
9728,2023-08-15,PARIS (intramuros),OUI,8147,14:52,ATLANTIQUE,SABLE SUR SARTHE,PARISLOIRE,FRSAB,13:32,FRPMO
9729,2023-08-15,SABLE SUR SARTHE,OUI,8147,15:55,ATLANTIQUE,NANTES,PARISLOIRE,FRNTE,14:54,FRSAB
9730,2023-08-15,ANGOULEME,NON,2092,11:20,EST,MASSY TGV,JCATLEST,FRDJU,09:07,FRANG
9731,2023-08-15,ANGOULEME,NON,2092,12:55,EST,CHAMPAGNE-ARDENNE,JCATLEST,FREAH,09:07,FRANG
9732,2023-08-15,BORDEAUX ST JEAN,OUI,2092,09:04,EST,ANGOULEME,JCATLEST,FRANG,08:29,FRBOJ
9733,2023-08-15,BORDEAUX ST JEAN,NON,2092,13:49,EST,LORRAINE TGV,JCATLEST,FREAM,08:29,FRBOJ
9734,2023-08-15,BORDEAUX ST JEAN,NON,2092,11:57,EST,MARNE LA VALLEE CHESSY,JCATLEST,FRMLV,08:29,FRBOJ
9735,2023-08-15,CHAMPAGNE-ARDENNE,NON,2092,14:29,EST,STRASBOURG,JCATLEST,FRAEG,12:58,FREAH
9736,2023-08-15,CHAMPAGNE-ARDENNE,NON,2092,13:23,EST,MEUSE TGV,JCATLEST,FREAJ,12:58,FREAH
9737,2023-08-15,MEUSE TGV,OUI,2092,13:49,EST,LORRAINE TGV,JCATLEST,FREAM,13:30,FREAJ
9738,2023-08-15,MARNE LA VALLEE CHESSY,NON,2092,14:29,EST,STRASBOURG,JCATLEST,FRAEG,12:01,FRMLV
9739,2023-08-15,AEROPORT CDG2 TGV ROISSY,NON,2092,13:49,EST,LORRAINE TGV,JCATLEST,FREAM,12:26,FRMLW
9740,2023-08-15,POITIERS,NON,2092,14:29,EST,STRASBOURG,JCATLEST,FRAEG,09:48,FRPIS
9741,2023-08-15,POITIERS,NON,2092,12:55,EST,CHAMPAGNE-ARDENNE,JCATLEST,FREAH,09:48,FRPIS
9742,2023-08-15,POITIERS,NON,2092,13:49,EST,LORRAINE TGV,JCATLEST,FREAM,09:48,FRPIS
9743,2023-08-15,PARIS (intramuros),OUI,7045,16:18,NORD,LILLE (intramuros),PALILLE,FRADJ,15:16,FRPNO
9744,2023-08-15,ANGOULEME,NON,8454,00:17,ATLANTIQUE,PARIS (intramuros),SUDOUESTPA,FRPMO,21:52,FRANG
9745,2023-08-15,BORDEAUX ST JEAN,NON,8454,00:17,ATLANTIQUE,PARIS (intramuros),SUDOUESTPA,FRPMO,21:14,FRBOJ
9746,2023-08-15,POITIERS,NON,8454,00:17,ATLANTIQUE,PARIS (intramuros),SUDOUESTPA,FRPMO,22:41,FRPIS
9747,2023-08-15,POITIERS,NON,8454,23:12,ATLANTIQUE,ST PIERRE DES CORPS,SUDOUESTPA,FRXSH,22:41,FRPIS
9748,2023-08-15,ANGOULEME,OUI,8437,13:02,ATLANTIQUE,BORDEAUX ST JEAN,PASUDOUEST,FRBOJ,12:26,FRANG
9749,2023-08-15,POITIERS,OUI,8437,12:23,ATLANTIQUE,ANGOULEME,PASUDOUEST,FRANG,11:44,FRPIS
9750,2023-08-15,PARIS (intramuros),OUI,8437,13:02,ATLANTIQUE,BORDEAUX ST JEAN,PASUDOUEST,FRBOJ,10:03,FRPMO
9751,2023-08-15,PARIS (intramuros),OUI,8437,11:07,ATLANTIQUE,ST PIERRE DES CORPS,PASUDOUEST,FRXSH,10:03,FRPMO
9752,2023-08-15,MASSY TGV,OUI,5358,23:09,SUD EST,NANTES,JCSUDATL,FRNTE,20:38,FRDJU
9753,2023-08-15,LYON (intramuros),NON,5358,22:29,SUD EST,ANGERS ST LAUD,JCSUDATL,FRACL,18:30,FRLPD
9754,2023-08-15,LYON (intramuros),NON,5358,22:05,SUD EST,SAUMUR,JCSUDATL,FRACN,18:30,FRLPD
9755,2023-08-15,VALENCE TGV RHONE-ALPES SUD,NON,5358,21:31,SUD EST,ST PIERRE DES CORPS,JCSUDATL,FRXSH,17:42,FRVLA
9756,2023-08-15,ST PIERRE DES CORPS,OUI,5358,22:29,SUD EST,ANGERS ST LAUD,JCSUDATL,FRACL,21:35,FRXSH
9757,2023-08-15,MONTPELLIER SUD DE FRANCE,NON,5358,18:20,SUD EST,LYON (intramuros),JCSUDATL,FRLPD,16:40,FRSUF
9758,2023-08-15,MONTPELLIER SUD DE FRANCE,NON,5358,22:05,SUD EST,SAUMUR,JCSUDATL,FRACN,16:40,FRSUF
9759,2023-08-15,NIMES PONT DU GARD,OUI,5358,17:37,SUD EST,VALENCE TGV RHONE-ALPES SUD,JCSUDATL,FRVLA,17:01,FRXZP
9760,2023-08-15,NIMES PONT DU GARD,NON,5358,23:09,SUD EST,NANTES,JCSUDATL,FRNTE,17:01,FRXZP
9761,2023-08-15,NIMES PONT DU GARD,NON,5358,22:05,SUD EST,SAUMUR,JCSUDATL,FRACN,17:01,FRXZP
9762,2023-08-15,PAU,NON,14142,12:37,IC SRO,LOURDES,SUDOUEST,FRLDE,12:12,FRAEE
9763,2023-08-15,PAU,NON,14142,14:27,IC SRO,TOULOUSE MATABIAU,SUDOUEST,FRXYT,12:12,FRAEE
9764,2023-08-15,HENDAYE,NON,14142,12:09,IC SRO,PAU,SUDOUEST,FRAEE,10:19,FRAEF
9765,2023-08-15,HENDAYE,NON,14142,13:30,IC SRO,MONTREJEAU GOURDAN POLIGNAN,SUDOUEST,FRMTJ,10:19,FRAEF
9766,2023-08-15,BIARRITZ,NON,14142,14:27,IC SRO,TOULOUSE MATABIAU,SUDOUEST,FRXYT,10:40,FRBIQ
9767,2023-08-15,ORTHEZ,NON,14142,12:53,IC SRO,TARBES,SUDOUEST,FRXTB,11:48,FRGFI
9768,2023-08-15,LOURDES,NON,14142,14:27,IC SRO,TOULOUSE MATABIAU,SUDOUEST,FRXYT,12:40,FRLDE
9769,2023-08-15,BAYONNE,NON,14142,12:09,IC SRO,PAU,SUDOUEST,FRAEE,11:02,FRXBY
9770,2023-08-15,BAYONNE,NON,14142,11:46,IC SRO,ORTHEZ,SUDOUEST,FRGFI,11:02,FRXBY
9771,2023-08-15,BAYONNE,NON,14142,12:53,IC SRO,TARBES,SUDOUEST,FRXTB,11:02,FRXBY
9772,2023-08-15,ST JEAN DE LUZ CIBOURE,NON,14142,12:37,IC SRO,LOURDES,SUDOUEST,FRLDE,10:30,FRXJZ
9773,2023-08-15,STRASBOURG,NON,5454,15:31,EST,CHAMPAGNE-ARDENNE,JCESTATL,FREAH,14:01,FRAEG
9774,2023-08-15,MASSY TGV,NON,5454,20:02,EST,BORDEAUX ST JEAN,JCESTATL,FRBOJ,17:10,FRDJU
9775,2023-08-15,MASSY TGV,NON,5454,18:40,EST,POITIERS,JCESTATL,FRPIS,17:10,FRDJU
9776,2023-08-15,MEUSE TGV,NON,5454,20:02,EST,BORDEAUX ST JEAN,JCESTATL,FRBOJ,15:05,FREAJ
9777,2023-08-15,MEUSE TGV,NON,5454,16:27,EST,MARNE LA VALLEE CHESSY,JCESTATL,FRMLV,15:05,FREAJ
9778,2023-08-15,LORRAINE TGV,NON,5454,15:31,EST,CHAMPAGNE-ARDENNE,JCESTATL,FREAH,14:39,FREAM
9779,2023-08-15,LORRAINE TGV,NON,5454,16:27,EST,MARNE LA VALLEE CHESSY,JCESTATL,FRMLV,14:39,FREAM
9780,2023-08-15,LORRAINE TGV,NON,5454,16:04,EST,AEROPORT CDG2 TGV ROISSY,JCESTATL,FRMLW,14:39,FREAM
9781,2023-08-15,LORRAINE TGV,NON,5454,18:06,EST,ST PIERRE DES CORPS,JCESTATL,FRXSH,14:39,FREAM
9782,2023-08-15,MARNE LA VALLEE CHESSY,NON,5454,17:04,EST,MASSY TGV,JCESTATL,FRDJU,16:32,FRMLV
9783,2023-08-15,AEROPORT CDG2 TGV ROISSY,NON,5454,17:04,EST,MASSY TGV,JCESTATL,FRDJU,16:18,FRMLW
9784,2023-08-15,POITIERS,OUI,5454,19:22,EST,ANGOULEME,JCESTATL,FRANG,18:43,FRPIS
9785,2023-08-15,ST PIERRE DES CORPS,NON,5454,18:40,EST,POITIERS,JCESTATL,FRPIS,18:10,FRXSH
9786,2023-08-15,CLERMONT FERRAND,OUI,5986,21:57,IC ARO,PARIS (intramuros),CLERMONTPA,FRPBE,18:31,FRCFE
9787,2023-08-15,VICHY,OUI,5986,21:57,IC ARO,PARIS (intramuros),CLERMONTPA,FRPBE,19:06,FRVHY
9788,2023-08-15,VICHY,OUI,5986,19:29,IC ARO,MOULINS SUR ALLIER,CLERMONTPA,FRXMU,19:06,FRVHY
9789,2023-08-15,LORIENT,NON,8730,17:25,ATLANTIQUE,RENNES,BRETAPARIS,FRRNS,15:53,FRLRT
9790,2023-08-15,ROSPORDEN,OUI,8730,15:50,ATLANTIQUE,LORIENT,BRETAPARIS,FRLRT,15:24,FRRSP
9791,2023-08-15,ROSPORDEN,NON,8730,19:06,ATLANTIQUE,PARIS (intramuros),BRETAPARIS,FRPMO,15:24,FRRSP
9792,2023-08-15,QUIMPER,OUI,8730,15:37,ATLANTIQUE,QUIMPERLE,BRETAPARIS,FRECO,15:10,FRUIP
9793,2023-08-15,QUIMPER,NON,8730,17:25,ATLANTIQUE,RENNES,BRETAPARIS,FRRNS,15:10,FRUIP
9794,2023-08-15,AURAY,NON,8730,17:25,ATLANTIQUE,RENNES,BRETAPARIS,FRRNS,16:13,FRXUY
9795,2023-08-15,DIJON VILLE,NON,9898,10:34,EST,BESANCON - F COMTE TGV,JCRHONRHIN,FRTJB,10:08,FRABA
9796,2023-08-15,NIMES,NON,9898,10:57,EST,BELFORT-MONTBELIARD TGV,JCRHONRHIN,FRTJA,06:57,FRFNI
9797,2023-08-15,NIMES,NON,9898,07:40,EST,VALENCE TGV RHONE-ALPES SUD,JCRHONRHIN,FRVLA,06:57,FRFNI
9798,2023-08-15,NIMES,NON,9898,14:15,EST,LUXEMBOURG,JCRHONRHIN,LULUX,06:57,FRFNI
9799,2023-08-15,LYON (intramuros),NON,9898,12:24,EST,STRASBOURG,JCRHONRHIN,FRAEG,08:30,FRLPD
9800,2023-08-15,LYON (intramuros),NON,9898,11:49,EST,COLMAR,JCRHONRHIN,FRAEJ,08:30,FRLPD
9801,2023-08-15,MONTPELLIER SAINT-ROCH,OUI,9898,06:54,EST,NIMES,JCRHONRHIN,FRFNI,06:29,FRMPL
9802,2023-08-15,MONTPELLIER SAINT-ROCH,NON,9898,08:24,EST,LYON (intramuros),JCRHONRHIN,FRLPD,06:29,FRMPL
9803,2023-08-15,MONTPELLIER SAINT-ROCH,NON,9898,10:57,EST,BELFORT-MONTBELIARD TGV,JCRHONRHIN,FRTJA,06:29,FRMPL
9804,2023-08-15,MONTPELLIER SAINT-ROCH,NON,9898,07:40,EST,VALENCE TGV RHONE-ALPES SUD,JCRHONRHIN,FRVLA,06:29,FRMPL
9805,2023-08-15,MONTPELLIER SAINT-ROCH,NON,9898,13:48,EST,THIONVILLE,JCRHONRHIN,FRXTH,06:29,FRMPL
9806,2023-08-15,BELFORT-MONTBELIARD TGV,NON,9898,11:49,EST,COLMAR,JCRHONRHIN,FRAEJ,10:59,FRTJA
9807,2023-08-15,BELFORT-MONTBELIARD TGV,NON,9898,14:15,EST,LUXEMBOURG,JCRHONRHIN,LULUX,10:59,FRTJA
9808,2023-08-15,VALENCE TGV RHONE-ALPES SUD,NON,9898,12:24,EST,STRASBOURG,JCRHONRHIN,FRAEG,07:45,FRVLA
9809,2023-08-15,LUCON,NON,3835,20:11,IC SRO,BORDEAUX ST JEAN,NANTEBORDO,FRBOJ,17:00,FRLCN
9810,2023-08-15,LUCON,NON,3835,18:03,IC SRO,ROCHEFORT,NANTEBORDO,FRRCO,17:00,FRLCN
9811,2023-08-15,LA ROCHELLE VILLE,NON,3835,20:11,IC SRO,BORDEAUX ST JEAN,NANTEBORDO,FRBOJ,17:43,FRLRH
9812,2023-08-15,NANTES,NON,3835,18:32,IC SRO,SAINTES,NANTEBORDO,FRXST,15:55,FRNTE
9813,2023-08-15,ROCHEFORT,NON,3835,18:32,IC SRO,SAINTES,NANTEBORDO,FRXST,18:05,FRRCO
9814,2023-08-15,LA ROCHE SUR YON,NON,3835,18:03,IC SRO,ROCHEFORT,NANTEBORDO,FRRCO,16:36,FRXRO
9815,2023-08-15,CARCASSONNE,NON,4766,21:17,IC ARO,TOULOUSE MATABIAU,TJOURSESO,FRXYT,20:35,FRCCF
9816,2023-08-15,NIMES,NON,4766,20:33,IC ARO,CARCASSONNE,TJOURSESO,FRCCF,18:39,FRFNI
9817,2023-08-15,NIMES,NON,4766,20:02,IC ARO,NARBONNE,TJOURSESO,FRXNA,18:39,FRFNI
9818,2023-08-15,MONTPELLIER SAINT-ROCH,NON,4766,19:44,IC ARO,BEZIERS,TJOURSESO,FRBZR,19:07,FRMPL
9819,2023-08-15,MARSEILLE ST CHARLES,NON,4766,21:17,IC ARO,TOULOUSE MATABIAU,TJOURSESO,FRXYT,17:28,FRMSC
9820,2023-08-15,NIMES,NON,6823,13:30,SUD EST,CARCASSONNE,JCPROVSUD,FRCCF,11:37,FRFNI
9821,2023-08-15,NIMES,NON,6823,12:59,SUD EST,NARBONNE,JCPROVSUD,FRXNA,11:37,FRFNI
9822,2023-08-15,MONTPELLIER SAINT-ROCH,NON,6823,12:59,SUD EST,NARBONNE,JCPROVSUD,FRXNA,12:06,FRMPL
9823,2023-08-15,VALENCE TGV RHONE-ALPES SUD,NON,6823,12:59,SUD EST,NARBONNE,JCPROVSUD,FRXNA,10:49,FRVLA
9824,2023-08-15,LIMOGES BENEDICTINS,NON,3674,19:10,IC ARO,CHATEAUROUX,TOULOUZECO,FRCHR,18:00,FRAGQ
9825,2023-08-15,LIMOGES BENEDICTINS,OUI,3674,18:29,IC ARO,LA SOUTERRAINE,TOULOUZECO,FRLST,18:00,FRAGQ
9826,2023-08-15,VIERZON VILLE,NON,3674,21:20,IC ARO,PARIS (intramuros),TOULOUZECO,FRPAZ,19:47,FRXVZ
9827,2023-08-15,PARIS (intramuros),NON,6049,18:08,SUD EST,MONTPELLIER SUD DE FRANCE,PALANG,FRSUF,14:56,FRPLY
9828,2023-08-15,VALENCE TGV RHONE-ALPES SUD,NON,6049,18:08,SUD EST,MONTPELLIER SUD DE FRANCE,PALANG,FRSUF,17:09,FRVLA
9829,2023-08-15,PARIS (intramuros),NON,8623,17:16,ATLANTIQUE,ST BRIEUC,PARISBRETA,FRSBK,14:41,FRPMO
9830,2023-08-15,CHATEAUROUX,OUI,3685,22:55,IC ARO,LIMOGES BENEDICTINS,PALITO,FRAGQ,21:41,FRCHR
9831,2023-08-15,LA SOUTERRAINE,OUI,3685,00:01,IC ARO,BRIVE LA GAILLARDE,PALITO,FRBVE,22:23,FRLST
9832,2023-08-15,PARIS (intramuros),OUI,3685,22:55,IC ARO,LIMOGES BENEDICTINS,PALITO,FRAGQ,19:39,FRPAZ
9833,2023-08-15,PARIS (intramuros),OUI,3685,22:21,IC ARO,LA SOUTERRAINE,PALITO,FRLST,19:39,FRPAZ
9834,2023-08-15,PARIS (intramuros),OUI,3685,21:08,IC ARO,VIERZON VILLE,PALITO,FRXVZ,19:39,FRPAZ
9835,2023-08-15,VIERZON VILLE,OUI,3685,21:39,IC ARO,CHATEAUROUX,PALITO,FRCHR,21:10,FRXVZ
9836,2023-08-15,VIERZON VILLE,OUI,3685,22:21,IC ARO,LA SOUTERRAINE,PALITO,FRLST,21:10,FRXVZ
9837,2023-08-15,LORIENT,OUI,8794,20:57,ATLANTIQUE,VANNES,BRETAPARIS,FRVNE,20:28,FRLRT
9838,2023-08-15,SAUMUR,NON,4406,21:18,IC SRO,LYON (intramuros),JOURNTELYN,FRLPD,15:53,FRACN
9839,2023-08-15,SAUMUR,NON,4406,21:30,IC SRO,LYON (intramuros),JOURNTELYN,FRLPE,15:53,FRACN
9840,2023-08-15,SAUMUR,NON,4406,19:34,IC SRO,ST GERMAIN DES FOSSES,JOURNTELYN,FRSGF,15:53,FRACN
9841,2023-08-15,SAUMUR,NON,4406,19:12,IC SRO,MOULINS SUR ALLIER,JOURNTELYN,FRXMU,15:53,FRACN
9842,2023-08-15,BOURGES,NON,4406,20:13,IC SRO,ROANNE,JOURNTELYN,FRRNE,17:59,FRBOU
9843,2023-08-15,NANTES,NON,4406,15:26,IC SRO,ANGERS ST LAUD,JOURNTELYN,FRACL,14:47,FRNTE
9844,2023-08-15,NANTES,NON,4406,21:18,IC SRO,LYON (intramuros),JOURNTELYN,FRLPD,14:47,FRNTE
9845,2023-08-15,NANTES,NON,4406,16:31,IC SRO,ST PIERRE DES CORPS,JOURNTELYN,FRXSH,14:47,FRNTE
9846,2023-08-15,NANTES,NON,4406,17:38,IC SRO,VIERZON VILLE,JOURNTELYN,FRXVZ,14:47,FRNTE
9847,2023-08-15,MOULINS SUR ALLIER,NON,4406,21:30,IC SRO,LYON (intramuros),JOURNTELYN,FRLPE,19:14,FRXMU
9848,2023-08-15,ST PIERRE DES CORPS,NON,4406,19:34,IC SRO,ST GERMAIN DES FOSSES,JOURNTELYN,FRSGF,16:35,FRXSH
9849,2023-08-15,VIERZON VILLE,NON,4406,17:57,IC SRO,BOURGES,JOURNTELYN,FRBOU,17:40,FRXVZ
9850,2023-08-15,VIERZON VILLE,NON,4406,18:35,IC SRO,NEVERS,JOURNTELYN,FRNVS,17:40,FRXVZ
9851,2023-08-15,VIERZON VILLE,NON,4406,19:12,IC SRO,MOULINS SUR ALLIER,JOURNTELYN,FRXMU,17:40,FRXVZ
9852,2023-08-15,MOULINS SUR ALLIER,OUI,5959,16:17,IC ARO,RIOM CHATEL GUYON,PACLERMONT,FRRIO,15:30,FRXMU
9853,2023-08-15,DOL DE BRETAGNE,OUI,8093,21:01,ATLANTIQUE,ST MALO,PARISBRETA,FRXSB,20:47,FRDOL
9854,2023-08-15,PARIS (intramuros),OUI,8093,21:01,ATLANTIQUE,ST MALO,PARISBRETA,FRXSB,18:11,FRPMO
9855,2023-08-15,QUIMPER,OUI,8732,17:54,ATLANTIQUE,VANNES,BRETAPARIS,FRVNE,16:56,FRUIP
9856,2023-08-15,VITRY LE FRANCOIS GARE,OUI,2785,21:19,EST,BAR LE DUC,PABARSED,FRXBD,20:55,FRBFO
9857,2023-08-15,CHAMPAGNE-ARDENNE,OUI,2785,20:32,EST,CHALONS EN CHAMPAGNE,PABARSED,FRXCR,20:11,FREAH
9858,2023-08-15,RANG DU FLIERS VERTON,OUI,7544,22:08,NORD,PARIS (intramuros),ARRASPA,FRPNO,19:03,FRCVU
9859,2023-08-15,ETAPLES LE TOUQUET,OUI,7544,22:08,NORD,PARIS (intramuros),ARRASPA,FRPNO,19:13,FRETA
9860,2023-08-15,PARIS (intramuros),NON,9249,18:49,INTERNATIONAL,MODANE,PAITALIE,FRAGR,14:46,FRPLY
9861,2023-08-15,PARIS (intramuros),NON,9249,20:22,INTERNATIONAL,TORINO PORTA SUSA,PAITALIE,ITTRS,14:46,FRPLY
9862,2023-08-15,LAUSANNE,NON,9268,16:04,INTERNATIONAL,PARIS (intramuros),SUISPA,FRPLY,12:23,CHAJF
9863,2023-08-15,DOLE VILLE,OUI,9268,16:04,INTERNATIONAL,PARIS (intramuros),SUISPA,FRPLY,14:00,FRACE
9864,2023-08-15,FRASNE,OUI,9268,16:04,INTERNATIONAL,PARIS (intramuros),SUISPA,FRPLY,13:15,FRFRA
9865,2023-08-15,LYON (intramuros),NON,9756,11:33,INTERNATIONAL,AVIGNON TGV,GENEVEMED,FRAVG,10:28,FRLPD
9866,2023-08-15,BELLEGARDE,NON,9756,12:11,INTERNATIONAL,MARSEILLE ST CHARLES,GENEVEMED,FRMSC,09:12,FRXBF
9867,2023-08-15,GENEVE,NON,9756,09:09,INTERNATIONAL,BELLEGARDE,GENEVEMED,FRXBF,08:41,CHGVA
9868,2023-08-15,BELLEGARDE,NON,9756,11:55,INTERNATIONAL,AIX EN PROVENCE TGV,GENEVEMED,FRAIE,09:12,FRXBF
9869,2023-08-15,VENDOME VILLIERS SUR LOIR,OUI,8324,22:33,ATLANTIQUE,PARIS (intramuros),ROCHELLEPA,FRPMO,21:46,FRESL
9870,2023-08-15,POITIERS,OUI,8495,23:42,ATLANTIQUE,BORDEAUX ST JEAN,PASUDOUEST,FRBOJ,21:54,FRPIS
9871,2023-08-15,LE MANS,NON,8926,20:29,ATLANTIQUE,PARIS (intramuros),LOIREPARIS,FRPMO,19:31,FRAET
9872,2023-08-15,LE CROISIC,OUI,8926,17:03,ATLANTIQUE,LA BAULE ESCOUBLAC,LOIREPARIS,FRJEE,16:55,FREGU
9873,2023-08-15,LE CROISIC,OUI,8926,17:59,ATLANTIQUE,NANTES,LOIREPARIS,FRNTE,16:55,FREGU
9874,2023-08-15,LE CROISIC,OUI,8926,17:21,ATLANTIQUE,ST NAZAIRE,LOIREPARIS,FRSNR,16:55,FREGU
9875,2023-08-15,LA BAULE ESCOUBLAC,NON,8926,18:41,ATLANTIQUE,ANGERS ST LAUD,LOIREPARIS,FRACL,17:07,FRJEE
9876,2023-08-15,LA BAULE ESCOUBLAC,OUI,8926,17:21,ATLANTIQUE,ST NAZAIRE,LOIREPARIS,FRSNR,17:07,FRJEE
9877,2023-08-15,NANTES,NON,8926,19:28,ATLANTIQUE,LE MANS,LOIREPARIS,FRAET,18:05,FRNTE
9878,2023-08-15,ST NAZAIRE,NON,8926,18:41,ATLANTIQUE,ANGERS ST LAUD,LOIREPARIS,FRACL,17:24,FRSNR
9879,2023-08-15,PARIS (intramuros),NON,6227,22:41,SUD EST,NIMES PONT DU GARD,PALANG,FRXZP,19:52,FRPLY
9880,2023-08-15,PARIS (intramuros),NON,6051,14:59,SUD EST,MONTPELLIER SUD DE FRANCE,PALANG,FRSUF,11:46,FRPLY
9881,2023-08-15,LYON (intramuros),OUI,6621,18:17,SUD EST,LYON (intramuros),PARISRHONE,FRLPE,18:09,FRLPD
9882,2023-08-15,LE MANS,NON,5460,18:37,EST,AEROPORT CDG2 TGV ROISSY,JCATLEST,FRMLW,16:57,FRAET
9883,2023-08-15,MASSY TGV,NON,5460,18:37,EST,AEROPORT CDG2 TGV ROISSY,JCATLEST,FRMLW,17:54,FRDJU
9884,2023-08-15,CHAMPAGNE-ARDENNE,OUI,5460,21:04,EST,STRASBOURG,JCATLEST,FRAEG,19:35,FREAH
9885,2023-08-15,CHAMPAGNE-ARDENNE,OUI,5460,20:25,EST,LORRAINE TGV,JCATLEST,FREAM,19:35,FREAH
9886,2023-08-15,MEUSE TGV,OUI,5460,21:04,EST,STRASBOURG,JCATLEST,FRAEG,20:07,FREAJ
9887,2023-08-15,MARNE LA VALLEE CHESSY,NON,5460,21:04,EST,STRASBOURG,JCATLEST,FRAEG,18:28,FRMLV
9888,2023-08-15,CLERMONT FERRAND,OUI,5982,20:57,IC ARO,PARIS (intramuros),CLERMONTPA,FRPBE,17:31,FRCFE
9889,2023-08-15,CLERMONT FERRAND,OUI,5982,17:40,IC ARO,RIOM CHATEL GUYON,CLERMONTPA,FRRIO,17:31,FRCFE
9890,2023-08-15,RIOM CHATEL GUYON,OUI,5982,20:57,IC ARO,PARIS (intramuros),CLERMONTPA,FRPBE,17:42,FRRIO
9891,2023-08-15,BOURGES,NON,4402,13:22,IC SRO,LYON (intramuros),JOURNTELYN,FRLPE,09:46,FRBOU
9892,2023-08-15,BOURGES,NON,4402,10:23,IC SRO,NEVERS,JOURNTELYN,FRNVS,09:46,FRBOU
9893,2023-08-15,NANTES,NON,4402,07:30,IC SRO,SAUMUR,JOURNTELYN,FRACN,06:26,FRNTE
9894,2023-08-15,NANTES,NON,4402,13:10,IC SRO,LYON (intramuros),JOURNTELYN,FRLPD,06:26,FRNTE
9895,2023-08-15,NANTES,NON,4402,11:26,IC SRO,ST GERMAIN DES FOSSES,JOURNTELYN,FRSGF,06:26,FRNTE
9896,2023-08-15,NEVERS,NON,4402,13:10,IC SRO,LYON (intramuros),JOURNTELYN,FRLPD,10:37,FRNVS
9897,2023-08-15,NEVERS,NON,4402,13:22,IC SRO,LYON (intramuros),JOURNTELYN,FRLPE,10:37,FRNVS
9898,2023-08-15,NEVERS,NON,4402,11:05,IC SRO,MOULINS SUR ALLIER,JOURNTELYN,FRXMU,10:37,FRNVS
9899,2023-08-15,ROANNE,NON,4402,13:22,IC SRO,LYON (intramuros),JOURNTELYN,FRLPE,12:08,FRRNE
9900,2023-08-15,ST PIERRE DES CORPS,NON,4402,09:44,IC SRO,BOURGES,JOURNTELYN,FRBOU,08:09,FRXSH
9901,2023-08-15,ST PIERRE DES CORPS,NON,4402,13:22,IC SRO,LYON (intramuros),JOURNTELYN,FRLPE,08:09,FRXSH
9902,2023-08-15,ST PIERRE DES CORPS,NON,4402,12:05,IC SRO,ROANNE,JOURNTELYN,FRRNE,08:09,FRXSH
9903,2023-08-15,VIERZON VILLE,NON,4402,11:05,IC SRO,MOULINS SUR ALLIER,JOURNTELYN,FRXMU,09:19,FRXVZ
9904,2023-08-15,KAISERSLAUTERN HBF,NON,9556,11:00,INTERNATIONAL,SARREBRUCK/SAARBRUECKEN,FRANCPA,DESBK,10:22,DEKLT
9905,2023-08-15,MANNHEIM HBF,NON,9556,12:53,INTERNATIONAL,PARIS (intramuros),FRANCPA,FRPST,09:40,DEMHG
9906,2023-08-15,ST GAUDENS,NON,14140,10:30,IC SRO,TOULOUSE MATABIAU,SUDOUEST,FRXYT,09:36,FRFPH
9907,2023-08-15,LOURDES,NON,14140,09:34,IC SRO,ST GAUDENS,SUDOUEST,FRFPH,08:39,FRLDE
9908,2023-08-15,BAYONNE,NON,14140,08:36,IC SRO,LOURDES,SUDOUEST,FRLDE,07:00,FRXBY
9909,2023-08-15,BAYONNE,NON,14140,08:52,IC SRO,TARBES,SUDOUEST,FRXTB,07:00,FRXBY
9910,2023-08-15,BAYONNE,NON,14140,10:30,IC SRO,TOULOUSE MATABIAU,SUDOUEST,FRXYT,07:00,FRXBY
9911,2023-08-15,TARBES,NON,14140,09:34,IC SRO,ST GAUDENS,SUDOUEST,FRFPH,08:55,FRXTB
9912,2023-08-15,LYON (intramuros),NON,5192,17:47,NORD,MARNE LA VALLEE CHESSY,JCSUDNORD,FRMLV,16:00,FRLPD
9913,2023-08-15,LYON (intramuros),NON,5192,18:56,NORD,ARRAS,JCSUDNORD,FRQRV,16:00,FRLPD
9914,2023-08-15,LYON (intramuros),NON,5192,17:47,NORD,MARNE LA VALLEE CHESSY,JCSUDNORD,FRMLV,15:46,FRLPE
9915,2023-08-15,MARNE LA VALLEE CHESSY,NON,5192,18:56,NORD,ARRAS,JCSUDNORD,FRQRV,17:51,FRMLV
9916,2023-08-15,TGV HAUTE PICARDIE,OUI,5192,19:44,NORD,LILLE (intramuros),JCSUDNORD,FRADJ,18:39,FRTHP
9917,2023-08-15,TGV HAUTE PICARDIE,OUI,5192,18:56,NORD,ARRAS,JCSUDNORD,FRQRV,18:39,FRTHP
9918,2023-08-15,DOUAI,OUI,5192,19:44,NORD,LILLE (intramuros),JCSUDNORD,FRADJ,19:19,FRXDN
9919,2023-08-15,DIJON VILLE,NON,2203,10:56,EST,LYON (intramuros),JCRHINRHON,FRLPD,09:21,FRABA
9920,2023-08-15,STRASBOURG,NON,2203,09:54,EST,CHALON SUR SAONE,JCRHINRHON,FRXCD,06:47,FRAEG
9921,2023-08-15,BELFORT-MONTBELIARD TGV,OUI,2203,08:38,EST,BESANCON - F COMTE TGV,JCRHINRHON,FRTJB,08:17,FRTJA
9922,2023-08-15,BESANCON - F COMTE TGV,OUI,2203,09:11,EST,DIJON VILLE,JCRHINRHON,FRABA,08:41,FRTJB
9923,2023-08-15,BESANCON - F COMTE TGV,NON,2203,12:24,EST,NIMES,JCRHINRHON,FRFNI,08:41,FRTJB
9924,2023-08-15,PAU,NON,14157,21:49,IC SRO,HENDAYE,SUDOUEST,FRAEF,19:53,FRAEE
9925,2023-08-15,PAU,NON,14157,21:22,IC SRO,BIARRITZ,SUDOUEST,FRBIQ,19:53,FRAEE
9926,2023-08-15,PAU,NON,14157,20:13,IC SRO,ORTHEZ,SUDOUEST,FRGFI,19:53,FRAEE
9927,2023-08-15,ORTHEZ,NON,14157,21:49,IC SRO,HENDAYE,SUDOUEST,FRAEF,20:15,FRGFI
9928,2023-08-15,LANNEMEZAN,NON,14157,20:13,IC SRO,ORTHEZ,SUDOUEST,FRGFI,18:42,FRLNZ
9929,2023-08-15,BAYONNE,NON,14157,21:36,IC SRO,ST JEAN DE LUZ CIBOURE,SUDOUEST,FRXJZ,21:14,FRXBY
9930,2023-08-15,TARBES,NON,14157,21:04,IC SRO,BAYONNE,SUDOUEST,FRXBY,19:08,FRXTB
9931,2023-08-15,TOULOUSE MATABIAU,NON,14157,20:13,IC SRO,ORTHEZ,SUDOUEST,FRGFI,17:32,FRXYT
9932,2023-08-15,TOULOUSE MATABIAU,NON,14157,19:21,IC SRO,LOURDES,SUDOUEST,FRLDE,17:32,FRXYT
9933,2023-08-15,TOULOUSE MATABIAU,NON,14157,18:40,IC SRO,LANNEMEZAN,SUDOUEST,FRLNZ,17:32,FRXYT
9934,2023-08-15,TOULOUSE MATABIAU,NON,14157,21:04,IC SRO,BAYONNE,SUDOUEST,FRXBY,17:32,FRXYT
9935,2023-08-15,TOULOUSE MATABIAU,NON,14157,21:36,IC SRO,ST JEAN DE LUZ CIBOURE,SUDOUEST,FRXJZ,17:32,FRXYT
9936,2023-08-15,TOULOUSE MATABIAU,NON,14157,19:05,IC SRO,TARBES,SUDOUEST,FRXTB,17:32,FRXYT
9937,2023-08-15,LANNEMEZAN,NON,14157,21:49,IC SRO,HENDAYE,SUDOUEST,FRAEF,18:42,FRLNZ
9938,2023-08-15,PARIS (intramuros),OUI,7163,10:40,NORD,ARRAS,PAARRAS,FRQRV,09:52,FRPNO
9939,2023-08-15,CANNES,NON,6168,21:50,SUD EST,PARIS (intramuros),AZURPA,FRPLY,16:32,FRJCA
9940,2023-08-15,NICE VILLE,NON,6168,21:50,SUD EST,PARIS (intramuros),AZURPA,FRPLY,16:01,FRNIC
9941,2023-08-15,ST RAPHAEL VALESCURE,NON,6168,21:50,SUD EST,PARIS (intramuros),AZURPA,FRPLY,16:58,FRXSK
9942,2023-08-15,ST RAPHAEL VALESCURE,OUI,6168,17:44,SUD EST,TOULON,AZURPA,FRTLN,16:58,FRXSK
9943,2023-08-15,ANGERS ST LAUD,NON,8931,22:08,ATLANTIQUE,LE CROISIC,PARISLOIRE,FREGU,20:19,FRACL
9944,2023-08-15,ANGERS ST LAUD,NON,8931,21:39,ATLANTIQUE,ST NAZAIRE,PARISLOIRE,FRSNR,20:19,FRACL
9945,2023-08-15,PARIS (intramuros),OUI,8931,20:16,ATLANTIQUE,ANGERS ST LAUD,PARISLOIRE,FRACL,18:48,FRPMO
9946,2023-08-15,PARIS (intramuros),NON,8931,21:55,ATLANTIQUE,LA BAULE ESCOUBLAC,PARISLOIRE,FRJEE,18:48,FRPMO
9947,2023-08-15,PARIS (intramuros),NON,8931,20:59,ATLANTIQUE,NANTES,PARISLOIRE,FRNTE,18:48,FRPMO
9948,2023-08-15,LIMOGES BENEDICTINS,OUI,3617,12:04,IC ARO,BRIVE LA GAILLARDE,PALITO,FRBVE,10:59,FRAGQ
9949,2023-08-15,CHATEAUROUX,OUI,3617,10:22,IC ARO,LA SOUTERRAINE,PALITO,FRLST,09:43,FRCHR
9950,2023-08-15,ARGENTON SUR CREUSE,OUI,3617,10:22,IC ARO,LA SOUTERRAINE,PALITO,FRLST,09:59,FRFMT
9951,2023-08-15,PARIS (intramuros),OUI,3617,10:56,IC ARO,LIMOGES BENEDICTINS,PALITO,FRAGQ,07:41,FRPAZ
9952,2023-08-15,BEZIERS,NON,9706,23:05,SUD EST,PARIS (intramuros),BARCELONEPA,FRPLY,19:00,FRBZR
9953,2023-08-15,BEZIERS,NON,9706,19:11,SUD EST,AGDE,BARCELONEPA,FRXAG,19:00,FRBZR
9954,2023-08-15,PERPIGNAN,NON,9706,23:05,SUD EST,PARIS (intramuros),BARCELONEPA,FRPLY,18:04,FRPGF
9955,2023-08-15,VALENCE TGV RHONE-ALPES SUD,NON,9706,23:05,SUD EST,PARIS (intramuros),BARCELONEPA,FRPLY,20:54,FRVLA
9956,2023-08-15,AGDE,NON,9706,19:27,SUD EST,SETE,BARCELONEPA,FRXSY,19:14,FRXAG
9957,2023-08-15,NARBONNE,NON,9706,20:51,SUD EST,VALENCE TGV RHONE-ALPES SUD,BARCELONEPA,FRVLA,18:43,FRXNA
9958,2023-08-15,MONTPELLIER SUD DE FRANCE,NON,9706,23:05,SUD EST,PARIS (intramuros),BARCELONEPA,FRPLY,19:52,FRSUF
9959,2023-08-15,BEZIERS,NON,9706,19:47,SUD EST,MONTPELLIER SUD DE FRANCE,BARCELONEPA,FRSUF,19:00,FRBZR
9960,2023-08-15,FIGUERES VILA TGV,NON,9706,17:32,SUD EST,PERPIGNAN,BARCELONEPA,FRPGF,17:08,ESFIR
9961,2023-08-15,GIRONA,NON,9706,23:05,SUD EST,PARIS (intramuros),BARCELONEPA,FRPLY,16:51,ESGRO
9962,2023-08-15,BARCELONA SANTS,NON,9706,19:27,SUD EST,SETE,BARCELONEPA,FRXSY,16:10,ESBST
9963,2023-08-15,FIGUERES VILA TGV,NON,9706,18:40,SUD EST,NARBONNE,BARCELONEPA,FRXNA,17:08,ESFIR
9964,2023-08-15,GIRONA,NON,9706,20:10,SUD EST,NIMES PONT DU GARD,BARCELONEPA,FRXZP,16:51,ESGRO
9965,2023-08-15,FIGUERES VILA TGV,NON,9706,20:10,SUD EST,NIMES PONT DU GARD,BARCELONEPA,FRXZP,17:08,ESFIR
9966,2023-08-15,UZERCHE,OUI,3684,19:27,IC ARO,LA SOUTERRAINE,TOULOUZECO,FRLST,18:11,FRAAW
9967,2023-08-15,LIMOGES BENEDICTINS,NON,3684,20:08,IC ARO,CHATEAUROUX,TOULOUZECO,FRCHR,18:51,FRAGQ
9968,2023-08-15,BRIVE LA GAILLARDE,OUI,3684,18:10,IC ARO,UZERCHE,TOULOUZECO,FRAAW,17:45,FRBVE
9969,2023-08-15,BRIVE LA GAILLARDE,OUI,3684,18:48,IC ARO,LIMOGES BENEDICTINS,TOULOUZECO,FRAGQ,17:45,FRBVE
9970,2023-08-15,BRIVE LA GAILLARDE,NON,3684,22:19,IC ARO,PARIS (intramuros),TOULOUZECO,FRPAZ,17:45,FRBVE
9971,2023-08-15,CHATEAUROUX,NON,3684,20:25,IC ARO,ISSOUDUN,TOULOUZECO,FRFMN,20:10,FRCHR
9972,2023-08-15,CHATEAUROUX,NON,3684,20:46,IC ARO,VIERZON VILLE,TOULOUZECO,FRXVZ,20:10,FRCHR
9973,2023-08-15,VIERZON VILLE,NON,3684,22:19,IC ARO,PARIS (intramuros),TOULOUZECO,FRPAZ,20:48,FRXVZ
9974,2023-08-15,ZUERICH HB,NON,9206,08:53,INTERNATIONAL,MULHOUSE VILLE,ZURBALPA,FRAEK,07:34,CHAJD
9975,2023-08-15,MULHOUSE VILLE,NON,9206,09:17,INTERNATIONAL,BELFORT-MONTBELIARD TGV,ZURBALPA,FRTJA,08:56,FRAEK
9976,2023-08-15,KAISERSLAUTERN HBF,NON,9553,16:59,INTERNATIONAL,FRANKFURT MAIN HBF,PAFRANC,DEFRH,15:37,DEKLT
9977,2023-08-15,PARIS (intramuros),NON,9553,15:35,INTERNATIONAL,KAISERSLAUTERN HBF,PAFRANC,DEKLT,13:10,FRPST
9978,2023-08-15,PARIS (intramuros),NON,9553,16:17,INTERNATIONAL,MANNHEIM HBF,PAFRANC,DEMHG,13:10,FRPST
9979,2023-08-15,LE MANS,NON,5338,21:30,SUD EST,LYON (intramuros),JCATLSUD,FRLPD,18:30,FRAET
9980,2023-08-15,LE MANS,NON,5338,21:47,SUD EST,LYON (intramuros),JCATLSUD,FRLPE,18:30,FRAET
9981,2023-08-15,RENNES,NON,5338,18:20,SUD EST,LE MANS,JCATLSUD,FRAET,17:30,FRRNS
9982,2023-08-15,TOULOUSE MATABIAU,NON,8522,00:27,ATLANTIQUE,PARIS (intramuros),SUDOUESTPA,FRPMO,19:59,FRXYT
9983,2023-08-15,PERPIGNAN,NON,6258,14:25,SUD EST,SETE,LANGPA,FRXSY,13:04,FRPGF
9984,2023-08-15,AGDE,NON,6258,18:12,SUD EST,PARIS (intramuros),LANGPA,FRPLY,14:12,FRXAG
9985,2023-08-15,NARBONNE,NON,6258,18:12,SUD EST,PARIS (intramuros),LANGPA,FRPLY,13:42,FRXNA
9986,2023-08-15,NARBONNE,NON,6258,15:51,SUD EST,VALENCE TGV RHONE-ALPES SUD,LANGPA,FRVLA,13:42,FRXNA
9987,2023-08-15,SETE,NON,6258,14:43,SUD EST,MONTPELLIER SUD DE FRANCE,LANGPA,FRSUF,14:28,FRXSY
9988,2023-08-15,AGDE,NON,6258,14:43,SUD EST,MONTPELLIER SUD DE FRANCE,LANGPA,FRSUF,14:12,FRXAG
9989,2023-08-15,MONTPELLIER SUD DE FRANCE,NON,6258,15:12,SUD EST,NIMES PONT DU GARD,LANGPA,FRXZP,14:50,FRSUF
9990,2023-08-15,AGDE,NON,6258,15:12,SUD EST,NIMES PONT DU GARD,LANGPA,FRXZP,14:12,FRXAG
9991,2023-08-15,DIJON VILLE,NON,2239,19:10,EST,AVIGNON TGV,JCRHINRHON,FRAVG,16:20,FRABA
9992,2023-08-15,DIJON VILLE,NON,2239,21:59,EST,CANNES,JCRHINRHON,FRJCA,16:20,FRABA
9993,2023-08-15,DIJON VILLE,NON,2239,21:34,EST,ST RAPHAEL VALESCURE,JCRHINRHON,FRXSK,16:20,FRABA
9994,2023-08-15,STRASBOURG,NON,2239,19:45,EST,MARSEILLE ST CHARLES,JCRHINRHON,FRMSC,13:37,FRAEG
9995,2023-08-15,STRASBOURG,NON,2239,22:30,EST,NICE VILLE,JCRHINRHON,FRNIC,13:37,FRAEG
9996,2023-08-15,STRASBOURG,NON,2239,15:29,EST,BESANCON - F COMTE TGV,JCRHINRHON,FRTJB,13:37,FRAEG
9997,2023-08-15,STRASBOURG,NON,2239,22:11,EST,ANTIBES,JCRHINRHON,FRXAT,13:37,FRAEG
9998,2023-08-15,COLMAR,OUI,2239,14:30,EST,MULHOUSE VILLE,JCRHINRHON,FRAEK,14:05,FRAEJ
9999,2023-08-15,COLMAR,NON,2239,22:30,EST,NICE VILLE,JCRHINRHON,FRNIC,14:05,FRAEJ
