,date,origine,od_happy_card,train_no,heure_arrivee,axe,destination,entity,destination_iata,heure_depart,origine_iata
0,2023-06-10,GRAMAT,NON,3758,09:24,IC NUIT,PARIS (intramuros),OCCITANPAR,FRPAZ,00:27,FRFSB
1,2023-06-10,ST DENIS PRES MARTEL,NON,3758,09:24,IC NUIT,PARIS (intramuros),OCCITANPAR,FRPAZ,00:51,FRSDM
2,2023-06-10,GRENOBLE,OUI,6924,19:53,SUD EST,LYON-SAINT EXUPERY TGV,GRENOBLEPA,FRJDQ,18:46,FRGNB
3,2023-06-10,LYON-SAINT EXUPERY TGV,OUI,6924,21:46,SUD EST,PARIS (intramuros),GRENOBLEPA,FRPLY,19:57,FRJDQ
4,2023-06-10,KARLSRUHE HBF,NON,9561,10:59,INTERNATIONAL,FRANKFURT MAIN HBF,PAFRANC,DEFRH,09:55,DEQKA
5,2023-06-10,KARLSRUHE HBF,NON,9561,10:18,INTERNATIONAL,MANNHEIM HBF,PAFRANC,DEMHG,09:55,DEQKA
6,2023-06-10,STRASBOURG,NON,9561,09:53,INTERNATIONAL,KARLSRUHE HBF,PAFRANC,DEQKA,09:12,FRAEG
7,2023-06-10,PARIS (intramuros),NON,9561,10:59,INTERNATIONAL,FRANKFURT MAIN HBF,PAFRANC,DEFRH,07:20,FRPST
8,2023-06-10,PARIS (intramuros),NON,9561,09:53,INTERNATIONAL,KARLSRUHE HBF,PAFRANC,DEQKA,07:20,FRPST
9,2023-06-10,STRASBOURG,NON,9575,17:04,INTERNATIONAL,STUTTGART HBF,PASTUTMUN,DESGT,15:46,FRAEG
10,2023-06-10,KAISERSLAUTERN HBF,NON,9586,09:00,INTERNATIONAL,SARREBRUCK/SAARBRUECKEN,FRANCPA,DESBK,08:22,DEKLT
11,2023-06-10,KAISERSLAUTERN HBF,NON,9586,10:53,INTERNATIONAL,PARIS (intramuros),FRANCPA,FRPST,08:22,DEKLT
12,2023-06-10,KARLSRUHE HBF,NON,9579,21:25,INTERNATIONAL,STUTTGART HBF,PASTUTMUN,DESGT,20:28,DEQKA
13,2023-06-10,PARIS (intramuros),NON,9579,22:55,INTERNATIONAL,AUGSBURG HBF,PASTUTMUN,DEAGB,17:55,FRPST
14,2023-06-10,PARIS (intramuros),NON,9579,20:25,INTERNATIONAL,KARLSRUHE HBF,PASTUTMUN,DEQKA,17:55,FRPST
15,2023-06-10,PARIS (intramuros),NON,9579,22:09,INTERNATIONAL,ULM HBF,PASTUTMUN,DEQUL,17:55,FRPST
16,2023-06-10,MARSEILLE ST CHARLES,NON,6175,14:11,SUD EST,TOULON,PAAZUR,FRTLN,13:28,FRMSC
17,2023-06-10,PARIS (intramuros),NON,6175,13:14,SUD EST,MARSEILLE ST CHARLES,PAAZUR,FRMSC,10:08,FRPLY
18,2023-06-10,PARIS (intramuros),NON,6175,14:11,SUD EST,TOULON,PAAZUR,FRTLN,10:08,FRPLY
19,2023-06-10,TOULON,NON,6175,15:57,SUD EST,NICE VILLE,PAAZUR,FRNIC,14:15,FRTLN
20,2023-06-10,LES ARCS DRAGUIGNAN,OUI,6175,15:25,SUD EST,CANNES,PAAZUR,FRJCA,14:51,FRXRS
21,2023-06-10,LES ARCS DRAGUIGNAN,OUI,6175,15:57,SUD EST,NICE VILLE,PAAZUR,FRNIC,14:51,FRXRS
22,2023-06-10,MARSEILLE ST CHARLES,NON,6177,19:26,SUD EST,CANNES,PAAZUR,FRJCA,17:28,FRMSC
23,2023-06-10,PARIS (intramuros),NON,6177,17:14,SUD EST,MARSEILLE ST CHARLES,PAAZUR,FRMSC,14:08,FRPLY
24,2023-06-10,PARIS (intramuros),NON,6177,19:58,SUD EST,NICE VILLE,PAAZUR,FRNIC,14:08,FRPLY
25,2023-06-10,TOULON,OUI,6177,19:01,SUD EST,ST RAPHAEL VALESCURE,PAAZUR,FRXSK,18:15,FRTLN
26,2023-06-10,LYON (intramuros),OUI,6603,09:10,SUD EST,LYON (intramuros),PARISRHONE,FRLPE,09:02,FRLPD
27,2023-06-10,PARIS (intramuros),NON,6603,09:10,SUD EST,LYON (intramuros),PARISRHONE,FRLPE,06:58,FRPLY
28,2023-06-10,LILLE (intramuros),NON,7014,09:14,NORD,PARIS (intramuros),LILLEPA,FRPNO,08:12,FRADJ
29,2023-06-10,MASSY TGV,NON,5300,10:17,SUD EST,VALENCE TGV RHONE-ALPES SUD,JCATLSUD,FRVLA,07:26,FRDJU
30,2023-06-10,ST PIERRE DES CORPS,OUI,5300,07:19,SUD EST,MASSY TGV,JCATLSUD,FRDJU,06:28,FRXSH
31,2023-06-10,ST PIERRE DES CORPS,NON,5300,10:17,SUD EST,VALENCE TGV RHONE-ALPES SUD,JCATLSUD,FRVLA,06:28,FRXSH
32,2023-06-10,CHAMBERY CHALLES LES EAUX,NON,6964,13:14,SUD EST,PARIS (intramuros),ALPESPARIS,FRPLY,10:22,FRCMF
33,2023-06-10,ANNECY,NON,6964,10:09,SUD EST,CHAMBERY CHALLES LES EAUX,ALPESPARIS,FRCMF,09:29,FRNCY
34,2023-06-10,ANNECY,NON,6964,11:40,SUD EST,MACON LOCHE TGV,ALPESPARIS,FRMLT,09:29,FRNCY
35,2023-06-10,ANNECY,NON,6964,09:57,SUD EST,AIX LES BAINS LE REVARD,ALPESPARIS,FRXAI,09:29,FRNCY
36,2023-06-10,AUTERIVE,NON,3972,06:08,IC NUIT,LES AUBRAIS ORLEANS,PALOMBEPAR,FRLAB,21:15,FRFPW
37,2023-06-10,PORTE PUYMORENS,NON,3972,06:08,IC NUIT,LES AUBRAIS ORLEANS,PALOMBEPAR,FRLAB,18:58,FRFQF
38,2023-06-10,ANDORRE - L'HOSPITALET,NON,3972,07:18,IC NUIT,PARIS (intramuros),PALOMBEPAR,FRPAZ,19:09,FRFQG
39,2023-06-10,FOIX,NON,3972,07:18,IC NUIT,PARIS (intramuros),PALOMBEPAR,FRPAZ,20:33,FRXFX
40,2023-06-10,AX LES THERMES,NON,3972,06:08,IC NUIT,LES AUBRAIS ORLEANS,PALOMBEPAR,FRLAB,19:44,FRXLT
41,2023-06-10,LUZENAC GARANOU,NON,3972,07:18,IC NUIT,PARIS (intramuros),PALOMBEPAR,FRPAZ,19:55,FRFQI
42,2023-06-10,LUZENAC GARANOU,NON,3972,21:13,IC NUIT,AUTERIVE,PALOMBEPAR,FRFPW,19:55,FRFQI
43,2023-06-10,DAX,NON,8531,11:32,ATLANTIQUE,ST JEAN DE LUZ CIBOURE,PASUDOUEST,FRXJZ,10:33,FRACG
44,2023-06-10,BORDEAUX ST JEAN,NON,8531,11:47,ATLANTIQUE,HENDAYE,PASUDOUEST,FRAEF,09:21,FRBOJ
45,2023-06-10,PARIS (intramuros),NON,8531,10:29,ATLANTIQUE,DAX,PASUDOUEST,FRACG,07:08,FRPMO
46,2023-06-10,PARIS (intramuros),NON,8531,11:47,ATLANTIQUE,HENDAYE,PASUDOUEST,FRAEF,07:08,FRPMO
47,2023-06-10,BAYONNE,OUI,8531,11:15,ATLANTIQUE,BIARRITZ,PASUDOUEST,FRBIQ,11:05,FRXBY
48,2023-06-10,ST JEAN DE LUZ CIBOURE,OUI,8531,11:47,ATLANTIQUE,HENDAYE,PASUDOUEST,FRAEF,11:34,FRXJZ
49,2023-06-10,RIOM CHATEL GUYON,OUI,5958,07:29,IC ARO,MOULINS SUR ALLIER,CLERMONTPA,FRXMU,06:42,FRRIO
50,2023-06-10,MOULINS SUR ALLIER,OUI,5958,07:58,IC ARO,NEVERS,CLERMONTPA,FRNVS,07:31,FRXMU
51,2023-06-10,MOULINS SUR ALLIER,OUI,5958,09:57,IC ARO,PARIS (intramuros),CLERMONTPA,FRPLY,07:31,FRXMU
52,2023-06-10,PARIS (intramuros),OUI,5789,06:53,IC NUIT,GAP,PABRIANCON,FRGAT,20:48,FRPAZ
53,2023-06-10,PARIS (intramuros),OUI,5789,07:50,IC NUIT,MONTDAUPHIN GUILLESTRE,PABRIANCON,FRIGZ,20:48,FRPAZ
54,2023-06-10,PARIS (intramuros),OUI,5789,08:04,IC NUIT,L'ARGENTIERE LES ECRINS   (05),PABRIANCON,FRIHC,20:48,FRPAZ
55,2023-06-10,PARIS (intramuros),OUI,5789,06:27,IC NUIT,VEYNES DEVOLUY,PABRIANCON,FRVDY,20:48,FRPAZ
56,2023-06-10,TOURS,OUI,8314,13:33,ATLANTIQUE,PARIS (intramuros),ROCHELLEPA,FRPMO,12:14,FRAFW
57,2023-06-10,LES AUBRAIS ORLEANS,OUI,3741,07:26,IC NUIT,LOURDES,PARPALOMBE,FRLDE,22:49,FRLAB
58,2023-06-10,PARIS (intramuros),OUI,5771,08:43,IC NUIT,ANTIBES,PARAZUR,FRXAT,20:48,FRPAZ
59,2023-06-10,MANNHEIM HBF,NON,9563,18:59,INTERNATIONAL,FRANKFURT MAIN HBF,PAFRANC,DEFRH,18:21,DEMHG
60,2023-06-10,STRASBOURG,NON,9563,18:59,INTERNATIONAL,FRANKFURT MAIN HBF,PAFRANC,DEFRH,17:13,FRAEG
61,2023-06-10,PARIS (intramuros),NON,9563,18:59,INTERNATIONAL,FRANKFURT MAIN HBF,PAFRANC,DEFRH,15:21,FRPST
62,2023-06-10,CHAMBERY CHALLES LES EAUX,NON,9244,17:38,INTERNATIONAL,MACON LOCHE TGV,ITALIEPA,FRMLT,16:23,FRCMF
63,2023-06-10,CHAMBERY CHALLES LES EAUX,NON,9244,19:14,INTERNATIONAL,PARIS (intramuros),ITALIEPA,FRPLY,16:23,FRCMF
64,2023-06-10,MILANO P GARIBALDI,NON,9244,16:15,INTERNATIONAL,CHAMBERY CHALLES LES EAUX,ITALIEPA,FRCMF,12:10,ITMPG
65,2023-06-10,MILANO P GARIBALDI,NON,9244,19:14,INTERNATIONAL,PARIS (intramuros),ITALIEPA,FRPLY,12:10,ITMPG
66,2023-06-10,OULX CESANA CLAV SESTRIERE,NON,9244,17:38,INTERNATIONAL,MACON LOCHE TGV,ITALIEPA,FRMLT,14:36,ITOCS
67,2023-06-10,OULX CESANA CLAV SESTRIERE,NON,9244,19:14,INTERNATIONAL,PARIS (intramuros),ITALIEPA,FRPLY,14:36,ITOCS
68,2023-06-10,TORINO PORTA SUSA,NON,9244,17:38,INTERNATIONAL,MACON LOCHE TGV,ITALIEPA,FRMLT,13:38,ITTRS
69,2023-06-10,VENDOME VILLIERS SUR LOIR,OUI,8342,18:33,ATLANTIQUE,PARIS (intramuros),ROCHELLEPA,FRPMO,17:46,FRESL
70,2023-06-10,FUTUROSCOPE,OUI,8342,17:15,ATLANTIQUE,ST PIERRE DES CORPS,ROCHELLEPA,FRXSH,16:30,FRTGO
71,2023-06-10,CHATELLERAULT,OUI,8342,17:15,ATLANTIQUE,ST PIERRE DES CORPS,ROCHELLEPA,FRXSH,16:44,FRXCX
72,2023-06-10,LE CREUSOT MONTCEAU MONTCHANIN,NON,6605,10:10,SUD EST,LYON (intramuros),PARISRHONE,FRLPE,09:14,FRXCC
73,2023-06-10,AIX EN PROVENCE TGV,OUI,5192,14:05,NORD,AVIGNON TGV,JCSUDNORD,FRAVG,13:46,FRAIE
74,2023-06-10,AVIGNON TGV,NON,5192,19:00,NORD,LILLE (intramuros),JCSUDNORD,FRADJ,14:08,FRAVG
75,2023-06-10,LYON (intramuros),NON,5192,18:20,NORD,ARRAS,JCSUDNORD,FRQRV,15:20,FRLPD
76,2023-06-10,MARNE LA VALLEE CHESSY,NON,5192,19:00,NORD,LILLE (intramuros),JCSUDNORD,FRADJ,17:12,FRMLV
77,2023-06-10,AEROPORT CDG2 TGV ROISSY,OUI,5192,17:57,NORD,TGV HAUTE PICARDIE,JCSUDNORD,FRTHP,17:29,FRMLW
78,2023-06-10,MARSEILLE ST CHARLES,NON,5192,19:00,NORD,LILLE (intramuros),JCSUDNORD,FRADJ,13:33,FRMSC
79,2023-06-10,MARSEILLE ST CHARLES,OUI,5192,14:05,NORD,AVIGNON TGV,JCSUDNORD,FRAVG,13:33,FRMSC
80,2023-06-10,ARRAS,OUI,5192,19:00,NORD,LILLE (intramuros),JCSUDNORD,FRADJ,18:23,FRQRV
81,2023-06-10,TGV HAUTE PICARDIE,OUI,5192,19:00,NORD,LILLE (intramuros),JCSUDNORD,FRADJ,18:02,FRTHP
82,2023-06-10,TGV HAUTE PICARDIE,OUI,5192,18:20,NORD,ARRAS,JCSUDNORD,FRQRV,18:02,FRTHP
83,2023-06-10,METZ VILLE,NON,9877,09:54,EST,MULHOUSE VILLE,JCRHINRHON,FRAEK,08:08,FRADE
84,2023-06-10,STRASBOURG,NON,9877,12:19,EST,MACON VILLE,JCRHINRHON,FRHGU,09:03,FRAEG
85,2023-06-10,STRASBOURG,NON,9877,10:18,EST,BELFORT-MONTBELIARD TGV,JCRHINRHON,FRTJA,09:03,FRAEG
86,2023-06-10,MULHOUSE VILLE,NON,9877,14:49,EST,AIX EN PROVENCE TGV,JCRHINRHON,FRAIE,09:57,FRAEK
87,2023-06-10,MULHOUSE VILLE,NON,9877,14:25,EST,AVIGNON TGV,JCRHINRHON,FRAVG,09:57,FRAEK
88,2023-06-10,MULHOUSE VILLE,NON,9877,12:19,EST,MACON VILLE,JCRHINRHON,FRHGU,09:57,FRAEK
89,2023-06-10,MACON VILLE,NON,9877,15:06,EST,MARSEILLE ST CHARLES,JCRHINRHON,FRMSC,12:22,FRHGU
90,2023-06-10,LYON (intramuros),NON,9877,14:49,EST,AIX EN PROVENCE TGV,JCRHINRHON,FRAIE,13:06,FRLPD
91,2023-06-10,LYON (intramuros),NON,9877,13:46,EST,VALENCE TGV RHONE-ALPES SUD,JCRHINRHON,FRVLA,13:06,FRLPD
92,2023-06-10,BELFORT-MONTBELIARD TGV,NON,9877,13:00,EST,LYON (intramuros),JCRHINRHON,FRLPD,10:21,FRTJA
93,2023-06-10,BELFORT-MONTBELIARD TGV,NON,9877,13:46,EST,VALENCE TGV RHONE-ALPES SUD,JCRHINRHON,FRVLA,10:21,FRTJA
94,2023-06-10,VALENCE TGV RHONE-ALPES SUD,NON,9877,14:49,EST,AIX EN PROVENCE TGV,JCRHINRHON,FRAIE,13:51,FRVLA
95,2023-06-10,BEZIERS,OUI,9836,23:46,NORD,PERPIGNAN,JCNORDSUD,FRPGF,22:58,FRBZR
96,2023-06-10,LILLE (intramuros),NON,9836,22:55,NORD,BEZIERS,JCNORDSUD,FRBZR,17:03,FRLLE
97,2023-06-10,MARNE LA VALLEE CHESSY,NON,9836,22:55,NORD,BEZIERS,JCNORDSUD,FRBZR,18:13,FRMLV
98,2023-06-10,MARNE LA VALLEE CHESSY,NON,9836,20:00,NORD,LYON (intramuros),JCNORDSUD,FRLPD,18:13,FRMLV
99,2023-06-10,MARNE LA VALLEE CHESSY,NON,9836,23:10,NORD,NARBONNE,JCNORDSUD,FRXNA,18:13,FRMLV
100,2023-06-10,MARNE LA VALLEE CHESSY,NON,9836,22:26,NORD,SETE,JCNORDSUD,FRXSY,18:13,FRMLV
101,2023-06-10,AEROPORT CDG2 TGV ROISSY,NON,9836,22:41,NORD,AGDE,JCNORDSUD,FRXAG,17:59,FRMLW
102,2023-06-10,MONTPELLIER SAINT-ROCH,OUI,9836,22:26,NORD,SETE,JCNORDSUD,FRXSY,22:12,FRMPL
103,2023-06-10,VALENCE TGV RHONE-ALPES SUD,NON,9836,22:07,NORD,MONTPELLIER SAINT-ROCH,JCNORDSUD,FRMPL,20:54,FRVLA
104,2023-06-10,VALENCE TGV RHONE-ALPES SUD,NON,9836,23:10,NORD,NARBONNE,JCNORDSUD,FRXNA,20:54,FRVLA
105,2023-06-10,NARBONNE,OUI,9836,23:46,NORD,PERPIGNAN,JCNORDSUD,FRPGF,23:13,FRXNA
106,2023-06-10,SETE,OUI,9836,22:55,NORD,BEZIERS,JCNORDSUD,FRBZR,22:29,FRXSY
107,2023-06-10,AIX EN PROVENCE TGV,OUI,9854,07:07,NORD,AVIGNON TGV,JCSUDNORD,FRAVG,06:47,FRAIE
108,2023-06-10,AIX EN PROVENCE TGV,NON,9854,11:27,NORD,LILLE (intramuros),JCSUDNORD,FRLLE,06:47,FRAIE
109,2023-06-10,AIX EN PROVENCE TGV,OUI,9854,08:20,NORD,LYON (intramuros),JCSUDNORD,FRLPD,06:47,FRAIE
110,2023-06-10,AVIGNON TGV,NON,9854,12:11,NORD,BRUXELLES MIDI BRUSSEL ZUID,JCSUDNORD,BEBMI,07:12,FRAVG
111,2023-06-10,LYON (intramuros),NON,9854,12:11,NORD,BRUXELLES MIDI BRUSSEL ZUID,JCSUDNORD,BEBMI,08:34,FRLPD
112,2023-06-10,LYON (intramuros),NON,9854,10:19,NORD,MARNE LA VALLEE CHESSY,JCSUDNORD,FRMLV,08:34,FRLPD
113,2023-06-10,MARNE LA VALLEE CHESSY,NON,9854,11:27,NORD,LILLE (intramuros),JCSUDNORD,FRLLE,10:23,FRMLV
114,2023-06-10,MARNE LA VALLEE CHESSY,NON,9854,10:32,NORD,AEROPORT CDG2 TGV ROISSY,JCSUDNORD,FRMLW,10:23,FRMLV
115,2023-06-10,MARSEILLE ST CHARLES,NON,9854,12:11,NORD,BRUXELLES MIDI BRUSSEL ZUID,JCSUDNORD,BEBMI,06:33,FRMSC
116,2023-06-10,MARSEILLE ST CHARLES,OUI,9854,06:44,NORD,AIX EN PROVENCE TGV,JCSUDNORD,FRAIE,06:33,FRMSC
117,2023-06-10,MARSEILLE ST CHARLES,OUI,9854,07:07,NORD,AVIGNON TGV,JCSUDNORD,FRAVG,06:33,FRMSC
118,2023-06-10,PORNICHET,OUI,8916,11:59,ATLANTIQUE,NANTES,LOIREPARIS,FRNTE,11:08,FREGR
119,2023-06-10,PORNICHET,OUI,8916,11:19,ATLANTIQUE,ST NAZAIRE,LOIREPARIS,FRSNR,11:08,FREGR
120,2023-06-10,LE POULIGUEN,OUI,8916,11:59,ATLANTIQUE,NANTES,LOIREPARIS,FRNTE,10:55,FREGS
121,2023-06-10,LE POULIGUEN,OUI,8916,14:09,ATLANTIQUE,PARIS (intramuros),LOIREPARIS,FRPMO,10:55,FREGS
122,2023-06-10,LE POULIGUEN,OUI,8916,11:19,ATLANTIQUE,ST NAZAIRE,LOIREPARIS,FRSNR,10:55,FREGS
123,2023-06-10,NANTES,OUI,8916,14:09,ATLANTIQUE,PARIS (intramuros),LOIREPARIS,FRPMO,12:09,FRNTE
124,2023-06-10,RIOM CHATEL GUYON,OUI,5978,17:58,IC ARO,NEVERS,CLERMONTPA,FRNVS,16:42,FRRIO
125,2023-06-10,VICHY,OUI,5978,19:57,IC ARO,PARIS (intramuros),CLERMONTPA,FRPLY,17:06,FRVHY
126,2023-06-10,VICHY,OUI,5978,17:29,IC ARO,MOULINS SUR ALLIER,CLERMONTPA,FRXMU,17:06,FRVHY
127,2023-06-10,DIJON VILLE,NON,5537,19:31,EST,AIX EN PROVENCE TGV,JCRHINRHON,FRAIE,16:20,FRABA
128,2023-06-10,DIJON VILLE,NON,5537,21:59,EST,CANNES,JCRHINRHON,FRJCA,16:20,FRABA
129,2023-06-10,STRASBOURG,NON,5537,14:02,EST,COLMAR,JCRHINRHON,FRAEJ,13:37,FRAEG
130,2023-06-10,STRASBOURG,NON,5537,21:59,EST,CANNES,JCRHINRHON,FRJCA,13:37,FRAEG
131,2023-06-10,STRASBOURG,NON,5537,15:02,EST,BELFORT-MONTBELIARD TGV,JCRHINRHON,FRTJA,13:37,FRAEG
132,2023-06-10,STRASBOURG,NON,5537,15:29,EST,BESANCON - F COMTE TGV,JCRHINRHON,FRTJB,13:37,FRAEG
133,2023-06-10,STRASBOURG,NON,5537,20:41,EST,TOULON,JCRHINRHON,FRTLN,13:37,FRAEG
134,2023-06-10,STRASBOURG,NON,5537,21:17,EST,LES ARCS DRAGUIGNAN,JCRHINRHON,FRXRS,13:37,FRAEG
135,2023-06-10,COLMAR,NON,5537,21:59,EST,CANNES,JCRHINRHON,FRJCA,14:05,FRAEJ
136,2023-06-10,COLMAR,NON,5537,19:45,EST,MARSEILLE ST CHARLES,JCRHINRHON,FRMSC,14:05,FRAEJ
137,2023-06-10,COLMAR,NON,5537,22:11,EST,ANTIBES,JCRHINRHON,FRXAT,14:05,FRAEJ
138,2023-06-10,MULHOUSE VILLE,NON,5537,15:02,EST,BELFORT-MONTBELIARD TGV,JCRHINRHON,FRTJA,14:41,FRAEK
139,2023-06-10,MULHOUSE VILLE,NON,5537,15:29,EST,BESANCON - F COMTE TGV,JCRHINRHON,FRTJB,14:41,FRAEK
140,2023-06-10,MULHOUSE VILLE,NON,5537,22:11,EST,ANTIBES,JCRHINRHON,FRXAT,14:41,FRAEK
141,2023-06-10,AIX EN PROVENCE TGV,NON,5537,19:45,EST,MARSEILLE ST CHARLES,JCRHINRHON,FRMSC,19:33,FRAIE
142,2023-06-10,AIX EN PROVENCE TGV,NON,5537,21:17,EST,LES ARCS DRAGUIGNAN,JCRHINRHON,FRXRS,19:33,FRAIE
143,2023-06-10,AVIGNON TGV,NON,5537,20:41,EST,TOULON,JCRHINRHON,FRTLN,19:12,FRAVG
144,2023-06-10,NANCY,NON,5537,21:59,EST,CANNES,JCRHINRHON,FRJCA,12:26,FRENC
145,2023-06-10,NANCY,NON,5537,21:17,EST,LES ARCS DRAGUIGNAN,JCRHINRHON,FRXRS,12:26,FRENC
146,2023-06-10,MARSEILLE ST CHARLES,NON,5537,21:59,EST,CANNES,JCRHINRHON,FRJCA,19:57,FRMSC
147,2023-06-10,TOULON,OUI,5537,21:59,EST,CANNES,JCRHINRHON,FRJCA,20:45,FRTLN
148,2023-06-10,LES ARCS DRAGUIGNAN,OUI,5537,22:30,EST,NICE VILLE,JCRHINRHON,FRNIC,21:20,FRXRS
149,2023-06-10,LES ARCS DRAGUIGNAN,OUI,5537,22:11,EST,ANTIBES,JCRHINRHON,FRXAT,21:20,FRXRS
150,2023-06-10,BESANCON - F COMTE TGV,NON,5537,20:41,EST,TOULON,JCRHINRHON,FRTLN,15:36,FRTJB
151,2023-06-10,BESANCON - F COMTE TGV,NON,5537,21:17,EST,LES ARCS DRAGUIGNAN,JCRHINRHON,FRXRS,15:36,FRTJB
152,2023-06-10,COLMAR,NON,5537,16:39,EST,BEAUNE,JCRHINRHON,FRXBV,14:05,FRAEJ
153,2023-06-10,BEZIERS,NON,4758,13:43,IC ARO,CARCASSONNE,TJOURSESO,FRCCF,12:57,FRBZR
154,2023-06-10,BEZIERS,NON,4758,15:14,IC ARO,MONTAUBAN VILLE BOURBON,TJOURSESO,FRXMW,12:57,FRBZR
155,2023-06-10,BEZIERS,NON,4758,13:10,IC ARO,NARBONNE,TJOURSESO,FRXNA,12:57,FRBZR
156,2023-06-10,CARCASSONNE,NON,4758,15:14,IC ARO,MONTAUBAN VILLE BOURBON,TJOURSESO,FRXMW,13:45,FRCCF
157,2023-06-10,NIMES,NON,4758,12:12,IC ARO,MONTPELLIER SAINT-ROCH,TJOURSESO,FRMPL,11:45,FRFNI
158,2023-06-10,NIMES,NON,4758,13:10,IC ARO,NARBONNE,TJOURSESO,FRXNA,11:45,FRFNI
159,2023-06-10,MONTPELLIER SAINT-ROCH,NON,4758,12:54,IC ARO,BEZIERS,TJOURSESO,FRBZR,12:16,FRMPL
160,2023-06-10,MONTPELLIER SAINT-ROCH,NON,4758,14:32,IC ARO,TOULOUSE MATABIAU,TJOURSESO,FRXYT,12:16,FRMPL
161,2023-06-10,MARSEILLE ST CHARLES,NON,4758,13:10,IC ARO,NARBONNE,TJOURSESO,FRXNA,09:53,FRMSC
162,2023-06-10,MARSEILLE ST CHARLES,NON,4758,14:32,IC ARO,TOULOUSE MATABIAU,TJOURSESO,FRXYT,09:53,FRMSC
163,2023-06-10,MARMANDE,OUI,4758,17:13,IC ARO,BORDEAUX ST JEAN,TJOURSESO,FRBOJ,16:32,FRXMR
164,2023-06-10,NARBONNE,NON,4758,13:43,IC ARO,CARCASSONNE,TJOURSESO,FRCCF,13:13,FRXNA
165,2023-06-10,NARBONNE,NON,4758,15:14,IC ARO,MONTAUBAN VILLE BOURBON,TJOURSESO,FRXMW,13:13,FRXNA
166,2023-06-10,TOULOUSE MATABIAU,NON,4758,16:30,IC ARO,MARMANDE,TJOURSESO,FRXMR,14:38,FRXYT
167,2023-06-10,MASSY TGV,NON,5380,10:02,SUD EST,LAVAL,JCSUDATL,FRACR,08:39,FRDJU
168,2023-06-10,LYON (intramuros),NON,5380,10:02,SUD EST,LAVAL,JCSUDATL,FRACR,06:30,FRLPD
169,2023-06-10,LYON (intramuros),NON,5380,10:02,SUD EST,LAVAL,JCSUDATL,FRACR,06:16,FRLPE
170,2023-06-10,LYON (intramuros),OUI,5380,06:24,SUD EST,LYON (intramuros),JCSUDATL,FRLPD,06:16,FRLPE
171,2023-06-10,ARRAS,OUI,7434,19:08,NORD,PARIS (intramuros),ARRASPA,FRPNO,18:18,FRQRV
172,2023-06-10,SURGERES,OUI,8371,09:44,ATLANTIQUE,LA ROCHELLE VILLE,PAROCHELLE,FRLRH,09:23,FREIP
173,2023-06-10,NIORT,OUI,8371,09:44,ATLANTIQUE,LA ROCHELLE VILLE,PAROCHELLE,FRLRH,09:03,FRNIT
174,2023-06-10,DIJON VILLE,NON,6705,13:46,SUD EST,BELFORT-MONTBELIARD TGV,PABOUR,FRTJA,12:56,FRABA
175,2023-06-10,PARIS (intramuros),NON,6705,12:52,SUD EST,DIJON VILLE,PABOUR,FRABA,11:16,FRPLY
176,2023-06-10,PARIS (intramuros),NON,6705,14:12,SUD EST,MULHOUSE VILLE,PABOUR,FRAEK,11:16,FRPLY
177,2023-06-10,METZ VILLE,NON,5521,09:11,EST,DIJON VILLE,JCRHINRHON,FRABA,05:46,FRADE
178,2023-06-10,METZ VILLE,NON,5521,12:24,EST,NIMES,JCRHINRHON,FRFNI,05:46,FRADE
179,2023-06-10,METZ VILLE,NON,5521,12:55,EST,MONTPELLIER SAINT-ROCH,JCRHINRHON,FRMPL,05:46,FRADE
180,2023-06-10,METZ VILLE,OUI,5521,08:38,EST,BESANCON - F COMTE TGV,JCRHINRHON,FRTJB,05:46,FRADE
181,2023-06-10,STRASBOURG,OUI,5521,07:13,EST,COLMAR,JCRHINRHON,FRAEJ,06:47,FRAEG
182,2023-06-10,STRASBOURG,NON,5521,12:55,EST,MONTPELLIER SAINT-ROCH,JCRHINRHON,FRMPL,06:47,FRAEG
183,2023-06-10,COLMAR,NON,5521,09:54,EST,CHALON SUR SAONE,JCRHINRHON,FRXCD,07:16,FRAEJ
184,2023-06-10,MULHOUSE VILLE,NON,5521,12:55,EST,MONTPELLIER SAINT-ROCH,JCRHINRHON,FRMPL,07:52,FRAEK
185,2023-06-10,LYON (intramuros),NON,5521,12:24,EST,NIMES,JCRHINRHON,FRFNI,11:02,FRLPD
186,2023-06-10,BESANCON - F COMTE TGV,NON,5521,10:56,EST,LYON (intramuros),JCRHINRHON,FRLPD,08:41,FRTJB
187,2023-06-10,ANGERS ST LAUD,OUI,5288,18:37,NORD,AEROPORT CDG2 TGV ROISSY,JCBRETNORD,FRMLW,16:02,FRACL
188,2023-06-10,LE MANS,OUI,5288,19:35,NORD,LILLE (intramuros),JCBRETNORD,FRLLE,16:57,FRAET
189,2023-06-10,MARNE LA VALLEE CHESSY,OUI,5288,18:37,NORD,AEROPORT CDG2 TGV ROISSY,JCBRETNORD,FRMLW,18:28,FRMLV
190,2023-06-10,AEROPORT CDG2 TGV ROISSY,OUI,5288,19:35,NORD,LILLE (intramuros),JCBRETNORD,FRLLE,18:43,FRMLW
191,2023-06-10,NANTES,OUI,5288,15:59,NORD,ANGERS ST LAUD,JCBRETNORD,FRACL,15:18,FRNTE
192,2023-06-10,NANTES,OUI,5288,18:37,NORD,AEROPORT CDG2 TGV ROISSY,JCBRETNORD,FRMLW,15:18,FRNTE
193,2023-06-10,AGEN,NON,4663,21:06,IC ARO,MARSEILLE ST CHARLES,TJOURSOSE,FRMSC,15:30,FRAGF
194,2023-06-10,BORDEAUX ST JEAN,NON,4663,17:27,IC ARO,CARCASSONNE,TJOURSOSE,FRCCF,14:26,FRBOJ
195,2023-06-10,BORDEAUX ST JEAN,NON,4663,19:21,IC ARO,NIMES,TJOURSOSE,FRFNI,14:26,FRBOJ
196,2023-06-10,BORDEAUX ST JEAN,NON,4663,18:52,IC ARO,MONTPELLIER SAINT-ROCH,TJOURSOSE,FRMPL,14:26,FRBOJ
197,2023-06-10,CARCASSONNE,NON,4663,21:06,IC ARO,MARSEILLE ST CHARLES,TJOURSOSE,FRMSC,17:29,FRCCF
198,2023-06-10,CARCASSONNE,NON,4663,17:57,IC ARO,NARBONNE,TJOURSOSE,FRXNA,17:29,FRCCF
199,2023-06-10,NIMES,OUI,4663,21:06,IC ARO,MARSEILLE ST CHARLES,TJOURSOSE,FRMSC,19:24,FRFNI
200,2023-06-10,MONTAUBAN VILLE BOURBON,NON,4663,17:27,IC ARO,CARCASSONNE,TJOURSOSE,FRCCF,16:07,FRXMW
201,2023-06-10,MONTAUBAN VILLE BOURBON,NON,4663,16:39,IC ARO,TOULOUSE MATABIAU,TJOURSOSE,FRXYT,16:07,FRXMW
202,2023-06-10,NARBONNE,NON,4663,18:13,IC ARO,BEZIERS,TJOURSOSE,FRBZR,18:00,FRXNA
203,2023-06-10,NARBONNE,NON,4663,19:21,IC ARO,NIMES,TJOURSOSE,FRFNI,18:00,FRXNA
204,2023-06-10,NARBONNE,NON,4663,18:52,IC ARO,MONTPELLIER SAINT-ROCH,TJOURSOSE,FRMPL,18:00,FRXNA
205,2023-06-10,NICE VILLE,OUI,6180,17:15,SUD EST,ANTIBES,AZURPA,FRXAT,16:57,FRNIC
206,2023-06-10,TOULON,OUI,6180,19:55,SUD EST,AVIGNON TGV,AZURPA,FRAVG,18:48,FRTLN
207,2023-06-10,ANTIBES,OUI,6180,17:29,SUD EST,CANNES,AZURPA,FRJCA,17:18,FRXAT
208,2023-06-10,NANTES,OUI,8144,17:45,ATLANTIQUE,ANGERS ST LAUD,LOIREPARIS,FRACL,17:09,FRNTE
209,2023-06-10,NANTES,OUI,8144,19:14,ATLANTIQUE,PARIS (intramuros),LOIREPARIS,FRPMO,17:09,FRNTE
210,2023-06-10,LORIENT,OUI,8702,06:20,ATLANTIQUE,VANNES,BRETAPARIS,FRVNE,05:52,FRLRT
211,2023-06-10,ROSPORDEN,OUI,8702,06:48,ATLANTIQUE,REDON,BRETAPARIS,FRXRN,05:23,FRRSP
212,2023-06-10,ROSPORDEN,OUI,8702,06:07,ATLANTIQUE,AURAY,BRETAPARIS,FRXUY,05:23,FRRSP
213,2023-06-10,QUIMPER,OUI,8702,05:20,ATLANTIQUE,ROSPORDEN,BRETAPARIS,FRRSP,05:09,FRUIP
214,2023-06-10,QUIMPER,OUI,8702,06:20,ATLANTIQUE,VANNES,BRETAPARIS,FRVNE,05:09,FRUIP
215,2023-06-10,QUIMPER,OUI,8702,06:48,ATLANTIQUE,REDON,BRETAPARIS,FRXRN,05:09,FRUIP
216,2023-06-10,VANNES,OUI,8702,06:48,ATLANTIQUE,REDON,BRETAPARIS,FRXRN,06:23,FRVNE
217,2023-06-10,AURAY,OUI,8702,06:20,ATLANTIQUE,VANNES,BRETAPARIS,FRVNE,06:10,FRXUY
218,2023-06-10,CARCASSONNE,OUI,6873,19:51,SUD EST,LYON (intramuros),JCSUDPROV,FRLPD,16:27,FRCCF
219,2023-06-10,MONTPELLIER SAINT-ROCH,OUI,6873,19:10,SUD EST,VALENCE TGV RHONE-ALPES SUD,JCSUDPROV,FRVLA,17:59,FRMPL
220,2023-06-10,SETE,OUI,6873,18:23,SUD EST,NIMES,JCSUDPROV,FRFNI,17:39,FRXSY
221,2023-06-10,SETE,OUI,6873,19:10,SUD EST,VALENCE TGV RHONE-ALPES SUD,JCSUDPROV,FRVLA,17:39,FRXSY
222,2023-06-10,TOULOUSE MATABIAU,OUI,6873,18:23,SUD EST,NIMES,JCSUDPROV,FRFNI,15:43,FRXYT
223,2023-06-10,CARCASSONNE,NON,4657,12:54,IC ARO,MONTPELLIER SAINT-ROCH,TJOURSOSE,FRMPL,11:29,FRCCF
224,2023-06-10,MARMANDE,NON,4657,11:58,IC ARO,NARBONNE,TJOURSOSE,FRXNA,09:04,FRXMR
225,2023-06-10,MONTAUBAN VILLE BOURBON,NON,4657,12:54,IC ARO,MONTPELLIER SAINT-ROCH,TJOURSOSE,FRMPL,10:08,FRXMW
226,2023-06-10,MONTAUBAN VILLE BOURBON,OUI,4657,10:40,IC ARO,TOULOUSE MATABIAU,TJOURSOSE,FRXYT,10:08,FRXMW
227,2023-06-10,NARBONNE,NON,4657,12:34,IC ARO,SETE,TJOURSOSE,FRXSY,12:01,FRXNA
228,2023-06-10,TOULOUSE MATABIAU,NON,4657,13:22,IC ARO,NIMES,TJOURSOSE,FRFNI,10:45,FRXYT
229,2023-06-10,LAVAL,OUI,5080,13:49,NORD,MASSY TGV,JCBRETNORD,FRDJU,12:28,FRACR
230,2023-06-10,LAVAL,OUI,5080,15:49,NORD,LILLE (intramuros),JCBRETNORD,FRLLE,12:28,FRACR
231,2023-06-10,LAVAL,OUI,5080,14:27,NORD,MARNE LA VALLEE CHESSY,JCBRETNORD,FRMLV,12:28,FRACR
232,2023-06-10,LE MANS,OUI,5080,14:41,NORD,AEROPORT CDG2 TGV ROISSY,JCBRETNORD,FRMLW,13:00,FRAET
233,2023-06-10,MARNE LA VALLEE CHESSY,OUI,5080,14:41,NORD,AEROPORT CDG2 TGV ROISSY,JCBRETNORD,FRMLW,14:31,FRMLV
234,2023-06-10,AEROPORT CDG2 TGV ROISSY,OUI,5080,15:49,NORD,LILLE (intramuros),JCBRETNORD,FRLLE,14:58,FRMLW
235,2023-06-10,RENNES,OUI,5080,12:57,NORD,LE MANS,JCBRETNORD,FRAET,12:00,FRRNS
236,2023-06-10,ANGERS ST LAUD,NON,4404,12:45,IC SRO,SAUMUR,JOURNTELYN,FRACN,12:22,FRACL
237,2023-06-10,ANGERS ST LAUD,NON,4404,17:20,IC SRO,ROANNE,JOURNTELYN,FRRNE,12:22,FRACL
238,2023-06-10,ANGERS ST LAUD,NON,4404,14:33,IC SRO,VIERZON VILLE,JOURNTELYN,FRXVZ,12:22,FRACL
239,2023-06-10,SAUMUR,NON,4404,17:20,IC SRO,ROANNE,JOURNTELYN,FRRNE,12:47,FRACN
240,2023-06-10,BOURGES,NON,4404,18:39,IC SRO,LYON (intramuros),JOURNTELYN,FRLPE,14:58,FRBOU
241,2023-06-10,BOURGES,NON,4404,15:36,IC SRO,NEVERS,JOURNTELYN,FRNVS,14:58,FRBOU
242,2023-06-10,BOURGES,NON,4404,16:15,IC SRO,MOULINS SUR ALLIER,JOURNTELYN,FRXMU,14:58,FRBOU
243,2023-06-10,NANTES,NON,4404,12:45,IC SRO,SAUMUR,JOURNTELYN,FRACN,11:40,FRNTE
244,2023-06-10,NANTES,NON,4404,18:26,IC SRO,LYON (intramuros),JOURNTELYN,FRLPD,11:40,FRNTE
245,2023-06-10,NANTES,NON,4404,15:36,IC SRO,NEVERS,JOURNTELYN,FRNVS,11:40,FRNTE
246,2023-06-10,NEVERS,NON,4404,18:39,IC SRO,LYON (intramuros),JOURNTELYN,FRLPE,15:47,FRNVS
247,2023-06-10,ROANNE,NON,4404,18:39,IC SRO,LYON (intramuros),JOURNTELYN,FRLPE,17:22,FRRNE
248,2023-06-10,ST GERMAIN DES FOSSES,NON,4404,18:39,IC SRO,LYON (intramuros),JOURNTELYN,FRLPE,16:43,FRSGF
249,2023-06-10,MOULINS SUR ALLIER,NON,4404,18:39,IC SRO,LYON (intramuros),JOURNTELYN,FRLPE,16:17,FRXMU
250,2023-06-10,ST PIERRE DES CORPS,NON,4404,14:56,IC SRO,BOURGES,JOURNTELYN,FRBOU,13:26,FRXSH
251,2023-06-10,VIERZON VILLE,NON,4404,16:41,IC SRO,ST GERMAIN DES FOSSES,JOURNTELYN,FRSGF,14:37,FRXVZ
252,2023-06-10,PARIS (intramuros),NON,6703,10:58,SUD EST,DIJON VILLE,PABOUR,FRABA,09:16,FRPLY
253,2023-06-10,PARIS (intramuros),NON,6703,12:18,SUD EST,MULHOUSE VILLE,PABOUR,FRAEK,09:16,FRPLY
254,2023-06-10,PARIS (intramuros),NON,6703,10:21,SUD EST,MONTBARD,PABOUR,FRGWE,09:16,FRPLY
255,2023-06-10,BRIVE LA GAILLARDE,OUI,3650,16:18,IC ARO,LES AUBRAIS ORLEANS,TOULOUZECO,FRLAB,12:48,FRBVE
256,2023-06-10,GOURDON,OUI,3650,16:18,IC ARO,LES AUBRAIS ORLEANS,TOULOUZECO,FRLAB,12:02,FRFSI
257,2023-06-10,CAUSSADE TARN ET GARONNE,OUI,3650,12:00,IC ARO,GOURDON,TOULOUZECO,FRFSI,11:08,FRFTA
258,2023-06-10,CAUSSADE TARN ET GARONNE,OUI,3650,17:22,IC ARO,PARIS (intramuros),TOULOUZECO,FRPAZ,11:08,FRFTA
259,2023-06-10,LA SOUTERRAINE,OUI,3650,15:37,IC ARO,VIERZON VILLE,TOULOUZECO,FRXVZ,14:26,FRLST
260,2023-06-10,SOUILLAC,OUI,3650,15:01,IC ARO,CHATEAUROUX,TOULOUZECO,FRCHR,12:19,FRSOU
261,2023-06-10,MONTAUBAN VILLE BOURBON,OUI,3650,15:01,IC ARO,CHATEAUROUX,TOULOUZECO,FRCHR,10:54,FRXMW
262,2023-06-10,MONTAUBAN VILLE BOURBON,OUI,3650,17:22,IC ARO,PARIS (intramuros),TOULOUZECO,FRPAZ,10:54,FRXMW
263,2023-06-10,MONTAUBAN VILLE BOURBON,OUI,3650,11:33,IC ARO,CAHORS,TOULOUZECO,FRZAO,10:54,FRXMW
264,2023-06-10,VIERZON VILLE,OUI,3650,17:22,IC ARO,PARIS (intramuros),TOULOUZECO,FRPAZ,15:39,FRXVZ
265,2023-06-10,TOULOUSE MATABIAU,OUI,3650,15:01,IC ARO,CHATEAUROUX,TOULOUZECO,FRCHR,10:22,FRXYT
266,2023-06-10,TOULOUSE MATABIAU,OUI,3650,17:22,IC ARO,PARIS (intramuros),TOULOUZECO,FRPAZ,10:22,FRXYT
267,2023-06-10,CAHORS,OUI,3650,13:48,IC ARO,LIMOGES BENEDICTINS,TOULOUZECO,FRAGQ,11:35,FRZAO
268,2023-06-10,CAHORS,OUI,3650,12:00,IC ARO,GOURDON,TOULOUZECO,FRFSI,11:35,FRZAO
269,2023-06-10,CAHORS,OUI,3650,15:37,IC ARO,VIERZON VILLE,TOULOUZECO,FRXVZ,11:35,FRZAO
270,2023-06-10,ANGERS ST LAUD,OUI,8126,19:05,ATLANTIQUE,SABLE SUR SARTHE,LOIREPARIS,FRSAB,18:44,FRACL
271,2023-06-10,NANTES,OUI,8126,19:28,ATLANTIQUE,LE MANS,LOIREPARIS,FRAET,18:05,FRNTE
272,2023-06-10,NANTES,NON,8126,20:29,ATLANTIQUE,PARIS (intramuros),LOIREPARIS,FRPMO,18:05,FRNTE
273,2023-06-10,SABLE SUR SARTHE,NON,8126,20:29,ATLANTIQUE,PARIS (intramuros),LOIREPARIS,FRPMO,19:07,FRSAB
274,2023-06-10,AIX EN PROVENCE TGV,NON,6128,17:34,SUD EST,AVIGNON TGV,PROVENCEPA,FRAVG,17:14,FRAIE
275,2023-06-10,BEZIERS,OUI,4764,20:47,IC ARO,MONTAUBAN VILLE BOURBON,TJOURSESO,FRXMW,18:38,FRBZR
276,2023-06-10,CARCASSONNE,OUI,4764,20:11,IC ARO,TOULOUSE MATABIAU,TJOURSESO,FRXYT,19:25,FRCCF
277,2023-06-10,NIMES,OUI,4764,18:35,IC ARO,BEZIERS,TJOURSESO,FRBZR,17:25,FRFNI
278,2023-06-10,MONTPELLIER SAINT-ROCH,OUI,4764,19:23,IC ARO,CARCASSONNE,TJOURSESO,FRCCF,17:53,FRMPL
279,2023-06-10,MONTPELLIER SAINT-ROCH,OUI,4764,22:01,IC ARO,MARMANDE,TJOURSESO,FRXMR,17:53,FRMPL
280,2023-06-10,MONTPELLIER SAINT-ROCH,OUI,4764,20:11,IC ARO,TOULOUSE MATABIAU,TJOURSESO,FRXYT,17:53,FRMPL
281,2023-06-10,MARSEILLE ST CHARLES,OUI,4764,22:40,IC ARO,BORDEAUX ST JEAN,TJOURSESO,FRBOJ,15:27,FRMSC
282,2023-06-10,MARSEILLE ST CHARLES,OUI,4764,20:11,IC ARO,TOULOUSE MATABIAU,TJOURSESO,FRXYT,15:27,FRMSC
283,2023-06-10,NARBONNE,OUI,4764,20:47,IC ARO,MONTAUBAN VILLE BOURBON,TJOURSESO,FRXMW,18:55,FRXNA
284,2023-06-10,PAU,NON,14151,17:28,IC SRO,BAYONNE,SUDOUEST,FRXBY,15:59,FRAEE
285,2023-06-10,LOURDES,NON,14151,17:28,IC SRO,BAYONNE,SUDOUEST,FRXBY,15:32,FRLDE
286,2023-06-10,METZ VILLE,OUI,2864,12:22,EST,PARIS (intramuros),LUXMETZPA,FRPST,10:58,FRADE
287,2023-06-10,AIX EN PROVENCE TGV,OUI,5054,08:20,NORD,LYON (intramuros),JCSUDNORD,FRLPD,06:47,FRAIE
288,2023-06-10,MARSEILLE ST CHARLES,OUI,5054,06:44,NORD,AIX EN PROVENCE TGV,JCSUDNORD,FRAIE,06:33,FRMSC
289,2023-06-10,CANNES,NON,6188,13:50,SUD EST,PARIS (intramuros),AZURPA,FRPLY,08:28,FRJCA
290,2023-06-10,NICE VILLE,OUI,6188,08:11,SUD EST,ANTIBES,AZURPA,FRXAT,07:57,FRNIC
291,2023-06-10,TOULON,NON,6188,13:50,SUD EST,PARIS (intramuros),AZURPA,FRPLY,09:48,FRTLN
292,2023-06-10,ANTIBES,OUI,6188,09:44,SUD EST,TOULON,AZURPA,FRTLN,08:14,FRXAT
293,2023-06-10,ANGERS ST LAUD,OUI,8913,13:03,ATLANTIQUE,LE CROISIC,PARISLOIRE,FREGU,11:16,FRACL
294,2023-06-10,LE MANS,NON,8913,11:13,ATLANTIQUE,ANGERS ST LAUD,PARISLOIRE,FRACL,10:36,FRAET
295,2023-06-10,LE MANS,NON,8913,13:03,ATLANTIQUE,LE CROISIC,PARISLOIRE,FREGU,10:36,FRAET
296,2023-06-10,LE MANS,NON,8913,12:33,ATLANTIQUE,ST NAZAIRE,PARISLOIRE,FRSNR,10:36,FRAET
297,2023-06-10,PARIS (intramuros),NON,8913,11:54,ATLANTIQUE,NANTES,PARISLOIRE,FRNTE,09:36,FRPMO
298,2023-06-10,PARIS (intramuros),NON,8913,12:33,ATLANTIQUE,ST NAZAIRE,PARISLOIRE,FRSNR,09:36,FRPMO
299,2023-06-10,ST NAZAIRE,OUI,8913,13:03,ATLANTIQUE,LE CROISIC,PARISLOIRE,FREGU,12:36,FRSNR
300,2023-06-10,ANGOULEME,NON,5284,16:27,NORD,MARNE LA VALLEE CHESSY,JCAQUINORD,FRMLV,13:36,FRANG
301,2023-06-10,ANGOULEME,NON,5284,14:50,NORD,ST PIERRE DES CORPS,JCAQUINORD,FRXSH,13:36,FRANG
302,2023-06-10,BORDEAUX ST JEAN,NON,5284,17:57,NORD,LILLE (intramuros),JCAQUINORD,FRLLE,12:58,FRBOJ
303,2023-06-10,BORDEAUX ST JEAN,NON,5284,14:16,NORD,POITIERS,JCAQUINORD,FRPIS,12:58,FRBOJ
304,2023-06-10,POITIERS,NON,5284,17:57,NORD,LILLE (intramuros),JCAQUINORD,FRLLE,14:19,FRPIS
305,2023-06-10,POITIERS,NON,5284,16:41,NORD,AEROPORT CDG2 TGV ROISSY,JCAQUINORD,FRMLW,14:19,FRPIS
306,2023-06-10,ST PIERRE DES CORPS,NON,5284,16:41,NORD,AEROPORT CDG2 TGV ROISSY,JCAQUINORD,FRMLW,14:54,FRXSH
307,2023-06-10,AIX EN PROVENCE TGV,NON,2096,20:16,EST,BESANCON - F COMTE TGV,JCRHONRHIN,FRTJB,16:11,FRAIE
308,2023-06-10,AIX EN PROVENCE TGV,NON,2096,17:08,EST,VALENCE TGV RHONE-ALPES SUD,JCRHONRHIN,FRVLA,16:11,FRAIE
309,2023-06-10,AVIGNON TGV,NON,2096,22:07,EST,STRASBOURG,JCRHONRHIN,FRAEG,16:33,FRAVG
310,2023-06-10,AVIGNON TGV,NON,2096,20:40,EST,BELFORT-MONTBELIARD TGV,JCRHONRHIN,FRTJA,16:33,FRAVG
311,2023-06-10,AVIGNON TGV,NON,2096,20:16,EST,BESANCON - F COMTE TGV,JCRHONRHIN,FRTJB,16:33,FRAVG
312,2023-06-10,AVIGNON TGV,NON,2096,17:08,EST,VALENCE TGV RHONE-ALPES SUD,JCRHONRHIN,FRVLA,16:33,FRAVG
313,2023-06-10,LYON (intramuros),NON,2096,19:39,EST,DIJON VILLE,JCRHONRHIN,FRABA,18:00,FRLPD
314,2023-06-10,LYON (intramuros),NON,2096,22:07,EST,STRASBOURG,JCRHONRHIN,FRAEG,18:00,FRLPD
315,2023-06-10,LYON (intramuros),NON,2096,20:40,EST,BELFORT-MONTBELIARD TGV,JCRHONRHIN,FRTJA,18:00,FRLPD
316,2023-06-10,MARSEILLE ST CHARLES,NON,2096,22:07,EST,STRASBOURG,JCRHONRHIN,FRAEG,15:56,FRMSC
317,2023-06-10,BESANCON - F COMTE TGV,OUI,2096,20:40,EST,BELFORT-MONTBELIARD TGV,JCRHONRHIN,FRTJA,20:19,FRTJB
318,2023-06-10,MOULINS SUR ALLIER,OUI,5971,19:34,IC ARO,CLERMONT FERRAND,PACLERMONT,FRCFE,18:30,FRXMU
319,2023-06-10,UZERCHE,OUI,3614,06:52,IC ARO,ARGENTON SUR CREUSE,TOULOUZECO,FRFMT,05:17,FRAAW
320,2023-06-10,PARIS (intramuros),NON,7571,14:40,NORD,ARRAS,PAARRAS,FRQRV,13:52,FRPNO
321,2023-06-10,BREST,OUI,8636,20:20,ATLANTIQUE,PARIS (intramuros),BRETAPARIS,FRPMO,16:14,FRBES
322,2023-06-10,BREST,OUI,8636,18:25,ATLANTIQUE,RENNES,BRETAPARIS,FRRNS,16:14,FRBES
323,2023-06-10,GUINGAMP,OUI,8636,19:01,ATLANTIQUE,LAVAL,BRETAPARIS,FRACR,17:16,FRGGP
324,2023-06-10,MORLAIX,OUI,8636,20:20,ATLANTIQUE,PARIS (intramuros),BRETAPARIS,FRPMO,16:47,FRMXN
325,2023-06-10,MORLAIX,OUI,8636,18:25,ATLANTIQUE,RENNES,BRETAPARIS,FRRNS,16:47,FRMXN
326,2023-06-10,RENNES,OUI,8636,19:01,ATLANTIQUE,LAVAL,BRETAPARIS,FRACR,18:35,FRRNS
327,2023-06-10,ST BRIEUC,OUI,8636,17:44,ATLANTIQUE,LAMBALLE,BRETAPARIS,FRLAM,17:34,FRSBK
328,2023-06-10,LYON (intramuros),OUI,6611,13:10,SUD EST,LYON (intramuros),PARISRHONE,FRLPE,13:02,FRLPD
329,2023-06-10,BORDEAUX ST JEAN,OUI,5260,06:33,NORD,ANGOULEME,JCAQUINORD,FRANG,05:58,FRBOJ
330,2023-06-10,MASSY TGV,NON,5260,09:41,NORD,AEROPORT CDG2 TGV ROISSY,JCAQUINORD,FRMLW,08:55,FRDJU
331,2023-06-10,POITIERS,NON,5260,07:50,NORD,ST PIERRE DES CORPS,JCAQUINORD,FRXSH,07:19,FRPIS
332,2023-06-10,MACON LOCHE TGV,NON,6941,15:59,SUD EST,AIX LES BAINS LE REVARD,PARISALPES,FRXAI,14:20,FRMLT
333,2023-06-10,AIX LES BAINS LE REVARD,NON,6941,16:32,SUD EST,ANNECY,PARISALPES,FRNCY,16:02,FRXAI
334,2023-06-10,LYON (intramuros),OUI,6608,08:46,SUD EST,LE CREUSOT MONTCEAU MONTCHANIN,RHONEPARIS,FRXCC,07:50,FRLPE
335,2023-06-10,LOURDES,NON,14141,12:21,IC SRO,ORTHEZ,SUDOUEST,FRGFI,11:32,FRLDE
336,2023-06-10,LOURDES,NON,14141,13:08,IC SRO,BAYONNE,SUDOUEST,FRXBY,11:32,FRLDE
337,2023-06-10,TOULOUSE MATABIAU,NON,14141,11:29,IC SRO,LOURDES,SUDOUEST,FRLDE,09:32,FRXYT
338,2023-06-10,KAISERSLAUTERN HBF,NON,9552,16:54,INTERNATIONAL,PARIS (intramuros),FRANCPA,FRPST,14:24,DEKLT
339,2023-06-10,LIMOGES BENEDICTINS,OUI,3656,16:23,IC ARO,ISSOUDUN,TOULOUZECO,FRFMN,14:56,FRAGQ
340,2023-06-10,LIMOGES BENEDICTINS,OUI,3656,16:46,IC ARO,VIERZON VILLE,TOULOUZECO,FRXVZ,14:56,FRAGQ
341,2023-06-10,GOURDON,OUI,3656,13:23,IC ARO,SOUILLAC,TOULOUZECO,FRSOU,13:08,FRFSI
342,2023-06-10,GOURDON,OUI,3656,16:46,IC ARO,VIERZON VILLE,TOULOUZECO,FRXVZ,13:08,FRFSI
343,2023-06-10,CAHORS,OUI,3656,13:49,IC ARO,BRIVE LA GAILLARDE,TOULOUZECO,FRBVE,12:41,FRZAO
344,2023-06-10,CAHORS,OUI,3656,16:06,IC ARO,CHATEAUROUX,TOULOUZECO,FRCHR,12:41,FRZAO
345,2023-06-10,SOUILLAC,OUI,3656,14:16,IC ARO,UZERCHE,TOULOUZECO,FRAAW,13:25,FRSOU
346,2023-06-10,GOURDON,OUI,3656,16:23,IC ARO,ISSOUDUN,TOULOUZECO,FRFMN,13:08,FRFSI
347,2023-06-10,BORDEAUX ST JEAN,NON,3858,18:40,IC SRO,JONZAC,BORDONANTE,FREMR,17:53,FRBOJ
348,2023-06-10,BORDEAUX ST JEAN,NON,3858,20:58,IC SRO,LUCON,BORDONANTE,FRLCN,17:53,FRBOJ
349,2023-06-10,BORDEAUX ST JEAN,NON,3858,19:53,IC SRO,ROCHEFORT,BORDONANTE,FRRCO,17:53,FRBOJ
350,2023-06-10,ROCHEFORT,NON,3858,22:05,IC SRO,NANTES,BORDONANTE,FRNTE,19:55,FRRCO
351,2023-06-10,ROCHEFORT,NON,3858,21:22,IC SRO,LA ROCHE SUR YON,BORDONANTE,FRXRO,19:55,FRRCO
352,2023-06-10,SAINTES,NON,3858,21:22,IC SRO,LA ROCHE SUR YON,BORDONANTE,FRXRO,19:25,FRXST
353,2023-06-10,FRANKFURT MAIN HBF,NON,9566,10:47,INTERNATIONAL,STRASBOURG,FRANCPA,FRAEG,08:56,DEFRH
354,2023-06-10,MANNHEIM HBF,NON,9566,10:47,INTERNATIONAL,STRASBOURG,FRANCPA,FRAEG,09:39,DEMHG
355,2023-06-10,NIMES,NON,5500,17:40,EST,DIJON VILLE,JCRHONRHIN,FRABA,14:23,FRFNI
356,2023-06-10,NIMES,NON,5500,16:39,EST,MACON VILLE,JCRHONRHIN,FRHGU,14:23,FRFNI
357,2023-06-10,NIMES,NON,5500,15:51,EST,LYON (intramuros),JCRHONRHIN,FRLPD,14:23,FRFNI
358,2023-06-10,NIMES,NON,5500,18:44,EST,BELFORT-MONTBELIARD TGV,JCRHONRHIN,FRTJA,14:23,FRFNI
359,2023-06-10,MACON VILLE,NON,5500,17:40,EST,DIJON VILLE,JCRHONRHIN,FRABA,16:41,FRHGU
360,2023-06-10,LYON (intramuros),NON,5500,17:40,EST,DIJON VILLE,JCRHONRHIN,FRABA,16:04,FRLPD
361,2023-06-10,MONTPELLIER SAINT-ROCH,NON,5500,21:13,EST,METZ VILLE,JCRHONRHIN,FRADE,13:55,FRMPL
362,2023-06-10,MONTPELLIER SAINT-ROCH,NON,5500,19:41,EST,COLMAR,JCRHONRHIN,FRAEJ,13:55,FRMPL
363,2023-06-10,MONTPELLIER SAINT-ROCH,NON,5500,19:09,EST,MULHOUSE VILLE,JCRHONRHIN,FRAEK,13:55,FRMPL
364,2023-06-10,BELFORT-MONTBELIARD TGV,NON,5500,21:13,EST,METZ VILLE,JCRHONRHIN,FRADE,18:47,FRTJA
365,2023-06-10,VALENCE TGV RHONE-ALPES SUD,NON,5500,19:41,EST,COLMAR,JCRHONRHIN,FRAEJ,15:12,FRVLA
366,2023-06-10,VALENCE TGV RHONE-ALPES SUD,NON,5500,18:44,EST,BELFORT-MONTBELIARD TGV,JCRHONRHIN,FRTJA,15:12,FRVLA
367,2023-06-10,PAU,OUI,8592,22:53,ATLANTIQUE,LOURDES,PASUDOUEST,FRLDE,22:27,FRAEE
368,2023-06-10,BORDEAUX ST JEAN,OUI,8592,22:53,ATLANTIQUE,LOURDES,PASUDOUEST,FRLDE,20:20,FRBOJ
369,2023-06-10,BORDEAUX ST JEAN,OUI,8592,23:19,ATLANTIQUE,TARBES,PASUDOUEST,FRXTB,20:20,FRBOJ
370,2023-06-10,ORTHEZ,OUI,8592,22:25,ATLANTIQUE,PAU,PASUDOUEST,FRAEE,22:04,FRGFI
371,2023-06-10,LOURDES,OUI,8592,23:19,ATLANTIQUE,TARBES,PASUDOUEST,FRXTB,23:03,FRLDE
372,2023-06-10,BRUXELLES MIDI BRUSSEL ZUID,NON,9835,21:30,NORD,AVIGNON TGV,JCNORDSUD,FRAVG,16:17,BEBMI
373,2023-06-10,LYON (intramuros),NON,9835,21:53,NORD,AIX EN PROVENCE TGV,JCNORDSUD,FRAIE,20:10,FRLPD
374,2023-06-10,AEROPORT CDG2 TGV ROISSY,NON,9835,18:08,NORD,MARNE LA VALLEE CHESSY,JCNORDSUD,FRMLV,17:59,FRMLW
375,2023-06-10,AEROPORT CDG2 TGV ROISSY,NON,9835,22:08,NORD,MARSEILLE ST CHARLES,JCNORDSUD,FRMSC,17:59,FRMLW
376,2023-06-10,AEROPORT CDG2 TGV ROISSY,NON,9835,20:49,NORD,VALENCE TGV RHONE-ALPES SUD,JCNORDSUD,FRVLA,17:59,FRMLW
377,2023-06-10,AIX EN PROVENCE TGV,OUI,6127,21:59,SUD EST,MARSEILLE ST CHARLES,PAPROVENCE,FRMSC,21:47,FRAIE
378,2023-06-10,PARIS (intramuros),NON,6127,21:21,SUD EST,AVIGNON TGV,PAPROVENCE,FRAVG,18:36,FRPLY
379,2023-06-10,PARIS (intramuros),NON,6127,21:59,SUD EST,MARSEILLE ST CHARLES,PAPROVENCE,FRMSC,18:36,FRPLY
380,2023-06-10,AIX EN PROVENCE TGV,NON,6116,12:36,SUD EST,AVIGNON TGV,PROVENCEPA,FRAVG,12:17,FRAIE
381,2023-06-10,JONZAC,NON,3833,16:08,IC SRO,BORDEAUX ST JEAN,NANTEBORDO,FRBOJ,15:11,FREMR
382,2023-06-10,LUCON,NON,3833,14:32,IC SRO,SAINTES,NANTEBORDO,FRXST,13:00,FRLCN
383,2023-06-10,LA ROCHELLE VILLE,NON,3833,15:10,IC SRO,JONZAC,NANTEBORDO,FREMR,13:43,FRLRH
384,2023-06-10,NANTES,NON,3833,16:08,IC SRO,BORDEAUX ST JEAN,NANTEBORDO,FRBOJ,11:55,FRNTE
385,2023-06-10,NANTES,NON,3833,15:10,IC SRO,JONZAC,NANTEBORDO,FREMR,11:55,FRNTE
386,2023-06-10,LA ROCHE SUR YON,NON,3833,12:58,IC SRO,LUCON,NANTEBORDO,FRLCN,12:36,FRXRO
387,2023-06-10,ANGERS ST LAUD,OUI,5320,21:30,SUD EST,LYON (intramuros),JCATLSUD,FRLPD,17:44,FRACL
388,2023-06-10,LE MANS,OUI,5320,19:19,SUD EST,MASSY TGV,JCATLSUD,FRDJU,18:30,FRAET
389,2023-06-10,LE MANS,OUI,5320,21:30,SUD EST,LYON (intramuros),JCATLSUD,FRLPD,18:30,FRAET
390,2023-06-10,LE MANS,OUI,5320,21:47,SUD EST,LYON (intramuros),JCATLSUD,FRLPE,18:30,FRAET
391,2023-06-10,MASSY TGV,OUI,5320,21:30,SUD EST,LYON (intramuros),JCATLSUD,FRLPD,19:26,FRDJU
392,2023-06-10,NANTES,OUI,5320,17:41,SUD EST,ANGERS ST LAUD,JCATLSUD,FRACL,17:05,FRNTE
393,2023-06-10,CARCASSONNE,OUI,6825,22:19,SUD EST,TOULOUSE MATABIAU,JCPROVSUD,FRXYT,21:37,FRCCF
394,2023-06-10,NIMES,OUI,6825,20:05,SUD EST,MONTPELLIER SAINT-ROCH,JCPROVSUD,FRMPL,19:40,FRFNI
395,2023-06-10,LYON (intramuros),OUI,6825,20:05,SUD EST,MONTPELLIER SAINT-ROCH,JCPROVSUD,FRMPL,18:09,FRLPD
396,2023-06-10,MONTPELLIER SAINT-ROCH,OUI,6825,21:04,SUD EST,NARBONNE,JCPROVSUD,FRXNA,20:10,FRMPL
397,2023-06-10,MONTPELLIER SAINT-ROCH,OUI,6825,20:23,SUD EST,SETE,JCPROVSUD,FRXSY,20:10,FRMPL
398,2023-06-10,NARBONNE,OUI,6825,21:34,SUD EST,CARCASSONNE,JCPROVSUD,FRCCF,21:07,FRXNA
399,2023-06-10,MULHOUSE VILLE,OUI,6708,19:02,SUD EST,DIJON VILLE,BOURPA,FRABA,17:46,FRAEK
400,2023-06-10,BESANCON - F COMTE TGV,OUI,6708,20:42,SUD EST,PARIS (intramuros),BOURPA,FRPLY,18:34,FRTJB
401,2023-06-10,DAX,OUI,8572,14:24,ATLANTIQUE,PAU,PASUDOUEST,FRAEE,13:36,FRACG
402,2023-06-10,DAX,OUI,8572,14:53,ATLANTIQUE,LOURDES,PASUDOUEST,FRLDE,13:36,FRACG
403,2023-06-10,ORTHEZ,OUI,8572,14:24,ATLANTIQUE,PAU,PASUDOUEST,FRAEE,14:04,FRGFI
404,2023-06-10,PARIS (intramuros),NON,8572,12:14,ATLANTIQUE,BORDEAUX ST JEAN,PASUDOUEST,FRBOJ,10:08,FRPMO
405,2023-06-10,PARIS (intramuros),NON,8572,14:01,ATLANTIQUE,ORTHEZ,PASUDOUEST,FRGFI,10:08,FRPMO
406,2023-06-10,GENEVE,NON,9768,13:42,INTERNATIONAL,PARIS (intramuros),GENEVEPA,FRPLY,10:29,CHGVA
407,2023-06-10,STRASBOURG,NON,2087,11:11,EST,DIJON VILLE,JCRHINRHON,FRABA,09:03,FRAEG
408,2023-06-10,MACON VILLE,NON,2087,14:49,EST,AIX EN PROVENCE TGV,JCRHINRHON,FRAIE,12:22,FRHGU
409,2023-06-10,MACON VILLE,NON,2087,14:25,EST,AVIGNON TGV,JCRHINRHON,FRAVG,12:22,FRHGU
410,2023-06-10,LYON (intramuros),NON,2087,13:46,EST,VALENCE TGV RHONE-ALPES SUD,JCRHINRHON,FRVLA,13:06,FRLPD
411,2023-06-10,BELFORT-MONTBELIARD TGV,NON,2087,13:46,EST,VALENCE TGV RHONE-ALPES SUD,JCRHINRHON,FRVLA,10:21,FRTJA
412,2023-06-10,BESANCON - F COMTE TGV,NON,2087,15:06,EST,MARSEILLE ST CHARLES,JCRHINRHON,FRMSC,10:44,FRTJB
413,2023-06-10,BESANCON - F COMTE TGV,NON,2087,13:46,EST,VALENCE TGV RHONE-ALPES SUD,JCRHINRHON,FRVLA,10:44,FRTJB
414,2023-06-10,SURGERES,OUI,8375,12:22,ATLANTIQUE,LA ROCHELLE VILLE,PAROCHELLE,FRLRH,12:02,FREIP
415,2023-06-10,POITIERS,OUI,8375,11:59,ATLANTIQUE,SURGERES,PAROCHELLE,FREIP,10:53,FRPIS
416,2023-06-10,POITIERS,OUI,8375,11:38,ATLANTIQUE,NIORT,PAROCHELLE,FRNIT,10:53,FRPIS
417,2023-06-10,PARIS (intramuros),NON,8375,11:59,ATLANTIQUE,SURGERES,PAROCHELLE,FREIP,09:12,FRPMO
418,2023-06-10,PARIS (intramuros),NON,6937,12:36,SUD EST,CHAMBERY CHALLES LES EAUX,PARISALPES,FRCMF,09:44,FRPLY
419,2023-06-10,PARIS (intramuros),NON,6937,11:16,SUD EST,MACON LOCHE TGV,PARISALPES,FRMLT,09:44,FRPLY
420,2023-06-10,LYON (intramuros),NON,6612,12:08,SUD EST,PARIS (intramuros),RHONEPARIS,FRPLY,10:04,FRLPD
421,2023-06-10,LE CREUSOT MONTCEAU MONTCHANIN,NON,6612,12:08,SUD EST,PARIS (intramuros),RHONEPARIS,FRPLY,10:48,FRXCC
422,2023-06-10,BEDARIEUX,NON,15945,19:49,IC SRO,BEZIERS,NORESTJOU,FRBZR,19:15,FRIMH
423,2023-06-10,MAGALAS,NON,15945,19:49,IC SRO,BEZIERS,NORESTJOU,FRBZR,19:35,FRIMK
424,2023-06-10,DOUAI,OUI,7116,12:08,NORD,PARIS (intramuros),ARRASPA,FRPNO,10:51,FRXDN
425,2023-06-10,LIMOGES BENEDICTINS,OUI,3645,21:27,IC ARO,TOULOUSE MATABIAU,PALITO,FRXYT,18:05,FRAGQ
426,2023-06-10,BRIVE LA GAILLARDE,OUI,3645,20:54,IC ARO,MONTAUBAN VILLE BOURBON,PALITO,FRXMW,19:08,FRBVE
427,2023-06-10,BRIVE LA GAILLARDE,OUI,3645,21:27,IC ARO,TOULOUSE MATABIAU,PALITO,FRXYT,19:08,FRBVE
428,2023-06-10,CHATEAUROUX,OUI,3645,19:06,IC ARO,BRIVE LA GAILLARDE,PALITO,FRBVE,16:50,FRCHR
429,2023-06-10,CHATEAUROUX,OUI,3645,17:25,IC ARO,LA SOUTERRAINE,PALITO,FRLST,16:50,FRCHR
430,2023-06-10,CHATEAUROUX,OUI,3645,19:31,IC ARO,SOUILLAC,PALITO,FRSOU,16:50,FRCHR
431,2023-06-10,CHATEAUROUX,OUI,3645,20:13,IC ARO,CAHORS,PALITO,FRZAO,16:50,FRCHR
432,2023-06-10,GOURDON,OUI,3645,21:27,IC ARO,TOULOUSE MATABIAU,PALITO,FRXYT,19:47,FRFSI
433,2023-06-10,LES AUBRAIS ORLEANS,OUI,3645,18:02,IC ARO,LIMOGES BENEDICTINS,PALITO,FRAGQ,15:40,FRLAB
434,2023-06-10,LES AUBRAIS ORLEANS,OUI,3645,16:48,IC ARO,CHATEAUROUX,PALITO,FRCHR,15:40,FRLAB
435,2023-06-10,PARIS (intramuros),OUI,3645,19:46,IC ARO,GOURDON,PALITO,FRFSI,14:35,FRPAZ
436,2023-06-10,PARIS (intramuros),OUI,3645,20:54,IC ARO,MONTAUBAN VILLE BOURBON,PALITO,FRXMW,14:35,FRPAZ
437,2023-06-10,PARIS (intramuros),OUI,3645,16:15,IC ARO,VIERZON VILLE,PALITO,FRXVZ,14:35,FRPAZ
438,2023-06-10,MONTAUBAN VILLE BOURBON,OUI,3645,21:27,IC ARO,TOULOUSE MATABIAU,PALITO,FRXYT,20:55,FRXMW
439,2023-06-10,VIERZON VILLE,OUI,3645,16:48,IC ARO,CHATEAUROUX,PALITO,FRCHR,16:17,FRXVZ
440,2023-06-10,VIERZON VILLE,OUI,3645,19:46,IC ARO,GOURDON,PALITO,FRFSI,16:17,FRXVZ
441,2023-06-10,VIERZON VILLE,OUI,3645,19:31,IC ARO,SOUILLAC,PALITO,FRSOU,16:17,FRXVZ
442,2023-06-10,VIERZON VILLE,OUI,3645,21:27,IC ARO,TOULOUSE MATABIAU,PALITO,FRXYT,16:17,FRXVZ
443,2023-06-10,VIERZON VILLE,OUI,3645,20:54,IC ARO,MONTAUBAN VILLE BOURBON,PALITO,FRXMW,16:17,FRXVZ
444,2023-06-10,HENDAYE,OUI,8530,07:34,ATLANTIQUE,BIARRITZ,SUDOUESTPA,FRBIQ,07:12,FRAEF
445,2023-06-10,HENDAYE,NON,8530,11:52,ATLANTIQUE,PARIS (intramuros),SUDOUESTPA,FRPMO,07:12,FRAEF
446,2023-06-10,BAYONNE,NON,8530,08:26,ATLANTIQUE,DAX,SUDOUESTPA,FRACG,07:52,FRXBY
447,2023-06-10,ST JEAN DE LUZ CIBOURE,NON,8530,11:52,ATLANTIQUE,PARIS (intramuros),SUDOUESTPA,FRPMO,07:24,FRXJZ
448,2023-06-10,NIMES PONT DU GARD,NON,6250,08:50,SUD EST,VALENCE TGV RHONE-ALPES SUD,LANGPA,FRVLA,08:13,FRXZP
449,2023-06-10,BELLEGARDE,NON,9780,19:49,INTERNATIONAL,BOURG EN BRESSE,GENEVEPA,FRXBK,19:02,FRXBF
450,2023-06-10,LE MANS,NON,5386,20:32,SUD EST,RENNES,JCSUDATL,FRRNS,19:34,FRAET
451,2023-06-10,AIX EN PROVENCE TGV,NON,5386,20:05,SUD EST,LAVAL,JCSUDATL,FRACR,14:50,FRAIE
452,2023-06-10,AIX EN PROVENCE TGV,NON,5386,19:29,SUD EST,LE MANS,JCSUDATL,FRAET,14:50,FRAIE
453,2023-06-10,AVIGNON TGV,NON,5386,20:32,SUD EST,RENNES,JCSUDATL,FRRNS,15:15,FRAVG
454,2023-06-10,MASSY TGV,NON,5386,20:05,SUD EST,LAVAL,JCSUDATL,FRACR,18:39,FRDJU
455,2023-06-10,LYON (intramuros),NON,5386,19:29,SUD EST,LE MANS,JCSUDATL,FRAET,16:30,FRLPD
456,2023-06-10,MARSEILLE ST CHARLES,NON,5386,20:05,SUD EST,LAVAL,JCSUDATL,FRACR,14:36,FRMSC
457,2023-06-10,MARSEILLE ST CHARLES,NON,5386,15:10,SUD EST,AVIGNON TGV,JCSUDATL,FRAVG,14:36,FRMSC
458,2023-06-10,LAVAL,NON,8081,08:39,ATLANTIQUE,VITRE,PARISBRETA,FRXVT,08:22,FRACR
459,2023-06-10,PARIS (intramuros),NON,8081,08:39,ATLANTIQUE,VITRE,PARISBRETA,FRXVT,07:04,FRPMO
460,2023-06-10,VITRE,NON,8081,09:03,ATLANTIQUE,RENNES,PARISBRETA,FRRNS,08:42,FRXVT
461,2023-06-10,AVIGNON TGV,NON,5102,10:48,NORD,MARSEILLE ST CHARLES,JCNORDSUD,FRMSC,10:14,FRAVG
462,2023-06-10,LYON (intramuros),NON,5102,10:48,NORD,MARSEILLE ST CHARLES,JCNORDSUD,FRMSC,09:06,FRLPD
463,2023-06-10,MARNE LA VALLEE CHESSY,NON,5102,10:11,NORD,AVIGNON TGV,JCNORDSUD,FRAVG,07:13,FRMLV
464,2023-06-10,AEROPORT CDG2 TGV ROISSY,NON,5102,09:00,NORD,LYON (intramuros),JCNORDSUD,FRLPD,06:56,FRMLW
465,2023-06-10,AEROPORT CDG2 TGV ROISSY,OUI,5102,07:06,NORD,MARNE LA VALLEE CHESSY,JCNORDSUD,FRMLV,06:56,FRMLW
466,2023-06-10,AEROPORT CDG2 TGV ROISSY,NON,5102,10:48,NORD,MARSEILLE ST CHARLES,JCNORDSUD,FRMSC,06:56,FRMLW
467,2023-06-10,LIMOGES BENEDICTINS,OUI,3619,14:49,IC ARO,MONTAUBAN VILLE BOURBON,PALITO,FRXMW,11:56,FRAGQ
468,2023-06-10,BRIVE LA GAILLARDE,OUI,3619,13:40,IC ARO,GOURDON,PALITO,FRFSI,13:00,FRBVE
469,2023-06-10,BRIVE LA GAILLARDE,OUI,3619,14:49,IC ARO,MONTAUBAN VILLE BOURBON,PALITO,FRXMW,13:00,FRBVE
470,2023-06-10,BRIVE LA GAILLARDE,OUI,3619,15:23,IC ARO,TOULOUSE MATABIAU,PALITO,FRXYT,13:00,FRBVE
471,2023-06-10,GOURDON,OUI,3619,15:23,IC ARO,TOULOUSE MATABIAU,PALITO,FRXYT,13:42,FRFSI
472,2023-06-10,CAUSSADE TARN ET GARONNE,OUI,3619,15:23,IC ARO,TOULOUSE MATABIAU,PALITO,FRXYT,14:35,FRFTA
473,2023-06-10,LES AUBRAIS ORLEANS,NON,3619,11:17,IC ARO,LA SOUTERRAINE,PALITO,FRLST,09:28,FRLAB
474,2023-06-10,LA SOUTERRAINE,NON,3619,11:53,IC ARO,LIMOGES BENEDICTINS,PALITO,FRAGQ,11:19,FRLST
475,2023-06-10,LA SOUTERRAINE,NON,3619,13:24,IC ARO,SOUILLAC,PALITO,FRSOU,11:19,FRLST
476,2023-06-10,LA SOUTERRAINE,NON,3619,15:23,IC ARO,TOULOUSE MATABIAU,PALITO,FRXYT,11:19,FRLST
477,2023-06-10,PARIS (intramuros),NON,3619,11:53,IC ARO,LIMOGES BENEDICTINS,PALITO,FRAGQ,08:22,FRPAZ
478,2023-06-10,PARIS (intramuros),NON,3619,13:40,IC ARO,GOURDON,PALITO,FRFSI,08:22,FRPAZ
479,2023-06-10,PARIS (intramuros),NON,3619,13:24,IC ARO,SOUILLAC,PALITO,FRSOU,08:22,FRPAZ
480,2023-06-10,VIERZON VILLE,NON,3619,11:53,IC ARO,LIMOGES BENEDICTINS,PALITO,FRAGQ,10:09,FRXVZ
481,2023-06-10,VIERZON VILLE,NON,3619,13:40,IC ARO,GOURDON,PALITO,FRFSI,10:09,FRXVZ
482,2023-06-10,CAHORS,OUI,3619,14:49,IC ARO,MONTAUBAN VILLE BOURBON,PALITO,FRXMW,14:09,FRZAO
483,2023-06-10,PAU,NON,14157,21:04,IC SRO,BAYONNE,SUDOUEST,FRXBY,19:52,FRAEE
484,2023-06-10,ORTHEZ,NON,14157,21:36,IC SRO,ST JEAN DE LUZ CIBOURE,SUDOUEST,FRXJZ,20:15,FRGFI
485,2023-06-10,LANNEMEZAN,NON,14157,19:20,IC SRO,LOURDES,SUDOUEST,FRLDE,18:41,FRLNZ
486,2023-06-10,BAYONNE,NON,14157,21:22,IC SRO,BIARRITZ,SUDOUEST,FRBIQ,21:14,FRXBY
487,2023-06-10,TARBES,NON,14157,21:22,IC SRO,BIARRITZ,SUDOUEST,FRBIQ,19:07,FRXTB
488,2023-06-10,TARBES,NON,14157,20:13,IC SRO,ORTHEZ,SUDOUEST,FRGFI,19:07,FRXTB
489,2023-06-10,TARBES,NON,14157,21:36,IC SRO,ST JEAN DE LUZ CIBOURE,SUDOUEST,FRXJZ,19:07,FRXTB
490,2023-06-10,PAU,OUI,8581,12:19,ATLANTIQUE,DAX,SUDOUESTPA,FRACG,11:32,FRAEE
491,2023-06-10,CANNES,OUI,6168,18:33,SUD EST,MARSEILLE ST CHARLES,AZURPA,FRMSC,16:32,FRJCA
492,2023-06-10,TOULON,NON,6168,21:50,SUD EST,PARIS (intramuros),AZURPA,FRPLY,17:48,FRTLN
493,2023-06-10,ST RAPHAEL VALESCURE,NON,6168,21:50,SUD EST,PARIS (intramuros),AZURPA,FRPLY,16:58,FRXSK
494,2023-06-10,AVIGNON CENTRE,NON,6194,08:42,SUD EST,LYON-SAINT EXUPERY TGV,VDRPA,FRJDQ,06:57,FRAES
495,2023-06-10,AVIGNON CENTRE,OUI,6194,08:05,SUD EST,VALENCE VILLE,VDRPA,FRVAF,06:57,FRAES
496,2023-06-10,AVIGNON CENTRE,OUI,6194,07:10,SUD EST,ORANGE,VDRPA,FRXOG,06:57,FRAES
497,2023-06-10,VALENCE VILLE,NON,6194,10:48,SUD EST,PARIS (intramuros),VDRPA,FRPLY,08:08,FRVAF
498,2023-06-10,MONTELIMAR GARE SNCF,NON,6194,10:48,SUD EST,PARIS (intramuros),VDRPA,FRPLY,07:41,FRXMK
499,2023-06-10,ORANGE,NON,6194,08:42,SUD EST,LYON-SAINT EXUPERY TGV,VDRPA,FRJDQ,07:13,FRXOG
500,2023-06-10,PARIS (intramuros),NON,8931,22:07,ATLANTIQUE,LE CROISIC,PARISLOIRE,FREGU,18:48,FRPMO
501,2023-06-10,SABLE SUR SARTHE,NON,8931,20:59,ATLANTIQUE,NANTES,PARISLOIRE,FRNTE,19:56,FRSAB
502,2023-06-10,LILLE (intramuros),OUI,7038,14:14,NORD,PARIS (intramuros),LILLEPA,FRPNO,13:12,FRADJ
503,2023-06-10,MULHOUSE VILLE,NON,9219,19:26,INTERNATIONAL,BASEL SBB,PABALZUR,CHAJP,19:06,FRAEK
504,2023-06-10,PARIS (intramuros),NON,9219,20:26,INTERNATIONAL,ZUERICH HB,PABALZUR,CHAJD,16:20,FRPLY
505,2023-06-10,ZUERICH HB,NON,9210,10:28,INTERNATIONAL,BASEL SBB,ZURBALPA,CHAJP,09:34,CHAJD
506,2023-06-10,ZUERICH HB,NON,9210,10:53,INTERNATIONAL,MULHOUSE VILLE,ZURBALPA,FRAEK,09:34,CHAJD
507,2023-06-10,ZUERICH HB,NON,9210,13:38,INTERNATIONAL,PARIS (intramuros),ZURBALPA,FRPLY,09:34,CHAJD
508,2023-06-10,BASEL SBB,NON,9210,11:58,INTERNATIONAL,DIJON VILLE,ZURBALPA,FRABA,10:34,CHAJP
509,2023-06-10,ANNECY,OUI,6978,15:56,SUD EST,AIX LES BAINS LE REVARD,ALPESPARIS,FRXAI,15:31,FRNCY
510,2023-06-10,AIX LES BAINS LE REVARD,OUI,6978,19:14,SUD EST,PARIS (intramuros),ALPESPARIS,FRPLY,15:59,FRXAI
511,2023-06-10,PARIS (intramuros),NON,6277,21:20,SUD EST,NARBONNE,PALANG,FRXNA,16:54,FRPLY
512,2023-06-10,VALENCE TGV RHONE-ALPES SUD,NON,6277,21:56,SUD EST,PERPIGNAN,PALANG,FRPGF,19:11,FRVLA
513,2023-06-10,NARBONNE,OUI,6277,21:56,SUD EST,PERPIGNAN,PALANG,FRPGF,21:23,FRXNA
514,2023-06-10,NIMES PONT DU GARD,NON,6277,21:56,SUD EST,PERPIGNAN,PALANG,FRPGF,19:53,FRXZP
515,2023-06-10,AIX EN PROVENCE TGV,NON,6801,09:11,SUD EST,TOULON,JCPROVSUD,FRTLN,08:03,FRAIE
516,2023-06-10,AIX EN PROVENCE TGV,NON,6801,10:06,SUD EST,ST RAPHAEL VALESCURE,JCPROVSUD,FRXSK,08:03,FRAIE
517,2023-06-10,AVIGNON TGV,NON,6801,10:35,SUD EST,CANNES,JCPROVSUD,FRJCA,07:38,FRAVG
518,2023-06-10,AVIGNON TGV,NON,6801,09:11,SUD EST,TOULON,JCPROVSUD,FRTLN,07:38,FRAVG
519,2023-06-10,AVIGNON TGV,NON,6801,09:49,SUD EST,LES ARCS DRAGUIGNAN,JCPROVSUD,FRXRS,07:38,FRAVG
520,2023-06-10,CANNES,OUI,6801,10:47,SUD EST,ANTIBES,JCPROVSUD,FRXAT,10:39,FRJCA
521,2023-06-10,LYON (intramuros),NON,6801,08:14,SUD EST,MARSEILLE ST CHARLES,JCPROVSUD,FRMSC,06:04,FRLPD
522,2023-06-10,LYON (intramuros),NON,6801,09:11,SUD EST,TOULON,JCPROVSUD,FRTLN,06:04,FRLPD
523,2023-06-10,MARSEILLE ST CHARLES,NON,6801,10:35,SUD EST,CANNES,JCPROVSUD,FRJCA,08:28,FRMSC
524,2023-06-10,MARSEILLE ST CHARLES,NON,6801,09:11,SUD EST,TOULON,JCPROVSUD,FRTLN,08:28,FRMSC
525,2023-06-10,MARSEILLE ST CHARLES,NON,6801,09:49,SUD EST,LES ARCS DRAGUIGNAN,JCPROVSUD,FRXRS,08:28,FRMSC
526,2023-06-10,TOULON,OUI,6801,10:47,SUD EST,ANTIBES,JCPROVSUD,FRXAT,09:15,FRTLN
527,2023-06-10,VALENCE TGV RHONE-ALPES SUD,NON,6801,10:06,SUD EST,ST RAPHAEL VALESCURE,JCPROVSUD,FRXSK,07:00,FRVLA
528,2023-06-10,ANTIBES,OUI,6801,11:06,SUD EST,NICE VILLE,JCPROVSUD,FRNIC,10:50,FRXAT
529,2023-06-10,LES ARCS DRAGUIGNAN,OUI,6801,10:35,SUD EST,CANNES,JCPROVSUD,FRJCA,09:52,FRXRS
530,2023-06-10,ST RAPHAEL VALESCURE,OUI,6801,10:35,SUD EST,CANNES,JCPROVSUD,FRJCA,10:09,FRXSK
531,2023-06-10,ST RAPHAEL VALESCURE,OUI,6801,11:06,SUD EST,NICE VILLE,JCPROVSUD,FRNIC,10:09,FRXSK
532,2023-06-10,AVIGNON TGV,NON,6123,20:41,SUD EST,AIX EN PROVENCE TGV,PAPROVENCE,FRAIE,20:20,FRAVG
533,2023-06-10,PARIS (intramuros),NON,6123,20:17,SUD EST,AVIGNON TGV,PAPROVENCE,FRAVG,17:36,FRPLY
534,2023-06-10,PARIS (intramuros),NON,6123,20:56,SUD EST,MARSEILLE ST CHARLES,PAPROVENCE,FRMSC,17:36,FRPLY
535,2023-06-10,ANGERS ST LAUD,NON,8112,10:23,ATLANTIQUE,LE MANS,LOIREPARIS,FRAET,09:44,FRACL
536,2023-06-10,NANTES,NON,8112,10:23,ATLANTIQUE,LE MANS,LOIREPARIS,FRAET,09:05,FRNTE
537,2023-06-10,SARREBRUCK/SAARBRUECKEN,NON,9554,14:53,INTERNATIONAL,PARIS (intramuros),FRANCPA,FRPST,13:02,DESBK
538,2023-06-10,PARIS (intramuros),NON,8541,16:03,ATLANTIQUE,BAYONNE,PASUDOUEST,FRXBY,12:08,FRPMO
539,2023-06-10,BAYONNE,OUI,8541,16:32,ATLANTIQUE,ST JEAN DE LUZ CIBOURE,PASUDOUEST,FRXJZ,16:06,FRXBY
540,2023-06-10,ST JEAN DE LUZ CIBOURE,OUI,8541,16:47,ATLANTIQUE,HENDAYE,PASUDOUEST,FRAEF,16:35,FRXJZ
541,2023-06-10,DIJON VILLE,OUI,9896,22:07,EST,STRASBOURG,JCRHONRHIN,FRAEG,19:49,FRABA
542,2023-06-10,AIX EN PROVENCE TGV,NON,9896,22:07,EST,STRASBOURG,JCRHONRHIN,FRAEG,16:11,FRAIE
543,2023-06-10,AIX EN PROVENCE TGV,NON,9896,17:51,EST,LYON (intramuros),JCRHONRHIN,FRLPD,16:11,FRAIE
544,2023-06-10,AVIGNON TGV,NON,9896,22:07,EST,STRASBOURG,JCRHONRHIN,FRAEG,16:33,FRAVG
545,2023-06-10,MARSEILLE ST CHARLES,NON,9896,17:08,EST,VALENCE TGV RHONE-ALPES SUD,JCRHONRHIN,FRVLA,15:56,FRMSC
546,2023-06-10,VALENCE TGV RHONE-ALPES SUD,NON,9896,19:39,EST,DIJON VILLE,JCRHONRHIN,FRABA,17:13,FRVLA
547,2023-06-10,VALENCE TGV RHONE-ALPES SUD,NON,9896,22:07,EST,STRASBOURG,JCRHONRHIN,FRAEG,17:13,FRVLA
548,2023-06-10,VALENCE TGV RHONE-ALPES SUD,NON,9896,17:51,EST,LYON (intramuros),JCRHONRHIN,FRLPD,17:13,FRVLA
549,2023-06-10,VALENCE TGV RHONE-ALPES SUD,NON,9896,20:16,EST,BESANCON - F COMTE TGV,JCRHONRHIN,FRTJB,17:13,FRVLA
550,2023-06-10,DIJON VILLE,NON,2204,19:09,EST,MULHOUSE VILLE,JCRHONRHIN,FRAEK,17:50,FRABA
551,2023-06-10,COLMAR,OUI,2204,20:18,EST,STRASBOURG,JCRHONRHIN,FRAEG,19:44,FRAEJ
552,2023-06-10,NIMES,NON,2204,17:40,EST,DIJON VILLE,JCRHONRHIN,FRABA,14:23,FRFNI
553,2023-06-10,NIMES,NON,2204,19:09,EST,MULHOUSE VILLE,JCRHONRHIN,FRAEK,14:23,FRFNI
554,2023-06-10,MACON VILLE,NON,2204,19:41,EST,COLMAR,JCRHONRHIN,FRAEJ,16:41,FRHGU
555,2023-06-10,LYON (intramuros),NON,2204,18:44,EST,BELFORT-MONTBELIARD TGV,JCRHONRHIN,FRTJA,16:04,FRLPD
556,2023-06-10,LYON (intramuros),NON,2204,18:17,EST,BESANCON - F COMTE TGV,JCRHONRHIN,FRTJB,16:04,FRLPD
557,2023-06-10,MONTPELLIER SAINT-ROCH,NON,2204,17:40,EST,DIJON VILLE,JCRHONRHIN,FRABA,13:55,FRMPL
558,2023-06-10,MONTPELLIER SAINT-ROCH,NON,2204,19:41,EST,COLMAR,JCRHONRHIN,FRAEJ,13:55,FRMPL
559,2023-06-10,VALENCE TGV RHONE-ALPES SUD,NON,2204,20:18,EST,STRASBOURG,JCRHONRHIN,FRAEG,15:12,FRVLA
560,2023-06-10,VALENCE TGV RHONE-ALPES SUD,NON,2204,16:39,EST,MACON VILLE,JCRHONRHIN,FRHGU,15:12,FRVLA
561,2023-06-10,VALENCE TGV RHONE-ALPES SUD,NON,2204,18:17,EST,BESANCON - F COMTE TGV,JCRHONRHIN,FRTJB,15:12,FRVLA
562,2023-06-10,BRUXELLES MIDI BRUSSEL ZUID,NON,9812,10:08,NORD,MARNE LA VALLEE CHESSY,JCNORDSUD,FRMLV,08:17,BEBMI
563,2023-06-10,LILLE (intramuros),NON,9812,12:00,NORD,LYON (intramuros),JCNORDSUD,FRLPD,09:03,FRLLE
564,2023-06-10,LILLE (intramuros),NON,9812,10:08,NORD,MARNE LA VALLEE CHESSY,JCNORDSUD,FRMLV,09:03,FRLLE
565,2023-06-10,MARNE LA VALLEE CHESSY,NON,9812,12:00,NORD,LYON (intramuros),JCNORDSUD,FRLPD,10:13,FRMLV
566,2023-06-10,AEROPORT CDG2 TGV ROISSY,NON,9812,12:00,NORD,LYON (intramuros),JCNORDSUD,FRLPD,09:59,FRMLW
567,2023-06-10,PARIS (intramuros),NON,6627,20:10,SUD EST,LYON (intramuros),PARISRHONE,FRLPE,17:50,FRPLY
568,2023-06-10,LE CREUSOT MONTCEAU MONTCHANIN,OUI,6627,19:56,SUD EST,LYON (intramuros),PARISRHONE,FRLPD,19:12,FRXCC
569,2023-06-10,FRANKFURT MAIN HBF,NON,9560,18:04,INTERNATIONAL,KARLSRUHE HBF,FRANCPA,DEQKA,16:56,DEFRH
570,2023-06-10,FRANKFURT MAIN HBF,NON,9560,18:48,INTERNATIONAL,STRASBOURG,FRANCPA,FRAEG,16:56,DEFRH
571,2023-06-10,FRANKFURT MAIN HBF,NON,9560,20:41,INTERNATIONAL,PARIS (intramuros),FRANCPA,FRPST,16:56,DEFRH
572,2023-06-10,MANNHEIM HBF,NON,9560,20:41,INTERNATIONAL,PARIS (intramuros),FRANCPA,FRPST,17:38,DEMHG
573,2023-06-10,STRASBOURG,NON,9560,20:41,INTERNATIONAL,PARIS (intramuros),FRANCPA,FRPST,18:57,FRAEG
574,2023-06-10,RENNES,OUI,8060,17:17,ATLANTIQUE,PARIS (intramuros),BRETAPARIS,FRPMO,15:43,FRRNS
575,2023-06-10,DUNKERQUE,OUI,7242,21:08,NORD,PARIS (intramuros),ARRASPA,FRPNO,19:00,FRADI
576,2023-06-10,MASSY TGV,OUI,5351,09:42,SUD EST,ST PIERRE DES CORPS,JCSUDATL,FRXSH,08:43,FRDJU
577,2023-06-10,LYON (intramuros),NON,5351,09:42,SUD EST,ST PIERRE DES CORPS,JCSUDATL,FRXSH,06:30,FRLPD
578,2023-06-10,ST PIERRE DES CORPS,NON,5351,10:39,SUD EST,ANGERS ST LAUD,JCSUDATL,FRACL,09:46,FRXSH
579,2023-06-10,ST PIERRE DES CORPS,NON,5351,11:19,SUD EST,NANTES,JCSUDATL,FRNTE,09:46,FRXSH
580,2023-06-10,STRASBOURG,OUI,2584,08:46,EST,PARIS (intramuros),NANCYPA,FRPST,05:41,FRAEG
581,2023-06-10,LUNEVILLE,OUI,2584,07:16,EST,NANCY,NANCYPA,FRENC,06:49,FRLNE
582,2023-06-10,LUNEVILLE,OUI,2584,08:46,EST,PARIS (intramuros),NANCYPA,FRPST,06:49,FRLNE
583,2023-06-10,SARREBOURG,OUI,2584,07:16,EST,NANCY,NANCYPA,FRENC,06:24,FRSBG
584,2023-06-10,SARREBOURG,OUI,2584,06:46,EST,LUNEVILLE,NANCYPA,FRLNE,06:24,FRSBG
585,2023-06-10,SARREBOURG,OUI,2584,08:46,EST,PARIS (intramuros),NANCYPA,FRPST,06:24,FRSBG
586,2023-06-10,SAVERNE,OUI,2584,06:21,EST,SARREBOURG,NANCYPA,FRSBG,06:06,FRSNE
587,2023-06-10,ZUERICH HB,NON,9218,12:53,INTERNATIONAL,MULHOUSE VILLE,ZURBALPA,FRAEK,11:34,CHAJD
588,2023-06-10,DIJON VILLE,NON,6704,14:02,SUD EST,MONTBARD,BOURPA,FRGWE,13:27,FRABA
589,2023-06-10,MULHOUSE VILLE,NON,6704,13:23,SUD EST,DIJON VILLE,BOURPA,FRABA,12:05,FRAEK
590,2023-06-10,MONTBARD,NON,6704,15:08,SUD EST,PARIS (intramuros),BOURPA,FRPLY,14:05,FRGWE
591,2023-06-10,BELFORT-MONTBELIARD TGV,NON,6704,15:08,SUD EST,PARIS (intramuros),BOURPA,FRPLY,12:31,FRTJA
592,2023-06-10,AGEN,OUI,8505,15:36,ATLANTIQUE,TOULOUSE MATABIAU,PASUDOUEST,FRXYT,14:23,FRAGF
593,2023-06-10,PARIS (intramuros),NON,8505,13:14,ATLANTIQUE,BORDEAUX ST JEAN,PASUDOUEST,FRBOJ,11:08,FRPMO
594,2023-06-10,PARIS (intramuros),NON,8505,15:00,ATLANTIQUE,MONTAUBAN VILLE BOURBON,PASUDOUEST,FRXMW,11:08,FRPMO
595,2023-06-10,PARIS (intramuros),NON,8505,15:36,ATLANTIQUE,TOULOUSE MATABIAU,PASUDOUEST,FRXYT,11:08,FRPMO
596,2023-06-10,ST NAZAIRE,OUI,8912,09:41,ATLANTIQUE,ANGERS ST LAUD,LOIREPARIS,FRACL,08:24,FRSNR
597,2023-06-10,PARIS (intramuros),NON,9777,18:09,INTERNATIONAL,BOURG EN BRESSE,PAGENEVE,FRXBK,16:16,FRPLY
598,2023-06-10,BOURG EN BRESSE,NON,9777,19:30,INTERNATIONAL,GENEVE,PAGENEVE,CHGVA,18:12,FRXBK
599,2023-06-10,BOURG EN BRESSE,NON,9777,19:00,INTERNATIONAL,BELLEGARDE,PAGENEVE,FRXBF,18:12,FRXBK
600,2023-06-10,PAU,NON,14150,19:30,IC SRO,ST GAUDENS,SUDOUEST,FRFPH,18:05,FRAEE
601,2023-06-10,ST GAUDENS,NON,14150,20:27,IC SRO,TOULOUSE MATABIAU,SUDOUEST,FRXYT,19:32,FRFPH
602,2023-06-10,LOURDES,NON,14150,18:47,IC SRO,TARBES,SUDOUEST,FRXTB,18:33,FRLDE
603,2023-06-10,LOURDES,NON,14150,20:27,IC SRO,TOULOUSE MATABIAU,SUDOUEST,FRXYT,18:33,FRLDE
604,2023-06-10,BAYONNE,NON,14150,17:34,IC SRO,ORTHEZ,SUDOUEST,FRGFI,16:20,FRXBY
605,2023-06-10,AGEN,NON,4655,09:27,IC ARO,CARCASSONNE,TJOURSOSE,FRCCF,07:20,FRAGF
606,2023-06-10,AGEN,NON,4655,11:20,IC ARO,NIMES,TJOURSOSE,FRFNI,07:20,FRAGF
607,2023-06-10,AGEN,OUI,4655,08:00,IC ARO,MONTAUBAN VILLE BOURBON,TJOURSOSE,FRXMW,07:20,FRAGF
608,2023-06-10,AGEN,NON,4655,09:58,IC ARO,NARBONNE,TJOURSOSE,FRXNA,07:20,FRAGF
609,2023-06-10,BORDEAUX ST JEAN,OUI,4655,07:18,IC ARO,AGEN,TJOURSOSE,FRAGF,06:18,FRBOJ
610,2023-06-10,BORDEAUX ST JEAN,NON,4655,10:14,IC ARO,BEZIERS,TJOURSOSE,FRBZR,06:18,FRBOJ
611,2023-06-10,BORDEAUX ST JEAN,NON,4655,09:27,IC ARO,CARCASSONNE,TJOURSOSE,FRCCF,06:18,FRBOJ
612,2023-06-10,BORDEAUX ST JEAN,NON,4655,11:20,IC ARO,NIMES,TJOURSOSE,FRFNI,06:18,FRBOJ
613,2023-06-10,BORDEAUX ST JEAN,OUI,4655,08:00,IC ARO,MONTAUBAN VILLE BOURBON,TJOURSOSE,FRXMW,06:18,FRBOJ
614,2023-06-10,MONTAUBAN VILLE BOURBON,NON,4655,09:27,IC ARO,CARCASSONNE,TJOURSOSE,FRCCF,08:02,FRXMW
615,2023-06-10,MONTAUBAN VILLE BOURBON,NON,4655,11:20,IC ARO,NIMES,TJOURSOSE,FRFNI,08:02,FRXMW
616,2023-06-10,MONTAUBAN VILLE BOURBON,NON,4655,10:52,IC ARO,MONTPELLIER SAINT-ROCH,TJOURSOSE,FRMPL,08:02,FRXMW
617,2023-06-10,NARBONNE,NON,4655,10:14,IC ARO,BEZIERS,TJOURSOSE,FRBZR,10:01,FRXNA
618,2023-06-10,TOULOUSE MATABIAU,NON,4655,10:14,IC ARO,BEZIERS,TJOURSOSE,FRBZR,08:45,FRXYT
619,2023-06-10,PARIS (intramuros),OUI,5983,22:23,IC ARO,RIOM CHATEL GUYON,PACLERMONT,FRRIO,18:47,FRPLY
620,2023-06-10,PARIS (intramuros),OUI,5983,21:28,IC ARO,MOULINS SUR ALLIER,PACLERMONT,FRXMU,18:47,FRPLY
621,2023-06-10,PARIS (intramuros),OUI,7183,19:35,NORD,VALENCIENNES,PAARRAS,FRXVS,17:52,FRPNO
622,2023-06-10,MODANE,NON,9240,13:14,INTERNATIONAL,PARIS (intramuros),ITALIEPA,FRPLY,09:13,FRAGR
623,2023-06-10,OULX CESANA CLAV SESTRIERE,NON,9240,13:14,INTERNATIONAL,PARIS (intramuros),ITALIEPA,FRPLY,08:36,ITOCS
624,2023-06-10,TORINO PORTA SUSA,NON,9240,13:14,INTERNATIONAL,PARIS (intramuros),ITALIEPA,FRPLY,07:36,ITTRS
625,2023-06-10,MANNHEIM HBF,NON,9559,23:09,INTERNATIONAL,FRANKFURT MAIN HBF,PAFRANC,DEFRH,22:20,DEMHG
626,2023-06-10,SARREBRUCK/SAARBRUECKEN,NON,9559,22:17,INTERNATIONAL,MANNHEIM HBF,PAFRANC,DEMHG,20:59,DESBK
627,2023-06-10,FORBACH,NON,9559,21:34,INTERNATIONAL,KAISERSLAUTERN HBF,PAFRANC,DEKLT,20:49,FRBQT
628,2023-06-10,PARIS (intramuros),NON,9559,23:09,INTERNATIONAL,FRANKFURT MAIN HBF,PAFRANC,DEFRH,19:07,FRPST
629,2023-06-10,PARIS (intramuros),NON,9559,22:17,INTERNATIONAL,MANNHEIM HBF,PAFRANC,DEMHG,19:07,FRPST
630,2023-06-10,PARIS (intramuros),NON,9559,20:47,INTERNATIONAL,FORBACH,PAFRANC,FRBQT,19:07,FRPST
631,2023-06-10,TOULOUSE MATABIAU,NON,8502,08:40,ATLANTIQUE,BORDEAUX ST JEAN,SUDOUESTPA,FRBOJ,06:23,FRXYT
632,2023-06-10,TOULOUSE MATABIAU,OUI,8502,06:54,ATLANTIQUE,MONTAUBAN VILLE BOURBON,SUDOUESTPA,FRXMW,06:23,FRXYT
633,2023-06-10,AUTERIVE,OUI,3972,07:18,IC NUIT,PARIS (intramuros),PALOMBEPAR,FRPAZ,21:15,FRFPW
634,2023-06-10,ANDORRE - L'HOSPITALET,OUI,3972,06:08,IC NUIT,LES AUBRAIS ORLEANS,PALOMBEPAR,FRLAB,19:09,FRFQG
635,2023-06-10,LATOUR DE CAROL ENVEITG,OUI,3972,06:08,IC NUIT,LES AUBRAIS ORLEANS,PALOMBEPAR,FRLAB,18:42,FRXTE
636,2023-06-10,LUZENAC GARANOU,OUI,3972,07:18,IC NUIT,PARIS (intramuros),PALOMBEPAR,FRPAZ,19:55,FRFQI
637,2023-06-10,LATOUR DE CAROL ENVEITG,OUI,3972,19:53,IC NUIT,LUZENAC GARANOU,PALOMBEPAR,FRFQI,18:42,FRXTE
638,2023-06-10,ANGERS ST LAUD,NON,5482,09:27,EST,LE MANS,JCATLEST,FRAET,08:48,FRACL
639,2023-06-10,ANGERS ST LAUD,NON,5482,12:32,EST,LORRAINE TGV,JCATLEST,FREAM,08:48,FRACL
640,2023-06-10,LE MANS,NON,5482,13:12,EST,STRASBOURG,JCATLEST,FRAEG,09:30,FRAET
641,2023-06-10,MASSY TGV,NON,5482,13:12,EST,STRASBOURG,JCATLEST,FRAEG,10:26,FRDJU
642,2023-06-10,MASSY TGV,NON,5482,12:32,EST,LORRAINE TGV,JCATLEST,FREAM,10:26,FRDJU
643,2023-06-10,MARNE LA VALLEE CHESSY,NON,5482,11:09,EST,AEROPORT CDG2 TGV ROISSY,JCATLEST,FRMLW,11:00,FRMLV
644,2023-06-10,NANTES,NON,5482,09:27,EST,LE MANS,JCATLEST,FRAET,08:09,FRNTE
645,2023-06-10,NANTES,NON,5482,10:20,EST,MASSY TGV,JCATLEST,FRDJU,08:09,FRNTE
646,2023-06-10,VALENCE TGV RHONE-ALPES SUD,OUI,6279,22:08,SUD EST,MONTPELLIER SUD DE FRANCE,PALANG,FRSUF,21:09,FRVLA
647,2023-06-10,PARIS (intramuros),NON,2465,21:38,EST,LORRAINE TGV,PASTRAMULH,FREAM,20:25,FRPST
648,2023-06-10,LA ROCHELLE VILLE,NON,8374,11:02,ATLANTIQUE,SURGERES,ROCHELLEPA,FREIP,10:44,FRLRH
649,2023-06-10,LA ROCHELLE VILLE,NON,8374,12:09,ATLANTIQUE,POITIERS,ROCHELLEPA,FRPIS,10:44,FRLRH
650,2023-06-10,LYON-SAINT EXUPERY TGV,OUI,6922,19:48,SUD EST,PARIS (intramuros),GRENOBLEPA,FRPLY,17:54,FRJDQ
651,2023-06-10,ANGOULEME,OUI,8450,21:40,ATLANTIQUE,PARIS (intramuros),SUDOUESTPA,FRPMO,19:16,FRANG
652,2023-06-10,BORDEAUX ST JEAN,OUI,8450,19:13,ATLANTIQUE,ANGOULEME,SUDOUESTPA,FRANG,18:38,FRBOJ
653,2023-06-10,LYON (intramuros),OUI,6607,11:10,SUD EST,LYON (intramuros),PARISRHONE,FRLPE,11:02,FRLPD
654,2023-06-10,PARIS (intramuros),NON,6607,11:10,SUD EST,LYON (intramuros),PARISRHONE,FRLPE,08:58,FRPLY
655,2023-06-10,MULHOUSE VILLE,NON,6702,09:02,SUD EST,DIJON VILLE,BOURPA,FRABA,07:46,FRAEK
656,2023-06-10,MULHOUSE VILLE,NON,6702,10:42,SUD EST,PARIS (intramuros),BOURPA,FRPLY,07:46,FRAEK
657,2023-06-10,BELFORT-MONTBELIARD TGV,NON,6702,09:02,SUD EST,DIJON VILLE,BOURPA,FRABA,08:11,FRTJA
658,2023-06-10,BORDEAUX ST JEAN,NON,3856,14:40,IC SRO,JONZAC,BORDONANTE,FREMR,13:53,FRBOJ
659,2023-06-10,BORDEAUX ST JEAN,NON,3856,16:58,IC SRO,LUCON,BORDONANTE,FRLCN,13:53,FRBOJ
660,2023-06-10,BORDEAUX ST JEAN,NON,3856,15:54,IC SRO,ROCHEFORT,BORDONANTE,FRRCO,13:53,FRBOJ
661,2023-06-10,BORDEAUX ST JEAN,NON,3856,15:23,IC SRO,SAINTES,BORDONANTE,FRXST,13:53,FRBOJ
662,2023-06-10,JONZAC,NON,3856,15:54,IC SRO,ROCHEFORT,BORDONANTE,FRRCO,14:41,FREMR
663,2023-06-10,JONZAC,NON,3856,17:22,IC SRO,LA ROCHE SUR YON,BORDONANTE,FRXRO,14:41,FREMR
664,2023-06-10,JONZAC,NON,3856,15:23,IC SRO,SAINTES,BORDONANTE,FRXST,14:41,FREMR
665,2023-06-10,LUCON,NON,3856,17:22,IC SRO,LA ROCHE SUR YON,BORDONANTE,FRXRO,17:00,FRLCN
666,2023-06-10,LA ROCHELLE VILLE,NON,3856,16:58,IC SRO,LUCON,BORDONANTE,FRLCN,16:19,FRLRH
667,2023-06-10,LA ROCHE SUR YON,NON,3856,18:05,IC SRO,NANTES,BORDONANTE,FRNTE,17:24,FRXRO
668,2023-06-10,LAVAL,NON,8606,11:19,ATLANTIQUE,PARIS (intramuros),BRETAPARIS,FRPMO,10:04,FRACR
669,2023-06-10,BREST,NON,8606,10:01,ATLANTIQUE,LAVAL,BRETAPARIS,FRACR,07:22,FRBES
670,2023-06-10,BREST,OUI,8606,09:29,ATLANTIQUE,RENNES,BRETAPARIS,FRRNS,07:22,FRBES
671,2023-06-10,GUINGAMP,NON,8606,11:19,ATLANTIQUE,PARIS (intramuros),BRETAPARIS,FRPMO,08:22,FRGGP
672,2023-06-10,MORLAIX,OUI,8606,08:20,ATLANTIQUE,GUINGAMP,BRETAPARIS,FRGGP,07:54,FRMXN
673,2023-06-10,ST BRIEUC,NON,8606,10:01,ATLANTIQUE,LAVAL,BRETAPARIS,FRACR,08:40,FRSBK
674,2023-06-10,PAU,OUI,8585,19:31,ATLANTIQUE,BORDEAUX ST JEAN,SUDOUESTPA,FRBOJ,17:28,FRAEE
675,2023-06-10,PAU,OUI,8585,21:44,ATLANTIQUE,PARIS (intramuros),SUDOUESTPA,FRPMO,17:28,FRAEE
676,2023-06-10,BORDEAUX ST JEAN,OUI,8585,21:44,ATLANTIQUE,PARIS (intramuros),SUDOUESTPA,FRPMO,19:37,FRBOJ
677,2023-06-10,LOURDES,OUI,8585,18:19,ATLANTIQUE,DAX,SUDOUESTPA,FRACG,17:00,FRLDE
678,2023-06-10,TARBES,OUI,8585,16:50,ATLANTIQUE,LOURDES,SUDOUESTPA,FRLDE,16:36,FRXTB
679,2023-06-10,LYON-SAINT EXUPERY TGV,NON,6193,15:56,SUD EST,AVIGNON CENTRE,PAVDR,FRAES,14:11,FRJDQ
680,2023-06-10,LYON-SAINT EXUPERY TGV,NON,6193,14:46,SUD EST,VALENCE VILLE,PAVDR,FRVAF,14:11,FRJDQ
681,2023-06-10,PARIS (intramuros),NON,6193,15:56,SUD EST,AVIGNON CENTRE,PAVDR,FRAES,12:12,FRPLY
682,2023-06-10,MONTELIMAR GARE SNCF,OUI,6193,15:56,SUD EST,AVIGNON CENTRE,PAVDR,FRAES,15:12,FRXMK
683,2023-06-10,MONTELIMAR GARE SNCF,OUI,6193,15:38,SUD EST,ORANGE,PAVDR,FRXOG,15:12,FRXMK
684,2023-06-10,UZERCHE,OUI,3684,18:53,IC ARO,LIMOGES BENEDICTINS,TOULOUZECO,FRAGQ,18:16,FRAAW
685,2023-06-10,UZERCHE,OUI,3684,22:21,IC ARO,PARIS (intramuros),TOULOUZECO,FRPAZ,18:16,FRAAW
686,2023-06-10,LIMOGES BENEDICTINS,OUI,3684,22:21,IC ARO,PARIS (intramuros),TOULOUZECO,FRPAZ,18:56,FRAGQ
687,2023-06-10,BRIVE LA GAILLARDE,OUI,3684,20:45,IC ARO,VIERZON VILLE,TOULOUZECO,FRXVZ,17:50,FRBVE
688,2023-06-10,ARGENTON SUR CREUSE,OUI,3684,20:09,IC ARO,CHATEAUROUX,TOULOUZECO,FRCHR,19:54,FRFMT
689,2023-06-10,ARGENTON SUR CREUSE,OUI,3684,22:21,IC ARO,PARIS (intramuros),TOULOUZECO,FRPAZ,19:54,FRFMT
690,2023-06-10,LA SOUTERRAINE,OUI,3684,20:45,IC ARO,VIERZON VILLE,TOULOUZECO,FRXVZ,19:30,FRLST
691,2023-06-10,AIX EN PROVENCE TGV,OUI,6120,14:37,SUD EST,AVIGNON TGV,PROVENCEPA,FRAVG,14:18,FRAIE
692,2023-06-10,AVIGNON TGV,NON,6120,17:30,SUD EST,PARIS (intramuros),PROVENCEPA,FRPLY,14:40,FRAVG
693,2023-06-10,ARGENTON SUR CREUSE,OUI,3635,18:15,IC ARO,CAHORS,PALITO,FRZAO,15:01,FRFMT
694,2023-06-10,PARIS (intramuros),OUI,3635,14:11,IC ARO,VIERZON VILLE,PALITO,FRXVZ,12:37,FRPAZ
695,2023-06-10,VIERZON VILLE,OUI,3635,14:43,IC ARO,CHATEAUROUX,PALITO,FRCHR,14:13,FRXVZ
696,2023-06-10,ARGENTON SUR CREUSE,OUI,3635,17:46,IC ARO,GOURDON,PALITO,FRFSI,15:01,FRFMT
697,2023-06-10,PARIS (intramuros),NON,8333,13:35,ATLANTIQUE,ST PIERRE DES CORPS,PAROCHELLE,FRXSH,12:28,FRPMO
698,2023-06-10,ST PIERRE DES CORPS,OUI,8333,14:11,ATLANTIQUE,CHATELLERAULT,PAROCHELLE,FRXCX,13:43,FRXSH
699,2023-06-10,CHATELLERAULT,OUI,8333,14:29,ATLANTIQUE,FUTUROSCOPE,PAROCHELLE,FRTGO,14:14,FRXCX
700,2023-06-10,PAU,NON,14148,17:00,IC SRO,TARBES,SUDOUEST,FRXTB,16:17,FRAEE
701,2023-06-10,BASEL SBB,NON,9206,11:39,INTERNATIONAL,PARIS (intramuros),ZURBALPA,FRPLY,08:34,CHAJP
702,2023-06-10,MULHOUSE VILLE,NON,9206,11:39,INTERNATIONAL,PARIS (intramuros),ZURBALPA,FRPLY,08:56,FRAEK
703,2023-06-10,BELFORT-MONTBELIARD TGV,NON,9206,11:39,INTERNATIONAL,PARIS (intramuros),ZURBALPA,FRPLY,09:20,FRTJA
704,2023-06-10,PARIS (intramuros),NON,9553,15:35,INTERNATIONAL,KAISERSLAUTERN HBF,PAFRANC,DEKLT,13:10,FRPST
705,2023-06-10,BELLEGARDE,OUI,9776,19:42,INTERNATIONAL,PARIS (intramuros),GENEVEPA,FRPLY,17:02,FRXBF
706,2023-06-10,BELLEGARDE,OUI,9776,17:49,INTERNATIONAL,BOURG EN BRESSE,GENEVEPA,FRXBK,17:02,FRXBF
707,2023-06-10,LAVAL,NON,8739,22:13,ATLANTIQUE,QUIMPERLE,PARISBRETA,FRECO,19:58,FRACR
708,2023-06-10,LAVAL,NON,8739,22:45,ATLANTIQUE,QUIMPER,PARISBRETA,FRUIP,19:58,FRACR
709,2023-06-10,LAVAL,NON,8739,21:03,ATLANTIQUE,REDON,PARISBRETA,FRXRN,19:58,FRACR
710,2023-06-10,LORIENT,OUI,8739,22:45,ATLANTIQUE,QUIMPER,PARISBRETA,FRUIP,22:02,FRLRT
711,2023-06-10,PARIS (intramuros),NON,8739,21:59,ATLANTIQUE,LORIENT,PARISBRETA,FRLRT,18:40,FRPMO
712,2023-06-10,RENNES,NON,8739,21:03,ATLANTIQUE,REDON,PARISBRETA,FRXRN,20:29,FRRNS
713,2023-06-10,VANNES,OUI,8739,22:30,ATLANTIQUE,ROSPORDEN,PARISBRETA,FRRSP,21:31,FRVNE
714,2023-06-10,VANNES,OUI,8739,21:41,ATLANTIQUE,AURAY,PARISBRETA,FRXUY,21:31,FRVNE
715,2023-06-10,REDON,NON,8739,22:13,ATLANTIQUE,QUIMPERLE,PARISBRETA,FRECO,21:05,FRXRN
716,2023-06-10,BOURG EN BRESSE,NON,9781,21:30,INTERNATIONAL,GENEVE,PAGENEVE,CHGVA,20:10,FRXBK
717,2023-06-10,BOURG EN BRESSE,NON,9781,21:00,INTERNATIONAL,BELLEGARDE,PAGENEVE,FRXBF,20:10,FRXBK
718,2023-06-10,PARIS (intramuros),NON,9591,19:11,EST,STRASBOURG,PASTRAMULH,FRAEG,17:25,FRPST
719,2023-06-10,PARIS (intramuros),NON,9591,20:26,EST,FREIBURG BREISGAU HBF,PASTRAMULH,DEFGB,17:25,FRPST
720,2023-06-10,PARIS (intramuros),NON,9591,19:54,EST,LAHR SCHWARZW,PASTRAMULH,DEANL,17:25,FRPST
721,2023-06-10,STRASBOURG,OUI,9591,19:39,EST,OFFENBOURG/OFFENBURG,PASTRAMULH,DEZPA,19:17,FRAEG
722,2023-06-10,LAHR SCHWARZW,OUI,9591,20:26,EST,FREIBURG BREISGAU HBF,PASTRAMULH,DEFGB,19:55,DEANL
723,2023-06-10,OFFENBOURG/OFFENBURG,OUI,9591,20:02,EST,RINGSHEIM/EU-PARK,PASTRAMULH,DERSH,19:44,DEZPA
724,2023-06-10,MARNE LA VALLEE CHESSY,NON,5158,16:57,NORD,LILLE (intramuros),JCSUDNORD,FRLLE,15:50,FRMLV
725,2023-06-10,MONTPELLIER SAINT-ROCH,NON,5158,13:50,NORD,LYON (intramuros),JCSUDNORD,FRLPD,11:56,FRMPL
726,2023-06-10,MONTPELLIER SAINT-ROCH,NON,5158,16:00,NORD,AEROPORT CDG2 TGV ROISSY,JCSUDNORD,FRMLW,11:56,FRMPL
727,2023-06-10,COLMAR,OUI,2356,10:31,EST,STRASBOURG,MULHSTRAPA,FRAEG,10:01,FRAEJ
728,2023-06-10,PARIS (intramuros),NON,2503,08:37,EST,MEUSE TGV,PANANCY,FREAJ,07:28,FRPST
729,2023-06-10,POITIERS,OUI,8491,21:16,ATLANTIQUE,LIBOURNE,PASUDOUEST,FRXLR,19:54,FRPIS
730,2023-06-10,PARIS (intramuros),OUI,8491,21:48,ATLANTIQUE,BORDEAUX ST JEAN,PASUDOUEST,FRBOJ,18:24,FRPMO
731,2023-06-10,LILLE (intramuros),OUI,7060,18:14,NORD,PARIS (intramuros),LILLEPA,FRPNO,17:12,FRADJ
732,2023-06-10,FACTURE BIGANOS,OUI,8478,08:54,ATLANTIQUE,PARIS (intramuros),SUDOUESTPA,FRPMO,06:18,FRFAC
733,2023-06-10,KAISERSLAUTERN HBF,NON,9551,12:17,INTERNATIONAL,MANNHEIM HBF,PAFRANC,DEMHG,11:36,DEKLT
734,2023-06-10,PARIS (intramuros),NON,9551,12:17,INTERNATIONAL,MANNHEIM HBF,PAFRANC,DEMHG,09:06,FRPST
735,2023-06-10,PARIS (intramuros),NON,7159,09:40,NORD,ARRAS,PAARRAS,FRQRV,08:52,FRPNO
736,2023-06-10,PARIS (intramuros),NON,8715,13:38,ATLANTIQUE,AURAY,PARISBRETA,FRXUY,10:53,FRPMO
737,2023-06-10,BREST,OUI,8610,09:43,ATLANTIQUE,MORLAIX,BRETAPARIS,FRMXN,09:09,FRBES
738,2023-06-10,BREST,NON,8610,13:19,ATLANTIQUE,PARIS (intramuros),BRETAPARIS,FRPMO,09:09,FRBES
739,2023-06-10,BREST,NON,8610,10:33,ATLANTIQUE,ST BRIEUC,BRETAPARIS,FRSBK,09:09,FRBES
740,2023-06-10,BREST,OUI,8610,09:20,ATLANTIQUE,LANDERNEAU,BRETAPARIS,FRXLD,09:09,FRBES
741,2023-06-10,GUINGAMP,NON,8610,11:29,ATLANTIQUE,RENNES,BRETAPARIS,FRRNS,10:18,FRGGP
742,2023-06-10,GUINGAMP,NON,8610,10:33,ATLANTIQUE,ST BRIEUC,BRETAPARIS,FRSBK,10:18,FRGGP
743,2023-06-10,LAMBALLE,NON,8610,13:19,ATLANTIQUE,PARIS (intramuros),BRETAPARIS,FRPMO,10:48,FRLAM
744,2023-06-10,MORLAIX,OUI,8610,10:00,ATLANTIQUE,PLOUARET TREGOR,BRETAPARIS,FRPLT,09:45,FRMXN
745,2023-06-10,MORLAIX,NON,8610,10:33,ATLANTIQUE,ST BRIEUC,BRETAPARIS,FRSBK,09:45,FRMXN
746,2023-06-10,PLOUARET TREGOR,NON,8610,10:45,ATLANTIQUE,LAMBALLE,BRETAPARIS,FRLAM,10:03,FRPLT
747,2023-06-10,RENNES,NON,8610,12:01,ATLANTIQUE,LAVAL,BRETAPARIS,FRACR,11:35,FRRNS
748,2023-06-10,ST BRIEUC,NON,8610,10:45,ATLANTIQUE,LAMBALLE,BRETAPARIS,FRLAM,10:36,FRSBK
749,2023-06-10,ST BRIEUC,NON,8610,11:29,ATLANTIQUE,RENNES,BRETAPARIS,FRRNS,10:36,FRSBK
750,2023-06-10,LANDERNEAU,NON,8610,10:45,ATLANTIQUE,LAMBALLE,BRETAPARIS,FRLAM,09:22,FRXLD
751,2023-06-10,LANDERNEAU,OUI,8610,09:43,ATLANTIQUE,MORLAIX,BRETAPARIS,FRMXN,09:22,FRXLD
752,2023-06-10,LANDERNEAU,NON,8610,13:19,ATLANTIQUE,PARIS (intramuros),BRETAPARIS,FRPMO,09:22,FRXLD
753,2023-06-10,NANTES,OUI,8886,20:41,ATLANTIQUE,ANGERS ST LAUD,LOIREPARIS,FRACL,20:05,FRNTE
754,2023-06-10,NANTES,OUI,8886,21:23,ATLANTIQUE,LE MANS,LOIREPARIS,FRAET,20:05,FRNTE
755,2023-06-10,CHAMBERY CHALLES LES EAUX,NON,9245,14:23,INTERNATIONAL,OULX CESANA CLAV SESTRIERE,PAITALIE,ITOCS,12:44,FRCMF
756,2023-06-10,CHAMBERY CHALLES LES EAUX,NON,9245,15:23,INTERNATIONAL,TORINO PORTA SUSA,PAITALIE,ITTRS,12:44,FRCMF
757,2023-06-10,MACON LOCHE TGV,NON,9245,14:23,INTERNATIONAL,OULX CESANA CLAV SESTRIERE,PAITALIE,ITOCS,11:19,FRMLT
758,2023-06-10,MACON LOCHE TGV,NON,9245,15:23,INTERNATIONAL,TORINO PORTA SUSA,PAITALIE,ITTRS,11:19,FRMLT
759,2023-06-10,PARIS (intramuros),NON,9245,12:36,INTERNATIONAL,CHAMBERY CHALLES LES EAUX,PAITALIE,FRCMF,09:44,FRPLY
760,2023-06-10,ANGERS ST LAUD,NON,9886,08:57,NORD,MARNE LA VALLEE CHESSY,JCBRETNORD,FRMLV,06:41,FRACL
761,2023-06-10,ANGERS ST LAUD,NON,9886,09:10,NORD,AEROPORT CDG2 TGV ROISSY,JCBRETNORD,FRMLW,06:41,FRACL
762,2023-06-10,LE MANS,OUI,9886,10:17,NORD,LILLE (intramuros),JCBRETNORD,FRLLE,07:30,FRAET
763,2023-06-10,MASSY TGV,OUI,9886,10:17,NORD,LILLE (intramuros),JCBRETNORD,FRLLE,08:26,FRDJU
764,2023-06-10,MARNE LA VALLEE CHESSY,OUI,9886,10:17,NORD,LILLE (intramuros),JCBRETNORD,FRLLE,09:01,FRMLV
765,2023-06-10,NANTES,NON,9886,07:24,NORD,LE MANS,JCBRETNORD,FRAET,06:01,FRNTE
766,2023-06-10,NANTES,NON,9886,10:17,NORD,LILLE (intramuros),JCBRETNORD,FRLLE,06:01,FRNTE
767,2023-06-10,NANTES,NON,9886,08:57,NORD,MARNE LA VALLEE CHESSY,JCBRETNORD,FRMLV,06:01,FRNTE
768,2023-06-10,LE MANS,OUI,9886,11:01,NORD,BRUXELLES MIDI BRUSSEL ZUID,JCBRETNORD,BEBMI,07:30,FRAET
769,2023-06-10,LE MANS,OUI,5354,14:09,SUD EST,ANGERS ST LAUD,JCSUDATL,FRACL,13:32,FRAET
770,2023-06-10,MASSY TGV,NON,5354,14:09,SUD EST,ANGERS ST LAUD,JCSUDATL,FRACL,12:39,FRDJU
771,2023-06-10,MASSY TGV,NON,5354,14:50,SUD EST,NANTES,JCSUDATL,FRNTE,12:39,FRDJU
772,2023-06-10,LYON (intramuros),NON,5354,13:29,SUD EST,LE MANS,JCSUDATL,FRAET,10:30,FRLPD
773,2023-06-10,BORDEAUX ST JEAN,NON,8472,19:25,ATLANTIQUE,PARIS (intramuros),SUDOUESTPA,FRPMO,17:08,FRBOJ
774,2023-06-10,ARCACHON,NON,8472,19:25,ATLANTIQUE,PARIS (intramuros),SUDOUESTPA,FRPMO,16:23,FRXAC
775,2023-06-10,CHAMBERY CHALLES LES EAUX,NON,6951,22:00,SUD EST,AIX LES BAINS LE REVARD,PARISALPES,FRXAI,21:49,FRCMF
776,2023-06-10,PARIS (intramuros),NON,6951,21:35,SUD EST,CHAMBERY CHALLES LES EAUX,PARISALPES,FRCMF,18:44,FRPLY
777,2023-06-10,PARIS (intramuros),NON,6951,22:30,SUD EST,ANNECY,PARISALPES,FRNCY,18:44,FRPLY
778,2023-06-10,PARIS (intramuros),NON,6951,22:00,SUD EST,AIX LES BAINS LE REVARD,PARISALPES,FRXAI,18:44,FRPLY
779,2023-06-10,DAX,OUI,8547,18:03,ATLANTIQUE,BAYONNE,PASUDOUEST,FRXBY,17:32,FRACG
780,2023-06-10,DAX,OUI,8547,18:32,ATLANTIQUE,ST JEAN DE LUZ CIBOURE,PASUDOUEST,FRXJZ,17:32,FRACG
781,2023-06-10,MASSY TGV,NON,8547,17:28,ATLANTIQUE,DAX,PASUDOUEST,FRACG,14:15,FRDJU
782,2023-06-10,PARIS (intramuros),NON,8547,18:15,ATLANTIQUE,BIARRITZ,PASUDOUEST,FRBIQ,14:03,FRPMO
783,2023-06-10,MASSY TGV,NON,8547,18:15,ATLANTIQUE,BIARRITZ,PASUDOUEST,FRBIQ,14:15,FRDJU
784,2023-06-10,PARIS (intramuros),NON,7069,19:48,NORD,LILLE (intramuros),PALILLE,FRADJ,18:46,FRPNO
785,2023-06-10,BESANCON VIOTTE,NON,6762,07:22,SUD EST,DIJON VILLE,BOURPA,FRABA,06:36,FRABG
786,2023-06-10,ORANGE,OUI,6198,19:46,SUD EST,LYON-SAINT EXUPERY TGV,VDRPA,FRJDQ,18:21,FRXOG
787,2023-06-10,NIMES,NON,9713,14:24,SUD EST,NARBONNE,PABARCELONE,FRXNA,12:49,FRFNI
788,2023-06-10,MONTPELLIER SAINT-ROCH,NON,9713,14:58,SUD EST,PERPIGNAN,PABARCELONE,FRPGF,13:20,FRMPL
789,2023-06-10,PARIS (intramuros),NON,9713,14:07,SUD EST,BEZIERS,PABARCELONE,FRBZR,09:40,FRPLY
790,2023-06-10,VALENCE TGV RHONE-ALPES SUD,NON,9713,14:07,SUD EST,BEZIERS,PABARCELONE,FRBZR,12:00,FRVLA
791,2023-06-10,VALENCE TGV RHONE-ALPES SUD,NON,9713,14:58,SUD EST,PERPIGNAN,PABARCELONE,FRPGF,12:00,FRVLA
792,2023-06-10,VALENCE TGV RHONE-ALPES SUD,NON,9713,13:52,SUD EST,AGDE,PABARCELONE,FRXAG,12:00,FRVLA
793,2023-06-10,SETE,NON,9713,14:07,SUD EST,BEZIERS,PABARCELONE,FRBZR,13:37,FRXSY
794,2023-06-10,PARIS (intramuros),NON,9713,15:46,SUD EST,GIRONA,PABARCELONE,ESGRO,09:40,FRPLY
795,2023-06-10,VALENCE TGV RHONE-ALPES SUD,NON,9713,16:34,SUD EST,BARCELONA SANTS,PABARCELONE,ESBST,12:00,FRVLA
796,2023-06-10,NIMES,NON,9713,15:46,SUD EST,GIRONA,PABARCELONE,ESGRO,12:49,FRFNI
797,2023-06-10,BEZIERS,NON,9713,15:46,SUD EST,GIRONA,PABARCELONE,ESGRO,14:10,FRBZR
798,2023-06-10,BEZIERS,NON,9713,15:27,SUD EST,FIGUERES VILA TGV,PABARCELONE,ESFIR,14:10,FRBZR
799,2023-06-10,SURGERES,OUI,8393,22:25,ATLANTIQUE,LA ROCHELLE VILLE,PAROCHELLE,FRLRH,22:04,FREIP
800,2023-06-10,PARIS (intramuros),NON,8393,21:41,ATLANTIQUE,NIORT,PAROCHELLE,FRNIT,19:16,FRPMO
801,2023-06-10,ST PIERRE DES CORPS,OUI,8393,22:02,ATLANTIQUE,SURGERES,PAROCHELLE,FREIP,20:23,FRXSH
802,2023-06-10,BEZIERS,OUI,6875,21:52,SUD EST,LYON (intramuros),JCSUDPROV,FRLPD,19:15,FRBZR
803,2023-06-10,BEZIERS,OUI,6875,21:10,SUD EST,VALENCE TGV RHONE-ALPES SUD,JCSUDPROV,FRVLA,19:15,FRBZR
804,2023-06-10,BEZIERS,OUI,6875,19:36,SUD EST,SETE,JCSUDPROV,FRXSY,19:15,FRBZR
805,2023-06-10,CARCASSONNE,OUI,6875,19:36,SUD EST,SETE,JCSUDPROV,FRXSY,18:27,FRCCF
806,2023-06-10,VALENCE TGV RHONE-ALPES SUD,OUI,6875,21:52,SUD EST,LYON (intramuros),JCSUDPROV,FRLPD,21:13,FRVLA
807,2023-06-10,NARBONNE,OUI,6875,19:12,SUD EST,BEZIERS,JCSUDPROV,FRBZR,18:59,FRXNA
808,2023-06-10,TOULOUSE MATABIAU,OUI,6875,21:52,SUD EST,LYON (intramuros),JCSUDPROV,FRLPD,17:43,FRXYT
809,2023-06-10,TOULOUSE MATABIAU,OUI,6875,19:36,SUD EST,SETE,JCSUDPROV,FRXSY,17:43,FRXYT
810,2023-06-10,TOULOUSE MATABIAU,OUI,6875,20:01,SUD EST,MONTPELLIER SUD DE FRANCE,JCSUDPROV,FRSUF,17:43,FRXYT
811,2023-06-10,MONTPELLIER SUD DE FRANCE,OUI,6875,21:10,SUD EST,VALENCE TGV RHONE-ALPES SUD,JCSUDPROV,FRVLA,20:11,FRSUF
812,2023-06-10,NARBONNE,OUI,6875,20:01,SUD EST,MONTPELLIER SUD DE FRANCE,JCSUDPROV,FRSUF,18:59,FRXNA
813,2023-06-10,CARCASSONNE,OUI,6875,20:01,SUD EST,MONTPELLIER SUD DE FRANCE,JCSUDPROV,FRSUF,18:27,FRCCF
814,2023-06-10,NIMES PONT DU GARD,OUI,6875,21:10,SUD EST,VALENCE TGV RHONE-ALPES SUD,JCSUDPROV,FRVLA,20:33,FRXZP
815,2023-06-10,MONTPELLIER SUD DE FRANCE,OUI,6875,20:30,SUD EST,NIMES PONT DU GARD,JCSUDPROV,FRXZP,20:11,FRSUF
816,2023-06-10,NIMES PONT DU GARD,OUI,6875,21:52,SUD EST,LYON (intramuros),JCSUDPROV,FRLPD,20:33,FRXZP
817,2023-06-10,CARCASSONNE,OUI,6875,20:30,SUD EST,NIMES PONT DU GARD,JCSUDPROV,FRXZP,18:27,FRCCF
818,2023-06-10,BORDEAUX ST JEAN,NON,8488,18:06,ATLANTIQUE,POITIERS,SUDOUESTPA,FRPIS,16:15,FRBOJ
819,2023-06-10,POITIERS,NON,8488,19:33,ATLANTIQUE,PARIS (intramuros),SUDOUESTPA,FRPMO,18:09,FRPIS
820,2023-06-10,LIBOURNE,NON,8488,17:23,ATLANTIQUE,ANGOULEME,SUDOUESTPA,FRANG,16:42,FRXLR
821,2023-06-10,AVIGNON TGV,NON,9866,17:43,NORD,BRUXELLES MIDI BRUSSEL ZUID,JCSUDNORD,BEBMI,12:48,FRAVG
822,2023-06-10,AVIGNON TGV,NON,9866,16:57,NORD,LILLE (intramuros),JCSUDNORD,FRLLE,12:48,FRAVG
823,2023-06-10,AVIGNON TGV,NON,9866,13:54,NORD,LYON (intramuros),JCSUDNORD,FRLPD,12:48,FRAVG
824,2023-06-10,LILLE (intramuros),NON,9866,17:43,NORD,BRUXELLES MIDI BRUSSEL ZUID,JCSUDNORD,BEBMI,17:08,FRLLE
825,2023-06-10,LYON (intramuros),NON,9866,16:00,NORD,AEROPORT CDG2 TGV ROISSY,JCSUDNORD,FRMLW,14:00,FRLPD
826,2023-06-10,MARNE LA VALLEE CHESSY,NON,9866,17:43,NORD,BRUXELLES MIDI BRUSSEL ZUID,JCSUDNORD,BEBMI,15:50,FRMLV
827,2023-06-10,MARNE LA VALLEE CHESSY,NON,9866,16:57,NORD,LILLE (intramuros),JCSUDNORD,FRLLE,15:50,FRMLV
828,2023-06-10,MARNE LA VALLEE CHESSY,NON,9866,16:00,NORD,AEROPORT CDG2 TGV ROISSY,JCSUDNORD,FRMLW,15:50,FRMLV
829,2023-06-10,AEROPORT CDG2 TGV ROISSY,NON,9866,17:43,NORD,BRUXELLES MIDI BRUSSEL ZUID,JCSUDNORD,BEBMI,16:07,FRMLW
830,2023-06-10,MARSEILLE ST CHARLES,OUI,9866,12:23,NORD,AIX EN PROVENCE TGV,JCSUDNORD,FRAIE,12:12,FRMSC
831,2023-06-10,CANNES,OUI,6850,16:19,SUD EST,TOULON,JCSUDPROV,FRTLN,15:09,FRJCA
832,2023-06-10,MARSEILLE ST CHARLES,NON,6850,18:14,SUD EST,AVIGNON TGV,JCSUDPROV,FRAVG,17:36,FRMSC
833,2023-06-10,NICE VILLE,NON,6850,17:52,SUD EST,AIX EN PROVENCE TGV,JCSUDPROV,FRAIE,14:40,FRNIC
834,2023-06-10,NICE VILLE,NON,6850,18:14,SUD EST,AVIGNON TGV,JCSUDPROV,FRAVG,14:40,FRNIC
835,2023-06-10,TOULON,NON,6850,18:14,SUD EST,AVIGNON TGV,JCSUDPROV,FRAVG,16:23,FRTLN
836,2023-06-10,ANTIBES,OUI,6850,15:05,SUD EST,CANNES,JCSUDPROV,FRJCA,14:56,FRXAT
837,2023-06-10,ANTIBES,OUI,6850,16:19,SUD EST,TOULON,JCSUDPROV,FRTLN,14:56,FRXAT
838,2023-06-10,ST RAPHAEL VALESCURE,NON,6850,17:52,SUD EST,AIX EN PROVENCE TGV,JCSUDPROV,FRAIE,15:34,FRXSK
839,2023-06-10,BREST,OUI,8630,15:01,ATLANTIQUE,PLOUARET TREGOR,BRETAPARIS,FRPLT,14:14,FRBES
840,2023-06-10,BREST,NON,8630,15:33,ATLANTIQUE,ST BRIEUC,BRETAPARIS,FRSBK,14:14,FRBES
841,2023-06-10,MORLAIX,NON,8630,18:09,ATLANTIQUE,PARIS (intramuros),BRETAPARIS,FRPMO,14:46,FRMXN
842,2023-06-10,MORLAIX,NON,8630,16:29,ATLANTIQUE,RENNES,BRETAPARIS,FRRNS,14:46,FRMXN
843,2023-06-10,MORLAIX,NON,8630,15:33,ATLANTIQUE,ST BRIEUC,BRETAPARIS,FRSBK,14:46,FRMXN
844,2023-06-10,PLOUARET TREGOR,NON,8630,18:09,ATLANTIQUE,PARIS (intramuros),BRETAPARIS,FRPMO,15:04,FRPLT
845,2023-06-10,PARIS (intramuros),NON,8619,15:13,ATLANTIQUE,ST BRIEUC,PARISBRETA,FRSBK,12:56,FRPMO
846,2023-06-10,ST BRIEUC,OUI,8619,16:25,ATLANTIQUE,BREST,PARISBRETA,FRBES,15:16,FRSBK
847,2023-06-10,LORRAINE TGV,NON,9874,17:37,NORD,STRASBOURG,JCNORDEST,FRAEG,16:51,FREAM
848,2023-06-10,LILLE (intramuros),NON,9874,17:37,NORD,STRASBOURG,JCNORDEST,FRAEG,14:03,FRLLE
849,2023-06-10,LILLE (intramuros),NON,9874,15:55,NORD,CHAMPAGNE-ARDENNE,JCNORDEST,FREAH,14:03,FRLLE
850,2023-06-10,MARNE LA VALLEE CHESSY,NON,9874,16:48,NORD,LORRAINE TGV,JCNORDEST,FREAM,15:23,FRMLV
851,2023-06-10,AEROPORT CDG2 TGV ROISSY,NON,9874,15:55,NORD,CHAMPAGNE-ARDENNE,JCNORDEST,FREAH,14:59,FRMLW
852,2023-06-10,AEROPORT CDG2 TGV ROISSY,NON,9874,16:48,NORD,LORRAINE TGV,JCNORDEST,FREAM,14:59,FRMLW
853,2023-06-10,NANTES,OUI,8874,14:23,ATLANTIQUE,LE MANS,LOIREPARIS,FRAET,13:05,FRNTE
854,2023-06-10,QUIMPERLE,OUI,8710,09:49,ATLANTIQUE,LORIENT,BRETAPARIS,FRLRT,09:38,FRECO
855,2023-06-10,LORIENT,OUI,8710,10:20,ATLANTIQUE,VANNES,BRETAPARIS,FRVNE,09:52,FRLRT
856,2023-06-10,ROSPORDEN,NON,8710,13:19,ATLANTIQUE,PARIS (intramuros),BRETAPARIS,FRPMO,09:23,FRRSP
857,2023-06-10,ROSPORDEN,NON,8710,11:25,ATLANTIQUE,RENNES,BRETAPARIS,FRRNS,09:23,FRRSP
858,2023-06-10,ROSPORDEN,NON,8710,10:48,ATLANTIQUE,REDON,BRETAPARIS,FRXRN,09:23,FRRSP
859,2023-06-10,QUIMPER,OUI,8710,10:20,ATLANTIQUE,VANNES,BRETAPARIS,FRVNE,09:09,FRUIP
860,2023-06-10,QUIMPER,NON,8710,10:48,ATLANTIQUE,REDON,BRETAPARIS,FRXRN,09:09,FRUIP
861,2023-06-10,VANNES,NON,8710,12:01,ATLANTIQUE,LAVAL,BRETAPARIS,FRACR,10:23,FRVNE
862,2023-06-10,VANNES,NON,8710,10:48,ATLANTIQUE,REDON,BRETAPARIS,FRXRN,10:23,FRVNE
863,2023-06-10,REDON,NON,8710,13:19,ATLANTIQUE,PARIS (intramuros),BRETAPARIS,FRPMO,10:51,FRXRN
864,2023-06-10,AURAY,NON,8710,12:01,ATLANTIQUE,LAVAL,BRETAPARIS,FRACR,10:10,FRXUY
865,2023-06-10,PARIS (intramuros),OUI,2759,21:44,EST,REIMS,PABARSED,FRRHE,20:58,FRPST
866,2023-06-10,NEVERS,OUI,5959,15:28,IC ARO,MOULINS SUR ALLIER,PACLERMONT,FRXMU,14:59,FRNVS
867,2023-06-10,PARIS (intramuros),OUI,5959,14:57,IC ARO,NEVERS,PACLERMONT,FRNVS,12:59,FRPLY
868,2023-06-10,NIMES,NON,6206,19:18,SUD EST,PARIS (intramuros),LANGPA,FRPLY,16:17,FRFNI
869,2023-06-10,NIMES,OUI,6206,17:01,SUD EST,VALENCE TGV RHONE-ALPES SUD,LANGPA,FRVLA,16:17,FRFNI
870,2023-06-10,VALENCE TGV RHONE-ALPES SUD,NON,6206,19:18,SUD EST,PARIS (intramuros),LANGPA,FRPLY,17:04,FRVLA
871,2023-06-10,PARIS (intramuros),NON,7575,17:43,NORD,CALAIS FRETHUN,PAARRAS,FRSTH,15:52,FRPNO
872,2023-06-10,STRASBOURG,OUI,2377,21:19,EST,COLMAR,PASTRAMULH,FRAEJ,20:47,FRAEG
873,2023-06-10,PARIS (intramuros),NON,6905,09:01,SUD EST,LYON-SAINT EXUPERY TGV,PAGRENOBLE,FRJDQ,07:12,FRPLY
874,2023-06-10,NANTES,OUI,8122,15:41,ATLANTIQUE,ANGERS ST LAUD,LOIREPARIS,FRACL,15:05,FRNTE
875,2023-06-10,PARIS (intramuros),NON,6503,14:18,SUD EST,ANNEMASSE,PARISALPES,FRQNJ,10:28,FRPLY
876,2023-06-10,PARIS (intramuros),NON,8803,09:54,ATLANTIQUE,NANTES,PARISLOIRE,FRNTE,07:45,FRPMO
877,2023-06-10,PARIS (intramuros),NON,8803,08:51,ATLANTIQUE,SABLE SUR SARTHE,PARISLOIRE,FRSAB,07:45,FRPMO
878,2023-06-10,POITIERS,OUI,8447,18:05,ATLANTIQUE,ANGOULEME,PASUDOUEST,FRANG,17:27,FRPIS
879,2023-06-10,PARIS (intramuros),NON,6917,15:13,SUD EST,GRENOBLE,PAGRENOBLE,FRGNB,12:12,FRPLY
880,2023-06-10,PARIS (intramuros),NON,6917,14:03,SUD EST,LYON-SAINT EXUPERY TGV,PAGRENOBLE,FRJDQ,12:12,FRPLY
881,2023-06-10,CHAMBERY CHALLES LES EAUX,NON,6931,10:28,SUD EST,ANNECY,PARISALPES,FRNCY,09:49,FRCMF
882,2023-06-10,MACON LOCHE TGV,NON,6931,09:59,SUD EST,AIX LES BAINS LE REVARD,PARISALPES,FRXAI,08:20,FRMLT
883,2023-06-10,STRASBOURG,NON,9593,14:05,INTERNATIONAL,STUTTGART HBF,PASTUTMUN,DESGT,12:46,FRAEG
884,2023-06-10,PARIS (intramuros),NON,9593,13:26,INTERNATIONAL,KARLSRUHE HBF,PASTUTMUN,DEQKA,10:55,FRPST
885,2023-06-10,PARIS (intramuros),OUI,8985,20:59,ATLANTIQUE,NANTES,PARISLOIRE,FRNTE,18:48,FRPMO
886,2023-06-10,PARIS (intramuros),OUI,8985,19:54,ATLANTIQUE,SABLE SUR SARTHE,PARISLOIRE,FRSAB,18:48,FRPMO
887,2023-06-10,PARIS (intramuros),OUI,8985,21:50,ATLANTIQUE,LA ROCHE SUR YON,PARISLOIRE,FRXRO,18:48,FRPMO
888,2023-06-10,JONZAC,NON,3831,12:07,IC SRO,BORDEAUX ST JEAN,NANTEBORDO,FRBOJ,11:11,FREMR
889,2023-06-10,LA ROCHELLE VILLE,NON,3831,10:03,IC SRO,ROCHEFORT,NANTEBORDO,FRRCO,09:43,FRLRH
890,2023-06-10,NANTES,NON,3831,11:10,IC SRO,JONZAC,NANTEBORDO,FREMR,07:55,FRNTE
891,2023-06-10,NANTES,NON,3831,10:32,IC SRO,SAINTES,NANTEBORDO,FRXST,07:55,FRNTE
892,2023-06-10,ROCHEFORT,NON,3831,12:07,IC SRO,BORDEAUX ST JEAN,NANTEBORDO,FRBOJ,10:05,FRRCO
893,2023-06-10,LA ROCHE SUR YON,NON,3831,12:07,IC SRO,BORDEAUX ST JEAN,NANTEBORDO,FRBOJ,08:36,FRXRO
894,2023-06-10,ANGOULEME,OUI,8483,10:17,ATLANTIQUE,BORDEAUX ST JEAN,PASUDOUEST,FRBOJ,09:06,FRANG
895,2023-06-10,ANGOULEME,OUI,8483,09:45,ATLANTIQUE,LIBOURNE,PASUDOUEST,FRXLR,09:06,FRANG
896,2023-06-10,POITIERS,NON,8483,10:17,ATLANTIQUE,BORDEAUX ST JEAN,PASUDOUEST,FRBOJ,08:23,FRPIS
897,2023-06-10,GUINGAMP,OUI,8615,14:49,ATLANTIQUE,BREST,PARISBRETA,FRBES,13:40,FRGGP
898,2023-06-10,PARIS (intramuros),NON,8615,14:49,ATLANTIQUE,BREST,PARISBRETA,FRBES,10:53,FRPMO
899,2023-06-10,PARIS (intramuros),NON,8615,13:53,ATLANTIQUE,PLOUARET TREGOR,PARISBRETA,FRPLT,10:53,FRPMO
900,2023-06-10,PARIS (intramuros),NON,8615,12:25,ATLANTIQUE,RENNES,PARISBRETA,FRRNS,10:53,FRPMO
901,2023-06-10,PARIS (intramuros),NON,8615,13:20,ATLANTIQUE,ST BRIEUC,PARISBRETA,FRSBK,10:53,FRPMO
902,2023-06-10,RENNES,NON,8615,13:37,ATLANTIQUE,GUINGAMP,PARISBRETA,FRGGP,12:32,FRRNS
903,2023-06-10,ST BRIEUC,NON,8615,14:12,ATLANTIQUE,MORLAIX,PARISBRETA,FRMXN,13:23,FRSBK
904,2023-06-10,PARIS (intramuros),NON,9213,16:26,INTERNATIONAL,ZUERICH HB,PABALZUR,CHAJD,12:20,FRPLY
905,2023-06-10,PARIS (intramuros),NON,9213,15:03,INTERNATIONAL,MULHOUSE VILLE,PABALZUR,FRAEK,12:20,FRPLY
906,2023-06-10,LILLE (intramuros),NON,5210,09:34,NORD,MASSY TGV,JCNORDBRET,FRDJU,07:52,FRLLE
907,2023-06-10,BRUXELLES MIDI BRUSSEL ZUID,OUI,9832,16:43,NORD,AEROPORT CDG2 TGV ROISSY,JCNORDBRET,FRMLW,15:03,BEBMI
908,2023-06-10,ANGERS ST LAUD,OUI,9832,19:50,NORD,NANTES,JCNORDBRET,FRNTE,19:12,FRACL
909,2023-06-10,MASSY TGV,NON,9832,19:09,NORD,ANGERS ST LAUD,JCNORDBRET,FRACL,17:39,FRDJU
910,2023-06-10,LILLE (intramuros),NON,9832,19:09,NORD,ANGERS ST LAUD,JCNORDBRET,FRACL,15:52,FRLLE
911,2023-06-10,LILLE (intramuros),NON,9832,19:50,NORD,NANTES,JCNORDBRET,FRNTE,15:52,FRLLE
912,2023-06-10,MARNE LA VALLEE CHESSY,NON,9832,19:50,NORD,NANTES,JCNORDBRET,FRNTE,17:02,FRMLV
913,2023-06-10,AEROPORT CDG2 TGV ROISSY,NON,9832,19:50,NORD,NANTES,JCNORDBRET,FRNTE,16:49,FRMLW
914,2023-06-10,ST ETIENNE CHATEAUCREUX,OUI,6694,12:54,SUD EST,LYON (intramuros),RHONEPARIS,FRLPD,12:12,FRHHD
915,2023-06-10,BASEL SBB,NON,9211,14:26,INTERNATIONAL,ZUERICH HB,PABALZUR,CHAJD,13:33,CHAJP
916,2023-06-10,DIJON VILLE,NON,9211,13:03,INTERNATIONAL,MULHOUSE VILLE,PABALZUR,FRAEK,12:01,FRABA
917,2023-06-10,MULHOUSE VILLE,NON,9211,14:26,INTERNATIONAL,ZUERICH HB,PABALZUR,CHAJD,13:06,FRAEK
918,2023-06-10,PARIS (intramuros),NON,9765,13:00,INTERNATIONAL,BELLEGARDE,PAGENEVE,FRXBF,10:16,FRPLY
919,2023-06-10,BOURG EN BRESSE,NON,9765,13:30,INTERNATIONAL,GENEVE,PAGENEVE,CHGVA,12:12,FRXBK
920,2023-06-10,SURGERES,OUI,8378,16:57,ATLANTIQUE,PARIS (intramuros),ROCHELLEPA,FRPMO,14:08,FREIP
921,2023-06-10,SURGERES,OUI,8378,15:50,ATLANTIQUE,ST PIERRE DES CORPS,ROCHELLEPA,FRXSH,14:08,FREIP
922,2023-06-10,LOURDES,NON,14143,14:20,IC SRO,ORTHEZ,SUDOUEST,FRGFI,13:32,FRLDE
923,2023-06-10,TARBES,NON,14143,14:20,IC SRO,ORTHEZ,SUDOUEST,FRGFI,13:15,FRXTB
924,2023-06-10,STRASBOURG,NON,9584,10:05,EST,PARIS (intramuros),MULHSTRAPA,FRPST,08:20,FRAEG
925,2023-06-10,FREIBURG BREISGAU HBF,NON,9584,10:05,EST,PARIS (intramuros),MULHSTRAPA,FRPST,07:07,DEFGB
926,2023-06-10,RINGSHEIM/EU-PARK,OUI,9584,07:44,EST,OFFENBOURG/OFFENBURG,MULHSTRAPA,DEZPA,07:29,DERSH
927,2023-06-10,NEVERS,OUI,5955,12:23,IC ARO,RIOM CHATEL GUYON,PACLERMONT,FRRIO,10:59,FRNVS
928,2023-06-10,PARIS (intramuros),OUI,5955,11:28,IC ARO,MOULINS SUR ALLIER,PACLERMONT,FRXMU,08:54,FRPLY
929,2023-06-10,RIOM CHATEL GUYON,OUI,5955,12:34,IC ARO,CLERMONT FERRAND,PACLERMONT,FRCFE,12:25,FRRIO
930,2023-06-10,DAX,NON,8544,20:43,ATLANTIQUE,MASSY TGV,SUDOUESTPA,FRDJU,17:31,FRACG
931,2023-06-10,HENDAYE,NON,8544,17:26,ATLANTIQUE,DAX,SUDOUESTPA,FRACG,16:12,FRAEF
932,2023-06-10,HENDAYE,OUI,8544,16:36,ATLANTIQUE,BIARRITZ,SUDOUESTPA,FRBIQ,16:12,FRAEF
933,2023-06-10,HENDAYE,NON,8544,18:40,ATLANTIQUE,BORDEAUX ST JEAN,SUDOUESTPA,FRBOJ,16:12,FRAEF
934,2023-06-10,BAYONNE,NON,8544,17:26,ATLANTIQUE,DAX,SUDOUESTPA,FRACG,16:54,FRXBY
935,2023-06-10,BAYONNE,NON,8544,20:43,ATLANTIQUE,MASSY TGV,SUDOUESTPA,FRDJU,16:54,FRXBY
936,2023-06-10,ST JEAN DE LUZ CIBOURE,NON,8544,20:58,ATLANTIQUE,PARIS (intramuros),SUDOUESTPA,FRPMO,16:26,FRXJZ
937,2023-06-10,HENDAYE,NON,8544,20:43,ATLANTIQUE,MASSY TGV,SUDOUESTPA,FRDJU,16:12,FRAEF
938,2023-06-10,ST JEAN DE LUZ CIBOURE,NON,8544,20:43,ATLANTIQUE,MASSY TGV,SUDOUESTPA,FRDJU,16:26,FRXJZ
939,2023-06-10,LILLE (intramuros),OUI,9852,09:43,NORD,BRUXELLES MIDI BRUSSEL ZUID,JCSUDNORD,BEBMI,09:09,FRLLE
940,2023-06-10,LYON (intramuros),OUI,9852,05:45,NORD,LYON (intramuros),JCSUDNORD,FRLPD,05:37,FRLPE
941,2023-06-10,POITIERS,OUI,8485,17:42,ATLANTIQUE,BORDEAUX ST JEAN,PASUDOUEST,FRBOJ,15:57,FRPIS
942,2023-06-10,PARIS (intramuros),OUI,8485,15:54,ATLANTIQUE,POITIERS,PASUDOUEST,FRPIS,14:15,FRPMO
943,2023-06-10,PARIS (intramuros),OUI,8485,17:15,ATLANTIQUE,LIBOURNE,PASUDOUEST,FRXLR,14:15,FRPMO
944,2023-06-10,ST PIERRE DES CORPS,OUI,8485,16:34,ATLANTIQUE,ANGOULEME,PASUDOUEST,FRANG,15:21,FRXSH
945,2023-06-10,ST PIERRE DES CORPS,OUI,8485,17:15,ATLANTIQUE,LIBOURNE,PASUDOUEST,FRXLR,15:21,FRXSH
946,2023-06-10,LAVAL,NON,8706,11:19,ATLANTIQUE,PARIS (intramuros),BRETAPARIS,FRPMO,10:04,FRACR
947,2023-06-10,LORIENT,NON,8706,10:01,ATLANTIQUE,LAVAL,BRETAPARIS,FRACR,07:56,FRLRT
948,2023-06-10,QUIMPER,NON,8706,10:01,ATLANTIQUE,LAVAL,BRETAPARIS,FRACR,07:21,FRUIP
949,2023-06-10,AURAY,NON,8706,09:25,ATLANTIQUE,RENNES,BRETAPARIS,FRRNS,08:14,FRXUY
950,2023-06-10,AURAY,OUI,8706,08:24,ATLANTIQUE,VANNES,BRETAPARIS,FRVNE,08:14,FRXUY
951,2023-06-10,ARRAS,OUI,7226,17:14,NORD,PARIS (intramuros),ARRASPA,FRPNO,16:23,FRQRV
952,2023-06-10,LAVAL,NON,8605,12:43,ATLANTIQUE,BREST,PARISBRETA,FRBES,09:58,FRACR
953,2023-06-10,LAVAL,NON,8605,12:08,ATLANTIQUE,MORLAIX,PARISBRETA,FRMXN,09:58,FRACR
954,2023-06-10,MORLAIX,OUI,8605,12:43,ATLANTIQUE,BREST,PARISBRETA,FRBES,12:10,FRMXN
955,2023-06-10,PARIS (intramuros),NON,8605,09:55,ATLANTIQUE,LAVAL,PARISBRETA,FRACR,08:40,FRPMO
956,2023-06-10,PARIS (intramuros),NON,8605,11:21,ATLANTIQUE,ST BRIEUC,PARISBRETA,FRSBK,08:40,FRPMO
957,2023-06-10,RENNES,NON,8605,11:38,ATLANTIQUE,GUINGAMP,PARISBRETA,FRGGP,10:32,FRRNS
958,2023-06-10,RENNES,NON,8605,11:21,ATLANTIQUE,ST BRIEUC,PARISBRETA,FRSBK,10:32,FRRNS
959,2023-06-10,ST BRIEUC,OUI,8605,12:08,ATLANTIQUE,MORLAIX,PARISBRETA,FRMXN,11:24,FRSBK
960,2023-06-10,CHAMBERY CHALLES LES EAUX,NON,9241,12:23,INTERNATIONAL,TORINO PORTA SUSA,PAITALIE,ITTRS,09:44,FRCMF
961,2023-06-10,LILLE (intramuros),NON,9870,11:05,NORD,STRASBOURG,JCNORDEST,FRAEG,08:02,FRLLE
962,2023-06-10,AEROPORT CDG2 TGV ROISSY,NON,9870,10:25,NORD,LORRAINE TGV,JCNORDEST,FREAM,08:59,FRMLW
963,2023-06-10,MARSEILLE ST CHARLES,NON,6173,14:39,SUD EST,ANTIBES,PAAZUR,FRXAT,12:29,FRMSC
964,2023-06-10,MARSEILLE ST CHARLES,NON,6173,14:01,SUD EST,ST RAPHAEL VALESCURE,PAAZUR,FRXSK,12:29,FRMSC
965,2023-06-10,PARIS (intramuros),NON,6173,14:39,SUD EST,ANTIBES,PAAZUR,FRXAT,09:08,FRPLY
966,2023-06-10,TOULON,NON,6173,14:01,SUD EST,ST RAPHAEL VALESCURE,PAAZUR,FRXSK,13:17,FRTLN
967,2023-06-10,ST RAPHAEL VALESCURE,OUI,6173,14:39,SUD EST,ANTIBES,PAAZUR,FRXAT,14:04,FRXSK
968,2023-06-10,AIX EN PROVENCE TGV,NON,9868,20:43,NORD,BRUXELLES MIDI BRUSSEL ZUID,JCSUDNORD,BEBMI,15:24,FRAIE
969,2023-06-10,AVIGNON TGV,NON,9868,19:57,NORD,LILLE (intramuros),JCSUDNORD,FRLLE,15:46,FRAVG
970,2023-06-10,LYON (intramuros),OUI,9868,20:43,NORD,BRUXELLES MIDI BRUSSEL ZUID,JCSUDNORD,BEBMI,17:00,FRLPD
971,2023-06-10,DIJON VILLE,NON,6709,19:22,SUD EST,BESANCON - F COMTE TGV,PABOUR,FRTJB,18:56,FRABA
972,2023-06-10,PARIS (intramuros),NON,7085,21:48,NORD,LILLE (intramuros),PALILLE,FRADJ,20:46,FRPNO
973,2023-06-10,DIJON VILLE,NON,9879,17:50,EST,VALENCE TGV RHONE-ALPES SUD,JCRHINRHON,FRVLA,15:21,FRABA
974,2023-06-10,METZ VILLE,OUI,9879,13:54,EST,MULHOUSE VILLE,JCRHINRHON,FRAEK,12:12,FRADE
975,2023-06-10,METZ VILLE,NON,9879,16:18,EST,MACON VILLE,JCRHINRHON,FRHGU,12:12,FRADE
976,2023-06-10,METZ VILLE,NON,9879,14:41,EST,BESANCON - F COMTE TGV,JCRHINRHON,FRTJB,12:12,FRADE
977,2023-06-10,STRASBOURG,NON,9879,15:11,EST,DIJON VILLE,JCRHINRHON,FRABA,13:06,FRAEG
978,2023-06-10,STRASBOURG,NON,9879,16:18,EST,MACON VILLE,JCRHINRHON,FRHGU,13:06,FRAEG
979,2023-06-10,MULHOUSE VILLE,OUI,9879,14:18,EST,BELFORT-MONTBELIARD TGV,JCRHINRHON,FRTJA,13:57,FRAEK
980,2023-06-10,MACON VILLE,NON,9879,16:56,EST,LYON (intramuros),JCRHINRHON,FRLPD,16:21,FRHGU
981,2023-06-10,LYON (intramuros),OUI,9879,17:50,EST,VALENCE TGV RHONE-ALPES SUD,JCRHINRHON,FRVLA,17:10,FRLPD
982,2023-06-10,BELFORT-MONTBELIARD TGV,NON,9879,16:18,EST,MACON VILLE,JCRHINRHON,FRHGU,14:21,FRTJA
983,2023-06-10,BELFORT-MONTBELIARD TGV,NON,9879,14:41,EST,BESANCON - F COMTE TGV,JCRHINRHON,FRTJB,14:21,FRTJA
984,2023-06-10,VALENCE TGV RHONE-ALPES SUD,OUI,9879,18:53,EST,MONTPELLIER SUD DE FRANCE,JCRHINRHON,FRSUF,17:55,FRVLA
985,2023-06-10,LYON (intramuros),OUI,9879,18:53,EST,MONTPELLIER SUD DE FRANCE,JCRHINRHON,FRSUF,17:10,FRLPD
986,2023-06-10,METZ VILLE,NON,68409,22:40,AUTOCAR SNCF,LUXEMBOURG,AUTOCAR SNCF,LULUX,21:30,FRADE
987,2023-06-10,PARIS (intramuros),NON,9203,11:26,INTERNATIONAL,ZUERICH HB,PABALZUR,CHAJD,07:20,FRPLY
988,2023-06-10,PARIS (intramuros),NON,9203,10:26,INTERNATIONAL,BASEL SBB,PABALZUR,CHAJP,07:20,FRPLY
989,2023-06-10,PARIS (intramuros),NON,9203,10:03,INTERNATIONAL,MULHOUSE VILLE,PABALZUR,FRAEK,07:20,FRPLY
990,2023-06-10,BRUXELLES MIDI BRUSSEL ZUID,OUI,9838,18:58,NORD,MARNE LA VALLEE CHESSY,JCNORDBRET,FRMLV,16:54,BEBMI
991,2023-06-10,LAVAL,OUI,9838,21:29,NORD,RENNES,JCNORDBRET,FRRNS,21:04,FRACR
992,2023-06-10,MASSY TGV,OUI,9838,21:01,NORD,LAVAL,JCNORDBRET,FRACR,19:39,FRDJU
993,2023-06-10,LILLE (intramuros),OUI,9838,20:29,NORD,LE MANS,JCNORDBRET,FRAET,17:42,FRLLE
994,2023-06-10,AEROPORT CDG2 TGV ROISSY,OUI,9838,20:29,NORD,LE MANS,JCNORDBRET,FRAET,18:49,FRMLW
995,2023-06-10,AEROPORT CDG2 TGV ROISSY,OUI,9838,19:34,NORD,MASSY TGV,JCNORDBRET,FRDJU,18:49,FRMLW
996,2023-06-10,TGV HAUTE PICARDIE,OUI,9838,20:29,NORD,LE MANS,JCNORDBRET,FRAET,18:15,FRTHP
997,2023-06-10,BETHUNE,OUI,7344,22:08,NORD,PARIS (intramuros),ARRASPA,FRPNO,20:43,FRXBH
998,2023-06-10,LENS,OUI,7344,22:08,NORD,PARIS (intramuros),ARRASPA,FRPNO,20:57,FRXLE
999,2023-06-10,BORDEAUX ST JEAN,OUI,8480,07:04,ATLANTIQUE,POITIERS,SUDOUESTPA,FRPIS,05:15,FRBOJ
1000,2023-06-10,POITIERS,OUI,8480,08:37,ATLANTIQUE,PARIS (intramuros),SUDOUESTPA,FRPMO,07:13,FRPIS
1001,2023-06-10,SAUMUR,NON,4502,15:21,IC SRO,ANGERS ST LAUD,JOURLYNNTE,FRACL,15:01,FRACN
1002,2023-06-10,SAUMUR,NON,4502,16:04,IC SRO,NANTES,JOURLYNNTE,FRNTE,15:01,FRACN
1003,2023-06-10,BOURGES,NON,4502,14:59,IC SRO,SAUMUR,JOURLYNNTE,FRACN,13:03,FRBOU
1004,2023-06-10,LYON (intramuros),NON,4502,12:14,IC SRO,NEVERS,JOURLYNNTE,FRNVS,09:34,FRLPD
1005,2023-06-10,LYON (intramuros),NON,4502,09:28,IC SRO,LYON (intramuros),JOURLYNNTE,FRLPD,09:20,FRLPE
1006,2023-06-10,LYON (intramuros),NON,4502,10:37,IC SRO,ROANNE,JOURLYNNTE,FRRNE,09:20,FRLPE
1007,2023-06-10,ROANNE,NON,4502,15:21,IC SRO,ANGERS ST LAUD,JOURLYNNTE,FRACL,10:40,FRRNE
1008,2023-06-10,ROANNE,NON,4502,14:25,IC SRO,ST PIERRE DES CORPS,JOURLYNNTE,FRXSH,10:40,FRRNE
1009,2023-06-10,MOULINS SUR ALLIER,NON,4502,13:01,IC SRO,BOURGES,JOURLYNNTE,FRBOU,11:46,FRXMU
1010,2023-06-10,VIERZON VILLE,NON,4502,15:21,IC SRO,ANGERS ST LAUD,JOURLYNNTE,FRACL,13:24,FRXVZ
1011,2023-06-10,ISSOIRE,NON,15941,13:42,IC SRO,BRASSAC LES MINES STE FLORINE,NORESTJOU,FRHLE,13:29,FRHLB
1012,2023-06-10,ISSOIRE,NON,15941,14:30,IC SRO,NEUSSARGUES,NORESTJOU,FRNEU,13:29,FRHLB
1013,2023-06-10,MASSIAC BLESLE,NON,15941,14:30,IC SRO,NEUSSARGUES,NORESTJOU,FRNEU,14:09,FRHMY
1014,2023-06-10,BRASSAC LES MINES STE FLORINE,NON,15941,14:08,IC SRO,MASSIAC BLESLE,NORESTJOU,FRHMY,13:43,FRHLE
1015,2023-06-10,AIX EN PROVENCE TGV,NON,9882,18:54,NORD,LYON (intramuros),JCSUDNORD,FRLPD,17:22,FRAIE
1016,2023-06-10,AVIGNON TGV,NON,9882,21:01,NORD,AEROPORT CDG2 TGV ROISSY,JCSUDNORD,FRMLW,17:45,FRAVG
1017,2023-06-10,MARNE LA VALLEE CHESSY,OUI,9882,22:43,NORD,BRUXELLES MIDI BRUSSEL ZUID,JCSUDNORD,BEBMI,20:51,FRMLV
1018,2023-06-10,MARSEILLE ST CHARLES,NON,9882,20:47,NORD,MARNE LA VALLEE CHESSY,JCSUDNORD,FRMLV,17:04,FRMSC
1019,2023-06-10,RETHEL,NON,2726,13:01,EST,PARIS (intramuros),SEDBARPA,FRPST,11:48,FRBDT
1020,2023-06-10,REIMS,NON,2726,13:01,EST,PARIS (intramuros),SEDBARPA,FRPST,12:15,FRRHE
1021,2023-06-10,SEDAN,NON,2726,13:01,EST,PARIS (intramuros),SEDBARPA,FRPST,10:53,FRXSW
1022,2023-06-10,NEVERS,NON,5951,10:34,IC ARO,CLERMONT FERRAND,PACLERMONT,FRCFE,08:59,FRNVS
1023,2023-06-10,NEVERS,NON,5951,10:22,IC ARO,RIOM CHATEL GUYON,PACLERMONT,FRRIO,08:59,FRNVS
1024,2023-06-10,NEVERS,NON,5951,10:00,IC ARO,VICHY,PACLERMONT,FRVHY,08:59,FRNVS
1025,2023-06-10,PARIS (intramuros),NON,5951,10:00,IC ARO,VICHY,PACLERMONT,FRVHY,06:54,FRPLY
1026,2023-06-10,BOURG EN BRESSE,NON,9761,10:14,INTERNATIONAL,LAUSANNE,PAGENEVE,CHAJF,08:12,FRXBK
1027,2023-06-10,CANNES,NON,6170,16:34,SUD EST,PARIS (intramuros),AZURPA,FRPLY,11:33,FRJCA
1028,2023-06-10,TOULON,NON,6170,13:53,SUD EST,AVIGNON TGV,AZURPA,FRAVG,12:47,FRTLN
1029,2023-06-10,ANTIBES,NON,6170,13:53,SUD EST,AVIGNON TGV,AZURPA,FRAVG,11:16,FRXAT
1030,2023-06-10,ANTIBES,OUI,6170,11:55,SUD EST,ST RAPHAEL VALESCURE,AZURPA,FRXSK,11:16,FRXAT
1031,2023-06-10,ST RAPHAEL VALESCURE,NON,6170,13:53,SUD EST,AVIGNON TGV,AZURPA,FRAVG,11:58,FRXSK
1032,2023-06-10,ST RAPHAEL VALESCURE,NON,6170,16:34,SUD EST,PARIS (intramuros),AZURPA,FRPLY,11:58,FRXSK
1033,2023-06-10,CAUSSADE TARN ET GARONNE,NON,3750,05:43,IC NUIT,LES AUBRAIS ORLEANS,OCCITANPAR,FRLAB,23:05,FRFTA
1034,2023-06-10,BRUXELLES MIDI BRUSSEL ZUID,NON,9826,11:53,NORD,AEROPORT CDG2 TGV ROISSY,JCNORDSUD,FRMLW,10:17,BEBMI
1035,2023-06-10,MARNE LA VALLEE CHESSY,NON,9826,14:00,NORD,LYON (intramuros),JCNORDSUD,FRLPD,12:13,FRMLV
1036,2023-06-10,LYON (intramuros),OUI,9826,15:51,NORD,MONTPELLIER SUD DE FRANCE,JCNORDSUD,FRSUF,14:10,FRLPD
1037,2023-06-10,REIMS,OUI,2709,09:39,EST,RETHEL,PABARSED,FRBDT,09:19,FRRHE
1038,2023-06-10,REIMS,OUI,2709,10:35,EST,SEDAN,PABARSED,FRXSW,09:19,FRRHE
1039,2023-06-10,CHARLEVILLE MEZIERES,OUI,2709,10:35,EST,SEDAN,PABARSED,FRXSW,10:19,FRXCZ
1040,2023-06-10,NIMES,OUI,6225,22:20,SUD EST,NARBONNE,PALANG,FRXNA,20:46,FRFNI
1041,2023-06-10,NIMES,OUI,6225,21:31,SUD EST,SETE,PALANG,FRXSY,20:46,FRFNI
1042,2023-06-10,MONTPELLIER SAINT-ROCH,OUI,6225,22:56,SUD EST,PERPIGNAN,PALANG,FRPGF,21:17,FRMPL
1043,2023-06-10,MONTPELLIER SAINT-ROCH,OUI,6225,21:48,SUD EST,AGDE,PALANG,FRXAG,21:17,FRMPL
1044,2023-06-10,PARIS (intramuros),OUI,6225,22:03,SUD EST,BEZIERS,PALANG,FRBZR,17:40,FRPLY
1045,2023-06-10,PARIS (intramuros),OUI,6225,20:42,SUD EST,NIMES,PALANG,FRFNI,17:40,FRPLY
1046,2023-06-10,PARIS (intramuros),OUI,6225,21:11,SUD EST,MONTPELLIER SAINT-ROCH,PALANG,FRMPL,17:40,FRPLY
1047,2023-06-10,PARIS (intramuros),OUI,6225,21:48,SUD EST,AGDE,PALANG,FRXAG,17:40,FRPLY
1048,2023-06-10,VALENCE TGV RHONE-ALPES SUD,OUI,6225,22:20,SUD EST,NARBONNE,PALANG,FRXNA,19:56,FRVLA
1049,2023-06-10,AGDE,OUI,6225,22:56,SUD EST,PERPIGNAN,PALANG,FRPGF,21:51,FRXAG
1050,2023-06-10,ORTHEZ,OUI,8583,14:20,ATLANTIQUE,DAX,SUDOUESTPA,FRACG,13:52,FRGFI
1051,2023-06-10,LOURDES,OUI,8583,13:50,ATLANTIQUE,ORTHEZ,SUDOUESTPA,FRGFI,13:02,FRLDE
1052,2023-06-10,TARBES,NON,8583,15:40,ATLANTIQUE,BORDEAUX ST JEAN,SUDOUESTPA,FRBOJ,12:38,FRXTB
1053,2023-06-10,TARBES,OUI,8583,13:50,ATLANTIQUE,ORTHEZ,SUDOUESTPA,FRGFI,12:38,FRXTB
1054,2023-06-10,TARBES,OUI,8583,12:52,ATLANTIQUE,LOURDES,SUDOUESTPA,FRLDE,12:38,FRXTB
1055,2023-06-10,TARBES,NON,8583,17:52,ATLANTIQUE,PARIS (intramuros),SUDOUESTPA,FRPMO,12:38,FRXTB
1056,2023-06-10,ANTIBES,OUI,5772,07:57,IC NUIT,PARIS (intramuros),AZURPAR,FRPAZ,19:24,FRXAT
1057,2023-06-10,LES ARCS DRAGUIGNAN,OUI,5772,07:57,IC NUIT,PARIS (intramuros),AZURPAR,FRPAZ,20:19,FRXRS
1058,2023-06-10,STRASBOURG,OUI,9403,10:39,EST,OFFENBOURG/OFFENBURG,PASTRAMULH,DEZPA,10:07,FRAEG
1059,2023-06-10,OFFENBOURG/OFFENBURG,OUI,9403,11:41,EST,FREIBURG BREISGAU HBF,PASTRAMULH,DEFGB,10:51,DEZPA
1060,2023-06-10,PARIS (intramuros),NON,9403,11:11,EST,RINGSHEIM/EU-PARK,PASTRAMULH,DERSH,07:58,FRPST
1061,2023-06-10,DIE,NON,5790,07:57,IC NUIT,PARIS (intramuros),BRIANCONPA,FRPAZ,23:12,FRDIE
1062,2023-06-10,CHORGES,NON,5790,07:57,IC NUIT,PARIS (intramuros),BRIANCONPA,FRPAZ,21:15,FRIGS
1063,2023-06-10,VEYNES DEVOLUY,NON,5790,07:57,IC NUIT,PARIS (intramuros),BRIANCONPA,FRPAZ,22:07,FRVDY
1064,2023-06-10,STRASBOURG,NON,2430,16:35,EST,PARIS (intramuros),MULHSTRAPA,FRPST,14:49,FRAEG
1065,2023-06-10,SURGERES,OUI,8370,06:18,ATLANTIQUE,NIORT,ROCHELLEPA,FRNIT,06:00,FREIP
1066,2023-06-10,BEZIERS,NON,6871,11:50,SUD EST,LYON (intramuros),JCSUDPROV,FRLPD,09:15,FRBZR
1067,2023-06-10,NARBONNE,NON,6871,09:36,SUD EST,SETE,JCSUDPROV,FRXSY,08:59,FRXNA
1068,2023-06-10,TOULOUSE MATABIAU,NON,6871,11:50,SUD EST,LYON (intramuros),JCSUDPROV,FRLPD,07:43,FRXYT
1069,2023-06-10,TOULOUSE MATABIAU,NON,6871,09:55,SUD EST,MONTPELLIER SUD DE FRANCE,JCSUDPROV,FRSUF,07:43,FRXYT
1070,2023-06-10,TOULOUSE MATABIAU,NON,6871,10:24,SUD EST,NIMES PONT DU GARD,JCSUDPROV,FRXZP,07:43,FRXYT
1071,2023-06-10,LILLE (intramuros),NON,5113,10:08,NORD,MARNE LA VALLEE CHESSY,JCNORDSUD,FRMLV,09:03,FRLLE
1072,2023-06-10,LILLE (intramuros),NON,5113,14:01,NORD,MARSEILLE ST CHARLES,JCNORDSUD,FRMSC,09:03,FRLLE
1073,2023-06-10,LYON (intramuros),NON,5113,14:01,NORD,MARSEILLE ST CHARLES,JCNORDSUD,FRMSC,12:06,FRLPD
1074,2023-06-10,MARNE LA VALLEE CHESSY,NON,5113,14:01,NORD,MARSEILLE ST CHARLES,JCNORDSUD,FRMSC,10:13,FRMLV
1075,2023-06-10,AEROPORT CDG2 TGV ROISSY,NON,5113,14:01,NORD,MARSEILLE ST CHARLES,JCNORDSUD,FRMSC,09:59,FRMLW
1076,2023-06-10,PARIS (intramuros),NON,8437,12:23,ATLANTIQUE,ANGOULEME,PASUDOUEST,FRANG,10:03,FRPMO
1077,2023-06-10,ST PIERRE DES CORPS,OUI,8437,12:23,ATLANTIQUE,ANGOULEME,PASUDOUEST,FRANG,11:11,FRXSH
1078,2023-06-10,PERPIGNAN,NON,9704,19:03,SUD EST,VALENCE TGV RHONE-ALPES SUD,BARCELONEPA,FRVLA,16:04,FRPGF
1079,2023-06-10,VALENCE TGV RHONE-ALPES SUD,NON,9704,21:18,SUD EST,PARIS (intramuros),BARCELONEPA,FRPLY,19:06,FRVLA
1080,2023-06-10,NARBONNE,NON,9704,16:55,SUD EST,BEZIERS,BARCELONEPA,FRBZR,16:42,FRXNA
1081,2023-06-10,NARBONNE,NON,9704,17:08,SUD EST,AGDE,BARCELONEPA,FRXAG,16:42,FRXNA
1082,2023-06-10,NARBONNE,NON,9704,17:24,SUD EST,SETE,BARCELONEPA,FRXSY,16:42,FRXNA
1083,2023-06-10,SETE,NON,9704,21:18,SUD EST,PARIS (intramuros),BARCELONEPA,FRPLY,17:27,FRXSY
1084,2023-06-10,BARCELONA SANTS,NON,9704,16:55,SUD EST,BEZIERS,BARCELONEPA,FRBZR,14:32,ESBST
1085,2023-06-10,FIGUERES VILA TGV,NON,9704,21:18,SUD EST,PARIS (intramuros),BARCELONEPA,FRPLY,15:30,ESFIR
1086,2023-06-10,BARCELONA SANTS,NON,9704,17:24,SUD EST,SETE,BARCELONEPA,FRXSY,14:32,ESBST
1087,2023-06-10,FIGUERES VILA TGV,NON,9704,18:16,SUD EST,NIMES,BARCELONEPA,FRFNI,15:30,ESFIR
1088,2023-06-10,LYON (intramuros),OUI,5358,23:09,SUD EST,NANTES,JCSUDATL,FRNTE,18:30,FRLPD
1089,2023-06-10,MONTPELLIER SUD DE FRANCE,OUI,5358,20:31,SUD EST,MASSY TGV,JCSUDATL,FRDJU,16:41,FRSUF
1090,2023-06-10,MONTPELLIER SUD DE FRANCE,OUI,5358,22:29,SUD EST,ANGERS ST LAUD,JCSUDATL,FRACL,16:41,FRSUF
1091,2023-06-10,MONTPELLIER SUD DE FRANCE,OUI,5358,22:06,SUD EST,SAUMUR,JCSUDATL,FRACN,16:41,FRSUF
1092,2023-06-10,NIMES PONT DU GARD,OUI,5358,22:29,SUD EST,ANGERS ST LAUD,JCSUDATL,FRACL,17:02,FRXZP
1093,2023-06-10,NIMES PONT DU GARD,OUI,5358,21:28,SUD EST,ST PIERRE DES CORPS,JCSUDATL,FRXSH,17:02,FRXZP
1094,2023-06-10,LIMOGES BENEDICTINS,OUI,3634,09:27,IC ARO,LA SOUTERRAINE,TOULOUZECO,FRLST,08:55,FRAGQ
1095,2023-06-10,BRIVE LA GAILLARDE,OUI,3634,10:44,IC ARO,VIERZON VILLE,TOULOUZECO,FRXVZ,07:50,FRBVE
1096,2023-06-10,GOURDON,OUI,3634,10:08,IC ARO,CHATEAUROUX,TOULOUZECO,FRCHR,07:06,FRFSI
1097,2023-06-10,GOURDON,OUI,3634,12:18,IC ARO,PARIS (intramuros),TOULOUZECO,FRPAZ,07:06,FRFSI
1098,2023-06-10,LA SOUTERRAINE,OUI,3634,10:08,IC ARO,CHATEAUROUX,TOULOUZECO,FRCHR,09:29,FRLST
1099,2023-06-10,LA SOUTERRAINE,OUI,3634,09:52,IC ARO,ARGENTON SUR CREUSE,TOULOUZECO,FRFMT,09:29,FRLST
1100,2023-06-10,LA SOUTERRAINE,OUI,3634,10:44,IC ARO,VIERZON VILLE,TOULOUZECO,FRXVZ,09:29,FRLST
1101,2023-06-10,SOUILLAC,OUI,3634,08:52,IC ARO,LIMOGES BENEDICTINS,TOULOUZECO,FRAGQ,07:23,FRSOU
1102,2023-06-10,SOUILLAC,OUI,3634,10:08,IC ARO,CHATEAUROUX,TOULOUZECO,FRCHR,07:23,FRSOU
1103,2023-06-10,CAHORS,OUI,3634,08:15,IC ARO,UZERCHE,TOULOUZECO,FRAAW,06:39,FRZAO
1104,2023-06-10,CAHORS,OUI,3634,08:52,IC ARO,LIMOGES BENEDICTINS,TOULOUZECO,FRAGQ,06:39,FRZAO
1105,2023-06-10,CAHORS,OUI,3634,09:52,IC ARO,ARGENTON SUR CREUSE,TOULOUZECO,FRFMT,06:39,FRZAO
1106,2023-06-10,CAHORS,OUI,3634,09:27,IC ARO,LA SOUTERRAINE,TOULOUZECO,FRLST,06:39,FRZAO
1107,2023-06-10,CAHORS,OUI,3634,12:18,IC ARO,PARIS (intramuros),TOULOUZECO,FRPAZ,06:39,FRZAO
1108,2023-06-10,CAHORS,OUI,3634,10:44,IC ARO,VIERZON VILLE,TOULOUZECO,FRXVZ,06:39,FRZAO
1109,2023-06-10,SOUILLAC,OUI,3634,09:52,IC ARO,ARGENTON SUR CREUSE,TOULOUZECO,FRFMT,07:23,FRSOU
1110,2023-06-10,SOUILLAC,OUI,3634,08:15,IC ARO,UZERCHE,TOULOUZECO,FRAAW,07:23,FRSOU
1111,2023-06-10,UZERCHE,OUI,3634,09:52,IC ARO,ARGENTON SUR CREUSE,TOULOUZECO,FRFMT,08:16,FRAAW
1112,2023-06-10,PAU,NON,14142,14:29,IC SRO,TOULOUSE MATABIAU,SUDOUEST,FRXYT,12:09,FRAEE
1113,2023-06-10,HENDAYE,NON,14142,11:43,IC SRO,ORTHEZ,SUDOUEST,FRGFI,10:19,FRAEF
1114,2023-06-10,BIARRITZ,NON,14142,11:43,IC SRO,ORTHEZ,SUDOUEST,FRGFI,10:40,FRBIQ
1115,2023-06-10,LOURDES,NON,14142,12:50,IC SRO,TARBES,SUDOUEST,FRXTB,12:37,FRLDE
1116,2023-06-10,BAYONNE,NON,14142,12:06,IC SRO,PAU,SUDOUEST,FRAEE,11:01,FRXBY
1117,2023-06-10,ST JEAN DE LUZ CIBOURE,NON,14142,12:34,IC SRO,LOURDES,SUDOUEST,FRLDE,10:30,FRXJZ
1118,2023-06-10,ST JEAN DE LUZ CIBOURE,NON,14142,14:29,IC SRO,TOULOUSE MATABIAU,SUDOUEST,FRXYT,10:30,FRXJZ
1119,2023-06-10,TARBES,NON,14142,14:29,IC SRO,TOULOUSE MATABIAU,SUDOUEST,FRXYT,12:53,FRXTB
1120,2023-06-10,MONTREJEAU GOURDAN POLIGNAN,NON,14142,14:29,IC SRO,TOULOUSE MATABIAU,SUDOUEST,FRXYT,13:28,FRMTJ
1121,2023-06-10,ORTHEZ,NON,14142,13:26,IC SRO,MONTREJEAU GOURDAN POLIGNAN,SUDOUEST,FRMTJ,11:45,FRGFI
1122,2023-06-10,HENDAYE,OUI,8536,13:40,ATLANTIQUE,BORDEAUX ST JEAN,SUDOUESTPA,FRBOJ,11:12,FRAEF
1123,2023-06-10,ST JEAN DE LUZ CIBOURE,OUI,8536,11:34,ATLANTIQUE,BIARRITZ,SUDOUESTPA,FRBIQ,11:25,FRXJZ
1124,2023-06-10,ST JEAN DE LUZ CIBOURE,OUI,8536,13:40,ATLANTIQUE,BORDEAUX ST JEAN,SUDOUESTPA,FRBOJ,11:25,FRXJZ
1125,2023-06-10,ST JEAN DE LUZ CIBOURE,OUI,8536,11:49,ATLANTIQUE,BAYONNE,SUDOUESTPA,FRXBY,11:25,FRXJZ
1126,2023-06-10,PARIS (intramuros),OUI,2843,22:04,EST,METZ VILLE,PAMETZLUX,FRADE,20:40,FRPST
1127,2023-06-10,ARRAS,OUI,7322,15:08,NORD,PARIS (intramuros),ARRASPA,FRPNO,14:18,FRQRV
1128,2023-06-10,ANNECY,NON,6972,13:10,SUD EST,CHAMBERY CHALLES LES EAUX,ALPESPARIS,FRCMF,12:30,FRNCY
1129,2023-06-10,AIX LES BAINS LE REVARD,NON,6972,16:14,SUD EST,PARIS (intramuros),ALPESPARIS,FRPLY,12:59,FRXAI
1130,2023-06-10,DAX,OUI,8571,11:47,ATLANTIQUE,TARBES,PASUDOUEST,FRXTB,10:06,FRACG
1131,2023-06-10,BORDEAUX ST JEAN,OUI,8571,10:03,ATLANTIQUE,DAX,PASUDOUEST,FRACG,08:54,FRBOJ
1132,2023-06-10,BORDEAUX ST JEAN,OUI,8571,10:52,ATLANTIQUE,PAU,PASUDOUEST,FRAEE,08:54,FRBOJ
1133,2023-06-10,PARIS (intramuros),NON,8571,11:21,ATLANTIQUE,LOURDES,PASUDOUEST,FRLDE,06:34,FRPMO
1134,2023-06-10,PARIS (intramuros),OUI,8345,20:10,ATLANTIQUE,CHATELLERAULT,PAROCHELLE,FRXCX,18:28,FRPMO
1135,2023-06-10,LA ROCHELLE VILLE,OUI,8362,09:26,ATLANTIQUE,NIORT,ROCHELLEPA,FRNIT,08:47,FRLRH
1136,2023-06-10,LA ROCHELLE VILLE,OUI,8362,10:35,ATLANTIQUE,ST PIERRE DES CORPS,ROCHELLEPA,FRXSH,08:47,FRLRH
1137,2023-06-10,PARIS (intramuros),NON,8085,15:15,ATLANTIQUE,ST MALO,PARISBRETA,FRXSB,12:56,FRPMO
1138,2023-06-10,CAUSSADE TARN ET GARONNE,OUI,3750,06:50,IC NUIT,PARIS (intramuros),OCCITANPAR,FRPAZ,23:05,FRFTA
1139,2023-06-10,NIMES,NON,5062,13:55,NORD,ARRAS,JCSUDNORD,FRQRV,09:25,FRFNI
1140,2023-06-10,MONTPELLIER SAINT-ROCH,OUI,5062,09:22,NORD,NIMES,JCSUDNORD,FRFNI,08:57,FRMPL
1141,2023-06-10,TGV HAUTE PICARDIE,NON,5062,14:24,NORD,LILLE (intramuros),JCSUDNORD,FRLLE,13:38,FRTHP
1142,2023-06-10,VALENCE TGV RHONE-ALPES SUD,NON,5062,12:47,NORD,MARNE LA VALLEE CHESSY,JCSUDNORD,FRMLV,10:15,FRVLA
1143,2023-06-10,VALENCE TGV RHONE-ALPES SUD,NON,5062,13:34,NORD,TGV HAUTE PICARDIE,JCSUDNORD,FRTHP,10:15,FRVLA
1144,2023-06-10,LYON (intramuros),NON,4504,16:55,IC SRO,ST PIERRE DES CORPS,JOURLYNNTE,FRXSH,12:00,FRLPD
1145,2023-06-10,LYON (intramuros),NON,4504,17:54,IC SRO,ANGERS ST LAUD,JOURLYNNTE,FRACL,11:47,FRLPE
1146,2023-06-10,LYON (intramuros),NON,4504,17:32,IC SRO,SAUMUR,JOURLYNNTE,FRACN,11:47,FRLPE
1147,2023-06-10,LYON (intramuros),NON,4504,13:03,IC SRO,ROANNE,JOURLYNNTE,FRRNE,11:47,FRLPE
1148,2023-06-10,LYON (intramuros),NON,4504,13:43,IC SRO,ST GERMAIN DES FOSSES,JOURLYNNTE,FRSGF,11:47,FRLPE
1149,2023-06-10,LYON (intramuros),NON,4504,15:48,IC SRO,VIERZON VILLE,JOURLYNNTE,FRXVZ,11:47,FRLPE
1150,2023-06-10,NEVERS,NON,4504,17:54,IC SRO,ANGERS ST LAUD,JOURLYNNTE,FRACL,14:52,FRNVS
1151,2023-06-10,NEVERS,NON,4504,17:32,IC SRO,SAUMUR,JOURLYNNTE,FRACN,14:52,FRNVS
1152,2023-06-10,NEVERS,NON,4504,15:48,IC SRO,VIERZON VILLE,JOURLYNNTE,FRXVZ,14:52,FRNVS
1153,2023-06-10,ROANNE,NON,4504,15:28,IC SRO,BOURGES,JOURLYNNTE,FRBOU,13:06,FRRNE
1154,2023-06-10,ROANNE,NON,4504,18:38,IC SRO,NANTES,JOURLYNNTE,FRNTE,13:06,FRRNE
1155,2023-06-10,MOULINS SUR ALLIER,NON,4504,18:38,IC SRO,NANTES,JOURLYNNTE,FRNTE,14:11,FRXMU
1156,2023-06-10,ST PIERRE DES CORPS,NON,4504,17:32,IC SRO,SAUMUR,JOURLYNNTE,FRACN,16:58,FRXSH
1157,2023-06-10,ST PIERRE DES CORPS,NON,4504,18:38,IC SRO,NANTES,JOURLYNNTE,FRNTE,16:58,FRXSH
1158,2023-06-10,MASSY TGV,NON,8574,17:28,ATLANTIQUE,DAX,PASUDOUEST,FRACG,14:15,FRDJU
1159,2023-06-10,ORTHEZ,OUI,8574,19:19,ATLANTIQUE,TARBES,PASUDOUEST,FRXTB,18:04,FRGFI
1160,2023-06-10,PARIS (intramuros),NON,8574,16:15,ATLANTIQUE,BORDEAUX ST JEAN,PASUDOUEST,FRBOJ,14:03,FRPMO
1161,2023-06-10,PARIS (intramuros),NON,8574,19:19,ATLANTIQUE,TARBES,PASUDOUEST,FRXTB,14:03,FRPMO
1162,2023-06-10,LES AUBRAIS ORLEANS,NON,3755,06:25,IC NUIT,ST CHRISTOPHE,PAVERMEIL,FRFST,23:32,FRLAB
1163,2023-06-10,PARIS (intramuros),NON,3755,05:36,IC NUIT,FIGEAC,PAVERMEIL,FRFIG,22:12,FRPAZ
1164,2023-06-10,PARIS (intramuros),NON,3755,04:58,IC NUIT,ROCAMADOUR PADIRAC,PAVERMEIL,FRFSA,22:12,FRPAZ
1165,2023-06-10,PARIS (intramuros),NON,3755,06:55,IC NUIT,RODEZ,PAVERMEIL,FRRDZ,22:12,FRPAZ
1166,2023-06-10,AGEN,NON,4661,15:28,IC ARO,CARCASSONNE,TJOURSOSE,FRCCF,13:32,FRAGF
1167,2023-06-10,BORDEAUX ST JEAN,NON,4661,13:30,IC ARO,AGEN,TJOURSOSE,FRAGF,12:28,FRBOJ
1168,2023-06-10,BORDEAUX ST JEAN,NON,4661,16:14,IC ARO,BEZIERS,TJOURSOSE,FRBZR,12:28,FRBOJ
1169,2023-06-10,BORDEAUX ST JEAN,NON,4661,14:40,IC ARO,TOULOUSE MATABIAU,TJOURSOSE,FRXYT,12:28,FRBOJ
1170,2023-06-10,BEZIERS,NON,4661,19:26,IC ARO,MARSEILLE ST CHARLES,TJOURSOSE,FRMSC,16:17,FRBZR
1171,2023-06-10,CARCASSONNE,NON,4661,17:20,IC ARO,NIMES,TJOURSOSE,FRFNI,15:30,FRCCF
1172,2023-06-10,CARCASSONNE,NON,4661,16:52,IC ARO,MONTPELLIER SAINT-ROCH,TJOURSOSE,FRMPL,15:30,FRCCF
1173,2023-06-10,MONTPELLIER SAINT-ROCH,NON,4661,19:26,IC ARO,MARSEILLE ST CHARLES,TJOURSOSE,FRMSC,16:56,FRMPL
1174,2023-06-10,MONTAUBAN VILLE BOURBON,NON,4661,15:28,IC ARO,CARCASSONNE,TJOURSOSE,FRCCF,14:09,FRXMW
1175,2023-06-10,NARBONNE,NON,4661,17:20,IC ARO,NIMES,TJOURSOSE,FRFNI,16:01,FRXNA
1176,2023-06-10,TOULOUSE MATABIAU,NON,4661,16:14,IC ARO,BEZIERS,TJOURSOSE,FRBZR,14:45,FRXYT
1177,2023-06-10,TOULOUSE MATABIAU,NON,4661,19:26,IC ARO,MARSEILLE ST CHARLES,TJOURSOSE,FRMSC,14:45,FRXYT
1178,2023-06-10,LYON (intramuros),OUI,6634,20:57,SUD EST,LYON (intramuros),RHONEPARIS,FRLPD,20:49,FRLPE
1179,2023-06-10,SABLE SUR SARTHE,NON,8875,15:14,ATLANTIQUE,ANGERS ST LAUD,PARISLOIRE,FRACL,14:54,FRSAB
1180,2023-06-10,LA ROCHELLE VILLE,NON,3835,19:10,IC SRO,JONZAC,NANTEBORDO,FREMR,17:43,FRLRH
1181,2023-06-10,LA ROCHE SUR YON,NON,3835,20:12,IC SRO,BORDEAUX ST JEAN,NANTEBORDO,FRBOJ,16:36,FRXRO
1182,2023-06-10,LA ROCHE SUR YON,NON,3835,17:39,IC SRO,LA ROCHELLE VILLE,NANTEBORDO,FRLRH,16:36,FRXRO
1183,2023-06-10,LA ROCHE SUR YON,NON,3835,18:32,IC SRO,SAINTES,NANTEBORDO,FRXST,16:36,FRXRO
1184,2023-06-10,MEUSE TGV,OUI,2550,21:05,EST,PARIS (intramuros),NANCYPA,FRPST,19:56,FREAJ
1185,2023-06-10,LORIENT,NON,8190,17:08,ATLANTIQUE,PARIS (intramuros),BRETAPARIS,FRPMO,13:50,FRLRT
1186,2023-06-10,LORIENT,NON,8190,14:19,ATLANTIQUE,VANNES,BRETAPARIS,FRVNE,13:50,FRLRT
1187,2023-06-10,RENNES,OUI,8190,17:08,ATLANTIQUE,PARIS (intramuros),BRETAPARIS,FRPMO,15:35,FRRNS
1188,2023-06-10,VANNES,OUI,8190,17:08,ATLANTIQUE,PARIS (intramuros),BRETAPARIS,FRPMO,14:22,FRVNE
1189,2023-06-10,VANNES,OUI,8190,15:25,ATLANTIQUE,RENNES,BRETAPARIS,FRRNS,14:22,FRVNE
1190,2023-06-10,AGEN,NON,8504,12:52,ATLANTIQUE,PARIS (intramuros),SUDOUESTPA,FRPMO,09:35,FRAGF
1191,2023-06-10,MONTAUBAN VILLE BOURBON,NON,8504,09:32,ATLANTIQUE,AGEN,SUDOUESTPA,FRAGF,08:57,FRXMW
1192,2023-06-10,MONTAUBAN VILLE BOURBON,NON,8504,10:40,ATLANTIQUE,BORDEAUX ST JEAN,SUDOUESTPA,FRBOJ,08:57,FRXMW
1193,2023-06-10,TOULOUSE MATABIAU,NON,8504,08:54,ATLANTIQUE,MONTAUBAN VILLE BOURBON,SUDOUESTPA,FRXMW,08:23,FRXYT
1194,2023-06-10,PARIS (intramuros),NON,9773,14:09,INTERNATIONAL,BOURG EN BRESSE,PAGENEVE,FRXBK,12:16,FRPLY
1195,2023-06-10,AVIGNON TGV,OUI,6124,19:22,SUD EST,PARIS (intramuros),AZURPA,FRPLY,16:41,FRAVG
1196,2023-06-10,TOULON,OUI,6124,15:50,SUD EST,MARSEILLE ST CHARLES,AZURPA,FRMSC,15:07,FRTLN
1197,2023-06-10,HENDAYE,OUI,8540,15:40,ATLANTIQUE,BORDEAUX ST JEAN,SUDOUESTPA,FRBOJ,13:12,FRAEF
1198,2023-06-10,HENDAYE,OUI,8540,13:50,ATLANTIQUE,BAYONNE,SUDOUESTPA,FRXBY,13:12,FRAEF
1199,2023-06-10,BAYONNE,OUI,8540,17:52,ATLANTIQUE,PARIS (intramuros),SUDOUESTPA,FRPMO,13:53,FRXBY
1200,2023-06-10,PARIS (intramuros),NON,8303,13:13,ATLANTIQUE,VENDOME VILLIERS SUR LOIR,PAROCHELLE,FRESL,12:28,FRPMO
1201,2023-06-10,MONTBARD,NON,6711,20:31,SUD EST,DIJON VILLE,PABOUR,FRABA,19:56,FRGWE
1202,2023-06-10,PARIS (intramuros),NON,6711,21:05,SUD EST,BESANCON - F COMTE TGV,PABOUR,FRTJB,18:50,FRPLY
1203,2023-06-10,BELFORT-MONTBELIARD TGV,NON,6711,21:55,SUD EST,MULHOUSE VILLE,PABOUR,FRAEK,21:32,FRTJA
1204,2023-06-10,PARIS (intramuros),NON,9763,10:09,INTERNATIONAL,BOURG EN BRESSE,PAGENEVE,FRXBK,08:16,FRPLY
1205,2023-06-10,LUCON,NON,3837,22:08,IC SRO,BORDEAUX ST JEAN,NANTEBORDO,FRBOJ,19:00,FRLCN
1206,2023-06-10,LUCON,NON,3837,21:10,IC SRO,JONZAC,NANTEBORDO,FREMR,19:00,FRLCN
1207,2023-06-10,LA ROCHELLE VILLE,NON,3837,21:10,IC SRO,JONZAC,NANTEBORDO,FREMR,19:43,FRLRH
1208,2023-06-10,LA ROCHELLE VILLE,NON,3837,20:32,IC SRO,SAINTES,NANTEBORDO,FRXST,19:43,FRLRH
1209,2023-06-10,NANTES,NON,3837,20:32,IC SRO,SAINTES,NANTEBORDO,FRXST,17:55,FRNTE
1210,2023-06-10,SAINTES,NON,3837,22:08,IC SRO,BORDEAUX ST JEAN,NANTEBORDO,FRBOJ,20:34,FRXST
1211,2023-06-10,BORDEAUX ST JEAN,OUI,12274,19:10,ATLANTIQUE,MASSY TGV,SUDOUESTPA,FRDJU,17:08,FRBOJ
1212,2023-06-10,PARIS (intramuros),NON,6619,17:10,SUD EST,LYON (intramuros),PARISRHONE,FRLPE,14:58,FRPLY
1213,2023-06-10,PARIS (intramuros),OUI,7015,09:48,NORD,LILLE (intramuros),PALILLE,FRADJ,08:46,FRPNO
1214,2023-06-10,PARIS (intramuros),NON,8723,18:40,ATLANTIQUE,QUIMPER,PARISBRETA,FRUIP,14:41,FRPMO
1215,2023-06-10,RENNES,NON,8723,17:03,ATLANTIQUE,REDON,PARISBRETA,FRXRN,16:29,FRRNS
1216,2023-06-10,VANNES,OUI,8723,18:40,ATLANTIQUE,QUIMPER,PARISBRETA,FRUIP,17:31,FRVNE
1217,2023-06-10,REDON,NON,8723,18:09,ATLANTIQUE,QUIMPERLE,PARISBRETA,FRECO,17:05,FRXRN
1218,2023-06-10,DIJON VILLE,NON,5516,15:54,EST,STRASBOURG,JCRHONRHIN,FRAEG,13:37,FRABA
1219,2023-06-10,DIJON VILLE,NON,5516,14:30,EST,BELFORT-MONTBELIARD TGV,JCRHONRHIN,FRTJA,13:37,FRABA
1220,2023-06-10,DIJON VILLE,NON,5516,14:06,EST,BESANCON - F COMTE TGV,JCRHONRHIN,FRTJB,13:37,FRABA
1221,2023-06-10,AIX EN PROVENCE TGV,NON,5516,15:24,EST,COLMAR,JCRHONRHIN,FRAEJ,09:58,FRAIE
1222,2023-06-10,AIX EN PROVENCE TGV,NON,5516,10:17,EST,AVIGNON TGV,JCRHONRHIN,FRAVG,09:58,FRAIE
1223,2023-06-10,MACON VILLE,NON,5516,13:25,EST,DIJON VILLE,JCRHONRHIN,FRABA,12:12,FRHGU
1224,2023-06-10,MACON VILLE,NON,5516,14:55,EST,MULHOUSE VILLE,JCRHONRHIN,FRAEK,12:12,FRHGU
1225,2023-06-10,MACON VILLE,NON,5516,14:30,EST,BELFORT-MONTBELIARD TGV,JCRHONRHIN,FRTJA,12:12,FRHGU
1226,2023-06-10,CANNES,NON,5516,15:54,EST,STRASBOURG,JCRHONRHIN,FRAEG,07:30,FRJCA
1227,2023-06-10,CANNES,NON,5516,15:24,EST,COLMAR,JCRHONRHIN,FRAEJ,07:30,FRJCA
1228,2023-06-10,CANNES,NON,5516,09:55,EST,AIX EN PROVENCE TGV,JCRHONRHIN,FRAIE,07:30,FRJCA
1229,2023-06-10,CANNES,NON,5516,17:02,EST,NANCY,JCRHONRHIN,FRENC,07:30,FRJCA
1230,2023-06-10,LYON (intramuros),NON,5516,15:54,EST,STRASBOURG,JCRHONRHIN,FRAEG,11:32,FRLPD
1231,2023-06-10,LYON (intramuros),NON,5516,14:30,EST,BELFORT-MONTBELIARD TGV,JCRHONRHIN,FRTJA,11:32,FRLPD
1232,2023-06-10,MARSEILLE ST CHARLES,NON,5516,17:02,EST,NANCY,JCRHONRHIN,FRENC,09:45,FRMSC
1233,2023-06-10,MARSEILLE ST CHARLES,NON,5516,12:41,EST,CHALON SUR SAONE,JCRHONRHIN,FRXCD,09:45,FRMSC
1234,2023-06-10,NICE VILLE,NON,5516,14:55,EST,MULHOUSE VILLE,JCRHONRHIN,FRAEK,07:00,FRNIC
1235,2023-06-10,NICE VILLE,OUI,5516,07:13,EST,ANTIBES,JCRHONRHIN,FRXAT,07:00,FRNIC
1236,2023-06-10,BELFORT-MONTBELIARD TGV,OUI,5516,15:54,EST,STRASBOURG,JCRHONRHIN,FRAEG,14:33,FRTJA
1237,2023-06-10,BELFORT-MONTBELIARD TGV,OUI,5516,15:24,EST,COLMAR,JCRHONRHIN,FRAEJ,14:33,FRTJA
1238,2023-06-10,BESANCON - F COMTE TGV,OUI,5516,15:54,EST,STRASBOURG,JCRHONRHIN,FRAEG,14:09,FRTJB
1239,2023-06-10,BESANCON - F COMTE TGV,OUI,5516,14:55,EST,MULHOUSE VILLE,JCRHONRHIN,FRAEK,14:09,FRTJB
1240,2023-06-10,BESANCON - F COMTE TGV,OUI,5516,14:30,EST,BELFORT-MONTBELIARD TGV,JCRHONRHIN,FRTJA,14:09,FRTJB
1241,2023-06-10,TOULON,NON,5516,15:24,EST,COLMAR,JCRHONRHIN,FRAEJ,08:50,FRTLN
1242,2023-06-10,TOULON,NON,5516,09:55,EST,AIX EN PROVENCE TGV,JCRHONRHIN,FRAIE,08:50,FRTLN
1243,2023-06-10,TOULON,NON,5516,17:02,EST,NANCY,JCRHONRHIN,FRENC,08:50,FRTLN
1244,2023-06-10,TOULON,NON,5516,13:03,EST,BEAUNE,JCRHONRHIN,FRXBV,08:50,FRTLN
1245,2023-06-10,ANTIBES,NON,5516,13:25,EST,DIJON VILLE,JCRHONRHIN,FRABA,07:16,FRXAT
1246,2023-06-10,ANTIBES,NON,5516,15:24,EST,COLMAR,JCRHONRHIN,FRAEJ,07:16,FRXAT
1247,2023-06-10,ANTIBES,NON,5516,11:26,EST,LYON (intramuros),JCRHONRHIN,FRLPD,07:16,FRXAT
1248,2023-06-10,ANTIBES,NON,5516,09:33,EST,MARSEILLE ST CHARLES,JCRHONRHIN,FRMSC,07:16,FRXAT
1249,2023-06-10,ANTIBES,OUI,5516,08:09,EST,LES ARCS DRAGUIGNAN,JCRHONRHIN,FRXRS,07:16,FRXAT
1250,2023-06-10,BEAUNE,NON,5516,13:25,EST,DIJON VILLE,JCRHONRHIN,FRABA,13:06,FRXBV
1251,2023-06-10,CHALON SUR SAONE,NON,5516,15:54,EST,STRASBOURG,JCRHONRHIN,FRAEG,12:44,FRXCD
1252,2023-06-10,CHALON SUR SAONE,NON,5516,14:06,EST,BESANCON - F COMTE TGV,JCRHONRHIN,FRTJB,12:44,FRXCD
1253,2023-06-10,LES ARCS DRAGUIGNAN,NON,5516,13:03,EST,BEAUNE,JCRHONRHIN,FRXBV,08:12,FRXRS
1254,2023-06-10,ST RAPHAEL VALESCURE,NON,5516,13:25,EST,DIJON VILLE,JCRHONRHIN,FRABA,07:55,FRXSK
1255,2023-06-10,ST RAPHAEL VALESCURE,NON,5516,15:54,EST,STRASBOURG,JCRHONRHIN,FRAEG,07:55,FRXSK
1256,2023-06-10,ST RAPHAEL VALESCURE,NON,5516,15:24,EST,COLMAR,JCRHONRHIN,FRAEJ,07:55,FRXSK
1257,2023-06-10,ST RAPHAEL VALESCURE,NON,5516,12:09,EST,MACON VILLE,JCRHONRHIN,FRHGU,07:55,FRXSK
1258,2023-06-10,ST RAPHAEL VALESCURE,NON,5516,11:26,EST,LYON (intramuros),JCRHONRHIN,FRLPD,07:55,FRXSK
1259,2023-06-10,ST RAPHAEL VALESCURE,NON,5516,09:33,EST,MARSEILLE ST CHARLES,JCRHONRHIN,FRMSC,07:55,FRXSK
1260,2023-06-10,ANTIBES,NON,5516,14:30,EST,BELFORT-MONTBELIARD TGV,JCRHONRHIN,FRTJA,07:16,FRXAT
1261,2023-06-10,ST RAPHAEL VALESCURE,NON,5516,14:06,EST,BESANCON - F COMTE TGV,JCRHONRHIN,FRTJB,07:55,FRXSK
1262,2023-06-10,NEVERS,OUI,5963,16:28,IC ARO,MOULINS SUR ALLIER,PACLERMONT,FRXMU,15:59,FRNVS
1263,2023-06-10,PARIS (intramuros),OUI,5963,17:34,IC ARO,CLERMONT FERRAND,PACLERMONT,FRCFE,13:58,FRPLY
1264,2023-06-10,PARIS (intramuros),OUI,5963,16:28,IC ARO,MOULINS SUR ALLIER,PACLERMONT,FRXMU,13:58,FRPLY
1265,2023-06-10,MACON LOCHE TGV,NON,6984,22:16,SUD EST,PARIS (intramuros),ALPESPARIS,FRPLY,20:46,FRMLT
1266,2023-06-10,ANNECY,NON,6984,22:16,SUD EST,PARIS (intramuros),ALPESPARIS,FRPLY,18:31,FRNCY
1267,2023-06-10,AIX LES BAINS LE REVARD,NON,6984,19:09,SUD EST,CHAMBERY CHALLES LES EAUX,ALPESPARIS,FRCMF,18:59,FRXAI
1268,2023-06-10,LYON (intramuros),NON,6630,21:00,SUD EST,PARIS (intramuros),RHONEPARIS,FRPLY,19:04,FRLPD
1269,2023-06-10,LILLE (intramuros),NON,5224,12:04,NORD,MASSY TGV,JCNORDBRET,FRDJU,09:32,FRADJ
1270,2023-06-10,LILLE (intramuros),OUI,5224,11:13,NORD,AEROPORT CDG2 TGV ROISSY,JCNORDBRET,FRMLW,09:32,FRADJ
1271,2023-06-10,MASSY TGV,NON,5224,13:04,NORD,ST PIERRE DES CORPS,JCNORDBRET,FRXSH,12:10,FRDJU
1272,2023-06-10,MARNE LA VALLEE CHESSY,NON,5224,12:04,NORD,MASSY TGV,JCNORDBRET,FRDJU,11:32,FRMLV
1273,2023-06-10,AEROPORT CDG2 TGV ROISSY,NON,5224,14:02,NORD,ANGERS ST LAUD,JCNORDBRET,FRACL,11:19,FRMLW
1274,2023-06-10,ARRAS,NON,5224,13:04,NORD,ST PIERRE DES CORPS,JCNORDBRET,FRXSH,10:19,FRQRV
1275,2023-06-10,PARIS (intramuros),NON,6609,12:10,SUD EST,LYON (intramuros),PARISRHONE,FRLPE,09:58,FRPLY
1276,2023-06-10,BEZIERS,OUI,4766,00:47,IC ARO,BORDEAUX ST JEAN,TJOURSESO,FRBOJ,20:59,FRBZR
1277,2023-06-10,CARCASSONNE,OUI,4766,00:47,IC ARO,BORDEAUX ST JEAN,TJOURSESO,FRBOJ,21:45,FRCCF
1278,2023-06-10,NIMES,OUI,4766,20:12,IC ARO,MONTPELLIER SAINT-ROCH,TJOURSESO,FRMPL,19:43,FRFNI
1279,2023-06-10,NIMES,OUI,4766,22:28,IC ARO,TOULOUSE MATABIAU,TJOURSESO,FRXYT,19:43,FRFNI
1280,2023-06-10,MONTPELLIER SAINT-ROCH,OUI,4766,21:12,IC ARO,NARBONNE,TJOURSESO,FRXNA,20:16,FRMPL
1281,2023-06-10,MARSEILLE ST CHARLES,OUI,4766,21:43,IC ARO,CARCASSONNE,TJOURSESO,FRCCF,17:55,FRMSC
1282,2023-06-10,MARSEILLE ST CHARLES,OUI,4766,20:12,IC ARO,MONTPELLIER SAINT-ROCH,TJOURSESO,FRMPL,17:55,FRMSC
1283,2023-06-10,MONTAUBAN VILLE BOURBON,OUI,4766,23:41,IC ARO,AGEN,TJOURSESO,FRAGF,23:06,FRXMW
1284,2023-06-10,NARBONNE,OUI,4766,23:04,IC ARO,MONTAUBAN VILLE BOURBON,TJOURSESO,FRXMW,21:15,FRXNA
1285,2023-06-10,PARIS (intramuros),NON,8083,12:17,ATLANTIQUE,ST MALO,PARISBRETA,FRXSB,09:54,FRPMO
1286,2023-06-10,RENNES,OUI,8083,12:01,ATLANTIQUE,DOL DE BRETAGNE,PARISBRETA,FRDOL,11:30,FRRNS
1287,2023-06-10,LE MANS,OUI,5470,14:47,EST,RENNES,JCESTATL,FRRNS,14:02,FRAET
1288,2023-06-10,LORRAINE TGV,NON,5470,10:58,EST,MEUSE TGV,JCESTATL,FREAJ,10:40,FREAM
1289,2023-06-10,LORRAINE TGV,NON,5470,14:47,EST,RENNES,JCESTATL,FRRNS,10:40,FREAM
1290,2023-06-10,MEUSE TGV,NON,5470,14:47,EST,RENNES,JCESTATL,FRRNS,11:01,FREAJ
1291,2023-06-10,STRASBOURG,NON,5486,12:36,EST,ANGERS ST LAUD,JCESTATL,FRACL,07:31,FRAEG
1292,2023-06-10,STRASBOURG,NON,5486,09:28,EST,AEROPORT CDG2 TGV ROISSY,JCESTATL,FRMLW,07:31,FRAEG
1293,2023-06-10,CHAMPAGNE-ARDENNE,NON,5486,12:36,EST,ANGERS ST LAUD,JCESTATL,FRACL,08:58,FREAH
1294,2023-06-10,CHAMPAGNE-ARDENNE,NON,5486,11:32,EST,ST PIERRE DES CORPS,JCESTATL,FRXSH,08:58,FREAH
1295,2023-06-10,LORRAINE TGV,NON,5486,13:19,EST,NANTES,JCESTATL,FRNTE,08:09,FREAM
1296,2023-06-10,MARNE LA VALLEE CHESSY,NON,5486,12:36,EST,ANGERS ST LAUD,JCESTATL,FRACL,10:02,FRMLV
1297,2023-06-10,MARNE LA VALLEE CHESSY,NON,5486,11:32,EST,ST PIERRE DES CORPS,JCESTATL,FRXSH,10:02,FRMLV
1298,2023-06-10,AEROPORT CDG2 TGV ROISSY,NON,5486,11:32,EST,ST PIERRE DES CORPS,JCESTATL,FRXSH,09:45,FRMLW
1299,2023-06-10,ST PIERRE DES CORPS,NON,5486,12:36,EST,ANGERS ST LAUD,JCESTATL,FRACL,11:40,FRXSH
1300,2023-06-10,ORANGE,OUI,6191,10:56,SUD EST,AVIGNON CENTRE,PAVDR,FRAES,10:41,FRXOG
1301,2023-06-10,VANNES,OUI,8729,19:56,ATLANTIQUE,LORIENT,PARISBRETA,FRLRT,19:27,FRVNE
1302,2023-06-10,VANNES,OUI,8729,20:33,ATLANTIQUE,QUIMPER,PARISBRETA,FRUIP,19:27,FRVNE
1303,2023-06-10,AURAY,OUI,8729,20:33,ATLANTIQUE,QUIMPER,PARISBRETA,FRUIP,19:40,FRXUY
1304,2023-06-10,GENEVE,NON,9764,09:22,INTERNATIONAL,NURIEUX,GENEVEPA,FRHQN,08:29,CHGVA
1305,2023-06-10,BELLEGARDE,OUI,9764,09:22,INTERNATIONAL,NURIEUX,GENEVEPA,FRHQN,09:00,FRXBF
1306,2023-06-10,VITRY LE FRANCOIS GARE,OUI,2778,07:15,EST,CHAMPAGNE-ARDENNE,SEDBARPA,FREAH,06:36,FRBFO
1307,2023-06-10,BAR LE DUC,OUI,2778,06:33,EST,VITRY LE FRANCOIS GARE,SEDBARPA,FRBFO,06:10,FRXBD
1308,2023-06-10,CHALONS EN CHAMPAGNE,OUI,2778,07:15,EST,CHAMPAGNE-ARDENNE,SEDBARPA,FREAH,06:55,FRXCR
1309,2023-06-10,CHALONS EN CHAMPAGNE,OUI,2778,08:01,EST,PARIS (intramuros),SEDBARPA,FRPST,06:55,FRXCR
1310,2023-06-10,NANTES,OUI,8142,12:23,ATLANTIQUE,LE MANS,LOIREPARIS,FRAET,11:05,FRNTE
1311,2023-06-10,NIMES,NON,9864,20:43,NORD,BRUXELLES MIDI BRUSSEL ZUID,JCSUDNORD,BEBMI,15:19,FRFNI
1312,2023-06-10,NIMES,NON,9864,16:49,NORD,LYON (intramuros),JCSUDNORD,FRLPD,15:19,FRFNI
1313,2023-06-10,NIMES,NON,9864,16:05,NORD,VALENCE TGV RHONE-ALPES SUD,JCSUDNORD,FRVLA,15:19,FRFNI
1314,2023-06-10,LYON (intramuros),NON,9864,19:57,NORD,LILLE (intramuros),JCSUDNORD,FRLLE,17:00,FRLPD
1315,2023-06-10,MARNE LA VALLEE CHESSY,NON,9864,19:57,NORD,LILLE (intramuros),JCSUDNORD,FRLLE,18:51,FRMLV
1316,2023-06-10,AEROPORT CDG2 TGV ROISSY,NON,9864,19:57,NORD,LILLE (intramuros),JCSUDNORD,FRLLE,19:07,FRMLW
1317,2023-06-10,MONTPELLIER SAINT-ROCH,NON,9864,19:57,NORD,LILLE (intramuros),JCSUDNORD,FRLLE,14:51,FRMPL
1318,2023-06-10,MONTPELLIER SAINT-ROCH,NON,9864,16:05,NORD,VALENCE TGV RHONE-ALPES SUD,JCSUDNORD,FRVLA,14:51,FRMPL
1319,2023-06-10,VALENCE TGV RHONE-ALPES SUD,NON,9864,20:43,NORD,BRUXELLES MIDI BRUSSEL ZUID,JCSUDNORD,BEBMI,16:10,FRVLA
1320,2023-06-10,AVIGNON TGV,OUI,6117,19:00,SUD EST,MARSEILLE ST CHARLES,PAPROVENCE,FRMSC,18:25,FRAVG
1321,2023-06-10,PARIS (intramuros),NON,6117,18:45,SUD EST,AIX EN PROVENCE TGV,PAPROVENCE,FRAIE,15:36,FRPLY
1322,2023-06-10,LYON (intramuros),NON,5512,12:24,EST,BELFORT-MONTBELIARD TGV,JCRHONRHIN,FRTJA,10:04,FRLPD
1323,2023-06-10,LYON (intramuros),NON,5512,13:43,EST,STRASBOURG,JCRHONRHIN,FRAEG,09:42,FRLPE
1324,2023-06-10,BELFORT-MONTBELIARD TGV,NON,5512,12:51,EST,MULHOUSE VILLE,JCRHONRHIN,FRAEK,12:27,FRTJA
1325,2023-06-10,BESANCON - F COMTE TGV,NON,5512,12:51,EST,MULHOUSE VILLE,JCRHONRHIN,FRAEK,12:04,FRTJB
1326,2023-06-10,BESANCON - F COMTE TGV,NON,5512,12:24,EST,BELFORT-MONTBELIARD TGV,JCRHONRHIN,FRTJA,12:04,FRTJB
1327,2023-06-10,CHALON SUR SAONE,NON,5512,13:43,EST,STRASBOURG,JCRHONRHIN,FRAEG,11:06,FRXCD
1328,2023-06-10,CHALON SUR SAONE,NON,5512,12:24,EST,BELFORT-MONTBELIARD TGV,JCRHONRHIN,FRTJA,11:06,FRXCD
1329,2023-06-10,PARIS (intramuros),NON,6949,21:34,SUD EST,ANNECY,PARISALPES,FRNCY,17:44,FRPLY
1330,2023-06-10,AIX LES BAINS LE REVARD,NON,6949,21:34,SUD EST,ANNECY,PARISALPES,FRNCY,21:07,FRXAI
1331,2023-06-10,BEZIERS,NON,9708,13:09,SUD EST,AGDE,BARCELONEPA,FRXAG,12:58,FRBZR
1332,2023-06-10,PERPIGNAN,NON,9708,13:09,SUD EST,AGDE,BARCELONEPA,FRXAG,12:04,FRPGF
1333,2023-06-10,PERPIGNAN,NON,9708,13:25,SUD EST,SETE,BARCELONEPA,FRXSY,12:04,FRPGF
1334,2023-06-10,AGDE,NON,9708,14:13,SUD EST,NIMES,BARCELONEPA,FRFNI,13:12,FRXAG
1335,2023-06-10,AGDE,NON,9708,17:18,SUD EST,PARIS (intramuros),BARCELONEPA,FRPLY,13:12,FRXAG
1336,2023-06-10,NARBONNE,NON,9708,12:55,SUD EST,BEZIERS,BARCELONEPA,FRBZR,12:41,FRXNA
1337,2023-06-10,NARBONNE,NON,9708,13:25,SUD EST,SETE,BARCELONEPA,FRXSY,12:41,FRXNA
1338,2023-06-10,SETE,NON,9708,13:44,SUD EST,MONTPELLIER SAINT-ROCH,BARCELONEPA,FRMPL,13:28,FRXSY
1339,2023-06-10,SETE,NON,9708,17:18,SUD EST,PARIS (intramuros),BARCELONEPA,FRPLY,13:28,FRXSY
1340,2023-06-10,BARCELONA SANTS,NON,9708,11:55,SUD EST,PERPIGNAN,BARCELONEPA,FRPGF,10:33,ESBST
1341,2023-06-10,FIGUERES VILA TGV,NON,9708,17:18,SUD EST,PARIS (intramuros),BARCELONEPA,FRPLY,11:31,ESFIR
1342,2023-06-10,BARCELONA SANTS,NON,9708,15:01,SUD EST,VALENCE TGV RHONE-ALPES SUD,BARCELONEPA,FRVLA,10:33,ESBST
1343,2023-06-10,GIRONA,NON,9708,15:01,SUD EST,VALENCE TGV RHONE-ALPES SUD,BARCELONEPA,FRVLA,11:14,ESGRO
1344,2023-06-10,GIRONA,NON,9708,13:09,SUD EST,AGDE,BARCELONEPA,FRXAG,11:14,ESGRO
1345,2023-06-10,GIRONA,NON,9708,11:55,SUD EST,PERPIGNAN,BARCELONEPA,FRPGF,11:14,ESGRO
1346,2023-06-10,GIRONA,NON,9708,12:55,SUD EST,BEZIERS,BARCELONEPA,FRBZR,11:14,ESGRO
1347,2023-06-10,PARIS (intramuros),NON,6155,13:40,SUD EST,HYERES,PAAZUR,FRXHE,09:08,FRPLY
1348,2023-06-10,TOULON,OUI,6155,13:40,SUD EST,HYERES,PAAZUR,FRXHE,13:24,FRTLN
1349,2023-06-10,PARIS (intramuros),NON,8629,20:02,ATLANTIQUE,MORLAIX,PARISBRETA,FRMXN,16:53,FRPMO
1350,2023-06-10,RENNES,OUI,8629,19:33,ATLANTIQUE,GUINGAMP,PARISBRETA,FRGGP,18:32,FRRNS
1351,2023-06-10,BEZIERS,OUI,6821,09:44,SUD EST,NARBONNE,JCPROVSUD,FRXNA,09:30,FRBZR
1352,2023-06-10,NIMES,NON,6821,09:27,SUD EST,BEZIERS,JCPROVSUD,FRBZR,08:07,FRFNI
1353,2023-06-10,NIMES,NON,6821,10:17,SUD EST,CARCASSONNE,JCPROVSUD,FRCCF,08:07,FRFNI
1354,2023-06-10,NIMES,NON,6821,09:44,SUD EST,NARBONNE,JCPROVSUD,FRXNA,08:07,FRFNI
1355,2023-06-10,MONTPELLIER SAINT-ROCH,NON,6821,09:44,SUD EST,NARBONNE,JCPROVSUD,FRXNA,08:44,FRMPL
1356,2023-06-10,VALENCE TGV RHONE-ALPES SUD,NON,6821,10:17,SUD EST,CARCASSONNE,JCPROVSUD,FRCCF,07:18,FRVLA
1357,2023-06-10,SETE,NON,6821,11:02,SUD EST,TOULOUSE MATABIAU,JCPROVSUD,FRXYT,09:03,FRXSY
1358,2023-06-10,DIJON VILLE,NON,9898,11:21,EST,MULHOUSE VILLE,JCRHONRHIN,FRAEK,10:08,FRABA
1359,2023-06-10,NIMES,NON,9898,13:24,EST,METZ VILLE,JCRHONRHIN,FRADE,06:54,FRFNI
1360,2023-06-10,LYON (intramuros),NON,9898,13:24,EST,METZ VILLE,JCRHONRHIN,FRADE,08:30,FRLPD
1361,2023-06-10,LYON (intramuros),NON,9898,11:49,EST,COLMAR,JCRHONRHIN,FRAEJ,08:30,FRLPD
1362,2023-06-10,MONTPELLIER SAINT-ROCH,NON,9898,09:58,EST,DIJON VILLE,JCRHONRHIN,FRABA,06:27,FRMPL
1363,2023-06-10,BELFORT-MONTBELIARD TGV,NON,9898,13:24,EST,METZ VILLE,JCRHONRHIN,FRADE,10:59,FRTJA
1364,2023-06-10,BESANCON - F COMTE TGV,NON,9898,10:57,EST,BELFORT-MONTBELIARD TGV,JCRHONRHIN,FRTJA,10:36,FRTJB
1365,2023-06-10,VALENCE TGV RHONE-ALPES SUD,NON,9898,09:58,EST,DIJON VILLE,JCRHONRHIN,FRABA,07:44,FRVLA
1366,2023-06-10,VALENCE TGV RHONE-ALPES SUD,NON,9898,13:24,EST,METZ VILLE,JCRHONRHIN,FRADE,07:44,FRVLA
1367,2023-06-10,DAX,OUI,8560,09:40,ATLANTIQUE,BORDEAUX ST JEAN,SUDOUESTPA,FRBOJ,08:31,FRACG
1368,2023-06-10,PAU,OUI,8560,09:40,ATLANTIQUE,BORDEAUX ST JEAN,SUDOUESTPA,FRBOJ,07:31,FRAEE
1369,2023-06-10,ORTHEZ,OUI,8560,09:40,ATLANTIQUE,BORDEAUX ST JEAN,SUDOUESTPA,FRBOJ,07:54,FRGFI
1370,2023-06-10,LOURDES,OUI,8560,08:22,ATLANTIQUE,DAX,SUDOUESTPA,FRACG,07:04,FRLDE
1371,2023-06-10,LOURDES,NON,8560,11:52,ATLANTIQUE,PARIS (intramuros),SUDOUESTPA,FRPMO,07:04,FRLDE
1372,2023-06-10,TARBES,OUI,8560,07:29,ATLANTIQUE,PAU,SUDOUESTPA,FRAEE,06:46,FRXTB
1373,2023-06-10,TARBES,OUI,8560,07:52,ATLANTIQUE,ORTHEZ,SUDOUESTPA,FRGFI,06:46,FRXTB
1374,2023-06-10,PARIS (intramuros),OUI,7297,00:07,NORD,TOURCOING,PAARRAS,FRADM,22:25,FRPNO
1375,2023-06-10,LE CREUSOT MONTCEAU MONTCHANIN,NON,6613,14:10,SUD EST,LYON (intramuros),PARISRHONE,FRLPE,13:13,FRXCC
1376,2023-06-10,MASSY TGV,NON,5240,21:21,NORD,ANGOULEME,JCNORDAQUI,FRANG,19:09,FRDJU
1377,2023-06-10,MARNE LA VALLEE CHESSY,OUI,5240,19:04,NORD,MASSY TGV,JCNORDAQUI,FRDJU,18:32,FRMLV
1378,2023-06-10,MARNE LA VALLEE CHESSY,NON,5240,20:40,NORD,POITIERS,JCNORDAQUI,FRPIS,18:32,FRMLV
1379,2023-06-10,MARNE LA VALLEE CHESSY,NON,5240,20:06,NORD,ST PIERRE DES CORPS,JCNORDAQUI,FRXSH,18:32,FRMLV
1380,2023-06-10,AEROPORT CDG2 TGV ROISSY,NON,5240,22:02,NORD,BORDEAUX ST JEAN,JCNORDAQUI,FRBOJ,18:18,FRMLW
1381,2023-06-10,PARIS (intramuros),NON,6689,21:48,SUD EST,ST ETIENNE CHATEAUCREUX,PARISRHONE,FRHHD,18:58,FRPLY
1382,2023-06-10,LYON-SAINT EXUPERY TGV,OUI,6919,17:13,SUD EST,GRENOBLE,PAGRENOBLE,FRGNB,16:09,FRJDQ
1383,2023-06-10,ANGERS ST LAUD,NON,4406,15:51,IC SRO,SAUMUR,JOURNTELYN,FRACN,15:28,FRACL
1384,2023-06-10,ANGERS ST LAUD,NON,4406,19:09,IC SRO,MOULINS SUR ALLIER,JOURNTELYN,FRXMU,15:28,FRACL
1385,2023-06-10,ANGERS ST LAUD,NON,4406,17:38,IC SRO,VIERZON VILLE,JOURNTELYN,FRXVZ,15:28,FRACL
1386,2023-06-10,BOURGES,NON,4406,21:18,IC SRO,LYON (intramuros),JOURNTELYN,FRLPD,17:59,FRBOU
1387,2023-06-10,BOURGES,NON,4406,21:30,IC SRO,LYON (intramuros),JOURNTELYN,FRLPE,17:59,FRBOU
1388,2023-06-10,NANTES,NON,4406,20:13,IC SRO,ROANNE,JOURNTELYN,FRRNE,14:47,FRNTE
1389,2023-06-10,NANTES,NON,4406,19:09,IC SRO,MOULINS SUR ALLIER,JOURNTELYN,FRXMU,14:47,FRNTE
1390,2023-06-10,NANTES,NON,4406,17:38,IC SRO,VIERZON VILLE,JOURNTELYN,FRXVZ,14:47,FRNTE
1391,2023-06-10,NEVERS,NON,4406,20:13,IC SRO,ROANNE,JOURNTELYN,FRRNE,18:42,FRNVS
1392,2023-06-10,MOULINS SUR ALLIER,NON,4406,19:34,IC SRO,ST GERMAIN DES FOSSES,JOURNTELYN,FRSGF,19:11,FRXMU
1393,2023-06-10,ST PIERRE DES CORPS,NON,4406,21:30,IC SRO,LYON (intramuros),JOURNTELYN,FRLPE,16:34,FRXSH
1394,2023-06-10,ST PIERRE DES CORPS,NON,4406,20:13,IC SRO,ROANNE,JOURNTELYN,FRRNE,16:34,FRXSH
1395,2023-06-10,ST PIERRE DES CORPS,NON,4406,19:09,IC SRO,MOULINS SUR ALLIER,JOURNTELYN,FRXMU,16:34,FRXSH
1396,2023-06-10,ST PIERRE DES CORPS,NON,4406,17:38,IC SRO,VIERZON VILLE,JOURNTELYN,FRXVZ,16:34,FRXSH
1397,2023-06-10,CANNES,OUI,6852,22:14,SUD EST,LYON (intramuros),JCSUDPROV,FRLPD,17:59,FRJCA
1398,2023-06-10,MARSEILLE ST CHARLES,OUI,6852,20:52,SUD EST,AVIGNON TGV,JCSUDPROV,FRAVG,20:18,FRMSC
1399,2023-06-10,NICE VILLE,OUI,6852,20:52,SUD EST,AVIGNON TGV,JCSUDPROV,FRAVG,17:27,FRNIC
1400,2023-06-10,NICE VILLE,OUI,6852,18:37,SUD EST,LES ARCS DRAGUIGNAN,JCSUDPROV,FRXRS,17:27,FRNIC
1401,2023-06-10,TOULON,OUI,6852,20:29,SUD EST,AIX EN PROVENCE TGV,JCSUDPROV,FRAIE,19:18,FRTLN
1402,2023-06-10,TOULON,OUI,6852,20:04,SUD EST,MARSEILLE ST CHARLES,JCSUDPROV,FRMSC,19:18,FRTLN
1403,2023-06-10,ANTIBES,OUI,6852,21:27,SUD EST,VALENCE TGV RHONE-ALPES SUD,JCSUDPROV,FRVLA,17:45,FRXAT
1404,2023-06-10,LES ARCS DRAGUIGNAN,OUI,6852,20:52,SUD EST,AVIGNON TGV,JCSUDPROV,FRAVG,18:40,FRXRS
1405,2023-06-10,LES ARCS DRAGUIGNAN,OUI,6852,22:14,SUD EST,LYON (intramuros),JCSUDPROV,FRLPD,18:40,FRXRS
1406,2023-06-10,ST RAPHAEL VALESCURE,OUI,6852,21:27,SUD EST,VALENCE TGV RHONE-ALPES SUD,JCSUDPROV,FRVLA,18:23,FRXSK
1407,2023-06-10,CLERMONT FERRAND,OUI,5970,16:56,IC ARO,PARIS (intramuros),CLERMONTPA,FRPLY,13:31,FRCFE
1408,2023-06-10,CLERMONT FERRAND,OUI,5970,14:04,IC ARO,VICHY,CLERMONTPA,FRVHY,13:31,FRCFE
1409,2023-06-10,RIOM CHATEL GUYON,OUI,5970,16:56,IC ARO,PARIS (intramuros),CLERMONTPA,FRPLY,13:42,FRRIO
1410,2023-06-10,MOULINS SUR ALLIER,OUI,5970,14:58,IC ARO,NEVERS,CLERMONTPA,FRNVS,14:31,FRXMU
1411,2023-06-10,BORDEAUX ST JEAN,NON,3852,09:23,IC SRO,SAINTES,BORDONANTE,FRXST,07:53,FRBOJ
1412,2023-06-10,JONZAC,NON,3852,10:15,IC SRO,LA ROCHELLE VILLE,BORDONANTE,FRLRH,08:41,FREMR
1413,2023-06-10,JONZAC,NON,3852,09:23,IC SRO,SAINTES,BORDONANTE,FRXST,08:41,FREMR
1414,2023-06-10,LA ROCHELLE VILLE,NON,3852,12:05,IC SRO,NANTES,BORDONANTE,FRNTE,10:19,FRLRH
1415,2023-06-10,ROCHEFORT,NON,3852,10:15,IC SRO,LA ROCHELLE VILLE,BORDONANTE,FRLRH,09:55,FRRCO
1416,2023-06-10,ANGERS ST LAUD,OUI,5306,15:20,SUD EST,MASSY TGV,JCATLSUD,FRDJU,13:27,FRACL
1417,2023-06-10,SAUMUR,OUI,5306,15:20,SUD EST,MASSY TGV,JCATLSUD,FRDJU,13:50,FRACN
1418,2023-06-10,NANTES,OUI,5306,15:20,SUD EST,MASSY TGV,JCATLSUD,FRDJU,12:44,FRNTE
1419,2023-06-10,NANTES,NON,5306,17:49,SUD EST,LYON (intramuros),JCATLSUD,FRLPE,12:44,FRNTE
1420,2023-06-10,NANTES,OUI,5306,14:24,SUD EST,ST PIERRE DES CORPS,JCATLSUD,FRXSH,12:44,FRNTE
1421,2023-06-10,ST PIERRE DES CORPS,NON,5306,17:30,SUD EST,LYON (intramuros),JCATLSUD,FRLPD,14:28,FRXSH
1422,2023-06-10,STRASBOURG,NON,9404,20:02,EST,BORDEAUX ST JEAN,JCESTATL,FRBOJ,13:56,FRAEG
1423,2023-06-10,STRASBOURG,NON,9404,16:27,EST,MARNE LA VALLEE CHESSY,JCESTATL,FRMLV,13:56,FRAEG
1424,2023-06-10,STRASBOURG,NON,9404,16:04,EST,AEROPORT CDG2 TGV ROISSY,JCESTATL,FRMLW,13:56,FRAEG
1425,2023-06-10,STRASBOURG,NON,9404,18:40,EST,POITIERS,JCESTATL,FRPIS,13:56,FRAEG
1426,2023-06-10,CHAMPAGNE-ARDENNE,NON,9404,16:27,EST,MARNE LA VALLEE CHESSY,JCESTATL,FRMLV,15:34,FREAH
1427,2023-06-10,CHAMPAGNE-ARDENNE,NON,9404,18:40,EST,POITIERS,JCESTATL,FRPIS,15:34,FREAH
1428,2023-06-10,MEUSE TGV,NON,9404,18:40,EST,POITIERS,JCESTATL,FRPIS,15:05,FREAJ
1429,2023-06-10,MEUSE TGV,NON,9404,18:06,EST,ST PIERRE DES CORPS,JCESTATL,FRXSH,15:05,FREAJ
1430,2023-06-10,LORRAINE TGV,NON,9404,15:29,EST,CHAMPAGNE-ARDENNE,JCESTATL,FREAH,14:38,FREAM
1431,2023-06-10,LORRAINE TGV,NON,9404,16:04,EST,AEROPORT CDG2 TGV ROISSY,JCESTATL,FRMLW,14:38,FREAM
1432,2023-06-10,AEROPORT CDG2 TGV ROISSY,NON,9404,19:22,EST,ANGOULEME,JCESTATL,FRANG,16:18,FRMLW
1433,2023-06-10,AEROPORT CDG2 TGV ROISSY,NON,9404,16:27,EST,MARNE LA VALLEE CHESSY,JCESTATL,FRMLV,16:18,FRMLW
1434,2023-06-10,OFFENBOURG/OFFENBURG,OUI,9404,13:46,EST,STRASBOURG,JCESTATL,FRAEG,13:15,DEZPA
1435,2023-06-10,FREIBURG BREISGAU HBF,NON,9404,16:27,EST,MARNE LA VALLEE CHESSY,JCESTATL,FRMLV,12:22,DEFGB
1436,2023-06-10,OFFENBOURG/OFFENBURG,NON,9404,15:29,EST,CHAMPAGNE-ARDENNE,JCESTATL,FREAH,13:15,DEZPA
1437,2023-06-10,FREIBURG BREISGAU HBF,NON,9404,19:22,EST,ANGOULEME,JCESTATL,FRANG,12:22,DEFGB
1438,2023-06-10,RINGSHEIM/EU-PARK,NON,9404,18:40,EST,POITIERS,JCESTATL,FRPIS,12:52,DERSH
1439,2023-06-10,OFFENBOURG/OFFENBURG,NON,9404,16:27,EST,MARNE LA VALLEE CHESSY,JCESTATL,FRMLV,13:15,DEZPA
1440,2023-06-10,RINGSHEIM/EU-PARK,NON,9404,19:22,EST,ANGOULEME,JCESTATL,FRANG,12:52,DERSH
1441,2023-06-10,RINGSHEIM/EU-PARK,NON,9404,16:27,EST,MARNE LA VALLEE CHESSY,JCESTATL,FRMLV,12:52,DERSH
1442,2023-06-10,PARIS (intramuros),NON,8061,14:51,ATLANTIQUE,RENNES,PARISBRETA,FRRNS,13:19,FRPMO
1443,2023-06-10,ZUERICH HB,NON,9234,19:28,INTERNATIONAL,BASEL SBB,ZURBALPA,CHAJP,18:34,CHAJD
1444,2023-06-10,ZUERICH HB,NON,9234,19:53,INTERNATIONAL,MULHOUSE VILLE,ZURBALPA,FRAEK,18:34,CHAJD
1445,2023-06-10,BASEL SBB,NON,9234,22:42,INTERNATIONAL,PARIS (intramuros),ZURBALPA,FRPLY,19:34,CHAJP
1446,2023-06-10,BASEL SBB,NON,9234,20:18,INTERNATIONAL,BELFORT-MONTBELIARD TGV,ZURBALPA,FRTJA,19:34,CHAJP
1447,2023-06-10,TOULON,OUI,6163,21:00,SUD EST,NICE VILLE,PAAZUR,FRNIC,19:11,FRTLN
1448,2023-06-10,ANTIBES,OUI,6163,21:00,SUD EST,NICE VILLE,PAAZUR,FRNIC,20:43,FRXAT
1449,2023-06-10,ST RAPHAEL VALESCURE,OUI,6163,21:00,SUD EST,NICE VILLE,PAAZUR,FRNIC,20:05,FRXSK
1450,2023-06-10,ANNECY,NON,6960,07:40,SUD EST,MACON LOCHE TGV,ALPESPARIS,FRMLT,05:29,FRNCY
1451,2023-06-10,AIX LES BAINS LE REVARD,NON,6960,07:40,SUD EST,MACON LOCHE TGV,ALPESPARIS,FRMLT,05:57,FRXAI
1452,2023-06-10,BORDEAUX ST JEAN,NON,8503,10:24,ATLANTIQUE,AGEN,PASUDOUEST,FRAGF,09:25,FRBOJ
1453,2023-06-10,PARIS (intramuros),NON,8503,10:24,ATLANTIQUE,AGEN,PASUDOUEST,FRAGF,07:08,FRPMO
1454,2023-06-10,PARIS (intramuros),NON,8503,09:15,ATLANTIQUE,BORDEAUX ST JEAN,PASUDOUEST,FRBOJ,07:08,FRPMO
1455,2023-06-10,PARIS (intramuros),NON,8503,11:32,ATLANTIQUE,TOULOUSE MATABIAU,PASUDOUEST,FRXYT,07:08,FRPMO
1456,2023-06-10,AGEN,OUI,4760,18:53,IC ARO,BORDEAUX ST JEAN,TJOURSESO,FRBOJ,17:50,FRAGF
1457,2023-06-10,CARCASSONNE,NON,4760,18:53,IC ARO,BORDEAUX ST JEAN,TJOURSESO,FRBOJ,15:35,FRCCF
1458,2023-06-10,NIMES,NON,4760,16:29,IC ARO,TOULOUSE MATABIAU,TJOURSESO,FRXYT,13:25,FRFNI
1459,2023-06-10,MONTPELLIER SAINT-ROCH,NON,4760,14:55,IC ARO,NARBONNE,TJOURSESO,FRXNA,13:55,FRMPL
1460,2023-06-10,MARSEILLE ST CHARLES,NON,4760,15:33,IC ARO,CARCASSONNE,TJOURSESO,FRCCF,11:25,FRMSC
1461,2023-06-10,MARSEILLE ST CHARLES,NON,4760,14:10,IC ARO,SETE,TJOURSESO,FRXSY,11:25,FRMSC
1462,2023-06-10,MARSEILLE ST CHARLES,NON,4760,16:29,IC ARO,TOULOUSE MATABIAU,TJOURSESO,FRXYT,11:25,FRMSC
1463,2023-06-10,SETE,NON,4760,15:33,IC ARO,CARCASSONNE,TJOURSESO,FRCCF,14:12,FRXSY
1464,2023-06-10,SETE,NON,4760,17:11,IC ARO,MONTAUBAN VILLE BOURBON,TJOURSESO,FRXMW,14:12,FRXSY
1465,2023-06-10,SETE,NON,4760,16:29,IC ARO,TOULOUSE MATABIAU,TJOURSESO,FRXYT,14:12,FRXSY
1466,2023-06-10,TOULOUSE MATABIAU,OUI,4760,17:48,IC ARO,AGEN,TJOURSESO,FRAGF,16:36,FRXYT
1467,2023-06-10,PARIS (intramuros),NON,8473,14:10,ATLANTIQUE,ARCACHON,PASUDOUEST,FRXAC,11:08,FRPMO
1468,2023-06-10,PARIS (intramuros),NON,9223,21:03,INTERNATIONAL,MULHOUSE VILLE,PABALZUR,FRAEK,18:20,FRPLY
1469,2023-06-10,LAVAL,OUI,5280,14:27,NORD,MARNE LA VALLEE CHESSY,JCBRETNORD,FRMLV,12:28,FRACR
1470,2023-06-10,MASSY TGV,OUI,5280,14:27,NORD,MARNE LA VALLEE CHESSY,JCBRETNORD,FRMLV,13:55,FRDJU
1471,2023-06-10,MARNE LA VALLEE CHESSY,OUI,5280,15:49,NORD,LILLE (intramuros),JCBRETNORD,FRLLE,14:31,FRMLV
1472,2023-06-10,ISSOUDUN,OUI,3625,15:07,IC ARO,BRIVE LA GAILLARDE,PALITO,FRBVE,12:33,FRFMN
1473,2023-06-10,ISSOUDUN,OUI,3625,13:24,IC ARO,LA SOUTERRAINE,PALITO,FRLST,12:33,FRFMN
1474,2023-06-10,PARIS (intramuros),OUI,3625,14:41,IC ARO,UZERCHE,PALITO,FRAAW,10:38,FRPAZ
1475,2023-06-10,VIERZON VILLE,OUI,3625,12:31,IC ARO,ISSOUDUN,PALITO,FRFMN,12:12,FRXVZ
1476,2023-06-10,BRUXELLES MIDI BRUSSEL ZUID,NON,9830,18:13,NORD,AVIGNON TGV,JCNORDSUD,FRAVG,13:17,BEBMI
1477,2023-06-10,AIX EN PROVENCE TGV,OUI,9830,18:56,NORD,MARSEILLE ST CHARLES,JCNORDSUD,FRMSC,18:40,FRAIE
1478,2023-06-10,LILLE (intramuros),NON,9830,15:09,NORD,MARNE LA VALLEE CHESSY,JCNORDSUD,FRMLV,14:03,FRLLE
1479,2023-06-10,LILLE (intramuros),OUI,9830,14:53,NORD,AEROPORT CDG2 TGV ROISSY,JCNORDSUD,FRMLW,14:03,FRLLE
1480,2023-06-10,AEROPORT CDG2 TGV ROISSY,NON,9830,18:13,NORD,AVIGNON TGV,JCNORDSUD,FRAVG,14:59,FRMLW
1481,2023-06-10,AEROPORT CDG2 TGV ROISSY,NON,9830,18:56,NORD,MARSEILLE ST CHARLES,JCNORDSUD,FRMSC,14:59,FRMLW
1482,2023-06-10,PARIS (intramuros),NON,6165,16:25,SUD EST,CANNES,PAAZUR,FRJCA,11:20,FRPLY
1483,2023-06-10,TOULON,NON,6165,16:58,SUD EST,NICE VILLE,PAAZUR,FRNIC,15:15,FRTLN
1484,2023-06-10,ST RAPHAEL VALESCURE,OUI,6165,16:25,SUD EST,CANNES,PAAZUR,FRJCA,16:04,FRXSK
1485,2023-06-10,MARSEILLE ST CHARLES,OUI,6106,07:15,SUD EST,AIX EN PROVENCE TGV,PROVENCEPA,FRAIE,07:04,FRMSC
1486,2023-06-10,POITIERS,OUI,8432,08:50,ATLANTIQUE,ST PIERRE DES CORPS,SUDOUESTPA,FRXSH,08:19,FRPIS
1487,2023-06-10,BORDEAUX ST JEAN,OUI,12264,14:19,ATLANTIQUE,PARIS (intramuros),SUDOUESTPA,FRPMO,12:12,FRBOJ
1488,2023-06-10,PARIS (intramuros),OUI,8301,08:44,ATLANTIQUE,TOURS,PAROCHELLE,FRAFW,07:28,FRPMO
1489,2023-06-10,ST PIERRE DES CORPS,OUI,8301,08:44,ATLANTIQUE,TOURS,PAROCHELLE,FRAFW,08:39,FRXSH
1490,2023-06-10,BEZIERS,NON,6823,12:59,SUD EST,NARBONNE,JCPROVSUD,FRXNA,12:46,FRBZR
1491,2023-06-10,CARCASSONNE,NON,6823,14:15,SUD EST,TOULOUSE MATABIAU,JCPROVSUD,FRXYT,13:33,FRCCF
1492,2023-06-10,NARBONNE,NON,6823,14:15,SUD EST,TOULOUSE MATABIAU,JCPROVSUD,FRXYT,13:02,FRXNA
1493,2023-06-10,LE MANS,NON,8887,21:13,ATLANTIQUE,ANGERS ST LAUD,PARISLOIRE,FRACL,20:36,FRAET
1494,2023-06-10,LE MANS,NON,8887,21:54,ATLANTIQUE,NANTES,PARISLOIRE,FRNTE,20:36,FRAET
1495,2023-06-10,AIX EN PROVENCE TGV,NON,5382,14:34,SUD EST,MASSY TGV,JCSUDATL,FRDJU,10:50,FRAIE
1496,2023-06-10,AIX EN PROVENCE TGV,NON,5382,16:21,SUD EST,RENNES,JCSUDATL,FRRNS,10:50,FRAIE
1497,2023-06-10,AVIGNON TGV,NON,5382,15:31,SUD EST,LE MANS,JCSUDATL,FRAET,11:15,FRAVG
1498,2023-06-10,AVIGNON TGV,NON,5382,14:34,SUD EST,MASSY TGV,JCSUDATL,FRDJU,11:15,FRAVG
1499,2023-06-10,AVIGNON TGV,NON,5382,12:20,SUD EST,LYON (intramuros),JCSUDATL,FRLPD,11:15,FRAVG
1500,2023-06-10,AVIGNON TGV,NON,5382,16:21,SUD EST,RENNES,JCSUDATL,FRRNS,11:15,FRAVG
1501,2023-06-10,MARSEILLE ST CHARLES,OUI,5382,10:47,SUD EST,AIX EN PROVENCE TGV,JCSUDATL,FRAIE,10:36,FRMSC
1502,2023-06-10,MANNHEIM HBF,NON,9583,15:59,INTERNATIONAL,FRANKFURT MAIN HBF,MRSFRANC,DEFRH,15:21,DEMHG
1503,2023-06-10,STRASBOURG,NON,9583,15:18,INTERNATIONAL,MANNHEIM HBF,MRSFRANC,DEMHG,13:55,FRAEG
1504,2023-06-10,STRASBOURG,NON,9583,14:23,INTERNATIONAL,BADEN BADEN,MRSFRANC,DEZCC,13:55,FRAEG
1505,2023-06-10,AIX EN PROVENCE TGV,NON,9583,14:46,INTERNATIONAL,KARLSRUHE HBF,MRSFRANC,DEQKA,08:25,FRAIE
1506,2023-06-10,AIX EN PROVENCE TGV,NON,9583,13:43,INTERNATIONAL,STRASBOURG,MRSFRANC,FRAEG,08:25,FRAIE
1507,2023-06-10,AIX EN PROVENCE TGV,NON,9583,12:24,INTERNATIONAL,BELFORT-MONTBELIARD TGV,MRSFRANC,FRTJA,08:25,FRAIE
1508,2023-06-10,AIX EN PROVENCE TGV,NON,9583,12:01,INTERNATIONAL,BESANCON - F COMTE TGV,MRSFRANC,FRTJB,08:25,FRAIE
1509,2023-06-10,AVIGNON TGV,NON,9583,11:04,INTERNATIONAL,CHALON SUR SAONE,MRSFRANC,FRXCD,08:47,FRAVG
1510,2023-06-10,LYON (intramuros),NON,9583,12:24,INTERNATIONAL,BELFORT-MONTBELIARD TGV,MRSFRANC,FRTJA,10:04,FRLPD
1511,2023-06-10,MARSEILLE ST CHARLES,NON,9583,13:43,INTERNATIONAL,STRASBOURG,MRSFRANC,FRAEG,08:11,FRMSC
1512,2023-06-10,MARSEILLE ST CHARLES,NON,9583,11:04,INTERNATIONAL,CHALON SUR SAONE,MRSFRANC,FRXCD,08:11,FRMSC
1513,2023-06-10,BELFORT-MONTBELIARD TGV,NON,9583,14:46,INTERNATIONAL,KARLSRUHE HBF,MRSFRANC,DEQKA,12:27,FRTJA
1514,2023-06-10,CHALON SUR SAONE,NON,9583,14:46,INTERNATIONAL,KARLSRUHE HBF,MRSFRANC,DEQKA,11:06,FRXCD
1515,2023-06-10,CHALON SUR SAONE,NON,9583,14:23,INTERNATIONAL,BADEN BADEN,MRSFRANC,DEZCC,11:06,FRXCD
1516,2023-06-10,LILLE (intramuros),NON,5026,14:00,NORD,LYON (intramuros),JCNORDSUD,FRLPD,11:03,FRLLE
1517,2023-06-10,MARNE LA VALLEE CHESSY,NON,5026,14:00,NORD,LYON (intramuros),JCNORDSUD,FRLPD,12:13,FRMLV
1518,2023-06-10,MARNE LA VALLEE CHESSY,NON,5026,14:48,NORD,VALENCE TGV RHONE-ALPES SUD,JCNORDSUD,FRVLA,12:13,FRMLV
1519,2023-06-10,AEROPORT CDG2 TGV ROISSY,NON,5026,14:00,NORD,LYON (intramuros),JCNORDSUD,FRLPD,11:59,FRMLW
1520,2023-06-10,AEROPORT CDG2 TGV ROISSY,NON,5026,12:08,NORD,MARNE LA VALLEE CHESSY,JCNORDSUD,FRMLV,11:59,FRMLW
1521,2023-06-10,LYON (intramuros),NON,5026,15:30,NORD,NIMES PONT DU GARD,JCNORDSUD,FRXZP,14:10,FRLPD
1522,2023-06-10,AEROPORT CDG2 TGV ROISSY,NON,5026,15:30,NORD,NIMES PONT DU GARD,JCNORDSUD,FRXZP,11:59,FRMLW
1523,2023-06-10,AVIGNON CENTRE,OUI,6196,14:18,SUD EST,ORANGE,VDRPA,FRXOG,14:04,FRAES
1524,2023-06-10,ORANGE,OUI,6196,15:48,SUD EST,LYON-SAINT EXUPERY TGV,VDRPA,FRJDQ,14:21,FRXOG
1525,2023-06-10,ORANGE,OUI,6196,14:46,SUD EST,MONTELIMAR GARE SNCF,VDRPA,FRXMK,14:21,FRXOG
1526,2023-06-10,LILLE (intramuros),OUI,5010,07:51,NORD,TGV HAUTE PICARDIE,JCNORDSUD,FRTHP,07:24,FRLLE
1527,2023-06-10,LYON (intramuros),NON,5010,11:15,NORD,VALENCE TGV RHONE-ALPES SUD,JCNORDSUD,FRVLA,10:35,FRLPD
1528,2023-06-10,TGV HAUTE PICARDIE,NON,5010,08:38,NORD,MARNE LA VALLEE CHESSY,JCNORDSUD,FRMLV,07:54,FRTHP
1529,2023-06-10,LYON (intramuros),OUI,6624,18:08,SUD EST,PARIS (intramuros),RHONEPARIS,FRPLY,16:04,FRLPD
1530,2023-06-10,SURGERES,OUI,8364,19:37,ATLANTIQUE,PARIS (intramuros),ROCHELLEPA,FRPMO,17:22,FREIP
1531,2023-06-10,LES SABLES D'OLONNE,OUI,8984,17:45,ATLANTIQUE,ANGERS ST LAUD,LOIREPARIS,FRACL,15:44,FRLSO
1532,2023-06-10,LES SABLES D'OLONNE,OUI,8984,16:56,ATLANTIQUE,NANTES,LOIREPARIS,FRNTE,15:44,FRLSO
1533,2023-06-10,NANTES,OUI,8984,17:45,ATLANTIQUE,ANGERS ST LAUD,LOIREPARIS,FRACL,17:09,FRNTE
1534,2023-06-10,NANTES,OUI,8984,19:14,ATLANTIQUE,PARIS (intramuros),LOIREPARIS,FRPMO,17:09,FRNTE
1535,2023-06-10,LA ROCHE SUR YON,OUI,8984,16:56,ATLANTIQUE,NANTES,LOIREPARIS,FRNTE,16:10,FRXRO
1536,2023-06-10,NICE VILLE,OUI,6174,10:55,SUD EST,ST RAPHAEL VALESCURE,AZURPA,FRXSK,09:57,FRNIC
1537,2023-06-10,ANTIBES,OUI,6174,10:28,SUD EST,CANNES,AZURPA,FRJCA,10:16,FRXAT
1538,2023-06-10,ANTIBES,NON,6174,12:33,SUD EST,MARSEILLE ST CHARLES,AZURPA,FRMSC,10:16,FRXAT
1539,2023-06-10,ANTIBES,NON,6174,15:50,SUD EST,PARIS (intramuros),AZURPA,FRPLY,10:16,FRXAT
1540,2023-06-10,ST RAPHAEL VALESCURE,OUI,6174,11:44,SUD EST,TOULON,AZURPA,FRTLN,10:58,FRXSK
1541,2023-06-10,CALAIS FRETHUN,NON,7544,22:08,NORD,PARIS (intramuros),ARRASPA,FRPNO,20:06,FRSTH
1542,2023-06-10,LIMOGES BENEDICTINS,OUI,3674,21:21,IC ARO,PARIS (intramuros),TOULOUZECO,FRPAZ,17:57,FRAGQ
1543,2023-06-10,CHATEAUROUX,OUI,3674,21:21,IC ARO,PARIS (intramuros),TOULOUZECO,FRPAZ,19:12,FRCHR
1544,2023-06-10,LA SOUTERRAINE,OUI,3674,19:10,IC ARO,CHATEAUROUX,TOULOUZECO,FRCHR,18:31,FRLST
1545,2023-06-10,LA SOUTERRAINE,OUI,3674,19:46,IC ARO,VIERZON VILLE,TOULOUZECO,FRXVZ,18:31,FRLST
1546,2023-06-10,VIERZON VILLE,OUI,3674,21:21,IC ARO,PARIS (intramuros),TOULOUZECO,FRPAZ,19:48,FRXVZ
1547,2023-06-10,LAUSANNE,NON,9774,15:49,INTERNATIONAL,BOURG EN BRESSE,GENEVEPA,FRXBK,13:45,CHAJF
1548,2023-06-10,LAVAL,NON,8623,17:16,ATLANTIQUE,ST BRIEUC,PARISBRETA,FRSBK,16:00,FRACR
1549,2023-06-10,GUINGAMP,OUI,8623,18:37,ATLANTIQUE,BREST,PARISBRETA,FRBES,17:35,FRGGP
1550,2023-06-10,GUINGAMP,OUI,8623,18:02,ATLANTIQUE,MORLAIX,PARISBRETA,FRMXN,17:35,FRGGP
1551,2023-06-10,PARIS (intramuros),NON,8623,18:02,ATLANTIQUE,MORLAIX,PARISBRETA,FRMXN,14:41,FRPMO
1552,2023-06-10,RENNES,OUI,8623,18:37,ATLANTIQUE,BREST,PARISBRETA,FRBES,16:32,FRRNS
1553,2023-06-10,ST BRIEUC,OUI,8623,18:37,ATLANTIQUE,BREST,PARISBRETA,FRBES,17:19,FRSBK
1554,2023-06-10,ST BRIEUC,OUI,8623,17:33,ATLANTIQUE,GUINGAMP,PARISBRETA,FRGGP,17:19,FRSBK
1555,2023-06-10,ST BRIEUC,OUI,8623,18:02,ATLANTIQUE,MORLAIX,PARISBRETA,FRMXN,17:19,FRSBK
1556,2023-06-10,ARGENTON SUR CREUSE,OUI,3685,22:59,IC ARO,LIMOGES BENEDICTINS,PALITO,FRAGQ,21:59,FRFMT
1557,2023-06-10,LA SOUTERRAINE,OUI,3685,22:59,IC ARO,LIMOGES BENEDICTINS,PALITO,FRAGQ,22:25,FRLST
1558,2023-06-10,PARIS (intramuros),OUI,3685,00:03,IC ARO,BRIVE LA GAILLARDE,PALITO,FRBVE,19:36,FRPAZ
1559,2023-06-10,VIERZON VILLE,OUI,3685,21:58,IC ARO,ARGENTON SUR CREUSE,PALITO,FRFMT,21:10,FRXVZ
1560,2023-06-10,LYON (intramuros),NON,6813,15:10,SUD EST,AVIGNON TGV,JCPROVSUD,FRAVG,14:06,FRLPD
1561,2023-06-10,LYON (intramuros),NON,6813,15:46,SUD EST,MARSEILLE ST CHARLES,JCPROVSUD,FRMSC,14:06,FRLPD
1562,2023-06-10,LYON (intramuros),NON,6813,16:43,SUD EST,TOULON,JCPROVSUD,FRTLN,14:06,FRLPD
1563,2023-06-10,MARSEILLE ST CHARLES,OUI,6813,16:43,SUD EST,TOULON,JCPROVSUD,FRTLN,15:58,FRMSC
1564,2023-06-10,FIGEAC,NON,3754,05:43,IC NUIT,LES AUBRAIS ORLEANS,OCCITANPAR,FRLAB,23:56,FRFIG
1565,2023-06-10,VIVIEZ DECAZEVILLE,NON,3754,05:43,IC NUIT,LES AUBRAIS ORLEANS,OCCITANPAR,FRLAB,23:29,FRVZD
1566,2023-06-10,ANGERS ST LAUD,NON,5480,18:48,EST,LORRAINE TGV,JCATLEST,FREAM,14:49,FRACL
1567,2023-06-10,ANGERS ST LAUD,NON,5480,16:57,EST,MARNE LA VALLEE CHESSY,JCATLEST,FRMLV,14:49,FRACL
1568,2023-06-10,ANGERS ST LAUD,NON,5480,17:13,EST,AEROPORT CDG2 TGV ROISSY,JCATLEST,FRMLW,14:49,FRACL
1569,2023-06-10,LE MANS,NON,5480,19:29,EST,STRASBOURG,JCATLEST,FRAEG,15:30,FRAET
1570,2023-06-10,LE MANS,NON,5480,17:13,EST,AEROPORT CDG2 TGV ROISSY,JCATLEST,FRMLW,15:30,FRAET
1571,2023-06-10,MASSY TGV,OUI,5480,16:57,EST,MARNE LA VALLEE CHESSY,JCATLEST,FRMLV,16:26,FRDJU
1572,2023-06-10,MASSY TGV,NON,5480,17:13,EST,AEROPORT CDG2 TGV ROISSY,JCATLEST,FRMLW,16:26,FRDJU
1573,2023-06-10,MARNE LA VALLEE CHESSY,NON,5480,18:00,EST,CHAMPAGNE-ARDENNE,JCATLEST,FREAH,17:03,FRMLV
1574,2023-06-10,MARNE LA VALLEE CHESSY,NON,5480,17:13,EST,AEROPORT CDG2 TGV ROISSY,JCATLEST,FRMLW,17:03,FRMLV
1575,2023-06-10,NANTES,NON,5480,19:29,EST,STRASBOURG,JCATLEST,FRAEG,14:09,FRNTE
1576,2023-06-10,NANTES,OUI,5480,15:27,EST,LE MANS,JCATLEST,FRAET,14:09,FRNTE
1577,2023-06-10,NANTES,NON,5480,16:20,EST,MASSY TGV,JCATLEST,FRDJU,14:09,FRNTE
1578,2023-06-10,LORRAINE TGV,NON,2350,09:16,EST,PARIS (intramuros),MULHSTRAPA,FRPST,07:59,FREAM
1579,2023-06-10,AIX EN PROVENCE TGV,NON,6181,22:28,SUD EST,CANNES,PAAZUR,FRJCA,20:20,FRAIE
1580,2023-06-10,PARIS (intramuros),NON,6181,21:11,SUD EST,TOULON,PAAZUR,FRTLN,17:20,FRPLY
1581,2023-06-10,CANNES,NON,6176,14:33,SUD EST,MARSEILLE ST CHARLES,AZURPA,FRMSC,12:33,FRJCA
1582,2023-06-10,CANNES,OUI,6176,12:55,SUD EST,ST RAPHAEL VALESCURE,AZURPA,FRXSK,12:33,FRJCA
1583,2023-06-10,MARSEILLE ST CHARLES,NON,6176,17:51,SUD EST,PARIS (intramuros),AZURPA,FRPLY,14:47,FRMSC
1584,2023-06-10,NICE VILLE,NON,6176,14:33,SUD EST,MARSEILLE ST CHARLES,AZURPA,FRMSC,12:02,FRNIC
1585,2023-06-10,NICE VILLE,OUI,6176,12:55,SUD EST,ST RAPHAEL VALESCURE,AZURPA,FRXSK,12:02,FRNIC
1586,2023-06-10,ANTIBES,NON,6176,17:51,SUD EST,PARIS (intramuros),AZURPA,FRPLY,12:19,FRXAT
1587,2023-06-10,ANTIBES,OUI,6176,13:44,SUD EST,TOULON,AZURPA,FRTLN,12:19,FRXAT
1588,2023-06-10,ANGERS ST LAUD,OUI,8926,20:29,ATLANTIQUE,PARIS (intramuros),LOIREPARIS,FRPMO,18:44,FRACL
1589,2023-06-10,LE CROISIC,OUI,8926,17:21,ATLANTIQUE,ST NAZAIRE,LOIREPARIS,FRSNR,16:55,FREGU
1590,2023-06-10,NANTES,OUI,8926,18:41,ATLANTIQUE,ANGERS ST LAUD,LOIREPARIS,FRACL,18:05,FRNTE
1591,2023-06-10,NANTES,OUI,8926,19:28,ATLANTIQUE,LE MANS,LOIREPARIS,FRAET,18:05,FRNTE
1592,2023-06-10,ST NAZAIRE,OUI,8926,19:28,ATLANTIQUE,LE MANS,LOIREPARIS,FRAET,17:24,FRSNR
1593,2023-06-10,ST NAZAIRE,OUI,8926,17:59,ATLANTIQUE,NANTES,LOIREPARIS,FRNTE,17:24,FRSNR
1594,2023-06-10,ST NAZAIRE,OUI,8926,20:29,ATLANTIQUE,PARIS (intramuros),LOIREPARIS,FRPMO,17:24,FRSNR
1595,2023-06-10,CLERMONT FERRAND,OUI,5990,22:57,IC ARO,PARIS (intramuros),CLERMONTPA,FRPLY,19:31,FRCFE
1596,2023-06-10,CLERMONT FERRAND,OUI,5990,19:40,IC ARO,RIOM CHATEL GUYON,CLERMONTPA,FRRIO,19:31,FRCFE
1597,2023-06-10,VICHY,OUI,5990,20:58,IC ARO,NEVERS,CLERMONTPA,FRNVS,20:06,FRVHY
1598,2023-06-10,BREST,OUI,8602,07:29,ATLANTIQUE,RENNES,BRETAPARIS,FRRNS,05:23,FRBES
1599,2023-06-10,GUINGAMP,OUI,8602,07:29,ATLANTIQUE,RENNES,BRETAPARIS,FRRNS,06:24,FRGGP
1600,2023-06-10,BEZIERS,OUI,6275,16:52,SUD EST,PERPIGNAN,PALANG,FRPGF,15:59,FRBZR
1601,2023-06-10,PARIS (intramuros),NON,6275,15:56,SUD EST,BEZIERS,PALANG,FRBZR,11:44,FRPLY
1602,2023-06-10,PARIS (intramuros),NON,6275,13:57,SUD EST,VALENCE TGV RHONE-ALPES SUD,PALANG,FRVLA,11:44,FRPLY
1603,2023-06-10,VALENCE TGV RHONE-ALPES SUD,OUI,6275,16:52,SUD EST,PERPIGNAN,PALANG,FRPGF,14:00,FRVLA
1604,2023-06-10,VALENCE TGV RHONE-ALPES SUD,OUI,6275,15:41,SUD EST,AGDE,PALANG,FRXAG,14:00,FRVLA
1605,2023-06-10,AGDE,OUI,6275,16:52,SUD EST,PERPIGNAN,PALANG,FRPGF,15:44,FRXAG
1606,2023-06-10,SETE,OUI,6275,16:13,SUD EST,NARBONNE,PALANG,FRXNA,15:28,FRXSY
1607,2023-06-10,VALENCE TGV RHONE-ALPES SUD,OUI,6275,14:36,SUD EST,NIMES PONT DU GARD,PALANG,FRXZP,14:00,FRVLA
1608,2023-06-10,NIMES PONT DU GARD,OUI,6275,16:52,SUD EST,PERPIGNAN,PALANG,FRPGF,14:39,FRXZP
1609,2023-06-10,NIMES PONT DU GARD,OUI,6275,16:13,SUD EST,NARBONNE,PALANG,FRXNA,14:39,FRXZP
1610,2023-06-10,MARSEILLE ST CHARLES,NON,6024,16:16,SUD EST,AIX EN PROVENCE TGV,PROVENCEPA,FRAIE,16:04,FRMSC
1611,2023-06-10,MARSEILLE ST CHARLES,NON,6024,19:22,SUD EST,PARIS (intramuros),PROVENCEPA,FRPLY,16:04,FRMSC
1612,2023-06-10,MACON LOCHE TGV,OUI,6621,18:03,SUD EST,LYON (intramuros),PARISRHONE,FRLPD,17:32,FRMLT
1613,2023-06-10,PARIS (intramuros),NON,6621,18:17,SUD EST,LYON (intramuros),PARISRHONE,FRLPE,15:50,FRPLY
1614,2023-06-10,PARIS (intramuros),NON,6621,17:29,SUD EST,MACON LOCHE TGV,PARISRHONE,FRMLT,15:50,FRPLY
1615,2023-06-10,LYON (intramuros),NON,6604,09:06,SUD EST,PARIS (intramuros),RHONEPARIS,FRPLY,07:04,FRLPD
1616,2023-06-10,NANCY,OUI,2573,21:05,EST,REMIREMONT,PANANCY,FRRNT,19:56,FRENC
1617,2023-06-10,BOURGES,NON,4506,21:03,IC SRO,SAUMUR,JOURLYNNTE,FRACN,19:07,FRBOU
1618,2023-06-10,BOURGES,NON,4506,22:09,IC SRO,NANTES,JOURLYNNTE,FRNTE,19:07,FRBOU
1619,2023-06-10,BOURGES,NON,4506,20:26,IC SRO,ST PIERRE DES CORPS,JOURLYNNTE,FRXSH,19:07,FRBOU
1620,2023-06-10,LYON (intramuros),NON,4506,21:26,IC SRO,ANGERS ST LAUD,JOURLYNNTE,FRACL,15:44,FRLPD
1621,2023-06-10,LYON (intramuros),NON,4506,17:26,IC SRO,ST GERMAIN DES FOSSES,JOURLYNNTE,FRSGF,15:44,FRLPD
1622,2023-06-10,LYON (intramuros),NON,4506,19:26,IC SRO,VIERZON VILLE,JOURLYNNTE,FRXVZ,15:44,FRLPD
1623,2023-06-10,LYON (intramuros),NON,4506,22:09,IC SRO,NANTES,JOURLYNNTE,FRNTE,15:32,FRLPE
1624,2023-06-10,LYON (intramuros),NON,4506,18:21,IC SRO,NEVERS,JOURLYNNTE,FRNVS,15:32,FRLPE
1625,2023-06-10,LYON (intramuros),NON,4506,17:26,IC SRO,ST GERMAIN DES FOSSES,JOURLYNNTE,FRSGF,15:32,FRLPE
1626,2023-06-10,LYON (intramuros),NON,4506,17:51,IC SRO,MOULINS SUR ALLIER,JOURLYNNTE,FRXMU,15:32,FRLPE
1627,2023-06-10,NEVERS,NON,4506,21:03,IC SRO,SAUMUR,JOURLYNNTE,FRACN,18:29,FRNVS
1628,2023-06-10,NEVERS,NON,4506,19:26,IC SRO,VIERZON VILLE,JOURLYNNTE,FRXVZ,18:29,FRNVS
1629,2023-06-10,ROANNE,NON,4506,21:26,IC SRO,ANGERS ST LAUD,JOURLYNNTE,FRACL,16:48,FRRNE
1630,2023-06-10,ROANNE,NON,4506,17:26,IC SRO,ST GERMAIN DES FOSSES,JOURLYNNTE,FRSGF,16:48,FRRNE
1631,2023-06-10,ROANNE,NON,4506,17:51,IC SRO,MOULINS SUR ALLIER,JOURLYNNTE,FRXMU,16:48,FRRNE
1632,2023-06-10,ST GERMAIN DES FOSSES,NON,4506,21:03,IC SRO,SAUMUR,JOURLYNNTE,FRACN,17:28,FRSGF
1633,2023-06-10,ST GERMAIN DES FOSSES,NON,4506,22:09,IC SRO,NANTES,JOURLYNNTE,FRNTE,17:28,FRSGF
1634,2023-06-10,MOULINS SUR ALLIER,NON,4506,21:03,IC SRO,SAUMUR,JOURLYNNTE,FRACN,17:53,FRXMU
1635,2023-06-10,BOURG EN BRESSE,OUI,9766,11:42,INTERNATIONAL,PARIS (intramuros),GENEVEPA,FRPLY,09:52,FRXBK
1636,2023-06-10,MEUSE TGV,NON,2540,13:55,EST,CHAMPAGNE-ARDENNE,NANCYPA,FREAH,13:32,FREAJ
1637,2023-06-10,NANCY,NON,2540,14:45,EST,PARIS (intramuros),NANCYPA,FRPST,12:55,FRENC
1638,2023-06-10,LES AUBRAIS ORLEANS,NON,3971,08:26,IC NUIT,PORTE PUYMORENS,PARPALOMBE,FRFQF,22:49,FRLAB
1639,2023-06-10,LES AUBRAIS ORLEANS,NON,3971,08:46,IC NUIT,LATOUR DE CAROL ENVEITG,PARPALOMBE,FRXTE,22:49,FRLAB
1640,2023-06-10,PARIS (intramuros),NON,3971,08:18,IC NUIT,ANDORRE - L'HOSPITALET,PARPALOMBE,FRFQG,21:41,FRPAZ
1641,2023-06-10,LES AUBRAIS ORLEANS,NON,3971,06:23,IC NUIT,AUTERIVE,PARPALOMBE,FRFPW,22:49,FRLAB
1642,2023-06-10,LIMOGES BENEDICTINS,NON,3605,11:00,IC ARO,BRIVE LA GAILLARDE,PALITO,FRBVE,09:59,FRAGQ
1643,2023-06-10,LIMOGES BENEDICTINS,NON,3605,12:51,IC ARO,MONTAUBAN VILLE BOURBON,PALITO,FRXMW,09:59,FRAGQ
1644,2023-06-10,LIMOGES BENEDICTINS,NON,3605,12:10,IC ARO,CAHORS,PALITO,FRZAO,09:59,FRAGQ
1645,2023-06-10,CHATEAUROUX,NON,3605,11:00,IC ARO,BRIVE LA GAILLARDE,PALITO,FRBVE,08:44,FRCHR
1646,2023-06-10,CHATEAUROUX,NON,3605,09:20,IC ARO,LA SOUTERRAINE,PALITO,FRLST,08:44,FRCHR
1647,2023-06-10,CHATEAUROUX,NON,3605,12:10,IC ARO,CAHORS,PALITO,FRZAO,08:44,FRCHR
1648,2023-06-10,GOURDON,NON,3605,12:51,IC ARO,MONTAUBAN VILLE BOURBON,PALITO,FRXMW,11:45,FRFSI
1649,2023-06-10,GOURDON,NON,3605,12:10,IC ARO,CAHORS,PALITO,FRZAO,11:45,FRFSI
1650,2023-06-10,CAUSSADE TARN ET GARONNE,OUI,3605,13:25,IC ARO,TOULOUSE MATABIAU,PALITO,FRXYT,12:38,FRFTA
1651,2023-06-10,LES AUBRAIS ORLEANS,NON,3605,09:56,IC ARO,LIMOGES BENEDICTINS,PALITO,FRAGQ,07:35,FRLAB
1652,2023-06-10,LES AUBRAIS ORLEANS,NON,3605,08:10,IC ARO,VIERZON VILLE,PALITO,FRXVZ,07:35,FRLAB
1653,2023-06-10,LA SOUTERRAINE,NON,3605,11:00,IC ARO,BRIVE LA GAILLARDE,PALITO,FRBVE,09:22,FRLST
1654,2023-06-10,PARIS (intramuros),NON,3605,12:51,IC ARO,MONTAUBAN VILLE BOURBON,PALITO,FRXMW,06:33,FRPAZ
1655,2023-06-10,MONTAUBAN VILLE BOURBON,OUI,3605,13:25,IC ARO,TOULOUSE MATABIAU,PALITO,FRXYT,12:53,FRXMW
1656,2023-06-10,VIERZON VILLE,NON,3605,09:56,IC ARO,LIMOGES BENEDICTINS,PALITO,FRAGQ,08:12,FRXVZ
1657,2023-06-10,VIERZON VILLE,NON,3605,08:42,IC ARO,CHATEAUROUX,PALITO,FRCHR,08:12,FRXVZ
1658,2023-06-10,VIERZON VILLE,NON,3605,13:25,IC ARO,TOULOUSE MATABIAU,PALITO,FRXYT,08:12,FRXVZ
1659,2023-06-10,CAHORS,OUI,3605,12:51,IC ARO,MONTAUBAN VILLE BOURBON,PALITO,FRXMW,12:12,FRZAO
1660,2023-06-10,ANGERS ST LAUD,NON,4402,13:10,IC SRO,LYON (intramuros),JOURNTELYN,FRLPD,07:10,FRACL
1661,2023-06-10,ANGERS ST LAUD,NON,4402,09:16,IC SRO,VIERZON VILLE,JOURNTELYN,FRXVZ,07:10,FRACL
1662,2023-06-10,SAUMUR,NON,4402,09:43,IC SRO,BOURGES,JOURNTELYN,FRBOU,07:32,FRACN
1663,2023-06-10,SAUMUR,NON,4402,13:22,IC SRO,LYON (intramuros),JOURNTELYN,FRLPE,07:32,FRACN
1664,2023-06-10,BOURGES,NON,4402,12:04,IC SRO,ROANNE,JOURNTELYN,FRRNE,09:45,FRBOU
1665,2023-06-10,NANTES,NON,4402,07:30,IC SRO,SAUMUR,JOURNTELYN,FRACN,06:26,FRNTE
1666,2023-06-10,NEVERS,NON,4402,11:25,IC SRO,ST GERMAIN DES FOSSES,JOURNTELYN,FRSGF,10:32,FRNVS
1667,2023-06-10,ST PIERRE DES CORPS,NON,4402,11:00,IC SRO,MOULINS SUR ALLIER,JOURNTELYN,FRXMU,08:08,FRXSH
1668,2023-06-10,VIERZON VILLE,NON,4402,11:25,IC SRO,ST GERMAIN DES FOSSES,JOURNTELYN,FRSGF,09:20,FRXVZ
1669,2023-06-10,CHATELLERAULT,OUI,8330,07:43,ATLANTIQUE,VENDOME VILLIERS SUR LOIR,ROCHELLEPA,FRESL,06:52,FRXCX
1670,2023-06-10,CHATELLERAULT,OUI,8330,08:33,ATLANTIQUE,PARIS (intramuros),ROCHELLEPA,FRPMO,06:52,FRXCX
1671,2023-06-10,ST PIERRE DES CORPS,OUI,8330,08:33,ATLANTIQUE,PARIS (intramuros),ROCHELLEPA,FRPMO,07:25,FRXSH
1672,2023-06-10,AIX EN PROVENCE TGV,NON,6805,11:06,SUD EST,TOULON,JCPROVSUD,FRTLN,09:51,FRAIE
1673,2023-06-10,LYON (intramuros),NON,6805,11:06,SUD EST,TOULON,JCPROVSUD,FRTLN,08:06,FRLPD
1674,2023-06-10,MARSEILLE ST CHARLES,OUI,6805,12:26,SUD EST,CANNES,JCPROVSUD,FRJCA,10:20,FRMSC
1675,2023-06-10,MARSEILLE ST CHARLES,OUI,6805,12:58,SUD EST,NICE VILLE,JCPROVSUD,FRNIC,10:20,FRMSC
1676,2023-06-10,VALENCE TGV RHONE-ALPES SUD,NON,6805,12:58,SUD EST,NICE VILLE,JCPROVSUD,FRNIC,08:53,FRVLA
1677,2023-06-10,DIJON VILLE,NON,6700,08:42,SUD EST,PARIS (intramuros),BOURPA,FRPLY,07:06,FRABA
1678,2023-06-10,BEZIERS,OUI,4756,12:31,IC ARO,AGEN,TJOURSESO,FRAGF,09:47,FRBZR
1679,2023-06-10,BEZIERS,OUI,4756,10:01,IC ARO,NARBONNE,TJOURSESO,FRXNA,09:47,FRBZR
1680,2023-06-10,CARCASSONNE,OUI,4756,11:18,IC ARO,TOULOUSE MATABIAU,TJOURSESO,FRXYT,10:35,FRCCF
1681,2023-06-10,NANCY,OUI,2574,08:46,EST,PARIS (intramuros),NANCYPA,FRPST,07:16,FRENC
1682,2023-06-10,REMIREMONT,OUI,2574,07:05,EST,NANCY,NANCYPA,FRENC,05:56,FRRNT
1683,2023-06-10,BEZIERS,OUI,6221,12:56,SUD EST,PERPIGNAN,PALANG,FRPGF,12:06,FRBZR
1684,2023-06-10,BEZIERS,OUI,6221,12:20,SUD EST,NARBONNE,PALANG,FRXNA,12:06,FRBZR
1685,2023-06-10,NIMES,NON,6221,11:48,SUD EST,AGDE,PALANG,FRXAG,10:46,FRFNI
1686,2023-06-10,MONTPELLIER SAINT-ROCH,OUI,6221,12:20,SUD EST,NARBONNE,PALANG,FRXNA,11:17,FRMPL
1687,2023-06-10,PARIS (intramuros),NON,6221,12:03,SUD EST,BEZIERS,PALANG,FRBZR,07:40,FRPLY
1688,2023-06-10,VALENCE TGV RHONE-ALPES SUD,NON,6221,11:48,SUD EST,AGDE,PALANG,FRXAG,09:55,FRVLA
1689,2023-06-10,SETE,OUI,6221,12:03,SUD EST,BEZIERS,PALANG,FRBZR,11:34,FRXSY
1690,2023-06-10,SETE,OUI,6221,12:56,SUD EST,PERPIGNAN,PALANG,FRPGF,11:34,FRXSY
1691,2023-06-10,PARIS (intramuros),NON,2815,12:04,EST,METZ VILLE,PAMETZLUX,FRADE,10:40,FRPST
1692,2023-06-10,LIMOGES BENEDICTINS,OUI,3694,21:09,IC ARO,CHATEAUROUX,TOULOUZECO,FRCHR,19:59,FRAGQ
1693,2023-06-10,LIMOGES BENEDICTINS,OUI,3694,23:23,IC ARO,PARIS (intramuros),TOULOUZECO,FRPAZ,19:59,FRAGQ
1694,2023-06-10,LIMOGES BENEDICTINS,OUI,3694,21:45,IC ARO,VIERZON VILLE,TOULOUZECO,FRXVZ,19:59,FRAGQ
1695,2023-06-10,BRIVE LA GAILLARDE,OUI,3694,21:09,IC ARO,CHATEAUROUX,TOULOUZECO,FRCHR,18:56,FRBVE
1696,2023-06-10,CHATEAUROUX,OUI,3694,21:45,IC ARO,VIERZON VILLE,TOULOUZECO,FRXVZ,21:11,FRCHR
1697,2023-06-10,GOURDON,OUI,3694,21:45,IC ARO,VIERZON VILLE,TOULOUZECO,FRXVZ,18:10,FRFSI
1698,2023-06-10,CAUSSADE TARN ET GARONNE,OUI,3694,19:56,IC ARO,LIMOGES BENEDICTINS,TOULOUZECO,FRAGQ,17:17,FRFTA
1699,2023-06-10,CAUSSADE TARN ET GARONNE,OUI,3694,22:22,IC ARO,LES AUBRAIS ORLEANS,TOULOUZECO,FRLAB,17:17,FRFTA
1700,2023-06-10,CAUSSADE TARN ET GARONNE,OUI,3694,23:23,IC ARO,PARIS (intramuros),TOULOUZECO,FRPAZ,17:17,FRFTA
1701,2023-06-10,LA SOUTERRAINE,OUI,3694,22:22,IC ARO,LES AUBRAIS ORLEANS,TOULOUZECO,FRLAB,20:34,FRLST
1702,2023-06-10,SOUILLAC,OUI,3694,21:09,IC ARO,CHATEAUROUX,TOULOUZECO,FRCHR,18:27,FRSOU
1703,2023-06-10,MONTAUBAN VILLE BOURBON,OUI,3694,21:09,IC ARO,CHATEAUROUX,TOULOUZECO,FRCHR,17:03,FRXMW
1704,2023-06-10,MONTAUBAN VILLE BOURBON,OUI,3694,17:41,IC ARO,CAHORS,TOULOUZECO,FRZAO,17:03,FRXMW
1705,2023-06-10,VIERZON VILLE,OUI,3694,23:23,IC ARO,PARIS (intramuros),TOULOUZECO,FRPAZ,21:47,FRXVZ
1706,2023-06-10,TOULOUSE MATABIAU,OUI,3694,17:16,IC ARO,CAUSSADE TARN ET GARONNE,TOULOUZECO,FRFTA,16:31,FRXYT
1707,2023-06-10,TOULOUSE MATABIAU,OUI,3694,20:32,IC ARO,LA SOUTERRAINE,TOULOUZECO,FRLST,16:31,FRXYT
1708,2023-06-10,TOULOUSE MATABIAU,OUI,3694,23:23,IC ARO,PARIS (intramuros),TOULOUZECO,FRPAZ,16:31,FRXYT
1709,2023-06-10,TOULOUSE MATABIAU,OUI,3694,18:25,IC ARO,SOUILLAC,TOULOUZECO,FRSOU,16:31,FRXYT
1710,2023-06-10,TOULOUSE MATABIAU,OUI,3694,17:01,IC ARO,MONTAUBAN VILLE BOURBON,TOULOUZECO,FRXMW,16:31,FRXYT
1711,2023-06-10,POITIERS,NON,8431,09:07,ATLANTIQUE,BORDEAUX ST JEAN,PASUDOUEST,FRBOJ,07:43,FRPIS
1712,2023-06-10,PARIS (intramuros),OUI,8431,07:06,ATLANTIQUE,ST PIERRE DES CORPS,PASUDOUEST,FRXSH,06:00,FRPMO
1713,2023-06-10,ST PIERRE DES CORPS,NON,8431,07:40,ATLANTIQUE,POITIERS,PASUDOUEST,FRPIS,07:10,FRXSH
1714,2023-06-10,BRIVE LA GAILLARDE,OUI,3665,22:46,IC ARO,GOURDON,PALITO,FRFSI,22:06,FRBVE
1715,2023-06-10,CHATEAUROUX,OUI,3665,21:01,IC ARO,LIMOGES BENEDICTINS,PALITO,FRAGQ,19:45,FRCHR
1716,2023-06-10,CHATEAUROUX,OUI,3665,20:24,IC ARO,LA SOUTERRAINE,PALITO,FRLST,19:45,FRCHR
1717,2023-06-10,ARGENTON SUR CREUSE,OUI,3665,20:24,IC ARO,LA SOUTERRAINE,PALITO,FRLST,20:01,FRFMT
1718,2023-06-10,ARGENTON SUR CREUSE,OUI,3665,23:15,IC ARO,CAHORS,PALITO,FRZAO,20:01,FRFMT
1719,2023-06-10,LA SOUTERRAINE,OUI,3665,22:30,IC ARO,SOUILLAC,PALITO,FRSOU,20:26,FRLST
1720,2023-06-10,LA SOUTERRAINE,OUI,3665,23:15,IC ARO,CAHORS,PALITO,FRZAO,20:26,FRLST
1721,2023-06-10,PARIS (intramuros),OUI,3665,21:01,IC ARO,LIMOGES BENEDICTINS,PALITO,FRAGQ,17:37,FRPAZ
1722,2023-06-10,PARIS (intramuros),OUI,3665,20:00,IC ARO,ARGENTON SUR CREUSE,PALITO,FRFMT,17:37,FRPAZ
1723,2023-06-10,PARIS (intramuros),OUI,3665,19:11,IC ARO,VIERZON VILLE,PALITO,FRXVZ,17:37,FRPAZ
1724,2023-06-10,VIERZON VILLE,OUI,3665,22:46,IC ARO,GOURDON,PALITO,FRFSI,19:13,FRXVZ
1725,2023-06-10,BEZIERS,OUI,4752,09:51,IC ARO,MONTAUBAN VILLE BOURBON,TJOURSESO,FRXMW,07:46,FRBZR
1726,2023-06-10,MONTPELLIER SAINT-ROCH,OUI,4752,07:59,IC ARO,NARBONNE,TJOURSESO,FRXNA,07:06,FRMPL
1727,2023-06-10,NARBONNE,OUI,4752,09:51,IC ARO,MONTAUBAN VILLE BOURBON,TJOURSESO,FRXMW,08:02,FRXNA
1728,2023-06-10,TOULOUSE MATABIAU,OUI,4752,11:32,IC ARO,BORDEAUX ST JEAN,TJOURSESO,FRBOJ,09:22,FRXYT
1729,2023-06-10,LE MANS,NON,5460,21:04,EST,STRASBOURG,JCATLEST,FRAEG,16:57,FRAET
1730,2023-06-10,LE MANS,OUI,5460,17:48,EST,MASSY TGV,JCATLEST,FRDJU,16:57,FRAET
1731,2023-06-10,LE MANS,OUI,5460,18:23,EST,MARNE LA VALLEE CHESSY,JCATLEST,FRMLV,16:57,FRAET
1732,2023-06-10,LORRAINE TGV,OUI,5460,21:04,EST,STRASBOURG,JCATLEST,FRAEG,20:28,FREAM
1733,2023-06-10,MARNE LA VALLEE CHESSY,NON,5460,21:04,EST,STRASBOURG,JCATLEST,FRAEG,18:28,FRMLV
1734,2023-06-10,RENNES,OUI,5460,16:51,EST,LE MANS,JCATLEST,FRAET,16:03,FRRNS
1735,2023-06-10,RENNES,OUI,5460,17:48,EST,MASSY TGV,JCATLEST,FRDJU,16:03,FRRNS
1736,2023-06-10,RENNES,NON,5460,20:25,EST,LORRAINE TGV,JCATLEST,FREAM,16:03,FRRNS
1737,2023-06-10,LYON (intramuros),OUI,6685,15:48,SUD EST,ST ETIENNE CHATEAUCREUX,PARISRHONE,FRHHD,15:06,FRLPD
1738,2023-06-10,PARIS (intramuros),NON,6685,14:56,SUD EST,LYON (intramuros),PARISRHONE,FRLPD,12:50,FRPLY
1739,2023-06-10,BORDEAUX ST JEAN,NON,12213,22:22,ATLANTIQUE,AGEN,PASUDOUEST,FRAGF,21:20,FRBOJ
1740,2023-06-10,BORDEAUX ST JEAN,NON,12213,23:02,ATLANTIQUE,MONTAUBAN VILLE BOURBON,PASUDOUEST,FRXMW,21:20,FRBOJ
1741,2023-06-10,QUIMPER,OUI,8746,20:19,ATLANTIQUE,VANNES,BRETAPARIS,FRVNE,19:16,FRUIP
1742,2023-06-10,VANNES,OUI,8746,21:25,ATLANTIQUE,RENNES,BRETAPARIS,FRRNS,20:22,FRVNE
1743,2023-06-10,ANGERS ST LAUD,OUI,8972,12:23,ATLANTIQUE,LE MANS,LOIREPARIS,FRAET,11:45,FRACL
1744,2023-06-10,LES SABLES D'OLONNE,OUI,8972,12:23,ATLANTIQUE,LE MANS,LOIREPARIS,FRAET,09:44,FRLSO
1745,2023-06-10,NANTES,OUI,8972,12:23,ATLANTIQUE,LE MANS,LOIREPARIS,FRAET,11:05,FRNTE
1746,2023-06-10,LA ROCHE SUR YON,OUI,8972,11:42,ATLANTIQUE,ANGERS ST LAUD,LOIREPARIS,FRACL,10:10,FRXRO
1747,2023-06-10,LA ROCHE SUR YON,OUI,8972,13:25,ATLANTIQUE,PARIS (intramuros),LOIREPARIS,FRPMO,10:10,FRXRO
1748,2023-06-10,AGEN,OUI,8519,23:36,ATLANTIQUE,TOULOUSE MATABIAU,PASUDOUEST,FRXYT,22:25,FRAGF
1749,2023-06-10,DAX,NON,8551,22:16,ATLANTIQUE,BIARRITZ,PASUDOUEST,FRBIQ,21:32,FRACG
1750,2023-06-10,DAX,OUI,8551,22:03,ATLANTIQUE,BAYONNE,PASUDOUEST,FRXBY,21:32,FRACG
1751,2023-06-10,DAX,NON,8551,22:32,ATLANTIQUE,ST JEAN DE LUZ CIBOURE,PASUDOUEST,FRXJZ,21:32,FRACG
1752,2023-06-10,BIARRITZ,OUI,8551,22:32,ATLANTIQUE,ST JEAN DE LUZ CIBOURE,PASUDOUEST,FRXJZ,22:19,FRBIQ
1753,2023-06-10,BORDEAUX ST JEAN,OUI,8551,22:03,ATLANTIQUE,BAYONNE,PASUDOUEST,FRXBY,20:20,FRBOJ
1754,2023-06-10,PARIS (intramuros),NON,8551,22:47,ATLANTIQUE,HENDAYE,PASUDOUEST,FRAEF,18:07,FRPMO
1755,2023-06-10,STRASBOURG,OUI,9890,06:56,NORD,MEUSE TGV,JCESTNORD,FREAJ,06:01,FRAEG
1756,2023-06-10,CHAMPAGNE-ARDENNE,NON,9890,09:43,NORD,BRUXELLES MIDI BRUSSEL ZUID,JCESTNORD,BEBMI,07:26,FREAH
1757,2023-06-10,LORRAINE TGV,NON,9890,09:43,NORD,BRUXELLES MIDI BRUSSEL ZUID,JCESTNORD,BEBMI,06:38,FREAM
1758,2023-06-10,LE MANS,NON,8864,10:25,ATLANTIQUE,PARIS (intramuros),LOIREPARIS,FRPMO,09:26,FRAET
1759,2023-06-10,ANGERS ST LAUD,OUI,8917,14:03,ATLANTIQUE,LE POULIGUEN,PARISLOIRE,FREGS,12:16,FRACL
1760,2023-06-10,ANGERS ST LAUD,OUI,8917,14:12,ATLANTIQUE,LE CROISIC,PARISLOIRE,FREGU,12:16,FRACL
1761,2023-06-10,PORNICHET,OUI,8917,14:03,ATLANTIQUE,LE POULIGUEN,PARISLOIRE,FREGS,13:51,FREGR
1762,2023-06-10,LE POULIGUEN,OUI,8917,14:12,ATLANTIQUE,LE CROISIC,PARISLOIRE,FREGU,14:06,FREGS
1763,2023-06-10,LA BAULE ESCOUBLAC,OUI,8917,14:03,ATLANTIQUE,LE POULIGUEN,PARISLOIRE,FREGS,14:00,FRJEE
1764,2023-06-10,ST NAZAIRE,OUI,8917,14:03,ATLANTIQUE,LE POULIGUEN,PARISLOIRE,FREGS,13:38,FRSNR
1765,2023-06-10,ST NAZAIRE,OUI,8917,14:12,ATLANTIQUE,LE CROISIC,PARISLOIRE,FREGU,13:38,FRSNR
1766,2023-06-10,ORTHEZ,NON,14140,08:52,IC SRO,TARBES,SUDOUEST,FRXTB,07:47,FRGFI
1767,2023-06-10,LOURDES,NON,14140,09:35,IC SRO,ST GAUDENS,SUDOUEST,FRFPH,08:39,FRLDE
1768,2023-06-10,LOURDES,NON,14140,10:33,IC SRO,TOULOUSE MATABIAU,SUDOUEST,FRXYT,08:39,FRLDE
1769,2023-06-10,BAYONNE,NON,14140,08:36,IC SRO,LOURDES,SUDOUEST,FRLDE,07:00,FRXBY
1770,2023-06-10,LE MANS,OUI,8082,08:44,ATLANTIQUE,PARIS (intramuros),BRETAPARIS,FRPMO,07:45,FRAET
1771,2023-06-10,DOL DE BRETAGNE,OUI,8082,07:11,ATLANTIQUE,LAVAL,BRETAPARIS,FRACR,06:09,FRDOL
1772,2023-06-10,DOL DE BRETAGNE,OUI,8082,07:42,ATLANTIQUE,LE MANS,BRETAPARIS,FRAET,06:09,FRDOL
1773,2023-06-10,DOL DE BRETAGNE,OUI,8082,06:40,ATLANTIQUE,RENNES,BRETAPARIS,FRRNS,06:09,FRDOL
1774,2023-06-10,ST MALO,OUI,8082,07:42,ATLANTIQUE,LE MANS,BRETAPARIS,FRAET,05:54,FRXSB
1775,2023-06-10,ST MALO,OUI,8082,06:07,ATLANTIQUE,DOL DE BRETAGNE,BRETAPARIS,FRDOL,05:54,FRXSB
1776,2023-06-10,ST MALO,OUI,8082,06:40,ATLANTIQUE,RENNES,BRETAPARIS,FRRNS,05:54,FRXSB
1777,2023-06-10,RETHEL,OUI,2714,08:09,EST,REIMS,SEDBARPA,FRRHE,07:47,FRBDT
1778,2023-06-10,CHARLEVILLE MEZIERES,OUI,2714,08:09,EST,REIMS,SEDBARPA,FRRHE,07:15,FRXCZ
1779,2023-06-10,SEDAN,OUI,2714,07:03,EST,CHARLEVILLE MEZIERES,SEDBARPA,FRXCZ,06:49,FRXSW
1780,2023-06-10,AVIGNON TGV,NON,6131,23:46,SUD EST,AIX EN PROVENCE TGV,PAPROVENCE,FRAIE,23:25,FRAVG
1781,2023-06-10,LE MANS,NON,5336,14:20,SUD EST,MASSY TGV,JCATLSUD,FRDJU,13:30,FRAET
1782,2023-06-10,RENNES,NON,5336,13:27,SUD EST,LE MANS,JCATLSUD,FRAET,12:30,FRRNS
1783,2023-06-10,LES AUBRAIS ORLEANS,NON,3751,05:45,IC NUIT,CAUSSADE TARN ET GARONNE,PAVERMEIL,FRFTA,23:32,FRLAB
1784,2023-06-10,STRASBOURG,OUI,2203,09:11,EST,DIJON VILLE,JCRHINRHON,FRABA,06:47,FRAEG
1785,2023-06-10,STRASBOURG,OUI,2203,08:38,EST,BESANCON - F COMTE TGV,JCRHINRHON,FRTJB,06:47,FRAEG
1786,2023-06-10,COLMAR,OUI,2203,10:56,EST,LYON (intramuros),JCRHINRHON,FRLPD,07:16,FRAEJ
1787,2023-06-10,COLMAR,OUI,2203,08:14,EST,BELFORT-MONTBELIARD TGV,JCRHINRHON,FRTJA,07:16,FRAEJ
1788,2023-06-10,COLMAR,OUI,2203,09:54,EST,CHALON SUR SAONE,JCRHINRHON,FRXCD,07:16,FRAEJ
1789,2023-06-10,MULHOUSE VILLE,OUI,2203,10:56,EST,LYON (intramuros),JCRHINRHON,FRLPD,07:52,FRAEK
1790,2023-06-10,MULHOUSE VILLE,OUI,2203,08:38,EST,BESANCON - F COMTE TGV,JCRHINRHON,FRTJB,07:52,FRAEK
1791,2023-06-10,LYON (intramuros),OUI,2203,12:24,EST,NIMES,JCRHINRHON,FRFNI,11:02,FRLPD
1792,2023-06-10,BELFORT-MONTBELIARD TGV,OUI,2203,10:56,EST,LYON (intramuros),JCRHINRHON,FRLPD,08:17,FRTJA
1793,2023-06-10,BESANCON - F COMTE TGV,OUI,2203,10:56,EST,LYON (intramuros),JCRHINRHON,FRLPD,08:41,FRTJB
1794,2023-06-10,BESANCON - F COMTE TGV,OUI,2203,12:55,EST,MONTPELLIER SAINT-ROCH,JCRHINRHON,FRMPL,08:41,FRTJB
1795,2023-06-10,BESANCON - F COMTE TGV,OUI,2203,09:54,EST,CHALON SUR SAONE,JCRHINRHON,FRXCD,08:41,FRTJB
1796,2023-06-10,BEZIERS,OUI,6260,19:11,SUD EST,AGDE,LANGPA,FRXAG,19:00,FRBZR
1797,2023-06-10,BEZIERS,OUI,6260,19:27,SUD EST,SETE,LANGPA,FRXSY,19:00,FRBZR
1798,2023-06-10,PERPIGNAN,OUI,6260,20:50,SUD EST,VALENCE TGV RHONE-ALPES SUD,LANGPA,FRVLA,18:04,FRPGF
1799,2023-06-10,NARBONNE,OUI,6260,19:11,SUD EST,AGDE,LANGPA,FRXAG,18:43,FRXNA
1800,2023-06-10,MONTPELLIER SUD DE FRANCE,OUI,6260,20:50,SUD EST,VALENCE TGV RHONE-ALPES SUD,LANGPA,FRVLA,19:52,FRSUF
1801,2023-06-10,PERPIGNAN,OUI,6260,19:45,SUD EST,MONTPELLIER SUD DE FRANCE,LANGPA,FRSUF,18:04,FRPGF
1802,2023-06-10,AGDE,OUI,6260,20:11,SUD EST,NIMES PONT DU GARD,LANGPA,FRXZP,19:14,FRXAG
1803,2023-06-10,PARIS (intramuros),OUI,7389,22:04,NORD,DUNKERQUE,PAARRAS,FRADI,19:52,FRPNO
1804,2023-06-10,PARIS (intramuros),OUI,7389,20:40,NORD,ARRAS,PAARRAS,FRQRV,19:52,FRPNO
1805,2023-06-10,BEZIERS,NON,6034,14:13,SUD EST,NIMES,LANGPA,FRFNI,12:58,FRBZR
1806,2023-06-10,BEZIERS,NON,6034,15:01,SUD EST,VALENCE TGV RHONE-ALPES SUD,LANGPA,FRVLA,12:58,FRBZR
1807,2023-06-10,PERPIGNAN,OUI,6034,13:25,SUD EST,SETE,LANGPA,FRXSY,12:04,FRPGF
1808,2023-06-10,VALENCE TGV RHONE-ALPES SUD,NON,6034,17:18,SUD EST,PARIS (intramuros),LANGPA,FRPLY,15:04,FRVLA
1809,2023-06-10,NARBONNE,NON,6034,17:18,SUD EST,PARIS (intramuros),LANGPA,FRPLY,12:41,FRXNA
1810,2023-06-10,NARBONNE,OUI,6034,13:09,SUD EST,AGDE,LANGPA,FRXAG,12:41,FRXNA
1811,2023-06-10,SETE,NON,6034,14:13,SUD EST,NIMES,LANGPA,FRFNI,13:28,FRXSY
1812,2023-06-10,SETE,NON,6034,15:01,SUD EST,VALENCE TGV RHONE-ALPES SUD,LANGPA,FRVLA,13:28,FRXSY
1813,2023-06-10,EPINAL,OUI,2571,15:12,EST,REMIREMONT,PANANCY,FRRNT,14:51,FREPL
1814,2023-06-10,PARIS (intramuros),NON,2571,13:59,EST,NANCY,PANANCY,FRENC,12:22,FRPST
1815,2023-06-10,CHAMPAGNE-ARDENNE,NON,2571,14:49,EST,EPINAL,PANANCY,FREPL,13:05,FREAH
1816,2023-06-10,LORIENT,OUI,8722,14:19,ATLANTIQUE,VANNES,BRETAPARIS,FRVNE,13:50,FRLRT
1817,2023-06-10,LORIENT,OUI,8722,14:06,ATLANTIQUE,AURAY,BRETAPARIS,FRXUY,13:50,FRLRT
1818,2023-06-10,RENNES,OUI,8722,17:08,ATLANTIQUE,PARIS (intramuros),BRETAPARIS,FRPMO,15:35,FRRNS
1819,2023-06-10,QUIMPER,OUI,8722,13:47,ATLANTIQUE,LORIENT,BRETAPARIS,FRLRT,13:14,FRUIP
1820,2023-06-10,QUIMPER,OUI,8722,14:48,ATLANTIQUE,REDON,BRETAPARIS,FRXRN,13:14,FRUIP
1821,2023-06-10,VANNES,OUI,8722,15:25,ATLANTIQUE,RENNES,BRETAPARIS,FRRNS,14:22,FRVNE
1822,2023-06-10,VANNES,OUI,8722,14:48,ATLANTIQUE,REDON,BRETAPARIS,FRXRN,14:22,FRVNE
1823,2023-06-10,AURAY,OUI,8722,17:08,ATLANTIQUE,PARIS (intramuros),BRETAPARIS,FRPMO,14:09,FRXUY
1824,2023-06-10,AURAY,OUI,8722,15:25,ATLANTIQUE,RENNES,BRETAPARIS,FRRNS,14:09,FRXUY
1825,2023-06-10,AURAY,OUI,8722,14:19,ATLANTIQUE,VANNES,BRETAPARIS,FRVNE,14:09,FRXUY
1826,2023-06-10,LAVAL,OUI,8641,21:38,ATLANTIQUE,GUINGAMP,PARISBRETA,FRGGP,19:58,FRACR
1827,2023-06-10,LAVAL,OUI,8641,21:08,ATLANTIQUE,LAMBALLE,PARISBRETA,FRLAM,19:58,FRACR
1828,2023-06-10,LAVAL,OUI,8641,21:53,ATLANTIQUE,PLOUARET TREGOR,PARISBRETA,FRPLT,19:58,FRACR
1829,2023-06-10,LAMBALLE,OUI,8641,21:53,ATLANTIQUE,PLOUARET TREGOR,PARISBRETA,FRPLT,21:11,FRLAM
1830,2023-06-10,LAMBALLE,OUI,8641,22:36,ATLANTIQUE,LANDERNEAU,PARISBRETA,FRXLD,21:11,FRLAM
1831,2023-06-10,PLOUARET TREGOR,OUI,8641,22:51,ATLANTIQUE,BREST,PARISBRETA,FRBES,21:55,FRPLT
1832,2023-06-10,ST BRIEUC,OUI,8641,21:53,ATLANTIQUE,PLOUARET TREGOR,PARISBRETA,FRPLT,21:24,FRSBK
1833,2023-06-10,PARIS (intramuros),NON,6681,09:56,SUD EST,LYON (intramuros),PARISRHONE,FRLPD,07:50,FRPLY
1834,2023-06-10,LIMOGES BENEDICTINS,NON,3644,12:42,IC ARO,VIERZON VILLE,TOULOUZECO,FRXVZ,10:54,FRAGQ
1835,2023-06-10,BRIVE LA GAILLARDE,OUI,3644,10:51,IC ARO,LIMOGES BENEDICTINS,TOULOUZECO,FRAGQ,09:50,FRBVE
1836,2023-06-10,BRIVE LA GAILLARDE,NON,3644,12:04,IC ARO,CHATEAUROUX,TOULOUZECO,FRCHR,09:50,FRBVE
1837,2023-06-10,CAUSSADE TARN ET GARONNE,OUI,3644,09:00,IC ARO,GOURDON,TOULOUZECO,FRFSI,08:07,FRFTA
1838,2023-06-10,LA SOUTERRAINE,NON,3644,13:18,IC ARO,LES AUBRAIS ORLEANS,TOULOUZECO,FRLAB,11:29,FRLST
1839,2023-06-10,MONTAUBAN VILLE BOURBON,OUI,3644,10:51,IC ARO,LIMOGES BENEDICTINS,TOULOUZECO,FRAGQ,07:53,FRXMW
1840,2023-06-10,MONTAUBAN VILLE BOURBON,OUI,3644,08:06,IC ARO,CAUSSADE TARN ET GARONNE,TOULOUZECO,FRFTA,07:53,FRXMW
1841,2023-06-10,TOULOUSE MATABIAU,OUI,3644,10:51,IC ARO,LIMOGES BENEDICTINS,TOULOUZECO,FRAGQ,07:18,FRXYT
1842,2023-06-10,TOULOUSE MATABIAU,NON,3644,12:42,IC ARO,VIERZON VILLE,TOULOUZECO,FRXVZ,07:18,FRXYT
1843,2023-06-10,CAHORS,OUI,3644,09:00,IC ARO,GOURDON,TOULOUZECO,FRFSI,08:35,FRZAO
1844,2023-06-10,CAHORS,OUI,3644,09:18,IC ARO,SOUILLAC,TOULOUZECO,FRSOU,08:35,FRZAO
1845,2023-06-10,AVIGNON TGV,OUI,6866,20:54,SUD EST,LYON (intramuros),JCSUDPROV,FRLPD,19:48,FRAVG
1846,2023-06-10,AUGSBURG HBF,NON,9576,09:11,INTERNATIONAL,STUTTGART HBF,MUNSTUTPA,DESGT,07:20,DEAGB
1847,2023-06-10,ULM HBF,NON,9576,09:51,INTERNATIONAL,KARLSRUHE HBF,MUNSTUTPA,DEQKA,08:04,DEQUL
1848,2023-06-10,ULM HBF,NON,9576,10:37,INTERNATIONAL,STRASBOURG,MUNSTUTPA,FRAEG,08:04,DEQUL
1849,2023-06-10,STRASBOURG,NON,9576,12:31,INTERNATIONAL,PARIS (intramuros),MUNSTUTPA,FRPST,10:44,FRAEG
1850,2023-06-10,LE MANS,NON,5000,11:17,NORD,RENNES,JCNORDBRET,FRRNS,10:32,FRAET
1851,2023-06-10,LILLE (intramuros),NON,5000,09:34,NORD,MASSY TGV,JCNORDBRET,FRDJU,07:52,FRLLE
1852,2023-06-10,AEROPORT CDG2 TGV ROISSY,NON,5000,10:29,NORD,LE MANS,JCNORDBRET,FRAET,08:48,FRMLW
1853,2023-06-10,AEROPORT CDG2 TGV ROISSY,NON,5000,08:57,NORD,MARNE LA VALLEE CHESSY,JCNORDBRET,FRMLV,08:48,FRMLW
1854,2023-06-10,PARIS (intramuros),NON,6109,13:18,SUD EST,AVIGNON TGV,PAPROVENCE,FRAVG,10:36,FRPLY
1855,2023-06-10,LAVAL,NON,8707,12:38,ATLANTIQUE,QUIMPER,PARISBRETA,FRUIP,09:58,FRACR
1856,2023-06-10,LAVAL,NON,8707,11:29,ATLANTIQUE,VANNES,PARISBRETA,FRVNE,09:58,FRACR
1857,2023-06-10,LAVAL,NON,8707,11:42,ATLANTIQUE,AURAY,PARISBRETA,FRXUY,09:58,FRACR
1858,2023-06-10,PARIS (intramuros),NON,8707,11:29,ATLANTIQUE,VANNES,PARISBRETA,FRVNE,08:40,FRPMO
1859,2023-06-10,REDON,NON,8707,11:29,ATLANTIQUE,VANNES,PARISBRETA,FRVNE,11:06,FRXRN
1860,2023-06-10,PARIS (intramuros),NON,7375,17:39,NORD,HAZEBROUCK,PAARRAS,FRHZK,15:52,FRPNO
1861,2023-06-10,PARIS (intramuros),NON,7375,16:41,NORD,ARRAS,PAARRAS,FRQRV,15:52,FRPNO
1862,2023-06-10,PARIS (intramuros),NON,8057,09:46,ATLANTIQUE,RENNES,PARISBRETA,FRRNS,08:14,FRPMO
1863,2023-06-10,POITIERS,OUI,8346,21:20,ATLANTIQUE,PARIS (intramuros),ROCHELLEPA,FRPMO,19:22,FRPIS
1864,2023-06-10,POITIERS,OUI,8346,20:16,ATLANTIQUE,ST PIERRE DES CORPS,ROCHELLEPA,FRXSH,19:22,FRPIS
1865,2023-06-10,BRUXELLES MIDI BRUSSEL ZUID,NON,9810,11:15,NORD,VALENCE TGV RHONE-ALPES SUD,JCNORDSUD,FRVLA,06:25,BEBMI
1866,2023-06-10,AVIGNON TGV,NON,9810,12:24,NORD,MARSEILLE ST CHARLES,JCNORDSUD,FRMSC,11:55,FRAVG
1867,2023-06-10,LILLE (intramuros),NON,9810,08:23,NORD,AEROPORT CDG2 TGV ROISSY,JCNORDSUD,FRMLW,07:24,FRLLE
1868,2023-06-10,LYON (intramuros),NON,9810,11:15,NORD,VALENCE TGV RHONE-ALPES SUD,JCNORDSUD,FRVLA,10:35,FRLPD
1869,2023-06-10,LYON (intramuros),OUI,6622,17:00,SUD EST,PARIS (intramuros),RHONEPARIS,FRPLY,15:04,FRLPD
1870,2023-06-10,DIJON VILLE,NON,2242,14:06,EST,BESANCON - F COMTE TGV,JCRHONRHIN,FRTJB,13:37,FRABA
1871,2023-06-10,COLMAR,OUI,2242,15:54,EST,STRASBOURG,JCRHONRHIN,FRAEG,15:27,FRAEJ
1872,2023-06-10,AIX EN PROVENCE TGV,NON,2242,15:54,EST,STRASBOURG,JCRHONRHIN,FRAEG,09:58,FRAIE
1873,2023-06-10,AIX EN PROVENCE TGV,NON,2242,14:55,EST,MULHOUSE VILLE,JCRHONRHIN,FRAEK,09:58,FRAIE
1874,2023-06-10,AIX EN PROVENCE TGV,NON,2242,12:41,EST,CHALON SUR SAONE,JCRHONRHIN,FRXCD,09:58,FRAIE
1875,2023-06-10,AVIGNON TGV,NON,2242,11:26,EST,LYON (intramuros),JCRHONRHIN,FRLPD,10:20,FRAVG
1876,2023-06-10,MACON VILLE,NON,2242,14:55,EST,MULHOUSE VILLE,JCRHONRHIN,FRAEK,12:12,FRHGU
1877,2023-06-10,CANNES,NON,2242,15:24,EST,COLMAR,JCRHONRHIN,FRAEJ,07:30,FRJCA
1878,2023-06-10,LYON (intramuros),NON,2242,12:09,EST,MACON VILLE,JCRHONRHIN,FRHGU,11:32,FRLPD
1879,2023-06-10,LYON (intramuros),NON,2242,13:03,EST,BEAUNE,JCRHONRHIN,FRXBV,11:32,FRLPD
1880,2023-06-10,MARSEILLE ST CHARLES,NON,2242,12:41,EST,CHALON SUR SAONE,JCRHONRHIN,FRXCD,09:45,FRMSC
1881,2023-06-10,NICE VILLE,NON,2242,15:54,EST,STRASBOURG,JCRHONRHIN,FRAEG,07:00,FRNIC
1882,2023-06-10,NICE VILLE,NON,2242,15:24,EST,COLMAR,JCRHONRHIN,FRAEJ,07:00,FRNIC
1883,2023-06-10,BELFORT-MONTBELIARD TGV,NON,2242,15:24,EST,COLMAR,JCRHONRHIN,FRAEJ,14:33,FRTJA
1884,2023-06-10,BESANCON - F COMTE TGV,NON,2242,14:55,EST,MULHOUSE VILLE,JCRHONRHIN,FRAEK,14:09,FRTJB
1885,2023-06-10,BESANCON - F COMTE TGV,NON,2242,14:30,EST,BELFORT-MONTBELIARD TGV,JCRHONRHIN,FRTJA,14:09,FRTJB
1886,2023-06-10,TOULON,NON,2242,12:41,EST,CHALON SUR SAONE,JCRHONRHIN,FRXCD,08:50,FRTLN
1887,2023-06-10,ANTIBES,OUI,2242,08:46,EST,TOULON,JCRHONRHIN,FRTLN,07:16,FRXAT
1888,2023-06-10,LES ARCS DRAGUIGNAN,NON,2242,09:33,EST,MARSEILLE ST CHARLES,JCRHONRHIN,FRMSC,08:12,FRXRS
1889,2023-06-10,LES ARCS DRAGUIGNAN,NON,2242,12:41,EST,CHALON SUR SAONE,JCRHONRHIN,FRXCD,08:12,FRXRS
1890,2023-06-10,ST RAPHAEL VALESCURE,NON,2242,14:55,EST,MULHOUSE VILLE,JCRHONRHIN,FRAEK,07:55,FRXSK
1891,2023-06-10,ST RAPHAEL VALESCURE,NON,2242,09:55,EST,AIX EN PROVENCE TGV,JCRHONRHIN,FRAIE,07:55,FRXSK
1892,2023-06-10,CANNES,NON,2242,14:06,EST,BESANCON - F COMTE TGV,JCRHONRHIN,FRTJB,07:30,FRJCA
1893,2023-06-10,NICE VILLE,NON,2242,14:06,EST,BESANCON - F COMTE TGV,JCRHONRHIN,FRTJB,07:00,FRNIC
1894,2023-06-10,ST RAPHAEL VALESCURE,NON,2242,14:06,EST,BESANCON - F COMTE TGV,JCRHONRHIN,FRTJB,07:55,FRXSK
1895,2023-06-10,BEAUNE,NON,2242,14:06,EST,BESANCON - F COMTE TGV,JCRHONRHIN,FRTJB,13:06,FRXBV
1896,2023-06-10,VICHY,OUI,5966,11:29,IC ARO,MOULINS SUR ALLIER,CLERMONTPA,FRXMU,11:06,FRVHY
1897,2023-06-10,MOULINS SUR ALLIER,OUI,5966,13:57,IC ARO,PARIS (intramuros),CLERMONTPA,FRPLY,11:31,FRXMU
1898,2023-06-10,LE MANS,NON,5332,09:16,SUD EST,MASSY TGV,JCATLSUD,FRDJU,08:26,FRAET
1899,2023-06-10,AIX EN PROVENCE TGV,OUI,5332,13:24,SUD EST,MARSEILLE ST CHARLES,JCATLSUD,FRMSC,13:13,FRAIE
1900,2023-06-10,AVIGNON TGV,NON,5332,13:24,SUD EST,MARSEILLE ST CHARLES,JCATLSUD,FRMSC,12:50,FRAVG
1901,2023-06-10,MASSY TGV,NON,5332,11:30,SUD EST,LYON (intramuros),JCATLSUD,FRLPD,09:26,FRDJU
1902,2023-06-10,RENNES,NON,5332,13:10,SUD EST,AIX EN PROVENCE TGV,JCATLSUD,FRAIE,07:31,FRRNS
1903,2023-06-10,AIX EN PROVENCE TGV,OUI,6129,22:56,SUD EST,MARSEILLE ST CHARLES,PAPROVENCE,FRMSC,22:44,FRAIE
1904,2023-06-10,DAX,NON,8537,14:32,ATLANTIQUE,ST JEAN DE LUZ CIBOURE,PASUDOUEST,FRXJZ,13:32,FRACG
1905,2023-06-10,BORDEAUX ST JEAN,NON,8537,14:32,ATLANTIQUE,ST JEAN DE LUZ CIBOURE,PASUDOUEST,FRXJZ,12:20,FRBOJ
1906,2023-06-10,PARIS (intramuros),NON,8537,12:14,ATLANTIQUE,BORDEAUX ST JEAN,PASUDOUEST,FRBOJ,10:08,FRPMO
1907,2023-06-10,PARIS (intramuros),NON,8537,14:03,ATLANTIQUE,BAYONNE,PASUDOUEST,FRXBY,10:08,FRPMO
1908,2023-06-10,BAYONNE,OUI,8537,14:16,ATLANTIQUE,BIARRITZ,PASUDOUEST,FRBIQ,14:06,FRXBY
1909,2023-06-10,ST MALO,OUI,8086,15:52,ATLANTIQUE,DOL DE BRETAGNE,BRETAPARIS,FRDOL,15:39,FRXSB
1910,2023-06-10,TOULOUSE MATABIAU,OUI,8514,20:58,ATLANTIQUE,PARIS (intramuros),SUDOUESTPA,FRPMO,16:23,FRXYT
1911,2023-06-10,AGEN,NON,4665,23:00,IC ARO,MARSEILLE ST CHARLES,TJOURSOSE,FRMSC,17:32,FRAGF
1912,2023-06-10,AGEN,NON,4665,19:58,IC ARO,NARBONNE,TJOURSOSE,FRXNA,17:32,FRAGF
1913,2023-06-10,BORDEAUX ST JEAN,NON,4665,20:14,IC ARO,BEZIERS,TJOURSOSE,FRBZR,16:28,FRBOJ
1914,2023-06-10,BEZIERS,OUI,4665,21:19,IC ARO,NIMES,TJOURSOSE,FRFNI,20:17,FRBZR
1915,2023-06-10,BEZIERS,OUI,4665,23:00,IC ARO,MARSEILLE ST CHARLES,TJOURSOSE,FRMSC,20:17,FRBZR
1916,2023-06-10,CARCASSONNE,NON,4665,20:14,IC ARO,BEZIERS,TJOURSOSE,FRBZR,19:29,FRCCF
1917,2023-06-10,CARCASSONNE,NON,4665,20:52,IC ARO,MONTPELLIER SAINT-ROCH,TJOURSOSE,FRMPL,19:29,FRCCF
1918,2023-06-10,MONTAUBAN VILLE BOURBON,NON,4665,20:14,IC ARO,BEZIERS,TJOURSOSE,FRBZR,18:09,FRXMW
1919,2023-06-10,MONTAUBAN VILLE BOURBON,NON,4665,21:19,IC ARO,NIMES,TJOURSOSE,FRFNI,18:09,FRXMW
1920,2023-06-10,TOULOUSE MATABIAU,NON,4665,19:58,IC ARO,NARBONNE,TJOURSOSE,FRXNA,18:45,FRXYT
1921,2023-06-10,NIORT,OUI,8367,20:06,ATLANTIQUE,SURGERES,PAROCHELLE,FREIP,19:48,FRNIT
1922,2023-06-10,PARIS (intramuros),OUI,8367,20:30,ATLANTIQUE,LA ROCHELLE VILLE,PAROCHELLE,FRLRH,17:28,FRPMO
1923,2023-06-10,PARIS (intramuros),OUI,8367,18:35,ATLANTIQUE,ST PIERRE DES CORPS,PAROCHELLE,FRXSH,17:28,FRPMO
1924,2023-06-10,VENDOME VILLIERS SUR LOIR,OUI,8367,19:45,ATLANTIQUE,NIORT,PAROCHELLE,FRNIT,18:16,FRESL
1925,2023-06-10,VENDOME VILLIERS SUR LOIR,OUI,8367,20:06,ATLANTIQUE,SURGERES,PAROCHELLE,FREIP,18:16,FRESL
1926,2023-06-10,ST PIERRE DES CORPS,NON,8377,15:21,ATLANTIQUE,LA ROCHELLE VILLE,PAROCHELLE,FRLRH,13:20,FRXSH
1927,2023-06-10,LES AUBRAIS ORLEANS,OUI,3751,04:22,IC NUIT,GOURDON,PAVERMEIL,FRFSI,23:32,FRLAB
1928,2023-06-10,LES AUBRAIS ORLEANS,OUI,3751,05:45,IC NUIT,CAUSSADE TARN ET GARONNE,PAVERMEIL,FRFTA,23:32,FRLAB
1929,2023-06-10,LES AUBRAIS ORLEANS,OUI,3751,03:59,IC NUIT,SOUILLAC,PAVERMEIL,FRSOU,23:32,FRLAB
1930,2023-06-10,PARIS (intramuros),OUI,3751,04:22,IC NUIT,GOURDON,PAVERMEIL,FRFSI,22:12,FRPAZ
1931,2023-06-10,PARIS (intramuros),OUI,3751,05:45,IC NUIT,CAUSSADE TARN ET GARONNE,PAVERMEIL,FRFTA,22:12,FRPAZ
1932,2023-06-10,PARIS (intramuros),OUI,3751,03:59,IC NUIT,SOUILLAC,PAVERMEIL,FRSOU,22:12,FRPAZ
1933,2023-06-10,LE MANS,NON,8063,23:09,ATLANTIQUE,RENNES,PARISBRETA,FRRNS,22:13,FRAET
1934,2023-06-10,BEZIERS,OUI,6202,08:24,SUD EST,SETE,LANGPA,FRXSY,07:58,FRBZR
1935,2023-06-10,PERPIGNAN,OUI,6202,08:08,SUD EST,AGDE,LANGPA,FRXAG,07:04,FRPGF
1936,2023-06-10,NARBONNE,OUI,6202,07:55,SUD EST,BEZIERS,LANGPA,FRBZR,07:42,FRXNA
1937,2023-06-10,NARBONNE,NON,6202,12:18,SUD EST,PARIS (intramuros),LANGPA,FRPLY,07:42,FRXNA
1938,2023-06-10,NARBONNE,OUI,6202,08:24,SUD EST,SETE,LANGPA,FRXSY,07:42,FRXNA
1939,2023-06-10,SETE,OUI,6202,09:13,SUD EST,NIMES,LANGPA,FRFNI,08:27,FRXSY
1940,2023-06-10,CANNES,NON,5772,07:57,IC NUIT,PARIS (intramuros),AZURPAR,FRPAZ,19:37,FRJCA
1941,2023-06-10,LES ARCS DRAGUIGNAN,NON,5772,07:57,IC NUIT,PARIS (intramuros),AZURPAR,FRPAZ,20:19,FRXRS
1942,2023-06-10,BORDEAUX ST JEAN,NON,3854,11:53,IC SRO,ROCHEFORT,BORDONANTE,FRRCO,09:53,FRBOJ
1943,2023-06-10,BORDEAUX ST JEAN,NON,3854,11:23,IC SRO,SAINTES,BORDONANTE,FRXST,09:53,FRBOJ
1944,2023-06-10,JONZAC,NON,3854,11:53,IC SRO,ROCHEFORT,BORDONANTE,FRRCO,10:41,FREMR
1945,2023-06-10,LUCON,NON,3854,14:05,IC SRO,NANTES,BORDONANTE,FRNTE,13:00,FRLCN
1946,2023-06-10,LA ROCHELLE VILLE,NON,3854,14:05,IC SRO,NANTES,BORDONANTE,FRNTE,12:19,FRLRH
1947,2023-06-10,TARBES,OUI,3742,07:18,IC NUIT,PARIS (intramuros),PALOMBEPAR,FRPAZ,22:13,FRXTB
1948,2023-06-10,DOUAI,OUI,7112,10:08,NORD,PARIS (intramuros),ARRASPA,FRPNO,08:51,FRXDN
1949,2023-06-10,ANGOULEME,NON,5060,08:49,NORD,MASSY TGV,JCAQUINORD,FRDJU,06:36,FRANG
1950,2023-06-10,ANGOULEME,NON,5060,09:27,NORD,MARNE LA VALLEE CHESSY,JCAQUINORD,FRMLV,06:36,FRANG
1951,2023-06-10,ANGOULEME,NON,5060,09:41,NORD,AEROPORT CDG2 TGV ROISSY,JCAQUINORD,FRMLW,06:36,FRANG
1952,2023-06-10,BORDEAUX ST JEAN,NON,5060,08:49,NORD,MASSY TGV,JCAQUINORD,FRDJU,05:58,FRBOJ
1953,2023-06-10,MASSY TGV,NON,5060,09:27,NORD,MARNE LA VALLEE CHESSY,JCAQUINORD,FRMLV,08:55,FRDJU
1954,2023-06-10,ANGERS ST LAUD,OUI,8921,15:50,ATLANTIQUE,LA BAULE ESCOUBLAC,PARISLOIRE,FRJEE,14:16,FRACL
1955,2023-06-10,PARIS (intramuros),NON,8921,14:13,ATLANTIQUE,ANGERS ST LAUD,PARISLOIRE,FRACL,12:49,FRPMO
1956,2023-06-10,KARLSRUHE HBF,NON,9592,18:05,INTERNATIONAL,PARIS (intramuros),MUNSTUTPA,FRPST,15:32,DEQKA
1957,2023-06-10,EPINAL,OUI,2580,17:06,EST,NANCY,NANCYPA,FRENC,16:21,FREPL
1958,2023-06-10,REMIREMONT,OUI,2580,17:06,EST,NANCY,NANCYPA,FRENC,15:58,FRRNT
1959,2023-06-10,CHAMBERY CHALLES LES EAUX,NON,9249,21:49,INTERNATIONAL,MILANO P GARIBALDI,PAITALIE,ITMPG,17:44,FRCMF
1960,2023-06-10,ST JEAN DE MAURIENNE ARVAN,NON,9249,18:49,INTERNATIONAL,MODANE,PAITALIE,FRAGR,18:25,FRHPN
1961,2023-06-10,BORDEAUX ST JEAN,OUI,8512,17:12,ATLANTIQUE,PARIS (intramuros),SUDOUESTPA,FRPMO,14:46,FRBOJ
1962,2023-06-10,AGEN,OUI,8512,15:20,ATLANTIQUE,ANGOULEME,SUDOUESTPA,FRANG,13:35,FRAGF
1963,2023-06-10,PARIS (intramuros),OUI,6223,20:31,SUD EST,MONTPELLIER SAINT-ROCH,PALANG,FRMPL,16:54,FRPLY
1964,2023-06-10,CHAMPAGNE-ARDENNE,OUI,9894,21:01,NORD,BRUXELLES MIDI BRUSSEL ZUID,JCESTNORD,BEBMI,18:35,FREAH
1965,2023-06-10,CHAMPAGNE-ARDENNE,OUI,9894,19:06,NORD,AEROPORT CDG2 TGV ROISSY,JCESTNORD,FRMLW,18:35,FREAH
1966,2023-06-10,LORRAINE TGV,NON,9894,21:01,NORD,BRUXELLES MIDI BRUSSEL ZUID,JCESTNORD,BEBMI,17:42,FREAM
1967,2023-06-10,LORRAINE TGV,NON,9894,19:06,NORD,AEROPORT CDG2 TGV ROISSY,JCESTNORD,FRMLW,17:42,FREAM
1968,2023-06-10,AEROPORT CDG2 TGV ROISSY,OUI,9894,19:38,NORD,TGV HAUTE PICARDIE,JCESTNORD,FRTHP,19:12,FRMLW
1969,2023-06-10,VENDOME VILLIERS SUR LOIR,OUI,8321,20:45,ATLANTIQUE,TOURS,PAROCHELLE,FRAFW,20:16,FRESL
1970,2023-06-10,ST PIERRE DES CORPS,OUI,8321,20:45,ATLANTIQUE,TOURS,PAROCHELLE,FRAFW,20:40,FRXSH
1971,2023-06-10,PARIS (intramuros),NON,8331,09:22,ATLANTIQUE,FUTUROSCOPE,PAROCHELLE,FRTGO,07:28,FRPMO
1972,2023-06-10,CHATELLERAULT,NON,8331,09:35,ATLANTIQUE,POITIERS,PAROCHELLE,FRPIS,09:10,FRXCX
1973,2023-06-10,CHATELLERAULT,NON,8331,09:22,ATLANTIQUE,FUTUROSCOPE,PAROCHELLE,FRTGO,09:10,FRXCX
1974,2023-06-10,FRANKFURT MAIN HBF,NON,9580,14:37,INTERNATIONAL,MANNHEIM HBF,FRANCMRS,DEMHG,13:56,DEFRH
1975,2023-06-10,FRANKFURT MAIN HBF,NON,9580,15:05,INTERNATIONAL,KARLSRUHE HBF,FRANCMRS,DEQKA,13:56,DEFRH
1976,2023-06-10,FRANKFURT MAIN HBF,NON,9580,21:12,INTERNATIONAL,AVIGNON TGV,FRANCMRS,FRAVG,13:56,DEFRH
1977,2023-06-10,FRANKFURT MAIN HBF,NON,9580,19:56,INTERNATIONAL,LYON (intramuros),FRANCMRS,FRLPD,13:56,DEFRH
1978,2023-06-10,FRANKFURT MAIN HBF,NON,9580,17:31,INTERNATIONAL,BELFORT-MONTBELIARD TGV,FRANCMRS,FRTJA,13:56,DEFRH
1979,2023-06-10,FRANKFURT MAIN HBF,NON,9580,17:55,INTERNATIONAL,BESANCON - F COMTE TGV,FRANCMRS,FRTJB,13:56,DEFRH
1980,2023-06-10,FRANKFURT MAIN HBF,NON,9580,18:53,INTERNATIONAL,CHALON SUR SAONE,FRANCMRS,FRXCD,13:56,DEFRH
1981,2023-06-10,MANNHEIM HBF,NON,9580,15:34,INTERNATIONAL,BADEN BADEN,FRANCMRS,DEZCC,14:39,DEMHG
1982,2023-06-10,MANNHEIM HBF,NON,9580,17:05,INTERNATIONAL,MULHOUSE VILLE,FRANCMRS,FRAEK,14:39,DEMHG
1983,2023-06-10,MANNHEIM HBF,NON,9580,21:12,INTERNATIONAL,AVIGNON TGV,FRANCMRS,FRAVG,14:39,DEMHG
1984,2023-06-10,MANNHEIM HBF,NON,9580,21:48,INTERNATIONAL,MARSEILLE ST CHARLES,FRANCMRS,FRMSC,14:39,DEMHG
1985,2023-06-10,MANNHEIM HBF,NON,9580,18:53,INTERNATIONAL,CHALON SUR SAONE,FRANCMRS,FRXCD,14:39,DEMHG
1986,2023-06-10,BADEN BADEN,NON,9580,16:02,INTERNATIONAL,STRASBOURG,FRANCMRS,FRAEG,15:35,DEZCC
1987,2023-06-10,BADEN BADEN,NON,9580,18:53,INTERNATIONAL,CHALON SUR SAONE,FRANCMRS,FRXCD,15:35,DEZCC
1988,2023-06-10,MULHOUSE VILLE,NON,9580,17:55,INTERNATIONAL,BESANCON - F COMTE TGV,FRANCMRS,FRTJB,17:09,FRAEK
1989,2023-06-10,MULHOUSE VILLE,NON,9580,18:53,INTERNATIONAL,CHALON SUR SAONE,FRANCMRS,FRXCD,17:09,FRAEK
1990,2023-06-10,LYON (intramuros),NON,9580,21:12,INTERNATIONAL,AVIGNON TGV,FRANCMRS,FRAVG,20:06,FRLPD
1991,2023-06-10,BELFORT-MONTBELIARD TGV,NON,9580,21:34,INTERNATIONAL,AIX EN PROVENCE TGV,FRANCMRS,FRAIE,17:34,FRTJA
1992,2023-06-10,BELFORT-MONTBELIARD TGV,NON,9580,19:56,INTERNATIONAL,LYON (intramuros),FRANCMRS,FRLPD,17:34,FRTJA
1993,2023-06-10,BASEL SBB,NON,9215,18:26,INTERNATIONAL,ZUERICH HB,PABALZUR,CHAJD,17:33,CHAJP
1994,2023-06-10,BELFORT-MONTBELIARD TGV,NON,9215,17:26,INTERNATIONAL,BASEL SBB,PABALZUR,CHAJP,16:40,FRTJA
1995,2023-06-10,PARIS (intramuros),NON,9775,18:14,INTERNATIONAL,LAUSANNE,PAGENEVE,CHAJF,14:16,FRPLY
1996,2023-06-10,PARIS (intramuros),NON,9775,16:09,INTERNATIONAL,BOURG EN BRESSE,PAGENEVE,FRXBK,14:16,FRPLY
1997,2023-06-10,BOURG EN BRESSE,NON,9775,17:00,INTERNATIONAL,BELLEGARDE,PAGENEVE,FRXBF,16:12,FRXBK
1998,2023-06-10,THIONVILLE,OUI,2870,16:31,EST,PARIS (intramuros),LUXMETZPA,FRPST,14:34,FRXTH
1999,2023-06-10,MONTPELLIER SUD DE FRANCE,NON,6252,12:50,SUD EST,VALENCE TGV RHONE-ALPES SUD,LANGPA,FRVLA,11:52,FRSUF
2000,2023-06-10,MONTPELLIER SUD DE FRANCE,NON,6252,12:11,SUD EST,NIMES PONT DU GARD,LANGPA,FRXZP,11:52,FRSUF
2001,2023-06-10,BEZIERS,NON,9862,09:22,NORD,NIMES,JCSUDNORD,FRFNI,08:05,FRBZR
2002,2023-06-10,BEZIERS,NON,9862,14:24,NORD,LILLE (intramuros),JCSUDNORD,FRLLE,08:05,FRBZR
2003,2023-06-10,BEZIERS,NON,9862,12:47,NORD,MARNE LA VALLEE CHESSY,JCSUDNORD,FRMLV,08:05,FRBZR
2004,2023-06-10,BEZIERS,NON,9862,10:10,NORD,VALENCE TGV RHONE-ALPES SUD,JCSUDNORD,FRVLA,08:05,FRBZR
2005,2023-06-10,BEZIERS,OUI,9862,08:17,NORD,AGDE,JCSUDNORD,FRXAG,08:05,FRBZR
2006,2023-06-10,NIMES,NON,9862,12:47,NORD,MARNE LA VALLEE CHESSY,JCSUDNORD,FRMLV,09:25,FRFNI
2007,2023-06-10,NIMES,NON,9862,13:01,NORD,AEROPORT CDG2 TGV ROISSY,JCSUDNORD,FRMLW,09:25,FRFNI
2008,2023-06-10,NIMES,NON,9862,13:55,NORD,ARRAS,JCSUDNORD,FRQRV,09:25,FRFNI
2009,2023-06-10,NIMES,NON,9862,10:10,NORD,VALENCE TGV RHONE-ALPES SUD,JCSUDNORD,FRVLA,09:25,FRFNI
2010,2023-06-10,LILLE (intramuros),NON,9862,15:25,NORD,BRUXELLES MIDI BRUSSEL ZUID,JCSUDNORD,BEBMI,14:51,FRLLE
2011,2023-06-10,LYON (intramuros),NON,9862,15:25,NORD,BRUXELLES MIDI BRUSSEL ZUID,JCSUDNORD,BEBMI,11:00,FRLPD
2012,2023-06-10,LYON (intramuros),NON,9862,13:01,NORD,AEROPORT CDG2 TGV ROISSY,JCSUDNORD,FRMLW,11:00,FRLPD
2013,2023-06-10,MARNE LA VALLEE CHESSY,NON,9862,15:25,NORD,BRUXELLES MIDI BRUSSEL ZUID,JCSUDNORD,BEBMI,12:51,FRMLV
2014,2023-06-10,AEROPORT CDG2 TGV ROISSY,NON,9862,15:25,NORD,BRUXELLES MIDI BRUSSEL ZUID,JCSUDNORD,BEBMI,13:07,FRMLW
2015,2023-06-10,AEROPORT CDG2 TGV ROISSY,NON,9862,13:55,NORD,ARRAS,JCSUDNORD,FRQRV,13:07,FRMLW
2016,2023-06-10,MONTPELLIER SAINT-ROCH,NON,9862,09:22,NORD,NIMES,JCSUDNORD,FRFNI,08:57,FRMPL
2017,2023-06-10,PERPIGNAN,NON,9862,15:25,NORD,BRUXELLES MIDI BRUSSEL ZUID,JCSUDNORD,BEBMI,07:08,FRPGF
2018,2023-06-10,PERPIGNAN,NON,9862,09:22,NORD,NIMES,JCSUDNORD,FRFNI,07:08,FRPGF
2019,2023-06-10,ARRAS,NON,9862,15:25,NORD,BRUXELLES MIDI BRUSSEL ZUID,JCSUDNORD,BEBMI,14:03,FRQRV
2020,2023-06-10,ARRAS,NON,9862,14:24,NORD,LILLE (intramuros),JCSUDNORD,FRLLE,14:03,FRQRV
2021,2023-06-10,VALENCE TGV RHONE-ALPES SUD,NON,9862,13:34,NORD,TGV HAUTE PICARDIE,JCSUDNORD,FRTHP,10:15,FRVLA
2022,2023-06-10,AGDE,NON,9862,10:53,NORD,LYON (intramuros),JCSUDNORD,FRLPD,08:20,FRXAG
2023,2023-06-10,NARBONNE,NON,9862,13:01,NORD,AEROPORT CDG2 TGV ROISSY,JCSUDNORD,FRMLW,07:49,FRXNA
2024,2023-06-10,NARBONNE,NON,9862,08:52,NORD,MONTPELLIER SAINT-ROCH,JCSUDNORD,FRMPL,07:49,FRXNA
2025,2023-06-10,NARBONNE,NON,9862,10:10,NORD,VALENCE TGV RHONE-ALPES SUD,JCSUDNORD,FRVLA,07:49,FRXNA
2026,2023-06-10,NARBONNE,OUI,9862,08:17,NORD,AGDE,JCSUDNORD,FRXAG,07:49,FRXNA
2027,2023-06-10,NARBONNE,NON,9862,08:33,NORD,SETE,JCSUDNORD,FRXSY,07:49,FRXNA
2028,2023-06-10,SETE,NON,9862,09:22,NORD,NIMES,JCSUDNORD,FRFNI,08:36,FRXSY
2029,2023-06-10,SETE,NON,9862,14:24,NORD,LILLE (intramuros),JCSUDNORD,FRLLE,08:36,FRXSY
2030,2023-06-10,SETE,NON,9862,10:10,NORD,VALENCE TGV RHONE-ALPES SUD,JCSUDNORD,FRVLA,08:36,FRXSY
2031,2023-06-10,PERPIGNAN,NON,9862,13:55,NORD,ARRAS,JCSUDNORD,FRQRV,07:08,FRPGF
2032,2023-06-10,NARBONNE,NON,9862,13:55,NORD,ARRAS,JCSUDNORD,FRQRV,07:49,FRXNA
2033,2023-06-10,ANGOULEME,NON,5440,13:23,EST,MEUSE TGV,JCATLEST,FREAJ,09:35,FRANG
2034,2023-06-10,MASSY TGV,NON,5440,13:23,EST,MEUSE TGV,JCATLEST,FREAJ,11:55,FRDJU
2035,2023-06-10,MASSY TGV,NON,5440,12:24,EST,MARNE LA VALLEE CHESSY,JCATLEST,FRMLV,11:55,FRDJU
2036,2023-06-10,CHAMPAGNE-ARDENNE,NON,5440,14:29,EST,STRASBOURG,JCATLEST,FRAEG,12:58,FREAH
2037,2023-06-10,CHAMPAGNE-ARDENNE,NON,5440,13:23,EST,MEUSE TGV,JCATLEST,FREAJ,12:58,FREAH
2038,2023-06-10,POITIERS,NON,5440,11:48,EST,MASSY TGV,JCATLEST,FRDJU,10:19,FRPIS
2039,2023-06-10,POITIERS,NON,5440,13:23,EST,MEUSE TGV,JCATLEST,FREAJ,10:19,FRPIS
2040,2023-06-10,POITIERS,NON,5440,10:50,EST,ST PIERRE DES CORPS,JCATLEST,FRXSH,10:19,FRPIS
2041,2023-06-10,ST PIERRE DES CORPS,NON,5440,13:23,EST,MEUSE TGV,JCATLEST,FREAJ,10:54,FRXSH
2042,2023-06-10,ST PIERRE DES CORPS,NON,5440,13:49,EST,LORRAINE TGV,JCATLEST,FREAM,10:54,FRXSH
2043,2023-06-10,ST PIERRE DES CORPS,NON,5440,12:24,EST,MARNE LA VALLEE CHESSY,JCATLEST,FRMLV,10:54,FRXSH
2044,2023-06-10,HENDAYE,NON,8534,14:19,ATLANTIQUE,PARIS (intramuros),SUDOUESTPA,FRPMO,09:36,FRAEF
2045,2023-06-10,HENDAYE,OUI,8534,09:46,ATLANTIQUE,ST JEAN DE LUZ CIBOURE,SUDOUESTPA,FRXJZ,09:36,FRAEF
2046,2023-06-10,BIARRITZ,NON,8534,12:06,ATLANTIQUE,BORDEAUX ST JEAN,SUDOUESTPA,FRBOJ,10:02,FRBIQ
2047,2023-06-10,ST JEAN DE LUZ CIBOURE,OUI,8534,09:59,ATLANTIQUE,BIARRITZ,SUDOUESTPA,FRBIQ,09:49,FRXJZ
2048,2023-06-10,ST JEAN DE LUZ CIBOURE,OUI,8534,10:14,ATLANTIQUE,BAYONNE,SUDOUESTPA,FRXBY,09:49,FRXJZ
2049,2023-06-10,LIMOGES BENEDICTINS,OUI,3655,20:47,IC ARO,UZERCHE,PALITO,FRAAW,20:11,FRAGQ
2050,2023-06-10,ISSOUDUN,OUI,3655,19:32,IC ARO,LA SOUTERRAINE,PALITO,FRLST,18:41,FRFMN
2051,2023-06-10,LA SOUTERRAINE,OUI,3655,20:47,IC ARO,UZERCHE,PALITO,FRAAW,19:33,FRLST
2052,2023-06-10,PARIS (intramuros),OUI,3655,19:32,IC ARO,LA SOUTERRAINE,PALITO,FRLST,16:39,FRPAZ
2053,2023-06-10,PARIS (intramuros),OUI,3655,18:18,IC ARO,VIERZON VILLE,PALITO,FRXVZ,16:39,FRPAZ
2054,2023-06-10,VIERZON VILLE,OUI,3655,21:13,IC ARO,BRIVE LA GAILLARDE,PALITO,FRBVE,18:21,FRXVZ
2055,2023-06-10,ISSOUDUN,OUI,3655,20:47,IC ARO,UZERCHE,PALITO,FRAAW,18:41,FRFMN
2056,2023-06-10,LAVAL,OUI,9884,10:17,NORD,LILLE (intramuros),JCBRETNORD,FRLLE,06:52,FRACR
2057,2023-06-10,AEROPORT CDG2 TGV ROISSY,OUI,9884,11:01,NORD,BRUXELLES MIDI BRUSSEL ZUID,JCBRETNORD,BEBMI,09:16,FRMLW
2058,2023-06-10,RENNES,OUI,9884,08:20,NORD,MASSY TGV,JCBRETNORD,FRDJU,06:23,FRRNS
2059,2023-06-10,RENNES,OUI,9884,08:57,NORD,MARNE LA VALLEE CHESSY,JCBRETNORD,FRMLV,06:23,FRRNS
2060,2023-06-10,LE CREUSOT MONTCEAU MONTCHANIN,OUI,6628,20:08,SUD EST,PARIS (intramuros),RHONEPARIS,FRPLY,18:49,FRXCC
2061,2023-06-10,PARIS (intramuros),NON,6049,19:03,SUD EST,BEZIERS,PALANG,FRBZR,14:54,FRPLY
2062,2023-06-10,PARIS (intramuros),NON,6049,19:56,SUD EST,PERPIGNAN,PALANG,FRPGF,14:54,FRPLY
2063,2023-06-10,AGDE,OUI,6049,19:56,SUD EST,PERPIGNAN,PALANG,FRPGF,18:51,FRXAG
2064,2023-06-10,SETE,OUI,6049,19:20,SUD EST,NARBONNE,PALANG,FRXNA,18:34,FRXSY
2065,2023-06-10,PARIS (intramuros),NON,6049,18:08,SUD EST,MONTPELLIER SUD DE FRANCE,PALANG,FRSUF,14:54,FRPLY
2066,2023-06-10,MONTPELLIER SUD DE FRANCE,OUI,6049,18:31,SUD EST,SETE,PALANG,FRXSY,18:17,FRSUF
2067,2023-06-10,NIMES PONT DU GARD,NON,6049,19:20,SUD EST,NARBONNE,PALANG,FRXNA,17:49,FRXZP
2068,2023-06-10,NIMES PONT DU GARD,NON,6049,19:03,SUD EST,BEZIERS,PALANG,FRBZR,17:49,FRXZP
2069,2023-06-10,NIMES PONT DU GARD,NON,6049,18:48,SUD EST,AGDE,PALANG,FRXAG,17:49,FRXZP
2070,2023-06-10,CANNES,OUI,6077,19:39,SUD EST,ANTIBES,PAAZUR,FRXAT,19:31,FRJCA
2071,2023-06-10,PARIS (intramuros),NON,6077,17:14,SUD EST,MARSEILLE ST CHARLES,PAAZUR,FRMSC,14:08,FRPLY
2072,2023-06-10,ANGERS ST LAUD,OUI,8973,13:14,ATLANTIQUE,LES SABLES D'OLONNE,PARISLOIRE,FRLSO,11:16,FRACL
2073,2023-06-10,PARIS (intramuros),NON,8973,13:14,ATLANTIQUE,LES SABLES D'OLONNE,PARISLOIRE,FRLSO,09:36,FRPMO
2074,2023-06-10,PARIS (intramuros),NON,8973,12:45,ATLANTIQUE,LA ROCHE SUR YON,PARISLOIRE,FRXRO,09:36,FRPMO
2075,2023-06-10,LA ROCHE SUR YON,OUI,8973,13:14,ATLANTIQUE,LES SABLES D'OLONNE,PARISLOIRE,FRLSO,12:48,FRXRO
2076,2023-06-10,LILLE (intramuros),NON,5202,12:02,NORD,BORDEAUX ST JEAN,JCNORDAQUI,FRBOJ,06:15,FRADJ
2077,2023-06-10,LILLE (intramuros),OUI,5202,07:18,NORD,TGV HAUTE PICARDIE,JCNORDAQUI,FRTHP,06:15,FRADJ
2078,2023-06-10,MASSY TGV,NON,5202,11:23,NORD,ANGOULEME,JCNORDAQUI,FRANG,09:09,FRDJU
2079,2023-06-10,MARNE LA VALLEE CHESSY,OUI,5202,09:04,NORD,MASSY TGV,JCNORDAQUI,FRDJU,08:35,FRMLV
2080,2023-06-10,AEROPORT CDG2 TGV ROISSY,OUI,5202,08:22,NORD,MARNE LA VALLEE CHESSY,JCNORDAQUI,FRMLV,08:10,FRMLW
2081,2023-06-10,POITIERS,OUI,5202,11:23,NORD,ANGOULEME,JCNORDAQUI,FRANG,10:44,FRPIS
2082,2023-06-10,POITIERS,OUI,5202,12:02,NORD,BORDEAUX ST JEAN,JCNORDAQUI,FRBOJ,10:44,FRPIS
2083,2023-06-10,ARRAS,OUI,5202,09:04,NORD,MASSY TGV,JCNORDAQUI,FRDJU,07:00,FRQRV
2084,2023-06-10,ARRAS,NON,5202,10:41,NORD,POITIERS,JCNORDAQUI,FRPIS,07:00,FRQRV
2085,2023-06-10,ARRAS,OUI,5202,07:18,NORD,TGV HAUTE PICARDIE,JCNORDAQUI,FRTHP,07:00,FRQRV
2086,2023-06-10,ARRAS,NON,5202,10:06,NORD,ST PIERRE DES CORPS,JCNORDAQUI,FRXSH,07:00,FRQRV
2087,2023-06-10,TGV HAUTE PICARDIE,NON,5202,11:23,NORD,ANGOULEME,JCNORDAQUI,FRANG,07:25,FRTHP
2088,2023-06-10,DOUAI,NON,5202,11:23,NORD,ANGOULEME,JCNORDAQUI,FRANG,06:37,FRXDN
2089,2023-06-10,DOUAI,NON,5202,10:41,NORD,POITIERS,JCNORDAQUI,FRPIS,06:37,FRXDN
2090,2023-06-10,DOUAI,OUI,5202,06:55,NORD,ARRAS,JCNORDAQUI,FRQRV,06:37,FRXDN
2091,2023-06-10,DOUAI,NON,5202,10:06,NORD,ST PIERRE DES CORPS,JCNORDAQUI,FRXSH,06:37,FRXDN
2092,2023-06-10,LYON (intramuros),OUI,5182,21:57,NORD,LILLE (intramuros),JCSUDNORD,FRLLE,19:00,FRLPD
2093,2023-06-10,MONTPELLIER SUD DE FRANCE,OUI,5182,20:47,NORD,MARNE LA VALLEE CHESSY,JCSUDNORD,FRMLV,17:05,FRSUF
2094,2023-06-10,MONTPELLIER SUD DE FRANCE,OUI,5182,17:24,NORD,NIMES PONT DU GARD,JCSUDNORD,FRXZP,17:05,FRSUF
2095,2023-06-10,LILLE (intramuros),OUI,7026,11:14,NORD,PARIS (intramuros),LILLEPA,FRPNO,10:12,FRADJ
2096,2023-06-10,STRASBOURG,NON,2239,21:34,EST,ST RAPHAEL VALESCURE,JCRHINRHON,FRXSK,13:37,FRAEG
2097,2023-06-10,COLMAR,NON,2239,21:59,EST,CANNES,JCRHINRHON,FRJCA,14:05,FRAEJ
2098,2023-06-10,COLMAR,NON,2239,19:45,EST,MARSEILLE ST CHARLES,JCRHINRHON,FRMSC,14:05,FRAEJ
2099,2023-06-10,COLMAR,NON,2239,21:34,EST,ST RAPHAEL VALESCURE,JCRHINRHON,FRXSK,14:05,FRAEJ
2100,2023-06-10,MULHOUSE VILLE,NON,2239,19:31,EST,AIX EN PROVENCE TGV,JCRHINRHON,FRAIE,14:41,FRAEK
2101,2023-06-10,MULHOUSE VILLE,NON,2239,17:56,EST,LYON (intramuros),JCRHINRHON,FRLPD,14:41,FRAEK
2102,2023-06-10,MULHOUSE VILLE,NON,2239,19:45,EST,MARSEILLE ST CHARLES,JCRHINRHON,FRMSC,14:41,FRAEK
2103,2023-06-10,MULHOUSE VILLE,NON,2239,22:30,EST,NICE VILLE,JCRHINRHON,FRNIC,14:41,FRAEK
2104,2023-06-10,AVIGNON TGV,NON,2239,22:11,EST,ANTIBES,JCRHINRHON,FRXAT,19:12,FRAVG
2105,2023-06-10,AVIGNON TGV,NON,2239,21:34,EST,ST RAPHAEL VALESCURE,JCRHINRHON,FRXSK,19:12,FRAVG
2106,2023-06-10,MARSEILLE ST CHARLES,OUI,2239,22:11,EST,ANTIBES,JCRHINRHON,FRXAT,19:57,FRMSC
2107,2023-06-10,BELFORT-MONTBELIARD TGV,NON,2239,15:29,EST,BESANCON - F COMTE TGV,JCRHINRHON,FRTJB,15:06,FRTJA
2108,2023-06-10,BESANCON - F COMTE TGV,NON,2239,16:04,EST,DIJON VILLE,JCRHINRHON,FRABA,15:36,FRTJB
2109,2023-06-10,BESANCON - F COMTE TGV,NON,2239,19:10,EST,AVIGNON TGV,JCRHINRHON,FRAVG,15:36,FRTJB
2110,2023-06-10,TOULON,OUI,2239,22:11,EST,ANTIBES,JCRHINRHON,FRXAT,20:45,FRTLN
2111,2023-06-10,TOULON,OUI,2239,21:17,EST,LES ARCS DRAGUIGNAN,JCRHINRHON,FRXRS,20:45,FRTLN
2112,2023-06-10,BEAUNE,NON,2239,19:45,EST,MARSEILLE ST CHARLES,JCRHINRHON,FRMSC,16:42,FRXBV
2113,2023-06-10,BEAUNE,NON,2239,20:41,EST,TOULON,JCRHINRHON,FRTLN,16:42,FRXBV
2114,2023-06-10,LES ARCS DRAGUIGNAN,OUI,2239,21:59,EST,CANNES,JCRHINRHON,FRJCA,21:20,FRXRS
2115,2023-06-10,LES ARCS DRAGUIGNAN,OUI,2239,22:11,EST,ANTIBES,JCRHINRHON,FRXAT,21:20,FRXRS
2116,2023-06-10,ST RAPHAEL VALESCURE,OUI,2239,21:59,EST,CANNES,JCRHINRHON,FRJCA,21:37,FRXSK
2117,2023-06-10,BESANCON - F COMTE TGV,NON,2239,22:30,EST,NICE VILLE,JCRHINRHON,FRNIC,15:36,FRTJB
2118,2023-06-10,BESANCON - F COMTE TGV,NON,2239,20:41,EST,TOULON,JCRHINRHON,FRTLN,15:36,FRTJB
2119,2023-06-10,BESANCON - F COMTE TGV,NON,2239,21:17,EST,LES ARCS DRAGUIGNAN,JCRHINRHON,FRXRS,15:36,FRTJB
2120,2023-06-10,COLMAR,NON,2239,16:39,EST,BEAUNE,JCRHINRHON,FRXBV,14:05,FRAEJ
2121,2023-06-10,MULHOUSE VILLE,NON,2239,16:39,EST,BEAUNE,JCRHINRHON,FRXBV,14:41,FRAEK
2122,2023-06-10,BESANCON - F COMTE TGV,NON,2239,16:39,EST,BEAUNE,JCRHINRHON,FRXBV,15:36,FRTJB
2123,2023-06-10,METZ VILLE,OUI,2886,21:13,EST,PARIS (intramuros),LUXMETZPA,FRPST,19:42,FRADE
2124,2023-06-10,LE CROISIC,OUI,8922,14:55,ATLANTIQUE,NANTES,LOIREPARIS,FRNTE,13:50,FREGU
2125,2023-06-10,LE CROISIC,OUI,8922,14:16,ATLANTIQUE,ST NAZAIRE,LOIREPARIS,FRSNR,13:50,FREGU
2126,2023-06-10,ST NAZAIRE,OUI,8922,17:25,ATLANTIQUE,PARIS (intramuros),LOIREPARIS,FRPMO,14:19,FRSNR
2127,2023-06-10,VALENCE TGV RHONE-ALPES SUD,NON,9715,19:56,SUD EST,PERPIGNAN,PABARCELONE,FRPGF,17:09,FRVLA
2128,2023-06-10,AGDE,NON,9715,19:03,SUD EST,BEZIERS,PABARCELONE,FRBZR,18:51,FRXAG
2129,2023-06-10,AGDE,NON,9715,19:20,SUD EST,NARBONNE,PABARCELONE,FRXNA,18:51,FRXAG
2130,2023-06-10,PARIS (intramuros),NON,9715,21:25,SUD EST,BARCELONA SANTS,PABARCELONE,ESBST,14:54,FRPLY
2131,2023-06-10,NIMES PONT DU GARD,NON,9715,19:20,SUD EST,NARBONNE,PABARCELONE,FRXNA,17:49,FRXZP
2132,2023-06-10,BEZIERS,NON,9715,21:25,SUD EST,BARCELONA SANTS,PABARCELONE,ESBST,19:06,FRBZR
2133,2023-06-10,NIMES PONT DU GARD,NON,9715,18:31,SUD EST,SETE,PABARCELONE,FRXSY,17:49,FRXZP
2134,2023-06-10,NARBONNE,NON,9715,21:25,SUD EST,BARCELONA SANTS,PABARCELONE,ESBST,19:23,FRXNA
2135,2023-06-10,VALENCE TGV RHONE-ALPES SUD,NON,9715,21:25,SUD EST,BARCELONA SANTS,PABARCELONE,ESBST,17:09,FRVLA
2136,2023-06-10,NARBONNE,NON,9715,20:44,SUD EST,GIRONA,PABARCELONE,ESGRO,19:23,FRXNA
2137,2023-06-10,NIMES PONT DU GARD,NON,9715,20:44,SUD EST,GIRONA,PABARCELONE,ESGRO,17:49,FRXZP
2138,2023-06-10,MONTPELLIER SUD DE FRANCE,NON,9715,20:27,SUD EST,FIGUERES VILA TGV,PABARCELONE,ESFIR,18:17,FRSUF
2139,2023-06-10,AIX EN PROVENCE TGV,OUI,6111,14:56,SUD EST,MARSEILLE ST CHARLES,PAPROVENCE,FRMSC,14:44,FRAIE
2140,2023-06-10,PARIS (intramuros),NON,6111,14:17,SUD EST,AVIGNON TGV,PAPROVENCE,FRAVG,11:36,FRPLY
2141,2023-06-10,MAGALAS,NON,15942,09:52,IC SRO,BEDARIEUX,JOUNOREST,FRIMH,09:33,FRIMK
2142,2023-06-10,BAYONNE,OUI,8553,00:44,ATLANTIQUE,HENDAYE,PASUDOUEST,FRAEF,00:04,FRXBY
2143,2023-06-10,NANTES,OUI,5300,06:24,SUD EST,ST PIERRE DES CORPS,JCATLSUD,FRXSH,04:50,FRNTE
2144,2023-06-10,BRIVE LA GAILLARDE,OUI,3604,06:20,IC ARO,ISSOUDUN,TOULOUZECO,FRFMN,03:54,FRBVE
2145,2023-06-10,BRIVE LA GAILLARDE,OUI,3604,05:28,IC ARO,LA SOUTERRAINE,TOULOUZECO,FRLST,03:54,FRBVE
2146,2023-06-10,ANGOULEME,NON,8461,00:42,ATLANTIQUE,BORDEAUX ST JEAN,PASUDOUEST,FRBOJ,00:04,FRANG
2147,2023-06-10,ST RAPHAEL VALESCURE,OUI,6187,01:00,SUD EST,NICE VILLE,PAAZUR,FRNIC,00:07,FRXSK
2148,2023-06-10,ST RAPHAEL VALESCURE,OUI,6187,00:41,SUD EST,ANTIBES,PAAZUR,FRXAT,00:07,FRXSK
2149,2023-06-10,RENNES,OUI,8791,01:40,ATLANTIQUE,LORIENT,PARISBRETA,FRLRT,00:12,FRRNS
2150,2023-06-10,BRIVE LA GAILLARDE,OUI,3614,05:53,IC ARO,LIMOGES BENEDICTINS,TOULOUZECO,FRAGQ,04:51,FRBVE
2151,2023-06-10,BRIVE LA GAILLARDE,OUI,3614,06:55,IC ARO,ARGENTON SUR CREUSE,TOULOUZECO,FRFMT,04:51,FRBVE
2152,2023-06-10,BRIVE LA GAILLARDE,OUI,3614,07:48,IC ARO,VIERZON VILLE,TOULOUZECO,FRXVZ,04:51,FRBVE
2153,2023-06-10,BIARRITZ,OUI,8553,00:44,ATLANTIQUE,HENDAYE,PASUDOUEST,FRAEF,00:15,FRBIQ
2154,2023-06-10,BRIVE LA GAILLARDE,OUI,3604,08:22,IC ARO,PARIS (intramuros),TOULOUZECO,FRPAZ,03:54,FRBVE
2155,2023-06-10,CANNES,OUI,6187,01:00,SUD EST,NICE VILLE,PAAZUR,FRNIC,00:33,FRJCA
2156,2023-06-10,ANGERS ST LAUD,OUI,5486,13:19,EST,NANTES,JCESTATL,FRNTE,12:39,FRACL
2157,2023-06-10,STRASBOURG,NON,5486,08:47,EST,CHAMPAGNE-ARDENNE,JCESTATL,FREAH,07:31,FRAEG
2158,2023-06-10,CHAMPAGNE-ARDENNE,NON,5486,09:28,EST,AEROPORT CDG2 TGV ROISSY,JCESTATL,FRMLW,08:58,FREAH
2159,2023-06-10,LYON-SAINT EXUPERY TGV,NON,6191,10:38,SUD EST,ORANGE,PAVDR,FRXOG,09:11,FRJDQ
2160,2023-06-10,PARIS (intramuros),NON,6191,10:38,SUD EST,ORANGE,PAVDR,FRXOG,07:12,FRPLY
2161,2023-06-10,RENNES,OUI,8729,19:37,ATLANTIQUE,AURAY,PARISBRETA,FRXUY,18:29,FRRNS
2162,2023-06-10,BOURG EN BRESSE,OUI,9764,11:42,INTERNATIONAL,PARIS (intramuros),GENEVEPA,FRPLY,09:52,FRXBK
2163,2023-06-10,BAR LE DUC,OUI,2778,07:15,EST,CHAMPAGNE-ARDENNE,SEDBARPA,FREAH,06:10,FRXBD
2164,2023-06-10,BAR LE DUC,OUI,2778,08:01,EST,PARIS (intramuros),SEDBARPA,FRPST,06:10,FRXBD
2165,2023-06-10,NIMES,NON,9864,18:47,NORD,MARNE LA VALLEE CHESSY,JCSUDNORD,FRMLV,15:19,FRFNI
2166,2023-06-10,LILLE (intramuros),NON,9864,20:43,NORD,BRUXELLES MIDI BRUSSEL ZUID,JCSUDNORD,BEBMI,20:09,FRLLE
2167,2023-06-10,MARNE LA VALLEE CHESSY,NON,9864,19:01,NORD,AEROPORT CDG2 TGV ROISSY,JCSUDNORD,FRMLW,18:51,FRMLV
2168,2023-06-10,MONTPELLIER SAINT-ROCH,NON,9864,15:16,NORD,NIMES,JCSUDNORD,FRFNI,14:51,FRMPL
2169,2023-06-10,MONTPELLIER SAINT-ROCH,NON,9864,18:47,NORD,MARNE LA VALLEE CHESSY,JCSUDNORD,FRMLV,14:51,FRMPL
2170,2023-06-10,VALENCE TGV RHONE-ALPES SUD,NON,9864,19:57,NORD,LILLE (intramuros),JCSUDNORD,FRLLE,16:10,FRVLA
2171,2023-06-10,VALENCE TGV RHONE-ALPES SUD,NON,9864,18:47,NORD,MARNE LA VALLEE CHESSY,JCSUDNORD,FRMLV,16:10,FRVLA
2172,2023-06-10,AIX EN PROVENCE TGV,OUI,6117,19:00,SUD EST,MARSEILLE ST CHARLES,PAPROVENCE,FRMSC,18:48,FRAIE
2173,2023-06-10,AVIGNON TGV,OUI,6117,18:45,SUD EST,AIX EN PROVENCE TGV,PAPROVENCE,FRAIE,18:25,FRAVG
2174,2023-06-10,MULHOUSE VILLE,OUI,5512,13:43,EST,STRASBOURG,JCRHONRHIN,FRAEG,12:54,FRAEK
2175,2023-06-10,LYON (intramuros),NON,5512,13:43,EST,STRASBOURG,JCRHONRHIN,FRAEG,10:04,FRLPD
2176,2023-06-10,CHALON SUR SAONE,NON,5512,12:51,EST,MULHOUSE VILLE,JCRHONRHIN,FRAEK,11:06,FRXCD
2177,2023-06-10,CHAMBERY CHALLES LES EAUX,NON,6949,21:04,SUD EST,AIX LES BAINS LE REVARD,PARISALPES,FRXAI,20:52,FRCMF
2178,2023-06-10,BEZIERS,NON,9708,14:13,SUD EST,NIMES,BARCELONEPA,FRFNI,12:58,FRBZR
2179,2023-06-10,BEZIERS,NON,9708,15:01,SUD EST,VALENCE TGV RHONE-ALPES SUD,BARCELONEPA,FRVLA,12:58,FRBZR
2180,2023-06-10,NIMES,NON,9708,17:18,SUD EST,PARIS (intramuros),BARCELONEPA,FRPLY,14:17,FRFNI
2181,2023-06-10,PERPIGNAN,NON,9708,12:55,SUD EST,BEZIERS,BARCELONEPA,FRBZR,12:04,FRPGF
2182,2023-06-10,PERPIGNAN,NON,9708,14:13,SUD EST,NIMES,BARCELONEPA,FRFNI,12:04,FRPGF
2183,2023-06-10,SETE,NON,9708,15:01,SUD EST,VALENCE TGV RHONE-ALPES SUD,BARCELONEPA,FRVLA,13:28,FRXSY
2184,2023-06-10,BARCELONA SANTS,NON,9708,12:55,SUD EST,BEZIERS,BARCELONEPA,FRBZR,10:33,ESBST
2185,2023-06-10,BARCELONA SANTS,NON,9708,12:38,SUD EST,NARBONNE,BARCELONEPA,FRXNA,10:33,ESBST
2186,2023-06-10,BARCELONA SANTS,NON,9708,13:25,SUD EST,SETE,BARCELONEPA,FRXSY,10:33,ESBST
2187,2023-06-10,MARSEILLE ST CHARLES,OUI,6155,13:12,SUD EST,TOULON,PAAZUR,FRTLN,12:29,FRMSC
2188,2023-06-10,PARIS (intramuros),NON,6155,12:15,SUD EST,MARSEILLE ST CHARLES,PAAZUR,FRMSC,09:08,FRPLY
2189,2023-06-10,PARIS (intramuros),NON,6155,13:12,SUD EST,TOULON,PAAZUR,FRTLN,09:08,FRPLY
2190,2023-06-10,GUINGAMP,OUI,8629,20:02,ATLANTIQUE,MORLAIX,PARISBRETA,FRMXN,19:36,FRGGP
2191,2023-06-10,MORLAIX,OUI,8629,20:38,ATLANTIQUE,BREST,PARISBRETA,FRBES,20:05,FRMXN
2192,2023-06-10,PARIS (intramuros),NON,8629,19:33,ATLANTIQUE,GUINGAMP,PARISBRETA,FRGGP,16:53,FRPMO
2193,2023-06-10,ST BRIEUC,OUI,8629,19:33,ATLANTIQUE,GUINGAMP,PARISBRETA,FRGGP,19:19,FRSBK
2194,2023-06-10,NIMES,NON,6821,11:02,SUD EST,TOULOUSE MATABIAU,JCPROVSUD,FRXYT,08:07,FRFNI
2195,2023-06-10,LYON (intramuros),NON,6821,09:27,SUD EST,BEZIERS,JCPROVSUD,FRBZR,06:37,FRLPD
2196,2023-06-10,LYON (intramuros),NON,6821,10:17,SUD EST,CARCASSONNE,JCPROVSUD,FRCCF,06:37,FRLPD
2197,2023-06-10,LYON (intramuros),OUI,6821,08:37,SUD EST,MONTPELLIER SAINT-ROCH,JCPROVSUD,FRMPL,06:37,FRLPD
2198,2023-06-10,LYON (intramuros),NON,6821,11:02,SUD EST,TOULOUSE MATABIAU,JCPROVSUD,FRXYT,06:37,FRLPD
2199,2023-06-10,MONTPELLIER SAINT-ROCH,NON,6821,11:02,SUD EST,TOULOUSE MATABIAU,JCPROVSUD,FRXYT,08:44,FRMPL
2200,2023-06-10,VALENCE TGV RHONE-ALPES SUD,OUI,6821,08:37,SUD EST,MONTPELLIER SAINT-ROCH,JCPROVSUD,FRMPL,07:18,FRVLA
2201,2023-06-10,VALENCE TGV RHONE-ALPES SUD,NON,6821,11:02,SUD EST,TOULOUSE MATABIAU,JCPROVSUD,FRXYT,07:18,FRVLA
2202,2023-06-10,SETE,NON,6821,10:17,SUD EST,CARCASSONNE,JCPROVSUD,FRCCF,09:03,FRXSY
2203,2023-06-10,SETE,NON,6821,09:44,SUD EST,NARBONNE,JCPROVSUD,FRXNA,09:03,FRXSY
2204,2023-06-10,DIJON VILLE,NON,9898,12:24,EST,STRASBOURG,JCRHONRHIN,FRAEG,10:08,FRABA
2205,2023-06-10,DIJON VILLE,NON,9898,11:49,EST,COLMAR,JCRHONRHIN,FRAEJ,10:08,FRABA
2206,2023-06-10,STRASBOURG,OUI,9898,13:24,EST,METZ VILLE,JCRHONRHIN,FRADE,12:31,FRAEG
2207,2023-06-10,LYON (intramuros),NON,9898,12:24,EST,STRASBOURG,JCRHONRHIN,FRAEG,08:30,FRLPD
2208,2023-06-10,MONTPELLIER SAINT-ROCH,NON,9898,12:24,EST,STRASBOURG,JCRHONRHIN,FRAEG,06:27,FRMPL
2209,2023-06-10,MONTPELLIER SAINT-ROCH,NON,9898,08:24,EST,LYON (intramuros),JCRHONRHIN,FRLPD,06:27,FRMPL
2210,2023-06-10,MONTPELLIER SAINT-ROCH,NON,9898,10:34,EST,BESANCON - F COMTE TGV,JCRHONRHIN,FRTJB,06:27,FRMPL
2211,2023-06-10,VALENCE TGV RHONE-ALPES SUD,NON,9898,11:21,EST,MULHOUSE VILLE,JCRHONRHIN,FRAEK,07:44,FRVLA
2212,2023-06-10,PAU,OUI,8560,07:52,ATLANTIQUE,ORTHEZ,SUDOUESTPA,FRGFI,07:31,FRAEE
2213,2023-06-10,LOURDES,OUI,8560,09:40,ATLANTIQUE,BORDEAUX ST JEAN,SUDOUESTPA,FRBOJ,07:04,FRLDE
2214,2023-06-10,TARBES,OUI,8560,07:00,ATLANTIQUE,LOURDES,SUDOUESTPA,FRLDE,06:46,FRXTB
2215,2023-06-10,PARIS (intramuros),OUI,7297,23:14,NORD,ARRAS,PAARRAS,FRQRV,22:25,FRPNO
2216,2023-06-10,PARIS (intramuros),NON,6613,13:56,SUD EST,LYON (intramuros),PARISRHONE,FRLPD,11:50,FRPLY
2217,2023-06-10,LILLE (intramuros),OUI,5240,18:27,NORD,MARNE LA VALLEE CHESSY,JCNORDAQUI,FRMLV,17:16,FRADJ
2218,2023-06-10,AEROPORT CDG2 TGV ROISSY,NON,5240,20:40,NORD,POITIERS,JCNORDAQUI,FRPIS,18:18,FRMLW
2219,2023-06-10,POITIERS,OUI,5240,21:21,NORD,ANGOULEME,JCNORDAQUI,FRANG,20:43,FRPIS
2220,2023-06-10,PARIS (intramuros),NON,6919,17:13,SUD EST,GRENOBLE,PAGRENOBLE,FRGNB,14:12,FRPLY
2221,2023-06-10,ANGERS ST LAUD,NON,4406,21:18,IC SRO,LYON (intramuros),JOURNTELYN,FRLPD,15:28,FRACL
2222,2023-06-10,ANGERS ST LAUD,NON,4406,18:35,IC SRO,NEVERS,JOURNTELYN,FRNVS,15:28,FRACL
2223,2023-06-10,SAUMUR,NON,4406,19:34,IC SRO,ST GERMAIN DES FOSSES,JOURNTELYN,FRSGF,15:53,FRACN
2224,2023-06-10,SAUMUR,NON,4406,17:38,IC SRO,VIERZON VILLE,JOURNTELYN,FRXVZ,15:53,FRACN
2225,2023-06-10,BOURGES,NON,4406,18:35,IC SRO,NEVERS,JOURNTELYN,FRNVS,17:59,FRBOU
2226,2023-06-10,BOURGES,NON,4406,20:13,IC SRO,ROANNE,JOURNTELYN,FRRNE,17:59,FRBOU
2227,2023-06-10,BOURGES,NON,4406,19:34,IC SRO,ST GERMAIN DES FOSSES,JOURNTELYN,FRSGF,17:59,FRBOU
2228,2023-06-10,BOURGES,NON,4406,19:09,IC SRO,MOULINS SUR ALLIER,JOURNTELYN,FRXMU,17:59,FRBOU
2229,2023-06-10,NANTES,NON,4406,15:26,IC SRO,ANGERS ST LAUD,JOURNTELYN,FRACL,14:47,FRNTE
2230,2023-06-10,NANTES,NON,4406,15:51,IC SRO,SAUMUR,JOURNTELYN,FRACN,14:47,FRNTE
2231,2023-06-10,NANTES,NON,4406,18:35,IC SRO,NEVERS,JOURNTELYN,FRNVS,14:47,FRNTE
2232,2023-06-10,NEVERS,NON,4406,19:09,IC SRO,MOULINS SUR ALLIER,JOURNTELYN,FRXMU,18:42,FRNVS
2233,2023-06-10,ROANNE,NON,4406,21:18,IC SRO,LYON (intramuros),JOURNTELYN,FRLPD,20:15,FRRNE
2234,2023-06-10,ROANNE,NON,4406,21:30,IC SRO,LYON (intramuros),JOURNTELYN,FRLPE,20:15,FRRNE
2235,2023-06-10,ST GERMAIN DES FOSSES,NON,4406,20:13,IC SRO,ROANNE,JOURNTELYN,FRRNE,19:36,FRSGF
2236,2023-06-10,ST PIERRE DES CORPS,NON,4406,18:35,IC SRO,NEVERS,JOURNTELYN,FRNVS,16:34,FRXSH
2237,2023-06-10,VIERZON VILLE,NON,4406,20:13,IC SRO,ROANNE,JOURNTELYN,FRRNE,17:40,FRXVZ
2238,2023-06-10,AIX EN PROVENCE TGV,OUI,6852,22:14,SUD EST,LYON (intramuros),JCSUDPROV,FRLPD,20:32,FRAIE
2239,2023-06-10,AVIGNON TGV,OUI,6852,21:27,SUD EST,VALENCE TGV RHONE-ALPES SUD,JCSUDPROV,FRVLA,20:55,FRAVG
2240,2023-06-10,CANNES,OUI,6852,20:04,SUD EST,MARSEILLE ST CHARLES,JCSUDPROV,FRMSC,17:59,FRJCA
2241,2023-06-10,CANNES,OUI,6852,18:21,SUD EST,ST RAPHAEL VALESCURE,JCSUDPROV,FRXSK,17:59,FRJCA
2242,2023-06-10,MARSEILLE ST CHARLES,OUI,6852,22:14,SUD EST,LYON (intramuros),JCSUDPROV,FRLPD,20:18,FRMSC
2243,2023-06-10,NICE VILLE,OUI,6852,22:14,SUD EST,LYON (intramuros),JCSUDPROV,FRLPD,17:27,FRNIC
2244,2023-06-10,NICE VILLE,OUI,6852,17:42,SUD EST,ANTIBES,JCSUDPROV,FRXAT,17:27,FRNIC
2245,2023-06-10,ANTIBES,OUI,6852,17:55,SUD EST,CANNES,JCSUDPROV,FRJCA,17:45,FRXAT
2246,2023-06-10,ANTIBES,OUI,6852,18:21,SUD EST,ST RAPHAEL VALESCURE,JCSUDPROV,FRXSK,17:45,FRXAT
2247,2023-06-10,ST RAPHAEL VALESCURE,OUI,6852,20:29,SUD EST,AIX EN PROVENCE TGV,JCSUDPROV,FRAIE,18:23,FRXSK
2248,2023-06-10,ST RAPHAEL VALESCURE,OUI,6852,20:52,SUD EST,AVIGNON TGV,JCSUDPROV,FRAVG,18:23,FRXSK
2249,2023-06-10,ST RAPHAEL VALESCURE,OUI,6852,18:37,SUD EST,LES ARCS DRAGUIGNAN,JCSUDPROV,FRXRS,18:23,FRXSK
2250,2023-06-10,CLERMONT FERRAND,OUI,5970,14:58,IC ARO,NEVERS,CLERMONTPA,FRNVS,13:31,FRCFE
2251,2023-06-10,CLERMONT FERRAND,OUI,5970,13:40,IC ARO,RIOM CHATEL GUYON,CLERMONTPA,FRRIO,13:31,FRCFE
2252,2023-06-10,CLERMONT FERRAND,OUI,5970,14:29,IC ARO,MOULINS SUR ALLIER,CLERMONTPA,FRXMU,13:31,FRCFE
2253,2023-06-10,NEVERS,OUI,5970,16:56,IC ARO,PARIS (intramuros),CLERMONTPA,FRPLY,15:00,FRNVS
2254,2023-06-10,RIOM CHATEL GUYON,OUI,5970,14:29,IC ARO,MOULINS SUR ALLIER,CLERMONTPA,FRXMU,13:42,FRRIO
2255,2023-06-10,VICHY,OUI,5970,14:58,IC ARO,NEVERS,CLERMONTPA,FRNVS,14:06,FRVHY
2256,2023-06-10,VICHY,OUI,5970,16:56,IC ARO,PARIS (intramuros),CLERMONTPA,FRPLY,14:06,FRVHY
2257,2023-06-10,BORDEAUX ST JEAN,NON,3852,10:58,IC SRO,LUCON,BORDONANTE,FRLCN,07:53,FRBOJ
2258,2023-06-10,BORDEAUX ST JEAN,NON,3852,12:05,IC SRO,NANTES,BORDONANTE,FRNTE,07:53,FRBOJ
2259,2023-06-10,JONZAC,NON,3852,10:58,IC SRO,LUCON,BORDONANTE,FRLCN,08:41,FREMR
2260,2023-06-10,JONZAC,NON,3852,09:53,IC SRO,ROCHEFORT,BORDONANTE,FRRCO,08:41,FREMR
2261,2023-06-10,JONZAC,NON,3852,11:22,IC SRO,LA ROCHE SUR YON,BORDONANTE,FRXRO,08:41,FREMR
2262,2023-06-10,LA ROCHE SUR YON,NON,3852,12:05,IC SRO,NANTES,BORDONANTE,FRNTE,11:24,FRXRO
2263,2023-06-10,SAINTES,NON,3852,12:05,IC SRO,NANTES,BORDONANTE,FRNTE,09:25,FRXST
2264,2023-06-10,SAINTES,NON,3852,09:53,IC SRO,ROCHEFORT,BORDONANTE,FRRCO,09:25,FRXST
2265,2023-06-10,SAINTES,NON,3852,11:22,IC SRO,LA ROCHE SUR YON,BORDONANTE,FRXRO,09:25,FRXST
2266,2023-06-10,ANGERS ST LAUD,OUI,5306,13:47,SUD EST,SAUMUR,JCATLSUD,FRACN,13:27,FRACL
2267,2023-06-10,SAUMUR,NON,5306,17:30,SUD EST,LYON (intramuros),JCATLSUD,FRLPD,13:50,FRACN
2268,2023-06-10,MASSY TGV,NON,5306,17:49,SUD EST,LYON (intramuros),JCATLSUD,FRLPE,15:26,FRDJU
2269,2023-06-10,NANTES,OUI,5306,13:47,SUD EST,SAUMUR,JCATLSUD,FRACN,12:44,FRNTE
2270,2023-06-10,ST PIERRE DES CORPS,OUI,5306,15:20,SUD EST,MASSY TGV,JCATLSUD,FRDJU,14:28,FRXSH
2271,2023-06-10,ANGOULEME,OUI,9404,20:02,EST,BORDEAUX ST JEAN,JCESTATL,FRBOJ,19:25,FRANG
2272,2023-06-10,MASSY TGV,NON,9404,20:02,EST,BORDEAUX ST JEAN,JCESTATL,FRBOJ,17:10,FRDJU
2273,2023-06-10,MASSY TGV,NON,9404,18:40,EST,POITIERS,JCESTATL,FRPIS,17:10,FRDJU
2274,2023-06-10,MASSY TGV,NON,9404,18:06,EST,ST PIERRE DES CORPS,JCESTATL,FRXSH,17:10,FRDJU
2275,2023-06-10,CHAMPAGNE-ARDENNE,NON,9404,17:04,EST,MASSY TGV,JCESTATL,FRDJU,15:34,FREAH
2276,2023-06-10,LORRAINE TGV,NON,9404,14:58,EST,MEUSE TGV,JCESTATL,FREAJ,14:38,FREAM
2277,2023-06-10,LORRAINE TGV,NON,9404,18:06,EST,ST PIERRE DES CORPS,JCESTATL,FRXSH,14:38,FREAM
2278,2023-06-10,MARNE LA VALLEE CHESSY,NON,9404,17:04,EST,MASSY TGV,JCESTATL,FRDJU,16:32,FRMLV
2279,2023-06-10,ST PIERRE DES CORPS,NON,9404,18:40,EST,POITIERS,JCESTATL,FRPIS,18:10,FRXSH
2280,2023-06-10,LAHR SCHWARZW,OUI,9404,13:11,EST,OFFENBOURG/OFFENBURG,JCESTATL,DEZPA,13:00,DEANL
2281,2023-06-10,RINGSHEIM/EU-PARK,OUI,9404,12:59,EST,LAHR SCHWARZW,JCESTATL,DEANL,12:52,DERSH
2282,2023-06-10,RINGSHEIM/EU-PARK,OUI,9404,14:33,EST,LORRAINE TGV,JCESTATL,FREAM,12:52,DERSH
2283,2023-06-10,OFFENBOURG/OFFENBURG,NON,9404,19:22,EST,ANGOULEME,JCESTATL,FRANG,13:15,DEZPA
2284,2023-06-10,OFFENBOURG/OFFENBURG,NON,9404,20:02,EST,BORDEAUX ST JEAN,JCESTATL,FRBOJ,13:15,DEZPA
2285,2023-06-10,RINGSHEIM/EU-PARK,NON,9404,17:04,EST,MASSY TGV,JCESTATL,FRDJU,12:52,DERSH
2286,2023-06-10,OFFENBOURG/OFFENBURG,NON,9404,16:04,EST,AEROPORT CDG2 TGV ROISSY,JCESTATL,FRMLW,13:15,DEZPA
2287,2023-06-10,FREIBURG BREISGAU HBF,NON,9404,15:29,EST,CHAMPAGNE-ARDENNE,JCESTATL,FREAH,12:22,DEFGB
2288,2023-06-10,OFFENBOURG/OFFENBURG,OUI,9404,14:33,EST,LORRAINE TGV,JCESTATL,FREAM,13:15,DEZPA
2289,2023-06-10,RINGSHEIM/EU-PARK,NON,9404,16:04,EST,AEROPORT CDG2 TGV ROISSY,JCESTATL,FRMLW,12:52,DERSH
2290,2023-06-10,FREIBURG BREISGAU HBF,NON,9404,17:04,EST,MASSY TGV,JCESTATL,FRDJU,12:22,DEFGB
2291,2023-06-10,OFFENBOURG/OFFENBURG,NON,9404,14:58,EST,MEUSE TGV,JCESTATL,FREAJ,13:15,DEZPA
2292,2023-06-10,MULHOUSE VILLE,NON,9234,22:42,INTERNATIONAL,PARIS (intramuros),ZURBALPA,FRPLY,19:56,FRAEK
2293,2023-06-10,MULHOUSE VILLE,NON,9234,20:18,INTERNATIONAL,BELFORT-MONTBELIARD TGV,ZURBALPA,FRTJA,19:56,FRAEK
2294,2023-06-10,AVIGNON TGV,NON,6163,21:00,SUD EST,NICE VILLE,PAAZUR,FRNIC,17:58,FRAVG
2295,2023-06-10,AVIGNON TGV,NON,6163,19:08,SUD EST,TOULON,PAAZUR,FRTLN,17:58,FRAVG
2296,2023-06-10,AVIGNON TGV,NON,6163,20:02,SUD EST,ST RAPHAEL VALESCURE,PAAZUR,FRXSK,17:58,FRAVG
2297,2023-06-10,CANNES,OUI,6163,21:00,SUD EST,NICE VILLE,PAAZUR,FRNIC,20:31,FRJCA
2298,2023-06-10,PARIS (intramuros),NON,6163,19:08,SUD EST,TOULON,PAAZUR,FRTLN,15:18,FRPLY
2299,2023-06-10,TOULON,OUI,6163,20:27,SUD EST,CANNES,PAAZUR,FRJCA,19:11,FRTLN
2300,2023-06-10,ST RAPHAEL VALESCURE,OUI,6163,20:27,SUD EST,CANNES,PAAZUR,FRJCA,20:05,FRXSK
2301,2023-06-10,ST RAPHAEL VALESCURE,OUI,6163,20:40,SUD EST,ANTIBES,PAAZUR,FRXAT,20:05,FRXSK
2302,2023-06-10,ANNECY,NON,6960,06:08,SUD EST,CHAMBERY CHALLES LES EAUX,ALPESPARIS,FRCMF,05:29,FRNCY
2303,2023-06-10,ANNECY,NON,6960,05:54,SUD EST,AIX LES BAINS LE REVARD,ALPESPARIS,FRXAI,05:29,FRNCY
2304,2023-06-10,MARSEILLE ST CHARLES,OUI,6112,09:39,SUD EST,AVIGNON TGV,PROVENCEPA,FRAVG,09:04,FRMSC
2305,2023-06-10,CARCASSONNE,NON,4760,17:48,IC ARO,AGEN,TJOURSESO,FRAGF,15:35,FRCCF
2306,2023-06-10,CARCASSONNE,NON,4760,16:29,IC ARO,TOULOUSE MATABIAU,TJOURSESO,FRXYT,15:35,FRCCF
2307,2023-06-10,MONTPELLIER SAINT-ROCH,NON,4760,17:48,IC ARO,AGEN,TJOURSESO,FRAGF,13:55,FRMPL
2308,2023-06-10,MARSEILLE ST CHARLES,NON,4760,17:48,IC ARO,AGEN,TJOURSESO,FRAGF,11:25,FRMSC
2309,2023-06-10,MARSEILLE ST CHARLES,NON,4760,18:53,IC ARO,BORDEAUX ST JEAN,TJOURSESO,FRBOJ,11:25,FRMSC
2310,2023-06-10,NARBONNE,NON,4760,17:48,IC ARO,AGEN,TJOURSESO,FRAGF,14:58,FRXNA
2311,2023-06-10,NARBONNE,NON,4760,18:53,IC ARO,BORDEAUX ST JEAN,TJOURSESO,FRBOJ,14:58,FRXNA
2312,2023-06-10,BORDEAUX ST JEAN,OUI,8473,14:10,ATLANTIQUE,ARCACHON,PASUDOUEST,FRXAC,13:24,FRBOJ
2313,2023-06-10,BASEL SBB,NON,9223,22:26,INTERNATIONAL,ZUERICH HB,PABALZUR,CHAJD,21:34,CHAJP
2314,2023-06-10,DIJON VILLE,NON,9223,22:26,INTERNATIONAL,ZUERICH HB,PABALZUR,CHAJD,20:01,FRABA
2315,2023-06-10,DIJON VILLE,NON,9223,21:26,INTERNATIONAL,BASEL SBB,PABALZUR,CHAJP,20:01,FRABA
2316,2023-06-10,DIJON VILLE,NON,9223,21:03,INTERNATIONAL,MULHOUSE VILLE,PABALZUR,FRAEK,20:01,FRABA
2317,2023-06-10,MULHOUSE VILLE,NON,9223,21:26,INTERNATIONAL,BASEL SBB,PABALZUR,CHAJP,21:06,FRAEK
2318,2023-06-10,PARIS (intramuros),NON,6615,14:56,SUD EST,LYON (intramuros),PARISRHONE,FRLPD,12:50,FRPLY
2319,2023-06-10,LAVAL,OUI,5280,12:57,NORD,LE MANS,JCBRETNORD,FRAET,12:28,FRACR
2320,2023-06-10,MASSY TGV,OUI,5280,15:49,NORD,LILLE (intramuros),JCBRETNORD,FRLLE,13:55,FRDJU
2321,2023-06-10,MARNE LA VALLEE CHESSY,OUI,5280,14:41,NORD,AEROPORT CDG2 TGV ROISSY,JCBRETNORD,FRMLW,14:31,FRMLV
2322,2023-06-10,AEROPORT CDG2 TGV ROISSY,OUI,5280,15:49,NORD,LILLE (intramuros),JCBRETNORD,FRLLE,14:58,FRMLW
2323,2023-06-10,RENNES,OUI,5280,12:57,NORD,LE MANS,JCBRETNORD,FRAET,12:00,FRRNS
2324,2023-06-10,RENNES,OUI,5280,13:49,NORD,MASSY TGV,JCBRETNORD,FRDJU,12:00,FRRNS
2325,2023-06-10,UZERCHE,OUI,3625,15:07,IC ARO,BRIVE LA GAILLARDE,PALITO,FRBVE,14:42,FRAAW
2326,2023-06-10,LIMOGES BENEDICTINS,OUI,3625,14:41,IC ARO,UZERCHE,PALITO,FRAAW,14:04,FRAGQ
2327,2023-06-10,CHATEAUROUX,OUI,3625,15:07,IC ARO,BRIVE LA GAILLARDE,PALITO,FRBVE,12:49,FRCHR
2328,2023-06-10,CHATEAUROUX,OUI,3625,13:24,IC ARO,LA SOUTERRAINE,PALITO,FRLST,12:49,FRCHR
2329,2023-06-10,LA SOUTERRAINE,OUI,3625,14:41,IC ARO,UZERCHE,PALITO,FRAAW,13:26,FRLST
2330,2023-06-10,PARIS (intramuros),OUI,3625,14:01,IC ARO,LIMOGES BENEDICTINS,PALITO,FRAGQ,10:38,FRPAZ
2331,2023-06-10,PARIS (intramuros),OUI,3625,12:47,IC ARO,CHATEAUROUX,PALITO,FRCHR,10:38,FRPAZ
2332,2023-06-10,PARIS (intramuros),OUI,3625,12:10,IC ARO,VIERZON VILLE,PALITO,FRXVZ,10:38,FRPAZ
2333,2023-06-10,ISSOUDUN,OUI,3625,14:41,IC ARO,UZERCHE,PALITO,FRAAW,12:33,FRFMN
2334,2023-06-10,BRUXELLES MIDI BRUSSEL ZUID,NON,9830,18:37,NORD,AIX EN PROVENCE TGV,JCNORDSUD,FRAIE,13:17,BEBMI
2335,2023-06-10,BRUXELLES MIDI BRUSSEL ZUID,NON,9830,15:09,NORD,MARNE LA VALLEE CHESSY,JCNORDSUD,FRMLV,13:17,BEBMI
2336,2023-06-10,BRUXELLES MIDI BRUSSEL ZUID,OUI,9830,14:53,NORD,AEROPORT CDG2 TGV ROISSY,JCNORDSUD,FRMLW,13:17,BEBMI
2337,2023-06-10,BRUXELLES MIDI BRUSSEL ZUID,NON,9830,18:56,NORD,MARSEILLE ST CHARLES,JCNORDSUD,FRMSC,13:17,BEBMI
2338,2023-06-10,LILLE (intramuros),NON,9830,18:37,NORD,AIX EN PROVENCE TGV,JCNORDSUD,FRAIE,14:03,FRLLE
2339,2023-06-10,AVIGNON TGV,NON,6165,16:58,SUD EST,NICE VILLE,PAAZUR,FRNIC,14:04,FRAVG
2340,2023-06-10,MARSEILLE ST CHARLES,NON,6106,10:22,SUD EST,PARIS (intramuros),PROVENCEPA,FRPLY,07:04,FRMSC
2341,2023-06-10,LE MANS,OUI,8067,18:42,ATLANTIQUE,LAVAL,PARISBRETA,FRACR,18:13,FRAET
2342,2023-06-10,PARIS (intramuros),OUI,8067,18:42,ATLANTIQUE,LAVAL,PARISBRETA,FRACR,17:12,FRPMO
2343,2023-06-10,PARIS (intramuros),OUI,8067,18:10,ATLANTIQUE,LE MANS,PARISBRETA,FRAET,17:12,FRPMO
2344,2023-06-10,ANGOULEME,OUI,8432,08:16,ATLANTIQUE,POITIERS,SUDOUESTPA,FRPIS,07:36,FRANG
2345,2023-06-10,BORDEAUX ST JEAN,OUI,8432,07:33,ATLANTIQUE,ANGOULEME,SUDOUESTPA,FRANG,06:58,FRBOJ
2346,2023-06-10,BORDEAUX ST JEAN,OUI,8432,08:50,ATLANTIQUE,ST PIERRE DES CORPS,SUDOUESTPA,FRXSH,06:58,FRBOJ
2347,2023-06-10,VENDOME VILLIERS SUR LOIR,OUI,8301,08:35,ATLANTIQUE,ST PIERRE DES CORPS,PAROCHELLE,FRXSH,08:16,FRESL
2348,2023-06-10,BEZIERS,NON,6823,13:30,SUD EST,CARCASSONNE,JCPROVSUD,FRCCF,12:46,FRBZR
2349,2023-06-10,NIMES,NON,6823,12:59,SUD EST,NARBONNE,JCPROVSUD,FRXNA,11:37,FRFNI
2350,2023-06-10,VALENCE TGV RHONE-ALPES SUD,NON,6823,13:30,SUD EST,CARCASSONNE,JCPROVSUD,FRCCF,10:49,FRVLA
2351,2023-06-10,VALENCE TGV RHONE-ALPES SUD,NON,6823,12:59,SUD EST,NARBONNE,JCPROVSUD,FRXNA,10:49,FRVLA
2352,2023-06-10,NARBONNE,NON,6823,13:30,SUD EST,CARCASSONNE,JCPROVSUD,FRCCF,13:02,FRXNA
2353,2023-06-10,LE MANS,NON,5382,16:21,SUD EST,RENNES,JCSUDATL,FRRNS,15:34,FRAET
2354,2023-06-10,MASSY TGV,NON,5382,15:31,SUD EST,LE MANS,JCSUDATL,FRAET,14:40,FRDJU
2355,2023-06-10,MARSEILLE ST CHARLES,NON,5382,15:31,SUD EST,LE MANS,JCSUDATL,FRAET,10:36,FRMSC
2356,2023-06-10,MULHOUSE VILLE,NON,9583,15:59,INTERNATIONAL,FRANKFURT MAIN HBF,MRSFRANC,DEFRH,12:54,FRAEK
2357,2023-06-10,AIX EN PROVENCE TGV,NON,9583,15:18,INTERNATIONAL,MANNHEIM HBF,MRSFRANC,DEMHG,08:25,FRAIE
2358,2023-06-10,AIX EN PROVENCE TGV,NON,9583,08:44,INTERNATIONAL,AVIGNON TGV,MRSFRANC,FRAVG,08:25,FRAIE
2359,2023-06-10,AVIGNON TGV,NON,9583,15:18,INTERNATIONAL,MANNHEIM HBF,MRSFRANC,DEMHG,08:47,FRAVG
2360,2023-06-10,AVIGNON TGV,NON,9583,14:23,INTERNATIONAL,BADEN BADEN,MRSFRANC,DEZCC,08:47,FRAVG
2361,2023-06-10,AVIGNON TGV,NON,9583,12:51,INTERNATIONAL,MULHOUSE VILLE,MRSFRANC,FRAEK,08:47,FRAVG
2362,2023-06-10,AVIGNON TGV,NON,9583,12:01,INTERNATIONAL,BESANCON - F COMTE TGV,MRSFRANC,FRTJB,08:47,FRAVG
2363,2023-06-10,LYON (intramuros),NON,9583,15:59,INTERNATIONAL,FRANKFURT MAIN HBF,MRSFRANC,DEFRH,10:04,FRLPD
2364,2023-06-10,LYON (intramuros),NON,9583,15:18,INTERNATIONAL,MANNHEIM HBF,MRSFRANC,DEMHG,10:04,FRLPD
2365,2023-06-10,LYON (intramuros),NON,9583,14:23,INTERNATIONAL,BADEN BADEN,MRSFRANC,DEZCC,10:04,FRLPD
2366,2023-06-10,LYON (intramuros),NON,9583,11:04,INTERNATIONAL,CHALON SUR SAONE,MRSFRANC,FRXCD,10:04,FRLPD
2367,2023-06-10,MARSEILLE ST CHARLES,NON,9583,15:18,INTERNATIONAL,MANNHEIM HBF,MRSFRANC,DEMHG,08:11,FRMSC
2368,2023-06-10,MARSEILLE ST CHARLES,NON,9583,14:46,INTERNATIONAL,KARLSRUHE HBF,MRSFRANC,DEQKA,08:11,FRMSC
2369,2023-06-10,MARSEILLE ST CHARLES,NON,9583,12:01,INTERNATIONAL,BESANCON - F COMTE TGV,MRSFRANC,FRTJB,08:11,FRMSC
2370,2023-06-10,BELFORT-MONTBELIARD TGV,NON,9583,15:18,INTERNATIONAL,MANNHEIM HBF,MRSFRANC,DEMHG,12:27,FRTJA
2371,2023-06-10,BESANCON - F COMTE TGV,NON,9583,15:18,INTERNATIONAL,MANNHEIM HBF,MRSFRANC,DEMHG,12:04,FRTJB
2372,2023-06-10,BESANCON - F COMTE TGV,NON,9583,12:51,INTERNATIONAL,MULHOUSE VILLE,MRSFRANC,FRAEK,12:04,FRTJB
2373,2023-06-10,CHALON SUR SAONE,NON,9583,15:59,INTERNATIONAL,FRANKFURT MAIN HBF,MRSFRANC,DEFRH,11:06,FRXCD
2374,2023-06-10,CHALON SUR SAONE,NON,9583,12:01,INTERNATIONAL,BESANCON - F COMTE TGV,MRSFRANC,FRTJB,11:06,FRXCD
2375,2023-06-10,LILLE (intramuros),NON,5026,12:08,NORD,MARNE LA VALLEE CHESSY,JCNORDSUD,FRMLV,11:03,FRLLE
2376,2023-06-10,AVIGNON CENTRE,OUI,6196,15:48,SUD EST,LYON-SAINT EXUPERY TGV,VDRPA,FRJDQ,14:04,FRAES
2377,2023-06-10,AVIGNON TGV,NON,5010,12:24,NORD,MARSEILLE ST CHARLES,JCNORDSUD,FRMSC,11:55,FRAVG
2378,2023-06-10,LILLE (intramuros),NON,5010,12:24,NORD,MARSEILLE ST CHARLES,JCNORDSUD,FRMSC,07:24,FRLLE
2379,2023-06-10,LYON (intramuros),NON,5010,11:52,NORD,AVIGNON TGV,JCNORDSUD,FRAVG,10:35,FRLPD
2380,2023-06-10,LYON (intramuros),NON,5010,12:24,NORD,MARSEILLE ST CHARLES,JCNORDSUD,FRMSC,10:35,FRLPD
2381,2023-06-10,MARNE LA VALLEE CHESSY,NON,5010,11:52,NORD,AVIGNON TGV,JCNORDSUD,FRAVG,08:43,FRMLV
2382,2023-06-10,MARNE LA VALLEE CHESSY,NON,5010,11:15,NORD,VALENCE TGV RHONE-ALPES SUD,JCNORDSUD,FRVLA,08:43,FRMLV
2383,2023-06-10,AEROPORT CDG2 TGV ROISSY,NON,5010,11:15,NORD,VALENCE TGV RHONE-ALPES SUD,JCNORDSUD,FRVLA,08:29,FRMLW
2384,2023-06-10,TGV HAUTE PICARDIE,NON,5010,10:29,NORD,LYON (intramuros),JCNORDSUD,FRLPD,07:54,FRTHP
2385,2023-06-10,SURGERES,OUI,8364,17:40,ATLANTIQUE,NIORT,ROCHELLEPA,FRNIT,17:22,FREIP
2386,2023-06-10,LA ROCHE SUR YON,OUI,8984,17:45,ATLANTIQUE,ANGERS ST LAUD,LOIREPARIS,FRACL,16:10,FRXRO
2387,2023-06-10,ST RAPHAEL VALESCURE,NON,6174,12:33,SUD EST,MARSEILLE ST CHARLES,AZURPA,FRMSC,10:58,FRXSK
2388,2023-06-10,ST RAPHAEL VALESCURE,NON,6174,15:50,SUD EST,PARIS (intramuros),AZURPA,FRPLY,10:58,FRXSK
2389,2023-06-10,BOULOGNE VILLE,NON,7544,22:08,NORD,PARIS (intramuros),ARRASPA,FRPNO,19:31,FRAEB
2390,2023-06-10,RANG DU FLIERS VERTON,NON,7544,22:08,NORD,PARIS (intramuros),ARRASPA,FRPNO,19:03,FRCVU
2391,2023-06-10,LILLE (intramuros),NON,7544,22:08,NORD,PARIS (intramuros),ARRASPA,FRPNO,20:51,FRLLE
2392,2023-06-10,LIMOGES BENEDICTINS,OUI,3674,18:54,IC ARO,ARGENTON SUR CREUSE,TOULOUZECO,FRFMT,17:57,FRAGQ
2393,2023-06-10,LIMOGES BENEDICTINS,OUI,3674,19:46,IC ARO,VIERZON VILLE,TOULOUZECO,FRXVZ,17:57,FRAGQ
2394,2023-06-10,BRIVE LA GAILLARDE,OUI,3674,17:54,IC ARO,LIMOGES BENEDICTINS,TOULOUZECO,FRAGQ,16:54,FRBVE
2395,2023-06-10,BRIVE LA GAILLARDE,OUI,3674,18:29,IC ARO,LA SOUTERRAINE,TOULOUZECO,FRLST,16:54,FRBVE
2396,2023-06-10,ARGENTON SUR CREUSE,OUI,3674,21:21,IC ARO,PARIS (intramuros),TOULOUZECO,FRPAZ,18:55,FRFMT
2397,2023-06-10,BELLEGARDE,NON,9774,17:42,INTERNATIONAL,PARIS (intramuros),GENEVEPA,FRPLY,15:02,FRXBF
2398,2023-06-10,BELLEGARDE,NON,9774,15:49,INTERNATIONAL,BOURG EN BRESSE,GENEVEPA,FRXBK,15:02,FRXBF
2399,2023-06-10,BOURG EN BRESSE,NON,9774,17:42,INTERNATIONAL,PARIS (intramuros),GENEVEPA,FRPLY,15:52,FRXBK
2400,2023-06-10,PARIS (intramuros),NON,2817,15:04,EST,METZ VILLE,PAMETZLUX,FRADE,13:40,FRPST
2401,2023-06-10,PARIS (intramuros),NON,8623,15:57,ATLANTIQUE,LAVAL,PARISBRETA,FRACR,14:41,FRPMO
2402,2023-06-10,CHATEAUROUX,OUI,3685,22:23,IC ARO,LA SOUTERRAINE,PALITO,FRLST,21:43,FRCHR
2403,2023-06-10,VIERZON VILLE,OUI,3685,00:03,IC ARO,BRIVE LA GAILLARDE,PALITO,FRBVE,21:10,FRXVZ
2404,2023-06-10,AIX EN PROVENCE TGV,OUI,6813,16:43,SUD EST,TOULON,JCPROVSUD,FRTLN,15:35,FRAIE
2405,2023-06-10,AVIGNON TGV,NON,6813,16:43,SUD EST,TOULON,JCPROVSUD,FRTLN,15:13,FRAVG
2406,2023-06-10,FIGEAC,NON,3754,06:50,IC NUIT,PARIS (intramuros),OCCITANPAR,FRPAZ,23:56,FRFIG
2407,2023-06-10,ST CHRISTOPHE,NON,3754,06:50,IC NUIT,PARIS (intramuros),OCCITANPAR,FRPAZ,23:06,FRFST
2408,2023-06-10,ANGERS ST LAUD,NON,5480,16:20,EST,MASSY TGV,JCATLEST,FRDJU,14:49,FRACL
2409,2023-06-10,ANGERS ST LAUD,NON,5480,18:00,EST,CHAMPAGNE-ARDENNE,JCATLEST,FREAH,14:49,FRACL
2410,2023-06-10,LE MANS,NON,5480,16:20,EST,MASSY TGV,JCATLEST,FRDJU,15:30,FRAET
2411,2023-06-10,LE MANS,NON,5480,18:48,EST,LORRAINE TGV,JCATLEST,FREAM,15:30,FRAET
2412,2023-06-10,MASSY TGV,NON,5480,18:00,EST,CHAMPAGNE-ARDENNE,JCATLEST,FREAH,16:26,FRDJU
2413,2023-06-10,MASSY TGV,NON,5480,18:48,EST,LORRAINE TGV,JCATLEST,FREAM,16:26,FRDJU
2414,2023-06-10,CHAMPAGNE-ARDENNE,NON,5480,19:29,EST,STRASBOURG,JCATLEST,FRAEG,18:10,FREAH
2415,2023-06-10,LORRAINE TGV,OUI,5480,19:29,EST,STRASBOURG,JCATLEST,FRAEG,18:51,FREAM
2416,2023-06-10,MARNE LA VALLEE CHESSY,NON,5480,19:29,EST,STRASBOURG,JCATLEST,FRAEG,17:03,FRMLV
2417,2023-06-10,NANTES,OUI,5480,14:46,EST,ANGERS ST LAUD,JCATLEST,FRACL,14:09,FRNTE
2418,2023-06-10,NANTES,NON,5480,16:57,EST,MARNE LA VALLEE CHESSY,JCATLEST,FRMLV,14:09,FRNTE
2419,2023-06-10,TARBES,NON,3742,06:08,IC NUIT,LES AUBRAIS ORLEANS,PALOMBEPAR,FRLAB,22:13,FRXTB
2420,2023-06-10,STRASBOURG,NON,2350,09:16,EST,PARIS (intramuros),MULHSTRAPA,FRPST,07:19,FRAEG
2421,2023-06-10,COLMAR,OUI,2350,07:13,EST,STRASBOURG,MULHSTRAPA,FRAEG,06:38,FRAEJ
2422,2023-06-10,COLMAR,OUI,2350,06:49,EST,SELESTAT,MULHSTRAPA,FRXSQ,06:38,FRAEJ
2423,2023-06-10,SELESTAT,NON,2350,09:16,EST,PARIS (intramuros),MULHSTRAPA,FRPST,06:52,FRXSQ
2424,2023-06-10,AIX EN PROVENCE TGV,NON,6181,22:02,SUD EST,ST RAPHAEL VALESCURE,PAAZUR,FRXSK,20:20,FRAIE
2425,2023-06-10,CANNES,OUI,6181,22:41,SUD EST,ANTIBES,PAAZUR,FRXAT,22:33,FRJCA
2426,2023-06-10,PARIS (intramuros),NON,6181,22:28,SUD EST,CANNES,PAAZUR,FRJCA,17:20,FRPLY
2427,2023-06-10,ANTIBES,OUI,6181,23:00,SUD EST,NICE VILLE,PAAZUR,FRNIC,22:44,FRXAT
2428,2023-06-10,ST RAPHAEL VALESCURE,OUI,6181,23:00,SUD EST,NICE VILLE,PAAZUR,FRNIC,22:05,FRXSK
2429,2023-06-10,ST RAPHAEL VALESCURE,OUI,6181,22:41,SUD EST,ANTIBES,PAAZUR,FRXAT,22:05,FRXSK
2430,2023-06-10,CANNES,NON,6176,17:51,SUD EST,PARIS (intramuros),AZURPA,FRPLY,12:33,FRJCA
2431,2023-06-10,CANNES,OUI,6176,13:44,SUD EST,TOULON,AZURPA,FRTLN,12:33,FRJCA
2432,2023-06-10,TOULON,NON,6176,17:51,SUD EST,PARIS (intramuros),AZURPA,FRPLY,13:48,FRTLN
2433,2023-06-10,ST RAPHAEL VALESCURE,NON,6176,14:33,SUD EST,MARSEILLE ST CHARLES,AZURPA,FRMSC,12:58,FRXSK
2434,2023-06-10,ANGERS ST LAUD,OUI,8926,19:28,ATLANTIQUE,LE MANS,LOIREPARIS,FRAET,18:44,FRACL
2435,2023-06-10,ANGERS ST LAUD,OUI,8926,19:05,ATLANTIQUE,SABLE SUR SARTHE,LOIREPARIS,FRSAB,18:44,FRACL
2436,2023-06-10,LE CROISIC,OUI,8926,18:41,ATLANTIQUE,ANGERS ST LAUD,LOIREPARIS,FRACL,16:55,FREGU
2437,2023-06-10,LE CROISIC,OUI,8926,19:28,ATLANTIQUE,LE MANS,LOIREPARIS,FRAET,16:55,FREGU
2438,2023-06-10,LA BAULE ESCOUBLAC,OUI,8926,20:29,ATLANTIQUE,PARIS (intramuros),LOIREPARIS,FRPMO,17:07,FRJEE
2439,2023-06-10,NANTES,OUI,8926,20:29,ATLANTIQUE,PARIS (intramuros),LOIREPARIS,FRPMO,18:05,FRNTE
2440,2023-06-10,SABLE SUR SARTHE,OUI,8926,20:29,ATLANTIQUE,PARIS (intramuros),LOIREPARIS,FRPMO,19:07,FRSAB
2441,2023-06-10,CLERMONT FERRAND,OUI,5990,20:58,IC ARO,NEVERS,CLERMONTPA,FRNVS,19:31,FRCFE
2442,2023-06-10,RIOM CHATEL GUYON,OUI,5990,20:04,IC ARO,VICHY,CLERMONTPA,FRVHY,19:42,FRRIO
2443,2023-06-10,BREST,OUI,8602,06:21,ATLANTIQUE,GUINGAMP,BRETAPARIS,FRGGP,05:23,FRBES
2444,2023-06-10,MORLAIX,OUI,8602,07:29,ATLANTIQUE,RENNES,BRETAPARIS,FRRNS,05:55,FRMXN
2445,2023-06-10,MORLAIX,OUI,8602,06:38,ATLANTIQUE,ST BRIEUC,BRETAPARIS,FRSBK,05:55,FRMXN
2446,2023-06-10,ST BRIEUC,OUI,8602,09:08,ATLANTIQUE,PARIS (intramuros),BRETAPARIS,FRPMO,06:41,FRSBK
2447,2023-06-10,PARIS (intramuros),NON,7035,13:48,NORD,LILLE (intramuros),PALILLE,FRADJ,12:46,FRPNO
2448,2023-06-10,VALENCE TGV RHONE-ALPES SUD,OUI,6275,15:56,SUD EST,BEZIERS,PALANG,FRBZR,14:00,FRVLA
2449,2023-06-10,VALENCE TGV RHONE-ALPES SUD,OUI,6275,16:13,SUD EST,NARBONNE,PALANG,FRXNA,14:00,FRVLA
2450,2023-06-10,SETE,OUI,6275,15:41,SUD EST,AGDE,PALANG,FRXAG,15:28,FRXSY
2451,2023-06-10,PARIS (intramuros),NON,6275,14:59,SUD EST,MONTPELLIER SUD DE FRANCE,PALANG,FRSUF,11:44,FRPLY
2452,2023-06-10,MONTPELLIER SUD DE FRANCE,OUI,6275,16:13,SUD EST,NARBONNE,PALANG,FRXNA,15:10,FRSUF
2453,2023-06-10,NIMES PONT DU GARD,OUI,6275,14:59,SUD EST,MONTPELLIER SUD DE FRANCE,PALANG,FRSUF,14:39,FRXZP
2454,2023-06-10,NIMES PONT DU GARD,OUI,6275,15:25,SUD EST,SETE,PALANG,FRXSY,14:39,FRXZP
2455,2023-06-10,AIX EN PROVENCE TGV,NON,6024,16:38,SUD EST,AVIGNON TGV,PROVENCEPA,FRAVG,16:19,FRAIE
2456,2023-06-10,AVIGNON TGV,OUI,6024,19:22,SUD EST,PARIS (intramuros),PROVENCEPA,FRPLY,16:41,FRAVG
2457,2023-06-10,LYON (intramuros),OUI,6621,18:17,SUD EST,LYON (intramuros),PARISRHONE,FRLPE,18:09,FRLPD
2458,2023-06-10,MACON LOCHE TGV,OUI,6621,18:17,SUD EST,LYON (intramuros),PARISRHONE,FRLPE,17:32,FRMLT
2459,2023-06-10,LE CREUSOT MONTCEAU MONTCHANIN,OUI,6621,17:29,SUD EST,MACON LOCHE TGV,PARISRHONE,FRMLT,17:11,FRXCC
2460,2023-06-10,MEUSE TGV,NON,2573,19:48,EST,NANCY,PANANCY,FRENC,19:13,FREAJ
2461,2023-06-10,EPINAL,OUI,2573,21:05,EST,REMIREMONT,PANANCY,FRRNT,20:43,FREPL
2462,2023-06-10,PARIS (intramuros),NON,2573,19:48,EST,NANCY,PANANCY,FRENC,18:10,FRPST
2463,2023-06-10,PARIS (intramuros),NON,2573,20:40,EST,EPINAL,PANANCY,FREPL,18:10,FRPST
2464,2023-06-10,LYON (intramuros),NON,4506,22:09,IC SRO,NANTES,JOURLYNNTE,FRNTE,15:44,FRLPD
2465,2023-06-10,LYON (intramuros),NON,4506,21:26,IC SRO,ANGERS ST LAUD,JOURLYNNTE,FRACL,15:32,FRLPE
2466,2023-06-10,LYON (intramuros),NON,4506,19:05,IC SRO,BOURGES,JOURLYNNTE,FRBOU,15:32,FRLPE
2467,2023-06-10,ROANNE,NON,4506,18:21,IC SRO,NEVERS,JOURLYNNTE,FRNVS,16:48,FRRNE
2468,2023-06-10,MOULINS SUR ALLIER,NON,4506,19:05,IC SRO,BOURGES,JOURLYNNTE,FRBOU,17:53,FRXMU
2469,2023-06-10,MOULINS SUR ALLIER,NON,4506,22:09,IC SRO,NANTES,JOURLYNNTE,FRNTE,17:53,FRXMU
2470,2023-06-10,BELLEGARDE,OUI,9766,09:49,INTERNATIONAL,BOURG EN BRESSE,GENEVEPA,FRXBK,09:00,FRXBF
2471,2023-06-10,ANGERS ST LAUD,NON,8811,16:53,ATLANTIQUE,NANTES,PARISLOIRE,FRNTE,16:12,FRACL
2472,2023-06-10,NANCY,NON,2540,13:55,EST,CHAMPAGNE-ARDENNE,NANCYPA,FREAH,12:55,FRENC
2473,2023-06-10,LES AUBRAIS ORLEANS,NON,3971,08:02,IC NUIT,MERENS LES VALS,PARPALOMBE,FRFQH,22:49,FRLAB
2474,2023-06-10,LES AUBRAIS ORLEANS,NON,3971,07:27,IC NUIT,LES CABANNES,PARPALOMBE,FRFQK,22:49,FRLAB
2475,2023-06-10,PARIS (intramuros),NON,3971,08:02,IC NUIT,MERENS LES VALS,PARPALOMBE,FRFQH,21:41,FRPAZ
2476,2023-06-10,PARIS (intramuros),NON,3971,07:27,IC NUIT,LES CABANNES,PARPALOMBE,FRFQK,21:41,FRPAZ
2477,2023-06-10,LIMOGES BENEDICTINS,NON,3605,11:27,IC ARO,SOUILLAC,PALITO,FRSOU,09:59,FRAGQ
2478,2023-06-10,BRIVE LA GAILLARDE,NON,3605,11:43,IC ARO,GOURDON,PALITO,FRFSI,11:03,FRBVE
2479,2023-06-10,BRIVE LA GAILLARDE,NON,3605,12:10,IC ARO,CAHORS,PALITO,FRZAO,11:03,FRBVE
2480,2023-06-10,LES AUBRAIS ORLEANS,NON,3605,12:10,IC ARO,CAHORS,PALITO,FRZAO,07:35,FRLAB
2481,2023-06-10,SOUILLAC,NON,3605,12:37,IC ARO,CAUSSADE TARN ET GARONNE,PALITO,FRFTA,11:29,FRSOU
2482,2023-06-10,SOUILLAC,NON,3605,13:25,IC ARO,TOULOUSE MATABIAU,PALITO,FRXYT,11:29,FRSOU
2483,2023-06-10,VIERZON VILLE,NON,3605,11:00,IC ARO,BRIVE LA GAILLARDE,PALITO,FRBVE,08:12,FRXVZ
2484,2023-06-10,SAUMUR,NON,4402,13:10,IC SRO,LYON (intramuros),JOURNTELYN,FRLPD,07:32,FRACN
2485,2023-06-10,SAUMUR,NON,4402,11:00,IC SRO,MOULINS SUR ALLIER,JOURNTELYN,FRXMU,07:32,FRACN
2486,2023-06-10,BOURGES,NON,4402,11:25,IC SRO,ST GERMAIN DES FOSSES,JOURNTELYN,FRSGF,09:45,FRBOU
2487,2023-06-10,LYON (intramuros),NON,4402,13:22,IC SRO,LYON (intramuros),JOURNTELYN,FRLPE,13:14,FRLPD
2488,2023-06-10,NANTES,NON,4402,07:08,IC SRO,ANGERS ST LAUD,JOURNTELYN,FRACL,06:26,FRNTE
2489,2023-06-10,NANTES,NON,4402,11:00,IC SRO,MOULINS SUR ALLIER,JOURNTELYN,FRXMU,06:26,FRNTE
2490,2023-06-10,NANTES,NON,4402,08:05,IC SRO,ST PIERRE DES CORPS,JOURNTELYN,FRXSH,06:26,FRNTE
2491,2023-06-10,NEVERS,NON,4402,13:10,IC SRO,LYON (intramuros),JOURNTELYN,FRLPD,10:32,FRNVS
2492,2023-06-10,ROANNE,NON,4402,13:22,IC SRO,LYON (intramuros),JOURNTELYN,FRLPE,12:06,FRRNE
2493,2023-06-10,ST PIERRE DES CORPS,NON,4402,11:25,IC SRO,ST GERMAIN DES FOSSES,JOURNTELYN,FRSGF,08:08,FRXSH
2494,2023-06-10,ST PIERRE DES CORPS,NON,4402,09:16,IC SRO,VIERZON VILLE,JOURNTELYN,FRXVZ,08:08,FRXSH
2495,2023-06-10,VIERZON VILLE,NON,4402,10:22,IC SRO,NEVERS,JOURNTELYN,FRNVS,09:20,FRXVZ
2496,2023-06-10,VIERZON VILLE,NON,4402,11:00,IC SRO,MOULINS SUR ALLIER,JOURNTELYN,FRXMU,09:20,FRXVZ
2497,2023-06-10,VENDOME VILLIERS SUR LOIR,OUI,8330,08:33,ATLANTIQUE,PARIS (intramuros),ROCHELLEPA,FRPMO,07:46,FRESL
2498,2023-06-10,POITIERS,OUI,8330,07:43,ATLANTIQUE,VENDOME VILLIERS SUR LOIR,ROCHELLEPA,FRESL,06:32,FRPIS
2499,2023-06-10,POITIERS,OUI,8330,07:22,ATLANTIQUE,ST PIERRE DES CORPS,ROCHELLEPA,FRXSH,06:32,FRPIS
2500,2023-06-10,CHATELLERAULT,OUI,8330,07:22,ATLANTIQUE,ST PIERRE DES CORPS,ROCHELLEPA,FRXSH,06:52,FRXCX
2501,2023-06-10,BETHUNE,OUI,7326,17:14,NORD,PARIS (intramuros),ARRASPA,FRPNO,15:48,FRXBH
2502,2023-06-10,AIX EN PROVENCE TGV,NON,6805,12:26,SUD EST,CANNES,JCPROVSUD,FRJCA,09:51,FRAIE
2503,2023-06-10,AIX EN PROVENCE TGV,NON,6805,12:58,SUD EST,NICE VILLE,JCPROVSUD,FRNIC,09:51,FRAIE
2504,2023-06-10,AVIGNON TGV,NON,6805,10:03,SUD EST,MARSEILLE ST CHARLES,JCPROVSUD,FRMSC,09:29,FRAVG
2505,2023-06-10,CANNES,OUI,6805,12:39,SUD EST,ANTIBES,JCPROVSUD,FRXAT,12:31,FRJCA
2506,2023-06-10,MARSEILLE ST CHARLES,OUI,6805,11:06,SUD EST,TOULON,JCPROVSUD,FRTLN,10:20,FRMSC
2507,2023-06-10,MARSEILLE ST CHARLES,OUI,6805,12:39,SUD EST,ANTIBES,JCPROVSUD,FRXAT,10:20,FRMSC
2508,2023-06-10,TOULON,OUI,6805,12:26,SUD EST,CANNES,JCPROVSUD,FRJCA,11:11,FRTLN
2509,2023-06-10,TOULON,OUI,6805,12:02,SUD EST,ST RAPHAEL VALESCURE,JCPROVSUD,FRXSK,11:11,FRTLN
2510,2023-06-10,VALENCE TGV RHONE-ALPES SUD,NON,6805,12:26,SUD EST,CANNES,JCPROVSUD,FRJCA,08:53,FRVLA
2511,2023-06-10,VALENCE TGV RHONE-ALPES SUD,NON,6805,11:06,SUD EST,TOULON,JCPROVSUD,FRTLN,08:53,FRVLA
2512,2023-06-10,VALENCE TGV RHONE-ALPES SUD,NON,6805,12:39,SUD EST,ANTIBES,JCPROVSUD,FRXAT,08:53,FRVLA
2513,2023-06-10,ST RAPHAEL VALESCURE,OUI,6805,12:26,SUD EST,CANNES,JCPROVSUD,FRJCA,12:05,FRXSK
2514,2023-06-10,MULHOUSE VILLE,NON,6700,07:02,SUD EST,DIJON VILLE,BOURPA,FRABA,05:47,FRAEK
2515,2023-06-10,MULHOUSE VILLE,NON,6700,06:08,SUD EST,BELFORT-MONTBELIARD TGV,BOURPA,FRTJA,05:47,FRAEK
2516,2023-06-10,BELFORT-MONTBELIARD TGV,NON,6700,06:32,SUD EST,BESANCON - F COMTE TGV,BOURPA,FRTJB,06:11,FRTJA
2517,2023-06-10,BESANCON - F COMTE TGV,NON,6700,08:42,SUD EST,PARIS (intramuros),BOURPA,FRPLY,06:35,FRTJB
2518,2023-06-10,CARCASSONNE,OUI,4756,13:37,IC ARO,BORDEAUX ST JEAN,TJOURSESO,FRBOJ,10:35,FRCCF
2519,2023-06-10,MONTAUBAN VILLE BOURBON,OUI,4756,12:31,IC ARO,AGEN,TJOURSESO,FRAGF,11:56,FRXMW
2520,2023-06-10,TOULOUSE MATABIAU,OUI,4756,11:54,IC ARO,MONTAUBAN VILLE BOURBON,TJOURSESO,FRXMW,11:24,FRXYT
2521,2023-06-10,EPINAL,OUI,2574,07:05,EST,NANCY,NANCYPA,FRENC,06:20,FREPL
2522,2023-06-10,MONTPELLIER SAINT-ROCH,OUI,6221,11:48,SUD EST,AGDE,PALANG,FRXAG,11:17,FRMPL
2523,2023-06-10,SETE,OUI,6221,11:48,SUD EST,AGDE,PALANG,FRXAG,11:34,FRXSY
2524,2023-06-10,SETE,OUI,6221,12:20,SUD EST,NARBONNE,PALANG,FRXNA,11:34,FRXSY
2525,2023-06-10,LIMOGES BENEDICTINS,OUI,3694,20:32,IC ARO,LA SOUTERRAINE,TOULOUZECO,FRLST,19:59,FRAGQ
2526,2023-06-10,BRIVE LA GAILLARDE,OUI,3694,19:56,IC ARO,LIMOGES BENEDICTINS,TOULOUZECO,FRAGQ,18:56,FRBVE
2527,2023-06-10,GOURDON,OUI,3694,19:56,IC ARO,LIMOGES BENEDICTINS,TOULOUZECO,FRAGQ,18:10,FRFSI
2528,2023-06-10,GOURDON,OUI,3694,18:53,IC ARO,BRIVE LA GAILLARDE,TOULOUZECO,FRBVE,18:10,FRFSI
2529,2023-06-10,GOURDON,OUI,3694,23:23,IC ARO,PARIS (intramuros),TOULOUZECO,FRPAZ,18:10,FRFSI
2530,2023-06-10,LA SOUTERRAINE,OUI,3694,21:09,IC ARO,CHATEAUROUX,TOULOUZECO,FRCHR,20:34,FRLST
2531,2023-06-10,SOUILLAC,OUI,3694,19:56,IC ARO,LIMOGES BENEDICTINS,TOULOUZECO,FRAGQ,18:27,FRSOU
2532,2023-06-10,SOUILLAC,OUI,3694,21:45,IC ARO,VIERZON VILLE,TOULOUZECO,FRXVZ,18:27,FRSOU
2533,2023-06-10,MONTAUBAN VILLE BOURBON,OUI,3694,19:56,IC ARO,LIMOGES BENEDICTINS,TOULOUZECO,FRAGQ,17:03,FRXMW
2534,2023-06-10,MONTAUBAN VILLE BOURBON,OUI,3694,18:25,IC ARO,SOUILLAC,TOULOUZECO,FRSOU,17:03,FRXMW
2535,2023-06-10,TOULOUSE MATABIAU,OUI,3694,18:08,IC ARO,GOURDON,TOULOUZECO,FRFSI,16:31,FRXYT
2536,2023-06-10,CAHORS,OUI,3694,18:25,IC ARO,SOUILLAC,TOULOUZECO,FRSOU,17:43,FRZAO
2537,2023-06-10,CAHORS,OUI,3694,21:45,IC ARO,VIERZON VILLE,TOULOUZECO,FRXVZ,17:43,FRZAO
2538,2023-06-10,CAUSSADE TARN ET GARONNE,OUI,3694,20:32,IC ARO,LA SOUTERRAINE,TOULOUZECO,FRLST,17:17,FRFTA
2539,2023-06-10,ANGOULEME,NON,8431,09:07,ATLANTIQUE,BORDEAUX ST JEAN,PASUDOUEST,FRBOJ,08:26,FRANG
2540,2023-06-10,LIMOGES BENEDICTINS,OUI,3665,22:03,IC ARO,BRIVE LA GAILLARDE,PALITO,FRBVE,21:04,FRAGQ
2541,2023-06-10,LIMOGES BENEDICTINS,OUI,3665,22:46,IC ARO,GOURDON,PALITO,FRFSI,21:04,FRAGQ
2542,2023-06-10,LIMOGES BENEDICTINS,OUI,3665,22:30,IC ARO,SOUILLAC,PALITO,FRSOU,21:04,FRAGQ
2543,2023-06-10,BRIVE LA GAILLARDE,OUI,3665,23:15,IC ARO,CAHORS,PALITO,FRZAO,22:06,FRBVE
2544,2023-06-10,CHATEAUROUX,OUI,3665,22:46,IC ARO,GOURDON,PALITO,FRFSI,19:45,FRCHR
2545,2023-06-10,CHATEAUROUX,OUI,3665,23:15,IC ARO,CAHORS,PALITO,FRZAO,19:45,FRCHR
2546,2023-06-10,ARGENTON SUR CREUSE,OUI,3665,21:01,IC ARO,LIMOGES BENEDICTINS,PALITO,FRAGQ,20:01,FRFMT
2547,2023-06-10,LA SOUTERRAINE,OUI,3665,22:03,IC ARO,BRIVE LA GAILLARDE,PALITO,FRBVE,20:26,FRLST
2548,2023-06-10,LA SOUTERRAINE,OUI,3665,22:46,IC ARO,GOURDON,PALITO,FRFSI,20:26,FRLST
2549,2023-06-10,PARIS (intramuros),OUI,3665,22:03,IC ARO,BRIVE LA GAILLARDE,PALITO,FRBVE,17:37,FRPAZ
2550,2023-06-10,PARIS (intramuros),OUI,3665,20:24,IC ARO,LA SOUTERRAINE,PALITO,FRLST,17:37,FRPAZ
2551,2023-06-10,VIERZON VILLE,OUI,3665,22:03,IC ARO,BRIVE LA GAILLARDE,PALITO,FRBVE,19:13,FRXVZ
2552,2023-06-10,VIERZON VILLE,OUI,3665,20:24,IC ARO,LA SOUTERRAINE,PALITO,FRLST,19:13,FRXVZ
2553,2023-06-10,VIERZON VILLE,OUI,3665,23:15,IC ARO,CAHORS,PALITO,FRZAO,19:13,FRXVZ
2554,2023-06-10,AGEN,OUI,4752,11:32,IC ARO,BORDEAUX ST JEAN,TJOURSESO,FRBOJ,10:30,FRAGF
2555,2023-06-10,NIMES,OUI,4752,07:43,IC ARO,BEZIERS,TJOURSESO,FRBZR,06:38,FRFNI
2556,2023-06-10,NIMES,OUI,4752,07:02,IC ARO,MONTPELLIER SAINT-ROCH,TJOURSESO,FRMPL,06:38,FRFNI
2557,2023-06-10,NIMES,OUI,4752,09:16,IC ARO,TOULOUSE MATABIAU,TJOURSESO,FRXYT,06:38,FRFNI
2558,2023-06-10,MONTPELLIER SAINT-ROCH,OUI,4752,09:51,IC ARO,MONTAUBAN VILLE BOURBON,TJOURSESO,FRXMW,07:06,FRMPL
2559,2023-06-10,NARBONNE,OUI,4752,09:16,IC ARO,TOULOUSE MATABIAU,TJOURSESO,FRXYT,08:02,FRXNA
2560,2023-06-10,TOULOUSE MATABIAU,OUI,4752,10:28,IC ARO,AGEN,TJOURSESO,FRAGF,09:22,FRXYT
2561,2023-06-10,TOULOUSE MATABIAU,OUI,4752,09:51,IC ARO,MONTAUBAN VILLE BOURBON,TJOURSESO,FRXMW,09:22,FRXYT
2562,2023-06-10,MASSY TGV,OUI,5460,18:23,EST,MARNE LA VALLEE CHESSY,JCATLEST,FRMLV,17:54,FRDJU
2563,2023-06-10,CHAMPAGNE-ARDENNE,NON,5460,20:25,EST,LORRAINE TGV,JCATLEST,FREAM,19:35,FREAH
2564,2023-06-10,MEUSE TGV,NON,5460,20:25,EST,LORRAINE TGV,JCATLEST,FREAM,20:07,FREAJ
2565,2023-06-10,RENNES,NON,5460,21:04,EST,STRASBOURG,JCATLEST,FRAEG,16:03,FRRNS
2566,2023-06-10,RENNES,NON,5460,19:29,EST,CHAMPAGNE-ARDENNE,JCATLEST,FREAH,16:03,FRRNS
2567,2023-06-10,RENNES,OUI,5460,18:23,EST,MARNE LA VALLEE CHESSY,JCATLEST,FRMLV,16:03,FRRNS
2568,2023-06-10,AGEN,OUI,12213,23:02,ATLANTIQUE,MONTAUBAN VILLE BOURBON,PASUDOUEST,FRXMW,22:25,FRAGF
2569,2023-06-10,PARIS (intramuros),NON,12213,22:22,ATLANTIQUE,AGEN,PASUDOUEST,FRAGF,19:08,FRPMO
2570,2023-06-10,PARIS (intramuros),NON,12213,23:02,ATLANTIQUE,MONTAUBAN VILLE BOURBON,PASUDOUEST,FRXMW,19:08,FRPMO
2571,2023-06-10,REDON,OUI,8746,23:08,ATLANTIQUE,PARIS (intramuros),BRETAPARIS,FRPMO,20:49,FRXRN
2572,2023-06-10,LES SABLES D'OLONNE,OUI,8972,10:54,ATLANTIQUE,NANTES,LOIREPARIS,FRNTE,09:44,FRLSO
2573,2023-06-10,LES SABLES D'OLONNE,OUI,8972,10:08,ATLANTIQUE,LA ROCHE SUR YON,LOIREPARIS,FRXRO,09:44,FRLSO
2574,2023-06-10,CALAIS FRETHUN,OUI,7534,19:08,NORD,PARIS (intramuros),ARRASPA,FRPNO,17:15,FRSTH
2575,2023-06-10,AGEN,OUI,8519,23:02,ATLANTIQUE,MONTAUBAN VILLE BOURBON,PASUDOUEST,FRXMW,22:25,FRAGF
2576,2023-06-10,PARIS (intramuros),OUI,8509,17:15,ATLANTIQUE,BORDEAUX ST JEAN,PASUDOUEST,FRBOJ,15:08,FRPMO
2577,2023-06-10,BIARRITZ,OUI,8551,22:47,ATLANTIQUE,HENDAYE,PASUDOUEST,FRAEF,22:19,FRBIQ
2578,2023-06-10,BORDEAUX ST JEAN,NON,8551,22:47,ATLANTIQUE,HENDAYE,PASUDOUEST,FRAEF,20:20,FRBOJ
2579,2023-06-10,PARIS (intramuros),OUI,8551,22:03,ATLANTIQUE,BAYONNE,PASUDOUEST,FRXBY,18:07,FRPMO
2580,2023-06-10,PARIS (intramuros),NON,8551,22:32,ATLANTIQUE,ST JEAN DE LUZ CIBOURE,PASUDOUEST,FRXJZ,18:07,FRPMO
2581,2023-06-10,METZ VILLE,NON,2860,10:20,EST,PARIS (intramuros),LUXMETZPA,FRPST,08:50,FRADE
2582,2023-06-10,MEUSE TGV,NON,2860,10:20,EST,PARIS (intramuros),LUXMETZPA,FRPST,09:20,FREAJ
2583,2023-06-10,CHAMPAGNE-ARDENNE,NON,9890,08:56,NORD,LILLE (intramuros),JCESTNORD,FRLLE,07:26,FREAH
2584,2023-06-10,MEUSE TGV,NON,9890,08:56,NORD,LILLE (intramuros),JCESTNORD,FRLLE,06:59,FREAJ
2585,2023-06-10,AEROPORT CDG2 TGV ROISSY,OUI,9890,09:43,NORD,BRUXELLES MIDI BRUSSEL ZUID,JCESTNORD,BEBMI,08:07,FRMLW
2586,2023-06-10,MEUSE TGV,NON,2511,16:44,EST,NANCY,PANANCY,FRENC,16:09,FREAJ
2587,2023-06-10,LE MANS,NON,8917,12:13,ATLANTIQUE,ANGERS ST LAUD,PARISLOIRE,FRACL,11:36,FRAET
2588,2023-06-10,LE MANS,NON,8917,13:48,ATLANTIQUE,PORNICHET,PARISLOIRE,FREGR,11:36,FRAET
2589,2023-06-10,LE MANS,NON,8917,14:03,ATLANTIQUE,LE POULIGUEN,PARISLOIRE,FREGS,11:36,FRAET
2590,2023-06-10,LE MANS,NON,8917,14:12,ATLANTIQUE,LE CROISIC,PARISLOIRE,FREGU,11:36,FRAET
2591,2023-06-10,LE MANS,NON,8917,13:57,ATLANTIQUE,LA BAULE ESCOUBLAC,PARISLOIRE,FRJEE,11:36,FRAET
2592,2023-06-10,PORNICHET,OUI,8917,14:12,ATLANTIQUE,LE CROISIC,PARISLOIRE,FREGU,13:51,FREGR
2593,2023-06-10,NANTES,OUI,8917,14:12,ATLANTIQUE,LE CROISIC,PARISLOIRE,FREGU,13:00,FRNTE
2594,2023-06-10,PARIS (intramuros),NON,8917,11:33,ATLANTIQUE,LE MANS,PARISLOIRE,FRAET,10:36,FRPMO
2595,2023-06-10,PARIS (intramuros),NON,8917,13:48,ATLANTIQUE,PORNICHET,PARISLOIRE,FREGR,10:36,FRPMO
2596,2023-06-10,PARIS (intramuros),NON,8917,14:03,ATLANTIQUE,LE POULIGUEN,PARISLOIRE,FREGS,10:36,FRPMO
2597,2023-06-10,ORTHEZ,NON,14140,09:35,IC SRO,ST GAUDENS,SUDOUEST,FRFPH,07:47,FRGFI
2598,2023-06-10,LOURDES,NON,14140,08:52,IC SRO,TARBES,SUDOUEST,FRXTB,08:39,FRLDE
2599,2023-06-10,BAYONNE,NON,14140,08:52,IC SRO,TARBES,SUDOUEST,FRXTB,07:00,FRXBY
2600,2023-06-10,LAVAL,OUI,8082,08:44,ATLANTIQUE,PARIS (intramuros),BRETAPARIS,FRPMO,07:14,FRACR
2601,2023-06-10,CHARLEVILLE MEZIERES,OUI,2714,07:44,EST,RETHEL,SEDBARPA,FRBDT,07:15,FRXCZ
2602,2023-06-10,LAVAL,NON,5336,13:27,SUD EST,LE MANS,JCATLSUD,FRAET,12:58,FRACR
2603,2023-06-10,MASSY TGV,NON,5336,16:30,SUD EST,LYON (intramuros),JCATLSUD,FRLPD,14:26,FRDJU
2604,2023-06-10,LES AUBRAIS ORLEANS,NON,3751,04:22,IC NUIT,GOURDON,PAVERMEIL,FRFSI,23:32,FRLAB
2605,2023-06-10,PARIS (intramuros),NON,3751,04:22,IC NUIT,GOURDON,PAVERMEIL,FRFSI,22:12,FRPAZ
2606,2023-06-10,PARIS (intramuros),NON,3751,05:45,IC NUIT,CAUSSADE TARN ET GARONNE,PAVERMEIL,FRFTA,22:12,FRPAZ
2607,2023-06-10,DIJON VILLE,OUI,2203,12:55,EST,MONTPELLIER SAINT-ROCH,JCRHINRHON,FRMPL,09:21,FRABA
2608,2023-06-10,DIJON VILLE,OUI,2203,09:54,EST,CHALON SUR SAONE,JCRHINRHON,FRXCD,09:21,FRABA
2609,2023-06-10,STRASBOURG,OUI,2203,07:13,EST,COLMAR,JCRHINRHON,FRAEJ,06:47,FRAEG
2610,2023-06-10,STRASBOURG,OUI,2203,12:24,EST,NIMES,JCRHINRHON,FRFNI,06:47,FRAEG
2611,2023-06-10,STRASBOURG,OUI,2203,12:55,EST,MONTPELLIER SAINT-ROCH,JCRHINRHON,FRMPL,06:47,FRAEG
2612,2023-06-10,COLMAR,OUI,2203,12:24,EST,NIMES,JCRHINRHON,FRFNI,07:16,FRAEJ
2613,2023-06-10,COLMAR,OUI,2203,08:38,EST,BESANCON - F COMTE TGV,JCRHINRHON,FRTJB,07:16,FRAEJ
2614,2023-06-10,MULHOUSE VILLE,OUI,2203,12:55,EST,MONTPELLIER SAINT-ROCH,JCRHINRHON,FRMPL,07:52,FRAEK
2615,2023-06-10,LYON (intramuros),OUI,2203,12:55,EST,MONTPELLIER SAINT-ROCH,JCRHINRHON,FRMPL,11:02,FRLPD
2616,2023-06-10,CHALON SUR SAONE,OUI,2203,12:24,EST,NIMES,JCRHINRHON,FRFNI,09:56,FRXCD
2617,2023-06-10,BEZIERS,OUI,6260,20:50,SUD EST,VALENCE TGV RHONE-ALPES SUD,LANGPA,FRVLA,19:00,FRBZR
2618,2023-06-10,PERPIGNAN,OUI,6260,19:27,SUD EST,SETE,LANGPA,FRXSY,18:04,FRPGF
2619,2023-06-10,AGDE,OUI,6260,23:05,SUD EST,PARIS (intramuros),LANGPA,FRPLY,19:14,FRXAG
2620,2023-06-10,AGDE,OUI,6260,20:50,SUD EST,VALENCE TGV RHONE-ALPES SUD,LANGPA,FRVLA,19:14,FRXAG
2621,2023-06-10,NARBONNE,OUI,6260,18:57,SUD EST,BEZIERS,LANGPA,FRBZR,18:43,FRXNA
2622,2023-06-10,SETE,OUI,6260,20:50,SUD EST,VALENCE TGV RHONE-ALPES SUD,LANGPA,FRVLA,19:30,FRXSY
2623,2023-06-10,MONTPELLIER SUD DE FRANCE,OUI,6260,23:05,SUD EST,PARIS (intramuros),LANGPA,FRPLY,19:52,FRSUF
2624,2023-06-10,BEZIERS,OUI,6260,19:45,SUD EST,MONTPELLIER SUD DE FRANCE,LANGPA,FRSUF,19:00,FRBZR
2625,2023-06-10,AGDE,OUI,6260,19:45,SUD EST,MONTPELLIER SUD DE FRANCE,LANGPA,FRSUF,19:14,FRXAG
2626,2023-06-10,BEZIERS,OUI,6034,13:09,SUD EST,AGDE,LANGPA,FRXAG,12:58,FRBZR
2627,2023-06-10,PERPIGNAN,OUI,6034,12:55,SUD EST,BEZIERS,LANGPA,FRBZR,12:04,FRPGF
2628,2023-06-10,PERPIGNAN,NON,6034,15:01,SUD EST,VALENCE TGV RHONE-ALPES SUD,LANGPA,FRVLA,12:04,FRPGF
2629,2023-06-10,AGDE,NON,6034,15:01,SUD EST,VALENCE TGV RHONE-ALPES SUD,LANGPA,FRVLA,13:12,FRXAG
2630,2023-06-10,NARBONNE,OUI,6034,12:55,SUD EST,BEZIERS,LANGPA,FRBZR,12:41,FRXNA
2631,2023-06-10,NARBONNE,NON,6034,15:01,SUD EST,VALENCE TGV RHONE-ALPES SUD,LANGPA,FRVLA,12:41,FRXNA
2632,2023-06-10,NARBONNE,OUI,6034,13:25,SUD EST,SETE,LANGPA,FRXSY,12:41,FRXNA
2633,2023-06-10,SETE,NON,6034,13:44,SUD EST,MONTPELLIER SAINT-ROCH,LANGPA,FRMPL,13:28,FRXSY
2634,2023-06-10,LORIENT,OUI,8722,15:25,ATLANTIQUE,RENNES,BRETAPARIS,FRRNS,13:50,FRLRT
2635,2023-06-10,LORIENT,OUI,8722,14:48,ATLANTIQUE,REDON,BRETAPARIS,FRXRN,13:50,FRLRT
2636,2023-06-10,QUIMPER,OUI,8722,14:19,ATLANTIQUE,VANNES,BRETAPARIS,FRVNE,13:14,FRUIP
2637,2023-06-10,REDON,OUI,8722,15:25,ATLANTIQUE,RENNES,BRETAPARIS,FRRNS,14:50,FRXRN
2638,2023-06-10,AURAY,OUI,8722,14:48,ATLANTIQUE,REDON,BRETAPARIS,FRXRN,14:09,FRXUY
2639,2023-06-10,LAVAL,OUI,8641,22:51,ATLANTIQUE,BREST,PARISBRETA,FRBES,19:58,FRACR
2640,2023-06-10,LAVAL,OUI,8641,21:21,ATLANTIQUE,ST BRIEUC,PARISBRETA,FRSBK,19:58,FRACR
2641,2023-06-10,GUINGAMP,OUI,8641,22:11,ATLANTIQUE,MORLAIX,PARISBRETA,FRMXN,21:40,FRGGP
2642,2023-06-10,GUINGAMP,OUI,8641,21:53,ATLANTIQUE,PLOUARET TREGOR,PARISBRETA,FRPLT,21:40,FRGGP
2643,2023-06-10,MORLAIX,OUI,8641,22:36,ATLANTIQUE,LANDERNEAU,PARISBRETA,FRXLD,22:14,FRMXN
2644,2023-06-10,PLOUARET TREGOR,OUI,8641,22:11,ATLANTIQUE,MORLAIX,PARISBRETA,FRMXN,21:55,FRPLT
2645,2023-06-10,RENNES,OUI,8641,22:51,ATLANTIQUE,BREST,PARISBRETA,FRBES,20:32,FRRNS
2646,2023-06-10,RENNES,OUI,8641,21:38,ATLANTIQUE,GUINGAMP,PARISBRETA,FRGGP,20:32,FRRNS
2647,2023-06-10,RENNES,OUI,8641,21:53,ATLANTIQUE,PLOUARET TREGOR,PARISBRETA,FRPLT,20:32,FRRNS
2648,2023-06-10,LYON (intramuros),OUI,6681,10:48,SUD EST,ST ETIENNE CHATEAUCREUX,PARISRHONE,FRHHD,10:06,FRLPD
2649,2023-06-10,LIMOGES BENEDICTINS,NON,3644,12:04,IC ARO,CHATEAUROUX,TOULOUZECO,FRCHR,10:54,FRAGQ
2650,2023-06-10,BRIVE LA GAILLARDE,NON,3644,13:18,IC ARO,LES AUBRAIS ORLEANS,TOULOUZECO,FRLAB,09:50,FRBVE
2651,2023-06-10,GOURDON,OUI,3644,09:47,IC ARO,BRIVE LA GAILLARDE,TOULOUZECO,FRBVE,09:02,FRFSI
2652,2023-06-10,CAUSSADE TARN ET GARONNE,OUI,3644,09:47,IC ARO,BRIVE LA GAILLARDE,TOULOUZECO,FRBVE,08:07,FRFTA
2653,2023-06-10,CAUSSADE TARN ET GARONNE,NON,3644,14:22,IC ARO,PARIS (intramuros),TOULOUZECO,FRPAZ,08:07,FRFTA
2654,2023-06-10,CAUSSADE TARN ET GARONNE,OUI,3644,09:18,IC ARO,SOUILLAC,TOULOUZECO,FRSOU,08:07,FRFTA
2655,2023-06-10,LA SOUTERRAINE,NON,3644,12:04,IC ARO,CHATEAUROUX,TOULOUZECO,FRCHR,11:29,FRLST
2656,2023-06-10,SOUILLAC,NON,3644,14:22,IC ARO,PARIS (intramuros),TOULOUZECO,FRPAZ,09:20,FRSOU
2657,2023-06-10,MONTAUBAN VILLE BOURBON,OUI,3644,09:18,IC ARO,SOUILLAC,TOULOUZECO,FRSOU,07:53,FRXMW
2658,2023-06-10,TOULOUSE MATABIAU,NON,3644,13:18,IC ARO,LES AUBRAIS ORLEANS,TOULOUZECO,FRLAB,07:18,FRXYT
2659,2023-06-10,TOULOUSE MATABIAU,NON,3644,11:27,IC ARO,LA SOUTERRAINE,TOULOUZECO,FRLST,07:18,FRXYT
2660,2023-06-10,TOULOUSE MATABIAU,OUI,3644,09:18,IC ARO,SOUILLAC,TOULOUZECO,FRSOU,07:18,FRXYT
2661,2023-06-10,TOULOUSE MATABIAU,OUI,3644,08:33,IC ARO,CAHORS,TOULOUZECO,FRZAO,07:18,FRXYT
2662,2023-06-10,CAHORS,NON,3644,11:27,IC ARO,LA SOUTERRAINE,TOULOUZECO,FRLST,08:35,FRZAO
2663,2023-06-10,AIX EN PROVENCE TGV,OUI,6866,19:45,SUD EST,AVIGNON TGV,JCSUDPROV,FRAVG,19:26,FRAIE
2664,2023-06-10,MARSEILLE ST CHARLES,OUI,6866,19:45,SUD EST,AVIGNON TGV,JCSUDPROV,FRAVG,19:11,FRMSC
2665,2023-06-10,TOULON,OUI,6866,19:23,SUD EST,AIX EN PROVENCE TGV,JCSUDPROV,FRAIE,17:53,FRTLN
2666,2023-06-10,MUENCHEN HBF,NON,9576,09:51,INTERNATIONAL,KARLSRUHE HBF,MUNSTUTPA,DEQKA,06:51,DEBEG
2667,2023-06-10,MUENCHEN HBF,NON,9576,10:37,INTERNATIONAL,STRASBOURG,MUNSTUTPA,FRAEG,06:51,DEBEG
2668,2023-06-10,KARLSRUHE HBF,NON,9576,12:31,INTERNATIONAL,PARIS (intramuros),MUNSTUTPA,FRPST,09:53,DEQKA
2669,2023-06-10,ULM HBF,NON,9576,12:31,INTERNATIONAL,PARIS (intramuros),MUNSTUTPA,FRPST,08:04,DEQUL
2670,2023-06-10,STUTTGART HBF,NON,9576,09:51,INTERNATIONAL,KARLSRUHE HBF,MUNSTUTPA,DEQKA,09:11,DESGT
2671,2023-06-10,STUTTGART HBF,NON,9576,12:31,INTERNATIONAL,PARIS (intramuros),MUNSTUTPA,FRPST,09:11,DESGT
2672,2023-06-10,LILLE (intramuros),NON,5000,11:17,NORD,RENNES,JCNORDBRET,FRRNS,07:52,FRLLE
2673,2023-06-10,LAVAL,NON,8707,11:04,ATLANTIQUE,REDON,PARISBRETA,FRXRN,09:58,FRACR
2674,2023-06-10,LORIENT,OUI,8707,12:38,ATLANTIQUE,QUIMPER,PARISBRETA,FRUIP,12:03,FRLRT
2675,2023-06-10,RENNES,NON,8707,12:00,ATLANTIQUE,LORIENT,PARISBRETA,FRLRT,10:29,FRRNS
2676,2023-06-10,VANNES,OUI,8707,12:00,ATLANTIQUE,LORIENT,PARISBRETA,FRLRT,11:32,FRVNE
2677,2023-06-10,REDON,NON,8707,12:38,ATLANTIQUE,QUIMPER,PARISBRETA,FRUIP,11:06,FRXRN
2678,2023-06-10,PARIS (intramuros),NON,7375,18:04,NORD,DUNKERQUE,PAARRAS,FRADI,15:52,FRPNO
2679,2023-06-10,FUTUROSCOPE,OUI,8346,21:20,ATLANTIQUE,PARIS (intramuros),ROCHELLEPA,FRPMO,19:33,FRTGO
2680,2023-06-10,BRUXELLES MIDI BRUSSEL ZUID,NON,9810,08:23,NORD,AEROPORT CDG2 TGV ROISSY,JCNORDSUD,FRMLW,06:25,BEBMI
2681,2023-06-10,BRUXELLES MIDI BRUSSEL ZUID,NON,9810,12:24,NORD,MARSEILLE ST CHARLES,JCNORDSUD,FRMSC,06:25,BEBMI
2682,2023-06-10,LILLE (intramuros),NON,9810,12:24,NORD,MARSEILLE ST CHARLES,JCNORDSUD,FRMSC,07:24,FRLLE
2683,2023-06-10,LILLE (intramuros),NON,9810,11:15,NORD,VALENCE TGV RHONE-ALPES SUD,JCNORDSUD,FRVLA,07:24,FRLLE
2684,2023-06-10,LYON (intramuros),NON,9810,11:52,NORD,AVIGNON TGV,JCNORDSUD,FRAVG,10:35,FRLPD
2685,2023-06-10,MARNE LA VALLEE CHESSY,NON,9810,11:15,NORD,VALENCE TGV RHONE-ALPES SUD,JCNORDSUD,FRVLA,08:43,FRMLV
2686,2023-06-10,AEROPORT CDG2 TGV ROISSY,NON,9810,08:38,NORD,MARNE LA VALLEE CHESSY,JCNORDSUD,FRMLV,08:29,FRMLW
2687,2023-06-10,AEROPORT CDG2 TGV ROISSY,NON,9810,12:24,NORD,MARSEILLE ST CHARLES,JCNORDSUD,FRMSC,08:29,FRMLW
2688,2023-06-10,AEROPORT CDG2 TGV ROISSY,NON,9810,11:15,NORD,VALENCE TGV RHONE-ALPES SUD,JCNORDSUD,FRVLA,08:29,FRMLW
2689,2023-06-10,TGV HAUTE PICARDIE,NON,9810,11:52,NORD,AVIGNON TGV,JCNORDSUD,FRAVG,07:54,FRTHP
2690,2023-06-10,TGV HAUTE PICARDIE,NON,9810,10:29,NORD,LYON (intramuros),JCNORDSUD,FRLPD,07:54,FRTHP
2691,2023-06-10,TGV HAUTE PICARDIE,NON,9810,08:38,NORD,MARNE LA VALLEE CHESSY,JCNORDSUD,FRMLV,07:54,FRTHP
2692,2023-06-10,TGV HAUTE PICARDIE,NON,9810,11:15,NORD,VALENCE TGV RHONE-ALPES SUD,JCNORDSUD,FRVLA,07:54,FRTHP
2693,2023-06-10,VALENCE TGV RHONE-ALPES SUD,NON,9810,12:24,NORD,MARSEILLE ST CHARLES,JCNORDSUD,FRMSC,11:20,FRVLA
2694,2023-06-10,DIJON VILLE,NON,2242,14:55,EST,MULHOUSE VILLE,JCRHONRHIN,FRAEK,13:37,FRABA
2695,2023-06-10,AIX EN PROVENCE TGV,NON,2242,14:30,EST,BELFORT-MONTBELIARD TGV,JCRHONRHIN,FRTJA,09:58,FRAIE
2696,2023-06-10,AVIGNON TGV,NON,2242,15:54,EST,STRASBOURG,JCRHONRHIN,FRAEG,10:20,FRAVG
2697,2023-06-10,AVIGNON TGV,NON,2242,12:41,EST,CHALON SUR SAONE,JCRHONRHIN,FRXCD,10:20,FRAVG
2698,2023-06-10,MACON VILLE,NON,2242,13:25,EST,DIJON VILLE,JCRHONRHIN,FRABA,12:12,FRHGU
2699,2023-06-10,MACON VILLE,NON,2242,15:54,EST,STRASBOURG,JCRHONRHIN,FRAEG,12:12,FRHGU
2700,2023-06-10,CANNES,NON,2242,09:55,EST,AIX EN PROVENCE TGV,JCRHONRHIN,FRAIE,07:30,FRJCA
2701,2023-06-10,CANNES,NON,2242,09:33,EST,MARSEILLE ST CHARLES,JCRHONRHIN,FRMSC,07:30,FRJCA
2702,2023-06-10,CANNES,OUI,2242,08:09,EST,LES ARCS DRAGUIGNAN,JCRHONRHIN,FRXRS,07:30,FRJCA
2703,2023-06-10,CANNES,OUI,2242,07:52,EST,ST RAPHAEL VALESCURE,JCRHONRHIN,FRXSK,07:30,FRJCA
2704,2023-06-10,LYON (intramuros),NON,2242,13:25,EST,DIJON VILLE,JCRHONRHIN,FRABA,11:32,FRLPD
2705,2023-06-10,LYON (intramuros),NON,2242,15:24,EST,COLMAR,JCRHONRHIN,FRAEJ,11:32,FRLPD
2706,2023-06-10,LYON (intramuros),NON,2242,14:55,EST,MULHOUSE VILLE,JCRHONRHIN,FRAEK,11:32,FRLPD
2707,2023-06-10,LYON (intramuros),NON,2242,14:06,EST,BESANCON - F COMTE TGV,JCRHONRHIN,FRTJB,11:32,FRLPD
2708,2023-06-10,MARSEILLE ST CHARLES,NON,2242,15:54,EST,STRASBOURG,JCRHONRHIN,FRAEG,09:45,FRMSC
2709,2023-06-10,MARSEILLE ST CHARLES,NON,2242,10:17,EST,AVIGNON TGV,JCRHONRHIN,FRAVG,09:45,FRMSC
2710,2023-06-10,MARSEILLE ST CHARLES,NON,2242,12:09,EST,MACON VILLE,JCRHONRHIN,FRHGU,09:45,FRMSC
2711,2023-06-10,MARSEILLE ST CHARLES,NON,2242,14:06,EST,BESANCON - F COMTE TGV,JCRHONRHIN,FRTJB,09:45,FRMSC
2712,2023-06-10,NICE VILLE,OUI,2242,07:26,EST,CANNES,JCRHONRHIN,FRJCA,07:00,FRNIC
2713,2023-06-10,NICE VILLE,OUI,2242,08:09,EST,LES ARCS DRAGUIGNAN,JCRHONRHIN,FRXRS,07:00,FRNIC
2714,2023-06-10,BELFORT-MONTBELIARD TGV,NON,2242,15:54,EST,STRASBOURG,JCRHONRHIN,FRAEG,14:33,FRTJA
2715,2023-06-10,BELFORT-MONTBELIARD TGV,NON,2242,14:55,EST,MULHOUSE VILLE,JCRHONRHIN,FRAEK,14:33,FRTJA
2716,2023-06-10,TOULON,NON,2242,11:26,EST,LYON (intramuros),JCRHONRHIN,FRLPD,08:50,FRTLN
2717,2023-06-10,ANTIBES,NON,2242,15:24,EST,COLMAR,JCRHONRHIN,FRAEJ,07:16,FRXAT
2718,2023-06-10,ANTIBES,NON,2242,09:55,EST,AIX EN PROVENCE TGV,JCRHONRHIN,FRAIE,07:16,FRXAT
2719,2023-06-10,CHALON SUR SAONE,NON,2242,15:54,EST,STRASBOURG,JCRHONRHIN,FRAEG,12:44,FRXCD
2720,2023-06-10,LES ARCS DRAGUIGNAN,NON,2242,15:24,EST,COLMAR,JCRHONRHIN,FRAEJ,08:12,FRXRS
2721,2023-06-10,LES ARCS DRAGUIGNAN,NON,2242,10:17,EST,AVIGNON TGV,JCRHONRHIN,FRAVG,08:12,FRXRS
2722,2023-06-10,ST RAPHAEL VALESCURE,NON,2242,10:17,EST,AVIGNON TGV,JCRHONRHIN,FRAVG,07:55,FRXSK
2723,2023-06-10,AVIGNON TGV,NON,2242,13:03,EST,BEAUNE,JCRHONRHIN,FRXBV,10:20,FRAVG
2724,2023-06-10,LES ARCS DRAGUIGNAN,NON,2242,14:30,EST,BELFORT-MONTBELIARD TGV,JCRHONRHIN,FRTJA,08:12,FRXRS
2725,2023-06-10,ANTIBES,NON,2242,14:06,EST,BESANCON - F COMTE TGV,JCRHONRHIN,FRTJB,07:16,FRXAT
2726,2023-06-10,BEAUNE,NON,2242,15:24,EST,COLMAR,JCRHONRHIN,FRAEJ,13:06,FRXBV
2727,2023-06-10,BEAUNE,NON,2242,14:55,EST,MULHOUSE VILLE,JCRHONRHIN,FRAEK,13:06,FRXBV
2728,2023-06-10,CLERMONT FERRAND,OUI,5966,11:58,IC ARO,NEVERS,CLERMONTPA,FRNVS,10:31,FRCFE
2729,2023-06-10,CLERMONT FERRAND,OUI,5966,11:29,IC ARO,MOULINS SUR ALLIER,CLERMONTPA,FRXMU,10:31,FRCFE
2730,2023-06-10,NEVERS,OUI,5966,13:57,IC ARO,PARIS (intramuros),CLERMONTPA,FRPLY,12:00,FRNVS
2731,2023-06-10,VICHY,OUI,5966,13:57,IC ARO,PARIS (intramuros),CLERMONTPA,FRPLY,11:06,FRVHY
2732,2023-06-10,LE MANS,NON,5332,13:10,SUD EST,AIX EN PROVENCE TGV,JCATLSUD,FRAIE,08:26,FRAET
2733,2023-06-10,LE MANS,NON,5332,11:30,SUD EST,LYON (intramuros),JCATLSUD,FRLPD,08:26,FRAET
2734,2023-06-10,AVIGNON TGV,NON,5332,13:10,SUD EST,AIX EN PROVENCE TGV,JCATLSUD,FRAIE,12:50,FRAVG
2735,2023-06-10,MASSY TGV,NON,5332,13:24,SUD EST,MARSEILLE ST CHARLES,JCATLSUD,FRMSC,09:26,FRDJU
2736,2023-06-10,RENNES,NON,5332,12:45,SUD EST,AVIGNON TGV,JCATLSUD,FRAVG,07:31,FRRNS
2737,2023-06-10,RENNES,NON,5332,13:24,SUD EST,MARSEILLE ST CHARLES,JCATLSUD,FRMSC,07:31,FRRNS
2738,2023-06-10,AVIGNON TGV,OUI,6129,22:56,SUD EST,MARSEILLE ST CHARLES,PAPROVENCE,FRMSC,22:20,FRAVG
2739,2023-06-10,DAX,NON,8537,14:16,ATLANTIQUE,BIARRITZ,PASUDOUEST,FRBIQ,13:32,FRACG
2740,2023-06-10,BORDEAUX ST JEAN,NON,8537,13:28,ATLANTIQUE,DAX,PASUDOUEST,FRACG,12:20,FRBOJ
2741,2023-06-10,BORDEAUX ST JEAN,NON,8537,14:16,ATLANTIQUE,BIARRITZ,PASUDOUEST,FRBIQ,12:20,FRBOJ
2742,2023-06-10,PARIS (intramuros),NON,8537,14:47,ATLANTIQUE,HENDAYE,PASUDOUEST,FRAEF,10:08,FRPMO
2743,2023-06-10,PARIS (intramuros),NON,8537,14:32,ATLANTIQUE,ST JEAN DE LUZ CIBOURE,PASUDOUEST,FRXJZ,10:08,FRPMO
2744,2023-06-10,ST JEAN DE LUZ CIBOURE,OUI,8537,14:47,ATLANTIQUE,HENDAYE,PASUDOUEST,FRAEF,14:35,FRXJZ
2745,2023-06-10,PARIS (intramuros),NON,7565,13:32,NORD,ETAPLES LE TOUQUET,PAARRAS,FRETA,10:52,FRPNO
2746,2023-06-10,DOL DE BRETAGNE,OUI,8086,18:09,ATLANTIQUE,PARIS (intramuros),BRETAPARIS,FRPMO,15:55,FRDOL
2747,2023-06-10,DOL DE BRETAGNE,OUI,8086,16:25,ATLANTIQUE,RENNES,BRETAPARIS,FRRNS,15:55,FRDOL
2748,2023-06-10,AGEN,OUI,8514,20:58,ATLANTIQUE,PARIS (intramuros),SUDOUESTPA,FRPMO,17:31,FRAGF
2749,2023-06-10,TOULOUSE MATABIAU,OUI,8514,17:28,ATLANTIQUE,AGEN,SUDOUESTPA,FRAGF,16:23,FRXYT
2750,2023-06-10,AGEN,OUI,8514,20:43,ATLANTIQUE,MASSY TGV,SUDOUESTPA,FRDJU,17:31,FRAGF
2751,2023-06-10,PARIS (intramuros),NON,5771,08:30,IC NUIT,CANNES,PARAZUR,FRJCA,20:48,FRPAZ
2752,2023-06-10,PARIS (intramuros),NON,5771,08:43,IC NUIT,ANTIBES,PARAZUR,FRXAT,20:48,FRPAZ
2753,2023-06-10,AGEN,NON,4665,21:19,IC ARO,NIMES,TJOURSOSE,FRFNI,17:32,FRAGF
2754,2023-06-10,BORDEAUX ST JEAN,NON,4665,20:52,IC ARO,MONTPELLIER SAINT-ROCH,TJOURSOSE,FRMPL,16:28,FRBOJ
2755,2023-06-10,BORDEAUX ST JEAN,NON,4665,18:07,IC ARO,MONTAUBAN VILLE BOURBON,TJOURSOSE,FRXMW,16:28,FRBOJ
2756,2023-06-10,BEZIERS,OUI,4665,20:52,IC ARO,MONTPELLIER SAINT-ROCH,TJOURSOSE,FRMPL,20:17,FRBZR
2757,2023-06-10,CARCASSONNE,NON,4665,21:19,IC ARO,NIMES,TJOURSOSE,FRFNI,19:29,FRCCF
2758,2023-06-10,MONTAUBAN VILLE BOURBON,NON,4665,19:27,IC ARO,CARCASSONNE,TJOURSOSE,FRCCF,18:09,FRXMW
2759,2023-06-10,MONTAUBAN VILLE BOURBON,NON,4665,19:58,IC ARO,NARBONNE,TJOURSOSE,FRXNA,18:09,FRXMW
2760,2023-06-10,NARBONNE,NON,4665,21:19,IC ARO,NIMES,TJOURSOSE,FRFNI,20:01,FRXNA
2761,2023-06-10,TOULOUSE MATABIAU,NON,4665,21:19,IC ARO,NIMES,TJOURSOSE,FRFNI,18:45,FRXYT
2762,2023-06-10,TOULOUSE MATABIAU,NON,4665,20:52,IC ARO,MONTPELLIER SAINT-ROCH,TJOURSOSE,FRMPL,18:45,FRXYT
2763,2023-06-10,TOULOUSE MATABIAU,NON,4665,23:00,IC ARO,MARSEILLE ST CHARLES,TJOURSOSE,FRMSC,18:45,FRXYT
2764,2023-06-10,PARIS (intramuros),OUI,8367,20:06,ATLANTIQUE,SURGERES,PAROCHELLE,FREIP,17:28,FRPMO
2765,2023-06-10,SURGERES,OUI,8377,15:21,ATLANTIQUE,LA ROCHELLE VILLE,PAROCHELLE,FRLRH,15:00,FREIP
2766,2023-06-10,POITIERS,NON,8377,14:58,ATLANTIQUE,SURGERES,PAROCHELLE,FREIP,13:55,FRPIS
2767,2023-06-10,POITIERS,NON,8377,14:37,ATLANTIQUE,NIORT,PAROCHELLE,FRNIT,13:55,FRPIS
2768,2023-06-10,PARIS (intramuros),NON,8377,13:52,ATLANTIQUE,POITIERS,PAROCHELLE,FRPIS,12:16,FRPMO
2769,2023-06-10,LES AUBRAIS ORLEANS,OUI,3751,06:19,IC NUIT,MONTAUBAN VILLE BOURBON,PAVERMEIL,FRXMW,23:32,FRLAB
2770,2023-06-10,LAVAL,NON,8063,23:09,ATLANTIQUE,RENNES,PARISBRETA,FRRNS,22:44,FRACR
2771,2023-06-10,LE MANS,OUI,8063,22:41,ATLANTIQUE,LAVAL,PARISBRETA,FRACR,22:13,FRAET
2772,2023-06-10,BEZIERS,OUI,6202,09:13,SUD EST,NIMES,LANGPA,FRFNI,07:58,FRBZR
2773,2023-06-10,BEZIERS,OUI,6202,08:43,SUD EST,MONTPELLIER SAINT-ROCH,LANGPA,FRMPL,07:58,FRBZR
2774,2023-06-10,NIMES,NON,6202,12:18,SUD EST,PARIS (intramuros),LANGPA,FRPLY,09:17,FRFNI
2775,2023-06-10,MONTPELLIER SAINT-ROCH,OUI,6202,09:13,SUD EST,NIMES,LANGPA,FRFNI,08:48,FRMPL
2776,2023-06-10,MONTPELLIER SAINT-ROCH,NON,6202,10:01,SUD EST,VALENCE TGV RHONE-ALPES SUD,LANGPA,FRVLA,08:48,FRMPL
2777,2023-06-10,PERPIGNAN,OUI,6202,08:43,SUD EST,MONTPELLIER SAINT-ROCH,LANGPA,FRMPL,07:04,FRPGF
2778,2023-06-10,VALENCE TGV RHONE-ALPES SUD,NON,6202,12:18,SUD EST,PARIS (intramuros),LANGPA,FRPLY,10:04,FRVLA
2779,2023-06-10,AGDE,OUI,6202,08:24,SUD EST,SETE,LANGPA,FRXSY,08:11,FRXAG
2780,2023-06-10,NARBONNE,OUI,6202,09:13,SUD EST,NIMES,LANGPA,FRFNI,07:42,FRXNA
2781,2023-06-10,NARBONNE,OUI,6202,08:43,SUD EST,MONTPELLIER SAINT-ROCH,LANGPA,FRMPL,07:42,FRXNA
2782,2023-06-10,SETE,NON,6202,10:01,SUD EST,VALENCE TGV RHONE-ALPES SUD,LANGPA,FRVLA,08:27,FRXSY
2783,2023-06-10,ST RAPHAEL VALESCURE,NON,5772,07:57,IC NUIT,PARIS (intramuros),AZURPAR,FRPAZ,20:02,FRXSK
2784,2023-06-10,BORDEAUX ST JEAN,NON,3854,10:40,IC SRO,JONZAC,BORDONANTE,FREMR,09:53,FRBOJ
2785,2023-06-10,BORDEAUX ST JEAN,NON,3854,12:15,IC SRO,LA ROCHELLE VILLE,BORDONANTE,FRLRH,09:53,FRBOJ
2786,2023-06-10,BORDEAUX ST JEAN,NON,3854,14:05,IC SRO,NANTES,BORDONANTE,FRNTE,09:53,FRBOJ
2787,2023-06-10,BORDEAUX ST JEAN,NON,3854,13:22,IC SRO,LA ROCHE SUR YON,BORDONANTE,FRXRO,09:53,FRBOJ
2788,2023-06-10,LA ROCHELLE VILLE,NON,3854,12:58,IC SRO,LUCON,BORDONANTE,FRLCN,12:19,FRLRH
2789,2023-06-10,ROCHEFORT,NON,3854,12:58,IC SRO,LUCON,BORDONANTE,FRLCN,11:55,FRRCO
2790,2023-06-10,ROCHEFORT,NON,3854,14:05,IC SRO,NANTES,BORDONANTE,FRNTE,11:55,FRRCO
2791,2023-06-10,LA ROCHE SUR YON,NON,3854,14:05,IC SRO,NANTES,BORDONANTE,FRNTE,13:24,FRXRO
2792,2023-06-10,SAINTES,NON,3854,12:15,IC SRO,LA ROCHELLE VILLE,BORDONANTE,FRLRH,11:25,FRXST
2793,2023-06-10,ST GAUDENS,OUI,3742,06:08,IC NUIT,LES AUBRAIS ORLEANS,PALOMBEPAR,FRLAB,22:56,FRFPH
2794,2023-06-10,ANGOULEME,OUI,5060,07:16,NORD,POITIERS,JCAQUINORD,FRPIS,06:36,FRANG
2795,2023-06-10,BORDEAUX ST JEAN,OUI,5060,06:33,NORD,ANGOULEME,JCAQUINORD,FRANG,05:58,FRBOJ
2796,2023-06-10,BORDEAUX ST JEAN,OUI,5060,07:16,NORD,POITIERS,JCAQUINORD,FRPIS,05:58,FRBOJ
2797,2023-06-10,MARNE LA VALLEE CHESSY,OUI,5060,09:41,NORD,AEROPORT CDG2 TGV ROISSY,JCAQUINORD,FRMLW,09:31,FRMLV
2798,2023-06-10,PARIS (intramuros),OUI,7053,17:48,NORD,LILLE (intramuros),PALILLE,FRADJ,16:46,FRPNO
2799,2023-06-10,ANGERS ST LAUD,OUI,8921,15:33,ATLANTIQUE,ST NAZAIRE,PARISLOIRE,FRSNR,14:16,FRACL
2800,2023-06-10,NANTES,OUI,8921,16:03,ATLANTIQUE,LE CROISIC,PARISLOIRE,FREGU,15:00,FRNTE
2801,2023-06-10,KARLSRUHE HBF,NON,9592,16:13,INTERNATIONAL,STRASBOURG,MUNSTUTPA,FRAEG,15:32,DEQKA
2802,2023-06-10,STUTTGART HBF,NON,9592,16:13,INTERNATIONAL,STRASBOURG,MUNSTUTPA,FRAEG,14:52,DESGT
2803,2023-06-10,STRASBOURG,NON,9592,18:05,INTERNATIONAL,PARIS (intramuros),MUNSTUTPA,FRPST,16:19,FRAEG
2804,2023-06-10,MODANE,NON,9249,21:49,INTERNATIONAL,MILANO P GARIBALDI,PAITALIE,ITMPG,18:55,FRAGR
2805,2023-06-10,CHAMBERY CHALLES LES EAUX,NON,9249,18:24,INTERNATIONAL,ST JEAN DE MAURIENNE ARVAN,PAITALIE,FRHPN,17:44,FRCMF
2806,2023-06-10,PARIS (intramuros),NON,9249,18:24,INTERNATIONAL,ST JEAN DE MAURIENNE ARVAN,PAITALIE,FRHPN,14:44,FRPLY
2807,2023-06-10,LYON (intramuros),OUI,6631,22:10,SUD EST,LYON (intramuros),PARISRHONE,FRLPE,22:02,FRLPD
2808,2023-06-10,BORDEAUX ST JEAN,OUI,8512,15:20,ATLANTIQUE,ANGOULEME,SUDOUESTPA,FRANG,14:46,FRBOJ
2809,2023-06-10,TOULOUSE MATABIAU,OUI,8512,15:20,ATLANTIQUE,ANGOULEME,SUDOUESTPA,FRANG,12:27,FRXYT
2810,2023-06-10,TOULOUSE MATABIAU,OUI,8512,14:40,ATLANTIQUE,BORDEAUX ST JEAN,SUDOUESTPA,FRBOJ,12:27,FRXYT
2811,2023-06-10,AVIGNON TGV,OUI,6107,12:56,SUD EST,MARSEILLE ST CHARLES,PAPROVENCE,FRMSC,12:22,FRAVG
2812,2023-06-10,PARIS (intramuros),NON,6107,12:41,SUD EST,AIX EN PROVENCE TGV,PAPROVENCE,FRAIE,09:36,FRPLY
2813,2023-06-10,VALENCE TGV RHONE-ALPES SUD,OUI,6223,19:59,SUD EST,NIMES,PALANG,FRFNI,19:15,FRVLA
2814,2023-06-10,ST ETIENNE CHATEAUCREUX,OUI,6690,06:54,SUD EST,LYON (intramuros),RHONEPARIS,FRLPD,06:15,FRHHD
2815,2023-06-10,STRASBOURG,NON,9894,21:01,NORD,BRUXELLES MIDI BRUSSEL ZUID,JCESTNORD,BEBMI,17:01,FRAEG
2816,2023-06-10,STRASBOURG,NON,9894,18:32,NORD,CHAMPAGNE-ARDENNE,JCESTNORD,FREAH,17:01,FRAEG
2817,2023-06-10,LORRAINE TGV,NON,9894,18:01,NORD,MEUSE TGV,JCESTNORD,FREAJ,17:42,FREAM
2818,2023-06-10,LORRAINE TGV,NON,9894,20:08,NORD,LILLE (intramuros),JCESTNORD,FRLLE,17:42,FREAM
2819,2023-06-10,LILLE (intramuros),OUI,9894,21:01,NORD,BRUXELLES MIDI BRUSSEL ZUID,JCESTNORD,BEBMI,20:27,FRLLE
2820,2023-06-10,MEUSE TGV,NON,9894,19:38,NORD,TGV HAUTE PICARDIE,JCESTNORD,FRTHP,18:09,FREAJ
2821,2023-06-10,KARLSRUHE HBF,NON,9578,10:05,INTERNATIONAL,PARIS (intramuros),MUNSTUTPA,FRPST,07:32,DEQKA
2822,2023-06-10,STUTTGART HBF,NON,9578,07:30,INTERNATIONAL,KARLSRUHE HBF,MUNSTUTPA,DEQKA,06:52,DESGT
2823,2023-06-10,STRASBOURG,NON,9578,10:05,INTERNATIONAL,PARIS (intramuros),MUNSTUTPA,FRPST,08:20,FRAEG
2824,2023-06-10,VENDOME VILLIERS SUR LOIR,OUI,8321,20:35,ATLANTIQUE,ST PIERRE DES CORPS,PAROCHELLE,FRXSH,20:16,FRESL
2825,2023-06-10,PARIS (intramuros),OUI,8321,20:35,ATLANTIQUE,ST PIERRE DES CORPS,PAROCHELLE,FRXSH,19:28,FRPMO
2826,2023-06-10,PARIS (intramuros),OUI,8331,08:13,ATLANTIQUE,VENDOME VILLIERS SUR LOIR,PAROCHELLE,FRESL,07:28,FRPMO
2827,2023-06-10,ST PIERRE DES CORPS,NON,8331,09:35,ATLANTIQUE,POITIERS,PAROCHELLE,FRPIS,08:42,FRXSH
2828,2023-06-10,ST PIERRE DES CORPS,OUI,8331,09:07,ATLANTIQUE,CHATELLERAULT,PAROCHELLE,FRXCX,08:42,FRXSH
2829,2023-06-10,FRANKFURT MAIN HBF,NON,9580,15:34,INTERNATIONAL,BADEN BADEN,FRANCMRS,DEZCC,13:56,DEFRH
2830,2023-06-10,MANNHEIM HBF,NON,9580,19:56,INTERNATIONAL,LYON (intramuros),FRANCMRS,FRLPD,14:39,DEMHG
2831,2023-06-10,MANNHEIM HBF,NON,9580,17:55,INTERNATIONAL,BESANCON - F COMTE TGV,FRANCMRS,FRTJB,14:39,DEMHG
2832,2023-06-10,KARLSRUHE HBF,NON,9580,15:34,INTERNATIONAL,BADEN BADEN,FRANCMRS,DEZCC,15:12,DEQKA
2833,2023-06-10,KARLSRUHE HBF,NON,9580,16:02,INTERNATIONAL,STRASBOURG,FRANCMRS,FRAEG,15:12,DEQKA
2834,2023-06-10,KARLSRUHE HBF,NON,9580,21:12,INTERNATIONAL,AVIGNON TGV,FRANCMRS,FRAVG,15:12,DEQKA
2835,2023-06-10,KARLSRUHE HBF,NON,9580,21:48,INTERNATIONAL,MARSEILLE ST CHARLES,FRANCMRS,FRMSC,15:12,DEQKA
2836,2023-06-10,KARLSRUHE HBF,NON,9580,17:55,INTERNATIONAL,BESANCON - F COMTE TGV,FRANCMRS,FRTJB,15:12,DEQKA
2837,2023-06-10,BADEN BADEN,NON,9580,21:48,INTERNATIONAL,MARSEILLE ST CHARLES,FRANCMRS,FRMSC,15:35,DEZCC
2838,2023-06-10,BADEN BADEN,NON,9580,17:55,INTERNATIONAL,BESANCON - F COMTE TGV,FRANCMRS,FRTJB,15:35,DEZCC
2839,2023-06-10,STRASBOURG,NON,9580,21:34,INTERNATIONAL,AIX EN PROVENCE TGV,FRANCMRS,FRAIE,16:15,FRAEG
2840,2023-06-10,STRASBOURG,NON,9580,17:31,INTERNATIONAL,BELFORT-MONTBELIARD TGV,FRANCMRS,FRTJA,16:15,FRAEG
2841,2023-06-10,AIX EN PROVENCE TGV,NON,9580,21:48,INTERNATIONAL,MARSEILLE ST CHARLES,FRANCMRS,FRMSC,21:37,FRAIE
2842,2023-06-10,AVIGNON TGV,NON,9580,21:48,INTERNATIONAL,MARSEILLE ST CHARLES,FRANCMRS,FRMSC,21:15,FRAVG
2843,2023-06-10,BELFORT-MONTBELIARD TGV,NON,9580,18:53,INTERNATIONAL,CHALON SUR SAONE,FRANCMRS,FRXCD,17:34,FRTJA
2844,2023-06-10,BESANCON - F COMTE TGV,NON,9580,19:56,INTERNATIONAL,LYON (intramuros),FRANCMRS,FRLPD,17:58,FRTJB
2845,2023-06-10,CHALON SUR SAONE,NON,9580,21:34,INTERNATIONAL,AIX EN PROVENCE TGV,FRANCMRS,FRAIE,18:56,FRXCD
2846,2023-06-10,MULHOUSE VILLE,NON,9215,17:26,INTERNATIONAL,BASEL SBB,PABALZUR,CHAJP,17:06,FRAEK
2847,2023-06-10,PARIS (intramuros),NON,9215,18:26,INTERNATIONAL,ZUERICH HB,PABALZUR,CHAJD,14:20,FRPLY
2848,2023-06-10,PARIS (intramuros),NON,9775,17:30,INTERNATIONAL,GENEVE,PAGENEVE,CHGVA,14:16,FRPLY
2849,2023-06-10,BOURG EN BRESSE,NON,9775,18:14,INTERNATIONAL,LAUSANNE,PAGENEVE,CHAJF,16:12,FRXBK
2850,2023-06-10,BOURG EN BRESSE,NON,9775,17:30,INTERNATIONAL,GENEVE,PAGENEVE,CHGVA,16:12,FRXBK
2851,2023-06-10,GENEVE,NON,9775,18:14,INTERNATIONAL,LAUSANNE,PAGENEVE,CHAJF,17:39,CHGVA
2852,2023-06-10,PARIS (intramuros),NON,7289,20:40,NORD,ARRAS,PAARRAS,FRQRV,19:52,FRPNO
2853,2023-06-10,NIMES PONT DU GARD,NON,6252,12:50,SUD EST,VALENCE TGV RHONE-ALPES SUD,LANGPA,FRVLA,12:14,FRXZP
2854,2023-06-10,OULX CESANA CLAV SESTRIERE,NON,9248,23:26,INTERNATIONAL,PARIS (intramuros),ITALIEPA,FRPLY,18:36,ITOCS
2855,2023-06-10,TORINO PORTA SUSA,NON,9248,20:14,INTERNATIONAL,CHAMBERY CHALLES LES EAUX,ITALIEPA,FRCMF,17:38,ITTRS
2856,2023-06-10,LYON (intramuros),NON,9862,14:24,NORD,LILLE (intramuros),JCSUDNORD,FRLLE,11:00,FRLPD
2857,2023-06-10,LYON (intramuros),NON,9862,13:34,NORD,TGV HAUTE PICARDIE,JCSUDNORD,FRTHP,11:00,FRLPD
2858,2023-06-10,MARNE LA VALLEE CHESSY,NON,9862,13:55,NORD,ARRAS,JCSUDNORD,FRQRV,12:51,FRMLV
2859,2023-06-10,AEROPORT CDG2 TGV ROISSY,NON,9862,14:24,NORD,LILLE (intramuros),JCSUDNORD,FRLLE,13:07,FRMLW
2860,2023-06-10,MONTPELLIER SAINT-ROCH,NON,9862,13:55,NORD,ARRAS,JCSUDNORD,FRQRV,08:57,FRMPL
2861,2023-06-10,PERPIGNAN,NON,9862,14:24,NORD,LILLE (intramuros),JCSUDNORD,FRLLE,07:08,FRPGF
2862,2023-06-10,PERPIGNAN,NON,9862,08:33,NORD,SETE,JCSUDNORD,FRXSY,07:08,FRPGF
2863,2023-06-10,TGV HAUTE PICARDIE,NON,9862,15:25,NORD,BRUXELLES MIDI BRUSSEL ZUID,JCSUDNORD,BEBMI,13:38,FRTHP
2864,2023-06-10,VALENCE TGV RHONE-ALPES SUD,NON,9862,10:53,NORD,LYON (intramuros),JCSUDNORD,FRLPD,10:15,FRVLA
2865,2023-06-10,VALENCE TGV RHONE-ALPES SUD,NON,9862,12:47,NORD,MARNE LA VALLEE CHESSY,JCSUDNORD,FRMLV,10:15,FRVLA
2866,2023-06-10,AGDE,NON,9862,14:24,NORD,LILLE (intramuros),JCSUDNORD,FRLLE,08:20,FRXAG
2867,2023-06-10,AGDE,NON,9862,12:47,NORD,MARNE LA VALLEE CHESSY,JCSUDNORD,FRMLV,08:20,FRXAG
2868,2023-06-10,AGDE,NON,9862,08:33,NORD,SETE,JCSUDNORD,FRXSY,08:20,FRXAG
2869,2023-06-10,NARBONNE,OUI,9862,08:02,NORD,BEZIERS,JCSUDNORD,FRBZR,07:49,FRXNA
2870,2023-06-10,NARBONNE,NON,9862,10:53,NORD,LYON (intramuros),JCSUDNORD,FRLPD,07:49,FRXNA
2871,2023-06-10,SETE,OUI,9862,08:52,NORD,MONTPELLIER SAINT-ROCH,JCSUDNORD,FRMPL,08:36,FRXSY
2872,2023-06-10,PERPIGNAN,NON,9862,13:34,NORD,TGV HAUTE PICARDIE,JCSUDNORD,FRTHP,07:08,FRPGF
2873,2023-06-10,NARBONNE,NON,9862,13:34,NORD,TGV HAUTE PICARDIE,JCSUDNORD,FRTHP,07:49,FRXNA
2874,2023-06-10,AGDE,NON,9862,13:34,NORD,TGV HAUTE PICARDIE,JCSUDNORD,FRTHP,08:20,FRXAG
2875,2023-06-10,ANGOULEME,NON,5440,14:29,EST,STRASBOURG,JCATLEST,FRAEG,09:35,FRANG
2876,2023-06-10,ANGOULEME,NON,5440,12:55,EST,CHAMPAGNE-ARDENNE,JCATLEST,FREAH,09:35,FRANG
2877,2023-06-10,ANGOULEME,NON,5440,12:24,EST,MARNE LA VALLEE CHESSY,JCATLEST,FRMLV,09:35,FRANG
2878,2023-06-10,ANGOULEME,OUI,5440,10:16,EST,POITIERS,JCATLEST,FRPIS,09:35,FRANG
2879,2023-06-10,BORDEAUX ST JEAN,NON,5440,14:29,EST,STRASBOURG,JCATLEST,FRAEG,08:54,FRBOJ
2880,2023-06-10,BORDEAUX ST JEAN,NON,5440,12:24,EST,MARNE LA VALLEE CHESSY,JCATLEST,FRMLV,08:54,FRBOJ
2881,2023-06-10,BORDEAUX ST JEAN,NON,5440,10:50,EST,ST PIERRE DES CORPS,JCATLEST,FRXSH,08:54,FRBOJ
2882,2023-06-10,MASSY TGV,NON,5440,14:29,EST,STRASBOURG,JCATLEST,FRAEG,11:55,FRDJU
2883,2023-06-10,MASSY TGV,NON,5440,13:49,EST,LORRAINE TGV,JCATLEST,FREAM,11:55,FRDJU
2884,2023-06-10,LORRAINE TGV,OUI,5440,14:29,EST,STRASBOURG,JCATLEST,FRAEG,13:52,FREAM
2885,2023-06-10,MARNE LA VALLEE CHESSY,NON,5440,14:29,EST,STRASBOURG,JCATLEST,FRAEG,12:28,FRMLV
2886,2023-06-10,MARNE LA VALLEE CHESSY,NON,5440,13:49,EST,LORRAINE TGV,JCATLEST,FREAM,12:28,FRMLV
2887,2023-06-10,POITIERS,NON,5440,12:55,EST,CHAMPAGNE-ARDENNE,JCATLEST,FREAH,10:19,FRPIS
2888,2023-06-10,DAX,NON,8534,12:06,ATLANTIQUE,BORDEAUX ST JEAN,SUDOUESTPA,FRBOJ,10:49,FRACG
2889,2023-06-10,DAX,NON,8534,14:19,ATLANTIQUE,PARIS (intramuros),SUDOUESTPA,FRPMO,10:49,FRACG
2890,2023-06-10,HENDAYE,NON,8534,10:46,ATLANTIQUE,DAX,SUDOUESTPA,FRACG,09:36,FRAEF
2891,2023-06-10,BAYONNE,NON,8534,14:19,ATLANTIQUE,PARIS (intramuros),SUDOUESTPA,FRPMO,10:17,FRXBY
2892,2023-06-10,CHATEAUROUX,OUI,3655,20:08,IC ARO,LIMOGES BENEDICTINS,PALITO,FRAGQ,18:57,FRCHR
2893,2023-06-10,ISSOUDUN,OUI,3655,21:13,IC ARO,BRIVE LA GAILLARDE,PALITO,FRBVE,18:41,FRFMN
2894,2023-06-10,PARIS (intramuros),OUI,3655,20:08,IC ARO,LIMOGES BENEDICTINS,PALITO,FRAGQ,16:39,FRPAZ
2895,2023-06-10,PARIS (intramuros),OUI,3655,21:13,IC ARO,BRIVE LA GAILLARDE,PALITO,FRBVE,16:39,FRPAZ
2896,2023-06-10,PARIS (intramuros),OUI,3655,18:55,IC ARO,CHATEAUROUX,PALITO,FRCHR,16:39,FRPAZ
2897,2023-06-10,VIERZON VILLE,OUI,3655,20:08,IC ARO,LIMOGES BENEDICTINS,PALITO,FRAGQ,18:21,FRXVZ
2898,2023-06-10,VIERZON VILLE,OUI,3655,18:55,IC ARO,CHATEAUROUX,PALITO,FRCHR,18:21,FRXVZ
2899,2023-06-10,VIERZON VILLE,OUI,3655,19:32,IC ARO,LA SOUTERRAINE,PALITO,FRLST,18:21,FRXVZ
2900,2023-06-10,LAVAL,OUI,9884,09:10,NORD,AEROPORT CDG2 TGV ROISSY,JCBRETNORD,FRMLW,06:52,FRACR
2901,2023-06-10,MASSY TGV,OUI,9884,09:10,NORD,AEROPORT CDG2 TGV ROISSY,JCBRETNORD,FRMLW,08:26,FRDJU
2902,2023-06-10,LILLE (intramuros),OUI,9884,11:01,NORD,BRUXELLES MIDI BRUSSEL ZUID,JCBRETNORD,BEBMI,10:27,FRLLE
2903,2023-06-10,RENNES,OUI,9884,06:49,NORD,LAVAL,JCBRETNORD,FRACR,06:23,FRRNS
2904,2023-06-10,RENNES,OUI,9884,07:20,NORD,LE MANS,JCBRETNORD,FRAET,06:23,FRRNS
2905,2023-06-10,RENNES,OUI,9884,10:17,NORD,LILLE (intramuros),JCBRETNORD,FRLLE,06:23,FRRNS
2906,2023-06-10,TGV HAUTE PICARDIE,OUI,9884,10:17,NORD,LILLE (intramuros),JCBRETNORD,FRLLE,09:50,FRTHP
2907,2023-06-10,REIMS,OUI,2750,17:01,EST,PARIS (intramuros),SEDBARPA,FRPST,16:15,FRRHE
2908,2023-06-10,BEZIERS,OUI,6049,19:56,SUD EST,PERPIGNAN,PALANG,FRPGF,19:06,FRBZR
2909,2023-06-10,PARIS (intramuros),NON,6049,18:31,SUD EST,SETE,PALANG,FRXSY,14:54,FRPLY
2910,2023-06-10,VALENCE TGV RHONE-ALPES SUD,NON,6049,19:56,SUD EST,PERPIGNAN,PALANG,FRPGF,17:09,FRVLA
2911,2023-06-10,VALENCE TGV RHONE-ALPES SUD,NON,6049,18:48,SUD EST,AGDE,PALANG,FRXAG,17:09,FRVLA
2912,2023-06-10,VALENCE TGV RHONE-ALPES SUD,NON,6049,18:31,SUD EST,SETE,PALANG,FRXSY,17:09,FRVLA
2913,2023-06-10,AGDE,OUI,6049,19:20,SUD EST,NARBONNE,PALANG,FRXNA,18:51,FRXAG
2914,2023-06-10,NARBONNE,OUI,6049,19:56,SUD EST,PERPIGNAN,PALANG,FRPGF,19:23,FRXNA
2915,2023-06-10,SETE,OUI,6049,18:48,SUD EST,AGDE,PALANG,FRXAG,18:34,FRXSY
2916,2023-06-10,MARSEILLE ST CHARLES,OUI,6077,19:26,SUD EST,CANNES,PAAZUR,FRJCA,17:28,FRMSC
2917,2023-06-10,MARSEILLE ST CHARLES,OUI,6077,19:01,SUD EST,ST RAPHAEL VALESCURE,PAAZUR,FRXSK,17:28,FRMSC
2918,2023-06-10,PARIS (intramuros),NON,6077,19:39,SUD EST,ANTIBES,PAAZUR,FRXAT,14:08,FRPLY
2919,2023-06-10,PARIS (intramuros),NON,6077,19:01,SUD EST,ST RAPHAEL VALESCURE,PAAZUR,FRXSK,14:08,FRPLY
2920,2023-06-10,ZUERICH HB,NON,9222,14:28,INTERNATIONAL,BASEL SBB,ZURBALPA,CHAJP,13:34,CHAJD
2921,2023-06-10,ANGERS ST LAUD,OUI,8973,11:54,ATLANTIQUE,NANTES,PARISLOIRE,FRNTE,11:16,FRACL
2922,2023-06-10,ANGERS ST LAUD,OUI,8973,12:45,ATLANTIQUE,LA ROCHE SUR YON,PARISLOIRE,FRXRO,11:16,FRACL
2923,2023-06-10,PARIS (intramuros),NON,8973,11:54,ATLANTIQUE,NANTES,PARISLOIRE,FRNTE,09:36,FRPMO
2924,2023-06-10,LILLE (intramuros),NON,5202,11:23,NORD,ANGOULEME,JCNORDAQUI,FRANG,06:15,FRADJ
2925,2023-06-10,LILLE (intramuros),OUI,5202,06:34,NORD,DOUAI,JCNORDAQUI,FRXDN,06:15,FRADJ
2926,2023-06-10,ANGOULEME,OUI,5202,12:02,NORD,BORDEAUX ST JEAN,JCNORDAQUI,FRBOJ,11:26,FRANG
2927,2023-06-10,MASSY TGV,NON,5202,12:02,NORD,BORDEAUX ST JEAN,JCNORDAQUI,FRBOJ,09:09,FRDJU
2928,2023-06-10,MASSY TGV,NON,5202,10:41,NORD,POITIERS,JCNORDAQUI,FRPIS,09:09,FRDJU
2929,2023-06-10,MARNE LA VALLEE CHESSY,NON,5202,11:23,NORD,ANGOULEME,JCNORDAQUI,FRANG,08:35,FRMLV
2930,2023-06-10,MARNE LA VALLEE CHESSY,NON,5202,10:06,NORD,ST PIERRE DES CORPS,JCNORDAQUI,FRXSH,08:35,FRMLV
2931,2023-06-10,AEROPORT CDG2 TGV ROISSY,NON,5202,10:06,NORD,ST PIERRE DES CORPS,JCNORDAQUI,FRXSH,08:10,FRMLW
2932,2023-06-10,TGV HAUTE PICARDIE,OUI,5202,08:22,NORD,MARNE LA VALLEE CHESSY,JCNORDAQUI,FRMLV,07:25,FRTHP
2933,2023-06-10,DOUAI,OUI,5202,08:22,NORD,MARNE LA VALLEE CHESSY,JCNORDAQUI,FRMLV,06:37,FRXDN
2934,2023-06-10,GENEVE,NON,9770,15:42,INTERNATIONAL,PARIS (intramuros),GENEVEPA,FRPLY,12:29,CHGVA
2935,2023-06-10,BELLEGARDE,NON,9770,13:49,INTERNATIONAL,BOURG EN BRESSE,GENEVEPA,FRXBK,13:02,FRXBF
2936,2023-06-10,LYON (intramuros),OUI,5182,21:01,NORD,AEROPORT CDG2 TGV ROISSY,JCSUDNORD,FRMLW,19:00,FRLPD
2937,2023-06-10,VALENCE TGV RHONE-ALPES SUD,OUI,5182,18:50,NORD,LYON (intramuros),JCSUDNORD,FRLPD,18:10,FRVLA
2938,2023-06-10,VALENCE TGV RHONE-ALPES SUD,OUI,5182,20:47,NORD,MARNE LA VALLEE CHESSY,JCSUDNORD,FRMLV,18:10,FRVLA
2939,2023-06-10,MONTPELLIER SUD DE FRANCE,OUI,5182,21:57,NORD,LILLE (intramuros),JCSUDNORD,FRLLE,17:05,FRSUF
2940,2023-06-10,NIMES PONT DU GARD,OUI,5182,20:47,NORD,MARNE LA VALLEE CHESSY,JCSUDNORD,FRMLV,17:27,FRXZP
2941,2023-06-10,DIJON VILLE,NON,2239,22:30,EST,NICE VILLE,JCRHINRHON,FRNIC,16:20,FRABA
2942,2023-06-10,STRASBOURG,OUI,2239,14:02,EST,COLMAR,JCRHINRHON,FRAEJ,13:37,FRAEG
2943,2023-06-10,STRASBOURG,OUI,2239,14:30,EST,MULHOUSE VILLE,JCRHINRHON,FRAEK,13:37,FRAEG
2944,2023-06-10,STRASBOURG,NON,2239,19:31,EST,AIX EN PROVENCE TGV,JCRHINRHON,FRAIE,13:37,FRAEG
2945,2023-06-10,STRASBOURG,NON,2239,19:10,EST,AVIGNON TGV,JCRHINRHON,FRAVG,13:37,FRAEG
2946,2023-06-10,STRASBOURG,NON,2239,17:56,EST,LYON (intramuros),JCRHINRHON,FRLPD,13:37,FRAEG
2947,2023-06-10,STRASBOURG,NON,2239,19:45,EST,MARSEILLE ST CHARLES,JCRHINRHON,FRMSC,13:37,FRAEG
2948,2023-06-10,COLMAR,NON,2239,19:31,EST,AIX EN PROVENCE TGV,JCRHINRHON,FRAIE,14:05,FRAEJ
2949,2023-06-10,COLMAR,NON,2239,17:56,EST,LYON (intramuros),JCRHINRHON,FRLPD,14:05,FRAEJ
2950,2023-06-10,COLMAR,NON,2239,22:11,EST,ANTIBES,JCRHINRHON,FRXAT,14:05,FRAEJ
2951,2023-06-10,AIX EN PROVENCE TGV,NON,2239,19:45,EST,MARSEILLE ST CHARLES,JCRHINRHON,FRMSC,19:33,FRAIE
2952,2023-06-10,AIX EN PROVENCE TGV,NON,2239,21:34,EST,ST RAPHAEL VALESCURE,JCRHINRHON,FRXSK,19:33,FRAIE
2953,2023-06-10,LYON (intramuros),NON,2239,19:10,EST,AVIGNON TGV,JCRHINRHON,FRAVG,18:04,FRLPD
2954,2023-06-10,LYON (intramuros),NON,2239,21:59,EST,CANNES,JCRHINRHON,FRJCA,18:04,FRLPD
2955,2023-06-10,MARSEILLE ST CHARLES,OUI,2239,22:30,EST,NICE VILLE,JCRHINRHON,FRNIC,19:57,FRMSC
2956,2023-06-10,BESANCON - F COMTE TGV,NON,2239,19:31,EST,AIX EN PROVENCE TGV,JCRHINRHON,FRAIE,15:36,FRTJB
2957,2023-06-10,BEAUNE,NON,2239,17:56,EST,LYON (intramuros),JCRHINRHON,FRLPD,16:42,FRXBV
2958,2023-06-10,BEAUNE,NON,2239,21:34,EST,ST RAPHAEL VALESCURE,JCRHINRHON,FRXSK,16:42,FRXBV
2959,2023-06-10,ST RAPHAEL VALESCURE,OUI,2239,22:11,EST,ANTIBES,JCRHINRHON,FRXAT,21:37,FRXSK
2960,2023-06-10,BESANCON - F COMTE TGV,NON,2239,21:59,EST,CANNES,JCRHINRHON,FRJCA,15:36,FRTJB
2961,2023-06-10,BELFORT-MONTBELIARD TGV,NON,2239,21:17,EST,LES ARCS DRAGUIGNAN,JCRHINRHON,FRXRS,15:06,FRTJA
2962,2023-06-10,BELFORT-MONTBELIARD TGV,NON,2239,20:41,EST,TOULON,JCRHINRHON,FRTLN,15:06,FRTJA
2963,2023-06-10,BELFORT-MONTBELIARD TGV,NON,2239,22:30,EST,NICE VILLE,JCRHINRHON,FRNIC,15:06,FRTJA
2964,2023-06-10,PARIS (intramuros),NON,6911,13:13,SUD EST,GRENOBLE,PAGRENOBLE,FRGNB,10:12,FRPLY
2965,2023-06-10,METZ VILLE,OUI,2886,20:29,EST,CHAMPAGNE-ARDENNE,LUXMETZPA,FREAH,19:42,FRADE
2966,2023-06-10,LE CROISIC,OUI,8922,15:41,ATLANTIQUE,ANGERS ST LAUD,LOIREPARIS,FRACL,13:50,FREGU
2967,2023-06-10,LE CROISIC,OUI,8922,16:23,ATLANTIQUE,LE MANS,LOIREPARIS,FRAET,13:50,FREGU
2968,2023-06-10,NANTES,OUI,8922,17:25,ATLANTIQUE,PARIS (intramuros),LOIREPARIS,FRPMO,15:05,FRNTE
2969,2023-06-10,BEZIERS,NON,9715,19:56,SUD EST,PERPIGNAN,PABARCELONE,FRPGF,19:06,FRBZR
2970,2023-06-10,PARIS (intramuros),NON,9715,19:03,SUD EST,BEZIERS,PABARCELONE,FRBZR,14:54,FRPLY
2971,2023-06-10,PARIS (intramuros),NON,9715,18:48,SUD EST,AGDE,PABARCELONE,FRXAG,14:54,FRPLY
2972,2023-06-10,PARIS (intramuros),NON,9715,19:20,SUD EST,NARBONNE,PABARCELONE,FRXNA,14:54,FRPLY
2973,2023-06-10,AGDE,NON,9715,19:56,SUD EST,PERPIGNAN,PABARCELONE,FRPGF,18:51,FRXAG
2974,2023-06-10,SETE,NON,9715,18:48,SUD EST,AGDE,PABARCELONE,FRXAG,18:34,FRXSY
2975,2023-06-10,SETE,NON,9715,19:20,SUD EST,NARBONNE,PABARCELONE,FRXNA,18:34,FRXSY
2976,2023-06-10,PARIS (intramuros),NON,9715,18:08,SUD EST,MONTPELLIER SUD DE FRANCE,PABARCELONE,FRSUF,14:54,FRPLY
2977,2023-06-10,PARIS (intramuros),NON,9715,17:46,SUD EST,NIMES PONT DU GARD,PABARCELONE,FRXZP,14:54,FRPLY
2978,2023-06-10,NIMES PONT DU GARD,NON,9715,19:56,SUD EST,PERPIGNAN,PABARCELONE,FRPGF,17:49,FRXZP
2979,2023-06-10,NIMES PONT DU GARD,NON,9715,18:08,SUD EST,MONTPELLIER SUD DE FRANCE,PABARCELONE,FRSUF,17:49,FRXZP
2980,2023-06-10,PERPIGNAN,NON,9715,21:25,SUD EST,BARCELONA SANTS,PABARCELONE,ESBST,20:03,FRPGF
2981,2023-06-10,MONTPELLIER SUD DE FRANCE,NON,9715,21:25,SUD EST,BARCELONA SANTS,PABARCELONE,ESBST,18:17,FRSUF
2982,2023-06-10,NIMES PONT DU GARD,NON,9715,20:27,SUD EST,FIGUERES VILA TGV,PABARCELONE,ESFIR,17:49,FRXZP
2983,2023-06-10,SETE,NON,9715,20:44,SUD EST,GIRONA,PABARCELONE,ESGRO,18:34,FRXSY
2984,2023-06-10,PARIS (intramuros),NON,6111,14:41,SUD EST,AIX EN PROVENCE TGV,PAPROVENCE,FRAIE,11:36,FRPLY
2985,2023-06-10,PARIS (intramuros),NON,6111,14:56,SUD EST,MARSEILLE ST CHARLES,PAPROVENCE,FRMSC,11:36,FRPLY
2986,2023-06-10,PARIS (intramuros),NON,9575,17:04,INTERNATIONAL,STUTTGART HBF,PASTUTMUN,DESGT,13:55,FRPST
2987,2023-06-10,FRANKFURT MAIN HBF,NON,9586,07:38,INTERNATIONAL,MANNHEIM HBF,FRANCPA,DEMHG,06:56,DEFRH
2988,2023-06-10,KAISERSLAUTERN HBF,NON,9586,09:12,INTERNATIONAL,FORBACH,FRANCPA,FRBQT,08:22,DEKLT
2989,2023-06-10,MANNHEIM HBF,NON,9586,10:53,INTERNATIONAL,PARIS (intramuros),FRANCPA,FRPST,07:40,DEMHG
2990,2023-06-10,FORBACH,NON,9586,10:53,INTERNATIONAL,PARIS (intramuros),FRANCPA,FRPST,09:14,FRBQT
2991,2023-06-10,KARLSRUHE HBF,NON,9579,22:55,INTERNATIONAL,AUGSBURG HBF,PASTUTMUN,DEAGB,20:28,DEQKA
2992,2023-06-10,ULM HBF,NON,9579,22:55,INTERNATIONAL,AUGSBURG HBF,PASTUTMUN,DEAGB,22:12,DEQUL
2993,2023-06-10,STRASBOURG,NON,9579,22:55,INTERNATIONAL,AUGSBURG HBF,PASTUTMUN,DEAGB,19:46,FRAEG
2994,2023-06-10,STRASBOURG,NON,9579,20:25,INTERNATIONAL,KARLSRUHE HBF,PASTUTMUN,DEQKA,19:46,FRAEG
2995,2023-06-10,PARIS (intramuros),NON,9579,19:41,INTERNATIONAL,STRASBOURG,PASTUTMUN,FRAEG,17:55,FRPST
2996,2023-06-10,KARLSRUHE HBF,NON,9574,14:05,INTERNATIONAL,PARIS (intramuros),MUNSTUTPA,FRPST,11:32,DEQKA
2997,2023-06-10,STUTTGART HBF,NON,9574,11:30,INTERNATIONAL,KARLSRUHE HBF,MUNSTUTPA,DEQKA,10:52,DESGT
2998,2023-06-10,CANNES,OUI,6175,15:38,SUD EST,ANTIBES,PAAZUR,FRXAT,15:30,FRJCA
2999,2023-06-10,MARSEILLE ST CHARLES,NON,6175,15:25,SUD EST,CANNES,PAAZUR,FRJCA,13:28,FRMSC
3000,2023-06-10,PARIS (intramuros),NON,6175,14:48,SUD EST,LES ARCS DRAGUIGNAN,PAAZUR,FRXRS,10:08,FRPLY
3001,2023-06-10,CANNES,OUI,6177,19:58,SUD EST,NICE VILLE,PAAZUR,FRNIC,19:31,FRJCA
3002,2023-06-10,MARSEILLE ST CHARLES,NON,6177,19:58,SUD EST,NICE VILLE,PAAZUR,FRNIC,17:28,FRMSC
3003,2023-06-10,ST RAPHAEL VALESCURE,OUI,6177,19:26,SUD EST,CANNES,PAAZUR,FRJCA,19:04,FRXSK
3004,2023-06-10,ST RAPHAEL VALESCURE,OUI,6177,19:39,SUD EST,ANTIBES,PAAZUR,FRXAT,19:04,FRXSK
3005,2023-06-10,ANGERS ST LAUD,NON,5300,09:30,SUD EST,LYON (intramuros),JCATLSUD,FRLPD,05:30,FRACL
3006,2023-06-10,MASSY TGV,NON,5300,09:30,SUD EST,LYON (intramuros),JCATLSUD,FRLPD,07:26,FRDJU
3007,2023-06-10,ST PIERRE DES CORPS,NON,5300,10:58,SUD EST,NIMES PONT DU GARD,JCATLSUD,FRXZP,06:28,FRXSH
3008,2023-06-10,LE MANS,OUI,5338,19:19,SUD EST,MASSY TGV,JCATLSUD,FRDJU,18:30,FRAET
3009,2023-06-10,TARASCON SUR ARIEGE,NON,3972,06:08,IC NUIT,LES AUBRAIS ORLEANS,PALOMBEPAR,FRLAB,20:15,FRFQM
3010,2023-06-10,FOIX,NON,3972,06:08,IC NUIT,LES AUBRAIS ORLEANS,PALOMBEPAR,FRLAB,20:33,FRXFX
3011,2023-06-10,AX LES THERMES,NON,3972,07:18,IC NUIT,PARIS (intramuros),PALOMBEPAR,FRPAZ,19:44,FRXLT
3012,2023-06-10,LATOUR DE CAROL ENVEITG,NON,3972,07:18,IC NUIT,PARIS (intramuros),PALOMBEPAR,FRPAZ,18:42,FRXTE
3013,2023-06-10,LUZENAC GARANOU,NON,3972,06:08,IC NUIT,LES AUBRAIS ORLEANS,PALOMBEPAR,FRLAB,19:55,FRFQI
3014,2023-06-10,LUZENAC GARANOU,NON,3972,20:01,IC NUIT,LES CABANNES,PALOMBEPAR,FRFQK,19:55,FRFQI
3015,2023-06-10,LUZENAC GARANOU,NON,3972,20:31,IC NUIT,FOIX,PALOMBEPAR,FRXFX,19:55,FRFQI
3016,2023-06-10,AX LES THERMES,NON,3972,19:53,IC NUIT,LUZENAC GARANOU,PALOMBEPAR,FRFQI,19:44,FRXLT
3017,2023-06-10,DAX,NON,8531,11:15,ATLANTIQUE,BIARRITZ,PASUDOUEST,FRBIQ,10:33,FRACG
3018,2023-06-10,BIARRITZ,OUI,8531,11:32,ATLANTIQUE,ST JEAN DE LUZ CIBOURE,PASUDOUEST,FRXJZ,11:18,FRBIQ
3019,2023-06-10,BORDEAUX ST JEAN,NON,8531,10:29,ATLANTIQUE,DAX,PASUDOUEST,FRACG,09:21,FRBOJ
3020,2023-06-10,BORDEAUX ST JEAN,NON,8531,11:02,ATLANTIQUE,BAYONNE,PASUDOUEST,FRXBY,09:21,FRBOJ
3021,2023-06-10,CLERMONT FERRAND,OUI,5958,06:40,IC ARO,RIOM CHATEL GUYON,CLERMONTPA,FRRIO,06:31,FRCFE
3022,2023-06-10,CLERMONT FERRAND,OUI,5958,07:29,IC ARO,MOULINS SUR ALLIER,CLERMONTPA,FRXMU,06:31,FRCFE
3023,2023-06-10,RIOM CHATEL GUYON,OUI,5958,09:57,IC ARO,PARIS (intramuros),CLERMONTPA,FRPLY,06:42,FRRIO
3024,2023-06-10,PARIS (intramuros),OUI,5789,07:33,IC NUIT,EMBRUN,PABRIANCON,FRIGV,20:48,FRPAZ
3025,2023-06-10,TOURS,OUI,8314,12:43,ATLANTIQUE,VENDOME VILLIERS SUR LOIR,ROCHELLEPA,FRESL,12:14,FRAFW
3026,2023-06-10,PARIS (intramuros),OUI,3741,06:16,IC NUIT,ST GAUDENS,PARPALOMBE,FRFPH,21:41,FRPAZ
3027,2023-06-10,PARIS (intramuros),OUI,5771,06:20,IC NUIT,MARSEILLE BLANCARDE,PARAZUR,FRMBC,20:48,FRPAZ
3028,2023-06-10,KARLSRUHE HBF,NON,9563,18:59,INTERNATIONAL,FRANKFURT MAIN HBF,PAFRANC,DEFRH,17:55,DEQKA
3029,2023-06-10,STRASBOURG,NON,9563,17:53,INTERNATIONAL,KARLSRUHE HBF,PAFRANC,DEQKA,17:13,FRAEG
3030,2023-06-10,MILANO P GARIBALDI,NON,9244,15:03,INTERNATIONAL,MODANE,ITALIEPA,FRAGR,12:10,ITMPG
3031,2023-06-10,MILANO P GARIBALDI,NON,9244,17:38,INTERNATIONAL,MACON LOCHE TGV,ITALIEPA,FRMLT,12:10,ITMPG
3032,2023-06-10,OULX CESANA CLAV SESTRIERE,NON,9244,16:15,INTERNATIONAL,CHAMBERY CHALLES LES EAUX,ITALIEPA,FRCMF,14:36,ITOCS
3033,2023-06-10,FUTUROSCOPE,OUI,8342,18:33,ATLANTIQUE,PARIS (intramuros),ROCHELLEPA,FRPMO,16:30,FRTGO
3034,2023-06-10,CHATELLERAULT,OUI,8342,17:43,ATLANTIQUE,VENDOME VILLIERS SUR LOIR,ROCHELLEPA,FRESL,16:44,FRXCX
3035,2023-06-10,ST PIERRE DES CORPS,OUI,8342,18:33,ATLANTIQUE,PARIS (intramuros),ROCHELLEPA,FRPMO,17:25,FRXSH
3036,2023-06-10,FUTUROSCOPE,OUI,8342,17:43,ATLANTIQUE,VENDOME VILLIERS SUR LOIR,ROCHELLEPA,FRESL,16:30,FRTGO
3037,2023-06-10,STRASBOURG,OUI,2060,20:41,EST,PARIS (intramuros),MULHSTRAPA,FRPST,18:57,FRAEG
3038,2023-06-10,PARIS (intramuros),NON,6605,09:56,SUD EST,LYON (intramuros),PARISRHONE,FRLPD,07:50,FRPLY
3039,2023-06-10,PARIS (intramuros),NON,6605,09:11,SUD EST,LE CREUSOT MONTCEAU MONTCHANIN,PARISRHONE,FRXCC,07:50,FRPLY
3040,2023-06-10,LE CREUSOT MONTCEAU MONTCHANIN,NON,6605,09:56,SUD EST,LYON (intramuros),PARISRHONE,FRLPD,09:14,FRXCC
3041,2023-06-10,AIX EN PROVENCE TGV,NON,5192,19:00,NORD,LILLE (intramuros),JCSUDNORD,FRADJ,13:46,FRAIE
3042,2023-06-10,AIX EN PROVENCE TGV,NON,5192,17:21,NORD,AEROPORT CDG2 TGV ROISSY,JCSUDNORD,FRMLW,13:46,FRAIE
3043,2023-06-10,AIX EN PROVENCE TGV,NON,5192,17:57,NORD,TGV HAUTE PICARDIE,JCSUDNORD,FRTHP,13:46,FRAIE
3044,2023-06-10,AVIGNON TGV,NON,5192,15:14,NORD,LYON (intramuros),JCSUDNORD,FRLPD,14:08,FRAVG
3045,2023-06-10,LYON (intramuros),NON,5192,17:06,NORD,MARNE LA VALLEE CHESSY,JCSUDNORD,FRMLV,15:20,FRLPD
3046,2023-06-10,AEROPORT CDG2 TGV ROISSY,OUI,5192,18:20,NORD,ARRAS,JCSUDNORD,FRQRV,17:29,FRMLW
3047,2023-06-10,MARSEILLE ST CHARLES,OUI,5192,13:43,NORD,AIX EN PROVENCE TGV,JCSUDNORD,FRAIE,13:33,FRMSC
3048,2023-06-10,MARSEILLE ST CHARLES,NON,5192,17:06,NORD,MARNE LA VALLEE CHESSY,JCSUDNORD,FRMLV,13:33,FRMSC
3049,2023-06-10,MARSEILLE ST CHARLES,NON,5192,17:57,NORD,TGV HAUTE PICARDIE,JCSUDNORD,FRTHP,13:33,FRMSC
3050,2023-06-10,DIJON VILLE,NON,9877,14:49,EST,AIX EN PROVENCE TGV,JCRHINRHON,FRAIE,11:21,FRABA
3051,2023-06-10,DIJON VILLE,NON,9877,12:19,EST,MACON VILLE,JCRHINRHON,FRHGU,11:21,FRABA
3052,2023-06-10,DIJON VILLE,NON,9877,13:46,EST,VALENCE TGV RHONE-ALPES SUD,JCRHINRHON,FRVLA,11:21,FRABA
3053,2023-06-10,METZ VILLE,NON,9877,13:46,EST,VALENCE TGV RHONE-ALPES SUD,JCRHINRHON,FRVLA,08:08,FRADE
3054,2023-06-10,STRASBOURG,NON,9877,14:49,EST,AIX EN PROVENCE TGV,JCRHINRHON,FRAIE,09:03,FRAEG
3055,2023-06-10,STRASBOURG,NON,9877,14:25,EST,AVIGNON TGV,JCRHINRHON,FRAVG,09:03,FRAEG
3056,2023-06-10,STRASBOURG,NON,9877,13:46,EST,VALENCE TGV RHONE-ALPES SUD,JCRHINRHON,FRVLA,09:03,FRAEG
3057,2023-06-10,MULHOUSE VILLE,NON,9877,10:18,EST,BELFORT-MONTBELIARD TGV,JCRHINRHON,FRTJA,09:57,FRAEK
3058,2023-06-10,AVIGNON TGV,OUI,9877,15:06,EST,MARSEILLE ST CHARLES,JCRHINRHON,FRMSC,14:28,FRAVG
3059,2023-06-10,BELFORT-MONTBELIARD TGV,NON,9877,14:25,EST,AVIGNON TGV,JCRHINRHON,FRAVG,10:21,FRTJA
3060,2023-06-10,BELFORT-MONTBELIARD TGV,NON,9877,15:06,EST,MARSEILLE ST CHARLES,JCRHINRHON,FRMSC,10:21,FRTJA
3061,2023-06-10,BELFORT-MONTBELIARD TGV,NON,9877,10:41,EST,BESANCON - F COMTE TGV,JCRHINRHON,FRTJB,10:21,FRTJA
3062,2023-06-10,BRUXELLES MIDI BRUSSEL ZUID,NON,9836,22:26,NORD,SETE,JCNORDSUD,FRXSY,16:17,BEBMI
3063,2023-06-10,NIMES,OUI,9836,23:46,NORD,PERPIGNAN,JCNORDSUD,FRPGF,21:42,FRFNI
3064,2023-06-10,NIMES,OUI,9836,22:26,NORD,SETE,JCNORDSUD,FRXSY,21:42,FRFNI
3065,2023-06-10,LILLE (intramuros),NON,9836,21:39,NORD,NIMES,JCNORDSUD,FRFNI,17:03,FRLLE
3066,2023-06-10,LILLE (intramuros),NON,9836,20:49,NORD,VALENCE TGV RHONE-ALPES SUD,JCNORDSUD,FRVLA,17:03,FRLLE
3067,2023-06-10,LYON (intramuros),NON,9836,23:46,NORD,PERPIGNAN,JCNORDSUD,FRPGF,20:10,FRLPD
3068,2023-06-10,LYON (intramuros),NON,9836,20:49,NORD,VALENCE TGV RHONE-ALPES SUD,JCNORDSUD,FRVLA,20:10,FRLPD
3069,2023-06-10,MARNE LA VALLEE CHESSY,NON,9836,22:07,NORD,MONTPELLIER SAINT-ROCH,JCNORDSUD,FRMPL,18:13,FRMLV
3070,2023-06-10,MARNE LA VALLEE CHESSY,NON,9836,23:46,NORD,PERPIGNAN,JCNORDSUD,FRPGF,18:13,FRMLV
3071,2023-06-10,MARNE LA VALLEE CHESSY,NON,9836,22:41,NORD,AGDE,JCNORDSUD,FRXAG,18:13,FRMLV
3072,2023-06-10,MONTPELLIER SAINT-ROCH,OUI,9836,22:55,NORD,BEZIERS,JCNORDSUD,FRBZR,22:12,FRMPL
3073,2023-06-10,VALENCE TGV RHONE-ALPES SUD,NON,9836,23:46,NORD,PERPIGNAN,JCNORDSUD,FRPGF,20:54,FRVLA
3074,2023-06-10,VALENCE TGV RHONE-ALPES SUD,NON,9836,22:26,NORD,SETE,JCNORDSUD,FRXSY,20:54,FRVLA
3075,2023-06-10,SETE,OUI,9836,23:46,NORD,PERPIGNAN,JCNORDSUD,FRPGF,22:29,FRXSY
3076,2023-06-10,SETE,OUI,9836,22:41,NORD,AGDE,JCNORDSUD,FRXAG,22:29,FRXSY
3077,2023-06-10,AIX EN PROVENCE TGV,NON,9854,10:19,NORD,MARNE LA VALLEE CHESSY,JCSUDNORD,FRMLV,06:47,FRAIE
3078,2023-06-10,AEROPORT CDG2 TGV ROISSY,NON,9854,11:27,NORD,LILLE (intramuros),JCSUDNORD,FRLLE,10:38,FRMLW
3079,2023-06-10,LE POULIGUEN,OUI,8916,11:06,ATLANTIQUE,PORNICHET,LOIREPARIS,FREGR,10:55,FREGS
3080,2023-06-10,LE CROISIC,OUI,8916,11:59,ATLANTIQUE,NANTES,LOIREPARIS,FRNTE,10:47,FREGU
3081,2023-06-10,LE CROISIC,OUI,8916,14:09,ATLANTIQUE,PARIS (intramuros),LOIREPARIS,FRPMO,10:47,FREGU
3082,2023-06-10,LA BAULE ESCOUBLAC,OUI,8916,11:06,ATLANTIQUE,PORNICHET,LOIREPARIS,FREGR,11:01,FRJEE
3083,2023-06-10,PARIS (intramuros),NON,6033,13:15,SUD EST,MONTPELLIER SAINT-ROCH,PALANG,FRMPL,09:40,FRPLY
3084,2023-06-10,PARIS (intramuros),NON,6033,11:57,SUD EST,VALENCE TGV RHONE-ALPES SUD,PALANG,FRVLA,09:40,FRPLY
3085,2023-06-10,VALENCE TGV RHONE-ALPES SUD,NON,6033,13:15,SUD EST,MONTPELLIER SAINT-ROCH,PALANG,FRMPL,12:00,FRVLA
3086,2023-06-10,CLERMONT FERRAND,OUI,5978,17:58,IC ARO,NEVERS,CLERMONTPA,FRNVS,16:31,FRCFE
3087,2023-06-10,DIJON VILLE,NON,5537,19:45,EST,MARSEILLE ST CHARLES,JCRHINRHON,FRMSC,16:20,FRABA
3088,2023-06-10,DIJON VILLE,NON,5537,22:30,EST,NICE VILLE,JCRHINRHON,FRNIC,16:20,FRABA
3089,2023-06-10,DIJON VILLE,NON,5537,20:41,EST,TOULON,JCRHINRHON,FRTLN,16:20,FRABA
3090,2023-06-10,DIJON VILLE,NON,5537,21:17,EST,LES ARCS DRAGUIGNAN,JCRHINRHON,FRXRS,16:20,FRABA
3091,2023-06-10,STRASBOURG,NON,5537,19:10,EST,AVIGNON TGV,JCRHINRHON,FRAVG,13:37,FRAEG
3092,2023-06-10,STRASBOURG,NON,5537,19:45,EST,MARSEILLE ST CHARLES,JCRHINRHON,FRMSC,13:37,FRAEG
3093,2023-06-10,STRASBOURG,NON,5537,22:11,EST,ANTIBES,JCRHINRHON,FRXAT,13:37,FRAEG
3094,2023-06-10,STRASBOURG,NON,5537,21:34,EST,ST RAPHAEL VALESCURE,JCRHINRHON,FRXSK,13:37,FRAEG
3095,2023-06-10,COLMAR,NON,5537,16:04,EST,DIJON VILLE,JCRHINRHON,FRABA,14:05,FRAEJ
3096,2023-06-10,COLMAR,NON,5537,14:30,EST,MULHOUSE VILLE,JCRHINRHON,FRAEK,14:05,FRAEJ
3097,2023-06-10,COLMAR,NON,5537,17:56,EST,LYON (intramuros),JCRHINRHON,FRLPD,14:05,FRAEJ
3098,2023-06-10,COLMAR,NON,5537,22:30,EST,NICE VILLE,JCRHINRHON,FRNIC,14:05,FRAEJ
3099,2023-06-10,COLMAR,NON,5537,20:41,EST,TOULON,JCRHINRHON,FRTLN,14:05,FRAEJ
3100,2023-06-10,MULHOUSE VILLE,NON,5537,21:59,EST,CANNES,JCRHINRHON,FRJCA,14:41,FRAEK
3101,2023-06-10,MULHOUSE VILLE,NON,5537,20:41,EST,TOULON,JCRHINRHON,FRTLN,14:41,FRAEK
3102,2023-06-10,AIX EN PROVENCE TGV,NON,5537,21:59,EST,CANNES,JCRHINRHON,FRJCA,19:33,FRAIE
3103,2023-06-10,AIX EN PROVENCE TGV,NON,5537,20:41,EST,TOULON,JCRHINRHON,FRTLN,19:33,FRAIE
3104,2023-06-10,AVIGNON TGV,NON,5537,22:30,EST,NICE VILLE,JCRHINRHON,FRNIC,19:12,FRAVG
3105,2023-06-10,AVIGNON TGV,NON,5537,21:17,EST,LES ARCS DRAGUIGNAN,JCRHINRHON,FRXRS,19:12,FRAVG
3106,2023-06-10,NANCY,NON,5537,19:31,EST,AIX EN PROVENCE TGV,JCRHINRHON,FRAIE,12:26,FRENC
3107,2023-06-10,LYON (intramuros),NON,5537,19:31,EST,AIX EN PROVENCE TGV,JCRHINRHON,FRAIE,18:04,FRLPD
3108,2023-06-10,LYON (intramuros),NON,5537,22:30,EST,NICE VILLE,JCRHINRHON,FRNIC,18:04,FRLPD
3109,2023-06-10,MARSEILLE ST CHARLES,NON,5537,22:30,EST,NICE VILLE,JCRHINRHON,FRNIC,19:57,FRMSC
3110,2023-06-10,MARSEILLE ST CHARLES,NON,5537,22:11,EST,ANTIBES,JCRHINRHON,FRXAT,19:57,FRMSC
3111,2023-06-10,MARSEILLE ST CHARLES,NON,5537,21:17,EST,LES ARCS DRAGUIGNAN,JCRHINRHON,FRXRS,19:57,FRMSC
3112,2023-06-10,BELFORT-MONTBELIARD TGV,NON,5537,16:04,EST,DIJON VILLE,JCRHINRHON,FRABA,15:06,FRTJA
3113,2023-06-10,BELFORT-MONTBELIARD TGV,NON,5537,19:10,EST,AVIGNON TGV,JCRHINRHON,FRAVG,15:06,FRTJA
3114,2023-06-10,BELFORT-MONTBELIARD TGV,NON,5537,19:45,EST,MARSEILLE ST CHARLES,JCRHINRHON,FRMSC,15:06,FRTJA
3115,2023-06-10,BESANCON - F COMTE TGV,NON,5537,19:31,EST,AIX EN PROVENCE TGV,JCRHINRHON,FRAIE,15:36,FRTJB
3116,2023-06-10,TOULON,OUI,5537,22:11,EST,ANTIBES,JCRHINRHON,FRXAT,20:45,FRTLN
3117,2023-06-10,BEAUNE,NON,5537,22:11,EST,ANTIBES,JCRHINRHON,FRXAT,16:42,FRXBV
3118,2023-06-10,BESANCON - F COMTE TGV,NON,5537,21:59,EST,CANNES,JCRHINRHON,FRJCA,15:36,FRTJB
3119,2023-06-10,NANCY,NON,5537,15:29,EST,BESANCON - F COMTE TGV,JCRHINRHON,FRTJB,12:26,FRENC
3120,2023-06-10,BESANCON - F COMTE TGV,NON,5537,22:11,EST,ANTIBES,JCRHINRHON,FRXAT,15:36,FRTJB
3121,2023-06-10,BELFORT-MONTBELIARD TGV,NON,5537,21:17,EST,LES ARCS DRAGUIGNAN,JCRHINRHON,FRXRS,15:06,FRTJA
3122,2023-06-10,BELFORT-MONTBELIARD TGV,NON,5537,16:39,EST,BEAUNE,JCRHINRHON,FRXBV,15:06,FRTJA
3123,2023-06-10,NIMES,NON,4758,15:14,IC ARO,MONTAUBAN VILLE BOURBON,TJOURSESO,FRXMW,11:45,FRFNI
3124,2023-06-10,MONTPELLIER SAINT-ROCH,NON,4758,17:13,IC ARO,BORDEAUX ST JEAN,TJOURSESO,FRBOJ,12:16,FRMPL
3125,2023-06-10,MONTPELLIER SAINT-ROCH,NON,4758,16:30,IC ARO,MARMANDE,TJOURSESO,FRXMR,12:16,FRMPL
3126,2023-06-10,MONTPELLIER SAINT-ROCH,NON,4758,13:10,IC ARO,NARBONNE,TJOURSESO,FRXNA,12:16,FRMPL
3127,2023-06-10,MARSEILLE ST CHARLES,NON,4758,17:13,IC ARO,BORDEAUX ST JEAN,TJOURSESO,FRBOJ,09:53,FRMSC
3128,2023-06-10,MARSEILLE ST CHARLES,NON,4758,11:42,IC ARO,NIMES,TJOURSESO,FRFNI,09:53,FRMSC
3129,2023-06-10,MARSEILLE ST CHARLES,NON,4758,12:12,IC ARO,MONTPELLIER SAINT-ROCH,TJOURSESO,FRMPL,09:53,FRMSC
3130,2023-06-10,MARSEILLE ST CHARLES,NON,4758,16:30,IC ARO,MARMANDE,TJOURSESO,FRXMR,09:53,FRMSC
3131,2023-06-10,MONTAUBAN VILLE BOURBON,OUI,4758,17:13,IC ARO,BORDEAUX ST JEAN,TJOURSESO,FRBOJ,15:16,FRXMW
3132,2023-06-10,LE MANS,OUI,5380,10:02,SUD EST,LAVAL,JCSUDATL,FRACR,09:33,FRAET
3133,2023-06-10,LYON (intramuros),NON,5380,08:34,SUD EST,MASSY TGV,JCSUDATL,FRDJU,06:30,FRLPD
3134,2023-06-10,LYON (intramuros),NON,5380,08:34,SUD EST,MASSY TGV,JCSUDATL,FRDJU,06:16,FRLPE
3135,2023-06-10,LYON (intramuros),NON,5380,10:30,SUD EST,RENNES,JCSUDATL,FRRNS,06:16,FRLPE
3136,2023-06-10,BOULOGNE VILLE,OUI,7434,19:08,NORD,PARIS (intramuros),ARRASPA,FRPNO,16:40,FRAEB
3137,2023-06-10,NIORT,OUI,8371,09:21,ATLANTIQUE,SURGERES,PAROCHELLE,FREIP,09:03,FRNIT
3138,2023-06-10,POITIERS,OUI,8371,09:44,ATLANTIQUE,LA ROCHELLE VILLE,PAROCHELLE,FRLRH,08:14,FRPIS
3139,2023-06-10,POITIERS,OUI,8371,09:00,ATLANTIQUE,NIORT,PAROCHELLE,FRNIT,08:14,FRPIS
3140,2023-06-10,PARIS (intramuros),NON,8371,09:44,ATLANTIQUE,LA ROCHELLE VILLE,PAROCHELLE,FRLRH,06:49,FRPMO
3141,2023-06-10,PARIS (intramuros),NON,8371,09:00,ATLANTIQUE,NIORT,PAROCHELLE,FRNIT,06:49,FRPMO
3142,2023-06-10,PARIS (intramuros),NON,6705,13:22,SUD EST,BESANCON - F COMTE TGV,PABOUR,FRTJB,11:16,FRPLY
3143,2023-06-10,BESANCON - F COMTE TGV,NON,6705,13:46,SUD EST,BELFORT-MONTBELIARD TGV,PABOUR,FRTJA,13:25,FRTJB
3144,2023-06-10,DIJON VILLE,NON,5521,12:55,EST,MONTPELLIER SAINT-ROCH,JCRHINRHON,FRMPL,09:21,FRABA
3145,2023-06-10,STRASBOURG,NON,5521,09:11,EST,DIJON VILLE,JCRHINRHON,FRABA,06:47,FRAEG
3146,2023-06-10,STRASBOURG,NON,5521,10:56,EST,LYON (intramuros),JCRHINRHON,FRLPD,06:47,FRAEG
3147,2023-06-10,STRASBOURG,NON,5521,09:54,EST,CHALON SUR SAONE,JCRHINRHON,FRXCD,06:47,FRAEG
3148,2023-06-10,COLMAR,NON,5521,09:11,EST,DIJON VILLE,JCRHINRHON,FRABA,07:16,FRAEJ
3149,2023-06-10,COLMAR,NON,5521,12:55,EST,MONTPELLIER SAINT-ROCH,JCRHINRHON,FRMPL,07:16,FRAEJ
3150,2023-06-10,COLMAR,OUI,5521,08:38,EST,BESANCON - F COMTE TGV,JCRHINRHON,FRTJB,07:16,FRAEJ
3151,2023-06-10,MULHOUSE VILLE,NON,5521,09:11,EST,DIJON VILLE,JCRHINRHON,FRABA,07:52,FRAEK
3152,2023-06-10,MULHOUSE VILLE,NON,5521,10:56,EST,LYON (intramuros),JCRHINRHON,FRLPD,07:52,FRAEK
3153,2023-06-10,MULHOUSE VILLE,OUI,5521,08:14,EST,BELFORT-MONTBELIARD TGV,JCRHINRHON,FRTJA,07:52,FRAEK
3154,2023-06-10,MULHOUSE VILLE,OUI,5521,08:38,EST,BESANCON - F COMTE TGV,JCRHINRHON,FRTJB,07:52,FRAEK
3155,2023-06-10,BELFORT-MONTBELIARD TGV,NON,5521,10:56,EST,LYON (intramuros),JCRHINRHON,FRLPD,08:17,FRTJA
3156,2023-06-10,BELFORT-MONTBELIARD TGV,NON,5521,12:55,EST,MONTPELLIER SAINT-ROCH,JCRHINRHON,FRMPL,08:17,FRTJA
3157,2023-06-10,BESANCON - F COMTE TGV,NON,5521,12:24,EST,NIMES,JCRHINRHON,FRFNI,08:41,FRTJB
3158,2023-06-10,BESANCON - F COMTE TGV,NON,5521,09:54,EST,CHALON SUR SAONE,JCRHINRHON,FRXCD,08:41,FRTJB
3159,2023-06-10,CHALON SUR SAONE,NON,5521,10:56,EST,LYON (intramuros),JCRHINRHON,FRLPD,09:56,FRXCD
3160,2023-06-10,ANGERS ST LAUD,OUI,5288,17:48,NORD,MASSY TGV,JCBRETNORD,FRDJU,16:02,FRACL
3161,2023-06-10,LE MANS,OUI,5288,18:23,NORD,MARNE LA VALLEE CHESSY,JCBRETNORD,FRMLV,16:57,FRAET
3162,2023-06-10,MASSY TGV,OUI,5288,18:23,NORD,MARNE LA VALLEE CHESSY,JCBRETNORD,FRMLV,17:54,FRDJU
3163,2023-06-10,NANTES,OUI,5288,16:46,NORD,LE MANS,JCBRETNORD,FRAET,15:18,FRNTE
3164,2023-06-10,NANTES,OUI,5288,17:48,NORD,MASSY TGV,JCBRETNORD,FRDJU,15:18,FRNTE
3165,2023-06-10,NANTES,OUI,5288,18:23,NORD,MARNE LA VALLEE CHESSY,JCBRETNORD,FRMLV,15:18,FRNTE
3166,2023-06-10,AGEN,NON,4663,18:13,IC ARO,BEZIERS,TJOURSOSE,FRBZR,15:30,FRAGF
3167,2023-06-10,AGEN,NON,4663,16:39,IC ARO,TOULOUSE MATABIAU,TJOURSOSE,FRXYT,15:30,FRAGF
3168,2023-06-10,BORDEAUX ST JEAN,NON,4663,15:28,IC ARO,AGEN,TJOURSOSE,FRAGF,14:26,FRBOJ
3169,2023-06-10,BEZIERS,NON,4663,21:06,IC ARO,MARSEILLE ST CHARLES,TJOURSOSE,FRMSC,18:16,FRBZR
3170,2023-06-10,CARCASSONNE,NON,4663,18:52,IC ARO,MONTPELLIER SAINT-ROCH,TJOURSOSE,FRMPL,17:29,FRCCF
3171,2023-06-10,MONTPELLIER SAINT-ROCH,OUI,4663,21:06,IC ARO,MARSEILLE ST CHARLES,TJOURSOSE,FRMSC,18:56,FRMPL
3172,2023-06-10,TOULOUSE MATABIAU,NON,4663,18:13,IC ARO,BEZIERS,TJOURSOSE,FRBZR,16:44,FRXYT
3173,2023-06-10,REIMS,OUI,2751,19:40,EST,RETHEL,PABARSED,FRBDT,19:20,FRRHE
3174,2023-06-10,AVIGNON TGV,OUI,6180,22:38,SUD EST,PARIS (intramuros),AZURPA,FRPLY,19:58,FRAVG
3175,2023-06-10,NICE VILLE,OUI,6180,22:38,SUD EST,PARIS (intramuros),AZURPA,FRPLY,16:57,FRNIC
3176,2023-06-10,ANTIBES,OUI,6180,19:55,SUD EST,AVIGNON TGV,AZURPA,FRAVG,17:18,FRXAT
3177,2023-06-10,ANTIBES,OUI,6180,22:38,SUD EST,PARIS (intramuros),AZURPA,FRPLY,17:18,FRXAT
3178,2023-06-10,QUIMPERLE,OUI,8702,07:25,ATLANTIQUE,RENNES,BRETAPARIS,FRRNS,05:38,FRECO
3179,2023-06-10,RENNES,OUI,8702,09:08,ATLANTIQUE,PARIS (intramuros),BRETAPARIS,FRPMO,07:35,FRRNS
3180,2023-06-10,ROSPORDEN,OUI,8702,05:49,ATLANTIQUE,LORIENT,BRETAPARIS,FRLRT,05:23,FRRSP
3181,2023-06-10,ROSPORDEN,OUI,8702,07:25,ATLANTIQUE,RENNES,BRETAPARIS,FRRNS,05:23,FRRSP
3182,2023-06-10,QUIMPER,OUI,8702,05:49,ATLANTIQUE,LORIENT,BRETAPARIS,FRLRT,05:09,FRUIP
3183,2023-06-10,REDON,OUI,8702,09:08,ATLANTIQUE,PARIS (intramuros),BRETAPARIS,FRPMO,06:51,FRXRN
3184,2023-06-10,AURAY,OUI,8702,09:08,ATLANTIQUE,PARIS (intramuros),BRETAPARIS,FRPMO,06:10,FRXUY
3185,2023-06-10,AURAY,OUI,8702,07:25,ATLANTIQUE,RENNES,BRETAPARIS,FRRNS,06:10,FRXUY
3186,2023-06-10,AURAY,OUI,8702,06:48,ATLANTIQUE,REDON,BRETAPARIS,FRXRN,06:10,FRXUY
3187,2023-06-10,BEZIERS,OUI,6873,19:10,SUD EST,VALENCE TGV RHONE-ALPES SUD,JCSUDPROV,FRVLA,17:15,FRBZR
3188,2023-06-10,CARCASSONNE,OUI,6873,18:23,SUD EST,NIMES,JCSUDPROV,FRFNI,16:27,FRCCF
3189,2023-06-10,VALENCE TGV RHONE-ALPES SUD,OUI,6873,19:51,SUD EST,LYON (intramuros),JCSUDPROV,FRLPD,19:13,FRVLA
3190,2023-06-10,NARBONNE,OUI,6873,17:36,SUD EST,SETE,JCSUDPROV,FRXSY,16:59,FRXNA
3191,2023-06-10,SETE,OUI,6873,19:51,SUD EST,LYON (intramuros),JCSUDPROV,FRLPD,17:39,FRXSY
3192,2023-06-10,TOULOUSE MATABIAU,OUI,6873,16:24,SUD EST,CARCASSONNE,JCSUDPROV,FRCCF,15:43,FRXYT
3193,2023-06-10,TOULOUSE MATABIAU,OUI,6873,16:56,SUD EST,NARBONNE,JCSUDPROV,FRXNA,15:43,FRXYT
3194,2023-06-10,BORDEAUX ST JEAN,NON,4657,15:22,IC ARO,MARSEILLE ST CHARLES,TJOURSOSE,FRMSC,08:26,FRBOJ
3195,2023-06-10,BORDEAUX ST JEAN,OUI,4657,10:06,IC ARO,MONTAUBAN VILLE BOURBON,TJOURSOSE,FRXMW,08:26,FRBOJ
3196,2023-06-10,BORDEAUX ST JEAN,OUI,4657,10:40,IC ARO,TOULOUSE MATABIAU,TJOURSOSE,FRXYT,08:26,FRBOJ
3197,2023-06-10,CARCASSONNE,NON,4657,15:22,IC ARO,MARSEILLE ST CHARLES,TJOURSOSE,FRMSC,11:29,FRCCF
3198,2023-06-10,CARCASSONNE,NON,4657,12:34,IC ARO,SETE,TJOURSOSE,FRXSY,11:29,FRCCF
3199,2023-06-10,MONTPELLIER SAINT-ROCH,NON,4657,13:22,IC ARO,NIMES,TJOURSOSE,FRFNI,12:58,FRMPL
3200,2023-06-10,MARMANDE,NON,4657,12:54,IC ARO,MONTPELLIER SAINT-ROCH,TJOURSOSE,FRMPL,09:04,FRXMR
3201,2023-06-10,MONTAUBAN VILLE BOURBON,NON,4657,13:22,IC ARO,NIMES,TJOURSOSE,FRFNI,10:08,FRXMW
3202,2023-06-10,MONTAUBAN VILLE BOURBON,NON,4657,15:22,IC ARO,MARSEILLE ST CHARLES,TJOURSOSE,FRMSC,10:08,FRXMW
3203,2023-06-10,NARBONNE,NON,4657,13:22,IC ARO,NIMES,TJOURSOSE,FRFNI,12:01,FRXNA
3204,2023-06-10,RENNES,OUI,5080,13:49,NORD,MASSY TGV,JCBRETNORD,FRDJU,12:00,FRRNS
3205,2023-06-10,RENNES,OUI,5080,15:49,NORD,LILLE (intramuros),JCBRETNORD,FRLLE,12:00,FRRNS
3206,2023-06-10,RENNES,OUI,5080,14:27,NORD,MARNE LA VALLEE CHESSY,JCBRETNORD,FRMLV,12:00,FRRNS
3207,2023-06-10,ANGERS ST LAUD,NON,4404,15:36,IC SRO,NEVERS,JOURNTELYN,FRNVS,12:22,FRACL
3208,2023-06-10,ANGERS ST LAUD,NON,4404,16:15,IC SRO,MOULINS SUR ALLIER,JOURNTELYN,FRXMU,12:22,FRACL
3209,2023-06-10,SAUMUR,NON,4404,14:56,IC SRO,BOURGES,JOURNTELYN,FRBOU,12:47,FRACN
3210,2023-06-10,NANTES,NON,4404,14:56,IC SRO,BOURGES,JOURNTELYN,FRBOU,11:40,FRNTE
3211,2023-06-10,NANTES,NON,4404,17:20,IC SRO,ROANNE,JOURNTELYN,FRRNE,11:40,FRNTE
3212,2023-06-10,NANTES,NON,4404,13:23,IC SRO,ST PIERRE DES CORPS,JOURNTELYN,FRXSH,11:40,FRNTE
3213,2023-06-10,NANTES,NON,4404,14:33,IC SRO,VIERZON VILLE,JOURNTELYN,FRXVZ,11:40,FRNTE
3214,2023-06-10,NEVERS,NON,4404,16:15,IC SRO,MOULINS SUR ALLIER,JOURNTELYN,FRXMU,15:47,FRNVS
3215,2023-06-10,MOULINS SUR ALLIER,NON,4404,16:41,IC SRO,ST GERMAIN DES FOSSES,JOURNTELYN,FRSGF,16:17,FRXMU
3216,2023-06-10,ST PIERRE DES CORPS,NON,4404,18:39,IC SRO,LYON (intramuros),JOURNTELYN,FRLPE,13:26,FRXSH
3217,2023-06-10,VIERZON VILLE,NON,4404,17:20,IC SRO,ROANNE,JOURNTELYN,FRRNE,14:37,FRXVZ
3218,2023-06-10,DIJON VILLE,NON,6703,11:29,SUD EST,BESANCON - F COMTE TGV,PABOUR,FRTJB,11:02,FRABA
3219,2023-06-10,MONTBARD,NON,6703,10:58,SUD EST,DIJON VILLE,PABOUR,FRABA,10:24,FRGWE
3220,2023-06-10,MONTBARD,NON,6703,11:29,SUD EST,BESANCON - F COMTE TGV,PABOUR,FRTJB,10:24,FRGWE
3221,2023-06-10,LYON (intramuros),OUI,6620,16:08,SUD EST,PARIS (intramuros),RHONEPARIS,FRPLY,13:50,FRLPE
3222,2023-06-10,LIMOGES BENEDICTINS,OUI,3650,15:37,IC ARO,VIERZON VILLE,TOULOUZECO,FRXVZ,13:51,FRAGQ
3223,2023-06-10,BRIVE LA GAILLARDE,OUI,3650,14:24,IC ARO,LA SOUTERRAINE,TOULOUZECO,FRLST,12:48,FRBVE
3224,2023-06-10,BRIVE LA GAILLARDE,OUI,3650,17:22,IC ARO,PARIS (intramuros),TOULOUZECO,FRPAZ,12:48,FRBVE
3225,2023-06-10,CHATEAUROUX,OUI,3650,16:18,IC ARO,LES AUBRAIS ORLEANS,TOULOUZECO,FRLAB,15:03,FRCHR
3226,2023-06-10,CHATEAUROUX,OUI,3650,17:22,IC ARO,PARIS (intramuros),TOULOUZECO,FRPAZ,15:03,FRCHR
3227,2023-06-10,GOURDON,OUI,3650,12:45,IC ARO,BRIVE LA GAILLARDE,TOULOUZECO,FRBVE,12:02,FRFSI
3228,2023-06-10,GOURDON,OUI,3650,15:01,IC ARO,CHATEAUROUX,TOULOUZECO,FRCHR,12:02,FRFSI
3229,2023-06-10,CAUSSADE TARN ET GARONNE,OUI,3650,15:01,IC ARO,CHATEAUROUX,TOULOUZECO,FRCHR,11:08,FRFTA
3230,2023-06-10,CAUSSADE TARN ET GARONNE,OUI,3650,12:17,IC ARO,SOUILLAC,TOULOUZECO,FRSOU,11:08,FRFTA
3231,2023-06-10,SOUILLAC,OUI,3650,12:45,IC ARO,BRIVE LA GAILLARDE,TOULOUZECO,FRBVE,12:19,FRSOU
3232,2023-06-10,SOUILLAC,OUI,3650,16:18,IC ARO,LES AUBRAIS ORLEANS,TOULOUZECO,FRLAB,12:19,FRSOU
3233,2023-06-10,VIERZON VILLE,OUI,3650,16:18,IC ARO,LES AUBRAIS ORLEANS,TOULOUZECO,FRLAB,15:39,FRXVZ
3234,2023-06-10,TOULOUSE MATABIAU,OUI,3650,12:00,IC ARO,GOURDON,TOULOUZECO,FRFSI,10:22,FRXYT
3235,2023-06-10,TOULOUSE MATABIAU,OUI,3650,16:18,IC ARO,LES AUBRAIS ORLEANS,TOULOUZECO,FRLAB,10:22,FRXYT
3236,2023-06-10,TOULOUSE MATABIAU,OUI,3650,15:37,IC ARO,VIERZON VILLE,TOULOUZECO,FRXVZ,10:22,FRXYT
3237,2023-06-10,TOULOUSE MATABIAU,OUI,3650,11:33,IC ARO,CAHORS,TOULOUZECO,FRZAO,10:22,FRXYT
3238,2023-06-10,SOUILLAC,OUI,3650,14:24,IC ARO,LA SOUTERRAINE,TOULOUZECO,FRLST,12:19,FRSOU
3239,2023-06-10,ANGERS ST LAUD,NON,8126,20:29,ATLANTIQUE,PARIS (intramuros),LOIREPARIS,FRPMO,18:44,FRACL
3240,2023-06-10,LE MANS,NON,8126,20:29,ATLANTIQUE,PARIS (intramuros),LOIREPARIS,FRPMO,19:31,FRAET
3241,2023-06-10,NANTES,OUI,8126,18:41,ATLANTIQUE,ANGERS ST LAUD,LOIREPARIS,FRACL,18:05,FRNTE
3242,2023-06-10,BEZIERS,OUI,4764,22:01,IC ARO,MARMANDE,TJOURSESO,FRXMR,18:38,FRBZR
3243,2023-06-10,NIMES,OUI,4764,20:11,IC ARO,TOULOUSE MATABIAU,TJOURSESO,FRXYT,17:25,FRFNI
3244,2023-06-10,MONTPELLIER SAINT-ROCH,OUI,4764,22:40,IC ARO,BORDEAUX ST JEAN,TJOURSESO,FRBOJ,17:53,FRMPL
3245,2023-06-10,MONTAUBAN VILLE BOURBON,OUI,4764,22:40,IC ARO,BORDEAUX ST JEAN,TJOURSESO,FRBOJ,20:49,FRXMW
3246,2023-06-10,NARBONNE,OUI,4764,22:40,IC ARO,BORDEAUX ST JEAN,TJOURSESO,FRBOJ,18:55,FRXNA
3247,2023-06-10,NARBONNE,OUI,4764,22:01,IC ARO,MARMANDE,TJOURSESO,FRXMR,18:55,FRXNA
3248,2023-06-10,TOULOUSE MATABIAU,OUI,4764,22:01,IC ARO,MARMANDE,TJOURSESO,FRXMR,20:17,FRXYT
3249,2023-06-10,ST GAUDENS,NON,14151,16:20,IC SRO,ORTHEZ,SUDOUEST,FRGFI,14:24,FRFPH
3250,2023-06-10,ORTHEZ,NON,14151,17:28,IC SRO,BAYONNE,SUDOUEST,FRXBY,16:22,FRGFI
3251,2023-06-10,TARBES,NON,14151,15:56,IC SRO,PAU,SUDOUEST,FRAEE,15:15,FRXTB
3252,2023-06-10,TOULOUSE MATABIAU,NON,14151,14:22,IC SRO,ST GAUDENS,SUDOUEST,FRFPH,13:34,FRXYT
3253,2023-06-10,TOULOUSE MATABIAU,NON,14151,15:29,IC SRO,LOURDES,SUDOUEST,FRLDE,13:34,FRXYT
3254,2023-06-10,TOULOUSE MATABIAU,NON,14151,17:28,IC SRO,BAYONNE,SUDOUEST,FRXBY,13:34,FRXYT
3255,2023-06-10,AIX EN PROVENCE TGV,OUI,5054,07:07,NORD,AVIGNON TGV,JCSUDNORD,FRAVG,06:47,FRAIE
3256,2023-06-10,MARSEILLE ST CHARLES,NON,5054,10:32,NORD,AEROPORT CDG2 TGV ROISSY,JCSUDNORD,FRMLW,06:33,FRMSC
3257,2023-06-10,TOULON,NON,6188,10:33,SUD EST,MARSEILLE ST CHARLES,AZURPA,FRMSC,09:48,FRTLN
3258,2023-06-10,ANGERS ST LAUD,OUI,8913,12:50,ATLANTIQUE,LA BAULE ESCOUBLAC,PARISLOIRE,FRJEE,11:16,FRACL
3259,2023-06-10,ANGERS ST LAUD,OUI,8913,11:54,ATLANTIQUE,NANTES,PARISLOIRE,FRNTE,11:16,FRACL
3260,2023-06-10,LA BAULE ESCOUBLAC,OUI,8913,13:03,ATLANTIQUE,LE CROISIC,PARISLOIRE,FREGU,12:54,FRJEE
3261,2023-06-10,ANGOULEME,NON,5284,14:16,NORD,POITIERS,JCAQUINORD,FRPIS,13:36,FRANG
3262,2023-06-10,BORDEAUX ST JEAN,NON,5284,16:27,NORD,MARNE LA VALLEE CHESSY,JCAQUINORD,FRMLV,12:58,FRBOJ
3263,2023-06-10,MASSY TGV,NON,5284,16:27,NORD,MARNE LA VALLEE CHESSY,JCAQUINORD,FRMLV,15:55,FRDJU
3264,2023-06-10,POITIERS,NON,5284,16:27,NORD,MARNE LA VALLEE CHESSY,JCAQUINORD,FRMLV,14:19,FRPIS
3265,2023-06-10,TGV HAUTE PICARDIE,OUI,5284,17:57,NORD,LILLE (intramuros),JCAQUINORD,FRLLE,17:31,FRTHP
3266,2023-06-10,DIJON VILLE,OUI,2096,22:07,EST,STRASBOURG,JCRHONRHIN,FRAEG,19:49,FRABA
3267,2023-06-10,DIJON VILLE,OUI,2096,20:40,EST,BELFORT-MONTBELIARD TGV,JCRHONRHIN,FRTJA,19:49,FRABA
3268,2023-06-10,MARSEILLE ST CHARLES,NON,2096,19:39,EST,DIJON VILLE,JCRHONRHIN,FRABA,15:56,FRMSC
3269,2023-06-10,MARSEILLE ST CHARLES,NON,2096,16:08,EST,AIX EN PROVENCE TGV,JCRHONRHIN,FRAIE,15:56,FRMSC
3270,2023-06-10,MARSEILLE ST CHARLES,NON,2096,16:30,EST,AVIGNON TGV,JCRHONRHIN,FRAVG,15:56,FRMSC
3271,2023-06-10,BESANCON - F COMTE TGV,OUI,2096,21:09,EST,MULHOUSE VILLE,JCRHONRHIN,FRAEK,20:19,FRTJB
3272,2023-06-10,VALENCE TGV RHONE-ALPES SUD,NON,2096,17:51,EST,LYON (intramuros),JCRHONRHIN,FRLPD,17:13,FRVLA
3273,2023-06-10,VALENCE TGV RHONE-ALPES SUD,NON,2096,20:16,EST,BESANCON - F COMTE TGV,JCRHONRHIN,FRTJB,17:13,FRVLA
3274,2023-06-10,NEVERS,OUI,5971,19:01,IC ARO,VICHY,PACLERMONT,FRVHY,17:59,FRNVS
3275,2023-06-10,RIOM CHATEL GUYON,OUI,5971,19:34,IC ARO,CLERMONT FERRAND,PACLERMONT,FRCFE,19:25,FRRIO
3276,2023-06-10,LIMOGES BENEDICTINS,OUI,3614,06:52,IC ARO,ARGENTON SUR CREUSE,TOULOUZECO,FRFMT,05:56,FRAGQ
3277,2023-06-10,LIMOGES BENEDICTINS,OUI,3614,06:28,IC ARO,LA SOUTERRAINE,TOULOUZECO,FRLST,05:56,FRAGQ
3278,2023-06-10,LIMOGES BENEDICTINS,OUI,3614,09:24,IC ARO,PARIS (intramuros),TOULOUZECO,FRPAZ,05:56,FRAGQ
3279,2023-06-10,LIMOGES BENEDICTINS,OUI,3614,07:44,IC ARO,VIERZON VILLE,TOULOUZECO,FRXVZ,05:56,FRAGQ
3280,2023-06-10,CHATEAUROUX,OUI,3614,07:44,IC ARO,VIERZON VILLE,TOULOUZECO,FRXVZ,07:10,FRCHR
3281,2023-06-10,LA SOUTERRAINE,OUI,3614,06:52,IC ARO,ARGENTON SUR CREUSE,TOULOUZECO,FRFMT,06:30,FRLST
3282,2023-06-10,LA SOUTERRAINE,OUI,3614,09:24,IC ARO,PARIS (intramuros),TOULOUZECO,FRPAZ,06:30,FRLST
3283,2023-06-10,PARIS (intramuros),NON,7571,15:42,NORD,CALAIS FRETHUN,PAARRAS,FRSTH,13:52,FRPNO
3284,2023-06-10,BREST,OUI,8636,17:44,ATLANTIQUE,LAMBALLE,BRETAPARIS,FRLAM,16:14,FRBES
3285,2023-06-10,BREST,OUI,8636,16:44,ATLANTIQUE,MORLAIX,BRETAPARIS,FRMXN,16:14,FRBES
3286,2023-06-10,GUINGAMP,OUI,8636,17:31,ATLANTIQUE,ST BRIEUC,BRETAPARIS,FRSBK,17:16,FRGGP
3287,2023-06-10,LAMBALLE,OUI,8636,20:20,ATLANTIQUE,PARIS (intramuros),BRETAPARIS,FRPMO,17:47,FRLAM
3288,2023-06-10,MORLAIX,OUI,8636,19:01,ATLANTIQUE,LAVAL,BRETAPARIS,FRACR,16:47,FRMXN
3289,2023-06-10,ST BRIEUC,OUI,8636,18:25,ATLANTIQUE,RENNES,BRETAPARIS,FRRNS,17:34,FRSBK
3290,2023-06-10,PARIS (intramuros),NON,6617,15:56,SUD EST,LYON (intramuros),PARISRHONE,FRLPD,13:50,FRPLY
3291,2023-06-10,LE CREUSOT MONTCEAU MONTCHANIN,NON,6617,16:10,SUD EST,LYON (intramuros),PARISRHONE,FRLPE,15:13,FRXCC
3292,2023-06-10,ANGOULEME,NON,5260,10:40,NORD,LILLE (intramuros),JCAQUINORD,FRADJ,06:36,FRANG
3293,2023-06-10,ANGOULEME,NON,5260,08:49,NORD,MASSY TGV,JCAQUINORD,FRDJU,06:36,FRANG
3294,2023-06-10,ANGOULEME,NON,5260,09:41,NORD,AEROPORT CDG2 TGV ROISSY,JCAQUINORD,FRMLW,06:36,FRANG
3295,2023-06-10,BORDEAUX ST JEAN,NON,5260,07:50,NORD,ST PIERRE DES CORPS,JCAQUINORD,FRXSH,05:58,FRBOJ
3296,2023-06-10,MASSY TGV,NON,5260,10:40,NORD,LILLE (intramuros),JCAQUINORD,FRADJ,08:55,FRDJU
3297,2023-06-10,MASSY TGV,NON,5260,09:27,NORD,MARNE LA VALLEE CHESSY,JCAQUINORD,FRMLV,08:55,FRDJU
3298,2023-06-10,POITIERS,NON,5260,09:27,NORD,MARNE LA VALLEE CHESSY,JCAQUINORD,FRMLV,07:19,FRPIS
3299,2023-06-10,POITIERS,NON,5260,09:41,NORD,AEROPORT CDG2 TGV ROISSY,JCAQUINORD,FRMLW,07:19,FRPIS
3300,2023-06-10,ST PIERRE DES CORPS,NON,5260,08:49,NORD,MASSY TGV,JCAQUINORD,FRDJU,07:54,FRXSH
3301,2023-06-10,CHAMBERY CHALLES LES EAUX,NON,6941,15:59,SUD EST,AIX LES BAINS LE REVARD,PARISALPES,FRXAI,15:49,FRCMF
3302,2023-06-10,PARIS (intramuros),NON,6941,15:59,SUD EST,AIX LES BAINS LE REVARD,PARISALPES,FRXAI,12:44,FRPLY
3303,2023-06-10,LYON (intramuros),OUI,6608,08:46,SUD EST,LE CREUSOT MONTCEAU MONTCHANIN,RHONEPARIS,FRXCC,08:04,FRLPD
3304,2023-06-10,LE MANS,OUI,8117,12:13,ATLANTIQUE,ANGERS ST LAUD,PARISLOIRE,FRACL,11:36,FRAET
3305,2023-06-10,ORTHEZ,NON,14141,13:08,IC SRO,BAYONNE,SUDOUEST,FRXBY,12:23,FRGFI
3306,2023-06-10,TARBES,NON,14141,11:29,IC SRO,LOURDES,SUDOUEST,FRLDE,11:15,FRXTB
3307,2023-06-10,FRANKFURT MAIN HBF,NON,9552,15:12,INTERNATIONAL,FORBACH,FRANCPA,FRBQT,12:56,DEFRH
3308,2023-06-10,MANNHEIM HBF,NON,9552,15:02,INTERNATIONAL,SARREBRUCK/SAARBRUECKEN,FRANCPA,DESBK,13:42,DEMHG
3309,2023-06-10,MANNHEIM HBF,NON,9552,15:12,INTERNATIONAL,FORBACH,FRANCPA,FRBQT,13:42,DEMHG
3310,2023-06-10,SARREBRUCK/SAARBRUECKEN,NON,9552,15:12,INTERNATIONAL,FORBACH,FRANCPA,FRBQT,15:03,DESBK
3311,2023-06-10,UZERCHE,OUI,3656,16:06,IC ARO,CHATEAUROUX,TOULOUZECO,FRCHR,14:17,FRAAW
3312,2023-06-10,UZERCHE,OUI,3656,16:23,IC ARO,ISSOUDUN,TOULOUZECO,FRFMN,14:17,FRAAW
3313,2023-06-10,UZERCHE,OUI,3656,15:29,IC ARO,LA SOUTERRAINE,TOULOUZECO,FRLST,14:17,FRAAW
3314,2023-06-10,UZERCHE,OUI,3656,18:24,IC ARO,PARIS (intramuros),TOULOUZECO,FRPAZ,14:17,FRAAW
3315,2023-06-10,BRIVE LA GAILLARDE,OUI,3656,14:16,IC ARO,UZERCHE,TOULOUZECO,FRAAW,13:52,FRBVE
3316,2023-06-10,BRIVE LA GAILLARDE,OUI,3656,15:29,IC ARO,LA SOUTERRAINE,TOULOUZECO,FRLST,13:52,FRBVE
3317,2023-06-10,LA SOUTERRAINE,OUI,3656,16:23,IC ARO,ISSOUDUN,TOULOUZECO,FRFMN,15:31,FRLST
3318,2023-06-10,LA SOUTERRAINE,OUI,3656,18:24,IC ARO,PARIS (intramuros),TOULOUZECO,FRPAZ,15:31,FRLST
3319,2023-06-10,SOUILLAC,OUI,3656,13:49,IC ARO,BRIVE LA GAILLARDE,TOULOUZECO,FRBVE,13:25,FRSOU
3320,2023-06-10,SOUILLAC,OUI,3656,18:24,IC ARO,PARIS (intramuros),TOULOUZECO,FRPAZ,13:25,FRSOU
3321,2023-06-10,VIERZON VILLE,OUI,3656,18:24,IC ARO,PARIS (intramuros),TOULOUZECO,FRPAZ,16:48,FRXVZ
3322,2023-06-10,CAHORS,OUI,3656,13:23,IC ARO,SOUILLAC,TOULOUZECO,FRSOU,12:41,FRZAO
3323,2023-06-10,TOURS,OUI,8310,08:43,ATLANTIQUE,VENDOME VILLIERS SUR LOIR,ROCHELLEPA,FRESL,08:13,FRAFW
3324,2023-06-10,TOURS,OUI,8310,08:19,ATLANTIQUE,ST PIERRE DES CORPS,ROCHELLEPA,FRXSH,08:13,FRAFW
3325,2023-06-10,ST PIERRE DES CORPS,OUI,8310,09:33,ATLANTIQUE,PARIS (intramuros),ROCHELLEPA,FRPMO,08:25,FRXSH
3326,2023-06-10,BORDEAUX ST JEAN,NON,3858,21:22,IC SRO,LA ROCHE SUR YON,BORDONANTE,FRXRO,17:53,FRBOJ
3327,2023-06-10,JONZAC,NON,3858,22:05,IC SRO,NANTES,BORDONANTE,FRNTE,18:41,FREMR
3328,2023-06-10,JONZAC,NON,3858,19:23,IC SRO,SAINTES,BORDONANTE,FRXST,18:41,FREMR
3329,2023-06-10,LA ROCHELLE VILLE,NON,3858,22:05,IC SRO,NANTES,BORDONANTE,FRNTE,20:19,FRLRH
3330,2023-06-10,LA ROCHELLE VILLE,NON,3858,21:22,IC SRO,LA ROCHE SUR YON,BORDONANTE,FRXRO,20:19,FRLRH
3331,2023-06-10,FRANKFURT MAIN HBF,NON,9566,10:05,INTERNATIONAL,KARLSRUHE HBF,FRANCPA,DEQKA,08:56,DEFRH
3332,2023-06-10,DIJON VILLE,NON,5500,21:13,EST,METZ VILLE,JCRHONRHIN,FRADE,17:50,FRABA
3333,2023-06-10,COLMAR,OUI,5500,21:13,EST,METZ VILLE,JCRHONRHIN,FRADE,19:44,FRAEJ
3334,2023-06-10,NIMES,NON,5500,20:18,EST,STRASBOURG,JCRHONRHIN,FRAEG,14:23,FRFNI
3335,2023-06-10,NIMES,NON,5500,18:17,EST,BESANCON - F COMTE TGV,JCRHONRHIN,FRTJB,14:23,FRFNI
3336,2023-06-10,MACON VILLE,NON,5500,19:09,EST,MULHOUSE VILLE,JCRHONRHIN,FRAEK,16:41,FRHGU
3337,2023-06-10,MACON VILLE,NON,5500,18:44,EST,BELFORT-MONTBELIARD TGV,JCRHONRHIN,FRTJA,16:41,FRHGU
3338,2023-06-10,MACON VILLE,NON,5500,18:17,EST,BESANCON - F COMTE TGV,JCRHONRHIN,FRTJB,16:41,FRHGU
3339,2023-06-10,LYON (intramuros),NON,5500,21:13,EST,METZ VILLE,JCRHONRHIN,FRADE,16:04,FRLPD
3340,2023-06-10,LYON (intramuros),NON,5500,20:18,EST,STRASBOURG,JCRHONRHIN,FRAEG,16:04,FRLPD
3341,2023-06-10,MONTPELLIER SAINT-ROCH,NON,5500,17:40,EST,DIJON VILLE,JCRHONRHIN,FRABA,13:55,FRMPL
3342,2023-06-10,MONTPELLIER SAINT-ROCH,NON,5500,18:44,EST,BELFORT-MONTBELIARD TGV,JCRHONRHIN,FRTJA,13:55,FRMPL
3343,2023-06-10,MONTPELLIER SAINT-ROCH,NON,5500,18:17,EST,BESANCON - F COMTE TGV,JCRHONRHIN,FRTJB,13:55,FRMPL
3344,2023-06-10,BELFORT-MONTBELIARD TGV,NON,5500,20:18,EST,STRASBOURG,JCRHONRHIN,FRAEG,18:47,FRTJA
3345,2023-06-10,BESANCON - F COMTE TGV,NON,5500,20:18,EST,STRASBOURG,JCRHONRHIN,FRAEG,18:22,FRTJB
3346,2023-06-10,BESANCON - F COMTE TGV,NON,5500,19:41,EST,COLMAR,JCRHONRHIN,FRAEJ,18:22,FRTJB
3347,2023-06-10,VALENCE TGV RHONE-ALPES SUD,NON,5500,17:40,EST,DIJON VILLE,JCRHONRHIN,FRABA,15:12,FRVLA
3348,2023-06-10,VALENCE TGV RHONE-ALPES SUD,NON,5500,21:13,EST,METZ VILLE,JCRHONRHIN,FRADE,15:12,FRVLA
3349,2023-06-10,VALENCE TGV RHONE-ALPES SUD,NON,5500,19:09,EST,MULHOUSE VILLE,JCRHONRHIN,FRAEK,15:12,FRVLA
3350,2023-06-10,VALENCE TGV RHONE-ALPES SUD,NON,5500,15:51,EST,LYON (intramuros),JCRHONRHIN,FRLPD,15:12,FRVLA
3351,2023-06-10,PAU,OUI,8592,23:19,ATLANTIQUE,TARBES,PASUDOUEST,FRXTB,22:27,FRAEE
3352,2023-06-10,BORDEAUX ST JEAN,OUI,8592,22:02,ATLANTIQUE,ORTHEZ,PASUDOUEST,FRGFI,20:20,FRBOJ
3353,2023-06-10,PARIS (intramuros),OUI,8592,22:02,ATLANTIQUE,ORTHEZ,PASUDOUEST,FRGFI,18:07,FRPMO
3354,2023-06-10,LILLE (intramuros),NON,9835,21:53,NORD,AIX EN PROVENCE TGV,JCNORDSUD,FRAIE,17:03,FRLLE
3355,2023-06-10,LILLE (intramuros),NON,9835,20:49,NORD,VALENCE TGV RHONE-ALPES SUD,JCNORDSUD,FRVLA,17:03,FRLLE
3356,2023-06-10,LYON (intramuros),NON,9835,22:08,NORD,MARSEILLE ST CHARLES,JCNORDSUD,FRMSC,20:10,FRLPD
3357,2023-06-10,LYON (intramuros),NON,9835,20:49,NORD,VALENCE TGV RHONE-ALPES SUD,JCNORDSUD,FRVLA,20:10,FRLPD
3358,2023-06-10,MARNE LA VALLEE CHESSY,NON,9835,20:00,NORD,LYON (intramuros),JCNORDSUD,FRLPD,18:13,FRMLV
3359,2023-06-10,AEROPORT CDG2 TGV ROISSY,NON,9835,20:00,NORD,LYON (intramuros),JCNORDSUD,FRLPD,17:59,FRMLW
3360,2023-06-10,AVIGNON TGV,NON,6127,21:44,SUD EST,AIX EN PROVENCE TGV,PAPROVENCE,FRAIE,21:24,FRAVG
3361,2023-06-10,LUCON,NON,3833,16:08,IC SRO,BORDEAUX ST JEAN,NANTEBORDO,FRBOJ,13:00,FRLCN
3362,2023-06-10,LUCON,NON,3833,15:10,IC SRO,JONZAC,NANTEBORDO,FREMR,13:00,FRLCN
3363,2023-06-10,LA ROCHELLE VILLE,NON,3833,16:08,IC SRO,BORDEAUX ST JEAN,NANTEBORDO,FRBOJ,13:43,FRLRH
3364,2023-06-10,NANTES,NON,3833,12:58,IC SRO,LUCON,NANTEBORDO,FRLCN,11:55,FRNTE
3365,2023-06-10,ROCHEFORT,NON,3833,14:32,IC SRO,SAINTES,NANTEBORDO,FRXST,14:05,FRRCO
3366,2023-06-10,LA ROCHE SUR YON,NON,3833,13:39,IC SRO,LA ROCHELLE VILLE,NANTEBORDO,FRLRH,12:36,FRXRO
3367,2023-06-10,MASSY TGV,OUI,5320,21:47,SUD EST,LYON (intramuros),JCATLSUD,FRLPE,19:26,FRDJU
3368,2023-06-10,LYON (intramuros),OUI,5320,21:47,SUD EST,LYON (intramuros),JCATLSUD,FRLPE,21:39,FRLPD
3369,2023-06-10,NIMES,OUI,6825,20:48,SUD EST,BEZIERS,JCPROVSUD,FRBZR,19:40,FRFNI
3370,2023-06-10,NIMES,OUI,6825,20:23,SUD EST,SETE,JCPROVSUD,FRXSY,19:40,FRFNI
3371,2023-06-10,LYON (intramuros),OUI,6825,18:48,SUD EST,VALENCE TGV RHONE-ALPES SUD,JCPROVSUD,FRVLA,18:09,FRLPD
3372,2023-06-10,LYON (intramuros),OUI,6825,21:04,SUD EST,NARBONNE,JCPROVSUD,FRXNA,18:09,FRLPD
3373,2023-06-10,LYON (intramuros),OUI,6825,22:19,SUD EST,TOULOUSE MATABIAU,JCPROVSUD,FRXYT,18:09,FRLPD
3374,2023-06-10,MONTPELLIER SAINT-ROCH,OUI,6825,20:48,SUD EST,BEZIERS,JCPROVSUD,FRBZR,20:10,FRMPL
3375,2023-06-10,VALENCE TGV RHONE-ALPES SUD,OUI,6825,21:04,SUD EST,NARBONNE,JCPROVSUD,FRXNA,18:53,FRVLA
3376,2023-06-10,VALENCE TGV RHONE-ALPES SUD,OUI,6825,20:23,SUD EST,SETE,JCPROVSUD,FRXSY,18:53,FRVLA
3377,2023-06-10,SETE,OUI,6825,20:48,SUD EST,BEZIERS,JCPROVSUD,FRBZR,20:26,FRXSY
3378,2023-06-10,SETE,OUI,6825,21:34,SUD EST,CARCASSONNE,JCPROVSUD,FRCCF,20:26,FRXSY
3379,2023-06-10,MULHOUSE VILLE,OUI,6708,18:08,SUD EST,BELFORT-MONTBELIARD TGV,BOURPA,FRTJA,17:46,FRAEK
3380,2023-06-10,BELFORT-MONTBELIARD TGV,OUI,6708,20:42,SUD EST,PARIS (intramuros),BOURPA,FRPLY,18:11,FRTJA
3381,2023-06-10,PAU,OUI,8572,15:19,ATLANTIQUE,TARBES,PASUDOUEST,FRXTB,14:27,FRAEE
3382,2023-06-10,ORTHEZ,OUI,8572,14:53,ATLANTIQUE,LOURDES,PASUDOUEST,FRLDE,14:04,FRGFI
3383,2023-06-10,LOURDES,OUI,8572,15:19,ATLANTIQUE,TARBES,PASUDOUEST,FRXTB,15:03,FRLDE
3384,2023-06-10,PARIS (intramuros),NON,8572,14:24,ATLANTIQUE,PAU,PASUDOUEST,FRAEE,10:08,FRPMO
3385,2023-06-10,PARIS (intramuros),NON,8572,15:19,ATLANTIQUE,TARBES,PASUDOUEST,FRXTB,10:08,FRPMO
3386,2023-06-10,LAUSANNE,NON,9768,13:42,INTERNATIONAL,PARIS (intramuros),GENEVEPA,FRPLY,09:45,CHAJF
3387,2023-06-10,LAUSANNE,NON,9768,11:49,INTERNATIONAL,BOURG EN BRESSE,GENEVEPA,FRXBK,09:45,CHAJF
3388,2023-06-10,GENEVE,NON,9768,11:49,INTERNATIONAL,BOURG EN BRESSE,GENEVEPA,FRXBK,10:29,CHGVA
3389,2023-06-10,BELLEGARDE,NON,9768,13:42,INTERNATIONAL,PARIS (intramuros),GENEVEPA,FRPLY,11:02,FRXBF
3390,2023-06-10,BELLEGARDE,NON,9768,11:49,INTERNATIONAL,BOURG EN BRESSE,GENEVEPA,FRXBK,11:02,FRXBF
3391,2023-06-10,DIJON VILLE,NON,2087,13:00,EST,LYON (intramuros),JCRHINRHON,FRLPD,11:21,FRABA
3392,2023-06-10,DIJON VILLE,NON,2087,13:46,EST,VALENCE TGV RHONE-ALPES SUD,JCRHINRHON,FRVLA,11:21,FRABA
3393,2023-06-10,STRASBOURG,NON,2087,14:49,EST,AIX EN PROVENCE TGV,JCRHINRHON,FRAIE,09:03,FRAEG
3394,2023-06-10,STRASBOURG,NON,2087,12:19,EST,MACON VILLE,JCRHINRHON,FRHGU,09:03,FRAEG
3395,2023-06-10,STRASBOURG,NON,2087,13:46,EST,VALENCE TGV RHONE-ALPES SUD,JCRHINRHON,FRVLA,09:03,FRAEG
3396,2023-06-10,MULHOUSE VILLE,NON,2087,14:25,EST,AVIGNON TGV,JCRHINRHON,FRAVG,09:57,FRAEK
3397,2023-06-10,MULHOUSE VILLE,NON,2087,12:19,EST,MACON VILLE,JCRHINRHON,FRHGU,09:57,FRAEK
3398,2023-06-10,MULHOUSE VILLE,NON,2087,13:00,EST,LYON (intramuros),JCRHINRHON,FRLPD,09:57,FRAEK
3399,2023-06-10,MULHOUSE VILLE,NON,2087,10:41,EST,BESANCON - F COMTE TGV,JCRHINRHON,FRTJB,09:57,FRAEK
3400,2023-06-10,MACON VILLE,NON,2087,15:06,EST,MARSEILLE ST CHARLES,JCRHINRHON,FRMSC,12:22,FRHGU
3401,2023-06-10,BELFORT-MONTBELIARD TGV,NON,2087,13:00,EST,LYON (intramuros),JCRHINRHON,FRLPD,10:21,FRTJA
3402,2023-06-10,BESANCON - F COMTE TGV,NON,2087,14:25,EST,AVIGNON TGV,JCRHINRHON,FRAVG,10:44,FRTJB
3403,2023-06-10,BESANCON - F COMTE TGV,NON,2087,13:00,EST,LYON (intramuros),JCRHINRHON,FRLPD,10:44,FRTJB
3404,2023-06-10,PARIS (intramuros),NON,7359,11:04,NORD,DUNKERQUE,PAARRAS,FRADI,08:52,FRPNO
3405,2023-06-10,BRASSAC LES MINES STE FLORINE,NON,15940,15:35,IC SRO,ISSOIRE,JOUNOREST,FRHLB,15:23,FRHLE
3406,2023-06-10,MASSIAC BLESLE,NON,15940,16:01,IC SRO,CLERMONT FERRAND,JOUNOREST,FRCFE,14:58,FRHMY
3407,2023-06-10,MASSIAC BLESLE,NON,15940,15:22,IC SRO,BRASSAC LES MINES STE FLORINE,JOUNOREST,FRHLE,14:58,FRHMY
3408,2023-06-10,LYON-SAINT EXUPERY TGV,NON,6920,17:48,SUD EST,PARIS (intramuros),GRENOBLEPA,FRPLY,15:59,FRJDQ
3409,2023-06-10,PARIS (intramuros),NON,8375,11:38,ATLANTIQUE,NIORT,PAROCHELLE,FRNIT,09:12,FRPMO
3410,2023-06-10,PARIS (intramuros),NON,8375,10:12,ATLANTIQUE,ST PIERRE DES CORPS,PAROCHELLE,FRXSH,09:12,FRPMO
3411,2023-06-10,ST PIERRE DES CORPS,OUI,8375,11:59,ATLANTIQUE,SURGERES,PAROCHELLE,FREIP,10:16,FRXSH
3412,2023-06-10,ST PIERRE DES CORPS,OUI,8375,11:21,ATLANTIQUE,ST MAIXENT DEUX SEVRES,PAROCHELLE,FREJC,10:16,FRXSH
3413,2023-06-10,MACON LOCHE TGV,NON,6937,13:28,SUD EST,ANNECY,PARISALPES,FRNCY,11:19,FRMLT
3414,2023-06-10,PARIS (intramuros),NON,6937,12:59,SUD EST,AIX LES BAINS LE REVARD,PARISALPES,FRXAI,09:44,FRPLY
3415,2023-06-10,BEDARIEUX,NON,15945,19:34,IC SRO,MAGALAS,NORESTJOU,FRIMK,19:15,FRIMH
3416,2023-06-10,LIMOGES BENEDICTINS,OUI,3645,19:06,IC ARO,BRIVE LA GAILLARDE,PALITO,FRBVE,18:05,FRAGQ
3417,2023-06-10,LIMOGES BENEDICTINS,OUI,3645,19:31,IC ARO,SOUILLAC,PALITO,FRSOU,18:05,FRAGQ
3418,2023-06-10,LIMOGES BENEDICTINS,OUI,3645,20:54,IC ARO,MONTAUBAN VILLE BOURBON,PALITO,FRXMW,18:05,FRAGQ
3419,2023-06-10,LIMOGES BENEDICTINS,OUI,3645,20:13,IC ARO,CAHORS,PALITO,FRZAO,18:05,FRAGQ
3420,2023-06-10,BRIVE LA GAILLARDE,OUI,3645,19:31,IC ARO,SOUILLAC,PALITO,FRSOU,19:08,FRBVE
3421,2023-06-10,CHATEAUROUX,OUI,3645,18:02,IC ARO,LIMOGES BENEDICTINS,PALITO,FRAGQ,16:50,FRCHR
3422,2023-06-10,CHATEAUROUX,OUI,3645,21:27,IC ARO,TOULOUSE MATABIAU,PALITO,FRXYT,16:50,FRCHR
3423,2023-06-10,GOURDON,OUI,3645,20:13,IC ARO,CAHORS,PALITO,FRZAO,19:47,FRFSI
3424,2023-06-10,CAUSSADE TARN ET GARONNE,OUI,3645,21:27,IC ARO,TOULOUSE MATABIAU,PALITO,FRXYT,20:40,FRFTA
3425,2023-06-10,LES AUBRAIS ORLEANS,OUI,3645,17:25,IC ARO,LA SOUTERRAINE,PALITO,FRLST,15:40,FRLAB
3426,2023-06-10,LES AUBRAIS ORLEANS,OUI,3645,19:31,IC ARO,SOUILLAC,PALITO,FRSOU,15:40,FRLAB
3427,2023-06-10,LES AUBRAIS ORLEANS,OUI,3645,16:15,IC ARO,VIERZON VILLE,PALITO,FRXVZ,15:40,FRLAB
3428,2023-06-10,LES AUBRAIS ORLEANS,OUI,3645,21:27,IC ARO,TOULOUSE MATABIAU,PALITO,FRXYT,15:40,FRLAB
3429,2023-06-10,LA SOUTERRAINE,OUI,3645,19:46,IC ARO,GOURDON,PALITO,FRFSI,17:27,FRLST
3430,2023-06-10,PARIS (intramuros),OUI,3645,18:02,IC ARO,LIMOGES BENEDICTINS,PALITO,FRAGQ,14:35,FRPAZ
3431,2023-06-10,PARIS (intramuros),OUI,3645,16:48,IC ARO,CHATEAUROUX,PALITO,FRCHR,14:35,FRPAZ
3432,2023-06-10,PARIS (intramuros),OUI,3645,21:27,IC ARO,TOULOUSE MATABIAU,PALITO,FRXYT,14:35,FRPAZ
3433,2023-06-10,PARIS (intramuros),OUI,3645,20:13,IC ARO,CAHORS,PALITO,FRZAO,14:35,FRPAZ
3434,2023-06-10,VIERZON VILLE,OUI,3645,20:39,IC ARO,CAUSSADE TARN ET GARONNE,PALITO,FRFTA,16:17,FRXVZ
3435,2023-06-10,HENDAYE,NON,8530,09:40,ATLANTIQUE,BORDEAUX ST JEAN,SUDOUESTPA,FRBOJ,07:12,FRAEF
3436,2023-06-10,HENDAYE,OUI,8530,07:49,ATLANTIQUE,BAYONNE,SUDOUESTPA,FRXBY,07:12,FRAEF
3437,2023-06-10,HENDAYE,OUI,8530,07:22,ATLANTIQUE,ST JEAN DE LUZ CIBOURE,SUDOUESTPA,FRXJZ,07:12,FRAEF
3438,2023-06-10,BIARRITZ,NON,8530,08:26,ATLANTIQUE,DAX,SUDOUESTPA,FRACG,07:37,FRBIQ
3439,2023-06-10,ST JEAN DE LUZ CIBOURE,OUI,8530,07:49,ATLANTIQUE,BAYONNE,SUDOUESTPA,FRXBY,07:24,FRXJZ
3440,2023-06-10,MONTPELLIER SUD DE FRANCE,OUI,6250,08:10,SUD EST,NIMES PONT DU GARD,LANGPA,FRXZP,07:52,FRSUF
3441,2023-06-10,GENEVE,NON,9780,19:49,INTERNATIONAL,BOURG EN BRESSE,GENEVEPA,FRXBK,18:29,CHGVA
3442,2023-06-10,BELLEGARDE,NON,9780,21:42,INTERNATIONAL,PARIS (intramuros),GENEVEPA,FRPLY,19:02,FRXBF
3443,2023-06-10,BOURG EN BRESSE,NON,9780,21:42,INTERNATIONAL,PARIS (intramuros),GENEVEPA,FRPLY,19:52,FRXBK
3444,2023-06-10,AIX EN PROVENCE TGV,NON,5386,15:10,SUD EST,AVIGNON TGV,JCSUDATL,FRAVG,14:50,FRAIE
3445,2023-06-10,AIX EN PROVENCE TGV,NON,5386,18:34,SUD EST,MASSY TGV,JCSUDATL,FRDJU,14:50,FRAIE
3446,2023-06-10,MASSY TGV,NON,5386,19:29,SUD EST,LE MANS,JCSUDATL,FRAET,18:39,FRDJU
3447,2023-06-10,MARSEILLE ST CHARLES,NON,5386,16:22,SUD EST,LYON (intramuros),JCSUDATL,FRLPD,14:36,FRMSC
3448,2023-06-10,MARSEILLE ST CHARLES,NON,5386,20:32,SUD EST,RENNES,JCSUDATL,FRRNS,14:36,FRMSC
3449,2023-06-10,LAVAL,NON,8081,09:38,ATLANTIQUE,DOL DE BRETAGNE,PARISBRETA,FRDOL,08:22,FRACR
3450,2023-06-10,LAVAL,NON,8081,09:03,ATLANTIQUE,RENNES,PARISBRETA,FRRNS,08:22,FRACR
3451,2023-06-10,DOL DE BRETAGNE,OUI,8081,09:54,ATLANTIQUE,ST MALO,PARISBRETA,FRXSB,09:40,FRDOL
3452,2023-06-10,PARIS (intramuros),NON,8081,09:38,ATLANTIQUE,DOL DE BRETAGNE,PARISBRETA,FRDOL,07:04,FRPMO
3453,2023-06-10,PARIS (intramuros),NON,8081,09:54,ATLANTIQUE,ST MALO,PARISBRETA,FRXSB,07:04,FRPMO
3454,2023-06-10,RENNES,OUI,8081,09:38,ATLANTIQUE,DOL DE BRETAGNE,PARISBRETA,FRDOL,09:07,FRRNS
3455,2023-06-10,RENNES,OUI,8081,09:54,ATLANTIQUE,ST MALO,PARISBRETA,FRXSB,09:07,FRRNS
3456,2023-06-10,LILLE (intramuros),NON,5102,10:33,NORD,AIX EN PROVENCE TGV,JCNORDSUD,FRAIE,06:00,FRLLE
3457,2023-06-10,LYON (intramuros),NON,5102,10:33,NORD,AIX EN PROVENCE TGV,JCNORDSUD,FRAIE,09:06,FRLPD
3458,2023-06-10,LYON (intramuros),NON,5102,10:11,NORD,AVIGNON TGV,JCNORDSUD,FRAVG,09:06,FRLPD
3459,2023-06-10,MARNE LA VALLEE CHESSY,NON,5102,10:48,NORD,MARSEILLE ST CHARLES,JCNORDSUD,FRMSC,07:13,FRMLV
3460,2023-06-10,LIMOGES BENEDICTINS,OUI,3619,13:24,IC ARO,SOUILLAC,PALITO,FRSOU,11:56,FRAGQ
3461,2023-06-10,BRIVE LA GAILLARDE,OUI,3619,14:34,IC ARO,CAUSSADE TARN ET GARONNE,PALITO,FRFTA,13:00,FRBVE
3462,2023-06-10,CHATEAUROUX,NON,3619,13:40,IC ARO,GOURDON,PALITO,FRFSI,10:41,FRCHR
3463,2023-06-10,CHATEAUROUX,NON,3619,13:24,IC ARO,SOUILLAC,PALITO,FRSOU,10:41,FRCHR
3464,2023-06-10,CHATEAUROUX,NON,3619,14:49,IC ARO,MONTAUBAN VILLE BOURBON,PALITO,FRXMW,10:41,FRCHR
3465,2023-06-10,CHATEAUROUX,NON,3619,14:07,IC ARO,CAHORS,PALITO,FRZAO,10:41,FRCHR
3466,2023-06-10,GOURDON,OUI,3619,14:34,IC ARO,CAUSSADE TARN ET GARONNE,PALITO,FRFTA,13:42,FRFSI
3467,2023-06-10,GOURDON,OUI,3619,14:49,IC ARO,MONTAUBAN VILLE BOURBON,PALITO,FRXMW,13:42,FRFSI
3468,2023-06-10,CAUSSADE TARN ET GARONNE,OUI,3619,14:49,IC ARO,MONTAUBAN VILLE BOURBON,PALITO,FRXMW,14:35,FRFTA
3469,2023-06-10,LES AUBRAIS ORLEANS,NON,3619,11:53,IC ARO,LIMOGES BENEDICTINS,PALITO,FRAGQ,09:28,FRLAB
3470,2023-06-10,LES AUBRAIS ORLEANS,NON,3619,13:24,IC ARO,SOUILLAC,PALITO,FRSOU,09:28,FRLAB
3471,2023-06-10,LES AUBRAIS ORLEANS,NON,3619,10:07,IC ARO,VIERZON VILLE,PALITO,FRXVZ,09:28,FRLAB
3472,2023-06-10,PARIS (intramuros),NON,3619,12:57,IC ARO,BRIVE LA GAILLARDE,PALITO,FRBVE,08:22,FRPAZ
3473,2023-06-10,SOUILLAC,OUI,3619,14:07,IC ARO,CAHORS,PALITO,FRZAO,13:26,FRSOU
3474,2023-06-10,MONTAUBAN VILLE BOURBON,OUI,3619,15:23,IC ARO,TOULOUSE MATABIAU,PALITO,FRXYT,14:51,FRXMW
3475,2023-06-10,VIERZON VILLE,NON,3619,13:24,IC ARO,SOUILLAC,PALITO,FRSOU,10:09,FRXVZ
3476,2023-06-10,VIERZON VILLE,NON,3619,15:23,IC ARO,TOULOUSE MATABIAU,PALITO,FRXYT,10:09,FRXVZ
3477,2023-06-10,PAU,NON,14157,21:22,IC SRO,BIARRITZ,SUDOUEST,FRBIQ,19:52,FRAEE
3478,2023-06-10,ORTHEZ,NON,14157,21:22,IC SRO,BIARRITZ,SUDOUEST,FRBIQ,20:15,FRGFI
3479,2023-06-10,ORTHEZ,NON,14157,21:04,IC SRO,BAYONNE,SUDOUEST,FRXBY,20:15,FRGFI
3480,2023-06-10,TOULOUSE MATABIAU,NON,14157,20:13,IC SRO,ORTHEZ,SUDOUEST,FRGFI,17:25,FRXYT
3481,2023-06-10,DAX,NON,8581,13:40,ATLANTIQUE,BORDEAUX ST JEAN,SUDOUESTPA,FRBOJ,12:28,FRACG
3482,2023-06-10,LOURDES,OUI,8581,12:19,ATLANTIQUE,DAX,SUDOUESTPA,FRACG,11:04,FRLDE
3483,2023-06-10,LOURDES,NON,8581,15:52,ATLANTIQUE,PARIS (intramuros),SUDOUESTPA,FRPMO,11:04,FRLDE
3484,2023-06-10,NICE VILLE,OUI,6168,17:44,SUD EST,TOULON,AZURPA,FRTLN,16:01,FRNIC
3485,2023-06-10,ST RAPHAEL VALESCURE,OUI,6168,18:33,SUD EST,MARSEILLE ST CHARLES,AZURPA,FRMSC,16:58,FRXSK
3486,2023-06-10,AVIGNON CENTRE,OUI,6194,07:38,SUD EST,MONTELIMAR GARE SNCF,VDRPA,FRXMK,06:57,FRAES
3487,2023-06-10,ST ETIENNE CHATEAUCREUX,NON,6692,09:30,SUD EST,PARIS (intramuros),RHONEPARIS,FRPLY,06:42,FRHHD
3488,2023-06-10,LYON (intramuros),NON,6692,09:30,SUD EST,PARIS (intramuros),RHONEPARIS,FRPLY,07:34,FRLPD
3489,2023-06-10,ANGERS ST LAUD,NON,8931,20:59,ATLANTIQUE,NANTES,PARISLOIRE,FRNTE,20:19,FRACL
3490,2023-06-10,LA BAULE ESCOUBLAC,OUI,8931,22:07,ATLANTIQUE,LE CROISIC,PARISLOIRE,FREGU,21:59,FRJEE
3491,2023-06-10,PARIS (intramuros),NON,8931,20:59,ATLANTIQUE,NANTES,PARISLOIRE,FRNTE,18:48,FRPMO
3492,2023-06-10,SABLE SUR SARTHE,NON,8931,21:55,ATLANTIQUE,LA BAULE ESCOUBLAC,PARISLOIRE,FRJEE,19:56,FRSAB
3493,2023-06-10,PARIS (intramuros),NON,9219,19:03,INTERNATIONAL,MULHOUSE VILLE,PABALZUR,FRAEK,16:20,FRPLY
3494,2023-06-10,BASEL SBB,NON,9210,10:53,INTERNATIONAL,MULHOUSE VILLE,ZURBALPA,FRAEK,10:34,CHAJP
3495,2023-06-10,MULHOUSE VILLE,NON,9210,13:38,INTERNATIONAL,PARIS (intramuros),ZURBALPA,FRPLY,10:56,FRAEK
3496,2023-06-10,ANNECY,OUI,6978,17:38,SUD EST,MACON LOCHE TGV,ALPESPARIS,FRMLT,15:31,FRNCY
3497,2023-06-10,AIX LES BAINS LE REVARD,OUI,6978,16:10,SUD EST,CHAMBERY CHALLES LES EAUX,ALPESPARIS,FRCMF,15:59,FRXAI
3498,2023-06-10,BEZIERS,OUI,6277,21:56,SUD EST,PERPIGNAN,PALANG,FRPGF,21:06,FRBZR
3499,2023-06-10,PARIS (intramuros),NON,6277,20:49,SUD EST,AGDE,PALANG,FRXAG,16:54,FRPLY
3500,2023-06-10,AGDE,OUI,6277,21:03,SUD EST,BEZIERS,PALANG,FRBZR,20:52,FRXAG
3501,2023-06-10,PARIS (intramuros),NON,6277,20:11,SUD EST,MONTPELLIER SUD DE FRANCE,PALANG,FRSUF,16:54,FRPLY
3502,2023-06-10,PARIS (intramuros),OUI,6277,19:48,SUD EST,NIMES PONT DU GARD,PALANG,FRXZP,16:54,FRPLY
3503,2023-06-10,NIMES PONT DU GARD,NON,6277,20:49,SUD EST,AGDE,PALANG,FRXAG,19:53,FRXZP
3504,2023-06-10,NIMES PONT DU GARD,NON,6277,20:11,SUD EST,MONTPELLIER SUD DE FRANCE,PALANG,FRSUF,19:53,FRXZP
3505,2023-06-10,AVIGNON TGV,NON,6801,08:00,SUD EST,AIX EN PROVENCE TGV,JCPROVSUD,FRAIE,07:38,FRAVG
3506,2023-06-10,LYON (intramuros),NON,6801,07:35,SUD EST,AVIGNON TGV,JCPROVSUD,FRAVG,06:04,FRLPD
3507,2023-06-10,LYON (intramuros),NON,6801,10:35,SUD EST,CANNES,JCPROVSUD,FRJCA,06:04,FRLPD
3508,2023-06-10,LYON (intramuros),NON,6801,10:47,SUD EST,ANTIBES,JCPROVSUD,FRXAT,06:04,FRLPD
3509,2023-06-10,VALENCE TGV RHONE-ALPES SUD,NON,6801,11:06,SUD EST,NICE VILLE,JCPROVSUD,FRNIC,07:00,FRVLA
3510,2023-06-10,VALENCE TGV RHONE-ALPES SUD,NON,6801,09:11,SUD EST,TOULON,JCPROVSUD,FRTLN,07:00,FRVLA
3511,2023-06-10,ST RAPHAEL VALESCURE,OUI,6801,10:47,SUD EST,ANTIBES,JCPROVSUD,FRXAT,10:09,FRXSK
3512,2023-06-10,CALAIS FRETHUN,NON,7522,15:08,NORD,PARIS (intramuros),ARRASPA,FRPNO,13:16,FRSTH
3513,2023-06-10,AVIGNON TGV,NON,6123,20:56,SUD EST,MARSEILLE ST CHARLES,PAPROVENCE,FRMSC,20:20,FRAVG
3514,2023-06-10,PARIS (intramuros),NON,6123,20:41,SUD EST,AIX EN PROVENCE TGV,PAPROVENCE,FRAIE,17:36,FRPLY
3515,2023-06-10,FRANKFURT MAIN HBF,NON,9554,14:53,INTERNATIONAL,PARIS (intramuros),FRANCPA,FRPST,10:56,DEFRH
3516,2023-06-10,MANNHEIM HBF,NON,9554,12:23,INTERNATIONAL,KAISERSLAUTERN HBF,FRANCPA,DEKLT,11:40,DEMHG
3517,2023-06-10,BIARRITZ,OUI,8541,16:32,ATLANTIQUE,ST JEAN DE LUZ CIBOURE,PASUDOUEST,FRXJZ,16:19,FRBIQ
3518,2023-06-10,BORDEAUX ST JEAN,OUI,8541,16:03,ATLANTIQUE,BAYONNE,PASUDOUEST,FRXBY,14:21,FRBOJ
3519,2023-06-10,PARIS (intramuros),NON,8541,15:28,ATLANTIQUE,DAX,PASUDOUEST,FRACG,12:08,FRPMO
3520,2023-06-10,PARIS (intramuros),NON,8541,16:47,ATLANTIQUE,HENDAYE,PASUDOUEST,FRAEF,12:08,FRPMO
3521,2023-06-10,PARIS (intramuros),NON,8541,16:16,ATLANTIQUE,BIARRITZ,PASUDOUEST,FRBIQ,12:08,FRPMO
3522,2023-06-10,MULHOUSE VILLE,OUI,9896,23:02,EST,METZ VILLE,JCRHONRHIN,FRADE,21:12,FRAEK
3523,2023-06-10,AIX EN PROVENCE TGV,NON,9896,19:39,EST,DIJON VILLE,JCRHONRHIN,FRABA,16:11,FRAIE
3524,2023-06-10,AIX EN PROVENCE TGV,NON,9896,21:09,EST,MULHOUSE VILLE,JCRHONRHIN,FRAEK,16:11,FRAIE
3525,2023-06-10,AVIGNON TGV,NON,9896,21:09,EST,MULHOUSE VILLE,JCRHONRHIN,FRAEK,16:33,FRAVG
3526,2023-06-10,AVIGNON TGV,NON,9896,20:40,EST,BELFORT-MONTBELIARD TGV,JCRHONRHIN,FRTJA,16:33,FRAVG
3527,2023-06-10,AVIGNON TGV,NON,9896,17:08,EST,VALENCE TGV RHONE-ALPES SUD,JCRHONRHIN,FRVLA,16:33,FRAVG
3528,2023-06-10,LYON (intramuros),NON,9896,19:39,EST,DIJON VILLE,JCRHONRHIN,FRABA,18:00,FRLPD
3529,2023-06-10,MARSEILLE ST CHARLES,NON,9896,19:39,EST,DIJON VILLE,JCRHONRHIN,FRABA,15:56,FRMSC
3530,2023-06-10,MARSEILLE ST CHARLES,NON,9896,21:09,EST,MULHOUSE VILLE,JCRHONRHIN,FRAEK,15:56,FRMSC
3531,2023-06-10,MARSEILLE ST CHARLES,NON,9896,20:16,EST,BESANCON - F COMTE TGV,JCRHONRHIN,FRTJB,15:56,FRMSC
3532,2023-06-10,BESANCON - F COMTE TGV,OUI,9896,23:02,EST,METZ VILLE,JCRHONRHIN,FRADE,20:19,FRTJB
3533,2023-06-10,DIJON VILLE,NON,2204,19:41,EST,COLMAR,JCRHONRHIN,FRAEJ,17:50,FRABA
3534,2023-06-10,MULHOUSE VILLE,OUI,2204,20:18,EST,STRASBOURG,JCRHONRHIN,FRAEG,19:12,FRAEK
3535,2023-06-10,NIMES,NON,2204,15:09,EST,VALENCE TGV RHONE-ALPES SUD,JCRHONRHIN,FRVLA,14:23,FRFNI
3536,2023-06-10,MACON VILLE,NON,2204,17:40,EST,DIJON VILLE,JCRHONRHIN,FRABA,16:41,FRHGU
3537,2023-06-10,MACON VILLE,NON,2204,20:18,EST,STRASBOURG,JCRHONRHIN,FRAEG,16:41,FRHGU
3538,2023-06-10,BELFORT-MONTBELIARD TGV,NON,2204,19:41,EST,COLMAR,JCRHONRHIN,FRAEJ,18:47,FRTJA
3539,2023-06-10,BELFORT-MONTBELIARD TGV,NON,2204,19:09,EST,MULHOUSE VILLE,JCRHONRHIN,FRAEK,18:47,FRTJA
3540,2023-06-10,VALENCE TGV RHONE-ALPES SUD,NON,2204,18:44,EST,BELFORT-MONTBELIARD TGV,JCRHONRHIN,FRTJA,15:12,FRVLA
3541,2023-06-10,BRUXELLES MIDI BRUSSEL ZUID,NON,9812,12:00,NORD,LYON (intramuros),JCNORDSUD,FRLPD,08:17,BEBMI
3542,2023-06-10,BRUXELLES MIDI BRUSSEL ZUID,NON,9812,14:03,NORD,MONTPELLIER SAINT-ROCH,JCNORDSUD,FRMPL,08:17,BEBMI
3543,2023-06-10,LILLE (intramuros),NON,9812,09:53,NORD,AEROPORT CDG2 TGV ROISSY,JCNORDSUD,FRMLW,09:03,FRLLE
3544,2023-06-10,LILLE (intramuros),NON,9812,14:03,NORD,MONTPELLIER SAINT-ROCH,JCNORDSUD,FRMPL,09:03,FRLLE
3545,2023-06-10,LYON (intramuros),NON,9812,13:35,NORD,NIMES,JCNORDSUD,FRFNI,12:06,FRLPD
3546,2023-06-10,LYON (intramuros),NON,9812,12:45,NORD,VALENCE TGV RHONE-ALPES SUD,JCNORDSUD,FRVLA,12:06,FRLPD
3547,2023-06-10,MARNE LA VALLEE CHESSY,NON,9812,12:45,NORD,VALENCE TGV RHONE-ALPES SUD,JCNORDSUD,FRVLA,10:13,FRMLV
3548,2023-06-10,AEROPORT CDG2 TGV ROISSY,NON,9812,12:45,NORD,VALENCE TGV RHONE-ALPES SUD,JCNORDSUD,FRVLA,09:59,FRMLW
3549,2023-06-10,MANNHEIM HBF,NON,9560,18:48,INTERNATIONAL,STRASBOURG,FRANCPA,FRAEG,17:38,DEMHG
3550,2023-06-10,LILLE (intramuros),OUI,9844,19:54,NORD,AEROPORT CDG2 TGV ROISSY,JCNORDSUD,FRMLW,19:02,FRLLE
3551,2023-06-10,PARIS (intramuros),OUI,7027,11:48,NORD,LILLE (intramuros),PALILLE,FRADJ,10:46,FRPNO
3552,2023-06-10,PARIS (intramuros),NON,2807,08:53,EST,CHAMPAGNE-ARDENNE,PAMETZLUX,FREAH,08:14,FRPST
3553,2023-06-10,MASSY TGV,NON,5351,10:39,SUD EST,ANGERS ST LAUD,JCSUDATL,FRACL,08:43,FRDJU
3554,2023-06-10,LYON (intramuros),NON,5351,10:39,SUD EST,ANGERS ST LAUD,JCSUDATL,FRACL,06:16,FRLPE
3555,2023-06-10,ZUERICH HB,NON,9218,12:28,INTERNATIONAL,BASEL SBB,ZURBALPA,CHAJP,11:34,CHAJD
3556,2023-06-10,ZUERICH HB,NON,9218,15:38,INTERNATIONAL,PARIS (intramuros),ZURBALPA,FRPLY,11:34,CHAJD
3557,2023-06-10,BASEL SBB,NON,9218,12:53,INTERNATIONAL,MULHOUSE VILLE,ZURBALPA,FRAEK,12:34,CHAJP
3558,2023-06-10,BASEL SBB,NON,9218,15:38,INTERNATIONAL,PARIS (intramuros),ZURBALPA,FRPLY,12:34,CHAJP
3559,2023-06-10,MULHOUSE VILLE,NON,6704,12:28,SUD EST,BELFORT-MONTBELIARD TGV,BOURPA,FRTJA,12:05,FRAEK
3560,2023-06-10,BELFORT-MONTBELIARD TGV,NON,6704,13:23,SUD EST,DIJON VILLE,BOURPA,FRABA,12:31,FRTJA
3561,2023-06-10,BELFORT-MONTBELIARD TGV,NON,6704,14:02,SUD EST,MONTBARD,BOURPA,FRGWE,12:31,FRTJA
3562,2023-06-10,BELFORT-MONTBELIARD TGV,NON,6704,12:51,SUD EST,BESANCON - F COMTE TGV,BOURPA,FRTJB,12:31,FRTJA
3563,2023-06-10,BESANCON - F COMTE TGV,NON,6704,13:23,SUD EST,DIJON VILLE,BOURPA,FRABA,12:54,FRTJB
3564,2023-06-10,MONTAUBAN VILLE BOURBON,OUI,8505,15:36,ATLANTIQUE,TOULOUSE MATABIAU,PASUDOUEST,FRXYT,15:03,FRXMW
3565,2023-06-10,ANGERS ST LAUD,NON,8912,11:25,ATLANTIQUE,PARIS (intramuros),LOIREPARIS,FRPMO,09:44,FRACL
3566,2023-06-10,LE CROISIC,OUI,8912,09:41,ATLANTIQUE,ANGERS ST LAUD,LOIREPARIS,FRACL,07:55,FREGU
3567,2023-06-10,LE CROISIC,OUI,8912,08:03,ATLANTIQUE,LA BAULE ESCOUBLAC,LOIREPARIS,FRJEE,07:55,FREGU
3568,2023-06-10,LE CROISIC,OUI,8912,08:21,ATLANTIQUE,ST NAZAIRE,LOIREPARIS,FRSNR,07:55,FREGU
3569,2023-06-10,ST NAZAIRE,OUI,8912,08:59,ATLANTIQUE,NANTES,LOIREPARIS,FRNTE,08:24,FRSNR
3570,2023-06-10,ST NAZAIRE,NON,8912,11:25,ATLANTIQUE,PARIS (intramuros),LOIREPARIS,FRPMO,08:24,FRSNR
3571,2023-06-10,ORTHEZ,NON,14150,18:02,IC SRO,PAU,SUDOUEST,FRAEE,17:36,FRGFI
3572,2023-06-10,LOURDES,NON,14150,19:30,IC SRO,ST GAUDENS,SUDOUEST,FRFPH,18:33,FRLDE
3573,2023-06-10,BORDEAUX ST JEAN,NON,4655,10:52,IC ARO,MONTPELLIER SAINT-ROCH,TJOURSOSE,FRMPL,06:18,FRBOJ
3574,2023-06-10,BORDEAUX ST JEAN,NON,4655,09:58,IC ARO,NARBONNE,TJOURSOSE,FRXNA,06:18,FRBOJ
3575,2023-06-10,BORDEAUX ST JEAN,OUI,4655,08:37,IC ARO,TOULOUSE MATABIAU,TJOURSOSE,FRXYT,06:18,FRBOJ
3576,2023-06-10,BEZIERS,NON,4655,10:52,IC ARO,MONTPELLIER SAINT-ROCH,TJOURSOSE,FRMPL,10:17,FRBZR
3577,2023-06-10,CARCASSONNE,NON,4655,10:14,IC ARO,BEZIERS,TJOURSOSE,FRBZR,09:29,FRCCF
3578,2023-06-10,MONTPELLIER SAINT-ROCH,NON,4655,13:05,IC ARO,MARSEILLE ST CHARLES,TJOURSOSE,FRMSC,10:56,FRMPL
3579,2023-06-10,MONTAUBAN VILLE BOURBON,NON,4655,10:14,IC ARO,BEZIERS,TJOURSOSE,FRBZR,08:02,FRXMW
3580,2023-06-10,NARBONNE,NON,4655,13:05,IC ARO,MARSEILLE ST CHARLES,TJOURSOSE,FRMSC,10:01,FRXNA
3581,2023-06-10,TOULOUSE MATABIAU,NON,4655,10:52,IC ARO,MONTPELLIER SAINT-ROCH,TJOURSOSE,FRMPL,08:45,FRXYT
3582,2023-06-10,NEVERS,OUI,5983,22:34,IC ARO,CLERMONT FERRAND,PACLERMONT,FRCFE,20:59,FRNVS
3583,2023-06-10,PARIS (intramuros),OUI,5983,22:34,IC ARO,CLERMONT FERRAND,PACLERMONT,FRCFE,18:47,FRPLY
3584,2023-06-10,VICHY,OUI,5983,22:34,IC ARO,CLERMONT FERRAND,PACLERMONT,FRCFE,22:03,FRVHY
3585,2023-06-10,MOULINS SUR ALLIER,OUI,5983,22:34,IC ARO,CLERMONT FERRAND,PACLERMONT,FRCFE,21:30,FRXMU
3586,2023-06-10,MOULINS SUR ALLIER,OUI,5983,22:23,IC ARO,RIOM CHATEL GUYON,PACLERMONT,FRRIO,21:30,FRXMU
3587,2023-06-10,MODANE,NON,9240,10:15,INTERNATIONAL,CHAMBERY CHALLES LES EAUX,ITALIEPA,FRCMF,09:13,FRAGR
3588,2023-06-10,CHAMBERY CHALLES LES EAUX,NON,9240,11:40,INTERNATIONAL,MACON LOCHE TGV,ITALIEPA,FRMLT,10:22,FRCMF
3589,2023-06-10,MILANO P GARIBALDI,NON,9240,09:03,INTERNATIONAL,MODANE,ITALIEPA,FRAGR,06:00,ITMPG
3590,2023-06-10,OULX CESANA CLAV SESTRIERE,NON,9240,10:15,INTERNATIONAL,CHAMBERY CHALLES LES EAUX,ITALIEPA,FRCMF,08:36,ITOCS
3591,2023-06-10,TORINO PORTA SUSA,NON,9240,10:15,INTERNATIONAL,CHAMBERY CHALLES LES EAUX,ITALIEPA,FRCMF,07:36,ITTRS
3592,2023-06-10,KAISERSLAUTERN HBF,NON,9559,23:09,INTERNATIONAL,FRANKFURT MAIN HBF,PAFRANC,DEFRH,21:36,DEKLT
3593,2023-06-10,SARREBRUCK/SAARBRUECKEN,NON,9559,23:09,INTERNATIONAL,FRANKFURT MAIN HBF,PAFRANC,DEFRH,20:59,DESBK
3594,2023-06-10,FORBACH,NON,9559,23:09,INTERNATIONAL,FRANKFURT MAIN HBF,PAFRANC,DEFRH,20:49,FRBQT
3595,2023-06-10,AGEN,OUI,8502,08:40,ATLANTIQUE,BORDEAUX ST JEAN,SUDOUESTPA,FRBOJ,07:35,FRAGF
3596,2023-06-10,TOULOUSE MATABIAU,NON,8502,07:32,ATLANTIQUE,AGEN,SUDOUESTPA,FRAGF,06:23,FRXYT
3597,2023-06-10,TOULOUSE MATABIAU,NON,8502,10:52,ATLANTIQUE,PARIS (intramuros),SUDOUESTPA,FRPMO,06:23,FRXYT
3598,2023-06-10,ANDORRE - L'HOSPITALET,OUI,3972,07:18,IC NUIT,PARIS (intramuros),PALOMBEPAR,FRPAZ,19:09,FRFQG
3599,2023-06-10,AX LES THERMES,OUI,3972,06:08,IC NUIT,LES AUBRAIS ORLEANS,PALOMBEPAR,FRLAB,19:44,FRXLT
3600,2023-06-10,PORTE PUYMORENS,OUI,3972,19:53,IC NUIT,LUZENAC GARANOU,PALOMBEPAR,FRFQI,18:58,FRFQF
3601,2023-06-10,LUZENAC GARANOU,OUI,3972,06:08,IC NUIT,LES AUBRAIS ORLEANS,PALOMBEPAR,FRLAB,19:55,FRFQI
3602,2023-06-10,LUZENAC GARANOU,OUI,3972,20:31,IC NUIT,FOIX,PALOMBEPAR,FRXFX,19:55,FRFQI
3603,2023-06-10,LES CABANNES,OUI,3972,06:08,IC NUIT,LES AUBRAIS ORLEANS,PALOMBEPAR,FRLAB,20:03,FRFQK
3604,2023-06-10,LUZENAC GARANOU,OUI,3972,21:00,IC NUIT,SAVERDUN,PALOMBEPAR,FRFPU,19:55,FRFQI
3605,2023-06-10,ANGERS ST LAUD,NON,5482,10:20,EST,MASSY TGV,JCATLEST,FRDJU,08:48,FRACL
3606,2023-06-10,LE MANS,NON,5482,11:52,EST,CHAMPAGNE-ARDENNE,JCATLEST,FREAH,09:30,FRAET
3607,2023-06-10,MASSY TGV,NON,5482,11:09,EST,AEROPORT CDG2 TGV ROISSY,JCATLEST,FRMLW,10:26,FRDJU
3608,2023-06-10,CHAMPAGNE-ARDENNE,NON,5482,12:32,EST,LORRAINE TGV,JCATLEST,FREAM,11:55,FREAH
3609,2023-06-10,AEROPORT CDG2 TGV ROISSY,NON,5482,12:32,EST,LORRAINE TGV,JCATLEST,FREAM,11:22,FRMLW
3610,2023-06-10,NANTES,NON,5482,10:55,EST,MARNE LA VALLEE CHESSY,JCATLEST,FRMLV,08:09,FRNTE
3611,2023-06-10,PARIS (intramuros),OUI,6279,22:08,SUD EST,MONTPELLIER SUD DE FRANCE,PALANG,FRSUF,18:54,FRPLY
3612,2023-06-10,MONTPELLIER SAINT-ROCH,OUI,6036,19:03,SUD EST,VALENCE TGV RHONE-ALPES SUD,LANGPA,FRVLA,17:51,FRMPL
3613,2023-06-10,LAVAL,NON,8036,20:20,ATLANTIQUE,PARIS (intramuros),BRETAPARIS,FRPMO,19:04,FRACR
3614,2023-06-10,PARIS (intramuros),NON,2465,22:24,EST,STRASBOURG,PASTRAMULH,FRAEG,20:25,FRPST
3615,2023-06-10,SURGERES,NON,8374,11:23,ATLANTIQUE,NIORT,ROCHELLEPA,FRNIT,11:05,FREIP
3616,2023-06-10,SURGERES,NON,8374,12:09,ATLANTIQUE,POITIERS,ROCHELLEPA,FRPIS,11:05,FREIP
3617,2023-06-10,SURGERES,NON,8374,13:37,ATLANTIQUE,PARIS (intramuros),ROCHELLEPA,FRPMO,11:05,FREIP
3618,2023-06-10,NIORT,OUI,8374,12:09,ATLANTIQUE,POITIERS,ROCHELLEPA,FRPIS,11:26,FRNIT
3619,2023-06-10,GRENOBLE,OUI,6922,19:48,SUD EST,PARIS (intramuros),GRENOBLEPA,FRPLY,16:47,FRGNB
3620,2023-06-10,ANGOULEME,OUI,8450,19:54,ATLANTIQUE,POITIERS,SUDOUESTPA,FRPIS,19:16,FRANG
3621,2023-06-10,BORDEAUX ST JEAN,OUI,8450,21:40,ATLANTIQUE,PARIS (intramuros),SUDOUESTPA,FRPMO,18:38,FRBOJ
3622,2023-06-10,BORDEAUX ST JEAN,OUI,8450,20:35,ATLANTIQUE,ST PIERRE DES CORPS,SUDOUESTPA,FRXSH,18:38,FRBOJ
3623,2023-06-10,LILLE (intramuros),NON,7020,10:14,NORD,PARIS (intramuros),LILLEPA,FRPNO,09:12,FRADJ
3624,2023-06-10,BELFORT-MONTBELIARD TGV,NON,6702,08:31,SUD EST,BESANCON - F COMTE TGV,BOURPA,FRTJB,08:11,FRTJA
3625,2023-06-10,BESANCON - F COMTE TGV,NON,6702,09:02,SUD EST,DIJON VILLE,BOURPA,FRABA,08:34,FRTJB
3626,2023-06-10,BESANCON - F COMTE TGV,NON,6702,10:42,SUD EST,PARIS (intramuros),BOURPA,FRPLY,08:34,FRTJB
3627,2023-06-10,PARIS (intramuros),NON,7365,11:40,NORD,ARRAS,PAARRAS,FRQRV,10:52,FRPNO
3628,2023-06-10,BORDEAUX ST JEAN,NON,3856,17:22,IC SRO,LA ROCHE SUR YON,BORDONANTE,FRXRO,13:53,FRBOJ
3629,2023-06-10,JONZAC,NON,3856,16:58,IC SRO,LUCON,BORDONANTE,FRLCN,14:41,FREMR
3630,2023-06-10,LA ROCHELLE VILLE,NON,3856,17:22,IC SRO,LA ROCHE SUR YON,BORDONANTE,FRXRO,16:19,FRLRH
3631,2023-06-10,ROCHEFORT,NON,3856,16:15,IC SRO,LA ROCHELLE VILLE,BORDONANTE,FRLRH,15:56,FRRCO
3632,2023-06-10,ROCHEFORT,NON,3856,18:05,IC SRO,NANTES,BORDONANTE,FRNTE,15:56,FRRCO
3633,2023-06-10,ROCHEFORT,NON,3856,17:22,IC SRO,LA ROCHE SUR YON,BORDONANTE,FRXRO,15:56,FRRCO
3634,2023-06-10,BREST,OUI,8606,08:37,ATLANTIQUE,ST BRIEUC,BRETAPARIS,FRSBK,07:22,FRBES
3635,2023-06-10,GUINGAMP,OUI,8606,08:37,ATLANTIQUE,ST BRIEUC,BRETAPARIS,FRSBK,08:22,FRGGP
3636,2023-06-10,RENNES,NON,8606,10:01,ATLANTIQUE,LAVAL,BRETAPARIS,FRACR,09:35,FRRNS
3637,2023-06-10,PAU,OUI,8585,17:49,ATLANTIQUE,ORTHEZ,SUDOUESTPA,FRGFI,17:28,FRAEE
3638,2023-06-10,TARBES,OUI,8585,18:19,ATLANTIQUE,DAX,SUDOUESTPA,FRACG,16:36,FRXTB
3639,2023-06-10,TARBES,OUI,8585,17:25,ATLANTIQUE,PAU,SUDOUESTPA,FRAEE,16:36,FRXTB
3640,2023-06-10,PARIS (intramuros),NON,6193,14:46,SUD EST,VALENCE VILLE,PAVDR,FRVAF,12:12,FRPLY
3641,2023-06-10,UZERCHE,OUI,3684,19:28,IC ARO,LA SOUTERRAINE,TOULOUZECO,FRLST,18:16,FRAAW
3642,2023-06-10,LIMOGES BENEDICTINS,OUI,3684,19:53,IC ARO,ARGENTON SUR CREUSE,TOULOUZECO,FRFMT,18:56,FRAGQ
3643,2023-06-10,BRIVE LA GAILLARDE,OUI,3684,18:15,IC ARO,UZERCHE,TOULOUZECO,FRAAW,17:50,FRBVE
3644,2023-06-10,VIERZON VILLE,OUI,3684,22:21,IC ARO,PARIS (intramuros),TOULOUZECO,FRPAZ,20:47,FRXVZ
3645,2023-06-10,AIX EN PROVENCE TGV,NON,6120,17:30,SUD EST,PARIS (intramuros),PROVENCEPA,FRPLY,14:18,FRAIE
3646,2023-06-10,MARSEILLE ST CHARLES,OUI,6120,14:37,SUD EST,AVIGNON TGV,PROVENCEPA,FRAVG,14:04,FRMSC
3647,2023-06-10,ST ETIENNE CHATEAUCREUX,OUI,6696,19:34,SUD EST,PARIS (intramuros),RHONEPARIS,FRPLY,16:44,FRHHD
3648,2023-06-10,LIMOGES BENEDICTINS,OUI,3635,17:46,IC ARO,GOURDON,PALITO,FRFSI,16:03,FRAGQ
3649,2023-06-10,CHATEAUROUX,OUI,3635,15:25,IC ARO,LA SOUTERRAINE,PALITO,FRLST,14:45,FRCHR
3650,2023-06-10,GOURDON,OUI,3635,18:15,IC ARO,CAHORS,PALITO,FRZAO,17:48,FRFSI
3651,2023-06-10,PARIS (intramuros),OUI,3635,17:46,IC ARO,GOURDON,PALITO,FRFSI,12:37,FRPAZ
3652,2023-06-10,PARIS (intramuros),OUI,3635,15:25,IC ARO,LA SOUTERRAINE,PALITO,FRLST,12:37,FRPAZ
3653,2023-06-10,VIERZON VILLE,OUI,3635,17:30,IC ARO,SOUILLAC,PALITO,FRSOU,14:13,FRXVZ
3654,2023-06-10,VIERZON VILLE,OUI,3635,18:15,IC ARO,CAHORS,PALITO,FRZAO,14:13,FRXVZ
3655,2023-06-10,PARIS (intramuros),NON,8333,13:13,ATLANTIQUE,VENDOME VILLIERS SUR LOIR,PAROCHELLE,FRESL,12:28,FRPMO
3656,2023-06-10,CHATELLERAULT,OUI,8333,14:41,ATLANTIQUE,POITIERS,PAROCHELLE,FRPIS,14:14,FRXCX
3657,2023-06-10,ORTHEZ,NON,14148,16:42,IC SRO,LOURDES,SUDOUEST,FRLDE,15:52,FRGFI
3658,2023-06-10,ORTHEZ,NON,14148,17:29,IC SRO,LANNEMEZAN,SUDOUEST,FRLNZ,15:52,FRGFI
3659,2023-06-10,LOURDES,NON,14148,17:00,IC SRO,TARBES,SUDOUEST,FRXTB,16:45,FRLDE
3660,2023-06-10,BAYONNE,NON,14148,17:29,IC SRO,LANNEMEZAN,SUDOUEST,FRLNZ,15:08,FRXBY
3661,2023-06-10,ZUERICH HB,NON,9206,11:39,INTERNATIONAL,PARIS (intramuros),ZURBALPA,FRPLY,07:34,CHAJD
3662,2023-06-10,SARREBRUCK/SAARBRUECKEN,NON,9553,16:59,INTERNATIONAL,FRANKFURT MAIN HBF,PAFRANC,DEFRH,14:59,DESBK
3663,2023-06-10,SARREBRUCK/SAARBRUECKEN,NON,9553,16:17,INTERNATIONAL,MANNHEIM HBF,PAFRANC,DEMHG,14:59,DESBK
3664,2023-06-10,GENEVE,NON,9776,19:42,INTERNATIONAL,PARIS (intramuros),GENEVEPA,FRPLY,16:29,CHGVA
3665,2023-06-10,GENEVE,NON,9776,17:49,INTERNATIONAL,BOURG EN BRESSE,GENEVEPA,FRXBK,16:29,CHGVA
3666,2023-06-10,BOURG EN BRESSE,OUI,9776,19:42,INTERNATIONAL,PARIS (intramuros),GENEVEPA,FRPLY,17:52,FRXBK
3667,2023-06-10,LAVAL,NON,8739,21:59,ATLANTIQUE,LORIENT,PARISBRETA,FRLRT,19:58,FRACR
3668,2023-06-10,LAVAL,NON,8739,20:25,ATLANTIQUE,RENNES,PARISBRETA,FRRNS,19:58,FRACR
3669,2023-06-10,LORIENT,OUI,8739,22:30,ATLANTIQUE,ROSPORDEN,PARISBRETA,FRRSP,22:02,FRLRT
3670,2023-06-10,PARIS (intramuros),NON,8739,19:55,ATLANTIQUE,LAVAL,PARISBRETA,FRACR,18:40,FRPMO
3671,2023-06-10,PARIS (intramuros),NON,8739,22:30,ATLANTIQUE,ROSPORDEN,PARISBRETA,FRRSP,18:40,FRPMO
3672,2023-06-10,PARIS (intramuros),NON,8739,21:28,ATLANTIQUE,VANNES,PARISBRETA,FRVNE,18:40,FRPMO
3673,2023-06-10,RENNES,NON,8739,22:45,ATLANTIQUE,QUIMPER,PARISBRETA,FRUIP,20:29,FRRNS
3674,2023-06-10,RENNES,NON,8739,21:41,ATLANTIQUE,AURAY,PARISBRETA,FRXUY,20:29,FRRNS
3675,2023-06-10,AURAY,OUI,8739,22:13,ATLANTIQUE,QUIMPERLE,PARISBRETA,FRECO,21:44,FRXUY
3676,2023-06-10,PARIS (intramuros),NON,9781,21:00,INTERNATIONAL,BELLEGARDE,PAGENEVE,FRXBF,18:16,FRPLY
3677,2023-06-10,PARIS (intramuros),NON,9591,19:39,EST,OFFENBOURG/OFFENBURG,PASTRAMULH,DEZPA,17:25,FRPST
3678,2023-06-10,STRASBOURG,OUI,9591,20:26,EST,FREIBURG BREISGAU HBF,PASTRAMULH,DEFGB,19:17,FRAEG
3679,2023-06-10,STRASBOURG,OUI,9591,19:54,EST,LAHR SCHWARZW,PASTRAMULH,DEANL,19:17,FRAEG
3680,2023-06-10,LAHR SCHWARZW,OUI,9591,20:02,EST,RINGSHEIM/EU-PARK,PASTRAMULH,DERSH,19:55,DEANL
3681,2023-06-10,STRASBOURG,OUI,9591,20:02,EST,RINGSHEIM/EU-PARK,PASTRAMULH,DERSH,19:17,FRAEG
3682,2023-06-10,NIMES,NON,5158,16:00,NORD,AEROPORT CDG2 TGV ROISSY,JCSUDNORD,FRMLW,12:23,FRFNI
3683,2023-06-10,LYON (intramuros),NON,5158,15:46,NORD,MARNE LA VALLEE CHESSY,JCSUDNORD,FRMLV,14:00,FRLPD
3684,2023-06-10,AEROPORT CDG2 TGV ROISSY,OUI,5158,16:57,NORD,LILLE (intramuros),JCSUDNORD,FRLLE,16:07,FRMLW
3685,2023-06-10,MONTPELLIER SAINT-ROCH,NON,5158,15:46,NORD,MARNE LA VALLEE CHESSY,JCSUDNORD,FRMLV,11:56,FRMPL
3686,2023-06-10,CLERMONT FERRAND,NON,5962,09:58,IC ARO,NEVERS,CLERMONTPA,FRNVS,08:31,FRCFE
3687,2023-06-10,NEVERS,NON,5962,11:57,IC ARO,PARIS (intramuros),CLERMONTPA,FRPLY,10:00,FRNVS
3688,2023-06-10,STRASBOURG,NON,2356,12:31,EST,PARIS (intramuros),MULHSTRAPA,FRPST,10:44,FRAEG
3689,2023-06-10,MEUSE TGV,NON,2503,09:16,EST,NANCY,PANANCY,FRENC,08:40,FREAJ
3690,2023-06-10,ANGOULEME,OUI,8491,21:48,ATLANTIQUE,BORDEAUX ST JEAN,PASUDOUEST,FRBOJ,20:36,FRANG
3691,2023-06-10,ARCACHON,OUI,8478,06:40,ATLANTIQUE,BORDEAUX ST JEAN,SUDOUESTPA,FRBOJ,06:00,FRXAC
3692,2023-06-10,KAISERSLAUTERN HBF,NON,9551,12:59,INTERNATIONAL,FRANKFURT MAIN HBF,PAFRANC,DEFRH,11:36,DEKLT
3693,2023-06-10,PARIS (intramuros),NON,7159,09:58,NORD,DOUAI,PAARRAS,FRXDN,08:52,FRPNO
3694,2023-06-10,DOUAI,OUI,7159,10:35,NORD,VALENCIENNES,PAARRAS,FRXVS,10:09,FRXDN
3695,2023-06-10,PARIS (intramuros),NON,8715,12:25,ATLANTIQUE,RENNES,PARISBRETA,FRRNS,10:53,FRPMO
3696,2023-06-10,PARIS (intramuros),NON,8715,13:25,ATLANTIQUE,VANNES,PARISBRETA,FRVNE,10:53,FRPMO
3697,2023-06-10,RENNES,NON,8715,13:57,ATLANTIQUE,LORIENT,PARISBRETA,FRLRT,12:29,FRRNS
3698,2023-06-10,RENNES,NON,8715,14:34,ATLANTIQUE,QUIMPER,PARISBRETA,FRUIP,12:29,FRRNS
3699,2023-06-10,AURAY,OUI,8715,14:34,ATLANTIQUE,QUIMPER,PARISBRETA,FRUIP,13:41,FRXUY
3700,2023-06-10,VALENCIENNES,OUI,7142,21:08,NORD,PARIS (intramuros),ARRASPA,FRPNO,19:16,FRXVS
3701,2023-06-10,LAVAL,NON,8610,13:19,ATLANTIQUE,PARIS (intramuros),BRETAPARIS,FRPMO,12:04,FRACR
3702,2023-06-10,BREST,NON,8610,10:45,ATLANTIQUE,LAMBALLE,BRETAPARIS,FRLAM,09:09,FRBES
3703,2023-06-10,GUINGAMP,NON,8610,12:01,ATLANTIQUE,LAVAL,BRETAPARIS,FRACR,10:18,FRGGP
3704,2023-06-10,LAMBALLE,NON,8610,12:01,ATLANTIQUE,LAVAL,BRETAPARIS,FRACR,10:48,FRLAM
3705,2023-06-10,PLOUARET TREGOR,OUI,8610,10:16,ATLANTIQUE,GUINGAMP,BRETAPARIS,FRGGP,10:03,FRPLT
3706,2023-06-10,PLOUARET TREGOR,NON,8610,10:33,ATLANTIQUE,ST BRIEUC,BRETAPARIS,FRSBK,10:03,FRPLT
3707,2023-06-10,ST BRIEUC,NON,8610,13:19,ATLANTIQUE,PARIS (intramuros),BRETAPARIS,FRPMO,10:36,FRSBK
3708,2023-06-10,LANDERNEAU,OUI,8610,10:16,ATLANTIQUE,GUINGAMP,BRETAPARIS,FRGGP,09:22,FRXLD
3709,2023-06-10,LANDERNEAU,OUI,8610,10:00,ATLANTIQUE,PLOUARET TREGOR,BRETAPARIS,FRPLT,09:22,FRXLD
3710,2023-06-10,LANDERNEAU,NON,8610,10:33,ATLANTIQUE,ST BRIEUC,BRETAPARIS,FRSBK,09:22,FRXLD
3711,2023-06-10,NANTES,NON,8886,22:25,ATLANTIQUE,PARIS (intramuros),LOIREPARIS,FRPMO,20:05,FRNTE
3712,2023-06-10,MODANE,NON,9245,14:23,INTERNATIONAL,OULX CESANA CLAV SESTRIERE,PAITALIE,ITOCS,13:55,FRAGR
3713,2023-06-10,CHAMBERY CHALLES LES EAUX,NON,9245,13:49,INTERNATIONAL,MODANE,PAITALIE,FRAGR,12:44,FRCMF
3714,2023-06-10,ANGERS ST LAUD,NON,9886,07:24,NORD,LE MANS,JCBRETNORD,FRAET,06:41,FRACL
3715,2023-06-10,LE MANS,OUI,9886,09:10,NORD,AEROPORT CDG2 TGV ROISSY,JCBRETNORD,FRMLW,07:30,FRAET
3716,2023-06-10,LE MANS,OUI,9886,09:45,NORD,TGV HAUTE PICARDIE,JCBRETNORD,FRTHP,07:30,FRAET
3717,2023-06-10,NANTES,NON,9886,11:01,NORD,BRUXELLES MIDI BRUSSEL ZUID,JCBRETNORD,BEBMI,06:01,FRNTE
3718,2023-06-10,ANGERS ST LAUD,OUI,5354,14:50,SUD EST,NANTES,JCSUDATL,FRNTE,14:12,FRACL
3719,2023-06-10,LYON (intramuros),NON,5354,12:34,SUD EST,MASSY TGV,JCSUDATL,FRDJU,10:30,FRLPD
3720,2023-06-10,LYON (intramuros),NON,5354,14:50,SUD EST,NANTES,JCSUDATL,FRNTE,10:30,FRLPD
3721,2023-06-10,LYON (intramuros),NON,5354,13:29,SUD EST,LE MANS,JCSUDATL,FRAET,10:16,FRLPE
3722,2023-06-10,PARIS (intramuros),NON,8881,18:13,ATLANTIQUE,ANGERS ST LAUD,PARISLOIRE,FRACL,16:36,FRPMO
3723,2023-06-10,BORDEAUX ST JEAN,OUI,8472,19:10,ATLANTIQUE,MASSY TGV,SUDOUESTPA,FRDJU,17:08,FRBOJ
3724,2023-06-10,FACTURE BIGANOS,NON,8472,19:25,ATLANTIQUE,PARIS (intramuros),SUDOUESTPA,FRPMO,16:41,FRFAC
3725,2023-06-10,ARCACHON,OUI,8472,16:38,ATLANTIQUE,FACTURE BIGANOS,SUDOUESTPA,FRFAC,16:23,FRXAC
3726,2023-06-10,FACTURE BIGANOS,OUI,8472,19:10,ATLANTIQUE,MASSY TGV,SUDOUESTPA,FRDJU,16:41,FRFAC
3727,2023-06-10,PARIS (intramuros),NON,8547,16:15,ATLANTIQUE,BORDEAUX ST JEAN,PASUDOUEST,FRBOJ,14:03,FRPMO
3728,2023-06-10,MASSY TGV,NON,8547,18:03,ATLANTIQUE,BAYONNE,PASUDOUEST,FRXBY,14:15,FRDJU
3729,2023-06-10,MASSY TGV,NON,8547,18:47,ATLANTIQUE,HENDAYE,PASUDOUEST,FRAEF,14:15,FRDJU
3730,2023-06-10,MASSY TGV,NON,8547,18:32,ATLANTIQUE,ST JEAN DE LUZ CIBOURE,PASUDOUEST,FRXJZ,14:15,FRDJU
3731,2023-06-10,DIJON VILLE,NON,6762,09:10,SUD EST,PARIS (intramuros),BOURPA,FRPLY,07:26,FRABA
3732,2023-06-10,BESANCON VIOTTE,NON,6762,06:50,SUD EST,BESANCON - F COMTE TGV,BOURPA,FRTJB,06:36,FRABG
3733,2023-06-10,AVIGNON CENTRE,OUI,6198,18:46,SUD EST,MONTELIMAR GARE SNCF,VDRPA,FRXMK,18:04,FRAES
3734,2023-06-10,ORANGE,OUI,6198,21:46,SUD EST,PARIS (intramuros),VDRPA,FRPLY,18:21,FRXOG
3735,2023-06-10,ORANGE,OUI,6198,18:46,SUD EST,MONTELIMAR GARE SNCF,VDRPA,FRXMK,18:21,FRXOG
3736,2023-06-10,BEZIERS,NON,9713,14:24,SUD EST,NARBONNE,PABARCELONE,FRXNA,14:10,FRBZR
3737,2023-06-10,NIMES,NON,9713,14:07,SUD EST,BEZIERS,PABARCELONE,FRBZR,12:49,FRFNI
3738,2023-06-10,PARIS (intramuros),NON,9713,12:45,SUD EST,NIMES,PABARCELONE,FRFNI,09:40,FRPLY
3739,2023-06-10,PARIS (intramuros),NON,9713,13:15,SUD EST,MONTPELLIER SAINT-ROCH,PABARCELONE,FRMPL,09:40,FRPLY
3740,2023-06-10,AGDE,NON,9713,14:58,SUD EST,PERPIGNAN,PABARCELONE,FRPGF,13:55,FRXAG
3741,2023-06-10,SETE,NON,9713,14:24,SUD EST,NARBONNE,PABARCELONE,FRXNA,13:37,FRXSY
3742,2023-06-10,PARIS (intramuros),NON,9713,15:27,SUD EST,FIGUERES VILA TGV,PABARCELONE,ESFIR,09:40,FRPLY
3743,2023-06-10,MONTPELLIER SAINT-ROCH,NON,9713,16:34,SUD EST,BARCELONA SANTS,PABARCELONE,ESBST,13:20,FRMPL
3744,2023-06-10,VALENCE TGV RHONE-ALPES SUD,NON,9713,15:46,SUD EST,GIRONA,PABARCELONE,ESGRO,12:00,FRVLA
3745,2023-06-10,SETE,NON,9713,15:27,SUD EST,FIGUERES VILA TGV,PABARCELONE,ESFIR,13:37,FRXSY
3746,2023-06-10,CARCASSONNE,OUI,6875,21:10,SUD EST,VALENCE TGV RHONE-ALPES SUD,JCSUDPROV,FRVLA,18:27,FRCCF
3747,2023-06-10,SETE,OUI,6875,21:10,SUD EST,VALENCE TGV RHONE-ALPES SUD,JCSUDPROV,FRVLA,19:39,FRXSY
3748,2023-06-10,TOULOUSE MATABIAU,OUI,6875,19:12,SUD EST,BEZIERS,JCSUDPROV,FRBZR,17:43,FRXYT
3749,2023-06-10,TOULOUSE MATABIAU,OUI,6875,18:24,SUD EST,CARCASSONNE,JCSUDPROV,FRCCF,17:43,FRXYT
3750,2023-06-10,MONTPELLIER SUD DE FRANCE,OUI,6875,21:52,SUD EST,LYON (intramuros),JCSUDPROV,FRLPD,20:11,FRSUF
3751,2023-06-10,ANGOULEME,NON,8488,18:06,ATLANTIQUE,POITIERS,SUDOUESTPA,FRPIS,17:26,FRANG
3752,2023-06-10,AVIGNON TGV,NON,9866,16:00,NORD,AEROPORT CDG2 TGV ROISSY,JCSUDNORD,FRMLW,12:48,FRAVG
3753,2023-06-10,LYON (intramuros),NON,9866,16:57,NORD,LILLE (intramuros),JCSUDNORD,FRLLE,14:00,FRLPD
3754,2023-06-10,MARSEILLE ST CHARLES,NON,9866,17:43,NORD,BRUXELLES MIDI BRUSSEL ZUID,JCSUDNORD,BEBMI,12:12,FRMSC
3755,2023-06-10,MARSEILLE ST CHARLES,NON,9866,13:54,NORD,LYON (intramuros),JCSUDNORD,FRLPD,12:12,FRMSC
3756,2023-06-10,MARSEILLE ST CHARLES,NON,9866,16:00,NORD,AEROPORT CDG2 TGV ROISSY,JCSUDNORD,FRMLW,12:12,FRMSC
3757,2023-06-10,CANNES,NON,6850,17:52,SUD EST,AIX EN PROVENCE TGV,JCSUDPROV,FRAIE,15:09,FRJCA
3758,2023-06-10,MARSEILLE ST CHARLES,NON,6850,19:24,SUD EST,LYON (intramuros),JCSUDPROV,FRLPD,17:36,FRMSC
3759,2023-06-10,NICE VILLE,OUI,6850,15:05,SUD EST,CANNES,JCSUDPROV,FRJCA,14:40,FRNIC
3760,2023-06-10,ANTIBES,OUI,6850,17:19,SUD EST,MARSEILLE ST CHARLES,JCSUDPROV,FRMSC,14:56,FRXAT
3761,2023-06-10,ST RAPHAEL VALESCURE,OUI,6850,17:19,SUD EST,MARSEILLE ST CHARLES,JCSUDPROV,FRMSC,15:34,FRXSK
3762,2023-06-10,ST RAPHAEL VALESCURE,OUI,6850,16:19,SUD EST,TOULON,JCSUDPROV,FRTLN,15:34,FRXSK
3763,2023-06-10,BREST,OUI,8630,14:44,ATLANTIQUE,MORLAIX,BRETAPARIS,FRMXN,14:14,FRBES
3764,2023-06-10,GUINGAMP,NON,8630,16:29,ATLANTIQUE,RENNES,BRETAPARIS,FRRNS,15:19,FRGGP
3765,2023-06-10,MORLAIX,NON,8630,15:46,ATLANTIQUE,LAMBALLE,BRETAPARIS,FRLAM,14:46,FRMXN
3766,2023-06-10,BRUXELLES MIDI BRUSSEL ZUID,NON,9874,15:55,NORD,CHAMPAGNE-ARDENNE,JCNORDEST,FREAH,13:17,BEBMI
3767,2023-06-10,BRUXELLES MIDI BRUSSEL ZUID,NON,9874,15:09,NORD,MARNE LA VALLEE CHESSY,JCNORDEST,FRMLV,13:17,BEBMI
3768,2023-06-10,BRUXELLES MIDI BRUSSEL ZUID,OUI,9874,14:53,NORD,AEROPORT CDG2 TGV ROISSY,JCNORDEST,FRMLW,13:17,BEBMI
3769,2023-06-10,MARNE LA VALLEE CHESSY,NON,9874,17:37,NORD,STRASBOURG,JCNORDEST,FRAEG,15:23,FRMLV
3770,2023-06-10,QUIMPERLE,NON,8710,12:01,ATLANTIQUE,LAVAL,BRETAPARIS,FRACR,09:38,FRECO
3771,2023-06-10,QUIMPERLE,NON,8710,11:25,ATLANTIQUE,RENNES,BRETAPARIS,FRRNS,09:38,FRECO
3772,2023-06-10,LORIENT,NON,8710,13:19,ATLANTIQUE,PARIS (intramuros),BRETAPARIS,FRPMO,09:52,FRLRT
3773,2023-06-10,LORIENT,OUI,8710,10:07,ATLANTIQUE,AURAY,BRETAPARIS,FRXUY,09:52,FRLRT
3774,2023-06-10,RENNES,NON,8710,13:19,ATLANTIQUE,PARIS (intramuros),BRETAPARIS,FRPMO,11:35,FRRNS
3775,2023-06-10,ROSPORDEN,OUI,8710,09:49,ATLANTIQUE,LORIENT,BRETAPARIS,FRLRT,09:23,FRRSP
3776,2023-06-10,QUIMPER,OUI,8710,09:35,ATLANTIQUE,QUIMPERLE,BRETAPARIS,FRECO,09:09,FRUIP
3777,2023-06-10,VANNES,NON,8710,13:19,ATLANTIQUE,PARIS (intramuros),BRETAPARIS,FRPMO,10:23,FRVNE
3778,2023-06-10,VANNES,NON,8710,11:25,ATLANTIQUE,RENNES,BRETAPARIS,FRRNS,10:23,FRVNE
3779,2023-06-10,NEVERS,OUI,5959,16:35,IC ARO,CLERMONT FERRAND,PACLERMONT,FRCFE,14:59,FRNVS
3780,2023-06-10,NEVERS,OUI,5959,16:01,IC ARO,VICHY,PACLERMONT,FRVHY,14:59,FRNVS
3781,2023-06-10,PARIS (intramuros),OUI,5959,15:28,IC ARO,MOULINS SUR ALLIER,PACLERMONT,FRXMU,12:59,FRPLY
3782,2023-06-10,PARIS (intramuros),NON,7575,18:14,NORD,BOULOGNE VILLE,PAARRAS,FRAEB,15:52,FRPNO
3783,2023-06-10,PARIS (intramuros),NON,7575,18:42,NORD,RANG DU FLIERS VERTON,PAARRAS,FRCVU,15:52,FRPNO
3784,2023-06-10,PARIS (intramuros),NON,7575,18:32,NORD,ETAPLES LE TOUQUET,PAARRAS,FRETA,15:52,FRPNO
3785,2023-06-10,PARIS (intramuros),NON,2377,20:41,EST,STRASBOURG,PASTRAMULH,FRAEG,18:55,FRPST
3786,2023-06-10,SELESTAT,OUI,2377,21:19,EST,COLMAR,PASTRAMULH,FRAEJ,21:08,FRXSQ
3787,2023-06-10,ANGERS ST LAUD,OUI,8122,17:25,ATLANTIQUE,PARIS (intramuros),LOIREPARIS,FRPMO,15:44,FRACL
3788,2023-06-10,PARIS (intramuros),NON,6503,15:17,SUD EST,EVIAN LES BAINS,PARISALPES,FRXEB,10:28,FRPLY
3789,2023-06-10,BELLEGARDE,NON,6503,14:18,SUD EST,ANNEMASSE,PARISALPES,FRQNJ,13:43,FRXBF
3790,2023-06-10,NANTES,OUI,8804,07:41,ATLANTIQUE,ANGERS ST LAUD,LOIREPARIS,FRACL,07:05,FRNTE
3791,2023-06-10,ANGERS ST LAUD,OUI,8803,09:54,ATLANTIQUE,NANTES,PARISLOIRE,FRNTE,09:16,FRACL
3792,2023-06-10,PARIS (intramuros),OUI,8447,18:05,ATLANTIQUE,ANGOULEME,PASUDOUEST,FRANG,16:03,FRPMO
3793,2023-06-10,MACON LOCHE TGV,NON,6931,09:36,SUD EST,CHAMBERY CHALLES LES EAUX,PARISALPES,FRCMF,08:20,FRMLT
3794,2023-06-10,PARIS (intramuros),NON,6931,08:17,SUD EST,MACON LOCHE TGV,PARISALPES,FRMLT,06:44,FRPLY
3795,2023-06-10,ST DIE DES VOSGES,OUI,2596,08:09,EST,NANCY,NANCYPA,FRENC,07:15,FRXTD
3796,2023-06-10,PARIS (intramuros),NON,9593,12:41,INTERNATIONAL,STRASBOURG,PASTUTMUN,FRAEG,10:55,FRPST
3797,2023-06-10,NANTES,OUI,8985,22:19,ATLANTIQUE,LES SABLES D'OLONNE,PARISLOIRE,FRLSO,21:10,FRNTE
3798,2023-06-10,SABLE SUR SARTHE,OUI,8985,21:50,ATLANTIQUE,LA ROCHE SUR YON,PARISLOIRE,FRXRO,19:56,FRSAB
3799,2023-06-10,LUCON,NON,3831,11:10,IC SRO,JONZAC,NANTEBORDO,FREMR,09:00,FRLCN
3800,2023-06-10,LUCON,NON,3831,10:32,IC SRO,SAINTES,NANTEBORDO,FRXST,09:00,FRLCN
3801,2023-06-10,NANTES,NON,3831,08:58,IC SRO,LUCON,NANTEBORDO,FRLCN,07:55,FRNTE
3802,2023-06-10,NANTES,NON,3831,08:35,IC SRO,LA ROCHE SUR YON,NANTEBORDO,FRXRO,07:55,FRNTE
3803,2023-06-10,LA ROCHE SUR YON,NON,3831,09:39,IC SRO,LA ROCHELLE VILLE,NANTEBORDO,FRLRH,08:36,FRXRO
3804,2023-06-10,SAINTES,NON,3831,12:07,IC SRO,BORDEAUX ST JEAN,NANTEBORDO,FRBOJ,10:34,FRXST
3805,2023-06-10,STUTTGART HBF,NON,9570,20:13,INTERNATIONAL,STRASBOURG,MUNSTUTPA,FRAEG,18:52,DESGT
3806,2023-06-10,PARIS (intramuros),NON,8483,09:45,ATLANTIQUE,LIBOURNE,PASUDOUEST,FRXLR,06:49,FRPMO
3807,2023-06-10,LIBOURNE,OUI,8483,10:17,ATLANTIQUE,BORDEAUX ST JEAN,PASUDOUEST,FRBOJ,09:48,FRXLR
3808,2023-06-10,GUINGAMP,OUI,8615,14:12,ATLANTIQUE,MORLAIX,PARISBRETA,FRMXN,13:40,FRGGP
3809,2023-06-10,GUINGAMP,OUI,8615,13:53,ATLANTIQUE,PLOUARET TREGOR,PARISBRETA,FRPLT,13:40,FRGGP
3810,2023-06-10,PARIS (intramuros),NON,8615,13:08,ATLANTIQUE,LAMBALLE,PARISBRETA,FRLAM,10:53,FRPMO
3811,2023-06-10,ST BRIEUC,NON,8615,14:49,ATLANTIQUE,BREST,PARISBRETA,FRBES,13:23,FRSBK
3812,2023-06-10,DIJON VILLE,NON,9213,16:26,INTERNATIONAL,ZUERICH HB,PABALZUR,CHAJD,14:01,FRABA
3813,2023-06-10,DIJON VILLE,NON,9213,15:26,INTERNATIONAL,BASEL SBB,PABALZUR,CHAJP,14:01,FRABA
3814,2023-06-10,VENDOME VILLIERS SUR LOIR,OUI,8313,17:35,ATLANTIQUE,ST PIERRE DES CORPS,PAROCHELLE,FRXSH,17:16,FRESL
3815,2023-06-10,PARIS (intramuros),OUI,8313,17:43,ATLANTIQUE,TOURS,PAROCHELLE,FRAFW,16:28,FRPMO
3816,2023-06-10,MASSY TGV,NON,5210,10:29,NORD,LE MANS,JCNORDBRET,FRAET,09:39,FRDJU
3817,2023-06-10,LILLE (intramuros),OUI,5210,08:42,NORD,AEROPORT CDG2 TGV ROISSY,JCNORDBRET,FRMLW,07:52,FRLLE
3818,2023-06-10,MARNE LA VALLEE CHESSY,NON,5210,11:17,NORD,RENNES,JCNORDBRET,FRRNS,09:02,FRMLV
3819,2023-06-10,AEROPORT CDG2 TGV ROISSY,NON,5210,09:34,NORD,MASSY TGV,JCNORDBRET,FRDJU,08:48,FRMLW
3820,2023-06-10,BRUXELLES MIDI BRUSSEL ZUID,OUI,9832,15:38,NORD,LILLE (intramuros),JCNORDBRET,FRLLE,15:03,BEBMI
3821,2023-06-10,MARNE LA VALLEE CHESSY,NON,9832,19:09,NORD,ANGERS ST LAUD,JCNORDBRET,FRACL,17:02,FRMLV
3822,2023-06-10,MARNE LA VALLEE CHESSY,NON,9832,18:29,NORD,LE MANS,JCNORDBRET,FRAET,17:02,FRMLV
3823,2023-06-10,AEROPORT CDG2 TGV ROISSY,NON,9832,19:09,NORD,ANGERS ST LAUD,JCNORDBRET,FRACL,16:49,FRMLW
3824,2023-06-10,AEROPORT CDG2 TGV ROISSY,NON,9832,16:58,NORD,MARNE LA VALLEE CHESSY,JCNORDBRET,FRMLV,16:49,FRMLW
3825,2023-06-10,BRUXELLES MIDI BRUSSEL ZUID,NON,9832,19:50,NORD,NANTES,JCNORDBRET,FRNTE,15:03,BEBMI
3826,2023-06-10,BRUXELLES MIDI BRUSSEL ZUID,NON,9832,17:33,NORD,MASSY TGV,JCNORDBRET,FRDJU,15:03,BEBMI
3827,2023-06-10,LYON (intramuros),OUI,6694,15:00,SUD EST,PARIS (intramuros),RHONEPARIS,FRPLY,13:04,FRLPD
3828,2023-06-10,PARIS (intramuros),NON,9765,12:09,INTERNATIONAL,BOURG EN BRESSE,PAGENEVE,FRXBK,10:16,FRPLY
3829,2023-06-10,POITIERS,OUI,8378,16:57,ATLANTIQUE,PARIS (intramuros),ROCHELLEPA,FRPMO,15:19,FRPIS
3830,2023-06-10,ST MAIXENT DEUX SEVRES,OUI,8378,15:50,ATLANTIQUE,ST PIERRE DES CORPS,ROCHELLEPA,FRXSH,14:46,FREJC
3831,2023-06-10,ST GAUDENS,NON,14143,14:20,IC SRO,ORTHEZ,SUDOUEST,FRGFI,12:24,FRFPH
3832,2023-06-10,TARBES,NON,14143,13:57,IC SRO,PAU,SUDOUEST,FRAEE,13:15,FRXTB
3833,2023-06-10,TARBES,NON,14143,13:29,IC SRO,LOURDES,SUDOUEST,FRLDE,13:15,FRXTB
3834,2023-06-10,TOULOUSE MATABIAU,NON,14143,14:20,IC SRO,ORTHEZ,SUDOUEST,FRGFI,11:35,FRXYT
3835,2023-06-10,TOULOUSE MATABIAU,NON,14143,13:29,IC SRO,LOURDES,SUDOUEST,FRLDE,11:35,FRXYT
3836,2023-06-10,TOULOUSE MATABIAU,NON,14143,13:13,IC SRO,TARBES,SUDOUEST,FRXTB,11:35,FRXYT
3837,2023-06-10,OFFENBOURG/OFFENBURG,NON,9584,10:05,EST,PARIS (intramuros),MULHSTRAPA,FRPST,07:46,DEZPA
3838,2023-06-10,FREIBURG BREISGAU HBF,OUI,9584,08:08,EST,STRASBOURG,MULHSTRAPA,FRAEG,07:07,DEFGB
3839,2023-06-10,RINGSHEIM/EU-PARK,NON,9584,10:05,EST,PARIS (intramuros),MULHSTRAPA,FRPST,07:29,DERSH
3840,2023-06-10,NEVERS,OUI,5955,12:34,IC ARO,CLERMONT FERRAND,PACLERMONT,FRCFE,10:59,FRNVS
3841,2023-06-10,PARIS (intramuros),OUI,5955,12:34,IC ARO,CLERMONT FERRAND,PACLERMONT,FRCFE,08:54,FRPLY
3842,2023-06-10,PARIS (intramuros),OUI,5955,12:23,IC ARO,RIOM CHATEL GUYON,PACLERMONT,FRRIO,08:54,FRPLY
3843,2023-06-10,VICHY,OUI,5955,12:34,IC ARO,CLERMONT FERRAND,PACLERMONT,FRCFE,12:03,FRVHY
3844,2023-06-10,VICHY,OUI,5955,12:23,IC ARO,RIOM CHATEL GUYON,PACLERMONT,FRRIO,12:03,FRVHY
3845,2023-06-10,LYON-SAINT EXUPERY TGV,OUI,6925,21:13,SUD EST,GRENOBLE,PAGRENOBLE,FRGNB,20:09,FRJDQ
3846,2023-06-10,HENDAYE,NON,8544,20:58,ATLANTIQUE,PARIS (intramuros),SUDOUESTPA,FRPMO,16:12,FRAEF
3847,2023-06-10,BIARRITZ,NON,8544,17:26,ATLANTIQUE,DAX,SUDOUESTPA,FRACG,16:39,FRBIQ
3848,2023-06-10,BIARRITZ,NON,8544,20:58,ATLANTIQUE,PARIS (intramuros),SUDOUESTPA,FRPMO,16:39,FRBIQ
3849,2023-06-10,BIARRITZ,OUI,8544,16:51,ATLANTIQUE,BAYONNE,SUDOUESTPA,FRXBY,16:39,FRBIQ
3850,2023-06-10,MASSY TGV,NON,8544,20:58,ATLANTIQUE,PARIS (intramuros),SUDOUESTPA,FRPMO,20:46,FRDJU
3851,2023-06-10,LYON (intramuros),OUI,9852,06:31,NORD,LE CREUSOT MONTCEAU MONTCHANIN,JCSUDNORD,FRXCC,05:50,FRLPD
3852,2023-06-10,LYON (intramuros),OUI,9852,09:43,NORD,BRUXELLES MIDI BRUSSEL ZUID,JCSUDNORD,BEBMI,05:37,FRLPE
3853,2023-06-10,LYON (intramuros),OUI,9852,08:01,NORD,AEROPORT CDG2 TGV ROISSY,JCSUDNORD,FRMLW,05:37,FRLPE
3854,2023-06-10,MARNE LA VALLEE CHESSY,OUI,9852,08:56,NORD,LILLE (intramuros),JCSUDNORD,FRLLE,07:50,FRMLV
3855,2023-06-10,MARNE LA VALLEE CHESSY,OUI,9852,08:01,NORD,AEROPORT CDG2 TGV ROISSY,JCSUDNORD,FRMLW,07:50,FRMLV
3856,2023-06-10,AEROPORT CDG2 TGV ROISSY,OUI,9852,08:56,NORD,LILLE (intramuros),JCSUDNORD,FRLLE,08:07,FRMLW
3857,2023-06-10,LE CREUSOT MONTCEAU MONTCHANIN,OUI,9852,08:56,NORD,LILLE (intramuros),JCSUDNORD,FRLLE,06:34,FRXCC
3858,2023-06-10,ANGOULEME,OUI,8485,17:42,ATLANTIQUE,BORDEAUX ST JEAN,PASUDOUEST,FRBOJ,16:37,FRANG
3859,2023-06-10,PARIS (intramuros),NON,3741,06:16,IC NUIT,ST GAUDENS,PARPALOMBE,FRFPH,21:41,FRPAZ
3860,2023-06-10,AIX EN PROVENCE TGV,NON,6122,18:22,SUD EST,PARIS (intramuros),PROVENCEPA,FRPLY,15:16,FRAIE
3861,2023-06-10,MARSEILLE ST CHARLES,NON,6122,15:35,SUD EST,AVIGNON TGV,PROVENCEPA,FRAVG,15:02,FRMSC
3862,2023-06-10,QUIMPER,OUI,8706,07:53,ATLANTIQUE,LORIENT,BRETAPARIS,FRLRT,07:21,FRUIP
3863,2023-06-10,AURAY,NON,8706,10:01,ATLANTIQUE,LAVAL,BRETAPARIS,FRACR,08:14,FRXUY
3864,2023-06-10,LAVAL,NON,8605,10:25,ATLANTIQUE,RENNES,PARISBRETA,FRRNS,09:58,FRACR
3865,2023-06-10,PARIS (intramuros),NON,8605,12:43,ATLANTIQUE,BREST,PARISBRETA,FRBES,08:40,FRPMO
3866,2023-06-10,PARIS (intramuros),NON,8605,11:08,ATLANTIQUE,LAMBALLE,PARISBRETA,FRLAM,08:40,FRPMO
3867,2023-06-10,PARIS (intramuros),NON,8605,12:08,ATLANTIQUE,MORLAIX,PARISBRETA,FRMXN,08:40,FRPMO
3868,2023-06-10,PARIS (intramuros),NON,8605,10:25,ATLANTIQUE,RENNES,PARISBRETA,FRRNS,08:40,FRPMO
3869,2023-06-10,MODANE,NON,9241,13:49,INTERNATIONAL,MILANO P GARIBALDI,PAITALIE,ITMPG,10:55,FRAGR
3870,2023-06-10,MODANE,NON,9241,11:23,INTERNATIONAL,OULX CESANA CLAV SESTRIERE,PAITALIE,ITOCS,10:55,FRAGR
3871,2023-06-10,CHAMBERY CHALLES LES EAUX,NON,9241,11:23,INTERNATIONAL,OULX CESANA CLAV SESTRIERE,PAITALIE,ITOCS,09:44,FRCMF
3872,2023-06-10,MACON LOCHE TGV,NON,9241,09:36,INTERNATIONAL,CHAMBERY CHALLES LES EAUX,PAITALIE,FRCMF,08:20,FRMLT
3873,2023-06-10,MACON LOCHE TGV,NON,9241,13:49,INTERNATIONAL,MILANO P GARIBALDI,PAITALIE,ITMPG,08:20,FRMLT
3874,2023-06-10,MACON LOCHE TGV,NON,9241,11:23,INTERNATIONAL,OULX CESANA CLAV SESTRIERE,PAITALIE,ITOCS,08:20,FRMLT
3875,2023-06-10,PARIS (intramuros),NON,9241,09:36,INTERNATIONAL,CHAMBERY CHALLES LES EAUX,PAITALIE,FRCMF,06:44,FRPLY
3876,2023-06-10,PARIS (intramuros),NON,9241,12:23,INTERNATIONAL,TORINO PORTA SUSA,PAITALIE,ITTRS,06:44,FRPLY
3877,2023-06-10,BRUXELLES MIDI BRUSSEL ZUID,OUI,9870,08:53,NORD,AEROPORT CDG2 TGV ROISSY,JCNORDEST,FRMLW,07:17,BEBMI
3878,2023-06-10,CHAMPAGNE-ARDENNE,NON,9870,10:25,NORD,LORRAINE TGV,JCNORDEST,FREAM,09:34,FREAH
3879,2023-06-10,LILLE (intramuros),OUI,9870,08:53,NORD,AEROPORT CDG2 TGV ROISSY,JCNORDEST,FRMLW,08:02,FRLLE
3880,2023-06-10,LILLE (intramuros),NON,9870,10:00,NORD,MEUSE TGV,JCNORDEST,FREAJ,08:02,FRLLE
3881,2023-06-10,CANNES,OUI,6173,14:39,SUD EST,ANTIBES,PAAZUR,FRXAT,14:30,FRJCA
3882,2023-06-10,PARIS (intramuros),NON,6173,14:25,SUD EST,CANNES,PAAZUR,FRJCA,09:08,FRPLY
3883,2023-06-10,PARIS (intramuros),NON,6173,13:12,SUD EST,TOULON,PAAZUR,FRTLN,09:08,FRPLY
3884,2023-06-10,TOULON,NON,6173,14:25,SUD EST,CANNES,PAAZUR,FRJCA,13:17,FRTLN
3885,2023-06-10,AIX EN PROVENCE TGV,OUI,9868,15:43,NORD,AVIGNON TGV,JCSUDNORD,FRAVG,15:24,FRAIE
3886,2023-06-10,AIX EN PROVENCE TGV,NON,9868,18:47,NORD,MARNE LA VALLEE CHESSY,JCSUDNORD,FRMLV,15:24,FRAIE
3887,2023-06-10,AIX EN PROVENCE TGV,NON,9868,19:01,NORD,AEROPORT CDG2 TGV ROISSY,JCSUDNORD,FRMLW,15:24,FRAIE
3888,2023-06-10,MARSEILLE ST CHARLES,OUI,9868,15:21,NORD,AIX EN PROVENCE TGV,JCSUDNORD,FRAIE,15:11,FRMSC
3889,2023-06-10,MARSEILLE ST CHARLES,OUI,9868,15:43,NORD,AVIGNON TGV,JCSUDNORD,FRAVG,15:11,FRMSC
3890,2023-06-10,METZ VILLE,OUI,2872,17:46,EST,CHAMPAGNE-ARDENNE,LUXMETZPA,FREAH,16:57,FRADE
3891,2023-06-10,THIONVILLE,OUI,2872,18:31,EST,PARIS (intramuros),LUXMETZPA,FRPST,16:34,FRXTH
3892,2023-06-10,BELFORT-MONTBELIARD TGV,NON,6709,20:12,SUD EST,MULHOUSE VILLE,PABOUR,FRAEK,19:49,FRTJA
3893,2023-06-10,BESANCON - F COMTE TGV,NON,6709,20:12,SUD EST,MULHOUSE VILLE,PABOUR,FRAEK,19:25,FRTJB
3894,2023-06-10,BESANCON - F COMTE TGV,NON,6709,19:46,SUD EST,BELFORT-MONTBELIARD TGV,PABOUR,FRTJA,19:25,FRTJB
3895,2023-06-10,ANGOULEME,OUI,8486,12:04,ATLANTIQUE,POITIERS,SUDOUESTPA,FRPIS,11:25,FRANG
3896,2023-06-10,BORDEAUX ST JEAN,OUI,8486,11:22,ATLANTIQUE,ANGOULEME,SUDOUESTPA,FRANG,10:12,FRBOJ
3897,2023-06-10,POITIERS,OUI,8486,13:37,ATLANTIQUE,PARIS (intramuros),SUDOUESTPA,FRPMO,12:15,FRPIS
3898,2023-06-10,LIBOURNE,OUI,8486,13:37,ATLANTIQUE,PARIS (intramuros),SUDOUESTPA,FRPMO,10:43,FRXLR
3899,2023-06-10,STRASBOURG,OUI,9879,14:18,EST,BELFORT-MONTBELIARD TGV,JCRHINRHON,FRTJA,13:06,FRAEG
3900,2023-06-10,STRASBOURG,NON,9879,14:41,EST,BESANCON - F COMTE TGV,JCRHINRHON,FRTJB,13:06,FRAEG
3901,2023-06-10,BESANCON - F COMTE TGV,NON,9879,18:53,EST,MONTPELLIER SUD DE FRANCE,JCRHINRHON,FRSUF,14:44,FRTJB
3902,2023-06-10,BELFORT-MONTBELIARD TGV,NON,9879,18:31,EST,NIMES PONT DU GARD,JCRHINRHON,FRXZP,14:21,FRTJA
3903,2023-06-10,LYON (intramuros),OUI,9879,18:31,EST,NIMES PONT DU GARD,JCRHINRHON,FRXZP,17:10,FRLPD
3904,2023-06-10,METZ VILLE,NON,9879,18:31,EST,NIMES PONT DU GARD,JCRHINRHON,FRXZP,12:12,FRADE
3905,2023-06-10,METZ VILLE,NON,2210,12:22,EST,PARIS (intramuros),LUXMETZPA,FRPST,10:58,FRADE
3906,2023-06-10,BELFORT-MONTBELIARD TGV,NON,9203,10:03,INTERNATIONAL,MULHOUSE VILLE,PABALZUR,FRAEK,09:41,FRTJA
3907,2023-06-10,CANNES,OUI,6074,12:33,SUD EST,MARSEILLE ST CHARLES,AZURPA,FRMSC,10:32,FRJCA
3908,2023-06-10,MARSEILLE ST CHARLES,NON,6074,15:50,SUD EST,PARIS (intramuros),AZURPA,FRPLY,12:47,FRMSC
3909,2023-06-10,NICE VILLE,OUI,6074,10:28,SUD EST,CANNES,AZURPA,FRJCA,09:57,FRNIC
3910,2023-06-10,NICE VILLE,OUI,6074,10:55,SUD EST,ST RAPHAEL VALESCURE,AZURPA,FRXSK,09:57,FRNIC
3911,2023-06-10,ANTIBES,NON,6074,15:50,SUD EST,PARIS (intramuros),AZURPA,FRPLY,10:16,FRXAT
3912,2023-06-10,ST RAPHAEL VALESCURE,OUI,6074,12:33,SUD EST,MARSEILLE ST CHARLES,AZURPA,FRMSC,10:58,FRXSK
3913,2023-06-10,BRUXELLES MIDI BRUSSEL ZUID,OUI,9838,17:28,NORD,LILLE (intramuros),JCNORDBRET,FRLLE,16:54,BEBMI
3914,2023-06-10,MARNE LA VALLEE CHESSY,OUI,9838,21:29,NORD,RENNES,JCNORDBRET,FRRNS,19:02,FRMLV
3915,2023-06-10,AEROPORT CDG2 TGV ROISSY,OUI,9838,18:58,NORD,MARNE LA VALLEE CHESSY,JCNORDBRET,FRMLV,18:49,FRMLW
3916,2023-06-10,TGV HAUTE PICARDIE,OUI,9838,21:01,NORD,LAVAL,JCNORDBRET,FRACR,18:15,FRTHP
3917,2023-06-10,DUNKERQUE,OUI,7344,22:08,NORD,PARIS (intramuros),ARRASPA,FRPNO,19:56,FRADI
3918,2023-06-10,LIBOURNE,OUI,8480,08:37,ATLANTIQUE,PARIS (intramuros),SUDOUESTPA,FRPMO,05:42,FRXLR
3919,2023-06-10,LYON (intramuros),NON,4502,10:37,IC SRO,ROANNE,JOURLYNNTE,FRRNE,09:34,FRLPD
3920,2023-06-10,LYON (intramuros),NON,4502,11:44,IC SRO,MOULINS SUR ALLIER,JOURLYNNTE,FRXMU,09:34,FRLPD
3921,2023-06-10,LYON (intramuros),NON,4502,14:25,IC SRO,ST PIERRE DES CORPS,JOURLYNNTE,FRXSH,09:34,FRLPD
3922,2023-06-10,LYON (intramuros),NON,4502,15:21,IC SRO,ANGERS ST LAUD,JOURLYNNTE,FRACL,09:20,FRLPE
3923,2023-06-10,LYON (intramuros),NON,4502,14:59,IC SRO,SAUMUR,JOURLYNNTE,FRACN,09:20,FRLPE
3924,2023-06-10,LYON (intramuros),NON,4502,12:14,IC SRO,NEVERS,JOURLYNNTE,FRNVS,09:20,FRLPE
3925,2023-06-10,LYON (intramuros),NON,4502,14:25,IC SRO,ST PIERRE DES CORPS,JOURLYNNTE,FRXSH,09:20,FRLPE
3926,2023-06-10,NEVERS,NON,4502,14:59,IC SRO,SAUMUR,JOURLYNNTE,FRACN,12:25,FRNVS
3927,2023-06-10,ROANNE,NON,4502,14:59,IC SRO,SAUMUR,JOURLYNNTE,FRACN,10:40,FRRNE
3928,2023-06-10,ROANNE,NON,4502,13:01,IC SRO,BOURGES,JOURLYNNTE,FRBOU,10:40,FRRNE
3929,2023-06-10,ROANNE,NON,4502,11:44,IC SRO,MOULINS SUR ALLIER,JOURLYNNTE,FRXMU,10:40,FRRNE
3930,2023-06-10,ST GERMAIN DES FOSSES,NON,4502,15:21,IC SRO,ANGERS ST LAUD,JOURLYNNTE,FRACL,11:19,FRSGF
3931,2023-06-10,ST GERMAIN DES FOSSES,NON,4502,16:04,IC SRO,NANTES,JOURLYNNTE,FRNTE,11:19,FRSGF
3932,2023-06-10,ST GERMAIN DES FOSSES,NON,4502,12:14,IC SRO,NEVERS,JOURLYNNTE,FRNVS,11:19,FRSGF
3933,2023-06-10,ST GERMAIN DES FOSSES,NON,4502,14:25,IC SRO,ST PIERRE DES CORPS,JOURLYNNTE,FRXSH,11:19,FRSGF
3934,2023-06-10,RENNES,OUI,8056,12:02,ATLANTIQUE,PARIS (intramuros),BRETAPARIS,FRPMO,10:28,FRRNS
3935,2023-06-10,ARVANT,NON,15941,14:08,IC SRO,MASSIAC BLESLE,NORESTJOU,FRHMY,13:49,FRARV
3936,2023-06-10,BRASSAC LES MINES STE FLORINE,NON,15941,13:48,IC SRO,ARVANT,NORESTJOU,FRARV,13:43,FRHLE
3937,2023-06-10,AIX EN PROVENCE TGV,OUI,9882,17:42,NORD,AVIGNON TGV,JCSUDNORD,FRAVG,17:22,FRAIE
3938,2023-06-10,AIX EN PROVENCE TGV,NON,9882,21:01,NORD,AEROPORT CDG2 TGV ROISSY,JCSUDNORD,FRMLW,17:22,FRAIE
3939,2023-06-10,AVIGNON TGV,NON,9882,20:47,NORD,MARNE LA VALLEE CHESSY,JCSUDNORD,FRMLV,17:45,FRAVG
3940,2023-06-10,LYON (intramuros),OUI,6626,19:00,SUD EST,PARIS (intramuros),RHONEPARIS,FRPLY,16:50,FRLPE
3941,2023-06-10,CHARLEVILLE MEZIERES,OUI,2726,11:45,EST,RETHEL,SEDBARPA,FRBDT,11:16,FRXCZ
3942,2023-06-10,CHARLEVILLE MEZIERES,NON,2726,13:01,EST,PARIS (intramuros),SEDBARPA,FRPST,11:16,FRXCZ
3943,2023-06-10,SEDAN,OUI,2726,11:45,EST,RETHEL,SEDBARPA,FRBDT,10:53,FRXSW
3944,2023-06-10,NEVERS,NON,5951,09:28,IC ARO,MOULINS SUR ALLIER,PACLERMONT,FRXMU,08:59,FRNVS
3945,2023-06-10,PARIS (intramuros),NON,5951,10:22,IC ARO,RIOM CHATEL GUYON,PACLERMONT,FRRIO,06:54,FRPLY
3946,2023-06-10,PARIS (intramuros),NON,5951,09:28,IC ARO,MOULINS SUR ALLIER,PACLERMONT,FRXMU,06:54,FRPLY
3947,2023-06-10,MOULINS SUR ALLIER,NON,5951,10:22,IC ARO,RIOM CHATEL GUYON,PACLERMONT,FRRIO,09:30,FRXMU
3948,2023-06-10,PARIS (intramuros),NON,2363,09:42,EST,COLMAR,PASTRAMULH,FRAEJ,07:20,FRPST
3949,2023-06-10,PARIS (intramuros),NON,9761,09:29,INTERNATIONAL,GENEVE,PAGENEVE,CHGVA,06:16,FRPLY
3950,2023-06-10,PARIS (intramuros),NON,9761,08:09,INTERNATIONAL,BOURG EN BRESSE,PAGENEVE,FRXBK,06:16,FRPLY
3951,2023-06-10,NICE VILLE,NON,6170,13:53,SUD EST,AVIGNON TGV,AZURPA,FRAVG,10:54,FRNIC
3952,2023-06-10,NICE VILLE,OUI,6170,11:29,SUD EST,CANNES,AZURPA,FRJCA,10:54,FRNIC
3953,2023-06-10,NICE VILLE,OUI,6170,12:43,SUD EST,TOULON,AZURPA,FRTLN,10:54,FRNIC
3954,2023-06-10,NICE VILLE,OUI,6170,11:55,SUD EST,ST RAPHAEL VALESCURE,AZURPA,FRXSK,10:54,FRNIC
3955,2023-06-10,ANTIBES,OUI,6170,12:43,SUD EST,TOULON,AZURPA,FRTLN,11:16,FRXAT
3956,2023-06-10,ST RAPHAEL VALESCURE,OUI,6170,12:43,SUD EST,TOULON,AZURPA,FRTLN,11:58,FRXSK
3957,2023-06-10,PARIS (intramuros),NON,2077,20:41,EST,STRASBOURG,PASTRAMULH,FRAEG,18:55,FRPST
3958,2023-06-10,CAUSSADE TARN ET GARONNE,NON,3750,06:50,IC NUIT,PARIS (intramuros),OCCITANPAR,FRPAZ,23:05,FRFTA
3959,2023-06-10,MONTAUBAN VILLE BOURBON,NON,3750,05:43,IC NUIT,LES AUBRAIS ORLEANS,OCCITANPAR,FRLAB,22:51,FRXMW
3960,2023-06-10,TOULOUSE MATABIAU,NON,3750,05:43,IC NUIT,LES AUBRAIS ORLEANS,OCCITANPAR,FRLAB,22:18,FRXYT
3961,2023-06-10,LILLE (intramuros),NON,9826,14:00,NORD,LYON (intramuros),JCNORDSUD,FRLPD,11:03,FRLLE
3962,2023-06-10,LILLE (intramuros),OUI,9826,11:53,NORD,AEROPORT CDG2 TGV ROISSY,JCNORDSUD,FRMLW,11:03,FRLLE
3963,2023-06-10,LYON (intramuros),OUI,9826,14:48,NORD,VALENCE TGV RHONE-ALPES SUD,JCNORDSUD,FRVLA,14:10,FRLPD
3964,2023-06-10,AEROPORT CDG2 TGV ROISSY,NON,9826,15:51,NORD,MONTPELLIER SUD DE FRANCE,JCNORDSUD,FRSUF,11:59,FRMLW
3965,2023-06-10,MARNE LA VALLEE CHESSY,NON,9826,15:30,NORD,NIMES PONT DU GARD,JCNORDSUD,FRXZP,12:13,FRMLV
3966,2023-06-10,BEZIERS,OUI,6225,22:56,SUD EST,PERPIGNAN,PALANG,FRPGF,22:06,FRBZR
3967,2023-06-10,BEZIERS,OUI,6225,22:20,SUD EST,NARBONNE,PALANG,FRXNA,22:06,FRBZR
3968,2023-06-10,NIMES,OUI,6225,22:03,SUD EST,BEZIERS,PALANG,FRBZR,20:46,FRFNI
3969,2023-06-10,VALENCE TGV RHONE-ALPES SUD,OUI,6225,22:56,SUD EST,PERPIGNAN,PALANG,FRPGF,19:56,FRVLA
3970,2023-06-10,AGDE,OUI,6225,22:20,SUD EST,NARBONNE,PALANG,FRXNA,21:51,FRXAG
3971,2023-06-10,PAU,OUI,8583,14:20,ATLANTIQUE,DAX,SUDOUESTPA,FRACG,13:29,FRAEE
3972,2023-06-10,PAU,NON,8583,15:40,ATLANTIQUE,BORDEAUX ST JEAN,SUDOUESTPA,FRBOJ,13:29,FRAEE
3973,2023-06-10,BORDEAUX ST JEAN,NON,8583,17:52,ATLANTIQUE,PARIS (intramuros),SUDOUESTPA,FRPMO,15:46,FRBOJ
3974,2023-06-10,LOURDES,OUI,8583,13:27,ATLANTIQUE,PAU,SUDOUESTPA,FRAEE,13:02,FRLDE
3975,2023-06-10,LOURDES,NON,8583,15:40,ATLANTIQUE,BORDEAUX ST JEAN,SUDOUESTPA,FRBOJ,13:02,FRLDE
3976,2023-06-10,MARSEILLE BLANCARDE,OUI,5772,07:57,IC NUIT,PARIS (intramuros),AZURPAR,FRPAZ,21:38,FRMBC
3977,2023-06-10,TOULON,OUI,5772,07:57,IC NUIT,PARIS (intramuros),AZURPAR,FRPAZ,20:55,FRTLN
3978,2023-06-10,ST RAPHAEL VALESCURE,OUI,5772,07:57,IC NUIT,PARIS (intramuros),AZURPAR,FRPAZ,20:02,FRXSK
3979,2023-06-10,LORRAINE TGV,NON,9403,09:59,EST,STRASBOURG,PASTRAMULH,FRAEG,09:22,FREAM
3980,2023-06-10,PARIS (intramuros),NON,9403,09:59,EST,STRASBOURG,PASTRAMULH,FRAEG,07:58,FRPST
3981,2023-06-10,STRASBOURG,OUI,9403,11:03,EST,LAHR SCHWARZW,PASTRAMULH,DEANL,10:07,FRAEG
3982,2023-06-10,STRASBOURG,OUI,9403,11:11,EST,RINGSHEIM/EU-PARK,PASTRAMULH,DERSH,10:07,FRAEG
3983,2023-06-10,CHAMPAGNE-ARDENNE,NON,9403,10:39,EST,OFFENBOURG/OFFENBURG,PASTRAMULH,DEZPA,08:41,FREAH
3984,2023-06-10,CHAMPAGNE-ARDENNE,NON,9403,11:03,EST,LAHR SCHWARZW,PASTRAMULH,DEANL,08:41,FREAH
3985,2023-06-10,MONTDAUPHIN GUILLESTRE,NON,5790,07:57,IC NUIT,PARIS (intramuros),BRIANCONPA,FRPAZ,20:33,FRIGZ
3986,2023-06-10,LYON (intramuros),NON,6614,13:00,SUD EST,PARIS (intramuros),RHONEPARIS,FRPLY,11:04,FRLPD
3987,2023-06-10,ST MAIXENT DEUX SEVRES,OUI,8370,08:37,ATLANTIQUE,PARIS (intramuros),ROCHELLEPA,FRPMO,06:37,FREJC
3988,2023-06-10,CARCASSONNE,OUI,6871,09:12,SUD EST,BEZIERS,JCSUDPROV,FRBZR,08:27,FRCCF
3989,2023-06-10,CARCASSONNE,NON,6871,11:50,SUD EST,LYON (intramuros),JCSUDPROV,FRLPD,08:27,FRCCF
3990,2023-06-10,SETE,NON,6871,11:50,SUD EST,LYON (intramuros),JCSUDPROV,FRLPD,09:39,FRXSY
3991,2023-06-10,MONTPELLIER SUD DE FRANCE,NON,6871,11:07,SUD EST,VALENCE TGV RHONE-ALPES SUD,JCSUDPROV,FRVLA,10:05,FRSUF
3992,2023-06-10,CARCASSONNE,NON,6871,09:55,SUD EST,MONTPELLIER SUD DE FRANCE,JCSUDPROV,FRSUF,08:27,FRCCF
3993,2023-06-10,MONTPELLIER SUD DE FRANCE,NON,6871,10:24,SUD EST,NIMES PONT DU GARD,JCSUDPROV,FRXZP,10:05,FRSUF
3994,2023-06-10,PARIS (intramuros),NON,12261,17:15,ATLANTIQUE,BORDEAUX ST JEAN,PASUDOUEST,FRBOJ,15:08,FRPMO
3995,2023-06-10,VENDOME VILLIERS SUR LOIR,OUI,8320,20:12,ATLANTIQUE,PARIS (intramuros),ROCHELLEPA,FRPMO,19:25,FRESL
3996,2023-06-10,LILLE (intramuros),NON,5113,09:53,NORD,AEROPORT CDG2 TGV ROISSY,JCNORDSUD,FRMLW,09:03,FRLLE
3997,2023-06-10,LYON (intramuros),NON,5113,13:28,NORD,AVIGNON TGV,JCNORDSUD,FRAVG,12:06,FRLPD
3998,2023-06-10,LYON (intramuros),NON,5113,12:45,NORD,VALENCE TGV RHONE-ALPES SUD,JCNORDSUD,FRVLA,12:06,FRLPD
3999,2023-06-10,MARNE LA VALLEE CHESSY,NON,5113,12:45,NORD,VALENCE TGV RHONE-ALPES SUD,JCNORDSUD,FRVLA,10:13,FRMLV
4000,2023-06-10,AEROPORT CDG2 TGV ROISSY,NON,5113,12:00,NORD,LYON (intramuros),JCNORDSUD,FRLPD,09:59,FRMLW
4001,2023-06-10,AEROPORT CDG2 TGV ROISSY,NON,5113,12:45,NORD,VALENCE TGV RHONE-ALPES SUD,JCNORDSUD,FRVLA,09:59,FRMLW
4002,2023-06-10,VALENCE TGV RHONE-ALPES SUD,NON,5113,13:28,NORD,AVIGNON TGV,JCNORDSUD,FRAVG,12:56,FRVLA
4003,2023-06-10,PARIS (intramuros),NON,5789,04:42,IC NUIT,CREST,PABRIANCON,FRCRE,20:48,FRPAZ
4004,2023-06-10,PARIS (intramuros),NON,5789,05:20,IC NUIT,DIE,PABRIANCON,FRDIE,20:48,FRPAZ
4005,2023-06-10,PARIS (intramuros),NON,5789,06:53,IC NUIT,GAP,PABRIANCON,FRGAT,20:48,FRPAZ
4006,2023-06-10,PARIS (intramuros),NON,5789,07:50,IC NUIT,MONTDAUPHIN GUILLESTRE,PABRIANCON,FRIGZ,20:48,FRPAZ
4007,2023-06-10,PARIS (intramuros),NON,5789,06:27,IC NUIT,VEYNES DEVOLUY,PABRIANCON,FRVDY,20:48,FRPAZ
4008,2023-06-10,POITIERS,OUI,8437,12:23,ATLANTIQUE,ANGOULEME,PASUDOUEST,FRANG,11:44,FRPIS
4009,2023-06-10,ST PIERRE DES CORPS,OUI,8437,11:41,ATLANTIQUE,POITIERS,PASUDOUEST,FRPIS,11:11,FRXSH
4010,2023-06-10,BEZIERS,NON,9704,17:08,SUD EST,AGDE,BARCELONEPA,FRXAG,16:58,FRBZR
4011,2023-06-10,BEZIERS,NON,9704,17:24,SUD EST,SETE,BARCELONEPA,FRXSY,16:58,FRBZR
4012,2023-06-10,NIMES,NON,9704,21:18,SUD EST,PARIS (intramuros),BARCELONEPA,FRPLY,18:20,FRFNI
4013,2023-06-10,NIMES,NON,9704,19:03,SUD EST,VALENCE TGV RHONE-ALPES SUD,BARCELONEPA,FRVLA,18:20,FRFNI
4014,2023-06-10,MONTPELLIER SAINT-ROCH,NON,9704,21:18,SUD EST,PARIS (intramuros),BARCELONEPA,FRPLY,17:51,FRMPL
4015,2023-06-10,MONTPELLIER SAINT-ROCH,NON,9704,19:03,SUD EST,VALENCE TGV RHONE-ALPES SUD,BARCELONEPA,FRVLA,17:51,FRMPL
4016,2023-06-10,PERPIGNAN,NON,9704,17:08,SUD EST,AGDE,BARCELONEPA,FRXAG,16:04,FRPGF
4017,2023-06-10,PERPIGNAN,NON,9704,17:24,SUD EST,SETE,BARCELONEPA,FRXSY,16:04,FRPGF
4018,2023-06-10,AGDE,NON,9704,18:16,SUD EST,NIMES,BARCELONEPA,FRFNI,17:11,FRXAG
4019,2023-06-10,AGDE,NON,9704,17:43,SUD EST,MONTPELLIER SAINT-ROCH,BARCELONEPA,FRMPL,17:11,FRXAG
4020,2023-06-10,AGDE,NON,9704,21:18,SUD EST,PARIS (intramuros),BARCELONEPA,FRPLY,17:11,FRXAG
4021,2023-06-10,AGDE,NON,9704,19:03,SUD EST,VALENCE TGV RHONE-ALPES SUD,BARCELONEPA,FRVLA,17:11,FRXAG
4022,2023-06-10,NARBONNE,NON,9704,21:18,SUD EST,PARIS (intramuros),BARCELONEPA,FRPLY,16:42,FRXNA
4023,2023-06-10,SETE,NON,9704,17:43,SUD EST,MONTPELLIER SAINT-ROCH,BARCELONEPA,FRMPL,17:27,FRXSY
4024,2023-06-10,FIGUERES VILA TGV,NON,9704,15:54,SUD EST,PERPIGNAN,BARCELONEPA,FRPGF,15:30,ESFIR
4025,2023-06-10,BARCELONA SANTS,NON,9704,15:54,SUD EST,PERPIGNAN,BARCELONEPA,FRPGF,14:32,ESBST
4026,2023-06-10,BARCELONA SANTS,NON,9704,17:43,SUD EST,MONTPELLIER SAINT-ROCH,BARCELONEPA,FRMPL,14:32,ESBST
4027,2023-06-10,GIRONA,NON,9704,17:43,SUD EST,MONTPELLIER SAINT-ROCH,BARCELONEPA,FRMPL,15:13,ESGRO
4028,2023-06-10,GIRONA,NON,9704,17:08,SUD EST,AGDE,BARCELONEPA,FRXAG,15:13,ESGRO
4029,2023-06-10,GIRONA,NON,9704,16:39,SUD EST,NARBONNE,BARCELONEPA,FRXNA,15:13,ESGRO
4030,2023-06-10,GIRONA,NON,9704,15:54,SUD EST,PERPIGNAN,BARCELONEPA,FRPGF,15:13,ESGRO
4031,2023-06-10,FIGUERES VILA TGV,NON,9704,17:24,SUD EST,SETE,BARCELONEPA,FRXSY,15:30,ESFIR
4032,2023-06-10,SAUMUR,OUI,5358,23:09,SUD EST,NANTES,JCSUDATL,FRNTE,22:09,FRACN
4033,2023-06-10,MASSY TGV,OUI,5358,23:09,SUD EST,NANTES,JCSUDATL,FRNTE,20:35,FRDJU
4034,2023-06-10,MASSY TGV,OUI,5358,21:28,SUD EST,ST PIERRE DES CORPS,JCSUDATL,FRXSH,20:35,FRDJU
4035,2023-06-10,VALENCE TGV RHONE-ALPES SUD,OUI,5358,22:29,SUD EST,ANGERS ST LAUD,JCSUDATL,FRACL,17:42,FRVLA
4036,2023-06-10,VALENCE TGV RHONE-ALPES SUD,OUI,5358,23:09,SUD EST,NANTES,JCSUDATL,FRNTE,17:42,FRVLA
4037,2023-06-10,ST PIERRE DES CORPS,OUI,5358,22:29,SUD EST,ANGERS ST LAUD,JCSUDATL,FRACL,21:32,FRXSH
4038,2023-06-10,ST PIERRE DES CORPS,OUI,5358,22:06,SUD EST,SAUMUR,JCSUDATL,FRACN,21:32,FRXSH
4039,2023-06-10,UZERCHE,OUI,3634,10:08,IC ARO,CHATEAUROUX,TOULOUZECO,FRCHR,08:16,FRAAW
4040,2023-06-10,LIMOGES BENEDICTINS,OUI,3634,12:18,IC ARO,PARIS (intramuros),TOULOUZECO,FRPAZ,08:55,FRAGQ
4041,2023-06-10,CHATEAUROUX,OUI,3634,12:18,IC ARO,PARIS (intramuros),TOULOUZECO,FRPAZ,10:10,FRCHR
4042,2023-06-10,CHATEAUROUX,OUI,3634,10:44,IC ARO,VIERZON VILLE,TOULOUZECO,FRXVZ,10:10,FRCHR
4043,2023-06-10,ARGENTON SUR CREUSE,OUI,3634,10:44,IC ARO,VIERZON VILLE,TOULOUZECO,FRXVZ,09:53,FRFMT
4044,2023-06-10,VIERZON VILLE,OUI,3634,12:18,IC ARO,PARIS (intramuros),TOULOUZECO,FRPAZ,10:46,FRXVZ
4045,2023-06-10,CAHORS,OUI,3634,10:08,IC ARO,CHATEAUROUX,TOULOUZECO,FRCHR,06:39,FRZAO
4046,2023-06-10,CAHORS,OUI,3634,07:04,IC ARO,GOURDON,TOULOUZECO,FRFSI,06:39,FRZAO
4047,2023-06-10,GOURDON,OUI,3634,09:52,IC ARO,ARGENTON SUR CREUSE,TOULOUZECO,FRFMT,07:06,FRFSI
4048,2023-06-10,GOURDON,OUI,3634,09:27,IC ARO,LA SOUTERRAINE,TOULOUZECO,FRLST,07:06,FRFSI
4049,2023-06-10,GOURDON,OUI,3634,08:15,IC ARO,UZERCHE,TOULOUZECO,FRAAW,07:06,FRFSI
4050,2023-06-10,PAU,NON,14142,13:26,IC SRO,MONTREJEAU GOURDAN POLIGNAN,SUDOUEST,FRMTJ,12:09,FRAEE
4051,2023-06-10,HENDAYE,NON,14142,10:52,IC SRO,BAYONNE,SUDOUEST,FRXBY,10:19,FRAEF
4052,2023-06-10,HENDAYE,NON,14142,12:50,IC SRO,TARBES,SUDOUEST,FRXTB,10:19,FRAEF
4053,2023-06-10,TARBES,NON,14142,13:26,IC SRO,MONTREJEAU GOURDAN POLIGNAN,SUDOUEST,FRMTJ,12:53,FRXTB
4054,2023-06-10,ST JEAN DE LUZ CIBOURE,NON,14142,13:26,IC SRO,MONTREJEAU GOURDAN POLIGNAN,SUDOUEST,FRMTJ,10:30,FRXJZ
4055,2023-06-10,HENDAYE,OUI,8536,11:49,ATLANTIQUE,BAYONNE,SUDOUESTPA,FRXBY,11:12,FRAEF
4056,2023-06-10,HENDAYE,OUI,8536,11:22,ATLANTIQUE,ST JEAN DE LUZ CIBOURE,SUDOUESTPA,FRXJZ,11:12,FRAEF
4057,2023-06-10,BIARRITZ,OUI,8536,13:40,ATLANTIQUE,BORDEAUX ST JEAN,SUDOUESTPA,FRBOJ,11:37,FRBIQ
4058,2023-06-10,BORDEAUX ST JEAN,NON,8536,15:52,ATLANTIQUE,PARIS (intramuros),SUDOUESTPA,FRPMO,13:46,FRBOJ
4059,2023-06-10,BAYONNE,OUI,8536,13:40,ATLANTIQUE,BORDEAUX ST JEAN,SUDOUESTPA,FRBOJ,11:52,FRXBY
4060,2023-06-10,ST JEAN DE LUZ CIBOURE,OUI,8536,12:23,ATLANTIQUE,DAX,SUDOUESTPA,FRACG,11:25,FRXJZ
4061,2023-06-10,BETHUNE,OUI,7322,15:08,NORD,PARIS (intramuros),ARRASPA,FRPNO,13:43,FRXBH
4062,2023-06-10,LENS,OUI,7322,15:08,NORD,PARIS (intramuros),ARRASPA,FRPNO,13:57,FRXLE
4063,2023-06-10,CHAMBERY CHALLES LES EAUX,NON,6972,14:35,SUD EST,MACON LOCHE TGV,ALPESPARIS,FRMLT,13:24,FRCMF
4064,2023-06-10,BORDEAUX ST JEAN,OUI,8571,11:21,ATLANTIQUE,LOURDES,PASUDOUEST,FRLDE,08:54,FRBOJ
4065,2023-06-10,MASSY TGV,NON,8571,10:03,ATLANTIQUE,DAX,PASUDOUEST,FRACG,06:47,FRDJU
4066,2023-06-10,PARIS (intramuros),OUI,8571,06:44,ATLANTIQUE,MASSY TGV,PASUDOUEST,FRDJU,06:34,FRPMO
4067,2023-06-10,MASSY TGV,NON,8571,11:21,ATLANTIQUE,LOURDES,PASUDOUEST,FRLDE,06:47,FRDJU
4068,2023-06-10,VENDOME VILLIERS SUR LOIR,OUI,8345,20:32,ATLANTIQUE,POITIERS,PAROCHELLE,FRPIS,19:16,FRESL
4069,2023-06-10,ST PIERRE DES CORPS,OUI,8345,20:10,ATLANTIQUE,CHATELLERAULT,PAROCHELLE,FRXCX,19:44,FRXSH
4070,2023-06-10,SURGERES,OUI,8362,10:35,ATLANTIQUE,ST PIERRE DES CORPS,ROCHELLEPA,FRXSH,09:08,FREIP
4071,2023-06-10,NIORT,OUI,8362,11:40,ATLANTIQUE,PARIS (intramuros),ROCHELLEPA,FRPMO,09:29,FRNIT
4072,2023-06-10,MONTAUBAN VILLE BOURBON,OUI,3750,05:43,IC NUIT,LES AUBRAIS ORLEANS,OCCITANPAR,FRLAB,22:51,FRXMW
4073,2023-06-10,CAHORS,OUI,3750,05:43,IC NUIT,LES AUBRAIS ORLEANS,OCCITANPAR,FRLAB,23:33,FRZAO
4074,2023-06-10,CAHORS,OUI,3750,06:50,IC NUIT,PARIS (intramuros),OCCITANPAR,FRPAZ,23:33,FRZAO
4075,2023-06-10,NIMES,NON,5062,10:10,NORD,VALENCE TGV RHONE-ALPES SUD,JCSUDNORD,FRVLA,09:25,FRFNI
4076,2023-06-10,LYON (intramuros),NON,5062,14:24,NORD,LILLE (intramuros),JCSUDNORD,FRLLE,11:00,FRLPD
4077,2023-06-10,AEROPORT CDG2 TGV ROISSY,NON,5062,13:34,NORD,TGV HAUTE PICARDIE,JCSUDNORD,FRTHP,13:07,FRMLW
4078,2023-06-10,MONTPELLIER SAINT-ROCH,NON,5062,14:24,NORD,LILLE (intramuros),JCSUDNORD,FRLLE,08:57,FRMPL
4079,2023-06-10,ARRAS,NON,5062,14:24,NORD,LILLE (intramuros),JCSUDNORD,FRLLE,14:03,FRQRV
4080,2023-06-10,METZ VILLE,NON,2654,08:50,EST,PARIS (intramuros),LUXMETZPA,FRPST,07:26,FRADE
4081,2023-06-10,BOURGES,NON,4504,17:32,IC SRO,SAUMUR,JOURLYNNTE,FRACN,15:30,FRBOU
4082,2023-06-10,BOURGES,NON,4504,18:38,IC SRO,NANTES,JOURLYNNTE,FRNTE,15:30,FRBOU
4083,2023-06-10,BOURGES,NON,4504,15:48,IC SRO,VIERZON VILLE,JOURLYNNTE,FRXVZ,15:30,FRBOU
4084,2023-06-10,LYON (intramuros),NON,4504,13:03,IC SRO,ROANNE,JOURLYNNTE,FRRNE,12:00,FRLPD
4085,2023-06-10,LYON (intramuros),NON,4504,13:43,IC SRO,ST GERMAIN DES FOSSES,JOURLYNNTE,FRSGF,12:00,FRLPD
4086,2023-06-10,LYON (intramuros),NON,4504,15:48,IC SRO,VIERZON VILLE,JOURLYNNTE,FRXVZ,12:00,FRLPD
4087,2023-06-10,LYON (intramuros),NON,4504,18:38,IC SRO,NANTES,JOURLYNNTE,FRNTE,11:47,FRLPE
4088,2023-06-10,LYON (intramuros),NON,4504,14:09,IC SRO,MOULINS SUR ALLIER,JOURLYNNTE,FRXMU,11:47,FRLPE
4089,2023-06-10,ROANNE,NON,4504,17:32,IC SRO,SAUMUR,JOURLYNNTE,FRACN,13:06,FRRNE
4090,2023-06-10,ROANNE,NON,4504,14:09,IC SRO,MOULINS SUR ALLIER,JOURLYNNTE,FRXMU,13:06,FRRNE
4091,2023-06-10,ST GERMAIN DES FOSSES,NON,4504,17:54,IC SRO,ANGERS ST LAUD,JOURLYNNTE,FRACL,13:45,FRSGF
4092,2023-06-10,ST GERMAIN DES FOSSES,NON,4504,15:28,IC SRO,BOURGES,JOURLYNNTE,FRBOU,13:45,FRSGF
4093,2023-06-10,ST GERMAIN DES FOSSES,NON,4504,14:39,IC SRO,NEVERS,JOURLYNNTE,FRNVS,13:45,FRSGF
4094,2023-06-10,ST GERMAIN DES FOSSES,NON,4504,14:09,IC SRO,MOULINS SUR ALLIER,JOURLYNNTE,FRXMU,13:45,FRSGF
4095,2023-06-10,MOULINS SUR ALLIER,NON,4504,17:54,IC SRO,ANGERS ST LAUD,JOURLYNNTE,FRACL,14:11,FRXMU
4096,2023-06-10,VIERZON VILLE,NON,4504,17:54,IC SRO,ANGERS ST LAUD,JOURLYNNTE,FRACL,15:50,FRXVZ
4097,2023-06-10,VIERZON VILLE,NON,4504,18:38,IC SRO,NANTES,JOURLYNNTE,FRNTE,15:50,FRXVZ
4098,2023-06-10,DAX,OUI,8574,18:54,ATLANTIQUE,LOURDES,PASUDOUEST,FRLDE,17:36,FRACG
4099,2023-06-10,PAU,OUI,8574,18:54,ATLANTIQUE,LOURDES,PASUDOUEST,FRLDE,18:28,FRAEE
4100,2023-06-10,BORDEAUX ST JEAN,OUI,8574,18:02,ATLANTIQUE,ORTHEZ,PASUDOUEST,FRGFI,16:21,FRBOJ
4101,2023-06-10,MASSY TGV,NON,8574,18:25,ATLANTIQUE,PAU,PASUDOUEST,FRAEE,14:15,FRDJU
4102,2023-06-10,PARIS (intramuros),NON,8574,17:28,ATLANTIQUE,DAX,PASUDOUEST,FRACG,14:03,FRPMO
4103,2023-06-10,PARIS (intramuros),NON,8574,18:25,ATLANTIQUE,PAU,PASUDOUEST,FRAEE,14:03,FRPMO
4104,2023-06-10,PARIS (intramuros),NON,8574,14:12,ATLANTIQUE,MASSY TGV,PASUDOUEST,FRDJU,14:03,FRPMO
4105,2023-06-10,MASSY TGV,NON,8574,18:54,ATLANTIQUE,LOURDES,PASUDOUEST,FRLDE,14:15,FRDJU
4106,2023-06-10,LES AUBRAIS ORLEANS,NON,3755,05:45,IC NUIT,CAPDENAC,PAVERMEIL,FRCDC,23:32,FRLAB
4107,2023-06-10,LES AUBRAIS ORLEANS,NON,3755,05:19,IC NUIT,ASSIER,PAVERMEIL,FRFSD,23:32,FRLAB
4108,2023-06-10,PARIS (intramuros),NON,3755,06:07,IC NUIT,AUBIN,PAVERMEIL,FRFSQ,22:12,FRPAZ
4109,2023-06-10,PARIS (intramuros),NON,3755,06:25,IC NUIT,ST CHRISTOPHE,PAVERMEIL,FRFST,22:12,FRPAZ
4110,2023-06-10,AGEN,NON,4661,14:07,IC ARO,MONTAUBAN VILLE BOURBON,TJOURSOSE,FRXMW,13:32,FRAGF
4111,2023-06-10,AGEN,NON,4661,15:58,IC ARO,NARBONNE,TJOURSOSE,FRXNA,13:32,FRAGF
4112,2023-06-10,AGEN,NON,4661,14:40,IC ARO,TOULOUSE MATABIAU,TJOURSOSE,FRXYT,13:32,FRAGF
4113,2023-06-10,BORDEAUX ST JEAN,NON,4661,15:28,IC ARO,CARCASSONNE,TJOURSOSE,FRCCF,12:28,FRBOJ
4114,2023-06-10,BORDEAUX ST JEAN,NON,4661,14:07,IC ARO,MONTAUBAN VILLE BOURBON,TJOURSOSE,FRXMW,12:28,FRBOJ
4115,2023-06-10,BEZIERS,NON,4661,17:20,IC ARO,NIMES,TJOURSOSE,FRFNI,16:17,FRBZR
4116,2023-06-10,BEZIERS,OUI,4661,16:52,IC ARO,MONTPELLIER SAINT-ROCH,TJOURSOSE,FRMPL,16:17,FRBZR
4117,2023-06-10,CARCASSONNE,NON,4661,19:26,IC ARO,MARSEILLE ST CHARLES,TJOURSOSE,FRMSC,15:30,FRCCF
4118,2023-06-10,NARBONNE,NON,4661,16:14,IC ARO,BEZIERS,TJOURSOSE,FRBZR,16:01,FRXNA
4119,2023-06-10,TOULOUSE MATABIAU,NON,4661,15:28,IC ARO,CARCASSONNE,TJOURSOSE,FRCCF,14:45,FRXYT
4120,2023-06-10,TOULOUSE MATABIAU,NON,4661,17:20,IC ARO,NIMES,TJOURSOSE,FRFNI,14:45,FRXYT
4121,2023-06-10,AIX EN PROVENCE TGV,NON,6132,19:37,SUD EST,AVIGNON TGV,PROVENCEPA,FRAVG,19:18,FRAIE
4122,2023-06-10,AIX EN PROVENCE TGV,NON,6132,22:22,SUD EST,PARIS (intramuros),PROVENCEPA,FRPLY,19:18,FRAIE
4123,2023-06-10,AVIGNON TGV,NON,6132,22:22,SUD EST,PARIS (intramuros),PROVENCEPA,FRPLY,19:40,FRAVG
4124,2023-06-10,MARSEILLE ST CHARLES,NON,6132,22:22,SUD EST,PARIS (intramuros),PROVENCEPA,FRPLY,19:04,FRMSC
4125,2023-06-10,LYON (intramuros),NON,6634,23:09,SUD EST,PARIS (intramuros),RHONEPARIS,FRPLY,20:49,FRLPE
4126,2023-06-10,LYON (intramuros),NON,6634,21:45,SUD EST,LE CREUSOT MONTCEAU MONTCHANIN,RHONEPARIS,FRXCC,20:49,FRLPE
4127,2023-06-10,ANGERS ST LAUD,NON,8875,15:54,ATLANTIQUE,NANTES,PARISLOIRE,FRNTE,15:17,FRACL
4128,2023-06-10,PARIS (intramuros),NON,8875,15:54,ATLANTIQUE,NANTES,PARISLOIRE,FRNTE,13:32,FRPMO
4129,2023-06-10,JONZAC,NON,3835,20:12,IC SRO,BORDEAUX ST JEAN,NANTEBORDO,FRBOJ,19:11,FREMR
4130,2023-06-10,LUCON,NON,3835,18:03,IC SRO,ROCHEFORT,NANTEBORDO,FRRCO,17:00,FRLCN
4131,2023-06-10,LUCON,NON,3835,18:32,IC SRO,SAINTES,NANTEBORDO,FRXST,17:00,FRLCN
4132,2023-06-10,LA ROCHELLE VILLE,NON,3835,20:12,IC SRO,BORDEAUX ST JEAN,NANTEBORDO,FRBOJ,17:43,FRLRH
4133,2023-06-10,LA ROCHELLE VILLE,NON,3835,18:32,IC SRO,SAINTES,NANTEBORDO,FRXST,17:43,FRLRH
4134,2023-06-10,NANTES,NON,3835,16:58,IC SRO,LUCON,NANTEBORDO,FRLCN,15:55,FRNTE
4135,2023-06-10,NANTES,NON,3835,16:35,IC SRO,LA ROCHE SUR YON,NANTEBORDO,FRXRO,15:55,FRNTE
4136,2023-06-10,LA ROCHE SUR YON,NON,3835,16:58,IC SRO,LUCON,NANTEBORDO,FRLCN,16:36,FRXRO
4137,2023-06-10,NANCY,OUI,2550,21:05,EST,PARIS (intramuros),NANCYPA,FRPST,19:20,FRENC
4138,2023-06-10,QUIMPER,NON,8190,14:48,ATLANTIQUE,REDON,BRETAPARIS,FRXRN,13:14,FRUIP
4139,2023-06-10,REDON,OUI,8190,15:25,ATLANTIQUE,RENNES,BRETAPARIS,FRRNS,14:50,FRXRN
4140,2023-06-10,AURAY,NON,8190,17:08,ATLANTIQUE,PARIS (intramuros),BRETAPARIS,FRPMO,14:09,FRXUY
4141,2023-06-10,AURAY,NON,8190,14:19,ATLANTIQUE,VANNES,BRETAPARIS,FRVNE,14:09,FRXUY
4142,2023-06-10,AGEN,NON,8504,10:40,ATLANTIQUE,BORDEAUX ST JEAN,SUDOUESTPA,FRBOJ,09:35,FRAGF
4143,2023-06-10,TOULOUSE MATABIAU,NON,8504,10:40,ATLANTIQUE,BORDEAUX ST JEAN,SUDOUESTPA,FRBOJ,08:23,FRXYT
4144,2023-06-10,BOURG EN BRESSE,NON,9773,15:30,INTERNATIONAL,GENEVE,PAGENEVE,CHGVA,14:12,FRXBK
4145,2023-06-10,PARIS (intramuros),OUI,7171,15:35,NORD,VALENCIENNES,PAARRAS,FRXVS,13:52,FRPNO
4146,2023-06-10,MARSEILLE ST CHARLES,NON,6124,19:22,SUD EST,PARIS (intramuros),AZURPA,FRPLY,16:04,FRMSC
4147,2023-06-10,TOULON,NON,6124,16:16,SUD EST,AIX EN PROVENCE TGV,AZURPA,FRAIE,15:07,FRTLN
4148,2023-06-10,TOULON,NON,6124,19:22,SUD EST,PARIS (intramuros),AZURPA,FRPLY,15:07,FRTLN
4149,2023-06-10,HYERES,NON,6124,16:16,SUD EST,AIX EN PROVENCE TGV,AZURPA,FRAIE,14:50,FRXHE
4150,2023-06-10,HYERES,OUI,6124,15:50,SUD EST,MARSEILLE ST CHARLES,AZURPA,FRMSC,14:50,FRXHE
4151,2023-06-10,HYERES,NON,6124,19:22,SUD EST,PARIS (intramuros),AZURPA,FRPLY,14:50,FRXHE
4152,2023-06-10,DAX,OUI,8540,17:52,ATLANTIQUE,PARIS (intramuros),SUDOUESTPA,FRPMO,14:29,FRACG
4153,2023-06-10,HENDAYE,OUI,8540,13:35,ATLANTIQUE,BIARRITZ,SUDOUESTPA,FRBIQ,13:12,FRAEF
4154,2023-06-10,BIARRITZ,OUI,8540,15:40,ATLANTIQUE,BORDEAUX ST JEAN,SUDOUESTPA,FRBOJ,13:38,FRBIQ
4155,2023-06-10,BAYONNE,OUI,8540,14:24,ATLANTIQUE,DAX,SUDOUESTPA,FRACG,13:53,FRXBY
4156,2023-06-10,ST JEAN DE LUZ CIBOURE,OUI,8540,15:40,ATLANTIQUE,BORDEAUX ST JEAN,SUDOUESTPA,FRBOJ,13:25,FRXJZ
4157,2023-06-10,ST JEAN DE LUZ CIBOURE,OUI,8540,17:52,ATLANTIQUE,PARIS (intramuros),SUDOUESTPA,FRPMO,13:25,FRXJZ
4158,2023-06-10,PARIS (intramuros),NON,6711,20:31,SUD EST,DIJON VILLE,PABOUR,FRABA,18:50,FRPLY
4159,2023-06-10,PARIS (intramuros),NON,6711,21:55,SUD EST,MULHOUSE VILLE,PABOUR,FRAEK,18:50,FRPLY
4160,2023-06-10,PARIS (intramuros),NON,6711,21:29,SUD EST,BELFORT-MONTBELIARD TGV,PABOUR,FRTJA,18:50,FRPLY
4161,2023-06-10,BESANCON - F COMTE TGV,NON,6711,21:29,SUD EST,BELFORT-MONTBELIARD TGV,PABOUR,FRTJA,21:08,FRTJB
4162,2023-06-10,PARIS (intramuros),NON,9763,11:00,INTERNATIONAL,BELLEGARDE,PAGENEVE,FRXBF,08:16,FRPLY
4163,2023-06-10,JONZAC,NON,3837,22:08,IC SRO,BORDEAUX ST JEAN,NANTEBORDO,FRBOJ,21:11,FREMR
4164,2023-06-10,LUCON,NON,3837,20:03,IC SRO,ROCHEFORT,NANTEBORDO,FRRCO,19:00,FRLCN
4165,2023-06-10,LUCON,NON,3837,20:32,IC SRO,SAINTES,NANTEBORDO,FRXST,19:00,FRLCN
4166,2023-06-10,LA ROCHELLE VILLE,NON,3837,22:08,IC SRO,BORDEAUX ST JEAN,NANTEBORDO,FRBOJ,19:43,FRLRH
4167,2023-06-10,NANTES,NON,3837,22:08,IC SRO,BORDEAUX ST JEAN,NANTEBORDO,FRBOJ,17:55,FRNTE
4168,2023-06-10,NANTES,NON,3837,20:03,IC SRO,ROCHEFORT,NANTEBORDO,FRRCO,17:55,FRNTE
4169,2023-06-10,ROCHEFORT,NON,3837,21:10,IC SRO,JONZAC,NANTEBORDO,FREMR,20:05,FRRCO
4170,2023-06-10,LA ROCHE SUR YON,NON,3837,21:10,IC SRO,JONZAC,NANTEBORDO,FREMR,18:36,FRXRO
4171,2023-06-10,LA ROCHE SUR YON,NON,3837,20:03,IC SRO,ROCHEFORT,NANTEBORDO,FRRCO,18:36,FRXRO
4172,2023-06-10,SAINTES,NON,3837,21:10,IC SRO,JONZAC,NANTEBORDO,FREMR,20:34,FRXST
4173,2023-06-10,LAVAL,NON,8723,17:55,ATLANTIQUE,LORIENT,PARISBRETA,FRLRT,16:00,FRACR
4174,2023-06-10,LAVAL,NON,8723,18:40,ATLANTIQUE,QUIMPER,PARISBRETA,FRUIP,16:00,FRACR
4175,2023-06-10,PARIS (intramuros),NON,8723,18:25,ATLANTIQUE,ROSPORDEN,PARISBRETA,FRRSP,14:41,FRPMO
4176,2023-06-10,RENNES,NON,8723,18:09,ATLANTIQUE,QUIMPERLE,PARISBRETA,FRECO,16:29,FRRNS
4177,2023-06-10,RENNES,NON,8723,18:25,ATLANTIQUE,ROSPORDEN,PARISBRETA,FRRSP,16:29,FRRNS
4178,2023-06-10,VANNES,OUI,8723,17:55,ATLANTIQUE,LORIENT,PARISBRETA,FRLRT,17:31,FRVNE
4179,2023-06-10,VANNES,OUI,8723,18:25,ATLANTIQUE,ROSPORDEN,PARISBRETA,FRRSP,17:31,FRVNE
4180,2023-06-10,REDON,NON,8723,18:25,ATLANTIQUE,ROSPORDEN,PARISBRETA,FRRSP,17:05,FRXRN
4181,2023-06-10,DIJON VILLE,NON,5516,15:24,EST,COLMAR,JCRHONRHIN,FRAEJ,13:37,FRABA
4182,2023-06-10,MULHOUSE VILLE,OUI,5516,15:24,EST,COLMAR,JCRHONRHIN,FRAEJ,15:06,FRAEK
4183,2023-06-10,AIX EN PROVENCE TGV,NON,5516,13:25,EST,DIJON VILLE,JCRHONRHIN,FRABA,09:58,FRAIE
4184,2023-06-10,AIX EN PROVENCE TGV,NON,5516,15:54,EST,STRASBOURG,JCRHONRHIN,FRAEG,09:58,FRAIE
4185,2023-06-10,AVIGNON TGV,NON,5516,13:25,EST,DIJON VILLE,JCRHONRHIN,FRABA,10:20,FRAVG
4186,2023-06-10,AVIGNON TGV,NON,5516,15:24,EST,COLMAR,JCRHONRHIN,FRAEJ,10:20,FRAVG
4187,2023-06-10,AVIGNON TGV,NON,5516,12:09,EST,MACON VILLE,JCRHONRHIN,FRHGU,10:20,FRAVG
4188,2023-06-10,AVIGNON TGV,NON,5516,14:30,EST,BELFORT-MONTBELIARD TGV,JCRHONRHIN,FRTJA,10:20,FRAVG
4189,2023-06-10,MACON VILLE,NON,5516,15:54,EST,STRASBOURG,JCRHONRHIN,FRAEG,12:12,FRHGU
4190,2023-06-10,MACON VILLE,NON,5516,17:02,EST,NANCY,JCRHONRHIN,FRENC,12:12,FRHGU
4191,2023-06-10,CANNES,NON,5516,11:26,EST,LYON (intramuros),JCRHONRHIN,FRLPD,07:30,FRJCA
4192,2023-06-10,CANNES,OUI,5516,08:46,EST,TOULON,JCRHONRHIN,FRTLN,07:30,FRJCA
4193,2023-06-10,CANNES,OUI,5516,08:09,EST,LES ARCS DRAGUIGNAN,JCRHONRHIN,FRXRS,07:30,FRJCA
4194,2023-06-10,LYON (intramuros),NON,5516,17:02,EST,NANCY,JCRHONRHIN,FRENC,11:32,FRLPD
4195,2023-06-10,LYON (intramuros),NON,5516,12:09,EST,MACON VILLE,JCRHONRHIN,FRHGU,11:32,FRLPD
4196,2023-06-10,LYON (intramuros),NON,5516,13:03,EST,BEAUNE,JCRHONRHIN,FRXBV,11:32,FRLPD
4197,2023-06-10,LYON (intramuros),NON,5516,12:41,EST,CHALON SUR SAONE,JCRHONRHIN,FRXCD,11:32,FRLPD
4198,2023-06-10,MARSEILLE ST CHARLES,NON,5516,10:17,EST,AVIGNON TGV,JCRHONRHIN,FRAVG,09:45,FRMSC
4199,2023-06-10,MARSEILLE ST CHARLES,NON,5516,12:09,EST,MACON VILLE,JCRHONRHIN,FRHGU,09:45,FRMSC
4200,2023-06-10,NICE VILLE,NON,5516,11:26,EST,LYON (intramuros),JCRHONRHIN,FRLPD,07:00,FRNIC
4201,2023-06-10,NICE VILLE,NON,5516,09:33,EST,MARSEILLE ST CHARLES,JCRHONRHIN,FRMSC,07:00,FRNIC
4202,2023-06-10,NICE VILLE,NON,5516,12:41,EST,CHALON SUR SAONE,JCRHONRHIN,FRXCD,07:00,FRNIC
4203,2023-06-10,TOULON,NON,5516,13:25,EST,DIJON VILLE,JCRHONRHIN,FRABA,08:50,FRTLN
4204,2023-06-10,TOULON,NON,5516,10:17,EST,AVIGNON TGV,JCRHONRHIN,FRAVG,08:50,FRTLN
4205,2023-06-10,TOULON,NON,5516,11:26,EST,LYON (intramuros),JCRHONRHIN,FRLPD,08:50,FRTLN
4206,2023-06-10,ANTIBES,NON,5516,15:54,EST,STRASBOURG,JCRHONRHIN,FRAEG,07:16,FRXAT
4207,2023-06-10,ANTIBES,NON,5516,14:55,EST,MULHOUSE VILLE,JCRHONRHIN,FRAEK,07:16,FRXAT
4208,2023-06-10,CHALON SUR SAONE,NON,5516,13:25,EST,DIJON VILLE,JCRHONRHIN,FRABA,12:44,FRXCD
4209,2023-06-10,LES ARCS DRAGUIGNAN,NON,5516,13:25,EST,DIJON VILLE,JCRHONRHIN,FRABA,08:12,FRXRS
4210,2023-06-10,LES ARCS DRAGUIGNAN,NON,5516,15:54,EST,STRASBOURG,JCRHONRHIN,FRAEG,08:12,FRXRS
4211,2023-06-10,LES ARCS DRAGUIGNAN,NON,5516,09:33,EST,MARSEILLE ST CHARLES,JCRHONRHIN,FRMSC,08:12,FRXRS
4212,2023-06-10,ST RAPHAEL VALESCURE,NON,5516,13:03,EST,BEAUNE,JCRHONRHIN,FRXBV,07:55,FRXSK
4213,2023-06-10,ST RAPHAEL VALESCURE,NON,5516,12:41,EST,CHALON SUR SAONE,JCRHONRHIN,FRXCD,07:55,FRXSK
4214,2023-06-10,AVIGNON TGV,NON,5516,13:03,EST,BEAUNE,JCRHONRHIN,FRXBV,10:20,FRAVG
4215,2023-06-10,NICE VILLE,NON,5516,14:30,EST,BELFORT-MONTBELIARD TGV,JCRHONRHIN,FRTJA,07:00,FRNIC
4216,2023-06-10,BELFORT-MONTBELIARD TGV,OUI,5516,17:02,EST,NANCY,JCRHONRHIN,FRENC,14:33,FRTJA
4217,2023-06-10,TOULON,NON,5516,14:30,EST,BELFORT-MONTBELIARD TGV,JCRHONRHIN,FRTJA,08:50,FRTLN
4218,2023-06-10,LES ARCS DRAGUIGNAN,NON,5516,14:30,EST,BELFORT-MONTBELIARD TGV,JCRHONRHIN,FRTJA,08:12,FRXRS
4219,2023-06-10,LES ARCS DRAGUIGNAN,NON,5516,14:06,EST,BESANCON - F COMTE TGV,JCRHONRHIN,FRTJB,08:12,FRXRS
4220,2023-06-10,BEAUNE,NON,5516,14:55,EST,MULHOUSE VILLE,JCRHONRHIN,FRAEK,13:06,FRXBV
4221,2023-06-10,PARIS (intramuros),OUI,5963,17:23,IC ARO,RIOM CHATEL GUYON,PACLERMONT,FRRIO,13:58,FRPLY
4222,2023-06-10,PARIS (intramuros),OUI,5963,17:01,IC ARO,VICHY,PACLERMONT,FRVHY,13:58,FRPLY
4223,2023-06-10,VICHY,OUI,5963,17:34,IC ARO,CLERMONT FERRAND,PACLERMONT,FRCFE,17:03,FRVHY
4224,2023-06-10,ANNECY,NON,6984,18:56,SUD EST,AIX LES BAINS LE REVARD,ALPESPARIS,FRXAI,18:31,FRNCY
4225,2023-06-10,AIX LES BAINS LE REVARD,NON,6984,20:43,SUD EST,MACON LOCHE TGV,ALPESPARIS,FRMLT,18:59,FRXAI
4226,2023-06-10,LYON (intramuros),NON,6630,21:00,SUD EST,PARIS (intramuros),RHONEPARIS,FRPLY,18:50,FRLPE
4227,2023-06-10,LILLE (intramuros),NON,5224,14:02,NORD,ANGERS ST LAUD,JCNORDBRET,FRACL,09:32,FRADJ
4228,2023-06-10,LILLE (intramuros),NON,5224,14:44,NORD,NANTES,JCNORDBRET,FRNTE,09:32,FRADJ
4229,2023-06-10,LILLE (intramuros),OUI,5224,10:14,NORD,ARRAS,JCNORDBRET,FRQRV,09:32,FRADJ
4230,2023-06-10,LILLE (intramuros),OUI,5224,09:58,NORD,DOUAI,JCNORDBRET,FRXDN,09:32,FRADJ
4231,2023-06-10,MARNE LA VALLEE CHESSY,NON,5224,14:44,NORD,NANTES,JCNORDBRET,FRNTE,11:32,FRMLV
4232,2023-06-10,AEROPORT CDG2 TGV ROISSY,NON,5224,12:04,NORD,MASSY TGV,JCNORDBRET,FRDJU,11:19,FRMLW
4233,2023-06-10,AEROPORT CDG2 TGV ROISSY,NON,5224,13:04,NORD,ST PIERRE DES CORPS,JCNORDBRET,FRXSH,11:19,FRMLW
4234,2023-06-10,ARRAS,OUI,5224,10:37,NORD,TGV HAUTE PICARDIE,JCNORDBRET,FRTHP,10:19,FRQRV
4235,2023-06-10,TGV HAUTE PICARDIE,NON,5224,13:04,NORD,ST PIERRE DES CORPS,JCNORDBRET,FRXSH,10:45,FRTHP
4236,2023-06-10,DOUAI,OUI,5224,11:13,NORD,AEROPORT CDG2 TGV ROISSY,JCNORDBRET,FRMLW,10:01,FRXDN
4237,2023-06-10,DOUAI,OUI,5224,10:14,NORD,ARRAS,JCNORDBRET,FRQRV,10:01,FRXDN
4238,2023-06-10,DOUAI,OUI,5224,10:37,NORD,TGV HAUTE PICARDIE,JCNORDBRET,FRTHP,10:01,FRXDN
4239,2023-06-10,ST PIERRE DES CORPS,OUI,5224,14:02,NORD,ANGERS ST LAUD,JCNORDBRET,FRACL,13:09,FRXSH
4240,2023-06-10,BEZIERS,OUI,4766,21:12,IC ARO,NARBONNE,TJOURSESO,FRXNA,20:59,FRBZR
4241,2023-06-10,CARCASSONNE,OUI,4766,22:28,IC ARO,TOULOUSE MATABIAU,TJOURSESO,FRXYT,21:45,FRCCF
4242,2023-06-10,NIMES,OUI,4766,00:47,IC ARO,BORDEAUX ST JEAN,TJOURSESO,FRBOJ,19:43,FRFNI
4243,2023-06-10,NIMES,OUI,4766,23:04,IC ARO,MONTAUBAN VILLE BOURBON,TJOURSESO,FRXMW,19:43,FRFNI
4244,2023-06-10,MONTPELLIER SAINT-ROCH,OUI,4766,23:41,IC ARO,AGEN,TJOURSESO,FRAGF,20:16,FRMPL
4245,2023-06-10,MONTPELLIER SAINT-ROCH,OUI,4766,00:47,IC ARO,BORDEAUX ST JEAN,TJOURSESO,FRBOJ,20:16,FRMPL
4246,2023-06-10,MARSEILLE ST CHARLES,OUI,4766,20:56,IC ARO,BEZIERS,TJOURSESO,FRBZR,17:55,FRMSC
4247,2023-06-10,MARSEILLE ST CHARLES,OUI,4766,19:40,IC ARO,NIMES,TJOURSESO,FRFNI,17:55,FRMSC
4248,2023-06-10,NARBONNE,OUI,4766,23:41,IC ARO,AGEN,TJOURSESO,FRAGF,21:15,FRXNA
4249,2023-06-10,MULHOUSE VILLE,NON,9226,19:38,INTERNATIONAL,PARIS (intramuros),ZURBALPA,FRPLY,16:56,FRAEK
4250,2023-06-10,DOL DE BRETAGNE,OUI,8083,12:17,ATLANTIQUE,ST MALO,PARISBRETA,FRXSB,12:04,FRDOL
4251,2023-06-10,PARIS (intramuros),NON,8083,12:01,ATLANTIQUE,DOL DE BRETAGNE,PARISBRETA,FRDOL,09:54,FRPMO
4252,2023-06-10,STRASBOURG,NON,5470,12:01,EST,AEROPORT CDG2 TGV ROISSY,JCESTATL,FRMLW,10:01,FRAEG
4253,2023-06-10,MASSY TGV,NON,5470,13:59,EST,LE MANS,JCESTATL,FRAET,13:10,FRDJU
4254,2023-06-10,CHAMPAGNE-ARDENNE,NON,5470,13:04,EST,MASSY TGV,JCESTATL,FRDJU,11:28,FREAH
4255,2023-06-10,CHAMPAGNE-ARDENNE,NON,5470,12:01,EST,AEROPORT CDG2 TGV ROISSY,JCESTATL,FRMLW,11:28,FREAH
4256,2023-06-10,LORRAINE TGV,NON,5470,11:25,EST,CHAMPAGNE-ARDENNE,JCESTATL,FREAH,10:40,FREAM
4257,2023-06-10,ROCAMADOUR PADIRAC,NON,3758,09:24,IC NUIT,PARIS (intramuros),OCCITANPAR,FRPAZ,00:34,FRFSA
4258,2023-06-10,MANNHEIM HBF,NON,9561,10:59,INTERNATIONAL,FRANKFURT MAIN HBF,PAFRANC,DEFRH,10:21,DEMHG
4259,2023-06-10,STRASBOURG,NON,9561,10:18,INTERNATIONAL,MANNHEIM HBF,PAFRANC,DEMHG,09:12,FRAEG
4260,2023-06-10,PARIS (intramuros),NON,9561,09:06,INTERNATIONAL,STRASBOURG,PAFRANC,FRAEG,07:20,FRPST
4261,2023-06-10,PARIS (intramuros),NON,9575,15:41,INTERNATIONAL,STRASBOURG,PASTUTMUN,FRAEG,13:55,FRPST
4262,2023-06-10,FRANKFURT MAIN HBF,NON,9586,08:21,INTERNATIONAL,KAISERSLAUTERN HBF,FRANCPA,DEKLT,06:56,DEFRH
4263,2023-06-10,FRANKFURT MAIN HBF,NON,9586,09:00,INTERNATIONAL,SARREBRUCK/SAARBRUECKEN,FRANCPA,DESBK,06:56,DEFRH
4264,2023-06-10,FRANKFURT MAIN HBF,NON,9586,09:12,INTERNATIONAL,FORBACH,FRANCPA,FRBQT,06:56,DEFRH
4265,2023-06-10,FRANKFURT MAIN HBF,NON,9586,10:53,INTERNATIONAL,PARIS (intramuros),FRANCPA,FRPST,06:56,DEFRH
4266,2023-06-10,MANNHEIM HBF,NON,9586,08:21,INTERNATIONAL,KAISERSLAUTERN HBF,FRANCPA,DEKLT,07:40,DEMHG
4267,2023-06-10,ULM HBF,NON,9579,23:26,INTERNATIONAL,MUENCHEN HBF,PASTUTMUN,DEBEG,22:12,DEQUL
4268,2023-06-10,STRASBOURG,NON,9579,21:25,INTERNATIONAL,STUTTGART HBF,PASTUTMUN,DESGT,19:46,FRAEG
4269,2023-06-10,PARIS (intramuros),NON,9579,21:25,INTERNATIONAL,STUTTGART HBF,PASTUTMUN,DESGT,17:55,FRPST
4270,2023-06-10,KARLSRUHE HBF,NON,9574,12:13,INTERNATIONAL,STRASBOURG,MUNSTUTPA,FRAEG,11:32,DEQKA
4271,2023-06-10,STUTTGART HBF,NON,9574,12:13,INTERNATIONAL,STRASBOURG,MUNSTUTPA,FRAEG,10:52,DESGT
4272,2023-06-10,STRASBOURG,NON,9574,14:05,INTERNATIONAL,PARIS (intramuros),MUNSTUTPA,FRPST,12:19,FRAEG
4273,2023-06-10,TOULON,NON,6175,15:25,SUD EST,CANNES,PAAZUR,FRJCA,14:15,FRTLN
4274,2023-06-10,TOULON,NON,6175,15:38,SUD EST,ANTIBES,PAAZUR,FRXAT,14:15,FRTLN
4275,2023-06-10,ANTIBES,OUI,6175,15:57,SUD EST,NICE VILLE,PAAZUR,FRNIC,15:41,FRXAT
4276,2023-06-10,MARSEILLE ST CHARLES,NON,6177,18:11,SUD EST,TOULON,PAAZUR,FRTLN,17:28,FRMSC
4277,2023-06-10,MARSEILLE ST CHARLES,NON,6177,19:01,SUD EST,ST RAPHAEL VALESCURE,PAAZUR,FRXSK,17:28,FRMSC
4278,2023-06-10,PARIS (intramuros),NON,6177,19:39,SUD EST,ANTIBES,PAAZUR,FRXAT,14:08,FRPLY
4279,2023-06-10,PARIS (intramuros),NON,6177,19:01,SUD EST,ST RAPHAEL VALESCURE,PAAZUR,FRXSK,14:08,FRPLY
4280,2023-06-10,TOULON,OUI,6177,19:39,SUD EST,ANTIBES,PAAZUR,FRXAT,18:15,FRTLN
4281,2023-06-10,PARIS (intramuros),NON,6603,08:56,SUD EST,LYON (intramuros),PARISRHONE,FRLPD,06:58,FRPLY
4282,2023-06-10,ANGERS ST LAUD,NON,5300,10:17,SUD EST,VALENCE TGV RHONE-ALPES SUD,JCATLSUD,FRVLA,05:30,FRACL
4283,2023-06-10,LYON (intramuros),NON,5300,10:58,SUD EST,NIMES PONT DU GARD,JCATLSUD,FRXZP,09:39,FRLPD
4284,2023-06-10,NIMES PONT DU GARD,OUI,5300,11:21,SUD EST,MONTPELLIER SUD DE FRANCE,JCATLSUD,FRSUF,11:01,FRXZP
4285,2023-06-10,CHAMBERY CHALLES LES EAUX,NON,6964,11:40,SUD EST,MACON LOCHE TGV,ALPESPARIS,FRMLT,10:22,FRCMF
4286,2023-06-10,MACON LOCHE TGV,NON,6964,13:14,SUD EST,PARIS (intramuros),ALPESPARIS,FRPLY,11:43,FRMLT
4287,2023-06-10,LE MANS,OUI,5338,21:47,SUD EST,LYON (intramuros),JCATLSUD,FRLPE,18:30,FRAET
4288,2023-06-10,LYON (intramuros),OUI,5338,21:47,SUD EST,LYON (intramuros),JCATLSUD,FRLPE,21:39,FRLPD
4289,2023-06-10,RENNES,OUI,5338,18:20,SUD EST,LE MANS,JCATLSUD,FRAET,17:30,FRRNS
4290,2023-06-10,RENNES,OUI,5338,21:47,SUD EST,LYON (intramuros),JCATLSUD,FRLPE,17:30,FRRNS
4291,2023-06-10,PORTE PUYMORENS,NON,3972,07:18,IC NUIT,PARIS (intramuros),PALOMBEPAR,FRPAZ,18:58,FRFQF
4292,2023-06-10,ANDORRE - L'HOSPITALET,NON,3972,06:08,IC NUIT,LES AUBRAIS ORLEANS,PALOMBEPAR,FRLAB,19:09,FRFQG
4293,2023-06-10,MERENS LES VALS,NON,3972,06:08,IC NUIT,LES AUBRAIS ORLEANS,PALOMBEPAR,FRLAB,19:26,FRFQH
4294,2023-06-10,LATOUR DE CAROL ENVEITG,NON,3972,06:08,IC NUIT,LES AUBRAIS ORLEANS,PALOMBEPAR,FRLAB,18:42,FRXTE
4295,2023-06-10,ANDORRE - L'HOSPITALET,NON,3972,19:53,IC NUIT,LUZENAC GARANOU,PALOMBEPAR,FRFQI,19:09,FRFQG
4296,2023-06-10,LES CABANNES,NON,3972,06:08,IC NUIT,LES AUBRAIS ORLEANS,PALOMBEPAR,FRLAB,20:03,FRFQK
4297,2023-06-10,DAX,NON,8531,11:47,ATLANTIQUE,HENDAYE,PASUDOUEST,FRAEF,10:33,FRACG
4298,2023-06-10,DAX,NON,8531,11:02,ATLANTIQUE,BAYONNE,PASUDOUEST,FRXBY,10:33,FRACG
4299,2023-06-10,BORDEAUX ST JEAN,NON,8531,11:15,ATLANTIQUE,BIARRITZ,PASUDOUEST,FRBIQ,09:21,FRBOJ
4300,2023-06-10,PARIS (intramuros),NON,8531,11:02,ATLANTIQUE,BAYONNE,PASUDOUEST,FRXBY,07:08,FRPMO
4301,2023-06-10,BAYONNE,OUI,8531,11:32,ATLANTIQUE,ST JEAN DE LUZ CIBOURE,PASUDOUEST,FRXJZ,11:05,FRXBY
4302,2023-06-10,RIOM CHATEL GUYON,OUI,5958,07:04,IC ARO,VICHY,CLERMONTPA,FRVHY,06:42,FRRIO
4303,2023-06-10,VICHY,OUI,5958,07:29,IC ARO,MOULINS SUR ALLIER,CLERMONTPA,FRXMU,07:06,FRVHY
4304,2023-06-10,PARIS (intramuros),OUI,5789,04:42,IC NUIT,CREST,PABRIANCON,FRCRE,20:48,FRPAZ
4305,2023-06-10,PARIS (intramuros),OUI,5789,08:26,IC NUIT,BRIANCON,PABRIANCON,FRXBC,20:48,FRPAZ
4306,2023-06-10,VENDOME VILLIERS SUR LOIR,OUI,8314,13:33,ATLANTIQUE,PARIS (intramuros),ROCHELLEPA,FRPMO,12:46,FRESL
4307,2023-06-10,PARIS (intramuros),OUI,3741,07:09,IC NUIT,TARBES,PARPALOMBE,FRXTB,21:41,FRPAZ
4308,2023-06-10,PARIS (intramuros),NON,9563,17:53,INTERNATIONAL,KARLSRUHE HBF,PAFRANC,DEQKA,15:21,FRPST
4309,2023-06-10,TORINO PORTA SUSA,NON,9244,16:15,INTERNATIONAL,CHAMBERY CHALLES LES EAUX,ITALIEPA,FRCMF,13:38,ITTRS
4310,2023-06-10,TORINO PORTA SUSA,NON,9244,19:14,INTERNATIONAL,PARIS (intramuros),ITALIEPA,FRPLY,13:38,ITTRS
4311,2023-06-10,POITIERS,OUI,8342,17:15,ATLANTIQUE,ST PIERRE DES CORPS,ROCHELLEPA,FRXSH,16:19,FRPIS
4312,2023-06-10,ST PIERRE DES CORPS,OUI,8342,17:43,ATLANTIQUE,VENDOME VILLIERS SUR LOIR,ROCHELLEPA,FRESL,17:25,FRXSH
4313,2023-06-10,LYON (intramuros),OUI,6605,10:10,SUD EST,LYON (intramuros),PARISRHONE,FRLPE,10:02,FRLPD
4314,2023-06-10,PARIS (intramuros),NON,6605,10:10,SUD EST,LYON (intramuros),PARISRHONE,FRLPE,07:50,FRPLY
4315,2023-06-10,AIX EN PROVENCE TGV,NON,5192,15:14,NORD,LYON (intramuros),JCSUDNORD,FRLPD,13:46,FRAIE
4316,2023-06-10,AIX EN PROVENCE TGV,NON,5192,18:38,NORD,DOUAI,JCSUDNORD,FRXDN,13:46,FRAIE
4317,2023-06-10,AVIGNON TGV,NON,5192,17:06,NORD,MARNE LA VALLEE CHESSY,JCSUDNORD,FRMLV,14:08,FRAVG
4318,2023-06-10,AVIGNON TGV,NON,5192,17:21,NORD,AEROPORT CDG2 TGV ROISSY,JCSUDNORD,FRMLW,14:08,FRAVG
4319,2023-06-10,AVIGNON TGV,NON,5192,18:20,NORD,ARRAS,JCSUDNORD,FRQRV,14:08,FRAVG
4320,2023-06-10,AVIGNON TGV,NON,5192,18:38,NORD,DOUAI,JCSUDNORD,FRXDN,14:08,FRAVG
4321,2023-06-10,LYON (intramuros),NON,5192,17:21,NORD,AEROPORT CDG2 TGV ROISSY,JCSUDNORD,FRMLW,15:20,FRLPD
4322,2023-06-10,MARSEILLE ST CHARLES,NON,5192,15:14,NORD,LYON (intramuros),JCSUDNORD,FRLPD,13:33,FRMSC
4323,2023-06-10,MARSEILLE ST CHARLES,NON,5192,17:21,NORD,AEROPORT CDG2 TGV ROISSY,JCSUDNORD,FRMLW,13:33,FRMSC
4324,2023-06-10,MARSEILLE ST CHARLES,NON,5192,18:38,NORD,DOUAI,JCSUDNORD,FRXDN,13:33,FRMSC
4325,2023-06-10,TGV HAUTE PICARDIE,OUI,5192,18:38,NORD,DOUAI,JCSUDNORD,FRXDN,18:02,FRTHP
4326,2023-06-10,DOUAI,OUI,5192,19:00,NORD,LILLE (intramuros),JCSUDNORD,FRADJ,18:41,FRXDN
4327,2023-06-10,DIJON VILLE,NON,9877,14:25,EST,AVIGNON TGV,JCRHINRHON,FRAVG,11:21,FRABA
4328,2023-06-10,METZ VILLE,NON,9877,14:49,EST,AIX EN PROVENCE TGV,JCRHINRHON,FRAIE,08:08,FRADE
4329,2023-06-10,METZ VILLE,NON,9877,10:18,EST,BELFORT-MONTBELIARD TGV,JCRHINRHON,FRTJA,08:08,FRADE
4330,2023-06-10,METZ VILLE,NON,9877,10:41,EST,BESANCON - F COMTE TGV,JCRHINRHON,FRTJB,08:08,FRADE
4331,2023-06-10,STRASBOURG,NON,9877,09:54,EST,MULHOUSE VILLE,JCRHINRHON,FRAEK,09:03,FRAEG
4332,2023-06-10,STRASBOURG,NON,9877,13:00,EST,LYON (intramuros),JCRHINRHON,FRLPD,09:03,FRAEG
4333,2023-06-10,STRASBOURG,NON,9877,10:41,EST,BESANCON - F COMTE TGV,JCRHINRHON,FRTJB,09:03,FRAEG
4334,2023-06-10,MULHOUSE VILLE,NON,9877,11:11,EST,DIJON VILLE,JCRHINRHON,FRABA,09:57,FRAEK
4335,2023-06-10,MULHOUSE VILLE,NON,9877,13:46,EST,VALENCE TGV RHONE-ALPES SUD,JCRHINRHON,FRVLA,09:57,FRAEK
4336,2023-06-10,AVIGNON TGV,OUI,9877,14:49,EST,AIX EN PROVENCE TGV,JCRHINRHON,FRAIE,14:28,FRAVG
4337,2023-06-10,MACON VILLE,NON,9877,14:49,EST,AIX EN PROVENCE TGV,JCRHINRHON,FRAIE,12:22,FRHGU
4338,2023-06-10,MACON VILLE,NON,9877,13:46,EST,VALENCE TGV RHONE-ALPES SUD,JCRHINRHON,FRVLA,12:22,FRHGU
4339,2023-06-10,BELFORT-MONTBELIARD TGV,NON,9877,11:11,EST,DIJON VILLE,JCRHINRHON,FRABA,10:21,FRTJA
4340,2023-06-10,BELFORT-MONTBELIARD TGV,NON,9877,14:49,EST,AIX EN PROVENCE TGV,JCRHINRHON,FRAIE,10:21,FRTJA
4341,2023-06-10,BESANCON - F COMTE TGV,NON,9877,14:25,EST,AVIGNON TGV,JCRHINRHON,FRAVG,10:44,FRTJB
4342,2023-06-10,BESANCON - F COMTE TGV,NON,9877,12:19,EST,MACON VILLE,JCRHINRHON,FRHGU,10:44,FRTJB
4343,2023-06-10,BESANCON - F COMTE TGV,NON,9877,13:00,EST,LYON (intramuros),JCRHINRHON,FRLPD,10:44,FRTJB
4344,2023-06-10,BESANCON - F COMTE TGV,NON,9877,15:06,EST,MARSEILLE ST CHARLES,JCRHINRHON,FRMSC,10:44,FRTJB
4345,2023-06-10,BRUXELLES MIDI BRUSSEL ZUID,NON,9836,18:08,NORD,MARNE LA VALLEE CHESSY,JCNORDSUD,FRMLV,16:17,BEBMI
4346,2023-06-10,NIMES,OUI,9836,22:55,NORD,BEZIERS,JCNORDSUD,FRBZR,21:42,FRFNI
4347,2023-06-10,NIMES,OUI,9836,22:07,NORD,MONTPELLIER SAINT-ROCH,JCNORDSUD,FRMPL,21:42,FRFNI
4348,2023-06-10,NIMES,OUI,9836,23:10,NORD,NARBONNE,JCNORDSUD,FRXNA,21:42,FRFNI
4349,2023-06-10,LILLE (intramuros),NON,9836,22:07,NORD,MONTPELLIER SAINT-ROCH,JCNORDSUD,FRMPL,17:03,FRLLE
4350,2023-06-10,LILLE (intramuros),NON,9836,23:46,NORD,PERPIGNAN,JCNORDSUD,FRPGF,17:03,FRLLE
4351,2023-06-10,LILLE (intramuros),NON,9836,22:26,NORD,SETE,JCNORDSUD,FRXSY,17:03,FRLLE
4352,2023-06-10,LYON (intramuros),NON,9836,22:07,NORD,MONTPELLIER SAINT-ROCH,JCNORDSUD,FRMPL,20:10,FRLPD
4353,2023-06-10,LYON (intramuros),NON,9836,22:41,NORD,AGDE,JCNORDSUD,FRXAG,20:10,FRLPD
4354,2023-06-10,LYON (intramuros),NON,9836,23:10,NORD,NARBONNE,JCNORDSUD,FRXNA,20:10,FRLPD
4355,2023-06-10,AEROPORT CDG2 TGV ROISSY,NON,9836,22:55,NORD,BEZIERS,JCNORDSUD,FRBZR,17:59,FRMLW
4356,2023-06-10,AEROPORT CDG2 TGV ROISSY,NON,9836,22:07,NORD,MONTPELLIER SAINT-ROCH,JCNORDSUD,FRMPL,17:59,FRMLW
4357,2023-06-10,AEROPORT CDG2 TGV ROISSY,NON,9836,23:46,NORD,PERPIGNAN,JCNORDSUD,FRPGF,17:59,FRMLW
4358,2023-06-10,AEROPORT CDG2 TGV ROISSY,NON,9836,20:49,NORD,VALENCE TGV RHONE-ALPES SUD,JCNORDSUD,FRVLA,17:59,FRMLW
4359,2023-06-10,AEROPORT CDG2 TGV ROISSY,NON,9836,23:10,NORD,NARBONNE,JCNORDSUD,FRXNA,17:59,FRMLW
4360,2023-06-10,VALENCE TGV RHONE-ALPES SUD,NON,9836,22:55,NORD,BEZIERS,JCNORDSUD,FRBZR,20:54,FRVLA
4361,2023-06-10,AGDE,OUI,9836,23:46,NORD,PERPIGNAN,JCNORDSUD,FRPGF,22:44,FRXAG
4362,2023-06-10,AGDE,OUI,9836,23:10,NORD,NARBONNE,JCNORDSUD,FRXNA,22:44,FRXAG
4363,2023-06-10,SETE,OUI,9836,23:10,NORD,NARBONNE,JCNORDSUD,FRXNA,22:29,FRXSY
4364,2023-06-10,AVIGNON TGV,NON,9854,10:19,NORD,MARNE LA VALLEE CHESSY,JCSUDNORD,FRMLV,07:12,FRAVG
4365,2023-06-10,AVIGNON TGV,NON,9854,10:32,NORD,AEROPORT CDG2 TGV ROISSY,JCSUDNORD,FRMLW,07:12,FRAVG
4366,2023-06-10,LILLE (intramuros),NON,9854,12:11,NORD,BRUXELLES MIDI BRUSSEL ZUID,JCSUDNORD,BEBMI,11:37,FRLLE
4367,2023-06-10,LYON (intramuros),NON,9854,10:32,NORD,AEROPORT CDG2 TGV ROISSY,JCSUDNORD,FRMLW,08:34,FRLPD
4368,2023-06-10,AEROPORT CDG2 TGV ROISSY,NON,9854,12:11,NORD,BRUXELLES MIDI BRUSSEL ZUID,JCSUDNORD,BEBMI,10:38,FRMLW
4369,2023-06-10,MARSEILLE ST CHARLES,NON,9854,10:19,NORD,MARNE LA VALLEE CHESSY,JCSUDNORD,FRMLV,06:33,FRMSC
4370,2023-06-10,PORNICHET,OUI,8916,14:09,ATLANTIQUE,PARIS (intramuros),LOIREPARIS,FRPMO,11:08,FREGR
4371,2023-06-10,LE POULIGUEN,OUI,8916,10:58,ATLANTIQUE,LA BAULE ESCOUBLAC,LOIREPARIS,FRJEE,10:55,FREGS
4372,2023-06-10,LA BAULE ESCOUBLAC,OUI,8916,14:09,ATLANTIQUE,PARIS (intramuros),LOIREPARIS,FRPMO,11:01,FRJEE
4373,2023-06-10,NIMES,OUI,6033,13:15,SUD EST,MONTPELLIER SAINT-ROCH,PALANG,FRMPL,12:49,FRFNI
4374,2023-06-10,PARIS (intramuros),NON,6033,12:45,SUD EST,NIMES,PALANG,FRFNI,09:40,FRPLY
4375,2023-06-10,VALENCE TGV RHONE-ALPES SUD,NON,6033,12:45,SUD EST,NIMES,PALANG,FRFNI,12:00,FRVLA
4376,2023-06-10,CLERMONT FERRAND,OUI,5978,16:40,IC ARO,RIOM CHATEL GUYON,CLERMONTPA,FRRIO,16:31,FRCFE
4377,2023-06-10,RIOM CHATEL GUYON,OUI,5978,19:57,IC ARO,PARIS (intramuros),CLERMONTPA,FRPLY,16:42,FRRIO
4378,2023-06-10,VICHY,OUI,5978,17:58,IC ARO,NEVERS,CLERMONTPA,FRNVS,17:06,FRVHY
4379,2023-06-10,DIJON VILLE,NON,5537,16:39,EST,BEAUNE,JCRHINRHON,FRXBV,16:20,FRABA
4380,2023-06-10,STRASBOURG,NON,5537,16:04,EST,DIJON VILLE,JCRHINRHON,FRABA,13:37,FRAEG
4381,2023-06-10,COLMAR,NON,5537,19:31,EST,AIX EN PROVENCE TGV,JCRHINRHON,FRAIE,14:05,FRAEJ
4382,2023-06-10,COLMAR,NON,5537,15:02,EST,BELFORT-MONTBELIARD TGV,JCRHINRHON,FRTJA,14:05,FRAEJ
4383,2023-06-10,MULHOUSE VILLE,NON,5537,19:31,EST,AIX EN PROVENCE TGV,JCRHINRHON,FRAIE,14:41,FRAEK
4384,2023-06-10,MULHOUSE VILLE,NON,5537,17:56,EST,LYON (intramuros),JCRHINRHON,FRLPD,14:41,FRAEK
4385,2023-06-10,MULHOUSE VILLE,NON,5537,19:45,EST,MARSEILLE ST CHARLES,JCRHINRHON,FRMSC,14:41,FRAEK
4386,2023-06-10,MULHOUSE VILLE,NON,5537,21:17,EST,LES ARCS DRAGUIGNAN,JCRHINRHON,FRXRS,14:41,FRAEK
4387,2023-06-10,MULHOUSE VILLE,NON,5537,21:34,EST,ST RAPHAEL VALESCURE,JCRHINRHON,FRXSK,14:41,FRAEK
4388,2023-06-10,AIX EN PROVENCE TGV,NON,5537,21:34,EST,ST RAPHAEL VALESCURE,JCRHINRHON,FRXSK,19:33,FRAIE
4389,2023-06-10,AVIGNON TGV,NON,5537,19:31,EST,AIX EN PROVENCE TGV,JCRHINRHON,FRAIE,19:12,FRAVG
4390,2023-06-10,AVIGNON TGV,NON,5537,21:59,EST,CANNES,JCRHINRHON,FRJCA,19:12,FRAVG
4391,2023-06-10,NANCY,NON,5537,16:04,EST,DIJON VILLE,JCRHINRHON,FRABA,12:26,FRENC
4392,2023-06-10,NANCY,NON,5537,17:56,EST,LYON (intramuros),JCRHINRHON,FRLPD,12:26,FRENC
4393,2023-06-10,NANCY,NON,5537,22:11,EST,ANTIBES,JCRHINRHON,FRXAT,12:26,FRENC
4394,2023-06-10,LYON (intramuros),NON,5537,19:10,EST,AVIGNON TGV,JCRHINRHON,FRAVG,18:04,FRLPD
4395,2023-06-10,LYON (intramuros),NON,5537,22:11,EST,ANTIBES,JCRHINRHON,FRXAT,18:04,FRLPD
4396,2023-06-10,MARSEILLE ST CHARLES,NON,5537,20:41,EST,TOULON,JCRHINRHON,FRTLN,19:57,FRMSC
4397,2023-06-10,MARSEILLE ST CHARLES,NON,5537,21:34,EST,ST RAPHAEL VALESCURE,JCRHINRHON,FRXSK,19:57,FRMSC
4398,2023-06-10,BELFORT-MONTBELIARD TGV,NON,5537,19:31,EST,AIX EN PROVENCE TGV,JCRHINRHON,FRAIE,15:06,FRTJA
4399,2023-06-10,BELFORT-MONTBELIARD TGV,NON,5537,17:56,EST,LYON (intramuros),JCRHINRHON,FRLPD,15:06,FRTJA
4400,2023-06-10,BESANCON - F COMTE TGV,NON,5537,19:45,EST,MARSEILLE ST CHARLES,JCRHINRHON,FRMSC,15:36,FRTJB
4401,2023-06-10,TOULON,OUI,5537,21:17,EST,LES ARCS DRAGUIGNAN,JCRHINRHON,FRXRS,20:45,FRTLN
4402,2023-06-10,ANTIBES,OUI,5537,22:30,EST,NICE VILLE,JCRHINRHON,FRNIC,22:14,FRXAT
4403,2023-06-10,BEAUNE,NON,5537,19:31,EST,AIX EN PROVENCE TGV,JCRHINRHON,FRAIE,16:42,FRXBV
4404,2023-06-10,BEAUNE,NON,5537,21:59,EST,CANNES,JCRHINRHON,FRJCA,16:42,FRXBV
4405,2023-06-10,BEAUNE,NON,5537,17:56,EST,LYON (intramuros),JCRHINRHON,FRLPD,16:42,FRXBV
4406,2023-06-10,BEAUNE,NON,5537,21:17,EST,LES ARCS DRAGUIGNAN,JCRHINRHON,FRXRS,16:42,FRXBV
4407,2023-06-10,ST RAPHAEL VALESCURE,OUI,5537,22:11,EST,ANTIBES,JCRHINRHON,FRXAT,21:37,FRXSK
4408,2023-06-10,BESANCON - F COMTE TGV,NON,5537,21:34,EST,ST RAPHAEL VALESCURE,JCRHINRHON,FRXSK,15:36,FRTJB
4409,2023-06-10,BELFORT-MONTBELIARD TGV,NON,5537,21:34,EST,ST RAPHAEL VALESCURE,JCRHINRHON,FRXSK,15:06,FRTJA
4410,2023-06-10,BESANCON - F COMTE TGV,NON,5537,22:30,EST,NICE VILLE,JCRHINRHON,FRNIC,15:36,FRTJB
4411,2023-06-10,NANCY,NON,5537,14:30,EST,MULHOUSE VILLE,JCRHINRHON,FRAEK,12:26,FRENC
4412,2023-06-10,BELFORT-MONTBELIARD TGV,NON,5537,20:41,EST,TOULON,JCRHINRHON,FRTLN,15:06,FRTJA
4413,2023-06-10,NANCY,NON,5537,15:02,EST,BELFORT-MONTBELIARD TGV,JCRHINRHON,FRTJA,12:26,FRENC
4414,2023-06-10,NANCY,NON,5537,14:02,EST,COLMAR,JCRHINRHON,FRAEJ,12:26,FRENC
4415,2023-06-10,STRASBOURG,NON,5537,16:39,EST,BEAUNE,JCRHINRHON,FRXBV,13:37,FRAEG
4416,2023-06-10,BESANCON - F COMTE TGV,NON,5537,16:39,EST,BEAUNE,JCRHINRHON,FRXBV,15:36,FRTJB
4417,2023-06-10,CARCASSONNE,NON,4758,17:13,IC ARO,BORDEAUX ST JEAN,TJOURSESO,FRBOJ,13:45,FRCCF
4418,2023-06-10,CARCASSONNE,NON,4758,16:30,IC ARO,MARMANDE,TJOURSESO,FRXMR,13:45,FRCCF
4419,2023-06-10,NIMES,NON,4758,16:30,IC ARO,MARMANDE,TJOURSESO,FRXMR,11:45,FRFNI
4420,2023-06-10,NIMES,NON,4758,14:32,IC ARO,TOULOUSE MATABIAU,TJOURSESO,FRXYT,11:45,FRFNI
4421,2023-06-10,MONTPELLIER SAINT-ROCH,NON,4758,15:14,IC ARO,MONTAUBAN VILLE BOURBON,TJOURSESO,FRXMW,12:16,FRMPL
4422,2023-06-10,MARSEILLE ST CHARLES,NON,4758,13:43,IC ARO,CARCASSONNE,TJOURSESO,FRCCF,09:53,FRMSC
4423,2023-06-10,NARBONNE,NON,4758,17:13,IC ARO,BORDEAUX ST JEAN,TJOURSESO,FRBOJ,13:13,FRXNA
4424,2023-06-10,NARBONNE,NON,4758,16:30,IC ARO,MARMANDE,TJOURSESO,FRXMR,13:13,FRXNA
4425,2023-06-10,NARBONNE,NON,4758,14:32,IC ARO,TOULOUSE MATABIAU,TJOURSESO,FRXYT,13:13,FRXNA
4426,2023-06-10,LAVAL,OUI,5380,10:30,SUD EST,RENNES,JCSUDATL,FRRNS,10:05,FRACR
4427,2023-06-10,MASSY TGV,NON,5380,09:30,SUD EST,LE MANS,JCSUDATL,FRAET,08:39,FRDJU
4428,2023-06-10,MASSY TGV,NON,5380,10:30,SUD EST,RENNES,JCSUDATL,FRRNS,08:39,FRDJU
4429,2023-06-10,LILLE (intramuros),OUI,7434,19:08,NORD,PARIS (intramuros),ARRASPA,FRPNO,17:51,FRLLE
4430,2023-06-10,DIJON VILLE,NON,6705,14:12,SUD EST,MULHOUSE VILLE,PABOUR,FRAEK,12:56,FRABA
4431,2023-06-10,DIJON VILLE,NON,6705,13:22,SUD EST,BESANCON - F COMTE TGV,PABOUR,FRTJB,12:56,FRABA
4432,2023-06-10,BELFORT-MONTBELIARD TGV,NON,6705,14:12,SUD EST,MULHOUSE VILLE,PABOUR,FRAEK,13:49,FRTJA
4433,2023-06-10,METZ VILLE,OUI,5521,06:40,EST,STRASBOURG,JCRHINRHON,FRAEG,05:46,FRADE
4434,2023-06-10,METZ VILLE,OUI,5521,07:13,EST,COLMAR,JCRHINRHON,FRAEJ,05:46,FRADE
4435,2023-06-10,METZ VILLE,OUI,5521,07:48,EST,MULHOUSE VILLE,JCRHINRHON,FRAEK,05:46,FRADE
4436,2023-06-10,METZ VILLE,NON,5521,10:56,EST,LYON (intramuros),JCRHINRHON,FRLPD,05:46,FRADE
4437,2023-06-10,COLMAR,NON,5521,10:56,EST,LYON (intramuros),JCRHINRHON,FRLPD,07:16,FRAEJ
4438,2023-06-10,COLMAR,OUI,5521,08:14,EST,BELFORT-MONTBELIARD TGV,JCRHINRHON,FRTJA,07:16,FRAEJ
4439,2023-06-10,MULHOUSE VILLE,NON,5521,09:54,EST,CHALON SUR SAONE,JCRHINRHON,FRXCD,07:52,FRAEK
4440,2023-06-10,BELFORT-MONTBELIARD TGV,OUI,5521,08:38,EST,BESANCON - F COMTE TGV,JCRHINRHON,FRTJB,08:17,FRTJA
4441,2023-06-10,BESANCON - F COMTE TGV,NON,5521,09:11,EST,DIJON VILLE,JCRHINRHON,FRABA,08:41,FRTJB
4442,2023-06-10,BESANCON - F COMTE TGV,NON,5521,12:55,EST,MONTPELLIER SAINT-ROCH,JCRHINRHON,FRMPL,08:41,FRTJB
4443,2023-06-10,CHALON SUR SAONE,NON,5521,12:24,EST,NIMES,JCRHINRHON,FRFNI,09:56,FRXCD
4444,2023-06-10,MARNE LA VALLEE CHESSY,OUI,5288,19:35,NORD,LILLE (intramuros),JCBRETNORD,FRLLE,18:28,FRMLV
4445,2023-06-10,NANTES,OUI,5288,19:35,NORD,LILLE (intramuros),JCBRETNORD,FRLLE,15:18,FRNTE
4446,2023-06-10,AGEN,NON,4663,19:21,IC ARO,NIMES,TJOURSOSE,FRFNI,15:30,FRAGF
4447,2023-06-10,AGEN,NON,4663,18:52,IC ARO,MONTPELLIER SAINT-ROCH,TJOURSOSE,FRMPL,15:30,FRAGF
4448,2023-06-10,AGEN,NON,4663,16:05,IC ARO,MONTAUBAN VILLE BOURBON,TJOURSOSE,FRXMW,15:30,FRAGF
4449,2023-06-10,BORDEAUX ST JEAN,NON,4663,18:13,IC ARO,BEZIERS,TJOURSOSE,FRBZR,14:26,FRBOJ
4450,2023-06-10,BORDEAUX ST JEAN,NON,4663,21:06,IC ARO,MARSEILLE ST CHARLES,TJOURSOSE,FRMSC,14:26,FRBOJ
4451,2023-06-10,BORDEAUX ST JEAN,NON,4663,16:05,IC ARO,MONTAUBAN VILLE BOURBON,TJOURSOSE,FRXMW,14:26,FRBOJ
4452,2023-06-10,MONTAUBAN VILLE BOURBON,NON,4663,18:13,IC ARO,BEZIERS,TJOURSOSE,FRBZR,16:07,FRXMW
4453,2023-06-10,MONTAUBAN VILLE BOURBON,NON,4663,19:21,IC ARO,NIMES,TJOURSOSE,FRFNI,16:07,FRXMW
4454,2023-06-10,MONTAUBAN VILLE BOURBON,NON,4663,18:52,IC ARO,MONTPELLIER SAINT-ROCH,TJOURSOSE,FRMPL,16:07,FRXMW
4455,2023-06-10,MONTAUBAN VILLE BOURBON,NON,4663,17:57,IC ARO,NARBONNE,TJOURSOSE,FRXNA,16:07,FRXMW
4456,2023-06-10,NARBONNE,NON,4663,21:06,IC ARO,MARSEILLE ST CHARLES,TJOURSOSE,FRMSC,18:00,FRXNA
4457,2023-06-10,RETHEL,OUI,2751,20:11,EST,CHARLEVILLE MEZIERES,PABARSED,FRXCZ,19:43,FRBDT
4458,2023-06-10,PARIS (intramuros),OUI,2751,20:11,EST,CHARLEVILLE MEZIERES,PABARSED,FRXCZ,18:28,FRPST
4459,2023-06-10,REIMS,OUI,2751,20:11,EST,CHARLEVILLE MEZIERES,PABARSED,FRXCZ,19:20,FRRHE
4460,2023-06-10,CANNES,OUI,6180,18:44,SUD EST,TOULON,AZURPA,FRTLN,17:33,FRJCA
4461,2023-06-10,ANTIBES,OUI,6180,18:44,SUD EST,TOULON,AZURPA,FRTLN,17:18,FRXAT
4462,2023-06-10,LES ARCS DRAGUIGNAN,OUI,6180,19:55,SUD EST,AVIGNON TGV,AZURPA,FRAVG,18:10,FRXRS
4463,2023-06-10,LES ARCS DRAGUIGNAN,OUI,6180,18:44,SUD EST,TOULON,AZURPA,FRTLN,18:10,FRXRS
4464,2023-06-10,ANGERS ST LAUD,OUI,8144,19:14,ATLANTIQUE,PARIS (intramuros),LOIREPARIS,FRPMO,17:48,FRACL
4465,2023-06-10,QUIMPERLE,OUI,8702,05:49,ATLANTIQUE,LORIENT,BRETAPARIS,FRLRT,05:38,FRECO
4466,2023-06-10,QUIMPERLE,OUI,8702,09:08,ATLANTIQUE,PARIS (intramuros),BRETAPARIS,FRPMO,05:38,FRECO
4467,2023-06-10,QUIMPERLE,OUI,8702,06:48,ATLANTIQUE,REDON,BRETAPARIS,FRXRN,05:38,FRECO
4468,2023-06-10,LORIENT,OUI,8702,09:08,ATLANTIQUE,PARIS (intramuros),BRETAPARIS,FRPMO,05:52,FRLRT
4469,2023-06-10,LORIENT,OUI,8702,07:25,ATLANTIQUE,RENNES,BRETAPARIS,FRRNS,05:52,FRLRT
4470,2023-06-10,LORIENT,OUI,8702,06:07,ATLANTIQUE,AURAY,BRETAPARIS,FRXUY,05:52,FRLRT
4471,2023-06-10,ROSPORDEN,OUI,8702,09:08,ATLANTIQUE,PARIS (intramuros),BRETAPARIS,FRPMO,05:23,FRRSP
4472,2023-06-10,QUIMPER,OUI,8702,09:08,ATLANTIQUE,PARIS (intramuros),BRETAPARIS,FRPMO,05:09,FRUIP
4473,2023-06-10,QUIMPER,OUI,8702,06:07,ATLANTIQUE,AURAY,BRETAPARIS,FRXUY,05:09,FRUIP
4474,2023-06-10,VANNES,OUI,8702,07:25,ATLANTIQUE,RENNES,BRETAPARIS,FRRNS,06:23,FRVNE
4475,2023-06-10,BEZIERS,OUI,6873,19:51,SUD EST,LYON (intramuros),JCSUDPROV,FRLPD,17:15,FRBZR
4476,2023-06-10,BEZIERS,OUI,6873,17:55,SUD EST,MONTPELLIER SAINT-ROCH,JCSUDPROV,FRMPL,17:15,FRBZR
4477,2023-06-10,BEZIERS,OUI,6873,17:36,SUD EST,SETE,JCSUDPROV,FRXSY,17:15,FRBZR
4478,2023-06-10,CARCASSONNE,OUI,6873,17:12,SUD EST,BEZIERS,JCSUDPROV,FRBZR,16:27,FRCCF
4479,2023-06-10,CARCASSONNE,OUI,6873,17:55,SUD EST,MONTPELLIER SAINT-ROCH,JCSUDPROV,FRMPL,16:27,FRCCF
4480,2023-06-10,CARCASSONNE,OUI,6873,19:10,SUD EST,VALENCE TGV RHONE-ALPES SUD,JCSUDPROV,FRVLA,16:27,FRCCF
4481,2023-06-10,CARCASSONNE,OUI,6873,16:56,SUD EST,NARBONNE,JCSUDPROV,FRXNA,16:27,FRCCF
4482,2023-06-10,CARCASSONNE,OUI,6873,17:36,SUD EST,SETE,JCSUDPROV,FRXSY,16:27,FRCCF
4483,2023-06-10,MONTPELLIER SAINT-ROCH,OUI,6873,18:23,SUD EST,NIMES,JCSUDPROV,FRFNI,17:59,FRMPL
4484,2023-06-10,MONTPELLIER SAINT-ROCH,OUI,6873,19:51,SUD EST,LYON (intramuros),JCSUDPROV,FRLPD,17:59,FRMPL
4485,2023-06-10,TOULOUSE MATABIAU,OUI,6873,17:12,SUD EST,BEZIERS,JCSUDPROV,FRBZR,15:43,FRXYT
4486,2023-06-10,TOULOUSE MATABIAU,OUI,6873,19:51,SUD EST,LYON (intramuros),JCSUDPROV,FRLPD,15:43,FRXYT
4487,2023-06-10,TOULOUSE MATABIAU,OUI,6873,17:36,SUD EST,SETE,JCSUDPROV,FRXSY,15:43,FRXYT
4488,2023-06-10,BORDEAUX ST JEAN,NON,4657,13:22,IC ARO,NIMES,TJOURSOSE,FRFNI,08:26,FRBOJ
4489,2023-06-10,BORDEAUX ST JEAN,OUI,4657,09:02,IC ARO,MARMANDE,TJOURSOSE,FRXMR,08:26,FRBOJ
4490,2023-06-10,CARCASSONNE,NON,4657,11:58,IC ARO,NARBONNE,TJOURSOSE,FRXNA,11:29,FRCCF
4491,2023-06-10,MONTPELLIER SAINT-ROCH,NON,4657,15:22,IC ARO,MARSEILLE ST CHARLES,TJOURSOSE,FRMSC,12:58,FRMPL
4492,2023-06-10,MARMANDE,NON,4657,13:22,IC ARO,NIMES,TJOURSOSE,FRFNI,09:04,FRXMR
4493,2023-06-10,MARMANDE,NON,4657,15:22,IC ARO,MARSEILLE ST CHARLES,TJOURSOSE,FRMSC,09:04,FRXMR
4494,2023-06-10,MARMANDE,OUI,4657,10:40,IC ARO,TOULOUSE MATABIAU,TJOURSOSE,FRXYT,09:04,FRXMR
4495,2023-06-10,NARBONNE,NON,4657,12:54,IC ARO,MONTPELLIER SAINT-ROCH,TJOURSOSE,FRMPL,12:01,FRXNA
4496,2023-06-10,TOULOUSE MATABIAU,NON,4657,12:54,IC ARO,MONTPELLIER SAINT-ROCH,TJOURSOSE,FRMPL,10:45,FRXYT
4497,2023-06-10,TOULOUSE MATABIAU,NON,4657,15:22,IC ARO,MARSEILLE ST CHARLES,TJOURSOSE,FRMSC,10:45,FRXYT
4498,2023-06-10,LE MANS,OUI,5080,14:27,NORD,MARNE LA VALLEE CHESSY,JCBRETNORD,FRMLV,13:00,FRAET
4499,2023-06-10,MASSY TGV,OUI,5080,14:41,NORD,AEROPORT CDG2 TGV ROISSY,JCBRETNORD,FRMLW,13:55,FRDJU
4500,2023-06-10,MARNE LA VALLEE CHESSY,OUI,5080,15:49,NORD,LILLE (intramuros),JCBRETNORD,FRLLE,14:31,FRMLV
4501,2023-06-10,RENNES,OUI,5080,12:25,NORD,LAVAL,JCBRETNORD,FRACR,12:00,FRRNS
4502,2023-06-10,RENNES,OUI,5080,14:41,NORD,AEROPORT CDG2 TGV ROISSY,JCBRETNORD,FRMLW,12:00,FRRNS
4503,2023-06-10,ANGERS ST LAUD,NON,4404,18:26,IC SRO,LYON (intramuros),JOURNTELYN,FRLPD,12:22,FRACL
4504,2023-06-10,ANGERS ST LAUD,NON,4404,18:39,IC SRO,LYON (intramuros),JOURNTELYN,FRLPE,12:22,FRACL
4505,2023-06-10,ANGERS ST LAUD,NON,4404,13:23,IC SRO,ST PIERRE DES CORPS,JOURNTELYN,FRXSH,12:22,FRACL
4506,2023-06-10,SAUMUR,NON,4404,18:26,IC SRO,LYON (intramuros),JOURNTELYN,FRLPD,12:47,FRACN
4507,2023-06-10,SAUMUR,NON,4404,16:15,IC SRO,MOULINS SUR ALLIER,JOURNTELYN,FRXMU,12:47,FRACN
4508,2023-06-10,SAUMUR,NON,4404,13:23,IC SRO,ST PIERRE DES CORPS,JOURNTELYN,FRXSH,12:47,FRACN
4509,2023-06-10,SAUMUR,NON,4404,14:33,IC SRO,VIERZON VILLE,JOURNTELYN,FRXVZ,12:47,FRACN
4510,2023-06-10,BOURGES,NON,4404,18:26,IC SRO,LYON (intramuros),JOURNTELYN,FRLPD,14:58,FRBOU
4511,2023-06-10,NANTES,NON,4404,16:41,IC SRO,ST GERMAIN DES FOSSES,JOURNTELYN,FRSGF,11:40,FRNTE
4512,2023-06-10,NANTES,NON,4404,16:15,IC SRO,MOULINS SUR ALLIER,JOURNTELYN,FRXMU,11:40,FRNTE
4513,2023-06-10,ST GERMAIN DES FOSSES,NON,4404,18:26,IC SRO,LYON (intramuros),JOURNTELYN,FRLPD,16:43,FRSGF
4514,2023-06-10,MOULINS SUR ALLIER,NON,4404,18:26,IC SRO,LYON (intramuros),JOURNTELYN,FRLPD,16:17,FRXMU
4515,2023-06-10,MOULINS SUR ALLIER,NON,4404,17:20,IC SRO,ROANNE,JOURNTELYN,FRRNE,16:17,FRXMU
4516,2023-06-10,ST PIERRE DES CORPS,NON,4404,16:15,IC SRO,MOULINS SUR ALLIER,JOURNTELYN,FRXMU,13:26,FRXSH
4517,2023-06-10,VIERZON VILLE,NON,4404,15:36,IC SRO,NEVERS,JOURNTELYN,FRNVS,14:37,FRXVZ
4518,2023-06-10,MONTBARD,NON,6703,12:18,SUD EST,MULHOUSE VILLE,PABOUR,FRAEK,10:24,FRGWE
4519,2023-06-10,LYON (intramuros),OUI,6620,14:46,SUD EST,LE CREUSOT MONTCEAU MONTCHANIN,RHONEPARIS,FRXCC,14:04,FRLPD
4520,2023-06-10,LE CREUSOT MONTCEAU MONTCHANIN,OUI,6620,16:08,SUD EST,PARIS (intramuros),RHONEPARIS,FRPLY,14:49,FRXCC
4521,2023-06-10,LIMOGES BENEDICTINS,OUI,3650,15:01,IC ARO,CHATEAUROUX,TOULOUZECO,FRCHR,13:51,FRAGQ
4522,2023-06-10,BRIVE LA GAILLARDE,OUI,3650,15:01,IC ARO,CHATEAUROUX,TOULOUZECO,FRCHR,12:48,FRBVE
4523,2023-06-10,GOURDON,OUI,3650,12:17,IC ARO,SOUILLAC,TOULOUZECO,FRSOU,12:02,FRFSI
4524,2023-06-10,GOURDON,OUI,3650,15:37,IC ARO,VIERZON VILLE,TOULOUZECO,FRXVZ,12:02,FRFSI
4525,2023-06-10,CAUSSADE TARN ET GARONNE,OUI,3650,12:45,IC ARO,BRIVE LA GAILLARDE,TOULOUZECO,FRBVE,11:08,FRFTA
4526,2023-06-10,CAUSSADE TARN ET GARONNE,OUI,3650,16:18,IC ARO,LES AUBRAIS ORLEANS,TOULOUZECO,FRLAB,11:08,FRFTA
4527,2023-06-10,CAUSSADE TARN ET GARONNE,OUI,3650,15:37,IC ARO,VIERZON VILLE,TOULOUZECO,FRXVZ,11:08,FRFTA
4528,2023-06-10,LA SOUTERRAINE,OUI,3650,15:01,IC ARO,CHATEAUROUX,TOULOUZECO,FRCHR,14:26,FRLST
4529,2023-06-10,LA SOUTERRAINE,OUI,3650,17:22,IC ARO,PARIS (intramuros),TOULOUZECO,FRPAZ,14:26,FRLST
4530,2023-06-10,SOUILLAC,OUI,3650,13:48,IC ARO,LIMOGES BENEDICTINS,TOULOUZECO,FRAGQ,12:19,FRSOU
4531,2023-06-10,MONTAUBAN VILLE BOURBON,OUI,3650,12:00,IC ARO,GOURDON,TOULOUZECO,FRFSI,10:54,FRXMW
4532,2023-06-10,MONTAUBAN VILLE BOURBON,OUI,3650,16:18,IC ARO,LES AUBRAIS ORLEANS,TOULOUZECO,FRLAB,10:54,FRXMW
4533,2023-06-10,MONTAUBAN VILLE BOURBON,OUI,3650,14:24,IC ARO,LA SOUTERRAINE,TOULOUZECO,FRLST,10:54,FRXMW
4534,2023-06-10,TOULOUSE MATABIAU,OUI,3650,12:45,IC ARO,BRIVE LA GAILLARDE,TOULOUZECO,FRBVE,10:22,FRXYT
4535,2023-06-10,TOULOUSE MATABIAU,OUI,3650,14:24,IC ARO,LA SOUTERRAINE,TOULOUZECO,FRLST,10:22,FRXYT
4536,2023-06-10,TOULOUSE MATABIAU,OUI,3650,10:52,IC ARO,MONTAUBAN VILLE BOURBON,TOULOUZECO,FRXMW,10:22,FRXYT
4537,2023-06-10,CAHORS,OUI,3650,12:17,IC ARO,SOUILLAC,TOULOUZECO,FRSOU,11:35,FRZAO
4538,2023-06-10,MARSEILLE ST CHARLES,NON,6128,20:22,SUD EST,PARIS (intramuros),PROVENCEPA,FRPLY,17:00,FRMSC
4539,2023-06-10,NIMES,OUI,4764,19:23,IC ARO,CARCASSONNE,TJOURSESO,FRCCF,17:25,FRFNI
4540,2023-06-10,NIMES,OUI,4764,17:49,IC ARO,MONTPELLIER SAINT-ROCH,TJOURSESO,FRMPL,17:25,FRFNI
4541,2023-06-10,MONTPELLIER SAINT-ROCH,OUI,4764,20:47,IC ARO,MONTAUBAN VILLE BOURBON,TJOURSESO,FRXMW,17:53,FRMPL
4542,2023-06-10,MONTPELLIER SAINT-ROCH,OUI,4764,18:52,IC ARO,NARBONNE,TJOURSESO,FRXNA,17:53,FRMPL
4543,2023-06-10,MARSEILLE ST CHARLES,OUI,4764,17:49,IC ARO,MONTPELLIER SAINT-ROCH,TJOURSESO,FRMPL,15:27,FRMSC
4544,2023-06-10,PAU,NON,14151,16:20,IC SRO,ORTHEZ,SUDOUEST,FRGFI,15:59,FRAEE
4545,2023-06-10,ST GAUDENS,NON,14151,15:12,IC SRO,TARBES,SUDOUEST,FRXTB,14:24,FRFPH
4546,2023-06-10,LOURDES,NON,14151,15:56,IC SRO,PAU,SUDOUEST,FRAEE,15:32,FRLDE
4547,2023-06-10,TOULOUSE MATABIAU,NON,14151,16:20,IC SRO,ORTHEZ,SUDOUEST,FRGFI,13:34,FRXYT
4548,2023-06-10,AIX EN PROVENCE TGV,NON,5054,10:32,NORD,AEROPORT CDG2 TGV ROISSY,JCSUDNORD,FRMLW,06:47,FRAIE
4549,2023-06-10,LYON (intramuros),NON,5054,10:32,NORD,AEROPORT CDG2 TGV ROISSY,JCSUDNORD,FRMLW,08:34,FRLPD
4550,2023-06-10,MARSEILLE ST CHARLES,OUI,5054,07:07,NORD,AVIGNON TGV,JCSUDNORD,FRAVG,06:33,FRMSC
4551,2023-06-10,CANNES,OUI,6188,09:07,SUD EST,LES ARCS DRAGUIGNAN,AZURPA,FRXRS,08:28,FRJCA
4552,2023-06-10,CANNES,OUI,6188,08:50,SUD EST,ST RAPHAEL VALESCURE,AZURPA,FRXSK,08:28,FRJCA
4553,2023-06-10,NICE VILLE,OUI,6188,08:24,SUD EST,CANNES,AZURPA,FRJCA,07:57,FRNIC
4554,2023-06-10,NICE VILLE,NON,6188,13:50,SUD EST,PARIS (intramuros),AZURPA,FRPLY,07:57,FRNIC
4555,2023-06-10,NICE VILLE,OUI,6188,09:07,SUD EST,LES ARCS DRAGUIGNAN,AZURPA,FRXRS,07:57,FRNIC
4556,2023-06-10,NICE VILLE,OUI,6188,08:50,SUD EST,ST RAPHAEL VALESCURE,AZURPA,FRXSK,07:57,FRNIC
4557,2023-06-10,ANTIBES,NON,6188,13:50,SUD EST,PARIS (intramuros),AZURPA,FRPLY,08:14,FRXAT
4558,2023-06-10,ANTIBES,OUI,6188,09:07,SUD EST,LES ARCS DRAGUIGNAN,AZURPA,FRXRS,08:14,FRXAT
4559,2023-06-10,ANTIBES,OUI,6188,08:50,SUD EST,ST RAPHAEL VALESCURE,AZURPA,FRXSK,08:14,FRXAT
4560,2023-06-10,LES ARCS DRAGUIGNAN,NON,6188,13:50,SUD EST,PARIS (intramuros),AZURPA,FRPLY,09:10,FRXRS
4561,2023-06-10,ST RAPHAEL VALESCURE,NON,6188,13:50,SUD EST,PARIS (intramuros),AZURPA,FRPLY,08:53,FRXSK
4562,2023-06-10,ST RAPHAEL VALESCURE,OUI,6188,09:07,SUD EST,LES ARCS DRAGUIGNAN,AZURPA,FRXRS,08:53,FRXSK
4563,2023-06-10,NANTES,OUI,8913,13:03,ATLANTIQUE,LE CROISIC,PARISLOIRE,FREGU,12:00,FRNTE
4564,2023-06-10,NANTES,OUI,8913,12:50,ATLANTIQUE,LA BAULE ESCOUBLAC,PARISLOIRE,FRJEE,12:00,FRNTE
4565,2023-06-10,NANTES,OUI,8913,12:33,ATLANTIQUE,ST NAZAIRE,PARISLOIRE,FRSNR,12:00,FRNTE
4566,2023-06-10,PARIS (intramuros),NON,8913,11:13,ATLANTIQUE,ANGERS ST LAUD,PARISLOIRE,FRACL,09:36,FRPMO
4567,2023-06-10,PARIS (intramuros),NON,8913,10:33,ATLANTIQUE,LE MANS,PARISLOIRE,FRAET,09:36,FRPMO
4568,2023-06-10,ANGOULEME,NON,5284,16:41,NORD,AEROPORT CDG2 TGV ROISSY,JCAQUINORD,FRMLW,13:36,FRANG
4569,2023-06-10,BORDEAUX ST JEAN,NON,5284,16:41,NORD,AEROPORT CDG2 TGV ROISSY,JCAQUINORD,FRMLW,12:58,FRBOJ
4570,2023-06-10,BORDEAUX ST JEAN,NON,5284,17:15,NORD,TGV HAUTE PICARDIE,JCAQUINORD,FRTHP,12:58,FRBOJ
4571,2023-06-10,MASSY TGV,NON,5284,16:41,NORD,AEROPORT CDG2 TGV ROISSY,JCAQUINORD,FRMLW,15:55,FRDJU
4572,2023-06-10,AEROPORT CDG2 TGV ROISSY,OUI,5284,17:57,NORD,LILLE (intramuros),JCAQUINORD,FRLLE,16:47,FRMLW
4573,2023-06-10,AEROPORT CDG2 TGV ROISSY,OUI,5284,17:15,NORD,TGV HAUTE PICARDIE,JCAQUINORD,FRTHP,16:47,FRMLW
4574,2023-06-10,POITIERS,NON,5284,15:49,NORD,MASSY TGV,JCAQUINORD,FRDJU,14:19,FRPIS
4575,2023-06-10,POITIERS,NON,5284,17:15,NORD,TGV HAUTE PICARDIE,JCAQUINORD,FRTHP,14:19,FRPIS
4576,2023-06-10,ST PIERRE DES CORPS,NON,5284,16:27,NORD,MARNE LA VALLEE CHESSY,JCAQUINORD,FRMLV,14:54,FRXSH
4577,2023-06-10,DIJON VILLE,OUI,2096,21:09,EST,MULHOUSE VILLE,JCRHONRHIN,FRAEK,19:49,FRABA
4578,2023-06-10,MULHOUSE VILLE,OUI,2096,22:07,EST,STRASBOURG,JCRHONRHIN,FRAEG,21:12,FRAEK
4579,2023-06-10,AIX EN PROVENCE TGV,NON,2096,17:51,EST,LYON (intramuros),JCRHONRHIN,FRLPD,16:11,FRAIE
4580,2023-06-10,MARSEILLE ST CHARLES,NON,2096,17:51,EST,LYON (intramuros),JCRHONRHIN,FRLPD,15:56,FRMSC
4581,2023-06-10,MARSEILLE ST CHARLES,NON,2096,20:40,EST,BELFORT-MONTBELIARD TGV,JCRHONRHIN,FRTJA,15:56,FRMSC
4582,2023-06-10,BELFORT-MONTBELIARD TGV,OUI,2096,22:07,EST,STRASBOURG,JCRHONRHIN,FRAEG,20:45,FRTJA
4583,2023-06-10,VALENCE TGV RHONE-ALPES SUD,NON,2096,22:07,EST,STRASBOURG,JCRHONRHIN,FRAEG,17:13,FRVLA
4584,2023-06-10,VALENCE TGV RHONE-ALPES SUD,NON,2096,20:40,EST,BELFORT-MONTBELIARD TGV,JCRHONRHIN,FRTJA,17:13,FRVLA
4585,2023-06-10,NEVERS,OUI,5971,19:34,IC ARO,CLERMONT FERRAND,PACLERMONT,FRCFE,17:59,FRNVS
4586,2023-06-10,NEVERS,OUI,5971,19:23,IC ARO,RIOM CHATEL GUYON,PACLERMONT,FRRIO,17:59,FRNVS
4587,2023-06-10,PARIS (intramuros),OUI,5971,19:01,IC ARO,VICHY,PACLERMONT,FRVHY,15:59,FRPLY
4588,2023-06-10,PARIS (intramuros),OUI,5971,18:28,IC ARO,MOULINS SUR ALLIER,PACLERMONT,FRXMU,15:59,FRPLY
4589,2023-06-10,MOULINS SUR ALLIER,OUI,5971,19:23,IC ARO,RIOM CHATEL GUYON,PACLERMONT,FRRIO,18:30,FRXMU
4590,2023-06-10,UZERCHE,OUI,3614,07:08,IC ARO,CHATEAUROUX,TOULOUZECO,FRCHR,05:17,FRAAW
4591,2023-06-10,ARGENTON SUR CREUSE,OUI,3614,09:24,IC ARO,PARIS (intramuros),TOULOUZECO,FRPAZ,06:53,FRFMT
4592,2023-06-10,BREST,OUI,8636,19:01,ATLANTIQUE,LAVAL,BRETAPARIS,FRACR,16:14,FRBES
4593,2023-06-10,BREST,OUI,8636,17:31,ATLANTIQUE,ST BRIEUC,BRETAPARIS,FRSBK,16:14,FRBES
4594,2023-06-10,GUINGAMP,OUI,8636,17:44,ATLANTIQUE,LAMBALLE,BRETAPARIS,FRLAM,17:16,FRGGP
4595,2023-06-10,LAMBALLE,OUI,8636,18:25,ATLANTIQUE,RENNES,BRETAPARIS,FRRNS,17:47,FRLAM
4596,2023-06-10,MORLAIX,OUI,8636,17:44,ATLANTIQUE,LAMBALLE,BRETAPARIS,FRLAM,16:47,FRMXN
4597,2023-06-10,MORLAIX,OUI,8636,17:31,ATLANTIQUE,ST BRIEUC,BRETAPARIS,FRSBK,16:47,FRMXN
4598,2023-06-10,ST BRIEUC,OUI,8636,20:20,ATLANTIQUE,PARIS (intramuros),BRETAPARIS,FRPMO,17:34,FRSBK
4599,2023-06-10,PARIS (intramuros),NON,6611,12:56,SUD EST,LYON (intramuros),PARISRHONE,FRLPD,10:58,FRPLY
4600,2023-06-10,PARIS (intramuros),NON,6611,13:10,SUD EST,LYON (intramuros),PARISRHONE,FRLPE,10:58,FRPLY
4601,2023-06-10,ANGOULEME,NON,5260,09:27,NORD,MARNE LA VALLEE CHESSY,JCAQUINORD,FRMLV,06:36,FRANG
4602,2023-06-10,BORDEAUX ST JEAN,NON,5260,09:27,NORD,MARNE LA VALLEE CHESSY,JCAQUINORD,FRMLV,05:58,FRBOJ
4603,2023-06-10,BORDEAUX ST JEAN,NON,5260,09:41,NORD,AEROPORT CDG2 TGV ROISSY,JCAQUINORD,FRMLW,05:58,FRBOJ
4604,2023-06-10,MARNE LA VALLEE CHESSY,OUI,5260,09:41,NORD,AEROPORT CDG2 TGV ROISSY,JCAQUINORD,FRMLW,09:31,FRMLV
4605,2023-06-10,POITIERS,NON,5260,10:40,NORD,LILLE (intramuros),JCAQUINORD,FRADJ,07:19,FRPIS
4606,2023-06-10,ST PIERRE DES CORPS,NON,5260,09:27,NORD,MARNE LA VALLEE CHESSY,JCAQUINORD,FRMLV,07:54,FRXSH
4607,2023-06-10,CHAMBERY CHALLES LES EAUX,NON,6941,16:32,SUD EST,ANNECY,PARISALPES,FRNCY,15:49,FRCMF
4608,2023-06-10,PARIS (intramuros),NON,6941,14:17,SUD EST,MACON LOCHE TGV,PARISALPES,FRMLT,12:44,FRPLY
4609,2023-06-10,PARIS (intramuros),NON,6941,16:32,SUD EST,ANNECY,PARISALPES,FRNCY,12:44,FRPLY
4610,2023-06-10,LYON (intramuros),OUI,6608,10:08,SUD EST,PARIS (intramuros),RHONEPARIS,FRPLY,08:04,FRLPD
4611,2023-06-10,LYON (intramuros),OUI,6608,10:08,SUD EST,PARIS (intramuros),RHONEPARIS,FRPLY,07:50,FRLPE
4612,2023-06-10,LE MANS,OUI,8117,12:54,ATLANTIQUE,NANTES,PARISLOIRE,FRNTE,11:36,FRAET
4613,2023-06-10,MONTREJEAU GOURDAN POLIGNAN,NON,14141,12:21,IC SRO,ORTHEZ,SUDOUEST,FRGFI,10:39,FRMTJ
4614,2023-06-10,MONTREJEAU GOURDAN POLIGNAN,NON,14141,11:12,IC SRO,TARBES,SUDOUEST,FRXTB,10:39,FRMTJ
4615,2023-06-10,TARBES,NON,14141,12:21,IC SRO,ORTHEZ,SUDOUEST,FRGFI,11:15,FRXTB
4616,2023-06-10,FRANKFURT MAIN HBF,NON,9552,16:54,INTERNATIONAL,PARIS (intramuros),FRANCPA,FRPST,12:56,DEFRH
4617,2023-06-10,KAISERSLAUTERN HBF,NON,9552,15:02,INTERNATIONAL,SARREBRUCK/SAARBRUECKEN,FRANCPA,DESBK,14:24,DEKLT
4618,2023-06-10,KAISERSLAUTERN HBF,NON,9552,15:12,INTERNATIONAL,FORBACH,FRANCPA,FRBQT,14:24,DEKLT
4619,2023-06-10,SARREBRUCK/SAARBRUECKEN,NON,9552,16:54,INTERNATIONAL,PARIS (intramuros),FRANCPA,FRPST,15:03,DESBK
4620,2023-06-10,UZERCHE,OUI,3656,16:46,IC ARO,VIERZON VILLE,TOULOUZECO,FRXVZ,14:17,FRAAW
4621,2023-06-10,LIMOGES BENEDICTINS,OUI,3656,16:06,IC ARO,CHATEAUROUX,TOULOUZECO,FRCHR,14:56,FRAGQ
4622,2023-06-10,LIMOGES BENEDICTINS,OUI,3656,15:29,IC ARO,LA SOUTERRAINE,TOULOUZECO,FRLST,14:56,FRAGQ
4623,2023-06-10,BRIVE LA GAILLARDE,OUI,3656,16:06,IC ARO,CHATEAUROUX,TOULOUZECO,FRCHR,13:52,FRBVE
4624,2023-06-10,BRIVE LA GAILLARDE,OUI,3656,16:46,IC ARO,VIERZON VILLE,TOULOUZECO,FRXVZ,13:52,FRBVE
4625,2023-06-10,ISSOUDUN,OUI,3656,18:24,IC ARO,PARIS (intramuros),TOULOUZECO,FRPAZ,16:24,FRFMN
4626,2023-06-10,GOURDON,OUI,3656,14:53,IC ARO,LIMOGES BENEDICTINS,TOULOUZECO,FRAGQ,13:08,FRFSI
4627,2023-06-10,SOUILLAC,OUI,3656,14:53,IC ARO,LIMOGES BENEDICTINS,TOULOUZECO,FRAGQ,13:25,FRSOU
4628,2023-06-10,SOUILLAC,OUI,3656,16:06,IC ARO,CHATEAUROUX,TOULOUZECO,FRCHR,13:25,FRSOU
4629,2023-06-10,GOURDON,OUI,3656,15:29,IC ARO,LA SOUTERRAINE,TOULOUZECO,FRLST,13:08,FRFSI
4630,2023-06-10,BORDEAUX ST JEAN,NON,3858,22:05,IC SRO,NANTES,BORDONANTE,FRNTE,17:53,FRBOJ
4631,2023-06-10,JONZAC,NON,3858,21:22,IC SRO,LA ROCHE SUR YON,BORDONANTE,FRXRO,18:41,FREMR
4632,2023-06-10,LA ROCHELLE VILLE,NON,3858,20:58,IC SRO,LUCON,BORDONANTE,FRLCN,20:19,FRLRH
4633,2023-06-10,ROCHEFORT,NON,3858,20:15,IC SRO,LA ROCHELLE VILLE,BORDONANTE,FRLRH,19:55,FRRCO
4634,2023-06-10,SAINTES,NON,3858,20:15,IC SRO,LA ROCHELLE VILLE,BORDONANTE,FRLRH,19:25,FRXST
4635,2023-06-10,SAINTES,NON,3858,22:05,IC SRO,NANTES,BORDONANTE,FRNTE,19:25,FRXST
4636,2023-06-10,SAINTES,NON,3858,19:53,IC SRO,ROCHEFORT,BORDONANTE,FRRCO,19:25,FRXST
4637,2023-06-10,FRANKFURT MAIN HBF,NON,9566,09:37,INTERNATIONAL,MANNHEIM HBF,FRANCPA,DEMHG,08:56,DEFRH
4638,2023-06-10,FRANKFURT MAIN HBF,NON,9566,12:38,INTERNATIONAL,PARIS (intramuros),FRANCPA,FRPST,08:56,DEFRH
4639,2023-06-10,MANNHEIM HBF,NON,9566,10:05,INTERNATIONAL,KARLSRUHE HBF,FRANCPA,DEQKA,09:39,DEMHG
4640,2023-06-10,DIJON VILLE,NON,5500,19:41,EST,COLMAR,JCRHONRHIN,FRAEJ,17:50,FRABA
4641,2023-06-10,STRASBOURG,OUI,5500,21:13,EST,METZ VILLE,JCRHONRHIN,FRADE,20:24,FRAEG
4642,2023-06-10,COLMAR,OUI,5500,20:18,EST,STRASBOURG,JCRHONRHIN,FRAEG,19:44,FRAEJ
4643,2023-06-10,MULHOUSE VILLE,OUI,5500,21:13,EST,METZ VILLE,JCRHONRHIN,FRADE,19:12,FRAEK
4644,2023-06-10,NIMES,NON,5500,15:09,EST,VALENCE TGV RHONE-ALPES SUD,JCRHONRHIN,FRVLA,14:23,FRFNI
4645,2023-06-10,MACON VILLE,NON,5500,21:13,EST,METZ VILLE,JCRHONRHIN,FRADE,16:41,FRHGU
4646,2023-06-10,MACON VILLE,NON,5500,20:18,EST,STRASBOURG,JCRHONRHIN,FRAEG,16:41,FRHGU
4647,2023-06-10,LYON (intramuros),NON,5500,19:41,EST,COLMAR,JCRHONRHIN,FRAEJ,16:04,FRLPD
4648,2023-06-10,LYON (intramuros),NON,5500,19:09,EST,MULHOUSE VILLE,JCRHONRHIN,FRAEK,16:04,FRLPD
4649,2023-06-10,LYON (intramuros),NON,5500,16:39,EST,MACON VILLE,JCRHONRHIN,FRHGU,16:04,FRLPD
4650,2023-06-10,MONTPELLIER SAINT-ROCH,NON,5500,16:39,EST,MACON VILLE,JCRHONRHIN,FRHGU,13:55,FRMPL
4651,2023-06-10,MONTPELLIER SAINT-ROCH,NON,5500,15:09,EST,VALENCE TGV RHONE-ALPES SUD,JCRHONRHIN,FRVLA,13:55,FRMPL
4652,2023-06-10,BELFORT-MONTBELIARD TGV,NON,5500,19:41,EST,COLMAR,JCRHONRHIN,FRAEJ,18:47,FRTJA
4653,2023-06-10,BESANCON - F COMTE TGV,NON,5500,21:13,EST,METZ VILLE,JCRHONRHIN,FRADE,18:22,FRTJB
4654,2023-06-10,VALENCE TGV RHONE-ALPES SUD,NON,5500,20:18,EST,STRASBOURG,JCRHONRHIN,FRAEG,15:12,FRVLA
4655,2023-06-10,DAX,OUI,8592,22:53,ATLANTIQUE,LOURDES,PASUDOUEST,FRLDE,21:36,FRACG
4656,2023-06-10,PARIS (intramuros),OUI,8592,21:28,ATLANTIQUE,DAX,PASUDOUEST,FRACG,18:07,FRPMO
4657,2023-06-10,PARIS (intramuros),OUI,8592,20:14,ATLANTIQUE,BORDEAUX ST JEAN,PASUDOUEST,FRBOJ,18:07,FRPMO
4658,2023-06-10,LYON (intramuros),NON,6616,14:00,SUD EST,PARIS (intramuros),RHONEPARIS,FRPLY,12:04,FRLPD
4659,2023-06-10,BRUXELLES MIDI BRUSSEL ZUID,NON,9835,20:49,NORD,VALENCE TGV RHONE-ALPES SUD,JCNORDSUD,FRVLA,16:17,BEBMI
4660,2023-06-10,AIX EN PROVENCE TGV,OUI,9835,22:08,NORD,MARSEILLE ST CHARLES,JCNORDSUD,FRMSC,21:56,FRAIE
4661,2023-06-10,AVIGNON TGV,OUI,9835,22:08,NORD,MARSEILLE ST CHARLES,JCNORDSUD,FRMSC,21:33,FRAVG
4662,2023-06-10,LILLE (intramuros),NON,9835,18:08,NORD,MARNE LA VALLEE CHESSY,JCNORDSUD,FRMLV,17:03,FRLLE
4663,2023-06-10,LILLE (intramuros),NON,9835,22:08,NORD,MARSEILLE ST CHARLES,JCNORDSUD,FRMSC,17:03,FRLLE
4664,2023-06-10,MARNE LA VALLEE CHESSY,NON,9835,21:30,NORD,AVIGNON TGV,JCNORDSUD,FRAVG,18:13,FRMLV
4665,2023-06-10,MARNE LA VALLEE CHESSY,NON,9835,20:49,NORD,VALENCE TGV RHONE-ALPES SUD,JCNORDSUD,FRVLA,18:13,FRMLV
4666,2023-06-10,VALENCE TGV RHONE-ALPES SUD,NON,9835,22:08,NORD,MARSEILLE ST CHARLES,JCNORDSUD,FRMSC,20:59,FRVLA
4667,2023-06-10,AVIGNON TGV,NON,6127,21:59,SUD EST,MARSEILLE ST CHARLES,PAPROVENCE,FRMSC,21:24,FRAVG
4668,2023-06-10,PARIS (intramuros),NON,6127,21:44,SUD EST,AIX EN PROVENCE TGV,PAPROVENCE,FRAIE,18:36,FRPLY
4669,2023-06-10,AIX EN PROVENCE TGV,NON,6116,15:22,SUD EST,PARIS (intramuros),PROVENCEPA,FRPLY,12:17,FRAIE
4670,2023-06-10,MARSEILLE ST CHARLES,NON,6116,15:22,SUD EST,PARIS (intramuros),PROVENCEPA,FRPLY,12:03,FRMSC
4671,2023-06-10,LUCON,NON,3833,13:39,IC SRO,LA ROCHELLE VILLE,NANTEBORDO,FRLRH,13:00,FRLCN
4672,2023-06-10,NANTES,NON,3833,13:39,IC SRO,LA ROCHELLE VILLE,NANTEBORDO,FRLRH,11:55,FRNTE
4673,2023-06-10,NANTES,NON,3833,12:35,IC SRO,LA ROCHE SUR YON,NANTEBORDO,FRXRO,11:55,FRNTE
4674,2023-06-10,ROCHEFORT,NON,3833,16:08,IC SRO,BORDEAUX ST JEAN,NANTEBORDO,FRBOJ,14:05,FRRCO
4675,2023-06-10,SAINTES,NON,3833,16:08,IC SRO,BORDEAUX ST JEAN,NANTEBORDO,FRBOJ,14:34,FRXST
4676,2023-06-10,SAINTES,NON,3833,15:10,IC SRO,JONZAC,NANTEBORDO,FREMR,14:34,FRXST
4677,2023-06-10,ANGERS ST LAUD,OUI,5320,18:24,SUD EST,LE MANS,JCATLSUD,FRAET,17:44,FRACL
4678,2023-06-10,NANTES,OUI,5320,21:30,SUD EST,LYON (intramuros),JCATLSUD,FRLPD,17:05,FRNTE
4679,2023-06-10,BEZIERS,OUI,6825,21:34,SUD EST,CARCASSONNE,JCPROVSUD,FRCCF,20:51,FRBZR
4680,2023-06-10,BEZIERS,OUI,6825,22:19,SUD EST,TOULOUSE MATABIAU,JCPROVSUD,FRXYT,20:51,FRBZR
4681,2023-06-10,NIMES,OUI,6825,21:34,SUD EST,CARCASSONNE,JCPROVSUD,FRCCF,19:40,FRFNI
4682,2023-06-10,NIMES,OUI,6825,21:04,SUD EST,NARBONNE,JCPROVSUD,FRXNA,19:40,FRFNI
4683,2023-06-10,LYON (intramuros),OUI,6825,20:48,SUD EST,BEZIERS,JCPROVSUD,FRBZR,18:09,FRLPD
4684,2023-06-10,LYON (intramuros),OUI,6825,21:34,SUD EST,CARCASSONNE,JCPROVSUD,FRCCF,18:09,FRLPD
4685,2023-06-10,LYON (intramuros),OUI,6825,20:23,SUD EST,SETE,JCPROVSUD,FRXSY,18:09,FRLPD
4686,2023-06-10,VALENCE TGV RHONE-ALPES SUD,OUI,6825,19:37,SUD EST,NIMES,JCPROVSUD,FRFNI,18:53,FRVLA
4687,2023-06-10,SETE,OUI,6825,21:04,SUD EST,NARBONNE,JCPROVSUD,FRXNA,20:26,FRXSY
4688,2023-06-10,SETE,OUI,6825,22:19,SUD EST,TOULOUSE MATABIAU,JCPROVSUD,FRXYT,20:26,FRXSY
4689,2023-06-10,ORTHEZ,OUI,8572,15:19,ATLANTIQUE,TARBES,PASUDOUEST,FRXTB,14:04,FRGFI
4690,2023-06-10,LAUSANNE,NON,9768,10:21,INTERNATIONAL,GENEVE,GENEVEPA,CHGVA,09:45,CHAJF
4691,2023-06-10,DIJON VILLE,NON,2087,14:49,EST,AIX EN PROVENCE TGV,JCRHINRHON,FRAIE,11:21,FRABA
4692,2023-06-10,DIJON VILLE,NON,2087,15:06,EST,MARSEILLE ST CHARLES,JCRHINRHON,FRMSC,11:21,FRABA
4693,2023-06-10,STRASBOURG,NON,2087,14:25,EST,AVIGNON TGV,JCRHINRHON,FRAVG,09:03,FRAEG
4694,2023-06-10,STRASBOURG,NON,2087,13:00,EST,LYON (intramuros),JCRHINRHON,FRLPD,09:03,FRAEG
4695,2023-06-10,MULHOUSE VILLE,NON,2087,11:11,EST,DIJON VILLE,JCRHINRHON,FRABA,09:57,FRAEK
4696,2023-06-10,MULHOUSE VILLE,NON,2087,14:49,EST,AIX EN PROVENCE TGV,JCRHINRHON,FRAIE,09:57,FRAEK
4697,2023-06-10,MULHOUSE VILLE,NON,2087,15:06,EST,MARSEILLE ST CHARLES,JCRHINRHON,FRMSC,09:57,FRAEK
4698,2023-06-10,MACON VILLE,NON,2087,13:46,EST,VALENCE TGV RHONE-ALPES SUD,JCRHINRHON,FRVLA,12:22,FRHGU
4699,2023-06-10,LYON (intramuros),NON,2087,14:49,EST,AIX EN PROVENCE TGV,JCRHINRHON,FRAIE,13:06,FRLPD
4700,2023-06-10,BELFORT-MONTBELIARD TGV,NON,2087,11:11,EST,DIJON VILLE,JCRHINRHON,FRABA,10:21,FRTJA
4701,2023-06-10,BELFORT-MONTBELIARD TGV,NON,2087,12:19,EST,MACON VILLE,JCRHINRHON,FRHGU,10:21,FRTJA
4702,2023-06-10,BELFORT-MONTBELIARD TGV,NON,2087,10:41,EST,BESANCON - F COMTE TGV,JCRHINRHON,FRTJB,10:21,FRTJA
4703,2023-06-10,BESANCON - F COMTE TGV,NON,2087,11:11,EST,DIJON VILLE,JCRHINRHON,FRABA,10:44,FRTJB
4704,2023-06-10,BESANCON - F COMTE TGV,NON,2087,12:19,EST,MACON VILLE,JCRHINRHON,FRHGU,10:44,FRTJB
4705,2023-06-10,VALENCE TGV RHONE-ALPES SUD,NON,2087,14:25,EST,AVIGNON TGV,JCRHINRHON,FRAVG,13:51,FRVLA
4706,2023-06-10,ARVANT,NON,15940,16:01,IC SRO,CLERMONT FERRAND,JOUNOREST,FRCFE,15:17,FRARV
4707,2023-06-10,ISSOIRE,NON,15940,16:01,IC SRO,CLERMONT FERRAND,JOUNOREST,FRCFE,15:36,FRHLB
4708,2023-06-10,BRASSAC LES MINES STE FLORINE,NON,15940,16:01,IC SRO,CLERMONT FERRAND,JOUNOREST,FRCFE,15:23,FRHLE
4709,2023-06-10,NEUSSARGUES,NON,15940,15:35,IC SRO,ISSOIRE,JOUNOREST,FRHLB,14:36,FRNEU
4710,2023-06-10,NEUSSARGUES,NON,15940,15:22,IC SRO,BRASSAC LES MINES STE FLORINE,JOUNOREST,FRHLE,14:36,FRNEU
4711,2023-06-10,GRENOBLE,OUI,6920,15:55,SUD EST,LYON-SAINT EXUPERY TGV,GRENOBLEPA,FRJDQ,14:46,FRGNB
4712,2023-06-10,ST MAIXENT DEUX SEVRES,OUI,8375,12:22,ATLANTIQUE,LA ROCHELLE VILLE,PAROCHELLE,FRLRH,11:23,FREJC
4713,2023-06-10,ST MAIXENT DEUX SEVRES,OUI,8375,11:38,ATLANTIQUE,NIORT,PAROCHELLE,FRNIT,11:23,FREJC
4714,2023-06-10,NIORT,OUI,8375,12:22,ATLANTIQUE,LA ROCHELLE VILLE,PAROCHELLE,FRLRH,11:41,FRNIT
4715,2023-06-10,POITIERS,OUI,8375,11:21,ATLANTIQUE,ST MAIXENT DEUX SEVRES,PAROCHELLE,FREJC,10:53,FRPIS
4716,2023-06-10,POITIERS,OUI,8375,12:22,ATLANTIQUE,LA ROCHELLE VILLE,PAROCHELLE,FRLRH,10:53,FRPIS
4717,2023-06-10,PARIS (intramuros),NON,8375,10:50,ATLANTIQUE,POITIERS,PAROCHELLE,FRPIS,09:12,FRPMO
4718,2023-06-10,ST PIERRE DES CORPS,OUI,8375,12:22,ATLANTIQUE,LA ROCHELLE VILLE,PAROCHELLE,FRLRH,10:16,FRXSH
4719,2023-06-10,MACON LOCHE TGV,NON,6937,12:59,SUD EST,AIX LES BAINS LE REVARD,PARISALPES,FRXAI,11:19,FRMLT
4720,2023-06-10,PARIS (intramuros),NON,6937,13:28,SUD EST,ANNECY,PARISALPES,FRNCY,09:44,FRPLY
4721,2023-06-10,AIX LES BAINS LE REVARD,NON,6937,13:28,SUD EST,ANNECY,PARISALPES,FRNCY,13:02,FRXAI
4722,2023-06-10,PARIS (intramuros),NON,7043,15:48,NORD,LILLE (intramuros),PALILLE,FRADJ,14:46,FRPNO
4723,2023-06-10,VALENCIENNES,OUI,7116,12:08,NORD,PARIS (intramuros),ARRASPA,FRPNO,10:15,FRXVS
4724,2023-06-10,LIMOGES BENEDICTINS,OUI,3645,20:39,IC ARO,CAUSSADE TARN ET GARONNE,PALITO,FRFTA,18:05,FRAGQ
4725,2023-06-10,BRIVE LA GAILLARDE,OUI,3645,20:13,IC ARO,CAHORS,PALITO,FRZAO,19:08,FRBVE
4726,2023-06-10,CHATEAUROUX,OUI,3645,20:39,IC ARO,CAUSSADE TARN ET GARONNE,PALITO,FRFTA,16:50,FRCHR
4727,2023-06-10,LES AUBRAIS ORLEANS,OUI,3645,20:39,IC ARO,CAUSSADE TARN ET GARONNE,PALITO,FRFTA,15:40,FRLAB
4728,2023-06-10,LES AUBRAIS ORLEANS,OUI,3645,20:13,IC ARO,CAHORS,PALITO,FRZAO,15:40,FRLAB
4729,2023-06-10,PARIS (intramuros),OUI,3645,20:39,IC ARO,CAUSSADE TARN ET GARONNE,PALITO,FRFTA,14:35,FRPAZ
4730,2023-06-10,SOUILLAC,OUI,3645,19:46,IC ARO,GOURDON,PALITO,FRFSI,19:32,FRSOU
4731,2023-06-10,SOUILLAC,OUI,3645,20:54,IC ARO,MONTAUBAN VILLE BOURBON,PALITO,FRXMW,19:32,FRSOU
4732,2023-06-10,CAHORS,OUI,3645,20:54,IC ARO,MONTAUBAN VILLE BOURBON,PALITO,FRXMW,20:15,FRZAO
4733,2023-06-10,CAHORS,OUI,3645,21:27,IC ARO,TOULOUSE MATABIAU,PALITO,FRXYT,20:15,FRZAO
4734,2023-06-10,LA SOUTERRAINE,OUI,3645,20:54,IC ARO,MONTAUBAN VILLE BOURBON,PALITO,FRXMW,17:27,FRLST
4735,2023-06-10,HENDAYE,NON,8530,08:26,ATLANTIQUE,DAX,SUDOUESTPA,FRACG,07:12,FRAEF
4736,2023-06-10,BORDEAUX ST JEAN,NON,8530,11:52,ATLANTIQUE,PARIS (intramuros),SUDOUESTPA,FRPMO,09:46,FRBOJ
4737,2023-06-10,BAYONNE,NON,8530,09:40,ATLANTIQUE,BORDEAUX ST JEAN,SUDOUESTPA,FRBOJ,07:52,FRXBY
4738,2023-06-10,ST JEAN DE LUZ CIBOURE,NON,8530,08:26,ATLANTIQUE,DAX,SUDOUESTPA,FRACG,07:24,FRXJZ
4739,2023-06-10,MONTPELLIER SUD DE FRANCE,NON,6250,08:50,SUD EST,VALENCE TGV RHONE-ALPES SUD,LANGPA,FRVLA,07:52,FRSUF
4740,2023-06-10,LE MANS,NON,5386,20:05,SUD EST,LAVAL,JCSUDATL,FRACR,19:34,FRAET
4741,2023-06-10,AVIGNON TGV,NON,5386,19:29,SUD EST,LE MANS,JCSUDATL,FRAET,15:15,FRAVG
4742,2023-06-10,LYON (intramuros),NON,5386,20:32,SUD EST,RENNES,JCSUDATL,FRRNS,16:30,FRLPD
4743,2023-06-10,LAVAL,NON,8081,09:54,ATLANTIQUE,ST MALO,PARISBRETA,FRXSB,08:22,FRACR
4744,2023-06-10,PARIS (intramuros),NON,8081,08:19,ATLANTIQUE,LAVAL,PARISBRETA,FRACR,07:04,FRPMO
4745,2023-06-10,AIX EN PROVENCE TGV,OUI,5102,10:48,NORD,MARSEILLE ST CHARLES,JCNORDSUD,FRMSC,10:36,FRAIE
4746,2023-06-10,MARNE LA VALLEE CHESSY,NON,5102,10:33,NORD,AIX EN PROVENCE TGV,JCNORDSUD,FRAIE,07:13,FRMLV
4747,2023-06-10,AEROPORT CDG2 TGV ROISSY,NON,5102,10:11,NORD,AVIGNON TGV,JCNORDSUD,FRAVG,06:56,FRMLW
4748,2023-06-10,LIMOGES BENEDICTINS,OUI,3619,12:57,IC ARO,BRIVE LA GAILLARDE,PALITO,FRBVE,11:56,FRAGQ
4749,2023-06-10,LIMOGES BENEDICTINS,OUI,3619,14:34,IC ARO,CAUSSADE TARN ET GARONNE,PALITO,FRFTA,11:56,FRAGQ
4750,2023-06-10,LIMOGES BENEDICTINS,OUI,3619,15:23,IC ARO,TOULOUSE MATABIAU,PALITO,FRXYT,11:56,FRAGQ
4751,2023-06-10,CHATEAUROUX,NON,3619,14:34,IC ARO,CAUSSADE TARN ET GARONNE,PALITO,FRFTA,10:41,FRCHR
4752,2023-06-10,GOURDON,OUI,3619,14:07,IC ARO,CAHORS,PALITO,FRZAO,13:42,FRFSI
4753,2023-06-10,LES AUBRAIS ORLEANS,NON,3619,13:40,IC ARO,GOURDON,PALITO,FRFSI,09:28,FRLAB
4754,2023-06-10,LES AUBRAIS ORLEANS,NON,3619,14:34,IC ARO,CAUSSADE TARN ET GARONNE,PALITO,FRFTA,09:28,FRLAB
4755,2023-06-10,LES AUBRAIS ORLEANS,NON,3619,15:23,IC ARO,TOULOUSE MATABIAU,PALITO,FRXYT,09:28,FRLAB
4756,2023-06-10,LES AUBRAIS ORLEANS,NON,3619,14:07,IC ARO,CAHORS,PALITO,FRZAO,09:28,FRLAB
4757,2023-06-10,PARIS (intramuros),NON,3619,14:34,IC ARO,CAUSSADE TARN ET GARONNE,PALITO,FRFTA,08:22,FRPAZ
4758,2023-06-10,PARIS (intramuros),NON,3619,11:17,IC ARO,LA SOUTERRAINE,PALITO,FRLST,08:22,FRPAZ
4759,2023-06-10,PARIS (intramuros),NON,3619,15:23,IC ARO,TOULOUSE MATABIAU,PALITO,FRXYT,08:22,FRPAZ
4760,2023-06-10,SOUILLAC,OUI,3619,13:40,IC ARO,GOURDON,PALITO,FRFSI,13:26,FRSOU
4761,2023-06-10,SOUILLAC,OUI,3619,14:49,IC ARO,MONTAUBAN VILLE BOURBON,PALITO,FRXMW,13:26,FRSOU
4762,2023-06-10,VIERZON VILLE,NON,3619,11:17,IC ARO,LA SOUTERRAINE,PALITO,FRLST,10:09,FRXVZ
4763,2023-06-10,LA SOUTERRAINE,NON,3619,14:34,IC ARO,CAUSSADE TARN ET GARONNE,PALITO,FRFTA,11:19,FRLST
4764,2023-06-10,PAU,NON,14157,21:49,IC SRO,HENDAYE,SUDOUEST,FRAEF,19:52,FRAEE
4765,2023-06-10,BIARRITZ,NON,14157,21:49,IC SRO,HENDAYE,SUDOUEST,FRAEF,21:23,FRBIQ
4766,2023-06-10,ORTHEZ,NON,14157,21:49,IC SRO,HENDAYE,SUDOUEST,FRAEF,20:15,FRGFI
4767,2023-06-10,LOURDES,NON,14157,21:36,IC SRO,ST JEAN DE LUZ CIBOURE,SUDOUEST,FRXJZ,19:23,FRLDE
4768,2023-06-10,ST JEAN DE LUZ CIBOURE,NON,14157,21:49,IC SRO,HENDAYE,SUDOUEST,FRAEF,21:37,FRXJZ
4769,2023-06-10,TARBES,NON,14157,19:49,IC SRO,PAU,SUDOUEST,FRAEE,19:07,FRXTB
4770,2023-06-10,TOULOUSE MATABIAU,NON,14157,19:49,IC SRO,PAU,SUDOUEST,FRAEE,17:25,FRXYT
4771,2023-06-10,TOULOUSE MATABIAU,NON,14157,21:22,IC SRO,BIARRITZ,SUDOUEST,FRBIQ,17:25,FRXYT
4772,2023-06-10,TOULOUSE MATABIAU,NON,14157,19:20,IC SRO,LOURDES,SUDOUEST,FRLDE,17:25,FRXYT
4773,2023-06-10,TOULOUSE MATABIAU,NON,14157,19:04,IC SRO,TARBES,SUDOUEST,FRXTB,17:25,FRXYT
4774,2023-06-10,LANNEMEZAN,NON,14157,21:36,IC SRO,ST JEAN DE LUZ CIBOURE,SUDOUEST,FRXJZ,18:41,FRLNZ
4775,2023-06-10,LANNEMEZAN,NON,14157,21:49,IC SRO,HENDAYE,SUDOUEST,FRAEF,18:41,FRLNZ
4776,2023-06-10,PARIS (intramuros),NON,7283,19:51,NORD,DUNKERQUE,PAARRAS,FRADI,17:52,FRPNO
4777,2023-06-10,PARIS (intramuros),NON,7283,19:08,NORD,LILLE (intramuros),PAARRAS,FRLLE,17:52,FRPNO
4778,2023-06-10,BORDEAUX ST JEAN,NON,8581,15:52,ATLANTIQUE,PARIS (intramuros),SUDOUESTPA,FRPMO,13:46,FRBOJ
4779,2023-06-10,TARBES,NON,8581,13:40,ATLANTIQUE,BORDEAUX ST JEAN,SUDOUESTPA,FRBOJ,10:39,FRXTB
4780,2023-06-10,TARBES,NON,8581,15:52,ATLANTIQUE,PARIS (intramuros),SUDOUESTPA,FRPMO,10:39,FRXTB
4781,2023-06-10,CANNES,NON,6168,21:50,SUD EST,PARIS (intramuros),AZURPA,FRPLY,16:32,FRJCA
4782,2023-06-10,CANNES,OUI,6168,16:55,SUD EST,ST RAPHAEL VALESCURE,AZURPA,FRXSK,16:32,FRJCA
4783,2023-06-10,NICE VILLE,OUI,6168,16:28,SUD EST,CANNES,AZURPA,FRJCA,16:01,FRNIC
4784,2023-06-10,NICE VILLE,OUI,6168,18:33,SUD EST,MARSEILLE ST CHARLES,AZURPA,FRMSC,16:01,FRNIC
4785,2023-06-10,NICE VILLE,OUI,6168,16:14,SUD EST,ANTIBES,AZURPA,FRXAT,16:01,FRNIC
4786,2023-06-10,ANTIBES,NON,6168,21:50,SUD EST,PARIS (intramuros),AZURPA,FRPLY,16:17,FRXAT
4787,2023-06-10,ST RAPHAEL VALESCURE,OUI,6168,17:44,SUD EST,TOULON,AZURPA,FRTLN,16:58,FRXSK
4788,2023-06-10,PARIS (intramuros),NON,8435,09:17,ATLANTIQUE,POITIERS,PASUDOUEST,FRPIS,07:58,FRPMO
4789,2023-06-10,ANGERS ST LAUD,NON,8931,21:55,ATLANTIQUE,LA BAULE ESCOUBLAC,PARISLOIRE,FRJEE,20:19,FRACL
4790,2023-06-10,PARIS (intramuros),NON,8931,21:39,ATLANTIQUE,ST NAZAIRE,PARISLOIRE,FRSNR,18:48,FRPMO
4791,2023-06-10,SABLE SUR SARTHE,NON,8931,22:07,ATLANTIQUE,LE CROISIC,PARISLOIRE,FREGU,19:56,FRSAB
4792,2023-06-10,ST NAZAIRE,OUI,8931,21:55,ATLANTIQUE,LA BAULE ESCOUBLAC,PARISLOIRE,FRJEE,21:42,FRSNR
4793,2023-06-10,LILLE (intramuros),NON,7516,12:08,NORD,PARIS (intramuros),ARRASPA,FRPNO,10:51,FRLLE
4794,2023-06-10,CALAIS FRETHUN,NON,7516,12:08,NORD,PARIS (intramuros),ARRASPA,FRPNO,10:09,FRSTH
4795,2023-06-10,DIJON VILLE,NON,9210,13:38,INTERNATIONAL,PARIS (intramuros),ZURBALPA,FRPLY,12:02,FRABA
4796,2023-06-10,ANNECY,OUI,6978,16:10,SUD EST,CHAMBERY CHALLES LES EAUX,ALPESPARIS,FRCMF,15:31,FRNCY
4797,2023-06-10,ANNECY,OUI,6978,19:14,SUD EST,PARIS (intramuros),ALPESPARIS,FRPLY,15:31,FRNCY
4798,2023-06-10,AIX LES BAINS LE REVARD,OUI,6978,17:38,SUD EST,MACON LOCHE TGV,ALPESPARIS,FRMLT,15:59,FRXAI
4799,2023-06-10,PARIS (intramuros),OUI,6277,19:06,SUD EST,VALENCE TGV RHONE-ALPES SUD,PALANG,FRVLA,16:54,FRPLY
4800,2023-06-10,VALENCE TGV RHONE-ALPES SUD,NON,6277,21:20,SUD EST,NARBONNE,PALANG,FRXNA,19:11,FRVLA
4801,2023-06-10,VALENCE TGV RHONE-ALPES SUD,NON,6277,20:34,SUD EST,SETE,PALANG,FRXSY,19:11,FRVLA
4802,2023-06-10,SETE,OUI,6277,21:56,SUD EST,PERPIGNAN,PALANG,FRPGF,20:37,FRXSY
4803,2023-06-10,SETE,OUI,6277,20:49,SUD EST,AGDE,PALANG,FRXAG,20:37,FRXSY
4804,2023-06-10,SETE,OUI,6277,21:20,SUD EST,NARBONNE,PALANG,FRXNA,20:37,FRXSY
4805,2023-06-10,MONTPELLIER SUD DE FRANCE,OUI,6277,20:49,SUD EST,AGDE,PALANG,FRXAG,20:20,FRSUF
4806,2023-06-10,MONTPELLIER SUD DE FRANCE,OUI,6277,21:03,SUD EST,BEZIERS,PALANG,FRBZR,20:20,FRSUF
4807,2023-06-10,AIX EN PROVENCE TGV,NON,6801,10:47,SUD EST,ANTIBES,JCPROVSUD,FRXAT,08:03,FRAIE
4808,2023-06-10,AVIGNON TGV,NON,6801,10:47,SUD EST,ANTIBES,JCPROVSUD,FRXAT,07:38,FRAVG
4809,2023-06-10,LYON (intramuros),NON,6801,08:00,SUD EST,AIX EN PROVENCE TGV,JCPROVSUD,FRAIE,06:04,FRLPD
4810,2023-06-10,LYON (intramuros),NON,6801,11:06,SUD EST,NICE VILLE,JCPROVSUD,FRNIC,06:04,FRLPD
4811,2023-06-10,LYON (intramuros),NON,6801,10:06,SUD EST,ST RAPHAEL VALESCURE,JCPROVSUD,FRXSK,06:04,FRLPD
4812,2023-06-10,MARSEILLE ST CHARLES,NON,6801,11:06,SUD EST,NICE VILLE,JCPROVSUD,FRNIC,08:28,FRMSC
4813,2023-06-10,TOULON,OUI,6801,11:06,SUD EST,NICE VILLE,JCPROVSUD,FRNIC,09:15,FRTLN
4814,2023-06-10,TOULON,OUI,6801,09:49,SUD EST,LES ARCS DRAGUIGNAN,JCPROVSUD,FRXRS,09:15,FRTLN
4815,2023-06-10,LES ARCS DRAGUIGNAN,OUI,6801,10:06,SUD EST,ST RAPHAEL VALESCURE,JCPROVSUD,FRXSK,09:52,FRXRS
4816,2023-06-10,BOULOGNE VILLE,NON,7522,15:08,NORD,PARIS (intramuros),ARRASPA,FRPNO,12:42,FRAEB
4817,2023-06-10,RANG DU FLIERS VERTON,NON,7522,15:08,NORD,PARIS (intramuros),ARRASPA,FRPNO,12:13,FRCVU
4818,2023-06-10,ETAPLES LE TOUQUET,NON,7522,15:08,NORD,PARIS (intramuros),ARRASPA,FRPNO,12:24,FRETA
4819,2023-06-10,LILLE (intramuros),NON,7522,15:08,NORD,PARIS (intramuros),ARRASPA,FRPNO,13:51,FRLLE
4820,2023-06-10,ANGERS ST LAUD,NON,8112,11:25,ATLANTIQUE,PARIS (intramuros),LOIREPARIS,FRPMO,09:44,FRACL
4821,2023-06-10,KAISERSLAUTERN HBF,NON,9554,13:01,INTERNATIONAL,SARREBRUCK/SAARBRUECKEN,FRANCPA,DESBK,12:24,DEKLT
4822,2023-06-10,KAISERSLAUTERN HBF,NON,9554,14:53,INTERNATIONAL,PARIS (intramuros),FRANCPA,FRPST,12:24,DEKLT
4823,2023-06-10,BIARRITZ,OUI,8541,16:47,ATLANTIQUE,HENDAYE,PASUDOUEST,FRAEF,16:19,FRBIQ
4824,2023-06-10,BORDEAUX ST JEAN,OUI,8541,16:47,ATLANTIQUE,HENDAYE,PASUDOUEST,FRAEF,14:21,FRBOJ
4825,2023-06-10,BAYONNE,OUI,8541,16:47,ATLANTIQUE,HENDAYE,PASUDOUEST,FRAEF,16:06,FRXBY
4826,2023-06-10,BAYONNE,OUI,8541,16:16,ATLANTIQUE,BIARRITZ,PASUDOUEST,FRBIQ,16:06,FRXBY
4827,2023-06-10,DIJON VILLE,OUI,9896,23:02,EST,METZ VILLE,JCRHONRHIN,FRADE,19:49,FRABA
4828,2023-06-10,DIJON VILLE,OUI,9896,21:09,EST,MULHOUSE VILLE,JCRHONRHIN,FRAEK,19:49,FRABA
4829,2023-06-10,DIJON VILLE,OUI,9896,20:40,EST,BELFORT-MONTBELIARD TGV,JCRHONRHIN,FRTJA,19:49,FRABA
4830,2023-06-10,MULHOUSE VILLE,OUI,9896,22:07,EST,STRASBOURG,JCRHONRHIN,FRAEG,21:12,FRAEK
4831,2023-06-10,AIX EN PROVENCE TGV,NON,9896,17:08,EST,VALENCE TGV RHONE-ALPES SUD,JCRHONRHIN,FRVLA,16:11,FRAIE
4832,2023-06-10,AVIGNON TGV,NON,9896,23:02,EST,METZ VILLE,JCRHONRHIN,FRADE,16:33,FRAVG
4833,2023-06-10,AVIGNON TGV,NON,9896,17:51,EST,LYON (intramuros),JCRHONRHIN,FRLPD,16:33,FRAVG
4834,2023-06-10,LYON (intramuros),NON,9896,21:09,EST,MULHOUSE VILLE,JCRHONRHIN,FRAEK,18:00,FRLPD
4835,2023-06-10,MARSEILLE ST CHARLES,NON,9896,17:51,EST,LYON (intramuros),JCRHONRHIN,FRLPD,15:56,FRMSC
4836,2023-06-10,MARSEILLE ST CHARLES,NON,9896,20:40,EST,BELFORT-MONTBELIARD TGV,JCRHONRHIN,FRTJA,15:56,FRMSC
4837,2023-06-10,BELFORT-MONTBELIARD TGV,OUI,9896,22:07,EST,STRASBOURG,JCRHONRHIN,FRAEG,20:45,FRTJA
4838,2023-06-10,BESANCON - F COMTE TGV,OUI,9896,22:07,EST,STRASBOURG,JCRHONRHIN,FRAEG,20:19,FRTJB
4839,2023-06-10,NIMES,NON,2204,19:41,EST,COLMAR,JCRHONRHIN,FRAEJ,14:23,FRFNI
4840,2023-06-10,NIMES,NON,2204,18:44,EST,BELFORT-MONTBELIARD TGV,JCRHONRHIN,FRTJA,14:23,FRFNI
4841,2023-06-10,LYON (intramuros),NON,2204,17:40,EST,DIJON VILLE,JCRHONRHIN,FRABA,16:04,FRLPD
4842,2023-06-10,MONTPELLIER SAINT-ROCH,NON,2204,19:09,EST,MULHOUSE VILLE,JCRHONRHIN,FRAEK,13:55,FRMPL
4843,2023-06-10,MONTPELLIER SAINT-ROCH,NON,2204,14:20,EST,NIMES,JCRHONRHIN,FRFNI,13:55,FRMPL
4844,2023-06-10,BESANCON - F COMTE TGV,NON,2204,20:18,EST,STRASBOURG,JCRHONRHIN,FRAEG,18:22,FRTJB
4845,2023-06-10,BESANCON - F COMTE TGV,NON,2204,19:41,EST,COLMAR,JCRHONRHIN,FRAEJ,18:22,FRTJB
4846,2023-06-10,BESANCON - F COMTE TGV,NON,2204,19:09,EST,MULHOUSE VILLE,JCRHONRHIN,FRAEK,18:22,FRTJB
4847,2023-06-10,VALENCE TGV RHONE-ALPES SUD,NON,2204,19:41,EST,COLMAR,JCRHONRHIN,FRAEJ,15:12,FRVLA
4848,2023-06-10,VALENCE TGV RHONE-ALPES SUD,NON,2204,19:09,EST,MULHOUSE VILLE,JCRHONRHIN,FRAEK,15:12,FRVLA
4849,2023-06-10,BRUXELLES MIDI BRUSSEL ZUID,NON,9812,08:52,NORD,LILLE (intramuros),JCNORDSUD,FRLLE,08:17,BEBMI
4850,2023-06-10,BRUXELLES MIDI BRUSSEL ZUID,NON,9812,12:45,NORD,VALENCE TGV RHONE-ALPES SUD,JCNORDSUD,FRVLA,08:17,BEBMI
4851,2023-06-10,LYON (intramuros),NON,9812,14:03,NORD,MONTPELLIER SAINT-ROCH,JCNORDSUD,FRMPL,12:06,FRLPD
4852,2023-06-10,MARNE LA VALLEE CHESSY,NON,9812,14:03,NORD,MONTPELLIER SAINT-ROCH,JCNORDSUD,FRMPL,10:13,FRMLV
4853,2023-06-10,AEROPORT CDG2 TGV ROISSY,NON,9812,13:35,NORD,NIMES,JCNORDSUD,FRFNI,09:59,FRMLW
4854,2023-06-10,AEROPORT CDG2 TGV ROISSY,NON,9812,10:08,NORD,MARNE LA VALLEE CHESSY,JCNORDSUD,FRMLV,09:59,FRMLW
4855,2023-06-10,PARIS (intramuros),NON,6627,19:09,SUD EST,LE CREUSOT MONTCEAU MONTCHANIN,PARISRHONE,FRXCC,17:50,FRPLY
4856,2023-06-10,LE CREUSOT MONTCEAU MONTCHANIN,OUI,6627,20:10,SUD EST,LYON (intramuros),PARISRHONE,FRLPE,19:12,FRXCC
4857,2023-06-10,KARLSRUHE HBF,NON,9560,18:48,INTERNATIONAL,STRASBOURG,FRANCPA,FRAEG,18:05,DEQKA
4858,2023-06-10,BRUXELLES MIDI BRUSSEL ZUID,OUI,9844,18:51,NORD,LILLE (intramuros),JCNORDSUD,FRLLE,18:17,BEBMI
4859,2023-06-10,ARRAS,OUI,7242,21:08,NORD,PARIS (intramuros),ARRASPA,FRPNO,20:18,FRQRV
4860,2023-06-10,MASSY TGV,NON,5351,11:19,SUD EST,NANTES,JCSUDATL,FRNTE,08:43,FRDJU
4861,2023-06-10,LYON (intramuros),NON,5351,11:19,SUD EST,NANTES,JCSUDATL,FRNTE,06:30,FRLPD
4862,2023-06-10,LYON (intramuros),OUI,5351,06:24,SUD EST,LYON (intramuros),JCSUDATL,FRLPD,06:16,FRLPE
4863,2023-06-10,LYON (intramuros),NON,5351,11:19,SUD EST,NANTES,JCSUDATL,FRNTE,06:16,FRLPE
4864,2023-06-10,STRASBOURG,OUI,2584,07:16,EST,NANCY,NANCYPA,FRENC,05:41,FRAEG
4865,2023-06-10,STRASBOURG,OUI,2584,06:46,EST,LUNEVILLE,NANCYPA,FRLNE,05:41,FRAEG
4866,2023-06-10,STRASBOURG,OUI,2584,06:21,EST,SARREBOURG,NANCYPA,FRSBG,05:41,FRAEG
4867,2023-06-10,NANCY,OUI,2584,08:46,EST,PARIS (intramuros),NANCYPA,FRPST,07:16,FRENC
4868,2023-06-10,SAVERNE,OUI,2584,08:46,EST,PARIS (intramuros),NANCYPA,FRPST,06:06,FRSNE
4869,2023-06-10,MULHOUSE VILLE,NON,6704,14:02,SUD EST,MONTBARD,BOURPA,FRGWE,12:05,FRAEK
4870,2023-06-10,BESANCON - F COMTE TGV,NON,6704,15:08,SUD EST,PARIS (intramuros),BOURPA,FRPLY,12:54,FRTJB
4871,2023-06-10,AGEN,OUI,8505,15:00,ATLANTIQUE,MONTAUBAN VILLE BOURBON,PASUDOUEST,FRXMW,14:23,FRAGF
4872,2023-06-10,BORDEAUX ST JEAN,NON,8505,15:00,ATLANTIQUE,MONTAUBAN VILLE BOURBON,PASUDOUEST,FRXMW,13:20,FRBOJ
4873,2023-06-10,LE MANS,NON,8912,11:25,ATLANTIQUE,PARIS (intramuros),LOIREPARIS,FRPMO,10:26,FRAET
4874,2023-06-10,LE CROISIC,NON,8912,10:23,ATLANTIQUE,LE MANS,LOIREPARIS,FRAET,07:55,FREGU
4875,2023-06-10,LA BAULE ESCOUBLAC,OUI,8912,09:41,ATLANTIQUE,ANGERS ST LAUD,LOIREPARIS,FRACL,08:07,FRJEE
4876,2023-06-10,LA BAULE ESCOUBLAC,OUI,8912,08:21,ATLANTIQUE,ST NAZAIRE,LOIREPARIS,FRSNR,08:07,FRJEE
4877,2023-06-10,NANTES,NON,8912,10:23,ATLANTIQUE,LE MANS,LOIREPARIS,FRAET,09:05,FRNTE
4878,2023-06-10,NANTES,NON,8912,11:25,ATLANTIQUE,PARIS (intramuros),LOIREPARIS,FRPMO,09:05,FRNTE
4879,2023-06-10,GENEVE,NON,9777,20:14,INTERNATIONAL,LAUSANNE,PAGENEVE,CHAJF,19:39,CHGVA
4880,2023-06-10,PAU,NON,14150,18:30,IC SRO,LOURDES,SUDOUEST,FRLDE,18:05,FRAEE
4881,2023-06-10,ORTHEZ,NON,14150,19:30,IC SRO,ST GAUDENS,SUDOUEST,FRFPH,17:36,FRGFI
4882,2023-06-10,ORTHEZ,NON,14150,18:30,IC SRO,LOURDES,SUDOUEST,FRLDE,17:36,FRGFI
4883,2023-06-10,ORTHEZ,NON,14150,20:27,IC SRO,TOULOUSE MATABIAU,SUDOUEST,FRXYT,17:36,FRGFI
4884,2023-06-10,AGEN,NON,4655,10:52,IC ARO,MONTPELLIER SAINT-ROCH,TJOURSOSE,FRMPL,07:20,FRAGF
4885,2023-06-10,BEZIERS,NON,4655,11:20,IC ARO,NIMES,TJOURSOSE,FRFNI,10:17,FRBZR
4886,2023-06-10,TOULOUSE MATABIAU,NON,4655,09:58,IC ARO,NARBONNE,TJOURSOSE,FRXNA,08:45,FRXYT
4887,2023-06-10,VICHY,OUI,5983,22:23,IC ARO,RIOM CHATEL GUYON,PACLERMONT,FRRIO,22:03,FRVHY
4888,2023-06-10,MOULINS SUR ALLIER,OUI,5983,22:01,IC ARO,VICHY,PACLERMONT,FRVHY,21:30,FRXMU
4889,2023-06-10,PARIS (intramuros),OUI,7183,18:58,NORD,DOUAI,PAARRAS,FRXDN,17:52,FRPNO
4890,2023-06-10,DOUAI,OUI,7183,19:35,NORD,VALENCIENNES,PAARRAS,FRXVS,19:09,FRXDN
4891,2023-06-10,TORINO PORTA SUSA,NON,9240,09:03,INTERNATIONAL,MODANE,ITALIEPA,FRAGR,07:36,ITTRS
4892,2023-06-10,FORBACH,NON,9559,22:17,INTERNATIONAL,MANNHEIM HBF,PAFRANC,DEMHG,20:49,FRBQT
4893,2023-06-10,AGEN,NON,8502,10:52,ATLANTIQUE,PARIS (intramuros),SUDOUESTPA,FRPMO,07:35,FRAGF
4894,2023-06-10,SAVERDUN,OUI,3972,06:08,IC NUIT,LES AUBRAIS ORLEANS,PALOMBEPAR,FRLAB,21:02,FRFPU
4895,2023-06-10,SAVERDUN,OUI,3972,07:18,IC NUIT,PARIS (intramuros),PALOMBEPAR,FRPAZ,21:02,FRFPU
4896,2023-06-10,PORTE PUYMORENS,OUI,3972,06:08,IC NUIT,LES AUBRAIS ORLEANS,PALOMBEPAR,FRLAB,18:58,FRFQF
4897,2023-06-10,PORTE PUYMORENS,OUI,3972,07:18,IC NUIT,PARIS (intramuros),PALOMBEPAR,FRPAZ,18:58,FRFQF
4898,2023-06-10,MERENS LES VALS,OUI,3972,06:08,IC NUIT,LES AUBRAIS ORLEANS,PALOMBEPAR,FRLAB,19:26,FRFQH
4899,2023-06-10,FOIX,OUI,3972,06:08,IC NUIT,LES AUBRAIS ORLEANS,PALOMBEPAR,FRLAB,20:33,FRXFX
4900,2023-06-10,ANDORRE - L'HOSPITALET,OUI,3972,19:53,IC NUIT,LUZENAC GARANOU,PALOMBEPAR,FRFQI,19:09,FRFQG
4901,2023-06-10,MERENS LES VALS,OUI,3972,19:53,IC NUIT,LUZENAC GARANOU,PALOMBEPAR,FRFQI,19:26,FRFQH
4902,2023-06-10,LUZENAC GARANOU,OUI,3972,20:46,IC NUIT,PAMIERS,PALOMBEPAR,FRPMS,19:55,FRFQI
4903,2023-06-10,LUZENAC GARANOU,OUI,3972,20:01,IC NUIT,LES CABANNES,PALOMBEPAR,FRFQK,19:55,FRFQI
4904,2023-06-10,LUZENAC GARANOU,OUI,3972,21:13,IC NUIT,AUTERIVE,PALOMBEPAR,FRFPW,19:55,FRFQI
4905,2023-06-10,LE MANS,NON,5482,10:20,EST,MASSY TGV,JCATLEST,FRDJU,09:30,FRAET
4906,2023-06-10,LE MANS,NON,5482,12:32,EST,LORRAINE TGV,JCATLEST,FREAM,09:30,FRAET
4907,2023-06-10,MASSY TGV,NON,5482,10:55,EST,MARNE LA VALLEE CHESSY,JCATLEST,FRMLV,10:26,FRDJU
4908,2023-06-10,LORRAINE TGV,OUI,5482,13:12,EST,STRASBOURG,JCATLEST,FRAEG,12:35,FREAM
4909,2023-06-10,AEROPORT CDG2 TGV ROISSY,NON,5482,13:12,EST,STRASBOURG,JCATLEST,FRAEG,11:22,FRMLW
4910,2023-06-10,NANTES,NON,5482,11:52,EST,CHAMPAGNE-ARDENNE,JCATLEST,FREAH,08:09,FRNTE
4911,2023-06-10,NANTES,NON,5482,12:32,EST,LORRAINE TGV,JCATLEST,FREAM,08:09,FRNTE
4912,2023-06-10,PARIS (intramuros),OUI,6279,21:46,SUD EST,NIMES PONT DU GARD,PALANG,FRXZP,18:54,FRPLY
4913,2023-06-10,VALENCE TGV RHONE-ALPES SUD,OUI,6279,21:46,SUD EST,NIMES PONT DU GARD,PALANG,FRXZP,21:09,FRVLA
4914,2023-06-10,NIMES,OUI,6036,21:18,SUD EST,PARIS (intramuros),LANGPA,FRPLY,18:20,FRFNI
4915,2023-06-10,MONTPELLIER SAINT-ROCH,OUI,6036,18:16,SUD EST,NIMES,LANGPA,FRFNI,17:51,FRMPL
4916,2023-06-10,MONTPELLIER SAINT-ROCH,OUI,6036,21:18,SUD EST,PARIS (intramuros),LANGPA,FRPLY,17:51,FRMPL
4917,2023-06-10,VALENCE TGV RHONE-ALPES SUD,OUI,6036,21:18,SUD EST,PARIS (intramuros),LANGPA,FRPLY,19:06,FRVLA
4918,2023-06-10,RENNES,NON,8036,20:20,ATLANTIQUE,PARIS (intramuros),BRETAPARIS,FRPMO,18:35,FRRNS
4919,2023-06-10,NIORT,OUI,8374,13:37,ATLANTIQUE,PARIS (intramuros),ROCHELLEPA,FRPMO,11:26,FRNIT
4920,2023-06-10,ANGOULEME,OUI,8450,20:35,ATLANTIQUE,ST PIERRE DES CORPS,SUDOUESTPA,FRXSH,19:16,FRANG
4921,2023-06-10,MULHOUSE VILLE,NON,6702,08:31,SUD EST,BESANCON - F COMTE TGV,BOURPA,FRTJB,07:46,FRAEK
4922,2023-06-10,PARIS (intramuros),NON,7365,12:03,NORD,LENS,PAARRAS,FRXLE,10:52,FRPNO
4923,2023-06-10,SAINTES,NON,3856,16:58,IC SRO,LUCON,BORDONANTE,FRLCN,15:25,FRXST
4924,2023-06-10,SAINTES,NON,3856,15:54,IC SRO,ROCHEFORT,BORDONANTE,FRRCO,15:25,FRXST
4925,2023-06-10,BREST,OUI,8606,08:20,ATLANTIQUE,GUINGAMP,BRETAPARIS,FRGGP,07:22,FRBES
4926,2023-06-10,BREST,OUI,8606,07:51,ATLANTIQUE,MORLAIX,BRETAPARIS,FRMXN,07:22,FRBES
4927,2023-06-10,BREST,NON,8606,11:19,ATLANTIQUE,PARIS (intramuros),BRETAPARIS,FRPMO,07:22,FRBES
4928,2023-06-10,GUINGAMP,NON,8606,10:01,ATLANTIQUE,LAVAL,BRETAPARIS,FRACR,08:22,FRGGP
4929,2023-06-10,GUINGAMP,OUI,8606,09:29,ATLANTIQUE,RENNES,BRETAPARIS,FRRNS,08:22,FRGGP
4930,2023-06-10,MORLAIX,NON,8606,10:01,ATLANTIQUE,LAVAL,BRETAPARIS,FRACR,07:54,FRMXN
4931,2023-06-10,MORLAIX,NON,8606,11:19,ATLANTIQUE,PARIS (intramuros),BRETAPARIS,FRPMO,07:54,FRMXN
4932,2023-06-10,DAX,OUI,8585,19:31,ATLANTIQUE,BORDEAUX ST JEAN,SUDOUESTPA,FRBOJ,18:23,FRACG
4933,2023-06-10,PAU,OUI,8585,18:19,ATLANTIQUE,DAX,SUDOUESTPA,FRACG,17:28,FRAEE
4934,2023-06-10,ORTHEZ,OUI,8585,19:31,ATLANTIQUE,BORDEAUX ST JEAN,SUDOUESTPA,FRBOJ,17:51,FRGFI
4935,2023-06-10,LOURDES,OUI,8585,17:25,ATLANTIQUE,PAU,SUDOUESTPA,FRAEE,17:00,FRLDE
4936,2023-06-10,LOURDES,OUI,8585,19:31,ATLANTIQUE,BORDEAUX ST JEAN,SUDOUESTPA,FRBOJ,17:00,FRLDE
4937,2023-06-10,TARBES,OUI,8585,19:31,ATLANTIQUE,BORDEAUX ST JEAN,SUDOUESTPA,FRBOJ,16:36,FRXTB
4938,2023-06-10,LYON-SAINT EXUPERY TGV,NON,6193,15:09,SUD EST,MONTELIMAR GARE SNCF,PAVDR,FRXMK,14:11,FRJDQ
4939,2023-06-10,LYON-SAINT EXUPERY TGV,NON,6193,15:38,SUD EST,ORANGE,PAVDR,FRXOG,14:11,FRJDQ
4940,2023-06-10,ORANGE,OUI,6193,15:56,SUD EST,AVIGNON CENTRE,PAVDR,FRAES,15:41,FRXOG
4941,2023-06-10,UZERCHE,OUI,3684,20:09,IC ARO,CHATEAUROUX,TOULOUZECO,FRCHR,18:16,FRAAW
4942,2023-06-10,UZERCHE,OUI,3684,20:45,IC ARO,VIERZON VILLE,TOULOUZECO,FRXVZ,18:16,FRAAW
4943,2023-06-10,LIMOGES BENEDICTINS,OUI,3684,19:28,IC ARO,LA SOUTERRAINE,TOULOUZECO,FRLST,18:56,FRAGQ
4944,2023-06-10,BRIVE LA GAILLARDE,OUI,3684,19:53,IC ARO,ARGENTON SUR CREUSE,TOULOUZECO,FRFMT,17:50,FRBVE
4945,2023-06-10,BRIVE LA GAILLARDE,OUI,3684,19:28,IC ARO,LA SOUTERRAINE,TOULOUZECO,FRLST,17:50,FRBVE
4946,2023-06-10,CHATEAUROUX,OUI,3684,22:21,IC ARO,PARIS (intramuros),TOULOUZECO,FRPAZ,20:11,FRCHR
4947,2023-06-10,CHATEAUROUX,OUI,3684,20:45,IC ARO,VIERZON VILLE,TOULOUZECO,FRXVZ,20:11,FRCHR
4948,2023-06-10,LA SOUTERRAINE,OUI,3684,20:09,IC ARO,CHATEAUROUX,TOULOUZECO,FRCHR,19:30,FRLST
4949,2023-06-10,ST ETIENNE CHATEAUCREUX,OUI,6696,17:25,SUD EST,LYON (intramuros),RHONEPARIS,FRLPD,16:44,FRHHD
4950,2023-06-10,LIMOGES BENEDICTINS,OUI,3635,17:30,IC ARO,SOUILLAC,PALITO,FRSOU,16:03,FRAGQ
4951,2023-06-10,BRIVE LA GAILLARDE,OUI,3635,17:46,IC ARO,GOURDON,PALITO,FRFSI,17:06,FRBVE
4952,2023-06-10,CHATEAUROUX,OUI,3635,17:46,IC ARO,GOURDON,PALITO,FRFSI,14:45,FRCHR
4953,2023-06-10,ARGENTON SUR CREUSE,OUI,3635,15:25,IC ARO,LA SOUTERRAINE,PALITO,FRLST,15:01,FRFMT
4954,2023-06-10,LA SOUTERRAINE,OUI,3635,17:46,IC ARO,GOURDON,PALITO,FRFSI,15:26,FRLST
4955,2023-06-10,LA SOUTERRAINE,OUI,3635,17:30,IC ARO,SOUILLAC,PALITO,FRSOU,15:26,FRLST
4956,2023-06-10,LA SOUTERRAINE,OUI,3635,18:15,IC ARO,CAHORS,PALITO,FRZAO,15:26,FRLST
4957,2023-06-10,PARIS (intramuros),OUI,3635,17:03,IC ARO,BRIVE LA GAILLARDE,PALITO,FRBVE,12:37,FRPAZ
4958,2023-06-10,VIERZON VILLE,OUI,3635,16:00,IC ARO,LIMOGES BENEDICTINS,PALITO,FRAGQ,14:13,FRXVZ
4959,2023-06-10,VIERZON VILLE,OUI,3635,17:46,IC ARO,GOURDON,PALITO,FRFSI,14:13,FRXVZ
4960,2023-06-10,VIERZON VILLE,OUI,3635,15:25,IC ARO,LA SOUTERRAINE,PALITO,FRLST,14:13,FRXVZ
4961,2023-06-10,ARGENTON SUR CREUSE,OUI,3635,17:30,IC ARO,SOUILLAC,PALITO,FRSOU,15:01,FRFMT
4962,2023-06-10,FUTUROSCOPE,OUI,8333,14:41,ATLANTIQUE,POITIERS,PAROCHELLE,FRPIS,14:31,FRTGO
4963,2023-06-10,ST PIERRE DES CORPS,OUI,8333,14:41,ATLANTIQUE,POITIERS,PAROCHELLE,FRPIS,13:43,FRXSH
4964,2023-06-10,PAU,NON,14148,16:42,IC SRO,LOURDES,SUDOUEST,FRLDE,16:17,FRAEE
4965,2023-06-10,PAU,NON,14148,17:29,IC SRO,LANNEMEZAN,SUDOUEST,FRLNZ,16:17,FRAEE
4966,2023-06-10,ORTHEZ,NON,14148,16:14,IC SRO,PAU,SUDOUEST,FRAEE,15:52,FRGFI
4967,2023-06-10,LANNEMEZAN,NON,14148,18:44,IC SRO,TOULOUSE MATABIAU,SUDOUEST,FRXYT,17:31,FRLNZ
4968,2023-06-10,BAYONNE,NON,14148,16:14,IC SRO,PAU,SUDOUEST,FRAEE,15:08,FRXBY
4969,2023-06-10,BAYONNE,NON,14148,16:42,IC SRO,LOURDES,SUDOUEST,FRLDE,15:08,FRXBY
4970,2023-06-10,BAYONNE,NON,14148,17:00,IC SRO,TARBES,SUDOUEST,FRXTB,15:08,FRXBY
4971,2023-06-10,TARBES,NON,14148,18:44,IC SRO,TOULOUSE MATABIAU,SUDOUEST,FRXYT,17:03,FRXTB
4972,2023-06-10,ZUERICH HB,NON,9206,08:53,INTERNATIONAL,MULHOUSE VILLE,ZURBALPA,FRAEK,07:34,CHAJD
4973,2023-06-10,ZUERICH HB,NON,9206,09:17,INTERNATIONAL,BELFORT-MONTBELIARD TGV,ZURBALPA,FRTJA,07:34,CHAJD
4974,2023-06-10,BASEL SBB,NON,9206,08:53,INTERNATIONAL,MULHOUSE VILLE,ZURBALPA,FRAEK,08:34,CHAJP
4975,2023-06-10,BASEL SBB,NON,9206,09:17,INTERNATIONAL,BELFORT-MONTBELIARD TGV,ZURBALPA,FRTJA,08:34,CHAJP
4976,2023-06-10,SARREBRUCK/SAARBRUECKEN,NON,9553,15:35,INTERNATIONAL,KAISERSLAUTERN HBF,PAFRANC,DEKLT,14:59,DESBK
4977,2023-06-10,PARIS (intramuros),NON,9553,16:17,INTERNATIONAL,MANNHEIM HBF,PAFRANC,DEMHG,13:10,FRPST
4978,2023-06-10,LAVAL,NON,8739,21:28,ATLANTIQUE,VANNES,PARISBRETA,FRVNE,19:58,FRACR
4979,2023-06-10,QUIMPERLE,OUI,8739,22:30,ATLANTIQUE,ROSPORDEN,PARISBRETA,FRRSP,22:16,FRECO
4980,2023-06-10,QUIMPERLE,OUI,8739,22:45,ATLANTIQUE,QUIMPER,PARISBRETA,FRUIP,22:16,FRECO
4981,2023-06-10,PARIS (intramuros),NON,8739,22:13,ATLANTIQUE,QUIMPERLE,PARISBRETA,FRECO,18:40,FRPMO
4982,2023-06-10,PARIS (intramuros),NON,8739,20:25,ATLANTIQUE,RENNES,PARISBRETA,FRRNS,18:40,FRPMO
4983,2023-06-10,RENNES,NON,8739,21:59,ATLANTIQUE,LORIENT,PARISBRETA,FRLRT,20:29,FRRNS
4984,2023-06-10,RENNES,NON,8739,22:30,ATLANTIQUE,ROSPORDEN,PARISBRETA,FRRSP,20:29,FRRNS
4985,2023-06-10,RENNES,NON,8739,21:28,ATLANTIQUE,VANNES,PARISBRETA,FRVNE,20:29,FRRNS
4986,2023-06-10,ROSPORDEN,OUI,8739,22:45,ATLANTIQUE,QUIMPER,PARISBRETA,FRUIP,22:33,FRRSP
4987,2023-06-10,VANNES,OUI,8739,21:59,ATLANTIQUE,LORIENT,PARISBRETA,FRLRT,21:31,FRVNE
4988,2023-06-10,VANNES,OUI,8739,22:45,ATLANTIQUE,QUIMPER,PARISBRETA,FRUIP,21:31,FRVNE
4989,2023-06-10,REDON,NON,8739,21:59,ATLANTIQUE,LORIENT,PARISBRETA,FRLRT,21:05,FRXRN
4990,2023-06-10,REDON,NON,8739,21:41,ATLANTIQUE,AURAY,PARISBRETA,FRXUY,21:05,FRXRN
4991,2023-06-10,BORDEAUX ST JEAN,NON,8404,09:57,ATLANTIQUE,PARIS (intramuros),SUDOUESTPA,FRPMO,07:45,FRBOJ
4992,2023-06-10,PARIS (intramuros),NON,9781,20:07,INTERNATIONAL,BOURG EN BRESSE,PAGENEVE,FRXBK,18:16,FRPLY
4993,2023-06-10,RINGSHEIM/EU-PARK,OUI,9591,20:26,EST,FREIBURG BREISGAU HBF,PASTRAMULH,DEFGB,20:03,DERSH
4994,2023-06-10,PARIS (intramuros),NON,9591,20:02,EST,RINGSHEIM/EU-PARK,PASTRAMULH,DERSH,17:25,FRPST
4995,2023-06-10,NIMES,NON,5158,13:50,NORD,LYON (intramuros),JCSUDNORD,FRLPD,12:23,FRFNI
4996,2023-06-10,NIMES,OUI,5158,13:06,NORD,VALENCE TGV RHONE-ALPES SUD,JCSUDNORD,FRVLA,12:23,FRFNI
4997,2023-06-10,MONTPELLIER SAINT-ROCH,OUI,5158,12:20,NORD,NIMES,JCSUDNORD,FRFNI,11:56,FRMPL
4998,2023-06-10,MONTPELLIER SAINT-ROCH,NON,5158,16:57,NORD,LILLE (intramuros),JCSUDNORD,FRLLE,11:56,FRMPL
4999,2023-06-10,VALENCE TGV RHONE-ALPES SUD,NON,5158,13:50,NORD,LYON (intramuros),JCSUDNORD,FRLPD,13:11,FRVLA
5000,2023-06-10,VALENCE TGV RHONE-ALPES SUD,NON,5158,16:00,NORD,AEROPORT CDG2 TGV ROISSY,JCSUDNORD,FRMLW,13:11,FRVLA
5001,2023-06-10,CLERMONT FERRAND,OUI,5962,09:04,IC ARO,VICHY,CLERMONTPA,FRVHY,08:31,FRCFE
5002,2023-06-10,MOULINS SUR ALLIER,NON,5962,09:58,IC ARO,NEVERS,CLERMONTPA,FRNVS,09:31,FRXMU
5003,2023-06-10,CHAMPAGNE-ARDENNE,NON,2503,08:37,EST,MEUSE TGV,PANANCY,FREAJ,08:12,FREAH
5004,2023-06-10,ANGOULEME,OUI,8491,21:16,ATLANTIQUE,LIBOURNE,PASUDOUEST,FRXLR,20:36,FRANG
5005,2023-06-10,POITIERS,OUI,8491,21:48,ATLANTIQUE,BORDEAUX ST JEAN,PASUDOUEST,FRBOJ,19:54,FRPIS
5006,2023-06-10,PARIS (intramuros),OUI,8491,20:33,ATLANTIQUE,ANGOULEME,PASUDOUEST,FRANG,18:24,FRPMO
5007,2023-06-10,PARIS (intramuros),OUI,8491,19:45,ATLANTIQUE,POITIERS,PASUDOUEST,FRPIS,18:24,FRPMO
5008,2023-06-10,LIBOURNE,OUI,8491,21:48,ATLANTIQUE,BORDEAUX ST JEAN,PASUDOUEST,FRBOJ,21:19,FRXLR
5009,2023-06-10,FACTURE BIGANOS,OUI,8478,06:40,ATLANTIQUE,BORDEAUX ST JEAN,SUDOUESTPA,FRBOJ,06:18,FRFAC
5010,2023-06-10,SARREBRUCK/SAARBRUECKEN,NON,9551,11:34,INTERNATIONAL,KAISERSLAUTERN HBF,PAFRANC,DEKLT,10:58,DESBK
5011,2023-06-10,FORBACH,NON,9551,12:59,INTERNATIONAL,FRANKFURT MAIN HBF,PAFRANC,DEFRH,10:47,FRBQT
5012,2023-06-10,FORBACH,NON,9551,11:34,INTERNATIONAL,KAISERSLAUTERN HBF,PAFRANC,DEKLT,10:47,FRBQT
5013,2023-06-10,PARIS (intramuros),NON,9551,11:34,INTERNATIONAL,KAISERSLAUTERN HBF,PAFRANC,DEKLT,09:06,FRPST
5014,2023-06-10,LORIENT,OUI,8715,14:34,ATLANTIQUE,QUIMPER,PARISBRETA,FRUIP,14:00,FRLRT
5015,2023-06-10,VANNES,OUI,8715,14:34,ATLANTIQUE,QUIMPER,PARISBRETA,FRUIP,13:28,FRVNE
5016,2023-06-10,VANNES,OUI,8715,13:38,ATLANTIQUE,AURAY,PARISBRETA,FRXUY,13:28,FRVNE
5017,2023-06-10,ARRAS,OUI,7142,21:08,NORD,PARIS (intramuros),ARRASPA,FRPNO,20:18,FRQRV
5018,2023-06-10,BREST,NON,8610,12:01,ATLANTIQUE,LAVAL,BRETAPARIS,FRACR,09:09,FRBES
5019,2023-06-10,BREST,OUI,8610,10:00,ATLANTIQUE,PLOUARET TREGOR,BRETAPARIS,FRPLT,09:09,FRBES
5020,2023-06-10,BREST,NON,8610,11:29,ATLANTIQUE,RENNES,BRETAPARIS,FRRNS,09:09,FRBES
5021,2023-06-10,MORLAIX,NON,8610,10:45,ATLANTIQUE,LAMBALLE,BRETAPARIS,FRLAM,09:45,FRMXN
5022,2023-06-10,PLOUARET TREGOR,NON,8610,13:19,ATLANTIQUE,PARIS (intramuros),BRETAPARIS,FRPMO,10:03,FRPLT
5023,2023-06-10,RENNES,NON,8610,13:19,ATLANTIQUE,PARIS (intramuros),BRETAPARIS,FRPMO,11:35,FRRNS
5024,2023-06-10,LANDERNEAU,NON,8610,12:01,ATLANTIQUE,LAVAL,BRETAPARIS,FRACR,09:22,FRXLD
5025,2023-06-10,MODANE,NON,9245,15:23,INTERNATIONAL,TORINO PORTA SUSA,PAITALIE,ITTRS,13:55,FRAGR
5026,2023-06-10,MACON LOCHE TGV,NON,9245,16:50,INTERNATIONAL,MILANO P GARIBALDI,PAITALIE,ITMPG,11:19,FRMLT
5027,2023-06-10,PARIS (intramuros),NON,9245,13:49,INTERNATIONAL,MODANE,PAITALIE,FRAGR,09:44,FRPLY
5028,2023-06-10,PARIS (intramuros),NON,9245,11:16,INTERNATIONAL,MACON LOCHE TGV,PAITALIE,FRMLT,09:44,FRPLY
5029,2023-06-10,PARIS (intramuros),NON,9245,16:50,INTERNATIONAL,MILANO P GARIBALDI,PAITALIE,ITMPG,09:44,FRPLY
5030,2023-06-10,PARIS (intramuros),NON,9245,14:23,INTERNATIONAL,OULX CESANA CLAV SESTRIERE,PAITALIE,ITOCS,09:44,FRPLY
5031,2023-06-10,ANGERS ST LAUD,NON,9886,10:17,NORD,LILLE (intramuros),JCBRETNORD,FRLLE,06:41,FRACL
5032,2023-06-10,LE MANS,OUI,9886,08:57,NORD,MARNE LA VALLEE CHESSY,JCBRETNORD,FRMLV,07:30,FRAET
5033,2023-06-10,MASSY TGV,OUI,9886,08:57,NORD,MARNE LA VALLEE CHESSY,JCBRETNORD,FRMLV,08:26,FRDJU
5034,2023-06-10,MASSY TGV,OUI,9886,09:45,NORD,TGV HAUTE PICARDIE,JCBRETNORD,FRTHP,08:26,FRDJU
5035,2023-06-10,LILLE (intramuros),OUI,9886,11:01,NORD,BRUXELLES MIDI BRUSSEL ZUID,JCBRETNORD,BEBMI,10:27,FRLLE
5036,2023-06-10,MARNE LA VALLEE CHESSY,OUI,9886,11:01,NORD,BRUXELLES MIDI BRUSSEL ZUID,JCBRETNORD,BEBMI,09:01,FRMLV
5037,2023-06-10,MARNE LA VALLEE CHESSY,OUI,9886,09:10,NORD,AEROPORT CDG2 TGV ROISSY,JCBRETNORD,FRMLW,09:01,FRMLV
5038,2023-06-10,MARNE LA VALLEE CHESSY,OUI,9886,09:45,NORD,TGV HAUTE PICARDIE,JCBRETNORD,FRTHP,09:01,FRMLV
5039,2023-06-10,NANTES,OUI,9886,06:38,NORD,ANGERS ST LAUD,JCBRETNORD,FRACL,06:01,FRNTE
5040,2023-06-10,NANTES,NON,9886,08:20,NORD,MASSY TGV,JCBRETNORD,FRDJU,06:01,FRNTE
5041,2023-06-10,TGV HAUTE PICARDIE,OUI,9886,10:17,NORD,LILLE (intramuros),JCBRETNORD,FRLLE,09:50,FRTHP
5042,2023-06-10,ANGERS ST LAUD,NON,9886,11:01,NORD,BRUXELLES MIDI BRUSSEL ZUID,JCBRETNORD,BEBMI,06:41,FRACL
5043,2023-06-10,LYON (intramuros),NON,5354,12:34,SUD EST,MASSY TGV,JCSUDATL,FRDJU,10:16,FRLPE
5044,2023-06-10,ANGERS ST LAUD,OUI,8881,18:54,ATLANTIQUE,NANTES,PARISLOIRE,FRNTE,18:16,FRACL
5045,2023-06-10,LE MANS,NON,8881,18:13,ATLANTIQUE,ANGERS ST LAUD,PARISLOIRE,FRACL,17:36,FRAET
5046,2023-06-10,LE MANS,NON,8881,18:54,ATLANTIQUE,NANTES,PARISLOIRE,FRNTE,17:36,FRAET
5047,2023-06-10,PARIS (intramuros),OUI,8881,17:33,ATLANTIQUE,LE MANS,PARISLOIRE,FRAET,16:36,FRPMO
5048,2023-06-10,MACON LOCHE TGV,NON,6951,21:35,SUD EST,CHAMBERY CHALLES LES EAUX,PARISALPES,FRCMF,20:19,FRMLT
5049,2023-06-10,BORDEAUX ST JEAN,OUI,8547,17:28,ATLANTIQUE,DAX,PASUDOUEST,FRACG,16:21,FRBOJ
5050,2023-06-10,BORDEAUX ST JEAN,OUI,8547,18:47,ATLANTIQUE,HENDAYE,PASUDOUEST,FRAEF,16:21,FRBOJ
5051,2023-06-10,BORDEAUX ST JEAN,OUI,8547,18:03,ATLANTIQUE,BAYONNE,PASUDOUEST,FRXBY,16:21,FRBOJ
5052,2023-06-10,BORDEAUX ST JEAN,OUI,8547,18:32,ATLANTIQUE,ST JEAN DE LUZ CIBOURE,PASUDOUEST,FRXJZ,16:21,FRBOJ
5053,2023-06-10,PARIS (intramuros),NON,8547,14:12,ATLANTIQUE,MASSY TGV,PASUDOUEST,FRDJU,14:03,FRPMO
5054,2023-06-10,PARIS (intramuros),NON,8547,18:03,ATLANTIQUE,BAYONNE,PASUDOUEST,FRXBY,14:03,FRPMO
5055,2023-06-10,BESANCON - F COMTE TGV,NON,6762,08:02,SUD EST,MONTBARD,BOURPA,FRGWE,06:53,FRTJB
5056,2023-06-10,AVIGNON CENTRE,OUI,6198,18:18,SUD EST,ORANGE,VDRPA,FRXOG,18:04,FRAES
5057,2023-06-10,MONTELIMAR GARE SNCF,OUI,6198,19:46,SUD EST,LYON-SAINT EXUPERY TGV,VDRPA,FRJDQ,18:49,FRXMK
5058,2023-06-10,MONTELIMAR GARE SNCF,OUI,6198,21:46,SUD EST,PARIS (intramuros),VDRPA,FRPLY,18:49,FRXMK
5059,2023-06-10,ORANGE,OUI,6198,19:10,SUD EST,VALENCE VILLE,VDRPA,FRVAF,18:21,FRXOG
5060,2023-06-10,MONTPELLIER SAINT-ROCH,NON,9713,14:07,SUD EST,BEZIERS,PABARCELONE,FRBZR,13:20,FRMPL
5061,2023-06-10,MONTPELLIER SAINT-ROCH,NON,9713,13:52,SUD EST,AGDE,PABARCELONE,FRXAG,13:20,FRMPL
5062,2023-06-10,MONTPELLIER SAINT-ROCH,NON,9713,14:24,SUD EST,NARBONNE,PABARCELONE,FRXNA,13:20,FRMPL
5063,2023-06-10,PARIS (intramuros),NON,9713,11:57,SUD EST,VALENCE TGV RHONE-ALPES SUD,PABARCELONE,FRVLA,09:40,FRPLY
5064,2023-06-10,AGDE,NON,9713,14:07,SUD EST,BEZIERS,PABARCELONE,FRBZR,13:55,FRXAG
5065,2023-06-10,AGDE,NON,9713,14:24,SUD EST,NARBONNE,PABARCELONE,FRXNA,13:55,FRXAG
5066,2023-06-10,NARBONNE,NON,9713,14:58,SUD EST,PERPIGNAN,PABARCELONE,FRPGF,14:27,FRXNA
5067,2023-06-10,PERPIGNAN,NON,9713,16:34,SUD EST,BARCELONA SANTS,PABARCELONE,ESBST,15:04,FRPGF
5068,2023-06-10,NARBONNE,NON,9713,16:34,SUD EST,BARCELONA SANTS,PABARCELONE,ESBST,14:27,FRXNA
5069,2023-06-10,PERPIGNAN,NON,9713,15:46,SUD EST,GIRONA,PABARCELONE,ESGRO,15:04,FRPGF
5070,2023-06-10,VALENCE TGV RHONE-ALPES SUD,NON,9713,15:27,SUD EST,FIGUERES VILA TGV,PABARCELONE,ESFIR,12:00,FRVLA
5071,2023-06-10,NIMES,NON,9713,15:27,SUD EST,FIGUERES VILA TGV,PABARCELONE,ESFIR,12:49,FRFNI
5072,2023-06-10,NIORT,OUI,8393,22:25,ATLANTIQUE,LA ROCHELLE VILLE,PAROCHELLE,FRLRH,21:44,FRNIT
5073,2023-06-10,POITIERS,OUI,8393,21:41,ATLANTIQUE,NIORT,PAROCHELLE,FRNIT,20:58,FRPIS
5074,2023-06-10,PARIS (intramuros),NON,8393,20:19,ATLANTIQUE,ST PIERRE DES CORPS,PAROCHELLE,FRXSH,19:16,FRPMO
5075,2023-06-10,ST PIERRE DES CORPS,OUI,8393,20:55,ATLANTIQUE,POITIERS,PAROCHELLE,FRPIS,20:23,FRXSH
5076,2023-06-10,CARCASSONNE,OUI,6875,18:56,SUD EST,NARBONNE,JCSUDPROV,FRXNA,18:27,FRCCF
5077,2023-06-10,SETE,OUI,6875,21:52,SUD EST,LYON (intramuros),JCSUDPROV,FRLPD,19:39,FRXSY
5078,2023-06-10,TOULOUSE MATABIAU,OUI,6875,18:56,SUD EST,NARBONNE,JCSUDPROV,FRXNA,17:43,FRXYT
5079,2023-06-10,SETE,OUI,6875,20:01,SUD EST,MONTPELLIER SUD DE FRANCE,JCSUDPROV,FRSUF,19:39,FRXSY
5080,2023-06-10,LIBOURNE,NON,8488,18:06,ATLANTIQUE,POITIERS,SUDOUESTPA,FRPIS,16:42,FRXLR
5081,2023-06-10,AIX EN PROVENCE TGV,NON,9866,13:54,NORD,LYON (intramuros),JCSUDNORD,FRLPD,12:26,FRAIE
5082,2023-06-10,AIX EN PROVENCE TGV,NON,9866,16:00,NORD,AEROPORT CDG2 TGV ROISSY,JCSUDNORD,FRMLW,12:26,FRAIE
5083,2023-06-10,LYON (intramuros),NON,9866,15:46,NORD,MARNE LA VALLEE CHESSY,JCSUDNORD,FRMLV,14:00,FRLPD
5084,2023-06-10,AEROPORT CDG2 TGV ROISSY,NON,9866,16:57,NORD,LILLE (intramuros),JCSUDNORD,FRLLE,16:07,FRMLW
5085,2023-06-10,MARSEILLE ST CHARLES,NON,9866,16:57,NORD,LILLE (intramuros),JCSUDNORD,FRLLE,12:12,FRMSC
5086,2023-06-10,AIX EN PROVENCE TGV,NON,6850,19:24,SUD EST,LYON (intramuros),JCSUDPROV,FRLPD,17:55,FRAIE
5087,2023-06-10,CANNES,NON,6850,18:14,SUD EST,AVIGNON TGV,JCSUDPROV,FRAVG,15:09,FRJCA
5088,2023-06-10,CANNES,NON,6850,19:24,SUD EST,LYON (intramuros),JCSUDPROV,FRLPD,15:09,FRJCA
5089,2023-06-10,NICE VILLE,OUI,6850,17:19,SUD EST,MARSEILLE ST CHARLES,JCSUDPROV,FRMSC,14:40,FRNIC
5090,2023-06-10,NICE VILLE,OUI,6850,16:19,SUD EST,TOULON,JCSUDPROV,FRTLN,14:40,FRNIC
5091,2023-06-10,NICE VILLE,OUI,6850,15:31,SUD EST,ST RAPHAEL VALESCURE,JCSUDPROV,FRXSK,14:40,FRNIC
5092,2023-06-10,TOULON,NON,6850,17:52,SUD EST,AIX EN PROVENCE TGV,JCSUDPROV,FRAIE,16:23,FRTLN
5093,2023-06-10,TOULON,NON,6850,19:24,SUD EST,LYON (intramuros),JCSUDPROV,FRLPD,16:23,FRTLN
5094,2023-06-10,TOULON,OUI,6850,17:19,SUD EST,MARSEILLE ST CHARLES,JCSUDPROV,FRMSC,16:23,FRTLN
5095,2023-06-10,ST RAPHAEL VALESCURE,NON,6850,18:14,SUD EST,AVIGNON TGV,JCSUDPROV,FRAVG,15:34,FRXSK
5096,2023-06-10,LAMBALLE,NON,8630,18:09,ATLANTIQUE,PARIS (intramuros),BRETAPARIS,FRPMO,15:48,FRLAM
5097,2023-06-10,MORLAIX,OUI,8630,15:17,ATLANTIQUE,GUINGAMP,BRETAPARIS,FRGGP,14:46,FRMXN
5098,2023-06-10,RENNES,OUI,8630,18:09,ATLANTIQUE,PARIS (intramuros),BRETAPARIS,FRPMO,16:35,FRRNS
5099,2023-06-10,ST BRIEUC,NON,8630,15:46,ATLANTIQUE,LAMBALLE,BRETAPARIS,FRLAM,15:36,FRSBK
5100,2023-06-10,ST BRIEUC,NON,8630,16:29,ATLANTIQUE,RENNES,BRETAPARIS,FRRNS,15:36,FRSBK
5101,2023-06-10,PARIS (intramuros),OUI,2833,19:04,EST,METZ VILLE,PAMETZLUX,FRADE,17:40,FRPST
5102,2023-06-10,PARIS (intramuros),NON,8619,16:25,ATLANTIQUE,BREST,PARISBRETA,FRBES,12:56,FRPMO
5103,2023-06-10,PARIS (intramuros),NON,8619,14:25,ATLANTIQUE,RENNES,PARISBRETA,FRRNS,12:56,FRPMO
5104,2023-06-10,BRUXELLES MIDI BRUSSEL ZUID,OUI,9874,13:53,NORD,LILLE (intramuros),JCNORDEST,FRLLE,13:17,BEBMI
5105,2023-06-10,CHAMPAGNE-ARDENNE,NON,9874,16:48,NORD,LORRAINE TGV,JCNORDEST,FREAM,16:04,FREAH
5106,2023-06-10,MARNE LA VALLEE CHESSY,NON,9874,15:55,NORD,CHAMPAGNE-ARDENNE,JCNORDEST,FREAH,15:23,FRMLV
5107,2023-06-10,AEROPORT CDG2 TGV ROISSY,NON,9874,17:37,NORD,STRASBOURG,JCNORDEST,FRAEG,14:59,FRMLW
5108,2023-06-10,ANGERS ST LAUD,OUI,8874,15:25,ATLANTIQUE,PARIS (intramuros),LOIREPARIS,FRPMO,13:44,FRACL
5109,2023-06-10,QUIMPERLE,NON,8710,10:48,ATLANTIQUE,REDON,BRETAPARIS,FRXRN,09:38,FRECO
5110,2023-06-10,QUIMPERLE,OUI,8710,10:07,ATLANTIQUE,AURAY,BRETAPARIS,FRXUY,09:38,FRECO
5111,2023-06-10,LORIENT,NON,8710,12:01,ATLANTIQUE,LAVAL,BRETAPARIS,FRACR,09:52,FRLRT
5112,2023-06-10,ROSPORDEN,OUI,8710,09:35,ATLANTIQUE,QUIMPERLE,BRETAPARIS,FRECO,09:23,FRRSP
5113,2023-06-10,ROSPORDEN,OUI,8710,10:20,ATLANTIQUE,VANNES,BRETAPARIS,FRVNE,09:23,FRRSP
5114,2023-06-10,QUIMPER,NON,8710,12:01,ATLANTIQUE,LAVAL,BRETAPARIS,FRACR,09:09,FRUIP
5115,2023-06-10,QUIMPER,NON,8710,13:19,ATLANTIQUE,PARIS (intramuros),BRETAPARIS,FRPMO,09:09,FRUIP
5116,2023-06-10,QUIMPER,OUI,8710,09:20,ATLANTIQUE,ROSPORDEN,BRETAPARIS,FRRSP,09:09,FRUIP
5117,2023-06-10,REDON,NON,8710,12:01,ATLANTIQUE,LAVAL,BRETAPARIS,FRACR,10:51,FRXRN
5118,2023-06-10,PARIS (intramuros),OUI,5959,16:23,IC ARO,RIOM CHATEL GUYON,PACLERMONT,FRRIO,12:59,FRPLY
5119,2023-06-10,PARIS (intramuros),OUI,5959,16:01,IC ARO,VICHY,PACLERMONT,FRVHY,12:59,FRPLY
5120,2023-06-10,VICHY,OUI,5959,16:35,IC ARO,CLERMONT FERRAND,PACLERMONT,FRCFE,16:03,FRVHY
5121,2023-06-10,MOULINS SUR ALLIER,OUI,5959,16:23,IC ARO,RIOM CHATEL GUYON,PACLERMONT,FRRIO,15:30,FRXMU
5122,2023-06-10,MONTPELLIER SAINT-ROCH,NON,6206,19:18,SUD EST,PARIS (intramuros),LANGPA,FRPLY,15:48,FRMPL
5123,2023-06-10,PARIS (intramuros),NON,7575,17:04,NORD,LILLE (intramuros),PAARRAS,FRLLE,15:52,FRPNO
5124,2023-06-10,PARIS (intramuros),NON,6905,10:13,SUD EST,GRENOBLE,PAGRENOBLE,FRGNB,07:12,FRPLY
5125,2023-06-10,ANGERS ST LAUD,OUI,8122,16:23,ATLANTIQUE,LE MANS,LOIREPARIS,FRAET,15:44,FRACL
5126,2023-06-10,ANGOULEME,OUI,8447,18:44,ATLANTIQUE,BORDEAUX ST JEAN,PASUDOUEST,FRBOJ,18:08,FRANG
5127,2023-06-10,CHAMBERY CHALLES LES EAUX,NON,6931,09:59,SUD EST,AIX LES BAINS LE REVARD,PARISALPES,FRXAI,09:49,FRCMF
5128,2023-06-10,MACON LOCHE TGV,NON,6931,10:28,SUD EST,ANNECY,PARISALPES,FRNCY,08:20,FRMLT
5129,2023-06-10,PARIS (intramuros),NON,6931,10:28,SUD EST,ANNECY,PARISALPES,FRNCY,06:44,FRPLY
5130,2023-06-10,KARLSRUHE HBF,NON,9593,14:05,INTERNATIONAL,STUTTGART HBF,PASTUTMUN,DESGT,13:28,DEQKA
5131,2023-06-10,PARIS (intramuros),NON,9593,14:05,INTERNATIONAL,STUTTGART HBF,PASTUTMUN,DESGT,10:55,FRPST
5132,2023-06-10,PARIS (intramuros),OUI,8985,22:19,ATLANTIQUE,LES SABLES D'OLONNE,PARISLOIRE,FRLSO,18:48,FRPMO
5133,2023-06-10,SABLE SUR SARTHE,OUI,8985,22:19,ATLANTIQUE,LES SABLES D'OLONNE,PARISLOIRE,FRLSO,19:56,FRSAB
5134,2023-06-10,SABLE SUR SARTHE,OUI,8985,20:59,ATLANTIQUE,NANTES,PARISLOIRE,FRNTE,19:56,FRSAB
5135,2023-06-10,LA ROCHE SUR YON,OUI,8985,22:19,ATLANTIQUE,LES SABLES D'OLONNE,PARISLOIRE,FRLSO,21:53,FRXRO
5136,2023-06-10,NANTES,NON,3831,12:07,IC SRO,BORDEAUX ST JEAN,NANTEBORDO,FRBOJ,07:55,FRNTE
5137,2023-06-10,NANTES,NON,3831,10:03,IC SRO,ROCHEFORT,NANTEBORDO,FRRCO,07:55,FRNTE
5138,2023-06-10,ROCHEFORT,NON,3831,11:10,IC SRO,JONZAC,NANTEBORDO,FREMR,10:05,FRRCO
5139,2023-06-10,ROCHEFORT,NON,3831,10:32,IC SRO,SAINTES,NANTEBORDO,FRXST,10:05,FRRCO
5140,2023-06-10,LA ROCHE SUR YON,NON,3831,10:03,IC SRO,ROCHEFORT,NANTEBORDO,FRRCO,08:36,FRXRO
5141,2023-06-10,SAINTES,NON,3831,11:10,IC SRO,JONZAC,NANTEBORDO,FREMR,10:34,FRXST
5142,2023-06-10,POITIERS,NON,8483,09:03,ATLANTIQUE,ANGOULEME,PASUDOUEST,FRANG,08:23,FRPIS
5143,2023-06-10,PARIS (intramuros),NON,8483,10:17,ATLANTIQUE,BORDEAUX ST JEAN,PASUDOUEST,FRBOJ,06:49,FRPMO
5144,2023-06-10,LAMBALLE,NON,8615,13:20,ATLANTIQUE,ST BRIEUC,PARISBRETA,FRSBK,13:10,FRLAM
5145,2023-06-10,PARIS (intramuros),NON,8615,14:12,ATLANTIQUE,MORLAIX,PARISBRETA,FRMXN,10:53,FRPMO
5146,2023-06-10,RENNES,NON,8615,14:49,ATLANTIQUE,BREST,PARISBRETA,FRBES,12:32,FRRNS
5147,2023-06-10,RENNES,NON,8615,13:08,ATLANTIQUE,LAMBALLE,PARISBRETA,FRLAM,12:32,FRRNS
5148,2023-06-10,DIJON VILLE,NON,9213,15:03,INTERNATIONAL,MULHOUSE VILLE,PABALZUR,FRAEK,14:01,FRABA
5149,2023-06-10,PARIS (intramuros),NON,9213,15:26,INTERNATIONAL,BASEL SBB,PABALZUR,CHAJP,12:20,FRPLY
5150,2023-06-10,PARIS (intramuros),OUI,8313,17:35,ATLANTIQUE,ST PIERRE DES CORPS,PAROCHELLE,FRXSH,16:28,FRPMO
5151,2023-06-10,LE MANS,OUI,5210,11:17,NORD,RENNES,JCNORDBRET,FRRNS,10:32,FRAET
5152,2023-06-10,LILLE (intramuros),NON,5210,10:29,NORD,LE MANS,JCNORDBRET,FRAET,07:52,FRLLE
5153,2023-06-10,MARNE LA VALLEE CHESSY,NON,5210,10:29,NORD,LE MANS,JCNORDBRET,FRAET,09:02,FRMLV
5154,2023-06-10,AEROPORT CDG2 TGV ROISSY,NON,5210,11:17,NORD,RENNES,JCNORDBRET,FRRNS,08:48,FRMLW
5155,2023-06-10,AEROPORT CDG2 TGV ROISSY,NON,9832,18:29,NORD,LE MANS,JCNORDBRET,FRAET,16:49,FRMLW
5156,2023-06-10,ST ETIENNE CHATEAUCREUX,OUI,6694,15:00,SUD EST,PARIS (intramuros),RHONEPARIS,FRPLY,12:12,FRHHD
5157,2023-06-10,MULHOUSE VILLE,NON,9211,13:26,INTERNATIONAL,BASEL SBB,PABALZUR,CHAJP,13:06,FRAEK
5158,2023-06-10,PARIS (intramuros),NON,9211,11:57,INTERNATIONAL,DIJON VILLE,PABALZUR,FRABA,10:20,FRPLY
5159,2023-06-10,SURGERES,OUI,8378,14:43,ATLANTIQUE,ST MAIXENT DEUX SEVRES,ROCHELLEPA,FREJC,14:08,FREIP
5160,2023-06-10,SURGERES,OUI,8378,14:26,ATLANTIQUE,NIORT,ROCHELLEPA,FRNIT,14:08,FREIP
5161,2023-06-10,ST MAIXENT DEUX SEVRES,OUI,8378,15:16,ATLANTIQUE,POITIERS,ROCHELLEPA,FRPIS,14:46,FREJC
5162,2023-06-10,LA ROCHELLE VILLE,OUI,8378,14:43,ATLANTIQUE,ST MAIXENT DEUX SEVRES,ROCHELLEPA,FREJC,13:47,FRLRH
5163,2023-06-10,LA ROCHELLE VILLE,OUI,8378,14:26,ATLANTIQUE,NIORT,ROCHELLEPA,FRNIT,13:47,FRLRH
5164,2023-06-10,POITIERS,OUI,8378,15:50,ATLANTIQUE,ST PIERRE DES CORPS,ROCHELLEPA,FRXSH,15:19,FRPIS
5165,2023-06-10,PAU,NON,14143,14:20,IC SRO,ORTHEZ,SUDOUEST,FRGFI,13:59,FRAEE
5166,2023-06-10,PAU,NON,14143,15:05,IC SRO,BAYONNE,SUDOUEST,FRXBY,13:59,FRAEE
5167,2023-06-10,ST GAUDENS,NON,14143,13:13,IC SRO,TARBES,SUDOUEST,FRXTB,12:24,FRFPH
5168,2023-06-10,TARBES,NON,14143,15:05,IC SRO,BAYONNE,SUDOUEST,FRXBY,13:15,FRXTB
5169,2023-06-10,OFFENBOURG/OFFENBURG,OUI,9584,08:08,EST,STRASBOURG,MULHSTRAPA,FRAEG,07:46,DEZPA
5170,2023-06-10,FREIBURG BREISGAU HBF,OUI,9584,07:28,EST,RINGSHEIM/EU-PARK,MULHSTRAPA,DERSH,07:07,DEFGB
5171,2023-06-10,NEVERS,OUI,5955,11:28,IC ARO,MOULINS SUR ALLIER,PACLERMONT,FRXMU,10:59,FRNVS
5172,2023-06-10,MOULINS SUR ALLIER,OUI,5955,12:34,IC ARO,CLERMONT FERRAND,PACLERMONT,FRCFE,11:30,FRXMU
5173,2023-06-10,DAX,NON,8544,20:58,ATLANTIQUE,PARIS (intramuros),SUDOUESTPA,FRPMO,17:31,FRACG
5174,2023-06-10,HENDAYE,OUI,8544,16:23,ATLANTIQUE,ST JEAN DE LUZ CIBOURE,SUDOUESTPA,FRXJZ,16:12,FRAEF
5175,2023-06-10,BAYONNE,NON,8544,18:40,ATLANTIQUE,BORDEAUX ST JEAN,SUDOUESTPA,FRBOJ,16:54,FRXBY
5176,2023-06-10,ST JEAN DE LUZ CIBOURE,NON,8544,17:26,ATLANTIQUE,DAX,SUDOUESTPA,FRACG,16:26,FRXJZ
5177,2023-06-10,ST JEAN DE LUZ CIBOURE,NON,8544,18:40,ATLANTIQUE,BORDEAUX ST JEAN,SUDOUESTPA,FRBOJ,16:26,FRXJZ
5178,2023-06-10,BIARRITZ,NON,8544,20:43,ATLANTIQUE,MASSY TGV,SUDOUESTPA,FRDJU,16:39,FRBIQ
5179,2023-06-10,LYON (intramuros),OUI,9852,09:43,NORD,BRUXELLES MIDI BRUSSEL ZUID,JCSUDNORD,BEBMI,05:50,FRLPD
5180,2023-06-10,LYON (intramuros),OUI,9852,07:46,NORD,MARNE LA VALLEE CHESSY,JCSUDNORD,FRMLV,05:50,FRLPD
5181,2023-06-10,LYON (intramuros),OUI,9852,08:01,NORD,AEROPORT CDG2 TGV ROISSY,JCSUDNORD,FRMLW,05:50,FRLPD
5182,2023-06-10,LYON (intramuros),OUI,9852,06:31,NORD,LE CREUSOT MONTCEAU MONTCHANIN,JCSUDNORD,FRXCC,05:37,FRLPE
5183,2023-06-10,MARNE LA VALLEE CHESSY,OUI,9852,09:43,NORD,BRUXELLES MIDI BRUSSEL ZUID,JCSUDNORD,BEBMI,07:50,FRMLV
5184,2023-06-10,ANGOULEME,OUI,8485,17:15,ATLANTIQUE,LIBOURNE,PASUDOUEST,FRXLR,16:37,FRANG
5185,2023-06-10,POITIERS,OUI,8485,17:15,ATLANTIQUE,LIBOURNE,PASUDOUEST,FRXLR,15:57,FRPIS
5186,2023-06-10,PARIS (intramuros),OUI,8485,16:34,ATLANTIQUE,ANGOULEME,PASUDOUEST,FRANG,14:15,FRPMO
5187,2023-06-10,LIBOURNE,OUI,8485,17:42,ATLANTIQUE,BORDEAUX ST JEAN,PASUDOUEST,FRBOJ,17:17,FRXLR
5188,2023-06-10,LES AUBRAIS ORLEANS,NON,3741,07:09,IC NUIT,TARBES,PARPALOMBE,FRXTB,22:49,FRLAB
5189,2023-06-10,PARIS (intramuros),NON,3741,07:09,IC NUIT,TARBES,PARPALOMBE,FRXTB,21:41,FRPAZ
5190,2023-06-10,LES AUBRAIS ORLEANS,NON,3741,06:16,IC NUIT,ST GAUDENS,PARPALOMBE,FRFPH,22:49,FRLAB
5191,2023-06-10,AIX EN PROVENCE TGV,NON,6122,15:35,SUD EST,AVIGNON TGV,PROVENCEPA,FRAVG,15:16,FRAIE
5192,2023-06-10,MARSEILLE ST CHARLES,NON,6122,18:22,SUD EST,PARIS (intramuros),PROVENCEPA,FRPLY,15:02,FRMSC
5193,2023-06-10,QUIMPER,NON,8706,09:25,ATLANTIQUE,RENNES,BRETAPARIS,FRRNS,07:21,FRUIP
5194,2023-06-10,VANNES,NON,8706,10:01,ATLANTIQUE,LAVAL,BRETAPARIS,FRACR,08:27,FRVNE
5195,2023-06-10,VANNES,NON,8706,11:19,ATLANTIQUE,PARIS (intramuros),BRETAPARIS,FRPMO,08:27,FRVNE
5196,2023-06-10,VANNES,NON,8706,09:25,ATLANTIQUE,RENNES,BRETAPARIS,FRRNS,08:27,FRVNE
5197,2023-06-10,AURAY,NON,8706,11:19,ATLANTIQUE,PARIS (intramuros),BRETAPARIS,FRPMO,08:14,FRXUY
5198,2023-06-10,LILLE (intramuros),OUI,7226,17:14,NORD,PARIS (intramuros),ARRASPA,FRPNO,15:57,FRLLE
5199,2023-06-10,LAVAL,NON,8605,11:38,ATLANTIQUE,GUINGAMP,PARISBRETA,FRGGP,09:58,FRACR
5200,2023-06-10,LAMBALLE,NON,8605,12:43,ATLANTIQUE,BREST,PARISBRETA,FRBES,11:11,FRLAM
5201,2023-06-10,LAMBALLE,NON,8605,12:08,ATLANTIQUE,MORLAIX,PARISBRETA,FRMXN,11:11,FRLAM
5202,2023-06-10,LAMBALLE,NON,8605,11:21,ATLANTIQUE,ST BRIEUC,PARISBRETA,FRSBK,11:11,FRLAM
5203,2023-06-10,RENNES,NON,8605,11:08,ATLANTIQUE,LAMBALLE,PARISBRETA,FRLAM,10:32,FRRNS
5204,2023-06-10,RENNES,NON,8605,12:08,ATLANTIQUE,MORLAIX,PARISBRETA,FRMXN,10:32,FRRNS
5205,2023-06-10,ST BRIEUC,OUI,8605,12:43,ATLANTIQUE,BREST,PARISBRETA,FRBES,11:24,FRSBK
5206,2023-06-10,ST BRIEUC,OUI,8605,11:38,ATLANTIQUE,GUINGAMP,PARISBRETA,FRGGP,11:24,FRSBK
5207,2023-06-10,MODANE,NON,9241,12:23,INTERNATIONAL,TORINO PORTA SUSA,PAITALIE,ITTRS,10:55,FRAGR
5208,2023-06-10,MACON LOCHE TGV,NON,9241,12:23,INTERNATIONAL,TORINO PORTA SUSA,PAITALIE,ITTRS,08:20,FRMLT
5209,2023-06-10,PARIS (intramuros),NON,9241,10:52,INTERNATIONAL,MODANE,PAITALIE,FRAGR,06:44,FRPLY
5210,2023-06-10,BRUXELLES MIDI BRUSSEL ZUID,NON,9870,11:05,NORD,STRASBOURG,JCNORDEST,FRAEG,07:17,BEBMI
5211,2023-06-10,BRUXELLES MIDI BRUSSEL ZUID,NON,9870,10:25,NORD,LORRAINE TGV,JCNORDEST,FREAM,07:17,BEBMI
5212,2023-06-10,BRUXELLES MIDI BRUSSEL ZUID,OUI,9870,07:51,NORD,LILLE (intramuros),JCNORDEST,FRLLE,07:17,BEBMI
5213,2023-06-10,CHAMPAGNE-ARDENNE,NON,9870,11:05,NORD,STRASBOURG,JCNORDEST,FRAEG,09:34,FREAH
5214,2023-06-10,MEUSE TGV,NON,9870,10:25,NORD,LORRAINE TGV,JCNORDEST,FREAM,10:07,FREAJ
5215,2023-06-10,LILLE (intramuros),NON,9870,09:28,NORD,CHAMPAGNE-ARDENNE,JCNORDEST,FREAH,08:02,FRLLE
5216,2023-06-10,AEROPORT CDG2 TGV ROISSY,NON,9870,11:05,NORD,STRASBOURG,JCNORDEST,FRAEG,08:59,FRMLW
5217,2023-06-10,AEROPORT CDG2 TGV ROISSY,NON,9870,10:00,NORD,MEUSE TGV,JCNORDEST,FREAJ,08:59,FRMLW
5218,2023-06-10,CANNES,OUI,6173,14:58,SUD EST,NICE VILLE,PAAZUR,FRNIC,14:30,FRJCA
5219,2023-06-10,PARIS (intramuros),NON,6173,14:01,SUD EST,ST RAPHAEL VALESCURE,PAAZUR,FRXSK,09:08,FRPLY
5220,2023-06-10,AIX EN PROVENCE TGV,NON,9868,16:53,NORD,LYON (intramuros),JCSUDNORD,FRLPD,15:24,FRAIE
5221,2023-06-10,AVIGNON TGV,NON,9868,20:43,NORD,BRUXELLES MIDI BRUSSEL ZUID,JCSUDNORD,BEBMI,15:46,FRAVG
5222,2023-06-10,AVIGNON TGV,NON,9868,18:47,NORD,MARNE LA VALLEE CHESSY,JCSUDNORD,FRMLV,15:46,FRAVG
5223,2023-06-10,AVIGNON TGV,NON,9868,19:01,NORD,AEROPORT CDG2 TGV ROISSY,JCSUDNORD,FRMLW,15:46,FRAVG
5224,2023-06-10,LILLE (intramuros),OUI,9868,20:43,NORD,BRUXELLES MIDI BRUSSEL ZUID,JCSUDNORD,BEBMI,20:09,FRLLE
5225,2023-06-10,LYON (intramuros),OUI,9868,19:57,NORD,LILLE (intramuros),JCSUDNORD,FRLLE,17:00,FRLPD
5226,2023-06-10,LYON (intramuros),OUI,9868,18:47,NORD,MARNE LA VALLEE CHESSY,JCSUDNORD,FRMLV,17:00,FRLPD
5227,2023-06-10,LYON (intramuros),OUI,9868,19:01,NORD,AEROPORT CDG2 TGV ROISSY,JCSUDNORD,FRMLW,17:00,FRLPD
5228,2023-06-10,MARNE LA VALLEE CHESSY,OUI,9868,20:43,NORD,BRUXELLES MIDI BRUSSEL ZUID,JCSUDNORD,BEBMI,18:51,FRMLV
5229,2023-06-10,MARSEILLE ST CHARLES,NON,9868,18:47,NORD,MARNE LA VALLEE CHESSY,JCSUDNORD,FRMLV,15:11,FRMSC
5230,2023-06-10,MEUSE TGV,OUI,2519,21:44,EST,NANCY,PANANCY,FRENC,21:09,FREAJ
5231,2023-06-10,PARIS (intramuros),NON,2519,21:06,EST,MEUSE TGV,PANANCY,FREAJ,20:07,FRPST
5232,2023-06-10,PARIS (intramuros),NON,2519,21:44,EST,NANCY,PANANCY,FRENC,20:07,FRPST
5233,2023-06-10,DIJON VILLE,NON,6709,20:12,SUD EST,MULHOUSE VILLE,PABOUR,FRAEK,18:56,FRABA
5234,2023-06-10,BORDEAUX ST JEAN,OUI,8486,12:04,ATLANTIQUE,POITIERS,SUDOUESTPA,FRPIS,10:12,FRBOJ
5235,2023-06-10,BORDEAUX ST JEAN,OUI,8486,13:37,ATLANTIQUE,PARIS (intramuros),SUDOUESTPA,FRPMO,10:12,FRBOJ
5236,2023-06-10,LIBOURNE,OUI,8486,12:04,ATLANTIQUE,POITIERS,SUDOUESTPA,FRPIS,10:43,FRXLR
5237,2023-06-10,METZ VILLE,NON,9879,15:11,EST,DIJON VILLE,JCRHINRHON,FRABA,12:12,FRADE
5238,2023-06-10,MULHOUSE VILLE,NON,9879,16:18,EST,MACON VILLE,JCRHINRHON,FRHGU,13:57,FRAEK
5239,2023-06-10,MULHOUSE VILLE,NON,9879,17:50,EST,VALENCE TGV RHONE-ALPES SUD,JCRHINRHON,FRVLA,13:57,FRAEK
5240,2023-06-10,BELFORT-MONTBELIARD TGV,NON,9879,17:50,EST,VALENCE TGV RHONE-ALPES SUD,JCRHINRHON,FRVLA,14:21,FRTJA
5241,2023-06-10,BESANCON - F COMTE TGV,NON,9879,16:18,EST,MACON VILLE,JCRHINRHON,FRHGU,14:44,FRTJB
5242,2023-06-10,MACON VILLE,NON,9879,18:53,EST,MONTPELLIER SUD DE FRANCE,JCRHINRHON,FRSUF,16:21,FRHGU
5243,2023-06-10,BELFORT-MONTBELIARD TGV,NON,9879,18:53,EST,MONTPELLIER SUD DE FRANCE,JCRHINRHON,FRSUF,14:21,FRTJA
5244,2023-06-10,MULHOUSE VILLE,NON,9879,18:31,EST,NIMES PONT DU GARD,JCRHINRHON,FRXZP,13:57,FRAEK
5245,2023-06-10,STRASBOURG,NON,9879,18:31,EST,NIMES PONT DU GARD,JCRHINRHON,FRXZP,13:06,FRAEG
5246,2023-06-10,CANNES,OUI,6074,10:55,SUD EST,ST RAPHAEL VALESCURE,AZURPA,FRXSK,10:32,FRJCA
5247,2023-06-10,NICE VILLE,OUI,6074,10:13,SUD EST,ANTIBES,AZURPA,FRXAT,09:57,FRNIC
5248,2023-06-10,TOULON,OUI,6074,12:33,SUD EST,MARSEILLE ST CHARLES,AZURPA,FRMSC,11:48,FRTLN
5249,2023-06-10,ANTIBES,OUI,6074,12:33,SUD EST,MARSEILLE ST CHARLES,AZURPA,FRMSC,10:16,FRXAT
5250,2023-06-10,ANTIBES,OUI,6074,10:55,SUD EST,ST RAPHAEL VALESCURE,AZURPA,FRXSK,10:16,FRXAT
5251,2023-06-10,MASSY TGV,OUI,9838,20:29,NORD,LE MANS,JCNORDBRET,FRAET,19:39,FRDJU
5252,2023-06-10,MASSY TGV,OUI,9838,21:29,NORD,RENNES,JCNORDBRET,FRRNS,19:39,FRDJU
5253,2023-06-10,LILLE (intramuros),OUI,9838,18:58,NORD,MARNE LA VALLEE CHESSY,JCNORDBRET,FRMLV,17:42,FRLLE
5254,2023-06-10,MARNE LA VALLEE CHESSY,OUI,9838,20:29,NORD,LE MANS,JCNORDBRET,FRAET,19:02,FRMLV
5255,2023-06-10,AEROPORT CDG2 TGV ROISSY,OUI,9838,21:29,NORD,RENNES,JCNORDBRET,FRRNS,18:49,FRMLW
5256,2023-06-10,TGV HAUTE PICARDIE,OUI,9838,19:34,NORD,MASSY TGV,JCNORDBRET,FRDJU,18:15,FRTHP
5257,2023-06-10,TGV HAUTE PICARDIE,OUI,9838,18:58,NORD,MARNE LA VALLEE CHESSY,JCNORDBRET,FRMLV,18:15,FRTHP
5258,2023-06-10,BRUXELLES MIDI BRUSSEL ZUID,OUI,9838,18:10,NORD,TGV HAUTE PICARDIE,JCNORDBRET,FRTHP,16:54,BEBMI
5259,2023-06-10,BRUXELLES MIDI BRUSSEL ZUID,OUI,9838,20:29,NORD,LE MANS,JCNORDBRET,FRAET,16:54,BEBMI
5260,2023-06-10,BRUXELLES MIDI BRUSSEL ZUID,OUI,9838,19:34,NORD,MASSY TGV,JCNORDBRET,FRDJU,16:54,BEBMI
5261,2023-06-10,BRUXELLES MIDI BRUSSEL ZUID,OUI,9838,21:01,NORD,LAVAL,JCNORDBRET,FRACR,16:54,BEBMI
5262,2023-06-10,ARRAS,OUI,7344,22:08,NORD,PARIS (intramuros),ARRASPA,FRPNO,21:18,FRQRV
5263,2023-06-10,PARIS (intramuros),OUI,6623,18:56,SUD EST,LYON (intramuros),PARISRHONE,FRLPD,16:58,FRPLY
5264,2023-06-10,ANGOULEME,OUI,8480,07:04,ATLANTIQUE,POITIERS,SUDOUESTPA,FRPIS,06:25,FRANG
5265,2023-06-10,BORDEAUX ST JEAN,OUI,8480,08:37,ATLANTIQUE,PARIS (intramuros),SUDOUESTPA,FRPMO,05:15,FRBOJ
5266,2023-06-10,BOURGES,NON,4502,16:04,IC SRO,NANTES,JOURLYNNTE,FRNTE,13:03,FRBOU
5267,2023-06-10,LYON (intramuros),NON,4502,14:59,IC SRO,SAUMUR,JOURLYNNTE,FRACN,09:34,FRLPD
5268,2023-06-10,LYON (intramuros),NON,4502,13:01,IC SRO,BOURGES,JOURLYNNTE,FRBOU,09:34,FRLPD
5269,2023-06-10,LYON (intramuros),NON,4502,13:22,IC SRO,VIERZON VILLE,JOURLYNNTE,FRXVZ,09:34,FRLPD
5270,2023-06-10,LYON (intramuros),NON,4502,13:01,IC SRO,BOURGES,JOURLYNNTE,FRBOU,09:20,FRLPE
5271,2023-06-10,LYON (intramuros),NON,4502,16:04,IC SRO,NANTES,JOURLYNNTE,FRNTE,09:20,FRLPE
5272,2023-06-10,LYON (intramuros),NON,4502,13:22,IC SRO,VIERZON VILLE,JOURLYNNTE,FRXVZ,09:20,FRLPE
5273,2023-06-10,ROANNE,NON,4502,13:22,IC SRO,VIERZON VILLE,JOURLYNNTE,FRXVZ,10:40,FRRNE
5274,2023-06-10,ST GERMAIN DES FOSSES,NON,4502,13:01,IC SRO,BOURGES,JOURLYNNTE,FRBOU,11:19,FRSGF
5275,2023-06-10,ST GERMAIN DES FOSSES,NON,4502,11:44,IC SRO,MOULINS SUR ALLIER,JOURLYNNTE,FRXMU,11:19,FRSGF
5276,2023-06-10,ST GERMAIN DES FOSSES,NON,4502,13:22,IC SRO,VIERZON VILLE,JOURLYNNTE,FRXVZ,11:19,FRSGF
5277,2023-06-10,MOULINS SUR ALLIER,NON,4502,14:59,IC SRO,SAUMUR,JOURLYNNTE,FRACN,11:46,FRXMU
5278,2023-06-10,MOULINS SUR ALLIER,NON,4502,16:04,IC SRO,NANTES,JOURLYNNTE,FRNTE,11:46,FRXMU
5279,2023-06-10,ST PIERRE DES CORPS,NON,4502,16:04,IC SRO,NANTES,JOURLYNNTE,FRNTE,14:28,FRXSH
5280,2023-06-10,VIERZON VILLE,NON,4502,14:25,IC SRO,ST PIERRE DES CORPS,JOURLYNNTE,FRXSH,13:24,FRXVZ
5281,2023-06-10,GRENOBLE,NON,6906,08:54,SUD EST,LYON-SAINT EXUPERY TGV,GRENOBLEPA,FRJDQ,07:46,FRGNB
5282,2023-06-10,GRENOBLE,NON,6906,10:48,SUD EST,PARIS (intramuros),GRENOBLEPA,FRPLY,07:46,FRGNB
5283,2023-06-10,CLERMONT FERRAND,NON,15941,14:08,IC SRO,MASSIAC BLESLE,NORESTJOU,FRHMY,13:03,FRCFE
5284,2023-06-10,ISSOIRE,NON,15941,14:08,IC SRO,MASSIAC BLESLE,NORESTJOU,FRHMY,13:29,FRHLB
5285,2023-06-10,AIX EN PROVENCE TGV,NON,9882,21:57,NORD,LILLE (intramuros),JCSUDNORD,FRLLE,17:22,FRAIE
5286,2023-06-10,AIX EN PROVENCE TGV,NON,9882,20:47,NORD,MARNE LA VALLEE CHESSY,JCSUDNORD,FRMLV,17:22,FRAIE
5287,2023-06-10,AVIGNON TGV,NON,9882,22:43,NORD,BRUXELLES MIDI BRUSSEL ZUID,JCSUDNORD,BEBMI,17:45,FRAVG
5288,2023-06-10,LYON (intramuros),OUI,9882,21:57,NORD,LILLE (intramuros),JCSUDNORD,FRLLE,19:00,FRLPD
5289,2023-06-10,MARNE LA VALLEE CHESSY,OUI,9882,21:01,NORD,AEROPORT CDG2 TGV ROISSY,JCSUDNORD,FRMLW,20:51,FRMLV
5290,2023-06-10,AEROPORT CDG2 TGV ROISSY,OUI,9882,22:43,NORD,BRUXELLES MIDI BRUSSEL ZUID,JCSUDNORD,BEBMI,21:07,FRMLW
5291,2023-06-10,AEROPORT CDG2 TGV ROISSY,OUI,9882,21:57,NORD,LILLE (intramuros),JCSUDNORD,FRLLE,21:07,FRMLW
5292,2023-06-10,MARSEILLE ST CHARLES,NON,9882,22:43,NORD,BRUXELLES MIDI BRUSSEL ZUID,JCSUDNORD,BEBMI,17:04,FRMSC
5293,2023-06-10,MARSEILLE ST CHARLES,OUI,9882,17:42,NORD,AVIGNON TGV,JCSUDNORD,FRAVG,17:04,FRMSC
5294,2023-06-10,MARSEILLE ST CHARLES,NON,9882,21:01,NORD,AEROPORT CDG2 TGV ROISSY,JCSUDNORD,FRMLW,17:04,FRMSC
5295,2023-06-10,LYON (intramuros),OUI,6626,16:58,SUD EST,LYON (intramuros),RHONEPARIS,FRLPD,16:50,FRLPE
5296,2023-06-10,RETHEL,OUI,2726,12:09,EST,REIMS,SEDBARPA,FRRHE,11:48,FRBDT
5297,2023-06-10,PARIS (intramuros),NON,5951,08:57,IC ARO,NEVERS,PACLERMONT,FRNVS,06:54,FRPLY
5298,2023-06-10,VICHY,OUI,5951,10:34,IC ARO,CLERMONT FERRAND,PACLERMONT,FRCFE,10:02,FRVHY
5299,2023-06-10,PARIS (intramuros),NON,9761,10:14,INTERNATIONAL,LAUSANNE,PAGENEVE,CHAJF,06:16,FRPLY
5300,2023-06-10,PARIS (intramuros),NON,9761,08:59,INTERNATIONAL,BELLEGARDE,PAGENEVE,FRXBF,06:16,FRPLY
5301,2023-06-10,BOURG EN BRESSE,NON,9761,08:59,INTERNATIONAL,BELLEGARDE,PAGENEVE,FRXBF,08:12,FRXBK
5302,2023-06-10,BORDEAUX ST JEAN,NON,12254,12:52,ATLANTIQUE,PARIS (intramuros),SUDOUESTPA,FRPMO,10:46,FRBOJ
5303,2023-06-10,ANTIBES,NON,6170,16:34,SUD EST,PARIS (intramuros),AZURPA,FRPLY,11:16,FRXAT
5304,2023-06-10,MONTAUBAN VILLE BOURBON,NON,3750,06:50,IC NUIT,PARIS (intramuros),OCCITANPAR,FRPAZ,22:51,FRXMW
5305,2023-06-10,TOULOUSE MATABIAU,NON,3750,06:50,IC NUIT,PARIS (intramuros),OCCITANPAR,FRPAZ,22:18,FRXYT
5306,2023-06-10,CAHORS,NON,3750,05:43,IC NUIT,LES AUBRAIS ORLEANS,OCCITANPAR,FRLAB,23:33,FRZAO
5307,2023-06-10,BRUXELLES MIDI BRUSSEL ZUID,NON,9826,12:08,NORD,MARNE LA VALLEE CHESSY,JCNORDSUD,FRMLV,10:17,BEBMI
5308,2023-06-10,VALENCE TGV RHONE-ALPES SUD,OUI,9826,15:51,NORD,MONTPELLIER SUD DE FRANCE,JCNORDSUD,FRSUF,14:53,FRVLA
5309,2023-06-10,VALENCE TGV RHONE-ALPES SUD,OUI,9826,15:30,NORD,NIMES PONT DU GARD,JCNORDSUD,FRXZP,14:53,FRVLA
5310,2023-06-10,BRUXELLES MIDI BRUSSEL ZUID,NON,9826,15:30,NORD,NIMES PONT DU GARD,JCNORDSUD,FRXZP,10:17,BEBMI
5311,2023-06-10,RETHEL,OUI,2709,10:10,EST,CHARLEVILLE MEZIERES,PABARSED,FRXCZ,09:42,FRBDT
5312,2023-06-10,RETHEL,OUI,2709,10:35,EST,SEDAN,PABARSED,FRXSW,09:42,FRBDT
5313,2023-06-10,PARIS (intramuros),NON,2709,09:39,EST,RETHEL,PABARSED,FRBDT,08:28,FRPST
5314,2023-06-10,PARIS (intramuros),NON,2709,09:14,EST,REIMS,PABARSED,FRRHE,08:28,FRPST
5315,2023-06-10,REIMS,OUI,2709,10:10,EST,CHARLEVILLE MEZIERES,PABARSED,FRXCZ,09:19,FRRHE
5316,2023-06-10,MONTPELLIER SAINT-ROCH,OUI,6225,22:20,SUD EST,NARBONNE,PALANG,FRXNA,21:17,FRMPL
5317,2023-06-10,PARIS (intramuros),OUI,6225,19:53,SUD EST,VALENCE TGV RHONE-ALPES SUD,PALANG,FRVLA,17:40,FRPLY
5318,2023-06-10,VALENCE TGV RHONE-ALPES SUD,OUI,6225,21:48,SUD EST,AGDE,PALANG,FRXAG,19:56,FRVLA
5319,2023-06-10,NARBONNE,OUI,6225,22:56,SUD EST,PERPIGNAN,PALANG,FRPGF,22:23,FRXNA
5320,2023-06-10,SETE,OUI,6225,22:56,SUD EST,PERPIGNAN,PALANG,FRPGF,21:34,FRXSY
5321,2023-06-10,SETE,OUI,6225,21:48,SUD EST,AGDE,PALANG,FRXAG,21:34,FRXSY
5322,2023-06-10,SETE,OUI,6225,22:20,SUD EST,NARBONNE,PALANG,FRXNA,21:34,FRXSY
5323,2023-06-10,DIE,OUI,5790,07:57,IC NUIT,PARIS (intramuros),BRIANCONPA,FRPAZ,23:12,FRDIE
5324,2023-06-10,GAP,OUI,5790,07:57,IC NUIT,PARIS (intramuros),BRIANCONPA,FRPAZ,21:34,FRGAT
5325,2023-06-10,CHORGES,OUI,5790,07:57,IC NUIT,PARIS (intramuros),BRIANCONPA,FRPAZ,21:15,FRIGS
5326,2023-06-10,VEYNES DEVOLUY,OUI,5790,07:57,IC NUIT,PARIS (intramuros),BRIANCONPA,FRPAZ,22:07,FRVDY
5327,2023-06-10,BRIANCON,OUI,5790,07:57,IC NUIT,PARIS (intramuros),BRIANCONPA,FRPAZ,20:03,FRXBC
5328,2023-06-10,DAX,NON,8583,17:52,ATLANTIQUE,PARIS (intramuros),SUDOUESTPA,FRPMO,14:29,FRACG
5329,2023-06-10,ORTHEZ,NON,8583,17:52,ATLANTIQUE,PARIS (intramuros),SUDOUESTPA,FRPMO,13:52,FRGFI
5330,2023-06-10,TARBES,OUI,8583,13:27,ATLANTIQUE,PAU,SUDOUESTPA,FRAEE,12:38,FRXTB
5331,2023-06-10,CANNES,OUI,5772,07:57,IC NUIT,PARIS (intramuros),AZURPAR,FRPAZ,19:37,FRJCA
5332,2023-06-10,CHAMPAGNE-ARDENNE,NON,9403,09:59,EST,STRASBOURG,PASTRAMULH,FRAEG,08:41,FREAH
5333,2023-06-10,PARIS (intramuros),NON,9403,08:38,EST,CHAMPAGNE-ARDENNE,PASTRAMULH,FREAH,07:58,FRPST
5334,2023-06-10,PARIS (intramuros),NON,9403,09:19,EST,LORRAINE TGV,PASTRAMULH,FREAM,07:58,FRPST
5335,2023-06-10,PARIS (intramuros),NON,9403,11:41,EST,FREIBURG BREISGAU HBF,PASTRAMULH,DEFGB,07:58,FRPST
5336,2023-06-10,STRASBOURG,OUI,9403,11:41,EST,FREIBURG BREISGAU HBF,PASTRAMULH,DEFGB,10:07,FRAEG
5337,2023-06-10,LAHR SCHWARZW,OUI,9403,11:41,EST,FREIBURG BREISGAU HBF,PASTRAMULH,DEFGB,11:04,DEANL
5338,2023-06-10,LORRAINE TGV,NON,9403,11:41,EST,FREIBURG BREISGAU HBF,PASTRAMULH,DEFGB,09:22,FREAM
5339,2023-06-10,CHAMPAGNE-ARDENNE,NON,9403,11:11,EST,RINGSHEIM/EU-PARK,PASTRAMULH,DERSH,08:41,FREAH
5340,2023-06-10,CREST,NON,5790,07:57,IC NUIT,PARIS (intramuros),BRIANCONPA,FRPAZ,23:48,FRCRE
5341,2023-06-10,L'ARGENTIERE LES ECRINS   (05),NON,5790,07:57,IC NUIT,PARIS (intramuros),BRIANCONPA,FRPAZ,20:19,FRIHC
5342,2023-06-10,BRIANCON,NON,5790,07:57,IC NUIT,PARIS (intramuros),BRIANCONPA,FRPAZ,20:03,FRXBC
5343,2023-06-10,LA ROCHELLE VILLE,OUI,8370,06:34,ATLANTIQUE,ST MAIXENT DEUX SEVRES,ROCHELLEPA,FREJC,05:39,FRLRH
5344,2023-06-10,LA ROCHELLE VILLE,OUI,8370,08:37,ATLANTIQUE,PARIS (intramuros),ROCHELLEPA,FRPMO,05:39,FRLRH
5345,2023-06-10,NIORT,OUI,8370,07:08,ATLANTIQUE,POITIERS,ROCHELLEPA,FRPIS,06:21,FRNIT
5346,2023-06-10,CARCASSONNE,NON,6871,11:07,SUD EST,VALENCE TGV RHONE-ALPES SUD,JCSUDPROV,FRVLA,08:27,FRCCF
5347,2023-06-10,CARCASSONNE,OUI,6871,08:56,SUD EST,NARBONNE,JCSUDPROV,FRXNA,08:27,FRCCF
5348,2023-06-10,SETE,NON,6871,11:07,SUD EST,VALENCE TGV RHONE-ALPES SUD,JCSUDPROV,FRVLA,09:39,FRXSY
5349,2023-06-10,TOULOUSE MATABIAU,NON,6871,11:07,SUD EST,VALENCE TGV RHONE-ALPES SUD,JCSUDPROV,FRVLA,07:43,FRXYT
5350,2023-06-10,BEZIERS,NON,6871,09:55,SUD EST,MONTPELLIER SUD DE FRANCE,JCSUDPROV,FRSUF,09:15,FRBZR
5351,2023-06-10,MONTPELLIER SUD DE FRANCE,NON,6871,11:50,SUD EST,LYON (intramuros),JCSUDPROV,FRLPD,10:05,FRSUF
5352,2023-06-10,NIMES PONT DU GARD,NON,6871,11:50,SUD EST,LYON (intramuros),JCSUDPROV,FRLPD,10:27,FRXZP
5353,2023-06-10,TOURS,OUI,8320,19:22,ATLANTIQUE,VENDOME VILLIERS SUR LOIR,ROCHELLEPA,FRESL,18:56,FRAFW
5354,2023-06-10,TOURS,OUI,8320,20:12,ATLANTIQUE,PARIS (intramuros),ROCHELLEPA,FRPMO,18:56,FRAFW
5355,2023-06-10,TOURS,OUI,8320,19:01,ATLANTIQUE,ST PIERRE DES CORPS,ROCHELLEPA,FRXSH,18:56,FRAFW
5356,2023-06-10,ST PIERRE DES CORPS,OUI,8320,20:12,ATLANTIQUE,PARIS (intramuros),ROCHELLEPA,FRPMO,19:04,FRXSH
5357,2023-06-10,AVIGNON TGV,NON,5113,14:01,NORD,MARSEILLE ST CHARLES,JCNORDSUD,FRMSC,13:31,FRAVG
5358,2023-06-10,LILLE (intramuros),NON,5113,13:28,NORD,AVIGNON TGV,JCNORDSUD,FRAVG,09:03,FRLLE
5359,2023-06-10,VALENCE TGV RHONE-ALPES SUD,NON,5113,14:01,NORD,MARSEILLE ST CHARLES,JCNORDSUD,FRMSC,12:56,FRVLA
5360,2023-06-10,PARIS (intramuros),NON,5789,08:04,IC NUIT,L'ARGENTIERE LES ECRINS   (05),PABRIANCON,FRIHC,20:48,FRPAZ
5361,2023-06-10,ANGOULEME,OUI,8437,13:02,ATLANTIQUE,BORDEAUX ST JEAN,PASUDOUEST,FRBOJ,12:26,FRANG
5362,2023-06-10,BEZIERS,NON,9704,18:16,SUD EST,NIMES,BARCELONEPA,FRFNI,16:58,FRBZR
5363,2023-06-10,BEZIERS,NON,9704,17:43,SUD EST,MONTPELLIER SAINT-ROCH,BARCELONEPA,FRMPL,16:58,FRBZR
5364,2023-06-10,MONTPELLIER SAINT-ROCH,NON,9704,18:16,SUD EST,NIMES,BARCELONEPA,FRFNI,17:51,FRMPL
5365,2023-06-10,PERPIGNAN,NON,9704,16:55,SUD EST,BEZIERS,BARCELONEPA,FRBZR,16:04,FRPGF
5366,2023-06-10,PERPIGNAN,NON,9704,17:43,SUD EST,MONTPELLIER SAINT-ROCH,BARCELONEPA,FRMPL,16:04,FRPGF
5367,2023-06-10,NARBONNE,NON,9704,19:03,SUD EST,VALENCE TGV RHONE-ALPES SUD,BARCELONEPA,FRVLA,16:42,FRXNA
5368,2023-06-10,SETE,NON,9704,18:16,SUD EST,NIMES,BARCELONEPA,FRFNI,17:27,FRXSY
5369,2023-06-10,BARCELONA SANTS,NON,9704,21:18,SUD EST,PARIS (intramuros),BARCELONEPA,FRPLY,14:32,ESBST
5370,2023-06-10,GIRONA,NON,9704,19:03,SUD EST,VALENCE TGV RHONE-ALPES SUD,BARCELONEPA,FRVLA,15:13,ESGRO
5371,2023-06-10,GIRONA,NON,9704,16:55,SUD EST,BEZIERS,BARCELONEPA,FRBZR,15:13,ESGRO
5372,2023-06-10,BARCELONA SANTS,NON,9704,17:08,SUD EST,AGDE,BARCELONEPA,FRXAG,14:32,ESBST
5373,2023-06-10,FIGUERES VILA TGV,NON,9704,16:39,SUD EST,NARBONNE,BARCELONEPA,FRXNA,15:30,ESFIR
5374,2023-06-10,FIGUERES VILA TGV,NON,9704,19:03,SUD EST,VALENCE TGV RHONE-ALPES SUD,BARCELONEPA,FRVLA,15:30,ESFIR
5375,2023-06-10,FIGUERES VILA TGV,NON,9704,16:55,SUD EST,BEZIERS,BARCELONEPA,FRBZR,15:30,ESFIR
5376,2023-06-10,SAUMUR,OUI,5358,22:29,SUD EST,ANGERS ST LAUD,JCSUDATL,FRACL,22:09,FRACN
5377,2023-06-10,LYON (intramuros),OUI,5358,22:29,SUD EST,ANGERS ST LAUD,JCSUDATL,FRACL,18:30,FRLPD
5378,2023-06-10,LYON (intramuros),OUI,5358,22:06,SUD EST,SAUMUR,JCSUDATL,FRACN,18:30,FRLPD
5379,2023-06-10,VALENCE TGV RHONE-ALPES SUD,OUI,5358,20:31,SUD EST,MASSY TGV,JCSUDATL,FRDJU,17:42,FRVLA
5380,2023-06-10,VALENCE TGV RHONE-ALPES SUD,OUI,5358,21:28,SUD EST,ST PIERRE DES CORPS,JCSUDATL,FRXSH,17:42,FRVLA
5381,2023-06-10,MONTPELLIER SUD DE FRANCE,OUI,5358,21:28,SUD EST,ST PIERRE DES CORPS,JCSUDATL,FRXSH,16:41,FRSUF
5382,2023-06-10,NIMES PONT DU GARD,OUI,5358,22:06,SUD EST,SAUMUR,JCSUDATL,FRACN,17:02,FRXZP
5383,2023-06-10,UZERCHE,OUI,3634,09:27,IC ARO,LA SOUTERRAINE,TOULOUZECO,FRLST,08:16,FRAAW
5384,2023-06-10,BRIVE LA GAILLARDE,OUI,3634,12:18,IC ARO,PARIS (intramuros),TOULOUZECO,FRPAZ,07:50,FRBVE
5385,2023-06-10,ARGENTON SUR CREUSE,OUI,3634,10:08,IC ARO,CHATEAUROUX,TOULOUZECO,FRCHR,09:53,FRFMT
5386,2023-06-10,ARGENTON SUR CREUSE,OUI,3634,12:18,IC ARO,PARIS (intramuros),TOULOUZECO,FRPAZ,09:53,FRFMT
5387,2023-06-10,GOURDON,OUI,3634,07:47,IC ARO,BRIVE LA GAILLARDE,TOULOUZECO,FRBVE,07:06,FRFSI
5388,2023-06-10,LA SOUTERRAINE,OUI,3634,12:18,IC ARO,PARIS (intramuros),TOULOUZECO,FRPAZ,09:29,FRLST
5389,2023-06-10,PAU,NON,14142,12:34,IC SRO,LOURDES,SUDOUEST,FRLDE,12:09,FRAEE
5390,2023-06-10,HENDAYE,NON,14142,12:06,IC SRO,PAU,SUDOUEST,FRAEE,10:19,FRAEF
5391,2023-06-10,HENDAYE,NON,14142,14:29,IC SRO,TOULOUSE MATABIAU,SUDOUEST,FRXYT,10:19,FRAEF
5392,2023-06-10,BIARRITZ,NON,14142,12:34,IC SRO,LOURDES,SUDOUEST,FRLDE,10:40,FRBIQ
5393,2023-06-10,BIARRITZ,NON,14142,12:50,IC SRO,TARBES,SUDOUEST,FRXTB,10:40,FRBIQ
5394,2023-06-10,ORTHEZ,NON,14142,12:06,IC SRO,PAU,SUDOUEST,FRAEE,11:45,FRGFI
5395,2023-06-10,ORTHEZ,NON,14142,12:50,IC SRO,TARBES,SUDOUEST,FRXTB,11:45,FRGFI
5396,2023-06-10,BAYONNE,NON,14142,11:43,IC SRO,ORTHEZ,SUDOUEST,FRGFI,11:01,FRXBY
5397,2023-06-10,BAYONNE,NON,14142,14:29,IC SRO,TOULOUSE MATABIAU,SUDOUEST,FRXYT,11:01,FRXBY
5398,2023-06-10,ST JEAN DE LUZ CIBOURE,NON,14142,10:39,IC SRO,BIARRITZ,SUDOUEST,FRBIQ,10:30,FRXJZ
5399,2023-06-10,ST JEAN DE LUZ CIBOURE,NON,14142,11:43,IC SRO,ORTHEZ,SUDOUEST,FRGFI,10:30,FRXJZ
5400,2023-06-10,ST JEAN DE LUZ CIBOURE,NON,14142,10:52,IC SRO,BAYONNE,SUDOUEST,FRXBY,10:30,FRXJZ
5401,2023-06-10,ST JEAN DE LUZ CIBOURE,NON,14142,12:50,IC SRO,TARBES,SUDOUEST,FRXTB,10:30,FRXJZ
5402,2023-06-10,BIARRITZ,OUI,8536,12:23,ATLANTIQUE,DAX,SUDOUESTPA,FRACG,11:37,FRBIQ
5403,2023-06-10,BAYONNE,OUI,8536,12:23,ATLANTIQUE,DAX,SUDOUESTPA,FRACG,11:52,FRXBY
5404,2023-06-10,MACON LOCHE TGV,NON,6972,16:14,SUD EST,PARIS (intramuros),ALPESPARIS,FRPLY,14:38,FRMLT
5405,2023-06-10,ANNECY,NON,6972,14:35,SUD EST,MACON LOCHE TGV,ALPESPARIS,FRMLT,12:30,FRNCY
5406,2023-06-10,ANNECY,NON,6972,12:56,SUD EST,AIX LES BAINS LE REVARD,ALPESPARIS,FRXAI,12:30,FRNCY
5407,2023-06-10,DAX,OUI,8571,11:21,ATLANTIQUE,LOURDES,PASUDOUEST,FRLDE,10:06,FRACG
5408,2023-06-10,MASSY TGV,NON,8571,10:52,ATLANTIQUE,PAU,PASUDOUEST,FRAEE,06:47,FRDJU
5409,2023-06-10,PARIS (intramuros),NON,8571,10:03,ATLANTIQUE,DAX,PASUDOUEST,FRACG,06:34,FRPMO
5410,2023-06-10,VENDOME VILLIERS SUR LOIR,OUI,8345,19:35,ATLANTIQUE,ST PIERRE DES CORPS,PAROCHELLE,FRXSH,19:16,FRESL
5411,2023-06-10,PARIS (intramuros),OUI,8345,19:13,ATLANTIQUE,VENDOME VILLIERS SUR LOIR,PAROCHELLE,FRESL,18:28,FRPMO
5412,2023-06-10,CHATELLERAULT,OUI,8345,20:32,ATLANTIQUE,POITIERS,PAROCHELLE,FRPIS,20:13,FRXCX
5413,2023-06-10,LA ROCHELLE VILLE,OUI,8362,09:05,ATLANTIQUE,SURGERES,ROCHELLEPA,FREIP,08:47,FRLRH
5414,2023-06-10,NIORT,OUI,8362,10:35,ATLANTIQUE,ST PIERRE DES CORPS,ROCHELLEPA,FRXSH,09:29,FRNIT
5415,2023-06-10,TOULOUSE MATABIAU,OUI,3750,06:50,IC NUIT,PARIS (intramuros),OCCITANPAR,FRPAZ,22:18,FRXYT
5416,2023-06-10,NIMES,NON,5062,12:47,NORD,MARNE LA VALLEE CHESSY,JCSUDNORD,FRMLV,09:25,FRFNI
5417,2023-06-10,NIMES,NON,5062,13:34,NORD,TGV HAUTE PICARDIE,JCSUDNORD,FRTHP,09:25,FRFNI
5418,2023-06-10,LYON (intramuros),NON,5062,12:47,NORD,MARNE LA VALLEE CHESSY,JCSUDNORD,FRMLV,11:00,FRLPD
5419,2023-06-10,LYON (intramuros),NON,5062,13:01,NORD,AEROPORT CDG2 TGV ROISSY,JCSUDNORD,FRMLW,11:00,FRLPD
5420,2023-06-10,MARNE LA VALLEE CHESSY,NON,5062,13:55,NORD,ARRAS,JCSUDNORD,FRQRV,12:51,FRMLV
5421,2023-06-10,MONTPELLIER SAINT-ROCH,NON,5062,12:47,NORD,MARNE LA VALLEE CHESSY,JCSUDNORD,FRMLV,08:57,FRMPL
5422,2023-06-10,MONTPELLIER SAINT-ROCH,NON,5062,13:01,NORD,AEROPORT CDG2 TGV ROISSY,JCSUDNORD,FRMLW,08:57,FRMPL
5423,2023-06-10,MONTPELLIER SAINT-ROCH,NON,5062,13:55,NORD,ARRAS,JCSUDNORD,FRQRV,08:57,FRMPL
5424,2023-06-10,ANGERS ST LAUD,NON,4504,18:38,IC SRO,NANTES,JOURLYNNTE,FRNTE,17:56,FRACL
5425,2023-06-10,SAUMUR,NON,4504,17:54,IC SRO,ANGERS ST LAUD,JOURLYNNTE,FRACL,17:34,FRACN
5426,2023-06-10,BOURGES,NON,4504,17:54,IC SRO,ANGERS ST LAUD,JOURLYNNTE,FRACL,15:30,FRBOU
5427,2023-06-10,LYON (intramuros),NON,4504,17:32,IC SRO,SAUMUR,JOURLYNNTE,FRACN,12:00,FRLPD
5428,2023-06-10,LYON (intramuros),NON,4504,18:38,IC SRO,NANTES,JOURLYNNTE,FRNTE,12:00,FRLPD
5429,2023-06-10,LYON (intramuros),NON,4504,14:09,IC SRO,MOULINS SUR ALLIER,JOURLYNNTE,FRXMU,12:00,FRLPD
5430,2023-06-10,LYON (intramuros),NON,4504,14:39,IC SRO,NEVERS,JOURLYNNTE,FRNVS,11:47,FRLPE
5431,2023-06-10,NEVERS,NON,4504,15:28,IC SRO,BOURGES,JOURLYNNTE,FRBOU,14:52,FRNVS
5432,2023-06-10,NEVERS,NON,4504,18:38,IC SRO,NANTES,JOURLYNNTE,FRNTE,14:52,FRNVS
5433,2023-06-10,ROANNE,NON,4504,14:39,IC SRO,NEVERS,JOURLYNNTE,FRNVS,13:06,FRRNE
5434,2023-06-10,ROANNE,NON,4504,13:43,IC SRO,ST GERMAIN DES FOSSES,JOURLYNNTE,FRSGF,13:06,FRRNE
5435,2023-06-10,ST GERMAIN DES FOSSES,NON,4504,15:48,IC SRO,VIERZON VILLE,JOURLYNNTE,FRXVZ,13:45,FRSGF
5436,2023-06-10,MOULINS SUR ALLIER,NON,4504,17:32,IC SRO,SAUMUR,JOURLYNNTE,FRACN,14:11,FRXMU
5437,2023-06-10,MOULINS SUR ALLIER,NON,4504,16:55,IC SRO,ST PIERRE DES CORPS,JOURLYNNTE,FRXSH,14:11,FRXMU
5438,2023-06-10,DAX,OUI,8574,18:02,ATLANTIQUE,ORTHEZ,PASUDOUEST,FRGFI,17:36,FRACG
5439,2023-06-10,BORDEAUX ST JEAN,OUI,8574,17:28,ATLANTIQUE,DAX,PASUDOUEST,FRACG,16:21,FRBOJ
5440,2023-06-10,BORDEAUX ST JEAN,OUI,8574,18:54,ATLANTIQUE,LOURDES,PASUDOUEST,FRLDE,16:21,FRBOJ
5441,2023-06-10,BORDEAUX ST JEAN,OUI,8574,19:19,ATLANTIQUE,TARBES,PASUDOUEST,FRXTB,16:21,FRBOJ
5442,2023-06-10,MASSY TGV,NON,8574,16:15,ATLANTIQUE,BORDEAUX ST JEAN,PASUDOUEST,FRBOJ,14:15,FRDJU
5443,2023-06-10,ORTHEZ,OUI,8574,18:54,ATLANTIQUE,LOURDES,PASUDOUEST,FRLDE,18:04,FRGFI
5444,2023-06-10,PARIS (intramuros),NON,8574,18:02,ATLANTIQUE,ORTHEZ,PASUDOUEST,FRGFI,14:03,FRPMO
5445,2023-06-10,ANGERS ST LAUD,OUI,8829,00:01,ATLANTIQUE,NANTES,PARISLOIRE,FRNTE,23:24,FRACL
5446,2023-06-10,LES AUBRAIS ORLEANS,NON,3755,06:07,IC NUIT,AUBIN,PAVERMEIL,FRFSQ,23:32,FRLAB
5447,2023-06-10,PARIS (intramuros),NON,3755,05:19,IC NUIT,ASSIER,PAVERMEIL,FRFSD,22:12,FRPAZ
5448,2023-06-10,PARIS (intramuros),NON,3755,06:01,IC NUIT,VIVIEZ DECAZEVILLE,PAVERMEIL,FRVZD,22:12,FRPAZ
5449,2023-06-10,AGEN,NON,4661,16:14,IC ARO,BEZIERS,TJOURSOSE,FRBZR,13:32,FRAGF
5450,2023-06-10,AGEN,NON,4661,19:26,IC ARO,MARSEILLE ST CHARLES,TJOURSOSE,FRMSC,13:32,FRAGF
5451,2023-06-10,CARCASSONNE,NON,4661,15:58,IC ARO,NARBONNE,TJOURSOSE,FRXNA,15:30,FRCCF
5452,2023-06-10,MONTPELLIER SAINT-ROCH,NON,4661,17:20,IC ARO,NIMES,TJOURSOSE,FRFNI,16:56,FRMPL
5453,2023-06-10,MONTAUBAN VILLE BOURBON,NON,4661,16:52,IC ARO,MONTPELLIER SAINT-ROCH,TJOURSOSE,FRMPL,14:09,FRXMW
5454,2023-06-10,MONTAUBAN VILLE BOURBON,NON,4661,15:58,IC ARO,NARBONNE,TJOURSOSE,FRXNA,14:09,FRXMW
5455,2023-06-10,LUCON,NON,3835,20:12,IC SRO,BORDEAUX ST JEAN,NANTEBORDO,FRBOJ,17:00,FRLCN
5456,2023-06-10,NANTES,NON,3835,20:12,IC SRO,BORDEAUX ST JEAN,NANTEBORDO,FRBOJ,15:55,FRNTE
5457,2023-06-10,NANTES,NON,3835,19:10,IC SRO,JONZAC,NANTEBORDO,FREMR,15:55,FRNTE
5458,2023-06-10,NANTES,NON,3835,17:39,IC SRO,LA ROCHELLE VILLE,NANTEBORDO,FRLRH,15:55,FRNTE
5459,2023-06-10,ROCHEFORT,NON,3835,20:12,IC SRO,BORDEAUX ST JEAN,NANTEBORDO,FRBOJ,18:05,FRRCO
5460,2023-06-10,SAINTES,NON,3835,19:10,IC SRO,JONZAC,NANTEBORDO,FREMR,18:34,FRXST
5461,2023-06-10,CHAMPAGNE-ARDENNE,OUI,2550,21:05,EST,PARIS (intramuros),NANCYPA,FRPST,20:23,FREAH
5462,2023-06-10,NANCY,OUI,2550,19:53,EST,MEUSE TGV,NANCYPA,FREAJ,19:20,FRENC
5463,2023-06-10,QUIMPER,OUI,8190,13:47,ATLANTIQUE,LORIENT,BRETAPARIS,FRLRT,13:14,FRUIP
5464,2023-06-10,QUIMPER,NON,8190,15:25,ATLANTIQUE,RENNES,BRETAPARIS,FRRNS,13:14,FRUIP
5465,2023-06-10,QUIMPER,NON,8190,14:19,ATLANTIQUE,VANNES,BRETAPARIS,FRVNE,13:14,FRUIP
5466,2023-06-10,QUIMPER,OUI,8190,14:06,ATLANTIQUE,AURAY,BRETAPARIS,FRXUY,13:14,FRUIP
5467,2023-06-10,VANNES,OUI,8190,14:48,ATLANTIQUE,REDON,BRETAPARIS,FRXRN,14:22,FRVNE
5468,2023-06-10,AURAY,NON,8190,15:25,ATLANTIQUE,RENNES,BRETAPARIS,FRRNS,14:09,FRXUY
5469,2023-06-10,TOULOUSE MATABIAU,NON,8504,09:32,ATLANTIQUE,AGEN,SUDOUESTPA,FRAGF,08:23,FRXYT
5470,2023-06-10,BOURG EN BRESSE,NON,9773,15:00,INTERNATIONAL,BELLEGARDE,PAGENEVE,FRXBF,14:12,FRXBK
5471,2023-06-10,PARIS (intramuros),OUI,7171,14:40,NORD,ARRAS,PAARRAS,FRQRV,13:52,FRPNO
5472,2023-06-10,AIX EN PROVENCE TGV,NON,6124,16:38,SUD EST,AVIGNON TGV,AZURPA,FRAVG,16:19,FRAIE
5473,2023-06-10,AIX EN PROVENCE TGV,NON,6124,19:22,SUD EST,PARIS (intramuros),AZURPA,FRPLY,16:19,FRAIE
5474,2023-06-10,MARSEILLE ST CHARLES,NON,6124,16:16,SUD EST,AIX EN PROVENCE TGV,AZURPA,FRAIE,16:04,FRMSC
5475,2023-06-10,MARSEILLE ST CHARLES,NON,6124,16:38,SUD EST,AVIGNON TGV,AZURPA,FRAVG,16:04,FRMSC
5476,2023-06-10,HYERES,NON,6124,16:38,SUD EST,AVIGNON TGV,AZURPA,FRAVG,14:50,FRXHE
5477,2023-06-10,HYERES,OUI,6124,15:03,SUD EST,TOULON,AZURPA,FRTLN,14:50,FRXHE
5478,2023-06-10,HENDAYE,OUI,8540,14:24,ATLANTIQUE,DAX,SUDOUESTPA,FRACG,13:12,FRAEF
5479,2023-06-10,ST JEAN DE LUZ CIBOURE,OUI,8540,14:24,ATLANTIQUE,DAX,SUDOUESTPA,FRACG,13:25,FRXJZ
5480,2023-06-10,ST JEAN DE LUZ CIBOURE,OUI,8540,13:35,ATLANTIQUE,BIARRITZ,SUDOUESTPA,FRBIQ,13:25,FRXJZ
5481,2023-06-10,GENEVE,NON,9760,09:42,INTERNATIONAL,PARIS (intramuros),GENEVEPA,FRPLY,06:29,CHGVA
5482,2023-06-10,GENEVE,NON,9760,07:49,INTERNATIONAL,BOURG EN BRESSE,GENEVEPA,FRXBK,06:29,CHGVA
5483,2023-06-10,BELLEGARDE,OUI,9760,09:42,INTERNATIONAL,PARIS (intramuros),GENEVEPA,FRPLY,07:02,FRXBF
5484,2023-06-10,PARIS (intramuros),NON,8303,13:35,ATLANTIQUE,ST PIERRE DES CORPS,PAROCHELLE,FRXSH,12:28,FRPMO
5485,2023-06-10,DIJON VILLE,NON,6711,21:55,SUD EST,MULHOUSE VILLE,PABOUR,FRAEK,20:35,FRABA
5486,2023-06-10,DIJON VILLE,NON,6711,21:05,SUD EST,BESANCON - F COMTE TGV,PABOUR,FRTJB,20:35,FRABA
5487,2023-06-10,MONTBARD,NON,6711,21:05,SUD EST,BESANCON - F COMTE TGV,PABOUR,FRTJB,19:56,FRGWE
5488,2023-06-10,PARIS (intramuros),NON,6711,19:53,SUD EST,MONTBARD,PABOUR,FRGWE,18:50,FRPLY
5489,2023-06-10,ROCHEFORT,NON,3837,22:08,IC SRO,BORDEAUX ST JEAN,NANTEBORDO,FRBOJ,20:05,FRRCO
5490,2023-06-10,ROCHEFORT,NON,3837,20:32,IC SRO,SAINTES,NANTEBORDO,FRXST,20:05,FRRCO
5491,2023-06-10,LA ROCHE SUR YON,NON,3837,20:32,IC SRO,SAINTES,NANTEBORDO,FRXST,18:36,FRXRO
5492,2023-06-10,BORDEAUX ST JEAN,OUI,12274,19:25,ATLANTIQUE,PARIS (intramuros),SUDOUESTPA,FRPMO,17:08,FRBOJ
5493,2023-06-10,PARIS (intramuros),NON,6619,16:56,SUD EST,LYON (intramuros),PARISRHONE,FRLPD,14:58,FRPLY
5494,2023-06-10,LAVAL,NON,8723,16:25,ATLANTIQUE,RENNES,PARISBRETA,FRRNS,16:00,FRACR
5495,2023-06-10,QUIMPERLE,OUI,8723,18:25,ATLANTIQUE,ROSPORDEN,PARISBRETA,FRRSP,18:11,FRECO
5496,2023-06-10,LORIENT,OUI,8723,18:09,ATLANTIQUE,QUIMPERLE,PARISBRETA,FRECO,17:58,FRLRT
5497,2023-06-10,PARIS (intramuros),NON,8723,15:57,ATLANTIQUE,LAVAL,PARISBRETA,FRACR,14:41,FRPMO
5498,2023-06-10,PARIS (intramuros),NON,8723,18:09,ATLANTIQUE,QUIMPERLE,PARISBRETA,FRECO,14:41,FRPMO
5499,2023-06-10,PARIS (intramuros),NON,8723,16:25,ATLANTIQUE,RENNES,PARISBRETA,FRRNS,14:41,FRPMO
5500,2023-06-10,PARIS (intramuros),NON,8723,17:28,ATLANTIQUE,VANNES,PARISBRETA,FRVNE,14:41,FRPMO
5501,2023-06-10,RENNES,NON,8723,18:40,ATLANTIQUE,QUIMPER,PARISBRETA,FRUIP,16:29,FRRNS
5502,2023-06-10,ROSPORDEN,OUI,8723,18:40,ATLANTIQUE,QUIMPER,PARISBRETA,FRUIP,18:28,FRRSP
5503,2023-06-10,REDON,NON,8723,18:40,ATLANTIQUE,QUIMPER,PARISBRETA,FRUIP,17:05,FRXRN
5504,2023-06-10,AIX EN PROVENCE TGV,NON,5516,14:55,EST,MULHOUSE VILLE,JCRHONRHIN,FRAEK,09:58,FRAIE
5505,2023-06-10,AIX EN PROVENCE TGV,NON,5516,17:02,EST,NANCY,JCRHONRHIN,FRENC,09:58,FRAIE
5506,2023-06-10,AIX EN PROVENCE TGV,NON,5516,11:26,EST,LYON (intramuros),JCRHONRHIN,FRLPD,09:58,FRAIE
5507,2023-06-10,AIX EN PROVENCE TGV,NON,5516,13:03,EST,BEAUNE,JCRHONRHIN,FRXBV,09:58,FRAIE
5508,2023-06-10,AIX EN PROVENCE TGV,NON,5516,12:41,EST,CHALON SUR SAONE,JCRHONRHIN,FRXCD,09:58,FRAIE
5509,2023-06-10,AVIGNON TGV,NON,5516,17:02,EST,NANCY,JCRHONRHIN,FRENC,10:20,FRAVG
5510,2023-06-10,AVIGNON TGV,NON,5516,11:26,EST,LYON (intramuros),JCRHONRHIN,FRLPD,10:20,FRAVG
5511,2023-06-10,MACON VILLE,NON,5516,15:24,EST,COLMAR,JCRHONRHIN,FRAEJ,12:12,FRHGU
5512,2023-06-10,MACON VILLE,NON,5516,13:03,EST,BEAUNE,JCRHONRHIN,FRXBV,12:12,FRHGU
5513,2023-06-10,CANNES,NON,5516,13:25,EST,DIJON VILLE,JCRHONRHIN,FRABA,07:30,FRJCA
5514,2023-06-10,CANNES,NON,5516,13:03,EST,BEAUNE,JCRHONRHIN,FRXBV,07:30,FRJCA
5515,2023-06-10,CANNES,NON,5516,12:41,EST,CHALON SUR SAONE,JCRHONRHIN,FRXCD,07:30,FRJCA
5516,2023-06-10,CANNES,OUI,5516,07:52,EST,ST RAPHAEL VALESCURE,JCRHONRHIN,FRXSK,07:30,FRJCA
5517,2023-06-10,LYON (intramuros),NON,5516,14:06,EST,BESANCON - F COMTE TGV,JCRHONRHIN,FRTJB,11:32,FRLPD
5518,2023-06-10,MARSEILLE ST CHARLES,NON,5516,15:54,EST,STRASBOURG,JCRHONRHIN,FRAEG,09:45,FRMSC
5519,2023-06-10,MARSEILLE ST CHARLES,NON,5516,14:06,EST,BESANCON - F COMTE TGV,JCRHONRHIN,FRTJB,09:45,FRMSC
5520,2023-06-10,NICE VILLE,NON,5516,15:54,EST,STRASBOURG,JCRHONRHIN,FRAEG,07:00,FRNIC
5521,2023-06-10,NICE VILLE,NON,5516,09:55,EST,AIX EN PROVENCE TGV,JCRHONRHIN,FRAIE,07:00,FRNIC
5522,2023-06-10,NICE VILLE,NON,5516,10:17,EST,AVIGNON TGV,JCRHONRHIN,FRAVG,07:00,FRNIC
5523,2023-06-10,NICE VILLE,NON,5516,17:02,EST,NANCY,JCRHONRHIN,FRENC,07:00,FRNIC
5524,2023-06-10,NICE VILLE,OUI,5516,07:26,EST,CANNES,JCRHONRHIN,FRJCA,07:00,FRNIC
5525,2023-06-10,TOULON,NON,5516,12:41,EST,CHALON SUR SAONE,JCRHONRHIN,FRXCD,08:50,FRTLN
5526,2023-06-10,ANTIBES,NON,5516,13:03,EST,BEAUNE,JCRHONRHIN,FRXBV,07:16,FRXAT
5527,2023-06-10,ANTIBES,NON,5516,12:41,EST,CHALON SUR SAONE,JCRHONRHIN,FRXCD,07:16,FRXAT
5528,2023-06-10,CHALON SUR SAONE,NON,5516,13:03,EST,BEAUNE,JCRHONRHIN,FRXBV,12:44,FRXCD
5529,2023-06-10,LES ARCS DRAGUIGNAN,NON,5516,14:55,EST,MULHOUSE VILLE,JCRHONRHIN,FRAEK,08:12,FRXRS
5530,2023-06-10,LES ARCS DRAGUIGNAN,NON,5516,09:55,EST,AIX EN PROVENCE TGV,JCRHONRHIN,FRAIE,08:12,FRXRS
5531,2023-06-10,LES ARCS DRAGUIGNAN,NON,5516,12:41,EST,CHALON SUR SAONE,JCRHONRHIN,FRXCD,08:12,FRXRS
5532,2023-06-10,ST RAPHAEL VALESCURE,NON,5516,10:17,EST,AVIGNON TGV,JCRHONRHIN,FRAVG,07:55,FRXSK
5533,2023-06-10,ST RAPHAEL VALESCURE,OUI,5516,08:09,EST,LES ARCS DRAGUIGNAN,JCRHONRHIN,FRXRS,07:55,FRXSK
5534,2023-06-10,MULHOUSE VILLE,OUI,5516,17:02,EST,NANCY,JCRHONRHIN,FRENC,15:06,FRAEK
5535,2023-06-10,ST RAPHAEL VALESCURE,NON,5516,14:30,EST,BELFORT-MONTBELIARD TGV,JCRHONRHIN,FRTJA,07:55,FRXSK
5536,2023-06-10,ANTIBES,NON,5516,14:06,EST,BESANCON - F COMTE TGV,JCRHONRHIN,FRTJB,07:16,FRXAT
5537,2023-06-10,BEAUNE,NON,5516,15:54,EST,STRASBOURG,JCRHONRHIN,FRAEG,13:06,FRXBV
5538,2023-06-10,BEAUNE,NON,5516,15:24,EST,COLMAR,JCRHONRHIN,FRAEJ,13:06,FRXBV
5539,2023-06-10,NEVERS,OUI,5963,17:34,IC ARO,CLERMONT FERRAND,PACLERMONT,FRCFE,15:59,FRNVS
5540,2023-06-10,PARIS (intramuros),OUI,5963,15:57,IC ARO,NEVERS,PACLERMONT,FRNVS,13:58,FRPLY
5541,2023-06-10,RIOM CHATEL GUYON,OUI,5963,17:34,IC ARO,CLERMONT FERRAND,PACLERMONT,FRCFE,17:25,FRRIO
5542,2023-06-10,AIX EN PROVENCE TGV,OUI,6103,10:56,SUD EST,MARSEILLE ST CHARLES,PAPROVENCE,FRMSC,10:44,FRAIE
5543,2023-06-10,AVIGNON TGV,OUI,6103,10:56,SUD EST,MARSEILLE ST CHARLES,PAPROVENCE,FRMSC,10:20,FRAVG
5544,2023-06-10,PARIS (intramuros),NON,6103,10:17,SUD EST,AVIGNON TGV,PAPROVENCE,FRAVG,07:36,FRPLY
5545,2023-06-10,PARIS (intramuros),NON,6103,10:56,SUD EST,MARSEILLE ST CHARLES,PAPROVENCE,FRMSC,07:36,FRPLY
5546,2023-06-10,CHAMBERY CHALLES LES EAUX,NON,6984,22:16,SUD EST,PARIS (intramuros),ALPESPARIS,FRPLY,19:22,FRCMF
5547,2023-06-10,LILLE (intramuros),OUI,5224,10:37,NORD,TGV HAUTE PICARDIE,JCNORDBRET,FRTHP,09:32,FRADJ
5548,2023-06-10,MASSY TGV,NON,5224,14:02,NORD,ANGERS ST LAUD,JCNORDBRET,FRACL,12:10,FRDJU
5549,2023-06-10,MARNE LA VALLEE CHESSY,NON,5224,14:02,NORD,ANGERS ST LAUD,JCNORDBRET,FRACL,11:32,FRMLV
5550,2023-06-10,MARNE LA VALLEE CHESSY,NON,5224,13:04,NORD,ST PIERRE DES CORPS,JCNORDBRET,FRXSH,11:32,FRMLV
5551,2023-06-10,ARRAS,OUI,5224,11:13,NORD,AEROPORT CDG2 TGV ROISSY,JCNORDBRET,FRMLW,10:19,FRQRV
5552,2023-06-10,TGV HAUTE PICARDIE,NON,5224,14:02,NORD,ANGERS ST LAUD,JCNORDBRET,FRACL,10:45,FRTHP
5553,2023-06-10,TGV HAUTE PICARDIE,NON,5224,12:04,NORD,MASSY TGV,JCNORDBRET,FRDJU,10:45,FRTHP
5554,2023-06-10,TGV HAUTE PICARDIE,NON,5224,14:44,NORD,NANTES,JCNORDBRET,FRNTE,10:45,FRTHP
5555,2023-06-10,ARRAS,NON,5224,14:44,NORD,NANTES,JCNORDBRET,FRNTE,10:19,FRQRV
5556,2023-06-10,PARIS (intramuros),NON,6609,11:56,SUD EST,LYON (intramuros),PARISRHONE,FRLPD,09:58,FRPLY
5557,2023-06-10,BEZIERS,OUI,4766,23:41,IC ARO,AGEN,TJOURSESO,FRAGF,20:59,FRBZR
5558,2023-06-10,CARCASSONNE,OUI,4766,23:41,IC ARO,AGEN,TJOURSESO,FRAGF,21:45,FRCCF
5559,2023-06-10,CARCASSONNE,OUI,4766,23:04,IC ARO,MONTAUBAN VILLE BOURBON,TJOURSESO,FRXMW,21:45,FRCCF
5560,2023-06-10,TOULOUSE MATABIAU,OUI,4766,23:04,IC ARO,MONTAUBAN VILLE BOURBON,TJOURSESO,FRXMW,22:34,FRXYT
5561,2023-06-10,ZUERICH HB,NON,9226,16:28,INTERNATIONAL,BASEL SBB,ZURBALPA,CHAJP,15:34,CHAJD
5562,2023-06-10,ZUERICH HB,NON,9226,17:58,INTERNATIONAL,DIJON VILLE,ZURBALPA,FRABA,15:34,CHAJD
5563,2023-06-10,ZUERICH HB,NON,9226,16:53,INTERNATIONAL,MULHOUSE VILLE,ZURBALPA,FRAEK,15:34,CHAJD
5564,2023-06-10,BASEL SBB,NON,9226,16:53,INTERNATIONAL,MULHOUSE VILLE,ZURBALPA,FRAEK,16:34,CHAJP
5565,2023-06-10,BASEL SBB,NON,9226,19:38,INTERNATIONAL,PARIS (intramuros),ZURBALPA,FRPLY,16:34,CHAJP
5566,2023-06-10,MULHOUSE VILLE,NON,9226,17:58,INTERNATIONAL,DIJON VILLE,ZURBALPA,FRABA,16:56,FRAEK
5567,2023-06-10,PARIS (intramuros),NON,8083,11:25,ATLANTIQUE,RENNES,PARISBRETA,FRRNS,09:54,FRPMO
5568,2023-06-10,STRASBOURG,NON,5470,13:59,EST,LE MANS,JCESTATL,FRAET,10:01,FRAEG
5569,2023-06-10,MASSY TGV,NON,5470,14:47,EST,RENNES,JCESTATL,FRRNS,13:10,FRDJU
5570,2023-06-10,CHAMPAGNE-ARDENNE,NON,5470,12:26,EST,MARNE LA VALLEE CHESSY,JCESTATL,FRMLV,11:28,FREAH
5571,2023-06-10,LORRAINE TGV,NON,5470,13:04,EST,MASSY TGV,JCESTATL,FRDJU,10:40,FREAM
5572,2023-06-10,LORRAINE TGV,NON,5470,12:01,EST,AEROPORT CDG2 TGV ROISSY,JCESTATL,FRMLW,10:40,FREAM
5573,2023-06-10,MARNE LA VALLEE CHESSY,NON,5470,13:59,EST,LE MANS,JCESTATL,FRAET,12:30,FRMLV
5574,2023-06-10,AEROPORT CDG2 TGV ROISSY,NON,5470,12:26,EST,MARNE LA VALLEE CHESSY,JCESTATL,FRMLV,12:16,FRMLW
5575,2023-06-10,RENNES,OUI,8791,01:08,ATLANTIQUE,VANNES,PARISBRETA,FRVNE,00:12,FRRNS
5576,2023-06-10,RENNES,OUI,8791,01:21,ATLANTIQUE,AURAY,PARISBRETA,FRXUY,00:12,FRRNS
5577,2023-06-10,VANNES,OUI,8791,01:21,ATLANTIQUE,AURAY,PARISBRETA,FRXUY,01:11,FRVNE
5578,2023-06-10,AURAY,OUI,8791,01:40,ATLANTIQUE,LORIENT,PARISBRETA,FRLRT,01:24,FRXUY
5579,2023-06-10,BRIVE LA GAILLARDE,OUI,3614,06:30,IC ARO,LA SOUTERRAINE,TOULOUZECO,FRLST,04:51,FRBVE
5580,2023-06-10,BRIVE LA GAILLARDE,OUI,3614,09:22,IC ARO,PARIS (intramuros),TOULOUZECO,FRPAZ,04:51,FRBVE
5581,2023-06-10,AIX EN PROVENCE TGV,OUI,6137,00:18,SUD EST,MARSEILLE ST CHARLES,PAPROVENCE,FRMSC,00:06,FRAIE
5582,2023-06-10,BAYONNE,OUI,8553,00:29,ATLANTIQUE,ST JEAN DE LUZ CIBOURE,PASUDOUEST,FRXJZ,00:04,FRXBY
5583,2023-06-10,NANTES,OUI,5300,05:27,SUD EST,ANGERS ST LAUD,JCATLSUD,FRACL,04:50,FRNTE
5584,2023-06-10,NANTES,NON,5300,11:21,SUD EST,MONTPELLIER SUD DE FRANCE,JCATLSUD,FRSUF,04:50,FRNTE
5585,2023-06-10,LIMOGES BENEDICTINS,OUI,3604,06:42,IC ARO,VIERZON VILLE,TOULOUZECO,FRXVZ,04:57,FRAGQ
5586,2023-06-10,BRIVE LA GAILLARDE,OUI,3604,04:54,IC ARO,LIMOGES BENEDICTINS,TOULOUZECO,FRAGQ,03:54,FRBVE
5587,2023-06-10,BRIVE LA GAILLARDE,OUI,3604,06:04,IC ARO,CHATEAUROUX,TOULOUZECO,FRCHR,03:54,FRBVE
5588,2023-06-10,ST RAPHAEL VALESCURE,OUI,6187,00:28,SUD EST,CANNES,PAAZUR,FRJCA,00:07,FRXSK
5589,2023-06-10,STRASBOURG,OUI,5486,08:06,EST,LORRAINE TGV,JCESTATL,FREAM,07:31,FRAEG
5590,2023-06-10,MASSY TGV,NON,5486,13:19,EST,NANTES,JCESTATL,FRNTE,10:38,FRDJU
5591,2023-06-10,CHAMPAGNE-ARDENNE,NON,5486,09:55,EST,MARNE LA VALLEE CHESSY,JCESTATL,FRMLV,08:58,FREAH
5592,2023-06-10,CHAMPAGNE-ARDENNE,NON,5486,13:19,EST,NANTES,JCESTATL,FRNTE,08:58,FREAH
5593,2023-06-10,LORRAINE TGV,NON,5486,09:55,EST,MARNE LA VALLEE CHESSY,JCESTATL,FRMLV,08:09,FREAM
5594,2023-06-10,MARNE LA VALLEE CHESSY,NON,5486,13:19,EST,NANTES,JCESTATL,FRNTE,10:02,FRMLV
5595,2023-06-10,AEROPORT CDG2 TGV ROISSY,NON,5486,12:36,EST,ANGERS ST LAUD,JCESTATL,FRACL,09:45,FRMLW
5596,2023-06-10,AEROPORT CDG2 TGV ROISSY,NON,5486,09:55,EST,MARNE LA VALLEE CHESSY,JCESTATL,FRMLV,09:45,FRMLW
5597,2023-06-10,AEROPORT CDG2 TGV ROISSY,NON,5486,13:19,EST,NANTES,JCESTATL,FRNTE,09:45,FRMLW
5598,2023-06-10,LYON-SAINT EXUPERY TGV,NON,6191,10:09,SUD EST,MONTELIMAR GARE SNCF,PAVDR,FRXMK,09:11,FRJDQ
5599,2023-06-10,PARIS (intramuros),NON,6191,09:01,SUD EST,LYON-SAINT EXUPERY TGV,PAVDR,FRJDQ,07:12,FRPLY
5600,2023-06-10,PARIS (intramuros),NON,6191,09:46,SUD EST,VALENCE VILLE,PAVDR,FRVAF,07:12,FRPLY
5601,2023-06-10,PARIS (intramuros),NON,6191,10:09,SUD EST,MONTELIMAR GARE SNCF,PAVDR,FRXMK,07:12,FRPLY
5602,2023-06-10,VALENCE VILLE,NON,6191,10:56,SUD EST,AVIGNON CENTRE,PAVDR,FRAES,09:49,FRVAF
5603,2023-06-10,VALENCE VILLE,NON,6191,10:38,SUD EST,ORANGE,PAVDR,FRXOG,09:49,FRVAF
5604,2023-06-10,MONTELIMAR GARE SNCF,OUI,6191,10:56,SUD EST,AVIGNON CENTRE,PAVDR,FRAES,10:12,FRXMK
5605,2023-06-10,LORIENT,OUI,8729,20:33,ATLANTIQUE,QUIMPER,PARISBRETA,FRUIP,19:59,FRLRT
5606,2023-06-10,PARIS (intramuros),NON,8729,18:25,ATLANTIQUE,RENNES,PARISBRETA,FRRNS,16:53,FRPMO
5607,2023-06-10,PARIS (intramuros),NON,8729,19:24,ATLANTIQUE,VANNES,PARISBRETA,FRVNE,16:53,FRPMO
5608,2023-06-10,RENNES,OUI,8729,19:56,ATLANTIQUE,LORIENT,PARISBRETA,FRLRT,18:29,FRRNS
5609,2023-06-10,VANNES,OUI,8729,19:37,ATLANTIQUE,AURAY,PARISBRETA,FRXUY,19:27,FRVNE
5610,2023-06-10,NURIEUX,OUI,9764,09:49,INTERNATIONAL,BOURG EN BRESSE,GENEVEPA,FRXBK,09:25,FRHQN
5611,2023-06-10,VITRY LE FRANCOIS GARE,OUI,2778,06:52,EST,CHALONS EN CHAMPAGNE,SEDBARPA,FRXCR,06:36,FRBFO
5612,2023-06-10,LE MANS,NON,8142,13:25,ATLANTIQUE,PARIS (intramuros),LOIREPARIS,FRPMO,12:26,FRAET
5613,2023-06-10,NANTES,OUI,8142,11:42,ATLANTIQUE,ANGERS ST LAUD,LOIREPARIS,FRACL,11:05,FRNTE
5614,2023-06-10,NANTES,NON,8142,13:25,ATLANTIQUE,PARIS (intramuros),LOIREPARIS,FRPMO,11:05,FRNTE
5615,2023-06-10,LYON (intramuros),NON,9864,19:01,NORD,AEROPORT CDG2 TGV ROISSY,JCSUDNORD,FRMLW,17:00,FRLPD
5616,2023-06-10,VALENCE TGV RHONE-ALPES SUD,NON,9864,16:49,NORD,LYON (intramuros),JCSUDNORD,FRLPD,16:10,FRVLA
5617,2023-06-10,PARIS (intramuros),NON,6117,19:00,SUD EST,MARSEILLE ST CHARLES,PAPROVENCE,FRMSC,15:36,FRPLY
5618,2023-06-10,LYON (intramuros),NON,5512,12:51,EST,MULHOUSE VILLE,JCRHONRHIN,FRAEK,10:04,FRLPD
5619,2023-06-10,LYON (intramuros),OUI,5512,09:50,EST,LYON (intramuros),JCRHONRHIN,FRLPD,09:42,FRLPE
5620,2023-06-10,MACON LOCHE TGV,NON,6949,21:04,SUD EST,AIX LES BAINS LE REVARD,PARISALPES,FRXAI,19:20,FRMLT
5621,2023-06-10,PARIS (intramuros),NON,6949,19:17,SUD EST,MACON LOCHE TGV,PARISALPES,FRMLT,17:44,FRPLY
5622,2023-06-10,BEZIERS,NON,9708,13:44,SUD EST,MONTPELLIER SAINT-ROCH,BARCELONEPA,FRMPL,12:58,FRBZR
5623,2023-06-10,BEZIERS,NON,9708,13:25,SUD EST,SETE,BARCELONEPA,FRXSY,12:58,FRBZR
5624,2023-06-10,NIMES,NON,9708,15:01,SUD EST,VALENCE TGV RHONE-ALPES SUD,BARCELONEPA,FRVLA,14:17,FRFNI
5625,2023-06-10,PERPIGNAN,NON,9708,17:18,SUD EST,PARIS (intramuros),BARCELONEPA,FRPLY,12:04,FRPGF
5626,2023-06-10,AGDE,NON,9708,13:25,SUD EST,SETE,BARCELONEPA,FRXSY,13:12,FRXAG
5627,2023-06-10,NARBONNE,NON,9708,17:18,SUD EST,PARIS (intramuros),BARCELONEPA,FRPLY,12:41,FRXNA
5628,2023-06-10,BARCELONA SANTS,NON,9708,17:18,SUD EST,PARIS (intramuros),BARCELONEPA,FRPLY,10:33,ESBST
5629,2023-06-10,FIGUERES VILA TGV,NON,9708,11:55,SUD EST,PERPIGNAN,BARCELONEPA,FRPGF,11:31,ESFIR
5630,2023-06-10,GIRONA,NON,9708,13:44,SUD EST,MONTPELLIER SAINT-ROCH,BARCELONEPA,FRMPL,11:14,ESGRO
5631,2023-06-10,FIGUERES VILA TGV,NON,9708,14:13,SUD EST,NIMES,BARCELONEPA,FRFNI,11:31,ESFIR
5632,2023-06-10,FIGUERES VILA TGV,NON,9708,13:44,SUD EST,MONTPELLIER SAINT-ROCH,BARCELONEPA,FRMPL,11:31,ESFIR
5633,2023-06-10,GIRONA,NON,9708,13:25,SUD EST,SETE,BARCELONEPA,FRXSY,11:14,ESGRO
5634,2023-06-10,MARSEILLE ST CHARLES,OUI,6155,13:40,SUD EST,HYERES,PAAZUR,FRXHE,12:29,FRMSC
5635,2023-06-10,PARIS (intramuros),NON,8629,20:38,ATLANTIQUE,BREST,PARISBRETA,FRBES,16:53,FRPMO
5636,2023-06-10,ST BRIEUC,OUI,8629,20:38,ATLANTIQUE,BREST,PARISBRETA,FRBES,19:19,FRSBK
5637,2023-06-10,NIMES,OUI,6821,08:37,SUD EST,MONTPELLIER SAINT-ROCH,JCPROVSUD,FRMPL,08:07,FRFNI
5638,2023-06-10,LYON (intramuros),OUI,6821,08:04,SUD EST,NIMES,JCPROVSUD,FRFNI,06:37,FRLPD
5639,2023-06-10,LYON (intramuros),NON,6821,09:00,SUD EST,SETE,JCPROVSUD,FRXSY,06:37,FRLPD
5640,2023-06-10,MONTPELLIER SAINT-ROCH,NON,6821,09:27,SUD EST,BEZIERS,JCPROVSUD,FRBZR,08:44,FRMPL
5641,2023-06-10,MONTPELLIER SAINT-ROCH,NON,6821,10:17,SUD EST,CARCASSONNE,JCPROVSUD,FRCCF,08:44,FRMPL
5642,2023-06-10,VALENCE TGV RHONE-ALPES SUD,NON,6821,09:44,SUD EST,NARBONNE,JCPROVSUD,FRXNA,07:18,FRVLA
5643,2023-06-10,NARBONNE,NON,6821,11:02,SUD EST,TOULOUSE MATABIAU,JCPROVSUD,FRXYT,09:47,FRXNA
5644,2023-06-10,ST MALO,OUI,8084,15:06,ATLANTIQUE,PARIS (intramuros),BRETAPARIS,FRPMO,12:42,FRXSB
5645,2023-06-10,NIMES,NON,9898,12:24,EST,STRASBOURG,JCRHONRHIN,FRAEG,06:54,FRFNI
5646,2023-06-10,NIMES,NON,9898,11:49,EST,COLMAR,JCRHONRHIN,FRAEJ,06:54,FRFNI
5647,2023-06-10,NIMES,NON,9898,10:34,EST,BESANCON - F COMTE TGV,JCRHONRHIN,FRTJB,06:54,FRFNI
5648,2023-06-10,MONTPELLIER SAINT-ROCH,NON,9898,11:49,EST,COLMAR,JCRHONRHIN,FRAEJ,06:27,FRMPL
5649,2023-06-10,MONTPELLIER SAINT-ROCH,NON,9898,11:21,EST,MULHOUSE VILLE,JCRHONRHIN,FRAEK,06:27,FRMPL
5650,2023-06-10,MONTPELLIER SAINT-ROCH,NON,9898,10:57,EST,BELFORT-MONTBELIARD TGV,JCRHONRHIN,FRTJA,06:27,FRMPL
5651,2023-06-10,BELFORT-MONTBELIARD TGV,NON,9898,12:24,EST,STRASBOURG,JCRHONRHIN,FRAEG,10:59,FRTJA
5652,2023-06-10,BESANCON - F COMTE TGV,NON,9898,11:49,EST,COLMAR,JCRHONRHIN,FRAEJ,10:36,FRTJB
5653,2023-06-10,BESANCON - F COMTE TGV,NON,9898,11:21,EST,MULHOUSE VILLE,JCRHONRHIN,FRAEK,10:36,FRTJB
5654,2023-06-10,VALENCE TGV RHONE-ALPES SUD,NON,9898,10:57,EST,BELFORT-MONTBELIARD TGV,JCRHONRHIN,FRTJA,07:44,FRVLA
5655,2023-06-10,PARIS (intramuros),OUI,7297,23:38,NORD,LILLE (intramuros),PAARRAS,FRADJ,22:25,FRPNO
5656,2023-06-10,PARIS (intramuros),NON,6613,14:10,SUD EST,LYON (intramuros),PARISRHONE,FRLPE,11:50,FRPLY
5657,2023-06-10,LILLE (intramuros),OUI,5240,18:10,NORD,AEROPORT CDG2 TGV ROISSY,JCNORDAQUI,FRMLW,17:16,FRADJ
5658,2023-06-10,MASSY TGV,NON,5240,22:02,NORD,BORDEAUX ST JEAN,JCNORDAQUI,FRBOJ,19:09,FRDJU
5659,2023-06-10,MASSY TGV,NON,5240,20:06,NORD,ST PIERRE DES CORPS,JCNORDAQUI,FRXSH,19:09,FRDJU
5660,2023-06-10,AEROPORT CDG2 TGV ROISSY,NON,5240,21:21,NORD,ANGOULEME,JCNORDAQUI,FRANG,18:18,FRMLW
5661,2023-06-10,ST PIERRE DES CORPS,OUI,5240,22:02,NORD,BORDEAUX ST JEAN,JCNORDAQUI,FRBOJ,20:10,FRXSH
5662,2023-06-10,ST PIERRE DES CORPS,OUI,5240,20:40,NORD,POITIERS,JCNORDAQUI,FRPIS,20:10,FRXSH
5663,2023-06-10,LYON (intramuros),OUI,6689,21:48,SUD EST,ST ETIENNE CHATEAUCREUX,PARISRHONE,FRHHD,21:06,FRLPD
5664,2023-06-10,ANGERS ST LAUD,NON,4406,21:30,IC SRO,LYON (intramuros),JOURNTELYN,FRLPE,15:28,FRACL
5665,2023-06-10,ANGERS ST LAUD,NON,4406,16:31,IC SRO,ST PIERRE DES CORPS,JOURNTELYN,FRXSH,15:28,FRACL
5666,2023-06-10,SAUMUR,NON,4406,21:30,IC SRO,LYON (intramuros),JOURNTELYN,FRLPE,15:53,FRACN
5667,2023-06-10,SAUMUR,NON,4406,18:35,IC SRO,NEVERS,JOURNTELYN,FRNVS,15:53,FRACN
5668,2023-06-10,SAUMUR,NON,4406,19:09,IC SRO,MOULINS SUR ALLIER,JOURNTELYN,FRXMU,15:53,FRACN
5669,2023-06-10,NEVERS,NON,4406,21:18,IC SRO,LYON (intramuros),JOURNTELYN,FRLPD,18:42,FRNVS
5670,2023-06-10,MOULINS SUR ALLIER,NON,4406,21:18,IC SRO,LYON (intramuros),JOURNTELYN,FRLPD,19:11,FRXMU
5671,2023-06-10,MOULINS SUR ALLIER,NON,4406,20:13,IC SRO,ROANNE,JOURNTELYN,FRRNE,19:11,FRXMU
5672,2023-06-10,ST PIERRE DES CORPS,NON,4406,19:34,IC SRO,ST GERMAIN DES FOSSES,JOURNTELYN,FRSGF,16:34,FRXSH
5673,2023-06-10,VIERZON VILLE,NON,4406,18:35,IC SRO,NEVERS,JOURNTELYN,FRNVS,17:40,FRXVZ
5674,2023-06-10,VIERZON VILLE,NON,4406,19:34,IC SRO,ST GERMAIN DES FOSSES,JOURNTELYN,FRSGF,17:40,FRXVZ
5675,2023-06-10,AIX EN PROVENCE TGV,OUI,6852,20:52,SUD EST,AVIGNON TGV,JCSUDPROV,FRAVG,20:32,FRAIE
5676,2023-06-10,CANNES,OUI,6852,20:29,SUD EST,AIX EN PROVENCE TGV,JCSUDPROV,FRAIE,17:59,FRJCA
5677,2023-06-10,CANNES,OUI,6852,20:52,SUD EST,AVIGNON TGV,JCSUDPROV,FRAVG,17:59,FRJCA
5678,2023-06-10,CANNES,OUI,6852,19:14,SUD EST,TOULON,JCSUDPROV,FRTLN,17:59,FRJCA
5679,2023-06-10,MARSEILLE ST CHARLES,OUI,6852,20:29,SUD EST,AIX EN PROVENCE TGV,JCSUDPROV,FRAIE,20:18,FRMSC
5680,2023-06-10,MARSEILLE ST CHARLES,OUI,6852,21:27,SUD EST,VALENCE TGV RHONE-ALPES SUD,JCSUDPROV,FRVLA,20:18,FRMSC
5681,2023-06-10,NICE VILLE,OUI,6852,20:29,SUD EST,AIX EN PROVENCE TGV,JCSUDPROV,FRAIE,17:27,FRNIC
5682,2023-06-10,NICE VILLE,OUI,6852,20:04,SUD EST,MARSEILLE ST CHARLES,JCSUDPROV,FRMSC,17:27,FRNIC
5683,2023-06-10,NICE VILLE,OUI,6852,19:14,SUD EST,TOULON,JCSUDPROV,FRTLN,17:27,FRNIC
5684,2023-06-10,NICE VILLE,OUI,6852,21:27,SUD EST,VALENCE TGV RHONE-ALPES SUD,JCSUDPROV,FRVLA,17:27,FRNIC
5685,2023-06-10,TOULON,OUI,6852,20:52,SUD EST,AVIGNON TGV,JCSUDPROV,FRAVG,19:18,FRTLN
5686,2023-06-10,TOULON,OUI,6852,21:27,SUD EST,VALENCE TGV RHONE-ALPES SUD,JCSUDPROV,FRVLA,19:18,FRTLN
5687,2023-06-10,ANTIBES,OUI,6852,20:29,SUD EST,AIX EN PROVENCE TGV,JCSUDPROV,FRAIE,17:45,FRXAT
5688,2023-06-10,ANTIBES,OUI,6852,20:52,SUD EST,AVIGNON TGV,JCSUDPROV,FRAVG,17:45,FRXAT
5689,2023-06-10,ANTIBES,OUI,6852,18:37,SUD EST,LES ARCS DRAGUIGNAN,JCSUDPROV,FRXRS,17:45,FRXAT
5690,2023-06-10,LES ARCS DRAGUIGNAN,OUI,6852,19:14,SUD EST,TOULON,JCSUDPROV,FRTLN,18:40,FRXRS
5691,2023-06-10,ST RAPHAEL VALESCURE,OUI,6852,22:14,SUD EST,LYON (intramuros),JCSUDPROV,FRLPD,18:23,FRXSK
5692,2023-06-10,RIOM CHATEL GUYON,OUI,5970,14:58,IC ARO,NEVERS,CLERMONTPA,FRNVS,13:42,FRRIO
5693,2023-06-10,RIOM CHATEL GUYON,OUI,5970,14:04,IC ARO,VICHY,CLERMONTPA,FRVHY,13:42,FRRIO
5694,2023-06-10,VICHY,OUI,5970,14:29,IC ARO,MOULINS SUR ALLIER,CLERMONTPA,FRXMU,14:06,FRVHY
5695,2023-06-10,LUCON,NON,3852,11:22,IC SRO,LA ROCHE SUR YON,BORDONANTE,FRXRO,11:00,FRLCN
5696,2023-06-10,SAINTES,NON,3852,10:15,IC SRO,LA ROCHELLE VILLE,BORDONANTE,FRLRH,09:25,FRXST
5697,2023-06-10,SAUMUR,OUI,5306,14:24,SUD EST,ST PIERRE DES CORPS,JCATLSUD,FRXSH,13:50,FRACN
5698,2023-06-10,LYON (intramuros),OUI,5306,17:49,SUD EST,LYON (intramuros),JCATLSUD,FRLPE,17:40,FRLPD
5699,2023-06-10,ST PIERRE DES CORPS,NON,5306,17:49,SUD EST,LYON (intramuros),JCATLSUD,FRLPE,14:28,FRXSH
5700,2023-06-10,STRASBOURG,NON,9404,17:04,EST,MASSY TGV,JCESTATL,FRDJU,13:56,FRAEG
5701,2023-06-10,STRASBOURG,NON,9404,14:58,EST,MEUSE TGV,JCESTATL,FREAJ,13:56,FRAEG
5702,2023-06-10,MEUSE TGV,NON,9404,20:02,EST,BORDEAUX ST JEAN,JCESTATL,FRBOJ,15:05,FREAJ
5703,2023-06-10,MEUSE TGV,NON,9404,17:04,EST,MASSY TGV,JCESTATL,FRDJU,15:05,FREAJ
5704,2023-06-10,MEUSE TGV,NON,9404,16:04,EST,AEROPORT CDG2 TGV ROISSY,JCESTATL,FRMLW,15:05,FREAJ
5705,2023-06-10,MARNE LA VALLEE CHESSY,NON,9404,18:06,EST,ST PIERRE DES CORPS,JCESTATL,FRXSH,16:32,FRMLV
5706,2023-06-10,AEROPORT CDG2 TGV ROISSY,NON,9404,17:04,EST,MASSY TGV,JCESTATL,FRDJU,16:18,FRMLW
5707,2023-06-10,POITIERS,OUI,9404,20:02,EST,BORDEAUX ST JEAN,JCESTATL,FRBOJ,18:43,FRPIS
5708,2023-06-10,RINGSHEIM/EU-PARK,OUI,9404,13:11,EST,OFFENBOURG/OFFENBURG,JCESTATL,DEZPA,12:52,DERSH
5709,2023-06-10,RINGSHEIM/EU-PARK,NON,9404,18:06,EST,ST PIERRE DES CORPS,JCESTATL,FRXSH,12:52,DERSH
5710,2023-06-10,FREIBURG BREISGAU HBF,OUI,9404,14:33,EST,LORRAINE TGV,JCESTATL,FREAM,12:22,DEFGB
5711,2023-06-10,OFFENBOURG/OFFENBURG,NON,9404,18:40,EST,POITIERS,JCESTATL,FRPIS,13:15,DEZPA
5712,2023-06-10,LAHR SCHWARZW,NON,9404,15:29,EST,CHAMPAGNE-ARDENNE,JCESTATL,FREAH,13:00,DEANL
5713,2023-06-10,LAHR SCHWARZW,NON,9404,20:02,EST,BORDEAUX ST JEAN,JCESTATL,FRBOJ,13:00,DEANL
5714,2023-06-10,ZUERICH HB,NON,9234,20:18,INTERNATIONAL,BELFORT-MONTBELIARD TGV,ZURBALPA,FRTJA,18:34,CHAJD
5715,2023-06-10,AVIGNON TGV,NON,6163,20:40,SUD EST,ANTIBES,PAAZUR,FRXAT,17:58,FRAVG
5716,2023-06-10,CANNES,OUI,6163,20:40,SUD EST,ANTIBES,PAAZUR,FRXAT,20:31,FRJCA
5717,2023-06-10,PARIS (intramuros),NON,6163,20:27,SUD EST,CANNES,PAAZUR,FRJCA,15:18,FRPLY
5718,2023-06-10,TOULON,OUI,6163,20:02,SUD EST,ST RAPHAEL VALESCURE,PAAZUR,FRXSK,19:11,FRTLN
5719,2023-06-10,ANNECY,NON,6960,09:14,SUD EST,PARIS (intramuros),ALPESPARIS,FRPLY,05:29,FRNCY
5720,2023-06-10,AIX LES BAINS LE REVARD,NON,6960,06:08,SUD EST,CHAMBERY CHALLES LES EAUX,ALPESPARIS,FRCMF,05:57,FRXAI
5721,2023-06-10,MARSEILLE ST CHARLES,OUI,6112,09:15,SUD EST,AIX EN PROVENCE TGV,PROVENCEPA,FRAIE,09:04,FRMSC
5722,2023-06-10,CARCASSONNE,NON,4760,17:11,IC ARO,MONTAUBAN VILLE BOURBON,TJOURSESO,FRXMW,15:35,FRCCF
5723,2023-06-10,NIMES,NON,4760,15:33,IC ARO,CARCASSONNE,TJOURSESO,FRCCF,13:25,FRFNI
5724,2023-06-10,NIMES,NON,4760,13:51,IC ARO,MONTPELLIER SAINT-ROCH,TJOURSESO,FRMPL,13:25,FRFNI
5725,2023-06-10,NIMES,NON,4760,14:55,IC ARO,NARBONNE,TJOURSESO,FRXNA,13:25,FRFNI
5726,2023-06-10,MONTPELLIER SAINT-ROCH,NON,4760,18:53,IC ARO,BORDEAUX ST JEAN,TJOURSESO,FRBOJ,13:55,FRMPL
5727,2023-06-10,MARSEILLE ST CHARLES,NON,4760,13:51,IC ARO,MONTPELLIER SAINT-ROCH,TJOURSESO,FRMPL,11:25,FRMSC
5728,2023-06-10,MARSEILLE ST CHARLES,NON,4760,14:55,IC ARO,NARBONNE,TJOURSESO,FRXNA,11:25,FRMSC
5729,2023-06-10,SETE,NON,4760,17:48,IC ARO,AGEN,TJOURSESO,FRAGF,14:12,FRXSY
5730,2023-06-10,SETE,NON,4760,18:53,IC ARO,BORDEAUX ST JEAN,TJOURSESO,FRBOJ,14:12,FRXSY
5731,2023-06-10,SETE,NON,4760,14:55,IC ARO,NARBONNE,TJOURSESO,FRXNA,14:12,FRXSY
5732,2023-06-10,TOULOUSE MATABIAU,OUI,4760,18:53,IC ARO,BORDEAUX ST JEAN,TJOURSESO,FRBOJ,16:36,FRXYT
5733,2023-06-10,MULHOUSE VILLE,NON,9223,22:26,INTERNATIONAL,ZUERICH HB,PABALZUR,CHAJD,21:06,FRAEK
5734,2023-06-10,PARIS (intramuros),NON,2507,11:44,EST,NANCY,PANANCY,FRENC,10:13,FRPST
5735,2023-06-10,MASSY TGV,OUI,5280,14:41,NORD,AEROPORT CDG2 TGV ROISSY,JCBRETNORD,FRMLW,13:55,FRDJU
5736,2023-06-10,RENNES,OUI,5280,15:49,NORD,LILLE (intramuros),JCBRETNORD,FRLLE,12:00,FRRNS
5737,2023-06-10,RENNES,OUI,5280,14:27,NORD,MARNE LA VALLEE CHESSY,JCBRETNORD,FRMLV,12:00,FRRNS
5738,2023-06-10,RENNES,OUI,5280,14:41,NORD,AEROPORT CDG2 TGV ROISSY,JCBRETNORD,FRMLW,12:00,FRRNS
5739,2023-06-10,CHATEAUROUX,OUI,3625,14:41,IC ARO,UZERCHE,PALITO,FRAAW,12:49,FRCHR
5740,2023-06-10,VIERZON VILLE,OUI,3625,14:41,IC ARO,UZERCHE,PALITO,FRAAW,12:12,FRXVZ
5741,2023-06-10,VIERZON VILLE,OUI,3625,13:24,IC ARO,LA SOUTERRAINE,PALITO,FRLST,12:12,FRXVZ
5742,2023-06-10,BRUXELLES MIDI BRUSSEL ZUID,OUI,9830,13:53,NORD,LILLE (intramuros),JCNORDSUD,FRLLE,13:17,BEBMI
5743,2023-06-10,LILLE (intramuros),NON,9830,17:00,NORD,LYON (intramuros),JCNORDSUD,FRLPD,14:03,FRLLE
5744,2023-06-10,LYON (intramuros),NON,9830,18:13,NORD,AVIGNON TGV,JCNORDSUD,FRAVG,17:06,FRLPD
5745,2023-06-10,LYON (intramuros),NON,9830,18:56,NORD,MARSEILLE ST CHARLES,JCNORDSUD,FRMSC,17:06,FRLPD
5746,2023-06-10,MARNE LA VALLEE CHESSY,NON,9830,18:13,NORD,AVIGNON TGV,JCNORDSUD,FRAVG,15:15,FRMLV
5747,2023-06-10,MARNE LA VALLEE CHESSY,NON,9830,17:00,NORD,LYON (intramuros),JCNORDSUD,FRLPD,15:15,FRMLV
5748,2023-06-10,AEROPORT CDG2 TGV ROISSY,NON,9830,17:00,NORD,LYON (intramuros),JCNORDSUD,FRLPD,14:59,FRMLW
5749,2023-06-10,AVIGNON TGV,NON,6165,16:39,SUD EST,ANTIBES,PAAZUR,FRXAT,14:04,FRAVG
5750,2023-06-10,AVIGNON TGV,NON,6165,16:01,SUD EST,ST RAPHAEL VALESCURE,PAAZUR,FRXSK,14:04,FRAVG
5751,2023-06-10,CANNES,OUI,6165,16:39,SUD EST,ANTIBES,PAAZUR,FRXAT,16:30,FRJCA
5752,2023-06-10,PARIS (intramuros),NON,6165,16:58,SUD EST,NICE VILLE,PAAZUR,FRNIC,11:20,FRPLY
5753,2023-06-10,TOULON,NON,6165,16:25,SUD EST,CANNES,PAAZUR,FRJCA,15:15,FRTLN
5754,2023-06-10,ST RAPHAEL VALESCURE,OUI,6165,16:58,SUD EST,NICE VILLE,PAAZUR,FRNIC,16:04,FRXSK
5755,2023-06-10,ST RAPHAEL VALESCURE,OUI,6165,16:39,SUD EST,ANTIBES,PAAZUR,FRXAT,16:04,FRXSK
5756,2023-06-10,AIX EN PROVENCE TGV,NON,6106,07:38,SUD EST,AVIGNON TGV,PROVENCEPA,FRAVG,07:18,FRAIE
5757,2023-06-10,AIX EN PROVENCE TGV,NON,6106,10:22,SUD EST,PARIS (intramuros),PROVENCEPA,FRPLY,07:18,FRAIE
5758,2023-06-10,AVIGNON TGV,NON,6106,10:22,SUD EST,PARIS (intramuros),PROVENCEPA,FRPLY,07:41,FRAVG
5759,2023-06-10,MARSEILLE ST CHARLES,NON,6106,07:38,SUD EST,AVIGNON TGV,PROVENCEPA,FRAVG,07:04,FRMSC
5760,2023-06-10,LAVAL,OUI,8067,19:10,ATLANTIQUE,RENNES,PARISBRETA,FRRNS,18:45,FRACR
5761,2023-06-10,ST PIERRE DES CORPS,OUI,8432,10:01,ATLANTIQUE,PARIS (intramuros),SUDOUESTPA,FRPMO,08:54,FRXSH
5762,2023-06-10,NIMES,NON,6823,14:15,SUD EST,TOULOUSE MATABIAU,JCPROVSUD,FRXYT,11:37,FRFNI
5763,2023-06-10,LYON (intramuros),NON,6823,13:30,SUD EST,CARCASSONNE,JCPROVSUD,FRCCF,10:08,FRLPD
5764,2023-06-10,MONTPELLIER SAINT-ROCH,NON,6823,13:30,SUD EST,CARCASSONNE,JCPROVSUD,FRCCF,12:06,FRMPL
5765,2023-06-10,MONTPELLIER SAINT-ROCH,NON,6823,14:15,SUD EST,TOULOUSE MATABIAU,JCPROVSUD,FRXYT,12:06,FRMPL
5766,2023-06-10,VALENCE TGV RHONE-ALPES SUD,NON,6823,12:43,SUD EST,BEZIERS,JCPROVSUD,FRBZR,10:49,FRVLA
5767,2023-06-10,PARIS (intramuros),NON,8887,20:33,ATLANTIQUE,LE MANS,PARISLOIRE,FRAET,19:36,FRPMO
5768,2023-06-10,AIX EN PROVENCE TGV,NON,5382,12:20,SUD EST,LYON (intramuros),JCSUDATL,FRLPD,10:50,FRAIE
5769,2023-06-10,LYON (intramuros),NON,5382,16:21,SUD EST,RENNES,JCSUDATL,FRRNS,12:26,FRLPD
5770,2023-06-10,KARLSRUHE HBF,NON,9583,15:59,INTERNATIONAL,FRANKFURT MAIN HBF,MRSFRANC,DEFRH,14:54,DEQKA
5771,2023-06-10,STRASBOURG,NON,9583,15:59,INTERNATIONAL,FRANKFURT MAIN HBF,MRSFRANC,DEFRH,13:55,FRAEG
5772,2023-06-10,STRASBOURG,NON,9583,14:46,INTERNATIONAL,KARLSRUHE HBF,MRSFRANC,DEQKA,13:55,FRAEG
5773,2023-06-10,MULHOUSE VILLE,NON,9583,14:23,INTERNATIONAL,BADEN BADEN,MRSFRANC,DEZCC,12:54,FRAEK
5774,2023-06-10,MULHOUSE VILLE,NON,9583,13:43,INTERNATIONAL,STRASBOURG,MRSFRANC,FRAEG,12:54,FRAEK
5775,2023-06-10,AVIGNON TGV,NON,9583,13:43,INTERNATIONAL,STRASBOURG,MRSFRANC,FRAEG,08:47,FRAVG
5776,2023-06-10,LYON (intramuros),NON,9583,14:46,INTERNATIONAL,KARLSRUHE HBF,MRSFRANC,DEQKA,10:04,FRLPD
5777,2023-06-10,LYON (intramuros),NON,9583,12:51,INTERNATIONAL,MULHOUSE VILLE,MRSFRANC,FRAEK,10:04,FRLPD
5778,2023-06-10,MARSEILLE ST CHARLES,NON,9583,08:22,INTERNATIONAL,AIX EN PROVENCE TGV,MRSFRANC,FRAIE,08:11,FRMSC
5779,2023-06-10,MARSEILLE ST CHARLES,NON,9583,08:44,INTERNATIONAL,AVIGNON TGV,MRSFRANC,FRAVG,08:11,FRMSC
5780,2023-06-10,BELFORT-MONTBELIARD TGV,NON,9583,13:43,INTERNATIONAL,STRASBOURG,MRSFRANC,FRAEG,12:27,FRTJA
5781,2023-06-10,BELFORT-MONTBELIARD TGV,NON,9583,12:51,INTERNATIONAL,MULHOUSE VILLE,MRSFRANC,FRAEK,12:27,FRTJA
5782,2023-06-10,BESANCON - F COMTE TGV,NON,9583,14:23,INTERNATIONAL,BADEN BADEN,MRSFRANC,DEZCC,12:04,FRTJB
5783,2023-06-10,CHALON SUR SAONE,NON,9583,12:24,INTERNATIONAL,BELFORT-MONTBELIARD TGV,MRSFRANC,FRTJA,11:06,FRXCD
5784,2023-06-10,LILLE (intramuros),NON,5026,15:51,NORD,MONTPELLIER SUD DE FRANCE,JCNORDSUD,FRSUF,11:03,FRLLE
5785,2023-06-10,MARNE LA VALLEE CHESSY,NON,5026,15:30,NORD,NIMES PONT DU GARD,JCNORDSUD,FRXZP,12:13,FRMLV
5786,2023-06-10,VALENCE VILLE,OUI,6196,15:48,SUD EST,LYON-SAINT EXUPERY TGV,VDRPA,FRJDQ,15:13,FRVAF
5787,2023-06-10,MONTELIMAR GARE SNCF,OUI,6196,17:48,SUD EST,PARIS (intramuros),VDRPA,FRPLY,14:49,FRXMK
5788,2023-06-10,MONTELIMAR GARE SNCF,OUI,6196,15:10,SUD EST,VALENCE VILLE,VDRPA,FRVAF,14:49,FRXMK
5789,2023-06-10,LILLE (intramuros),NON,5010,10:29,NORD,LYON (intramuros),JCNORDSUD,FRLPD,07:24,FRLLE
5790,2023-06-10,LILLE (intramuros),OUI,5010,08:23,NORD,AEROPORT CDG2 TGV ROISSY,JCNORDSUD,FRMLW,07:24,FRLLE
5791,2023-06-10,AEROPORT CDG2 TGV ROISSY,NON,5010,11:52,NORD,AVIGNON TGV,JCNORDSUD,FRAVG,08:29,FRMLW
5792,2023-06-10,AEROPORT CDG2 TGV ROISSY,NON,5010,10:29,NORD,LYON (intramuros),JCNORDSUD,FRLPD,08:29,FRMLW
5793,2023-06-10,AEROPORT CDG2 TGV ROISSY,NON,5010,08:38,NORD,MARNE LA VALLEE CHESSY,JCNORDSUD,FRMLV,08:29,FRMLW
5794,2023-06-10,AEROPORT CDG2 TGV ROISSY,NON,5010,12:24,NORD,MARSEILLE ST CHARLES,JCNORDSUD,FRMSC,08:29,FRMLW
5795,2023-06-10,TGV HAUTE PICARDIE,OUI,5010,08:23,NORD,AEROPORT CDG2 TGV ROISSY,JCNORDSUD,FRMLW,07:54,FRTHP
5796,2023-06-10,TGV HAUTE PICARDIE,NON,5010,12:24,NORD,MARSEILLE ST CHARLES,JCNORDSUD,FRMSC,07:54,FRTHP
5797,2023-06-10,TGV HAUTE PICARDIE,NON,5010,11:15,NORD,VALENCE TGV RHONE-ALPES SUD,JCNORDSUD,FRVLA,07:54,FRTHP
5798,2023-06-10,LYON (intramuros),OUI,6624,16:48,SUD EST,LE CREUSOT MONTCEAU MONTCHANIN,RHONEPARIS,FRXCC,16:04,FRLPD
5799,2023-06-10,LYON (intramuros),OUI,6624,15:58,SUD EST,LYON (intramuros),RHONEPARIS,FRLPD,15:50,FRLPE
5800,2023-06-10,LA ROCHELLE VILLE,OUI,8364,17:19,ATLANTIQUE,SURGERES,ROCHELLEPA,FREIP,17:01,FRLRH
5801,2023-06-10,LA ROCHE SUR YON,OUI,8984,19:14,ATLANTIQUE,PARIS (intramuros),LOIREPARIS,FRPMO,16:10,FRXRO
5802,2023-06-10,CANNES,NON,6174,15:50,SUD EST,PARIS (intramuros),AZURPA,FRPLY,10:32,FRJCA
5803,2023-06-10,NICE VILLE,OUI,6174,10:28,SUD EST,CANNES,AZURPA,FRJCA,09:57,FRNIC
5804,2023-06-10,NICE VILLE,NON,6174,12:33,SUD EST,MARSEILLE ST CHARLES,AZURPA,FRMSC,09:57,FRNIC
5805,2023-06-10,NICE VILLE,OUI,6174,11:44,SUD EST,TOULON,AZURPA,FRTLN,09:57,FRNIC
5806,2023-06-10,NICE VILLE,OUI,6174,10:13,SUD EST,ANTIBES,AZURPA,FRXAT,09:57,FRNIC
5807,2023-06-10,ETAPLES LE TOUQUET,NON,7544,22:08,NORD,PARIS (intramuros),ARRASPA,FRPNO,19:13,FRETA
5808,2023-06-10,LIMOGES BENEDICTINS,OUI,3674,18:29,IC ARO,LA SOUTERRAINE,TOULOUZECO,FRLST,17:57,FRAGQ
5809,2023-06-10,BRIVE LA GAILLARDE,OUI,3674,19:10,IC ARO,CHATEAUROUX,TOULOUZECO,FRCHR,16:54,FRBVE
5810,2023-06-10,BRIVE LA GAILLARDE,OUI,3674,18:54,IC ARO,ARGENTON SUR CREUSE,TOULOUZECO,FRFMT,16:54,FRBVE
5811,2023-06-10,ARGENTON SUR CREUSE,OUI,3674,19:46,IC ARO,VIERZON VILLE,TOULOUZECO,FRXVZ,18:55,FRFMT
5812,2023-06-10,LA SOUTERRAINE,OUI,3674,18:54,IC ARO,ARGENTON SUR CREUSE,TOULOUZECO,FRFMT,18:31,FRLST
5813,2023-06-10,LA SOUTERRAINE,OUI,3674,21:21,IC ARO,PARIS (intramuros),TOULOUZECO,FRPAZ,18:31,FRLST
5814,2023-06-10,LAUSANNE,NON,9774,14:21,INTERNATIONAL,GENEVE,GENEVEPA,CHGVA,13:45,CHAJF
5815,2023-06-10,LAUSANNE,NON,9774,17:42,INTERNATIONAL,PARIS (intramuros),GENEVEPA,FRPLY,13:45,CHAJF
5816,2023-06-10,PARIS (intramuros),NON,8623,18:37,ATLANTIQUE,BREST,PARISBRETA,FRBES,14:41,FRPMO
5817,2023-06-10,PARIS (intramuros),NON,8623,17:33,ATLANTIQUE,GUINGAMP,PARISBRETA,FRGGP,14:41,FRPMO
5818,2023-06-10,PARIS (intramuros),NON,8623,16:25,ATLANTIQUE,RENNES,PARISBRETA,FRRNS,14:41,FRPMO
5819,2023-06-10,PARIS (intramuros),NON,8623,17:16,ATLANTIQUE,ST BRIEUC,PARISBRETA,FRSBK,14:41,FRPMO
5820,2023-06-10,RENNES,OUI,8623,17:33,ATLANTIQUE,GUINGAMP,PARISBRETA,FRGGP,16:32,FRRNS
5821,2023-06-10,RENNES,OUI,8623,18:02,ATLANTIQUE,MORLAIX,PARISBRETA,FRMXN,16:32,FRRNS
5822,2023-06-10,CHATEAUROUX,OUI,3685,21:58,IC ARO,ARGENTON SUR CREUSE,PALITO,FRFMT,21:43,FRCHR
5823,2023-06-10,ARGENTON SUR CREUSE,OUI,3685,22:23,IC ARO,LA SOUTERRAINE,PALITO,FRLST,21:59,FRFMT
5824,2023-06-10,PARIS (intramuros),OUI,3685,22:59,IC ARO,LIMOGES BENEDICTINS,PALITO,FRAGQ,19:36,FRPAZ
5825,2023-06-10,VIERZON VILLE,OUI,3685,22:23,IC ARO,LA SOUTERRAINE,PALITO,FRLST,21:10,FRXVZ
5826,2023-06-10,AVIGNON TGV,NON,6813,15:46,SUD EST,MARSEILLE ST CHARLES,JCPROVSUD,FRMSC,15:13,FRAVG
5827,2023-06-10,CAPDENAC,NON,3754,06:50,IC NUIT,PARIS (intramuros),OCCITANPAR,FRPAZ,23:47,FRCDC
5828,2023-06-10,CRANSAC,NON,3754,06:50,IC NUIT,PARIS (intramuros),OCCITANPAR,FRPAZ,23:20,FRFSR
5829,2023-06-10,ST CHRISTOPHE,NON,3754,05:43,IC NUIT,LES AUBRAIS ORLEANS,OCCITANPAR,FRLAB,23:06,FRFST
5830,2023-06-10,CHAMPAGNE-ARDENNE,NON,5480,18:48,EST,LORRAINE TGV,JCATLEST,FREAM,18:10,FREAH
5831,2023-06-10,AEROPORT CDG2 TGV ROISSY,NON,5480,19:29,EST,STRASBOURG,JCATLEST,FRAEG,17:29,FRMLW
5832,2023-06-10,AEROPORT CDG2 TGV ROISSY,NON,5480,18:48,EST,LORRAINE TGV,JCATLEST,FREAM,17:29,FRMLW
5833,2023-06-10,NANTES,NON,5480,18:00,EST,CHAMPAGNE-ARDENNE,JCATLEST,FREAH,14:09,FRNTE
5834,2023-06-10,NANTES,NON,5480,18:48,EST,LORRAINE TGV,JCATLEST,FREAM,14:09,FRNTE
5835,2023-06-10,NANTES,NON,5480,17:13,EST,AEROPORT CDG2 TGV ROISSY,JCATLEST,FRMLW,14:09,FRNTE
5836,2023-06-10,STRASBOURG,OUI,2350,07:56,EST,LORRAINE TGV,MULHSTRAPA,FREAM,07:19,FRAEG
5837,2023-06-10,AIX EN PROVENCE TGV,NON,6181,22:41,SUD EST,ANTIBES,PAAZUR,FRXAT,20:20,FRAIE
5838,2023-06-10,PARIS (intramuros),NON,6181,20:17,SUD EST,AIX EN PROVENCE TGV,PAAZUR,FRAIE,17:20,FRPLY
5839,2023-06-10,PARIS (intramuros),NON,6181,23:00,SUD EST,NICE VILLE,PAAZUR,FRNIC,17:20,FRPLY
5840,2023-06-10,PARIS (intramuros),NON,6181,22:02,SUD EST,ST RAPHAEL VALESCURE,PAAZUR,FRXSK,17:20,FRPLY
5841,2023-06-10,TOULON,OUI,6181,22:28,SUD EST,CANNES,PAAZUR,FRJCA,21:15,FRTLN
5842,2023-06-10,NICE VILLE,OUI,6176,12:29,SUD EST,CANNES,AZURPA,FRJCA,12:02,FRNIC
5843,2023-06-10,TOULON,NON,6176,14:33,SUD EST,MARSEILLE ST CHARLES,AZURPA,FRMSC,13:48,FRTLN
5844,2023-06-10,ST RAPHAEL VALESCURE,OUI,6176,13:44,SUD EST,TOULON,AZURPA,FRTLN,12:58,FRXSK
5845,2023-06-10,LE CROISIC,OUI,8926,17:03,ATLANTIQUE,LA BAULE ESCOUBLAC,LOIREPARIS,FRJEE,16:55,FREGU
5846,2023-06-10,LA BAULE ESCOUBLAC,OUI,8926,19:05,ATLANTIQUE,SABLE SUR SARTHE,LOIREPARIS,FRSAB,17:07,FRJEE
5847,2023-06-10,CLERMONT FERRAND,OUI,5990,20:04,IC ARO,VICHY,CLERMONTPA,FRVHY,19:31,FRCFE
5848,2023-06-10,CLERMONT FERRAND,OUI,5990,20:29,IC ARO,MOULINS SUR ALLIER,CLERMONTPA,FRXMU,19:31,FRCFE
5849,2023-06-10,GUINGAMP,OUI,8602,09:08,ATLANTIQUE,PARIS (intramuros),BRETAPARIS,FRPMO,06:24,FRGGP
5850,2023-06-10,GUINGAMP,OUI,8602,06:38,ATLANTIQUE,ST BRIEUC,BRETAPARIS,FRSBK,06:24,FRGGP
5851,2023-06-10,BEZIERS,OUI,6275,16:13,SUD EST,NARBONNE,PALANG,FRXNA,15:59,FRBZR
5852,2023-06-10,PARIS (intramuros),NON,6275,16:52,SUD EST,PERPIGNAN,PALANG,FRPGF,11:44,FRPLY
5853,2023-06-10,VALENCE TGV RHONE-ALPES SUD,OUI,6275,15:25,SUD EST,SETE,PALANG,FRXSY,14:00,FRVLA
5854,2023-06-10,AGDE,OUI,6275,15:56,SUD EST,BEZIERS,PALANG,FRBZR,15:44,FRXAG
5855,2023-06-10,AGDE,OUI,6275,16:13,SUD EST,NARBONNE,PALANG,FRXNA,15:44,FRXAG
5856,2023-06-10,SETE,OUI,6275,16:52,SUD EST,PERPIGNAN,PALANG,FRPGF,15:28,FRXSY
5857,2023-06-10,MONTPELLIER SUD DE FRANCE,OUI,6275,15:25,SUD EST,SETE,PALANG,FRXSY,15:10,FRSUF
5858,2023-06-10,NIMES PONT DU GARD,OUI,6275,15:41,SUD EST,AGDE,PALANG,FRXAG,14:39,FRXZP
5859,2023-06-10,AIX EN PROVENCE TGV,NON,6024,19:22,SUD EST,PARIS (intramuros),PROVENCEPA,FRPLY,16:19,FRAIE
5860,2023-06-10,PARIS (intramuros),NON,6621,18:03,SUD EST,LYON (intramuros),PARISRHONE,FRLPD,15:50,FRPLY
5861,2023-06-10,LYON (intramuros),OUI,6604,06:58,SUD EST,LYON (intramuros),RHONEPARIS,FRLPD,06:50,FRLPE
5862,2023-06-10,MEUSE TGV,NON,2573,20:40,EST,EPINAL,PANANCY,FREPL,19:13,FREAJ
5863,2023-06-10,PARIS (intramuros),NON,2573,19:10,EST,MEUSE TGV,PANANCY,FREAJ,18:10,FRPST
5864,2023-06-10,SAUMUR,NON,4506,21:26,IC SRO,ANGERS ST LAUD,JOURLYNNTE,FRACL,21:05,FRACN
5865,2023-06-10,BOURGES,NON,4506,21:26,IC SRO,ANGERS ST LAUD,JOURLYNNTE,FRACL,19:07,FRBOU
5866,2023-06-10,LYON (intramuros),NON,4506,18:21,IC SRO,NEVERS,JOURLYNNTE,FRNVS,15:44,FRLPD
5867,2023-06-10,LYON (intramuros),NON,4506,16:46,IC SRO,ROANNE,JOURLYNNTE,FRRNE,15:44,FRLPD
5868,2023-06-10,LYON (intramuros),NON,4506,20:26,IC SRO,ST PIERRE DES CORPS,JOURLYNNTE,FRXSH,15:44,FRLPD
5869,2023-06-10,LYON (intramuros),NON,4506,21:03,IC SRO,SAUMUR,JOURLYNNTE,FRACN,15:32,FRLPE
5870,2023-06-10,LYON (intramuros),NON,4506,19:26,IC SRO,VIERZON VILLE,JOURLYNNTE,FRXVZ,15:32,FRLPE
5871,2023-06-10,ROANNE,NON,4506,21:03,IC SRO,SAUMUR,JOURLYNNTE,FRACN,16:48,FRRNE
5872,2023-06-10,ROANNE,NON,4506,22:09,IC SRO,NANTES,JOURLYNNTE,FRNTE,16:48,FRRNE
5873,2023-06-10,ST GERMAIN DES FOSSES,NON,4506,17:51,IC SRO,MOULINS SUR ALLIER,JOURLYNNTE,FRXMU,17:28,FRSGF
5874,2023-06-10,ST GERMAIN DES FOSSES,NON,4506,19:26,IC SRO,VIERZON VILLE,JOURLYNNTE,FRXVZ,17:28,FRSGF
5875,2023-06-10,ST PIERRE DES CORPS,NON,4506,21:03,IC SRO,SAUMUR,JOURLYNNTE,FRACN,20:29,FRXSH
5876,2023-06-10,VIERZON VILLE,NON,4506,22:09,IC SRO,NANTES,JOURLYNNTE,FRNTE,19:28,FRXVZ
5877,2023-06-10,GENEVE,NON,9766,09:22,INTERNATIONAL,NURIEUX,GENEVEPA,FRHQN,08:29,CHGVA
5878,2023-06-10,PARIS (intramuros),NON,8811,16:09,ATLANTIQUE,ANGERS ST LAUD,PARISLOIRE,FRACL,14:45,FRPMO
5879,2023-06-10,PARIS (intramuros),NON,8811,16:53,ATLANTIQUE,NANTES,PARISLOIRE,FRNTE,14:45,FRPMO
5880,2023-06-10,LES AUBRAIS ORLEANS,NON,3971,06:48,IC NUIT,PAMIERS,PARPALOMBE,FRPMS,22:49,FRLAB
5881,2023-06-10,PARIS (intramuros),NON,3971,06:23,IC NUIT,AUTERIVE,PARPALOMBE,FRFPW,21:41,FRPAZ
5882,2023-06-10,PARIS (intramuros),NON,3971,07:47,IC NUIT,AX LES THERMES,PARPALOMBE,FRXLT,21:41,FRPAZ
5883,2023-06-10,LES AUBRAIS ORLEANS,NON,3971,06:35,IC NUIT,SAVERDUN,PARPALOMBE,FRFPU,22:49,FRLAB
5884,2023-06-10,LIMOGES BENEDICTINS,NON,3605,13:25,IC ARO,TOULOUSE MATABIAU,PALITO,FRXYT,09:59,FRAGQ
5885,2023-06-10,BRIVE LA GAILLARDE,NON,3605,11:27,IC ARO,SOUILLAC,PALITO,FRSOU,11:03,FRBVE
5886,2023-06-10,CHATEAUROUX,NON,3605,09:56,IC ARO,LIMOGES BENEDICTINS,PALITO,FRAGQ,08:44,FRCHR
5887,2023-06-10,CHATEAUROUX,NON,3605,12:37,IC ARO,CAUSSADE TARN ET GARONNE,PALITO,FRFTA,08:44,FRCHR
5888,2023-06-10,GOURDON,NON,3605,13:25,IC ARO,TOULOUSE MATABIAU,PALITO,FRXYT,11:45,FRFSI
5889,2023-06-10,LES AUBRAIS ORLEANS,NON,3605,09:20,IC ARO,LA SOUTERRAINE,PALITO,FRLST,07:35,FRLAB
5890,2023-06-10,LES AUBRAIS ORLEANS,NON,3605,13:25,IC ARO,TOULOUSE MATABIAU,PALITO,FRXYT,07:35,FRLAB
5891,2023-06-10,LA SOUTERRAINE,NON,3605,09:56,IC ARO,LIMOGES BENEDICTINS,PALITO,FRAGQ,09:22,FRLST
5892,2023-06-10,LA SOUTERRAINE,NON,3605,13:25,IC ARO,TOULOUSE MATABIAU,PALITO,FRXYT,09:22,FRLST
5893,2023-06-10,LA SOUTERRAINE,NON,3605,12:10,IC ARO,CAHORS,PALITO,FRZAO,09:22,FRLST
5894,2023-06-10,PARIS (intramuros),NON,3605,09:56,IC ARO,LIMOGES BENEDICTINS,PALITO,FRAGQ,06:33,FRPAZ
5895,2023-06-10,PARIS (intramuros),NON,3605,11:43,IC ARO,GOURDON,PALITO,FRFSI,06:33,FRPAZ
5896,2023-06-10,SOUILLAC,NON,3605,11:43,IC ARO,GOURDON,PALITO,FRFSI,11:29,FRSOU
5897,2023-06-10,SOUILLAC,NON,3605,12:10,IC ARO,CAHORS,PALITO,FRZAO,11:29,FRSOU
5898,2023-06-10,VIERZON VILLE,NON,3605,11:27,IC ARO,SOUILLAC,PALITO,FRSOU,08:12,FRXVZ
5899,2023-06-10,CAHORS,OUI,3605,13:25,IC ARO,TOULOUSE MATABIAU,PALITO,FRXYT,12:12,FRZAO
5900,2023-06-10,VIERZON VILLE,NON,3605,12:51,IC ARO,MONTAUBAN VILLE BOURBON,PALITO,FRXMW,08:12,FRXVZ
5901,2023-06-10,ANGERS ST LAUD,NON,4402,12:04,IC SRO,ROANNE,JOURNTELYN,FRRNE,07:10,FRACL
5902,2023-06-10,SAUMUR,NON,4402,10:22,IC SRO,NEVERS,JOURNTELYN,FRNVS,07:32,FRACN
5903,2023-06-10,BOURGES,NON,4402,13:22,IC SRO,LYON (intramuros),JOURNTELYN,FRLPE,09:45,FRBOU
5904,2023-06-10,BOURGES,NON,4402,10:22,IC SRO,NEVERS,JOURNTELYN,FRNVS,09:45,FRBOU
5905,2023-06-10,NANTES,NON,4402,13:10,IC SRO,LYON (intramuros),JOURNTELYN,FRLPD,06:26,FRNTE
5906,2023-06-10,NANTES,NON,4402,10:22,IC SRO,NEVERS,JOURNTELYN,FRNVS,06:26,FRNTE
5907,2023-06-10,ST GERMAIN DES FOSSES,NON,4402,13:10,IC SRO,LYON (intramuros),JOURNTELYN,FRLPD,11:27,FRSGF
5908,2023-06-10,ST PIERRE DES CORPS,NON,4402,09:43,IC SRO,BOURGES,JOURNTELYN,FRBOU,08:08,FRXSH
5909,2023-06-10,VIERZON VILLE,NON,4402,13:22,IC SRO,LYON (intramuros),JOURNTELYN,FRLPE,09:20,FRXVZ
5910,2023-06-10,HAZEBROUCK,OUI,7326,17:14,NORD,PARIS (intramuros),ARRASPA,FRPNO,15:25,FRHZK
5911,2023-06-10,ARRAS,OUI,7326,17:14,NORD,PARIS (intramuros),ARRASPA,FRPNO,16:23,FRQRV
5912,2023-06-10,LENS,OUI,7326,17:14,NORD,PARIS (intramuros),ARRASPA,FRPNO,16:02,FRXLE
5913,2023-06-10,AIX EN PROVENCE TGV,NON,6805,12:02,SUD EST,ST RAPHAEL VALESCURE,JCPROVSUD,FRXSK,09:51,FRAIE
5914,2023-06-10,AVIGNON TGV,NON,6805,09:48,SUD EST,AIX EN PROVENCE TGV,JCPROVSUD,FRAIE,09:29,FRAVG
5915,2023-06-10,AVIGNON TGV,NON,6805,12:58,SUD EST,NICE VILLE,JCPROVSUD,FRNIC,09:29,FRAVG
5916,2023-06-10,AVIGNON TGV,NON,6805,12:02,SUD EST,ST RAPHAEL VALESCURE,JCPROVSUD,FRXSK,09:29,FRAVG
5917,2023-06-10,CANNES,OUI,6805,12:58,SUD EST,NICE VILLE,JCPROVSUD,FRNIC,12:31,FRJCA
5918,2023-06-10,LYON (intramuros),NON,6805,09:26,SUD EST,AVIGNON TGV,JCPROVSUD,FRAVG,08:06,FRLPD
5919,2023-06-10,LYON (intramuros),NON,6805,12:26,SUD EST,CANNES,JCPROVSUD,FRJCA,08:06,FRLPD
5920,2023-06-10,LYON (intramuros),NON,6805,12:58,SUD EST,NICE VILLE,JCPROVSUD,FRNIC,08:06,FRLPD
5921,2023-06-10,TOULON,OUI,6805,12:39,SUD EST,ANTIBES,JCPROVSUD,FRXAT,11:11,FRTLN
5922,2023-06-10,VALENCE TGV RHONE-ALPES SUD,NON,6805,09:48,SUD EST,AIX EN PROVENCE TGV,JCPROVSUD,FRAIE,08:53,FRVLA
5923,2023-06-10,BELFORT-MONTBELIARD TGV,NON,6700,07:02,SUD EST,DIJON VILLE,BOURPA,FRABA,06:11,FRTJA
5924,2023-06-10,PARIS (intramuros),NON,8807,14:19,ATLANTIQUE,NANTES,PARISLOIRE,FRNTE,12:20,FRPMO
5925,2023-06-10,BEZIERS,OUI,4756,11:54,IC ARO,MONTAUBAN VILLE BOURBON,TJOURSESO,FRXMW,09:47,FRBZR
5926,2023-06-10,CARCASSONNE,OUI,4756,12:31,IC ARO,AGEN,TJOURSESO,FRAGF,10:35,FRCCF
5927,2023-06-10,NARBONNE,OUI,4756,10:33,IC ARO,CARCASSONNE,TJOURSESO,FRCCF,10:04,FRXNA
5928,2023-06-10,TOULOUSE MATABIAU,OUI,4756,12:31,IC ARO,AGEN,TJOURSESO,FRAGF,11:24,FRXYT
5929,2023-06-10,NIMES,NON,6221,12:03,SUD EST,BEZIERS,PALANG,FRBZR,10:46,FRFNI
5930,2023-06-10,NIMES,NON,6221,12:20,SUD EST,NARBONNE,PALANG,FRXNA,10:46,FRFNI
5931,2023-06-10,PARIS (intramuros),NON,6221,10:42,SUD EST,NIMES,PALANG,FRFNI,07:40,FRPLY
5932,2023-06-10,PARIS (intramuros),NON,6221,11:11,SUD EST,MONTPELLIER SAINT-ROCH,PALANG,FRMPL,07:40,FRPLY
5933,2023-06-10,PARIS (intramuros),NON,6221,12:56,SUD EST,PERPIGNAN,PALANG,FRPGF,07:40,FRPLY
5934,2023-06-10,PARIS (intramuros),NON,6221,11:31,SUD EST,SETE,PALANG,FRXSY,07:40,FRPLY
5935,2023-06-10,VALENCE TGV RHONE-ALPES SUD,NON,6221,12:03,SUD EST,BEZIERS,PALANG,FRBZR,09:55,FRVLA
5936,2023-06-10,VALENCE TGV RHONE-ALPES SUD,NON,6221,11:11,SUD EST,MONTPELLIER SAINT-ROCH,PALANG,FRMPL,09:55,FRVLA
5937,2023-06-10,METZ VILLE,OUI,2815,12:27,EST,THIONVILLE,PAMETZLUX,FRXTH,12:10,FRADE
5938,2023-06-10,LIMOGES BENEDICTINS,OUI,3694,22:22,IC ARO,LES AUBRAIS ORLEANS,TOULOUZECO,FRLAB,19:59,FRAGQ
5939,2023-06-10,BRIVE LA GAILLARDE,OUI,3694,22:22,IC ARO,LES AUBRAIS ORLEANS,TOULOUZECO,FRLAB,18:56,FRBVE
5940,2023-06-10,BRIVE LA GAILLARDE,OUI,3694,23:23,IC ARO,PARIS (intramuros),TOULOUZECO,FRPAZ,18:56,FRBVE
5941,2023-06-10,GOURDON,OUI,3694,21:09,IC ARO,CHATEAUROUX,TOULOUZECO,FRCHR,18:10,FRFSI
5942,2023-06-10,CAUSSADE TARN ET GARONNE,OUI,3694,18:08,IC ARO,GOURDON,TOULOUZECO,FRFSI,17:17,FRFTA
5943,2023-06-10,CAUSSADE TARN ET GARONNE,OUI,3694,21:45,IC ARO,VIERZON VILLE,TOULOUZECO,FRXVZ,17:17,FRFTA
5944,2023-06-10,CAUSSADE TARN ET GARONNE,OUI,3694,17:41,IC ARO,CAHORS,TOULOUZECO,FRZAO,17:17,FRFTA
5945,2023-06-10,SOUILLAC,OUI,3694,23:23,IC ARO,PARIS (intramuros),TOULOUZECO,FRPAZ,18:27,FRSOU
5946,2023-06-10,MONTAUBAN VILLE BOURBON,OUI,3694,18:53,IC ARO,BRIVE LA GAILLARDE,TOULOUZECO,FRBVE,17:03,FRXMW
5947,2023-06-10,MONTAUBAN VILLE BOURBON,OUI,3694,18:08,IC ARO,GOURDON,TOULOUZECO,FRFSI,17:03,FRXMW
5948,2023-06-10,VIERZON VILLE,OUI,3694,22:22,IC ARO,LES AUBRAIS ORLEANS,TOULOUZECO,FRLAB,21:47,FRXVZ
5949,2023-06-10,TOULOUSE MATABIAU,OUI,3694,19:56,IC ARO,LIMOGES BENEDICTINS,TOULOUZECO,FRAGQ,16:31,FRXYT
5950,2023-06-10,TOULOUSE MATABIAU,OUI,3694,18:53,IC ARO,BRIVE LA GAILLARDE,TOULOUZECO,FRBVE,16:31,FRXYT
5951,2023-06-10,TOULOUSE MATABIAU,OUI,3694,21:09,IC ARO,CHATEAUROUX,TOULOUZECO,FRCHR,16:31,FRXYT
5952,2023-06-10,TOULOUSE MATABIAU,OUI,3694,17:41,IC ARO,CAHORS,TOULOUZECO,FRZAO,16:31,FRXYT
5953,2023-06-10,CAHORS,OUI,3694,19:56,IC ARO,LIMOGES BENEDICTINS,TOULOUZECO,FRAGQ,17:43,FRZAO
5954,2023-06-10,CAHORS,OUI,3694,18:53,IC ARO,BRIVE LA GAILLARDE,TOULOUZECO,FRBVE,17:43,FRZAO
5955,2023-06-10,CAHORS,OUI,3694,21:09,IC ARO,CHATEAUROUX,TOULOUZECO,FRCHR,17:43,FRZAO
5956,2023-06-10,CAHORS,OUI,3694,18:08,IC ARO,GOURDON,TOULOUZECO,FRFSI,17:43,FRZAO
5957,2023-06-10,SOUILLAC,OUI,3694,20:32,IC ARO,LA SOUTERRAINE,TOULOUZECO,FRLST,18:27,FRSOU
5958,2023-06-10,ST PIERRE DES CORPS,NON,8431,08:23,ATLANTIQUE,ANGOULEME,PASUDOUEST,FRANG,07:10,FRXSH
5959,2023-06-10,BRIVE LA GAILLARDE,OUI,3665,22:30,IC ARO,SOUILLAC,PALITO,FRSOU,22:06,FRBVE
5960,2023-06-10,ARGENTON SUR CREUSE,OUI,3665,22:03,IC ARO,BRIVE LA GAILLARDE,PALITO,FRBVE,20:01,FRFMT
5961,2023-06-10,PARIS (intramuros),OUI,3665,19:43,IC ARO,CHATEAUROUX,PALITO,FRCHR,17:37,FRPAZ
5962,2023-06-10,PARIS (intramuros),OUI,3665,23:15,IC ARO,CAHORS,PALITO,FRZAO,17:37,FRPAZ
5963,2023-06-10,SOUILLAC,OUI,3665,23:15,IC ARO,CAHORS,PALITO,FRZAO,22:32,FRSOU
5964,2023-06-10,VIERZON VILLE,OUI,3665,19:43,IC ARO,CHATEAUROUX,PALITO,FRCHR,19:13,FRXVZ
5965,2023-06-10,ARGENTON SUR CREUSE,OUI,3665,22:46,IC ARO,GOURDON,PALITO,FRFSI,20:01,FRFMT
5966,2023-06-10,BEZIERS,OUI,4752,11:32,IC ARO,BORDEAUX ST JEAN,TJOURSESO,FRBOJ,07:46,FRBZR
5967,2023-06-10,BEZIERS,OUI,4752,09:16,IC ARO,TOULOUSE MATABIAU,TJOURSESO,FRXYT,07:46,FRBZR
5968,2023-06-10,CARCASSONNE,OUI,4752,11:32,IC ARO,BORDEAUX ST JEAN,TJOURSESO,FRBOJ,08:33,FRCCF
5969,2023-06-10,NIMES,OUI,4752,08:31,IC ARO,CARCASSONNE,TJOURSESO,FRCCF,06:38,FRFNI
5970,2023-06-10,NIMES,OUI,4752,09:51,IC ARO,MONTAUBAN VILLE BOURBON,TJOURSESO,FRXMW,06:38,FRFNI
5971,2023-06-10,NIMES,OUI,4752,07:59,IC ARO,NARBONNE,TJOURSESO,FRXNA,06:38,FRFNI
5972,2023-06-10,MONTPELLIER SAINT-ROCH,OUI,4752,11:32,IC ARO,BORDEAUX ST JEAN,TJOURSESO,FRBOJ,07:06,FRMPL
5973,2023-06-10,LE MANS,NON,5460,20:25,EST,LORRAINE TGV,JCATLEST,FREAM,16:57,FRAET
5974,2023-06-10,MASSY TGV,NON,5460,18:37,EST,AEROPORT CDG2 TGV ROISSY,JCATLEST,FRMLW,17:54,FRDJU
5975,2023-06-10,CHAMPAGNE-ARDENNE,NON,5460,21:04,EST,STRASBOURG,JCATLEST,FRAEG,19:35,FREAH
5976,2023-06-10,MEUSE TGV,NON,5460,21:04,EST,STRASBOURG,JCATLEST,FRAEG,20:07,FREAJ
5977,2023-06-10,MARNE LA VALLEE CHESSY,NON,5460,20:00,EST,MEUSE TGV,JCATLEST,FREAJ,18:28,FRMLV
5978,2023-06-10,MARNE LA VALLEE CHESSY,NON,5460,18:37,EST,AEROPORT CDG2 TGV ROISSY,JCATLEST,FRMLW,18:28,FRMLV
5979,2023-06-10,AEROPORT CDG2 TGV ROISSY,NON,5460,19:29,EST,CHAMPAGNE-ARDENNE,JCATLEST,FREAH,18:53,FRMLW
5980,2023-06-10,RENNES,NON,5460,18:37,EST,AEROPORT CDG2 TGV ROISSY,JCATLEST,FRMLW,16:03,FRRNS
5981,2023-06-10,LE MANS,NON,5460,20:00,EST,MEUSE TGV,JCATLEST,FREAJ,16:57,FRAET
5982,2023-06-10,AGEN,OUI,12213,23:36,ATLANTIQUE,TOULOUSE MATABIAU,PASUDOUEST,FRXYT,22:25,FRAGF
5983,2023-06-10,BORDEAUX ST JEAN,NON,12213,23:36,ATLANTIQUE,TOULOUSE MATABIAU,PASUDOUEST,FRXYT,21:20,FRBOJ
5984,2023-06-10,PARIS (intramuros),NON,12213,21:14,ATLANTIQUE,BORDEAUX ST JEAN,PASUDOUEST,FRBOJ,19:08,FRPMO
5985,2023-06-10,PARIS (intramuros),NON,12213,23:36,ATLANTIQUE,TOULOUSE MATABIAU,PASUDOUEST,FRXYT,19:08,FRPMO
5986,2023-06-10,LORIENT,OUI,8746,23:08,ATLANTIQUE,PARIS (intramuros),BRETAPARIS,FRPMO,19:51,FRLRT
5987,2023-06-10,LORIENT,OUI,8746,20:46,ATLANTIQUE,REDON,BRETAPARIS,FRXRN,19:51,FRLRT
5988,2023-06-10,LORIENT,OUI,8746,20:06,ATLANTIQUE,AURAY,BRETAPARIS,FRXUY,19:51,FRLRT
5989,2023-06-10,RENNES,OUI,8746,23:08,ATLANTIQUE,PARIS (intramuros),BRETAPARIS,FRPMO,21:35,FRRNS
5990,2023-06-10,QUIMPER,OUI,8746,19:48,ATLANTIQUE,LORIENT,BRETAPARIS,FRLRT,19:16,FRUIP
5991,2023-06-10,QUIMPER,OUI,8746,23:08,ATLANTIQUE,PARIS (intramuros),BRETAPARIS,FRPMO,19:16,FRUIP
5992,2023-06-10,QUIMPER,OUI,8746,21:25,ATLANTIQUE,RENNES,BRETAPARIS,FRRNS,19:16,FRUIP
5993,2023-06-10,QUIMPER,OUI,8746,20:46,ATLANTIQUE,REDON,BRETAPARIS,FRXRN,19:16,FRUIP
5994,2023-06-10,REDON,OUI,8746,21:25,ATLANTIQUE,RENNES,BRETAPARIS,FRRNS,20:49,FRXRN
5995,2023-06-10,LE MANS,OUI,8972,13:25,ATLANTIQUE,PARIS (intramuros),LOIREPARIS,FRPMO,12:26,FRAET
5996,2023-06-10,LES SABLES D'OLONNE,OUI,8972,13:25,ATLANTIQUE,PARIS (intramuros),LOIREPARIS,FRPMO,09:44,FRLSO
5997,2023-06-10,LA ROCHE SUR YON,OUI,8972,10:54,ATLANTIQUE,NANTES,LOIREPARIS,FRNTE,10:10,FRXRO
5998,2023-06-10,MONTAUBAN VILLE BOURBON,OUI,8519,23:36,ATLANTIQUE,TOULOUSE MATABIAU,PASUDOUEST,FRXYT,23:05,FRXMW
5999,2023-06-10,PARIS (intramuros),OUI,8509,19:26,ATLANTIQUE,TOULOUSE MATABIAU,PASUDOUEST,FRXYT,15:08,FRPMO
6000,2023-06-10,PARIS (intramuros),OUI,8551,21:28,ATLANTIQUE,DAX,PASUDOUEST,FRACG,18:07,FRPMO
6001,2023-06-10,PARIS (intramuros),OUI,8551,20:14,ATLANTIQUE,BORDEAUX ST JEAN,PASUDOUEST,FRBOJ,18:07,FRPMO
6002,2023-06-10,STRASBOURG,NON,9890,09:43,NORD,BRUXELLES MIDI BRUSSEL ZUID,JCESTNORD,BEBMI,06:01,FRAEG
6003,2023-06-10,STRASBOURG,NON,9890,07:23,NORD,CHAMPAGNE-ARDENNE,JCESTNORD,FREAH,06:01,FRAEG
6004,2023-06-10,STRASBOURG,NON,9890,07:56,NORD,AEROPORT CDG2 TGV ROISSY,JCESTNORD,FRMLW,06:01,FRAEG
6005,2023-06-10,LORRAINE TGV,OUI,9890,06:56,NORD,MEUSE TGV,JCESTNORD,FREAJ,06:38,FREAM
6006,2023-06-10,LORRAINE TGV,NON,9890,08:56,NORD,LILLE (intramuros),JCESTNORD,FRLLE,06:38,FREAM
6007,2023-06-10,MEUSE TGV,NON,9890,09:43,NORD,BRUXELLES MIDI BRUSSEL ZUID,JCESTNORD,BEBMI,06:59,FREAJ
6008,2023-06-10,CHAMPAGNE-ARDENNE,NON,2511,16:44,EST,NANCY,PANANCY,FRENC,15:41,FREAH
6009,2023-06-10,PARIS (intramuros),OUI,2511,15:38,EST,CHAMPAGNE-ARDENNE,PANANCY,FREAH,14:58,FRPST
6010,2023-06-10,PARIS (intramuros),NON,2511,16:44,EST,NANCY,PANANCY,FRENC,14:58,FRPST
6011,2023-06-10,ANGERS ST LAUD,NON,8864,10:25,ATLANTIQUE,PARIS (intramuros),LOIREPARIS,FRPMO,08:44,FRACL
6012,2023-06-10,NANTES,OUI,8864,09:23,ATLANTIQUE,LE MANS,LOIREPARIS,FRAET,08:05,FRNTE
6013,2023-06-10,ANGERS ST LAUD,OUI,8917,13:48,ATLANTIQUE,PORNICHET,PARISLOIRE,FREGR,12:16,FRACL
6014,2023-06-10,ANGERS ST LAUD,OUI,8917,12:54,ATLANTIQUE,NANTES,PARISLOIRE,FRNTE,12:16,FRACL
6015,2023-06-10,ANGERS ST LAUD,OUI,8917,13:35,ATLANTIQUE,ST NAZAIRE,PARISLOIRE,FRSNR,12:16,FRACL
6016,2023-06-10,NANTES,OUI,8917,13:35,ATLANTIQUE,ST NAZAIRE,PARISLOIRE,FRSNR,13:00,FRNTE
6017,2023-06-10,PARIS (intramuros),NON,8917,12:13,ATLANTIQUE,ANGERS ST LAUD,PARISLOIRE,FRACL,10:36,FRPMO
6018,2023-06-10,PARIS (intramuros),NON,8917,13:57,ATLANTIQUE,LA BAULE ESCOUBLAC,PARISLOIRE,FRJEE,10:36,FRPMO
6019,2023-06-10,PARIS (intramuros),NON,8917,12:54,ATLANTIQUE,NANTES,PARISLOIRE,FRNTE,10:36,FRPMO
6020,2023-06-10,ST NAZAIRE,OUI,8917,13:48,ATLANTIQUE,PORNICHET,PARISLOIRE,FREGR,13:38,FRSNR
6021,2023-06-10,ST NAZAIRE,OUI,8917,13:57,ATLANTIQUE,LA BAULE ESCOUBLAC,PARISLOIRE,FRJEE,13:38,FRSNR
6022,2023-06-10,PAU,NON,14140,08:36,IC SRO,LOURDES,SUDOUEST,FRLDE,08:11,FRAEE
6023,2023-06-10,PAU,NON,14140,10:33,IC SRO,TOULOUSE MATABIAU,SUDOUEST,FRXYT,08:11,FRAEE
6024,2023-06-10,ST GAUDENS,NON,14140,10:33,IC SRO,TOULOUSE MATABIAU,SUDOUEST,FRXYT,09:37,FRFPH
6025,2023-06-10,ORTHEZ,NON,14140,08:08,IC SRO,PAU,SUDOUEST,FRAEE,07:47,FRGFI
6026,2023-06-10,BAYONNE,NON,14140,10:33,IC SRO,TOULOUSE MATABIAU,SUDOUEST,FRXYT,07:00,FRXBY
6027,2023-06-10,TARBES,NON,14140,10:33,IC SRO,TOULOUSE MATABIAU,SUDOUEST,FRXYT,08:55,FRXTB
6028,2023-06-10,RENNES,OUI,8082,07:11,ATLANTIQUE,LAVAL,BRETAPARIS,FRACR,06:46,FRRNS
6029,2023-06-10,ST MALO,OUI,8082,08:44,ATLANTIQUE,PARIS (intramuros),BRETAPARIS,FRPMO,05:54,FRXSB
6030,2023-06-10,SEDAN,OUI,2714,08:09,EST,REIMS,SEDBARPA,FRRHE,06:49,FRXSW
6031,2023-06-10,AIX EN PROVENCE TGV,NON,6131,00:00,SUD EST,MARSEILLE ST CHARLES,PAPROVENCE,FRMSC,23:49,FRAIE
6032,2023-06-10,LAVAL,NON,5336,14:20,SUD EST,MASSY TGV,JCATLSUD,FRDJU,12:58,FRACR
6033,2023-06-10,LAVAL,NON,5336,16:30,SUD EST,LYON (intramuros),JCATLSUD,FRLPD,12:58,FRACR
6034,2023-06-10,LES AUBRAIS ORLEANS,NON,3751,03:59,IC NUIT,SOUILLAC,PAVERMEIL,FRSOU,23:32,FRLAB
6035,2023-06-10,LES AUBRAIS ORLEANS,NON,3751,05:01,IC NUIT,CAHORS,PAVERMEIL,FRZAO,23:32,FRLAB
6036,2023-06-10,PARIS (intramuros),NON,3751,03:59,IC NUIT,SOUILLAC,PAVERMEIL,FRSOU,22:12,FRPAZ
6037,2023-06-10,PARIS (intramuros),NON,3751,06:19,IC NUIT,MONTAUBAN VILLE BOURBON,PAVERMEIL,FRXMW,22:12,FRPAZ
6038,2023-06-10,PARIS (intramuros),NON,3751,07:07,IC NUIT,TOULOUSE MATABIAU,PAVERMEIL,FRXYT,22:12,FRPAZ
6039,2023-06-10,DIJON VILLE,OUI,2203,12:24,EST,NIMES,JCRHINRHON,FRFNI,09:21,FRABA
6040,2023-06-10,STRASBOURG,OUI,2203,10:56,EST,LYON (intramuros),JCRHINRHON,FRLPD,06:47,FRAEG
6041,2023-06-10,STRASBOURG,OUI,2203,09:54,EST,CHALON SUR SAONE,JCRHINRHON,FRXCD,06:47,FRAEG
6042,2023-06-10,COLMAR,OUI,2203,07:48,EST,MULHOUSE VILLE,JCRHINRHON,FRAEK,07:16,FRAEJ
6043,2023-06-10,MULHOUSE VILLE,OUI,2203,12:24,EST,NIMES,JCRHINRHON,FRFNI,07:52,FRAEK
6044,2023-06-10,NIMES,OUI,2203,12:55,EST,MONTPELLIER SAINT-ROCH,JCRHINRHON,FRMPL,12:27,FRFNI
6045,2023-06-10,BELFORT-MONTBELIARD TGV,OUI,2203,12:24,EST,NIMES,JCRHINRHON,FRFNI,08:17,FRTJA
6046,2023-06-10,BELFORT-MONTBELIARD TGV,OUI,2203,08:38,EST,BESANCON - F COMTE TGV,JCRHINRHON,FRTJB,08:17,FRTJA
6047,2023-06-10,BELFORT-MONTBELIARD TGV,OUI,2203,09:54,EST,CHALON SUR SAONE,JCRHINRHON,FRXCD,08:17,FRTJA
6048,2023-06-10,VALENCE TGV RHONE-ALPES SUD,OUI,6260,23:05,SUD EST,PARIS (intramuros),LANGPA,FRPLY,20:53,FRVLA
6049,2023-06-10,NARBONNE,OUI,6260,23:05,SUD EST,PARIS (intramuros),LANGPA,FRPLY,18:43,FRXNA
6050,2023-06-10,NARBONNE,OUI,6260,19:45,SUD EST,MONTPELLIER SUD DE FRANCE,LANGPA,FRSUF,18:43,FRXNA
6051,2023-06-10,NIMES PONT DU GARD,OUI,6260,20:50,SUD EST,VALENCE TGV RHONE-ALPES SUD,LANGPA,FRVLA,20:14,FRXZP
6052,2023-06-10,MONTPELLIER SUD DE FRANCE,OUI,6260,20:11,SUD EST,NIMES PONT DU GARD,LANGPA,FRXZP,19:52,FRSUF
6053,2023-06-10,PERPIGNAN,OUI,6260,20:11,SUD EST,NIMES PONT DU GARD,LANGPA,FRXZP,18:04,FRPGF
6054,2023-06-10,SETE,OUI,6260,20:11,SUD EST,NIMES PONT DU GARD,LANGPA,FRXZP,19:30,FRXSY
6055,2023-06-10,NARBONNE,OUI,6260,20:11,SUD EST,NIMES PONT DU GARD,LANGPA,FRXZP,18:43,FRXNA
6056,2023-06-10,PARIS (intramuros),OUI,7389,21:39,NORD,HAZEBROUCK,PAARRAS,FRHZK,19:52,FRPNO
6057,2023-06-10,PARIS (intramuros),OUI,7389,21:16,NORD,BETHUNE,PAARRAS,FRXBH,19:52,FRPNO
6058,2023-06-10,BEZIERS,NON,6034,17:18,SUD EST,PARIS (intramuros),LANGPA,FRPLY,12:58,FRBZR
6059,2023-06-10,NIMES,NON,6034,15:01,SUD EST,VALENCE TGV RHONE-ALPES SUD,LANGPA,FRVLA,14:17,FRFNI
6060,2023-06-10,MONTPELLIER SAINT-ROCH,NON,6034,14:13,SUD EST,NIMES,LANGPA,FRFNI,13:48,FRMPL
6061,2023-06-10,PERPIGNAN,NON,6034,14:13,SUD EST,NIMES,LANGPA,FRFNI,12:04,FRPGF
6062,2023-06-10,PERPIGNAN,OUI,6034,12:38,SUD EST,NARBONNE,LANGPA,FRXNA,12:04,FRPGF
6063,2023-06-10,AGDE,OUI,6034,13:25,SUD EST,SETE,LANGPA,FRXSY,13:12,FRXAG
6064,2023-06-10,NARBONNE,NON,6034,14:13,SUD EST,NIMES,LANGPA,FRFNI,12:41,FRXNA
6065,2023-06-10,QUIMPER,OUI,8722,15:25,ATLANTIQUE,RENNES,BRETAPARIS,FRRNS,13:14,FRUIP
6066,2023-06-10,VANNES,OUI,8722,17:08,ATLANTIQUE,PARIS (intramuros),BRETAPARIS,FRPMO,14:22,FRVNE
6067,2023-06-10,LAVAL,OUI,8641,22:11,ATLANTIQUE,MORLAIX,PARISBRETA,FRMXN,19:58,FRACR
6068,2023-06-10,GUINGAMP,OUI,8641,22:36,ATLANTIQUE,LANDERNEAU,PARISBRETA,FRXLD,21:40,FRGGP
6069,2023-06-10,PARIS (intramuros),OUI,8641,19:55,ATLANTIQUE,LAVAL,PARISBRETA,FRACR,18:40,FRPMO
6070,2023-06-10,PARIS (intramuros),OUI,8641,22:51,ATLANTIQUE,BREST,PARISBRETA,FRBES,18:40,FRPMO
6071,2023-06-10,PARIS (intramuros),OUI,8641,21:38,ATLANTIQUE,GUINGAMP,PARISBRETA,FRGGP,18:40,FRPMO
6072,2023-06-10,ST BRIEUC,OUI,8641,21:38,ATLANTIQUE,GUINGAMP,PARISBRETA,FRGGP,21:24,FRSBK
6073,2023-06-10,ST BRIEUC,OUI,8641,22:36,ATLANTIQUE,LANDERNEAU,PARISBRETA,FRXLD,21:24,FRSBK
6074,2023-06-10,PARIS (intramuros),NON,6681,09:11,SUD EST,LE CREUSOT MONTCEAU MONTCHANIN,PARISRHONE,FRXCC,07:50,FRPLY
6075,2023-06-10,LIMOGES BENEDICTINS,NON,3644,13:18,IC ARO,LES AUBRAIS ORLEANS,TOULOUZECO,FRLAB,10:54,FRAGQ
6076,2023-06-10,BRIVE LA GAILLARDE,NON,3644,14:22,IC ARO,PARIS (intramuros),TOULOUZECO,FRPAZ,09:50,FRBVE
6077,2023-06-10,CHATEAUROUX,NON,3644,13:18,IC ARO,LES AUBRAIS ORLEANS,TOULOUZECO,FRLAB,12:06,FRCHR
6078,2023-06-10,CHATEAUROUX,NON,3644,12:42,IC ARO,VIERZON VILLE,TOULOUZECO,FRXVZ,12:06,FRCHR
6079,2023-06-10,GOURDON,NON,3644,14:22,IC ARO,PARIS (intramuros),TOULOUZECO,FRPAZ,09:02,FRFSI
6080,2023-06-10,GOURDON,OUI,3644,09:18,IC ARO,SOUILLAC,TOULOUZECO,FRSOU,09:02,FRFSI
6081,2023-06-10,GOURDON,NON,3644,12:42,IC ARO,VIERZON VILLE,TOULOUZECO,FRXVZ,09:02,FRFSI
6082,2023-06-10,LA SOUTERRAINE,NON,3644,14:22,IC ARO,PARIS (intramuros),TOULOUZECO,FRPAZ,11:29,FRLST
6083,2023-06-10,LA SOUTERRAINE,NON,3644,12:42,IC ARO,VIERZON VILLE,TOULOUZECO,FRXVZ,11:29,FRLST
6084,2023-06-10,SOUILLAC,OUI,3644,10:51,IC ARO,LIMOGES BENEDICTINS,TOULOUZECO,FRAGQ,09:20,FRSOU
6085,2023-06-10,SOUILLAC,OUI,3644,09:47,IC ARO,BRIVE LA GAILLARDE,TOULOUZECO,FRBVE,09:20,FRSOU
6086,2023-06-10,SOUILLAC,NON,3644,12:42,IC ARO,VIERZON VILLE,TOULOUZECO,FRXVZ,09:20,FRSOU
6087,2023-06-10,MONTAUBAN VILLE BOURBON,OUI,3644,09:47,IC ARO,BRIVE LA GAILLARDE,TOULOUZECO,FRBVE,07:53,FRXMW
6088,2023-06-10,MONTAUBAN VILLE BOURBON,NON,3644,11:27,IC ARO,LA SOUTERRAINE,TOULOUZECO,FRLST,07:53,FRXMW
6089,2023-06-10,MONTAUBAN VILLE BOURBON,NON,3644,12:42,IC ARO,VIERZON VILLE,TOULOUZECO,FRXVZ,07:53,FRXMW
6090,2023-06-10,TOULOUSE MATABIAU,NON,3644,12:04,IC ARO,CHATEAUROUX,TOULOUZECO,FRCHR,07:18,FRXYT
6091,2023-06-10,TOULOUSE MATABIAU,OUI,3644,08:06,IC ARO,CAUSSADE TARN ET GARONNE,TOULOUZECO,FRFTA,07:18,FRXYT
6092,2023-06-10,TOULOUSE MATABIAU,OUI,3644,07:51,IC ARO,MONTAUBAN VILLE BOURBON,TOULOUZECO,FRXMW,07:18,FRXYT
6093,2023-06-10,CAHORS,OUI,3644,09:47,IC ARO,BRIVE LA GAILLARDE,TOULOUZECO,FRBVE,08:35,FRZAO
6094,2023-06-10,CAHORS,NON,3644,12:04,IC ARO,CHATEAUROUX,TOULOUZECO,FRCHR,08:35,FRZAO
6095,2023-06-10,SOUILLAC,NON,3644,11:27,IC ARO,LA SOUTERRAINE,TOULOUZECO,FRLST,09:20,FRSOU
6096,2023-06-10,CAUSSADE TARN ET GARONNE,NON,3644,11:27,IC ARO,LA SOUTERRAINE,TOULOUZECO,FRLST,08:07,FRFTA
6097,2023-06-10,TOULON,OUI,6866,19:45,SUD EST,AVIGNON TGV,JCSUDPROV,FRAVG,17:53,FRTLN
6098,2023-06-10,MUENCHEN HBF,NON,9576,12:31,INTERNATIONAL,PARIS (intramuros),MUNSTUTPA,FRPST,06:51,DEBEG
6099,2023-06-10,STUTTGART HBF,NON,9576,10:37,INTERNATIONAL,STRASBOURG,MUNSTUTPA,FRAEG,09:11,DESGT
6100,2023-06-10,LILLE (intramuros),OUI,7006,08:14,NORD,PARIS (intramuros),LILLEPA,FRPNO,07:12,FRADJ
6101,2023-06-10,AIX EN PROVENCE TGV,OUI,6109,13:56,SUD EST,MARSEILLE ST CHARLES,PAPROVENCE,FRMSC,13:44,FRAIE
6102,2023-06-10,PARIS (intramuros),NON,6109,13:41,SUD EST,AIX EN PROVENCE TGV,PAPROVENCE,FRAIE,10:36,FRPLY
6103,2023-06-10,PARIS (intramuros),NON,8707,09:55,ATLANTIQUE,LAVAL,PARISBRETA,FRACR,08:40,FRPMO
6104,2023-06-10,PARIS (intramuros),NON,8707,12:00,ATLANTIQUE,LORIENT,PARISBRETA,FRLRT,08:40,FRPMO
6105,2023-06-10,PARIS (intramuros),NON,8707,12:38,ATLANTIQUE,QUIMPER,PARISBRETA,FRUIP,08:40,FRPMO
6106,2023-06-10,RENNES,NON,8707,12:38,ATLANTIQUE,QUIMPER,PARISBRETA,FRUIP,10:29,FRRNS
6107,2023-06-10,RENNES,NON,8707,11:29,ATLANTIQUE,VANNES,PARISBRETA,FRVNE,10:29,FRRNS
6108,2023-06-10,VANNES,OUI,8707,12:38,ATLANTIQUE,QUIMPER,PARISBRETA,FRUIP,11:32,FRVNE
6109,2023-06-10,AURAY,OUI,8707,12:38,ATLANTIQUE,QUIMPER,PARISBRETA,FRUIP,11:45,FRXUY
6110,2023-06-10,PARIS (intramuros),NON,7375,17:03,NORD,LENS,PAARRAS,FRXLE,15:52,FRPNO
6111,2023-06-10,POITIERS,OUI,8346,19:30,ATLANTIQUE,FUTUROSCOPE,ROCHELLEPA,FRTGO,19:22,FRPIS
6112,2023-06-10,FUTUROSCOPE,OUI,8346,20:16,ATLANTIQUE,ST PIERRE DES CORPS,ROCHELLEPA,FRXSH,19:33,FRTGO
6113,2023-06-10,BRUXELLES MIDI BRUSSEL ZUID,NON,9810,11:52,NORD,AVIGNON TGV,JCNORDSUD,FRAVG,06:25,BEBMI
6114,2023-06-10,BRUXELLES MIDI BRUSSEL ZUID,NON,9810,07:12,NORD,LILLE (intramuros),JCNORDSUD,FRLLE,06:25,BEBMI
6115,2023-06-10,BRUXELLES MIDI BRUSSEL ZUID,NON,9810,10:29,NORD,LYON (intramuros),JCNORDSUD,FRLPD,06:25,BEBMI
6116,2023-06-10,LILLE (intramuros),NON,9810,10:29,NORD,LYON (intramuros),JCNORDSUD,FRLPD,07:24,FRLLE
6117,2023-06-10,LILLE (intramuros),NON,9810,08:38,NORD,MARNE LA VALLEE CHESSY,JCNORDSUD,FRMLV,07:24,FRLLE
6118,2023-06-10,LILLE (intramuros),NON,9810,07:51,NORD,TGV HAUTE PICARDIE,JCNORDSUD,FRTHP,07:24,FRLLE
6119,2023-06-10,MARNE LA VALLEE CHESSY,NON,9810,11:52,NORD,AVIGNON TGV,JCNORDSUD,FRAVG,08:43,FRMLV
6120,2023-06-10,AEROPORT CDG2 TGV ROISSY,NON,9810,10:29,NORD,LYON (intramuros),JCNORDSUD,FRLPD,08:29,FRMLW
6121,2023-06-10,TGV HAUTE PICARDIE,NON,9810,08:23,NORD,AEROPORT CDG2 TGV ROISSY,JCNORDSUD,FRMLW,07:54,FRTHP
6122,2023-06-10,VALENCE TGV RHONE-ALPES SUD,NON,9810,11:52,NORD,AVIGNON TGV,JCNORDSUD,FRAVG,11:20,FRVLA
6123,2023-06-10,GRENOBLE,NON,6908,10:49,SUD EST,LYON-SAINT EXUPERY TGV,GRENOBLEPA,FRJDQ,09:47,FRGNB
6124,2023-06-10,DIJON VILLE,NON,2242,15:24,EST,COLMAR,JCRHONRHIN,FRAEJ,13:37,FRABA
6125,2023-06-10,AIX EN PROVENCE TGV,NON,2242,11:26,EST,LYON (intramuros),JCRHONRHIN,FRLPD,09:58,FRAIE
6126,2023-06-10,AIX EN PROVENCE TGV,NON,2242,14:06,EST,BESANCON - F COMTE TGV,JCRHONRHIN,FRTJB,09:58,FRAIE
6127,2023-06-10,AIX EN PROVENCE TGV,NON,2242,13:03,EST,BEAUNE,JCRHONRHIN,FRXBV,09:58,FRAIE
6128,2023-06-10,AVIGNON TGV,NON,2242,15:24,EST,COLMAR,JCRHONRHIN,FRAEJ,10:20,FRAVG
6129,2023-06-10,AVIGNON TGV,NON,2242,12:09,EST,MACON VILLE,JCRHONRHIN,FRHGU,10:20,FRAVG
6130,2023-06-10,AVIGNON TGV,NON,2242,14:06,EST,BESANCON - F COMTE TGV,JCRHONRHIN,FRTJB,10:20,FRAVG
6131,2023-06-10,MACON VILLE,NON,2242,14:06,EST,BESANCON - F COMTE TGV,JCRHONRHIN,FRTJB,12:12,FRHGU
6132,2023-06-10,CANNES,NON,2242,13:25,EST,DIJON VILLE,JCRHONRHIN,FRABA,07:30,FRJCA
6133,2023-06-10,CANNES,NON,2242,10:17,EST,AVIGNON TGV,JCRHONRHIN,FRAVG,07:30,FRJCA
6134,2023-06-10,CANNES,NON,2242,11:26,EST,LYON (intramuros),JCRHONRHIN,FRLPD,07:30,FRJCA
6135,2023-06-10,CANNES,NON,2242,13:03,EST,BEAUNE,JCRHONRHIN,FRXBV,07:30,FRJCA
6136,2023-06-10,CANNES,NON,2242,12:41,EST,CHALON SUR SAONE,JCRHONRHIN,FRXCD,07:30,FRJCA
6137,2023-06-10,LYON (intramuros),NON,2242,12:41,EST,CHALON SUR SAONE,JCRHONRHIN,FRXCD,11:32,FRLPD
6138,2023-06-10,MARSEILLE ST CHARLES,NON,2242,14:55,EST,MULHOUSE VILLE,JCRHONRHIN,FRAEK,09:45,FRMSC
6139,2023-06-10,MARSEILLE ST CHARLES,NON,2242,11:26,EST,LYON (intramuros),JCRHONRHIN,FRLPD,09:45,FRMSC
6140,2023-06-10,NICE VILLE,NON,2242,09:55,EST,AIX EN PROVENCE TGV,JCRHONRHIN,FRAIE,07:00,FRNIC
6141,2023-06-10,NICE VILLE,NON,2242,10:17,EST,AVIGNON TGV,JCRHONRHIN,FRAVG,07:00,FRNIC
6142,2023-06-10,NICE VILLE,NON,2242,11:26,EST,LYON (intramuros),JCRHONRHIN,FRLPD,07:00,FRNIC
6143,2023-06-10,NICE VILLE,NON,2242,13:03,EST,BEAUNE,JCRHONRHIN,FRXBV,07:00,FRNIC
6144,2023-06-10,NICE VILLE,OUI,2242,07:52,EST,ST RAPHAEL VALESCURE,JCRHONRHIN,FRXSK,07:00,FRNIC
6145,2023-06-10,BESANCON - F COMTE TGV,NON,2242,15:54,EST,STRASBOURG,JCRHONRHIN,FRAEG,14:09,FRTJB
6146,2023-06-10,TOULON,NON,2242,13:25,EST,DIJON VILLE,JCRHONRHIN,FRABA,08:50,FRTLN
6147,2023-06-10,TOULON,NON,2242,15:54,EST,STRASBOURG,JCRHONRHIN,FRAEG,08:50,FRTLN
6148,2023-06-10,TOULON,NON,2242,12:09,EST,MACON VILLE,JCRHONRHIN,FRHGU,08:50,FRTLN
6149,2023-06-10,ANTIBES,NON,2242,15:54,EST,STRASBOURG,JCRHONRHIN,FRAEG,07:16,FRXAT
6150,2023-06-10,ANTIBES,NON,2242,10:17,EST,AVIGNON TGV,JCRHONRHIN,FRAVG,07:16,FRXAT
6151,2023-06-10,ANTIBES,OUI,2242,07:26,EST,CANNES,JCRHONRHIN,FRJCA,07:16,FRXAT
6152,2023-06-10,ANTIBES,NON,2242,11:26,EST,LYON (intramuros),JCRHONRHIN,FRLPD,07:16,FRXAT
6153,2023-06-10,BEAUNE,NON,2242,13:25,EST,DIJON VILLE,JCRHONRHIN,FRABA,13:06,FRXBV
6154,2023-06-10,CHALON SUR SAONE,NON,2242,13:25,EST,DIJON VILLE,JCRHONRHIN,FRABA,12:44,FRXCD
6155,2023-06-10,CHALON SUR SAONE,NON,2242,14:30,EST,BELFORT-MONTBELIARD TGV,JCRHONRHIN,FRTJA,12:44,FRXCD
6156,2023-06-10,CHALON SUR SAONE,NON,2242,14:06,EST,BESANCON - F COMTE TGV,JCRHONRHIN,FRTJB,12:44,FRXCD
6157,2023-06-10,LES ARCS DRAGUIGNAN,NON,2242,14:55,EST,MULHOUSE VILLE,JCRHONRHIN,FRAEK,08:12,FRXRS
6158,2023-06-10,LES ARCS DRAGUIGNAN,OUI,2242,08:46,EST,TOULON,JCRHONRHIN,FRTLN,08:12,FRXRS
6159,2023-06-10,ST RAPHAEL VALESCURE,NON,2242,13:25,EST,DIJON VILLE,JCRHONRHIN,FRABA,07:55,FRXSK
6160,2023-06-10,ST RAPHAEL VALESCURE,NON,2242,12:09,EST,MACON VILLE,JCRHONRHIN,FRHGU,07:55,FRXSK
6161,2023-06-10,ST RAPHAEL VALESCURE,OUI,2242,08:46,EST,TOULON,JCRHONRHIN,FRTLN,07:55,FRXSK
6162,2023-06-10,ST RAPHAEL VALESCURE,NON,2242,12:41,EST,CHALON SUR SAONE,JCRHONRHIN,FRXCD,07:55,FRXSK
6163,2023-06-10,CANNES,NON,2242,14:30,EST,BELFORT-MONTBELIARD TGV,JCRHONRHIN,FRTJA,07:30,FRJCA
6164,2023-06-10,LES ARCS DRAGUIGNAN,NON,2242,14:06,EST,BESANCON - F COMTE TGV,JCRHONRHIN,FRTJB,08:12,FRXRS
6165,2023-06-10,BEAUNE,NON,2242,15:54,EST,STRASBOURG,JCRHONRHIN,FRAEG,13:06,FRXBV
6166,2023-06-10,BEAUNE,NON,2242,14:30,EST,BELFORT-MONTBELIARD TGV,JCRHONRHIN,FRTJA,13:06,FRXBV
6167,2023-06-10,CLERMONT FERRAND,OUI,5966,13:57,IC ARO,PARIS (intramuros),CLERMONTPA,FRPLY,10:31,FRCFE
6168,2023-06-10,CLERMONT FERRAND,OUI,5966,10:40,IC ARO,RIOM CHATEL GUYON,CLERMONTPA,FRRIO,10:31,FRCFE
6169,2023-06-10,CLERMONT FERRAND,OUI,5966,11:04,IC ARO,VICHY,CLERMONTPA,FRVHY,10:31,FRCFE
6170,2023-06-10,RIOM CHATEL GUYON,OUI,5966,11:58,IC ARO,NEVERS,CLERMONTPA,FRNVS,10:42,FRRIO
6171,2023-06-10,RIOM CHATEL GUYON,OUI,5966,11:04,IC ARO,VICHY,CLERMONTPA,FRVHY,10:42,FRRIO
6172,2023-06-10,MASSY TGV,NON,5332,13:10,SUD EST,AIX EN PROVENCE TGV,JCATLSUD,FRAIE,09:26,FRDJU
6173,2023-06-10,LYON (intramuros),NON,5332,13:10,SUD EST,AIX EN PROVENCE TGV,JCATLSUD,FRAIE,11:38,FRLPD
6174,2023-06-10,LYON (intramuros),NON,5332,12:45,SUD EST,AVIGNON TGV,JCATLSUD,FRAVG,11:38,FRLPD
6175,2023-06-10,LYON (intramuros),NON,5332,13:24,SUD EST,MARSEILLE ST CHARLES,JCATLSUD,FRMSC,11:38,FRLPD
6176,2023-06-10,RENNES,NON,5332,09:16,SUD EST,MASSY TGV,JCATLSUD,FRDJU,07:31,FRRNS
6177,2023-06-10,PARIS (intramuros),NON,6129,22:41,SUD EST,AIX EN PROVENCE TGV,PAPROVENCE,FRAIE,19:36,FRPLY
6178,2023-06-10,BIARRITZ,OUI,8537,14:47,ATLANTIQUE,HENDAYE,PASUDOUEST,FRAEF,14:19,FRBIQ
6179,2023-06-10,BIARRITZ,OUI,8537,14:32,ATLANTIQUE,ST JEAN DE LUZ CIBOURE,PASUDOUEST,FRXJZ,14:19,FRBIQ
6180,2023-06-10,PARIS (intramuros),NON,8537,13:28,ATLANTIQUE,DAX,PASUDOUEST,FRACG,10:08,FRPMO
6181,2023-06-10,PARIS (intramuros),NON,7565,11:40,NORD,ARRAS,PAARRAS,FRQRV,10:52,FRPNO
6182,2023-06-10,RENNES,OUI,8086,18:09,ATLANTIQUE,PARIS (intramuros),BRETAPARIS,FRPMO,16:35,FRRNS
6183,2023-06-10,ST MALO,OUI,8086,16:25,ATLANTIQUE,RENNES,BRETAPARIS,FRRNS,15:39,FRXSB
6184,2023-06-10,BORDEAUX ST JEAN,OUI,8514,20:58,ATLANTIQUE,PARIS (intramuros),SUDOUESTPA,FRPMO,18:46,FRBOJ
6185,2023-06-10,PARIS (intramuros),NON,5771,07:48,IC NUIT,LES ARCS DRAGUIGNAN,PARAZUR,FRXRS,20:48,FRPAZ
6186,2023-06-10,PARIS (intramuros),NON,5771,08:06,IC NUIT,ST RAPHAEL VALESCURE,PARAZUR,FRXSK,20:48,FRPAZ
6187,2023-06-10,AGEN,NON,4665,20:52,IC ARO,MONTPELLIER SAINT-ROCH,TJOURSOSE,FRMPL,17:32,FRAGF
6188,2023-06-10,AGEN,NON,4665,18:07,IC ARO,MONTAUBAN VILLE BOURBON,TJOURSOSE,FRXMW,17:32,FRAGF
6189,2023-06-10,BORDEAUX ST JEAN,NON,4665,19:27,IC ARO,CARCASSONNE,TJOURSOSE,FRCCF,16:28,FRBOJ
6190,2023-06-10,BORDEAUX ST JEAN,NON,4665,23:00,IC ARO,MARSEILLE ST CHARLES,TJOURSOSE,FRMSC,16:28,FRBOJ
6191,2023-06-10,BORDEAUX ST JEAN,NON,4665,18:40,IC ARO,TOULOUSE MATABIAU,TJOURSOSE,FRXYT,16:28,FRBOJ
6192,2023-06-10,CARCASSONNE,NON,4665,23:00,IC ARO,MARSEILLE ST CHARLES,TJOURSOSE,FRMSC,19:29,FRCCF
6193,2023-06-10,CARCASSONNE,NON,4665,19:58,IC ARO,NARBONNE,TJOURSOSE,FRXNA,19:29,FRCCF
6194,2023-06-10,MONTPELLIER SAINT-ROCH,OUI,4665,23:00,IC ARO,MARSEILLE ST CHARLES,TJOURSOSE,FRMSC,20:55,FRMPL
6195,2023-06-10,NARBONNE,NON,4665,20:52,IC ARO,MONTPELLIER SAINT-ROCH,TJOURSOSE,FRMPL,20:01,FRXNA
6196,2023-06-10,SURGERES,OUI,8367,20:30,ATLANTIQUE,LA ROCHELLE VILLE,PAROCHELLE,FRLRH,20:09,FREIP
6197,2023-06-10,NIORT,OUI,8367,20:30,ATLANTIQUE,LA ROCHELLE VILLE,PAROCHELLE,FRLRH,19:48,FRNIT
6198,2023-06-10,PARIS (intramuros),OUI,8367,18:13,ATLANTIQUE,VENDOME VILLIERS SUR LOIR,PAROCHELLE,FRESL,17:28,FRPMO
6199,2023-06-10,ST PIERRE DES CORPS,OUI,8367,20:30,ATLANTIQUE,LA ROCHELLE VILLE,PAROCHELLE,FRLRH,18:42,FRXSH
6200,2023-06-10,PARIS (intramuros),NON,8377,14:58,ATLANTIQUE,SURGERES,PAROCHELLE,FREIP,12:16,FRPMO
6201,2023-06-10,ST PIERRE DES CORPS,NON,8377,14:37,ATLANTIQUE,NIORT,PAROCHELLE,FRNIT,13:20,FRXSH
6202,2023-06-10,ST PIERRE DES CORPS,NON,8377,13:52,ATLANTIQUE,POITIERS,PAROCHELLE,FRPIS,13:20,FRXSH
6203,2023-06-10,PARIS (intramuros),OUI,3751,06:19,IC NUIT,MONTAUBAN VILLE BOURBON,PAVERMEIL,FRXMW,22:12,FRPAZ
6204,2023-06-10,PARIS (intramuros),NON,8063,22:10,ATLANTIQUE,LE MANS,PARISBRETA,FRAET,21:12,FRPMO
6205,2023-06-10,BEZIERS,NON,6202,12:18,SUD EST,PARIS (intramuros),LANGPA,FRPLY,07:58,FRBZR
6206,2023-06-10,MONTPELLIER SAINT-ROCH,NON,6202,12:18,SUD EST,PARIS (intramuros),LANGPA,FRPLY,08:48,FRMPL
6207,2023-06-10,AGDE,NON,6202,12:18,SUD EST,PARIS (intramuros),LANGPA,FRPLY,08:11,FRXAG
6208,2023-06-10,NARBONNE,OUI,6202,08:08,SUD EST,AGDE,LANGPA,FRXAG,07:42,FRXNA
6209,2023-06-10,SETE,OUI,6202,08:43,SUD EST,MONTPELLIER SAINT-ROCH,LANGPA,FRMPL,08:27,FRXSY
6210,2023-06-10,SETE,NON,6202,12:18,SUD EST,PARIS (intramuros),LANGPA,FRPLY,08:27,FRXSY
6211,2023-06-10,NICE VILLE,NON,5772,07:57,IC NUIT,PARIS (intramuros),AZURPAR,FRPAZ,19:07,FRNIC
6212,2023-06-10,TOULON,NON,5772,07:57,IC NUIT,PARIS (intramuros),AZURPAR,FRPAZ,20:55,FRTLN
6213,2023-06-10,ANTIBES,NON,5772,07:57,IC NUIT,PARIS (intramuros),AZURPAR,FRPAZ,19:24,FRXAT
6214,2023-06-10,JONZAC,NON,3854,11:23,IC SRO,SAINTES,BORDONANTE,FRXST,10:41,FREMR
6215,2023-06-10,ROCHEFORT,NON,3854,12:15,IC SRO,LA ROCHELLE VILLE,BORDONANTE,FRLRH,11:55,FRRCO
6216,2023-06-10,ROCHEFORT,NON,3854,13:22,IC SRO,LA ROCHE SUR YON,BORDONANTE,FRXRO,11:55,FRRCO
6217,2023-06-10,SAINTES,NON,3854,14:05,IC SRO,NANTES,BORDONANTE,FRNTE,11:25,FRXST
6218,2023-06-10,PARIS (intramuros),NON,8121,14:54,ATLANTIQUE,NANTES,PARISLOIRE,FRNTE,12:49,FRPMO
6219,2023-06-10,VALENCIENNES,OUI,7112,10:08,NORD,PARIS (intramuros),ARRASPA,FRPNO,08:15,FRXVS
6220,2023-06-10,ANGOULEME,NON,5060,07:50,NORD,ST PIERRE DES CORPS,JCAQUINORD,FRXSH,06:36,FRANG
6221,2023-06-10,BORDEAUX ST JEAN,NON,5060,09:41,NORD,AEROPORT CDG2 TGV ROISSY,JCAQUINORD,FRMLW,05:58,FRBOJ
6222,2023-06-10,BORDEAUX ST JEAN,NON,5060,07:50,NORD,ST PIERRE DES CORPS,JCAQUINORD,FRXSH,05:58,FRBOJ
6223,2023-06-10,POITIERS,NON,5060,08:49,NORD,MASSY TGV,JCAQUINORD,FRDJU,07:19,FRPIS
6224,2023-06-10,POITIERS,NON,5060,09:27,NORD,MARNE LA VALLEE CHESSY,JCAQUINORD,FRMLV,07:19,FRPIS
6225,2023-06-10,POITIERS,NON,5060,09:41,NORD,AEROPORT CDG2 TGV ROISSY,JCAQUINORD,FRMLW,07:19,FRPIS
6226,2023-06-10,ST PIERRE DES CORPS,NON,5060,09:27,NORD,MARNE LA VALLEE CHESSY,JCAQUINORD,FRMLV,07:54,FRXSH
6227,2023-06-10,ANGERS ST LAUD,OUI,8921,16:03,ATLANTIQUE,LE CROISIC,PARISLOIRE,FREGU,14:16,FRACL
6228,2023-06-10,LA BAULE ESCOUBLAC,OUI,8921,16:03,ATLANTIQUE,LE CROISIC,PARISLOIRE,FREGU,15:54,FRJEE
6229,2023-06-10,NANTES,OUI,8921,15:33,ATLANTIQUE,ST NAZAIRE,PARISLOIRE,FRSNR,15:00,FRNTE
6230,2023-06-10,PARIS (intramuros),NON,8921,16:03,ATLANTIQUE,LE CROISIC,PARISLOIRE,FREGU,12:49,FRPMO
6231,2023-06-10,ST NAZAIRE,OUI,8921,15:50,ATLANTIQUE,LA BAULE ESCOUBLAC,PARISLOIRE,FRJEE,15:36,FRSNR
6232,2023-06-10,CHAMBERY CHALLES LES EAUX,NON,9249,19:23,INTERNATIONAL,OULX CESANA CLAV SESTRIERE,PAITALIE,ITOCS,17:44,FRCMF
6233,2023-06-10,CHAMBERY CHALLES LES EAUX,NON,9249,20:22,INTERNATIONAL,TORINO PORTA SUSA,PAITALIE,ITTRS,17:44,FRCMF
6234,2023-06-10,ST JEAN DE MAURIENNE ARVAN,NON,9249,21:49,INTERNATIONAL,MILANO P GARIBALDI,PAITALIE,ITMPG,18:25,FRHPN
6235,2023-06-10,PARIS (intramuros),NON,9249,17:40,INTERNATIONAL,CHAMBERY CHALLES LES EAUX,PAITALIE,FRCMF,14:44,FRPLY
6236,2023-06-10,PARIS (intramuros),NON,9249,19:23,INTERNATIONAL,OULX CESANA CLAV SESTRIERE,PAITALIE,ITOCS,14:44,FRPLY
6237,2023-06-10,PARIS (intramuros),NON,9249,20:22,INTERNATIONAL,TORINO PORTA SUSA,PAITALIE,ITTRS,14:44,FRPLY
6238,2023-06-10,PARIS (intramuros),NON,6631,21:56,SUD EST,LYON (intramuros),PARISRHONE,FRLPD,19:58,FRPLY
6239,2023-06-10,PARIS (intramuros),NON,6631,22:10,SUD EST,LYON (intramuros),PARISRHONE,FRLPE,19:58,FRPLY
6240,2023-06-10,VALENCE TGV RHONE-ALPES SUD,OUI,6223,20:31,SUD EST,MONTPELLIER SAINT-ROCH,PALANG,FRMPL,19:15,FRVLA
6241,2023-06-10,ST ETIENNE CHATEAUCREUX,NON,6690,09:06,SUD EST,PARIS (intramuros),RHONEPARIS,FRPLY,06:15,FRHHD
6242,2023-06-10,STRASBOURG,NON,9894,19:06,NORD,AEROPORT CDG2 TGV ROISSY,JCESTNORD,FRMLW,17:01,FRAEG
6243,2023-06-10,AEROPORT CDG2 TGV ROISSY,OUI,9894,21:01,NORD,BRUXELLES MIDI BRUSSEL ZUID,JCESTNORD,BEBMI,19:12,FRMLW
6244,2023-06-10,CHAMPAGNE-ARDENNE,OUI,9894,19:38,NORD,TGV HAUTE PICARDIE,JCESTNORD,FRTHP,18:35,FREAH
6245,2023-06-10,STUTTGART HBF,NON,9578,08:13,INTERNATIONAL,STRASBOURG,MUNSTUTPA,FRAEG,06:52,DESGT
6246,2023-06-10,VENDOME VILLIERS SUR LOIR,OUI,8331,09:07,ATLANTIQUE,CHATELLERAULT,PAROCHELLE,FRXCX,08:16,FRESL
6247,2023-06-10,ST PIERRE DES CORPS,NON,8331,09:22,ATLANTIQUE,FUTUROSCOPE,PAROCHELLE,FRTGO,08:42,FRXSH
6248,2023-06-10,VENDOME VILLIERS SUR LOIR,NON,8331,09:22,ATLANTIQUE,FUTUROSCOPE,PAROCHELLE,FRTGO,08:16,FRESL
6249,2023-06-10,FRANKFURT MAIN HBF,NON,9580,16:02,INTERNATIONAL,STRASBOURG,FRANCMRS,FRAEG,13:56,DEFRH
6250,2023-06-10,FRANKFURT MAIN HBF,NON,9580,17:05,INTERNATIONAL,MULHOUSE VILLE,FRANCMRS,FRAEK,13:56,DEFRH
6251,2023-06-10,BADEN BADEN,NON,9580,21:34,INTERNATIONAL,AIX EN PROVENCE TGV,FRANCMRS,FRAIE,15:35,DEZCC
6252,2023-06-10,BADEN BADEN,NON,9580,19:56,INTERNATIONAL,LYON (intramuros),FRANCMRS,FRLPD,15:35,DEZCC
6253,2023-06-10,STRASBOURG,NON,9580,17:05,INTERNATIONAL,MULHOUSE VILLE,FRANCMRS,FRAEK,16:15,FRAEG
6254,2023-06-10,STRASBOURG,NON,9580,21:12,INTERNATIONAL,AVIGNON TGV,FRANCMRS,FRAVG,16:15,FRAEG
6255,2023-06-10,STRASBOURG,NON,9580,21:48,INTERNATIONAL,MARSEILLE ST CHARLES,FRANCMRS,FRMSC,16:15,FRAEG
6256,2023-06-10,STRASBOURG,NON,9580,17:55,INTERNATIONAL,BESANCON - F COMTE TGV,FRANCMRS,FRTJB,16:15,FRAEG
6257,2023-06-10,STRASBOURG,NON,9580,18:53,INTERNATIONAL,CHALON SUR SAONE,FRANCMRS,FRXCD,16:15,FRAEG
6258,2023-06-10,LYON (intramuros),NON,9580,21:34,INTERNATIONAL,AIX EN PROVENCE TGV,FRANCMRS,FRAIE,20:06,FRLPD
6259,2023-06-10,BELFORT-MONTBELIARD TGV,NON,9580,21:48,INTERNATIONAL,MARSEILLE ST CHARLES,FRANCMRS,FRMSC,17:34,FRTJA
6260,2023-06-10,BELFORT-MONTBELIARD TGV,NON,9580,17:55,INTERNATIONAL,BESANCON - F COMTE TGV,FRANCMRS,FRTJB,17:34,FRTJA
6261,2023-06-10,BELFORT-MONTBELIARD TGV,NON,9215,18:26,INTERNATIONAL,ZUERICH HB,PABALZUR,CHAJD,16:40,FRTJA
6262,2023-06-10,MONTPELLIER SUD DE FRANCE,NON,6252,15:04,SUD EST,PARIS (intramuros),LANGPA,FRPLY,11:52,FRSUF
6263,2023-06-10,OULX CESANA CLAV SESTRIERE,NON,9248,20:14,INTERNATIONAL,CHAMBERY CHALLES LES EAUX,ITALIEPA,FRCMF,18:36,ITOCS
6264,2023-06-10,TORINO PORTA SUSA,NON,9248,23:26,INTERNATIONAL,PARIS (intramuros),ITALIEPA,FRPLY,17:38,ITTRS
6265,2023-06-10,BEZIERS,NON,9862,15:25,NORD,BRUXELLES MIDI BRUSSEL ZUID,JCSUDNORD,BEBMI,08:05,FRBZR
6266,2023-06-10,BEZIERS,NON,9862,13:01,NORD,AEROPORT CDG2 TGV ROISSY,JCSUDNORD,FRMLW,08:05,FRBZR
6267,2023-06-10,BEZIERS,NON,9862,08:52,NORD,MONTPELLIER SAINT-ROCH,JCSUDNORD,FRMPL,08:05,FRBZR
6268,2023-06-10,BEZIERS,NON,9862,08:33,NORD,SETE,JCSUDNORD,FRXSY,08:05,FRBZR
6269,2023-06-10,MONTPELLIER SAINT-ROCH,NON,9862,15:25,NORD,BRUXELLES MIDI BRUSSEL ZUID,JCSUDNORD,BEBMI,08:57,FRMPL
6270,2023-06-10,MONTPELLIER SAINT-ROCH,NON,9862,10:53,NORD,LYON (intramuros),JCSUDNORD,FRLPD,08:57,FRMPL
6271,2023-06-10,MONTPELLIER SAINT-ROCH,NON,9862,13:01,NORD,AEROPORT CDG2 TGV ROISSY,JCSUDNORD,FRMLW,08:57,FRMPL
6272,2023-06-10,MONTPELLIER SAINT-ROCH,NON,9862,13:34,NORD,TGV HAUTE PICARDIE,JCSUDNORD,FRTHP,08:57,FRMPL
6273,2023-06-10,MONTPELLIER SAINT-ROCH,NON,9862,10:10,NORD,VALENCE TGV RHONE-ALPES SUD,JCSUDNORD,FRVLA,08:57,FRMPL
6274,2023-06-10,PERPIGNAN,NON,9862,10:53,NORD,LYON (intramuros),JCSUDNORD,FRLPD,07:08,FRPGF
6275,2023-06-10,PERPIGNAN,NON,9862,12:47,NORD,MARNE LA VALLEE CHESSY,JCSUDNORD,FRMLV,07:08,FRPGF
6276,2023-06-10,PERPIGNAN,NON,9862,13:01,NORD,AEROPORT CDG2 TGV ROISSY,JCSUDNORD,FRMLW,07:08,FRPGF
6277,2023-06-10,PERPIGNAN,NON,9862,10:10,NORD,VALENCE TGV RHONE-ALPES SUD,JCSUDNORD,FRVLA,07:08,FRPGF
6278,2023-06-10,PERPIGNAN,OUI,9862,07:46,NORD,NARBONNE,JCSUDNORD,FRXNA,07:08,FRPGF
6279,2023-06-10,TGV HAUTE PICARDIE,NON,9862,14:24,NORD,LILLE (intramuros),JCSUDNORD,FRLLE,13:38,FRTHP
6280,2023-06-10,VALENCE TGV RHONE-ALPES SUD,NON,9862,13:01,NORD,AEROPORT CDG2 TGV ROISSY,JCSUDNORD,FRMLW,10:15,FRVLA
6281,2023-06-10,AGDE,NON,9862,09:22,NORD,NIMES,JCSUDNORD,FRFNI,08:20,FRXAG
6282,2023-06-10,AGDE,NON,9862,08:52,NORD,MONTPELLIER SAINT-ROCH,JCSUDNORD,FRMPL,08:20,FRXAG
6283,2023-06-10,AGDE,NON,9862,10:10,NORD,VALENCE TGV RHONE-ALPES SUD,JCSUDNORD,FRVLA,08:20,FRXAG
6284,2023-06-10,SETE,NON,9862,13:01,NORD,AEROPORT CDG2 TGV ROISSY,JCSUDNORD,FRMLW,08:36,FRXSY
6285,2023-06-10,BEZIERS,NON,9862,13:34,NORD,TGV HAUTE PICARDIE,JCSUDNORD,FRTHP,08:05,FRBZR
6286,2023-06-10,SETE,NON,9862,13:55,NORD,ARRAS,JCSUDNORD,FRQRV,08:36,FRXSY
6287,2023-06-10,ANGOULEME,NON,5440,10:50,EST,ST PIERRE DES CORPS,JCATLEST,FRXSH,09:35,FRANG
6288,2023-06-10,BORDEAUX ST JEAN,NON,5440,11:48,EST,MASSY TGV,JCATLEST,FRDJU,08:54,FRBOJ
6289,2023-06-10,BORDEAUX ST JEAN,NON,5440,13:23,EST,MEUSE TGV,JCATLEST,FREAJ,08:54,FRBOJ
6290,2023-06-10,MASSY TGV,NON,5440,12:55,EST,CHAMPAGNE-ARDENNE,JCATLEST,FREAH,11:55,FRDJU
6291,2023-06-10,MARNE LA VALLEE CHESSY,NON,5440,12:55,EST,CHAMPAGNE-ARDENNE,JCATLEST,FREAH,12:28,FRMLV
6292,2023-06-10,POITIERS,NON,5440,12:24,EST,MARNE LA VALLEE CHESSY,JCATLEST,FRMLV,10:19,FRPIS
6293,2023-06-10,BIARRITZ,OUI,8534,10:14,ATLANTIQUE,BAYONNE,SUDOUESTPA,FRXBY,10:02,FRBIQ
6294,2023-06-10,BAYONNE,NON,8534,10:46,ATLANTIQUE,DAX,SUDOUESTPA,FRACG,10:17,FRXBY
6295,2023-06-10,ST JEAN DE LUZ CIBOURE,NON,8534,10:46,ATLANTIQUE,DAX,SUDOUESTPA,FRACG,09:49,FRXJZ
6296,2023-06-10,ST JEAN DE LUZ CIBOURE,NON,8534,14:19,ATLANTIQUE,PARIS (intramuros),SUDOUESTPA,FRPMO,09:49,FRXJZ
6297,2023-06-10,UZERCHE,OUI,3655,21:13,IC ARO,BRIVE LA GAILLARDE,PALITO,FRBVE,20:48,FRAAW
6298,2023-06-10,ISSOUDUN,OUI,3655,20:08,IC ARO,LIMOGES BENEDICTINS,PALITO,FRAGQ,18:41,FRFMN
6299,2023-06-10,ISSOUDUN,OUI,3655,18:55,IC ARO,CHATEAUROUX,PALITO,FRCHR,18:41,FRFMN
6300,2023-06-10,LAVAL,OUI,9884,08:57,NORD,MARNE LA VALLEE CHESSY,JCBRETNORD,FRMLV,06:52,FRACR
6301,2023-06-10,RENNES,OUI,9884,09:10,NORD,AEROPORT CDG2 TGV ROISSY,JCBRETNORD,FRMLW,06:23,FRRNS
6302,2023-06-10,LYON (intramuros),OUI,6628,17:58,SUD EST,LYON (intramuros),RHONEPARIS,FRLPD,17:50,FRLPE
6303,2023-06-10,LYON (intramuros),OUI,6628,20:08,SUD EST,PARIS (intramuros),RHONEPARIS,FRPLY,17:50,FRLPE
6304,2023-06-10,BEZIERS,OUI,6049,19:20,SUD EST,NARBONNE,PALANG,FRXNA,19:06,FRBZR
6305,2023-06-10,PARIS (intramuros),NON,6049,19:20,SUD EST,NARBONNE,PALANG,FRXNA,14:54,FRPLY
6306,2023-06-10,MONTPELLIER SUD DE FRANCE,OUI,6049,18:48,SUD EST,AGDE,PALANG,FRXAG,18:17,FRSUF
6307,2023-06-10,MONTPELLIER SUD DE FRANCE,OUI,6049,19:56,SUD EST,PERPIGNAN,PALANG,FRPGF,18:17,FRSUF
6308,2023-06-10,PARIS (intramuros),NON,6049,17:46,SUD EST,NIMES PONT DU GARD,PALANG,FRXZP,14:54,FRPLY
6309,2023-06-10,NIMES PONT DU GARD,NON,6049,19:56,SUD EST,PERPIGNAN,PALANG,FRPGF,17:49,FRXZP
6310,2023-06-10,TOULON,OUI,6077,19:39,SUD EST,ANTIBES,PAAZUR,FRXAT,18:15,FRTLN
6311,2023-06-10,ST RAPHAEL VALESCURE,OUI,6077,19:26,SUD EST,CANNES,PAAZUR,FRJCA,19:04,FRXSK
6312,2023-06-10,ST RAPHAEL VALESCURE,OUI,6077,19:58,SUD EST,NICE VILLE,PAAZUR,FRNIC,19:04,FRXSK
6313,2023-06-10,DIJON VILLE,NON,9222,17:38,INTERNATIONAL,PARIS (intramuros),ZURBALPA,FRPLY,16:02,FRABA
6314,2023-06-10,MULHOUSE VILLE,NON,9222,17:38,INTERNATIONAL,PARIS (intramuros),ZURBALPA,FRPLY,14:56,FRAEK
6315,2023-06-10,LE MANS,OUI,8973,11:13,ATLANTIQUE,ANGERS ST LAUD,PARISLOIRE,FRACL,10:36,FRAET
6316,2023-06-10,LE MANS,OUI,8973,13:14,ATLANTIQUE,LES SABLES D'OLONNE,PARISLOIRE,FRLSO,10:36,FRAET
6317,2023-06-10,LE MANS,OUI,8973,11:54,ATLANTIQUE,NANTES,PARISLOIRE,FRNTE,10:36,FRAET
6318,2023-06-10,LE MANS,OUI,8973,12:45,ATLANTIQUE,LA ROCHE SUR YON,PARISLOIRE,FRXRO,10:36,FRAET
6319,2023-06-10,NANTES,OUI,8973,13:14,ATLANTIQUE,LES SABLES D'OLONNE,PARISLOIRE,FRLSO,12:05,FRNTE
6320,2023-06-10,NANTES,OUI,8973,12:45,ATLANTIQUE,LA ROCHE SUR YON,PARISLOIRE,FRXRO,12:05,FRNTE
6321,2023-06-10,PARIS (intramuros),NON,8973,10:33,ATLANTIQUE,LE MANS,PARISLOIRE,FRAET,09:36,FRPMO
6322,2023-06-10,LILLE (intramuros),OUI,5202,09:04,NORD,MASSY TGV,JCNORDAQUI,FRDJU,06:15,FRADJ
6323,2023-06-10,LILLE (intramuros),OUI,5202,08:22,NORD,MARNE LA VALLEE CHESSY,JCNORDAQUI,FRMLV,06:15,FRADJ
6324,2023-06-10,LILLE (intramuros),NON,5202,10:41,NORD,POITIERS,JCNORDAQUI,FRPIS,06:15,FRADJ
6325,2023-06-10,AEROPORT CDG2 TGV ROISSY,NON,5202,11:23,NORD,ANGOULEME,JCNORDAQUI,FRANG,08:10,FRMLW
6326,2023-06-10,ARRAS,NON,5202,11:23,NORD,ANGOULEME,JCNORDAQUI,FRANG,07:00,FRQRV
6327,2023-06-10,TGV HAUTE PICARDIE,NON,5202,10:41,NORD,POITIERS,JCNORDAQUI,FRPIS,07:25,FRTHP
6328,2023-06-10,DOUAI,OUI,5202,09:04,NORD,MASSY TGV,JCNORDAQUI,FRDJU,06:37,FRXDN
6329,2023-06-10,DOUAI,OUI,5202,07:18,NORD,TGV HAUTE PICARDIE,JCNORDAQUI,FRTHP,06:37,FRXDN
6330,2023-06-10,ST PIERRE DES CORPS,NON,5202,10:41,NORD,POITIERS,JCNORDAQUI,FRPIS,10:10,FRXSH
6331,2023-06-10,GENEVE,NON,9770,13:49,INTERNATIONAL,BOURG EN BRESSE,GENEVEPA,FRXBK,12:29,CHGVA
6332,2023-06-10,BELLEGARDE,NON,9770,15:42,INTERNATIONAL,PARIS (intramuros),GENEVEPA,FRPLY,13:02,FRXBF
6333,2023-06-10,BOURG EN BRESSE,NON,9770,15:42,INTERNATIONAL,PARIS (intramuros),GENEVEPA,FRPLY,13:52,FRXBK
6334,2023-06-10,AEROPORT CDG2 TGV ROISSY,OUI,5182,21:57,NORD,LILLE (intramuros),JCSUDNORD,FRLLE,21:07,FRMLW
6335,2023-06-10,VALENCE TGV RHONE-ALPES SUD,OUI,5182,21:57,NORD,LILLE (intramuros),JCSUDNORD,FRLLE,18:10,FRVLA
6336,2023-06-10,VALENCE TGV RHONE-ALPES SUD,OUI,5182,21:01,NORD,AEROPORT CDG2 TGV ROISSY,JCSUDNORD,FRMLW,18:10,FRVLA
6337,2023-06-10,MONTPELLIER SUD DE FRANCE,OUI,5182,21:01,NORD,AEROPORT CDG2 TGV ROISSY,JCSUDNORD,FRMLW,17:05,FRSUF
6338,2023-06-10,NIMES PONT DU GARD,OUI,5182,18:50,NORD,LYON (intramuros),JCSUDNORD,FRLPD,17:27,FRXZP
6339,2023-06-10,NIMES PONT DU GARD,OUI,5182,21:01,NORD,AEROPORT CDG2 TGV ROISSY,JCSUDNORD,FRMLW,17:27,FRXZP
6340,2023-06-10,DIJON VILLE,NON,2239,21:59,EST,CANNES,JCRHINRHON,FRJCA,16:20,FRABA
6341,2023-06-10,DIJON VILLE,NON,2239,19:45,EST,MARSEILLE ST CHARLES,JCRHINRHON,FRMSC,16:20,FRABA
6342,2023-06-10,DIJON VILLE,NON,2239,22:11,EST,ANTIBES,JCRHINRHON,FRXAT,16:20,FRABA
6343,2023-06-10,STRASBOURG,NON,2239,21:59,EST,CANNES,JCRHINRHON,FRJCA,13:37,FRAEG
6344,2023-06-10,STRASBOURG,NON,2239,20:41,EST,TOULON,JCRHINRHON,FRTLN,13:37,FRAEG
6345,2023-06-10,COLMAR,NON,2239,16:04,EST,DIJON VILLE,JCRHINRHON,FRABA,14:05,FRAEJ
6346,2023-06-10,COLMAR,OUI,2239,14:30,EST,MULHOUSE VILLE,JCRHINRHON,FRAEK,14:05,FRAEJ
6347,2023-06-10,COLMAR,NON,2239,22:30,EST,NICE VILLE,JCRHINRHON,FRNIC,14:05,FRAEJ
6348,2023-06-10,COLMAR,NON,2239,15:29,EST,BESANCON - F COMTE TGV,JCRHINRHON,FRTJB,14:05,FRAEJ
6349,2023-06-10,COLMAR,NON,2239,21:17,EST,LES ARCS DRAGUIGNAN,JCRHINRHON,FRXRS,14:05,FRAEJ
6350,2023-06-10,MULHOUSE VILLE,NON,2239,16:04,EST,DIJON VILLE,JCRHINRHON,FRABA,14:41,FRAEK
6351,2023-06-10,MULHOUSE VILLE,NON,2239,22:11,EST,ANTIBES,JCRHINRHON,FRXAT,14:41,FRAEK
6352,2023-06-10,AVIGNON TGV,NON,2239,21:59,EST,CANNES,JCRHINRHON,FRJCA,19:12,FRAVG
6353,2023-06-10,AVIGNON TGV,NON,2239,19:45,EST,MARSEILLE ST CHARLES,JCRHINRHON,FRMSC,19:12,FRAVG
6354,2023-06-10,AVIGNON TGV,NON,2239,21:17,EST,LES ARCS DRAGUIGNAN,JCRHINRHON,FRXRS,19:12,FRAVG
6355,2023-06-10,CANNES,OUI,2239,22:11,EST,ANTIBES,JCRHINRHON,FRXAT,22:03,FRJCA
6356,2023-06-10,LYON (intramuros),NON,2239,19:31,EST,AIX EN PROVENCE TGV,JCRHINRHON,FRAIE,18:04,FRLPD
6357,2023-06-10,LYON (intramuros),NON,2239,20:41,EST,TOULON,JCRHINRHON,FRTLN,18:04,FRLPD
6358,2023-06-10,LYON (intramuros),NON,2239,21:17,EST,LES ARCS DRAGUIGNAN,JCRHINRHON,FRXRS,18:04,FRLPD
6359,2023-06-10,MARSEILLE ST CHARLES,OUI,2239,20:41,EST,TOULON,JCRHINRHON,FRTLN,19:57,FRMSC
6360,2023-06-10,MARSEILLE ST CHARLES,OUI,2239,21:34,EST,ST RAPHAEL VALESCURE,JCRHINRHON,FRXSK,19:57,FRMSC
6361,2023-06-10,BELFORT-MONTBELIARD TGV,NON,2239,16:04,EST,DIJON VILLE,JCRHINRHON,FRABA,15:06,FRTJA
6362,2023-06-10,TOULON,OUI,2239,21:59,EST,CANNES,JCRHINRHON,FRJCA,20:45,FRTLN
6363,2023-06-10,TOULON,OUI,2239,22:30,EST,NICE VILLE,JCRHINRHON,FRNIC,20:45,FRTLN
6364,2023-06-10,TOULON,OUI,2239,21:34,EST,ST RAPHAEL VALESCURE,JCRHINRHON,FRXSK,20:45,FRTLN
6365,2023-06-10,BEAUNE,NON,2239,21:59,EST,CANNES,JCRHINRHON,FRJCA,16:42,FRXBV
6366,2023-06-10,BESANCON - F COMTE TGV,NON,2239,21:34,EST,ST RAPHAEL VALESCURE,JCRHINRHON,FRXSK,15:36,FRTJB
6367,2023-06-10,BELFORT-MONTBELIARD TGV,NON,2239,22:11,EST,ANTIBES,JCRHINRHON,FRXAT,15:06,FRTJA
6368,2023-06-10,BELFORT-MONTBELIARD TGV,NON,2239,21:59,EST,CANNES,JCRHINRHON,FRJCA,15:06,FRTJA
6369,2023-06-10,LYON-SAINT EXUPERY TGV,OUI,6911,13:13,SUD EST,GRENOBLE,PAGRENOBLE,FRGNB,12:05,FRJDQ
6370,2023-06-10,ANGERS ST LAUD,OUI,8922,17:25,ATLANTIQUE,PARIS (intramuros),LOIREPARIS,FRPMO,15:44,FRACL
6371,2023-06-10,LA BAULE ESCOUBLAC,OUI,8922,15:41,ATLANTIQUE,ANGERS ST LAUD,LOIREPARIS,FRACL,14:02,FRJEE
6372,2023-06-10,BEZIERS,NON,9715,19:20,SUD EST,NARBONNE,PABARCELONE,FRXNA,19:06,FRBZR
6373,2023-06-10,SETE,NON,9715,19:03,SUD EST,BEZIERS,PABARCELONE,FRBZR,18:34,FRXSY
6374,2023-06-10,MONTPELLIER SUD DE FRANCE,NON,9715,19:56,SUD EST,PERPIGNAN,PABARCELONE,FRPGF,18:17,FRSUF
6375,2023-06-10,PERPIGNAN,NON,9715,20:27,SUD EST,FIGUERES VILA TGV,PABARCELONE,ESFIR,20:03,FRPGF
6376,2023-06-10,PARIS (intramuros),NON,9715,20:44,SUD EST,GIRONA,PABARCELONE,ESGRO,14:54,FRPLY
6377,2023-06-10,VALENCE TGV RHONE-ALPES SUD,NON,9715,20:44,SUD EST,GIRONA,PABARCELONE,ESGRO,17:09,FRVLA
6378,2023-06-10,NIMES PONT DU GARD,NON,9715,21:25,SUD EST,BARCELONA SANTS,PABARCELONE,ESBST,17:49,FRXZP
6379,2023-06-10,SETE,NON,9715,21:25,SUD EST,BARCELONA SANTS,PABARCELONE,ESBST,18:34,FRXSY
6380,2023-06-10,VALENCE TGV RHONE-ALPES SUD,NON,9715,20:27,SUD EST,FIGUERES VILA TGV,PABARCELONE,ESFIR,17:09,FRVLA
6381,2023-06-10,BEZIERS,NON,9715,20:44,SUD EST,GIRONA,PABARCELONE,ESGRO,19:06,FRBZR
6382,2023-06-10,MONTPELLIER SUD DE FRANCE,NON,9715,20:44,SUD EST,GIRONA,PABARCELONE,ESGRO,18:17,FRSUF
6383,2023-06-10,BEZIERS,NON,9715,20:27,SUD EST,FIGUERES VILA TGV,PABARCELONE,ESFIR,19:06,FRBZR
6384,2023-06-10,AGDE,NON,9715,20:27,SUD EST,FIGUERES VILA TGV,PABARCELONE,ESFIR,18:51,FRXAG
6385,2023-06-10,AVIGNON TGV,OUI,6111,14:56,SUD EST,MARSEILLE ST CHARLES,PAPROVENCE,FRMSC,14:20,FRAVG
6386,2023-06-10,BEZIERS,NON,15942,09:52,IC SRO,BEDARIEUX,JOUNOREST,FRIMH,09:19,FRBZR
6387,2023-06-10,BEZIERS,NON,15942,09:32,IC SRO,MAGALAS,JOUNOREST,FRIMK,09:19,FRBZR
6388,2023-06-10,VANNES,OUI,8791,01:40,ATLANTIQUE,LORIENT,PARISBRETA,FRLRT,01:11,FRVNE
6389,2023-06-10,BRIVE LA GAILLARDE,OUI,3614,05:16,IC ARO,UZERCHE,TOULOUZECO,FRAAW,04:51,FRBVE
6390,2023-06-10,BRIVE LA GAILLARDE,OUI,3614,07:11,IC ARO,CHATEAUROUX,TOULOUZECO,FRCHR,04:51,FRBVE
6391,2023-06-10,MORLAIX,OUI,8655,00:38,ATLANTIQUE,BREST,PARISBRETA,FRBES,00:05,FRMXN
6392,2023-06-10,NANTES,OUI,5300,07:19,SUD EST,MASSY TGV,JCATLSUD,FRDJU,04:50,FRNTE
6393,2023-06-10,NANTES,NON,5300,10:58,SUD EST,NIMES PONT DU GARD,JCATLSUD,FRXZP,04:50,FRNTE
6394,2023-06-10,LIMOGES BENEDICTINS,OUI,3604,06:04,IC ARO,CHATEAUROUX,TOULOUZECO,FRCHR,04:57,FRAGQ
6395,2023-06-10,LIMOGES BENEDICTINS,OUI,3604,08:22,IC ARO,PARIS (intramuros),TOULOUZECO,FRPAZ,04:57,FRAGQ
6396,2023-06-10,BRIVE LA GAILLARDE,OUI,3604,06:42,IC ARO,VIERZON VILLE,TOULOUZECO,FRXVZ,03:54,FRBVE
6397,2023-06-10,STRASBOURG,NON,9561,10:59,INTERNATIONAL,FRANKFURT MAIN HBF,PAFRANC,DEFRH,09:12,FRAEG
6398,2023-06-10,KARLSRUHE HBF,NON,9575,17:04,INTERNATIONAL,STUTTGART HBF,PASTUTMUN,DESGT,16:28,DEQKA
6399,2023-06-10,STRASBOURG,NON,9575,16:26,INTERNATIONAL,KARLSRUHE HBF,PASTUTMUN,DEQKA,15:46,FRAEG
6400,2023-06-10,PARIS (intramuros),NON,9575,16:26,INTERNATIONAL,KARLSRUHE HBF,PASTUTMUN,DEQKA,13:55,FRPST
6401,2023-06-10,SARREBRUCK/SAARBRUECKEN,NON,9586,09:12,INTERNATIONAL,FORBACH,FRANCPA,FRBQT,09:01,DESBK
6402,2023-06-10,KARLSRUHE HBF,NON,9579,23:26,INTERNATIONAL,MUENCHEN HBF,PASTUTMUN,DEBEG,20:28,DEQKA
6403,2023-06-10,KARLSRUHE HBF,NON,9579,22:09,INTERNATIONAL,ULM HBF,PASTUTMUN,DEQUL,20:28,DEQKA
6404,2023-06-10,STUTTGART HBF,NON,9579,22:55,INTERNATIONAL,AUGSBURG HBF,PASTUTMUN,DEAGB,21:25,DESGT
6405,2023-06-10,STUTTGART HBF,NON,9579,23:26,INTERNATIONAL,MUENCHEN HBF,PASTUTMUN,DEBEG,21:25,DESGT
6406,2023-06-10,STUTTGART HBF,NON,9574,14:05,INTERNATIONAL,PARIS (intramuros),MUNSTUTPA,FRPST,10:52,DESGT
6407,2023-06-10,MARSEILLE ST CHARLES,NON,6175,15:38,SUD EST,ANTIBES,PAAZUR,FRXAT,13:28,FRMSC
6408,2023-06-10,MARSEILLE ST CHARLES,NON,6175,14:48,SUD EST,LES ARCS DRAGUIGNAN,PAAZUR,FRXRS,13:28,FRMSC
6409,2023-06-10,PARIS (intramuros),NON,6175,15:38,SUD EST,ANTIBES,PAAZUR,FRXAT,10:08,FRPLY
6410,2023-06-10,LES ARCS DRAGUIGNAN,OUI,6175,15:38,SUD EST,ANTIBES,PAAZUR,FRXAT,14:51,FRXRS
6411,2023-06-10,CANNES,OUI,6177,19:39,SUD EST,ANTIBES,PAAZUR,FRXAT,19:31,FRJCA
6412,2023-06-10,MARSEILLE ST CHARLES,NON,6177,19:39,SUD EST,ANTIBES,PAAZUR,FRXAT,17:28,FRMSC
6413,2023-06-10,TOULON,OUI,6177,19:26,SUD EST,CANNES,PAAZUR,FRJCA,18:15,FRTLN
6414,2023-06-10,ANGERS ST LAUD,OUI,5300,07:19,SUD EST,MASSY TGV,JCATLSUD,FRDJU,05:30,FRACL
6415,2023-06-10,LYON (intramuros),NON,5300,10:17,SUD EST,VALENCE TGV RHONE-ALPES SUD,JCATLSUD,FRVLA,09:39,FRLPD
6416,2023-06-10,ST PIERRE DES CORPS,NON,5300,09:30,SUD EST,LYON (intramuros),JCATLSUD,FRLPD,06:28,FRXSH
6417,2023-06-10,VALENCE TGV RHONE-ALPES SUD,OUI,5300,11:21,SUD EST,MONTPELLIER SUD DE FRANCE,JCATLSUD,FRSUF,10:22,FRVLA
6418,2023-06-10,LYON (intramuros),NON,5300,11:21,SUD EST,MONTPELLIER SUD DE FRANCE,JCATLSUD,FRSUF,09:39,FRLPD
6419,2023-06-10,ANGERS ST LAUD,NON,5300,11:21,SUD EST,MONTPELLIER SUD DE FRANCE,JCATLSUD,FRSUF,05:30,FRACL
6420,2023-06-10,MASSY TGV,NON,5300,10:58,SUD EST,NIMES PONT DU GARD,JCATLSUD,FRXZP,07:26,FRDJU
6421,2023-06-10,ANNECY,NON,6964,13:14,SUD EST,PARIS (intramuros),ALPESPARIS,FRPLY,09:29,FRNCY
6422,2023-06-10,AIX LES BAINS LE REVARD,NON,6964,13:14,SUD EST,PARIS (intramuros),ALPESPARIS,FRPLY,10:00,FRXAI
6423,2023-06-10,RENNES,OUI,5338,19:19,SUD EST,MASSY TGV,JCATLSUD,FRDJU,17:30,FRRNS
6424,2023-06-10,RENNES,OUI,5338,21:30,SUD EST,LYON (intramuros),JCATLSUD,FRLPD,17:30,FRRNS
6425,2023-06-10,SAVERDUN,NON,3972,06:08,IC NUIT,LES AUBRAIS ORLEANS,PALOMBEPAR,FRLAB,21:02,FRFPU
6426,2023-06-10,AUTERIVE,NON,3972,07:18,IC NUIT,PARIS (intramuros),PALOMBEPAR,FRPAZ,21:15,FRFPW
6427,2023-06-10,TARASCON SUR ARIEGE,NON,3972,07:18,IC NUIT,PARIS (intramuros),PALOMBEPAR,FRPAZ,20:15,FRFQM
6428,2023-06-10,PAMIERS,NON,3972,06:08,IC NUIT,LES AUBRAIS ORLEANS,PALOMBEPAR,FRLAB,20:49,FRPMS
6429,2023-06-10,PAMIERS,NON,3972,07:18,IC NUIT,PARIS (intramuros),PALOMBEPAR,FRPAZ,20:49,FRPMS
6430,2023-06-10,MERENS LES VALS,NON,3972,19:53,IC NUIT,LUZENAC GARANOU,PALOMBEPAR,FRFQI,19:26,FRFQH
6431,2023-06-10,LUZENAC GARANOU,NON,3972,20:13,IC NUIT,TARASCON SUR ARIEGE,PALOMBEPAR,FRFQM,19:55,FRFQI
6432,2023-06-10,LUZENAC GARANOU,NON,3972,21:00,IC NUIT,SAVERDUN,PALOMBEPAR,FRFPU,19:55,FRFQI
6433,2023-06-10,LATOUR DE CAROL ENVEITG,NON,3972,19:53,IC NUIT,LUZENAC GARANOU,PALOMBEPAR,FRFQI,18:42,FRXTE
6434,2023-06-10,BIARRITZ,OUI,8531,11:47,ATLANTIQUE,HENDAYE,PASUDOUEST,FRAEF,11:18,FRBIQ
6435,2023-06-10,CLERMONT FERRAND,OUI,5958,07:58,IC ARO,NEVERS,CLERMONTPA,FRNVS,06:31,FRCFE
6436,2023-06-10,NEVERS,OUI,5958,09:57,IC ARO,PARIS (intramuros),CLERMONTPA,FRPLY,08:00,FRNVS
6437,2023-06-10,VICHY,OUI,5958,07:58,IC ARO,NEVERS,CLERMONTPA,FRNVS,07:06,FRVHY
6438,2023-06-10,VICHY,OUI,5958,09:57,IC ARO,PARIS (intramuros),CLERMONTPA,FRPLY,07:06,FRVHY
6439,2023-06-10,PARIS (intramuros),OUI,5789,05:20,IC NUIT,DIE,PABRIANCON,FRDIE,20:48,FRPAZ
6440,2023-06-10,PARIS (intramuros),OUI,5789,07:11,IC NUIT,CHORGES,PABRIANCON,FRIGS,20:48,FRPAZ
6441,2023-06-10,TOURS,OUI,8314,12:19,ATLANTIQUE,ST PIERRE DES CORPS,ROCHELLEPA,FRXSH,12:14,FRAFW
6442,2023-06-10,ST PIERRE DES CORPS,OUI,8314,13:33,ATLANTIQUE,PARIS (intramuros),ROCHELLEPA,FRPMO,12:25,FRXSH
6443,2023-06-10,PARIS (intramuros),OUI,5771,07:09,IC NUIT,TOULON,PARAZUR,FRTLN,20:48,FRPAZ
6444,2023-06-10,MACON LOCHE TGV,NON,9244,19:14,INTERNATIONAL,PARIS (intramuros),ITALIEPA,FRPLY,17:41,FRMLT
6445,2023-06-10,OULX CESANA CLAV SESTRIERE,NON,9244,15:03,INTERNATIONAL,MODANE,ITALIEPA,FRAGR,14:36,ITOCS
6446,2023-06-10,POITIERS,OUI,8342,18:33,ATLANTIQUE,PARIS (intramuros),ROCHELLEPA,FRPMO,16:19,FRPIS
6447,2023-06-10,POITIERS,OUI,8342,16:27,ATLANTIQUE,FUTUROSCOPE,ROCHELLEPA,FRTGO,16:19,FRPIS
6448,2023-06-10,CHATELLERAULT,OUI,8342,18:33,ATLANTIQUE,PARIS (intramuros),ROCHELLEPA,FRPMO,16:44,FRXCX
6449,2023-06-10,AIX EN PROVENCE TGV,NON,5192,17:06,NORD,MARNE LA VALLEE CHESSY,JCSUDNORD,FRMLV,13:46,FRAIE
6450,2023-06-10,AIX EN PROVENCE TGV,NON,5192,18:20,NORD,ARRAS,JCSUDNORD,FRQRV,13:46,FRAIE
6451,2023-06-10,AVIGNON TGV,NON,5192,17:57,NORD,TGV HAUTE PICARDIE,JCSUDNORD,FRTHP,14:08,FRAVG
6452,2023-06-10,LYON (intramuros),NON,5192,19:00,NORD,LILLE (intramuros),JCSUDNORD,FRADJ,15:20,FRLPD
6453,2023-06-10,LYON (intramuros),NON,5192,17:57,NORD,TGV HAUTE PICARDIE,JCSUDNORD,FRTHP,15:20,FRLPD
6454,2023-06-10,LYON (intramuros),NON,5192,18:38,NORD,DOUAI,JCSUDNORD,FRXDN,15:20,FRLPD
6455,2023-06-10,MARNE LA VALLEE CHESSY,NON,5192,18:20,NORD,ARRAS,JCSUDNORD,FRQRV,17:12,FRMLV
6456,2023-06-10,MARNE LA VALLEE CHESSY,NON,5192,17:57,NORD,TGV HAUTE PICARDIE,JCSUDNORD,FRTHP,17:12,FRMLV
6457,2023-06-10,AEROPORT CDG2 TGV ROISSY,OUI,5192,18:38,NORD,DOUAI,JCSUDNORD,FRXDN,17:29,FRMLW
6458,2023-06-10,MARSEILLE ST CHARLES,NON,5192,18:20,NORD,ARRAS,JCSUDNORD,FRQRV,13:33,FRMSC
6459,2023-06-10,ARRAS,OUI,5192,18:38,NORD,DOUAI,JCSUDNORD,FRXDN,18:23,FRQRV
6460,2023-06-10,METZ VILLE,NON,9877,11:11,EST,DIJON VILLE,JCRHINRHON,FRABA,08:08,FRADE
6461,2023-06-10,METZ VILLE,OUI,9877,08:56,EST,STRASBOURG,JCRHINRHON,FRAEG,08:08,FRADE
6462,2023-06-10,METZ VILLE,NON,9877,14:25,EST,AVIGNON TGV,JCRHINRHON,FRAVG,08:08,FRADE
6463,2023-06-10,METZ VILLE,NON,9877,13:00,EST,LYON (intramuros),JCRHINRHON,FRLPD,08:08,FRADE
6464,2023-06-10,STRASBOURG,NON,9877,11:11,EST,DIJON VILLE,JCRHINRHON,FRABA,09:03,FRAEG
6465,2023-06-10,AIX EN PROVENCE TGV,OUI,9877,15:06,EST,MARSEILLE ST CHARLES,JCRHINRHON,FRMSC,14:52,FRAIE
6466,2023-06-10,BESANCON - F COMTE TGV,NON,9877,14:49,EST,AIX EN PROVENCE TGV,JCRHINRHON,FRAIE,10:44,FRTJB
6467,2023-06-10,VALENCE TGV RHONE-ALPES SUD,NON,9877,14:25,EST,AVIGNON TGV,JCRHINRHON,FRAVG,13:51,FRVLA
6468,2023-06-10,VALENCE TGV RHONE-ALPES SUD,NON,9877,15:06,EST,MARSEILLE ST CHARLES,JCRHINRHON,FRMSC,13:51,FRVLA
6469,2023-06-10,BRUXELLES MIDI BRUSSEL ZUID,NON,9836,21:39,NORD,NIMES,JCNORDSUD,FRFNI,16:17,BEBMI
6470,2023-06-10,BRUXELLES MIDI BRUSSEL ZUID,OUI,9836,16:53,NORD,LILLE (intramuros),JCNORDSUD,FRLLE,16:17,BEBMI
6471,2023-06-10,BRUXELLES MIDI BRUSSEL ZUID,OUI,9836,17:53,NORD,AEROPORT CDG2 TGV ROISSY,JCNORDSUD,FRMLW,16:17,BEBMI
6472,2023-06-10,BRUXELLES MIDI BRUSSEL ZUID,NON,9836,22:07,NORD,MONTPELLIER SAINT-ROCH,JCNORDSUD,FRMPL,16:17,BEBMI
6473,2023-06-10,BRUXELLES MIDI BRUSSEL ZUID,NON,9836,23:46,NORD,PERPIGNAN,JCNORDSUD,FRPGF,16:17,BEBMI
6474,2023-06-10,LILLE (intramuros),NON,9836,20:00,NORD,LYON (intramuros),JCNORDSUD,FRLPD,17:03,FRLLE
6475,2023-06-10,LILLE (intramuros),NON,9836,18:08,NORD,MARNE LA VALLEE CHESSY,JCNORDSUD,FRMLV,17:03,FRLLE
6476,2023-06-10,LYON (intramuros),NON,9836,22:55,NORD,BEZIERS,JCNORDSUD,FRBZR,20:10,FRLPD
6477,2023-06-10,LYON (intramuros),NON,9836,22:26,NORD,SETE,JCNORDSUD,FRXSY,20:10,FRLPD
6478,2023-06-10,MARNE LA VALLEE CHESSY,NON,9836,21:39,NORD,NIMES,JCNORDSUD,FRFNI,18:13,FRMLV
6479,2023-06-10,MARNE LA VALLEE CHESSY,NON,9836,20:49,NORD,VALENCE TGV RHONE-ALPES SUD,JCNORDSUD,FRVLA,18:13,FRMLV
6480,2023-06-10,AEROPORT CDG2 TGV ROISSY,NON,9836,21:39,NORD,NIMES,JCNORDSUD,FRFNI,17:59,FRMLW
6481,2023-06-10,MONTPELLIER SAINT-ROCH,OUI,9836,23:10,NORD,NARBONNE,JCNORDSUD,FRXNA,22:12,FRMPL
6482,2023-06-10,VALENCE TGV RHONE-ALPES SUD,NON,9836,21:39,NORD,NIMES,JCNORDSUD,FRFNI,20:54,FRVLA
6483,2023-06-10,VALENCE TGV RHONE-ALPES SUD,NON,9836,22:41,NORD,AGDE,JCNORDSUD,FRXAG,20:54,FRVLA
6484,2023-06-10,AGDE,OUI,9836,22:55,NORD,BEZIERS,JCNORDSUD,FRBZR,22:44,FRXAG
6485,2023-06-10,AIX EN PROVENCE TGV,NON,9854,10:32,NORD,AEROPORT CDG2 TGV ROISSY,JCSUDNORD,FRMLW,06:47,FRAIE
6486,2023-06-10,AVIGNON TGV,OUI,9854,08:20,NORD,LYON (intramuros),JCSUDNORD,FRLPD,07:12,FRAVG
6487,2023-06-10,MARNE LA VALLEE CHESSY,NON,9854,12:11,NORD,BRUXELLES MIDI BRUSSEL ZUID,JCSUDNORD,BEBMI,10:23,FRMLV
6488,2023-06-10,MARSEILLE ST CHARLES,OUI,9854,08:20,NORD,LYON (intramuros),JCSUDNORD,FRLPD,06:33,FRMSC
6489,2023-06-10,LE CROISIC,OUI,8916,10:52,ATLANTIQUE,LE POULIGUEN,LOIREPARIS,FREGS,10:47,FREGU
6490,2023-06-10,LE CROISIC,OUI,8916,10:58,ATLANTIQUE,LA BAULE ESCOUBLAC,LOIREPARIS,FRJEE,10:47,FREGU
6491,2023-06-10,LE CROISIC,OUI,8916,11:19,ATLANTIQUE,ST NAZAIRE,LOIREPARIS,FRSNR,10:47,FREGU
6492,2023-06-10,LA BAULE ESCOUBLAC,OUI,8916,11:59,ATLANTIQUE,NANTES,LOIREPARIS,FRNTE,11:01,FRJEE
6493,2023-06-10,CLERMONT FERRAND,OUI,5978,17:04,IC ARO,VICHY,CLERMONTPA,FRVHY,16:31,FRCFE
6494,2023-06-10,RIOM CHATEL GUYON,OUI,5978,17:04,IC ARO,VICHY,CLERMONTPA,FRVHY,16:42,FRRIO
6495,2023-06-10,RIOM CHATEL GUYON,OUI,5978,17:29,IC ARO,MOULINS SUR ALLIER,CLERMONTPA,FRXMU,16:42,FRRIO
6496,2023-06-10,MOULINS SUR ALLIER,OUI,5978,19:57,IC ARO,PARIS (intramuros),CLERMONTPA,FRPLY,17:31,FRXMU
6497,2023-06-10,DIJON VILLE,NON,5537,19:10,EST,AVIGNON TGV,JCRHINRHON,FRAVG,16:20,FRABA
6498,2023-06-10,DIJON VILLE,NON,5537,22:11,EST,ANTIBES,JCRHINRHON,FRXAT,16:20,FRABA
6499,2023-06-10,STRASBOURG,NON,5537,17:56,EST,LYON (intramuros),JCRHINRHON,FRLPD,13:37,FRAEG
6500,2023-06-10,STRASBOURG,NON,5537,22:30,EST,NICE VILLE,JCRHINRHON,FRNIC,13:37,FRAEG
6501,2023-06-10,COLMAR,NON,5537,21:34,EST,ST RAPHAEL VALESCURE,JCRHINRHON,FRXSK,14:05,FRAEJ
6502,2023-06-10,MULHOUSE VILLE,NON,5537,16:04,EST,DIJON VILLE,JCRHINRHON,FRABA,14:41,FRAEK
6503,2023-06-10,MULHOUSE VILLE,NON,5537,22:30,EST,NICE VILLE,JCRHINRHON,FRNIC,14:41,FRAEK
6504,2023-06-10,AIX EN PROVENCE TGV,NON,5537,22:30,EST,NICE VILLE,JCRHINRHON,FRNIC,19:33,FRAIE
6505,2023-06-10,AVIGNON TGV,NON,5537,19:45,EST,MARSEILLE ST CHARLES,JCRHINRHON,FRMSC,19:12,FRAVG
6506,2023-06-10,AVIGNON TGV,NON,5537,21:34,EST,ST RAPHAEL VALESCURE,JCRHINRHON,FRXSK,19:12,FRAVG
6507,2023-06-10,NANCY,NON,5537,19:10,EST,AVIGNON TGV,JCRHINRHON,FRAVG,12:26,FRENC
6508,2023-06-10,NANCY,NON,5537,22:30,EST,NICE VILLE,JCRHINRHON,FRNIC,12:26,FRENC
6509,2023-06-10,NANCY,NON,5537,20:41,EST,TOULON,JCRHINRHON,FRTLN,12:26,FRENC
6510,2023-06-10,CANNES,OUI,5537,22:30,EST,NICE VILLE,JCRHINRHON,FRNIC,22:03,FRJCA
6511,2023-06-10,CANNES,OUI,5537,22:11,EST,ANTIBES,JCRHINRHON,FRXAT,22:03,FRJCA
6512,2023-06-10,LYON (intramuros),NON,5537,20:41,EST,TOULON,JCRHINRHON,FRTLN,18:04,FRLPD
6513,2023-06-10,LYON (intramuros),NON,5537,21:34,EST,ST RAPHAEL VALESCURE,JCRHINRHON,FRXSK,18:04,FRLPD
6514,2023-06-10,BELFORT-MONTBELIARD TGV,NON,5537,15:29,EST,BESANCON - F COMTE TGV,JCRHINRHON,FRTJB,15:06,FRTJA
6515,2023-06-10,BESANCON - F COMTE TGV,NON,5537,16:04,EST,DIJON VILLE,JCRHINRHON,FRABA,15:36,FRTJB
6516,2023-06-10,BESANCON - F COMTE TGV,NON,5537,19:10,EST,AVIGNON TGV,JCRHINRHON,FRAVG,15:36,FRTJB
6517,2023-06-10,TOULON,OUI,5537,22:30,EST,NICE VILLE,JCRHINRHON,FRNIC,20:45,FRTLN
6518,2023-06-10,TOULON,OUI,5537,21:34,EST,ST RAPHAEL VALESCURE,JCRHINRHON,FRXSK,20:45,FRTLN
6519,2023-06-10,BEAUNE,NON,5537,19:45,EST,MARSEILLE ST CHARLES,JCRHINRHON,FRMSC,16:42,FRXBV
6520,2023-06-10,BEAUNE,NON,5537,20:41,EST,TOULON,JCRHINRHON,FRTLN,16:42,FRXBV
6521,2023-06-10,LES ARCS DRAGUIGNAN,OUI,5537,21:34,EST,ST RAPHAEL VALESCURE,JCRHINRHON,FRXSK,21:20,FRXRS
6522,2023-06-10,BELFORT-MONTBELIARD TGV,NON,5537,22:11,EST,ANTIBES,JCRHINRHON,FRXAT,15:06,FRTJA
6523,2023-06-10,MULHOUSE VILLE,NON,5537,16:39,EST,BEAUNE,JCRHINRHON,FRXBV,14:41,FRAEK
6524,2023-06-10,BEZIERS,NON,4758,16:30,IC ARO,MARMANDE,TJOURSESO,FRXMR,12:57,FRBZR
6525,2023-06-10,CARCASSONNE,NON,4758,14:32,IC ARO,TOULOUSE MATABIAU,TJOURSESO,FRXYT,13:45,FRCCF
6526,2023-06-10,NIMES,NON,4758,12:54,IC ARO,BEZIERS,TJOURSESO,FRBZR,11:45,FRFNI
6527,2023-06-10,NIMES,NON,4758,13:43,IC ARO,CARCASSONNE,TJOURSESO,FRCCF,11:45,FRFNI
6528,2023-06-10,MARSEILLE ST CHARLES,NON,4758,12:54,IC ARO,BEZIERS,TJOURSESO,FRBZR,09:53,FRMSC
6529,2023-06-10,MONTAUBAN VILLE BOURBON,OUI,4758,16:30,IC ARO,MARMANDE,TJOURSESO,FRXMR,15:16,FRXMW
6530,2023-06-10,TOULOUSE MATABIAU,NON,4758,17:13,IC ARO,BORDEAUX ST JEAN,TJOURSESO,FRBOJ,14:38,FRXYT
6531,2023-06-10,TOULOUSE MATABIAU,NON,4758,15:14,IC ARO,MONTAUBAN VILLE BOURBON,TJOURSESO,FRXMW,14:38,FRXYT
6532,2023-06-10,LYON (intramuros),NON,5380,09:30,SUD EST,LE MANS,JCSUDATL,FRAET,06:30,FRLPD
6533,2023-06-10,LYON (intramuros),NON,5380,10:30,SUD EST,RENNES,JCSUDATL,FRRNS,06:30,FRLPD
6534,2023-06-10,LYON (intramuros),NON,5380,09:30,SUD EST,LE MANS,JCSUDATL,FRAET,06:16,FRLPE
6535,2023-06-10,CALAIS FRETHUN,OUI,7434,19:08,NORD,PARIS (intramuros),ARRASPA,FRPNO,17:15,FRSTH
6536,2023-06-10,DIJON VILLE,NON,5521,10:56,EST,LYON (intramuros),JCRHINRHON,FRLPD,09:21,FRABA
6537,2023-06-10,DIJON VILLE,NON,5521,09:54,EST,CHALON SUR SAONE,JCRHINRHON,FRXCD,09:21,FRABA
6538,2023-06-10,METZ VILLE,OUI,5521,08:14,EST,BELFORT-MONTBELIARD TGV,JCRHINRHON,FRTJA,05:46,FRADE
6539,2023-06-10,STRASBOURG,NON,5521,12:24,EST,NIMES,JCRHINRHON,FRFNI,06:47,FRAEG
6540,2023-06-10,STRASBOURG,OUI,5521,08:14,EST,BELFORT-MONTBELIARD TGV,JCRHINRHON,FRTJA,06:47,FRAEG
6541,2023-06-10,COLMAR,OUI,5521,07:48,EST,MULHOUSE VILLE,JCRHINRHON,FRAEK,07:16,FRAEJ
6542,2023-06-10,COLMAR,NON,5521,12:24,EST,NIMES,JCRHINRHON,FRFNI,07:16,FRAEJ
6543,2023-06-10,MULHOUSE VILLE,NON,5521,12:24,EST,NIMES,JCRHINRHON,FRFNI,07:52,FRAEK
6544,2023-06-10,LYON (intramuros),NON,5521,12:55,EST,MONTPELLIER SAINT-ROCH,JCRHINRHON,FRMPL,11:02,FRLPD
6545,2023-06-10,BELFORT-MONTBELIARD TGV,NON,5521,09:11,EST,DIJON VILLE,JCRHINRHON,FRABA,08:17,FRTJA
6546,2023-06-10,BELFORT-MONTBELIARD TGV,NON,5521,12:24,EST,NIMES,JCRHINRHON,FRFNI,08:17,FRTJA
6547,2023-06-10,BELFORT-MONTBELIARD TGV,NON,5521,09:54,EST,CHALON SUR SAONE,JCRHINRHON,FRXCD,08:17,FRTJA
6548,2023-06-10,CHALON SUR SAONE,NON,5521,12:55,EST,MONTPELLIER SAINT-ROCH,JCRHINRHON,FRMPL,09:56,FRXCD
6549,2023-06-10,ANGERS ST LAUD,OUI,5288,16:46,NORD,LE MANS,JCBRETNORD,FRAET,16:02,FRACL
6550,2023-06-10,ANGERS ST LAUD,OUI,5288,19:35,NORD,LILLE (intramuros),JCBRETNORD,FRLLE,16:02,FRACL
6551,2023-06-10,LE MANS,OUI,5288,18:37,NORD,AEROPORT CDG2 TGV ROISSY,JCBRETNORD,FRMLW,16:57,FRAET
6552,2023-06-10,MASSY TGV,OUI,5288,19:35,NORD,LILLE (intramuros),JCBRETNORD,FRLLE,17:54,FRDJU
6553,2023-06-10,MASSY TGV,OUI,5288,18:37,NORD,AEROPORT CDG2 TGV ROISSY,JCBRETNORD,FRMLW,17:54,FRDJU
6554,2023-06-10,AGEN,NON,4663,17:27,IC ARO,CARCASSONNE,TJOURSOSE,FRCCF,15:30,FRAGF
6555,2023-06-10,AGEN,NON,4663,17:57,IC ARO,NARBONNE,TJOURSOSE,FRXNA,15:30,FRAGF
6556,2023-06-10,BORDEAUX ST JEAN,NON,4663,17:57,IC ARO,NARBONNE,TJOURSOSE,FRXNA,14:26,FRBOJ
6557,2023-06-10,BORDEAUX ST JEAN,NON,4663,16:39,IC ARO,TOULOUSE MATABIAU,TJOURSOSE,FRXYT,14:26,FRBOJ
6558,2023-06-10,CARCASSONNE,NON,4663,18:13,IC ARO,BEZIERS,TJOURSOSE,FRBZR,17:29,FRCCF
6559,2023-06-10,CARCASSONNE,NON,4663,19:21,IC ARO,NIMES,TJOURSOSE,FRFNI,17:29,FRCCF
6560,2023-06-10,TOULOUSE MATABIAU,NON,4663,17:27,IC ARO,CARCASSONNE,TJOURSOSE,FRCCF,16:44,FRXYT
6561,2023-06-10,TOULOUSE MATABIAU,NON,4663,19:21,IC ARO,NIMES,TJOURSOSE,FRFNI,16:44,FRXYT
6562,2023-06-10,TOULOUSE MATABIAU,NON,4663,21:06,IC ARO,MARSEILLE ST CHARLES,TJOURSOSE,FRMSC,16:44,FRXYT
6563,2023-06-10,TOULOUSE MATABIAU,NON,4663,17:57,IC ARO,NARBONNE,TJOURSOSE,FRXNA,16:44,FRXYT
6564,2023-06-10,PARIS (intramuros),OUI,2751,19:14,EST,REIMS,PABARSED,FRRHE,18:28,FRPST
6565,2023-06-10,PARIS (intramuros),OUI,2751,20:35,EST,SEDAN,PABARSED,FRXSW,18:28,FRPST
6566,2023-06-10,CHARLEVILLE MEZIERES,OUI,2751,20:35,EST,SEDAN,PABARSED,FRXSW,20:20,FRXCZ
6567,2023-06-10,CANNES,OUI,6180,19:55,SUD EST,AVIGNON TGV,AZURPA,FRAVG,17:33,FRJCA
6568,2023-06-10,CANNES,OUI,6180,22:38,SUD EST,PARIS (intramuros),AZURPA,FRPLY,17:33,FRJCA
6569,2023-06-10,CANNES,OUI,6180,18:07,SUD EST,LES ARCS DRAGUIGNAN,AZURPA,FRXRS,17:33,FRJCA
6570,2023-06-10,NICE VILLE,OUI,6180,19:55,SUD EST,AVIGNON TGV,AZURPA,FRAVG,16:57,FRNIC
6571,2023-06-10,NICE VILLE,OUI,6180,17:29,SUD EST,CANNES,AZURPA,FRJCA,16:57,FRNIC
6572,2023-06-10,NICE VILLE,OUI,6180,18:07,SUD EST,LES ARCS DRAGUIGNAN,AZURPA,FRXRS,16:57,FRNIC
6573,2023-06-10,ANTIBES,OUI,6180,18:07,SUD EST,LES ARCS DRAGUIGNAN,AZURPA,FRXRS,17:18,FRXAT
6574,2023-06-10,QUIMPERLE,OUI,8702,06:07,ATLANTIQUE,AURAY,BRETAPARIS,FRXUY,05:38,FRECO
6575,2023-06-10,ROSPORDEN,OUI,8702,06:20,ATLANTIQUE,VANNES,BRETAPARIS,FRVNE,05:23,FRRSP
6576,2023-06-10,QUIMPER,OUI,8702,05:36,ATLANTIQUE,QUIMPERLE,BRETAPARIS,FRECO,05:09,FRUIP
6577,2023-06-10,VANNES,OUI,8702,09:08,ATLANTIQUE,PARIS (intramuros),BRETAPARIS,FRPMO,06:23,FRVNE
6578,2023-06-10,NIMES,OUI,6873,19:51,SUD EST,LYON (intramuros),JCSUDPROV,FRLPD,18:26,FRFNI
6579,2023-06-10,NARBONNE,OUI,6873,18:23,SUD EST,NIMES,JCSUDPROV,FRFNI,16:59,FRXNA
6580,2023-06-10,NARBONNE,OUI,6873,17:55,SUD EST,MONTPELLIER SAINT-ROCH,JCSUDPROV,FRMPL,16:59,FRXNA
6581,2023-06-10,TOULOUSE MATABIAU,OUI,6873,17:55,SUD EST,MONTPELLIER SAINT-ROCH,JCSUDPROV,FRMPL,15:43,FRXYT
6582,2023-06-10,TOULOUSE MATABIAU,OUI,6873,19:10,SUD EST,VALENCE TGV RHONE-ALPES SUD,JCSUDPROV,FRVLA,15:43,FRXYT
6583,2023-06-10,PARIS (intramuros),OUI,6687,19:48,SUD EST,ST ETIENNE CHATEAUCREUX,PARISRHONE,FRHHD,16:58,FRPLY
6584,2023-06-10,BORDEAUX ST JEAN,NON,4657,11:27,IC ARO,CARCASSONNE,TJOURSOSE,FRCCF,08:26,FRBOJ
6585,2023-06-10,BORDEAUX ST JEAN,NON,4657,12:54,IC ARO,MONTPELLIER SAINT-ROCH,TJOURSOSE,FRMPL,08:26,FRBOJ
6586,2023-06-10,MARMANDE,NON,4657,11:27,IC ARO,CARCASSONNE,TJOURSOSE,FRCCF,09:04,FRXMR
6587,2023-06-10,MARMANDE,OUI,4657,10:06,IC ARO,MONTAUBAN VILLE BOURBON,TJOURSOSE,FRXMW,09:04,FRXMR
6588,2023-06-10,MONTAUBAN VILLE BOURBON,NON,4657,11:27,IC ARO,CARCASSONNE,TJOURSOSE,FRCCF,10:08,FRXMW
6589,2023-06-10,MONTAUBAN VILLE BOURBON,NON,4657,11:58,IC ARO,NARBONNE,TJOURSOSE,FRXNA,10:08,FRXMW
6590,2023-06-10,MONTAUBAN VILLE BOURBON,NON,4657,12:34,IC ARO,SETE,TJOURSOSE,FRXSY,10:08,FRXMW
6591,2023-06-10,NARBONNE,NON,4657,15:22,IC ARO,MARSEILLE ST CHARLES,TJOURSOSE,FRMSC,12:01,FRXNA
6592,2023-06-10,SETE,NON,4657,12:54,IC ARO,MONTPELLIER SAINT-ROCH,TJOURSOSE,FRMPL,12:36,FRXSY
6593,2023-06-10,SETE,NON,4657,15:22,IC ARO,MARSEILLE ST CHARLES,TJOURSOSE,FRMSC,12:36,FRXSY
6594,2023-06-10,TOULOUSE MATABIAU,NON,4657,11:27,IC ARO,CARCASSONNE,TJOURSOSE,FRCCF,10:45,FRXYT
6595,2023-06-10,TOULOUSE MATABIAU,NON,4657,11:58,IC ARO,NARBONNE,TJOURSOSE,FRXNA,10:45,FRXYT
6596,2023-06-10,LAVAL,OUI,5080,12:57,NORD,LE MANS,JCBRETNORD,FRAET,12:28,FRACR
6597,2023-06-10,LE MANS,OUI,5080,15:49,NORD,LILLE (intramuros),JCBRETNORD,FRLLE,13:00,FRAET
6598,2023-06-10,SAUMUR,NON,4404,18:39,IC SRO,LYON (intramuros),JOURNTELYN,FRLPE,12:47,FRACN
6599,2023-06-10,SAUMUR,NON,4404,15:36,IC SRO,NEVERS,JOURNTELYN,FRNVS,12:47,FRACN
6600,2023-06-10,BOURGES,NON,4404,17:20,IC SRO,ROANNE,JOURNTELYN,FRRNE,14:58,FRBOU
6601,2023-06-10,NANTES,NON,4404,12:20,IC SRO,ANGERS ST LAUD,JOURNTELYN,FRACL,11:40,FRNTE
6602,2023-06-10,NEVERS,NON,4404,17:20,IC SRO,ROANNE,JOURNTELYN,FRRNE,15:47,FRNVS
6603,2023-06-10,ROANNE,NON,4404,18:26,IC SRO,LYON (intramuros),JOURNTELYN,FRLPD,17:22,FRRNE
6604,2023-06-10,ST PIERRE DES CORPS,NON,4404,18:26,IC SRO,LYON (intramuros),JOURNTELYN,FRLPD,13:26,FRXSH
6605,2023-06-10,ST PIERRE DES CORPS,NON,4404,15:36,IC SRO,NEVERS,JOURNTELYN,FRNVS,13:26,FRXSH
6606,2023-06-10,ST PIERRE DES CORPS,NON,4404,17:20,IC SRO,ROANNE,JOURNTELYN,FRRNE,13:26,FRXSH
6607,2023-06-10,VIERZON VILLE,NON,4404,14:56,IC SRO,BOURGES,JOURNTELYN,FRBOU,14:37,FRXVZ
6608,2023-06-10,DIJON VILLE,NON,6703,11:53,SUD EST,BELFORT-MONTBELIARD TGV,PABOUR,FRTJA,11:02,FRABA
6609,2023-06-10,BRIVE LA GAILLARDE,OUI,3650,13:48,IC ARO,LIMOGES BENEDICTINS,TOULOUZECO,FRAGQ,12:48,FRBVE
6610,2023-06-10,BRIVE LA GAILLARDE,OUI,3650,15:37,IC ARO,VIERZON VILLE,TOULOUZECO,FRXVZ,12:48,FRBVE
6611,2023-06-10,GOURDON,OUI,3650,13:48,IC ARO,LIMOGES BENEDICTINS,TOULOUZECO,FRAGQ,12:02,FRFSI
6612,2023-06-10,CAUSSADE TARN ET GARONNE,OUI,3650,13:48,IC ARO,LIMOGES BENEDICTINS,TOULOUZECO,FRAGQ,11:08,FRFTA
6613,2023-06-10,LA SOUTERRAINE,OUI,3650,16:18,IC ARO,LES AUBRAIS ORLEANS,TOULOUZECO,FRLAB,14:26,FRLST
6614,2023-06-10,SOUILLAC,OUI,3650,17:22,IC ARO,PARIS (intramuros),TOULOUZECO,FRPAZ,12:19,FRSOU
6615,2023-06-10,MONTAUBAN VILLE BOURBON,OUI,3650,12:45,IC ARO,BRIVE LA GAILLARDE,TOULOUZECO,FRBVE,10:54,FRXMW
6616,2023-06-10,MONTAUBAN VILLE BOURBON,OUI,3650,15:37,IC ARO,VIERZON VILLE,TOULOUZECO,FRXVZ,10:54,FRXMW
6617,2023-06-10,TOULOUSE MATABIAU,OUI,3650,12:17,IC ARO,SOUILLAC,TOULOUZECO,FRSOU,10:22,FRXYT
6618,2023-06-10,CAHORS,OUI,3650,16:18,IC ARO,LES AUBRAIS ORLEANS,TOULOUZECO,FRLAB,11:35,FRZAO
6619,2023-06-10,CAHORS,OUI,3650,17:22,IC ARO,PARIS (intramuros),TOULOUZECO,FRPAZ,11:35,FRZAO
6620,2023-06-10,GOURDON,OUI,3650,14:24,IC ARO,LA SOUTERRAINE,TOULOUZECO,FRLST,12:02,FRFSI
6621,2023-06-10,ANGERS ST LAUD,OUI,8126,19:28,ATLANTIQUE,LE MANS,LOIREPARIS,FRAET,18:44,FRACL
6622,2023-06-10,NANTES,OUI,8126,19:05,ATLANTIQUE,SABLE SUR SARTHE,LOIREPARIS,FRSAB,18:05,FRNTE
6623,2023-06-10,SABLE SUR SARTHE,OUI,8126,19:28,ATLANTIQUE,LE MANS,LOIREPARIS,FRAET,19:07,FRSAB
6624,2023-06-10,AVIGNON TGV,NON,6128,20:22,SUD EST,PARIS (intramuros),PROVENCEPA,FRPLY,17:37,FRAVG
6625,2023-06-10,BEZIERS,OUI,4764,19:23,IC ARO,CARCASSONNE,TJOURSESO,FRCCF,18:38,FRBZR
6626,2023-06-10,BEZIERS,OUI,4764,20:11,IC ARO,TOULOUSE MATABIAU,TJOURSESO,FRXYT,18:38,FRBZR
6627,2023-06-10,CARCASSONNE,OUI,4764,22:40,IC ARO,BORDEAUX ST JEAN,TJOURSESO,FRBOJ,19:25,FRCCF
6628,2023-06-10,CARCASSONNE,OUI,4764,22:01,IC ARO,MARMANDE,TJOURSESO,FRXMR,19:25,FRCCF
6629,2023-06-10,NIMES,OUI,4764,22:40,IC ARO,BORDEAUX ST JEAN,TJOURSESO,FRBOJ,17:25,FRFNI
6630,2023-06-10,NIMES,OUI,4764,20:47,IC ARO,MONTAUBAN VILLE BOURBON,TJOURSESO,FRXMW,17:25,FRFNI
6631,2023-06-10,MONTPELLIER SAINT-ROCH,OUI,4764,18:35,IC ARO,BEZIERS,TJOURSESO,FRBZR,17:53,FRMPL
6632,2023-06-10,MARSEILLE ST CHARLES,OUI,4764,17:22,IC ARO,NIMES,TJOURSESO,FRFNI,15:27,FRMSC
6633,2023-06-10,MONTAUBAN VILLE BOURBON,OUI,4764,22:01,IC ARO,MARMANDE,TJOURSESO,FRXMR,20:49,FRXMW
6634,2023-06-10,NARBONNE,OUI,4764,20:11,IC ARO,TOULOUSE MATABIAU,TJOURSESO,FRXYT,18:55,FRXNA
6635,2023-06-10,TOULOUSE MATABIAU,OUI,4764,22:40,IC ARO,BORDEAUX ST JEAN,TJOURSESO,FRBOJ,20:17,FRXYT
6636,2023-06-10,ST GAUDENS,NON,14151,15:56,IC SRO,PAU,SUDOUEST,FRAEE,14:24,FRFPH
6637,2023-06-10,TARBES,NON,14151,16:20,IC SRO,ORTHEZ,SUDOUEST,FRGFI,15:15,FRXTB
6638,2023-06-10,TARBES,NON,14151,17:28,IC SRO,BAYONNE,SUDOUEST,FRXBY,15:15,FRXTB
6639,2023-06-10,AIX EN PROVENCE TGV,NON,5054,10:19,NORD,MARNE LA VALLEE CHESSY,JCSUDNORD,FRMLV,06:47,FRAIE
6640,2023-06-10,AVIGNON TGV,NON,5054,10:19,NORD,MARNE LA VALLEE CHESSY,JCSUDNORD,FRMLV,07:12,FRAVG
6641,2023-06-10,AVIGNON TGV,NON,5054,10:32,NORD,AEROPORT CDG2 TGV ROISSY,JCSUDNORD,FRMLW,07:12,FRAVG
6642,2023-06-10,MARSEILLE ST CHARLES,NON,5054,10:19,NORD,MARNE LA VALLEE CHESSY,JCSUDNORD,FRMLV,06:33,FRMSC
6643,2023-06-10,CANNES,NON,6188,10:33,SUD EST,MARSEILLE ST CHARLES,AZURPA,FRMSC,08:28,FRJCA
6644,2023-06-10,CANNES,OUI,6188,09:44,SUD EST,TOULON,AZURPA,FRTLN,08:28,FRJCA
6645,2023-06-10,ANTIBES,NON,6188,10:33,SUD EST,MARSEILLE ST CHARLES,AZURPA,FRMSC,08:14,FRXAT
6646,2023-06-10,LES ARCS DRAGUIGNAN,NON,6188,10:33,SUD EST,MARSEILLE ST CHARLES,AZURPA,FRMSC,09:10,FRXRS
6647,2023-06-10,LES ARCS DRAGUIGNAN,OUI,6188,09:44,SUD EST,TOULON,AZURPA,FRTLN,09:10,FRXRS
6648,2023-06-10,ST RAPHAEL VALESCURE,NON,6188,10:33,SUD EST,MARSEILLE ST CHARLES,AZURPA,FRMSC,08:53,FRXSK
6649,2023-06-10,ANGERS ST LAUD,OUI,8913,12:33,ATLANTIQUE,ST NAZAIRE,PARISLOIRE,FRSNR,11:16,FRACL
6650,2023-06-10,PARIS (intramuros),NON,8913,13:03,ATLANTIQUE,LE CROISIC,PARISLOIRE,FREGU,09:36,FRPMO
6651,2023-06-10,ST NAZAIRE,OUI,8913,12:50,ATLANTIQUE,LA BAULE ESCOUBLAC,PARISLOIRE,FRJEE,12:36,FRSNR
6652,2023-06-10,ANGOULEME,NON,5284,17:15,NORD,TGV HAUTE PICARDIE,JCAQUINORD,FRTHP,13:36,FRANG
6653,2023-06-10,BORDEAUX ST JEAN,NON,5284,15:49,NORD,MASSY TGV,JCAQUINORD,FRDJU,12:58,FRBOJ
6654,2023-06-10,MASSY TGV,NON,5284,17:57,NORD,LILLE (intramuros),JCAQUINORD,FRLLE,15:55,FRDJU
6655,2023-06-10,MASSY TGV,NON,5284,17:15,NORD,TGV HAUTE PICARDIE,JCAQUINORD,FRTHP,15:55,FRDJU
6656,2023-06-10,MARNE LA VALLEE CHESSY,OUI,5284,17:57,NORD,LILLE (intramuros),JCAQUINORD,FRLLE,16:31,FRMLV
6657,2023-06-10,ST PIERRE DES CORPS,NON,5284,17:57,NORD,LILLE (intramuros),JCAQUINORD,FRLLE,14:54,FRXSH
6658,2023-06-10,DIJON VILLE,OUI,2096,20:16,EST,BESANCON - F COMTE TGV,JCRHONRHIN,FRTJB,19:49,FRABA
6659,2023-06-10,AIX EN PROVENCE TGV,NON,2096,22:07,EST,STRASBOURG,JCRHONRHIN,FRAEG,16:11,FRAIE
6660,2023-06-10,AIX EN PROVENCE TGV,NON,2096,16:30,EST,AVIGNON TGV,JCRHONRHIN,FRAVG,16:11,FRAIE
6661,2023-06-10,AIX EN PROVENCE TGV,NON,2096,20:40,EST,BELFORT-MONTBELIARD TGV,JCRHONRHIN,FRTJA,16:11,FRAIE
6662,2023-06-10,AVIGNON TGV,NON,2096,17:51,EST,LYON (intramuros),JCRHONRHIN,FRLPD,16:33,FRAVG
6663,2023-06-10,LYON (intramuros),NON,2096,21:09,EST,MULHOUSE VILLE,JCRHONRHIN,FRAEK,18:00,FRLPD
6664,2023-06-10,MARSEILLE ST CHARLES,NON,2096,21:09,EST,MULHOUSE VILLE,JCRHONRHIN,FRAEK,15:56,FRMSC
6665,2023-06-10,BESANCON - F COMTE TGV,OUI,2096,22:07,EST,STRASBOURG,JCRHONRHIN,FRAEG,20:19,FRTJB
6666,2023-06-10,VALENCE TGV RHONE-ALPES SUD,NON,2096,21:09,EST,MULHOUSE VILLE,JCRHONRHIN,FRAEK,17:13,FRVLA
6667,2023-06-10,PARIS (intramuros),OUI,5971,19:34,IC ARO,CLERMONT FERRAND,PACLERMONT,FRCFE,15:59,FRPLY
6668,2023-06-10,PARIS (intramuros),OUI,5971,17:57,IC ARO,NEVERS,PACLERMONT,FRNVS,15:59,FRPLY
6669,2023-06-10,MOULINS SUR ALLIER,OUI,5971,19:01,IC ARO,VICHY,PACLERMONT,FRVHY,18:30,FRXMU
6670,2023-06-10,LA SOUTERRAINE,OUI,3614,07:08,IC ARO,CHATEAUROUX,TOULOUZECO,FRCHR,06:30,FRLST
6671,2023-06-10,LA SOUTERRAINE,OUI,3614,07:44,IC ARO,VIERZON VILLE,TOULOUZECO,FRXVZ,06:30,FRLST
6672,2023-06-10,VIERZON VILLE,OUI,3614,09:24,IC ARO,PARIS (intramuros),TOULOUZECO,FRPAZ,07:46,FRXVZ
6673,2023-06-10,PARIS (intramuros),NON,7571,15:07,NORD,LILLE (intramuros),PAARRAS,FRLLE,13:52,FRPNO
6674,2023-06-10,LAVAL,OUI,8636,20:20,ATLANTIQUE,PARIS (intramuros),BRETAPARIS,FRPMO,19:04,FRACR
6675,2023-06-10,GUINGAMP,OUI,8636,18:25,ATLANTIQUE,RENNES,BRETAPARIS,FRRNS,17:16,FRGGP
6676,2023-06-10,LAMBALLE,OUI,8636,19:01,ATLANTIQUE,LAVAL,BRETAPARIS,FRACR,17:47,FRLAM
6677,2023-06-10,RENNES,OUI,8636,20:20,ATLANTIQUE,PARIS (intramuros),BRETAPARIS,FRPMO,18:35,FRRNS
6678,2023-06-10,LYON (intramuros),OUI,6617,16:10,SUD EST,LYON (intramuros),PARISRHONE,FRLPE,16:02,FRLPD
6679,2023-06-10,LE CREUSOT MONTCEAU MONTCHANIN,NON,6617,15:56,SUD EST,LYON (intramuros),PARISRHONE,FRLPD,15:13,FRXCC
6680,2023-06-10,BORDEAUX ST JEAN,NON,5260,08:49,NORD,MASSY TGV,JCAQUINORD,FRDJU,05:58,FRBOJ
6681,2023-06-10,ST PIERRE DES CORPS,NON,5260,10:40,NORD,LILLE (intramuros),JCAQUINORD,FRADJ,07:54,FRXSH
6682,2023-06-10,MACON LOCHE TGV,NON,6941,15:36,SUD EST,CHAMBERY CHALLES LES EAUX,PARISALPES,FRCMF,14:20,FRMLT
6683,2023-06-10,PARIS (intramuros),NON,6941,15:36,SUD EST,CHAMBERY CHALLES LES EAUX,PARISALPES,FRCMF,12:44,FRPLY
6684,2023-06-10,LYON (intramuros),OUI,6608,07:58,SUD EST,LYON (intramuros),RHONEPARIS,FRLPD,07:50,FRLPE
6685,2023-06-10,LE CREUSOT MONTCEAU MONTCHANIN,OUI,6608,10:08,SUD EST,PARIS (intramuros),RHONEPARIS,FRPLY,08:49,FRXCC
6686,2023-06-10,ANGERS ST LAUD,OUI,8117,12:54,ATLANTIQUE,NANTES,PARISLOIRE,FRNTE,12:16,FRACL
6687,2023-06-10,PARIS (intramuros),NON,8117,11:33,ATLANTIQUE,LE MANS,PARISLOIRE,FRAET,10:36,FRPMO
6688,2023-06-10,PARIS (intramuros),NON,8117,12:54,ATLANTIQUE,NANTES,PARISLOIRE,FRNTE,10:36,FRPMO
6689,2023-06-10,MONTREJEAU GOURDAN POLIGNAN,NON,14141,11:29,IC SRO,LOURDES,SUDOUEST,FRLDE,10:39,FRMTJ
6690,2023-06-10,TARBES,NON,14141,11:57,IC SRO,PAU,SUDOUEST,FRAEE,11:15,FRXTB
6691,2023-06-10,TARBES,NON,14141,13:08,IC SRO,BAYONNE,SUDOUEST,FRXBY,11:15,FRXTB
6692,2023-06-10,TOULOUSE MATABIAU,NON,14141,12:21,IC SRO,ORTHEZ,SUDOUEST,FRGFI,09:32,FRXYT
6693,2023-06-10,FRANKFURT MAIN HBF,NON,9552,14:23,INTERNATIONAL,KAISERSLAUTERN HBF,FRANCPA,DEKLT,12:56,DEFRH
6694,2023-06-10,FRANKFURT MAIN HBF,NON,9552,15:02,INTERNATIONAL,SARREBRUCK/SAARBRUECKEN,FRANCPA,DESBK,12:56,DEFRH
6695,2023-06-10,MANNHEIM HBF,NON,9552,14:23,INTERNATIONAL,KAISERSLAUTERN HBF,FRANCPA,DEKLT,13:42,DEMHG
6696,2023-06-10,MANNHEIM HBF,NON,9552,16:54,INTERNATIONAL,PARIS (intramuros),FRANCPA,FRPST,13:42,DEMHG
6697,2023-06-10,UZERCHE,OUI,3656,14:53,IC ARO,LIMOGES BENEDICTINS,TOULOUZECO,FRAGQ,14:17,FRAAW
6698,2023-06-10,BRIVE LA GAILLARDE,OUI,3656,14:53,IC ARO,LIMOGES BENEDICTINS,TOULOUZECO,FRAGQ,13:52,FRBVE
6699,2023-06-10,BRIVE LA GAILLARDE,OUI,3656,16:23,IC ARO,ISSOUDUN,TOULOUZECO,FRFMN,13:52,FRBVE
6700,2023-06-10,CHATEAUROUX,OUI,3656,16:23,IC ARO,ISSOUDUN,TOULOUZECO,FRFMN,16:08,FRCHR
6701,2023-06-10,CHATEAUROUX,OUI,3656,18:24,IC ARO,PARIS (intramuros),TOULOUZECO,FRPAZ,16:08,FRCHR
6702,2023-06-10,CHATEAUROUX,OUI,3656,16:46,IC ARO,VIERZON VILLE,TOULOUZECO,FRXVZ,16:08,FRCHR
6703,2023-06-10,ISSOUDUN,OUI,3656,16:46,IC ARO,VIERZON VILLE,TOULOUZECO,FRXVZ,16:24,FRFMN
6704,2023-06-10,GOURDON,OUI,3656,18:24,IC ARO,PARIS (intramuros),TOULOUZECO,FRPAZ,13:08,FRFSI
6705,2023-06-10,SOUILLAC,OUI,3656,16:46,IC ARO,VIERZON VILLE,TOULOUZECO,FRXVZ,13:25,FRSOU
6706,2023-06-10,CAHORS,OUI,3656,15:29,IC ARO,LA SOUTERRAINE,TOULOUZECO,FRLST,12:41,FRZAO
6707,2023-06-10,CAHORS,OUI,3656,18:24,IC ARO,PARIS (intramuros),TOULOUZECO,FRPAZ,12:41,FRZAO
6708,2023-06-10,CAHORS,OUI,3656,16:46,IC ARO,VIERZON VILLE,TOULOUZECO,FRXVZ,12:41,FRZAO
6709,2023-06-10,TOURS,OUI,8310,09:33,ATLANTIQUE,PARIS (intramuros),ROCHELLEPA,FRPMO,08:13,FRAFW
6710,2023-06-10,VENDOME VILLIERS SUR LOIR,OUI,8310,09:33,ATLANTIQUE,PARIS (intramuros),ROCHELLEPA,FRPMO,08:46,FRESL
6711,2023-06-10,ST PIERRE DES CORPS,OUI,8310,08:43,ATLANTIQUE,VENDOME VILLIERS SUR LOIR,ROCHELLEPA,FRESL,08:25,FRXSH
6712,2023-06-10,BORDEAUX ST JEAN,NON,3858,20:15,IC SRO,LA ROCHELLE VILLE,BORDONANTE,FRLRH,17:53,FRBOJ
6713,2023-06-10,JONZAC,NON,3858,20:58,IC SRO,LUCON,BORDONANTE,FRLCN,18:41,FREMR
6714,2023-06-10,ROCHEFORT,NON,3858,20:58,IC SRO,LUCON,BORDONANTE,FRLCN,19:55,FRRCO
6715,2023-06-10,LA ROCHE SUR YON,NON,3858,22:05,IC SRO,NANTES,BORDONANTE,FRNTE,21:24,FRXRO
6716,2023-06-10,SAINTES,NON,3858,20:58,IC SRO,LUCON,BORDONANTE,FRLCN,19:25,FRXST
6717,2023-06-10,MANNHEIM HBF,NON,9566,12:38,INTERNATIONAL,PARIS (intramuros),FRANCPA,FRPST,09:39,DEMHG
6718,2023-06-10,KARLSRUHE HBF,NON,9566,12:38,INTERNATIONAL,PARIS (intramuros),FRANCPA,FRPST,10:06,DEQKA
6719,2023-06-10,STRASBOURG,NON,9566,12:38,INTERNATIONAL,PARIS (intramuros),FRANCPA,FRPST,10:52,FRAEG
6720,2023-06-10,DIJON VILLE,NON,5500,20:18,EST,STRASBOURG,JCRHONRHIN,FRAEG,17:50,FRABA
6721,2023-06-10,DIJON VILLE,NON,5500,19:09,EST,MULHOUSE VILLE,JCRHONRHIN,FRAEK,17:50,FRABA
6722,2023-06-10,DIJON VILLE,NON,5500,18:44,EST,BELFORT-MONTBELIARD TGV,JCRHONRHIN,FRTJA,17:50,FRABA
6723,2023-06-10,MULHOUSE VILLE,OUI,5500,20:18,EST,STRASBOURG,JCRHONRHIN,FRAEG,19:12,FRAEK
6724,2023-06-10,NIMES,NON,5500,21:13,EST,METZ VILLE,JCRHONRHIN,FRADE,14:23,FRFNI
6725,2023-06-10,NIMES,NON,5500,19:41,EST,COLMAR,JCRHONRHIN,FRAEJ,14:23,FRFNI
6726,2023-06-10,LYON (intramuros),NON,5500,18:17,EST,BESANCON - F COMTE TGV,JCRHONRHIN,FRTJB,16:04,FRLPD
6727,2023-06-10,MONTPELLIER SAINT-ROCH,NON,5500,14:20,EST,NIMES,JCRHONRHIN,FRFNI,13:55,FRMPL
6728,2023-06-10,BESANCON - F COMTE TGV,NON,5500,19:09,EST,MULHOUSE VILLE,JCRHONRHIN,FRAEK,18:22,FRTJB
6729,2023-06-10,BESANCON - F COMTE TGV,NON,5500,18:44,EST,BELFORT-MONTBELIARD TGV,JCRHONRHIN,FRTJA,18:22,FRTJB
6730,2023-06-10,VALENCE TGV RHONE-ALPES SUD,NON,5500,18:17,EST,BESANCON - F COMTE TGV,JCRHONRHIN,FRTJB,15:12,FRVLA
6731,2023-06-10,DAX,OUI,8592,23:19,ATLANTIQUE,TARBES,PASUDOUEST,FRXTB,21:36,FRACG
6732,2023-06-10,BORDEAUX ST JEAN,OUI,8592,21:28,ATLANTIQUE,DAX,PASUDOUEST,FRACG,20:20,FRBOJ
6733,2023-06-10,BORDEAUX ST JEAN,OUI,8592,22:25,ATLANTIQUE,PAU,PASUDOUEST,FRAEE,20:20,FRBOJ
6734,2023-06-10,ORTHEZ,OUI,8592,23:19,ATLANTIQUE,TARBES,PASUDOUEST,FRXTB,22:04,FRGFI
6735,2023-06-10,PARIS (intramuros),OUI,8592,22:25,ATLANTIQUE,PAU,PASUDOUEST,FRAEE,18:07,FRPMO
6736,2023-06-10,PARIS (intramuros),OUI,8592,23:19,ATLANTIQUE,TARBES,PASUDOUEST,FRXTB,18:07,FRPMO
6737,2023-06-10,BRUXELLES MIDI BRUSSEL ZUID,OUI,9835,16:53,NORD,LILLE (intramuros),JCNORDSUD,FRLLE,16:17,BEBMI
6738,2023-06-10,LILLE (intramuros),OUI,9835,17:53,NORD,AEROPORT CDG2 TGV ROISSY,JCNORDSUD,FRMLW,17:03,FRLLE
6739,2023-06-10,LYON (intramuros),NON,9835,21:30,NORD,AVIGNON TGV,JCNORDSUD,FRAVG,20:10,FRLPD
6740,2023-06-10,MARNE LA VALLEE CHESSY,NON,9835,21:53,NORD,AIX EN PROVENCE TGV,JCNORDSUD,FRAIE,18:13,FRMLV
6741,2023-06-10,MARNE LA VALLEE CHESSY,NON,9835,22:08,NORD,MARSEILLE ST CHARLES,JCNORDSUD,FRMSC,18:13,FRMLV
6742,2023-06-10,AEROPORT CDG2 TGV ROISSY,NON,9835,21:53,NORD,AIX EN PROVENCE TGV,JCNORDSUD,FRAIE,17:59,FRMLW
6743,2023-06-10,AEROPORT CDG2 TGV ROISSY,NON,9835,21:30,NORD,AVIGNON TGV,JCNORDSUD,FRAVG,17:59,FRMLW
6744,2023-06-10,VALENCE TGV RHONE-ALPES SUD,NON,9835,21:53,NORD,AIX EN PROVENCE TGV,JCNORDSUD,FRAIE,20:59,FRVLA
6745,2023-06-10,AVIGNON TGV,NON,6116,15:22,SUD EST,PARIS (intramuros),PROVENCEPA,FRPLY,12:39,FRAVG
6746,2023-06-10,MARSEILLE ST CHARLES,OUI,6116,12:14,SUD EST,AIX EN PROVENCE TGV,PROVENCEPA,FRAIE,12:03,FRMSC
6747,2023-06-10,MARSEILLE ST CHARLES,NON,6116,12:36,SUD EST,AVIGNON TGV,PROVENCEPA,FRAVG,12:03,FRMSC
6748,2023-06-10,LUCON,NON,3833,14:03,IC SRO,ROCHEFORT,NANTEBORDO,FRRCO,13:00,FRLCN
6749,2023-06-10,NANTES,NON,3833,14:03,IC SRO,ROCHEFORT,NANTEBORDO,FRRCO,11:55,FRNTE
6750,2023-06-10,NANTES,NON,3833,14:32,IC SRO,SAINTES,NANTEBORDO,FRXST,11:55,FRNTE
6751,2023-06-10,LA ROCHE SUR YON,NON,3833,16:08,IC SRO,BORDEAUX ST JEAN,NANTEBORDO,FRBOJ,12:36,FRXRO
6752,2023-06-10,LA ROCHE SUR YON,NON,3833,14:03,IC SRO,ROCHEFORT,NANTEBORDO,FRRCO,12:36,FRXRO
6753,2023-06-10,LA ROCHE SUR YON,NON,3833,14:32,IC SRO,SAINTES,NANTEBORDO,FRXST,12:36,FRXRO
6754,2023-06-10,ANGERS ST LAUD,OUI,5320,19:19,SUD EST,MASSY TGV,JCATLSUD,FRDJU,17:44,FRACL
6755,2023-06-10,NANTES,OUI,5320,18:24,SUD EST,LE MANS,JCATLSUD,FRAET,17:05,FRNTE
6756,2023-06-10,NANTES,OUI,5320,19:19,SUD EST,MASSY TGV,JCATLSUD,FRDJU,17:05,FRNTE
6757,2023-06-10,NIMES,OUI,6825,22:19,SUD EST,TOULOUSE MATABIAU,JCPROVSUD,FRXYT,19:40,FRFNI
6758,2023-06-10,MONTPELLIER SAINT-ROCH,OUI,6825,22:19,SUD EST,TOULOUSE MATABIAU,JCPROVSUD,FRXYT,20:10,FRMPL
6759,2023-06-10,VALENCE TGV RHONE-ALPES SUD,OUI,6825,20:48,SUD EST,BEZIERS,JCPROVSUD,FRBZR,18:53,FRVLA
6760,2023-06-10,VALENCE TGV RHONE-ALPES SUD,OUI,6825,22:19,SUD EST,TOULOUSE MATABIAU,JCPROVSUD,FRXYT,18:53,FRVLA
6761,2023-06-10,NARBONNE,OUI,6825,22:19,SUD EST,TOULOUSE MATABIAU,JCPROVSUD,FRXYT,21:07,FRXNA
6762,2023-06-10,BELFORT-MONTBELIARD TGV,OUI,6708,19:02,SUD EST,DIJON VILLE,BOURPA,FRABA,18:11,FRTJA
6763,2023-06-10,DAX,OUI,8572,15:19,ATLANTIQUE,TARBES,PASUDOUEST,FRXTB,13:36,FRACG
6764,2023-06-10,PAU,OUI,8572,14:53,ATLANTIQUE,LOURDES,PASUDOUEST,FRLDE,14:27,FRAEE
6765,2023-06-10,BORDEAUX ST JEAN,OUI,8572,13:28,ATLANTIQUE,DAX,PASUDOUEST,FRACG,12:20,FRBOJ
6766,2023-06-10,BORDEAUX ST JEAN,OUI,8572,14:53,ATLANTIQUE,LOURDES,PASUDOUEST,FRLDE,12:20,FRBOJ
6767,2023-06-10,PARIS (intramuros),NON,8572,13:28,ATLANTIQUE,DAX,PASUDOUEST,FRACG,10:08,FRPMO
6768,2023-06-10,PARIS (intramuros),NON,8572,14:53,ATLANTIQUE,LOURDES,PASUDOUEST,FRLDE,10:08,FRPMO
6769,2023-06-10,STRASBOURG,NON,2087,15:06,EST,MARSEILLE ST CHARLES,JCRHINRHON,FRMSC,09:03,FRAEG
6770,2023-06-10,STRASBOURG,NON,2087,10:41,EST,BESANCON - F COMTE TGV,JCRHINRHON,FRTJB,09:03,FRAEG
6771,2023-06-10,MULHOUSE VILLE,NON,2087,10:18,EST,BELFORT-MONTBELIARD TGV,JCRHINRHON,FRTJA,09:57,FRAEK
6772,2023-06-10,AIX EN PROVENCE TGV,NON,2087,15:06,EST,MARSEILLE ST CHARLES,JCRHINRHON,FRMSC,14:52,FRAIE
6773,2023-06-10,AVIGNON TGV,NON,2087,14:49,EST,AIX EN PROVENCE TGV,JCRHINRHON,FRAIE,14:28,FRAVG
6774,2023-06-10,MACON VILLE,NON,2087,13:00,EST,LYON (intramuros),JCRHINRHON,FRLPD,12:22,FRHGU
6775,2023-06-10,LYON (intramuros),NON,2087,15:06,EST,MARSEILLE ST CHARLES,JCRHINRHON,FRMSC,13:06,FRLPD
6776,2023-06-10,BELFORT-MONTBELIARD TGV,NON,2087,14:49,EST,AIX EN PROVENCE TGV,JCRHINRHON,FRAIE,10:21,FRTJA
6777,2023-06-10,BELFORT-MONTBELIARD TGV,NON,2087,14:25,EST,AVIGNON TGV,JCRHINRHON,FRAVG,10:21,FRTJA
6778,2023-06-10,BELFORT-MONTBELIARD TGV,NON,2087,15:06,EST,MARSEILLE ST CHARLES,JCRHINRHON,FRMSC,10:21,FRTJA
6779,2023-06-10,BESANCON - F COMTE TGV,NON,2087,14:49,EST,AIX EN PROVENCE TGV,JCRHINRHON,FRAIE,10:44,FRTJB
6780,2023-06-10,PARIS (intramuros),OUI,7359,09:40,NORD,ARRAS,PAARRAS,FRQRV,08:52,FRPNO
6781,2023-06-10,PARIS (intramuros),NON,7359,10:16,NORD,BETHUNE,PAARRAS,FRXBH,08:52,FRPNO
6782,2023-06-10,PARIS (intramuros),NON,7359,10:02,NORD,LENS,PAARRAS,FRXLE,08:52,FRPNO
6783,2023-06-10,ARVANT,NON,15940,15:35,IC SRO,ISSOIRE,JOUNOREST,FRHLB,15:17,FRARV
6784,2023-06-10,ARVANT,NON,15940,15:22,IC SRO,BRASSAC LES MINES STE FLORINE,JOUNOREST,FRHLE,15:17,FRARV
6785,2023-06-10,MASSIAC BLESLE,NON,15940,15:16,IC SRO,ARVANT,JOUNOREST,FRARV,14:58,FRHMY
6786,2023-06-10,NEUSSARGUES,NON,15940,16:01,IC SRO,CLERMONT FERRAND,JOUNOREST,FRCFE,14:36,FRNEU
6787,2023-06-10,NEUSSARGUES,NON,15940,15:16,IC SRO,ARVANT,JOUNOREST,FRARV,14:36,FRNEU
6788,2023-06-10,GRENOBLE,NON,6920,17:48,SUD EST,PARIS (intramuros),GRENOBLEPA,FRPLY,14:46,FRGNB
6789,2023-06-10,NIORT,OUI,8375,11:59,ATLANTIQUE,SURGERES,PAROCHELLE,FREIP,11:41,FRNIT
6790,2023-06-10,ST PIERRE DES CORPS,OUI,8375,11:38,ATLANTIQUE,NIORT,PAROCHELLE,FRNIT,10:16,FRXSH
6791,2023-06-10,ST PIERRE DES CORPS,OUI,8375,10:50,ATLANTIQUE,POITIERS,PAROCHELLE,FRPIS,10:16,FRXSH
6792,2023-06-10,MACON LOCHE TGV,NON,6937,12:36,SUD EST,CHAMBERY CHALLES LES EAUX,PARISALPES,FRCMF,11:19,FRMLT
6793,2023-06-10,LYON (intramuros),NON,6612,12:08,SUD EST,PARIS (intramuros),RHONEPARIS,FRPLY,09:50,FRLPE
6794,2023-06-10,ARRAS,OUI,7116,12:08,NORD,PARIS (intramuros),ARRASPA,FRPNO,11:18,FRQRV
6795,2023-06-10,CHATEAUROUX,OUI,3645,20:54,IC ARO,MONTAUBAN VILLE BOURBON,PALITO,FRXMW,16:50,FRCHR
6796,2023-06-10,GOURDON,OUI,3645,20:39,IC ARO,CAUSSADE TARN ET GARONNE,PALITO,FRFTA,19:47,FRFSI
6797,2023-06-10,GOURDON,OUI,3645,20:54,IC ARO,MONTAUBAN VILLE BOURBON,PALITO,FRXMW,19:47,FRFSI
6798,2023-06-10,LES AUBRAIS ORLEANS,OUI,3645,19:46,IC ARO,GOURDON,PALITO,FRFSI,15:40,FRLAB
6799,2023-06-10,PARIS (intramuros),OUI,3645,19:06,IC ARO,BRIVE LA GAILLARDE,PALITO,FRBVE,14:35,FRPAZ
6800,2023-06-10,PARIS (intramuros),OUI,3645,19:31,IC ARO,SOUILLAC,PALITO,FRSOU,14:35,FRPAZ
6801,2023-06-10,SOUILLAC,OUI,3645,20:39,IC ARO,CAUSSADE TARN ET GARONNE,PALITO,FRFTA,19:32,FRSOU
6802,2023-06-10,SOUILLAC,OUI,3645,21:27,IC ARO,TOULOUSE MATABIAU,PALITO,FRXYT,19:32,FRSOU
6803,2023-06-10,SOUILLAC,OUI,3645,20:13,IC ARO,CAHORS,PALITO,FRZAO,19:32,FRSOU
6804,2023-06-10,VIERZON VILLE,OUI,3645,18:02,IC ARO,LIMOGES BENEDICTINS,PALITO,FRAGQ,16:17,FRXVZ
6805,2023-06-10,VIERZON VILLE,OUI,3645,19:06,IC ARO,BRIVE LA GAILLARDE,PALITO,FRBVE,16:17,FRXVZ
6806,2023-06-10,LA SOUTERRAINE,OUI,3645,20:39,IC ARO,CAUSSADE TARN ET GARONNE,PALITO,FRFTA,17:27,FRLST
6807,2023-06-10,DAX,NON,8530,11:52,ATLANTIQUE,PARIS (intramuros),SUDOUESTPA,FRPMO,08:31,FRACG
6808,2023-06-10,BAYONNE,NON,8530,11:52,ATLANTIQUE,PARIS (intramuros),SUDOUESTPA,FRPMO,07:52,FRXBY
6809,2023-06-10,ST JEAN DE LUZ CIBOURE,OUI,8530,07:34,ATLANTIQUE,BIARRITZ,SUDOUESTPA,FRBIQ,07:24,FRXJZ
6810,2023-06-10,VALENCE TGV RHONE-ALPES SUD,NON,6250,11:04,SUD EST,PARIS (intramuros),LANGPA,FRPLY,08:53,FRVLA
6811,2023-06-10,NIMES PONT DU GARD,NON,6250,11:04,SUD EST,PARIS (intramuros),LANGPA,FRPLY,08:13,FRXZP
6812,2023-06-10,LAVAL,OUI,5386,20:32,SUD EST,RENNES,JCSUDATL,FRRNS,20:08,FRACR
6813,2023-06-10,AIX EN PROVENCE TGV,NON,5386,20:32,SUD EST,RENNES,JCSUDATL,FRRNS,14:50,FRAIE
6814,2023-06-10,AVIGNON TGV,NON,5386,16:22,SUD EST,LYON (intramuros),JCSUDATL,FRLPD,15:15,FRAVG
6815,2023-06-10,MASSY TGV,NON,5386,20:32,SUD EST,RENNES,JCSUDATL,FRRNS,18:39,FRDJU
6816,2023-06-10,LYON (intramuros),NON,5386,18:34,SUD EST,MASSY TGV,JCSUDATL,FRDJU,16:30,FRLPD
6817,2023-06-10,MARSEILLE ST CHARLES,OUI,5386,14:47,SUD EST,AIX EN PROVENCE TGV,JCSUDATL,FRAIE,14:36,FRMSC
6818,2023-06-10,MARSEILLE ST CHARLES,NON,5386,18:34,SUD EST,MASSY TGV,JCSUDATL,FRDJU,14:36,FRMSC
6819,2023-06-10,AVIGNON TGV,NON,5102,10:33,NORD,AIX EN PROVENCE TGV,JCNORDSUD,FRAIE,10:14,FRAVG
6820,2023-06-10,LILLE (intramuros),NON,5102,10:11,NORD,AVIGNON TGV,JCNORDSUD,FRAVG,06:00,FRLLE
6821,2023-06-10,LILLE (intramuros),OUI,5102,06:50,NORD,AEROPORT CDG2 TGV ROISSY,JCNORDSUD,FRMLW,06:00,FRLLE
6822,2023-06-10,LILLE (intramuros),NON,5102,10:48,NORD,MARSEILLE ST CHARLES,JCNORDSUD,FRMSC,06:00,FRLLE
6823,2023-06-10,AEROPORT CDG2 TGV ROISSY,NON,5102,10:33,NORD,AIX EN PROVENCE TGV,JCNORDSUD,FRAIE,06:56,FRMLW
6824,2023-06-10,LIMOGES BENEDICTINS,OUI,3619,14:07,IC ARO,CAHORS,PALITO,FRZAO,11:56,FRAGQ
6825,2023-06-10,CHATEAUROUX,NON,3619,11:53,IC ARO,LIMOGES BENEDICTINS,PALITO,FRAGQ,10:41,FRCHR
6826,2023-06-10,CHATEAUROUX,NON,3619,11:17,IC ARO,LA SOUTERRAINE,PALITO,FRLST,10:41,FRCHR
6827,2023-06-10,LES AUBRAIS ORLEANS,NON,3619,14:49,IC ARO,MONTAUBAN VILLE BOURBON,PALITO,FRXMW,09:28,FRLAB
6828,2023-06-10,LA SOUTERRAINE,NON,3619,12:57,IC ARO,BRIVE LA GAILLARDE,PALITO,FRBVE,11:19,FRLST
6829,2023-06-10,LA SOUTERRAINE,NON,3619,13:40,IC ARO,GOURDON,PALITO,FRFSI,11:19,FRLST
6830,2023-06-10,PARIS (intramuros),NON,3619,10:39,IC ARO,CHATEAUROUX,PALITO,FRCHR,08:22,FRPAZ
6831,2023-06-10,PARIS (intramuros),NON,3619,10:07,IC ARO,VIERZON VILLE,PALITO,FRXVZ,08:22,FRPAZ
6832,2023-06-10,PARIS (intramuros),NON,3619,14:07,IC ARO,CAHORS,PALITO,FRZAO,08:22,FRPAZ
6833,2023-06-10,SOUILLAC,OUI,3619,14:34,IC ARO,CAUSSADE TARN ET GARONNE,PALITO,FRFTA,13:26,FRSOU
6834,2023-06-10,VIERZON VILLE,NON,3619,12:57,IC ARO,BRIVE LA GAILLARDE,PALITO,FRBVE,10:09,FRXVZ
6835,2023-06-10,VIERZON VILLE,NON,3619,10:39,IC ARO,CHATEAUROUX,PALITO,FRCHR,10:09,FRXVZ
6836,2023-06-10,VIERZON VILLE,NON,3619,14:07,IC ARO,CAHORS,PALITO,FRZAO,10:09,FRXVZ
6837,2023-06-10,CAHORS,OUI,3619,14:34,IC ARO,CAUSSADE TARN ET GARONNE,PALITO,FRFTA,14:09,FRZAO
6838,2023-06-10,CAHORS,OUI,3619,15:23,IC ARO,TOULOUSE MATABIAU,PALITO,FRXYT,14:09,FRZAO
6839,2023-06-10,VIERZON VILLE,NON,3619,14:34,IC ARO,CAUSSADE TARN ET GARONNE,PALITO,FRFTA,10:09,FRXVZ
6840,2023-06-10,LA SOUTERRAINE,NON,3619,14:49,IC ARO,MONTAUBAN VILLE BOURBON,PALITO,FRXMW,11:19,FRLST
6841,2023-06-10,PAU,NON,14157,20:13,IC SRO,ORTHEZ,SUDOUEST,FRGFI,19:52,FRAEE
6842,2023-06-10,PAU,NON,14157,21:36,IC SRO,ST JEAN DE LUZ CIBOURE,SUDOUEST,FRXJZ,19:52,FRAEE
6843,2023-06-10,BIARRITZ,NON,14157,21:36,IC SRO,ST JEAN DE LUZ CIBOURE,SUDOUEST,FRXJZ,21:23,FRBIQ
6844,2023-06-10,LOURDES,NON,14157,19:49,IC SRO,PAU,SUDOUEST,FRAEE,19:23,FRLDE
6845,2023-06-10,LOURDES,NON,14157,21:49,IC SRO,HENDAYE,SUDOUEST,FRAEF,19:23,FRLDE
6846,2023-06-10,LOURDES,NON,14157,21:22,IC SRO,BIARRITZ,SUDOUEST,FRBIQ,19:23,FRLDE
6847,2023-06-10,LOURDES,NON,14157,20:13,IC SRO,ORTHEZ,SUDOUEST,FRGFI,19:23,FRLDE
6848,2023-06-10,LOURDES,NON,14157,21:04,IC SRO,BAYONNE,SUDOUEST,FRXBY,19:23,FRLDE
6849,2023-06-10,LANNEMEZAN,NON,14157,19:49,IC SRO,PAU,SUDOUEST,FRAEE,18:41,FRLNZ
6850,2023-06-10,LANNEMEZAN,NON,14157,20:13,IC SRO,ORTHEZ,SUDOUEST,FRGFI,18:41,FRLNZ
6851,2023-06-10,LANNEMEZAN,NON,14157,21:04,IC SRO,BAYONNE,SUDOUEST,FRXBY,18:41,FRLNZ
6852,2023-06-10,TARBES,NON,14157,19:20,IC SRO,LOURDES,SUDOUEST,FRLDE,19:07,FRXTB
6853,2023-06-10,TOULOUSE MATABIAU,NON,14157,21:49,IC SRO,HENDAYE,SUDOUEST,FRAEF,17:25,FRXYT
6854,2023-06-10,TOULOUSE MATABIAU,NON,14157,18:39,IC SRO,LANNEMEZAN,SUDOUEST,FRLNZ,17:25,FRXYT
6855,2023-06-10,PARIS (intramuros),NON,7283,18:40,NORD,ARRAS,PAARRAS,FRQRV,17:52,FRPNO
6856,2023-06-10,PAU,NON,8581,13:40,ATLANTIQUE,BORDEAUX ST JEAN,SUDOUESTPA,FRBOJ,11:32,FRAEE
6857,2023-06-10,PAU,NON,8581,15:52,ATLANTIQUE,PARIS (intramuros),SUDOUESTPA,FRPMO,11:32,FRAEE
6858,2023-06-10,LOURDES,OUI,8581,11:29,ATLANTIQUE,PAU,SUDOUESTPA,FRAEE,11:04,FRLDE
6859,2023-06-10,TARBES,OUI,8581,10:54,ATLANTIQUE,LOURDES,SUDOUESTPA,FRLDE,10:39,FRXTB
6860,2023-06-10,MARSEILLE ST CHARLES,NON,6168,21:50,SUD EST,PARIS (intramuros),AZURPA,FRPLY,18:47,FRMSC
6861,2023-06-10,TOULON,OUI,6168,18:33,SUD EST,MARSEILLE ST CHARLES,AZURPA,FRMSC,17:48,FRTLN
6862,2023-06-10,ANTIBES,OUI,6168,17:44,SUD EST,TOULON,AZURPA,FRTLN,16:17,FRXAT
6863,2023-06-10,POITIERS,NON,8435,10:18,ATLANTIQUE,BORDEAUX ST JEAN,PASUDOUEST,FRBOJ,09:20,FRPIS
6864,2023-06-10,PARIS (intramuros),NON,8435,10:18,ATLANTIQUE,BORDEAUX ST JEAN,PASUDOUEST,FRBOJ,07:58,FRPMO
6865,2023-06-10,AVIGNON CENTRE,NON,6194,10:48,SUD EST,PARIS (intramuros),VDRPA,FRPLY,06:57,FRAES
6866,2023-06-10,LYON-SAINT EXUPERY TGV,NON,6194,10:48,SUD EST,PARIS (intramuros),VDRPA,FRPLY,08:58,FRJDQ
6867,2023-06-10,VALENCE VILLE,NON,6194,08:42,SUD EST,LYON-SAINT EXUPERY TGV,VDRPA,FRJDQ,08:08,FRVAF
6868,2023-06-10,MONTELIMAR GARE SNCF,OUI,6194,08:05,SUD EST,VALENCE VILLE,VDRPA,FRVAF,07:41,FRXMK
6869,2023-06-10,ORANGE,OUI,6194,08:05,SUD EST,VALENCE VILLE,VDRPA,FRVAF,07:13,FRXOG
6870,2023-06-10,ST ETIENNE CHATEAUCREUX,OUI,6692,07:28,SUD EST,LYON (intramuros),RHONEPARIS,FRLPD,06:42,FRHHD
6871,2023-06-10,ANGERS ST LAUD,NON,8931,21:39,ATLANTIQUE,ST NAZAIRE,PARISLOIRE,FRSNR,20:19,FRACL
6872,2023-06-10,SABLE SUR SARTHE,OUI,8931,20:16,ATLANTIQUE,ANGERS ST LAUD,PARISLOIRE,FRACL,19:56,FRSAB
6873,2023-06-10,ST NAZAIRE,OUI,8931,22:07,ATLANTIQUE,LE CROISIC,PARISLOIRE,FREGU,21:42,FRSNR
6874,2023-06-10,BOULOGNE VILLE,NON,7516,12:08,NORD,PARIS (intramuros),ARRASPA,FRPNO,09:34,FRAEB
6875,2023-06-10,MULHOUSE VILLE,NON,9219,20:26,INTERNATIONAL,ZUERICH HB,PABALZUR,CHAJD,19:06,FRAEK
6876,2023-06-10,PARIS (intramuros),NON,9219,19:26,INTERNATIONAL,BASEL SBB,PABALZUR,CHAJP,16:20,FRPLY
6877,2023-06-10,PARIS (intramuros),NON,9219,18:38,INTERNATIONAL,BELFORT-MONTBELIARD TGV,PABALZUR,FRTJA,16:20,FRPLY
6878,2023-06-10,BELFORT-MONTBELIARD TGV,NON,9219,20:26,INTERNATIONAL,ZUERICH HB,PABALZUR,CHAJD,18:41,FRTJA
6879,2023-06-10,BELFORT-MONTBELIARD TGV,NON,9219,19:26,INTERNATIONAL,BASEL SBB,PABALZUR,CHAJP,18:41,FRTJA
6880,2023-06-10,ZUERICH HB,NON,9210,11:58,INTERNATIONAL,DIJON VILLE,ZURBALPA,FRABA,09:34,CHAJD
6881,2023-06-10,BASEL SBB,NON,9210,13:38,INTERNATIONAL,PARIS (intramuros),ZURBALPA,FRPLY,10:34,CHAJP
6882,2023-06-10,CHAMBERY CHALLES LES EAUX,OUI,6978,17:38,SUD EST,MACON LOCHE TGV,ALPESPARIS,FRMLT,16:23,FRCMF
6883,2023-06-10,PARIS (intramuros),NON,6277,21:56,SUD EST,PERPIGNAN,PALANG,FRPGF,16:54,FRPLY
6884,2023-06-10,PARIS (intramuros),NON,6277,20:34,SUD EST,SETE,PALANG,FRXSY,16:54,FRPLY
6885,2023-06-10,VALENCE TGV RHONE-ALPES SUD,NON,6277,21:03,SUD EST,BEZIERS,PALANG,FRBZR,19:11,FRVLA
6886,2023-06-10,AGDE,OUI,6277,21:56,SUD EST,PERPIGNAN,PALANG,FRPGF,20:52,FRXAG
6887,2023-06-10,AGDE,OUI,6277,21:20,SUD EST,NARBONNE,PALANG,FRXNA,20:52,FRXAG
6888,2023-06-10,NIMES PONT DU GARD,NON,6277,21:20,SUD EST,NARBONNE,PALANG,FRXNA,19:53,FRXZP
6889,2023-06-10,NIMES PONT DU GARD,NON,6277,21:03,SUD EST,BEZIERS,PALANG,FRBZR,19:53,FRXZP
6890,2023-06-10,AIX EN PROVENCE TGV,NON,6801,11:06,SUD EST,NICE VILLE,JCPROVSUD,FRNIC,08:03,FRAIE
6891,2023-06-10,CANNES,OUI,6801,11:06,SUD EST,NICE VILLE,JCPROVSUD,FRNIC,10:39,FRJCA
6892,2023-06-10,LYON (intramuros),NON,6801,06:56,SUD EST,VALENCE TGV RHONE-ALPES SUD,JCPROVSUD,FRVLA,06:04,FRLPD
6893,2023-06-10,MARSEILLE ST CHARLES,NON,6801,10:47,SUD EST,ANTIBES,JCPROVSUD,FRXAT,08:28,FRMSC
6894,2023-06-10,VALENCE TGV RHONE-ALPES SUD,NON,6801,08:00,SUD EST,AIX EN PROVENCE TGV,JCPROVSUD,FRAIE,07:00,FRVLA
6895,2023-06-10,VALENCE TGV RHONE-ALPES SUD,NON,6801,10:35,SUD EST,CANNES,JCPROVSUD,FRJCA,07:00,FRVLA
6896,2023-06-10,VALENCE TGV RHONE-ALPES SUD,NON,6801,08:14,SUD EST,MARSEILLE ST CHARLES,JCPROVSUD,FRMSC,07:00,FRVLA
6897,2023-06-10,VALENCE TGV RHONE-ALPES SUD,NON,6801,09:49,SUD EST,LES ARCS DRAGUIGNAN,JCPROVSUD,FRXRS,07:00,FRVLA
6898,2023-06-10,ARRAS,NON,7522,15:08,NORD,PARIS (intramuros),ARRASPA,FRPNO,14:18,FRQRV
6899,2023-06-10,LE MANS,NON,8112,11:25,ATLANTIQUE,PARIS (intramuros),LOIREPARIS,FRPMO,10:26,FRAET
6900,2023-06-10,NANTES,OUI,8112,09:41,ATLANTIQUE,ANGERS ST LAUD,LOIREPARIS,FRACL,09:05,FRNTE
6901,2023-06-10,NANTES,NON,8112,11:25,ATLANTIQUE,PARIS (intramuros),LOIREPARIS,FRPMO,09:05,FRNTE
6902,2023-06-10,FRANKFURT MAIN HBF,NON,9554,11:39,INTERNATIONAL,MANNHEIM HBF,FRANCPA,DEMHG,10:56,DEFRH
6903,2023-06-10,MANNHEIM HBF,NON,9554,14:53,INTERNATIONAL,PARIS (intramuros),FRANCPA,FRPST,11:40,DEMHG
6904,2023-06-10,DAX,OUI,8541,16:03,ATLANTIQUE,BAYONNE,PASUDOUEST,FRXBY,15:32,FRACG
6905,2023-06-10,DAX,OUI,8541,16:32,ATLANTIQUE,ST JEAN DE LUZ CIBOURE,PASUDOUEST,FRXJZ,15:32,FRACG
6906,2023-06-10,BORDEAUX ST JEAN,OUI,8541,15:28,ATLANTIQUE,DAX,PASUDOUEST,FRACG,14:21,FRBOJ
6907,2023-06-10,PARIS (intramuros),NON,8541,14:15,ATLANTIQUE,BORDEAUX ST JEAN,PASUDOUEST,FRBOJ,12:08,FRPMO
6908,2023-06-10,AIX EN PROVENCE TGV,NON,9896,16:30,EST,AVIGNON TGV,JCRHONRHIN,FRAVG,16:11,FRAIE
6909,2023-06-10,AIX EN PROVENCE TGV,NON,9896,20:16,EST,BESANCON - F COMTE TGV,JCRHONRHIN,FRTJB,16:11,FRAIE
6910,2023-06-10,AVIGNON TGV,NON,9896,19:39,EST,DIJON VILLE,JCRHONRHIN,FRABA,16:33,FRAVG
6911,2023-06-10,AVIGNON TGV,NON,9896,20:16,EST,BESANCON - F COMTE TGV,JCRHONRHIN,FRTJB,16:33,FRAVG
6912,2023-06-10,MARSEILLE ST CHARLES,NON,9896,16:30,EST,AVIGNON TGV,JCRHONRHIN,FRAVG,15:56,FRMSC
6913,2023-06-10,BELFORT-MONTBELIARD TGV,OUI,9896,23:02,EST,METZ VILLE,JCRHONRHIN,FRADE,20:45,FRTJA
6914,2023-06-10,BESANCON - F COMTE TGV,OUI,9896,20:40,EST,BELFORT-MONTBELIARD TGV,JCRHONRHIN,FRTJA,20:19,FRTJB
6915,2023-06-10,VALENCE TGV RHONE-ALPES SUD,NON,9896,21:09,EST,MULHOUSE VILLE,JCRHONRHIN,FRAEK,17:13,FRVLA
6916,2023-06-10,DIJON VILLE,NON,2204,20:18,EST,STRASBOURG,JCRHONRHIN,FRAEG,17:50,FRABA
6917,2023-06-10,DIJON VILLE,NON,2204,18:17,EST,BESANCON - F COMTE TGV,JCRHONRHIN,FRTJB,17:50,FRABA
6918,2023-06-10,MULHOUSE VILLE,OUI,2204,19:41,EST,COLMAR,JCRHONRHIN,FRAEJ,19:12,FRAEK
6919,2023-06-10,NIMES,NON,2204,16:39,EST,MACON VILLE,JCRHONRHIN,FRHGU,14:23,FRFNI
6920,2023-06-10,NIMES,NON,2204,15:51,EST,LYON (intramuros),JCRHONRHIN,FRLPD,14:23,FRFNI
6921,2023-06-10,NIMES,NON,2204,18:17,EST,BESANCON - F COMTE TGV,JCRHONRHIN,FRTJB,14:23,FRFNI
6922,2023-06-10,MACON VILLE,NON,2204,18:17,EST,BESANCON - F COMTE TGV,JCRHONRHIN,FRTJB,16:41,FRHGU
6923,2023-06-10,LYON (intramuros),NON,2204,19:41,EST,COLMAR,JCRHONRHIN,FRAEJ,16:04,FRLPD
6924,2023-06-10,LYON (intramuros),NON,2204,19:09,EST,MULHOUSE VILLE,JCRHONRHIN,FRAEK,16:04,FRLPD
6925,2023-06-10,MONTPELLIER SAINT-ROCH,NON,2204,18:17,EST,BESANCON - F COMTE TGV,JCRHONRHIN,FRTJB,13:55,FRMPL
6926,2023-06-10,LILLE (intramuros),NON,9812,13:35,NORD,NIMES,JCNORDSUD,FRFNI,09:03,FRLLE
6927,2023-06-10,VALENCE TGV RHONE-ALPES SUD,NON,9812,13:35,NORD,NIMES,JCNORDSUD,FRFNI,12:50,FRVLA
6928,2023-06-10,PARIS (intramuros),NON,6627,19:56,SUD EST,LYON (intramuros),PARISRHONE,FRLPD,17:50,FRPLY
6929,2023-06-10,BRUXELLES MIDI BRUSSEL ZUID,OUI,9844,19:54,NORD,AEROPORT CDG2 TGV ROISSY,JCNORDSUD,FRMLW,18:17,BEBMI
6930,2023-06-10,CHAMPAGNE-ARDENNE,NON,2807,09:44,EST,METZ VILLE,PAMETZLUX,FRADE,08:56,FREAH
6931,2023-06-10,ANGERS ST LAUD,OUI,5351,11:19,SUD EST,NANTES,JCSUDATL,FRNTE,10:42,FRACL
6932,2023-06-10,LYON (intramuros),NON,5351,08:34,SUD EST,MASSY TGV,JCSUDATL,FRDJU,06:30,FRLPD
6933,2023-06-10,LYON (intramuros),NON,5351,08:34,SUD EST,MASSY TGV,JCSUDATL,FRDJU,06:16,FRLPE
6934,2023-06-10,STRASBOURG,OUI,2584,06:03,EST,SAVERNE,NANCYPA,FRSNE,05:41,FRAEG
6935,2023-06-10,ZUERICH HB,NON,9218,13:17,INTERNATIONAL,BELFORT-MONTBELIARD TGV,ZURBALPA,FRTJA,11:34,CHAJD
6936,2023-06-10,BASEL SBB,NON,9218,13:17,INTERNATIONAL,BELFORT-MONTBELIARD TGV,ZURBALPA,FRTJA,12:34,CHAJP
6937,2023-06-10,MULHOUSE VILLE,NON,9218,15:38,INTERNATIONAL,PARIS (intramuros),ZURBALPA,FRPLY,12:56,FRAEK
6938,2023-06-10,MULHOUSE VILLE,NON,9218,13:17,INTERNATIONAL,BELFORT-MONTBELIARD TGV,ZURBALPA,FRTJA,12:56,FRAEK
6939,2023-06-10,DIJON VILLE,NON,6704,15:08,SUD EST,PARIS (intramuros),BOURPA,FRPLY,13:27,FRABA
6940,2023-06-10,BESANCON - F COMTE TGV,NON,6704,14:02,SUD EST,MONTBARD,BOURPA,FRGWE,12:54,FRTJB
6941,2023-06-10,BORDEAUX ST JEAN,NON,8505,14:21,ATLANTIQUE,AGEN,PASUDOUEST,FRAGF,13:20,FRBOJ
6942,2023-06-10,LE CROISIC,OUI,8912,08:59,ATLANTIQUE,NANTES,LOIREPARIS,FRNTE,07:55,FREGU
6943,2023-06-10,LA BAULE ESCOUBLAC,NON,8912,10:23,ATLANTIQUE,LE MANS,LOIREPARIS,FRAET,08:07,FRJEE
6944,2023-06-10,LA BAULE ESCOUBLAC,OUI,8912,08:59,ATLANTIQUE,NANTES,LOIREPARIS,FRNTE,08:07,FRJEE
6945,2023-06-10,PARIS (intramuros),NON,9777,20:14,INTERNATIONAL,LAUSANNE,PAGENEVE,CHAJF,16:16,FRPLY
6946,2023-06-10,BOURG EN BRESSE,NON,9777,20:14,INTERNATIONAL,LAUSANNE,PAGENEVE,CHAJF,18:12,FRXBK
6947,2023-06-10,PAU,NON,14150,18:47,IC SRO,TARBES,SUDOUEST,FRXTB,18:05,FRAEE
6948,2023-06-10,PAU,NON,14150,20:27,IC SRO,TOULOUSE MATABIAU,SUDOUEST,FRXYT,18:05,FRAEE
6949,2023-06-10,ORTHEZ,NON,14150,18:47,IC SRO,TARBES,SUDOUEST,FRXTB,17:36,FRGFI
6950,2023-06-10,BAYONNE,NON,14150,18:47,IC SRO,TARBES,SUDOUEST,FRXTB,16:20,FRXBY
6951,2023-06-10,BAYONNE,NON,14150,20:27,IC SRO,TOULOUSE MATABIAU,SUDOUEST,FRXYT,16:20,FRXBY
6952,2023-06-10,AGEN,NON,4655,10:14,IC ARO,BEZIERS,TJOURSOSE,FRBZR,07:20,FRAGF
6953,2023-06-10,AGEN,NON,4655,13:05,IC ARO,MARSEILLE ST CHARLES,TJOURSOSE,FRMSC,07:20,FRAGF
6954,2023-06-10,AGEN,OUI,4655,08:37,IC ARO,TOULOUSE MATABIAU,TJOURSOSE,FRXYT,07:20,FRAGF
6955,2023-06-10,BEZIERS,NON,4655,13:05,IC ARO,MARSEILLE ST CHARLES,TJOURSOSE,FRMSC,10:17,FRBZR
6956,2023-06-10,CARCASSONNE,NON,4655,10:52,IC ARO,MONTPELLIER SAINT-ROCH,TJOURSOSE,FRMPL,09:29,FRCCF
6957,2023-06-10,CARCASSONNE,NON,4655,09:58,IC ARO,NARBONNE,TJOURSOSE,FRXNA,09:29,FRCCF
6958,2023-06-10,NIMES,NON,4655,13:05,IC ARO,MARSEILLE ST CHARLES,TJOURSOSE,FRMSC,11:23,FRFNI
6959,2023-06-10,MONTPELLIER SAINT-ROCH,NON,4655,11:20,IC ARO,NIMES,TJOURSOSE,FRFNI,10:56,FRMPL
6960,2023-06-10,NARBONNE,NON,4655,11:20,IC ARO,NIMES,TJOURSOSE,FRFNI,10:01,FRXNA
6961,2023-06-10,NARBONNE,NON,4655,10:52,IC ARO,MONTPELLIER SAINT-ROCH,TJOURSOSE,FRMPL,10:01,FRXNA
6962,2023-06-10,TOULOUSE MATABIAU,NON,4655,13:05,IC ARO,MARSEILLE ST CHARLES,TJOURSOSE,FRMSC,08:45,FRXYT
6963,2023-06-10,PARIS (intramuros),NON,2839,21:04,EST,METZ VILLE,PAMETZLUX,FRADE,19:40,FRPST
6964,2023-06-10,RIOM CHATEL GUYON,OUI,5983,22:34,IC ARO,CLERMONT FERRAND,PACLERMONT,FRCFE,22:25,FRRIO
6965,2023-06-10,PARIS (intramuros),OUI,7183,18:40,NORD,ARRAS,PAARRAS,FRQRV,17:52,FRPNO
6966,2023-06-10,MODANE,NON,9240,09:36,INTERNATIONAL,ST JEAN DE MAURIENNE ARVAN,ITALIEPA,FRHPN,09:13,FRAGR
6967,2023-06-10,CHAMBERY CHALLES LES EAUX,NON,9240,13:14,INTERNATIONAL,PARIS (intramuros),ITALIEPA,FRPLY,10:22,FRCMF
6968,2023-06-10,ST JEAN DE MAURIENNE ARVAN,NON,9240,10:15,INTERNATIONAL,CHAMBERY CHALLES LES EAUX,ITALIEPA,FRCMF,09:37,FRHPN
6969,2023-06-10,MILANO P GARIBALDI,NON,9240,09:36,INTERNATIONAL,ST JEAN DE MAURIENNE ARVAN,ITALIEPA,FRHPN,06:00,ITMPG
6970,2023-06-10,MILANO P GARIBALDI,NON,9240,11:40,INTERNATIONAL,MACON LOCHE TGV,ITALIEPA,FRMLT,06:00,ITMPG
6971,2023-06-10,MILANO P GARIBALDI,NON,9240,13:14,INTERNATIONAL,PARIS (intramuros),ITALIEPA,FRPLY,06:00,ITMPG
6972,2023-06-10,OULX CESANA CLAV SESTRIERE,NON,9240,09:36,INTERNATIONAL,ST JEAN DE MAURIENNE ARVAN,ITALIEPA,FRHPN,08:36,ITOCS
6973,2023-06-10,KAISERSLAUTERN HBF,NON,9559,22:17,INTERNATIONAL,MANNHEIM HBF,PAFRANC,DEMHG,21:36,DEKLT
6974,2023-06-10,FORBACH,NON,9559,20:57,INTERNATIONAL,SARREBRUCK/SAARBRUECKEN,PAFRANC,DESBK,20:49,FRBQT
6975,2023-06-10,PARIS (intramuros),NON,9559,21:34,INTERNATIONAL,KAISERSLAUTERN HBF,PAFRANC,DEKLT,19:07,FRPST
6976,2023-06-10,PARIS (intramuros),NON,9559,20:57,INTERNATIONAL,SARREBRUCK/SAARBRUECKEN,PAFRANC,DESBK,19:07,FRPST
6977,2023-06-10,MONTAUBAN VILLE BOURBON,NON,8502,07:32,ATLANTIQUE,AGEN,SUDOUESTPA,FRAGF,06:57,FRXMW
6978,2023-06-10,AUTERIVE,OUI,3972,06:08,IC NUIT,LES AUBRAIS ORLEANS,PALOMBEPAR,FRLAB,21:15,FRFPW
6979,2023-06-10,MERENS LES VALS,OUI,3972,07:18,IC NUIT,PARIS (intramuros),PALOMBEPAR,FRPAZ,19:26,FRFQH
6980,2023-06-10,TARASCON SUR ARIEGE,OUI,3972,06:08,IC NUIT,LES AUBRAIS ORLEANS,PALOMBEPAR,FRLAB,20:15,FRFQM
6981,2023-06-10,TARASCON SUR ARIEGE,OUI,3972,07:18,IC NUIT,PARIS (intramuros),PALOMBEPAR,FRPAZ,20:15,FRFQM
6982,2023-06-10,PAMIERS,OUI,3972,06:08,IC NUIT,LES AUBRAIS ORLEANS,PALOMBEPAR,FRLAB,20:49,FRPMS
6983,2023-06-10,PAMIERS,OUI,3972,07:18,IC NUIT,PARIS (intramuros),PALOMBEPAR,FRPAZ,20:49,FRPMS
6984,2023-06-10,FOIX,OUI,3972,07:18,IC NUIT,PARIS (intramuros),PALOMBEPAR,FRPAZ,20:33,FRXFX
6985,2023-06-10,LUZENAC GARANOU,OUI,3972,20:13,IC NUIT,TARASCON SUR ARIEGE,PALOMBEPAR,FRFQM,19:55,FRFQI
6986,2023-06-10,ANGERS ST LAUD,NON,5482,13:12,EST,STRASBOURG,JCATLEST,FRAEG,08:48,FRACL
6987,2023-06-10,ANGERS ST LAUD,NON,5482,11:52,EST,CHAMPAGNE-ARDENNE,JCATLEST,FREAH,08:48,FRACL
6988,2023-06-10,ANGERS ST LAUD,NON,5482,10:55,EST,MARNE LA VALLEE CHESSY,JCATLEST,FRMLV,08:48,FRACL
6989,2023-06-10,LE MANS,NON,5482,10:55,EST,MARNE LA VALLEE CHESSY,JCATLEST,FRMLV,09:30,FRAET
6990,2023-06-10,LE MANS,NON,5482,11:09,EST,AEROPORT CDG2 TGV ROISSY,JCATLEST,FRMLW,09:30,FRAET
6991,2023-06-10,MASSY TGV,NON,5482,11:52,EST,CHAMPAGNE-ARDENNE,JCATLEST,FREAH,10:26,FRDJU
6992,2023-06-10,CHAMPAGNE-ARDENNE,NON,5482,13:12,EST,STRASBOURG,JCATLEST,FRAEG,11:55,FREAH
6993,2023-06-10,MARNE LA VALLEE CHESSY,NON,5482,13:12,EST,STRASBOURG,JCATLEST,FRAEG,11:00,FRMLV
6994,2023-06-10,MARNE LA VALLEE CHESSY,NON,5482,11:52,EST,CHAMPAGNE-ARDENNE,JCATLEST,FREAH,11:00,FRMLV
6995,2023-06-10,AEROPORT CDG2 TGV ROISSY,NON,5482,11:52,EST,CHAMPAGNE-ARDENNE,JCATLEST,FREAH,11:22,FRMLW
6996,2023-06-10,NANTES,NON,5482,13:12,EST,STRASBOURG,JCATLEST,FRAEG,08:09,FRNTE
6997,2023-06-10,NIMES PONT DU GARD,OUI,6279,22:08,SUD EST,MONTPELLIER SUD DE FRANCE,PALANG,FRSUF,21:49,FRXZP
6998,2023-06-10,RENNES,OUI,8036,19:01,ATLANTIQUE,LAVAL,BRETAPARIS,FRACR,18:35,FRRNS
6999,2023-06-10,LORRAINE TGV,NON,2465,22:24,EST,STRASBOURG,PASTRAMULH,FRAEG,21:41,FREAM
7000,2023-06-10,LILLE (intramuros),OUI,7046,16:14,NORD,PARIS (intramuros),LILLEPA,FRPNO,15:12,FRADJ
7001,2023-06-10,BORDEAUX ST JEAN,OUI,8450,19:54,ATLANTIQUE,POITIERS,SUDOUESTPA,FRPIS,18:38,FRBOJ
7002,2023-06-10,POITIERS,OUI,8450,21:40,ATLANTIQUE,PARIS (intramuros),SUDOUESTPA,FRPMO,20:04,FRPIS
7003,2023-06-10,POITIERS,OUI,8450,20:35,ATLANTIQUE,ST PIERRE DES CORPS,SUDOUESTPA,FRXSH,20:04,FRPIS
7004,2023-06-10,ST PIERRE DES CORPS,OUI,8450,21:40,ATLANTIQUE,PARIS (intramuros),SUDOUESTPA,FRPMO,20:39,FRXSH
7005,2023-06-10,PARIS (intramuros),NON,6607,10:56,SUD EST,LYON (intramuros),PARISRHONE,FRLPD,08:58,FRPLY
7006,2023-06-10,DIJON VILLE,NON,6702,10:42,SUD EST,PARIS (intramuros),BOURPA,FRPLY,09:06,FRABA
7007,2023-06-10,MULHOUSE VILLE,NON,6702,08:08,SUD EST,BELFORT-MONTBELIARD TGV,BOURPA,FRTJA,07:46,FRAEK
7008,2023-06-10,PARIS (intramuros),NON,7365,12:39,NORD,HAZEBROUCK,PAARRAS,FRHZK,10:52,FRPNO
7009,2023-06-10,BORDEAUX ST JEAN,NON,3856,18:05,IC SRO,NANTES,BORDONANTE,FRNTE,13:53,FRBOJ
7010,2023-06-10,JONZAC,NON,3856,18:05,IC SRO,NANTES,BORDONANTE,FRNTE,14:41,FREMR
7011,2023-06-10,ROCHEFORT,NON,3856,16:58,IC SRO,LUCON,BORDONANTE,FRLCN,15:56,FRRCO
7012,2023-06-10,SAINTES,NON,3856,16:15,IC SRO,LA ROCHELLE VILLE,BORDONANTE,FRLRH,15:25,FRXST
7013,2023-06-10,SAINTES,NON,3856,17:22,IC SRO,LA ROCHE SUR YON,BORDONANTE,FRXRO,15:25,FRXST
7014,2023-06-10,ST BRIEUC,NON,8606,11:19,ATLANTIQUE,PARIS (intramuros),BRETAPARIS,FRPMO,08:40,FRSBK
7015,2023-06-10,LOURDES,OUI,8585,21:44,ATLANTIQUE,PARIS (intramuros),SUDOUESTPA,FRPMO,17:00,FRLDE
7016,2023-06-10,TARBES,OUI,8585,17:49,ATLANTIQUE,ORTHEZ,SUDOUESTPA,FRGFI,16:36,FRXTB
7017,2023-06-10,PARIS (intramuros),NON,6193,15:09,SUD EST,MONTELIMAR GARE SNCF,PAVDR,FRXMK,12:12,FRPLY
7018,2023-06-10,PARIS (intramuros),NON,6193,15:38,SUD EST,ORANGE,PAVDR,FRXOG,12:12,FRPLY
7019,2023-06-10,VALENCE VILLE,OUI,6193,15:56,SUD EST,AVIGNON CENTRE,PAVDR,FRAES,14:49,FRVAF
7020,2023-06-10,VALENCE VILLE,OUI,6193,15:09,SUD EST,MONTELIMAR GARE SNCF,PAVDR,FRXMK,14:49,FRVAF
7021,2023-06-10,LIMOGES BENEDICTINS,OUI,3684,20:09,IC ARO,CHATEAUROUX,TOULOUZECO,FRCHR,18:56,FRAGQ
7022,2023-06-10,LIMOGES BENEDICTINS,OUI,3684,20:45,IC ARO,VIERZON VILLE,TOULOUZECO,FRXVZ,18:56,FRAGQ
7023,2023-06-10,ARGENTON SUR CREUSE,OUI,3684,20:45,IC ARO,VIERZON VILLE,TOULOUZECO,FRXVZ,19:54,FRFMT
7024,2023-06-10,LA SOUTERRAINE,OUI,3684,19:53,IC ARO,ARGENTON SUR CREUSE,TOULOUZECO,FRFMT,19:30,FRLST
7025,2023-06-10,LA SOUTERRAINE,OUI,3684,22:21,IC ARO,PARIS (intramuros),TOULOUZECO,FRPAZ,19:30,FRLST
7026,2023-06-10,MARSEILLE ST CHARLES,OUI,6120,14:15,SUD EST,AIX EN PROVENCE TGV,PROVENCEPA,FRAIE,14:04,FRMSC
7027,2023-06-10,MARSEILLE ST CHARLES,NON,6120,17:30,SUD EST,PARIS (intramuros),PROVENCEPA,FRPLY,14:04,FRMSC
7028,2023-06-10,LYON (intramuros),OUI,6696,19:34,SUD EST,PARIS (intramuros),RHONEPARIS,FRPLY,17:38,FRLPD
7029,2023-06-10,LIMOGES BENEDICTINS,OUI,3635,17:03,IC ARO,BRIVE LA GAILLARDE,PALITO,FRBVE,16:03,FRAGQ
7030,2023-06-10,LIMOGES BENEDICTINS,OUI,3635,18:15,IC ARO,CAHORS,PALITO,FRZAO,16:03,FRAGQ
7031,2023-06-10,CHATEAUROUX,OUI,3635,15:00,IC ARO,ARGENTON SUR CREUSE,PALITO,FRFMT,14:45,FRCHR
7032,2023-06-10,CHATEAUROUX,OUI,3635,18:15,IC ARO,CAHORS,PALITO,FRZAO,14:45,FRCHR
7033,2023-06-10,LA SOUTERRAINE,OUI,3635,16:00,IC ARO,LIMOGES BENEDICTINS,PALITO,FRAGQ,15:26,FRLST
7034,2023-06-10,LA SOUTERRAINE,OUI,3635,17:03,IC ARO,BRIVE LA GAILLARDE,PALITO,FRBVE,15:26,FRLST
7035,2023-06-10,PARIS (intramuros),OUI,3635,16:00,IC ARO,LIMOGES BENEDICTINS,PALITO,FRAGQ,12:37,FRPAZ
7036,2023-06-10,PARIS (intramuros),OUI,3635,17:30,IC ARO,SOUILLAC,PALITO,FRSOU,12:37,FRPAZ
7037,2023-06-10,PARIS (intramuros),OUI,3635,18:15,IC ARO,CAHORS,PALITO,FRZAO,12:37,FRPAZ
7038,2023-06-10,SOUILLAC,OUI,3635,17:46,IC ARO,GOURDON,PALITO,FRFSI,17:32,FRSOU
7039,2023-06-10,VENDOME VILLIERS SUR LOIR,OUI,8333,14:11,ATLANTIQUE,CHATELLERAULT,PAROCHELLE,FRXCX,13:15,FRESL
7040,2023-06-10,PARIS (intramuros),NON,8333,14:29,ATLANTIQUE,FUTUROSCOPE,PAROCHELLE,FRTGO,12:28,FRPMO
7041,2023-06-10,ST PIERRE DES CORPS,OUI,8333,14:29,ATLANTIQUE,FUTUROSCOPE,PAROCHELLE,FRTGO,13:43,FRXSH
7042,2023-06-10,PAU,NON,14148,18:44,IC SRO,TOULOUSE MATABIAU,SUDOUEST,FRXYT,16:17,FRAEE
7043,2023-06-10,ORTHEZ,NON,14148,17:00,IC SRO,TARBES,SUDOUEST,FRXTB,15:52,FRGFI
7044,2023-06-10,ORTHEZ,NON,14148,18:44,IC SRO,TOULOUSE MATABIAU,SUDOUEST,FRXYT,15:52,FRGFI
7045,2023-06-10,LOURDES,NON,14148,17:29,IC SRO,LANNEMEZAN,SUDOUEST,FRLNZ,16:45,FRLDE
7046,2023-06-10,LOURDES,NON,14148,18:44,IC SRO,TOULOUSE MATABIAU,SUDOUEST,FRXYT,16:45,FRLDE
7047,2023-06-10,BAYONNE,NON,14148,15:50,IC SRO,ORTHEZ,SUDOUEST,FRGFI,15:08,FRXBY
7048,2023-06-10,BAYONNE,NON,14148,18:44,IC SRO,TOULOUSE MATABIAU,SUDOUEST,FRXYT,15:08,FRXBY
7049,2023-06-10,MULHOUSE VILLE,NON,9206,09:17,INTERNATIONAL,BELFORT-MONTBELIARD TGV,ZURBALPA,FRTJA,08:56,FRAEK
7050,2023-06-10,KAISERSLAUTERN HBF,NON,9553,16:17,INTERNATIONAL,MANNHEIM HBF,PAFRANC,DEMHG,15:37,DEKLT
7051,2023-06-10,MANNHEIM HBF,NON,9553,16:59,INTERNATIONAL,FRANKFURT MAIN HBF,PAFRANC,DEFRH,16:19,DEMHG
7052,2023-06-10,LAVAL,NON,8739,21:41,ATLANTIQUE,AURAY,PARISBRETA,FRXUY,19:58,FRACR
7053,2023-06-10,LORIENT,OUI,8739,22:13,ATLANTIQUE,QUIMPERLE,PARISBRETA,FRECO,22:02,FRLRT
7054,2023-06-10,PARIS (intramuros),NON,8739,22:45,ATLANTIQUE,QUIMPER,PARISBRETA,FRUIP,18:40,FRPMO
7055,2023-06-10,PARIS (intramuros),NON,8739,21:41,ATLANTIQUE,AURAY,PARISBRETA,FRXUY,18:40,FRPMO
7056,2023-06-10,RENNES,NON,8739,22:13,ATLANTIQUE,QUIMPERLE,PARISBRETA,FRECO,20:29,FRRNS
7057,2023-06-10,VANNES,OUI,8739,22:13,ATLANTIQUE,QUIMPERLE,PARISBRETA,FRECO,21:31,FRVNE
7058,2023-06-10,REDON,NON,8739,22:30,ATLANTIQUE,ROSPORDEN,PARISBRETA,FRRSP,21:05,FRXRN
7059,2023-06-10,REDON,NON,8739,21:28,ATLANTIQUE,VANNES,PARISBRETA,FRVNE,21:05,FRXRN
7060,2023-06-10,AURAY,OUI,8739,22:30,ATLANTIQUE,ROSPORDEN,PARISBRETA,FRRSP,21:44,FRXUY
7061,2023-06-10,AURAY,OUI,8739,22:45,ATLANTIQUE,QUIMPER,PARISBRETA,FRUIP,21:44,FRXUY
7062,2023-06-10,BORDEAUX ST JEAN,NON,8404,09:43,ATLANTIQUE,MASSY TGV,SUDOUESTPA,FRDJU,07:45,FRBOJ
7063,2023-06-10,MASSY TGV,NON,8404,09:57,ATLANTIQUE,PARIS (intramuros),SUDOUESTPA,FRPMO,09:46,FRDJU
7064,2023-06-10,PARIS (intramuros),NON,9781,21:30,INTERNATIONAL,GENEVE,PAGENEVE,CHGVA,18:16,FRPLY
7065,2023-06-10,PARIS (intramuros),NON,9781,20:35,INTERNATIONAL,NURIEUX,PAGENEVE,FRHQN,18:16,FRPLY
7066,2023-06-10,OFFENBOURG/OFFENBURG,OUI,9591,19:54,EST,LAHR SCHWARZW,PASTRAMULH,DEANL,19:44,DEZPA
7067,2023-06-10,NIMES,NON,5158,15:46,NORD,MARNE LA VALLEE CHESSY,JCSUDNORD,FRMLV,12:23,FRFNI
7068,2023-06-10,MONTPELLIER SAINT-ROCH,OUI,5158,13:06,NORD,VALENCE TGV RHONE-ALPES SUD,JCSUDNORD,FRVLA,11:56,FRMPL
7069,2023-06-10,VALENCE TGV RHONE-ALPES SUD,NON,5158,15:46,NORD,MARNE LA VALLEE CHESSY,JCSUDNORD,FRMLV,13:11,FRVLA
7070,2023-06-10,CLERMONT FERRAND,NON,5962,11:57,IC ARO,PARIS (intramuros),CLERMONTPA,FRPLY,08:31,FRCFE
7071,2023-06-10,RIOM CHATEL GUYON,NON,5962,09:58,IC ARO,NEVERS,CLERMONTPA,FRNVS,08:42,FRRIO
7072,2023-06-10,RIOM CHATEL GUYON,NON,5962,11:57,IC ARO,PARIS (intramuros),CLERMONTPA,FRPLY,08:42,FRRIO
7073,2023-06-10,RIOM CHATEL GUYON,OUI,5962,09:04,IC ARO,VICHY,CLERMONTPA,FRVHY,08:42,FRRIO
7074,2023-06-10,VICHY,NON,5962,09:58,IC ARO,NEVERS,CLERMONTPA,FRNVS,09:06,FRVHY
7075,2023-06-10,MOULINS SUR ALLIER,NON,5962,11:57,IC ARO,PARIS (intramuros),CLERMONTPA,FRPLY,09:31,FRXMU
7076,2023-06-10,COLMAR,NON,2356,12:31,EST,PARIS (intramuros),MULHSTRAPA,FRPST,10:01,FRAEJ
7077,2023-06-10,ARCACHON,OUI,8478,06:15,ATLANTIQUE,FACTURE BIGANOS,SUDOUESTPA,FRFAC,06:00,FRXAC
7078,2023-06-10,MANNHEIM HBF,NON,9551,12:59,INTERNATIONAL,FRANKFURT MAIN HBF,PAFRANC,DEFRH,12:19,DEMHG
7079,2023-06-10,PARIS (intramuros),NON,9551,10:56,INTERNATIONAL,SARREBRUCK/SAARBRUECKEN,PAFRANC,DESBK,09:06,FRPST
7080,2023-06-10,AURAY,OUI,8715,13:57,ATLANTIQUE,LORIENT,PARISBRETA,FRLRT,13:41,FRXUY
7081,2023-06-10,DOUAI,OUI,7142,21:08,NORD,PARIS (intramuros),ARRASPA,FRPNO,19:53,FRXDN
7082,2023-06-10,GUINGAMP,NON,8610,13:19,ATLANTIQUE,PARIS (intramuros),BRETAPARIS,FRPMO,10:18,FRGGP
7083,2023-06-10,LAMBALLE,NON,8610,11:29,ATLANTIQUE,RENNES,BRETAPARIS,FRRNS,10:48,FRLAM
7084,2023-06-10,MORLAIX,NON,8610,12:01,ATLANTIQUE,LAVAL,BRETAPARIS,FRACR,09:45,FRMXN
7085,2023-06-10,MORLAIX,NON,8610,13:19,ATLANTIQUE,PARIS (intramuros),BRETAPARIS,FRPMO,09:45,FRMXN
7086,2023-06-10,PLOUARET TREGOR,NON,8610,11:29,ATLANTIQUE,RENNES,BRETAPARIS,FRRNS,10:03,FRPLT
7087,2023-06-10,LANDERNEAU,NON,8610,11:29,ATLANTIQUE,RENNES,BRETAPARIS,FRRNS,09:22,FRXLD
7088,2023-06-10,ANGERS ST LAUD,OUI,8886,21:23,ATLANTIQUE,LE MANS,LOIREPARIS,FRAET,20:44,FRACL
7089,2023-06-10,LE MANS,NON,8886,22:25,ATLANTIQUE,PARIS (intramuros),LOIREPARIS,FRPMO,21:26,FRAET
7090,2023-06-10,MODANE,NON,9245,16:50,INTERNATIONAL,MILANO P GARIBALDI,PAITALIE,ITMPG,13:55,FRAGR
7091,2023-06-10,CHAMBERY CHALLES LES EAUX,NON,9245,16:50,INTERNATIONAL,MILANO P GARIBALDI,PAITALIE,ITMPG,12:44,FRCMF
7092,2023-06-10,ANGERS ST LAUD,NON,9886,08:20,NORD,MASSY TGV,JCBRETNORD,FRDJU,06:41,FRACL
7093,2023-06-10,LE MANS,OUI,9886,08:20,NORD,MASSY TGV,JCBRETNORD,FRDJU,07:30,FRAET
7094,2023-06-10,MASSY TGV,OUI,9886,09:10,NORD,AEROPORT CDG2 TGV ROISSY,JCBRETNORD,FRMLW,08:26,FRDJU
7095,2023-06-10,AEROPORT CDG2 TGV ROISSY,OUI,9886,11:01,NORD,BRUXELLES MIDI BRUSSEL ZUID,JCBRETNORD,BEBMI,09:16,FRMLW
7096,2023-06-10,AEROPORT CDG2 TGV ROISSY,OUI,9886,09:45,NORD,TGV HAUTE PICARDIE,JCBRETNORD,FRTHP,09:16,FRMLW
7097,2023-06-10,TGV HAUTE PICARDIE,OUI,9886,11:01,NORD,BRUXELLES MIDI BRUSSEL ZUID,JCBRETNORD,BEBMI,09:50,FRTHP
7098,2023-06-10,MASSY TGV,NON,5354,13:29,SUD EST,LE MANS,JCSUDATL,FRAET,12:39,FRDJU
7099,2023-06-10,LYON (intramuros),NON,5354,14:09,SUD EST,ANGERS ST LAUD,JCSUDATL,FRACL,10:30,FRLPD
7100,2023-06-10,LYON (intramuros),NON,5354,14:50,SUD EST,NANTES,JCSUDATL,FRNTE,10:16,FRLPE
7101,2023-06-10,PARIS (intramuros),NON,8881,18:54,ATLANTIQUE,NANTES,PARISLOIRE,FRNTE,16:36,FRPMO
7102,2023-06-10,MASSY TGV,NON,8472,19:25,ATLANTIQUE,PARIS (intramuros),SUDOUESTPA,FRPMO,19:13,FRDJU
7103,2023-06-10,FACTURE BIGANOS,OUI,8472,17:02,ATLANTIQUE,BORDEAUX ST JEAN,SUDOUESTPA,FRBOJ,16:41,FRFAC
7104,2023-06-10,CHAMBERY CHALLES LES EAUX,NON,6951,22:30,SUD EST,ANNECY,PARISALPES,FRNCY,21:49,FRCMF
7105,2023-06-10,MACON LOCHE TGV,NON,6951,22:00,SUD EST,AIX LES BAINS LE REVARD,PARISALPES,FRXAI,20:19,FRMLT
7106,2023-06-10,PARIS (intramuros),NON,6951,20:16,SUD EST,MACON LOCHE TGV,PARISALPES,FRMLT,18:44,FRPLY
7107,2023-06-10,DAX,OUI,8547,18:47,ATLANTIQUE,HENDAYE,PASUDOUEST,FRAEF,17:32,FRACG
7108,2023-06-10,BIARRITZ,OUI,8547,18:47,ATLANTIQUE,HENDAYE,PASUDOUEST,FRAEF,18:18,FRBIQ
7109,2023-06-10,BIARRITZ,OUI,8547,18:32,ATLANTIQUE,ST JEAN DE LUZ CIBOURE,PASUDOUEST,FRXJZ,18:18,FRBIQ
7110,2023-06-10,PARIS (intramuros),NON,8547,18:32,ATLANTIQUE,ST JEAN DE LUZ CIBOURE,PASUDOUEST,FRXJZ,14:03,FRPMO
7111,2023-06-10,BAYONNE,OUI,8547,18:47,ATLANTIQUE,HENDAYE,PASUDOUEST,FRAEF,18:06,FRXBY
7112,2023-06-10,BAYONNE,OUI,8547,18:32,ATLANTIQUE,ST JEAN DE LUZ CIBOURE,PASUDOUEST,FRXJZ,18:06,FRXBY
7113,2023-06-10,ST JEAN DE LUZ CIBOURE,OUI,8547,18:47,ATLANTIQUE,HENDAYE,PASUDOUEST,FRAEF,18:34,FRXJZ
7114,2023-06-10,DIJON VILLE,NON,6762,08:02,SUD EST,MONTBARD,BOURPA,FRGWE,07:26,FRABA
7115,2023-06-10,BESANCON VIOTTE,NON,6762,08:02,SUD EST,MONTBARD,BOURPA,FRGWE,06:36,FRABG
7116,2023-06-10,BESANCON VIOTTE,NON,6762,09:10,SUD EST,PARIS (intramuros),BOURPA,FRPLY,06:36,FRABG
7117,2023-06-10,BESANCON - F COMTE TGV,NON,6762,09:10,SUD EST,PARIS (intramuros),BOURPA,FRPLY,06:53,FRTJB
7118,2023-06-10,AVIGNON CENTRE,OUI,6198,21:46,SUD EST,PARIS (intramuros),VDRPA,FRPLY,18:04,FRAES
7119,2023-06-10,AVIGNON CENTRE,OUI,6198,19:10,SUD EST,VALENCE VILLE,VDRPA,FRVAF,18:04,FRAES
7120,2023-06-10,LYON-SAINT EXUPERY TGV,OUI,6198,21:46,SUD EST,PARIS (intramuros),VDRPA,FRPLY,19:57,FRJDQ
7121,2023-06-10,VALENCE VILLE,OUI,6198,19:46,SUD EST,LYON-SAINT EXUPERY TGV,VDRPA,FRJDQ,19:13,FRVAF
7122,2023-06-10,NIMES,NON,9713,13:34,SUD EST,SETE,PABARCELONE,FRXSY,12:49,FRFNI
7123,2023-06-10,PARIS (intramuros),NON,9713,14:24,SUD EST,NARBONNE,PABARCELONE,FRXNA,09:40,FRPLY
7124,2023-06-10,PARIS (intramuros),NON,9713,13:34,SUD EST,SETE,PABARCELONE,FRXSY,09:40,FRPLY
7125,2023-06-10,VALENCE TGV RHONE-ALPES SUD,NON,9713,12:45,SUD EST,NIMES,PABARCELONE,FRFNI,12:00,FRVLA
7126,2023-06-10,VALENCE TGV RHONE-ALPES SUD,NON,9713,13:15,SUD EST,MONTPELLIER SAINT-ROCH,PABARCELONE,FRMPL,12:00,FRVLA
7127,2023-06-10,BEZIERS,NON,9713,16:34,SUD EST,BARCELONA SANTS,PABARCELONE,ESBST,14:10,FRBZR
7128,2023-06-10,NIMES,NON,9713,16:34,SUD EST,BARCELONA SANTS,PABARCELONE,ESBST,12:49,FRFNI
7129,2023-06-10,SETE,NON,9713,16:34,SUD EST,BARCELONA SANTS,PABARCELONE,ESBST,13:37,FRXSY
7130,2023-06-10,NARBONNE,NON,9713,15:46,SUD EST,GIRONA,PABARCELONE,ESGRO,14:27,FRXNA
7131,2023-06-10,AGDE,NON,9713,15:46,SUD EST,GIRONA,PABARCELONE,ESGRO,13:55,FRXAG
7132,2023-06-10,MONTPELLIER SAINT-ROCH,NON,9713,15:27,SUD EST,FIGUERES VILA TGV,PABARCELONE,ESFIR,13:20,FRMPL
7133,2023-06-10,NARBONNE,NON,9713,15:27,SUD EST,FIGUERES VILA TGV,PABARCELONE,ESFIR,14:27,FRXNA
7134,2023-06-10,AGDE,NON,9713,15:27,SUD EST,FIGUERES VILA TGV,PABARCELONE,ESFIR,13:55,FRXAG
7135,2023-06-10,NIORT,OUI,8393,22:02,ATLANTIQUE,SURGERES,PAROCHELLE,FREIP,21:44,FRNIT
7136,2023-06-10,POITIERS,OUI,8393,22:02,ATLANTIQUE,SURGERES,PAROCHELLE,FREIP,20:58,FRPIS
7137,2023-06-10,PARIS (intramuros),NON,8393,20:55,ATLANTIQUE,POITIERS,PAROCHELLE,FRPIS,19:16,FRPMO
7138,2023-06-10,NARBONNE,OUI,6875,21:52,SUD EST,LYON (intramuros),JCSUDPROV,FRLPD,18:59,FRXNA
7139,2023-06-10,NARBONNE,OUI,6875,21:10,SUD EST,VALENCE TGV RHONE-ALPES SUD,JCSUDPROV,FRVLA,18:59,FRXNA
7140,2023-06-10,NARBONNE,OUI,6875,19:36,SUD EST,SETE,JCSUDPROV,FRXSY,18:59,FRXNA
7141,2023-06-10,TOULOUSE MATABIAU,OUI,6875,20:30,SUD EST,NIMES PONT DU GARD,JCSUDPROV,FRXZP,17:43,FRXYT
7142,2023-06-10,BEZIERS,OUI,6875,20:30,SUD EST,NIMES PONT DU GARD,JCSUDPROV,FRXZP,19:15,FRBZR
7143,2023-06-10,ANGOULEME,NON,8488,19:33,ATLANTIQUE,PARIS (intramuros),SUDOUESTPA,FRPMO,17:26,FRANG
7144,2023-06-10,BORDEAUX ST JEAN,NON,8488,19:33,ATLANTIQUE,PARIS (intramuros),SUDOUESTPA,FRPMO,16:15,FRBOJ
7145,2023-06-10,BORDEAUX ST JEAN,OUI,8488,16:39,ATLANTIQUE,LIBOURNE,SUDOUESTPA,FRXLR,16:15,FRBOJ
7146,2023-06-10,AIX EN PROVENCE TGV,NON,9866,12:45,NORD,AVIGNON TGV,JCSUDNORD,FRAVG,12:26,FRAIE
7147,2023-06-10,AIX EN PROVENCE TGV,NON,9866,16:57,NORD,LILLE (intramuros),JCSUDNORD,FRLLE,12:26,FRAIE
7148,2023-06-10,LYON (intramuros),NON,9866,17:43,NORD,BRUXELLES MIDI BRUSSEL ZUID,JCSUDNORD,BEBMI,14:00,FRLPD
7149,2023-06-10,MARSEILLE ST CHARLES,NON,9866,12:45,NORD,AVIGNON TGV,JCSUDNORD,FRAVG,12:12,FRMSC
7150,2023-06-10,MARSEILLE ST CHARLES,NON,9866,15:46,NORD,MARNE LA VALLEE CHESSY,JCSUDNORD,FRMLV,12:12,FRMSC
7151,2023-06-10,AIX EN PROVENCE TGV,NON,6850,18:14,SUD EST,AVIGNON TGV,JCSUDPROV,FRAVG,17:55,FRAIE
7152,2023-06-10,AVIGNON TGV,OUI,6850,19:24,SUD EST,LYON (intramuros),JCSUDPROV,FRLPD,18:17,FRAVG
7153,2023-06-10,CANNES,OUI,6850,17:19,SUD EST,MARSEILLE ST CHARLES,JCSUDPROV,FRMSC,15:09,FRJCA
7154,2023-06-10,NICE VILLE,OUI,6850,14:53,SUD EST,ANTIBES,JCSUDPROV,FRXAT,14:40,FRNIC
7155,2023-06-10,ANTIBES,NON,6850,18:14,SUD EST,AVIGNON TGV,JCSUDPROV,FRAVG,14:56,FRXAT
7156,2023-06-10,ANTIBES,NON,6850,19:24,SUD EST,LYON (intramuros),JCSUDPROV,FRLPD,14:56,FRXAT
7157,2023-06-10,ST RAPHAEL VALESCURE,NON,6850,19:24,SUD EST,LYON (intramuros),JCSUDPROV,FRLPD,15:34,FRXSK
7158,2023-06-10,PARIS (intramuros),NON,2735,14:11,EST,REIMS,PABARSED,FRRHE,13:25,FRPST
7159,2023-06-10,BREST,NON,8630,18:09,ATLANTIQUE,PARIS (intramuros),BRETAPARIS,FRPMO,14:14,FRBES
7160,2023-06-10,BREST,NON,8630,16:29,ATLANTIQUE,RENNES,BRETAPARIS,FRRNS,14:14,FRBES
7161,2023-06-10,GUINGAMP,NON,8630,18:09,ATLANTIQUE,PARIS (intramuros),BRETAPARIS,FRPMO,15:19,FRGGP
7162,2023-06-10,LAMBALLE,NON,8630,16:29,ATLANTIQUE,RENNES,BRETAPARIS,FRRNS,15:48,FRLAM
7163,2023-06-10,MORLAIX,OUI,8630,15:01,ATLANTIQUE,PLOUARET TREGOR,BRETAPARIS,FRPLT,14:46,FRMXN
7164,2023-06-10,PLOUARET TREGOR,OUI,8630,15:17,ATLANTIQUE,GUINGAMP,BRETAPARIS,FRGGP,15:04,FRPLT
7165,2023-06-10,PLOUARET TREGOR,NON,8630,16:29,ATLANTIQUE,RENNES,BRETAPARIS,FRRNS,15:04,FRPLT
7166,2023-06-10,ST BRIEUC,NON,8630,18:09,ATLANTIQUE,PARIS (intramuros),BRETAPARIS,FRPMO,15:36,FRSBK
7167,2023-06-10,RENNES,OUI,8619,15:13,ATLANTIQUE,ST BRIEUC,PARISBRETA,FRSBK,14:29,FRRNS
7168,2023-06-10,BRUXELLES MIDI BRUSSEL ZUID,NON,9874,17:37,NORD,STRASBOURG,JCNORDEST,FRAEG,13:17,BEBMI
7169,2023-06-10,BRUXELLES MIDI BRUSSEL ZUID,NON,9874,16:48,NORD,LORRAINE TGV,JCNORDEST,FREAM,13:17,BEBMI
7170,2023-06-10,LILLE (intramuros),NON,9874,15:09,NORD,MARNE LA VALLEE CHESSY,JCNORDEST,FRMLV,14:03,FRLLE
7171,2023-06-10,LILLE (intramuros),OUI,9874,14:53,NORD,AEROPORT CDG2 TGV ROISSY,JCNORDEST,FRMLW,14:03,FRLLE
7172,2023-06-10,ANGERS ST LAUD,OUI,8874,14:23,ATLANTIQUE,LE MANS,LOIREPARIS,FRAET,13:44,FRACL
7173,2023-06-10,NANTES,OUI,8874,13:41,ATLANTIQUE,ANGERS ST LAUD,LOIREPARIS,FRACL,13:05,FRNTE
7174,2023-06-10,NANTES,OUI,8874,15:25,ATLANTIQUE,PARIS (intramuros),LOIREPARIS,FRPMO,13:05,FRNTE
7175,2023-06-10,QUIMPERLE,NON,8710,13:19,ATLANTIQUE,PARIS (intramuros),BRETAPARIS,FRPMO,09:38,FRECO
7176,2023-06-10,QUIMPERLE,OUI,8710,10:20,ATLANTIQUE,VANNES,BRETAPARIS,FRVNE,09:38,FRECO
7177,2023-06-10,LORIENT,NON,8710,10:48,ATLANTIQUE,REDON,BRETAPARIS,FRXRN,09:52,FRLRT
7178,2023-06-10,ROSPORDEN,NON,8710,12:01,ATLANTIQUE,LAVAL,BRETAPARIS,FRACR,09:23,FRRSP
7179,2023-06-10,ROSPORDEN,OUI,8710,10:07,ATLANTIQUE,AURAY,BRETAPARIS,FRXUY,09:23,FRRSP
7180,2023-06-10,QUIMPER,NON,8710,11:25,ATLANTIQUE,RENNES,BRETAPARIS,FRRNS,09:09,FRUIP
7181,2023-06-10,QUIMPER,OUI,8710,10:07,ATLANTIQUE,AURAY,BRETAPARIS,FRXUY,09:09,FRUIP
7182,2023-06-10,AURAY,NON,8710,13:19,ATLANTIQUE,PARIS (intramuros),BRETAPARIS,FRPMO,10:10,FRXUY
7183,2023-06-10,AURAY,OUI,8710,10:20,ATLANTIQUE,VANNES,BRETAPARIS,FRVNE,10:10,FRXUY
7184,2023-06-10,STRASBOURG,OUI,2450,19:03,EST,PARIS (intramuros),MULHSTRAPA,FRPST,17:18,FRAEG
7185,2023-06-10,NEVERS,OUI,5959,16:23,IC ARO,RIOM CHATEL GUYON,PACLERMONT,FRRIO,14:59,FRNVS
7186,2023-06-10,PARIS (intramuros),NON,2377,21:06,EST,SELESTAT,PASTRAMULH,FRXSQ,18:55,FRPST
7187,2023-06-10,NANTES,OUI,8122,17:25,ATLANTIQUE,PARIS (intramuros),LOIREPARIS,FRPMO,15:05,FRNTE
7188,2023-06-10,PARIS (intramuros),NON,6503,13:35,SUD EST,BELLEGARDE,PARISALPES,FRXBF,10:28,FRPLY
7189,2023-06-10,ANNEMASSE,NON,6503,15:06,SUD EST,THONON LES BAINS,PARISALPES,FRXTS,14:26,FRQNJ
7190,2023-06-10,BELLEGARDE,NON,6503,15:17,SUD EST,EVIAN LES BAINS,PARISALPES,FRXEB,13:43,FRXBF
7191,2023-06-10,THONON LES BAINS,NON,6503,15:17,SUD EST,EVIAN LES BAINS,PARISALPES,FRXEB,15:09,FRXTS
7192,2023-06-10,NANTES,OUI,8804,09:12,ATLANTIQUE,PARIS (intramuros),LOIREPARIS,FRPMO,07:05,FRNTE
7193,2023-06-10,SABLE SUR SARTHE,NON,8803,09:13,ATLANTIQUE,ANGERS ST LAUD,PARISLOIRE,FRACL,08:54,FRSAB
7194,2023-06-10,POITIERS,OUI,8447,18:44,ATLANTIQUE,BORDEAUX ST JEAN,PASUDOUEST,FRBOJ,17:27,FRPIS
7195,2023-06-10,PARIS (intramuros),OUI,8447,18:44,ATLANTIQUE,BORDEAUX ST JEAN,PASUDOUEST,FRBOJ,16:03,FRPMO
7196,2023-06-10,PARIS (intramuros),OUI,8447,17:24,ATLANTIQUE,POITIERS,PASUDOUEST,FRPIS,16:03,FRPMO
7197,2023-06-10,PARIS (intramuros),NON,6931,09:36,SUD EST,CHAMBERY CHALLES LES EAUX,PARISALPES,FRCMF,06:44,FRPLY
7198,2023-06-10,PARIS (intramuros),NON,6931,09:59,SUD EST,AIX LES BAINS LE REVARD,PARISALPES,FRXAI,06:44,FRPLY
7199,2023-06-10,NANCY,NON,2596,09:46,EST,PARIS (intramuros),NANCYPA,FRPST,08:16,FRENC
7200,2023-06-10,STRASBOURG,NON,9593,13:26,INTERNATIONAL,KARLSRUHE HBF,PASTUTMUN,DEQKA,12:46,FRAEG
7201,2023-06-10,ANGERS ST LAUD,OUI,8985,22:19,ATLANTIQUE,LES SABLES D'OLONNE,PARISLOIRE,FRLSO,20:19,FRACL
7202,2023-06-10,ANGERS ST LAUD,OUI,8985,21:50,ATLANTIQUE,LA ROCHE SUR YON,PARISLOIRE,FRXRO,20:19,FRACL
7203,2023-06-10,NANTES,OUI,8985,21:50,ATLANTIQUE,LA ROCHE SUR YON,PARISLOIRE,FRXRO,21:10,FRNTE
7204,2023-06-10,LA ROCHELLE VILLE,NON,3831,11:10,IC SRO,JONZAC,NANTEBORDO,FREMR,09:43,FRLRH
7205,2023-06-10,LA ROCHELLE VILLE,NON,3831,10:32,IC SRO,SAINTES,NANTEBORDO,FRXST,09:43,FRLRH
7206,2023-06-10,NANTES,NON,3831,09:39,IC SRO,LA ROCHELLE VILLE,NANTEBORDO,FRLRH,07:55,FRNTE
7207,2023-06-10,LA ROCHE SUR YON,NON,3831,11:10,IC SRO,JONZAC,NANTEBORDO,FREMR,08:36,FRXRO
7208,2023-06-10,KARLSRUHE HBF,NON,9570,20:13,INTERNATIONAL,STRASBOURG,MUNSTUTPA,FRAEG,19:32,DEQKA
7209,2023-06-10,KARLSRUHE HBF,NON,9570,22:05,INTERNATIONAL,PARIS (intramuros),MUNSTUTPA,FRPST,19:32,DEQKA
7210,2023-06-10,STUTTGART HBF,NON,9570,19:30,INTERNATIONAL,KARLSRUHE HBF,MUNSTUTPA,DEQKA,18:52,DESGT
7211,2023-06-10,STUTTGART HBF,NON,9570,22:05,INTERNATIONAL,PARIS (intramuros),MUNSTUTPA,FRPST,18:52,DESGT
7212,2023-06-10,POITIERS,NON,8483,09:45,ATLANTIQUE,LIBOURNE,PASUDOUEST,FRXLR,08:23,FRPIS
7213,2023-06-10,PARIS (intramuros),NON,8483,08:10,ATLANTIQUE,POITIERS,PASUDOUEST,FRPIS,06:49,FRPMO
7214,2023-06-10,LAMBALLE,NON,8615,14:49,ATLANTIQUE,BREST,PARISBRETA,FRBES,13:10,FRLAM
7215,2023-06-10,LAMBALLE,NON,8615,14:12,ATLANTIQUE,MORLAIX,PARISBRETA,FRMXN,13:10,FRLAM
7216,2023-06-10,LAMBALLE,NON,8615,13:53,ATLANTIQUE,PLOUARET TREGOR,PARISBRETA,FRPLT,13:10,FRLAM
7217,2023-06-10,PARIS (intramuros),NON,8615,13:37,ATLANTIQUE,GUINGAMP,PARISBRETA,FRGGP,10:53,FRPMO
7218,2023-06-10,RENNES,NON,8615,14:12,ATLANTIQUE,MORLAIX,PARISBRETA,FRMXN,12:32,FRRNS
7219,2023-06-10,RENNES,NON,8615,13:53,ATLANTIQUE,PLOUARET TREGOR,PARISBRETA,FRPLT,12:32,FRRNS
7220,2023-06-10,RENNES,NON,8615,13:20,ATLANTIQUE,ST BRIEUC,PARISBRETA,FRSBK,12:32,FRRNS
7221,2023-06-10,ST BRIEUC,NON,8615,13:37,ATLANTIQUE,GUINGAMP,PARISBRETA,FRGGP,13:23,FRSBK
7222,2023-06-10,BASEL SBB,NON,9213,16:26,INTERNATIONAL,ZUERICH HB,PABALZUR,CHAJD,15:33,CHAJP
7223,2023-06-10,MULHOUSE VILLE,NON,9213,16:26,INTERNATIONAL,ZUERICH HB,PABALZUR,CHAJD,15:06,FRAEK
7224,2023-06-10,PARIS (intramuros),NON,9213,13:57,INTERNATIONAL,DIJON VILLE,PABALZUR,FRABA,12:20,FRPLY
7225,2023-06-10,VENDOME VILLIERS SUR LOIR,OUI,8313,17:43,ATLANTIQUE,TOURS,PAROCHELLE,FRAFW,17:16,FRESL
7226,2023-06-10,ST PIERRE DES CORPS,OUI,8313,17:43,ATLANTIQUE,TOURS,PAROCHELLE,FRAFW,17:38,FRXSH
7227,2023-06-10,MASSY TGV,NON,5210,11:17,NORD,RENNES,JCNORDBRET,FRRNS,09:39,FRDJU
7228,2023-06-10,LILLE (intramuros),NON,5210,08:57,NORD,MARNE LA VALLEE CHESSY,JCNORDBRET,FRMLV,07:52,FRLLE
7229,2023-06-10,AEROPORT CDG2 TGV ROISSY,NON,5210,10:29,NORD,LE MANS,JCNORDBRET,FRAET,08:48,FRMLW
7230,2023-06-10,MASSY TGV,NON,9832,19:50,NORD,NANTES,JCNORDBRET,FRNTE,17:39,FRDJU
7231,2023-06-10,LILLE (intramuros),NON,9832,18:29,NORD,LE MANS,JCNORDBRET,FRAET,15:52,FRLLE
7232,2023-06-10,LILLE (intramuros),NON,9832,17:33,NORD,MASSY TGV,JCNORDBRET,FRDJU,15:52,FRLLE
7233,2023-06-10,LILLE (intramuros),NON,9832,16:58,NORD,MARNE LA VALLEE CHESSY,JCNORDBRET,FRMLV,15:52,FRLLE
7234,2023-06-10,LILLE (intramuros),OUI,9832,16:43,NORD,AEROPORT CDG2 TGV ROISSY,JCNORDBRET,FRMLW,15:52,FRLLE
7235,2023-06-10,MARNE LA VALLEE CHESSY,NON,9832,17:33,NORD,MASSY TGV,JCNORDBRET,FRDJU,17:02,FRMLV
7236,2023-06-10,AEROPORT CDG2 TGV ROISSY,NON,9832,17:33,NORD,MASSY TGV,JCNORDBRET,FRDJU,16:49,FRMLW
7237,2023-06-10,BRUXELLES MIDI BRUSSEL ZUID,NON,9832,18:29,NORD,LE MANS,JCNORDBRET,FRAET,15:03,BEBMI
7238,2023-06-10,BRUXELLES MIDI BRUSSEL ZUID,NON,9832,19:09,NORD,ANGERS ST LAUD,JCNORDBRET,FRACL,15:03,BEBMI
7239,2023-06-10,PARIS (intramuros),NON,9211,14:26,INTERNATIONAL,ZUERICH HB,PABALZUR,CHAJD,10:20,FRPLY
7240,2023-06-10,ST MAIXENT DEUX SEVRES,OUI,8378,16:57,ATLANTIQUE,PARIS (intramuros),ROCHELLEPA,FRPMO,14:46,FREJC
7241,2023-06-10,LA ROCHELLE VILLE,OUI,8378,14:05,ATLANTIQUE,SURGERES,ROCHELLEPA,FREIP,13:47,FRLRH
7242,2023-06-10,LA ROCHELLE VILLE,OUI,8378,15:50,ATLANTIQUE,ST PIERRE DES CORPS,ROCHELLEPA,FRXSH,13:47,FRLRH
7243,2023-06-10,NIORT,OUI,8378,15:16,ATLANTIQUE,POITIERS,ROCHELLEPA,FRPIS,14:29,FRNIT
7244,2023-06-10,NIORT,OUI,8378,15:50,ATLANTIQUE,ST PIERRE DES CORPS,ROCHELLEPA,FRXSH,14:29,FRNIT
7245,2023-06-10,ST PIERRE DES CORPS,OUI,8378,16:57,ATLANTIQUE,PARIS (intramuros),ROCHELLEPA,FRPMO,15:54,FRXSH
7246,2023-06-10,LOURDES,NON,14143,13:57,IC SRO,PAU,SUDOUEST,FRAEE,13:32,FRLDE
7247,2023-06-10,TOULOUSE MATABIAU,NON,14143,13:57,IC SRO,PAU,SUDOUEST,FRAEE,11:35,FRXYT
7248,2023-06-10,TOULOUSE MATABIAU,NON,14143,15:05,IC SRO,BAYONNE,SUDOUEST,FRXBY,11:35,FRXYT
7249,2023-06-10,NEVERS,OUI,5955,12:01,IC ARO,VICHY,PACLERMONT,FRVHY,10:59,FRNVS
7250,2023-06-10,PARIS (intramuros),OUI,5955,10:57,IC ARO,NEVERS,PACLERMONT,FRNVS,08:54,FRPLY
7251,2023-06-10,PARIS (intramuros),OUI,6925,21:13,SUD EST,GRENOBLE,PAGRENOBLE,FRGNB,18:12,FRPLY
7252,2023-06-10,HENDAYE,OUI,8544,16:51,ATLANTIQUE,BAYONNE,SUDOUESTPA,FRXBY,16:12,FRAEF
7253,2023-06-10,BORDEAUX ST JEAN,NON,8544,20:58,ATLANTIQUE,PARIS (intramuros),SUDOUESTPA,FRPMO,18:46,FRBOJ
7254,2023-06-10,BAYONNE,NON,8544,20:58,ATLANTIQUE,PARIS (intramuros),SUDOUESTPA,FRPMO,16:54,FRXBY
7255,2023-06-10,ST JEAN DE LUZ CIBOURE,OUI,8544,16:51,ATLANTIQUE,BAYONNE,SUDOUESTPA,FRXBY,16:26,FRXJZ
7256,2023-06-10,LYON (intramuros),OUI,9852,08:56,NORD,LILLE (intramuros),JCSUDNORD,FRLLE,05:37,FRLPE
7257,2023-06-10,AEROPORT CDG2 TGV ROISSY,OUI,9852,09:43,NORD,BRUXELLES MIDI BRUSSEL ZUID,JCSUDNORD,BEBMI,08:07,FRMLW
7258,2023-06-10,LE CREUSOT MONTCEAU MONTCHANIN,OUI,9852,09:43,NORD,BRUXELLES MIDI BRUSSEL ZUID,JCSUDNORD,BEBMI,06:34,FRXCC
7259,2023-06-10,LE CREUSOT MONTCEAU MONTCHANIN,OUI,9852,07:46,NORD,MARNE LA VALLEE CHESSY,JCSUDNORD,FRMLV,06:34,FRXCC
7260,2023-06-10,LE CREUSOT MONTCEAU MONTCHANIN,OUI,9852,08:01,NORD,AEROPORT CDG2 TGV ROISSY,JCSUDNORD,FRMLW,06:34,FRXCC
7261,2023-06-10,ST PIERRE DES CORPS,OUI,8485,17:42,ATLANTIQUE,BORDEAUX ST JEAN,PASUDOUEST,FRBOJ,15:21,FRXSH
7262,2023-06-10,AVIGNON TGV,NON,6122,18:22,SUD EST,PARIS (intramuros),PROVENCEPA,FRPLY,15:38,FRAVG
7263,2023-06-10,MARSEILLE ST CHARLES,NON,6122,15:13,SUD EST,AIX EN PROVENCE TGV,PROVENCEPA,FRAIE,15:02,FRMSC
7264,2023-06-10,LORIENT,NON,8706,11:19,ATLANTIQUE,PARIS (intramuros),BRETAPARIS,FRPMO,07:56,FRLRT
7265,2023-06-10,LORIENT,NON,8706,09:25,ATLANTIQUE,RENNES,BRETAPARIS,FRRNS,07:56,FRLRT
7266,2023-06-10,LORIENT,OUI,8706,08:24,ATLANTIQUE,VANNES,BRETAPARIS,FRVNE,07:56,FRLRT
7267,2023-06-10,RENNES,NON,8706,10:01,ATLANTIQUE,LAVAL,BRETAPARIS,FRACR,09:35,FRRNS
7268,2023-06-10,QUIMPER,OUI,8706,08:24,ATLANTIQUE,VANNES,BRETAPARIS,FRVNE,07:21,FRUIP
7269,2023-06-10,QUIMPER,OUI,8706,08:11,ATLANTIQUE,AURAY,BRETAPARIS,FRXUY,07:21,FRUIP
7270,2023-06-10,LAVAL,NON,8605,11:21,ATLANTIQUE,ST BRIEUC,PARISBRETA,FRSBK,09:58,FRACR
7271,2023-06-10,GUINGAMP,OUI,8605,12:08,ATLANTIQUE,MORLAIX,PARISBRETA,FRMXN,11:41,FRGGP
7272,2023-06-10,CHAMBERY CHALLES LES EAUX,NON,9241,10:52,INTERNATIONAL,MODANE,PAITALIE,FRAGR,09:44,FRCMF
7273,2023-06-10,CHAMBERY CHALLES LES EAUX,NON,9241,13:49,INTERNATIONAL,MILANO P GARIBALDI,PAITALIE,ITMPG,09:44,FRCMF
7274,2023-06-10,PARIS (intramuros),NON,9241,08:17,INTERNATIONAL,MACON LOCHE TGV,PAITALIE,FRMLT,06:44,FRPLY
7275,2023-06-10,PARIS (intramuros),NON,9241,11:23,INTERNATIONAL,OULX CESANA CLAV SESTRIERE,PAITALIE,ITOCS,06:44,FRPLY
7276,2023-06-10,BRUXELLES MIDI BRUSSEL ZUID,NON,9870,09:28,NORD,CHAMPAGNE-ARDENNE,JCNORDEST,FREAH,07:17,BEBMI
7277,2023-06-10,CHAMPAGNE-ARDENNE,NON,9870,10:00,NORD,MEUSE TGV,JCNORDEST,FREAJ,09:34,FREAH
7278,2023-06-10,MEUSE TGV,NON,9870,11:05,NORD,STRASBOURG,JCNORDEST,FRAEG,10:07,FREAJ
7279,2023-06-10,LORRAINE TGV,NON,9870,11:05,NORD,STRASBOURG,JCNORDEST,FRAEG,10:28,FREAM
7280,2023-06-10,LILLE (intramuros),NON,9870,10:25,NORD,LORRAINE TGV,JCNORDEST,FREAM,08:02,FRLLE
7281,2023-06-10,BRUXELLES MIDI BRUSSEL ZUID,NON,9870,10:00,NORD,MEUSE TGV,JCNORDEST,FREAJ,07:17,BEBMI
7282,2023-06-10,ANTIBES,OUI,6173,14:58,SUD EST,NICE VILLE,PAAZUR,FRNIC,14:42,FRXAT
7283,2023-06-10,AIX EN PROVENCE TGV,NON,9868,19:57,NORD,LILLE (intramuros),JCSUDNORD,FRLLE,15:24,FRAIE
7284,2023-06-10,AVIGNON TGV,NON,9868,16:53,NORD,LYON (intramuros),JCSUDNORD,FRLPD,15:46,FRAVG
7285,2023-06-10,MARNE LA VALLEE CHESSY,OUI,9868,19:57,NORD,LILLE (intramuros),JCSUDNORD,FRLLE,18:51,FRMLV
7286,2023-06-10,MARNE LA VALLEE CHESSY,OUI,9868,19:01,NORD,AEROPORT CDG2 TGV ROISSY,JCSUDNORD,FRMLW,18:51,FRMLV
7287,2023-06-10,AEROPORT CDG2 TGV ROISSY,OUI,9868,19:57,NORD,LILLE (intramuros),JCSUDNORD,FRLLE,19:07,FRMLW
7288,2023-06-10,MARSEILLE ST CHARLES,NON,9868,19:57,NORD,LILLE (intramuros),JCSUDNORD,FRLLE,15:11,FRMSC
7289,2023-06-10,THIONVILLE,OUI,2872,16:52,EST,METZ VILLE,LUXMETZPA,FRADE,16:34,FRXTH
7290,2023-06-10,DIJON VILLE,NON,6709,19:46,SUD EST,BELFORT-MONTBELIARD TGV,PABOUR,FRTJA,18:56,FRABA
7291,2023-06-10,PARIS (intramuros),NON,6709,20:12,SUD EST,MULHOUSE VILLE,PABOUR,FRAEK,17:16,FRPLY
7292,2023-06-10,PARIS (intramuros),NON,6709,19:46,SUD EST,BELFORT-MONTBELIARD TGV,PABOUR,FRTJA,17:16,FRPLY
7293,2023-06-10,PARIS (intramuros),NON,6709,19:22,SUD EST,BESANCON - F COMTE TGV,PABOUR,FRTJB,17:16,FRPLY
7294,2023-06-10,BORDEAUX ST JEAN,OUI,8486,10:40,ATLANTIQUE,LIBOURNE,SUDOUESTPA,FRXLR,10:12,FRBOJ
7295,2023-06-10,DIJON VILLE,NON,9879,16:56,EST,LYON (intramuros),JCRHINRHON,FRLPD,15:21,FRABA
7296,2023-06-10,METZ VILLE,OUI,9879,13:00,EST,STRASBOURG,JCRHINRHON,FRAEG,12:12,FRADE
7297,2023-06-10,METZ VILLE,NON,9879,16:56,EST,LYON (intramuros),JCRHINRHON,FRLPD,12:12,FRADE
7298,2023-06-10,STRASBOURG,OUI,9879,13:54,EST,MULHOUSE VILLE,JCRHINRHON,FRAEK,13:06,FRAEG
7299,2023-06-10,MULHOUSE VILLE,NON,9879,15:11,EST,DIJON VILLE,JCRHINRHON,FRABA,13:57,FRAEK
7300,2023-06-10,MULHOUSE VILLE,NON,9879,14:41,EST,BESANCON - F COMTE TGV,JCRHINRHON,FRTJB,13:57,FRAEK
7301,2023-06-10,MACON VILLE,NON,9879,17:50,EST,VALENCE TGV RHONE-ALPES SUD,JCRHINRHON,FRVLA,16:21,FRHGU
7302,2023-06-10,BELFORT-MONTBELIARD TGV,NON,9879,15:11,EST,DIJON VILLE,JCRHINRHON,FRABA,14:21,FRTJA
7303,2023-06-10,STRASBOURG,NON,9879,18:53,EST,MONTPELLIER SUD DE FRANCE,JCRHINRHON,FRSUF,13:06,FRAEG
7304,2023-06-10,DIJON VILLE,NON,9879,18:53,EST,MONTPELLIER SUD DE FRANCE,JCRHINRHON,FRSUF,15:21,FRABA
7305,2023-06-10,MULHOUSE VILLE,NON,9879,18:53,EST,MONTPELLIER SUD DE FRANCE,JCRHINRHON,FRSUF,13:57,FRAEK
7306,2023-06-10,DIJON VILLE,NON,9879,18:31,EST,NIMES PONT DU GARD,JCRHINRHON,FRXZP,15:21,FRABA
7307,2023-06-10,MULHOUSE VILLE,NON,9203,11:26,INTERNATIONAL,ZUERICH HB,PABALZUR,CHAJD,10:06,FRAEK
7308,2023-06-10,PARIS (intramuros),NON,9203,09:38,INTERNATIONAL,BELFORT-MONTBELIARD TGV,PABALZUR,FRTJA,07:20,FRPLY
7309,2023-06-10,BELFORT-MONTBELIARD TGV,NON,9203,10:26,INTERNATIONAL,BASEL SBB,PABALZUR,CHAJP,09:41,FRTJA
7310,2023-06-10,CANNES,NON,6074,15:50,SUD EST,PARIS (intramuros),AZURPA,FRPLY,10:32,FRJCA
7311,2023-06-10,NICE VILLE,OUI,6074,12:33,SUD EST,MARSEILLE ST CHARLES,AZURPA,FRMSC,09:57,FRNIC
7312,2023-06-10,NICE VILLE,NON,6074,15:50,SUD EST,PARIS (intramuros),AZURPA,FRPLY,09:57,FRNIC
7313,2023-06-10,NICE VILLE,OUI,6074,11:44,SUD EST,TOULON,AZURPA,FRTLN,09:57,FRNIC
7314,2023-06-10,TOULON,NON,6074,15:50,SUD EST,PARIS (intramuros),AZURPA,FRPLY,11:48,FRTLN
7315,2023-06-10,ANTIBES,OUI,6074,10:28,SUD EST,CANNES,AZURPA,FRJCA,10:16,FRXAT
7316,2023-06-10,ANTIBES,OUI,6074,11:44,SUD EST,TOULON,AZURPA,FRTLN,10:16,FRXAT
7317,2023-06-10,ST RAPHAEL VALESCURE,NON,6074,15:50,SUD EST,PARIS (intramuros),AZURPA,FRPLY,10:58,FRXSK
7318,2023-06-10,LE MANS,OUI,9838,21:01,NORD,LAVAL,JCNORDBRET,FRACR,20:32,FRAET
7319,2023-06-10,LE MANS,OUI,9838,21:29,NORD,RENNES,JCNORDBRET,FRRNS,20:32,FRAET
7320,2023-06-10,LILLE (intramuros),OUI,9838,21:01,NORD,LAVAL,JCNORDBRET,FRACR,17:42,FRLLE
7321,2023-06-10,LILLE (intramuros),OUI,9838,19:34,NORD,MASSY TGV,JCNORDBRET,FRDJU,17:42,FRLLE
7322,2023-06-10,LILLE (intramuros),OUI,9838,18:43,NORD,AEROPORT CDG2 TGV ROISSY,JCNORDBRET,FRMLW,17:42,FRLLE
7323,2023-06-10,MARNE LA VALLEE CHESSY,OUI,9838,21:01,NORD,LAVAL,JCNORDBRET,FRACR,19:02,FRMLV
7324,2023-06-10,TGV HAUTE PICARDIE,OUI,9838,18:43,NORD,AEROPORT CDG2 TGV ROISSY,JCNORDBRET,FRMLW,18:15,FRTHP
7325,2023-06-10,TGV HAUTE PICARDIE,OUI,9838,21:29,NORD,RENNES,JCNORDBRET,FRRNS,18:15,FRTHP
7326,2023-06-10,BRUXELLES MIDI BRUSSEL ZUID,OUI,9838,21:29,NORD,RENNES,JCNORDBRET,FRRNS,16:54,BEBMI
7327,2023-06-10,LYON (intramuros),OUI,6623,19:10,SUD EST,LYON (intramuros),PARISRHONE,FRLPE,19:02,FRLPD
7328,2023-06-10,BORDEAUX ST JEAN,OUI,8480,06:22,ATLANTIQUE,ANGOULEME,SUDOUESTPA,FRANG,05:15,FRBOJ
7329,2023-06-10,BORDEAUX ST JEAN,OUI,8480,05:39,ATLANTIQUE,LIBOURNE,SUDOUESTPA,FRXLR,05:15,FRBOJ
7330,2023-06-10,ANGERS ST LAUD,NON,4502,16:04,IC SRO,NANTES,JOURLYNNTE,FRNTE,15:23,FRACL
7331,2023-06-10,BOURGES,NON,4502,15:21,IC SRO,ANGERS ST LAUD,JOURLYNNTE,FRACL,13:03,FRBOU
7332,2023-06-10,BOURGES,NON,4502,13:22,IC SRO,VIERZON VILLE,JOURLYNNTE,FRXVZ,13:03,FRBOU
7333,2023-06-10,LYON (intramuros),NON,4502,11:17,IC SRO,ST GERMAIN DES FOSSES,JOURLYNNTE,FRSGF,09:20,FRLPE
7334,2023-06-10,LYON (intramuros),NON,4502,11:44,IC SRO,MOULINS SUR ALLIER,JOURLYNNTE,FRXMU,09:20,FRLPE
7335,2023-06-10,NEVERS,NON,4502,13:01,IC SRO,BOURGES,JOURLYNNTE,FRBOU,12:25,FRNVS
7336,2023-06-10,NEVERS,NON,4502,16:04,IC SRO,NANTES,JOURLYNNTE,FRNTE,12:25,FRNVS
7337,2023-06-10,NEVERS,NON,4502,14:25,IC SRO,ST PIERRE DES CORPS,JOURLYNNTE,FRXSH,12:25,FRNVS
7338,2023-06-10,NEVERS,NON,4502,13:22,IC SRO,VIERZON VILLE,JOURLYNNTE,FRXVZ,12:25,FRNVS
7339,2023-06-10,ROANNE,NON,4502,12:14,IC SRO,NEVERS,JOURLYNNTE,FRNVS,10:40,FRRNE
7340,2023-06-10,ST GERMAIN DES FOSSES,NON,4502,14:59,IC SRO,SAUMUR,JOURLYNNTE,FRACN,11:19,FRSGF
7341,2023-06-10,MOULINS SUR ALLIER,NON,4502,14:25,IC SRO,ST PIERRE DES CORPS,JOURLYNNTE,FRXSH,11:46,FRXMU
7342,2023-06-10,ST PIERRE DES CORPS,NON,4502,15:21,IC SRO,ANGERS ST LAUD,JOURLYNNTE,FRACL,14:28,FRXSH
7343,2023-06-10,VIERZON VILLE,NON,4502,14:59,IC SRO,SAUMUR,JOURLYNNTE,FRACN,13:24,FRXVZ
7344,2023-06-10,VIERZON VILLE,NON,4502,16:04,IC SRO,NANTES,JOURLYNNTE,FRNTE,13:24,FRXVZ
7345,2023-06-10,CLERMONT FERRAND,NON,15941,13:48,IC SRO,ARVANT,NORESTJOU,FRARV,13:03,FRCFE
7346,2023-06-10,CLERMONT FERRAND,NON,15941,13:42,IC SRO,BRASSAC LES MINES STE FLORINE,NORESTJOU,FRHLE,13:03,FRCFE
7347,2023-06-10,ISSOIRE,NON,15941,13:48,IC SRO,ARVANT,NORESTJOU,FRARV,13:29,FRHLB
7348,2023-06-10,ARVANT,NON,15941,14:30,IC SRO,NEUSSARGUES,NORESTJOU,FRNEU,13:49,FRARV
7349,2023-06-10,AVIGNON TGV,NON,9882,21:57,NORD,LILLE (intramuros),JCSUDNORD,FRLLE,17:45,FRAVG
7350,2023-06-10,AVIGNON TGV,NON,9882,18:54,NORD,LYON (intramuros),JCSUDNORD,FRLPD,17:45,FRAVG
7351,2023-06-10,LYON (intramuros),OUI,9882,21:01,NORD,AEROPORT CDG2 TGV ROISSY,JCSUDNORD,FRMLW,19:00,FRLPD
7352,2023-06-10,MARNE LA VALLEE CHESSY,OUI,9882,21:57,NORD,LILLE (intramuros),JCSUDNORD,FRLLE,20:51,FRMLV
7353,2023-06-10,MARSEILLE ST CHARLES,NON,9882,21:57,NORD,LILLE (intramuros),JCSUDNORD,FRLLE,17:04,FRMSC
7354,2023-06-10,MARSEILLE ST CHARLES,NON,9882,18:54,NORD,LYON (intramuros),JCSUDNORD,FRLPD,17:04,FRMSC
7355,2023-06-10,LYON (intramuros),OUI,6626,19:00,SUD EST,PARIS (intramuros),RHONEPARIS,FRPLY,17:04,FRLPD
7356,2023-06-10,SEDAN,OUI,2726,11:07,EST,CHARLEVILLE MEZIERES,SEDBARPA,FRXCZ,10:53,FRXSW
7357,2023-06-10,RIOM CHATEL GUYON,OUI,5951,10:34,IC ARO,CLERMONT FERRAND,PACLERMONT,FRCFE,10:24,FRRIO
7358,2023-06-10,MOULINS SUR ALLIER,NON,5951,10:34,IC ARO,CLERMONT FERRAND,PACLERMONT,FRCFE,09:30,FRXMU
7359,2023-06-10,MOULINS SUR ALLIER,NON,5951,10:00,IC ARO,VICHY,PACLERMONT,FRVHY,09:30,FRXMU
7360,2023-06-10,PARIS (intramuros),NON,2363,09:06,EST,STRASBOURG,PASTRAMULH,FRAEG,07:20,FRPST
7361,2023-06-10,GENEVE,NON,9761,10:14,INTERNATIONAL,LAUSANNE,PAGENEVE,CHAJF,09:39,CHGVA
7362,2023-06-10,TOULON,NON,6170,16:34,SUD EST,PARIS (intramuros),AZURPA,FRPLY,12:47,FRTLN
7363,2023-06-10,CAHORS,NON,3750,06:50,IC NUIT,PARIS (intramuros),OCCITANPAR,FRPAZ,23:33,FRZAO
7364,2023-06-10,BRUXELLES MIDI BRUSSEL ZUID,NON,9826,10:52,NORD,LILLE (intramuros),JCNORDSUD,FRLLE,10:17,BEBMI
7365,2023-06-10,AEROPORT CDG2 TGV ROISSY,NON,9826,14:48,NORD,VALENCE TGV RHONE-ALPES SUD,JCNORDSUD,FRVLA,11:59,FRMLW
7366,2023-06-10,LILLE (intramuros),NON,9826,15:51,NORD,MONTPELLIER SUD DE FRANCE,JCNORDSUD,FRSUF,11:03,FRLLE
7367,2023-06-10,MARNE LA VALLEE CHESSY,NON,9826,15:51,NORD,MONTPELLIER SUD DE FRANCE,JCNORDSUD,FRSUF,12:13,FRMLV
7368,2023-06-10,BRUXELLES MIDI BRUSSEL ZUID,NON,9826,15:51,NORD,MONTPELLIER SUD DE FRANCE,JCNORDSUD,FRSUF,10:17,BEBMI
7369,2023-06-10,LYON (intramuros),OUI,9826,15:30,NORD,NIMES PONT DU GARD,JCNORDSUD,FRXZP,14:10,FRLPD
7370,2023-06-10,AEROPORT CDG2 TGV ROISSY,NON,9826,15:30,NORD,NIMES PONT DU GARD,JCNORDSUD,FRXZP,11:59,FRMLW
7371,2023-06-10,PARIS (intramuros),NON,2709,10:35,EST,SEDAN,PABARSED,FRXSW,08:28,FRPST
7372,2023-06-10,NIMES,OUI,6225,21:48,SUD EST,AGDE,PALANG,FRXAG,20:46,FRFNI
7373,2023-06-10,MONTPELLIER SAINT-ROCH,OUI,6225,21:31,SUD EST,SETE,PALANG,FRXSY,21:17,FRMPL
7374,2023-06-10,PARIS (intramuros),OUI,6225,22:20,SUD EST,NARBONNE,PALANG,FRXNA,17:40,FRPLY
7375,2023-06-10,VALENCE TGV RHONE-ALPES SUD,OUI,6225,22:03,SUD EST,BEZIERS,PALANG,FRBZR,19:56,FRVLA
7376,2023-06-10,VALENCE TGV RHONE-ALPES SUD,OUI,6225,21:11,SUD EST,MONTPELLIER SAINT-ROCH,PALANG,FRMPL,19:56,FRVLA
7377,2023-06-10,VALENCE TGV RHONE-ALPES SUD,OUI,6225,21:31,SUD EST,SETE,PALANG,FRXSY,19:56,FRVLA
7378,2023-06-10,AGDE,OUI,6225,22:03,SUD EST,BEZIERS,PALANG,FRBZR,21:51,FRXAG
7379,2023-06-10,SETE,OUI,6225,22:03,SUD EST,BEZIERS,PALANG,FRBZR,21:34,FRXSY
7380,2023-06-10,CREST,OUI,5790,07:57,IC NUIT,PARIS (intramuros),BRIANCONPA,FRPAZ,23:48,FRCRE
7381,2023-06-10,EMBRUN,OUI,5790,07:57,IC NUIT,PARIS (intramuros),BRIANCONPA,FRPAZ,20:52,FRIGV
7382,2023-06-10,L'ARGENTIERE LES ECRINS   (05),OUI,5790,07:57,IC NUIT,PARIS (intramuros),BRIANCONPA,FRPAZ,20:19,FRIHC
7383,2023-06-10,DAX,NON,8583,15:40,ATLANTIQUE,BORDEAUX ST JEAN,SUDOUESTPA,FRBOJ,14:29,FRACG
7384,2023-06-10,PAU,OUI,8583,13:50,ATLANTIQUE,ORTHEZ,SUDOUESTPA,FRGFI,13:29,FRAEE
7385,2023-06-10,LOURDES,OUI,8583,14:20,ATLANTIQUE,DAX,SUDOUESTPA,FRACG,13:02,FRLDE
7386,2023-06-10,PARIS (intramuros),NON,9403,11:03,EST,LAHR SCHWARZW,PASTRAMULH,DEANL,07:58,FRPST
7387,2023-06-10,RINGSHEIM/EU-PARK,OUI,9403,11:41,EST,FREIBURG BREISGAU HBF,PASTRAMULH,DEFGB,11:12,DERSH
7388,2023-06-10,OFFENBOURG/OFFENBURG,OUI,9403,11:11,EST,RINGSHEIM/EU-PARK,PASTRAMULH,DERSH,10:51,DEZPA
7389,2023-06-10,LORRAINE TGV,NON,9403,11:11,EST,RINGSHEIM/EU-PARK,PASTRAMULH,DERSH,09:22,FREAM
7390,2023-06-10,CHAMPAGNE-ARDENNE,NON,9403,11:41,EST,FREIBURG BREISGAU HBF,PASTRAMULH,DEFGB,08:41,FREAH
7391,2023-06-10,EMBRUN,NON,5790,07:57,IC NUIT,PARIS (intramuros),BRIANCONPA,FRPAZ,20:52,FRIGV
7392,2023-06-10,SURGERES,OUI,8370,07:08,ATLANTIQUE,POITIERS,ROCHELLEPA,FRPIS,06:00,FREIP
7393,2023-06-10,LA ROCHELLE VILLE,OUI,8370,07:08,ATLANTIQUE,POITIERS,ROCHELLEPA,FRPIS,05:39,FRLRH
7394,2023-06-10,NIORT,OUI,8370,06:34,ATLANTIQUE,ST MAIXENT DEUX SEVRES,ROCHELLEPA,FREJC,06:21,FRNIT
7395,2023-06-10,NIORT,OUI,8370,08:37,ATLANTIQUE,PARIS (intramuros),ROCHELLEPA,FRPMO,06:21,FRNIT
7396,2023-06-10,POITIERS,OUI,8370,08:37,ATLANTIQUE,PARIS (intramuros),ROCHELLEPA,FRPMO,07:13,FRPIS
7397,2023-06-10,BEZIERS,NON,6871,11:07,SUD EST,VALENCE TGV RHONE-ALPES SUD,JCSUDPROV,FRVLA,09:15,FRBZR
7398,2023-06-10,BEZIERS,NON,6871,09:36,SUD EST,SETE,JCSUDPROV,FRXSY,09:15,FRBZR
7399,2023-06-10,NARBONNE,NON,6871,11:50,SUD EST,LYON (intramuros),JCSUDPROV,FRLPD,08:59,FRXNA
7400,2023-06-10,NARBONNE,NON,6871,11:07,SUD EST,VALENCE TGV RHONE-ALPES SUD,JCSUDPROV,FRVLA,08:59,FRXNA
7401,2023-06-10,TOULOUSE MATABIAU,OUI,6871,08:24,SUD EST,CARCASSONNE,JCSUDPROV,FRCCF,07:43,FRXYT
7402,2023-06-10,TOULOUSE MATABIAU,NON,6871,09:36,SUD EST,SETE,JCSUDPROV,FRXSY,07:43,FRXYT
7403,2023-06-10,NARBONNE,NON,6871,09:55,SUD EST,MONTPELLIER SUD DE FRANCE,JCSUDPROV,FRSUF,08:59,FRXNA
7404,2023-06-10,NIMES PONT DU GARD,NON,6871,11:07,SUD EST,VALENCE TGV RHONE-ALPES SUD,JCSUDPROV,FRVLA,10:27,FRXZP
7405,2023-06-10,SETE,NON,6871,10:24,SUD EST,NIMES PONT DU GARD,JCSUDPROV,FRXZP,09:39,FRXSY
7406,2023-06-10,CARCASSONNE,NON,6871,10:24,SUD EST,NIMES PONT DU GARD,JCSUDPROV,FRXZP,08:27,FRCCF
7407,2023-06-10,ST PIERRE DES CORPS,OUI,8320,19:22,ATLANTIQUE,VENDOME VILLIERS SUR LOIR,ROCHELLEPA,FRESL,19:04,FRXSH
7408,2023-06-10,LILLE (intramuros),NON,5113,12:45,NORD,VALENCE TGV RHONE-ALPES SUD,JCNORDSUD,FRVLA,09:03,FRLLE
7409,2023-06-10,MARNE LA VALLEE CHESSY,NON,5113,13:28,NORD,AVIGNON TGV,JCNORDSUD,FRAVG,10:13,FRMLV
7410,2023-06-10,MARNE LA VALLEE CHESSY,NON,5113,12:00,NORD,LYON (intramuros),JCNORDSUD,FRLPD,10:13,FRMLV
7411,2023-06-10,AEROPORT CDG2 TGV ROISSY,NON,5113,13:28,NORD,AVIGNON TGV,JCNORDSUD,FRAVG,09:59,FRMLW
7412,2023-06-10,AEROPORT CDG2 TGV ROISSY,NON,5113,10:08,NORD,MARNE LA VALLEE CHESSY,JCNORDSUD,FRMLV,09:59,FRMLW
7413,2023-06-10,PARIS (intramuros),NON,8437,11:41,ATLANTIQUE,POITIERS,PASUDOUEST,FRPIS,10:03,FRPMO
7414,2023-06-10,PARIS (intramuros),NON,8437,11:07,ATLANTIQUE,ST PIERRE DES CORPS,PASUDOUEST,FRXSH,10:03,FRPMO
7415,2023-06-10,ST PIERRE DES CORPS,OUI,8437,13:02,ATLANTIQUE,BORDEAUX ST JEAN,PASUDOUEST,FRBOJ,11:11,FRXSH
7416,2023-06-10,BEZIERS,NON,9704,21:18,SUD EST,PARIS (intramuros),BARCELONEPA,FRPLY,16:58,FRBZR
7417,2023-06-10,BEZIERS,NON,9704,19:03,SUD EST,VALENCE TGV RHONE-ALPES SUD,BARCELONEPA,FRVLA,16:58,FRBZR
7418,2023-06-10,AGDE,NON,9704,17:24,SUD EST,SETE,BARCELONEPA,FRXSY,17:11,FRXAG
7419,2023-06-10,NARBONNE,NON,9704,17:43,SUD EST,MONTPELLIER SAINT-ROCH,BARCELONEPA,FRMPL,16:42,FRXNA
7420,2023-06-10,GIRONA,NON,9704,21:18,SUD EST,PARIS (intramuros),BARCELONEPA,FRPLY,15:13,ESGRO
7421,2023-06-10,GIRONA,NON,9704,18:16,SUD EST,NIMES,BARCELONEPA,FRFNI,15:13,ESGRO
7422,2023-06-10,GIRONA,NON,9704,17:24,SUD EST,SETE,BARCELONEPA,FRXSY,15:13,ESGRO
7423,2023-06-10,ANGERS ST LAUD,OUI,5358,23:09,SUD EST,NANTES,JCSUDATL,FRNTE,22:32,FRACL
7424,2023-06-10,MASSY TGV,OUI,5358,22:29,SUD EST,ANGERS ST LAUD,JCSUDATL,FRACL,20:35,FRDJU
7425,2023-06-10,MASSY TGV,OUI,5358,22:06,SUD EST,SAUMUR,JCSUDATL,FRACN,20:35,FRDJU
7426,2023-06-10,LYON (intramuros),OUI,5358,20:31,SUD EST,MASSY TGV,JCSUDATL,FRDJU,18:30,FRLPD
7427,2023-06-10,VALENCE TGV RHONE-ALPES SUD,OUI,5358,18:20,SUD EST,LYON (intramuros),JCSUDATL,FRLPD,17:42,FRVLA
7428,2023-06-10,MONTPELLIER SUD DE FRANCE,OUI,5358,17:39,SUD EST,VALENCE TGV RHONE-ALPES SUD,JCSUDATL,FRVLA,16:41,FRSUF
7429,2023-06-10,MONTPELLIER SUD DE FRANCE,OUI,5358,18:20,SUD EST,LYON (intramuros),JCSUDATL,FRLPD,16:41,FRSUF
7430,2023-06-10,NIMES PONT DU GARD,OUI,5358,17:39,SUD EST,VALENCE TGV RHONE-ALPES SUD,JCSUDATL,FRVLA,17:02,FRXZP
7431,2023-06-10,MONTPELLIER SUD DE FRANCE,OUI,5358,16:59,SUD EST,NIMES PONT DU GARD,JCSUDATL,FRXZP,16:41,FRSUF
7432,2023-06-10,UZERCHE,OUI,3634,08:52,IC ARO,LIMOGES BENEDICTINS,TOULOUZECO,FRAGQ,08:16,FRAAW
7433,2023-06-10,UZERCHE,OUI,3634,10:44,IC ARO,VIERZON VILLE,TOULOUZECO,FRXVZ,08:16,FRAAW
7434,2023-06-10,LIMOGES BENEDICTINS,OUI,3634,10:08,IC ARO,CHATEAUROUX,TOULOUZECO,FRCHR,08:55,FRAGQ
7435,2023-06-10,LIMOGES BENEDICTINS,OUI,3634,10:44,IC ARO,VIERZON VILLE,TOULOUZECO,FRXVZ,08:55,FRAGQ
7436,2023-06-10,BRIVE LA GAILLARDE,OUI,3634,08:15,IC ARO,UZERCHE,TOULOUZECO,FRAAW,07:50,FRBVE
7437,2023-06-10,BRIVE LA GAILLARDE,OUI,3634,10:08,IC ARO,CHATEAUROUX,TOULOUZECO,FRCHR,07:50,FRBVE
7438,2023-06-10,GOURDON,OUI,3634,08:52,IC ARO,LIMOGES BENEDICTINS,TOULOUZECO,FRAGQ,07:06,FRFSI
7439,2023-06-10,GOURDON,OUI,3634,07:21,IC ARO,SOUILLAC,TOULOUZECO,FRSOU,07:06,FRFSI
7440,2023-06-10,SOUILLAC,OUI,3634,07:47,IC ARO,BRIVE LA GAILLARDE,TOULOUZECO,FRBVE,07:23,FRSOU
7441,2023-06-10,SOUILLAC,OUI,3634,10:44,IC ARO,VIERZON VILLE,TOULOUZECO,FRXVZ,07:23,FRSOU
7442,2023-06-10,CAHORS,OUI,3634,07:47,IC ARO,BRIVE LA GAILLARDE,TOULOUZECO,FRBVE,06:39,FRZAO
7443,2023-06-10,PAU,NON,14142,12:50,IC SRO,TARBES,SUDOUEST,FRXTB,12:09,FRAEE
7444,2023-06-10,HENDAYE,NON,14142,10:39,IC SRO,BIARRITZ,SUDOUEST,FRBIQ,10:19,FRAEF
7445,2023-06-10,HENDAYE,NON,14142,12:34,IC SRO,LOURDES,SUDOUEST,FRLDE,10:19,FRAEF
7446,2023-06-10,HENDAYE,NON,14142,10:29,IC SRO,ST JEAN DE LUZ CIBOURE,SUDOUEST,FRXJZ,10:19,FRAEF
7447,2023-06-10,BIARRITZ,NON,14142,12:06,IC SRO,PAU,SUDOUEST,FRAEE,10:40,FRBIQ
7448,2023-06-10,BIARRITZ,NON,14142,13:26,IC SRO,MONTREJEAU GOURDAN POLIGNAN,SUDOUEST,FRMTJ,10:40,FRBIQ
7449,2023-06-10,BIARRITZ,NON,14142,14:29,IC SRO,TOULOUSE MATABIAU,SUDOUEST,FRXYT,10:40,FRBIQ
7450,2023-06-10,LOURDES,NON,14142,13:26,IC SRO,MONTREJEAU GOURDAN POLIGNAN,SUDOUEST,FRMTJ,12:37,FRLDE
7451,2023-06-10,LOURDES,NON,14142,14:29,IC SRO,TOULOUSE MATABIAU,SUDOUEST,FRXYT,12:37,FRLDE
7452,2023-06-10,BAYONNE,NON,14142,12:34,IC SRO,LOURDES,SUDOUEST,FRLDE,11:01,FRXBY
7453,2023-06-10,DAX,NON,8536,15:52,ATLANTIQUE,PARIS (intramuros),SUDOUESTPA,FRPMO,12:28,FRACG
7454,2023-06-10,HENDAYE,NON,8536,15:52,ATLANTIQUE,PARIS (intramuros),SUDOUESTPA,FRPMO,11:12,FRAEF
7455,2023-06-10,BIARRITZ,NON,8536,15:52,ATLANTIQUE,PARIS (intramuros),SUDOUESTPA,FRPMO,11:37,FRBIQ
7456,2023-06-10,BIARRITZ,OUI,8536,11:49,ATLANTIQUE,BAYONNE,SUDOUESTPA,FRXBY,11:37,FRBIQ
7457,2023-06-10,ST JEAN DE LUZ CIBOURE,NON,8536,15:52,ATLANTIQUE,PARIS (intramuros),SUDOUESTPA,FRPMO,11:25,FRXJZ
7458,2023-06-10,DUNKERQUE,OUI,7322,15:08,NORD,PARIS (intramuros),ARRASPA,FRPNO,12:56,FRADI
7459,2023-06-10,HAZEBROUCK,OUI,7322,15:08,NORD,PARIS (intramuros),ARRASPA,FRPNO,13:20,FRHZK
7460,2023-06-10,CHAMBERY CHALLES LES EAUX,NON,6972,16:14,SUD EST,PARIS (intramuros),ALPESPARIS,FRPLY,13:24,FRCMF
7461,2023-06-10,AIX LES BAINS LE REVARD,NON,6972,14:35,SUD EST,MACON LOCHE TGV,ALPESPARIS,FRMLT,12:59,FRXAI
7462,2023-06-10,DAX,OUI,8571,10:52,ATLANTIQUE,PAU,PASUDOUEST,FRAEE,10:06,FRACG
7463,2023-06-10,PAU,OUI,8571,11:21,ATLANTIQUE,LOURDES,PASUDOUEST,FRLDE,10:55,FRAEE
7464,2023-06-10,PAU,OUI,8571,11:47,ATLANTIQUE,TARBES,PASUDOUEST,FRXTB,10:55,FRAEE
7465,2023-06-10,MASSY TGV,NON,8571,08:48,ATLANTIQUE,BORDEAUX ST JEAN,PASUDOUEST,FRBOJ,06:47,FRDJU
7466,2023-06-10,LOURDES,OUI,8571,11:47,ATLANTIQUE,TARBES,PASUDOUEST,FRXTB,11:31,FRLDE
7467,2023-06-10,PARIS (intramuros),NON,8571,10:52,ATLANTIQUE,PAU,PASUDOUEST,FRAEE,06:34,FRPMO
7468,2023-06-10,PARIS (intramuros),NON,8571,11:47,ATLANTIQUE,TARBES,PASUDOUEST,FRXTB,06:34,FRPMO
7469,2023-06-10,ST PIERRE DES CORPS,OUI,8345,20:32,ATLANTIQUE,POITIERS,PAROCHELLE,FRPIS,19:44,FRXSH
7470,2023-06-10,LYON (intramuros),OUI,6618,12:58,SUD EST,LYON (intramuros),RHONEPARIS,FRLPD,12:49,FRLPE
7471,2023-06-10,LYON (intramuros),OUI,6618,15:00,SUD EST,PARIS (intramuros),RHONEPARIS,FRPLY,12:49,FRLPE
7472,2023-06-10,PARIS (intramuros),NON,8085,14:25,ATLANTIQUE,RENNES,PARISBRETA,FRRNS,12:56,FRPMO
7473,2023-06-10,RENNES,OUI,8085,15:15,ATLANTIQUE,ST MALO,PARISBRETA,FRXSB,14:33,FRRNS
7474,2023-06-10,CAUSSADE TARN ET GARONNE,OUI,3750,05:43,IC NUIT,LES AUBRAIS ORLEANS,OCCITANPAR,FRLAB,23:05,FRFTA
7475,2023-06-10,TOULOUSE MATABIAU,OUI,3750,05:43,IC NUIT,LES AUBRAIS ORLEANS,OCCITANPAR,FRLAB,22:18,FRXYT
7476,2023-06-10,NIMES,NON,5062,14:24,NORD,LILLE (intramuros),JCSUDNORD,FRLLE,09:25,FRFNI
7477,2023-06-10,LYON (intramuros),NON,5062,13:34,NORD,TGV HAUTE PICARDIE,JCSUDNORD,FRTHP,11:00,FRLPD
7478,2023-06-10,MARNE LA VALLEE CHESSY,NON,5062,14:24,NORD,LILLE (intramuros),JCSUDNORD,FRLLE,12:51,FRMLV
7479,2023-06-10,MONTPELLIER SAINT-ROCH,NON,5062,10:53,NORD,LYON (intramuros),JCSUDNORD,FRLPD,08:57,FRMPL
7480,2023-06-10,MONTPELLIER SAINT-ROCH,NON,5062,13:34,NORD,TGV HAUTE PICARDIE,JCSUDNORD,FRTHP,08:57,FRMPL
7481,2023-06-10,TGV HAUTE PICARDIE,NON,5062,13:55,NORD,ARRAS,JCSUDNORD,FRQRV,13:38,FRTHP
7482,2023-06-10,VALENCE TGV RHONE-ALPES SUD,NON,5062,14:24,NORD,LILLE (intramuros),JCSUDNORD,FRLLE,10:15,FRVLA
7483,2023-06-10,VALENCE TGV RHONE-ALPES SUD,NON,5062,13:55,NORD,ARRAS,JCSUDNORD,FRQRV,10:15,FRVLA
7484,2023-06-10,SAUMUR,NON,4504,18:38,IC SRO,NANTES,JOURLYNNTE,FRNTE,17:34,FRACN
7485,2023-06-10,BOURGES,NON,4504,16:55,IC SRO,ST PIERRE DES CORPS,JOURLYNNTE,FRXSH,15:30,FRBOU
7486,2023-06-10,LYON (intramuros),NON,4504,17:54,IC SRO,ANGERS ST LAUD,JOURLYNNTE,FRACL,12:00,FRLPD
7487,2023-06-10,LYON (intramuros),NON,4504,11:55,IC SRO,LYON (intramuros),JOURLYNNTE,FRLPD,11:47,FRLPE
7488,2023-06-10,NEVERS,NON,4504,16:55,IC SRO,ST PIERRE DES CORPS,JOURLYNNTE,FRXSH,14:52,FRNVS
7489,2023-06-10,ROANNE,NON,4504,17:54,IC SRO,ANGERS ST LAUD,JOURLYNNTE,FRACL,13:06,FRRNE
7490,2023-06-10,ROANNE,NON,4504,16:55,IC SRO,ST PIERRE DES CORPS,JOURLYNNTE,FRXSH,13:06,FRRNE
7491,2023-06-10,ST GERMAIN DES FOSSES,NON,4504,17:32,IC SRO,SAUMUR,JOURLYNNTE,FRACN,13:45,FRSGF
7492,2023-06-10,MOULINS SUR ALLIER,NON,4504,15:28,IC SRO,BOURGES,JOURLYNNTE,FRBOU,14:11,FRXMU
7493,2023-06-10,MOULINS SUR ALLIER,NON,4504,15:48,IC SRO,VIERZON VILLE,JOURLYNNTE,FRXVZ,14:11,FRXMU
7494,2023-06-10,VIERZON VILLE,NON,4504,17:32,IC SRO,SAUMUR,JOURLYNNTE,FRACN,15:50,FRXVZ
7495,2023-06-10,VIERZON VILLE,NON,4504,16:55,IC SRO,ST PIERRE DES CORPS,JOURLYNNTE,FRXSH,15:50,FRXVZ
7496,2023-06-10,DAX,OUI,8574,18:25,ATLANTIQUE,PAU,PASUDOUEST,FRAEE,17:36,FRACG
7497,2023-06-10,DAX,OUI,8574,19:19,ATLANTIQUE,TARBES,PASUDOUEST,FRXTB,17:36,FRACG
7498,2023-06-10,PAU,OUI,8574,19:19,ATLANTIQUE,TARBES,PASUDOUEST,FRXTB,18:28,FRAEE
7499,2023-06-10,BORDEAUX ST JEAN,OUI,8574,18:25,ATLANTIQUE,PAU,PASUDOUEST,FRAEE,16:21,FRBOJ
7500,2023-06-10,LOURDES,OUI,8574,19:19,ATLANTIQUE,TARBES,PASUDOUEST,FRXTB,19:04,FRLDE
7501,2023-06-10,PARIS (intramuros),NON,8574,18:54,ATLANTIQUE,LOURDES,PASUDOUEST,FRLDE,14:03,FRPMO
7502,2023-06-10,REIMS,OUI,2760,20:01,EST,PARIS (intramuros),SEDBARPA,FRPST,19:15,FRRHE
7503,2023-06-10,PARIS (intramuros),NON,8829,23:21,ATLANTIQUE,ANGERS ST LAUD,PARISLOIRE,FRACL,21:49,FRPMO
7504,2023-06-10,LES AUBRAIS ORLEANS,NON,3755,04:58,IC NUIT,ROCAMADOUR PADIRAC,PAVERMEIL,FRFSA,23:32,FRLAB
7505,2023-06-10,LES AUBRAIS ORLEANS,NON,3755,05:05,IC NUIT,GRAMAT,PAVERMEIL,FRFSB,23:32,FRLAB
7506,2023-06-10,LES AUBRAIS ORLEANS,NON,3755,06:55,IC NUIT,RODEZ,PAVERMEIL,FRRDZ,23:32,FRLAB
7507,2023-06-10,LES AUBRAIS ORLEANS,NON,3755,06:01,IC NUIT,VIVIEZ DECAZEVILLE,PAVERMEIL,FRVZD,23:32,FRLAB
7508,2023-06-10,PARIS (intramuros),NON,3755,05:45,IC NUIT,CAPDENAC,PAVERMEIL,FRCDC,22:12,FRPAZ
7509,2023-06-10,PARIS (intramuros),NON,3755,04:41,IC NUIT,ST DENIS PRES MARTEL,PAVERMEIL,FRSDM,22:12,FRPAZ
7510,2023-06-10,AGEN,NON,4661,17:20,IC ARO,NIMES,TJOURSOSE,FRFNI,13:32,FRAGF
7511,2023-06-10,AGEN,NON,4661,16:52,IC ARO,MONTPELLIER SAINT-ROCH,TJOURSOSE,FRMPL,13:32,FRAGF
7512,2023-06-10,BORDEAUX ST JEAN,NON,4661,16:52,IC ARO,MONTPELLIER SAINT-ROCH,TJOURSOSE,FRMPL,12:28,FRBOJ
7513,2023-06-10,BORDEAUX ST JEAN,NON,4661,19:26,IC ARO,MARSEILLE ST CHARLES,TJOURSOSE,FRMSC,12:28,FRBOJ
7514,2023-06-10,BORDEAUX ST JEAN,NON,4661,15:58,IC ARO,NARBONNE,TJOURSOSE,FRXNA,12:28,FRBOJ
7515,2023-06-10,CARCASSONNE,NON,4661,16:14,IC ARO,BEZIERS,TJOURSOSE,FRBZR,15:30,FRCCF
7516,2023-06-10,NIMES,OUI,4661,19:26,IC ARO,MARSEILLE ST CHARLES,TJOURSOSE,FRMSC,17:23,FRFNI
7517,2023-06-10,MONTAUBAN VILLE BOURBON,NON,4661,17:20,IC ARO,NIMES,TJOURSOSE,FRFNI,14:09,FRXMW
7518,2023-06-10,MONTAUBAN VILLE BOURBON,NON,4661,14:40,IC ARO,TOULOUSE MATABIAU,TJOURSOSE,FRXYT,14:09,FRXMW
7519,2023-06-10,NARBONNE,NON,4661,16:52,IC ARO,MONTPELLIER SAINT-ROCH,TJOURSOSE,FRMPL,16:01,FRXNA
7520,2023-06-10,LE CREUSOT MONTCEAU MONTCHANIN,NON,6634,23:09,SUD EST,PARIS (intramuros),RHONEPARIS,FRPLY,21:51,FRXCC
7521,2023-06-10,LE MANS,NON,8875,15:54,ATLANTIQUE,NANTES,PARISLOIRE,FRNTE,14:32,FRAET
7522,2023-06-10,LE MANS,OUI,8875,14:52,ATLANTIQUE,SABLE SUR SARTHE,PARISLOIRE,FRSAB,14:32,FRAET
7523,2023-06-10,PARIS (intramuros),NON,8875,15:14,ATLANTIQUE,ANGERS ST LAUD,PARISLOIRE,FRACL,13:32,FRPMO
7524,2023-06-10,SABLE SUR SARTHE,NON,8875,15:54,ATLANTIQUE,NANTES,PARISLOIRE,FRNTE,14:54,FRSAB
7525,2023-06-10,LA ROCHELLE VILLE,NON,3835,18:03,IC SRO,ROCHEFORT,NANTEBORDO,FRRCO,17:43,FRLRH
7526,2023-06-10,NANTES,NON,3835,18:03,IC SRO,ROCHEFORT,NANTEBORDO,FRRCO,15:55,FRNTE
7527,2023-06-10,NANTES,NON,3835,18:32,IC SRO,SAINTES,NANTEBORDO,FRXST,15:55,FRNTE
7528,2023-06-10,ROCHEFORT,NON,3835,19:10,IC SRO,JONZAC,NANTEBORDO,FREMR,18:05,FRRCO
7529,2023-06-10,ROCHEFORT,NON,3835,18:32,IC SRO,SAINTES,NANTEBORDO,FRXST,18:05,FRRCO
7530,2023-06-10,SAINTES,NON,3835,20:12,IC SRO,BORDEAUX ST JEAN,NANTEBORDO,FRBOJ,18:34,FRXST
7531,2023-06-10,MEUSE TGV,OUI,2550,20:20,EST,CHAMPAGNE-ARDENNE,NANCYPA,FREAH,19:56,FREAJ
7532,2023-06-10,NANCY,OUI,2550,20:20,EST,CHAMPAGNE-ARDENNE,NANCYPA,FREAH,19:20,FRENC
7533,2023-06-10,LORIENT,NON,8190,15:25,ATLANTIQUE,RENNES,BRETAPARIS,FRRNS,13:50,FRLRT
7534,2023-06-10,LORIENT,OUI,8190,14:06,ATLANTIQUE,AURAY,BRETAPARIS,FRXUY,13:50,FRLRT
7535,2023-06-10,REDON,OUI,8190,17:08,ATLANTIQUE,PARIS (intramuros),BRETAPARIS,FRPMO,14:50,FRXRN
7536,2023-06-10,BORDEAUX ST JEAN,NON,8504,12:52,ATLANTIQUE,PARIS (intramuros),SUDOUESTPA,FRPMO,10:46,FRBOJ
7537,2023-06-10,DOUAI,OUI,7171,15:35,NORD,VALENCIENNES,PAARRAS,FRXVS,15:09,FRXDN
7538,2023-06-10,HENDAYE,OUI,8540,13:22,ATLANTIQUE,ST JEAN DE LUZ CIBOURE,SUDOUESTPA,FRXJZ,13:12,FRAEF
7539,2023-06-10,BIARRITZ,OUI,8540,17:52,ATLANTIQUE,PARIS (intramuros),SUDOUESTPA,FRPMO,13:38,FRBIQ
7540,2023-06-10,BIARRITZ,OUI,8540,13:50,ATLANTIQUE,BAYONNE,SUDOUESTPA,FRXBY,13:38,FRBIQ
7541,2023-06-10,ST JEAN DE LUZ CIBOURE,OUI,8540,13:50,ATLANTIQUE,BAYONNE,SUDOUESTPA,FRXBY,13:25,FRXJZ
7542,2023-06-10,BELLEGARDE,OUI,9760,07:49,INTERNATIONAL,BOURG EN BRESSE,GENEVEPA,FRXBK,07:02,FRXBF
7543,2023-06-10,BOURG EN BRESSE,OUI,9760,09:42,INTERNATIONAL,PARIS (intramuros),GENEVEPA,FRPLY,07:52,FRXBK
7544,2023-06-10,VENDOME VILLIERS SUR LOIR,NON,8303,13:45,ATLANTIQUE,TOURS,PAROCHELLE,FRAFW,13:15,FRESL
7545,2023-06-10,VENDOME VILLIERS SUR LOIR,NON,8303,13:35,ATLANTIQUE,ST PIERRE DES CORPS,PAROCHELLE,FRXSH,13:15,FRESL
7546,2023-06-10,PARIS (intramuros),NON,8303,13:45,ATLANTIQUE,TOURS,PAROCHELLE,FRAFW,12:28,FRPMO
7547,2023-06-10,DIJON VILLE,NON,6711,21:29,SUD EST,BELFORT-MONTBELIARD TGV,PABOUR,FRTJA,20:35,FRABA
7548,2023-06-10,MONTBARD,NON,6711,21:55,SUD EST,MULHOUSE VILLE,PABOUR,FRAEK,19:56,FRGWE
7549,2023-06-10,BOURG EN BRESSE,NON,9763,11:00,INTERNATIONAL,BELLEGARDE,PAGENEVE,FRXBF,10:12,FRXBK
7550,2023-06-10,LA ROCHELLE VILLE,NON,3837,20:03,IC SRO,ROCHEFORT,NANTEBORDO,FRRCO,19:43,FRLRH
7551,2023-06-10,NANTES,NON,3837,18:35,IC SRO,LA ROCHE SUR YON,NANTEBORDO,FRXRO,17:55,FRNTE
7552,2023-06-10,LA ROCHE SUR YON,NON,3837,22:08,IC SRO,BORDEAUX ST JEAN,NANTEBORDO,FRBOJ,18:36,FRXRO
7553,2023-06-10,LYON (intramuros),OUI,6619,17:10,SUD EST,LYON (intramuros),PARISRHONE,FRLPE,17:02,FRLPD
7554,2023-06-10,LAVAL,NON,8723,18:25,ATLANTIQUE,ROSPORDEN,PARISBRETA,FRRSP,16:00,FRACR
7555,2023-06-10,LAVAL,NON,8723,17:28,ATLANTIQUE,VANNES,PARISBRETA,FRVNE,16:00,FRACR
7556,2023-06-10,LAVAL,NON,8723,17:03,ATLANTIQUE,REDON,PARISBRETA,FRXRN,16:00,FRACR
7557,2023-06-10,LORIENT,OUI,8723,18:40,ATLANTIQUE,QUIMPER,PARISBRETA,FRUIP,17:58,FRLRT
7558,2023-06-10,PARIS (intramuros),NON,8723,17:55,ATLANTIQUE,LORIENT,PARISBRETA,FRLRT,14:41,FRPMO
7559,2023-06-10,RENNES,NON,8723,17:55,ATLANTIQUE,LORIENT,PARISBRETA,FRLRT,16:29,FRRNS
7560,2023-06-10,RENNES,NON,8723,17:28,ATLANTIQUE,VANNES,PARISBRETA,FRVNE,16:29,FRRNS
7561,2023-06-10,VANNES,OUI,8723,18:09,ATLANTIQUE,QUIMPERLE,PARISBRETA,FRECO,17:31,FRVNE
7562,2023-06-10,REDON,NON,8723,17:55,ATLANTIQUE,LORIENT,PARISBRETA,FRLRT,17:05,FRXRN
7563,2023-06-10,REDON,NON,8723,17:28,ATLANTIQUE,VANNES,PARISBRETA,FRVNE,17:05,FRXRN
7564,2023-06-10,DIJON VILLE,NON,5516,17:02,EST,NANCY,JCRHONRHIN,FRENC,13:37,FRABA
7565,2023-06-10,COLMAR,OUI,5516,15:54,EST,STRASBOURG,JCRHONRHIN,FRAEG,15:27,FRAEJ
7566,2023-06-10,AIX EN PROVENCE TGV,NON,5516,14:30,EST,BELFORT-MONTBELIARD TGV,JCRHONRHIN,FRTJA,09:58,FRAIE
7567,2023-06-10,AIX EN PROVENCE TGV,NON,5516,14:06,EST,BESANCON - F COMTE TGV,JCRHONRHIN,FRTJB,09:58,FRAIE
7568,2023-06-10,AVIGNON TGV,NON,5516,15:54,EST,STRASBOURG,JCRHONRHIN,FRAEG,10:20,FRAVG
7569,2023-06-10,AVIGNON TGV,NON,5516,14:55,EST,MULHOUSE VILLE,JCRHONRHIN,FRAEK,10:20,FRAVG
7570,2023-06-10,CANNES,NON,5516,09:33,EST,MARSEILLE ST CHARLES,JCRHONRHIN,FRMSC,07:30,FRJCA
7571,2023-06-10,LYON (intramuros),NON,5516,13:25,EST,DIJON VILLE,JCRHONRHIN,FRABA,11:32,FRLPD
7572,2023-06-10,MARSEILLE ST CHARLES,NON,5516,13:25,EST,DIJON VILLE,JCRHONRHIN,FRABA,09:45,FRMSC
7573,2023-06-10,MARSEILLE ST CHARLES,NON,5516,15:24,EST,COLMAR,JCRHONRHIN,FRAEJ,09:45,FRMSC
7574,2023-06-10,MARSEILLE ST CHARLES,NON,5516,14:55,EST,MULHOUSE VILLE,JCRHONRHIN,FRAEK,09:45,FRMSC
7575,2023-06-10,MARSEILLE ST CHARLES,NON,5516,11:26,EST,LYON (intramuros),JCRHONRHIN,FRLPD,09:45,FRMSC
7576,2023-06-10,MARSEILLE ST CHARLES,NON,5516,14:30,EST,BELFORT-MONTBELIARD TGV,JCRHONRHIN,FRTJA,09:45,FRMSC
7577,2023-06-10,NICE VILLE,NON,5516,15:24,EST,COLMAR,JCRHONRHIN,FRAEJ,07:00,FRNIC
7578,2023-06-10,NICE VILLE,OUI,5516,08:09,EST,LES ARCS DRAGUIGNAN,JCRHONRHIN,FRXRS,07:00,FRNIC
7579,2023-06-10,NICE VILLE,OUI,5516,07:52,EST,ST RAPHAEL VALESCURE,JCRHONRHIN,FRXSK,07:00,FRNIC
7580,2023-06-10,TOULON,NON,5516,15:54,EST,STRASBOURG,JCRHONRHIN,FRAEG,08:50,FRTLN
7581,2023-06-10,TOULON,NON,5516,12:09,EST,MACON VILLE,JCRHONRHIN,FRHGU,08:50,FRTLN
7582,2023-06-10,ANTIBES,NON,5516,09:55,EST,AIX EN PROVENCE TGV,JCRHONRHIN,FRAIE,07:16,FRXAT
7583,2023-06-10,ANTIBES,NON,5516,10:17,EST,AVIGNON TGV,JCRHONRHIN,FRAVG,07:16,FRXAT
7584,2023-06-10,ANTIBES,OUI,5516,07:26,EST,CANNES,JCRHONRHIN,FRJCA,07:16,FRXAT
7585,2023-06-10,ANTIBES,OUI,5516,07:52,EST,ST RAPHAEL VALESCURE,JCRHONRHIN,FRXSK,07:16,FRXAT
7586,2023-06-10,CHALON SUR SAONE,NON,5516,17:02,EST,NANCY,JCRHONRHIN,FRENC,12:44,FRXCD
7587,2023-06-10,LES ARCS DRAGUIGNAN,NON,5516,15:24,EST,COLMAR,JCRHONRHIN,FRAEJ,08:12,FRXRS
7588,2023-06-10,LES ARCS DRAGUIGNAN,NON,5516,10:17,EST,AVIGNON TGV,JCRHONRHIN,FRAVG,08:12,FRXRS
7589,2023-06-10,LES ARCS DRAGUIGNAN,NON,5516,12:09,EST,MACON VILLE,JCRHONRHIN,FRHGU,08:12,FRXRS
7590,2023-06-10,BEAUNE,NON,5516,17:02,EST,NANCY,JCRHONRHIN,FRENC,13:06,FRXBV
7591,2023-06-10,CANNES,NON,5516,14:30,EST,BELFORT-MONTBELIARD TGV,JCRHONRHIN,FRTJA,07:30,FRJCA
7592,2023-06-10,NICE VILLE,NON,5516,14:06,EST,BESANCON - F COMTE TGV,JCRHONRHIN,FRTJB,07:00,FRNIC
7593,2023-06-10,TOULON,NON,5516,14:06,EST,BESANCON - F COMTE TGV,JCRHONRHIN,FRTJB,08:50,FRTLN
7594,2023-06-10,BEAUNE,NON,5516,14:30,EST,BELFORT-MONTBELIARD TGV,JCRHONRHIN,FRTJA,13:06,FRXBV
7595,2023-06-10,BEAUNE,NON,5516,14:06,EST,BESANCON - F COMTE TGV,JCRHONRHIN,FRTJB,13:06,FRXBV
7596,2023-06-10,AVIGNON TGV,OUI,6103,10:41,SUD EST,AIX EN PROVENCE TGV,PAPROVENCE,FRAIE,10:20,FRAVG
7597,2023-06-10,ANNECY,NON,6984,19:09,SUD EST,CHAMBERY CHALLES LES EAUX,ALPESPARIS,FRCMF,18:31,FRNCY
7598,2023-06-10,AIX LES BAINS LE REVARD,NON,6984,22:16,SUD EST,PARIS (intramuros),ALPESPARIS,FRPLY,18:59,FRXAI
7599,2023-06-10,ANGERS ST LAUD,OUI,5224,14:44,NORD,NANTES,JCNORDBRET,FRNTE,14:05,FRACL
7600,2023-06-10,LILLE (intramuros),NON,5224,11:28,NORD,MARNE LA VALLEE CHESSY,JCNORDBRET,FRMLV,09:32,FRADJ
7601,2023-06-10,LILLE (intramuros),NON,5224,13:04,NORD,ST PIERRE DES CORPS,JCNORDBRET,FRXSH,09:32,FRADJ
7602,2023-06-10,MASSY TGV,NON,5224,14:44,NORD,NANTES,JCNORDBRET,FRNTE,12:10,FRDJU
7603,2023-06-10,ARRAS,NON,5224,12:04,NORD,MASSY TGV,JCNORDBRET,FRDJU,10:19,FRQRV
7604,2023-06-10,TGV HAUTE PICARDIE,OUI,5224,11:13,NORD,AEROPORT CDG2 TGV ROISSY,JCNORDBRET,FRMLW,10:45,FRTHP
7605,2023-06-10,DOUAI,NON,5224,12:04,NORD,MASSY TGV,JCNORDBRET,FRDJU,10:01,FRXDN
7606,2023-06-10,DOUAI,NON,5224,11:28,NORD,MARNE LA VALLEE CHESSY,JCNORDBRET,FRMLV,10:01,FRXDN
7607,2023-06-10,ST PIERRE DES CORPS,OUI,5224,14:44,NORD,NANTES,JCNORDBRET,FRNTE,13:09,FRXSH
7608,2023-06-10,DOUAI,NON,5224,14:44,NORD,NANTES,JCNORDBRET,FRNTE,10:01,FRXDN
7609,2023-06-10,DOUAI,NON,5224,14:02,NORD,ANGERS ST LAUD,JCNORDBRET,FRACL,10:01,FRXDN
7610,2023-06-10,LYON (intramuros),OUI,6609,12:10,SUD EST,LYON (intramuros),PARISRHONE,FRLPE,12:02,FRLPD
7611,2023-06-10,AGEN,OUI,4766,00:47,IC ARO,BORDEAUX ST JEAN,TJOURSESO,FRBOJ,23:43,FRAGF
7612,2023-06-10,BEZIERS,OUI,4766,23:04,IC ARO,MONTAUBAN VILLE BOURBON,TJOURSESO,FRXMW,20:59,FRBZR
7613,2023-06-10,NIMES,OUI,4766,23:41,IC ARO,AGEN,TJOURSESO,FRAGF,19:43,FRFNI
7614,2023-06-10,NIMES,OUI,4766,20:56,IC ARO,BEZIERS,TJOURSESO,FRBZR,19:43,FRFNI
7615,2023-06-10,MONTPELLIER SAINT-ROCH,OUI,4766,23:04,IC ARO,MONTAUBAN VILLE BOURBON,TJOURSESO,FRXMW,20:16,FRMPL
7616,2023-06-10,MONTPELLIER SAINT-ROCH,OUI,4766,22:28,IC ARO,TOULOUSE MATABIAU,TJOURSESO,FRXYT,20:16,FRMPL
7617,2023-06-10,MARSEILLE ST CHARLES,OUI,4766,23:41,IC ARO,AGEN,TJOURSESO,FRAGF,17:55,FRMSC
7618,2023-06-10,MARSEILLE ST CHARLES,OUI,4766,00:47,IC ARO,BORDEAUX ST JEAN,TJOURSESO,FRBOJ,17:55,FRMSC
7619,2023-06-10,MARSEILLE ST CHARLES,OUI,4766,22:28,IC ARO,TOULOUSE MATABIAU,TJOURSESO,FRXYT,17:55,FRMSC
7620,2023-06-10,MONTAUBAN VILLE BOURBON,OUI,4766,00:47,IC ARO,BORDEAUX ST JEAN,TJOURSESO,FRBOJ,23:06,FRXMW
7621,2023-06-10,NARBONNE,OUI,4766,00:47,IC ARO,BORDEAUX ST JEAN,TJOURSESO,FRBOJ,21:15,FRXNA
7622,2023-06-10,NARBONNE,OUI,4766,21:43,IC ARO,CARCASSONNE,TJOURSESO,FRCCF,21:15,FRXNA
7623,2023-06-10,TOULOUSE MATABIAU,OUI,4766,00:47,IC ARO,BORDEAUX ST JEAN,TJOURSESO,FRBOJ,22:34,FRXYT
7624,2023-06-10,ZUERICH HB,NON,9226,19:38,INTERNATIONAL,PARIS (intramuros),ZURBALPA,FRPLY,15:34,CHAJD
7625,2023-06-10,RENNES,OUI,8083,12:17,ATLANTIQUE,ST MALO,PARISBRETA,FRXSB,11:30,FRRNS
7626,2023-06-10,STRASBOURG,NON,5470,11:25,EST,CHAMPAGNE-ARDENNE,JCESTATL,FREAH,10:01,FRAEG
7627,2023-06-10,STRASBOURG,NON,5470,12:26,EST,MARNE LA VALLEE CHESSY,JCESTATL,FRMLV,10:01,FRAEG
7628,2023-06-10,CHAMPAGNE-ARDENNE,NON,5470,13:59,EST,LE MANS,JCESTATL,FRAET,11:28,FREAH
7629,2023-06-10,CHAMPAGNE-ARDENNE,NON,5470,14:47,EST,RENNES,JCESTATL,FRRNS,11:28,FREAH
7630,2023-06-10,MEUSE TGV,NON,5470,12:01,EST,AEROPORT CDG2 TGV ROISSY,JCESTATL,FRMLW,11:01,FREAJ
7631,2023-06-10,MARNE LA VALLEE CHESSY,NON,5470,13:04,EST,MASSY TGV,JCESTATL,FRDJU,12:30,FRMLV
7632,2023-06-10,MARNE LA VALLEE CHESSY,NON,5470,14:47,EST,RENNES,JCESTATL,FRRNS,12:30,FRMLV
7633,2023-06-10,AEROPORT CDG2 TGV ROISSY,NON,5470,13:04,EST,MASSY TGV,JCESTATL,FRDJU,12:16,FRMLW
7634,2023-06-10,STRASBOURG,NON,5486,13:19,EST,NANTES,JCESTATL,FRNTE,07:31,FRAEG
7635,2023-06-10,STRASBOURG,NON,5486,11:32,EST,ST PIERRE DES CORPS,JCESTATL,FRXSH,07:31,FRAEG
7636,2023-06-10,MASSY TGV,NON,5486,12:36,EST,ANGERS ST LAUD,JCESTATL,FRACL,10:38,FRDJU
7637,2023-06-10,MASSY TGV,NON,5486,11:32,EST,ST PIERRE DES CORPS,JCESTATL,FRXSH,10:38,FRDJU
7638,2023-06-10,CHAMPAGNE-ARDENNE,NON,5486,10:34,EST,MASSY TGV,JCESTATL,FRDJU,08:58,FREAH
7639,2023-06-10,LORRAINE TGV,NON,5486,08:47,EST,CHAMPAGNE-ARDENNE,JCESTATL,FREAH,08:09,FREAM
7640,2023-06-10,LORRAINE TGV,NON,5486,11:32,EST,ST PIERRE DES CORPS,JCESTATL,FRXSH,08:09,FREAM
7641,2023-06-10,MARNE LA VALLEE CHESSY,NON,5486,10:34,EST,MASSY TGV,JCESTATL,FRDJU,10:02,FRMLV
7642,2023-06-10,AEROPORT CDG2 TGV ROISSY,NON,5486,10:34,EST,MASSY TGV,JCESTATL,FRDJU,09:45,FRMLW
7643,2023-06-10,LYON-SAINT EXUPERY TGV,NON,6191,09:46,SUD EST,VALENCE VILLE,PAVDR,FRVAF,09:11,FRJDQ
7644,2023-06-10,PARIS (intramuros),NON,6191,10:56,SUD EST,AVIGNON CENTRE,PAVDR,FRAES,07:12,FRPLY
7645,2023-06-10,VALENCE VILLE,NON,6191,10:09,SUD EST,MONTELIMAR GARE SNCF,PAVDR,FRXMK,09:49,FRVAF
7646,2023-06-10,PARIS (intramuros),NON,8729,20:33,ATLANTIQUE,QUIMPER,PARISBRETA,FRUIP,16:53,FRPMO
7647,2023-06-10,RENNES,OUI,8729,20:33,ATLANTIQUE,QUIMPER,PARISBRETA,FRUIP,18:29,FRRNS
7648,2023-06-10,AURAY,OUI,8729,19:56,ATLANTIQUE,LORIENT,PARISBRETA,FRLRT,19:40,FRXUY
7649,2023-06-10,GENEVE,NON,9764,11:42,INTERNATIONAL,PARIS (intramuros),GENEVEPA,FRPLY,08:29,CHGVA
7650,2023-06-10,GENEVE,NON,9764,09:49,INTERNATIONAL,BOURG EN BRESSE,GENEVEPA,FRXBK,08:29,CHGVA
7651,2023-06-10,BELLEGARDE,OUI,9764,09:49,INTERNATIONAL,BOURG EN BRESSE,GENEVEPA,FRXBK,09:00,FRXBF
7652,2023-06-10,VITRY LE FRANCOIS GARE,OUI,2778,08:01,EST,PARIS (intramuros),SEDBARPA,FRPST,06:36,FRBFO
7653,2023-06-10,CHAMPAGNE-ARDENNE,OUI,2778,08:01,EST,PARIS (intramuros),SEDBARPA,FRPST,07:18,FREAH
7654,2023-06-10,BAR LE DUC,OUI,2778,06:52,EST,CHALONS EN CHAMPAGNE,SEDBARPA,FRXCR,06:10,FRXBD
7655,2023-06-10,ANGERS ST LAUD,OUI,8142,12:23,ATLANTIQUE,LE MANS,LOIREPARIS,FRAET,11:45,FRACL
7656,2023-06-10,ANGERS ST LAUD,NON,8142,13:25,ATLANTIQUE,PARIS (intramuros),LOIREPARIS,FRPMO,11:45,FRACL
7657,2023-06-10,NIMES,NON,9864,19:01,NORD,AEROPORT CDG2 TGV ROISSY,JCSUDNORD,FRMLW,15:19,FRFNI
7658,2023-06-10,LYON (intramuros),NON,9864,20:43,NORD,BRUXELLES MIDI BRUSSEL ZUID,JCSUDNORD,BEBMI,17:00,FRLPD
7659,2023-06-10,LYON (intramuros),NON,9864,18:47,NORD,MARNE LA VALLEE CHESSY,JCSUDNORD,FRMLV,17:00,FRLPD
7660,2023-06-10,MARNE LA VALLEE CHESSY,NON,9864,20:43,NORD,BRUXELLES MIDI BRUSSEL ZUID,JCSUDNORD,BEBMI,18:51,FRMLV
7661,2023-06-10,MONTPELLIER SAINT-ROCH,NON,9864,20:43,NORD,BRUXELLES MIDI BRUSSEL ZUID,JCSUDNORD,BEBMI,14:51,FRMPL
7662,2023-06-10,MONTPELLIER SAINT-ROCH,NON,9864,19:01,NORD,AEROPORT CDG2 TGV ROISSY,JCSUDNORD,FRMLW,14:51,FRMPL
7663,2023-06-10,VALENCE TGV RHONE-ALPES SUD,NON,9864,19:01,NORD,AEROPORT CDG2 TGV ROISSY,JCSUDNORD,FRMLW,16:10,FRVLA
7664,2023-06-10,LYON (intramuros),NON,5512,11:04,EST,CHALON SUR SAONE,JCRHONRHIN,FRXCD,10:04,FRLPD
7665,2023-06-10,LYON (intramuros),NON,5512,12:51,EST,MULHOUSE VILLE,JCRHONRHIN,FRAEK,09:42,FRLPE
7666,2023-06-10,LYON (intramuros),NON,5512,11:04,EST,CHALON SUR SAONE,JCRHONRHIN,FRXCD,09:42,FRLPE
7667,2023-06-10,BELFORT-MONTBELIARD TGV,NON,5512,13:43,EST,STRASBOURG,JCRHONRHIN,FRAEG,12:27,FRTJA
7668,2023-06-10,MACON LOCHE TGV,NON,6949,20:36,SUD EST,CHAMBERY CHALLES LES EAUX,PARISALPES,FRCMF,19:20,FRMLT
7669,2023-06-10,MONTPELLIER SAINT-ROCH,NON,9708,14:13,SUD EST,NIMES,BARCELONEPA,FRFNI,13:48,FRMPL
7670,2023-06-10,MONTPELLIER SAINT-ROCH,NON,9708,17:18,SUD EST,PARIS (intramuros),BARCELONEPA,FRPLY,13:48,FRMPL
7671,2023-06-10,MONTPELLIER SAINT-ROCH,NON,9708,15:01,SUD EST,VALENCE TGV RHONE-ALPES SUD,BARCELONEPA,FRVLA,13:48,FRMPL
7672,2023-06-10,PERPIGNAN,NON,9708,13:44,SUD EST,MONTPELLIER SAINT-ROCH,BARCELONEPA,FRMPL,12:04,FRPGF
7673,2023-06-10,PERPIGNAN,NON,9708,15:01,SUD EST,VALENCE TGV RHONE-ALPES SUD,BARCELONEPA,FRVLA,12:04,FRPGF
7674,2023-06-10,AGDE,NON,9708,13:44,SUD EST,MONTPELLIER SAINT-ROCH,BARCELONEPA,FRMPL,13:12,FRXAG
7675,2023-06-10,AGDE,NON,9708,15:01,SUD EST,VALENCE TGV RHONE-ALPES SUD,BARCELONEPA,FRVLA,13:12,FRXAG
7676,2023-06-10,NARBONNE,NON,9708,14:13,SUD EST,NIMES,BARCELONEPA,FRFNI,12:41,FRXNA
7677,2023-06-10,NARBONNE,NON,9708,13:44,SUD EST,MONTPELLIER SAINT-ROCH,BARCELONEPA,FRMPL,12:41,FRXNA
7678,2023-06-10,NARBONNE,NON,9708,15:01,SUD EST,VALENCE TGV RHONE-ALPES SUD,BARCELONEPA,FRVLA,12:41,FRXNA
7679,2023-06-10,NARBONNE,NON,9708,13:09,SUD EST,AGDE,BARCELONEPA,FRXAG,12:41,FRXNA
7680,2023-06-10,SETE,NON,9708,14:13,SUD EST,NIMES,BARCELONEPA,FRFNI,13:28,FRXSY
7681,2023-06-10,GIRONA,NON,9708,12:38,SUD EST,NARBONNE,BARCELONEPA,FRXNA,11:14,ESGRO
7682,2023-06-10,GIRONA,NON,9708,14:13,SUD EST,NIMES,BARCELONEPA,FRFNI,11:14,ESGRO
7683,2023-06-10,BARCELONA SANTS,NON,9708,13:09,SUD EST,AGDE,BARCELONEPA,FRXAG,10:33,ESBST
7684,2023-06-10,FIGUERES VILA TGV,NON,9708,12:38,SUD EST,NARBONNE,BARCELONEPA,FRXNA,11:31,ESFIR
7685,2023-06-10,FIGUERES VILA TGV,NON,9708,12:55,SUD EST,BEZIERS,BARCELONEPA,FRBZR,11:31,ESFIR
7686,2023-06-10,FIGUERES VILA TGV,NON,9708,13:25,SUD EST,SETE,BARCELONEPA,FRXSY,11:31,ESFIR
7687,2023-06-10,FIGUERES VILA TGV,NON,9708,13:09,SUD EST,AGDE,BARCELONEPA,FRXAG,11:31,ESFIR
7688,2023-06-10,GUINGAMP,OUI,8629,20:38,ATLANTIQUE,BREST,PARISBRETA,FRBES,19:36,FRGGP
7689,2023-06-10,PARIS (intramuros),NON,8629,18:25,ATLANTIQUE,RENNES,PARISBRETA,FRRNS,16:53,FRPMO
7690,2023-06-10,PARIS (intramuros),NON,8629,19:16,ATLANTIQUE,ST BRIEUC,PARISBRETA,FRSBK,16:53,FRPMO
7691,2023-06-10,RENNES,OUI,8629,20:02,ATLANTIQUE,MORLAIX,PARISBRETA,FRMXN,18:32,FRRNS
7692,2023-06-10,RENNES,OUI,8629,19:16,ATLANTIQUE,ST BRIEUC,PARISBRETA,FRSBK,18:32,FRRNS
7693,2023-06-10,ST BRIEUC,OUI,8629,20:02,ATLANTIQUE,MORLAIX,PARISBRETA,FRMXN,19:19,FRSBK
7694,2023-06-10,CARCASSONNE,NON,6821,11:02,SUD EST,TOULOUSE MATABIAU,JCPROVSUD,FRXYT,10:20,FRCCF
7695,2023-06-10,NIMES,NON,6821,09:00,SUD EST,SETE,JCPROVSUD,FRXSY,08:07,FRFNI
7696,2023-06-10,LYON (intramuros),OUI,6821,07:15,SUD EST,VALENCE TGV RHONE-ALPES SUD,JCPROVSUD,FRVLA,06:37,FRLPD
7697,2023-06-10,VALENCE TGV RHONE-ALPES SUD,OUI,6821,08:04,SUD EST,NIMES,JCPROVSUD,FRFNI,07:18,FRVLA
7698,2023-06-10,VALENCE TGV RHONE-ALPES SUD,NON,6821,09:00,SUD EST,SETE,JCPROVSUD,FRXSY,07:18,FRVLA
7699,2023-06-10,SETE,NON,6821,09:27,SUD EST,BEZIERS,JCPROVSUD,FRBZR,09:03,FRXSY
7700,2023-06-10,RENNES,OUI,8084,15:06,ATLANTIQUE,PARIS (intramuros),BRETAPARIS,FRPMO,13:35,FRRNS
7701,2023-06-10,ST MALO,OUI,8084,13:29,ATLANTIQUE,RENNES,BRETAPARIS,FRRNS,12:42,FRXSB
7702,2023-06-10,COLMAR,NON,9898,12:24,EST,STRASBOURG,JCRHONRHIN,FRAEG,11:52,FRAEJ
7703,2023-06-10,MULHOUSE VILLE,NON,9898,13:24,EST,METZ VILLE,JCRHONRHIN,FRADE,11:24,FRAEK
7704,2023-06-10,MULHOUSE VILLE,NON,9898,11:49,EST,COLMAR,JCRHONRHIN,FRAEJ,11:24,FRAEK
7705,2023-06-10,NIMES,NON,9898,11:21,EST,MULHOUSE VILLE,JCRHONRHIN,FRAEK,06:54,FRFNI
7706,2023-06-10,NIMES,NON,9898,10:57,EST,BELFORT-MONTBELIARD TGV,JCRHONRHIN,FRTJA,06:54,FRFNI
7707,2023-06-10,NIMES,NON,9898,07:39,EST,VALENCE TGV RHONE-ALPES SUD,JCRHONRHIN,FRVLA,06:54,FRFNI
7708,2023-06-10,LYON (intramuros),NON,9898,09:58,EST,DIJON VILLE,JCRHONRHIN,FRABA,08:30,FRLPD
7709,2023-06-10,MONTPELLIER SAINT-ROCH,NON,9898,13:24,EST,METZ VILLE,JCRHONRHIN,FRADE,06:27,FRMPL
7710,2023-06-10,BELFORT-MONTBELIARD TGV,NON,9898,11:49,EST,COLMAR,JCRHONRHIN,FRAEJ,10:59,FRTJA
7711,2023-06-10,BESANCON - F COMTE TGV,NON,9898,13:24,EST,METZ VILLE,JCRHONRHIN,FRADE,10:36,FRTJB
7712,2023-06-10,VALENCE TGV RHONE-ALPES SUD,NON,9898,12:24,EST,STRASBOURG,JCRHONRHIN,FRAEG,07:44,FRVLA
7713,2023-06-10,VALENCE TGV RHONE-ALPES SUD,NON,9898,11:49,EST,COLMAR,JCRHONRHIN,FRAEJ,07:44,FRVLA
7714,2023-06-10,DAX,NON,8560,11:52,ATLANTIQUE,PARIS (intramuros),SUDOUESTPA,FRPMO,08:31,FRACG
7715,2023-06-10,BORDEAUX ST JEAN,NON,8560,11:52,ATLANTIQUE,PARIS (intramuros),SUDOUESTPA,FRPMO,09:46,FRBOJ
7716,2023-06-10,ORTHEZ,OUI,8560,08:22,ATLANTIQUE,DAX,SUDOUESTPA,FRACG,07:54,FRGFI
7717,2023-06-10,PARIS (intramuros),OUI,7297,00:02,NORD,ROUBAIX,PAARRAS,FRADP,22:25,FRPNO
7718,2023-06-10,PARIS (intramuros),NON,6613,13:10,SUD EST,LE CREUSOT MONTCEAU MONTCHANIN,PARISRHONE,FRXCC,11:50,FRPLY
7719,2023-06-10,LILLE (intramuros),OUI,5240,19:04,NORD,MASSY TGV,JCNORDAQUI,FRDJU,17:16,FRADJ
7720,2023-06-10,ANGOULEME,OUI,5240,22:02,NORD,BORDEAUX ST JEAN,JCNORDAQUI,FRBOJ,21:24,FRANG
7721,2023-06-10,POITIERS,OUI,5240,22:02,NORD,BORDEAUX ST JEAN,JCNORDAQUI,FRBOJ,20:43,FRPIS
7722,2023-06-10,ANGERS ST LAUD,NON,4406,20:13,IC SRO,ROANNE,JOURNTELYN,FRRNE,15:28,FRACL
7723,2023-06-10,SAUMUR,NON,4406,17:57,IC SRO,BOURGES,JOURNTELYN,FRBOU,15:53,FRACN
7724,2023-06-10,SAUMUR,NON,4406,21:18,IC SRO,LYON (intramuros),JOURNTELYN,FRLPD,15:53,FRACN
7725,2023-06-10,SAUMUR,NON,4406,20:13,IC SRO,ROANNE,JOURNTELYN,FRRNE,15:53,FRACN
7726,2023-06-10,SAUMUR,NON,4406,16:31,IC SRO,ST PIERRE DES CORPS,JOURNTELYN,FRXSH,15:53,FRACN
7727,2023-06-10,LYON (intramuros),NON,4406,21:30,IC SRO,LYON (intramuros),JOURNTELYN,FRLPE,21:22,FRLPD
7728,2023-06-10,ST GERMAIN DES FOSSES,NON,4406,21:30,IC SRO,LYON (intramuros),JOURNTELYN,FRLPE,19:36,FRSGF
7729,2023-06-10,ST PIERRE DES CORPS,NON,4406,17:57,IC SRO,BOURGES,JOURNTELYN,FRBOU,16:34,FRXSH
7730,2023-06-10,CANNES,OUI,6852,21:27,SUD EST,VALENCE TGV RHONE-ALPES SUD,JCSUDPROV,FRVLA,17:59,FRJCA
7731,2023-06-10,NICE VILLE,OUI,6852,17:55,SUD EST,CANNES,JCSUDPROV,FRJCA,17:27,FRNIC
7732,2023-06-10,ANTIBES,OUI,6852,22:14,SUD EST,LYON (intramuros),JCSUDPROV,FRLPD,17:45,FRXAT
7733,2023-06-10,LES ARCS DRAGUIGNAN,OUI,6852,20:29,SUD EST,AIX EN PROVENCE TGV,JCSUDPROV,FRAIE,18:40,FRXRS
7734,2023-06-10,LES ARCS DRAGUIGNAN,OUI,6852,21:27,SUD EST,VALENCE TGV RHONE-ALPES SUD,JCSUDPROV,FRVLA,18:40,FRXRS
7735,2023-06-10,ST RAPHAEL VALESCURE,OUI,6852,20:04,SUD EST,MARSEILLE ST CHARLES,JCSUDPROV,FRMSC,18:23,FRXSK
7736,2023-06-10,ST RAPHAEL VALESCURE,OUI,6852,19:14,SUD EST,TOULON,JCSUDPROV,FRTLN,18:23,FRXSK
7737,2023-06-10,MOULINS SUR ALLIER,OUI,5970,16:56,IC ARO,PARIS (intramuros),CLERMONTPA,FRPLY,14:31,FRXMU
7738,2023-06-10,BORDEAUX ST JEAN,NON,3852,08:40,IC SRO,JONZAC,BORDONANTE,FREMR,07:53,FRBOJ
7739,2023-06-10,BORDEAUX ST JEAN,NON,3852,10:15,IC SRO,LA ROCHELLE VILLE,BORDONANTE,FRLRH,07:53,FRBOJ
7740,2023-06-10,LA ROCHELLE VILLE,NON,3852,10:58,IC SRO,LUCON,BORDONANTE,FRLCN,10:19,FRLRH
7741,2023-06-10,ANGERS ST LAUD,NON,5306,17:30,SUD EST,LYON (intramuros),JCATLSUD,FRLPD,13:27,FRACL
7742,2023-06-10,SAUMUR,NON,5306,17:49,SUD EST,LYON (intramuros),JCATLSUD,FRLPE,13:50,FRACN
7743,2023-06-10,MASSY TGV,NON,5306,17:30,SUD EST,LYON (intramuros),JCATLSUD,FRLPD,15:26,FRDJU
7744,2023-06-10,NANTES,NON,5306,17:30,SUD EST,LYON (intramuros),JCATLSUD,FRLPD,12:44,FRNTE
7745,2023-06-10,STRASBOURG,NON,9404,15:29,EST,CHAMPAGNE-ARDENNE,JCESTATL,FREAH,13:56,FRAEG
7746,2023-06-10,CHAMPAGNE-ARDENNE,NON,9404,19:22,EST,ANGOULEME,JCESTATL,FRANG,15:34,FREAH
7747,2023-06-10,CHAMPAGNE-ARDENNE,NON,9404,20:02,EST,BORDEAUX ST JEAN,JCESTATL,FRBOJ,15:34,FREAH
7748,2023-06-10,CHAMPAGNE-ARDENNE,NON,9404,18:06,EST,ST PIERRE DES CORPS,JCESTATL,FRXSH,15:34,FREAH
7749,2023-06-10,MEUSE TGV,NON,9404,15:29,EST,CHAMPAGNE-ARDENNE,JCESTATL,FREAH,15:05,FREAJ
7750,2023-06-10,MEUSE TGV,NON,9404,16:27,EST,MARNE LA VALLEE CHESSY,JCESTATL,FRMLV,15:05,FREAJ
7751,2023-06-10,AEROPORT CDG2 TGV ROISSY,NON,9404,20:02,EST,BORDEAUX ST JEAN,JCESTATL,FRBOJ,16:18,FRMLW
7752,2023-06-10,AEROPORT CDG2 TGV ROISSY,NON,9404,18:40,EST,POITIERS,JCESTATL,FRPIS,16:18,FRMLW
7753,2023-06-10,FREIBURG BREISGAU HBF,OUI,9404,13:46,EST,STRASBOURG,JCESTATL,FRAEG,12:22,DEFGB
7754,2023-06-10,FREIBURG BREISGAU HBF,OUI,9404,13:11,EST,OFFENBOURG/OFFENBURG,JCESTATL,DEZPA,12:22,DEFGB
7755,2023-06-10,FREIBURG BREISGAU HBF,OUI,9404,12:51,EST,RINGSHEIM/EU-PARK,JCESTATL,DERSH,12:22,DEFGB
7756,2023-06-10,RINGSHEIM/EU-PARK,OUI,9404,13:46,EST,STRASBOURG,JCESTATL,FRAEG,12:52,DERSH
7757,2023-06-10,OFFENBOURG/OFFENBURG,NON,9404,18:06,EST,ST PIERRE DES CORPS,JCESTATL,FRXSH,13:15,DEZPA
7758,2023-06-10,OFFENBOURG/OFFENBURG,NON,9404,17:04,EST,MASSY TGV,JCESTATL,FRDJU,13:15,DEZPA
7759,2023-06-10,FREIBURG BREISGAU HBF,NON,9404,16:04,EST,AEROPORT CDG2 TGV ROISSY,JCESTATL,FRMLW,12:22,DEFGB
7760,2023-06-10,FREIBURG BREISGAU HBF,NON,9404,14:58,EST,MEUSE TGV,JCESTATL,FREAJ,12:22,DEFGB
7761,2023-06-10,BASEL SBB,NON,9234,19:53,INTERNATIONAL,MULHOUSE VILLE,ZURBALPA,FRAEK,19:34,CHAJP
7762,2023-06-10,AVIGNON TGV,NON,6163,20:27,SUD EST,CANNES,PAAZUR,FRJCA,17:58,FRAVG
7763,2023-06-10,PARIS (intramuros),NON,6163,17:55,SUD EST,AVIGNON TGV,PAAZUR,FRAVG,15:18,FRPLY
7764,2023-06-10,PARIS (intramuros),NON,6163,21:00,SUD EST,NICE VILLE,PAAZUR,FRNIC,15:18,FRPLY
7765,2023-06-10,PARIS (intramuros),NON,6163,20:02,SUD EST,ST RAPHAEL VALESCURE,PAAZUR,FRXSK,15:18,FRPLY
7766,2023-06-10,AIX LES BAINS LE REVARD,NON,6960,09:14,SUD EST,PARIS (intramuros),ALPESPARIS,FRPLY,05:57,FRXAI
7767,2023-06-10,BORDEAUX ST JEAN,NON,8503,11:32,ATLANTIQUE,TOULOUSE MATABIAU,PASUDOUEST,FRXYT,09:25,FRBOJ
7768,2023-06-10,AIX EN PROVENCE TGV,OUI,6112,09:39,SUD EST,AVIGNON TGV,PROVENCEPA,FRAVG,09:18,FRAIE
7769,2023-06-10,AIX EN PROVENCE TGV,NON,6112,12:22,SUD EST,PARIS (intramuros),PROVENCEPA,FRPLY,09:18,FRAIE
7770,2023-06-10,MARSEILLE ST CHARLES,NON,6112,12:22,SUD EST,PARIS (intramuros),PROVENCEPA,FRPLY,09:04,FRMSC
7771,2023-06-10,NIMES,NON,4760,17:11,IC ARO,MONTAUBAN VILLE BOURBON,TJOURSESO,FRXMW,13:25,FRFNI
7772,2023-06-10,NIMES,NON,4760,14:10,IC ARO,SETE,TJOURSESO,FRXSY,13:25,FRFNI
7773,2023-06-10,MONTPELLIER SAINT-ROCH,NON,4760,14:10,IC ARO,SETE,TJOURSESO,FRXSY,13:55,FRMPL
7774,2023-06-10,MARSEILLE ST CHARLES,NON,4760,17:11,IC ARO,MONTAUBAN VILLE BOURBON,TJOURSESO,FRXMW,11:25,FRMSC
7775,2023-06-10,MONTAUBAN VILLE BOURBON,OUI,4760,17:48,IC ARO,AGEN,TJOURSESO,FRAGF,17:13,FRXMW
7776,2023-06-10,NARBONNE,NON,4760,15:33,IC ARO,CARCASSONNE,TJOURSESO,FRCCF,14:58,FRXNA
7777,2023-06-10,NARBONNE,NON,4760,17:11,IC ARO,MONTAUBAN VILLE BOURBON,TJOURSESO,FRXMW,14:58,FRXNA
7778,2023-06-10,TOULOUSE MATABIAU,OUI,4760,17:11,IC ARO,MONTAUBAN VILLE BOURBON,TJOURSESO,FRXMW,16:36,FRXYT
7779,2023-06-10,BORDEAUX ST JEAN,OUI,8473,13:46,ATLANTIQUE,FACTURE BIGANOS,PASUDOUEST,FRFAC,13:24,FRBOJ
7780,2023-06-10,METZ VILLE,NON,2208,09:17,EST,MEUSE TGV,LUXMETZPA,FREAJ,08:50,FRADE
7781,2023-06-10,METZ VILLE,NON,2208,10:20,EST,PARIS (intramuros),LUXMETZPA,FRPST,08:50,FRADE
7782,2023-06-10,MEUSE TGV,NON,2208,10:20,EST,PARIS (intramuros),LUXMETZPA,FRPST,09:20,FREAJ
7783,2023-06-10,PARIS (intramuros),NON,9223,21:26,INTERNATIONAL,BASEL SBB,PABALZUR,CHAJP,18:20,FRPLY
7784,2023-06-10,LAVAL,OUI,5280,13:49,NORD,MASSY TGV,JCBRETNORD,FRDJU,12:28,FRACR
7785,2023-06-10,LAVAL,OUI,5280,15:49,NORD,LILLE (intramuros),JCBRETNORD,FRLLE,12:28,FRACR
7786,2023-06-10,LE MANS,OUI,5280,13:49,NORD,MASSY TGV,JCBRETNORD,FRDJU,13:00,FRAET
7787,2023-06-10,RENNES,OUI,5280,12:25,NORD,LAVAL,JCBRETNORD,FRACR,12:00,FRRNS
7788,2023-06-10,CHATEAUROUX,OUI,3625,14:01,IC ARO,LIMOGES BENEDICTINS,PALITO,FRAGQ,12:49,FRCHR
7789,2023-06-10,ISSOUDUN,OUI,3625,14:01,IC ARO,LIMOGES BENEDICTINS,PALITO,FRAGQ,12:33,FRFMN
7790,2023-06-10,ISSOUDUN,OUI,3625,12:47,IC ARO,CHATEAUROUX,PALITO,FRCHR,12:33,FRFMN
7791,2023-06-10,LA SOUTERRAINE,OUI,3625,14:01,IC ARO,LIMOGES BENEDICTINS,PALITO,FRAGQ,13:26,FRLST
7792,2023-06-10,LA SOUTERRAINE,OUI,3625,15:07,IC ARO,BRIVE LA GAILLARDE,PALITO,FRBVE,13:26,FRLST
7793,2023-06-10,PARIS (intramuros),OUI,3625,12:31,IC ARO,ISSOUDUN,PALITO,FRFMN,10:38,FRPAZ
7794,2023-06-10,PARIS (intramuros),OUI,3625,13:24,IC ARO,LA SOUTERRAINE,PALITO,FRLST,10:38,FRPAZ
7795,2023-06-10,VIERZON VILLE,OUI,3625,15:07,IC ARO,BRIVE LA GAILLARDE,PALITO,FRBVE,12:12,FRXVZ
7796,2023-06-10,VIERZON VILLE,OUI,3625,12:47,IC ARO,CHATEAUROUX,PALITO,FRCHR,12:12,FRXVZ
7797,2023-06-10,BRUXELLES MIDI BRUSSEL ZUID,NON,9830,17:00,NORD,LYON (intramuros),JCNORDSUD,FRLPD,13:17,BEBMI
7798,2023-06-10,AVIGNON TGV,OUI,9830,18:37,NORD,AIX EN PROVENCE TGV,JCNORDSUD,FRAIE,18:16,FRAVG
7799,2023-06-10,LILLE (intramuros),NON,9830,18:13,NORD,AVIGNON TGV,JCNORDSUD,FRAVG,14:03,FRLLE
7800,2023-06-10,LILLE (intramuros),NON,9830,18:56,NORD,MARSEILLE ST CHARLES,JCNORDSUD,FRMSC,14:03,FRLLE
7801,2023-06-10,MARNE LA VALLEE CHESSY,NON,9830,18:56,NORD,MARSEILLE ST CHARLES,JCNORDSUD,FRMSC,15:15,FRMLV
7802,2023-06-10,AEROPORT CDG2 TGV ROISSY,NON,9830,15:09,NORD,MARNE LA VALLEE CHESSY,JCNORDSUD,FRMLV,14:59,FRMLW
7803,2023-06-10,CANNES,OUI,6165,16:58,SUD EST,NICE VILLE,PAAZUR,FRNIC,16:30,FRJCA
7804,2023-06-10,PARIS (intramuros),NON,6165,15:11,SUD EST,TOULON,PAAZUR,FRTLN,11:20,FRPLY
7805,2023-06-10,LE MANS,OUI,8067,19:10,ATLANTIQUE,RENNES,PARISBRETA,FRRNS,18:13,FRAET
7806,2023-06-10,PARIS (intramuros),OUI,8067,19:10,ATLANTIQUE,RENNES,PARISBRETA,FRRNS,17:12,FRPMO
7807,2023-06-10,ANGOULEME,OUI,8432,10:01,ATLANTIQUE,PARIS (intramuros),SUDOUESTPA,FRPMO,07:36,FRANG
7808,2023-06-10,ANGOULEME,OUI,8432,08:50,ATLANTIQUE,ST PIERRE DES CORPS,SUDOUESTPA,FRXSH,07:36,FRANG
7809,2023-06-10,BORDEAUX ST JEAN,OUI,8432,08:16,ATLANTIQUE,POITIERS,SUDOUESTPA,FRPIS,06:58,FRBOJ
7810,2023-06-10,NIMES,NON,6823,12:02,SUD EST,MONTPELLIER SAINT-ROCH,JCPROVSUD,FRMPL,11:37,FRFNI
7811,2023-06-10,LYON (intramuros),NON,6823,12:43,SUD EST,BEZIERS,JCPROVSUD,FRBZR,10:08,FRLPD
7812,2023-06-10,LYON (intramuros),NON,6823,11:34,SUD EST,NIMES,JCPROVSUD,FRFNI,10:08,FRLPD
7813,2023-06-10,LYON (intramuros),NON,6823,12:02,SUD EST,MONTPELLIER SAINT-ROCH,JCPROVSUD,FRMPL,10:08,FRLPD
7814,2023-06-10,MONTPELLIER SAINT-ROCH,NON,6823,12:43,SUD EST,BEZIERS,JCPROVSUD,FRBZR,12:06,FRMPL
7815,2023-06-10,MONTPELLIER SAINT-ROCH,NON,6823,12:59,SUD EST,NARBONNE,JCPROVSUD,FRXNA,12:06,FRMPL
7816,2023-06-10,VALENCE TGV RHONE-ALPES SUD,NON,6823,12:02,SUD EST,MONTPELLIER SAINT-ROCH,JCPROVSUD,FRMPL,10:49,FRVLA
7817,2023-06-10,VALENCE TGV RHONE-ALPES SUD,NON,6823,14:15,SUD EST,TOULOUSE MATABIAU,JCPROVSUD,FRXYT,10:49,FRVLA
7818,2023-06-10,PARIS (intramuros),NON,8887,21:13,ATLANTIQUE,ANGERS ST LAUD,PARISLOIRE,FRACL,19:36,FRPMO
7819,2023-06-10,PARIS (intramuros),NON,8887,21:54,ATLANTIQUE,NANTES,PARISLOIRE,FRNTE,19:36,FRPMO
7820,2023-06-10,MASSY TGV,NON,5382,16:21,SUD EST,RENNES,JCSUDATL,FRRNS,14:40,FRDJU
7821,2023-06-10,LYON (intramuros),NON,5382,15:31,SUD EST,LE MANS,JCSUDATL,FRAET,12:26,FRLPD
7822,2023-06-10,MARSEILLE ST CHARLES,OUI,5382,11:10,SUD EST,AVIGNON TGV,JCSUDATL,FRAVG,10:36,FRMSC
7823,2023-06-10,MARSEILLE ST CHARLES,NON,5382,14:34,SUD EST,MASSY TGV,JCSUDATL,FRDJU,10:36,FRMSC
7824,2023-06-10,MARSEILLE ST CHARLES,NON,5382,12:20,SUD EST,LYON (intramuros),JCSUDATL,FRLPD,10:36,FRMSC
7825,2023-06-10,KARLSRUHE HBF,NON,9583,15:18,INTERNATIONAL,MANNHEIM HBF,MRSFRANC,DEMHG,14:54,DEQKA
7826,2023-06-10,MULHOUSE VILLE,NON,9583,15:18,INTERNATIONAL,MANNHEIM HBF,MRSFRANC,DEMHG,12:54,FRAEK
7827,2023-06-10,MULHOUSE VILLE,NON,9583,14:46,INTERNATIONAL,KARLSRUHE HBF,MRSFRANC,DEQKA,12:54,FRAEK
7828,2023-06-10,AIX EN PROVENCE TGV,NON,9583,12:51,INTERNATIONAL,MULHOUSE VILLE,MRSFRANC,FRAEK,08:25,FRAIE
7829,2023-06-10,AIX EN PROVENCE TGV,NON,9583,09:54,INTERNATIONAL,LYON (intramuros),MRSFRANC,FRLPD,08:25,FRAIE
7830,2023-06-10,AIX EN PROVENCE TGV,NON,9583,11:04,INTERNATIONAL,CHALON SUR SAONE,MRSFRANC,FRXCD,08:25,FRAIE
7831,2023-06-10,AVIGNON TGV,NON,9583,09:54,INTERNATIONAL,LYON (intramuros),MRSFRANC,FRLPD,08:47,FRAVG
7832,2023-06-10,AVIGNON TGV,NON,9583,12:24,INTERNATIONAL,BELFORT-MONTBELIARD TGV,MRSFRANC,FRTJA,08:47,FRAVG
7833,2023-06-10,LYON (intramuros),NON,9583,12:01,INTERNATIONAL,BESANCON - F COMTE TGV,MRSFRANC,FRTJB,10:04,FRLPD
7834,2023-06-10,MARSEILLE ST CHARLES,NON,9583,14:23,INTERNATIONAL,BADEN BADEN,MRSFRANC,DEZCC,08:11,FRMSC
7835,2023-06-10,MARSEILLE ST CHARLES,NON,9583,12:51,INTERNATIONAL,MULHOUSE VILLE,MRSFRANC,FRAEK,08:11,FRMSC
7836,2023-06-10,BELFORT-MONTBELIARD TGV,NON,9583,14:23,INTERNATIONAL,BADEN BADEN,MRSFRANC,DEZCC,12:27,FRTJA
7837,2023-06-10,BESANCON - F COMTE TGV,NON,9583,15:59,INTERNATIONAL,FRANKFURT MAIN HBF,MRSFRANC,DEFRH,12:04,FRTJB
7838,2023-06-10,BESANCON - F COMTE TGV,NON,9583,12:24,INTERNATIONAL,BELFORT-MONTBELIARD TGV,MRSFRANC,FRTJA,12:04,FRTJB
7839,2023-06-10,CHALON SUR SAONE,NON,9583,15:18,INTERNATIONAL,MANNHEIM HBF,MRSFRANC,DEMHG,11:06,FRXCD
7840,2023-06-10,CHALON SUR SAONE,NON,9583,13:43,INTERNATIONAL,STRASBOURG,MRSFRANC,FRAEG,11:06,FRXCD
7841,2023-06-10,MARNE LA VALLEE CHESSY,NON,5026,15:51,NORD,MONTPELLIER SUD DE FRANCE,JCNORDSUD,FRSUF,12:13,FRMLV
7842,2023-06-10,VALENCE TGV RHONE-ALPES SUD,OUI,5026,15:30,NORD,NIMES PONT DU GARD,JCNORDSUD,FRXZP,14:53,FRVLA
7843,2023-06-10,AVIGNON CENTRE,OUI,6196,14:46,SUD EST,MONTELIMAR GARE SNCF,VDRPA,FRXMK,14:04,FRAES
7844,2023-06-10,LYON-SAINT EXUPERY TGV,OUI,6196,17:48,SUD EST,PARIS (intramuros),VDRPA,FRPLY,15:59,FRJDQ
7845,2023-06-10,ORANGE,OUI,6196,17:48,SUD EST,PARIS (intramuros),VDRPA,FRPLY,14:21,FRXOG
7846,2023-06-10,LILLE (intramuros),NON,5010,08:38,NORD,MARNE LA VALLEE CHESSY,JCNORDSUD,FRMLV,07:24,FRLLE
7847,2023-06-10,MARNE LA VALLEE CHESSY,NON,5010,12:24,NORD,MARSEILLE ST CHARLES,JCNORDSUD,FRMSC,08:43,FRMLV
7848,2023-06-10,TGV HAUTE PICARDIE,NON,5010,11:52,NORD,AVIGNON TGV,JCNORDSUD,FRAVG,07:54,FRTHP
7849,2023-06-10,VALENCE TGV RHONE-ALPES SUD,NON,5010,11:52,NORD,AVIGNON TGV,JCNORDSUD,FRAVG,11:20,FRVLA
7850,2023-06-10,VALENCE TGV RHONE-ALPES SUD,NON,5010,12:24,NORD,MARSEILLE ST CHARLES,JCNORDSUD,FRMSC,11:20,FRVLA
7851,2023-06-10,LYON (intramuros),OUI,6624,16:48,SUD EST,LE CREUSOT MONTCEAU MONTCHANIN,RHONEPARIS,FRXCC,15:50,FRLPE
7852,2023-06-10,LE CREUSOT MONTCEAU MONTCHANIN,OUI,6624,18:08,SUD EST,PARIS (intramuros),RHONEPARIS,FRPLY,16:51,FRXCC
7853,2023-06-10,LA ROCHELLE VILLE,OUI,8364,19:37,ATLANTIQUE,PARIS (intramuros),ROCHELLEPA,FRPMO,17:01,FRLRH
7854,2023-06-10,ANGERS ST LAUD,OUI,8984,19:14,ATLANTIQUE,PARIS (intramuros),LOIREPARIS,FRPMO,17:48,FRACL
7855,2023-06-10,CHAMPAGNE-ARDENNE,OUI,2536,11:50,EST,PARIS (intramuros),NANCYPA,FRPST,11:08,FREAH
7856,2023-06-10,NANCY,NON,2536,11:05,EST,CHAMPAGNE-ARDENNE,NANCYPA,FREAH,10:11,FRENC
7857,2023-06-10,NANCY,NON,2536,11:50,EST,PARIS (intramuros),NANCYPA,FRPST,10:11,FRENC
7858,2023-06-10,CANNES,OUI,6174,11:44,SUD EST,TOULON,AZURPA,FRTLN,10:32,FRJCA
7859,2023-06-10,CANNES,OUI,6174,10:55,SUD EST,ST RAPHAEL VALESCURE,AZURPA,FRXSK,10:32,FRJCA
7860,2023-06-10,MARSEILLE ST CHARLES,NON,6174,15:50,SUD EST,PARIS (intramuros),AZURPA,FRPLY,12:47,FRMSC
7861,2023-06-10,NICE VILLE,NON,6174,15:50,SUD EST,PARIS (intramuros),AZURPA,FRPLY,09:57,FRNIC
7862,2023-06-10,TOULON,NON,6174,15:50,SUD EST,PARIS (intramuros),AZURPA,FRPLY,11:48,FRTLN
7863,2023-06-10,ARRAS,NON,7544,22:08,NORD,PARIS (intramuros),ARRASPA,FRPNO,21:18,FRQRV
7864,2023-06-10,GENEVE,NON,9774,17:42,INTERNATIONAL,PARIS (intramuros),GENEVEPA,FRPLY,14:29,CHGVA
7865,2023-06-10,METZ VILLE,OUI,2817,15:27,EST,THIONVILLE,PAMETZLUX,FRXTH,15:10,FRADE
7866,2023-06-10,LAVAL,NON,8623,17:33,ATLANTIQUE,GUINGAMP,PARISBRETA,FRGGP,16:00,FRACR
7867,2023-06-10,LAVAL,NON,8623,18:02,ATLANTIQUE,MORLAIX,PARISBRETA,FRMXN,16:00,FRACR
7868,2023-06-10,MORLAIX,OUI,8623,18:37,ATLANTIQUE,BREST,PARISBRETA,FRBES,18:04,FRMXN
7869,2023-06-10,CHATEAUROUX,OUI,3685,00:03,IC ARO,BRIVE LA GAILLARDE,PALITO,FRBVE,21:43,FRCHR
7870,2023-06-10,LA SOUTERRAINE,OUI,3685,00:03,IC ARO,BRIVE LA GAILLARDE,PALITO,FRBVE,22:25,FRLST
7871,2023-06-10,PARIS (intramuros),OUI,3685,21:41,IC ARO,CHATEAUROUX,PALITO,FRCHR,19:36,FRPAZ
7872,2023-06-10,PARIS (intramuros),OUI,3685,21:58,IC ARO,ARGENTON SUR CREUSE,PALITO,FRFMT,19:36,FRPAZ
7873,2023-06-10,PARIS (intramuros),OUI,3685,22:23,IC ARO,LA SOUTERRAINE,PALITO,FRLST,19:36,FRPAZ
7874,2023-06-10,VIERZON VILLE,OUI,3685,21:41,IC ARO,CHATEAUROUX,PALITO,FRCHR,21:10,FRXVZ
7875,2023-06-10,AIX EN PROVENCE TGV,OUI,6813,15:46,SUD EST,MARSEILLE ST CHARLES,JCPROVSUD,FRMSC,15:35,FRAIE
7876,2023-06-10,AVIGNON TGV,NON,6813,15:32,SUD EST,AIX EN PROVENCE TGV,JCPROVSUD,FRAIE,15:13,FRAVG
7877,2023-06-10,CAPDENAC,NON,3754,05:43,IC NUIT,LES AUBRAIS ORLEANS,OCCITANPAR,FRLAB,23:47,FRCDC
7878,2023-06-10,AUBIN,NON,3754,06:50,IC NUIT,PARIS (intramuros),OCCITANPAR,FRPAZ,23:24,FRFSQ
7879,2023-06-10,CRANSAC,NON,3754,05:43,IC NUIT,LES AUBRAIS ORLEANS,OCCITANPAR,FRLAB,23:20,FRFSR
7880,2023-06-10,RODEZ,NON,3754,05:43,IC NUIT,LES AUBRAIS ORLEANS,OCCITANPAR,FRLAB,22:38,FRRDZ
7881,2023-06-10,ANGERS ST LAUD,NON,5480,19:29,EST,STRASBOURG,JCATLEST,FRAEG,14:49,FRACL
7882,2023-06-10,ANGERS ST LAUD,OUI,5480,15:27,EST,LE MANS,JCATLEST,FRAET,14:49,FRACL
7883,2023-06-10,AEROPORT CDG2 TGV ROISSY,NON,5480,18:00,EST,CHAMPAGNE-ARDENNE,JCATLEST,FREAH,17:29,FRMLW
7884,2023-06-10,LOURDES,NON,3742,07:18,IC NUIT,PARIS (intramuros),PALOMBEPAR,FRPAZ,21:57,FRLDE
7885,2023-06-10,TARBES,NON,3742,07:18,IC NUIT,PARIS (intramuros),PALOMBEPAR,FRPAZ,22:13,FRXTB
7886,2023-06-10,ST GAUDENS,NON,3742,06:08,IC NUIT,LES AUBRAIS ORLEANS,PALOMBEPAR,FRLAB,22:56,FRFPH
7887,2023-06-10,SELESTAT,OUI,2350,07:56,EST,LORRAINE TGV,MULHSTRAPA,FREAM,06:52,FRXSQ
7888,2023-06-10,AIX EN PROVENCE TGV,NON,6181,23:00,SUD EST,NICE VILLE,PAAZUR,FRNIC,20:20,FRAIE
7889,2023-06-10,PARIS (intramuros),NON,6181,22:41,SUD EST,ANTIBES,PAAZUR,FRXAT,17:20,FRPLY
7890,2023-06-10,TOULON,OUI,6181,23:00,SUD EST,NICE VILLE,PAAZUR,FRNIC,21:15,FRTLN
7891,2023-06-10,TOULON,OUI,6181,22:02,SUD EST,ST RAPHAEL VALESCURE,PAAZUR,FRXSK,21:15,FRTLN
7892,2023-06-10,ST RAPHAEL VALESCURE,OUI,6181,22:28,SUD EST,CANNES,PAAZUR,FRJCA,22:05,FRXSK
7893,2023-06-10,NICE VILLE,OUI,6176,13:44,SUD EST,TOULON,AZURPA,FRTLN,12:02,FRNIC
7894,2023-06-10,NICE VILLE,OUI,6176,12:16,SUD EST,ANTIBES,AZURPA,FRXAT,12:02,FRNIC
7895,2023-06-10,ANTIBES,NON,6176,14:33,SUD EST,MARSEILLE ST CHARLES,AZURPA,FRMSC,12:19,FRXAT
7896,2023-06-10,ST RAPHAEL VALESCURE,NON,6176,17:51,SUD EST,PARIS (intramuros),AZURPA,FRPLY,12:58,FRXSK
7897,2023-06-10,LA BAULE ESCOUBLAC,OUI,8926,17:59,ATLANTIQUE,NANTES,LOIREPARIS,FRNTE,17:07,FRJEE
7898,2023-06-10,LA BAULE ESCOUBLAC,OUI,8926,17:21,ATLANTIQUE,ST NAZAIRE,LOIREPARIS,FRSNR,17:07,FRJEE
7899,2023-06-10,NANTES,OUI,8926,19:05,ATLANTIQUE,SABLE SUR SARTHE,LOIREPARIS,FRSAB,18:05,FRNTE
7900,2023-06-10,ST NAZAIRE,OUI,8926,18:41,ATLANTIQUE,ANGERS ST LAUD,LOIREPARIS,FRACL,17:24,FRSNR
7901,2023-06-10,VICHY,OUI,5990,20:29,IC ARO,MOULINS SUR ALLIER,CLERMONTPA,FRXMU,20:06,FRVHY
7902,2023-06-10,BREST,OUI,8602,06:38,ATLANTIQUE,ST BRIEUC,BRETAPARIS,FRSBK,05:23,FRBES
7903,2023-06-10,MORLAIX,OUI,8602,09:08,ATLANTIQUE,PARIS (intramuros),BRETAPARIS,FRPMO,05:55,FRMXN
7904,2023-06-10,RENNES,OUI,8602,09:08,ATLANTIQUE,PARIS (intramuros),BRETAPARIS,FRPMO,07:35,FRRNS
7905,2023-06-10,ST BRIEUC,OUI,8602,07:29,ATLANTIQUE,RENNES,BRETAPARIS,FRRNS,06:41,FRSBK
7906,2023-06-10,PARIS (intramuros),NON,6275,15:41,SUD EST,AGDE,PALANG,FRXAG,11:44,FRPLY
7907,2023-06-10,PARIS (intramuros),NON,6275,15:25,SUD EST,SETE,PALANG,FRXSY,11:44,FRPLY
7908,2023-06-10,VALENCE TGV RHONE-ALPES SUD,OUI,6275,14:59,SUD EST,MONTPELLIER SUD DE FRANCE,PALANG,FRSUF,14:00,FRVLA
7909,2023-06-10,MONTPELLIER SUD DE FRANCE,OUI,6275,16:52,SUD EST,PERPIGNAN,PALANG,FRPGF,15:10,FRSUF
7910,2023-06-10,MARSEILLE ST CHARLES,NON,6024,16:38,SUD EST,AVIGNON TGV,PROVENCEPA,FRAVG,16:04,FRMSC
7911,2023-06-10,PARIS (intramuros),NON,6621,17:08,SUD EST,LE CREUSOT MONTCEAU MONTCHANIN,PARISRHONE,FRXCC,15:50,FRPLY
7912,2023-06-10,LE CREUSOT MONTCEAU MONTCHANIN,OUI,6621,18:03,SUD EST,LYON (intramuros),PARISRHONE,FRLPD,17:11,FRXCC
7913,2023-06-10,LE CREUSOT MONTCEAU MONTCHANIN,OUI,6621,18:17,SUD EST,LYON (intramuros),PARISRHONE,FRLPE,17:11,FRXCC
7914,2023-06-10,MEUSE TGV,NON,2573,21:05,EST,REMIREMONT,PANANCY,FRRNT,19:13,FREAJ
7915,2023-06-10,ANGERS ST LAUD,NON,4506,22:09,IC SRO,NANTES,JOURLYNNTE,FRNTE,21:28,FRACL
7916,2023-06-10,BOURGES,NON,4506,19:26,IC SRO,VIERZON VILLE,JOURLYNNTE,FRXVZ,19:07,FRBOU
7917,2023-06-10,LYON (intramuros),NON,4506,17:51,IC SRO,MOULINS SUR ALLIER,JOURLYNNTE,FRXMU,15:44,FRLPD
7918,2023-06-10,LYON (intramuros),NON,4506,15:40,IC SRO,LYON (intramuros),JOURLYNNTE,FRLPD,15:32,FRLPE
7919,2023-06-10,LYON (intramuros),NON,4506,16:46,IC SRO,ROANNE,JOURLYNNTE,FRRNE,15:32,FRLPE
7920,2023-06-10,NEVERS,NON,4506,21:26,IC SRO,ANGERS ST LAUD,JOURLYNNTE,FRACL,18:29,FRNVS
7921,2023-06-10,NEVERS,NON,4506,19:05,IC SRO,BOURGES,JOURLYNNTE,FRBOU,18:29,FRNVS
7922,2023-06-10,NEVERS,NON,4506,20:26,IC SRO,ST PIERRE DES CORPS,JOURLYNNTE,FRXSH,18:29,FRNVS
7923,2023-06-10,ROANNE,NON,4506,19:05,IC SRO,BOURGES,JOURLYNNTE,FRBOU,16:48,FRRNE
7924,2023-06-10,ST GERMAIN DES FOSSES,NON,4506,21:26,IC SRO,ANGERS ST LAUD,JOURLYNNTE,FRACL,17:28,FRSGF
7925,2023-06-10,ST GERMAIN DES FOSSES,NON,4506,19:05,IC SRO,BOURGES,JOURLYNNTE,FRBOU,17:28,FRSGF
7926,2023-06-10,MOULINS SUR ALLIER,NON,4506,21:26,IC SRO,ANGERS ST LAUD,JOURLYNNTE,FRACL,17:53,FRXMU
7927,2023-06-10,MOULINS SUR ALLIER,NON,4506,18:21,IC SRO,NEVERS,JOURLYNNTE,FRNVS,17:53,FRXMU
7928,2023-06-10,MOULINS SUR ALLIER,NON,4506,20:26,IC SRO,ST PIERRE DES CORPS,JOURLYNNTE,FRXSH,17:53,FRXMU
7929,2023-06-10,MOULINS SUR ALLIER,NON,4506,19:26,IC SRO,VIERZON VILLE,JOURLYNNTE,FRXVZ,17:53,FRXMU
7930,2023-06-10,ST PIERRE DES CORPS,NON,4506,21:26,IC SRO,ANGERS ST LAUD,JOURLYNNTE,FRACL,20:29,FRXSH
7931,2023-06-10,ST PIERRE DES CORPS,NON,4506,22:09,IC SRO,NANTES,JOURLYNNTE,FRNTE,20:29,FRXSH
7932,2023-06-10,VIERZON VILLE,NON,4506,21:26,IC SRO,ANGERS ST LAUD,JOURLYNNTE,FRACL,19:28,FRXVZ
7933,2023-06-10,VIERZON VILLE,NON,4506,21:03,IC SRO,SAUMUR,JOURLYNNTE,FRACN,19:28,FRXVZ
7934,2023-06-10,VIERZON VILLE,NON,4506,20:26,IC SRO,ST PIERRE DES CORPS,JOURLYNNTE,FRXSH,19:28,FRXVZ
7935,2023-06-10,GENEVE,NON,9766,11:42,INTERNATIONAL,PARIS (intramuros),GENEVEPA,FRPLY,08:29,CHGVA
7936,2023-06-10,GENEVE,NON,9766,09:49,INTERNATIONAL,BOURG EN BRESSE,GENEVEPA,FRXBK,08:29,CHGVA
7937,2023-06-10,CHAMPAGNE-ARDENNE,OUI,2540,14:45,EST,PARIS (intramuros),NANCYPA,FRPST,14:01,FREAH
7938,2023-06-10,PARIS (intramuros),NON,3971,06:35,IC NUIT,SAVERDUN,PARPALOMBE,FRFPU,21:41,FRPAZ
7939,2023-06-10,PARIS (intramuros),NON,3971,08:26,IC NUIT,PORTE PUYMORENS,PARPALOMBE,FRFQF,21:41,FRPAZ
7940,2023-06-10,LIMOGES BENEDICTINS,NON,3605,11:43,IC ARO,GOURDON,PALITO,FRFSI,09:59,FRAGQ
7941,2023-06-10,BRIVE LA GAILLARDE,NON,3605,12:51,IC ARO,MONTAUBAN VILLE BOURBON,PALITO,FRXMW,11:03,FRBVE
7942,2023-06-10,CHATEAUROUX,NON,3605,11:43,IC ARO,GOURDON,PALITO,FRFSI,08:44,FRCHR
7943,2023-06-10,CHATEAUROUX,NON,3605,11:27,IC ARO,SOUILLAC,PALITO,FRSOU,08:44,FRCHR
7944,2023-06-10,CAUSSADE TARN ET GARONNE,OUI,3605,12:51,IC ARO,MONTAUBAN VILLE BOURBON,PALITO,FRXMW,12:38,FRFTA
7945,2023-06-10,LES AUBRAIS ORLEANS,NON,3605,11:00,IC ARO,BRIVE LA GAILLARDE,PALITO,FRBVE,07:35,FRLAB
7946,2023-06-10,LES AUBRAIS ORLEANS,NON,3605,12:37,IC ARO,CAUSSADE TARN ET GARONNE,PALITO,FRFTA,07:35,FRLAB
7947,2023-06-10,LES AUBRAIS ORLEANS,NON,3605,11:27,IC ARO,SOUILLAC,PALITO,FRSOU,07:35,FRLAB
7948,2023-06-10,LA SOUTERRAINE,NON,3605,11:27,IC ARO,SOUILLAC,PALITO,FRSOU,09:22,FRLST
7949,2023-06-10,PARIS (intramuros),NON,3605,11:00,IC ARO,BRIVE LA GAILLARDE,PALITO,FRBVE,06:33,FRPAZ
7950,2023-06-10,PARIS (intramuros),NON,3605,08:42,IC ARO,CHATEAUROUX,PALITO,FRCHR,06:33,FRPAZ
7951,2023-06-10,PARIS (intramuros),NON,3605,12:37,IC ARO,CAUSSADE TARN ET GARONNE,PALITO,FRFTA,06:33,FRPAZ
7952,2023-06-10,PARIS (intramuros),NON,3605,09:20,IC ARO,LA SOUTERRAINE,PALITO,FRLST,06:33,FRPAZ
7953,2023-06-10,PARIS (intramuros),NON,3605,13:25,IC ARO,TOULOUSE MATABIAU,PALITO,FRXYT,06:33,FRPAZ
7954,2023-06-10,PARIS (intramuros),NON,3605,12:10,IC ARO,CAHORS,PALITO,FRZAO,06:33,FRPAZ
7955,2023-06-10,VIERZON VILLE,NON,3605,11:43,IC ARO,GOURDON,PALITO,FRFSI,08:12,FRXVZ
7956,2023-06-10,VIERZON VILLE,NON,3605,09:20,IC ARO,LA SOUTERRAINE,PALITO,FRLST,08:12,FRXVZ
7957,2023-06-10,VIERZON VILLE,NON,3605,12:10,IC ARO,CAHORS,PALITO,FRZAO,08:12,FRXVZ
7958,2023-06-10,LA SOUTERRAINE,NON,3605,12:37,IC ARO,CAUSSADE TARN ET GARONNE,PALITO,FRFTA,09:22,FRLST
7959,2023-06-10,ANGERS ST LAUD,NON,4402,10:22,IC SRO,NEVERS,JOURNTELYN,FRNVS,07:10,FRACL
7960,2023-06-10,ANGERS ST LAUD,NON,4402,11:25,IC SRO,ST GERMAIN DES FOSSES,JOURNTELYN,FRSGF,07:10,FRACL
7961,2023-06-10,ANGERS ST LAUD,NON,4402,08:05,IC SRO,ST PIERRE DES CORPS,JOURNTELYN,FRXSH,07:10,FRACL
7962,2023-06-10,SAUMUR,NON,4402,08:05,IC SRO,ST PIERRE DES CORPS,JOURNTELYN,FRXSH,07:32,FRACN
7963,2023-06-10,SAUMUR,NON,4402,09:16,IC SRO,VIERZON VILLE,JOURNTELYN,FRXVZ,07:32,FRACN
7964,2023-06-10,BOURGES,NON,4402,13:10,IC SRO,LYON (intramuros),JOURNTELYN,FRLPD,09:45,FRBOU
7965,2023-06-10,BOURGES,NON,4402,11:00,IC SRO,MOULINS SUR ALLIER,JOURNTELYN,FRXMU,09:45,FRBOU
7966,2023-06-10,NANTES,NON,4402,09:43,IC SRO,BOURGES,JOURNTELYN,FRBOU,06:26,FRNTE
7967,2023-06-10,NANTES,NON,4402,13:22,IC SRO,LYON (intramuros),JOURNTELYN,FRLPE,06:26,FRNTE
7968,2023-06-10,NANTES,NON,4402,12:04,IC SRO,ROANNE,JOURNTELYN,FRRNE,06:26,FRNTE
7969,2023-06-10,NANTES,NON,4402,11:25,IC SRO,ST GERMAIN DES FOSSES,JOURNTELYN,FRSGF,06:26,FRNTE
7970,2023-06-10,NEVERS,NON,4402,12:04,IC SRO,ROANNE,JOURNTELYN,FRRNE,10:32,FRNVS
7971,2023-06-10,NEVERS,NON,4402,11:00,IC SRO,MOULINS SUR ALLIER,JOURNTELYN,FRXMU,10:32,FRNVS
7972,2023-06-10,ST GERMAIN DES FOSSES,NON,4402,13:22,IC SRO,LYON (intramuros),JOURNTELYN,FRLPE,11:27,FRSGF
7973,2023-06-10,ST GERMAIN DES FOSSES,NON,4402,12:04,IC SRO,ROANNE,JOURNTELYN,FRRNE,11:27,FRSGF
7974,2023-06-10,MOULINS SUR ALLIER,NON,4402,13:10,IC SRO,LYON (intramuros),JOURNTELYN,FRLPD,11:02,FRXMU
7975,2023-06-10,MOULINS SUR ALLIER,NON,4402,12:04,IC SRO,ROANNE,JOURNTELYN,FRRNE,11:02,FRXMU
7976,2023-06-10,ST PIERRE DES CORPS,NON,4402,13:10,IC SRO,LYON (intramuros),JOURNTELYN,FRLPD,08:08,FRXSH
7977,2023-06-10,ST PIERRE DES CORPS,NON,4402,13:22,IC SRO,LYON (intramuros),JOURNTELYN,FRLPE,08:08,FRXSH
7978,2023-06-10,ST PIERRE DES CORPS,NON,4402,10:22,IC SRO,NEVERS,JOURNTELYN,FRNVS,08:08,FRXSH
7979,2023-06-10,VIERZON VILLE,NON,4402,09:43,IC SRO,BOURGES,JOURNTELYN,FRBOU,09:20,FRXVZ
7980,2023-06-10,POITIERS,OUI,8330,06:49,ATLANTIQUE,CHATELLERAULT,ROCHELLEPA,FRXCX,06:32,FRPIS
7981,2023-06-10,AVIGNON TGV,NON,6805,12:26,SUD EST,CANNES,JCPROVSUD,FRJCA,09:29,FRAVG
7982,2023-06-10,AVIGNON TGV,NON,6805,12:39,SUD EST,ANTIBES,JCPROVSUD,FRXAT,09:29,FRAVG
7983,2023-06-10,LYON (intramuros),NON,6805,09:48,SUD EST,AIX EN PROVENCE TGV,JCPROVSUD,FRAIE,08:06,FRLPD
7984,2023-06-10,LYON (intramuros),NON,6805,10:03,SUD EST,MARSEILLE ST CHARLES,JCPROVSUD,FRMSC,08:06,FRLPD
7985,2023-06-10,LYON (intramuros),NON,6805,08:47,SUD EST,VALENCE TGV RHONE-ALPES SUD,JCPROVSUD,FRVLA,08:06,FRLPD
7986,2023-06-10,TOULON,OUI,6805,12:58,SUD EST,NICE VILLE,JCPROVSUD,FRNIC,11:11,FRTLN
7987,2023-06-10,VALENCE TGV RHONE-ALPES SUD,NON,6805,09:26,SUD EST,AVIGNON TGV,JCPROVSUD,FRAVG,08:53,FRVLA
7988,2023-06-10,VALENCE TGV RHONE-ALPES SUD,NON,6805,10:03,SUD EST,MARSEILLE ST CHARLES,JCPROVSUD,FRMSC,08:53,FRVLA
7989,2023-06-10,VALENCE TGV RHONE-ALPES SUD,NON,6805,12:02,SUD EST,ST RAPHAEL VALESCURE,JCPROVSUD,FRXSK,08:53,FRVLA
7990,2023-06-10,ANTIBES,OUI,6805,12:58,SUD EST,NICE VILLE,JCPROVSUD,FRNIC,12:42,FRXAT
7991,2023-06-10,MULHOUSE VILLE,NON,6700,06:32,SUD EST,BESANCON - F COMTE TGV,BOURPA,FRTJB,05:47,FRAEK
7992,2023-06-10,BESANCON - F COMTE TGV,NON,6700,07:02,SUD EST,DIJON VILLE,BOURPA,FRABA,06:35,FRTJB
7993,2023-06-10,AGEN,OUI,4756,13:37,IC ARO,BORDEAUX ST JEAN,TJOURSESO,FRBOJ,12:33,FRAGF
7994,2023-06-10,BEZIERS,OUI,4756,13:37,IC ARO,BORDEAUX ST JEAN,TJOURSESO,FRBOJ,09:47,FRBZR
7995,2023-06-10,NARBONNE,OUI,4756,11:18,IC ARO,TOULOUSE MATABIAU,TJOURSESO,FRXYT,10:04,FRXNA
7996,2023-06-10,TOULOUSE MATABIAU,OUI,4756,13:37,IC ARO,BORDEAUX ST JEAN,TJOURSESO,FRBOJ,11:24,FRXYT
7997,2023-06-10,EPINAL,OUI,2574,08:46,EST,PARIS (intramuros),NANCYPA,FRPST,06:20,FREPL
7998,2023-06-10,REMIREMONT,OUI,2574,06:17,EST,EPINAL,NANCYPA,FREPL,05:56,FRRNT
7999,2023-06-10,REMIREMONT,OUI,2574,08:46,EST,PARIS (intramuros),NANCYPA,FRPST,05:56,FRRNT
8000,2023-06-10,MONTPELLIER SAINT-ROCH,OUI,6221,12:03,SUD EST,BEZIERS,PALANG,FRBZR,11:17,FRMPL
8001,2023-06-10,PARIS (intramuros),NON,6221,09:52,SUD EST,VALENCE TGV RHONE-ALPES SUD,PALANG,FRVLA,07:40,FRPLY
8002,2023-06-10,PARIS (intramuros),NON,6221,11:48,SUD EST,AGDE,PALANG,FRXAG,07:40,FRPLY
8003,2023-06-10,VALENCE TGV RHONE-ALPES SUD,NON,6221,12:56,SUD EST,PERPIGNAN,PALANG,FRPGF,09:55,FRVLA
8004,2023-06-10,VALENCE TGV RHONE-ALPES SUD,NON,6221,11:31,SUD EST,SETE,PALANG,FRXSY,09:55,FRVLA
8005,2023-06-10,NARBONNE,OUI,6221,12:56,SUD EST,PERPIGNAN,PALANG,FRPGF,12:23,FRXNA
8006,2023-06-10,BRIVE LA GAILLARDE,OUI,3694,21:45,IC ARO,VIERZON VILLE,TOULOUZECO,FRXVZ,18:56,FRBVE
8007,2023-06-10,CHATEAUROUX,OUI,3694,22:22,IC ARO,LES AUBRAIS ORLEANS,TOULOUZECO,FRLAB,21:11,FRCHR
8008,2023-06-10,CHATEAUROUX,OUI,3694,23:23,IC ARO,PARIS (intramuros),TOULOUZECO,FRPAZ,21:11,FRCHR
8009,2023-06-10,GOURDON,OUI,3694,22:22,IC ARO,LES AUBRAIS ORLEANS,TOULOUZECO,FRLAB,18:10,FRFSI
8010,2023-06-10,CAUSSADE TARN ET GARONNE,OUI,3694,21:09,IC ARO,CHATEAUROUX,TOULOUZECO,FRCHR,17:17,FRFTA
8011,2023-06-10,LES AUBRAIS ORLEANS,OUI,3694,23:23,IC ARO,PARIS (intramuros),TOULOUZECO,FRPAZ,22:24,FRLAB
8012,2023-06-10,LA SOUTERRAINE,OUI,3694,23:23,IC ARO,PARIS (intramuros),TOULOUZECO,FRPAZ,20:34,FRLST
8013,2023-06-10,SOUILLAC,OUI,3694,18:53,IC ARO,BRIVE LA GAILLARDE,TOULOUZECO,FRBVE,18:27,FRSOU
8014,2023-06-10,SOUILLAC,OUI,3694,22:22,IC ARO,LES AUBRAIS ORLEANS,TOULOUZECO,FRLAB,18:27,FRSOU
8015,2023-06-10,MONTAUBAN VILLE BOURBON,OUI,3694,22:22,IC ARO,LES AUBRAIS ORLEANS,TOULOUZECO,FRLAB,17:03,FRXMW
8016,2023-06-10,MONTAUBAN VILLE BOURBON,OUI,3694,23:23,IC ARO,PARIS (intramuros),TOULOUZECO,FRPAZ,17:03,FRXMW
8017,2023-06-10,TOULOUSE MATABIAU,OUI,3694,22:22,IC ARO,LES AUBRAIS ORLEANS,TOULOUZECO,FRLAB,16:31,FRXYT
8018,2023-06-10,CAHORS,OUI,3694,20:32,IC ARO,LA SOUTERRAINE,TOULOUZECO,FRLST,17:43,FRZAO
8019,2023-06-10,CAHORS,OUI,3694,23:23,IC ARO,PARIS (intramuros),TOULOUZECO,FRPAZ,17:43,FRZAO
8020,2023-06-10,GOURDON,OUI,3694,20:32,IC ARO,LA SOUTERRAINE,TOULOUZECO,FRLST,18:10,FRFSI
8021,2023-06-10,POITIERS,NON,8431,08:23,ATLANTIQUE,ANGOULEME,PASUDOUEST,FRANG,07:43,FRPIS
8022,2023-06-10,PARIS (intramuros),NON,8431,07:40,ATLANTIQUE,POITIERS,PASUDOUEST,FRPIS,06:00,FRPMO
8023,2023-06-10,ST PIERRE DES CORPS,NON,8431,09:07,ATLANTIQUE,BORDEAUX ST JEAN,PASUDOUEST,FRBOJ,07:10,FRXSH
8024,2023-06-10,LIMOGES BENEDICTINS,OUI,3665,23:15,IC ARO,CAHORS,PALITO,FRZAO,21:04,FRAGQ
8025,2023-06-10,CHATEAUROUX,OUI,3665,22:03,IC ARO,BRIVE LA GAILLARDE,PALITO,FRBVE,19:45,FRCHR
8026,2023-06-10,GOURDON,OUI,3665,23:15,IC ARO,CAHORS,PALITO,FRZAO,22:48,FRFSI
8027,2023-06-10,LA SOUTERRAINE,OUI,3665,21:01,IC ARO,LIMOGES BENEDICTINS,PALITO,FRAGQ,20:26,FRLST
8028,2023-06-10,VIERZON VILLE,OUI,3665,22:30,IC ARO,SOUILLAC,PALITO,FRSOU,19:13,FRXVZ
8029,2023-06-10,BEZIERS,OUI,4752,10:28,IC ARO,AGEN,TJOURSESO,FRAGF,07:46,FRBZR
8030,2023-06-10,CARCASSONNE,OUI,4752,09:51,IC ARO,MONTAUBAN VILLE BOURBON,TJOURSESO,FRXMW,08:33,FRCCF
8031,2023-06-10,CARCASSONNE,OUI,4752,09:16,IC ARO,TOULOUSE MATABIAU,TJOURSESO,FRXYT,08:33,FRCCF
8032,2023-06-10,NIMES,OUI,4752,11:32,IC ARO,BORDEAUX ST JEAN,TJOURSESO,FRBOJ,06:38,FRFNI
8033,2023-06-10,MONTPELLIER SAINT-ROCH,OUI,4752,07:43,IC ARO,BEZIERS,TJOURSESO,FRBZR,07:06,FRMPL
8034,2023-06-10,MONTPELLIER SAINT-ROCH,OUI,4752,09:16,IC ARO,TOULOUSE MATABIAU,TJOURSESO,FRXYT,07:06,FRMPL
8035,2023-06-10,MONTAUBAN VILLE BOURBON,OUI,4752,11:32,IC ARO,BORDEAUX ST JEAN,TJOURSESO,FRBOJ,09:53,FRXMW
8036,2023-06-10,NARBONNE,OUI,4752,10:28,IC ARO,AGEN,TJOURSESO,FRAGF,08:02,FRXNA
8037,2023-06-10,NARBONNE,OUI,4752,11:32,IC ARO,BORDEAUX ST JEAN,TJOURSESO,FRBOJ,08:02,FRXNA
8038,2023-06-10,LE MANS,NON,5460,19:29,EST,CHAMPAGNE-ARDENNE,JCATLEST,FREAH,16:57,FRAET
8039,2023-06-10,MASSY TGV,NON,5460,21:04,EST,STRASBOURG,JCATLEST,FRAEG,17:54,FRDJU
8040,2023-06-10,MASSY TGV,NON,5460,20:00,EST,MEUSE TGV,JCATLEST,FREAJ,17:54,FRDJU
8041,2023-06-10,MASSY TGV,NON,5460,20:25,EST,LORRAINE TGV,JCATLEST,FREAM,17:54,FRDJU
8042,2023-06-10,CHAMPAGNE-ARDENNE,NON,5460,20:00,EST,MEUSE TGV,JCATLEST,FREAJ,19:35,FREAH
8043,2023-06-10,MARNE LA VALLEE CHESSY,NON,5460,20:25,EST,LORRAINE TGV,JCATLEST,FREAM,18:28,FRMLV
8044,2023-06-10,AEROPORT CDG2 TGV ROISSY,NON,5460,21:04,EST,STRASBOURG,JCATLEST,FRAEG,18:53,FRMLW
8045,2023-06-10,AEROPORT CDG2 TGV ROISSY,NON,5460,20:00,EST,MEUSE TGV,JCATLEST,FREAJ,18:53,FRMLW
8046,2023-06-10,QUIMPER,OUI,8746,20:06,ATLANTIQUE,AURAY,BRETAPARIS,FRXUY,19:16,FRUIP
8047,2023-06-10,AURAY,OUI,8746,23:08,ATLANTIQUE,PARIS (intramuros),BRETAPARIS,FRPMO,20:09,FRXUY
8048,2023-06-10,ANGERS ST LAUD,OUI,8972,13:25,ATLANTIQUE,PARIS (intramuros),LOIREPARIS,FRPMO,11:45,FRACL
8049,2023-06-10,LES SABLES D'OLONNE,OUI,8972,11:42,ATLANTIQUE,ANGERS ST LAUD,LOIREPARIS,FRACL,09:44,FRLSO
8050,2023-06-10,NANTES,OUI,8972,11:42,ATLANTIQUE,ANGERS ST LAUD,LOIREPARIS,FRACL,11:05,FRNTE
8051,2023-06-10,BORDEAUX ST JEAN,OUI,8519,22:22,ATLANTIQUE,AGEN,PASUDOUEST,FRAGF,21:20,FRBOJ
8052,2023-06-10,BORDEAUX ST JEAN,OUI,8519,23:02,ATLANTIQUE,MONTAUBAN VILLE BOURBON,PASUDOUEST,FRXMW,21:20,FRBOJ
8053,2023-06-10,BORDEAUX ST JEAN,OUI,8519,23:36,ATLANTIQUE,TOULOUSE MATABIAU,PASUDOUEST,FRXYT,21:20,FRBOJ
8054,2023-06-10,PARIS (intramuros),OUI,8519,22:22,ATLANTIQUE,AGEN,PASUDOUEST,FRAGF,19:08,FRPMO
8055,2023-06-10,PARIS (intramuros),OUI,8519,23:36,ATLANTIQUE,TOULOUSE MATABIAU,PASUDOUEST,FRXYT,19:08,FRPMO
8056,2023-06-10,DAX,NON,8551,22:47,ATLANTIQUE,HENDAYE,PASUDOUEST,FRAEF,21:32,FRACG
8057,2023-06-10,PARIS (intramuros),NON,8551,22:16,ATLANTIQUE,BIARRITZ,PASUDOUEST,FRBIQ,18:07,FRPMO
8058,2023-06-10,STRASBOURG,OUI,9890,06:35,NORD,LORRAINE TGV,JCESTNORD,FREAM,06:01,FRAEG
8059,2023-06-10,STRASBOURG,NON,9890,08:56,NORD,LILLE (intramuros),JCESTNORD,FRLLE,06:01,FRAEG
8060,2023-06-10,MEUSE TGV,NON,9890,07:23,NORD,CHAMPAGNE-ARDENNE,JCESTNORD,FREAH,06:59,FREAJ
8061,2023-06-10,MEUSE TGV,NON,9890,07:56,NORD,AEROPORT CDG2 TGV ROISSY,JCESTNORD,FRMLW,06:59,FREAJ
8062,2023-06-10,AEROPORT CDG2 TGV ROISSY,OUI,9890,08:56,NORD,LILLE (intramuros),JCESTNORD,FRLLE,08:07,FRMLW
8063,2023-06-10,NANTES,OUI,8864,08:41,ATLANTIQUE,ANGERS ST LAUD,LOIREPARIS,FRACL,08:05,FRNTE
8064,2023-06-10,NANTES,NON,8864,10:25,ATLANTIQUE,PARIS (intramuros),LOIREPARIS,FRPMO,08:05,FRNTE
8065,2023-06-10,ANGERS ST LAUD,OUI,8917,13:57,ATLANTIQUE,LA BAULE ESCOUBLAC,PARISLOIRE,FRJEE,12:16,FRACL
8066,2023-06-10,LE MANS,NON,8917,12:54,ATLANTIQUE,NANTES,PARISLOIRE,FRNTE,11:36,FRAET
8067,2023-06-10,LE MANS,NON,8917,13:35,ATLANTIQUE,ST NAZAIRE,PARISLOIRE,FRSNR,11:36,FRAET
8068,2023-06-10,PORNICHET,OUI,8917,13:57,ATLANTIQUE,LA BAULE ESCOUBLAC,PARISLOIRE,FRJEE,13:51,FREGR
8069,2023-06-10,PARIS (intramuros),NON,8917,13:35,ATLANTIQUE,ST NAZAIRE,PARISLOIRE,FRSNR,10:36,FRPMO
8070,2023-06-10,BAYONNE,NON,14140,07:45,IC SRO,ORTHEZ,SUDOUEST,FRGFI,07:00,FRXBY
8071,2023-06-10,TARBES,NON,14140,09:35,IC SRO,ST GAUDENS,SUDOUEST,FRFPH,08:55,FRXTB
8072,2023-06-10,RENNES,OUI,8082,07:42,ATLANTIQUE,LE MANS,BRETAPARIS,FRAET,06:46,FRRNS
8073,2023-06-10,REIMS,OUI,2714,09:01,EST,PARIS (intramuros),SEDBARPA,FRPST,08:15,FRRHE
8074,2023-06-10,CHARLEVILLE MEZIERES,OUI,2714,09:01,EST,PARIS (intramuros),SEDBARPA,FRPST,07:15,FRXCZ
8075,2023-06-10,SEDAN,OUI,2714,07:44,EST,RETHEL,SEDBARPA,FRBDT,06:49,FRXSW
8076,2023-06-10,SEDAN,OUI,2714,09:01,EST,PARIS (intramuros),SEDBARPA,FRPST,06:49,FRXSW
8077,2023-06-10,PARIS (intramuros),NON,6131,23:46,SUD EST,AIX EN PROVENCE TGV,PAPROVENCE,FRAIE,20:35,FRPLY
8078,2023-06-10,PARIS (intramuros),NON,6131,00:00,SUD EST,MARSEILLE ST CHARLES,PAPROVENCE,FRMSC,20:35,FRPLY
8079,2023-06-10,LE MANS,NON,5336,16:30,SUD EST,LYON (intramuros),JCATLSUD,FRLPD,13:30,FRAET
8080,2023-06-10,RENNES,OUI,5336,12:55,SUD EST,LAVAL,JCATLSUD,FRACR,12:30,FRRNS
8081,2023-06-10,RENNES,NON,5336,16:30,SUD EST,LYON (intramuros),JCATLSUD,FRLPD,12:30,FRRNS
8082,2023-06-10,LES AUBRAIS ORLEANS,NON,3751,06:19,IC NUIT,MONTAUBAN VILLE BOURBON,PAVERMEIL,FRXMW,23:32,FRLAB
8083,2023-06-10,STRASBOURG,OUI,2203,07:48,EST,MULHOUSE VILLE,JCRHINRHON,FRAEK,06:47,FRAEG
8084,2023-06-10,STRASBOURG,OUI,2203,08:14,EST,BELFORT-MONTBELIARD TGV,JCRHINRHON,FRTJA,06:47,FRAEG
8085,2023-06-10,COLMAR,OUI,2203,09:11,EST,DIJON VILLE,JCRHINRHON,FRABA,07:16,FRAEJ
8086,2023-06-10,COLMAR,OUI,2203,12:55,EST,MONTPELLIER SAINT-ROCH,JCRHINRHON,FRMPL,07:16,FRAEJ
8087,2023-06-10,MULHOUSE VILLE,OUI,2203,08:14,EST,BELFORT-MONTBELIARD TGV,JCRHINRHON,FRTJA,07:52,FRAEK
8088,2023-06-10,BELFORT-MONTBELIARD TGV,OUI,2203,09:11,EST,DIJON VILLE,JCRHINRHON,FRABA,08:17,FRTJA
8089,2023-06-10,BELFORT-MONTBELIARD TGV,OUI,2203,12:55,EST,MONTPELLIER SAINT-ROCH,JCRHINRHON,FRMPL,08:17,FRTJA
8090,2023-06-10,CHALON SUR SAONE,OUI,2203,10:56,EST,LYON (intramuros),JCRHINRHON,FRLPD,09:56,FRXCD
8091,2023-06-10,BEZIERS,OUI,6260,23:05,SUD EST,PARIS (intramuros),LANGPA,FRPLY,19:00,FRBZR
8092,2023-06-10,PERPIGNAN,OUI,6260,18:57,SUD EST,BEZIERS,LANGPA,FRBZR,18:04,FRPGF
8093,2023-06-10,PERPIGNAN,OUI,6260,23:05,SUD EST,PARIS (intramuros),LANGPA,FRPLY,18:04,FRPGF
8094,2023-06-10,PERPIGNAN,OUI,6260,18:40,SUD EST,NARBONNE,LANGPA,FRXNA,18:04,FRPGF
8095,2023-06-10,AGDE,OUI,6260,19:27,SUD EST,SETE,LANGPA,FRXSY,19:14,FRXAG
8096,2023-06-10,NARBONNE,OUI,6260,20:50,SUD EST,VALENCE TGV RHONE-ALPES SUD,LANGPA,FRVLA,18:43,FRXNA
8097,2023-06-10,NARBONNE,OUI,6260,19:27,SUD EST,SETE,LANGPA,FRXSY,18:43,FRXNA
8098,2023-06-10,SETE,OUI,6260,23:05,SUD EST,PARIS (intramuros),LANGPA,FRPLY,19:30,FRXSY
8099,2023-06-10,SETE,OUI,6260,19:45,SUD EST,MONTPELLIER SUD DE FRANCE,LANGPA,FRSUF,19:30,FRXSY
8100,2023-06-10,NIMES PONT DU GARD,OUI,6260,23:05,SUD EST,PARIS (intramuros),LANGPA,FRPLY,20:14,FRXZP
8101,2023-06-10,BEZIERS,OUI,6260,20:11,SUD EST,NIMES PONT DU GARD,LANGPA,FRXZP,19:00,FRBZR
8102,2023-06-10,PARIS (intramuros),OUI,7389,21:02,NORD,LENS,PAARRAS,FRXLE,19:52,FRPNO
8103,2023-06-10,MONTPELLIER SAINT-ROCH,NON,6034,17:18,SUD EST,PARIS (intramuros),LANGPA,FRPLY,13:48,FRMPL
8104,2023-06-10,PERPIGNAN,NON,6034,13:44,SUD EST,MONTPELLIER SAINT-ROCH,LANGPA,FRMPL,12:04,FRPGF
8105,2023-06-10,PERPIGNAN,NON,6034,17:18,SUD EST,PARIS (intramuros),LANGPA,FRPLY,12:04,FRPGF
8106,2023-06-10,PARIS (intramuros),NON,2571,15:12,EST,REMIREMONT,PANANCY,FRRNT,12:22,FRPST
8107,2023-06-10,CHAMPAGNE-ARDENNE,NON,2571,15:12,EST,REMIREMONT,PANANCY,FRRNT,13:05,FREAH
8108,2023-06-10,LORIENT,OUI,8722,17:08,ATLANTIQUE,PARIS (intramuros),BRETAPARIS,FRPMO,13:50,FRLRT
8109,2023-06-10,QUIMPER,OUI,8722,17:08,ATLANTIQUE,PARIS (intramuros),BRETAPARIS,FRPMO,13:14,FRUIP
8110,2023-06-10,LAVAL,OUI,8641,22:36,ATLANTIQUE,LANDERNEAU,PARISBRETA,FRXLD,19:58,FRACR
8111,2023-06-10,LAMBALLE,OUI,8641,21:38,ATLANTIQUE,GUINGAMP,PARISBRETA,FRGGP,21:11,FRLAM
8112,2023-06-10,LAMBALLE,OUI,8641,21:21,ATLANTIQUE,ST BRIEUC,PARISBRETA,FRSBK,21:11,FRLAM
8113,2023-06-10,PLOUARET TREGOR,OUI,8641,22:36,ATLANTIQUE,LANDERNEAU,PARISBRETA,FRXLD,21:55,FRPLT
8114,2023-06-10,PARIS (intramuros),OUI,8641,21:08,ATLANTIQUE,LAMBALLE,PARISBRETA,FRLAM,18:40,FRPMO
8115,2023-06-10,PARIS (intramuros),OUI,8641,22:11,ATLANTIQUE,MORLAIX,PARISBRETA,FRMXN,18:40,FRPMO
8116,2023-06-10,PARIS (intramuros),OUI,8641,20:25,ATLANTIQUE,RENNES,PARISBRETA,FRRNS,18:40,FRPMO
8117,2023-06-10,PARIS (intramuros),OUI,8641,21:21,ATLANTIQUE,ST BRIEUC,PARISBRETA,FRSBK,18:40,FRPMO
8118,2023-06-10,RENNES,OUI,8641,21:08,ATLANTIQUE,LAMBALLE,PARISBRETA,FRLAM,20:32,FRRNS
8119,2023-06-10,RENNES,OUI,8641,22:11,ATLANTIQUE,MORLAIX,PARISBRETA,FRMXN,20:32,FRRNS
8120,2023-06-10,RENNES,OUI,8641,21:21,ATLANTIQUE,ST BRIEUC,PARISBRETA,FRSBK,20:32,FRRNS
8121,2023-06-10,ST BRIEUC,OUI,8641,22:51,ATLANTIQUE,BREST,PARISBRETA,FRBES,21:24,FRSBK
8122,2023-06-10,LE CREUSOT MONTCEAU MONTCHANIN,NON,6681,09:56,SUD EST,LYON (intramuros),PARISRHONE,FRLPD,09:14,FRXCC
8123,2023-06-10,LIMOGES BENEDICTINS,NON,3644,14:22,IC ARO,PARIS (intramuros),TOULOUZECO,FRPAZ,10:54,FRAGQ
8124,2023-06-10,CAUSSADE TARN ET GARONNE,NON,3644,12:42,IC ARO,VIERZON VILLE,TOULOUZECO,FRXVZ,08:07,FRFTA
8125,2023-06-10,SOUILLAC,NON,3644,13:18,IC ARO,LES AUBRAIS ORLEANS,TOULOUZECO,FRLAB,09:20,FRSOU
8126,2023-06-10,MONTAUBAN VILLE BOURBON,OUI,3644,09:00,IC ARO,GOURDON,TOULOUZECO,FRFSI,07:53,FRXMW
8127,2023-06-10,MONTAUBAN VILLE BOURBON,NON,3644,13:18,IC ARO,LES AUBRAIS ORLEANS,TOULOUZECO,FRLAB,07:53,FRXMW
8128,2023-06-10,MONTAUBAN VILLE BOURBON,OUI,3644,08:33,IC ARO,CAHORS,TOULOUZECO,FRZAO,07:53,FRXMW
8129,2023-06-10,VIERZON VILLE,NON,3644,13:18,IC ARO,LES AUBRAIS ORLEANS,TOULOUZECO,FRLAB,12:44,FRXVZ
8130,2023-06-10,TOULOUSE MATABIAU,OUI,3644,09:47,IC ARO,BRIVE LA GAILLARDE,TOULOUZECO,FRBVE,07:18,FRXYT
8131,2023-06-10,CAHORS,OUI,3644,10:51,IC ARO,LIMOGES BENEDICTINS,TOULOUZECO,FRAGQ,08:35,FRZAO
8132,2023-06-10,CAHORS,NON,3644,13:18,IC ARO,LES AUBRAIS ORLEANS,TOULOUZECO,FRLAB,08:35,FRZAO
8133,2023-06-10,CAHORS,NON,3644,12:42,IC ARO,VIERZON VILLE,TOULOUZECO,FRXVZ,08:35,FRZAO
8134,2023-06-10,GOURDON,NON,3644,11:27,IC ARO,LA SOUTERRAINE,TOULOUZECO,FRLST,09:02,FRFSI
8135,2023-06-10,MARSEILLE ST CHARLES,OUI,6866,19:23,SUD EST,AIX EN PROVENCE TGV,JCSUDPROV,FRAIE,19:11,FRMSC
8136,2023-06-10,TOULON,OUI,6866,20:54,SUD EST,LYON (intramuros),JCSUDPROV,FRLPD,17:53,FRTLN
8137,2023-06-10,TOULON,OUI,6866,18:53,SUD EST,MARSEILLE ST CHARLES,JCSUDPROV,FRMSC,17:53,FRTLN
8138,2023-06-10,AUGSBURG HBF,NON,9576,08:02,INTERNATIONAL,ULM HBF,MUNSTUTPA,DEQUL,07:20,DEAGB
8139,2023-06-10,AUGSBURG HBF,NON,9576,12:31,INTERNATIONAL,PARIS (intramuros),MUNSTUTPA,FRPST,07:20,DEAGB
8140,2023-06-10,MUENCHEN HBF,NON,9576,07:18,INTERNATIONAL,AUGSBURG HBF,MUNSTUTPA,DEAGB,06:51,DEBEG
8141,2023-06-10,KARLSRUHE HBF,NON,9576,10:37,INTERNATIONAL,STRASBOURG,MUNSTUTPA,FRAEG,09:53,DEQKA
8142,2023-06-10,MASSY TGV,NON,5000,10:29,NORD,LE MANS,JCNORDBRET,FRAET,09:39,FRDJU
8143,2023-06-10,MASSY TGV,NON,5000,11:17,NORD,RENNES,JCNORDBRET,FRRNS,09:39,FRDJU
8144,2023-06-10,LILLE (intramuros),NON,5000,10:29,NORD,LE MANS,JCNORDBRET,FRAET,07:52,FRLLE
8145,2023-06-10,LILLE (intramuros),OUI,5000,08:42,NORD,AEROPORT CDG2 TGV ROISSY,JCNORDBRET,FRMLW,07:52,FRLLE
8146,2023-06-10,MARNE LA VALLEE CHESSY,NON,5000,11:17,NORD,RENNES,JCNORDBRET,FRRNS,09:02,FRMLV
8147,2023-06-10,AEROPORT CDG2 TGV ROISSY,NON,5000,09:34,NORD,MASSY TGV,JCNORDBRET,FRDJU,08:48,FRMLW
8148,2023-06-10,AVIGNON TGV,OUI,6109,13:41,SUD EST,AIX EN PROVENCE TGV,PAPROVENCE,FRAIE,13:21,FRAVG
8149,2023-06-10,AVIGNON TGV,OUI,6109,13:56,SUD EST,MARSEILLE ST CHARLES,PAPROVENCE,FRMSC,13:21,FRAVG
8150,2023-06-10,PARIS (intramuros),NON,6109,13:56,SUD EST,MARSEILLE ST CHARLES,PAPROVENCE,FRMSC,10:36,FRPLY
8151,2023-06-10,LAVAL,NON,8707,10:25,ATLANTIQUE,RENNES,PARISBRETA,FRRNS,09:58,FRACR
8152,2023-06-10,PARIS (intramuros),NON,8707,10:25,ATLANTIQUE,RENNES,PARISBRETA,FRRNS,08:40,FRPMO
8153,2023-06-10,PARIS (intramuros),NON,8707,11:04,ATLANTIQUE,REDON,PARISBRETA,FRXRN,08:40,FRPMO
8154,2023-06-10,PARIS (intramuros),NON,8707,11:42,ATLANTIQUE,AURAY,PARISBRETA,FRXUY,08:40,FRPMO
8155,2023-06-10,RENNES,NON,8707,11:42,ATLANTIQUE,AURAY,PARISBRETA,FRXUY,10:29,FRRNS
8156,2023-06-10,AURAY,OUI,8707,12:00,ATLANTIQUE,LORIENT,PARISBRETA,FRLRT,11:45,FRXUY
8157,2023-06-10,POITIERS,OUI,8346,19:44,ATLANTIQUE,CHATELLERAULT,ROCHELLEPA,FRXCX,19:22,FRPIS
8158,2023-06-10,CHATELLERAULT,OUI,8346,21:20,ATLANTIQUE,PARIS (intramuros),ROCHELLEPA,FRPMO,19:47,FRXCX
8159,2023-06-10,CHATELLERAULT,OUI,8346,20:16,ATLANTIQUE,ST PIERRE DES CORPS,ROCHELLEPA,FRXSH,19:47,FRXCX
8160,2023-06-10,BRUXELLES MIDI BRUSSEL ZUID,NON,9810,08:38,NORD,MARNE LA VALLEE CHESSY,JCNORDSUD,FRMLV,06:25,BEBMI
8161,2023-06-10,MARNE LA VALLEE CHESSY,NON,9810,12:24,NORD,MARSEILLE ST CHARLES,JCNORDSUD,FRMSC,08:43,FRMLV
8162,2023-06-10,GRENOBLE,NON,6908,12:46,SUD EST,PARIS (intramuros),GRENOBLEPA,FRPLY,09:47,FRGNB
8163,2023-06-10,LYON-SAINT EXUPERY TGV,OUI,6908,12:46,SUD EST,PARIS (intramuros),GRENOBLEPA,FRPLY,10:54,FRJDQ
8164,2023-06-10,LYON (intramuros),OUI,6622,17:00,SUD EST,PARIS (intramuros),RHONEPARIS,FRPLY,14:50,FRLPE
8165,2023-06-10,DIJON VILLE,NON,2242,15:54,EST,STRASBOURG,JCRHONRHIN,FRAEG,13:37,FRABA
8166,2023-06-10,MULHOUSE VILLE,OUI,2242,15:54,EST,STRASBOURG,JCRHONRHIN,FRAEG,15:06,FRAEK
8167,2023-06-10,AIX EN PROVENCE TGV,NON,2242,12:09,EST,MACON VILLE,JCRHONRHIN,FRHGU,09:58,FRAIE
8168,2023-06-10,MACON VILLE,NON,2242,14:30,EST,BELFORT-MONTBELIARD TGV,JCRHONRHIN,FRTJA,12:12,FRHGU
8169,2023-06-10,MACON VILLE,NON,2242,12:41,EST,CHALON SUR SAONE,JCRHONRHIN,FRXCD,12:12,FRHGU
8170,2023-06-10,CANNES,NON,2242,15:54,EST,STRASBOURG,JCRHONRHIN,FRAEG,07:30,FRJCA
8171,2023-06-10,CANNES,NON,2242,14:55,EST,MULHOUSE VILLE,JCRHONRHIN,FRAEK,07:30,FRJCA
8172,2023-06-10,CANNES,NON,2242,12:09,EST,MACON VILLE,JCRHONRHIN,FRHGU,07:30,FRJCA
8173,2023-06-10,LYON (intramuros),NON,2242,15:54,EST,STRASBOURG,JCRHONRHIN,FRAEG,11:32,FRLPD
8174,2023-06-10,MARSEILLE ST CHARLES,NON,2242,15:24,EST,COLMAR,JCRHONRHIN,FRAEJ,09:45,FRMSC
8175,2023-06-10,MARSEILLE ST CHARLES,NON,2242,13:03,EST,BEAUNE,JCRHONRHIN,FRXBV,09:45,FRMSC
8176,2023-06-10,NICE VILLE,NON,2242,09:33,EST,MARSEILLE ST CHARLES,JCRHONRHIN,FRMSC,07:00,FRNIC
8177,2023-06-10,TOULON,NON,2242,14:55,EST,MULHOUSE VILLE,JCRHONRHIN,FRAEK,08:50,FRTLN
8178,2023-06-10,TOULON,NON,2242,09:55,EST,AIX EN PROVENCE TGV,JCRHONRHIN,FRAIE,08:50,FRTLN
8179,2023-06-10,ANTIBES,NON,2242,13:25,EST,DIJON VILLE,JCRHONRHIN,FRABA,07:16,FRXAT
8180,2023-06-10,CHALON SUR SAONE,NON,2242,15:24,EST,COLMAR,JCRHONRHIN,FRAEJ,12:44,FRXCD
8181,2023-06-10,ST RAPHAEL VALESCURE,NON,2242,15:54,EST,STRASBOURG,JCRHONRHIN,FRAEG,07:55,FRXSK
8182,2023-06-10,ST RAPHAEL VALESCURE,NON,2242,11:26,EST,LYON (intramuros),JCRHONRHIN,FRLPD,07:55,FRXSK
8183,2023-06-10,ST RAPHAEL VALESCURE,NON,2242,13:03,EST,BEAUNE,JCRHONRHIN,FRXBV,07:55,FRXSK
8184,2023-06-10,ST RAPHAEL VALESCURE,OUI,2242,08:09,EST,LES ARCS DRAGUIGNAN,JCRHONRHIN,FRXRS,07:55,FRXSK
8185,2023-06-10,ST RAPHAEL VALESCURE,NON,2242,14:30,EST,BELFORT-MONTBELIARD TGV,JCRHONRHIN,FRTJA,07:55,FRXSK
8186,2023-06-10,ANTIBES,NON,2242,14:30,EST,BELFORT-MONTBELIARD TGV,JCRHONRHIN,FRTJA,07:16,FRXAT
8187,2023-06-10,TOULON,NON,2242,14:06,EST,BESANCON - F COMTE TGV,JCRHONRHIN,FRTJB,08:50,FRTLN
8188,2023-06-10,RIOM CHATEL GUYON,OUI,5966,13:57,IC ARO,PARIS (intramuros),CLERMONTPA,FRPLY,10:42,FRRIO
8189,2023-06-10,RIOM CHATEL GUYON,OUI,5966,11:29,IC ARO,MOULINS SUR ALLIER,CLERMONTPA,FRXMU,10:42,FRRIO
8190,2023-06-10,LE MANS,NON,5332,12:45,SUD EST,AVIGNON TGV,JCATLSUD,FRAVG,08:26,FRAET
8191,2023-06-10,RENNES,OUI,5332,08:22,SUD EST,LE MANS,JCATLSUD,FRAET,07:31,FRRNS
8192,2023-06-10,BORDEAUX ST JEAN,NON,8537,14:03,ATLANTIQUE,BAYONNE,PASUDOUEST,FRXBY,12:20,FRBOJ
8193,2023-06-10,PARIS (intramuros),NON,8537,14:16,ATLANTIQUE,BIARRITZ,PASUDOUEST,FRBIQ,10:08,FRPMO
8194,2023-06-10,PARIS (intramuros),NON,7565,13:42,NORD,RANG DU FLIERS VERTON,PAARRAS,FRCVU,10:52,FRPNO
8195,2023-06-10,ST MALO,OUI,8086,18:09,ATLANTIQUE,PARIS (intramuros),BRETAPARIS,FRPMO,15:39,FRXSB
8196,2023-06-10,BORDEAUX ST JEAN,OUI,8514,20:43,ATLANTIQUE,MASSY TGV,SUDOUESTPA,FRDJU,18:46,FRBOJ
8197,2023-06-10,TOULOUSE MATABIAU,OUI,8514,18:36,ATLANTIQUE,BORDEAUX ST JEAN,SUDOUESTPA,FRBOJ,16:23,FRXYT
8198,2023-06-10,PARIS (intramuros),NON,5771,06:20,IC NUIT,MARSEILLE BLANCARDE,PARAZUR,FRMBC,20:48,FRPAZ
8199,2023-06-10,PARIS (intramuros),NON,5771,07:09,IC NUIT,TOULON,PARAZUR,FRTLN,20:48,FRPAZ
8200,2023-06-10,AGEN,NON,4665,18:40,IC ARO,TOULOUSE MATABIAU,TJOURSOSE,FRXYT,17:32,FRAGF
8201,2023-06-10,BORDEAUX ST JEAN,NON,4665,19:58,IC ARO,NARBONNE,TJOURSOSE,FRXNA,16:28,FRBOJ
8202,2023-06-10,NIMES,OUI,4665,23:00,IC ARO,MARSEILLE ST CHARLES,TJOURSOSE,FRMSC,21:22,FRFNI
8203,2023-06-10,NARBONNE,NON,4665,23:00,IC ARO,MARSEILLE ST CHARLES,TJOURSOSE,FRMSC,20:01,FRXNA
8204,2023-06-10,TOULOUSE MATABIAU,NON,4665,20:14,IC ARO,BEZIERS,TJOURSOSE,FRBZR,18:45,FRXYT
8205,2023-06-10,VENDOME VILLIERS SUR LOIR,OUI,8367,18:35,ATLANTIQUE,ST PIERRE DES CORPS,PAROCHELLE,FRXSH,18:16,FRESL
8206,2023-06-10,PARIS (intramuros),OUI,8367,19:45,ATLANTIQUE,NIORT,PAROCHELLE,FRNIT,17:28,FRPMO
8207,2023-06-10,ST PIERRE DES CORPS,OUI,8367,19:45,ATLANTIQUE,NIORT,PAROCHELLE,FRNIT,18:42,FRXSH
8208,2023-06-10,NIORT,OUI,8377,15:21,ATLANTIQUE,LA ROCHELLE VILLE,PAROCHELLE,FRLRH,14:40,FRNIT
8209,2023-06-10,PARIS (intramuros),NON,8377,15:21,ATLANTIQUE,LA ROCHELLE VILLE,PAROCHELLE,FRLRH,12:16,FRPMO
8210,2023-06-10,ST PIERRE DES CORPS,NON,8377,14:58,ATLANTIQUE,SURGERES,PAROCHELLE,FREIP,13:20,FRXSH
8211,2023-06-10,LES AUBRAIS ORLEANS,OUI,3751,05:01,IC NUIT,CAHORS,PAVERMEIL,FRZAO,23:32,FRLAB
8212,2023-06-10,PARIS (intramuros),NON,8063,23:09,ATLANTIQUE,RENNES,PARISBRETA,FRRNS,21:12,FRPMO
8213,2023-06-10,PERPIGNAN,OUI,6202,09:13,SUD EST,NIMES,LANGPA,FRFNI,07:04,FRPGF
8214,2023-06-10,PERPIGNAN,NON,6202,12:18,SUD EST,PARIS (intramuros),LANGPA,FRPLY,07:04,FRPGF
8215,2023-06-10,PERPIGNAN,NON,6202,10:01,SUD EST,VALENCE TGV RHONE-ALPES SUD,LANGPA,FRVLA,07:04,FRPGF
8216,2023-06-10,PERPIGNAN,OUI,6202,07:39,SUD EST,NARBONNE,LANGPA,FRXNA,07:04,FRPGF
8217,2023-06-10,MARSEILLE BLANCARDE,NON,5772,07:57,IC NUIT,PARIS (intramuros),AZURPAR,FRPAZ,21:38,FRMBC
8218,2023-06-10,BORDEAUX ST JEAN,NON,3854,12:58,IC SRO,LUCON,BORDONANTE,FRLCN,09:53,FRBOJ
8219,2023-06-10,JONZAC,NON,3854,12:58,IC SRO,LUCON,BORDONANTE,FRLCN,10:41,FREMR
8220,2023-06-10,JONZAC,NON,3854,14:05,IC SRO,NANTES,BORDONANTE,FRNTE,10:41,FREMR
8221,2023-06-10,SAINTES,NON,3854,12:58,IC SRO,LUCON,BORDONANTE,FRLCN,11:25,FRXST
8222,2023-06-10,LOURDES,OUI,3742,07:18,IC NUIT,PARIS (intramuros),PALOMBEPAR,FRPAZ,21:57,FRLDE
8223,2023-06-10,TARBES,OUI,3742,06:08,IC NUIT,LES AUBRAIS ORLEANS,PALOMBEPAR,FRLAB,22:13,FRXTB
8224,2023-06-10,ANGERS ST LAUD,OUI,8121,14:54,ATLANTIQUE,NANTES,PARISLOIRE,FRNTE,14:16,FRACL
8225,2023-06-10,ARRAS,OUI,7112,10:08,NORD,PARIS (intramuros),ARRASPA,FRPNO,09:18,FRQRV
8226,2023-06-10,MASSY TGV,NON,5060,09:41,NORD,AEROPORT CDG2 TGV ROISSY,JCAQUINORD,FRMLW,08:55,FRDJU
8227,2023-06-10,PARIS (intramuros),NON,8921,14:54,ATLANTIQUE,NANTES,PARISLOIRE,FRNTE,12:49,FRPMO
8228,2023-06-10,PARIS (intramuros),NON,8921,15:33,ATLANTIQUE,ST NAZAIRE,PARISLOIRE,FRSNR,12:49,FRPMO
8229,2023-06-10,ST NAZAIRE,OUI,8921,16:03,ATLANTIQUE,LE CROISIC,PARISLOIRE,FREGU,15:36,FRSNR
8230,2023-06-10,STUTTGART HBF,NON,9592,15:31,INTERNATIONAL,KARLSRUHE HBF,MUNSTUTPA,DEQKA,14:52,DESGT
8231,2023-06-10,NANCY,NON,2580,18:49,EST,PARIS (intramuros),NANCYPA,FRPST,17:19,FRENC
8232,2023-06-10,EPINAL,NON,2580,18:49,EST,PARIS (intramuros),NANCYPA,FRPST,16:21,FREPL
8233,2023-06-10,REMIREMONT,OUI,2580,16:18,EST,EPINAL,NANCYPA,FREPL,15:58,FRRNT
8234,2023-06-10,REMIREMONT,NON,2580,18:49,EST,PARIS (intramuros),NANCYPA,FRPST,15:58,FRRNT
8235,2023-06-10,MODANE,NON,9249,19:23,INTERNATIONAL,OULX CESANA CLAV SESTRIERE,PAITALIE,ITOCS,18:55,FRAGR
8236,2023-06-10,MODANE,NON,9249,20:22,INTERNATIONAL,TORINO PORTA SUSA,PAITALIE,ITTRS,18:55,FRAGR
8237,2023-06-10,CHAMBERY CHALLES LES EAUX,NON,9249,18:49,INTERNATIONAL,MODANE,PAITALIE,FRAGR,17:44,FRCMF
8238,2023-06-10,PARIS (intramuros),NON,9249,18:49,INTERNATIONAL,MODANE,PAITALIE,FRAGR,14:44,FRPLY
8239,2023-06-10,PARIS (intramuros),NON,9249,21:49,INTERNATIONAL,MILANO P GARIBALDI,PAITALIE,ITMPG,14:44,FRPLY
8240,2023-06-10,TOULOUSE MATABIAU,OUI,8512,13:32,ATLANTIQUE,AGEN,SUDOUESTPA,FRAGF,12:27,FRXYT
8241,2023-06-10,PARIS (intramuros),NON,6107,12:19,SUD EST,AVIGNON TGV,PAPROVENCE,FRAVG,09:36,FRPLY
8242,2023-06-10,NIMES,OUI,6223,20:31,SUD EST,MONTPELLIER SAINT-ROCH,PALANG,FRMPL,20:03,FRFNI
8243,2023-06-10,PARIS (intramuros),OUI,6223,19:59,SUD EST,NIMES,PALANG,FRFNI,16:54,FRPLY
8244,2023-06-10,LYON (intramuros),NON,6690,09:06,SUD EST,PARIS (intramuros),RHONEPARIS,FRPLY,07:04,FRLPD
8245,2023-06-10,STRASBOURG,NON,9894,17:39,NORD,LORRAINE TGV,JCESTNORD,FREAM,17:01,FRAEG
8246,2023-06-10,STRASBOURG,NON,9894,20:08,NORD,LILLE (intramuros),JCESTNORD,FRLLE,17:01,FRAEG
8247,2023-06-10,CHAMPAGNE-ARDENNE,OUI,9894,20:08,NORD,LILLE (intramuros),JCESTNORD,FRLLE,18:35,FREAH
8248,2023-06-10,MEUSE TGV,NON,9894,18:32,NORD,CHAMPAGNE-ARDENNE,JCESTNORD,FREAH,18:09,FREAJ
8249,2023-06-10,TGV HAUTE PICARDIE,OUI,9894,21:01,NORD,BRUXELLES MIDI BRUSSEL ZUID,JCESTNORD,BEBMI,19:41,FRTHP
8250,2023-06-10,TGV HAUTE PICARDIE,OUI,9894,20:08,NORD,LILLE (intramuros),JCESTNORD,FRLLE,19:41,FRTHP
8251,2023-06-10,STRASBOURG,NON,9894,19:38,NORD,TGV HAUTE PICARDIE,JCESTNORD,FRTHP,17:01,FRAEG
8252,2023-06-10,MEUSE TGV,NON,9894,21:01,NORD,BRUXELLES MIDI BRUSSEL ZUID,JCESTNORD,BEBMI,18:09,FREAJ
8253,2023-06-10,PARIS (intramuros),OUI,8321,20:45,ATLANTIQUE,TOURS,PAROCHELLE,FRAFW,19:28,FRPMO
8254,2023-06-10,PARIS (intramuros),OUI,8321,20:13,ATLANTIQUE,VENDOME VILLIERS SUR LOIR,PAROCHELLE,FRESL,19:28,FRPMO
8255,2023-06-10,FRANKFURT MAIN HBF,NON,9580,21:34,INTERNATIONAL,AIX EN PROVENCE TGV,FRANCMRS,FRAIE,13:56,DEFRH
8256,2023-06-10,FRANKFURT MAIN HBF,NON,9580,21:48,INTERNATIONAL,MARSEILLE ST CHARLES,FRANCMRS,FRMSC,13:56,DEFRH
8257,2023-06-10,MANNHEIM HBF,NON,9580,16:02,INTERNATIONAL,STRASBOURG,FRANCMRS,FRAEG,14:39,DEMHG
8258,2023-06-10,MANNHEIM HBF,NON,9580,17:31,INTERNATIONAL,BELFORT-MONTBELIARD TGV,FRANCMRS,FRTJA,14:39,DEMHG
8259,2023-06-10,KARLSRUHE HBF,NON,9580,21:34,INTERNATIONAL,AIX EN PROVENCE TGV,FRANCMRS,FRAIE,15:12,DEQKA
8260,2023-06-10,KARLSRUHE HBF,NON,9580,19:56,INTERNATIONAL,LYON (intramuros),FRANCMRS,FRLPD,15:12,DEQKA
8261,2023-06-10,BADEN BADEN,NON,9580,17:05,INTERNATIONAL,MULHOUSE VILLE,FRANCMRS,FRAEK,15:35,DEZCC
8262,2023-06-10,BADEN BADEN,NON,9580,21:12,INTERNATIONAL,AVIGNON TGV,FRANCMRS,FRAVG,15:35,DEZCC
8263,2023-06-10,BADEN BADEN,NON,9580,17:31,INTERNATIONAL,BELFORT-MONTBELIARD TGV,FRANCMRS,FRTJA,15:35,DEZCC
8264,2023-06-10,STRASBOURG,NON,9580,19:56,INTERNATIONAL,LYON (intramuros),FRANCMRS,FRLPD,16:15,FRAEG
8265,2023-06-10,MULHOUSE VILLE,NON,9580,21:34,INTERNATIONAL,AIX EN PROVENCE TGV,FRANCMRS,FRAIE,17:09,FRAEK
8266,2023-06-10,MULHOUSE VILLE,NON,9580,21:12,INTERNATIONAL,AVIGNON TGV,FRANCMRS,FRAVG,17:09,FRAEK
8267,2023-06-10,MULHOUSE VILLE,NON,9580,19:56,INTERNATIONAL,LYON (intramuros),FRANCMRS,FRLPD,17:09,FRAEK
8268,2023-06-10,BELFORT-MONTBELIARD TGV,NON,9580,21:12,INTERNATIONAL,AVIGNON TGV,FRANCMRS,FRAVG,17:34,FRTJA
8269,2023-06-10,BESANCON - F COMTE TGV,NON,9580,21:34,INTERNATIONAL,AIX EN PROVENCE TGV,FRANCMRS,FRAIE,17:58,FRTJB
8270,2023-06-10,PARIS (intramuros),NON,9215,17:26,INTERNATIONAL,BASEL SBB,PABALZUR,CHAJP,14:20,FRPLY
8271,2023-06-10,PARIS (intramuros),NON,9215,17:03,INTERNATIONAL,MULHOUSE VILLE,PABALZUR,FRAEK,14:20,FRPLY
8272,2023-06-10,BELFORT-MONTBELIARD TGV,NON,9215,17:03,INTERNATIONAL,MULHOUSE VILLE,PABALZUR,FRAEK,16:40,FRTJA
8273,2023-06-10,PARIS (intramuros),NON,9775,17:00,INTERNATIONAL,BELLEGARDE,PAGENEVE,FRXBF,14:16,FRPLY
8274,2023-06-10,PARIS (intramuros),NON,7289,21:05,NORD,LILLE (intramuros),PAARRAS,FRLLE,19:52,FRPNO
8275,2023-06-10,THIONVILLE,OUI,2870,14:53,EST,METZ VILLE,LUXMETZPA,FRADE,14:34,FRXTH
8276,2023-06-10,MODANE,NON,9248,20:14,INTERNATIONAL,CHAMBERY CHALLES LES EAUX,ITALIEPA,FRCMF,19:12,FRAGR
8277,2023-06-10,MILANO P GARIBALDI,NON,9248,19:06,INTERNATIONAL,MODANE,ITALIEPA,FRAGR,16:10,ITMPG
8278,2023-06-10,MILANO P GARIBALDI,NON,9248,20:14,INTERNATIONAL,CHAMBERY CHALLES LES EAUX,ITALIEPA,FRCMF,16:10,ITMPG
8279,2023-06-10,OULX CESANA CLAV SESTRIERE,NON,9248,19:06,INTERNATIONAL,MODANE,ITALIEPA,FRAGR,18:36,ITOCS
8280,2023-06-10,TORINO PORTA SUSA,NON,9248,19:06,INTERNATIONAL,MODANE,ITALIEPA,FRAGR,17:38,ITTRS
8281,2023-06-10,BEZIERS,NON,9862,10:53,NORD,LYON (intramuros),JCSUDNORD,FRLPD,08:05,FRBZR
8282,2023-06-10,NIMES,NON,9862,15:25,NORD,BRUXELLES MIDI BRUSSEL ZUID,JCSUDNORD,BEBMI,09:25,FRFNI
8283,2023-06-10,NIMES,NON,9862,14:24,NORD,LILLE (intramuros),JCSUDNORD,FRLLE,09:25,FRFNI
8284,2023-06-10,NIMES,NON,9862,10:53,NORD,LYON (intramuros),JCSUDNORD,FRLPD,09:25,FRFNI
8285,2023-06-10,NIMES,NON,9862,13:34,NORD,TGV HAUTE PICARDIE,JCSUDNORD,FRTHP,09:25,FRFNI
8286,2023-06-10,LYON (intramuros),NON,9862,12:47,NORD,MARNE LA VALLEE CHESSY,JCSUDNORD,FRMLV,11:00,FRLPD
8287,2023-06-10,LYON (intramuros),NON,9862,13:55,NORD,ARRAS,JCSUDNORD,FRQRV,11:00,FRLPD
8288,2023-06-10,MARNE LA VALLEE CHESSY,NON,9862,14:24,NORD,LILLE (intramuros),JCSUDNORD,FRLLE,12:51,FRMLV
8289,2023-06-10,MONTPELLIER SAINT-ROCH,NON,9862,12:47,NORD,MARNE LA VALLEE CHESSY,JCSUDNORD,FRMLV,08:57,FRMPL
8290,2023-06-10,PERPIGNAN,OUI,9862,08:17,NORD,AGDE,JCSUDNORD,FRXAG,07:08,FRPGF
8291,2023-06-10,VALENCE TGV RHONE-ALPES SUD,NON,9862,14:24,NORD,LILLE (intramuros),JCSUDNORD,FRLLE,10:15,FRVLA
8292,2023-06-10,AGDE,NON,9862,15:25,NORD,BRUXELLES MIDI BRUSSEL ZUID,JCSUDNORD,BEBMI,08:20,FRXAG
8293,2023-06-10,AGDE,NON,9862,13:01,NORD,AEROPORT CDG2 TGV ROISSY,JCSUDNORD,FRMLW,08:20,FRXAG
8294,2023-06-10,NARBONNE,NON,9862,15:25,NORD,BRUXELLES MIDI BRUSSEL ZUID,JCSUDNORD,BEBMI,07:49,FRXNA
8295,2023-06-10,NARBONNE,NON,9862,12:47,NORD,MARNE LA VALLEE CHESSY,JCSUDNORD,FRMLV,07:49,FRXNA
8296,2023-06-10,SETE,NON,9862,10:53,NORD,LYON (intramuros),JCSUDNORD,FRLPD,08:36,FRXSY
8297,2023-06-10,AGDE,NON,9862,13:55,NORD,ARRAS,JCSUDNORD,FRQRV,08:20,FRXAG
8298,2023-06-10,ANGOULEME,NON,5440,11:48,EST,MASSY TGV,JCATLEST,FRDJU,09:35,FRANG
8299,2023-06-10,ANGOULEME,NON,5440,13:49,EST,LORRAINE TGV,JCATLEST,FREAM,09:35,FRANG
8300,2023-06-10,BORDEAUX ST JEAN,OUI,5440,09:30,EST,ANGOULEME,JCATLEST,FRANG,08:54,FRBOJ
8301,2023-06-10,BORDEAUX ST JEAN,NON,5440,13:49,EST,LORRAINE TGV,JCATLEST,FREAM,08:54,FRBOJ
8302,2023-06-10,BORDEAUX ST JEAN,OUI,5440,10:16,EST,POITIERS,JCATLEST,FRPIS,08:54,FRBOJ
8303,2023-06-10,MEUSE TGV,NON,5440,13:49,EST,LORRAINE TGV,JCATLEST,FREAM,13:30,FREAJ
8304,2023-06-10,POITIERS,NON,5440,14:29,EST,STRASBOURG,JCATLEST,FRAEG,10:19,FRPIS
8305,2023-06-10,POITIERS,NON,5440,13:49,EST,LORRAINE TGV,JCATLEST,FREAM,10:19,FRPIS
8306,2023-06-10,ST PIERRE DES CORPS,NON,5440,14:29,EST,STRASBOURG,JCATLEST,FRAEG,10:54,FRXSH
8307,2023-06-10,HENDAYE,OUI,8534,09:59,ATLANTIQUE,BIARRITZ,SUDOUESTPA,FRBIQ,09:36,FRAEF
8308,2023-06-10,BIARRITZ,NON,8534,10:46,ATLANTIQUE,DAX,SUDOUESTPA,FRACG,10:02,FRBIQ
8309,2023-06-10,BIARRITZ,NON,8534,14:19,ATLANTIQUE,PARIS (intramuros),SUDOUESTPA,FRPMO,10:02,FRBIQ
8310,2023-06-10,ST JEAN DE LUZ CIBOURE,NON,8534,12:06,ATLANTIQUE,BORDEAUX ST JEAN,SUDOUESTPA,FRBOJ,09:49,FRXJZ
8311,2023-06-10,CHATEAUROUX,OUI,3655,20:47,IC ARO,UZERCHE,PALITO,FRAAW,18:57,FRCHR
8312,2023-06-10,CHATEAUROUX,OUI,3655,19:32,IC ARO,LA SOUTERRAINE,PALITO,FRLST,18:57,FRCHR
8313,2023-06-10,LA SOUTERRAINE,OUI,3655,20:08,IC ARO,LIMOGES BENEDICTINS,PALITO,FRAGQ,19:33,FRLST
8314,2023-06-10,PARIS (intramuros),OUI,3655,20:47,IC ARO,UZERCHE,PALITO,FRAAW,16:39,FRPAZ
8315,2023-06-10,PARIS (intramuros),OUI,3655,18:40,IC ARO,ISSOUDUN,PALITO,FRFMN,16:39,FRPAZ
8316,2023-06-10,VIERZON VILLE,OUI,3655,20:47,IC ARO,UZERCHE,PALITO,FRAAW,18:21,FRXVZ
8317,2023-06-10,LAVAL,OUI,9884,07:20,NORD,LE MANS,JCBRETNORD,FRAET,06:52,FRACR
8318,2023-06-10,LAVAL,OUI,9884,08:20,NORD,MASSY TGV,JCBRETNORD,FRDJU,06:52,FRACR
8319,2023-06-10,LE MANS,OUI,9884,09:45,NORD,TGV HAUTE PICARDIE,JCBRETNORD,FRTHP,07:30,FRAET
8320,2023-06-10,MASSY TGV,OUI,9884,10:17,NORD,LILLE (intramuros),JCBRETNORD,FRLLE,08:26,FRDJU
8321,2023-06-10,MARNE LA VALLEE CHESSY,OUI,9884,11:01,NORD,BRUXELLES MIDI BRUSSEL ZUID,JCBRETNORD,BEBMI,09:01,FRMLV
8322,2023-06-10,MARNE LA VALLEE CHESSY,OUI,9884,10:17,NORD,LILLE (intramuros),JCBRETNORD,FRLLE,09:01,FRMLV
8323,2023-06-10,AEROPORT CDG2 TGV ROISSY,OUI,9884,10:17,NORD,LILLE (intramuros),JCBRETNORD,FRLLE,09:16,FRMLW
8324,2023-06-10,TGV HAUTE PICARDIE,OUI,9884,11:01,NORD,BRUXELLES MIDI BRUSSEL ZUID,JCBRETNORD,BEBMI,09:50,FRTHP
8325,2023-06-10,RENNES,OUI,9884,11:01,NORD,BRUXELLES MIDI BRUSSEL ZUID,JCBRETNORD,BEBMI,06:23,FRRNS
8326,2023-06-10,LE MANS,OUI,9884,11:01,NORD,BRUXELLES MIDI BRUSSEL ZUID,JCBRETNORD,BEBMI,07:30,FRAET
8327,2023-06-10,LYON (intramuros),OUI,6628,20:08,SUD EST,PARIS (intramuros),RHONEPARIS,FRPLY,18:04,FRLPD
8328,2023-06-10,VALENCE TGV RHONE-ALPES SUD,NON,6049,19:03,SUD EST,BEZIERS,PALANG,FRBZR,17:09,FRVLA
8329,2023-06-10,AGDE,OUI,6049,19:03,SUD EST,BEZIERS,PALANG,FRBZR,18:51,FRXAG
8330,2023-06-10,VALENCE TGV RHONE-ALPES SUD,NON,6049,18:08,SUD EST,MONTPELLIER SUD DE FRANCE,PALANG,FRSUF,17:09,FRVLA
8331,2023-06-10,MONTPELLIER SUD DE FRANCE,OUI,6049,19:20,SUD EST,NARBONNE,PALANG,FRXNA,18:17,FRSUF
8332,2023-06-10,MONTPELLIER SUD DE FRANCE,OUI,6049,19:03,SUD EST,BEZIERS,PALANG,FRBZR,18:17,FRSUF
8333,2023-06-10,VALENCE TGV RHONE-ALPES SUD,NON,6049,17:46,SUD EST,NIMES PONT DU GARD,PALANG,FRXZP,17:09,FRVLA
8334,2023-06-10,CANNES,OUI,6077,19:58,SUD EST,NICE VILLE,PAAZUR,FRNIC,19:31,FRJCA
8335,2023-06-10,MARSEILLE ST CHARLES,OUI,6077,18:11,SUD EST,TOULON,PAAZUR,FRTLN,17:28,FRMSC
8336,2023-06-10,MARSEILLE ST CHARLES,OUI,6077,19:39,SUD EST,ANTIBES,PAAZUR,FRXAT,17:28,FRMSC
8337,2023-06-10,TOULON,OUI,6077,19:26,SUD EST,CANNES,PAAZUR,FRJCA,18:15,FRTLN
8338,2023-06-10,TOULON,OUI,6077,19:58,SUD EST,NICE VILLE,PAAZUR,FRNIC,18:15,FRTLN
8339,2023-06-10,TOULON,OUI,6077,19:01,SUD EST,ST RAPHAEL VALESCURE,PAAZUR,FRXSK,18:15,FRTLN
8340,2023-06-10,ANTIBES,OUI,6077,19:58,SUD EST,NICE VILLE,PAAZUR,FRNIC,19:42,FRXAT
8341,2023-06-10,ZUERICH HB,NON,9222,15:58,INTERNATIONAL,DIJON VILLE,ZURBALPA,FRABA,13:34,CHAJD
8342,2023-06-10,ZUERICH HB,NON,9222,14:53,INTERNATIONAL,MULHOUSE VILLE,ZURBALPA,FRAEK,13:34,CHAJD
8343,2023-06-10,BASEL SBB,NON,9222,15:58,INTERNATIONAL,DIJON VILLE,ZURBALPA,FRABA,14:34,CHAJP
8344,2023-06-10,LILLE (intramuros),OUI,5202,06:55,NORD,ARRAS,JCNORDAQUI,FRQRV,06:15,FRADJ
8345,2023-06-10,MARNE LA VALLEE CHESSY,NON,5202,10:41,NORD,POITIERS,JCNORDAQUI,FRPIS,08:35,FRMLV
8346,2023-06-10,AEROPORT CDG2 TGV ROISSY,OUI,5202,09:04,NORD,MASSY TGV,JCNORDAQUI,FRDJU,08:10,FRMLW
8347,2023-06-10,AEROPORT CDG2 TGV ROISSY,NON,5202,10:41,NORD,POITIERS,JCNORDAQUI,FRPIS,08:10,FRMLW
8348,2023-06-10,TGV HAUTE PICARDIE,OUI,5202,09:04,NORD,MASSY TGV,JCNORDAQUI,FRDJU,07:25,FRTHP
8349,2023-06-10,DOUAI,NON,5202,12:02,NORD,BORDEAUX ST JEAN,JCNORDAQUI,FRBOJ,06:37,FRXDN
8350,2023-06-10,DOUAI,OUI,5202,07:54,NORD,AEROPORT CDG2 TGV ROISSY,JCNORDAQUI,FRMLW,06:37,FRXDN
8351,2023-06-10,ST PIERRE DES CORPS,NON,5202,11:23,NORD,ANGOULEME,JCNORDAQUI,FRANG,10:10,FRXSH
8352,2023-06-10,ST PIERRE DES CORPS,NON,5202,12:02,NORD,BORDEAUX ST JEAN,JCNORDAQUI,FRBOJ,10:10,FRXSH
8353,2023-06-10,LYON (intramuros),OUI,5182,20:47,NORD,MARNE LA VALLEE CHESSY,JCSUDNORD,FRMLV,19:00,FRLPD
8354,2023-06-10,MONTPELLIER SUD DE FRANCE,OUI,5182,18:50,NORD,LYON (intramuros),JCSUDNORD,FRLPD,17:05,FRSUF
8355,2023-06-10,NIMES PONT DU GARD,OUI,5182,18:05,NORD,VALENCE TGV RHONE-ALPES SUD,JCSUDNORD,FRVLA,17:27,FRXZP
8356,2023-06-10,NIMES PONT DU GARD,OUI,5182,21:57,NORD,LILLE (intramuros),JCSUDNORD,FRLLE,17:27,FRXZP
8357,2023-06-10,DIJON VILLE,NON,2239,19:31,EST,AIX EN PROVENCE TGV,JCRHINRHON,FRAIE,16:20,FRABA
8358,2023-06-10,DIJON VILLE,NON,2239,20:41,EST,TOULON,JCRHINRHON,FRTLN,16:20,FRABA
8359,2023-06-10,DIJON VILLE,NON,2239,21:17,EST,LES ARCS DRAGUIGNAN,JCRHINRHON,FRXRS,16:20,FRABA
8360,2023-06-10,DIJON VILLE,NON,2239,21:34,EST,ST RAPHAEL VALESCURE,JCRHINRHON,FRXSK,16:20,FRABA
8361,2023-06-10,STRASBOURG,NON,2239,22:30,EST,NICE VILLE,JCRHINRHON,FRNIC,13:37,FRAEG
8362,2023-06-10,STRASBOURG,NON,2239,15:02,EST,BELFORT-MONTBELIARD TGV,JCRHINRHON,FRTJA,13:37,FRAEG
8363,2023-06-10,STRASBOURG,NON,2239,15:29,EST,BESANCON - F COMTE TGV,JCRHINRHON,FRTJB,13:37,FRAEG
8364,2023-06-10,COLMAR,NON,2239,19:10,EST,AVIGNON TGV,JCRHINRHON,FRAVG,14:05,FRAEJ
8365,2023-06-10,COLMAR,NON,2239,20:41,EST,TOULON,JCRHINRHON,FRTLN,14:05,FRAEJ
8366,2023-06-10,MULHOUSE VILLE,NON,2239,19:10,EST,AVIGNON TGV,JCRHINRHON,FRAVG,14:41,FRAEK
8367,2023-06-10,MULHOUSE VILLE,NON,2239,20:41,EST,TOULON,JCRHINRHON,FRTLN,14:41,FRAEK
8368,2023-06-10,MULHOUSE VILLE,NON,2239,21:17,EST,LES ARCS DRAGUIGNAN,JCRHINRHON,FRXRS,14:41,FRAEK
8369,2023-06-10,MULHOUSE VILLE,NON,2239,21:34,EST,ST RAPHAEL VALESCURE,JCRHINRHON,FRXSK,14:41,FRAEK
8370,2023-06-10,AIX EN PROVENCE TGV,NON,2239,21:17,EST,LES ARCS DRAGUIGNAN,JCRHINRHON,FRXRS,19:33,FRAIE
8371,2023-06-10,AVIGNON TGV,NON,2239,22:30,EST,NICE VILLE,JCRHINRHON,FRNIC,19:12,FRAVG
8372,2023-06-10,AVIGNON TGV,NON,2239,20:41,EST,TOULON,JCRHINRHON,FRTLN,19:12,FRAVG
8373,2023-06-10,CANNES,OUI,2239,22:30,EST,NICE VILLE,JCRHINRHON,FRNIC,22:03,FRJCA
8374,2023-06-10,LYON (intramuros),NON,2239,19:45,EST,MARSEILLE ST CHARLES,JCRHINRHON,FRMSC,18:04,FRLPD
8375,2023-06-10,LYON (intramuros),NON,2239,22:30,EST,NICE VILLE,JCRHINRHON,FRNIC,18:04,FRLPD
8376,2023-06-10,MARSEILLE ST CHARLES,OUI,2239,21:59,EST,CANNES,JCRHINRHON,FRJCA,19:57,FRMSC
8377,2023-06-10,BELFORT-MONTBELIARD TGV,NON,2239,19:45,EST,MARSEILLE ST CHARLES,JCRHINRHON,FRMSC,15:06,FRTJA
8378,2023-06-10,ANTIBES,OUI,2239,22:30,EST,NICE VILLE,JCRHINRHON,FRNIC,22:14,FRXAT
8379,2023-06-10,BEAUNE,NON,2239,19:10,EST,AVIGNON TGV,JCRHINRHON,FRAVG,16:42,FRXBV
8380,2023-06-10,BEAUNE,NON,2239,22:11,EST,ANTIBES,JCRHINRHON,FRXAT,16:42,FRXBV
8381,2023-06-10,BEAUNE,NON,2239,21:17,EST,LES ARCS DRAGUIGNAN,JCRHINRHON,FRXRS,16:42,FRXBV
8382,2023-06-10,ST RAPHAEL VALESCURE,OUI,2239,22:30,EST,NICE VILLE,JCRHINRHON,FRNIC,21:37,FRXSK
8383,2023-06-10,ANGERS ST LAUD,OUI,8922,16:23,ATLANTIQUE,LE MANS,LOIREPARIS,FRAET,15:44,FRACL
8384,2023-06-10,NANTES,OUI,8922,16:23,ATLANTIQUE,LE MANS,LOIREPARIS,FRAET,15:05,FRNTE
8385,2023-06-10,ST NAZAIRE,OUI,8922,15:41,ATLANTIQUE,ANGERS ST LAUD,LOIREPARIS,FRACL,14:19,FRSNR
8386,2023-06-10,ST NAZAIRE,OUI,8922,16:23,ATLANTIQUE,LE MANS,LOIREPARIS,FRAET,14:19,FRSNR
8387,2023-06-10,ST NAZAIRE,OUI,8922,14:55,ATLANTIQUE,NANTES,LOIREPARIS,FRNTE,14:19,FRSNR
8388,2023-06-10,PARIS (intramuros),NON,9715,19:56,SUD EST,PERPIGNAN,PABARCELONE,FRPGF,14:54,FRPLY
8389,2023-06-10,PARIS (intramuros),NON,9715,17:06,SUD EST,VALENCE TGV RHONE-ALPES SUD,PABARCELONE,FRVLA,14:54,FRPLY
8390,2023-06-10,VALENCE TGV RHONE-ALPES SUD,NON,9715,19:03,SUD EST,BEZIERS,PABARCELONE,FRBZR,17:09,FRVLA
8391,2023-06-10,VALENCE TGV RHONE-ALPES SUD,NON,9715,18:31,SUD EST,SETE,PABARCELONE,FRXSY,17:09,FRVLA
8392,2023-06-10,SETE,NON,9715,19:56,SUD EST,PERPIGNAN,PABARCELONE,FRPGF,18:34,FRXSY
8393,2023-06-10,VALENCE TGV RHONE-ALPES SUD,NON,9715,18:08,SUD EST,MONTPELLIER SUD DE FRANCE,PABARCELONE,FRSUF,17:09,FRVLA
8394,2023-06-10,MONTPELLIER SUD DE FRANCE,NON,9715,18:48,SUD EST,AGDE,PABARCELONE,FRXAG,18:17,FRSUF
8395,2023-06-10,MONTPELLIER SUD DE FRANCE,NON,9715,19:20,SUD EST,NARBONNE,PABARCELONE,FRXNA,18:17,FRSUF
8396,2023-06-10,VALENCE TGV RHONE-ALPES SUD,NON,9715,17:46,SUD EST,NIMES PONT DU GARD,PABARCELONE,FRXZP,17:09,FRVLA
8397,2023-06-10,PERPIGNAN,NON,9715,20:44,SUD EST,GIRONA,PABARCELONE,ESGRO,20:03,FRPGF
8398,2023-06-10,AVIGNON TGV,OUI,6111,14:41,SUD EST,AIX EN PROVENCE TGV,PAPROVENCE,FRAIE,14:20,FRAVG
8399,2023-06-10,REIMS,OUI,2264,09:01,EST,PARIS (intramuros),SEDBARPA,FRPST,08:15,FRRHE
8400,2023-06-10,AEROPORT CDG2 TGV ROISSY,NON,5470,14:47,EST,RENNES,JCESTATL,FRRNS,12:16,FRMLW
8401,2023-06-10,MEUSE TGV,NON,5470,13:59,EST,LE MANS,JCESTATL,FRAET,11:01,FREAJ
8402,2023-06-10,STRASBOURG,NON,5486,10:34,EST,MASSY TGV,JCESTATL,FRDJU,07:31,FRAEG
8403,2023-06-10,STRASBOURG,NON,5486,09:55,EST,MARNE LA VALLEE CHESSY,JCESTATL,FRMLV,07:31,FRAEG
8404,2023-06-10,LORRAINE TGV,NON,5486,12:36,EST,ANGERS ST LAUD,JCESTATL,FRACL,08:09,FREAM
8405,2023-06-10,LORRAINE TGV,NON,5486,10:34,EST,MASSY TGV,JCESTATL,FRDJU,08:09,FREAM
8406,2023-06-10,LORRAINE TGV,NON,5486,09:28,EST,AEROPORT CDG2 TGV ROISSY,JCESTATL,FRMLW,08:09,FREAM
8407,2023-06-10,ST PIERRE DES CORPS,NON,5486,13:19,EST,NANTES,JCESTATL,FRNTE,11:40,FRXSH
8408,2023-06-10,LYON-SAINT EXUPERY TGV,NON,6191,10:56,SUD EST,AVIGNON CENTRE,PAVDR,FRAES,09:11,FRJDQ
8409,2023-06-10,MONTELIMAR GARE SNCF,OUI,6191,10:38,SUD EST,ORANGE,PAVDR,FRXOG,10:12,FRXMK
8410,2023-06-10,PARIS (intramuros),NON,8729,19:56,ATLANTIQUE,LORIENT,PARISBRETA,FRLRT,16:53,FRPMO
8411,2023-06-10,PARIS (intramuros),NON,8729,19:37,ATLANTIQUE,AURAY,PARISBRETA,FRXUY,16:53,FRPMO
8412,2023-06-10,RENNES,OUI,8729,19:24,ATLANTIQUE,VANNES,PARISBRETA,FRVNE,18:29,FRRNS
8413,2023-06-10,NURIEUX,OUI,9764,11:42,INTERNATIONAL,PARIS (intramuros),GENEVEPA,FRPLY,09:25,FRHQN
8414,2023-06-10,BELLEGARDE,OUI,9764,11:42,INTERNATIONAL,PARIS (intramuros),GENEVEPA,FRPLY,09:00,FRXBF
8415,2023-06-10,NIMES,NON,9864,19:57,NORD,LILLE (intramuros),JCSUDNORD,FRLLE,15:19,FRFNI
8416,2023-06-10,AEROPORT CDG2 TGV ROISSY,NON,9864,20:43,NORD,BRUXELLES MIDI BRUSSEL ZUID,JCSUDNORD,BEBMI,19:07,FRMLW
8417,2023-06-10,MONTPELLIER SAINT-ROCH,NON,9864,16:49,NORD,LYON (intramuros),JCSUDNORD,FRLPD,14:51,FRMPL
8418,2023-06-10,PARIS (intramuros),NON,6117,18:22,SUD EST,AVIGNON TGV,PAPROVENCE,FRAVG,15:36,FRPLY
8419,2023-06-10,LYON (intramuros),NON,5512,12:01,EST,BESANCON - F COMTE TGV,JCRHONRHIN,FRTJB,10:04,FRLPD
8420,2023-06-10,LYON (intramuros),NON,5512,12:24,EST,BELFORT-MONTBELIARD TGV,JCRHONRHIN,FRTJA,09:42,FRLPE
8421,2023-06-10,LYON (intramuros),NON,5512,12:01,EST,BESANCON - F COMTE TGV,JCRHONRHIN,FRTJB,09:42,FRLPE
8422,2023-06-10,BESANCON - F COMTE TGV,NON,5512,13:43,EST,STRASBOURG,JCRHONRHIN,FRAEG,12:04,FRTJB
8423,2023-06-10,CHALON SUR SAONE,NON,5512,12:01,EST,BESANCON - F COMTE TGV,JCRHONRHIN,FRTJB,11:06,FRXCD
8424,2023-06-10,CHAMBERY CHALLES LES EAUX,NON,6949,21:34,SUD EST,ANNECY,PARISALPES,FRNCY,20:52,FRCMF
8425,2023-06-10,MACON LOCHE TGV,NON,6949,21:34,SUD EST,ANNECY,PARISALPES,FRNCY,19:20,FRMLT
8426,2023-06-10,PARIS (intramuros),NON,6949,20:36,SUD EST,CHAMBERY CHALLES LES EAUX,PARISALPES,FRCMF,17:44,FRPLY
8427,2023-06-10,PARIS (intramuros),NON,6949,21:04,SUD EST,AIX LES BAINS LE REVARD,PARISALPES,FRXAI,17:44,FRPLY
8428,2023-06-10,BEZIERS,NON,9708,17:18,SUD EST,PARIS (intramuros),BARCELONEPA,FRPLY,12:58,FRBZR
8429,2023-06-10,PERPIGNAN,NON,9708,12:38,SUD EST,NARBONNE,BARCELONEPA,FRXNA,12:04,FRPGF
8430,2023-06-10,VALENCE TGV RHONE-ALPES SUD,NON,9708,17:18,SUD EST,PARIS (intramuros),BARCELONEPA,FRPLY,15:04,FRVLA
8431,2023-06-10,GIRONA,NON,9708,17:18,SUD EST,PARIS (intramuros),BARCELONEPA,FRPLY,11:14,ESGRO
8432,2023-06-10,BARCELONA SANTS,NON,9708,13:44,SUD EST,MONTPELLIER SAINT-ROCH,BARCELONEPA,FRMPL,10:33,ESBST
8433,2023-06-10,BARCELONA SANTS,NON,9708,14:13,SUD EST,NIMES,BARCELONEPA,FRFNI,10:33,ESBST
8434,2023-06-10,FIGUERES VILA TGV,NON,9708,15:01,SUD EST,VALENCE TGV RHONE-ALPES SUD,BARCELONEPA,FRVLA,11:31,ESFIR
8435,2023-06-10,RENNES,OUI,8629,20:38,ATLANTIQUE,BREST,PARISBRETA,FRBES,18:32,FRRNS
8436,2023-06-10,BEZIERS,NON,6821,10:17,SUD EST,CARCASSONNE,JCPROVSUD,FRCCF,09:30,FRBZR
8437,2023-06-10,BEZIERS,NON,6821,11:02,SUD EST,TOULOUSE MATABIAU,JCPROVSUD,FRXYT,09:30,FRBZR
8438,2023-06-10,LYON (intramuros),NON,6821,09:44,SUD EST,NARBONNE,JCPROVSUD,FRXNA,06:37,FRLPD
8439,2023-06-10,MONTPELLIER SAINT-ROCH,NON,6821,09:00,SUD EST,SETE,JCPROVSUD,FRXSY,08:44,FRMPL
8440,2023-06-10,VALENCE TGV RHONE-ALPES SUD,NON,6821,09:27,SUD EST,BEZIERS,JCPROVSUD,FRBZR,07:18,FRVLA
8441,2023-06-10,NARBONNE,NON,6821,10:17,SUD EST,CARCASSONNE,JCPROVSUD,FRCCF,09:47,FRXNA
8442,2023-06-10,DIJON VILLE,NON,9898,13:24,EST,METZ VILLE,JCRHONRHIN,FRADE,10:08,FRABA
8443,2023-06-10,DIJON VILLE,NON,9898,10:57,EST,BELFORT-MONTBELIARD TGV,JCRHONRHIN,FRTJA,10:08,FRABA
8444,2023-06-10,DIJON VILLE,NON,9898,10:34,EST,BESANCON - F COMTE TGV,JCRHONRHIN,FRTJB,10:08,FRABA
8445,2023-06-10,COLMAR,NON,9898,13:24,EST,METZ VILLE,JCRHONRHIN,FRADE,11:52,FRAEJ
8446,2023-06-10,MULHOUSE VILLE,NON,9898,12:24,EST,STRASBOURG,JCRHONRHIN,FRAEG,11:24,FRAEK
8447,2023-06-10,NIMES,NON,9898,09:58,EST,DIJON VILLE,JCRHONRHIN,FRABA,06:54,FRFNI
8448,2023-06-10,NIMES,NON,9898,08:24,EST,LYON (intramuros),JCRHONRHIN,FRLPD,06:54,FRFNI
8449,2023-06-10,LYON (intramuros),NON,9898,11:21,EST,MULHOUSE VILLE,JCRHONRHIN,FRAEK,08:30,FRLPD
8450,2023-06-10,LYON (intramuros),NON,9898,10:57,EST,BELFORT-MONTBELIARD TGV,JCRHONRHIN,FRTJA,08:30,FRLPD
8451,2023-06-10,LYON (intramuros),NON,9898,10:34,EST,BESANCON - F COMTE TGV,JCRHONRHIN,FRTJB,08:30,FRLPD
8452,2023-06-10,MONTPELLIER SAINT-ROCH,OUI,9898,06:51,EST,NIMES,JCRHONRHIN,FRFNI,06:27,FRMPL
8453,2023-06-10,MONTPELLIER SAINT-ROCH,NON,9898,07:39,EST,VALENCE TGV RHONE-ALPES SUD,JCRHONRHIN,FRVLA,06:27,FRMPL
8454,2023-06-10,BELFORT-MONTBELIARD TGV,NON,9898,11:21,EST,MULHOUSE VILLE,JCRHONRHIN,FRAEK,10:59,FRTJA
8455,2023-06-10,BESANCON - F COMTE TGV,NON,9898,12:24,EST,STRASBOURG,JCRHONRHIN,FRAEG,10:36,FRTJB
8456,2023-06-10,VALENCE TGV RHONE-ALPES SUD,NON,9898,08:24,EST,LYON (intramuros),JCRHONRHIN,FRLPD,07:44,FRVLA
8457,2023-06-10,VALENCE TGV RHONE-ALPES SUD,NON,9898,10:34,EST,BESANCON - F COMTE TGV,JCRHONRHIN,FRTJB,07:44,FRVLA
8458,2023-06-10,PAU,OUI,8560,08:22,ATLANTIQUE,DAX,SUDOUESTPA,FRACG,07:31,FRAEE
8459,2023-06-10,PAU,NON,8560,11:52,ATLANTIQUE,PARIS (intramuros),SUDOUESTPA,FRPMO,07:31,FRAEE
8460,2023-06-10,ORTHEZ,NON,8560,11:52,ATLANTIQUE,PARIS (intramuros),SUDOUESTPA,FRPMO,07:54,FRGFI
8461,2023-06-10,LOURDES,OUI,8560,07:29,ATLANTIQUE,PAU,SUDOUESTPA,FRAEE,07:04,FRLDE
8462,2023-06-10,LOURDES,OUI,8560,07:52,ATLANTIQUE,ORTHEZ,SUDOUESTPA,FRGFI,07:04,FRLDE
8463,2023-06-10,TARBES,OUI,8560,08:22,ATLANTIQUE,DAX,SUDOUESTPA,FRACG,06:46,FRXTB
8464,2023-06-10,TARBES,OUI,8560,09:40,ATLANTIQUE,BORDEAUX ST JEAN,SUDOUESTPA,FRBOJ,06:46,FRXTB
8465,2023-06-10,TARBES,NON,8560,11:52,ATLANTIQUE,PARIS (intramuros),SUDOUESTPA,FRPMO,06:46,FRXTB
8466,2023-06-10,PARIS (intramuros),OUI,7297,23:57,NORD,CROIX WASQUEHAL,PAARRAS,FRCKH,22:25,FRPNO
8467,2023-06-10,LYON (intramuros),OUI,6613,14:10,SUD EST,LYON (intramuros),PARISRHONE,FRLPE,14:02,FRLPD
8468,2023-06-10,LE CREUSOT MONTCEAU MONTCHANIN,NON,6613,13:56,SUD EST,LYON (intramuros),PARISRHONE,FRLPD,13:13,FRXCC
8469,2023-06-10,LILLE (intramuros),NON,5240,21:21,NORD,ANGOULEME,JCNORDAQUI,FRANG,17:16,FRADJ
8470,2023-06-10,LILLE (intramuros),NON,5240,22:02,NORD,BORDEAUX ST JEAN,JCNORDAQUI,FRBOJ,17:16,FRADJ
8471,2023-06-10,LILLE (intramuros),NON,5240,20:40,NORD,POITIERS,JCNORDAQUI,FRPIS,17:16,FRADJ
8472,2023-06-10,LILLE (intramuros),NON,5240,20:06,NORD,ST PIERRE DES CORPS,JCNORDAQUI,FRXSH,17:16,FRADJ
8473,2023-06-10,MASSY TGV,NON,5240,20:40,NORD,POITIERS,JCNORDAQUI,FRPIS,19:09,FRDJU
8474,2023-06-10,MARNE LA VALLEE CHESSY,NON,5240,21:21,NORD,ANGOULEME,JCNORDAQUI,FRANG,18:32,FRMLV
8475,2023-06-10,MARNE LA VALLEE CHESSY,NON,5240,22:02,NORD,BORDEAUX ST JEAN,JCNORDAQUI,FRBOJ,18:32,FRMLV
8476,2023-06-10,AEROPORT CDG2 TGV ROISSY,OUI,5240,19:04,NORD,MASSY TGV,JCNORDAQUI,FRDJU,18:18,FRMLW
8477,2023-06-10,AEROPORT CDG2 TGV ROISSY,OUI,5240,18:27,NORD,MARNE LA VALLEE CHESSY,JCNORDAQUI,FRMLV,18:18,FRMLW
8478,2023-06-10,AEROPORT CDG2 TGV ROISSY,NON,5240,20:06,NORD,ST PIERRE DES CORPS,JCNORDAQUI,FRXSH,18:18,FRMLW
8479,2023-06-10,ST PIERRE DES CORPS,OUI,5240,21:21,NORD,ANGOULEME,JCNORDAQUI,FRANG,20:10,FRXSH
8480,2023-06-10,PARIS (intramuros),NON,6689,20:56,SUD EST,LYON (intramuros),PARISRHONE,FRLPD,18:58,FRPLY
8481,2023-06-10,PARIS (intramuros),NON,6919,16:05,SUD EST,LYON-SAINT EXUPERY TGV,PAGRENOBLE,FRJDQ,14:12,FRPLY
8482,2023-06-10,ANGERS ST LAUD,NON,4406,17:57,IC SRO,BOURGES,JOURNTELYN,FRBOU,15:28,FRACL
8483,2023-06-10,ANGERS ST LAUD,NON,4406,19:34,IC SRO,ST GERMAIN DES FOSSES,JOURNTELYN,FRSGF,15:28,FRACL
8484,2023-06-10,NANTES,NON,4406,17:57,IC SRO,BOURGES,JOURNTELYN,FRBOU,14:47,FRNTE
8485,2023-06-10,NANTES,NON,4406,21:18,IC SRO,LYON (intramuros),JOURNTELYN,FRLPD,14:47,FRNTE
8486,2023-06-10,NANTES,NON,4406,21:30,IC SRO,LYON (intramuros),JOURNTELYN,FRLPE,14:47,FRNTE
8487,2023-06-10,NANTES,NON,4406,19:34,IC SRO,ST GERMAIN DES FOSSES,JOURNTELYN,FRSGF,14:47,FRNTE
8488,2023-06-10,NANTES,NON,4406,16:31,IC SRO,ST PIERRE DES CORPS,JOURNTELYN,FRXSH,14:47,FRNTE
8489,2023-06-10,NEVERS,NON,4406,21:30,IC SRO,LYON (intramuros),JOURNTELYN,FRLPE,18:42,FRNVS
8490,2023-06-10,NEVERS,NON,4406,19:34,IC SRO,ST GERMAIN DES FOSSES,JOURNTELYN,FRSGF,18:42,FRNVS
8491,2023-06-10,ST GERMAIN DES FOSSES,NON,4406,21:18,IC SRO,LYON (intramuros),JOURNTELYN,FRLPD,19:36,FRSGF
8492,2023-06-10,MOULINS SUR ALLIER,NON,4406,21:30,IC SRO,LYON (intramuros),JOURNTELYN,FRLPE,19:11,FRXMU
8493,2023-06-10,ST PIERRE DES CORPS,NON,4406,21:18,IC SRO,LYON (intramuros),JOURNTELYN,FRLPD,16:34,FRXSH
8494,2023-06-10,VIERZON VILLE,NON,4406,17:57,IC SRO,BOURGES,JOURNTELYN,FRBOU,17:40,FRXVZ
8495,2023-06-10,VIERZON VILLE,NON,4406,21:18,IC SRO,LYON (intramuros),JOURNTELYN,FRLPD,17:40,FRXVZ
8496,2023-06-10,VIERZON VILLE,NON,4406,21:30,IC SRO,LYON (intramuros),JOURNTELYN,FRLPE,17:40,FRXVZ
8497,2023-06-10,VIERZON VILLE,NON,4406,19:09,IC SRO,MOULINS SUR ALLIER,JOURNTELYN,FRXMU,17:40,FRXVZ
8498,2023-06-10,AIX EN PROVENCE TGV,OUI,6852,21:27,SUD EST,VALENCE TGV RHONE-ALPES SUD,JCSUDPROV,FRVLA,20:32,FRAIE
8499,2023-06-10,AVIGNON TGV,OUI,6852,22:14,SUD EST,LYON (intramuros),JCSUDPROV,FRLPD,20:55,FRAVG
8500,2023-06-10,CANNES,OUI,6852,18:37,SUD EST,LES ARCS DRAGUIGNAN,JCSUDPROV,FRXRS,17:59,FRJCA
8501,2023-06-10,NICE VILLE,OUI,6852,18:21,SUD EST,ST RAPHAEL VALESCURE,JCSUDPROV,FRXSK,17:27,FRNIC
8502,2023-06-10,TOULON,OUI,6852,22:14,SUD EST,LYON (intramuros),JCSUDPROV,FRLPD,19:18,FRTLN
8503,2023-06-10,VALENCE TGV RHONE-ALPES SUD,OUI,6852,22:14,SUD EST,LYON (intramuros),JCSUDPROV,FRLPD,21:30,FRVLA
8504,2023-06-10,ANTIBES,OUI,6852,20:04,SUD EST,MARSEILLE ST CHARLES,JCSUDPROV,FRMSC,17:45,FRXAT
8505,2023-06-10,ANTIBES,OUI,6852,19:14,SUD EST,TOULON,JCSUDPROV,FRTLN,17:45,FRXAT
8506,2023-06-10,LES ARCS DRAGUIGNAN,OUI,6852,20:04,SUD EST,MARSEILLE ST CHARLES,JCSUDPROV,FRMSC,18:40,FRXRS
8507,2023-06-10,BORDEAUX ST JEAN,NON,3852,09:53,IC SRO,ROCHEFORT,BORDONANTE,FRRCO,07:53,FRBOJ
8508,2023-06-10,BORDEAUX ST JEAN,NON,3852,11:22,IC SRO,LA ROCHE SUR YON,BORDONANTE,FRXRO,07:53,FRBOJ
8509,2023-06-10,JONZAC,NON,3852,12:05,IC SRO,NANTES,BORDONANTE,FRNTE,08:41,FREMR
8510,2023-06-10,LUCON,NON,3852,12:05,IC SRO,NANTES,BORDONANTE,FRNTE,11:00,FRLCN
8511,2023-06-10,LA ROCHELLE VILLE,NON,3852,11:22,IC SRO,LA ROCHE SUR YON,BORDONANTE,FRXRO,10:19,FRLRH
8512,2023-06-10,ROCHEFORT,NON,3852,10:58,IC SRO,LUCON,BORDONANTE,FRLCN,09:55,FRRCO
8513,2023-06-10,ROCHEFORT,NON,3852,12:05,IC SRO,NANTES,BORDONANTE,FRNTE,09:55,FRRCO
8514,2023-06-10,ROCHEFORT,NON,3852,11:22,IC SRO,LA ROCHE SUR YON,BORDONANTE,FRXRO,09:55,FRRCO
8515,2023-06-10,SAINTES,NON,3852,10:58,IC SRO,LUCON,BORDONANTE,FRLCN,09:25,FRXST
8516,2023-06-10,ANGERS ST LAUD,NON,5306,17:49,SUD EST,LYON (intramuros),JCATLSUD,FRLPE,13:27,FRACL
8517,2023-06-10,ANGERS ST LAUD,OUI,5306,14:24,SUD EST,ST PIERRE DES CORPS,JCATLSUD,FRXSH,13:27,FRACL
8518,2023-06-10,NANTES,OUI,5306,13:24,SUD EST,ANGERS ST LAUD,JCATLSUD,FRACL,12:44,FRNTE
8519,2023-06-10,STRASBOURG,NON,9404,19:22,EST,ANGOULEME,JCESTATL,FRANG,13:56,FRAEG
8520,2023-06-10,STRASBOURG,OUI,9404,14:33,EST,LORRAINE TGV,JCESTATL,FREAM,13:56,FRAEG
8521,2023-06-10,STRASBOURG,NON,9404,18:06,EST,ST PIERRE DES CORPS,JCESTATL,FRXSH,13:56,FRAEG
8522,2023-06-10,MASSY TGV,NON,9404,19:22,EST,ANGOULEME,JCESTATL,FRANG,17:10,FRDJU
8523,2023-06-10,CHAMPAGNE-ARDENNE,NON,9404,16:04,EST,AEROPORT CDG2 TGV ROISSY,JCESTATL,FRMLW,15:34,FREAH
8524,2023-06-10,MEUSE TGV,NON,9404,19:22,EST,ANGOULEME,JCESTATL,FRANG,15:05,FREAJ
8525,2023-06-10,LORRAINE TGV,NON,9404,19:22,EST,ANGOULEME,JCESTATL,FRANG,14:38,FREAM
8526,2023-06-10,LORRAINE TGV,NON,9404,20:02,EST,BORDEAUX ST JEAN,JCESTATL,FRBOJ,14:38,FREAM
8527,2023-06-10,LORRAINE TGV,NON,9404,17:04,EST,MASSY TGV,JCESTATL,FRDJU,14:38,FREAM
8528,2023-06-10,LORRAINE TGV,NON,9404,16:27,EST,MARNE LA VALLEE CHESSY,JCESTATL,FRMLV,14:38,FREAM
8529,2023-06-10,LORRAINE TGV,NON,9404,18:40,EST,POITIERS,JCESTATL,FRPIS,14:38,FREAM
8530,2023-06-10,MARNE LA VALLEE CHESSY,NON,9404,19:22,EST,ANGOULEME,JCESTATL,FRANG,16:32,FRMLV
8531,2023-06-10,MARNE LA VALLEE CHESSY,NON,9404,20:02,EST,BORDEAUX ST JEAN,JCESTATL,FRBOJ,16:32,FRMLV
8532,2023-06-10,MARNE LA VALLEE CHESSY,NON,9404,18:40,EST,POITIERS,JCESTATL,FRPIS,16:32,FRMLV
8533,2023-06-10,AEROPORT CDG2 TGV ROISSY,NON,9404,18:06,EST,ST PIERRE DES CORPS,JCESTATL,FRXSH,16:18,FRMLW
8534,2023-06-10,POITIERS,OUI,9404,19:22,EST,ANGOULEME,JCESTATL,FRANG,18:43,FRPIS
8535,2023-06-10,ST PIERRE DES CORPS,NON,9404,19:22,EST,ANGOULEME,JCESTATL,FRANG,18:10,FRXSH
8536,2023-06-10,ST PIERRE DES CORPS,NON,9404,20:02,EST,BORDEAUX ST JEAN,JCESTATL,FRBOJ,18:10,FRXSH
8537,2023-06-10,LAHR SCHWARZW,OUI,9404,13:46,EST,STRASBOURG,JCESTATL,FRAEG,13:00,DEANL
8538,2023-06-10,FREIBURG BREISGAU HBF,OUI,9404,12:59,EST,LAHR SCHWARZW,JCESTATL,DEANL,12:22,DEFGB
8539,2023-06-10,FREIBURG BREISGAU HBF,NON,9404,20:02,EST,BORDEAUX ST JEAN,JCESTATL,FRBOJ,12:22,DEFGB
8540,2023-06-10,RINGSHEIM/EU-PARK,NON,9404,20:02,EST,BORDEAUX ST JEAN,JCESTATL,FRBOJ,12:52,DERSH
8541,2023-06-10,FREIBURG BREISGAU HBF,NON,9404,18:40,EST,POITIERS,JCESTATL,FRPIS,12:22,DEFGB
8542,2023-06-10,FREIBURG BREISGAU HBF,NON,9404,18:06,EST,ST PIERRE DES CORPS,JCESTATL,FRXSH,12:22,DEFGB
8543,2023-06-10,RINGSHEIM/EU-PARK,NON,9404,15:29,EST,CHAMPAGNE-ARDENNE,JCESTATL,FREAH,12:52,DERSH
8544,2023-06-10,ZUERICH HB,NON,9234,22:42,INTERNATIONAL,PARIS (intramuros),ZURBALPA,FRPLY,18:34,CHAJD
8545,2023-06-10,BELFORT-MONTBELIARD TGV,NON,9234,22:42,INTERNATIONAL,PARIS (intramuros),ZURBALPA,FRPLY,20:21,FRTJA
8546,2023-06-10,PARIS (intramuros),NON,6163,20:40,SUD EST,ANTIBES,PAAZUR,FRXAT,15:18,FRPLY
8547,2023-06-10,TOULON,OUI,6163,20:40,SUD EST,ANTIBES,PAAZUR,FRXAT,19:11,FRTLN
8548,2023-06-10,CHAMBERY CHALLES LES EAUX,NON,6960,07:40,SUD EST,MACON LOCHE TGV,ALPESPARIS,FRMLT,06:22,FRCMF
8549,2023-06-10,CHAMBERY CHALLES LES EAUX,NON,6960,09:14,SUD EST,PARIS (intramuros),ALPESPARIS,FRPLY,06:22,FRCMF
8550,2023-06-10,MACON LOCHE TGV,NON,6960,09:14,SUD EST,PARIS (intramuros),ALPESPARIS,FRPLY,07:43,FRMLT
8551,2023-06-10,AGEN,NON,8503,11:32,ATLANTIQUE,TOULOUSE MATABIAU,PASUDOUEST,FRXYT,10:27,FRAGF
8552,2023-06-10,AVIGNON TGV,NON,6112,12:22,SUD EST,PARIS (intramuros),PROVENCEPA,FRPLY,09:42,FRAVG
8553,2023-06-10,LILLE (intramuros),NON,7076,20:14,NORD,PARIS (intramuros),LILLEPA,FRPNO,19:12,FRADJ
8554,2023-06-10,NIMES,NON,4760,17:48,IC ARO,AGEN,TJOURSESO,FRAGF,13:25,FRFNI
8555,2023-06-10,NIMES,NON,4760,18:53,IC ARO,BORDEAUX ST JEAN,TJOURSESO,FRBOJ,13:25,FRFNI
8556,2023-06-10,MONTPELLIER SAINT-ROCH,NON,4760,15:33,IC ARO,CARCASSONNE,TJOURSESO,FRCCF,13:55,FRMPL
8557,2023-06-10,MONTPELLIER SAINT-ROCH,NON,4760,17:11,IC ARO,MONTAUBAN VILLE BOURBON,TJOURSESO,FRXMW,13:55,FRMPL
8558,2023-06-10,MONTPELLIER SAINT-ROCH,NON,4760,16:29,IC ARO,TOULOUSE MATABIAU,TJOURSESO,FRXYT,13:55,FRMPL
8559,2023-06-10,MARSEILLE ST CHARLES,OUI,4760,13:22,IC ARO,NIMES,TJOURSESO,FRFNI,11:25,FRMSC
8560,2023-06-10,MONTAUBAN VILLE BOURBON,OUI,4760,18:53,IC ARO,BORDEAUX ST JEAN,TJOURSESO,FRBOJ,17:13,FRXMW
8561,2023-06-10,NARBONNE,NON,4760,16:29,IC ARO,TOULOUSE MATABIAU,TJOURSESO,FRXYT,14:58,FRXNA
8562,2023-06-10,FACTURE BIGANOS,OUI,8473,14:10,ATLANTIQUE,ARCACHON,PASUDOUEST,FRXAC,13:49,FRFAC
8563,2023-06-10,PARIS (intramuros),NON,8473,13:14,ATLANTIQUE,BORDEAUX ST JEAN,PASUDOUEST,FRBOJ,11:08,FRPMO
8564,2023-06-10,PARIS (intramuros),NON,8473,13:46,ATLANTIQUE,FACTURE BIGANOS,PASUDOUEST,FRFAC,11:08,FRPMO
8565,2023-06-10,PARIS (intramuros),NON,9223,22:26,INTERNATIONAL,ZUERICH HB,PABALZUR,CHAJD,18:20,FRPLY
8566,2023-06-10,PARIS (intramuros),NON,9223,19:57,INTERNATIONAL,DIJON VILLE,PABALZUR,FRABA,18:20,FRPLY
8567,2023-06-10,LYON (intramuros),OUI,6615,15:10,SUD EST,LYON (intramuros),PARISRHONE,FRLPE,15:02,FRLPD
8568,2023-06-10,PARIS (intramuros),NON,6615,15:10,SUD EST,LYON (intramuros),PARISRHONE,FRLPE,12:50,FRPLY
8569,2023-06-10,LAVAL,OUI,5280,14:41,NORD,AEROPORT CDG2 TGV ROISSY,JCBRETNORD,FRMLW,12:28,FRACR
8570,2023-06-10,LE MANS,OUI,5280,15:49,NORD,LILLE (intramuros),JCBRETNORD,FRLLE,13:00,FRAET
8571,2023-06-10,LE MANS,OUI,5280,14:27,NORD,MARNE LA VALLEE CHESSY,JCBRETNORD,FRMLV,13:00,FRAET
8572,2023-06-10,LE MANS,OUI,5280,14:41,NORD,AEROPORT CDG2 TGV ROISSY,JCBRETNORD,FRMLW,13:00,FRAET
8573,2023-06-10,LIMOGES BENEDICTINS,OUI,3625,15:07,IC ARO,BRIVE LA GAILLARDE,PALITO,FRBVE,14:04,FRAGQ
8574,2023-06-10,PARIS (intramuros),OUI,3625,15:07,IC ARO,BRIVE LA GAILLARDE,PALITO,FRBVE,10:38,FRPAZ
8575,2023-06-10,VIERZON VILLE,OUI,3625,14:01,IC ARO,LIMOGES BENEDICTINS,PALITO,FRAGQ,12:12,FRXVZ
8576,2023-06-10,AVIGNON TGV,OUI,9830,18:56,NORD,MARSEILLE ST CHARLES,JCNORDSUD,FRMSC,18:16,FRAVG
8577,2023-06-10,LYON (intramuros),NON,9830,18:37,NORD,AIX EN PROVENCE TGV,JCNORDSUD,FRAIE,17:06,FRLPD
8578,2023-06-10,MARNE LA VALLEE CHESSY,NON,9830,18:37,NORD,AIX EN PROVENCE TGV,JCNORDSUD,FRAIE,15:15,FRMLV
8579,2023-06-10,AEROPORT CDG2 TGV ROISSY,NON,9830,18:37,NORD,AIX EN PROVENCE TGV,JCNORDSUD,FRAIE,14:59,FRMLW
8580,2023-06-10,LILLE (intramuros),NON,7030,12:14,NORD,PARIS (intramuros),LILLEPA,FRPNO,11:12,FRADJ
8581,2023-06-10,AVIGNON TGV,NON,6165,16:25,SUD EST,CANNES,PAAZUR,FRJCA,14:04,FRAVG
8582,2023-06-10,AVIGNON TGV,NON,6165,15:11,SUD EST,TOULON,PAAZUR,FRTLN,14:04,FRAVG
8583,2023-06-10,PARIS (intramuros),NON,6165,14:01,SUD EST,AVIGNON TGV,PAAZUR,FRAVG,11:20,FRPLY
8584,2023-06-10,PARIS (intramuros),NON,6165,16:39,SUD EST,ANTIBES,PAAZUR,FRXAT,11:20,FRPLY
8585,2023-06-10,PARIS (intramuros),NON,6165,16:01,SUD EST,ST RAPHAEL VALESCURE,PAAZUR,FRXSK,11:20,FRPLY
8586,2023-06-10,TOULON,NON,6165,16:39,SUD EST,ANTIBES,PAAZUR,FRXAT,15:15,FRTLN
8587,2023-06-10,TOULON,NON,6165,16:01,SUD EST,ST RAPHAEL VALESCURE,PAAZUR,FRXSK,15:15,FRTLN
8588,2023-06-10,ANTIBES,OUI,6165,16:58,SUD EST,NICE VILLE,PAAZUR,FRNIC,16:42,FRXAT
8589,2023-06-10,BORDEAUX ST JEAN,OUI,8432,10:01,ATLANTIQUE,PARIS (intramuros),SUDOUESTPA,FRPMO,06:58,FRBOJ
8590,2023-06-10,POITIERS,OUI,8432,10:01,ATLANTIQUE,PARIS (intramuros),SUDOUESTPA,FRPMO,08:19,FRPIS
8591,2023-06-10,VENDOME VILLIERS SUR LOIR,OUI,8301,08:44,ATLANTIQUE,TOURS,PAROCHELLE,FRAFW,08:16,FRESL
8592,2023-06-10,PARIS (intramuros),OUI,8301,08:13,ATLANTIQUE,VENDOME VILLIERS SUR LOIR,PAROCHELLE,FRESL,07:28,FRPMO
8593,2023-06-10,PARIS (intramuros),OUI,8301,08:35,ATLANTIQUE,ST PIERRE DES CORPS,PAROCHELLE,FRXSH,07:28,FRPMO
8594,2023-06-10,BEZIERS,NON,6823,14:15,SUD EST,TOULOUSE MATABIAU,JCPROVSUD,FRXYT,12:46,FRBZR
8595,2023-06-10,NIMES,NON,6823,12:43,SUD EST,BEZIERS,JCPROVSUD,FRBZR,11:37,FRFNI
8596,2023-06-10,NIMES,NON,6823,13:30,SUD EST,CARCASSONNE,JCPROVSUD,FRCCF,11:37,FRFNI
8597,2023-06-10,LYON (intramuros),NON,6823,10:46,SUD EST,VALENCE TGV RHONE-ALPES SUD,JCPROVSUD,FRVLA,10:08,FRLPD
8598,2023-06-10,LYON (intramuros),NON,6823,12:59,SUD EST,NARBONNE,JCPROVSUD,FRXNA,10:08,FRLPD
8599,2023-06-10,LYON (intramuros),NON,6823,14:15,SUD EST,TOULOUSE MATABIAU,JCPROVSUD,FRXYT,10:08,FRLPD
8600,2023-06-10,VALENCE TGV RHONE-ALPES SUD,NON,6823,11:34,SUD EST,NIMES,JCPROVSUD,FRFNI,10:49,FRVLA
8601,2023-06-10,ANGERS ST LAUD,OUI,8887,21:54,ATLANTIQUE,NANTES,PARISLOIRE,FRNTE,21:16,FRACL
8602,2023-06-10,AIX EN PROVENCE TGV,NON,5382,15:31,SUD EST,LE MANS,JCSUDATL,FRAET,10:50,FRAIE
8603,2023-06-10,AIX EN PROVENCE TGV,OUI,5382,11:10,SUD EST,AVIGNON TGV,JCSUDATL,FRAVG,10:50,FRAIE
8604,2023-06-10,LYON (intramuros),NON,5382,14:34,SUD EST,MASSY TGV,JCSUDATL,FRDJU,12:26,FRLPD
8605,2023-06-10,MARSEILLE ST CHARLES,NON,5382,16:21,SUD EST,RENNES,JCSUDATL,FRRNS,10:36,FRMSC
8606,2023-06-10,BADEN BADEN,NON,9583,15:59,INTERNATIONAL,FRANKFURT MAIN HBF,MRSFRANC,DEFRH,14:25,DEZCC
8607,2023-06-10,BADEN BADEN,NON,9583,15:18,INTERNATIONAL,MANNHEIM HBF,MRSFRANC,DEMHG,14:25,DEZCC
8608,2023-06-10,BADEN BADEN,NON,9583,14:46,INTERNATIONAL,KARLSRUHE HBF,MRSFRANC,DEQKA,14:25,DEZCC
8609,2023-06-10,AIX EN PROVENCE TGV,NON,9583,15:59,INTERNATIONAL,FRANKFURT MAIN HBF,MRSFRANC,DEFRH,08:25,FRAIE
8610,2023-06-10,AIX EN PROVENCE TGV,NON,9583,14:23,INTERNATIONAL,BADEN BADEN,MRSFRANC,DEZCC,08:25,FRAIE
8611,2023-06-10,AVIGNON TGV,NON,9583,15:59,INTERNATIONAL,FRANKFURT MAIN HBF,MRSFRANC,DEFRH,08:47,FRAVG
8612,2023-06-10,AVIGNON TGV,NON,9583,14:46,INTERNATIONAL,KARLSRUHE HBF,MRSFRANC,DEQKA,08:47,FRAVG
8613,2023-06-10,LYON (intramuros),NON,9583,13:43,INTERNATIONAL,STRASBOURG,MRSFRANC,FRAEG,10:04,FRLPD
8614,2023-06-10,MARSEILLE ST CHARLES,NON,9583,15:59,INTERNATIONAL,FRANKFURT MAIN HBF,MRSFRANC,DEFRH,08:11,FRMSC
8615,2023-06-10,MARSEILLE ST CHARLES,NON,9583,09:54,INTERNATIONAL,LYON (intramuros),MRSFRANC,FRLPD,08:11,FRMSC
8616,2023-06-10,MARSEILLE ST CHARLES,NON,9583,12:24,INTERNATIONAL,BELFORT-MONTBELIARD TGV,MRSFRANC,FRTJA,08:11,FRMSC
8617,2023-06-10,BELFORT-MONTBELIARD TGV,NON,9583,15:59,INTERNATIONAL,FRANKFURT MAIN HBF,MRSFRANC,DEFRH,12:27,FRTJA
8618,2023-06-10,BESANCON - F COMTE TGV,NON,9583,14:46,INTERNATIONAL,KARLSRUHE HBF,MRSFRANC,DEQKA,12:04,FRTJB
8619,2023-06-10,BESANCON - F COMTE TGV,NON,9583,13:43,INTERNATIONAL,STRASBOURG,MRSFRANC,FRAEG,12:04,FRTJB
8620,2023-06-10,CHALON SUR SAONE,NON,9583,12:51,INTERNATIONAL,MULHOUSE VILLE,MRSFRANC,FRAEK,11:06,FRXCD
8621,2023-06-10,LILLE (intramuros),OUI,5026,11:53,NORD,AEROPORT CDG2 TGV ROISSY,JCNORDSUD,FRMLW,11:03,FRLLE
8622,2023-06-10,LILLE (intramuros),NON,5026,14:48,NORD,VALENCE TGV RHONE-ALPES SUD,JCNORDSUD,FRVLA,11:03,FRLLE
8623,2023-06-10,LYON (intramuros),NON,5026,14:48,NORD,VALENCE TGV RHONE-ALPES SUD,JCNORDSUD,FRVLA,14:10,FRLPD
8624,2023-06-10,AEROPORT CDG2 TGV ROISSY,NON,5026,14:48,NORD,VALENCE TGV RHONE-ALPES SUD,JCNORDSUD,FRVLA,11:59,FRMLW
8625,2023-06-10,AEROPORT CDG2 TGV ROISSY,NON,5026,15:51,NORD,MONTPELLIER SUD DE FRANCE,JCNORDSUD,FRSUF,11:59,FRMLW
8626,2023-06-10,VALENCE TGV RHONE-ALPES SUD,OUI,5026,15:51,NORD,MONTPELLIER SUD DE FRANCE,JCNORDSUD,FRSUF,14:53,FRVLA
8627,2023-06-10,LYON (intramuros),NON,5026,15:51,NORD,MONTPELLIER SUD DE FRANCE,JCNORDSUD,FRSUF,14:10,FRLPD
8628,2023-06-10,LILLE (intramuros),NON,5026,15:30,NORD,NIMES PONT DU GARD,JCNORDSUD,FRXZP,11:03,FRLLE
8629,2023-06-10,NIMES PONT DU GARD,OUI,5026,15:51,NORD,MONTPELLIER SUD DE FRANCE,JCNORDSUD,FRSUF,15:33,FRXZP
8630,2023-06-10,AVIGNON CENTRE,OUI,6196,17:48,SUD EST,PARIS (intramuros),VDRPA,FRPLY,14:04,FRAES
8631,2023-06-10,AVIGNON CENTRE,OUI,6196,15:10,SUD EST,VALENCE VILLE,VDRPA,FRVAF,14:04,FRAES
8632,2023-06-10,VALENCE VILLE,OUI,6196,17:48,SUD EST,PARIS (intramuros),VDRPA,FRPLY,15:13,FRVAF
8633,2023-06-10,MONTELIMAR GARE SNCF,OUI,6196,15:48,SUD EST,LYON-SAINT EXUPERY TGV,VDRPA,FRJDQ,14:49,FRXMK
8634,2023-06-10,ORANGE,OUI,6196,15:10,SUD EST,VALENCE VILLE,VDRPA,FRVAF,14:21,FRXOG
8635,2023-06-10,LILLE (intramuros),NON,5010,11:52,NORD,AVIGNON TGV,JCNORDSUD,FRAVG,07:24,FRLLE
8636,2023-06-10,LILLE (intramuros),NON,5010,11:15,NORD,VALENCE TGV RHONE-ALPES SUD,JCNORDSUD,FRVLA,07:24,FRLLE
8637,2023-06-10,MARNE LA VALLEE CHESSY,NON,5010,10:29,NORD,LYON (intramuros),JCNORDSUD,FRLPD,08:43,FRMLV
8638,2023-06-10,LYON (intramuros),OUI,6624,18:08,SUD EST,PARIS (intramuros),RHONEPARIS,FRPLY,15:50,FRLPE
8639,2023-06-10,LA ROCHELLE VILLE,OUI,8364,17:40,ATLANTIQUE,NIORT,ROCHELLEPA,FRNIT,17:01,FRLRH
8640,2023-06-10,NIORT,OUI,8364,19:37,ATLANTIQUE,PARIS (intramuros),ROCHELLEPA,FRPMO,17:43,FRNIT
8641,2023-06-10,LES SABLES D'OLONNE,OUI,8984,19:14,ATLANTIQUE,PARIS (intramuros),LOIREPARIS,FRPMO,15:44,FRLSO
8642,2023-06-10,LES SABLES D'OLONNE,OUI,8984,16:08,ATLANTIQUE,LA ROCHE SUR YON,LOIREPARIS,FRXRO,15:44,FRLSO
8643,2023-06-10,CANNES,NON,6174,12:33,SUD EST,MARSEILLE ST CHARLES,AZURPA,FRMSC,10:32,FRJCA
8644,2023-06-10,TOULON,NON,6174,12:33,SUD EST,MARSEILLE ST CHARLES,AZURPA,FRMSC,11:48,FRTLN
8645,2023-06-10,ANTIBES,OUI,6174,11:44,SUD EST,TOULON,AZURPA,FRTLN,10:16,FRXAT
8646,2023-06-10,ANTIBES,OUI,6174,10:55,SUD EST,ST RAPHAEL VALESCURE,AZURPA,FRXSK,10:16,FRXAT
8647,2023-06-10,LIMOGES BENEDICTINS,OUI,3674,19:10,IC ARO,CHATEAUROUX,TOULOUZECO,FRCHR,17:57,FRAGQ
8648,2023-06-10,BRIVE LA GAILLARDE,OUI,3674,21:21,IC ARO,PARIS (intramuros),TOULOUZECO,FRPAZ,16:54,FRBVE
8649,2023-06-10,BRIVE LA GAILLARDE,OUI,3674,19:46,IC ARO,VIERZON VILLE,TOULOUZECO,FRXVZ,16:54,FRBVE
8650,2023-06-10,CHATEAUROUX,OUI,3674,19:46,IC ARO,VIERZON VILLE,TOULOUZECO,FRXVZ,19:12,FRCHR
8651,2023-06-10,ARGENTON SUR CREUSE,OUI,3674,19:10,IC ARO,CHATEAUROUX,TOULOUZECO,FRCHR,18:55,FRFMT
8652,2023-06-10,GENEVE,NON,9774,15:49,INTERNATIONAL,BOURG EN BRESSE,GENEVEPA,FRXBK,14:29,CHGVA
8653,2023-06-10,PARIS (intramuros),NON,2817,15:27,EST,THIONVILLE,PAMETZLUX,FRXTH,13:40,FRPST
8654,2023-06-10,LAVAL,NON,8623,18:37,ATLANTIQUE,BREST,PARISBRETA,FRBES,16:00,FRACR
8655,2023-06-10,LAVAL,NON,8623,16:25,ATLANTIQUE,RENNES,PARISBRETA,FRRNS,16:00,FRACR
8656,2023-06-10,RENNES,OUI,8623,17:16,ATLANTIQUE,ST BRIEUC,PARISBRETA,FRSBK,16:32,FRRNS
8657,2023-06-10,LIMOGES BENEDICTINS,OUI,3685,00:03,IC ARO,BRIVE LA GAILLARDE,PALITO,FRBVE,23:02,FRAGQ
8658,2023-06-10,CHATEAUROUX,OUI,3685,22:59,IC ARO,LIMOGES BENEDICTINS,PALITO,FRAGQ,21:43,FRCHR
8659,2023-06-10,ARGENTON SUR CREUSE,OUI,3685,00:03,IC ARO,BRIVE LA GAILLARDE,PALITO,FRBVE,21:59,FRFMT
8660,2023-06-10,PARIS (intramuros),OUI,3685,21:08,IC ARO,VIERZON VILLE,PALITO,FRXVZ,19:36,FRPAZ
8661,2023-06-10,VIERZON VILLE,OUI,3685,22:59,IC ARO,LIMOGES BENEDICTINS,PALITO,FRAGQ,21:10,FRXVZ
8662,2023-06-10,LYON (intramuros),NON,6813,15:32,SUD EST,AIX EN PROVENCE TGV,JCPROVSUD,FRAIE,14:06,FRLPD
8663,2023-06-10,RODEZ,NON,3754,06:50,IC NUIT,PARIS (intramuros),OCCITANPAR,FRPAZ,22:38,FRRDZ
8664,2023-06-10,VIVIEZ DECAZEVILLE,NON,3754,06:50,IC NUIT,PARIS (intramuros),OCCITANPAR,FRPAZ,23:29,FRVZD
8665,2023-06-10,AUBIN,NON,3754,05:43,IC NUIT,LES AUBRAIS ORLEANS,OCCITANPAR,FRLAB,23:24,FRFSQ
8666,2023-06-10,LE MANS,NON,5480,18:00,EST,CHAMPAGNE-ARDENNE,JCATLEST,FREAH,15:30,FRAET
8667,2023-06-10,LE MANS,NON,5480,16:57,EST,MARNE LA VALLEE CHESSY,JCATLEST,FRMLV,15:30,FRAET
8668,2023-06-10,MASSY TGV,NON,5480,19:29,EST,STRASBOURG,JCATLEST,FRAEG,16:26,FRDJU
8669,2023-06-10,MARNE LA VALLEE CHESSY,NON,5480,18:48,EST,LORRAINE TGV,JCATLEST,FREAM,17:03,FRMLV
8670,2023-06-10,LOURDES,NON,3742,06:08,IC NUIT,LES AUBRAIS ORLEANS,PALOMBEPAR,FRLAB,21:57,FRLDE
8671,2023-06-10,ST GAUDENS,NON,3742,07:18,IC NUIT,PARIS (intramuros),PALOMBEPAR,FRPAZ,22:56,FRFPH
8672,2023-06-10,COLMAR,NON,2350,09:16,EST,PARIS (intramuros),MULHSTRAPA,FRPST,06:38,FRAEJ
8673,2023-06-10,SELESTAT,OUI,2350,07:13,EST,STRASBOURG,MULHSTRAPA,FRAEG,06:52,FRXSQ
8674,2023-06-10,COLMAR,OUI,2350,07:56,EST,LORRAINE TGV,MULHSTRAPA,FREAM,06:38,FRAEJ
8675,2023-06-10,AIX EN PROVENCE TGV,NON,6181,21:11,SUD EST,TOULON,PAAZUR,FRTLN,20:20,FRAIE
8676,2023-06-10,CANNES,OUI,6181,23:00,SUD EST,NICE VILLE,PAAZUR,FRNIC,22:33,FRJCA
8677,2023-06-10,TOULON,OUI,6181,22:41,SUD EST,ANTIBES,PAAZUR,FRXAT,21:15,FRTLN
8678,2023-06-10,NICE VILLE,NON,6176,17:51,SUD EST,PARIS (intramuros),AZURPA,FRPLY,12:02,FRNIC
8679,2023-06-10,ANTIBES,OUI,6176,12:29,SUD EST,CANNES,AZURPA,FRJCA,12:19,FRXAT
8680,2023-06-10,ANTIBES,OUI,6176,12:55,SUD EST,ST RAPHAEL VALESCURE,AZURPA,FRXSK,12:19,FRXAT
8681,2023-06-10,LE MANS,OUI,8926,20:29,ATLANTIQUE,PARIS (intramuros),LOIREPARIS,FRPMO,19:31,FRAET
8682,2023-06-10,LE CROISIC,OUI,8926,17:59,ATLANTIQUE,NANTES,LOIREPARIS,FRNTE,16:55,FREGU
8683,2023-06-10,LE CROISIC,OUI,8926,20:29,ATLANTIQUE,PARIS (intramuros),LOIREPARIS,FRPMO,16:55,FREGU
8684,2023-06-10,LE CROISIC,OUI,8926,19:05,ATLANTIQUE,SABLE SUR SARTHE,LOIREPARIS,FRSAB,16:55,FREGU
8685,2023-06-10,LA BAULE ESCOUBLAC,OUI,8926,18:41,ATLANTIQUE,ANGERS ST LAUD,LOIREPARIS,FRACL,17:07,FRJEE
8686,2023-06-10,LA BAULE ESCOUBLAC,OUI,8926,19:28,ATLANTIQUE,LE MANS,LOIREPARIS,FRAET,17:07,FRJEE
8687,2023-06-10,SABLE SUR SARTHE,OUI,8926,19:28,ATLANTIQUE,LE MANS,LOIREPARIS,FRAET,19:07,FRSAB
8688,2023-06-10,ST NAZAIRE,OUI,8926,19:05,ATLANTIQUE,SABLE SUR SARTHE,LOIREPARIS,FRSAB,17:24,FRSNR
8689,2023-06-10,NEVERS,OUI,5990,22:57,IC ARO,PARIS (intramuros),CLERMONTPA,FRPLY,21:00,FRNVS
8690,2023-06-10,RIOM CHATEL GUYON,OUI,5990,20:58,IC ARO,NEVERS,CLERMONTPA,FRNVS,19:42,FRRIO
8691,2023-06-10,RIOM CHATEL GUYON,OUI,5990,22:57,IC ARO,PARIS (intramuros),CLERMONTPA,FRPLY,19:42,FRRIO
8692,2023-06-10,RIOM CHATEL GUYON,OUI,5990,20:29,IC ARO,MOULINS SUR ALLIER,CLERMONTPA,FRXMU,19:42,FRRIO
8693,2023-06-10,VICHY,OUI,5990,22:57,IC ARO,PARIS (intramuros),CLERMONTPA,FRPLY,20:06,FRVHY
8694,2023-06-10,MOULINS SUR ALLIER,OUI,5990,20:58,IC ARO,NEVERS,CLERMONTPA,FRNVS,20:31,FRXMU
8695,2023-06-10,MOULINS SUR ALLIER,OUI,5990,22:57,IC ARO,PARIS (intramuros),CLERMONTPA,FRPLY,20:31,FRXMU
8696,2023-06-10,BREST,OUI,8602,05:52,ATLANTIQUE,MORLAIX,BRETAPARIS,FRMXN,05:23,FRBES
8697,2023-06-10,BREST,OUI,8602,09:08,ATLANTIQUE,PARIS (intramuros),BRETAPARIS,FRPMO,05:23,FRBES
8698,2023-06-10,MORLAIX,OUI,8602,06:21,ATLANTIQUE,GUINGAMP,BRETAPARIS,FRGGP,05:55,FRMXN
8699,2023-06-10,PARIS (intramuros),NON,6275,16:13,SUD EST,NARBONNE,PALANG,FRXNA,11:44,FRPLY
8700,2023-06-10,NARBONNE,OUI,6275,16:52,SUD EST,PERPIGNAN,PALANG,FRPGF,16:16,FRXNA
8701,2023-06-10,SETE,OUI,6275,15:56,SUD EST,BEZIERS,PALANG,FRBZR,15:28,FRXSY
8702,2023-06-10,MONTPELLIER SUD DE FRANCE,OUI,6275,15:41,SUD EST,AGDE,PALANG,FRXAG,15:10,FRSUF
8703,2023-06-10,MONTPELLIER SUD DE FRANCE,OUI,6275,15:56,SUD EST,BEZIERS,PALANG,FRBZR,15:10,FRSUF
8704,2023-06-10,PARIS (intramuros),NON,6275,14:36,SUD EST,NIMES PONT DU GARD,PALANG,FRXZP,11:44,FRPLY
8705,2023-06-10,NIMES PONT DU GARD,OUI,6275,15:56,SUD EST,BEZIERS,PALANG,FRBZR,14:39,FRXZP
8706,2023-06-10,LYON (intramuros),NON,6604,09:06,SUD EST,PARIS (intramuros),RHONEPARIS,FRPLY,06:50,FRLPE
8707,2023-06-10,NANCY,OUI,2573,20:40,EST,EPINAL,PANANCY,FREPL,19:56,FRENC
8708,2023-06-10,PARIS (intramuros),NON,2573,21:05,EST,REMIREMONT,PANANCY,FRRNT,18:10,FRPST
8709,2023-06-10,SAUMUR,NON,4506,22:09,IC SRO,NANTES,JOURLYNNTE,FRNTE,21:05,FRACN
8710,2023-06-10,LYON (intramuros),NON,4506,21:03,IC SRO,SAUMUR,JOURLYNNTE,FRACN,15:44,FRLPD
8711,2023-06-10,LYON (intramuros),NON,4506,19:05,IC SRO,BOURGES,JOURLYNNTE,FRBOU,15:44,FRLPD
8712,2023-06-10,LYON (intramuros),NON,4506,20:26,IC SRO,ST PIERRE DES CORPS,JOURLYNNTE,FRXSH,15:32,FRLPE
8713,2023-06-10,NEVERS,NON,4506,22:09,IC SRO,NANTES,JOURLYNNTE,FRNTE,18:29,FRNVS
8714,2023-06-10,ROANNE,NON,4506,20:26,IC SRO,ST PIERRE DES CORPS,JOURLYNNTE,FRXSH,16:48,FRRNE
8715,2023-06-10,ROANNE,NON,4506,19:26,IC SRO,VIERZON VILLE,JOURLYNNTE,FRXVZ,16:48,FRRNE
8716,2023-06-10,ST GERMAIN DES FOSSES,NON,4506,18:21,IC SRO,NEVERS,JOURLYNNTE,FRNVS,17:28,FRSGF
8717,2023-06-10,ST GERMAIN DES FOSSES,NON,4506,20:26,IC SRO,ST PIERRE DES CORPS,JOURLYNNTE,FRXSH,17:28,FRSGF
8718,2023-06-10,NURIEUX,OUI,9766,11:42,INTERNATIONAL,PARIS (intramuros),GENEVEPA,FRPLY,09:25,FRHQN
8719,2023-06-10,NURIEUX,OUI,9766,09:49,INTERNATIONAL,BOURG EN BRESSE,GENEVEPA,FRXBK,09:25,FRHQN
8720,2023-06-10,BELLEGARDE,OUI,9766,09:22,INTERNATIONAL,NURIEUX,GENEVEPA,FRHQN,09:00,FRXBF
8721,2023-06-10,BELLEGARDE,OUI,9766,11:42,INTERNATIONAL,PARIS (intramuros),GENEVEPA,FRPLY,09:00,FRXBF
8722,2023-06-10,MEUSE TGV,NON,2540,14:45,EST,PARIS (intramuros),NANCYPA,FRPST,13:32,FREAJ
8723,2023-06-10,NANCY,NON,2540,13:29,EST,MEUSE TGV,NANCYPA,FREAJ,12:55,FRENC
8724,2023-06-10,LES AUBRAIS ORLEANS,NON,3971,08:18,IC NUIT,ANDORRE - L'HOSPITALET,PARPALOMBE,FRFQG,22:49,FRLAB
8725,2023-06-10,LES AUBRAIS ORLEANS,NON,3971,07:35,IC NUIT,LUZENAC GARANOU,PARPALOMBE,FRFQI,22:49,FRLAB
8726,2023-06-10,LES AUBRAIS ORLEANS,NON,3971,07:18,IC NUIT,TARASCON SUR ARIEGE,PARPALOMBE,FRFQM,22:49,FRLAB
8727,2023-06-10,LES AUBRAIS ORLEANS,NON,3971,07:02,IC NUIT,FOIX,PARPALOMBE,FRXFX,22:49,FRLAB
8728,2023-06-10,LES AUBRAIS ORLEANS,NON,3971,07:47,IC NUIT,AX LES THERMES,PARPALOMBE,FRXLT,22:49,FRLAB
8729,2023-06-10,PARIS (intramuros),NON,3971,07:35,IC NUIT,LUZENAC GARANOU,PARPALOMBE,FRFQI,21:41,FRPAZ
8730,2023-06-10,PARIS (intramuros),NON,3971,07:18,IC NUIT,TARASCON SUR ARIEGE,PARPALOMBE,FRFQM,21:41,FRPAZ
8731,2023-06-10,PARIS (intramuros),NON,3971,06:48,IC NUIT,PAMIERS,PARPALOMBE,FRPMS,21:41,FRPAZ
8732,2023-06-10,PARIS (intramuros),NON,3971,07:02,IC NUIT,FOIX,PARPALOMBE,FRXFX,21:41,FRPAZ
8733,2023-06-10,PARIS (intramuros),NON,3971,08:46,IC NUIT,LATOUR DE CAROL ENVEITG,PARPALOMBE,FRXTE,21:41,FRPAZ
8734,2023-06-10,LIMOGES BENEDICTINS,NON,3605,12:37,IC ARO,CAUSSADE TARN ET GARONNE,PALITO,FRFTA,09:59,FRAGQ
8735,2023-06-10,BRIVE LA GAILLARDE,NON,3605,12:37,IC ARO,CAUSSADE TARN ET GARONNE,PALITO,FRFTA,11:03,FRBVE
8736,2023-06-10,BRIVE LA GAILLARDE,NON,3605,13:25,IC ARO,TOULOUSE MATABIAU,PALITO,FRXYT,11:03,FRBVE
8737,2023-06-10,CHATEAUROUX,NON,3605,12:51,IC ARO,MONTAUBAN VILLE BOURBON,PALITO,FRXMW,08:44,FRCHR
8738,2023-06-10,CHATEAUROUX,NON,3605,13:25,IC ARO,TOULOUSE MATABIAU,PALITO,FRXYT,08:44,FRCHR
8739,2023-06-10,GOURDON,NON,3605,12:37,IC ARO,CAUSSADE TARN ET GARONNE,PALITO,FRFTA,11:45,FRFSI
8740,2023-06-10,LES AUBRAIS ORLEANS,NON,3605,08:42,IC ARO,CHATEAUROUX,PALITO,FRCHR,07:35,FRLAB
8741,2023-06-10,LES AUBRAIS ORLEANS,NON,3605,11:43,IC ARO,GOURDON,PALITO,FRFSI,07:35,FRLAB
8742,2023-06-10,LES AUBRAIS ORLEANS,NON,3605,12:51,IC ARO,MONTAUBAN VILLE BOURBON,PALITO,FRXMW,07:35,FRLAB
8743,2023-06-10,LA SOUTERRAINE,NON,3605,11:43,IC ARO,GOURDON,PALITO,FRFSI,09:22,FRLST
8744,2023-06-10,PARIS (intramuros),NON,3605,07:33,IC ARO,LES AUBRAIS ORLEANS,PALITO,FRLAB,06:33,FRPAZ
8745,2023-06-10,PARIS (intramuros),NON,3605,11:27,IC ARO,SOUILLAC,PALITO,FRSOU,06:33,FRPAZ
8746,2023-06-10,PARIS (intramuros),NON,3605,08:10,IC ARO,VIERZON VILLE,PALITO,FRXVZ,06:33,FRPAZ
8747,2023-06-10,SOUILLAC,NON,3605,12:51,IC ARO,MONTAUBAN VILLE BOURBON,PALITO,FRXMW,11:29,FRSOU
8748,2023-06-10,CAHORS,OUI,3605,12:37,IC ARO,CAUSSADE TARN ET GARONNE,PALITO,FRFTA,12:12,FRZAO
8749,2023-06-10,VIERZON VILLE,NON,3605,12:37,IC ARO,CAUSSADE TARN ET GARONNE,PALITO,FRFTA,08:12,FRXVZ
8750,2023-06-10,LA SOUTERRAINE,NON,3605,12:51,IC ARO,MONTAUBAN VILLE BOURBON,PALITO,FRXMW,09:22,FRLST
8751,2023-06-10,ANGERS ST LAUD,NON,4402,07:30,IC SRO,SAUMUR,JOURNTELYN,FRACN,07:10,FRACL
8752,2023-06-10,ANGERS ST LAUD,NON,4402,09:43,IC SRO,BOURGES,JOURNTELYN,FRBOU,07:10,FRACL
8753,2023-06-10,ANGERS ST LAUD,NON,4402,13:22,IC SRO,LYON (intramuros),JOURNTELYN,FRLPE,07:10,FRACL
8754,2023-06-10,ANGERS ST LAUD,NON,4402,11:00,IC SRO,MOULINS SUR ALLIER,JOURNTELYN,FRXMU,07:10,FRACL
8755,2023-06-10,SAUMUR,NON,4402,12:04,IC SRO,ROANNE,JOURNTELYN,FRRNE,07:32,FRACN
8756,2023-06-10,SAUMUR,NON,4402,11:25,IC SRO,ST GERMAIN DES FOSSES,JOURNTELYN,FRSGF,07:32,FRACN
8757,2023-06-10,NANTES,NON,4402,09:16,IC SRO,VIERZON VILLE,JOURNTELYN,FRXVZ,06:26,FRNTE
8758,2023-06-10,NEVERS,NON,4402,13:22,IC SRO,LYON (intramuros),JOURNTELYN,FRLPE,10:32,FRNVS
8759,2023-06-10,ROANNE,NON,4402,13:10,IC SRO,LYON (intramuros),JOURNTELYN,FRLPD,12:06,FRRNE
8760,2023-06-10,MOULINS SUR ALLIER,NON,4402,13:22,IC SRO,LYON (intramuros),JOURNTELYN,FRLPE,11:02,FRXMU
8761,2023-06-10,MOULINS SUR ALLIER,NON,4402,11:25,IC SRO,ST GERMAIN DES FOSSES,JOURNTELYN,FRSGF,11:02,FRXMU
8762,2023-06-10,ST PIERRE DES CORPS,NON,4402,12:04,IC SRO,ROANNE,JOURNTELYN,FRRNE,08:08,FRXSH
8763,2023-06-10,VIERZON VILLE,NON,4402,13:10,IC SRO,LYON (intramuros),JOURNTELYN,FRLPD,09:20,FRXVZ
8764,2023-06-10,VIERZON VILLE,NON,4402,12:04,IC SRO,ROANNE,JOURNTELYN,FRRNE,09:20,FRXVZ
8765,2023-06-10,POITIERS,OUI,8330,08:33,ATLANTIQUE,PARIS (intramuros),ROCHELLEPA,FRPMO,06:32,FRPIS
8766,2023-06-10,ST PIERRE DES CORPS,OUI,8330,07:43,ATLANTIQUE,VENDOME VILLIERS SUR LOIR,ROCHELLEPA,FRESL,07:25,FRXSH
8767,2023-06-10,DUNKERQUE,OUI,7326,17:14,NORD,PARIS (intramuros),ARRASPA,FRPNO,15:01,FRADI
8768,2023-06-10,AIX EN PROVENCE TGV,NON,6805,10:03,SUD EST,MARSEILLE ST CHARLES,JCPROVSUD,FRMSC,09:51,FRAIE
8769,2023-06-10,AIX EN PROVENCE TGV,NON,6805,12:39,SUD EST,ANTIBES,JCPROVSUD,FRXAT,09:51,FRAIE
8770,2023-06-10,AVIGNON TGV,NON,6805,11:06,SUD EST,TOULON,JCPROVSUD,FRTLN,09:29,FRAVG
8771,2023-06-10,LYON (intramuros),NON,6805,12:39,SUD EST,ANTIBES,JCPROVSUD,FRXAT,08:06,FRLPD
8772,2023-06-10,LYON (intramuros),NON,6805,12:02,SUD EST,ST RAPHAEL VALESCURE,JCPROVSUD,FRXSK,08:06,FRLPD
8773,2023-06-10,MARSEILLE ST CHARLES,OUI,6805,12:02,SUD EST,ST RAPHAEL VALESCURE,JCPROVSUD,FRXSK,10:20,FRMSC
8774,2023-06-10,ST RAPHAEL VALESCURE,OUI,6805,12:58,SUD EST,NICE VILLE,JCPROVSUD,FRNIC,12:05,FRXSK
8775,2023-06-10,ST RAPHAEL VALESCURE,OUI,6805,12:39,SUD EST,ANTIBES,JCPROVSUD,FRXAT,12:05,FRXSK
8776,2023-06-10,MULHOUSE VILLE,NON,6700,08:42,SUD EST,PARIS (intramuros),BOURPA,FRPLY,05:47,FRAEK
8777,2023-06-10,BELFORT-MONTBELIARD TGV,NON,6700,08:42,SUD EST,PARIS (intramuros),BOURPA,FRPLY,06:11,FRTJA
8778,2023-06-10,BEZIERS,OUI,4756,10:33,IC ARO,CARCASSONNE,TJOURSESO,FRCCF,09:47,FRBZR
8779,2023-06-10,BEZIERS,OUI,4756,11:18,IC ARO,TOULOUSE MATABIAU,TJOURSESO,FRXYT,09:47,FRBZR
8780,2023-06-10,CARCASSONNE,OUI,4756,11:54,IC ARO,MONTAUBAN VILLE BOURBON,TJOURSESO,FRXMW,10:35,FRCCF
8781,2023-06-10,MONTAUBAN VILLE BOURBON,OUI,4756,13:37,IC ARO,BORDEAUX ST JEAN,TJOURSESO,FRBOJ,11:56,FRXMW
8782,2023-06-10,NARBONNE,OUI,4756,12:31,IC ARO,AGEN,TJOURSESO,FRAGF,10:04,FRXNA
8783,2023-06-10,NARBONNE,OUI,4756,13:37,IC ARO,BORDEAUX ST JEAN,TJOURSESO,FRBOJ,10:04,FRXNA
8784,2023-06-10,NARBONNE,OUI,4756,11:54,IC ARO,MONTAUBAN VILLE BOURBON,TJOURSESO,FRXMW,10:04,FRXNA
8785,2023-06-10,NIMES,NON,6221,11:11,SUD EST,MONTPELLIER SAINT-ROCH,PALANG,FRMPL,10:46,FRFNI
8786,2023-06-10,NIMES,NON,6221,12:56,SUD EST,PERPIGNAN,PALANG,FRPGF,10:46,FRFNI
8787,2023-06-10,NIMES,NON,6221,11:31,SUD EST,SETE,PALANG,FRXSY,10:46,FRFNI
8788,2023-06-10,MONTPELLIER SAINT-ROCH,OUI,6221,12:56,SUD EST,PERPIGNAN,PALANG,FRPGF,11:17,FRMPL
8789,2023-06-10,MONTPELLIER SAINT-ROCH,OUI,6221,11:31,SUD EST,SETE,PALANG,FRXSY,11:17,FRMPL
8790,2023-06-10,PARIS (intramuros),NON,6221,12:20,SUD EST,NARBONNE,PALANG,FRXNA,07:40,FRPLY
8791,2023-06-10,VALENCE TGV RHONE-ALPES SUD,NON,6221,10:42,SUD EST,NIMES,PALANG,FRFNI,09:55,FRVLA
8792,2023-06-10,VALENCE TGV RHONE-ALPES SUD,NON,6221,12:20,SUD EST,NARBONNE,PALANG,FRXNA,09:55,FRVLA
8793,2023-06-10,AGDE,OUI,6221,12:03,SUD EST,BEZIERS,PALANG,FRBZR,11:51,FRXAG
8794,2023-06-10,AGDE,OUI,6221,12:56,SUD EST,PERPIGNAN,PALANG,FRPGF,11:51,FRXAG
8795,2023-06-10,AGDE,OUI,6221,12:20,SUD EST,NARBONNE,PALANG,FRXNA,11:51,FRXAG
8796,2023-06-10,PARIS (intramuros),NON,2815,12:27,EST,THIONVILLE,PAMETZLUX,FRXTH,10:40,FRPST
8797,2023-06-10,BRIVE LA GAILLARDE,OUI,3694,20:32,IC ARO,LA SOUTERRAINE,TOULOUZECO,FRLST,18:56,FRBVE
8798,2023-06-10,GOURDON,OUI,3694,18:25,IC ARO,SOUILLAC,TOULOUZECO,FRSOU,18:10,FRFSI
8799,2023-06-10,CAUSSADE TARN ET GARONNE,OUI,3694,18:53,IC ARO,BRIVE LA GAILLARDE,TOULOUZECO,FRBVE,17:17,FRFTA
8800,2023-06-10,CAUSSADE TARN ET GARONNE,OUI,3694,18:25,IC ARO,SOUILLAC,TOULOUZECO,FRSOU,17:17,FRFTA
8801,2023-06-10,LA SOUTERRAINE,OUI,3694,21:45,IC ARO,VIERZON VILLE,TOULOUZECO,FRXVZ,20:34,FRLST
8802,2023-06-10,MONTAUBAN VILLE BOURBON,OUI,3694,17:16,IC ARO,CAUSSADE TARN ET GARONNE,TOULOUZECO,FRFTA,17:03,FRXMW
8803,2023-06-10,MONTAUBAN VILLE BOURBON,OUI,3694,20:32,IC ARO,LA SOUTERRAINE,TOULOUZECO,FRLST,17:03,FRXMW
8804,2023-06-10,MONTAUBAN VILLE BOURBON,OUI,3694,21:45,IC ARO,VIERZON VILLE,TOULOUZECO,FRXVZ,17:03,FRXMW
8805,2023-06-10,TOULOUSE MATABIAU,OUI,3694,21:45,IC ARO,VIERZON VILLE,TOULOUZECO,FRXVZ,16:31,FRXYT
8806,2023-06-10,CAHORS,OUI,3694,22:22,IC ARO,LES AUBRAIS ORLEANS,TOULOUZECO,FRLAB,17:43,FRZAO
8807,2023-06-10,PARIS (intramuros),NON,8431,08:23,ATLANTIQUE,ANGOULEME,PASUDOUEST,FRANG,06:00,FRPMO
8808,2023-06-10,PARIS (intramuros),NON,8431,09:07,ATLANTIQUE,BORDEAUX ST JEAN,PASUDOUEST,FRBOJ,06:00,FRPMO
8809,2023-06-10,CHATEAUROUX,OUI,3665,20:00,IC ARO,ARGENTON SUR CREUSE,PALITO,FRFMT,19:45,FRCHR
8810,2023-06-10,CHATEAUROUX,OUI,3665,22:30,IC ARO,SOUILLAC,PALITO,FRSOU,19:45,FRCHR
8811,2023-06-10,PARIS (intramuros),OUI,3665,22:46,IC ARO,GOURDON,PALITO,FRFSI,17:37,FRPAZ
8812,2023-06-10,PARIS (intramuros),OUI,3665,22:30,IC ARO,SOUILLAC,PALITO,FRSOU,17:37,FRPAZ
8813,2023-06-10,SOUILLAC,OUI,3665,22:46,IC ARO,GOURDON,PALITO,FRFSI,22:32,FRSOU
8814,2023-06-10,VIERZON VILLE,OUI,3665,21:01,IC ARO,LIMOGES BENEDICTINS,PALITO,FRAGQ,19:13,FRXVZ
8815,2023-06-10,VIERZON VILLE,OUI,3665,20:00,IC ARO,ARGENTON SUR CREUSE,PALITO,FRFMT,19:13,FRXVZ
8816,2023-06-10,ARGENTON SUR CREUSE,OUI,3665,22:30,IC ARO,SOUILLAC,PALITO,FRSOU,20:01,FRFMT
8817,2023-06-10,BEZIERS,OUI,4752,08:31,IC ARO,CARCASSONNE,TJOURSESO,FRCCF,07:46,FRBZR
8818,2023-06-10,BEZIERS,OUI,4752,07:59,IC ARO,NARBONNE,TJOURSESO,FRXNA,07:46,FRBZR
8819,2023-06-10,CARCASSONNE,OUI,4752,10:28,IC ARO,AGEN,TJOURSESO,FRAGF,08:33,FRCCF
8820,2023-06-10,NIMES,OUI,4752,10:28,IC ARO,AGEN,TJOURSESO,FRAGF,06:38,FRFNI
8821,2023-06-10,MONTPELLIER SAINT-ROCH,OUI,4752,10:28,IC ARO,AGEN,TJOURSESO,FRAGF,07:06,FRMPL
8822,2023-06-10,MONTPELLIER SAINT-ROCH,OUI,4752,08:31,IC ARO,CARCASSONNE,TJOURSESO,FRCCF,07:06,FRMPL
8823,2023-06-10,MONTAUBAN VILLE BOURBON,OUI,4752,10:28,IC ARO,AGEN,TJOURSESO,FRAGF,09:53,FRXMW
8824,2023-06-10,NARBONNE,OUI,4752,08:31,IC ARO,CARCASSONNE,TJOURSESO,FRCCF,08:02,FRXNA
8825,2023-06-10,LE MANS,NON,5460,18:37,EST,AEROPORT CDG2 TGV ROISSY,JCATLEST,FRMLW,16:57,FRAET
8826,2023-06-10,MASSY TGV,NON,5460,19:29,EST,CHAMPAGNE-ARDENNE,JCATLEST,FREAH,17:54,FRDJU
8827,2023-06-10,MARNE LA VALLEE CHESSY,NON,5460,19:29,EST,CHAMPAGNE-ARDENNE,JCATLEST,FREAH,18:28,FRMLV
8828,2023-06-10,AEROPORT CDG2 TGV ROISSY,NON,5460,20:25,EST,LORRAINE TGV,JCATLEST,FREAM,18:53,FRMLW
8829,2023-06-10,RENNES,NON,5460,20:00,EST,MEUSE TGV,JCATLEST,FREAJ,16:03,FRRNS
8830,2023-06-10,PARIS (intramuros),NON,6685,15:48,SUD EST,ST ETIENNE CHATEAUCREUX,PARISRHONE,FRHHD,12:50,FRPLY
8831,2023-06-10,MONTAUBAN VILLE BOURBON,OUI,12213,23:36,ATLANTIQUE,TOULOUSE MATABIAU,PASUDOUEST,FRXYT,23:05,FRXMW
8832,2023-06-10,LORIENT,OUI,8746,21:25,ATLANTIQUE,RENNES,BRETAPARIS,FRRNS,19:51,FRLRT
8833,2023-06-10,LORIENT,OUI,8746,20:19,ATLANTIQUE,VANNES,BRETAPARIS,FRVNE,19:51,FRLRT
8834,2023-06-10,VANNES,OUI,8746,23:08,ATLANTIQUE,PARIS (intramuros),BRETAPARIS,FRPMO,20:22,FRVNE
8835,2023-06-10,VANNES,OUI,8746,20:46,ATLANTIQUE,REDON,BRETAPARIS,FRXRN,20:22,FRVNE
8836,2023-06-10,AURAY,OUI,8746,21:25,ATLANTIQUE,RENNES,BRETAPARIS,FRRNS,20:09,FRXUY
8837,2023-06-10,AURAY,OUI,8746,20:19,ATLANTIQUE,VANNES,BRETAPARIS,FRVNE,20:09,FRXUY
8838,2023-06-10,AURAY,OUI,8746,20:46,ATLANTIQUE,REDON,BRETAPARIS,FRXRN,20:09,FRXUY
8839,2023-06-10,NANTES,OUI,8972,13:25,ATLANTIQUE,PARIS (intramuros),LOIREPARIS,FRPMO,11:05,FRNTE
8840,2023-06-10,LA ROCHE SUR YON,OUI,8972,12:23,ATLANTIQUE,LE MANS,LOIREPARIS,FRAET,10:10,FRXRO
8841,2023-06-10,BOULOGNE VILLE,OUI,7534,19:08,NORD,PARIS (intramuros),ARRASPA,FRPNO,16:40,FRAEB
8842,2023-06-10,LILLE (intramuros),OUI,7534,19:08,NORD,PARIS (intramuros),ARRASPA,FRPNO,17:51,FRLLE
8843,2023-06-10,ARRAS,OUI,7534,19:08,NORD,PARIS (intramuros),ARRASPA,FRPNO,18:18,FRQRV
8844,2023-06-10,PARIS (intramuros),OUI,8519,21:14,ATLANTIQUE,BORDEAUX ST JEAN,PASUDOUEST,FRBOJ,19:08,FRPMO
8845,2023-06-10,PARIS (intramuros),OUI,8519,23:02,ATLANTIQUE,MONTAUBAN VILLE BOURBON,PASUDOUEST,FRXMW,19:08,FRPMO
8846,2023-06-10,BORDEAUX ST JEAN,OUI,8509,19:26,ATLANTIQUE,TOULOUSE MATABIAU,PASUDOUEST,FRXYT,17:21,FRBOJ
8847,2023-06-10,BORDEAUX ST JEAN,OUI,8551,21:28,ATLANTIQUE,DAX,PASUDOUEST,FRACG,20:20,FRBOJ
8848,2023-06-10,BORDEAUX ST JEAN,NON,8551,22:16,ATLANTIQUE,BIARRITZ,PASUDOUEST,FRBIQ,20:20,FRBOJ
8849,2023-06-10,BORDEAUX ST JEAN,NON,8551,22:32,ATLANTIQUE,ST JEAN DE LUZ CIBOURE,PASUDOUEST,FRXJZ,20:20,FRBOJ
8850,2023-06-10,BAYONNE,NON,8551,22:47,ATLANTIQUE,HENDAYE,PASUDOUEST,FRAEF,22:06,FRXBY
8851,2023-06-10,BAYONNE,NON,8551,22:16,ATLANTIQUE,BIARRITZ,PASUDOUEST,FRBIQ,22:06,FRXBY
8852,2023-06-10,BAYONNE,NON,8551,22:32,ATLANTIQUE,ST JEAN DE LUZ CIBOURE,PASUDOUEST,FRXJZ,22:06,FRXBY
8853,2023-06-10,ST JEAN DE LUZ CIBOURE,OUI,8551,22:47,ATLANTIQUE,HENDAYE,PASUDOUEST,FRAEF,22:35,FRXJZ
8854,2023-06-10,METZ VILLE,NON,2860,09:17,EST,MEUSE TGV,LUXMETZPA,FREAJ,08:50,FRADE
8855,2023-06-10,CHAMPAGNE-ARDENNE,NON,9890,07:56,NORD,AEROPORT CDG2 TGV ROISSY,JCESTNORD,FRMLW,07:26,FREAH
8856,2023-06-10,LORRAINE TGV,NON,9890,07:23,NORD,CHAMPAGNE-ARDENNE,JCESTNORD,FREAH,06:38,FREAM
8857,2023-06-10,LORRAINE TGV,NON,9890,07:56,NORD,AEROPORT CDG2 TGV ROISSY,JCESTNORD,FRMLW,06:38,FREAM
8858,2023-06-10,LILLE (intramuros),OUI,9890,09:43,NORD,BRUXELLES MIDI BRUSSEL ZUID,JCESTNORD,BEBMI,09:09,FRLLE
8859,2023-06-10,CHAMPAGNE-ARDENNE,NON,2511,16:06,EST,MEUSE TGV,PANANCY,FREAJ,15:41,FREAH
8860,2023-06-10,PARIS (intramuros),NON,2511,16:06,EST,MEUSE TGV,PANANCY,FREAJ,14:58,FRPST
8861,2023-06-10,ANGERS ST LAUD,OUI,8864,09:23,ATLANTIQUE,LE MANS,LOIREPARIS,FRAET,08:44,FRACL
8862,2023-06-10,LA BAULE ESCOUBLAC,OUI,8917,14:12,ATLANTIQUE,LE CROISIC,PARISLOIRE,FREGU,14:00,FRJEE
8863,2023-06-10,NANTES,OUI,8917,13:48,ATLANTIQUE,PORNICHET,PARISLOIRE,FREGR,13:00,FRNTE
8864,2023-06-10,NANTES,OUI,8917,14:03,ATLANTIQUE,LE POULIGUEN,PARISLOIRE,FREGS,13:00,FRNTE
8865,2023-06-10,NANTES,OUI,8917,13:57,ATLANTIQUE,LA BAULE ESCOUBLAC,PARISLOIRE,FRJEE,13:00,FRNTE
8866,2023-06-10,PARIS (intramuros),NON,8917,14:12,ATLANTIQUE,LE CROISIC,PARISLOIRE,FREGU,10:36,FRPMO
8867,2023-06-10,PAU,NON,14140,09:35,IC SRO,ST GAUDENS,SUDOUEST,FRFPH,08:11,FRAEE
8868,2023-06-10,PAU,NON,14140,08:52,IC SRO,TARBES,SUDOUEST,FRXTB,08:11,FRAEE
8869,2023-06-10,ORTHEZ,NON,14140,08:36,IC SRO,LOURDES,SUDOUEST,FRLDE,07:47,FRGFI
8870,2023-06-10,ORTHEZ,NON,14140,10:33,IC SRO,TOULOUSE MATABIAU,SUDOUEST,FRXYT,07:47,FRGFI
8871,2023-06-10,BAYONNE,NON,14140,08:08,IC SRO,PAU,SUDOUEST,FRAEE,07:00,FRXBY
8872,2023-06-10,BAYONNE,NON,14140,09:35,IC SRO,ST GAUDENS,SUDOUEST,FRFPH,07:00,FRXBY
8873,2023-06-10,LAVAL,OUI,8082,07:42,ATLANTIQUE,LE MANS,BRETAPARIS,FRAET,07:14,FRACR
8874,2023-06-10,DOL DE BRETAGNE,OUI,8082,08:44,ATLANTIQUE,PARIS (intramuros),BRETAPARIS,FRPMO,06:09,FRDOL
8875,2023-06-10,RENNES,OUI,8082,08:44,ATLANTIQUE,PARIS (intramuros),BRETAPARIS,FRPMO,06:46,FRRNS
8876,2023-06-10,ST MALO,OUI,8082,07:11,ATLANTIQUE,LAVAL,BRETAPARIS,FRACR,05:54,FRXSB
8877,2023-06-10,RETHEL,OUI,2714,09:01,EST,PARIS (intramuros),SEDBARPA,FRPST,07:47,FRBDT
8878,2023-06-10,AVIGNON TGV,NON,6131,00:00,SUD EST,MARSEILLE ST CHARLES,PAPROVENCE,FRMSC,23:25,FRAVG
8879,2023-06-10,PARIS (intramuros),NON,6131,23:22,SUD EST,AVIGNON TGV,PAPROVENCE,FRAVG,20:35,FRPLY
8880,2023-06-10,RENNES,NON,5336,14:20,SUD EST,MASSY TGV,JCATLSUD,FRDJU,12:30,FRRNS
8881,2023-06-10,LES AUBRAIS ORLEANS,NON,3751,07:07,IC NUIT,TOULOUSE MATABIAU,PAVERMEIL,FRXYT,23:32,FRLAB
8882,2023-06-10,PARIS (intramuros),NON,3751,05:01,IC NUIT,CAHORS,PAVERMEIL,FRZAO,22:12,FRPAZ
8883,2023-06-10,DIJON VILLE,OUI,2203,10:56,EST,LYON (intramuros),JCRHINRHON,FRLPD,09:21,FRABA
8884,2023-06-10,MULHOUSE VILLE,OUI,2203,09:11,EST,DIJON VILLE,JCRHINRHON,FRABA,07:52,FRAEK
8885,2023-06-10,MULHOUSE VILLE,OUI,2203,09:54,EST,CHALON SUR SAONE,JCRHINRHON,FRXCD,07:52,FRAEK
8886,2023-06-10,BESANCON - F COMTE TGV,OUI,2203,09:11,EST,DIJON VILLE,JCRHINRHON,FRABA,08:41,FRTJB
8887,2023-06-10,BESANCON - F COMTE TGV,OUI,2203,12:24,EST,NIMES,JCRHINRHON,FRFNI,08:41,FRTJB
8888,2023-06-10,CHALON SUR SAONE,OUI,2203,12:55,EST,MONTPELLIER SAINT-ROCH,JCRHINRHON,FRMPL,09:56,FRXCD
8889,2023-06-10,PERPIGNAN,OUI,6260,19:11,SUD EST,AGDE,LANGPA,FRXAG,18:04,FRPGF
8890,2023-06-10,BEZIERS,NON,6034,13:44,SUD EST,MONTPELLIER SAINT-ROCH,LANGPA,FRMPL,12:58,FRBZR
8891,2023-06-10,BEZIERS,OUI,6034,13:25,SUD EST,SETE,LANGPA,FRXSY,12:58,FRBZR
8892,2023-06-10,NIMES,NON,6034,17:18,SUD EST,PARIS (intramuros),LANGPA,FRPLY,14:17,FRFNI
8893,2023-06-10,MONTPELLIER SAINT-ROCH,NON,6034,15:01,SUD EST,VALENCE TGV RHONE-ALPES SUD,LANGPA,FRVLA,13:48,FRMPL
8894,2023-06-10,PERPIGNAN,OUI,6034,13:09,SUD EST,AGDE,LANGPA,FRXAG,12:04,FRPGF
8895,2023-06-10,AGDE,NON,6034,14:13,SUD EST,NIMES,LANGPA,FRFNI,13:12,FRXAG
8896,2023-06-10,AGDE,NON,6034,13:44,SUD EST,MONTPELLIER SAINT-ROCH,LANGPA,FRMPL,13:12,FRXAG
8897,2023-06-10,AGDE,NON,6034,17:18,SUD EST,PARIS (intramuros),LANGPA,FRPLY,13:12,FRXAG
8898,2023-06-10,NARBONNE,NON,6034,13:44,SUD EST,MONTPELLIER SAINT-ROCH,LANGPA,FRMPL,12:41,FRXNA
8899,2023-06-10,SETE,NON,6034,17:18,SUD EST,PARIS (intramuros),LANGPA,FRPLY,13:28,FRXSY
8900,2023-06-10,CHAMPAGNE-ARDENNE,NON,2571,13:59,EST,NANCY,PANANCY,FRENC,13:05,FREAH
8901,2023-06-10,NANCY,OUI,2571,14:49,EST,EPINAL,PANANCY,FREPL,14:04,FRENC
8902,2023-06-10,NANCY,OUI,2571,15:12,EST,REMIREMONT,PANANCY,FRRNT,14:04,FRENC
8903,2023-06-10,PARIS (intramuros),NON,2571,13:02,EST,CHAMPAGNE-ARDENNE,PANANCY,FREAH,12:22,FRPST
8904,2023-06-10,PARIS (intramuros),NON,2571,14:49,EST,EPINAL,PANANCY,FREPL,12:22,FRPST
8905,2023-06-10,QUIMPER,OUI,8722,14:06,ATLANTIQUE,AURAY,BRETAPARIS,FRXUY,13:14,FRUIP
8906,2023-06-10,REDON,OUI,8722,17:08,ATLANTIQUE,PARIS (intramuros),BRETAPARIS,FRPMO,14:50,FRXRN
8907,2023-06-10,LAVAL,OUI,8641,20:25,ATLANTIQUE,RENNES,PARISBRETA,FRRNS,19:58,FRACR
8908,2023-06-10,GUINGAMP,OUI,8641,22:51,ATLANTIQUE,BREST,PARISBRETA,FRBES,21:40,FRGGP
8909,2023-06-10,LAMBALLE,OUI,8641,22:51,ATLANTIQUE,BREST,PARISBRETA,FRBES,21:11,FRLAM
8910,2023-06-10,LAMBALLE,OUI,8641,22:11,ATLANTIQUE,MORLAIX,PARISBRETA,FRMXN,21:11,FRLAM
8911,2023-06-10,MORLAIX,OUI,8641,22:51,ATLANTIQUE,BREST,PARISBRETA,FRBES,22:14,FRMXN
8912,2023-06-10,PARIS (intramuros),OUI,8641,21:53,ATLANTIQUE,PLOUARET TREGOR,PARISBRETA,FRPLT,18:40,FRPMO
8913,2023-06-10,PARIS (intramuros),OUI,8641,22:36,ATLANTIQUE,LANDERNEAU,PARISBRETA,FRXLD,18:40,FRPMO
8914,2023-06-10,RENNES,OUI,8641,22:36,ATLANTIQUE,LANDERNEAU,PARISBRETA,FRXLD,20:32,FRRNS
8915,2023-06-10,ST BRIEUC,OUI,8641,22:11,ATLANTIQUE,MORLAIX,PARISBRETA,FRMXN,21:24,FRSBK
8916,2023-06-10,LANDERNEAU,OUI,8641,22:51,ATLANTIQUE,BREST,PARISBRETA,FRBES,22:39,FRXLD
8917,2023-06-10,PARIS (intramuros),NON,6681,10:48,SUD EST,ST ETIENNE CHATEAUCREUX,PARISRHONE,FRHHD,07:50,FRPLY
8918,2023-06-10,LE CREUSOT MONTCEAU MONTCHANIN,NON,6681,10:48,SUD EST,ST ETIENNE CHATEAUCREUX,PARISRHONE,FRHHD,09:14,FRXCC
8919,2023-06-10,LIMOGES BENEDICTINS,NON,3644,11:27,IC ARO,LA SOUTERRAINE,TOULOUZECO,FRLST,10:54,FRAGQ
8920,2023-06-10,BRIVE LA GAILLARDE,NON,3644,11:27,IC ARO,LA SOUTERRAINE,TOULOUZECO,FRLST,09:50,FRBVE
8921,2023-06-10,BRIVE LA GAILLARDE,NON,3644,12:42,IC ARO,VIERZON VILLE,TOULOUZECO,FRXVZ,09:50,FRBVE
8922,2023-06-10,CHATEAUROUX,NON,3644,14:22,IC ARO,PARIS (intramuros),TOULOUZECO,FRPAZ,12:06,FRCHR
8923,2023-06-10,GOURDON,OUI,3644,10:51,IC ARO,LIMOGES BENEDICTINS,TOULOUZECO,FRAGQ,09:02,FRFSI
8924,2023-06-10,GOURDON,NON,3644,12:04,IC ARO,CHATEAUROUX,TOULOUZECO,FRCHR,09:02,FRFSI
8925,2023-06-10,GOURDON,NON,3644,13:18,IC ARO,LES AUBRAIS ORLEANS,TOULOUZECO,FRLAB,09:02,FRFSI
8926,2023-06-10,CAUSSADE TARN ET GARONNE,OUI,3644,10:51,IC ARO,LIMOGES BENEDICTINS,TOULOUZECO,FRAGQ,08:07,FRFTA
8927,2023-06-10,CAUSSADE TARN ET GARONNE,NON,3644,12:04,IC ARO,CHATEAUROUX,TOULOUZECO,FRCHR,08:07,FRFTA
8928,2023-06-10,CAUSSADE TARN ET GARONNE,NON,3644,13:18,IC ARO,LES AUBRAIS ORLEANS,TOULOUZECO,FRLAB,08:07,FRFTA
8929,2023-06-10,CAUSSADE TARN ET GARONNE,OUI,3644,08:33,IC ARO,CAHORS,TOULOUZECO,FRZAO,08:07,FRFTA
8930,2023-06-10,SOUILLAC,NON,3644,12:04,IC ARO,CHATEAUROUX,TOULOUZECO,FRCHR,09:20,FRSOU
8931,2023-06-10,MONTAUBAN VILLE BOURBON,NON,3644,12:04,IC ARO,CHATEAUROUX,TOULOUZECO,FRCHR,07:53,FRXMW
8932,2023-06-10,MONTAUBAN VILLE BOURBON,NON,3644,14:22,IC ARO,PARIS (intramuros),TOULOUZECO,FRPAZ,07:53,FRXMW
8933,2023-06-10,VIERZON VILLE,NON,3644,14:22,IC ARO,PARIS (intramuros),TOULOUZECO,FRPAZ,12:44,FRXVZ
8934,2023-06-10,TOULOUSE MATABIAU,OUI,3644,09:00,IC ARO,GOURDON,TOULOUZECO,FRFSI,07:18,FRXYT
8935,2023-06-10,TOULOUSE MATABIAU,NON,3644,14:22,IC ARO,PARIS (intramuros),TOULOUZECO,FRPAZ,07:18,FRXYT
8936,2023-06-10,CAHORS,NON,3644,14:22,IC ARO,PARIS (intramuros),TOULOUZECO,FRPAZ,08:35,FRZAO
8937,2023-06-10,AIX EN PROVENCE TGV,OUI,6866,20:54,SUD EST,LYON (intramuros),JCSUDPROV,FRLPD,19:26,FRAIE
8938,2023-06-10,MARSEILLE ST CHARLES,OUI,6866,20:54,SUD EST,LYON (intramuros),JCSUDPROV,FRLPD,19:11,FRMSC
8939,2023-06-10,AUGSBURG HBF,NON,9576,09:51,INTERNATIONAL,KARLSRUHE HBF,MUNSTUTPA,DEQKA,07:20,DEAGB
8940,2023-06-10,AUGSBURG HBF,NON,9576,10:37,INTERNATIONAL,STRASBOURG,MUNSTUTPA,FRAEG,07:20,DEAGB
8941,2023-06-10,MUENCHEN HBF,NON,9576,08:02,INTERNATIONAL,ULM HBF,MUNSTUTPA,DEQUL,06:51,DEBEG
8942,2023-06-10,MUENCHEN HBF,NON,9576,09:11,INTERNATIONAL,STUTTGART HBF,MUNSTUTPA,DESGT,06:51,DEBEG
8943,2023-06-10,ULM HBF,NON,9576,09:11,INTERNATIONAL,STUTTGART HBF,MUNSTUTPA,DESGT,08:04,DEQUL
8944,2023-06-10,LILLE (intramuros),NON,5000,08:57,NORD,MARNE LA VALLEE CHESSY,JCNORDBRET,FRMLV,07:52,FRLLE
8945,2023-06-10,MARNE LA VALLEE CHESSY,NON,5000,10:29,NORD,LE MANS,JCNORDBRET,FRAET,09:02,FRMLV
8946,2023-06-10,MARNE LA VALLEE CHESSY,OUI,5000,09:34,NORD,MASSY TGV,JCNORDBRET,FRDJU,09:02,FRMLV
8947,2023-06-10,AEROPORT CDG2 TGV ROISSY,NON,5000,11:17,NORD,RENNES,JCNORDBRET,FRRNS,08:48,FRMLW
8948,2023-06-10,LAVAL,NON,8707,12:00,ATLANTIQUE,LORIENT,PARISBRETA,FRLRT,09:58,FRACR
8949,2023-06-10,RENNES,NON,8707,11:04,ATLANTIQUE,REDON,PARISBRETA,FRXRN,10:29,FRRNS
8950,2023-06-10,VANNES,OUI,8707,11:42,ATLANTIQUE,AURAY,PARISBRETA,FRXUY,11:32,FRVNE
8951,2023-06-10,REDON,NON,8707,12:00,ATLANTIQUE,LORIENT,PARISBRETA,FRLRT,11:06,FRXRN
8952,2023-06-10,REDON,NON,8707,11:42,ATLANTIQUE,AURAY,PARISBRETA,FRXUY,11:06,FRXRN
8953,2023-06-10,PARIS (intramuros),NON,7375,17:16,NORD,BETHUNE,PAARRAS,FRXBH,15:52,FRPNO
8954,2023-06-10,FUTUROSCOPE,OUI,8346,19:44,ATLANTIQUE,CHATELLERAULT,ROCHELLEPA,FRXCX,19:33,FRTGO
8955,2023-06-10,ST PIERRE DES CORPS,OUI,8346,21:20,ATLANTIQUE,PARIS (intramuros),ROCHELLEPA,FRPMO,20:19,FRXSH
8956,2023-06-10,LILLE (intramuros),NON,9810,11:52,NORD,AVIGNON TGV,JCNORDSUD,FRAVG,07:24,FRLLE
8957,2023-06-10,LYON (intramuros),NON,9810,12:24,NORD,MARSEILLE ST CHARLES,JCNORDSUD,FRMSC,10:35,FRLPD
8958,2023-06-10,MARNE LA VALLEE CHESSY,NON,9810,10:29,NORD,LYON (intramuros),JCNORDSUD,FRLPD,08:43,FRMLV
8959,2023-06-10,AEROPORT CDG2 TGV ROISSY,NON,9810,11:52,NORD,AVIGNON TGV,JCNORDSUD,FRAVG,08:29,FRMLW
8960,2023-06-10,TGV HAUTE PICARDIE,NON,9810,12:24,NORD,MARSEILLE ST CHARLES,JCNORDSUD,FRMSC,07:54,FRTHP
8961,2023-06-10,BRUXELLES MIDI BRUSSEL ZUID,NON,9810,07:51,NORD,TGV HAUTE PICARDIE,JCNORDSUD,FRTHP,06:25,BEBMI
8962,2023-06-10,LYON (intramuros),OUI,6622,14:58,SUD EST,LYON (intramuros),RHONEPARIS,FRLPD,14:50,FRLPE
8963,2023-06-10,DIJON VILLE,NON,2242,14:30,EST,BELFORT-MONTBELIARD TGV,JCRHONRHIN,FRTJA,13:37,FRABA
8964,2023-06-10,MULHOUSE VILLE,OUI,2242,15:24,EST,COLMAR,JCRHONRHIN,FRAEJ,15:06,FRAEK
8965,2023-06-10,AIX EN PROVENCE TGV,NON,2242,13:25,EST,DIJON VILLE,JCRHONRHIN,FRABA,09:58,FRAIE
8966,2023-06-10,AIX EN PROVENCE TGV,NON,2242,15:24,EST,COLMAR,JCRHONRHIN,FRAEJ,09:58,FRAIE
8967,2023-06-10,AIX EN PROVENCE TGV,NON,2242,10:17,EST,AVIGNON TGV,JCRHONRHIN,FRAVG,09:58,FRAIE
8968,2023-06-10,AVIGNON TGV,NON,2242,13:25,EST,DIJON VILLE,JCRHONRHIN,FRABA,10:20,FRAVG
8969,2023-06-10,AVIGNON TGV,NON,2242,14:55,EST,MULHOUSE VILLE,JCRHONRHIN,FRAEK,10:20,FRAVG
8970,2023-06-10,AVIGNON TGV,NON,2242,14:30,EST,BELFORT-MONTBELIARD TGV,JCRHONRHIN,FRTJA,10:20,FRAVG
8971,2023-06-10,MACON VILLE,NON,2242,15:24,EST,COLMAR,JCRHONRHIN,FRAEJ,12:12,FRHGU
8972,2023-06-10,MACON VILLE,NON,2242,13:03,EST,BEAUNE,JCRHONRHIN,FRXBV,12:12,FRHGU
8973,2023-06-10,CANNES,OUI,2242,08:46,EST,TOULON,JCRHONRHIN,FRTLN,07:30,FRJCA
8974,2023-06-10,LYON (intramuros),NON,2242,14:30,EST,BELFORT-MONTBELIARD TGV,JCRHONRHIN,FRTJA,11:32,FRLPD
8975,2023-06-10,MARSEILLE ST CHARLES,NON,2242,13:25,EST,DIJON VILLE,JCRHONRHIN,FRABA,09:45,FRMSC
8976,2023-06-10,MARSEILLE ST CHARLES,NON,2242,09:55,EST,AIX EN PROVENCE TGV,JCRHONRHIN,FRAIE,09:45,FRMSC
8977,2023-06-10,MARSEILLE ST CHARLES,NON,2242,14:30,EST,BELFORT-MONTBELIARD TGV,JCRHONRHIN,FRTJA,09:45,FRMSC
8978,2023-06-10,NICE VILLE,NON,2242,13:25,EST,DIJON VILLE,JCRHONRHIN,FRABA,07:00,FRNIC
8979,2023-06-10,NICE VILLE,NON,2242,14:55,EST,MULHOUSE VILLE,JCRHONRHIN,FRAEK,07:00,FRNIC
8980,2023-06-10,NICE VILLE,NON,2242,12:09,EST,MACON VILLE,JCRHONRHIN,FRHGU,07:00,FRNIC
8981,2023-06-10,NICE VILLE,OUI,2242,08:46,EST,TOULON,JCRHONRHIN,FRTLN,07:00,FRNIC
8982,2023-06-10,NICE VILLE,OUI,2242,07:13,EST,ANTIBES,JCRHONRHIN,FRXAT,07:00,FRNIC
8983,2023-06-10,NICE VILLE,NON,2242,12:41,EST,CHALON SUR SAONE,JCRHONRHIN,FRXCD,07:00,FRNIC
8984,2023-06-10,BESANCON - F COMTE TGV,NON,2242,15:24,EST,COLMAR,JCRHONRHIN,FRAEJ,14:09,FRTJB
8985,2023-06-10,TOULON,NON,2242,15:24,EST,COLMAR,JCRHONRHIN,FRAEJ,08:50,FRTLN
8986,2023-06-10,TOULON,NON,2242,10:17,EST,AVIGNON TGV,JCRHONRHIN,FRAVG,08:50,FRTLN
8987,2023-06-10,TOULON,NON,2242,09:33,EST,MARSEILLE ST CHARLES,JCRHONRHIN,FRMSC,08:50,FRTLN
8988,2023-06-10,TOULON,NON,2242,13:03,EST,BEAUNE,JCRHONRHIN,FRXBV,08:50,FRTLN
8989,2023-06-10,ANTIBES,NON,2242,14:55,EST,MULHOUSE VILLE,JCRHONRHIN,FRAEK,07:16,FRXAT
8990,2023-06-10,ANTIBES,NON,2242,12:09,EST,MACON VILLE,JCRHONRHIN,FRHGU,07:16,FRXAT
8991,2023-06-10,ANTIBES,NON,2242,09:33,EST,MARSEILLE ST CHARLES,JCRHONRHIN,FRMSC,07:16,FRXAT
8992,2023-06-10,ANTIBES,NON,2242,13:03,EST,BEAUNE,JCRHONRHIN,FRXBV,07:16,FRXAT
8993,2023-06-10,ANTIBES,NON,2242,12:41,EST,CHALON SUR SAONE,JCRHONRHIN,FRXCD,07:16,FRXAT
8994,2023-06-10,ANTIBES,OUI,2242,08:09,EST,LES ARCS DRAGUIGNAN,JCRHONRHIN,FRXRS,07:16,FRXAT
8995,2023-06-10,ANTIBES,OUI,2242,07:52,EST,ST RAPHAEL VALESCURE,JCRHONRHIN,FRXSK,07:16,FRXAT
8996,2023-06-10,CHALON SUR SAONE,NON,2242,14:55,EST,MULHOUSE VILLE,JCRHONRHIN,FRAEK,12:44,FRXCD
8997,2023-06-10,CHALON SUR SAONE,NON,2242,13:03,EST,BEAUNE,JCRHONRHIN,FRXBV,12:44,FRXCD
8998,2023-06-10,LES ARCS DRAGUIGNAN,NON,2242,13:25,EST,DIJON VILLE,JCRHONRHIN,FRABA,08:12,FRXRS
8999,2023-06-10,LES ARCS DRAGUIGNAN,NON,2242,15:54,EST,STRASBOURG,JCRHONRHIN,FRAEG,08:12,FRXRS
9000,2023-06-10,LES ARCS DRAGUIGNAN,NON,2242,09:55,EST,AIX EN PROVENCE TGV,JCRHONRHIN,FRAIE,08:12,FRXRS
9001,2023-06-10,LES ARCS DRAGUIGNAN,NON,2242,12:09,EST,MACON VILLE,JCRHONRHIN,FRHGU,08:12,FRXRS
9002,2023-06-10,LES ARCS DRAGUIGNAN,NON,2242,11:26,EST,LYON (intramuros),JCRHONRHIN,FRLPD,08:12,FRXRS
9003,2023-06-10,LES ARCS DRAGUIGNAN,NON,2242,13:03,EST,BEAUNE,JCRHONRHIN,FRXBV,08:12,FRXRS
9004,2023-06-10,ST RAPHAEL VALESCURE,NON,2242,15:24,EST,COLMAR,JCRHONRHIN,FRAEJ,07:55,FRXSK
9005,2023-06-10,ST RAPHAEL VALESCURE,NON,2242,09:33,EST,MARSEILLE ST CHARLES,JCRHONRHIN,FRMSC,07:55,FRXSK
9006,2023-06-10,NICE VILLE,NON,2242,14:30,EST,BELFORT-MONTBELIARD TGV,JCRHONRHIN,FRTJA,07:00,FRNIC
9007,2023-06-10,TOULON,NON,2242,14:30,EST,BELFORT-MONTBELIARD TGV,JCRHONRHIN,FRTJA,08:50,FRTLN
9008,2023-06-10,VICHY,OUI,5966,11:58,IC ARO,NEVERS,CLERMONTPA,FRNVS,11:06,FRVHY
9009,2023-06-10,MOULINS SUR ALLIER,OUI,5966,11:58,IC ARO,NEVERS,CLERMONTPA,FRNVS,11:31,FRXMU
9010,2023-06-10,LE MANS,NON,5332,13:24,SUD EST,MARSEILLE ST CHARLES,JCATLSUD,FRMSC,08:26,FRAET
9011,2023-06-10,MASSY TGV,NON,5332,12:45,SUD EST,AVIGNON TGV,JCATLSUD,FRAVG,09:26,FRDJU
9012,2023-06-10,RENNES,NON,5332,11:30,SUD EST,LYON (intramuros),JCATLSUD,FRLPD,07:31,FRRNS
9013,2023-06-10,AVIGNON TGV,OUI,6129,22:41,SUD EST,AIX EN PROVENCE TGV,PAPROVENCE,FRAIE,22:20,FRAVG
9014,2023-06-10,PARIS (intramuros),NON,6129,22:17,SUD EST,AVIGNON TGV,PAPROVENCE,FRAVG,19:36,FRPLY
9015,2023-06-10,PARIS (intramuros),NON,6129,22:56,SUD EST,MARSEILLE ST CHARLES,PAPROVENCE,FRMSC,19:36,FRPLY
9016,2023-06-10,DAX,NON,8537,14:47,ATLANTIQUE,HENDAYE,PASUDOUEST,FRAEF,13:32,FRACG
9017,2023-06-10,DAX,NON,8537,14:03,ATLANTIQUE,BAYONNE,PASUDOUEST,FRXBY,13:32,FRACG
9018,2023-06-10,BORDEAUX ST JEAN,NON,8537,14:47,ATLANTIQUE,HENDAYE,PASUDOUEST,FRAEF,12:20,FRBOJ
9019,2023-06-10,BAYONNE,OUI,8537,14:47,ATLANTIQUE,HENDAYE,PASUDOUEST,FRAEF,14:06,FRXBY
9020,2023-06-10,BAYONNE,OUI,8537,14:32,ATLANTIQUE,ST JEAN DE LUZ CIBOURE,PASUDOUEST,FRXJZ,14:06,FRXBY
9021,2023-06-10,PARIS (intramuros),NON,7565,13:14,NORD,BOULOGNE VILLE,PAARRAS,FRAEB,10:52,FRPNO
9022,2023-06-10,PARIS (intramuros),NON,7565,12:04,NORD,LILLE (intramuros),PAARRAS,FRLLE,10:52,FRPNO
9023,2023-06-10,PARIS (intramuros),NON,7565,12:43,NORD,CALAIS FRETHUN,PAARRAS,FRSTH,10:52,FRPNO
9024,2023-06-10,AGEN,OUI,8514,18:36,ATLANTIQUE,BORDEAUX ST JEAN,SUDOUESTPA,FRBOJ,17:31,FRAGF
9025,2023-06-10,MASSY TGV,OUI,8514,20:58,ATLANTIQUE,PARIS (intramuros),SUDOUESTPA,FRPMO,20:46,FRDJU
9026,2023-06-10,TOULOUSE MATABIAU,OUI,8514,20:43,ATLANTIQUE,MASSY TGV,SUDOUESTPA,FRDJU,16:23,FRXYT
9027,2023-06-10,PARIS (intramuros),NON,5771,09:08,IC NUIT,NICE VILLE,PARAZUR,FRNIC,20:48,FRPAZ
9028,2023-06-10,AGEN,NON,4665,20:14,IC ARO,BEZIERS,TJOURSOSE,FRBZR,17:32,FRAGF
9029,2023-06-10,AGEN,NON,4665,19:27,IC ARO,CARCASSONNE,TJOURSOSE,FRCCF,17:32,FRAGF
9030,2023-06-10,BORDEAUX ST JEAN,OUI,4665,17:30,IC ARO,AGEN,TJOURSOSE,FRAGF,16:28,FRBOJ
9031,2023-06-10,BORDEAUX ST JEAN,NON,4665,21:19,IC ARO,NIMES,TJOURSOSE,FRFNI,16:28,FRBOJ
9032,2023-06-10,MONTPELLIER SAINT-ROCH,OUI,4665,21:19,IC ARO,NIMES,TJOURSOSE,FRFNI,20:55,FRMPL
9033,2023-06-10,MONTAUBAN VILLE BOURBON,NON,4665,20:52,IC ARO,MONTPELLIER SAINT-ROCH,TJOURSOSE,FRMPL,18:09,FRXMW
9034,2023-06-10,MONTAUBAN VILLE BOURBON,NON,4665,23:00,IC ARO,MARSEILLE ST CHARLES,TJOURSOSE,FRMSC,18:09,FRXMW
9035,2023-06-10,MONTAUBAN VILLE BOURBON,NON,4665,18:40,IC ARO,TOULOUSE MATABIAU,TJOURSOSE,FRXYT,18:09,FRXMW
9036,2023-06-10,NARBONNE,NON,4665,20:14,IC ARO,BEZIERS,TJOURSOSE,FRBZR,20:01,FRXNA
9037,2023-06-10,TOULOUSE MATABIAU,NON,4665,19:27,IC ARO,CARCASSONNE,TJOURSOSE,FRCCF,18:45,FRXYT
9038,2023-06-10,ST PIERRE DES CORPS,OUI,8367,20:06,ATLANTIQUE,SURGERES,PAROCHELLE,FREIP,18:42,FRXSH
9039,2023-06-10,VENDOME VILLIERS SUR LOIR,OUI,8367,20:30,ATLANTIQUE,LA ROCHELLE VILLE,PAROCHELLE,FRLRH,18:16,FRESL
9040,2023-06-10,NIORT,OUI,8377,14:58,ATLANTIQUE,SURGERES,PAROCHELLE,FREIP,14:40,FRNIT
9041,2023-06-10,POITIERS,NON,8377,15:21,ATLANTIQUE,LA ROCHELLE VILLE,PAROCHELLE,FRLRH,13:55,FRPIS
9042,2023-06-10,PARIS (intramuros),NON,8377,14:37,ATLANTIQUE,NIORT,PAROCHELLE,FRNIT,12:16,FRPMO
9043,2023-06-10,PARIS (intramuros),OUI,8377,13:17,ATLANTIQUE,ST PIERRE DES CORPS,PAROCHELLE,FRXSH,12:16,FRPMO
9044,2023-06-10,LES AUBRAIS ORLEANS,OUI,3751,07:07,IC NUIT,TOULOUSE MATABIAU,PAVERMEIL,FRXYT,23:32,FRLAB
9045,2023-06-10,PARIS (intramuros),OUI,3751,07:07,IC NUIT,TOULOUSE MATABIAU,PAVERMEIL,FRXYT,22:12,FRPAZ
9046,2023-06-10,PARIS (intramuros),OUI,3751,05:01,IC NUIT,CAHORS,PAVERMEIL,FRZAO,22:12,FRPAZ
9047,2023-06-10,PARIS (intramuros),NON,8063,22:41,ATLANTIQUE,LAVAL,PARISBRETA,FRACR,21:12,FRPMO
9048,2023-06-10,BEZIERS,NON,6202,10:01,SUD EST,VALENCE TGV RHONE-ALPES SUD,LANGPA,FRVLA,07:58,FRBZR
9049,2023-06-10,BEZIERS,OUI,6202,08:08,SUD EST,AGDE,LANGPA,FRXAG,07:58,FRBZR
9050,2023-06-10,NIMES,NON,6202,10:01,SUD EST,VALENCE TGV RHONE-ALPES SUD,LANGPA,FRVLA,09:17,FRFNI
9051,2023-06-10,PERPIGNAN,OUI,6202,07:55,SUD EST,BEZIERS,LANGPA,FRBZR,07:04,FRPGF
9052,2023-06-10,PERPIGNAN,OUI,6202,08:24,SUD EST,SETE,LANGPA,FRXSY,07:04,FRPGF
9053,2023-06-10,AGDE,OUI,6202,09:13,SUD EST,NIMES,LANGPA,FRFNI,08:11,FRXAG
9054,2023-06-10,AGDE,OUI,6202,08:43,SUD EST,MONTPELLIER SAINT-ROCH,LANGPA,FRMPL,08:11,FRXAG
9055,2023-06-10,AGDE,NON,6202,10:01,SUD EST,VALENCE TGV RHONE-ALPES SUD,LANGPA,FRVLA,08:11,FRXAG
9056,2023-06-10,NARBONNE,NON,6202,10:01,SUD EST,VALENCE TGV RHONE-ALPES SUD,LANGPA,FRVLA,07:42,FRXNA
9057,2023-06-10,JONZAC,NON,3854,12:15,IC SRO,LA ROCHELLE VILLE,BORDONANTE,FRLRH,10:41,FREMR
9058,2023-06-10,JONZAC,NON,3854,13:22,IC SRO,LA ROCHE SUR YON,BORDONANTE,FRXRO,10:41,FREMR
9059,2023-06-10,LUCON,NON,3854,13:22,IC SRO,LA ROCHE SUR YON,BORDONANTE,FRXRO,13:00,FRLCN
9060,2023-06-10,LA ROCHELLE VILLE,NON,3854,13:22,IC SRO,LA ROCHE SUR YON,BORDONANTE,FRXRO,12:19,FRLRH
9061,2023-06-10,SAINTES,NON,3854,11:53,IC SRO,ROCHEFORT,BORDONANTE,FRRCO,11:25,FRXST
9062,2023-06-10,SAINTES,NON,3854,13:22,IC SRO,LA ROCHE SUR YON,BORDONANTE,FRXRO,11:25,FRXST
9063,2023-06-10,LOURDES,OUI,3742,06:08,IC NUIT,LES AUBRAIS ORLEANS,PALOMBEPAR,FRLAB,21:57,FRLDE
9064,2023-06-10,ST GAUDENS,OUI,3742,07:18,IC NUIT,PARIS (intramuros),PALOMBEPAR,FRPAZ,22:56,FRFPH
9065,2023-06-10,PARIS (intramuros),NON,8121,14:13,ATLANTIQUE,ANGERS ST LAUD,PARISLOIRE,FRACL,12:49,FRPMO
9066,2023-06-10,BORDEAUX ST JEAN,NON,5060,09:27,NORD,MARNE LA VALLEE CHESSY,JCAQUINORD,FRMLV,05:58,FRBOJ
9067,2023-06-10,POITIERS,NON,5060,07:50,NORD,ST PIERRE DES CORPS,JCAQUINORD,FRXSH,07:19,FRPIS
9068,2023-06-10,ST PIERRE DES CORPS,NON,5060,08:49,NORD,MASSY TGV,JCAQUINORD,FRDJU,07:54,FRXSH
9069,2023-06-10,ST PIERRE DES CORPS,NON,5060,09:41,NORD,AEROPORT CDG2 TGV ROISSY,JCAQUINORD,FRMLW,07:54,FRXSH
9070,2023-06-10,ANGERS ST LAUD,OUI,8921,14:54,ATLANTIQUE,NANTES,PARISLOIRE,FRNTE,14:16,FRACL
9071,2023-06-10,NANTES,OUI,8921,15:50,ATLANTIQUE,LA BAULE ESCOUBLAC,PARISLOIRE,FRJEE,15:00,FRNTE
9072,2023-06-10,PARIS (intramuros),NON,8921,15:50,ATLANTIQUE,LA BAULE ESCOUBLAC,PARISLOIRE,FRJEE,12:49,FRPMO
9073,2023-06-10,STUTTGART HBF,NON,9592,18:05,INTERNATIONAL,PARIS (intramuros),MUNSTUTPA,FRPST,14:52,DESGT
9074,2023-06-10,ST JEAN DE MAURIENNE ARVAN,NON,9249,19:23,INTERNATIONAL,OULX CESANA CLAV SESTRIERE,PAITALIE,ITOCS,18:25,FRHPN
9075,2023-06-10,ST JEAN DE MAURIENNE ARVAN,NON,9249,20:22,INTERNATIONAL,TORINO PORTA SUSA,PAITALIE,ITTRS,18:25,FRHPN
9076,2023-06-10,AGEN,OUI,8512,14:40,ATLANTIQUE,BORDEAUX ST JEAN,SUDOUESTPA,FRBOJ,13:35,FRAGF
9077,2023-06-10,AGEN,OUI,8512,17:12,ATLANTIQUE,PARIS (intramuros),SUDOUESTPA,FRPMO,13:35,FRAGF
9078,2023-06-10,ANGOULEME,OUI,8512,17:12,ATLANTIQUE,PARIS (intramuros),SUDOUESTPA,FRPMO,15:23,FRANG
9079,2023-06-10,TOULOUSE MATABIAU,OUI,8512,17:12,ATLANTIQUE,PARIS (intramuros),SUDOUESTPA,FRPMO,12:27,FRXYT
9080,2023-06-10,AIX EN PROVENCE TGV,OUI,6107,12:56,SUD EST,MARSEILLE ST CHARLES,PAPROVENCE,FRMSC,12:44,FRAIE
9081,2023-06-10,AVIGNON TGV,OUI,6107,12:41,SUD EST,AIX EN PROVENCE TGV,PAPROVENCE,FRAIE,12:22,FRAVG
9082,2023-06-10,PARIS (intramuros),NON,6107,12:56,SUD EST,MARSEILLE ST CHARLES,PAPROVENCE,FRMSC,09:36,FRPLY
9083,2023-06-10,PARIS (intramuros),OUI,6223,19:06,SUD EST,VALENCE TGV RHONE-ALPES SUD,PALANG,FRVLA,16:54,FRPLY
9084,2023-06-10,PARIS (intramuros),NON,7023,10:44,NORD,LILLE (intramuros),PALILLE,FRADJ,09:43,FRPNO
9085,2023-06-10,STRASBOURG,NON,9894,18:01,NORD,MEUSE TGV,JCESTNORD,FREAJ,17:01,FRAEG
9086,2023-06-10,MEUSE TGV,NON,9894,20:08,NORD,LILLE (intramuros),JCESTNORD,FRLLE,18:09,FREAJ
9087,2023-06-10,MEUSE TGV,NON,9894,19:06,NORD,AEROPORT CDG2 TGV ROISSY,JCESTNORD,FRMLW,18:09,FREAJ
9088,2023-06-10,LORRAINE TGV,NON,9894,18:32,NORD,CHAMPAGNE-ARDENNE,JCESTNORD,FREAH,17:42,FREAM
9089,2023-06-10,AEROPORT CDG2 TGV ROISSY,OUI,9894,20:08,NORD,LILLE (intramuros),JCESTNORD,FRLLE,19:12,FRMLW
9090,2023-06-10,LORRAINE TGV,NON,9894,19:38,NORD,TGV HAUTE PICARDIE,JCESTNORD,FRTHP,17:42,FREAM
9091,2023-06-10,KARLSRUHE HBF,NON,9578,08:13,INTERNATIONAL,STRASBOURG,MUNSTUTPA,FRAEG,07:32,DEQKA
9092,2023-06-10,STUTTGART HBF,NON,9578,10:05,INTERNATIONAL,PARIS (intramuros),MUNSTUTPA,FRPST,06:52,DESGT
9093,2023-06-10,VENDOME VILLIERS SUR LOIR,NON,8331,09:35,ATLANTIQUE,POITIERS,PAROCHELLE,FRPIS,08:16,FRESL
9094,2023-06-10,VENDOME VILLIERS SUR LOIR,OUI,8331,08:35,ATLANTIQUE,ST PIERRE DES CORPS,PAROCHELLE,FRXSH,08:16,FRESL
9095,2023-06-10,PARIS (intramuros),NON,8331,09:35,ATLANTIQUE,POITIERS,PAROCHELLE,FRPIS,07:28,FRPMO
9096,2023-06-10,PARIS (intramuros),OUI,8331,09:07,ATLANTIQUE,CHATELLERAULT,PAROCHELLE,FRXCX,07:28,FRPMO
9097,2023-06-10,PARIS (intramuros),OUI,8331,08:35,ATLANTIQUE,ST PIERRE DES CORPS,PAROCHELLE,FRXSH,07:28,FRPMO
9098,2023-06-10,FUTUROSCOPE,OUI,8331,09:35,ATLANTIQUE,POITIERS,PAROCHELLE,FRPIS,09:25,FRTGO
9099,2023-06-10,MANNHEIM HBF,NON,9580,15:05,INTERNATIONAL,KARLSRUHE HBF,FRANCMRS,DEQKA,14:39,DEMHG
9100,2023-06-10,MANNHEIM HBF,NON,9580,21:34,INTERNATIONAL,AIX EN PROVENCE TGV,FRANCMRS,FRAIE,14:39,DEMHG
9101,2023-06-10,KARLSRUHE HBF,NON,9580,17:05,INTERNATIONAL,MULHOUSE VILLE,FRANCMRS,FRAEK,15:12,DEQKA
9102,2023-06-10,KARLSRUHE HBF,NON,9580,17:31,INTERNATIONAL,BELFORT-MONTBELIARD TGV,FRANCMRS,FRTJA,15:12,DEQKA
9103,2023-06-10,KARLSRUHE HBF,NON,9580,18:53,INTERNATIONAL,CHALON SUR SAONE,FRANCMRS,FRXCD,15:12,DEQKA
9104,2023-06-10,MULHOUSE VILLE,NON,9580,21:48,INTERNATIONAL,MARSEILLE ST CHARLES,FRANCMRS,FRMSC,17:09,FRAEK
9105,2023-06-10,MULHOUSE VILLE,NON,9580,17:31,INTERNATIONAL,BELFORT-MONTBELIARD TGV,FRANCMRS,FRTJA,17:09,FRAEK
9106,2023-06-10,AVIGNON TGV,NON,9580,21:34,INTERNATIONAL,AIX EN PROVENCE TGV,FRANCMRS,FRAIE,21:15,FRAVG
9107,2023-06-10,LYON (intramuros),NON,9580,21:48,INTERNATIONAL,MARSEILLE ST CHARLES,FRANCMRS,FRMSC,20:06,FRLPD
9108,2023-06-10,BESANCON - F COMTE TGV,NON,9580,21:12,INTERNATIONAL,AVIGNON TGV,FRANCMRS,FRAVG,17:58,FRTJB
9109,2023-06-10,BESANCON - F COMTE TGV,NON,9580,21:48,INTERNATIONAL,MARSEILLE ST CHARLES,FRANCMRS,FRMSC,17:58,FRTJB
9110,2023-06-10,BESANCON - F COMTE TGV,NON,9580,18:53,INTERNATIONAL,CHALON SUR SAONE,FRANCMRS,FRXCD,17:58,FRTJB
9111,2023-06-10,CHALON SUR SAONE,NON,9580,21:12,INTERNATIONAL,AVIGNON TGV,FRANCMRS,FRAVG,18:56,FRXCD
9112,2023-06-10,CHALON SUR SAONE,NON,9580,19:56,INTERNATIONAL,LYON (intramuros),FRANCMRS,FRLPD,18:56,FRXCD
9113,2023-06-10,CHALON SUR SAONE,NON,9580,21:48,INTERNATIONAL,MARSEILLE ST CHARLES,FRANCMRS,FRMSC,18:56,FRXCD
9114,2023-06-10,MULHOUSE VILLE,NON,9215,18:26,INTERNATIONAL,ZUERICH HB,PABALZUR,CHAJD,17:06,FRAEK
9115,2023-06-10,PARIS (intramuros),NON,9215,16:37,INTERNATIONAL,BELFORT-MONTBELIARD TGV,PABALZUR,FRTJA,14:20,FRPLY
9116,2023-06-10,METZ VILLE,OUI,2870,16:31,EST,PARIS (intramuros),LUXMETZPA,FRPST,15:05,FRADE
9117,2023-06-10,VALENCE TGV RHONE-ALPES SUD,NON,6252,15:04,SUD EST,PARIS (intramuros),LANGPA,FRPLY,12:53,FRVLA
9118,2023-06-10,NIMES PONT DU GARD,NON,6252,15:04,SUD EST,PARIS (intramuros),LANGPA,FRPLY,12:14,FRXZP
9119,2023-06-10,MODANE,NON,9248,23:26,INTERNATIONAL,PARIS (intramuros),ITALIEPA,FRPLY,19:12,FRAGR
9120,2023-06-10,CHAMBERY CHALLES LES EAUX,NON,9248,23:26,INTERNATIONAL,PARIS (intramuros),ITALIEPA,FRPLY,20:18,FRCMF
9121,2023-06-10,MILANO P GARIBALDI,NON,9248,23:26,INTERNATIONAL,PARIS (intramuros),ITALIEPA,FRPLY,16:10,ITMPG
9122,2023-06-10,MARNE LA VALLEE CHESSY,NON,9862,13:01,NORD,AEROPORT CDG2 TGV ROISSY,JCSUDNORD,FRMLW,12:51,FRMLV
9123,2023-06-10,MARNE LA VALLEE CHESSY,NON,9862,13:34,NORD,TGV HAUTE PICARDIE,JCSUDNORD,FRTHP,12:51,FRMLV
9124,2023-06-10,AEROPORT CDG2 TGV ROISSY,NON,9862,13:34,NORD,TGV HAUTE PICARDIE,JCSUDNORD,FRTHP,13:07,FRMLW
9125,2023-06-10,MONTPELLIER SAINT-ROCH,NON,9862,14:24,NORD,LILLE (intramuros),JCSUDNORD,FRLLE,08:57,FRMPL
9126,2023-06-10,PERPIGNAN,OUI,9862,08:02,NORD,BEZIERS,JCSUDNORD,FRBZR,07:08,FRPGF
9127,2023-06-10,PERPIGNAN,NON,9862,08:52,NORD,MONTPELLIER SAINT-ROCH,JCSUDNORD,FRMPL,07:08,FRPGF
9128,2023-06-10,TGV HAUTE PICARDIE,OUI,9862,13:55,NORD,ARRAS,JCSUDNORD,FRQRV,13:38,FRTHP
9129,2023-06-10,VALENCE TGV RHONE-ALPES SUD,NON,9862,15:25,NORD,BRUXELLES MIDI BRUSSEL ZUID,JCSUDNORD,BEBMI,10:15,FRVLA
9130,2023-06-10,VALENCE TGV RHONE-ALPES SUD,NON,9862,13:55,NORD,ARRAS,JCSUDNORD,FRQRV,10:15,FRVLA
9131,2023-06-10,NARBONNE,NON,9862,09:22,NORD,NIMES,JCSUDNORD,FRFNI,07:49,FRXNA
9132,2023-06-10,NARBONNE,NON,9862,14:24,NORD,LILLE (intramuros),JCSUDNORD,FRLLE,07:49,FRXNA
9133,2023-06-10,SETE,NON,9862,15:25,NORD,BRUXELLES MIDI BRUSSEL ZUID,JCSUDNORD,BEBMI,08:36,FRXSY
9134,2023-06-10,SETE,NON,9862,12:47,NORD,MARNE LA VALLEE CHESSY,JCSUDNORD,FRMLV,08:36,FRXSY
9135,2023-06-10,BEZIERS,NON,9862,13:55,NORD,ARRAS,JCSUDNORD,FRQRV,08:05,FRBZR
9136,2023-06-10,SETE,NON,9862,13:34,NORD,TGV HAUTE PICARDIE,JCSUDNORD,FRTHP,08:36,FRXSY
9137,2023-06-10,BORDEAUX ST JEAN,NON,5440,12:55,EST,CHAMPAGNE-ARDENNE,JCATLEST,FREAH,08:54,FRBOJ
9138,2023-06-10,CHAMPAGNE-ARDENNE,NON,5440,13:49,EST,LORRAINE TGV,JCATLEST,FREAM,12:58,FREAH
9139,2023-06-10,MEUSE TGV,NON,5440,14:29,EST,STRASBOURG,JCATLEST,FRAEG,13:30,FREAJ
9140,2023-06-10,MARNE LA VALLEE CHESSY,NON,5440,13:23,EST,MEUSE TGV,JCATLEST,FREAJ,12:28,FRMLV
9141,2023-06-10,ST PIERRE DES CORPS,NON,5440,11:48,EST,MASSY TGV,JCATLEST,FRDJU,10:54,FRXSH
9142,2023-06-10,ST PIERRE DES CORPS,NON,5440,12:55,EST,CHAMPAGNE-ARDENNE,JCATLEST,FREAH,10:54,FRXSH
9143,2023-06-10,HENDAYE,NON,8534,12:06,ATLANTIQUE,BORDEAUX ST JEAN,SUDOUESTPA,FRBOJ,09:36,FRAEF
9144,2023-06-10,HENDAYE,OUI,8534,10:14,ATLANTIQUE,BAYONNE,SUDOUESTPA,FRXBY,09:36,FRAEF
9145,2023-06-10,BORDEAUX ST JEAN,NON,8534,14:19,ATLANTIQUE,PARIS (intramuros),SUDOUESTPA,FRPMO,12:12,FRBOJ
9146,2023-06-10,BAYONNE,NON,8534,12:06,ATLANTIQUE,BORDEAUX ST JEAN,SUDOUESTPA,FRBOJ,10:17,FRXBY
9147,2023-06-10,LIMOGES BENEDICTINS,OUI,3655,21:13,IC ARO,BRIVE LA GAILLARDE,PALITO,FRBVE,20:11,FRAGQ
9148,2023-06-10,CHATEAUROUX,OUI,3655,21:13,IC ARO,BRIVE LA GAILLARDE,PALITO,FRBVE,18:57,FRCHR
9149,2023-06-10,LA SOUTERRAINE,OUI,3655,21:13,IC ARO,BRIVE LA GAILLARDE,PALITO,FRBVE,19:33,FRLST
9150,2023-06-10,VIERZON VILLE,OUI,3655,18:40,IC ARO,ISSOUDUN,PALITO,FRFMN,18:21,FRXVZ
9151,2023-06-10,LE MANS,OUI,9884,08:20,NORD,MASSY TGV,JCBRETNORD,FRDJU,07:30,FRAET
9152,2023-06-10,LE MANS,OUI,9884,10:17,NORD,LILLE (intramuros),JCBRETNORD,FRLLE,07:30,FRAET
9153,2023-06-10,LE MANS,OUI,9884,08:57,NORD,MARNE LA VALLEE CHESSY,JCBRETNORD,FRMLV,07:30,FRAET
9154,2023-06-10,LE MANS,OUI,9884,09:10,NORD,AEROPORT CDG2 TGV ROISSY,JCBRETNORD,FRMLW,07:30,FRAET
9155,2023-06-10,MASSY TGV,OUI,9884,08:57,NORD,MARNE LA VALLEE CHESSY,JCBRETNORD,FRMLV,08:26,FRDJU
9156,2023-06-10,MASSY TGV,OUI,9884,09:45,NORD,TGV HAUTE PICARDIE,JCBRETNORD,FRTHP,08:26,FRDJU
9157,2023-06-10,MARNE LA VALLEE CHESSY,OUI,9884,09:10,NORD,AEROPORT CDG2 TGV ROISSY,JCBRETNORD,FRMLW,09:01,FRMLV
9158,2023-06-10,MARNE LA VALLEE CHESSY,OUI,9884,09:45,NORD,TGV HAUTE PICARDIE,JCBRETNORD,FRTHP,09:01,FRMLV
9159,2023-06-10,AEROPORT CDG2 TGV ROISSY,OUI,9884,09:45,NORD,TGV HAUTE PICARDIE,JCBRETNORD,FRTHP,09:16,FRMLW
9160,2023-06-10,RENNES,OUI,9884,09:45,NORD,TGV HAUTE PICARDIE,JCBRETNORD,FRTHP,06:23,FRRNS
9161,2023-06-10,LAVAL,OUI,9884,09:45,NORD,TGV HAUTE PICARDIE,JCBRETNORD,FRTHP,06:52,FRACR
9162,2023-06-10,MASSY TGV,OUI,9884,11:01,NORD,BRUXELLES MIDI BRUSSEL ZUID,JCBRETNORD,BEBMI,08:26,FRDJU
9163,2023-06-10,LAVAL,OUI,9884,11:01,NORD,BRUXELLES MIDI BRUSSEL ZUID,JCBRETNORD,BEBMI,06:52,FRACR
9164,2023-06-10,LYON (intramuros),OUI,6628,18:46,SUD EST,LE CREUSOT MONTCEAU MONTCHANIN,RHONEPARIS,FRXCC,18:04,FRLPD
9165,2023-06-10,LYON (intramuros),OUI,6628,18:46,SUD EST,LE CREUSOT MONTCEAU MONTCHANIN,RHONEPARIS,FRXCC,17:50,FRLPE
9166,2023-06-10,PARIS (intramuros),NON,6049,17:06,SUD EST,VALENCE TGV RHONE-ALPES SUD,PALANG,FRVLA,14:54,FRPLY
9167,2023-06-10,PARIS (intramuros),NON,6049,18:48,SUD EST,AGDE,PALANG,FRXAG,14:54,FRPLY
9168,2023-06-10,VALENCE TGV RHONE-ALPES SUD,NON,6049,19:20,SUD EST,NARBONNE,PALANG,FRXNA,17:09,FRVLA
9169,2023-06-10,SETE,OUI,6049,19:03,SUD EST,BEZIERS,PALANG,FRBZR,18:34,FRXSY
9170,2023-06-10,SETE,OUI,6049,19:56,SUD EST,PERPIGNAN,PALANG,FRPGF,18:34,FRXSY
9171,2023-06-10,NIMES PONT DU GARD,NON,6049,18:08,SUD EST,MONTPELLIER SUD DE FRANCE,PALANG,FRSUF,17:49,FRXZP
9172,2023-06-10,NIMES PONT DU GARD,NON,6049,18:31,SUD EST,SETE,PALANG,FRXSY,17:49,FRXZP
9173,2023-06-10,MARSEILLE ST CHARLES,OUI,6077,19:58,SUD EST,NICE VILLE,PAAZUR,FRNIC,17:28,FRMSC
9174,2023-06-10,PARIS (intramuros),NON,6077,19:26,SUD EST,CANNES,PAAZUR,FRJCA,14:08,FRPLY
9175,2023-06-10,PARIS (intramuros),NON,6077,19:58,SUD EST,NICE VILLE,PAAZUR,FRNIC,14:08,FRPLY
9176,2023-06-10,PARIS (intramuros),NON,6077,18:11,SUD EST,TOULON,PAAZUR,FRTLN,14:08,FRPLY
9177,2023-06-10,ST RAPHAEL VALESCURE,OUI,6077,19:39,SUD EST,ANTIBES,PAAZUR,FRXAT,19:04,FRXSK
9178,2023-06-10,ZUERICH HB,NON,9222,17:38,INTERNATIONAL,PARIS (intramuros),ZURBALPA,FRPLY,13:34,CHAJD
9179,2023-06-10,BASEL SBB,NON,9222,14:53,INTERNATIONAL,MULHOUSE VILLE,ZURBALPA,FRAEK,14:34,CHAJP
9180,2023-06-10,BASEL SBB,NON,9222,17:38,INTERNATIONAL,PARIS (intramuros),ZURBALPA,FRPLY,14:34,CHAJP
9181,2023-06-10,MULHOUSE VILLE,NON,9222,15:58,INTERNATIONAL,DIJON VILLE,ZURBALPA,FRABA,14:56,FRAEK
9182,2023-06-10,PARIS (intramuros),NON,8973,11:13,ATLANTIQUE,ANGERS ST LAUD,PARISLOIRE,FRACL,09:36,FRPMO
9183,2023-06-10,LILLE (intramuros),OUI,5202,07:54,NORD,AEROPORT CDG2 TGV ROISSY,JCNORDAQUI,FRMLW,06:15,FRADJ
9184,2023-06-10,LILLE (intramuros),NON,5202,10:06,NORD,ST PIERRE DES CORPS,JCNORDAQUI,FRXSH,06:15,FRADJ
9185,2023-06-10,MASSY TGV,NON,5202,10:06,NORD,ST PIERRE DES CORPS,JCNORDAQUI,FRXSH,09:09,FRDJU
9186,2023-06-10,MARNE LA VALLEE CHESSY,NON,5202,12:02,NORD,BORDEAUX ST JEAN,JCNORDAQUI,FRBOJ,08:35,FRMLV
9187,2023-06-10,AEROPORT CDG2 TGV ROISSY,NON,5202,12:02,NORD,BORDEAUX ST JEAN,JCNORDAQUI,FRBOJ,08:10,FRMLW
9188,2023-06-10,ARRAS,NON,5202,12:02,NORD,BORDEAUX ST JEAN,JCNORDAQUI,FRBOJ,07:00,FRQRV
9189,2023-06-10,ARRAS,OUI,5202,08:22,NORD,MARNE LA VALLEE CHESSY,JCNORDAQUI,FRMLV,07:00,FRQRV
9190,2023-06-10,ARRAS,OUI,5202,07:54,NORD,AEROPORT CDG2 TGV ROISSY,JCNORDAQUI,FRMLW,07:00,FRQRV
9191,2023-06-10,TGV HAUTE PICARDIE,NON,5202,12:02,NORD,BORDEAUX ST JEAN,JCNORDAQUI,FRBOJ,07:25,FRTHP
9192,2023-06-10,TGV HAUTE PICARDIE,OUI,5202,07:54,NORD,AEROPORT CDG2 TGV ROISSY,JCNORDAQUI,FRMLW,07:25,FRTHP
9193,2023-06-10,TGV HAUTE PICARDIE,NON,5202,10:06,NORD,ST PIERRE DES CORPS,JCNORDAQUI,FRXSH,07:25,FRTHP
9194,2023-06-10,MARNE LA VALLEE CHESSY,OUI,5182,21:57,NORD,LILLE (intramuros),JCSUDNORD,FRLLE,20:51,FRMLV
9195,2023-06-10,MARNE LA VALLEE CHESSY,OUI,5182,21:01,NORD,AEROPORT CDG2 TGV ROISSY,JCSUDNORD,FRMLW,20:51,FRMLV
9196,2023-06-10,MONTPELLIER SUD DE FRANCE,OUI,5182,18:05,NORD,VALENCE TGV RHONE-ALPES SUD,JCSUDNORD,FRVLA,17:05,FRSUF
9197,2023-06-10,DIJON VILLE,NON,2239,19:10,EST,AVIGNON TGV,JCRHINRHON,FRAVG,16:20,FRABA
9198,2023-06-10,DIJON VILLE,NON,2239,17:56,EST,LYON (intramuros),JCRHINRHON,FRLPD,16:20,FRABA
9199,2023-06-10,DIJON VILLE,NON,2239,16:39,EST,BEAUNE,JCRHINRHON,FRXBV,16:20,FRABA
9200,2023-06-10,STRASBOURG,NON,2239,16:04,EST,DIJON VILLE,JCRHINRHON,FRABA,13:37,FRAEG
9201,2023-06-10,STRASBOURG,NON,2239,22:11,EST,ANTIBES,JCRHINRHON,FRXAT,13:37,FRAEG
9202,2023-06-10,STRASBOURG,NON,2239,21:17,EST,LES ARCS DRAGUIGNAN,JCRHINRHON,FRXRS,13:37,FRAEG
9203,2023-06-10,COLMAR,NON,2239,15:02,EST,BELFORT-MONTBELIARD TGV,JCRHINRHON,FRTJA,14:05,FRAEJ
9204,2023-06-10,MULHOUSE VILLE,NON,2239,21:59,EST,CANNES,JCRHINRHON,FRJCA,14:41,FRAEK
9205,2023-06-10,MULHOUSE VILLE,NON,2239,15:02,EST,BELFORT-MONTBELIARD TGV,JCRHINRHON,FRTJA,14:41,FRAEK
9206,2023-06-10,MULHOUSE VILLE,NON,2239,15:29,EST,BESANCON - F COMTE TGV,JCRHINRHON,FRTJB,14:41,FRAEK
9207,2023-06-10,AIX EN PROVENCE TGV,NON,2239,21:59,EST,CANNES,JCRHINRHON,FRJCA,19:33,FRAIE
9208,2023-06-10,AIX EN PROVENCE TGV,NON,2239,22:30,EST,NICE VILLE,JCRHINRHON,FRNIC,19:33,FRAIE
9209,2023-06-10,AIX EN PROVENCE TGV,NON,2239,20:41,EST,TOULON,JCRHINRHON,FRTLN,19:33,FRAIE
9210,2023-06-10,AIX EN PROVENCE TGV,NON,2239,22:11,EST,ANTIBES,JCRHINRHON,FRXAT,19:33,FRAIE
9211,2023-06-10,AVIGNON TGV,NON,2239,19:31,EST,AIX EN PROVENCE TGV,JCRHINRHON,FRAIE,19:12,FRAVG
9212,2023-06-10,LYON (intramuros),NON,2239,22:11,EST,ANTIBES,JCRHINRHON,FRXAT,18:04,FRLPD
9213,2023-06-10,LYON (intramuros),NON,2239,21:34,EST,ST RAPHAEL VALESCURE,JCRHINRHON,FRXSK,18:04,FRLPD
9214,2023-06-10,MARSEILLE ST CHARLES,OUI,2239,21:17,EST,LES ARCS DRAGUIGNAN,JCRHINRHON,FRXRS,19:57,FRMSC
9215,2023-06-10,BELFORT-MONTBELIARD TGV,NON,2239,19:31,EST,AIX EN PROVENCE TGV,JCRHINRHON,FRAIE,15:06,FRTJA
9216,2023-06-10,BELFORT-MONTBELIARD TGV,NON,2239,19:10,EST,AVIGNON TGV,JCRHINRHON,FRAVG,15:06,FRTJA
9217,2023-06-10,BELFORT-MONTBELIARD TGV,NON,2239,17:56,EST,LYON (intramuros),JCRHINRHON,FRLPD,15:06,FRTJA
9218,2023-06-10,BESANCON - F COMTE TGV,NON,2239,17:56,EST,LYON (intramuros),JCRHINRHON,FRLPD,15:36,FRTJB
9219,2023-06-10,BESANCON - F COMTE TGV,NON,2239,19:45,EST,MARSEILLE ST CHARLES,JCRHINRHON,FRMSC,15:36,FRTJB
9220,2023-06-10,BEAUNE,NON,2239,19:31,EST,AIX EN PROVENCE TGV,JCRHINRHON,FRAIE,16:42,FRXBV
9221,2023-06-10,BEAUNE,NON,2239,22:30,EST,NICE VILLE,JCRHINRHON,FRNIC,16:42,FRXBV
9222,2023-06-10,LES ARCS DRAGUIGNAN,OUI,2239,22:30,EST,NICE VILLE,JCRHINRHON,FRNIC,21:20,FRXRS
9223,2023-06-10,LES ARCS DRAGUIGNAN,OUI,2239,21:34,EST,ST RAPHAEL VALESCURE,JCRHINRHON,FRXSK,21:20,FRXRS
9224,2023-06-10,BELFORT-MONTBELIARD TGV,NON,2239,21:34,EST,ST RAPHAEL VALESCURE,JCRHINRHON,FRXSK,15:06,FRTJA
9225,2023-06-10,BESANCON - F COMTE TGV,NON,2239,22:11,EST,ANTIBES,JCRHINRHON,FRXAT,15:36,FRTJB
9226,2023-06-10,STRASBOURG,NON,2239,16:39,EST,BEAUNE,JCRHINRHON,FRXBV,13:37,FRAEG
9227,2023-06-10,BELFORT-MONTBELIARD TGV,NON,2239,16:39,EST,BEAUNE,JCRHINRHON,FRXBV,15:06,FRTJA
9228,2023-06-10,PARIS (intramuros),NON,2223,19:04,EST,METZ VILLE,PAMETZLUX,FRADE,17:40,FRPST
9229,2023-06-10,PARIS (intramuros),NON,6911,12:01,SUD EST,LYON-SAINT EXUPERY TGV,PAGRENOBLE,FRJDQ,10:12,FRPLY
9230,2023-06-10,CHAMPAGNE-ARDENNE,OUI,2886,21:13,EST,PARIS (intramuros),LUXMETZPA,FRPST,20:32,FREAH
9231,2023-06-10,LE MANS,OUI,8922,17:25,ATLANTIQUE,PARIS (intramuros),LOIREPARIS,FRPMO,16:26,FRAET
9232,2023-06-10,LE CROISIC,OUI,8922,13:58,ATLANTIQUE,LA BAULE ESCOUBLAC,LOIREPARIS,FRJEE,13:50,FREGU
9233,2023-06-10,LE CROISIC,OUI,8922,17:25,ATLANTIQUE,PARIS (intramuros),LOIREPARIS,FRPMO,13:50,FREGU
9234,2023-06-10,LA BAULE ESCOUBLAC,OUI,8922,16:23,ATLANTIQUE,LE MANS,LOIREPARIS,FRAET,14:02,FRJEE
9235,2023-06-10,LA BAULE ESCOUBLAC,OUI,8922,14:55,ATLANTIQUE,NANTES,LOIREPARIS,FRNTE,14:02,FRJEE
9236,2023-06-10,LA BAULE ESCOUBLAC,OUI,8922,17:25,ATLANTIQUE,PARIS (intramuros),LOIREPARIS,FRPMO,14:02,FRJEE
9237,2023-06-10,LA BAULE ESCOUBLAC,OUI,8922,14:16,ATLANTIQUE,ST NAZAIRE,LOIREPARIS,FRSNR,14:02,FRJEE
9238,2023-06-10,NANTES,OUI,8922,15:41,ATLANTIQUE,ANGERS ST LAUD,LOIREPARIS,FRACL,15:05,FRNTE
9239,2023-06-10,PARIS (intramuros),NON,9715,18:31,SUD EST,SETE,PABARCELONE,FRXSY,14:54,FRPLY
9240,2023-06-10,VALENCE TGV RHONE-ALPES SUD,NON,9715,18:48,SUD EST,AGDE,PABARCELONE,FRXAG,17:09,FRVLA
9241,2023-06-10,VALENCE TGV RHONE-ALPES SUD,NON,9715,19:20,SUD EST,NARBONNE,PABARCELONE,FRXNA,17:09,FRVLA
9242,2023-06-10,NARBONNE,NON,9715,19:56,SUD EST,PERPIGNAN,PABARCELONE,FRPGF,19:23,FRXNA
9243,2023-06-10,MONTPELLIER SUD DE FRANCE,NON,9715,18:31,SUD EST,SETE,PABARCELONE,FRXSY,18:17,FRSUF
9244,2023-06-10,MONTPELLIER SUD DE FRANCE,NON,9715,19:03,SUD EST,BEZIERS,PABARCELONE,FRBZR,18:17,FRSUF
9245,2023-06-10,NIMES PONT DU GARD,NON,9715,19:03,SUD EST,BEZIERS,PABARCELONE,FRBZR,17:49,FRXZP
9246,2023-06-10,NIMES PONT DU GARD,NON,9715,18:48,SUD EST,AGDE,PABARCELONE,FRXAG,17:49,FRXZP
9247,2023-06-10,PARIS (intramuros),NON,9715,20:27,SUD EST,FIGUERES VILA TGV,PABARCELONE,ESFIR,14:54,FRPLY
9248,2023-06-10,AGDE,NON,9715,20:44,SUD EST,GIRONA,PABARCELONE,ESGRO,18:51,FRXAG
9249,2023-06-10,AGDE,NON,9715,21:25,SUD EST,BARCELONA SANTS,PABARCELONE,ESBST,18:51,FRXAG
9250,2023-06-10,NARBONNE,NON,9715,20:27,SUD EST,FIGUERES VILA TGV,PABARCELONE,ESFIR,19:23,FRXNA
9251,2023-06-10,SETE,NON,9715,20:27,SUD EST,FIGUERES VILA TGV,PABARCELONE,ESFIR,18:34,FRXSY
9252,2023-06-10,BIARRITZ,OUI,8553,00:29,ATLANTIQUE,ST JEAN DE LUZ CIBOURE,PASUDOUEST,FRXJZ,00:15,FRBIQ
9253,2023-06-10,BAYONNE,OUI,8553,00:12,ATLANTIQUE,BIARRITZ,PASUDOUEST,FRBIQ,00:04,FRXBY
9254,2023-06-10,ST JEAN DE LUZ CIBOURE,OUI,8553,00:44,ATLANTIQUE,HENDAYE,PASUDOUEST,FRAEF,00:31,FRXJZ
9255,2023-06-10,NANTES,NON,5300,09:30,SUD EST,LYON (intramuros),JCATLSUD,FRLPD,04:50,FRNTE
9256,2023-06-10,NANTES,NON,5300,10:17,SUD EST,VALENCE TGV RHONE-ALPES SUD,JCATLSUD,FRVLA,04:50,FRNTE
9257,2023-06-10,AIX LES BAINS LE REVARD,NON,6953,00:25,SUD EST,ANNECY,PARISALPES,FRNCY,00:00,FRXAI
9258,2023-06-10,LIMOGES BENEDICTINS,OUI,3604,06:20,IC ARO,ISSOUDUN,TOULOUZECO,FRFMN,04:57,FRAGQ
9259,2023-06-10,LIMOGES BENEDICTINS,OUI,3604,05:28,IC ARO,LA SOUTERRAINE,TOULOUZECO,FRLST,04:57,FRAGQ
9260,2023-06-10,CANNES,OUI,6187,00:41,SUD EST,ANTIBES,PAAZUR,FRXAT,00:33,FRJCA
9261,2023-06-10,ANTIBES,OUI,6187,01:00,SUD EST,NICE VILLE,PAAZUR,FRNIC,00:44,FRXAT
9262,2023-06-10,ASSIER,NON,3758,09:24,IC NUIT,PARIS (intramuros),OCCITANPAR,FRPAZ,00:13,FRFSD
9263,2023-06-10,GRENOBLE,OUI,6924,21:46,SUD EST,PARIS (intramuros),GRENOBLEPA,FRPLY,18:46,FRGNB
9264,2023-06-10,PARIS (intramuros),NON,9561,10:18,INTERNATIONAL,MANNHEIM HBF,PAFRANC,DEMHG,07:20,FRPST
9265,2023-06-10,MANNHEIM HBF,NON,9586,09:00,INTERNATIONAL,SARREBRUCK/SAARBRUECKEN,FRANCPA,DESBK,07:40,DEMHG
9266,2023-06-10,MANNHEIM HBF,NON,9586,09:12,INTERNATIONAL,FORBACH,FRANCPA,FRBQT,07:40,DEMHG
9267,2023-06-10,SARREBRUCK/SAARBRUECKEN,NON,9586,10:53,INTERNATIONAL,PARIS (intramuros),FRANCPA,FRPST,09:01,DESBK
9268,2023-06-10,AUGSBURG HBF,NON,9579,23:26,INTERNATIONAL,MUENCHEN HBF,PASTUTMUN,DEBEG,22:58,DEAGB
9269,2023-06-10,STUTTGART HBF,NON,9579,22:09,INTERNATIONAL,ULM HBF,PASTUTMUN,DEQUL,21:25,DESGT
9270,2023-06-10,STRASBOURG,NON,9579,23:26,INTERNATIONAL,MUENCHEN HBF,PASTUTMUN,DEBEG,19:46,FRAEG
9271,2023-06-10,STRASBOURG,NON,9579,22:09,INTERNATIONAL,ULM HBF,PASTUTMUN,DEQUL,19:46,FRAEG
9272,2023-06-10,PARIS (intramuros),NON,9579,23:26,INTERNATIONAL,MUENCHEN HBF,PASTUTMUN,DEBEG,17:55,FRPST
9273,2023-06-10,CANNES,OUI,6175,15:57,SUD EST,NICE VILLE,PAAZUR,FRNIC,15:30,FRJCA
9274,2023-06-10,MARSEILLE ST CHARLES,NON,6175,15:57,SUD EST,NICE VILLE,PAAZUR,FRNIC,13:28,FRMSC
9275,2023-06-10,PARIS (intramuros),NON,6175,15:25,SUD EST,CANNES,PAAZUR,FRJCA,10:08,FRPLY
9276,2023-06-10,PARIS (intramuros),NON,6175,15:57,SUD EST,NICE VILLE,PAAZUR,FRNIC,10:08,FRPLY
9277,2023-06-10,TOULON,NON,6175,14:48,SUD EST,LES ARCS DRAGUIGNAN,PAAZUR,FRXRS,14:15,FRTLN
9278,2023-06-10,PARIS (intramuros),NON,6177,19:26,SUD EST,CANNES,PAAZUR,FRJCA,14:08,FRPLY
9279,2023-06-10,PARIS (intramuros),NON,6177,18:11,SUD EST,TOULON,PAAZUR,FRTLN,14:08,FRPLY
9280,2023-06-10,TOULON,OUI,6177,19:58,SUD EST,NICE VILLE,PAAZUR,FRNIC,18:15,FRTLN
9281,2023-06-10,ANTIBES,OUI,6177,19:58,SUD EST,NICE VILLE,PAAZUR,FRNIC,19:42,FRXAT
9282,2023-06-10,ST RAPHAEL VALESCURE,OUI,6177,19:58,SUD EST,NICE VILLE,PAAZUR,FRNIC,19:04,FRXSK
9283,2023-06-10,ANGERS ST LAUD,OUI,5300,06:24,SUD EST,ST PIERRE DES CORPS,JCATLSUD,FRXSH,05:30,FRACL
9284,2023-06-10,MASSY TGV,NON,5300,11:21,SUD EST,MONTPELLIER SUD DE FRANCE,JCATLSUD,FRSUF,07:26,FRDJU
9285,2023-06-10,ST PIERRE DES CORPS,NON,5300,11:21,SUD EST,MONTPELLIER SUD DE FRANCE,JCATLSUD,FRSUF,06:28,FRXSH
9286,2023-06-10,VALENCE TGV RHONE-ALPES SUD,OUI,5300,10:58,SUD EST,NIMES PONT DU GARD,JCATLSUD,FRXZP,10:22,FRVLA
9287,2023-06-10,ANGERS ST LAUD,NON,5300,10:58,SUD EST,NIMES PONT DU GARD,JCATLSUD,FRXZP,05:30,FRACL
9288,2023-06-10,AIX LES BAINS LE REVARD,NON,6964,10:09,SUD EST,CHAMBERY CHALLES LES EAUX,ALPESPARIS,FRCMF,10:00,FRXAI
9289,2023-06-10,AIX LES BAINS LE REVARD,NON,6964,11:40,SUD EST,MACON LOCHE TGV,ALPESPARIS,FRMLT,10:00,FRXAI
9290,2023-06-10,LE MANS,OUI,5338,21:30,SUD EST,LYON (intramuros),JCATLSUD,FRLPD,18:30,FRAET
9291,2023-06-10,MASSY TGV,OUI,5338,21:30,SUD EST,LYON (intramuros),JCATLSUD,FRLPD,19:26,FRDJU
9292,2023-06-10,MASSY TGV,OUI,5338,21:47,SUD EST,LYON (intramuros),JCATLSUD,FRLPE,19:26,FRDJU
9293,2023-06-10,SAVERDUN,NON,3972,07:18,IC NUIT,PARIS (intramuros),PALOMBEPAR,FRPAZ,21:02,FRFPU
9294,2023-06-10,MERENS LES VALS,NON,3972,07:18,IC NUIT,PARIS (intramuros),PALOMBEPAR,FRPAZ,19:26,FRFQH
9295,2023-06-10,LES CABANNES,NON,3972,07:18,IC NUIT,PARIS (intramuros),PALOMBEPAR,FRPAZ,20:03,FRFQK
9296,2023-06-10,PORTE PUYMORENS,NON,3972,19:53,IC NUIT,LUZENAC GARANOU,PALOMBEPAR,FRFQI,18:58,FRFQF
9297,2023-06-10,LUZENAC GARANOU,NON,3972,20:46,IC NUIT,PAMIERS,PALOMBEPAR,FRPMS,19:55,FRFQI
9298,2023-06-10,BORDEAUX ST JEAN,NON,8531,11:32,ATLANTIQUE,ST JEAN DE LUZ CIBOURE,PASUDOUEST,FRXJZ,09:21,FRBOJ
9299,2023-06-10,PARIS (intramuros),NON,8531,11:15,ATLANTIQUE,BIARRITZ,PASUDOUEST,FRBIQ,07:08,FRPMO
9300,2023-06-10,PARIS (intramuros),NON,8531,09:15,ATLANTIQUE,BORDEAUX ST JEAN,PASUDOUEST,FRBOJ,07:08,FRPMO
9301,2023-06-10,PARIS (intramuros),NON,8531,11:32,ATLANTIQUE,ST JEAN DE LUZ CIBOURE,PASUDOUEST,FRXJZ,07:08,FRPMO
9302,2023-06-10,BAYONNE,OUI,8531,11:47,ATLANTIQUE,HENDAYE,PASUDOUEST,FRAEF,11:05,FRXBY
9303,2023-06-10,CLERMONT FERRAND,OUI,5958,09:57,IC ARO,PARIS (intramuros),CLERMONTPA,FRPLY,06:31,FRCFE
9304,2023-06-10,CLERMONT FERRAND,OUI,5958,07:04,IC ARO,VICHY,CLERMONTPA,FRVHY,06:31,FRCFE
9305,2023-06-10,RIOM CHATEL GUYON,OUI,5958,07:58,IC ARO,NEVERS,CLERMONTPA,FRNVS,06:42,FRRIO
9306,2023-06-10,ST PIERRE DES CORPS,OUI,8314,12:43,ATLANTIQUE,VENDOME VILLIERS SUR LOIR,ROCHELLEPA,FRESL,12:25,FRXSH
9307,2023-06-10,LES AUBRAIS ORLEANS,OUI,3741,07:09,IC NUIT,TARBES,PARPALOMBE,FRXTB,22:49,FRLAB
9308,2023-06-10,PARIS (intramuros),OUI,3741,07:26,IC NUIT,LOURDES,PARPALOMBE,FRLDE,21:41,FRPAZ
9309,2023-06-10,LES AUBRAIS ORLEANS,OUI,3741,06:16,IC NUIT,ST GAUDENS,PARPALOMBE,FRFPH,22:49,FRLAB
9310,2023-06-10,PARIS (intramuros),OUI,5771,08:30,IC NUIT,CANNES,PARAZUR,FRJCA,20:48,FRPAZ
9311,2023-06-10,PARIS (intramuros),OUI,5771,09:08,IC NUIT,NICE VILLE,PARAZUR,FRNIC,20:48,FRPAZ
9312,2023-06-10,PARIS (intramuros),OUI,5771,07:48,IC NUIT,LES ARCS DRAGUIGNAN,PARAZUR,FRXRS,20:48,FRPAZ
9313,2023-06-10,PARIS (intramuros),OUI,5771,08:06,IC NUIT,ST RAPHAEL VALESCURE,PARAZUR,FRXSK,20:48,FRPAZ
9314,2023-06-10,KARLSRUHE HBF,NON,9563,18:18,INTERNATIONAL,MANNHEIM HBF,PAFRANC,DEMHG,17:55,DEQKA
9315,2023-06-10,STRASBOURG,NON,9563,18:18,INTERNATIONAL,MANNHEIM HBF,PAFRANC,DEMHG,17:13,FRAEG
9316,2023-06-10,PARIS (intramuros),NON,9563,18:18,INTERNATIONAL,MANNHEIM HBF,PAFRANC,DEMHG,15:21,FRPST
9317,2023-06-10,PARIS (intramuros),NON,9563,17:07,INTERNATIONAL,STRASBOURG,PAFRANC,FRAEG,15:21,FRPST
9318,2023-06-10,PARIS (intramuros),NON,2719,11:14,EST,REIMS,PABARSED,FRRHE,10:28,FRPST
9319,2023-06-10,MODANE,NON,9244,16:15,INTERNATIONAL,CHAMBERY CHALLES LES EAUX,ITALIEPA,FRCMF,15:12,FRAGR
9320,2023-06-10,MODANE,NON,9244,17:38,INTERNATIONAL,MACON LOCHE TGV,ITALIEPA,FRMLT,15:12,FRAGR
9321,2023-06-10,MODANE,NON,9244,19:14,INTERNATIONAL,PARIS (intramuros),ITALIEPA,FRPLY,15:12,FRAGR
9322,2023-06-10,TORINO PORTA SUSA,NON,9244,15:03,INTERNATIONAL,MODANE,ITALIEPA,FRAGR,13:38,ITTRS
9323,2023-06-10,PARIS (intramuros),NON,2747,18:14,EST,REIMS,PABARSED,FRRHE,17:28,FRPST
9324,2023-06-10,POITIERS,OUI,8342,17:43,ATLANTIQUE,VENDOME VILLIERS SUR LOIR,ROCHELLEPA,FRESL,16:19,FRPIS
9325,2023-06-10,POITIERS,OUI,8342,16:41,ATLANTIQUE,CHATELLERAULT,ROCHELLEPA,FRXCX,16:19,FRPIS
9326,2023-06-10,FUTUROSCOPE,OUI,8342,16:41,ATLANTIQUE,CHATELLERAULT,ROCHELLEPA,FRXCX,16:30,FRTGO
9327,2023-06-10,MARNE LA VALLEE CHESSY,NON,5192,17:21,NORD,AEROPORT CDG2 TGV ROISSY,JCSUDNORD,FRMLW,17:12,FRMLV
9328,2023-06-10,MARNE LA VALLEE CHESSY,NON,5192,18:38,NORD,DOUAI,JCSUDNORD,FRXDN,17:12,FRMLV
9329,2023-06-10,AEROPORT CDG2 TGV ROISSY,OUI,5192,19:00,NORD,LILLE (intramuros),JCSUDNORD,FRADJ,17:29,FRMLW
9330,2023-06-10,DIJON VILLE,NON,9877,13:00,EST,LYON (intramuros),JCRHINRHON,FRLPD,11:21,FRABA
9331,2023-06-10,DIJON VILLE,NON,9877,15:06,EST,MARSEILLE ST CHARLES,JCRHINRHON,FRMSC,11:21,FRABA
9332,2023-06-10,METZ VILLE,NON,9877,12:19,EST,MACON VILLE,JCRHINRHON,FRHGU,08:08,FRADE
9333,2023-06-10,METZ VILLE,NON,9877,15:06,EST,MARSEILLE ST CHARLES,JCRHINRHON,FRMSC,08:08,FRADE
9334,2023-06-10,STRASBOURG,NON,9877,15:06,EST,MARSEILLE ST CHARLES,JCRHINRHON,FRMSC,09:03,FRAEG
9335,2023-06-10,MULHOUSE VILLE,NON,9877,13:00,EST,LYON (intramuros),JCRHINRHON,FRLPD,09:57,FRAEK
9336,2023-06-10,MULHOUSE VILLE,NON,9877,15:06,EST,MARSEILLE ST CHARLES,JCRHINRHON,FRMSC,09:57,FRAEK
9337,2023-06-10,MULHOUSE VILLE,NON,9877,10:41,EST,BESANCON - F COMTE TGV,JCRHINRHON,FRTJB,09:57,FRAEK
9338,2023-06-10,MACON VILLE,NON,9877,14:25,EST,AVIGNON TGV,JCRHINRHON,FRAVG,12:22,FRHGU
9339,2023-06-10,MACON VILLE,NON,9877,13:00,EST,LYON (intramuros),JCRHINRHON,FRLPD,12:22,FRHGU
9340,2023-06-10,LYON (intramuros),NON,9877,14:25,EST,AVIGNON TGV,JCRHINRHON,FRAVG,13:06,FRLPD
9341,2023-06-10,LYON (intramuros),NON,9877,15:06,EST,MARSEILLE ST CHARLES,JCRHINRHON,FRMSC,13:06,FRLPD
9342,2023-06-10,BELFORT-MONTBELIARD TGV,NON,9877,12:19,EST,MACON VILLE,JCRHINRHON,FRHGU,10:21,FRTJA
9343,2023-06-10,BESANCON - F COMTE TGV,NON,9877,11:11,EST,DIJON VILLE,JCRHINRHON,FRABA,10:44,FRTJB
9344,2023-06-10,BESANCON - F COMTE TGV,NON,9877,13:46,EST,VALENCE TGV RHONE-ALPES SUD,JCRHINRHON,FRVLA,10:44,FRTJB
9345,2023-06-10,PARIS (intramuros),NON,2421,14:38,EST,STRASBOURG,PASTRAMULH,FRAEG,12:52,FRPST
9346,2023-06-10,BRUXELLES MIDI BRUSSEL ZUID,NON,9836,22:55,NORD,BEZIERS,JCNORDSUD,FRBZR,16:17,BEBMI
9347,2023-06-10,BRUXELLES MIDI BRUSSEL ZUID,NON,9836,20:00,NORD,LYON (intramuros),JCNORDSUD,FRLPD,16:17,BEBMI
9348,2023-06-10,BRUXELLES MIDI BRUSSEL ZUID,NON,9836,20:49,NORD,VALENCE TGV RHONE-ALPES SUD,JCNORDSUD,FRVLA,16:17,BEBMI
9349,2023-06-10,BRUXELLES MIDI BRUSSEL ZUID,NON,9836,22:41,NORD,AGDE,JCNORDSUD,FRXAG,16:17,BEBMI
9350,2023-06-10,BRUXELLES MIDI BRUSSEL ZUID,NON,9836,23:10,NORD,NARBONNE,JCNORDSUD,FRXNA,16:17,BEBMI
9351,2023-06-10,BEZIERS,OUI,9836,23:10,NORD,NARBONNE,JCNORDSUD,FRXNA,22:58,FRBZR
9352,2023-06-10,NIMES,OUI,9836,22:41,NORD,AGDE,JCNORDSUD,FRXAG,21:42,FRFNI
9353,2023-06-10,LILLE (intramuros),OUI,9836,17:53,NORD,AEROPORT CDG2 TGV ROISSY,JCNORDSUD,FRMLW,17:03,FRLLE
9354,2023-06-10,LILLE (intramuros),NON,9836,22:41,NORD,AGDE,JCNORDSUD,FRXAG,17:03,FRLLE
9355,2023-06-10,LILLE (intramuros),NON,9836,23:10,NORD,NARBONNE,JCNORDSUD,FRXNA,17:03,FRLLE
9356,2023-06-10,LYON (intramuros),NON,9836,21:39,NORD,NIMES,JCNORDSUD,FRFNI,20:10,FRLPD
9357,2023-06-10,AEROPORT CDG2 TGV ROISSY,NON,9836,20:00,NORD,LYON (intramuros),JCNORDSUD,FRLPD,17:59,FRMLW
9358,2023-06-10,AEROPORT CDG2 TGV ROISSY,NON,9836,18:08,NORD,MARNE LA VALLEE CHESSY,JCNORDSUD,FRMLV,17:59,FRMLW
9359,2023-06-10,AEROPORT CDG2 TGV ROISSY,NON,9836,22:26,NORD,SETE,JCNORDSUD,FRXSY,17:59,FRMLW
9360,2023-06-10,MONTPELLIER SAINT-ROCH,OUI,9836,23:46,NORD,PERPIGNAN,JCNORDSUD,FRPGF,22:12,FRMPL
9361,2023-06-10,MONTPELLIER SAINT-ROCH,OUI,9836,22:41,NORD,AGDE,JCNORDSUD,FRXAG,22:12,FRMPL
9362,2023-06-10,AIX EN PROVENCE TGV,NON,9854,12:11,NORD,BRUXELLES MIDI BRUSSEL ZUID,JCSUDNORD,BEBMI,06:47,FRAIE
9363,2023-06-10,AVIGNON TGV,NON,9854,11:27,NORD,LILLE (intramuros),JCSUDNORD,FRLLE,07:12,FRAVG
9364,2023-06-10,LYON (intramuros),NON,9854,11:27,NORD,LILLE (intramuros),JCSUDNORD,FRLLE,08:34,FRLPD
9365,2023-06-10,MARSEILLE ST CHARLES,NON,9854,11:27,NORD,LILLE (intramuros),JCSUDNORD,FRLLE,06:33,FRMSC
9366,2023-06-10,MARSEILLE ST CHARLES,NON,9854,10:32,NORD,AEROPORT CDG2 TGV ROISSY,JCSUDNORD,FRMLW,06:33,FRMSC
9367,2023-06-10,LE CROISIC,OUI,8916,11:06,ATLANTIQUE,PORNICHET,LOIREPARIS,FREGR,10:47,FREGU
9368,2023-06-10,LA BAULE ESCOUBLAC,OUI,8916,11:19,ATLANTIQUE,ST NAZAIRE,LOIREPARIS,FRSNR,11:01,FRJEE
9369,2023-06-10,ST NAZAIRE,OUI,8916,11:59,ATLANTIQUE,NANTES,LOIREPARIS,FRNTE,11:24,FRSNR
9370,2023-06-10,ST NAZAIRE,OUI,8916,14:09,ATLANTIQUE,PARIS (intramuros),LOIREPARIS,FRPMO,11:24,FRSNR
9371,2023-06-10,CLERMONT FERRAND,OUI,5978,19:57,IC ARO,PARIS (intramuros),CLERMONTPA,FRPLY,16:31,FRCFE
9372,2023-06-10,CLERMONT FERRAND,OUI,5978,17:29,IC ARO,MOULINS SUR ALLIER,CLERMONTPA,FRXMU,16:31,FRCFE
9373,2023-06-10,NEVERS,OUI,5978,19:57,IC ARO,PARIS (intramuros),CLERMONTPA,FRPLY,18:00,FRNVS
9374,2023-06-10,MOULINS SUR ALLIER,OUI,5978,17:58,IC ARO,NEVERS,CLERMONTPA,FRNVS,17:31,FRXMU
9375,2023-06-10,DIJON VILLE,NON,5537,17:56,EST,LYON (intramuros),JCRHINRHON,FRLPD,16:20,FRABA
9376,2023-06-10,DIJON VILLE,NON,5537,21:34,EST,ST RAPHAEL VALESCURE,JCRHINRHON,FRXSK,16:20,FRABA
9377,2023-06-10,STRASBOURG,NON,5537,14:30,EST,MULHOUSE VILLE,JCRHINRHON,FRAEK,13:37,FRAEG
9378,2023-06-10,STRASBOURG,NON,5537,19:31,EST,AIX EN PROVENCE TGV,JCRHINRHON,FRAIE,13:37,FRAEG
9379,2023-06-10,COLMAR,NON,5537,19:10,EST,AVIGNON TGV,JCRHINRHON,FRAVG,14:05,FRAEJ
9380,2023-06-10,COLMAR,NON,5537,15:29,EST,BESANCON - F COMTE TGV,JCRHINRHON,FRTJB,14:05,FRAEJ
9381,2023-06-10,COLMAR,NON,5537,21:17,EST,LES ARCS DRAGUIGNAN,JCRHINRHON,FRXRS,14:05,FRAEJ
9382,2023-06-10,MULHOUSE VILLE,NON,5537,19:10,EST,AVIGNON TGV,JCRHINRHON,FRAVG,14:41,FRAEK
9383,2023-06-10,AIX EN PROVENCE TGV,NON,5537,22:11,EST,ANTIBES,JCRHINRHON,FRXAT,19:33,FRAIE
9384,2023-06-10,AVIGNON TGV,NON,5537,22:11,EST,ANTIBES,JCRHINRHON,FRXAT,19:12,FRAVG
9385,2023-06-10,NANCY,OUI,5537,13:29,EST,STRASBOURG,JCRHINRHON,FRAEG,12:26,FRENC
9386,2023-06-10,NANCY,NON,5537,19:45,EST,MARSEILLE ST CHARLES,JCRHINRHON,FRMSC,12:26,FRENC
9387,2023-06-10,NANCY,NON,5537,21:34,EST,ST RAPHAEL VALESCURE,JCRHINRHON,FRXSK,12:26,FRENC
9388,2023-06-10,LYON (intramuros),NON,5537,21:59,EST,CANNES,JCRHINRHON,FRJCA,18:04,FRLPD
9389,2023-06-10,LYON (intramuros),NON,5537,19:45,EST,MARSEILLE ST CHARLES,JCRHINRHON,FRMSC,18:04,FRLPD
9390,2023-06-10,LYON (intramuros),NON,5537,21:17,EST,LES ARCS DRAGUIGNAN,JCRHINRHON,FRXRS,18:04,FRLPD
9391,2023-06-10,BESANCON - F COMTE TGV,NON,5537,17:56,EST,LYON (intramuros),JCRHINRHON,FRLPD,15:36,FRTJB
9392,2023-06-10,BEAUNE,NON,5537,19:10,EST,AVIGNON TGV,JCRHINRHON,FRAVG,16:42,FRXBV
9393,2023-06-10,BEAUNE,NON,5537,22:30,EST,NICE VILLE,JCRHINRHON,FRNIC,16:42,FRXBV
9394,2023-06-10,BEAUNE,NON,5537,21:34,EST,ST RAPHAEL VALESCURE,JCRHINRHON,FRXSK,16:42,FRXBV
9395,2023-06-10,LES ARCS DRAGUIGNAN,OUI,5537,21:59,EST,CANNES,JCRHINRHON,FRJCA,21:20,FRXRS
9396,2023-06-10,ST RAPHAEL VALESCURE,OUI,5537,21:59,EST,CANNES,JCRHINRHON,FRJCA,21:37,FRXSK
9397,2023-06-10,ST RAPHAEL VALESCURE,OUI,5537,22:30,EST,NICE VILLE,JCRHINRHON,FRNIC,21:37,FRXSK
9398,2023-06-10,NANCY,NON,5537,16:39,EST,BEAUNE,JCRHINRHON,FRXBV,12:26,FRENC
9399,2023-06-10,BELFORT-MONTBELIARD TGV,NON,5537,21:59,EST,CANNES,JCRHINRHON,FRJCA,15:06,FRTJA
9400,2023-06-10,BELFORT-MONTBELIARD TGV,NON,5537,22:30,EST,NICE VILLE,JCRHINRHON,FRNIC,15:06,FRTJA
9401,2023-06-10,BEZIERS,NON,4758,17:13,IC ARO,BORDEAUX ST JEAN,TJOURSESO,FRBOJ,12:57,FRBZR
9402,2023-06-10,BEZIERS,NON,4758,14:32,IC ARO,TOULOUSE MATABIAU,TJOURSESO,FRXYT,12:57,FRBZR
9403,2023-06-10,NIMES,NON,4758,17:13,IC ARO,BORDEAUX ST JEAN,TJOURSESO,FRBOJ,11:45,FRFNI
9404,2023-06-10,MONTPELLIER SAINT-ROCH,NON,4758,13:43,IC ARO,CARCASSONNE,TJOURSESO,FRCCF,12:16,FRMPL
9405,2023-06-10,MARSEILLE ST CHARLES,NON,4758,15:14,IC ARO,MONTAUBAN VILLE BOURBON,TJOURSESO,FRXMW,09:53,FRMSC
9406,2023-06-10,LE MANS,OUI,5380,10:30,SUD EST,RENNES,JCSUDATL,FRRNS,09:33,FRAET
9407,2023-06-10,POITIERS,OUI,8371,09:21,ATLANTIQUE,SURGERES,PAROCHELLE,FREIP,08:14,FRPIS
9408,2023-06-10,PARIS (intramuros),NON,8371,09:21,ATLANTIQUE,SURGERES,PAROCHELLE,FREIP,06:49,FRPMO
9409,2023-06-10,PARIS (intramuros),NON,8371,08:10,ATLANTIQUE,POITIERS,PAROCHELLE,FRPIS,06:49,FRPMO
9410,2023-06-10,PARIS (intramuros),NON,6705,13:46,SUD EST,BELFORT-MONTBELIARD TGV,PABOUR,FRTJA,11:16,FRPLY
9411,2023-06-10,BESANCON - F COMTE TGV,NON,6705,14:12,SUD EST,MULHOUSE VILLE,PABOUR,FRAEK,13:25,FRTJB
9412,2023-06-10,DIJON VILLE,NON,5521,12:24,EST,NIMES,JCRHINRHON,FRFNI,09:21,FRABA
9413,2023-06-10,METZ VILLE,NON,5521,09:54,EST,CHALON SUR SAONE,JCRHINRHON,FRXCD,05:46,FRADE
9414,2023-06-10,STRASBOURG,OUI,5521,07:48,EST,MULHOUSE VILLE,JCRHINRHON,FRAEK,06:47,FRAEG
9415,2023-06-10,STRASBOURG,OUI,5521,08:38,EST,BESANCON - F COMTE TGV,JCRHINRHON,FRTJB,06:47,FRAEG
9416,2023-06-10,NIMES,NON,5521,12:55,EST,MONTPELLIER SAINT-ROCH,JCRHINRHON,FRMPL,12:27,FRFNI
9417,2023-06-10,ANGERS ST LAUD,OUI,5288,18:23,NORD,MARNE LA VALLEE CHESSY,JCBRETNORD,FRMLV,16:02,FRACL
9418,2023-06-10,LE MANS,OUI,5288,17:48,NORD,MASSY TGV,JCBRETNORD,FRDJU,16:57,FRAET
9419,2023-06-10,BEZIERS,NON,4663,19:21,IC ARO,NIMES,TJOURSOSE,FRFNI,18:16,FRBZR
9420,2023-06-10,BEZIERS,NON,4663,18:52,IC ARO,MONTPELLIER SAINT-ROCH,TJOURSOSE,FRMPL,18:16,FRBZR
9421,2023-06-10,MONTPELLIER SAINT-ROCH,OUI,4663,19:21,IC ARO,NIMES,TJOURSOSE,FRFNI,18:56,FRMPL
9422,2023-06-10,MONTAUBAN VILLE BOURBON,NON,4663,21:06,IC ARO,MARSEILLE ST CHARLES,TJOURSOSE,FRMSC,16:07,FRXMW
9423,2023-06-10,TOULOUSE MATABIAU,NON,4663,18:52,IC ARO,MONTPELLIER SAINT-ROCH,TJOURSOSE,FRMPL,16:44,FRXYT
9424,2023-06-10,RETHEL,OUI,2751,20:35,EST,SEDAN,PABARSED,FRXSW,19:43,FRBDT
9425,2023-06-10,PARIS (intramuros),OUI,2751,19:40,EST,RETHEL,PABARSED,FRBDT,18:28,FRPST
9426,2023-06-10,REIMS,OUI,2751,20:35,EST,SEDAN,PABARSED,FRXSW,19:20,FRRHE
9427,2023-06-10,NICE VILLE,OUI,6180,18:44,SUD EST,TOULON,AZURPA,FRTLN,16:57,FRNIC
9428,2023-06-10,TOULON,OUI,6180,22:38,SUD EST,PARIS (intramuros),AZURPA,FRPLY,18:48,FRTLN
9429,2023-06-10,LES ARCS DRAGUIGNAN,OUI,6180,22:38,SUD EST,PARIS (intramuros),AZURPA,FRPLY,18:10,FRXRS
9430,2023-06-10,QUIMPERLE,OUI,8702,06:20,ATLANTIQUE,VANNES,BRETAPARIS,FRVNE,05:38,FRECO
9431,2023-06-10,LORIENT,OUI,8702,06:48,ATLANTIQUE,REDON,BRETAPARIS,FRXRN,05:52,FRLRT
9432,2023-06-10,ROSPORDEN,OUI,8702,05:36,ATLANTIQUE,QUIMPERLE,BRETAPARIS,FRECO,05:23,FRRSP
9433,2023-06-10,QUIMPER,OUI,8702,07:25,ATLANTIQUE,RENNES,BRETAPARIS,FRRNS,05:09,FRUIP
9434,2023-06-10,REDON,OUI,8702,07:25,ATLANTIQUE,RENNES,BRETAPARIS,FRRNS,06:51,FRXRN
9435,2023-06-10,BEZIERS,OUI,6873,18:23,SUD EST,NIMES,JCSUDPROV,FRFNI,17:15,FRBZR
9436,2023-06-10,NIMES,OUI,6873,19:10,SUD EST,VALENCE TGV RHONE-ALPES SUD,JCSUDPROV,FRVLA,18:26,FRFNI
9437,2023-06-10,NARBONNE,OUI,6873,17:12,SUD EST,BEZIERS,JCSUDPROV,FRBZR,16:59,FRXNA
9438,2023-06-10,NARBONNE,OUI,6873,19:51,SUD EST,LYON (intramuros),JCSUDPROV,FRLPD,16:59,FRXNA
9439,2023-06-10,NARBONNE,OUI,6873,19:10,SUD EST,VALENCE TGV RHONE-ALPES SUD,JCSUDPROV,FRVLA,16:59,FRXNA
9440,2023-06-10,SETE,OUI,6873,17:55,SUD EST,MONTPELLIER SAINT-ROCH,JCSUDPROV,FRMPL,17:39,FRXSY
9441,2023-06-10,LYON (intramuros),OUI,6687,19:48,SUD EST,ST ETIENNE CHATEAUCREUX,PARISRHONE,FRHHD,19:06,FRLPD
9442,2023-06-10,PARIS (intramuros),OUI,6687,18:56,SUD EST,LYON (intramuros),PARISRHONE,FRLPD,16:58,FRPLY
9443,2023-06-10,BORDEAUX ST JEAN,NON,4657,11:58,IC ARO,NARBONNE,TJOURSOSE,FRXNA,08:26,FRBOJ
9444,2023-06-10,BORDEAUX ST JEAN,NON,4657,12:34,IC ARO,SETE,TJOURSOSE,FRXSY,08:26,FRBOJ
9445,2023-06-10,CARCASSONNE,NON,4657,13:22,IC ARO,NIMES,TJOURSOSE,FRFNI,11:29,FRCCF
9446,2023-06-10,NIMES,NON,4657,15:22,IC ARO,MARSEILLE ST CHARLES,TJOURSOSE,FRMSC,13:28,FRFNI
9447,2023-06-10,MARMANDE,NON,4657,12:34,IC ARO,SETE,TJOURSOSE,FRXSY,09:04,FRXMR
9448,2023-06-10,SETE,NON,4657,13:22,IC ARO,NIMES,TJOURSOSE,FRFNI,12:36,FRXSY
9449,2023-06-10,TOULOUSE MATABIAU,NON,4657,12:34,IC ARO,SETE,TJOURSOSE,FRXSY,10:45,FRXYT
9450,2023-06-10,LAVAL,OUI,5080,14:41,NORD,AEROPORT CDG2 TGV ROISSY,JCBRETNORD,FRMLW,12:28,FRACR
9451,2023-06-10,LE MANS,OUI,5080,13:49,NORD,MASSY TGV,JCBRETNORD,FRDJU,13:00,FRAET
9452,2023-06-10,MASSY TGV,OUI,5080,15:49,NORD,LILLE (intramuros),JCBRETNORD,FRLLE,13:55,FRDJU
9453,2023-06-10,MASSY TGV,OUI,5080,14:27,NORD,MARNE LA VALLEE CHESSY,JCBRETNORD,FRMLV,13:55,FRDJU
9454,2023-06-10,ANGERS ST LAUD,NON,4404,14:56,IC SRO,BOURGES,JOURNTELYN,FRBOU,12:22,FRACL
9455,2023-06-10,ANGERS ST LAUD,NON,4404,16:41,IC SRO,ST GERMAIN DES FOSSES,JOURNTELYN,FRSGF,12:22,FRACL
9456,2023-06-10,SAUMUR,NON,4404,16:41,IC SRO,ST GERMAIN DES FOSSES,JOURNTELYN,FRSGF,12:47,FRACN
9457,2023-06-10,BOURGES,NON,4404,16:41,IC SRO,ST GERMAIN DES FOSSES,JOURNTELYN,FRSGF,14:58,FRBOU
9458,2023-06-10,LYON (intramuros),NON,4404,18:39,IC SRO,LYON (intramuros),JOURNTELYN,FRLPE,18:31,FRLPD
9459,2023-06-10,NANTES,NON,4404,18:39,IC SRO,LYON (intramuros),JOURNTELYN,FRLPE,11:40,FRNTE
9460,2023-06-10,NEVERS,NON,4404,18:26,IC SRO,LYON (intramuros),JOURNTELYN,FRLPD,15:47,FRNVS
9461,2023-06-10,NEVERS,NON,4404,16:41,IC SRO,ST GERMAIN DES FOSSES,JOURNTELYN,FRSGF,15:47,FRNVS
9462,2023-06-10,ST GERMAIN DES FOSSES,NON,4404,17:20,IC SRO,ROANNE,JOURNTELYN,FRRNE,16:43,FRSGF
9463,2023-06-10,ST PIERRE DES CORPS,NON,4404,16:41,IC SRO,ST GERMAIN DES FOSSES,JOURNTELYN,FRSGF,13:26,FRXSH
9464,2023-06-10,ST PIERRE DES CORPS,NON,4404,14:33,IC SRO,VIERZON VILLE,JOURNTELYN,FRXVZ,13:26,FRXSH
9465,2023-06-10,VIERZON VILLE,NON,4404,18:26,IC SRO,LYON (intramuros),JOURNTELYN,FRLPD,14:37,FRXVZ
9466,2023-06-10,VIERZON VILLE,NON,4404,18:39,IC SRO,LYON (intramuros),JOURNTELYN,FRLPE,14:37,FRXVZ
9467,2023-06-10,VIERZON VILLE,NON,4404,16:15,IC SRO,MOULINS SUR ALLIER,JOURNTELYN,FRXMU,14:37,FRXVZ
9468,2023-06-10,DIJON VILLE,NON,6703,12:18,SUD EST,MULHOUSE VILLE,PABOUR,FRAEK,11:02,FRABA
9469,2023-06-10,MONTBARD,NON,6703,11:53,SUD EST,BELFORT-MONTBELIARD TGV,PABOUR,FRTJA,10:24,FRGWE
9470,2023-06-10,PARIS (intramuros),NON,6703,11:53,SUD EST,BELFORT-MONTBELIARD TGV,PABOUR,FRTJA,09:16,FRPLY
9471,2023-06-10,PARIS (intramuros),NON,6703,11:29,SUD EST,BESANCON - F COMTE TGV,PABOUR,FRTJB,09:16,FRPLY
9472,2023-06-10,BELFORT-MONTBELIARD TGV,NON,6703,12:18,SUD EST,MULHOUSE VILLE,PABOUR,FRAEK,11:56,FRTJA
9473,2023-06-10,BESANCON - F COMTE TGV,NON,6703,12:18,SUD EST,MULHOUSE VILLE,PABOUR,FRAEK,11:32,FRTJB
9474,2023-06-10,BESANCON - F COMTE TGV,NON,6703,11:53,SUD EST,BELFORT-MONTBELIARD TGV,PABOUR,FRTJA,11:32,FRTJB
9475,2023-06-10,LYON (intramuros),OUI,6620,16:08,SUD EST,PARIS (intramuros),RHONEPARIS,FRPLY,14:04,FRLPD
9476,2023-06-10,LYON (intramuros),OUI,6620,13:58,SUD EST,LYON (intramuros),RHONEPARIS,FRLPD,13:50,FRLPE
9477,2023-06-10,LYON (intramuros),OUI,6620,14:46,SUD EST,LE CREUSOT MONTCEAU MONTCHANIN,RHONEPARIS,FRXCC,13:50,FRLPE
9478,2023-06-10,LIMOGES BENEDICTINS,OUI,3650,16:18,IC ARO,LES AUBRAIS ORLEANS,TOULOUZECO,FRLAB,13:51,FRAGQ
9479,2023-06-10,LIMOGES BENEDICTINS,OUI,3650,14:24,IC ARO,LA SOUTERRAINE,TOULOUZECO,FRLST,13:51,FRAGQ
9480,2023-06-10,LIMOGES BENEDICTINS,OUI,3650,17:22,IC ARO,PARIS (intramuros),TOULOUZECO,FRPAZ,13:51,FRAGQ
9481,2023-06-10,CHATEAUROUX,OUI,3650,15:37,IC ARO,VIERZON VILLE,TOULOUZECO,FRXVZ,15:03,FRCHR
9482,2023-06-10,GOURDON,OUI,3650,17:22,IC ARO,PARIS (intramuros),TOULOUZECO,FRPAZ,12:02,FRFSI
9483,2023-06-10,CAUSSADE TARN ET GARONNE,OUI,3650,11:33,IC ARO,CAHORS,TOULOUZECO,FRZAO,11:08,FRFTA
9484,2023-06-10,SOUILLAC,OUI,3650,15:37,IC ARO,VIERZON VILLE,TOULOUZECO,FRXVZ,12:19,FRSOU
9485,2023-06-10,MONTAUBAN VILLE BOURBON,OUI,3650,13:48,IC ARO,LIMOGES BENEDICTINS,TOULOUZECO,FRAGQ,10:54,FRXMW
9486,2023-06-10,MONTAUBAN VILLE BOURBON,OUI,3650,11:07,IC ARO,CAUSSADE TARN ET GARONNE,TOULOUZECO,FRFTA,10:54,FRXMW
9487,2023-06-10,MONTAUBAN VILLE BOURBON,OUI,3650,12:17,IC ARO,SOUILLAC,TOULOUZECO,FRSOU,10:54,FRXMW
9488,2023-06-10,TOULOUSE MATABIAU,OUI,3650,13:48,IC ARO,LIMOGES BENEDICTINS,TOULOUZECO,FRAGQ,10:22,FRXYT
9489,2023-06-10,TOULOUSE MATABIAU,OUI,3650,11:07,IC ARO,CAUSSADE TARN ET GARONNE,TOULOUZECO,FRFTA,10:22,FRXYT
9490,2023-06-10,CAHORS,OUI,3650,12:45,IC ARO,BRIVE LA GAILLARDE,TOULOUZECO,FRBVE,11:35,FRZAO
9491,2023-06-10,CAHORS,OUI,3650,15:01,IC ARO,CHATEAUROUX,TOULOUZECO,FRCHR,11:35,FRZAO
9492,2023-06-10,CAHORS,OUI,3650,14:24,IC ARO,LA SOUTERRAINE,TOULOUZECO,FRLST,11:35,FRZAO
9493,2023-06-10,CAUSSADE TARN ET GARONNE,OUI,3650,14:24,IC ARO,LA SOUTERRAINE,TOULOUZECO,FRLST,11:08,FRFTA
9494,2023-06-10,AIX EN PROVENCE TGV,NON,6128,20:22,SUD EST,PARIS (intramuros),PROVENCEPA,FRPLY,17:14,FRAIE
9495,2023-06-10,MARSEILLE ST CHARLES,NON,6128,17:11,SUD EST,AIX EN PROVENCE TGV,PROVENCEPA,FRAIE,17:00,FRMSC
9496,2023-06-10,MARSEILLE ST CHARLES,NON,6128,17:34,SUD EST,AVIGNON TGV,PROVENCEPA,FRAVG,17:00,FRMSC
9497,2023-06-10,BEZIERS,OUI,4764,22:40,IC ARO,BORDEAUX ST JEAN,TJOURSESO,FRBOJ,18:38,FRBZR
9498,2023-06-10,BEZIERS,OUI,4764,18:52,IC ARO,NARBONNE,TJOURSESO,FRXNA,18:38,FRBZR
9499,2023-06-10,CARCASSONNE,OUI,4764,20:47,IC ARO,MONTAUBAN VILLE BOURBON,TJOURSESO,FRXMW,19:25,FRCCF
9500,2023-06-10,NIMES,OUI,4764,22:01,IC ARO,MARMANDE,TJOURSESO,FRXMR,17:25,FRFNI
9501,2023-06-10,NIMES,OUI,4764,18:52,IC ARO,NARBONNE,TJOURSESO,FRXNA,17:25,FRFNI
9502,2023-06-10,MARSEILLE ST CHARLES,OUI,4764,18:35,IC ARO,BEZIERS,TJOURSESO,FRBZR,15:27,FRMSC
9503,2023-06-10,MARSEILLE ST CHARLES,OUI,4764,19:23,IC ARO,CARCASSONNE,TJOURSESO,FRCCF,15:27,FRMSC
9504,2023-06-10,MARSEILLE ST CHARLES,OUI,4764,22:01,IC ARO,MARMANDE,TJOURSESO,FRXMR,15:27,FRMSC
9505,2023-06-10,MARSEILLE ST CHARLES,OUI,4764,20:47,IC ARO,MONTAUBAN VILLE BOURBON,TJOURSESO,FRXMW,15:27,FRMSC
9506,2023-06-10,MARSEILLE ST CHARLES,OUI,4764,18:52,IC ARO,NARBONNE,TJOURSESO,FRXNA,15:27,FRMSC
9507,2023-06-10,MARMANDE,OUI,4764,22:40,IC ARO,BORDEAUX ST JEAN,TJOURSESO,FRBOJ,22:03,FRXMR
9508,2023-06-10,NARBONNE,OUI,4764,19:23,IC ARO,CARCASSONNE,TJOURSESO,FRCCF,18:55,FRXNA
9509,2023-06-10,TOULOUSE MATABIAU,OUI,4764,20:47,IC ARO,MONTAUBAN VILLE BOURBON,TJOURSESO,FRXMW,20:17,FRXYT
9510,2023-06-10,ST GAUDENS,NON,14151,15:29,IC SRO,LOURDES,SUDOUEST,FRLDE,14:24,FRFPH
9511,2023-06-10,ST GAUDENS,NON,14151,17:28,IC SRO,BAYONNE,SUDOUEST,FRXBY,14:24,FRFPH
9512,2023-06-10,LOURDES,NON,14151,16:20,IC SRO,ORTHEZ,SUDOUEST,FRGFI,15:32,FRLDE
9513,2023-06-10,TARBES,NON,14151,15:29,IC SRO,LOURDES,SUDOUEST,FRLDE,15:15,FRXTB
9514,2023-06-10,TOULOUSE MATABIAU,NON,14151,15:56,IC SRO,PAU,SUDOUEST,FRAEE,13:34,FRXYT
9515,2023-06-10,TOULOUSE MATABIAU,NON,14151,15:12,IC SRO,TARBES,SUDOUEST,FRXTB,13:34,FRXYT
9516,2023-06-10,AVIGNON TGV,OUI,5054,08:20,NORD,LYON (intramuros),JCSUDNORD,FRLPD,07:12,FRAVG
9517,2023-06-10,LYON (intramuros),NON,5054,10:19,NORD,MARNE LA VALLEE CHESSY,JCSUDNORD,FRMLV,08:34,FRLPD
9518,2023-06-10,MARNE LA VALLEE CHESSY,OUI,5054,10:32,NORD,AEROPORT CDG2 TGV ROISSY,JCSUDNORD,FRMLW,10:23,FRMLV
9519,2023-06-10,MARSEILLE ST CHARLES,OUI,5054,08:20,NORD,LYON (intramuros),JCSUDNORD,FRLPD,06:33,FRMSC
9520,2023-06-10,MARSEILLE ST CHARLES,NON,6188,13:50,SUD EST,PARIS (intramuros),AZURPA,FRPLY,10:47,FRMSC
9521,2023-06-10,NICE VILLE,NON,6188,10:33,SUD EST,MARSEILLE ST CHARLES,AZURPA,FRMSC,07:57,FRNIC
9522,2023-06-10,NICE VILLE,OUI,6188,09:44,SUD EST,TOULON,AZURPA,FRTLN,07:57,FRNIC
9523,2023-06-10,ANTIBES,OUI,6188,08:24,SUD EST,CANNES,AZURPA,FRJCA,08:14,FRXAT
9524,2023-06-10,ST RAPHAEL VALESCURE,OUI,6188,09:44,SUD EST,TOULON,AZURPA,FRTLN,08:53,FRXSK
9525,2023-06-10,LE MANS,NON,8913,12:50,ATLANTIQUE,LA BAULE ESCOUBLAC,PARISLOIRE,FRJEE,10:36,FRAET
9526,2023-06-10,LE MANS,NON,8913,11:54,ATLANTIQUE,NANTES,PARISLOIRE,FRNTE,10:36,FRAET
9527,2023-06-10,PARIS (intramuros),NON,8913,12:50,ATLANTIQUE,LA BAULE ESCOUBLAC,PARISLOIRE,FRJEE,09:36,FRPMO
9528,2023-06-10,ANGOULEME,NON,5284,15:49,NORD,MASSY TGV,JCAQUINORD,FRDJU,13:36,FRANG
9529,2023-06-10,ANGOULEME,NON,5284,17:57,NORD,LILLE (intramuros),JCAQUINORD,FRLLE,13:36,FRANG
9530,2023-06-10,BORDEAUX ST JEAN,NON,5284,13:33,NORD,ANGOULEME,JCAQUINORD,FRANG,12:58,FRBOJ
9531,2023-06-10,BORDEAUX ST JEAN,NON,5284,14:50,NORD,ST PIERRE DES CORPS,JCAQUINORD,FRXSH,12:58,FRBOJ
9532,2023-06-10,MARNE LA VALLEE CHESSY,OUI,5284,16:41,NORD,AEROPORT CDG2 TGV ROISSY,JCAQUINORD,FRMLW,16:31,FRMLV
9533,2023-06-10,MARNE LA VALLEE CHESSY,OUI,5284,17:15,NORD,TGV HAUTE PICARDIE,JCAQUINORD,FRTHP,16:31,FRMLV
9534,2023-06-10,POITIERS,NON,5284,14:50,NORD,ST PIERRE DES CORPS,JCAQUINORD,FRXSH,14:19,FRPIS
9535,2023-06-10,ST PIERRE DES CORPS,NON,5284,15:49,NORD,MASSY TGV,JCAQUINORD,FRDJU,14:54,FRXSH
9536,2023-06-10,ST PIERRE DES CORPS,NON,5284,17:15,NORD,TGV HAUTE PICARDIE,JCAQUINORD,FRTHP,14:54,FRXSH
9537,2023-06-10,AIX EN PROVENCE TGV,NON,2096,19:39,EST,DIJON VILLE,JCRHONRHIN,FRABA,16:11,FRAIE
9538,2023-06-10,AIX EN PROVENCE TGV,NON,2096,21:09,EST,MULHOUSE VILLE,JCRHONRHIN,FRAEK,16:11,FRAIE
9539,2023-06-10,AVIGNON TGV,NON,2096,19:39,EST,DIJON VILLE,JCRHONRHIN,FRABA,16:33,FRAVG
9540,2023-06-10,AVIGNON TGV,NON,2096,21:09,EST,MULHOUSE VILLE,JCRHONRHIN,FRAEK,16:33,FRAVG
9541,2023-06-10,LYON (intramuros),NON,2096,20:16,EST,BESANCON - F COMTE TGV,JCRHONRHIN,FRTJB,18:00,FRLPD
9542,2023-06-10,MARSEILLE ST CHARLES,NON,2096,20:16,EST,BESANCON - F COMTE TGV,JCRHONRHIN,FRTJB,15:56,FRMSC
9543,2023-06-10,MARSEILLE ST CHARLES,NON,2096,17:08,EST,VALENCE TGV RHONE-ALPES SUD,JCRHONRHIN,FRVLA,15:56,FRMSC
9544,2023-06-10,BELFORT-MONTBELIARD TGV,OUI,2096,21:09,EST,MULHOUSE VILLE,JCRHONRHIN,FRAEK,20:45,FRTJA
9545,2023-06-10,VALENCE TGV RHONE-ALPES SUD,NON,2096,19:39,EST,DIJON VILLE,JCRHONRHIN,FRABA,17:13,FRVLA
9546,2023-06-10,NEVERS,OUI,5971,18:28,IC ARO,MOULINS SUR ALLIER,PACLERMONT,FRXMU,17:59,FRNVS
9547,2023-06-10,PARIS (intramuros),OUI,5971,19:23,IC ARO,RIOM CHATEL GUYON,PACLERMONT,FRRIO,15:59,FRPLY
9548,2023-06-10,VICHY,OUI,5971,19:34,IC ARO,CLERMONT FERRAND,PACLERMONT,FRCFE,19:03,FRVHY
9549,2023-06-10,VICHY,OUI,5971,19:23,IC ARO,RIOM CHATEL GUYON,PACLERMONT,FRRIO,19:03,FRVHY
9550,2023-06-10,UZERCHE,OUI,3614,05:53,IC ARO,LIMOGES BENEDICTINS,TOULOUZECO,FRAGQ,05:17,FRAAW
9551,2023-06-10,UZERCHE,OUI,3614,06:28,IC ARO,LA SOUTERRAINE,TOULOUZECO,FRLST,05:17,FRAAW
9552,2023-06-10,UZERCHE,OUI,3614,09:24,IC ARO,PARIS (intramuros),TOULOUZECO,FRPAZ,05:17,FRAAW
9553,2023-06-10,UZERCHE,OUI,3614,07:44,IC ARO,VIERZON VILLE,TOULOUZECO,FRXVZ,05:17,FRAAW
9554,2023-06-10,LIMOGES BENEDICTINS,OUI,3614,07:08,IC ARO,CHATEAUROUX,TOULOUZECO,FRCHR,05:56,FRAGQ
9555,2023-06-10,CHATEAUROUX,OUI,3614,09:24,IC ARO,PARIS (intramuros),TOULOUZECO,FRPAZ,07:10,FRCHR
9556,2023-06-10,ARGENTON SUR CREUSE,OUI,3614,07:08,IC ARO,CHATEAUROUX,TOULOUZECO,FRCHR,06:53,FRFMT
9557,2023-06-10,ARGENTON SUR CREUSE,OUI,3614,07:44,IC ARO,VIERZON VILLE,TOULOUZECO,FRXVZ,06:53,FRFMT
9558,2023-06-10,PARIS (intramuros),NON,7571,16:15,NORD,BOULOGNE VILLE,PAARRAS,FRAEB,13:52,FRPNO
9559,2023-06-10,BREST,OUI,8636,17:14,ATLANTIQUE,GUINGAMP,BRETAPARIS,FRGGP,16:14,FRBES
9560,2023-06-10,GUINGAMP,OUI,8636,20:20,ATLANTIQUE,PARIS (intramuros),BRETAPARIS,FRPMO,17:16,FRGGP
9561,2023-06-10,MORLAIX,OUI,8636,17:14,ATLANTIQUE,GUINGAMP,BRETAPARIS,FRGGP,16:47,FRMXN
9562,2023-06-10,ST BRIEUC,OUI,8636,19:01,ATLANTIQUE,LAVAL,BRETAPARIS,FRACR,17:34,FRSBK
9563,2023-06-10,PARIS (intramuros),NON,6617,16:10,SUD EST,LYON (intramuros),PARISRHONE,FRLPE,13:50,FRPLY
9564,2023-06-10,PARIS (intramuros),NON,6617,15:10,SUD EST,LE CREUSOT MONTCEAU MONTCHANIN,PARISRHONE,FRXCC,13:50,FRPLY
9565,2023-06-10,ANGOULEME,OUI,5260,07:16,NORD,POITIERS,JCAQUINORD,FRPIS,06:36,FRANG
9566,2023-06-10,ANGOULEME,NON,5260,07:50,NORD,ST PIERRE DES CORPS,JCAQUINORD,FRXSH,06:36,FRANG
9567,2023-06-10,BORDEAUX ST JEAN,NON,5260,10:40,NORD,LILLE (intramuros),JCAQUINORD,FRADJ,05:58,FRBOJ
9568,2023-06-10,BORDEAUX ST JEAN,OUI,5260,07:16,NORD,POITIERS,JCAQUINORD,FRPIS,05:58,FRBOJ
9569,2023-06-10,MARNE LA VALLEE CHESSY,OUI,5260,10:40,NORD,LILLE (intramuros),JCAQUINORD,FRADJ,09:31,FRMLV
9570,2023-06-10,AEROPORT CDG2 TGV ROISSY,OUI,5260,10:40,NORD,LILLE (intramuros),JCAQUINORD,FRADJ,09:48,FRMLW
9571,2023-06-10,POITIERS,NON,5260,08:49,NORD,MASSY TGV,JCAQUINORD,FRDJU,07:19,FRPIS
9572,2023-06-10,ST PIERRE DES CORPS,NON,5260,09:41,NORD,AEROPORT CDG2 TGV ROISSY,JCAQUINORD,FRMLW,07:54,FRXSH
9573,2023-06-10,MACON LOCHE TGV,NON,6941,16:32,SUD EST,ANNECY,PARISALPES,FRNCY,14:20,FRMLT
9574,2023-06-10,PARIS (intramuros),NON,8117,12:13,ATLANTIQUE,ANGERS ST LAUD,PARISLOIRE,FRACL,10:36,FRPMO
9575,2023-06-10,PAU,NON,14141,12:21,IC SRO,ORTHEZ,SUDOUEST,FRGFI,12:00,FRAEE
9576,2023-06-10,PAU,NON,14141,13:08,IC SRO,BAYONNE,SUDOUEST,FRXBY,12:00,FRAEE
9577,2023-06-10,LOURDES,NON,14141,11:57,IC SRO,PAU,SUDOUEST,FRAEE,11:32,FRLDE
9578,2023-06-10,MONTREJEAU GOURDAN POLIGNAN,NON,14141,11:57,IC SRO,PAU,SUDOUEST,FRAEE,10:39,FRMTJ
9579,2023-06-10,MONTREJEAU GOURDAN POLIGNAN,NON,14141,13:08,IC SRO,BAYONNE,SUDOUEST,FRXBY,10:39,FRMTJ
9580,2023-06-10,TOULOUSE MATABIAU,NON,14141,11:57,IC SRO,PAU,SUDOUEST,FRAEE,09:32,FRXYT
9581,2023-06-10,TOULOUSE MATABIAU,NON,14141,10:37,IC SRO,MONTREJEAU GOURDAN POLIGNAN,SUDOUEST,FRMTJ,09:32,FRXYT
9582,2023-06-10,TOULOUSE MATABIAU,NON,14141,13:08,IC SRO,BAYONNE,SUDOUEST,FRXBY,09:32,FRXYT
9583,2023-06-10,TOULOUSE MATABIAU,NON,14141,11:12,IC SRO,TARBES,SUDOUEST,FRXTB,09:32,FRXYT
9584,2023-06-10,FRANKFURT MAIN HBF,NON,9552,13:38,INTERNATIONAL,MANNHEIM HBF,FRANCPA,DEMHG,12:56,DEFRH
9585,2023-06-10,FORBACH,NON,9552,16:54,INTERNATIONAL,PARIS (intramuros),FRANCPA,FRPST,15:14,FRBQT
9586,2023-06-10,PARIS (intramuros),OUI,7007,08:48,NORD,LILLE (intramuros),PALILLE,FRADJ,07:46,FRPNO
9587,2023-06-10,LIMOGES BENEDICTINS,OUI,3656,18:24,IC ARO,PARIS (intramuros),TOULOUZECO,FRPAZ,14:56,FRAGQ
9588,2023-06-10,BRIVE LA GAILLARDE,OUI,3656,18:24,IC ARO,PARIS (intramuros),TOULOUZECO,FRPAZ,13:52,FRBVE
9589,2023-06-10,GOURDON,OUI,3656,13:49,IC ARO,BRIVE LA GAILLARDE,TOULOUZECO,FRBVE,13:08,FRFSI
9590,2023-06-10,GOURDON,OUI,3656,16:06,IC ARO,CHATEAUROUX,TOULOUZECO,FRCHR,13:08,FRFSI
9591,2023-06-10,LA SOUTERRAINE,OUI,3656,16:06,IC ARO,CHATEAUROUX,TOULOUZECO,FRCHR,15:31,FRLST
9592,2023-06-10,LA SOUTERRAINE,OUI,3656,16:46,IC ARO,VIERZON VILLE,TOULOUZECO,FRXVZ,15:31,FRLST
9593,2023-06-10,CAHORS,OUI,3656,14:16,IC ARO,UZERCHE,TOULOUZECO,FRAAW,12:41,FRZAO
9594,2023-06-10,CAHORS,OUI,3656,14:53,IC ARO,LIMOGES BENEDICTINS,TOULOUZECO,FRAGQ,12:41,FRZAO
9595,2023-06-10,CAHORS,OUI,3656,13:06,IC ARO,GOURDON,TOULOUZECO,FRFSI,12:41,FRZAO
9596,2023-06-10,SOUILLAC,OUI,3656,15:29,IC ARO,LA SOUTERRAINE,TOULOUZECO,FRLST,13:25,FRSOU
9597,2023-06-10,SOUILLAC,OUI,3656,16:23,IC ARO,ISSOUDUN,TOULOUZECO,FRFMN,13:25,FRSOU
9598,2023-06-10,GOURDON,OUI,3656,14:16,IC ARO,UZERCHE,TOULOUZECO,FRAAW,13:08,FRFSI
9599,2023-06-10,CAHORS,OUI,3656,16:23,IC ARO,ISSOUDUN,TOULOUZECO,FRFMN,12:41,FRZAO
9600,2023-06-10,BORDEAUX ST JEAN,NON,3858,19:23,IC SRO,SAINTES,BORDONANTE,FRXST,17:53,FRBOJ
9601,2023-06-10,JONZAC,NON,3858,20:15,IC SRO,LA ROCHELLE VILLE,BORDONANTE,FRLRH,18:41,FREMR
9602,2023-06-10,JONZAC,NON,3858,19:53,IC SRO,ROCHEFORT,BORDONANTE,FRRCO,18:41,FREMR
9603,2023-06-10,LUCON,NON,3858,22:05,IC SRO,NANTES,BORDONANTE,FRNTE,21:00,FRLCN
9604,2023-06-10,LUCON,NON,3858,21:22,IC SRO,LA ROCHE SUR YON,BORDONANTE,FRXRO,21:00,FRLCN
9605,2023-06-10,KARLSRUHE HBF,NON,9566,10:47,INTERNATIONAL,STRASBOURG,FRANCPA,FRAEG,10:06,DEQKA
9606,2023-06-10,DIJON VILLE,NON,5500,18:17,EST,BESANCON - F COMTE TGV,JCRHONRHIN,FRTJB,17:50,FRABA
9607,2023-06-10,MULHOUSE VILLE,OUI,5500,19:41,EST,COLMAR,JCRHONRHIN,FRAEJ,19:12,FRAEK
9608,2023-06-10,NIMES,NON,5500,19:09,EST,MULHOUSE VILLE,JCRHONRHIN,FRAEK,14:23,FRFNI
9609,2023-06-10,MACON VILLE,NON,5500,19:41,EST,COLMAR,JCRHONRHIN,FRAEJ,16:41,FRHGU
9610,2023-06-10,LYON (intramuros),NON,5500,18:44,EST,BELFORT-MONTBELIARD TGV,JCRHONRHIN,FRTJA,16:04,FRLPD
9611,2023-06-10,MONTPELLIER SAINT-ROCH,NON,5500,20:18,EST,STRASBOURG,JCRHONRHIN,FRAEG,13:55,FRMPL
9612,2023-06-10,MONTPELLIER SAINT-ROCH,NON,5500,15:51,EST,LYON (intramuros),JCRHONRHIN,FRLPD,13:55,FRMPL
9613,2023-06-10,BELFORT-MONTBELIARD TGV,NON,5500,19:09,EST,MULHOUSE VILLE,JCRHONRHIN,FRAEK,18:47,FRTJA
9614,2023-06-10,VALENCE TGV RHONE-ALPES SUD,NON,5500,16:39,EST,MACON VILLE,JCRHONRHIN,FRHGU,15:12,FRVLA
9615,2023-06-10,PARIS (intramuros),NON,7031,12:48,NORD,LILLE (intramuros),PALILLE,FRADJ,11:46,FRPNO
9616,2023-06-10,DAX,OUI,8592,22:25,ATLANTIQUE,PAU,PASUDOUEST,FRAEE,21:36,FRACG
9617,2023-06-10,DAX,OUI,8592,22:02,ATLANTIQUE,ORTHEZ,PASUDOUEST,FRGFI,21:36,FRACG
9618,2023-06-10,ORTHEZ,OUI,8592,22:53,ATLANTIQUE,LOURDES,PASUDOUEST,FRLDE,22:04,FRGFI
9619,2023-06-10,PARIS (intramuros),OUI,8592,22:53,ATLANTIQUE,LOURDES,PASUDOUEST,FRLDE,18:07,FRPMO
9620,2023-06-10,LYON (intramuros),OUI,6616,11:58,SUD EST,LYON (intramuros),RHONEPARIS,FRLPD,11:50,FRLPE
9621,2023-06-10,LYON (intramuros),NON,6616,14:00,SUD EST,PARIS (intramuros),RHONEPARIS,FRPLY,11:50,FRLPE
9622,2023-06-10,BRUXELLES MIDI BRUSSEL ZUID,NON,9835,21:53,NORD,AIX EN PROVENCE TGV,JCNORDSUD,FRAIE,16:17,BEBMI
9623,2023-06-10,BRUXELLES MIDI BRUSSEL ZUID,NON,9835,20:00,NORD,LYON (intramuros),JCNORDSUD,FRLPD,16:17,BEBMI
9624,2023-06-10,BRUXELLES MIDI BRUSSEL ZUID,NON,9835,18:08,NORD,MARNE LA VALLEE CHESSY,JCNORDSUD,FRMLV,16:17,BEBMI
9625,2023-06-10,BRUXELLES MIDI BRUSSEL ZUID,OUI,9835,17:53,NORD,AEROPORT CDG2 TGV ROISSY,JCNORDSUD,FRMLW,16:17,BEBMI
9626,2023-06-10,BRUXELLES MIDI BRUSSEL ZUID,NON,9835,22:08,NORD,MARSEILLE ST CHARLES,JCNORDSUD,FRMSC,16:17,BEBMI
9627,2023-06-10,AVIGNON TGV,OUI,9835,21:53,NORD,AIX EN PROVENCE TGV,JCNORDSUD,FRAIE,21:33,FRAVG
9628,2023-06-10,LILLE (intramuros),NON,9835,21:30,NORD,AVIGNON TGV,JCNORDSUD,FRAVG,17:03,FRLLE
9629,2023-06-10,LILLE (intramuros),NON,9835,20:00,NORD,LYON (intramuros),JCNORDSUD,FRLPD,17:03,FRLLE
9630,2023-06-10,VALENCE TGV RHONE-ALPES SUD,NON,9835,21:30,NORD,AVIGNON TGV,JCNORDSUD,FRAVG,20:59,FRVLA
9631,2023-06-10,LA ROCHELLE VILLE,NON,3833,14:03,IC SRO,ROCHEFORT,NANTEBORDO,FRRCO,13:43,FRLRH
9632,2023-06-10,LA ROCHELLE VILLE,NON,3833,14:32,IC SRO,SAINTES,NANTEBORDO,FRXST,13:43,FRLRH
9633,2023-06-10,ROCHEFORT,NON,3833,15:10,IC SRO,JONZAC,NANTEBORDO,FREMR,14:05,FRRCO
9634,2023-06-10,LA ROCHE SUR YON,NON,3833,15:10,IC SRO,JONZAC,NANTEBORDO,FREMR,12:36,FRXRO
9635,2023-06-10,ANGERS ST LAUD,OUI,5320,21:47,SUD EST,LYON (intramuros),JCATLSUD,FRLPE,17:44,FRACL
9636,2023-06-10,NANTES,OUI,5320,21:47,SUD EST,LYON (intramuros),JCATLSUD,FRLPE,17:05,FRNTE
9637,2023-06-10,BEZIERS,OUI,6825,21:04,SUD EST,NARBONNE,JCPROVSUD,FRXNA,20:51,FRBZR
9638,2023-06-10,LYON (intramuros),OUI,6825,19:37,SUD EST,NIMES,JCPROVSUD,FRFNI,18:09,FRLPD
9639,2023-06-10,MONTPELLIER SAINT-ROCH,OUI,6825,21:34,SUD EST,CARCASSONNE,JCPROVSUD,FRCCF,20:10,FRMPL
9640,2023-06-10,VALENCE TGV RHONE-ALPES SUD,OUI,6825,21:34,SUD EST,CARCASSONNE,JCPROVSUD,FRCCF,18:53,FRVLA
9641,2023-06-10,VALENCE TGV RHONE-ALPES SUD,OUI,6825,20:05,SUD EST,MONTPELLIER SAINT-ROCH,JCPROVSUD,FRMPL,18:53,FRVLA
9642,2023-06-10,DIJON VILLE,OUI,6708,20:42,SUD EST,PARIS (intramuros),BOURPA,FRPLY,19:06,FRABA
9643,2023-06-10,MULHOUSE VILLE,OUI,6708,20:42,SUD EST,PARIS (intramuros),BOURPA,FRPLY,17:46,FRAEK
9644,2023-06-10,MULHOUSE VILLE,OUI,6708,18:31,SUD EST,BESANCON - F COMTE TGV,BOURPA,FRTJB,17:46,FRAEK
9645,2023-06-10,BELFORT-MONTBELIARD TGV,OUI,6708,18:31,SUD EST,BESANCON - F COMTE TGV,BOURPA,FRTJB,18:11,FRTJA
9646,2023-06-10,BESANCON - F COMTE TGV,OUI,6708,19:02,SUD EST,DIJON VILLE,BOURPA,FRABA,18:34,FRTJB
9647,2023-06-10,DAX,OUI,8572,14:01,ATLANTIQUE,ORTHEZ,PASUDOUEST,FRGFI,13:36,FRACG
9648,2023-06-10,BORDEAUX ST JEAN,OUI,8572,14:24,ATLANTIQUE,PAU,PASUDOUEST,FRAEE,12:20,FRBOJ
9649,2023-06-10,BORDEAUX ST JEAN,OUI,8572,14:01,ATLANTIQUE,ORTHEZ,PASUDOUEST,FRGFI,12:20,FRBOJ
9650,2023-06-10,BORDEAUX ST JEAN,OUI,8572,15:19,ATLANTIQUE,TARBES,PASUDOUEST,FRXTB,12:20,FRBOJ
9651,2023-06-10,BOURG EN BRESSE,NON,9768,13:42,INTERNATIONAL,PARIS (intramuros),GENEVEPA,FRPLY,11:52,FRXBK
9652,2023-06-10,DIJON VILLE,NON,2087,14:25,EST,AVIGNON TGV,JCRHINRHON,FRAVG,11:21,FRABA
9653,2023-06-10,DIJON VILLE,NON,2087,12:19,EST,MACON VILLE,JCRHINRHON,FRHGU,11:21,FRABA
9654,2023-06-10,STRASBOURG,OUI,2087,09:54,EST,MULHOUSE VILLE,JCRHINRHON,FRAEK,09:03,FRAEG
9655,2023-06-10,STRASBOURG,NON,2087,10:18,EST,BELFORT-MONTBELIARD TGV,JCRHINRHON,FRTJA,09:03,FRAEG
9656,2023-06-10,MULHOUSE VILLE,NON,2087,13:46,EST,VALENCE TGV RHONE-ALPES SUD,JCRHINRHON,FRVLA,09:57,FRAEK
9657,2023-06-10,AVIGNON TGV,NON,2087,15:06,EST,MARSEILLE ST CHARLES,JCRHINRHON,FRMSC,14:28,FRAVG
9658,2023-06-10,LYON (intramuros),NON,2087,14:25,EST,AVIGNON TGV,JCRHINRHON,FRAVG,13:06,FRLPD
9659,2023-06-10,VALENCE TGV RHONE-ALPES SUD,NON,2087,14:49,EST,AIX EN PROVENCE TGV,JCRHINRHON,FRAIE,13:51,FRVLA
9660,2023-06-10,VALENCE TGV RHONE-ALPES SUD,NON,2087,15:06,EST,MARSEILLE ST CHARLES,JCRHINRHON,FRMSC,13:51,FRVLA
9661,2023-06-10,PARIS (intramuros),NON,7359,10:39,NORD,HAZEBROUCK,PAARRAS,FRHZK,08:52,FRPNO
9662,2023-06-10,NEUSSARGUES,NON,15940,14:57,IC SRO,MASSIAC BLESLE,JOUNOREST,FRHMY,14:36,FRNEU
9663,2023-06-10,MASSIAC BLESLE,NON,15940,15:35,IC SRO,ISSOIRE,JOUNOREST,FRHLB,14:58,FRHMY
9664,2023-06-10,ST MAIXENT DEUX SEVRES,OUI,8375,11:59,ATLANTIQUE,SURGERES,PAROCHELLE,FREIP,11:23,FREJC
9665,2023-06-10,PARIS (intramuros),NON,8375,11:21,ATLANTIQUE,ST MAIXENT DEUX SEVRES,PAROCHELLE,FREJC,09:12,FRPMO
9666,2023-06-10,PARIS (intramuros),NON,8375,12:22,ATLANTIQUE,LA ROCHELLE VILLE,PAROCHELLE,FRLRH,09:12,FRPMO
9667,2023-06-10,CHAMBERY CHALLES LES EAUX,NON,6937,13:28,SUD EST,ANNECY,PARISALPES,FRNCY,12:49,FRCMF
9668,2023-06-10,CHAMBERY CHALLES LES EAUX,NON,6937,12:59,SUD EST,AIX LES BAINS LE REVARD,PARISALPES,FRXAI,12:49,FRCMF
9669,2023-06-10,LYON (intramuros),NON,6612,10:45,SUD EST,LE CREUSOT MONTCEAU MONTCHANIN,RHONEPARIS,FRXCC,10:04,FRLPD
9670,2023-06-10,LYON (intramuros),OUI,6612,09:58,SUD EST,LYON (intramuros),RHONEPARIS,FRLPD,09:50,FRLPE
9671,2023-06-10,LYON (intramuros),NON,6612,10:45,SUD EST,LE CREUSOT MONTCEAU MONTCHANIN,RHONEPARIS,FRXCC,09:50,FRLPE
9672,2023-06-10,LIMOGES BENEDICTINS,OUI,3645,19:46,IC ARO,GOURDON,PALITO,FRFSI,18:05,FRAGQ
9673,2023-06-10,BRIVE LA GAILLARDE,OUI,3645,19:46,IC ARO,GOURDON,PALITO,FRFSI,19:08,FRBVE
9674,2023-06-10,BRIVE LA GAILLARDE,OUI,3645,20:39,IC ARO,CAUSSADE TARN ET GARONNE,PALITO,FRFTA,19:08,FRBVE
9675,2023-06-10,CHATEAUROUX,OUI,3645,19:46,IC ARO,GOURDON,PALITO,FRFSI,16:50,FRCHR
9676,2023-06-10,CAUSSADE TARN ET GARONNE,OUI,3645,20:54,IC ARO,MONTAUBAN VILLE BOURBON,PALITO,FRXMW,20:40,FRFTA
9677,2023-06-10,LES AUBRAIS ORLEANS,OUI,3645,19:06,IC ARO,BRIVE LA GAILLARDE,PALITO,FRBVE,15:40,FRLAB
9678,2023-06-10,LES AUBRAIS ORLEANS,OUI,3645,20:54,IC ARO,MONTAUBAN VILLE BOURBON,PALITO,FRXMW,15:40,FRLAB
9679,2023-06-10,LA SOUTERRAINE,OUI,3645,18:02,IC ARO,LIMOGES BENEDICTINS,PALITO,FRAGQ,17:27,FRLST
9680,2023-06-10,LA SOUTERRAINE,OUI,3645,19:06,IC ARO,BRIVE LA GAILLARDE,PALITO,FRBVE,17:27,FRLST
9681,2023-06-10,LA SOUTERRAINE,OUI,3645,19:31,IC ARO,SOUILLAC,PALITO,FRSOU,17:27,FRLST
9682,2023-06-10,LA SOUTERRAINE,OUI,3645,21:27,IC ARO,TOULOUSE MATABIAU,PALITO,FRXYT,17:27,FRLST
9683,2023-06-10,LA SOUTERRAINE,OUI,3645,20:13,IC ARO,CAHORS,PALITO,FRZAO,17:27,FRLST
9684,2023-06-10,PARIS (intramuros),OUI,3645,17:25,IC ARO,LA SOUTERRAINE,PALITO,FRLST,14:35,FRPAZ
9685,2023-06-10,VIERZON VILLE,OUI,3645,17:25,IC ARO,LA SOUTERRAINE,PALITO,FRLST,16:17,FRXVZ
9686,2023-06-10,VIERZON VILLE,OUI,3645,20:13,IC ARO,CAHORS,PALITO,FRZAO,16:17,FRXVZ
9687,2023-06-10,CAHORS,OUI,3645,20:39,IC ARO,CAUSSADE TARN ET GARONNE,PALITO,FRFTA,20:15,FRZAO
9688,2023-06-10,DAX,NON,8530,09:40,ATLANTIQUE,BORDEAUX ST JEAN,SUDOUESTPA,FRBOJ,08:31,FRACG
9689,2023-06-10,BIARRITZ,NON,8530,09:40,ATLANTIQUE,BORDEAUX ST JEAN,SUDOUESTPA,FRBOJ,07:37,FRBIQ
9690,2023-06-10,BIARRITZ,NON,8530,11:52,ATLANTIQUE,PARIS (intramuros),SUDOUESTPA,FRPMO,07:37,FRBIQ
9691,2023-06-10,BIARRITZ,OUI,8530,07:49,ATLANTIQUE,BAYONNE,SUDOUESTPA,FRXBY,07:37,FRBIQ
9692,2023-06-10,ST JEAN DE LUZ CIBOURE,NON,8530,09:40,ATLANTIQUE,BORDEAUX ST JEAN,SUDOUESTPA,FRBOJ,07:24,FRXJZ
9693,2023-06-10,MONTPELLIER SUD DE FRANCE,NON,6250,11:04,SUD EST,PARIS (intramuros),LANGPA,FRPLY,07:52,FRSUF
9694,2023-06-10,GENEVE,NON,9780,21:42,INTERNATIONAL,PARIS (intramuros),GENEVEPA,FRPLY,18:29,CHGVA
9695,2023-06-10,AIX EN PROVENCE TGV,NON,5386,16:22,SUD EST,LYON (intramuros),JCSUDATL,FRLPD,14:50,FRAIE
9696,2023-06-10,AVIGNON TGV,NON,5386,20:05,SUD EST,LAVAL,JCSUDATL,FRACR,15:15,FRAVG
9697,2023-06-10,AVIGNON TGV,NON,5386,18:34,SUD EST,MASSY TGV,JCSUDATL,FRDJU,15:15,FRAVG
9698,2023-06-10,LYON (intramuros),NON,5386,20:05,SUD EST,LAVAL,JCSUDATL,FRACR,16:30,FRLPD
9699,2023-06-10,MARSEILLE ST CHARLES,NON,5386,19:29,SUD EST,LE MANS,JCSUDATL,FRAET,14:36,FRMSC
9700,2023-06-10,PARIS (intramuros),NON,8081,09:03,ATLANTIQUE,RENNES,PARISBRETA,FRRNS,07:04,FRPMO
9701,2023-06-10,VITRE,NON,8081,09:38,ATLANTIQUE,DOL DE BRETAGNE,PARISBRETA,FRDOL,08:42,FRXVT
9702,2023-06-10,VITRE,NON,8081,09:54,ATLANTIQUE,ST MALO,PARISBRETA,FRXSB,08:42,FRXVT
9703,2023-06-10,LILLE (intramuros),NON,5102,09:00,NORD,LYON (intramuros),JCNORDSUD,FRLPD,06:00,FRLLE
9704,2023-06-10,LILLE (intramuros),OUI,5102,07:06,NORD,MARNE LA VALLEE CHESSY,JCNORDSUD,FRMLV,06:00,FRLLE
9705,2023-06-10,MARNE LA VALLEE CHESSY,NON,5102,09:00,NORD,LYON (intramuros),JCNORDSUD,FRLPD,07:13,FRMLV
9706,2023-06-10,LIMOGES BENEDICTINS,OUI,3619,13:40,IC ARO,GOURDON,PALITO,FRFSI,11:56,FRAGQ
9707,2023-06-10,BRIVE LA GAILLARDE,OUI,3619,13:24,IC ARO,SOUILLAC,PALITO,FRSOU,13:00,FRBVE
9708,2023-06-10,BRIVE LA GAILLARDE,OUI,3619,14:07,IC ARO,CAHORS,PALITO,FRZAO,13:00,FRBVE
9709,2023-06-10,CHATEAUROUX,NON,3619,12:57,IC ARO,BRIVE LA GAILLARDE,PALITO,FRBVE,10:41,FRCHR
9710,2023-06-10,CHATEAUROUX,NON,3619,15:23,IC ARO,TOULOUSE MATABIAU,PALITO,FRXYT,10:41,FRCHR
9711,2023-06-10,LES AUBRAIS ORLEANS,NON,3619,12:57,IC ARO,BRIVE LA GAILLARDE,PALITO,FRBVE,09:28,FRLAB
9712,2023-06-10,LES AUBRAIS ORLEANS,NON,3619,10:39,IC ARO,CHATEAUROUX,PALITO,FRCHR,09:28,FRLAB
9713,2023-06-10,LA SOUTERRAINE,NON,3619,14:07,IC ARO,CAHORS,PALITO,FRZAO,11:19,FRLST
9714,2023-06-10,PARIS (intramuros),NON,3619,14:49,IC ARO,MONTAUBAN VILLE BOURBON,PALITO,FRXMW,08:22,FRPAZ
9715,2023-06-10,SOUILLAC,OUI,3619,15:23,IC ARO,TOULOUSE MATABIAU,PALITO,FRXYT,13:26,FRSOU
9716,2023-06-10,VIERZON VILLE,NON,3619,14:49,IC ARO,MONTAUBAN VILLE BOURBON,PALITO,FRXMW,10:09,FRXVZ
9717,2023-06-10,LANNEMEZAN,NON,14157,19:04,IC SRO,TARBES,SUDOUEST,FRXTB,18:41,FRLNZ
9718,2023-06-10,BAYONNE,NON,14157,21:49,IC SRO,HENDAYE,SUDOUEST,FRAEF,21:14,FRXBY
9719,2023-06-10,BAYONNE,NON,14157,21:36,IC SRO,ST JEAN DE LUZ CIBOURE,SUDOUEST,FRXJZ,21:14,FRXBY
9720,2023-06-10,TARBES,NON,14157,21:49,IC SRO,HENDAYE,SUDOUEST,FRAEF,19:07,FRXTB
9721,2023-06-10,TARBES,NON,14157,21:04,IC SRO,BAYONNE,SUDOUEST,FRXBY,19:07,FRXTB
9722,2023-06-10,TOULOUSE MATABIAU,NON,14157,21:04,IC SRO,BAYONNE,SUDOUEST,FRXBY,17:25,FRXYT
9723,2023-06-10,TOULOUSE MATABIAU,NON,14157,21:36,IC SRO,ST JEAN DE LUZ CIBOURE,SUDOUEST,FRXJZ,17:25,FRXYT
9724,2023-06-10,LANNEMEZAN,NON,14157,21:22,IC SRO,BIARRITZ,SUDOUEST,FRBIQ,18:41,FRLNZ
9725,2023-06-10,DAX,NON,8581,15:52,ATLANTIQUE,PARIS (intramuros),SUDOUESTPA,FRPMO,12:28,FRACG
9726,2023-06-10,LOURDES,NON,8581,13:40,ATLANTIQUE,BORDEAUX ST JEAN,SUDOUESTPA,FRBOJ,11:04,FRLDE
9727,2023-06-10,TARBES,OUI,8581,12:19,ATLANTIQUE,DAX,SUDOUESTPA,FRACG,10:39,FRXTB
9728,2023-06-10,TARBES,OUI,8581,11:29,ATLANTIQUE,PAU,SUDOUESTPA,FRAEE,10:39,FRXTB
9729,2023-06-10,CANNES,OUI,6168,17:44,SUD EST,TOULON,AZURPA,FRTLN,16:32,FRJCA
9730,2023-06-10,NICE VILLE,NON,6168,21:50,SUD EST,PARIS (intramuros),AZURPA,FRPLY,16:01,FRNIC
9731,2023-06-10,NICE VILLE,OUI,6168,16:55,SUD EST,ST RAPHAEL VALESCURE,AZURPA,FRXSK,16:01,FRNIC
9732,2023-06-10,ANTIBES,OUI,6168,16:28,SUD EST,CANNES,AZURPA,FRJCA,16:17,FRXAT
9733,2023-06-10,ANTIBES,OUI,6168,18:33,SUD EST,MARSEILLE ST CHARLES,AZURPA,FRMSC,16:17,FRXAT
9734,2023-06-10,ANTIBES,OUI,6168,16:55,SUD EST,ST RAPHAEL VALESCURE,AZURPA,FRXSK,16:17,FRXAT
9735,2023-06-10,MONTELIMAR GARE SNCF,NON,6194,08:42,SUD EST,LYON-SAINT EXUPERY TGV,VDRPA,FRJDQ,07:41,FRXMK
9736,2023-06-10,ORANGE,NON,6194,10:48,SUD EST,PARIS (intramuros),VDRPA,FRPLY,07:13,FRXOG
9737,2023-06-10,ORANGE,OUI,6194,07:38,SUD EST,MONTELIMAR GARE SNCF,VDRPA,FRXMK,07:13,FRXOG
9738,2023-06-10,ANGERS ST LAUD,NON,8931,22:07,ATLANTIQUE,LE CROISIC,PARISLOIRE,FREGU,20:19,FRACL
9739,2023-06-10,NANTES,OUI,8931,22:07,ATLANTIQUE,LE CROISIC,PARISLOIRE,FREGU,21:05,FRNTE
9740,2023-06-10,NANTES,OUI,8931,21:55,ATLANTIQUE,LA BAULE ESCOUBLAC,PARISLOIRE,FRJEE,21:05,FRNTE
9741,2023-06-10,NANTES,OUI,8931,21:39,ATLANTIQUE,ST NAZAIRE,PARISLOIRE,FRSNR,21:05,FRNTE
9742,2023-06-10,PARIS (intramuros),OUI,8931,20:16,ATLANTIQUE,ANGERS ST LAUD,PARISLOIRE,FRACL,18:48,FRPMO
9743,2023-06-10,PARIS (intramuros),NON,8931,21:55,ATLANTIQUE,LA BAULE ESCOUBLAC,PARISLOIRE,FRJEE,18:48,FRPMO
9744,2023-06-10,PARIS (intramuros),OUI,8931,19:54,ATLANTIQUE,SABLE SUR SARTHE,PARISLOIRE,FRSAB,18:48,FRPMO
9745,2023-06-10,SABLE SUR SARTHE,NON,8931,21:39,ATLANTIQUE,ST NAZAIRE,PARISLOIRE,FRSNR,19:56,FRSAB
9746,2023-06-10,ARRAS,NON,7516,12:08,NORD,PARIS (intramuros),ARRASPA,FRPNO,11:18,FRQRV
9747,2023-06-10,BASEL SBB,NON,9219,20:26,INTERNATIONAL,ZUERICH HB,PABALZUR,CHAJD,19:33,CHAJP
9748,2023-06-10,BELFORT-MONTBELIARD TGV,NON,9219,19:03,INTERNATIONAL,MULHOUSE VILLE,PABALZUR,FRAEK,18:41,FRTJA
9749,2023-06-10,MULHOUSE VILLE,NON,9210,11:58,INTERNATIONAL,DIJON VILLE,ZURBALPA,FRABA,10:56,FRAEK
9750,2023-06-10,CHAMBERY CHALLES LES EAUX,OUI,6978,19:14,SUD EST,PARIS (intramuros),ALPESPARIS,FRPLY,16:23,FRCMF
9751,2023-06-10,MACON LOCHE TGV,OUI,6978,19:14,SUD EST,PARIS (intramuros),ALPESPARIS,FRPLY,17:41,FRMLT
9752,2023-06-10,BEZIERS,OUI,6277,21:20,SUD EST,NARBONNE,PALANG,FRXNA,21:06,FRBZR
9753,2023-06-10,PARIS (intramuros),NON,6277,21:03,SUD EST,BEZIERS,PALANG,FRBZR,16:54,FRPLY
9754,2023-06-10,VALENCE TGV RHONE-ALPES SUD,NON,6277,20:49,SUD EST,AGDE,PALANG,FRXAG,19:11,FRVLA
9755,2023-06-10,SETE,OUI,6277,21:03,SUD EST,BEZIERS,PALANG,FRBZR,20:37,FRXSY
9756,2023-06-10,MONTPELLIER SUD DE FRANCE,OUI,6277,20:34,SUD EST,SETE,PALANG,FRXSY,20:20,FRSUF
9757,2023-06-10,VALENCE TGV RHONE-ALPES SUD,NON,6277,20:11,SUD EST,MONTPELLIER SUD DE FRANCE,PALANG,FRSUF,19:11,FRVLA
9758,2023-06-10,MONTPELLIER SUD DE FRANCE,OUI,6277,21:20,SUD EST,NARBONNE,PALANG,FRXNA,20:20,FRSUF
9759,2023-06-10,MONTPELLIER SUD DE FRANCE,OUI,6277,21:56,SUD EST,PERPIGNAN,PALANG,FRPGF,20:20,FRSUF
9760,2023-06-10,VALENCE TGV RHONE-ALPES SUD,OUI,6277,19:48,SUD EST,NIMES PONT DU GARD,PALANG,FRXZP,19:11,FRVLA
9761,2023-06-10,NIMES PONT DU GARD,NON,6277,20:34,SUD EST,SETE,PALANG,FRXSY,19:53,FRXZP
9762,2023-06-10,AIX EN PROVENCE TGV,NON,6801,10:35,SUD EST,CANNES,JCPROVSUD,FRJCA,08:03,FRAIE
9763,2023-06-10,AIX EN PROVENCE TGV,NON,6801,08:14,SUD EST,MARSEILLE ST CHARLES,JCPROVSUD,FRMSC,08:03,FRAIE
9764,2023-06-10,AIX EN PROVENCE TGV,NON,6801,09:49,SUD EST,LES ARCS DRAGUIGNAN,JCPROVSUD,FRXRS,08:03,FRAIE
9765,2023-06-10,AVIGNON TGV,NON,6801,08:14,SUD EST,MARSEILLE ST CHARLES,JCPROVSUD,FRMSC,07:38,FRAVG
9766,2023-06-10,AVIGNON TGV,NON,6801,11:06,SUD EST,NICE VILLE,JCPROVSUD,FRNIC,07:38,FRAVG
9767,2023-06-10,AVIGNON TGV,NON,6801,10:06,SUD EST,ST RAPHAEL VALESCURE,JCPROVSUD,FRXSK,07:38,FRAVG
9768,2023-06-10,LYON (intramuros),NON,6801,09:49,SUD EST,LES ARCS DRAGUIGNAN,JCPROVSUD,FRXRS,06:04,FRLPD
9769,2023-06-10,MARSEILLE ST CHARLES,NON,6801,10:06,SUD EST,ST RAPHAEL VALESCURE,JCPROVSUD,FRXSK,08:28,FRMSC
9770,2023-06-10,TOULON,OUI,6801,10:35,SUD EST,CANNES,JCPROVSUD,FRJCA,09:15,FRTLN
9771,2023-06-10,TOULON,OUI,6801,10:06,SUD EST,ST RAPHAEL VALESCURE,JCPROVSUD,FRXSK,09:15,FRTLN
9772,2023-06-10,VALENCE TGV RHONE-ALPES SUD,NON,6801,07:35,SUD EST,AVIGNON TGV,JCPROVSUD,FRAVG,07:00,FRVLA
9773,2023-06-10,VALENCE TGV RHONE-ALPES SUD,NON,6801,10:47,SUD EST,ANTIBES,JCPROVSUD,FRXAT,07:00,FRVLA
9774,2023-06-10,LES ARCS DRAGUIGNAN,OUI,6801,11:06,SUD EST,NICE VILLE,JCPROVSUD,FRNIC,09:52,FRXRS
9775,2023-06-10,LES ARCS DRAGUIGNAN,OUI,6801,10:47,SUD EST,ANTIBES,JCPROVSUD,FRXAT,09:52,FRXRS
9776,2023-06-10,AIX EN PROVENCE TGV,OUI,6123,20:56,SUD EST,MARSEILLE ST CHARLES,PAPROVENCE,FRMSC,20:44,FRAIE
9777,2023-06-10,FRANKFURT MAIN HBF,NON,9554,12:23,INTERNATIONAL,KAISERSLAUTERN HBF,FRANCPA,DEKLT,10:56,DEFRH
9778,2023-06-10,FRANKFURT MAIN HBF,NON,9554,13:01,INTERNATIONAL,SARREBRUCK/SAARBRUECKEN,FRANCPA,DESBK,10:56,DEFRH
9779,2023-06-10,MANNHEIM HBF,NON,9554,13:01,INTERNATIONAL,SARREBRUCK/SAARBRUECKEN,FRANCPA,DESBK,11:40,DEMHG
9780,2023-06-10,DAX,OUI,8541,16:47,ATLANTIQUE,HENDAYE,PASUDOUEST,FRAEF,15:32,FRACG
9781,2023-06-10,DAX,OUI,8541,16:16,ATLANTIQUE,BIARRITZ,PASUDOUEST,FRBIQ,15:32,FRACG
9782,2023-06-10,BORDEAUX ST JEAN,OUI,8541,16:16,ATLANTIQUE,BIARRITZ,PASUDOUEST,FRBIQ,14:21,FRBOJ
9783,2023-06-10,BORDEAUX ST JEAN,OUI,8541,16:32,ATLANTIQUE,ST JEAN DE LUZ CIBOURE,PASUDOUEST,FRXJZ,14:21,FRBOJ
9784,2023-06-10,PARIS (intramuros),NON,8541,16:32,ATLANTIQUE,ST JEAN DE LUZ CIBOURE,PASUDOUEST,FRXJZ,12:08,FRPMO
9785,2023-06-10,DIJON VILLE,OUI,9896,20:16,EST,BESANCON - F COMTE TGV,JCRHONRHIN,FRTJB,19:49,FRABA
9786,2023-06-10,STRASBOURG,OUI,9896,23:02,EST,METZ VILLE,JCRHONRHIN,FRADE,22:14,FRAEG
9787,2023-06-10,AIX EN PROVENCE TGV,NON,9896,23:02,EST,METZ VILLE,JCRHONRHIN,FRADE,16:11,FRAIE
9788,2023-06-10,AIX EN PROVENCE TGV,NON,9896,20:40,EST,BELFORT-MONTBELIARD TGV,JCRHONRHIN,FRTJA,16:11,FRAIE
9789,2023-06-10,LYON (intramuros),NON,9896,23:02,EST,METZ VILLE,JCRHONRHIN,FRADE,18:00,FRLPD
9790,2023-06-10,LYON (intramuros),NON,9896,22:07,EST,STRASBOURG,JCRHONRHIN,FRAEG,18:00,FRLPD
9791,2023-06-10,LYON (intramuros),NON,9896,20:40,EST,BELFORT-MONTBELIARD TGV,JCRHONRHIN,FRTJA,18:00,FRLPD
9792,2023-06-10,LYON (intramuros),NON,9896,20:16,EST,BESANCON - F COMTE TGV,JCRHONRHIN,FRTJB,18:00,FRLPD
9793,2023-06-10,MARSEILLE ST CHARLES,NON,9896,23:02,EST,METZ VILLE,JCRHONRHIN,FRADE,15:56,FRMSC
9794,2023-06-10,MARSEILLE ST CHARLES,NON,9896,22:07,EST,STRASBOURG,JCRHONRHIN,FRAEG,15:56,FRMSC
9795,2023-06-10,MARSEILLE ST CHARLES,OUI,9896,16:08,EST,AIX EN PROVENCE TGV,JCRHONRHIN,FRAIE,15:56,FRMSC
9796,2023-06-10,BELFORT-MONTBELIARD TGV,OUI,9896,21:09,EST,MULHOUSE VILLE,JCRHONRHIN,FRAEK,20:45,FRTJA
9797,2023-06-10,BESANCON - F COMTE TGV,OUI,9896,21:09,EST,MULHOUSE VILLE,JCRHONRHIN,FRAEK,20:19,FRTJB
9798,2023-06-10,VALENCE TGV RHONE-ALPES SUD,NON,9896,23:02,EST,METZ VILLE,JCRHONRHIN,FRADE,17:13,FRVLA
9799,2023-06-10,VALENCE TGV RHONE-ALPES SUD,NON,9896,20:40,EST,BELFORT-MONTBELIARD TGV,JCRHONRHIN,FRTJA,17:13,FRVLA
9800,2023-06-10,DIJON VILLE,NON,2204,18:44,EST,BELFORT-MONTBELIARD TGV,JCRHONRHIN,FRTJA,17:50,FRABA
9801,2023-06-10,NIMES,NON,2204,20:18,EST,STRASBOURG,JCRHONRHIN,FRAEG,14:23,FRFNI
9802,2023-06-10,MACON VILLE,NON,2204,19:09,EST,MULHOUSE VILLE,JCRHONRHIN,FRAEK,16:41,FRHGU
9803,2023-06-10,MACON VILLE,NON,2204,18:44,EST,BELFORT-MONTBELIARD TGV,JCRHONRHIN,FRTJA,16:41,FRHGU
9804,2023-06-10,LYON (intramuros),NON,2204,20:18,EST,STRASBOURG,JCRHONRHIN,FRAEG,16:04,FRLPD
9805,2023-06-10,LYON (intramuros),NON,2204,16:39,EST,MACON VILLE,JCRHONRHIN,FRHGU,16:04,FRLPD
9806,2023-06-10,MONTPELLIER SAINT-ROCH,NON,2204,20:18,EST,STRASBOURG,JCRHONRHIN,FRAEG,13:55,FRMPL
9807,2023-06-10,MONTPELLIER SAINT-ROCH,NON,2204,16:39,EST,MACON VILLE,JCRHONRHIN,FRHGU,13:55,FRMPL
9808,2023-06-10,MONTPELLIER SAINT-ROCH,NON,2204,15:51,EST,LYON (intramuros),JCRHONRHIN,FRLPD,13:55,FRMPL
9809,2023-06-10,MONTPELLIER SAINT-ROCH,NON,2204,18:44,EST,BELFORT-MONTBELIARD TGV,JCRHONRHIN,FRTJA,13:55,FRMPL
9810,2023-06-10,MONTPELLIER SAINT-ROCH,NON,2204,15:09,EST,VALENCE TGV RHONE-ALPES SUD,JCRHONRHIN,FRVLA,13:55,FRMPL
9811,2023-06-10,BELFORT-MONTBELIARD TGV,NON,2204,20:18,EST,STRASBOURG,JCRHONRHIN,FRAEG,18:47,FRTJA
9812,2023-06-10,BESANCON - F COMTE TGV,NON,2204,18:44,EST,BELFORT-MONTBELIARD TGV,JCRHONRHIN,FRTJA,18:22,FRTJB
9813,2023-06-10,VALENCE TGV RHONE-ALPES SUD,NON,2204,17:40,EST,DIJON VILLE,JCRHONRHIN,FRABA,15:12,FRVLA
9814,2023-06-10,VALENCE TGV RHONE-ALPES SUD,NON,2204,15:51,EST,LYON (intramuros),JCRHONRHIN,FRLPD,15:12,FRVLA
9815,2023-06-10,BRUXELLES MIDI BRUSSEL ZUID,NON,9812,13:35,NORD,NIMES,JCNORDSUD,FRFNI,08:17,BEBMI
9816,2023-06-10,BRUXELLES MIDI BRUSSEL ZUID,NON,9812,09:53,NORD,AEROPORT CDG2 TGV ROISSY,JCNORDSUD,FRMLW,08:17,BEBMI
9817,2023-06-10,NIMES,OUI,9812,14:03,NORD,MONTPELLIER SAINT-ROCH,JCNORDSUD,FRMPL,13:38,FRFNI
9818,2023-06-10,LILLE (intramuros),NON,9812,12:45,NORD,VALENCE TGV RHONE-ALPES SUD,JCNORDSUD,FRVLA,09:03,FRLLE
9819,2023-06-10,MARNE LA VALLEE CHESSY,NON,9812,13:35,NORD,NIMES,JCNORDSUD,FRFNI,10:13,FRMLV
9820,2023-06-10,AEROPORT CDG2 TGV ROISSY,NON,9812,14:03,NORD,MONTPELLIER SAINT-ROCH,JCNORDSUD,FRMPL,09:59,FRMLW
9821,2023-06-10,VALENCE TGV RHONE-ALPES SUD,NON,9812,14:03,NORD,MONTPELLIER SAINT-ROCH,JCNORDSUD,FRMPL,12:50,FRVLA
9822,2023-06-10,LYON (intramuros),OUI,6627,20:10,SUD EST,LYON (intramuros),PARISRHONE,FRLPE,20:02,FRLPD
9823,2023-06-10,FRANKFURT MAIN HBF,NON,9560,17:36,INTERNATIONAL,MANNHEIM HBF,FRANCPA,DEMHG,16:56,DEFRH
9824,2023-06-10,MANNHEIM HBF,NON,9560,18:04,INTERNATIONAL,KARLSRUHE HBF,FRANCPA,DEQKA,17:38,DEMHG
9825,2023-06-10,KARLSRUHE HBF,NON,9560,20:41,INTERNATIONAL,PARIS (intramuros),FRANCPA,FRPST,18:05,DEQKA
9826,2023-06-10,PARIS (intramuros),NON,2807,09:44,EST,METZ VILLE,PAMETZLUX,FRADE,08:14,FRPST
9827,2023-06-10,LILLE (intramuros),OUI,7242,21:08,NORD,PARIS (intramuros),ARRASPA,FRPNO,19:36,FRLLE
9828,2023-06-10,LYON (intramuros),NON,5351,10:39,SUD EST,ANGERS ST LAUD,JCSUDATL,FRACL,06:30,FRLPD
9829,2023-06-10,LYON (intramuros),NON,5351,09:42,SUD EST,ST PIERRE DES CORPS,JCSUDATL,FRXSH,06:16,FRLPE
9830,2023-06-10,SAVERNE,OUI,2584,07:16,EST,NANCY,NANCYPA,FRENC,06:06,FRSNE
9831,2023-06-10,SAVERNE,OUI,2584,06:46,EST,LUNEVILLE,NANCYPA,FRLNE,06:06,FRSNE
9832,2023-06-10,BELFORT-MONTBELIARD TGV,NON,9218,15:38,INTERNATIONAL,PARIS (intramuros),ZURBALPA,FRPLY,13:20,FRTJA
9833,2023-06-10,MULHOUSE VILLE,NON,6704,15:08,SUD EST,PARIS (intramuros),BOURPA,FRPLY,12:05,FRAEK
9834,2023-06-10,MULHOUSE VILLE,NON,6704,12:51,SUD EST,BESANCON - F COMTE TGV,BOURPA,FRTJB,12:05,FRAEK
9835,2023-06-10,BORDEAUX ST JEAN,NON,8505,15:36,ATLANTIQUE,TOULOUSE MATABIAU,PASUDOUEST,FRXYT,13:20,FRBOJ
9836,2023-06-10,PARIS (intramuros),NON,8505,14:21,ATLANTIQUE,AGEN,PASUDOUEST,FRAGF,11:08,FRPMO
9837,2023-06-10,ANGERS ST LAUD,NON,8912,10:23,ATLANTIQUE,LE MANS,LOIREPARIS,FRAET,09:44,FRACL
9838,2023-06-10,LE CROISIC,NON,8912,11:25,ATLANTIQUE,PARIS (intramuros),LOIREPARIS,FRPMO,07:55,FREGU
9839,2023-06-10,LA BAULE ESCOUBLAC,NON,8912,11:25,ATLANTIQUE,PARIS (intramuros),LOIREPARIS,FRPMO,08:07,FRJEE
9840,2023-06-10,NANTES,OUI,8912,09:41,ATLANTIQUE,ANGERS ST LAUD,LOIREPARIS,FRACL,09:05,FRNTE
9841,2023-06-10,ST NAZAIRE,NON,8912,10:23,ATLANTIQUE,LE MANS,LOIREPARIS,FRAET,08:24,FRSNR
9842,2023-06-10,PARIS (intramuros),NON,9777,19:30,INTERNATIONAL,GENEVE,PAGENEVE,CHGVA,16:16,FRPLY
9843,2023-06-10,PARIS (intramuros),NON,9777,19:00,INTERNATIONAL,BELLEGARDE,PAGENEVE,FRXBF,16:16,FRPLY
9844,2023-06-10,BAYONNE,NON,14150,18:02,IC SRO,PAU,SUDOUEST,FRAEE,16:20,FRXBY
9845,2023-06-10,BAYONNE,NON,14150,19:30,IC SRO,ST GAUDENS,SUDOUEST,FRFPH,16:20,FRXBY
9846,2023-06-10,BAYONNE,NON,14150,18:30,IC SRO,LOURDES,SUDOUEST,FRLDE,16:20,FRXBY
9847,2023-06-10,TARBES,NON,14150,19:30,IC SRO,ST GAUDENS,SUDOUEST,FRFPH,18:50,FRXTB
9848,2023-06-10,TARBES,NON,14150,20:27,IC SRO,TOULOUSE MATABIAU,SUDOUEST,FRXYT,18:50,FRXTB
9849,2023-06-10,BORDEAUX ST JEAN,NON,4655,13:05,IC ARO,MARSEILLE ST CHARLES,TJOURSOSE,FRMSC,06:18,FRBOJ
9850,2023-06-10,CARCASSONNE,NON,4655,11:20,IC ARO,NIMES,TJOURSOSE,FRFNI,09:29,FRCCF
9851,2023-06-10,CARCASSONNE,NON,4655,13:05,IC ARO,MARSEILLE ST CHARLES,TJOURSOSE,FRMSC,09:29,FRCCF
9852,2023-06-10,MONTAUBAN VILLE BOURBON,NON,4655,13:05,IC ARO,MARSEILLE ST CHARLES,TJOURSOSE,FRMSC,08:02,FRXMW
9853,2023-06-10,MONTAUBAN VILLE BOURBON,NON,4655,09:58,IC ARO,NARBONNE,TJOURSOSE,FRXNA,08:02,FRXMW
9854,2023-06-10,MONTAUBAN VILLE BOURBON,OUI,4655,08:37,IC ARO,TOULOUSE MATABIAU,TJOURSOSE,FRXYT,08:02,FRXMW
9855,2023-06-10,TOULOUSE MATABIAU,NON,4655,09:27,IC ARO,CARCASSONNE,TJOURSOSE,FRCCF,08:45,FRXYT
9856,2023-06-10,TOULOUSE MATABIAU,NON,4655,11:20,IC ARO,NIMES,TJOURSOSE,FRFNI,08:45,FRXYT
9857,2023-06-10,NEVERS,OUI,5983,22:23,IC ARO,RIOM CHATEL GUYON,PACLERMONT,FRRIO,20:59,FRNVS
9858,2023-06-10,NEVERS,OUI,5983,22:01,IC ARO,VICHY,PACLERMONT,FRVHY,20:59,FRNVS
9859,2023-06-10,NEVERS,OUI,5983,21:28,IC ARO,MOULINS SUR ALLIER,PACLERMONT,FRXMU,20:59,FRNVS
9860,2023-06-10,PARIS (intramuros),OUI,5983,20:57,IC ARO,NEVERS,PACLERMONT,FRNVS,18:47,FRPLY
9861,2023-06-10,PARIS (intramuros),OUI,5983,22:01,IC ARO,VICHY,PACLERMONT,FRVHY,18:47,FRPLY
9862,2023-06-10,MODANE,NON,9240,11:40,INTERNATIONAL,MACON LOCHE TGV,ITALIEPA,FRMLT,09:13,FRAGR
9863,2023-06-10,ST JEAN DE MAURIENNE ARVAN,NON,9240,11:40,INTERNATIONAL,MACON LOCHE TGV,ITALIEPA,FRMLT,09:37,FRHPN
9864,2023-06-10,ST JEAN DE MAURIENNE ARVAN,NON,9240,13:14,INTERNATIONAL,PARIS (intramuros),ITALIEPA,FRPLY,09:37,FRHPN
9865,2023-06-10,MACON LOCHE TGV,NON,9240,13:14,INTERNATIONAL,PARIS (intramuros),ITALIEPA,FRPLY,11:43,FRMLT
9866,2023-06-10,MILANO P GARIBALDI,NON,9240,10:15,INTERNATIONAL,CHAMBERY CHALLES LES EAUX,ITALIEPA,FRCMF,06:00,ITMPG
9867,2023-06-10,OULX CESANA CLAV SESTRIERE,NON,9240,09:03,INTERNATIONAL,MODANE,ITALIEPA,FRAGR,08:36,ITOCS
9868,2023-06-10,OULX CESANA CLAV SESTRIERE,NON,9240,11:40,INTERNATIONAL,MACON LOCHE TGV,ITALIEPA,FRMLT,08:36,ITOCS
9869,2023-06-10,TORINO PORTA SUSA,NON,9240,09:36,INTERNATIONAL,ST JEAN DE MAURIENNE ARVAN,ITALIEPA,FRHPN,07:36,ITTRS
9870,2023-06-10,TORINO PORTA SUSA,NON,9240,11:40,INTERNATIONAL,MACON LOCHE TGV,ITALIEPA,FRMLT,07:36,ITTRS
9871,2023-06-10,SARREBRUCK/SAARBRUECKEN,NON,9559,21:34,INTERNATIONAL,KAISERSLAUTERN HBF,PAFRANC,DEKLT,20:59,DESBK
9872,2023-06-10,BORDEAUX ST JEAN,NON,8502,10:52,ATLANTIQUE,PARIS (intramuros),SUDOUESTPA,FRPMO,08:46,FRBOJ
9873,2023-06-10,MONTAUBAN VILLE BOURBON,NON,8502,08:40,ATLANTIQUE,BORDEAUX ST JEAN,SUDOUESTPA,FRBOJ,06:57,FRXMW
9874,2023-06-10,MONTAUBAN VILLE BOURBON,NON,8502,10:52,ATLANTIQUE,PARIS (intramuros),SUDOUESTPA,FRPMO,06:57,FRXMW
9875,2023-06-10,REIMS,OUI,2266,13:01,EST,PARIS (intramuros),SEDBARPA,FRPST,12:15,FRRHE
9876,2023-06-10,LES CABANNES,OUI,3972,07:18,IC NUIT,PARIS (intramuros),PALOMBEPAR,FRPAZ,20:03,FRFQK
9877,2023-06-10,AX LES THERMES,OUI,3972,07:18,IC NUIT,PARIS (intramuros),PALOMBEPAR,FRPAZ,19:44,FRXLT
9878,2023-06-10,LATOUR DE CAROL ENVEITG,OUI,3972,07:18,IC NUIT,PARIS (intramuros),PALOMBEPAR,FRPAZ,18:42,FRXTE
9879,2023-06-10,AX LES THERMES,OUI,3972,19:53,IC NUIT,LUZENAC GARANOU,PALOMBEPAR,FRFQI,19:44,FRXLT
9880,2023-06-10,ANGERS ST LAUD,NON,5482,11:09,EST,AEROPORT CDG2 TGV ROISSY,JCATLEST,FRMLW,08:48,FRACL
9881,2023-06-10,MARNE LA VALLEE CHESSY,NON,5482,12:32,EST,LORRAINE TGV,JCATLEST,FREAM,11:00,FRMLV
9882,2023-06-10,NANTES,OUI,5482,08:45,EST,ANGERS ST LAUD,JCATLEST,FRACL,08:09,FRNTE
9883,2023-06-10,NANTES,NON,5482,11:09,EST,AEROPORT CDG2 TGV ROISSY,JCATLEST,FRMLW,08:09,FRNTE
9884,2023-06-10,PARIS (intramuros),OUI,6279,21:06,SUD EST,VALENCE TGV RHONE-ALPES SUD,PALANG,FRVLA,18:54,FRPLY
9885,2023-06-10,NIMES,OUI,6036,19:03,SUD EST,VALENCE TGV RHONE-ALPES SUD,LANGPA,FRVLA,18:20,FRFNI
9886,2023-06-10,LA ROCHELLE VILLE,NON,8374,11:23,ATLANTIQUE,NIORT,ROCHELLEPA,FRNIT,10:44,FRLRH
9887,2023-06-10,LA ROCHELLE VILLE,NON,8374,13:37,ATLANTIQUE,PARIS (intramuros),ROCHELLEPA,FRPMO,10:44,FRLRH
9888,2023-06-10,POITIERS,OUI,8374,13:37,ATLANTIQUE,PARIS (intramuros),ROCHELLEPA,FRPMO,12:15,FRPIS
9889,2023-06-10,GRENOBLE,OUI,6922,17:50,SUD EST,LYON-SAINT EXUPERY TGV,GRENOBLEPA,FRJDQ,16:47,FRGNB
9890,2023-06-10,BELFORT-MONTBELIARD TGV,NON,6702,10:42,SUD EST,PARIS (intramuros),BOURPA,FRPLY,08:11,FRTJA
9891,2023-06-10,PARIS (intramuros),NON,7365,13:04,NORD,DUNKERQUE,PAARRAS,FRADI,10:52,FRPNO
9892,2023-06-10,PARIS (intramuros),NON,7365,12:16,NORD,BETHUNE,PAARRAS,FRXBH,10:52,FRPNO
9893,2023-06-10,BORDEAUX ST JEAN,NON,3856,16:15,IC SRO,LA ROCHELLE VILLE,BORDONANTE,FRLRH,13:53,FRBOJ
9894,2023-06-10,JONZAC,NON,3856,16:15,IC SRO,LA ROCHELLE VILLE,BORDONANTE,FRLRH,14:41,FREMR
9895,2023-06-10,LUCON,NON,3856,18:05,IC SRO,NANTES,BORDONANTE,FRNTE,17:00,FRLCN
9896,2023-06-10,LA ROCHELLE VILLE,NON,3856,18:05,IC SRO,NANTES,BORDONANTE,FRNTE,16:19,FRLRH
9897,2023-06-10,SAINTES,NON,3856,18:05,IC SRO,NANTES,BORDONANTE,FRNTE,15:25,FRXST
9898,2023-06-10,MORLAIX,OUI,8606,09:29,ATLANTIQUE,RENNES,BRETAPARIS,FRRNS,07:54,FRMXN
9899,2023-06-10,MORLAIX,OUI,8606,08:37,ATLANTIQUE,ST BRIEUC,BRETAPARIS,FRSBK,07:54,FRMXN
9900,2023-06-10,RENNES,NON,8606,11:19,ATLANTIQUE,PARIS (intramuros),BRETAPARIS,FRPMO,09:35,FRRNS
9901,2023-06-10,ST BRIEUC,OUI,8606,09:29,ATLANTIQUE,RENNES,BRETAPARIS,FRRNS,08:40,FRSBK
9902,2023-06-10,DAX,OUI,8585,21:44,ATLANTIQUE,PARIS (intramuros),SUDOUESTPA,FRPMO,18:23,FRACG
9903,2023-06-10,ORTHEZ,OUI,8585,18:19,ATLANTIQUE,DAX,SUDOUESTPA,FRACG,17:51,FRGFI
9904,2023-06-10,ORTHEZ,OUI,8585,21:44,ATLANTIQUE,PARIS (intramuros),SUDOUESTPA,FRPMO,17:51,FRGFI
9905,2023-06-10,LOURDES,OUI,8585,17:49,ATLANTIQUE,ORTHEZ,SUDOUESTPA,FRGFI,17:00,FRLDE
9906,2023-06-10,TARBES,OUI,8585,21:44,ATLANTIQUE,PARIS (intramuros),SUDOUESTPA,FRPMO,16:36,FRXTB
9907,2023-06-10,PARIS (intramuros),NON,6193,14:03,SUD EST,LYON-SAINT EXUPERY TGV,PAVDR,FRJDQ,12:12,FRPLY
9908,2023-06-10,VALENCE VILLE,OUI,6193,15:38,SUD EST,ORANGE,PAVDR,FRXOG,14:49,FRVAF
9909,2023-06-10,BRIVE LA GAILLARDE,OUI,3684,18:53,IC ARO,LIMOGES BENEDICTINS,TOULOUZECO,FRAGQ,17:50,FRBVE
9910,2023-06-10,BRIVE LA GAILLARDE,OUI,3684,20:09,IC ARO,CHATEAUROUX,TOULOUZECO,FRCHR,17:50,FRBVE
9911,2023-06-10,BRIVE LA GAILLARDE,OUI,3684,22:21,IC ARO,PARIS (intramuros),TOULOUZECO,FRPAZ,17:50,FRBVE
9912,2023-06-10,UZERCHE,OUI,3684,19:53,IC ARO,ARGENTON SUR CREUSE,TOULOUZECO,FRFMT,18:16,FRAAW
9913,2023-06-10,BRIVE LA GAILLARDE,OUI,3635,17:30,IC ARO,SOUILLAC,PALITO,FRSOU,17:06,FRBVE
9914,2023-06-10,BRIVE LA GAILLARDE,OUI,3635,18:15,IC ARO,CAHORS,PALITO,FRZAO,17:06,FRBVE
9915,2023-06-10,CHATEAUROUX,OUI,3635,16:00,IC ARO,LIMOGES BENEDICTINS,PALITO,FRAGQ,14:45,FRCHR
9916,2023-06-10,CHATEAUROUX,OUI,3635,17:03,IC ARO,BRIVE LA GAILLARDE,PALITO,FRBVE,14:45,FRCHR
9917,2023-06-10,CHATEAUROUX,OUI,3635,17:30,IC ARO,SOUILLAC,PALITO,FRSOU,14:45,FRCHR
9918,2023-06-10,ARGENTON SUR CREUSE,OUI,3635,16:00,IC ARO,LIMOGES BENEDICTINS,PALITO,FRAGQ,15:01,FRFMT
9919,2023-06-10,ARGENTON SUR CREUSE,OUI,3635,17:03,IC ARO,BRIVE LA GAILLARDE,PALITO,FRBVE,15:01,FRFMT
9920,2023-06-10,PARIS (intramuros),OUI,3635,14:43,IC ARO,CHATEAUROUX,PALITO,FRCHR,12:37,FRPAZ
9921,2023-06-10,PARIS (intramuros),OUI,3635,15:00,IC ARO,ARGENTON SUR CREUSE,PALITO,FRFMT,12:37,FRPAZ
9922,2023-06-10,SOUILLAC,OUI,3635,18:15,IC ARO,CAHORS,PALITO,FRZAO,17:32,FRSOU
9923,2023-06-10,VIERZON VILLE,OUI,3635,17:03,IC ARO,BRIVE LA GAILLARDE,PALITO,FRBVE,14:13,FRXVZ
9924,2023-06-10,VIERZON VILLE,OUI,3635,15:00,IC ARO,ARGENTON SUR CREUSE,PALITO,FRFMT,14:13,FRXVZ
9925,2023-06-10,VENDOME VILLIERS SUR LOIR,OUI,8333,14:41,ATLANTIQUE,POITIERS,PAROCHELLE,FRPIS,13:15,FRESL
9926,2023-06-10,VENDOME VILLIERS SUR LOIR,OUI,8333,13:35,ATLANTIQUE,ST PIERRE DES CORPS,PAROCHELLE,FRXSH,13:15,FRESL
9927,2023-06-10,PARIS (intramuros),NON,8333,14:41,ATLANTIQUE,POITIERS,PAROCHELLE,FRPIS,12:28,FRPMO
9928,2023-06-10,PARIS (intramuros),NON,8333,14:11,ATLANTIQUE,CHATELLERAULT,PAROCHELLE,FRXCX,12:28,FRPMO
9929,2023-06-10,VENDOME VILLIERS SUR LOIR,OUI,8333,14:29,ATLANTIQUE,FUTUROSCOPE,PAROCHELLE,FRTGO,13:15,FRESL
9930,2023-06-10,TARBES,NON,14148,17:29,IC SRO,LANNEMEZAN,SUDOUEST,FRLNZ,17:03,FRXTB
9931,2023-06-10,ZUERICH HB,NON,9206,08:28,INTERNATIONAL,BASEL SBB,ZURBALPA,CHAJP,07:34,CHAJD
9932,2023-06-10,KAISERSLAUTERN HBF,NON,9553,16:59,INTERNATIONAL,FRANKFURT MAIN HBF,PAFRANC,DEFRH,15:37,DEKLT
9933,2023-06-10,PARIS (intramuros),NON,9553,16:59,INTERNATIONAL,FRANKFURT MAIN HBF,PAFRANC,DEFRH,13:10,FRPST
9934,2023-06-10,PARIS (intramuros),NON,9553,14:57,INTERNATIONAL,SARREBRUCK/SAARBRUECKEN,PAFRANC,DESBK,13:10,FRPST
9935,2023-06-10,LAVAL,NON,8739,22:30,ATLANTIQUE,ROSPORDEN,PARISBRETA,FRRSP,19:58,FRACR
9936,2023-06-10,PARIS (intramuros),NON,8739,21:03,ATLANTIQUE,REDON,PARISBRETA,FRXRN,18:40,FRPMO
9937,2023-06-10,REDON,NON,8739,22:45,ATLANTIQUE,QUIMPER,PARISBRETA,FRUIP,21:05,FRXRN
9938,2023-06-10,AURAY,OUI,8739,21:59,ATLANTIQUE,LORIENT,PARISBRETA,FRLRT,21:44,FRXUY
9939,2023-06-10,BORDEAUX ST JEAN,NON,12250,10:52,ATLANTIQUE,PARIS (intramuros),SUDOUESTPA,FRPMO,08:46,FRBOJ
9940,2023-06-10,NURIEUX,NON,9781,21:30,INTERNATIONAL,GENEVE,PAGENEVE,CHGVA,20:37,FRHQN
9941,2023-06-10,NURIEUX,NON,9781,21:00,INTERNATIONAL,BELLEGARDE,PAGENEVE,FRXBF,20:37,FRHQN
9942,2023-06-10,BOURG EN BRESSE,NON,9781,20:35,INTERNATIONAL,NURIEUX,PAGENEVE,FRHQN,20:10,FRXBK
9943,2023-06-10,OFFENBOURG/OFFENBURG,OUI,9591,20:26,EST,FREIBURG BREISGAU HBF,PASTRAMULH,DEFGB,19:44,DEZPA
9944,2023-06-10,NIMES,NON,5158,16:57,NORD,LILLE (intramuros),JCSUDNORD,FRLLE,12:23,FRFNI
9945,2023-06-10,LYON (intramuros),NON,5158,16:57,NORD,LILLE (intramuros),JCSUDNORD,FRLLE,14:00,FRLPD
9946,2023-06-10,LYON (intramuros),NON,5158,16:00,NORD,AEROPORT CDG2 TGV ROISSY,JCSUDNORD,FRMLW,14:00,FRLPD
9947,2023-06-10,MARNE LA VALLEE CHESSY,NON,5158,16:00,NORD,AEROPORT CDG2 TGV ROISSY,JCSUDNORD,FRMLW,15:50,FRMLV
9948,2023-06-10,VALENCE TGV RHONE-ALPES SUD,NON,5158,16:57,NORD,LILLE (intramuros),JCSUDNORD,FRLLE,13:11,FRVLA
9949,2023-06-10,CLERMONT FERRAND,OUI,5962,08:40,IC ARO,RIOM CHATEL GUYON,CLERMONTPA,FRRIO,08:31,FRCFE
9950,2023-06-10,CLERMONT FERRAND,NON,5962,09:29,IC ARO,MOULINS SUR ALLIER,CLERMONTPA,FRXMU,08:31,FRCFE
9951,2023-06-10,RIOM CHATEL GUYON,NON,5962,09:29,IC ARO,MOULINS SUR ALLIER,CLERMONTPA,FRXMU,08:42,FRRIO
9952,2023-06-10,VICHY,NON,5962,11:57,IC ARO,PARIS (intramuros),CLERMONTPA,FRPLY,09:06,FRVHY
9953,2023-06-10,VICHY,NON,5962,09:29,IC ARO,MOULINS SUR ALLIER,CLERMONTPA,FRXMU,09:06,FRVHY
9954,2023-06-10,BORDEAUX ST JEAN,OUI,12246,21:44,ATLANTIQUE,PARIS (intramuros),SUDOUESTPA,FRPMO,19:37,FRBOJ
9955,2023-06-10,CHAMPAGNE-ARDENNE,NON,2503,09:16,EST,NANCY,PANANCY,FRENC,08:12,FREAH
9956,2023-06-10,PARIS (intramuros),NON,2503,08:09,EST,CHAMPAGNE-ARDENNE,PANANCY,FREAH,07:28,FRPST
9957,2023-06-10,PARIS (intramuros),NON,2503,09:16,EST,NANCY,PANANCY,FRENC,07:28,FRPST
9958,2023-06-10,POITIERS,OUI,8491,20:33,ATLANTIQUE,ANGOULEME,PASUDOUEST,FRANG,19:54,FRPIS
9959,2023-06-10,PARIS (intramuros),OUI,8491,21:16,ATLANTIQUE,LIBOURNE,PASUDOUEST,FRXLR,18:24,FRPMO
9960,2023-06-10,BORDEAUX ST JEAN,OUI,8478,08:54,ATLANTIQUE,PARIS (intramuros),SUDOUESTPA,FRPMO,06:46,FRBOJ
9961,2023-06-10,ARCACHON,OUI,8478,08:54,ATLANTIQUE,PARIS (intramuros),SUDOUESTPA,FRPMO,06:00,FRXAC
9962,2023-06-10,SARREBRUCK/SAARBRUECKEN,NON,9551,12:59,INTERNATIONAL,FRANKFURT MAIN HBF,PAFRANC,DEFRH,10:58,DESBK
9963,2023-06-10,SARREBRUCK/SAARBRUECKEN,NON,9551,12:17,INTERNATIONAL,MANNHEIM HBF,PAFRANC,DEMHG,10:58,DESBK
9964,2023-06-10,FORBACH,NON,9551,12:17,INTERNATIONAL,MANNHEIM HBF,PAFRANC,DEMHG,10:47,FRBQT
9965,2023-06-10,FORBACH,NON,9551,10:56,INTERNATIONAL,SARREBRUCK/SAARBRUECKEN,PAFRANC,DESBK,10:47,FRBQT
9966,2023-06-10,PARIS (intramuros),NON,9551,12:59,INTERNATIONAL,FRANKFURT MAIN HBF,PAFRANC,DEFRH,09:06,FRPST
9967,2023-06-10,PARIS (intramuros),NON,9551,10:45,INTERNATIONAL,FORBACH,PAFRANC,FRBQT,09:06,FRPST
9968,2023-06-10,PARIS (intramuros),NON,7159,10:35,NORD,VALENCIENNES,PAARRAS,FRXVS,08:52,FRPNO
9969,2023-06-10,PARIS (intramuros),NON,8715,13:57,ATLANTIQUE,LORIENT,PARISBRETA,FRLRT,10:53,FRPMO
9970,2023-06-10,PARIS (intramuros),NON,8715,14:34,ATLANTIQUE,QUIMPER,PARISBRETA,FRUIP,10:53,FRPMO
9971,2023-06-10,RENNES,NON,8715,13:25,ATLANTIQUE,VANNES,PARISBRETA,FRVNE,12:29,FRRNS
9972,2023-06-10,RENNES,NON,8715,13:38,ATLANTIQUE,AURAY,PARISBRETA,FRXUY,12:29,FRRNS
9973,2023-06-10,VANNES,OUI,8715,13:57,ATLANTIQUE,LORIENT,PARISBRETA,FRLRT,13:28,FRVNE
9974,2023-06-10,BREST,OUI,8610,10:16,ATLANTIQUE,GUINGAMP,BRETAPARIS,FRGGP,09:09,FRBES
9975,2023-06-10,GUINGAMP,NON,8610,10:45,ATLANTIQUE,LAMBALLE,BRETAPARIS,FRLAM,10:18,FRGGP
9976,2023-06-10,MORLAIX,OUI,8610,10:16,ATLANTIQUE,GUINGAMP,BRETAPARIS,FRGGP,09:45,FRMXN
9977,2023-06-10,MORLAIX,NON,8610,11:29,ATLANTIQUE,RENNES,BRETAPARIS,FRRNS,09:45,FRMXN
9978,2023-06-10,PLOUARET TREGOR,NON,8610,12:01,ATLANTIQUE,LAVAL,BRETAPARIS,FRACR,10:03,FRPLT
9979,2023-06-10,ST BRIEUC,NON,8610,12:01,ATLANTIQUE,LAVAL,BRETAPARIS,FRACR,10:36,FRSBK
9980,2023-06-10,ANGERS ST LAUD,NON,8886,22:25,ATLANTIQUE,PARIS (intramuros),LOIREPARIS,FRPMO,20:44,FRACL
9981,2023-06-10,MACON LOCHE TGV,NON,9245,13:49,INTERNATIONAL,MODANE,PAITALIE,FRAGR,11:19,FRMLT
9982,2023-06-10,MACON LOCHE TGV,NON,9245,12:36,INTERNATIONAL,CHAMBERY CHALLES LES EAUX,PAITALIE,FRCMF,11:19,FRMLT
9983,2023-06-10,PARIS (intramuros),NON,9245,15:23,INTERNATIONAL,TORINO PORTA SUSA,PAITALIE,ITTRS,09:44,FRPLY
9984,2023-06-10,ANGERS ST LAUD,NON,9886,09:45,NORD,TGV HAUTE PICARDIE,JCBRETNORD,FRTHP,06:41,FRACL
9985,2023-06-10,AEROPORT CDG2 TGV ROISSY,OUI,9886,10:17,NORD,LILLE (intramuros),JCBRETNORD,FRLLE,09:16,FRMLW
9986,2023-06-10,NANTES,NON,9886,09:10,NORD,AEROPORT CDG2 TGV ROISSY,JCBRETNORD,FRMLW,06:01,FRNTE
9987,2023-06-10,NANTES,NON,9886,09:45,NORD,TGV HAUTE PICARDIE,JCBRETNORD,FRTHP,06:01,FRNTE
9988,2023-06-10,MASSY TGV,OUI,9886,11:01,NORD,BRUXELLES MIDI BRUSSEL ZUID,JCBRETNORD,BEBMI,08:26,FRDJU
9989,2023-06-10,LE MANS,OUI,5354,14:50,SUD EST,NANTES,JCSUDATL,FRNTE,13:32,FRAET
9990,2023-06-10,LYON (intramuros),NON,5354,14:09,SUD EST,ANGERS ST LAUD,JCSUDATL,FRACL,10:16,FRLPE
9991,2023-06-10,LYON (intramuros),OUI,5354,10:24,SUD EST,LYON (intramuros),JCSUDATL,FRLPD,10:16,FRLPE
9992,2023-06-10,ARCACHON,OUI,8472,17:02,ATLANTIQUE,BORDEAUX ST JEAN,SUDOUESTPA,FRBOJ,16:23,FRXAC
9993,2023-06-10,ARCACHON,OUI,8472,19:10,ATLANTIQUE,MASSY TGV,SUDOUESTPA,FRDJU,16:23,FRXAC
9994,2023-06-10,MACON LOCHE TGV,NON,6951,22:30,SUD EST,ANNECY,PARISALPES,FRNCY,20:19,FRMLT
9995,2023-06-10,AIX LES BAINS LE REVARD,NON,6951,22:30,SUD EST,ANNECY,PARISALPES,FRNCY,22:03,FRXAI
9996,2023-06-10,DAX,OUI,8547,18:15,ATLANTIQUE,BIARRITZ,PASUDOUEST,FRBIQ,17:32,FRACG
9997,2023-06-10,BORDEAUX ST JEAN,OUI,8547,18:15,ATLANTIQUE,BIARRITZ,PASUDOUEST,FRBIQ,16:21,FRBOJ
9998,2023-06-10,MASSY TGV,NON,8547,16:15,ATLANTIQUE,BORDEAUX ST JEAN,PASUDOUEST,FRBOJ,14:15,FRDJU
9999,2023-06-10,PARIS (intramuros),NON,8547,17:28,ATLANTIQUE,DAX,PASUDOUEST,FRACG,14:03,FRPMO
0,2023-06-11,NANTES,OUI,5300,07:19,SUD EST,MASSY TGV,JCATLSUD,FRDJU,04:50,FRNTE
1,2023-06-11,NANTES,OUI,5300,06:24,SUD EST,ST PIERRE DES CORPS,JCATLSUD,FRXSH,04:50,FRNTE
2,2023-06-11,BRIVE LA GAILLARDE,OUI,3614,05:16,IC ARO,UZERCHE,TOULOUZECO,FRAAW,04:51,FRBVE
3,2023-06-11,SOUILLAC,NON,3750,05:43,IC NUIT,LES AUBRAIS ORLEANS,OCCITANPAR,FRLAB,00:17,FRSOU
4,2023-06-11,PARIS (intramuros),NON,8537,12:14,ATLANTIQUE,BORDEAUX ST JEAN,PASUDOUEST,FRBOJ,10:08,FRPMO
5,2023-06-11,PARIS (intramuros),NON,8537,14:32,ATLANTIQUE,ST JEAN DE LUZ CIBOURE,PASUDOUEST,FRXJZ,10:08,FRPMO
6,2023-06-11,BAYONNE,OUI,8537,14:47,ATLANTIQUE,HENDAYE,PASUDOUEST,FRAEF,14:06,FRXBY
7,2023-06-11,LILLE (intramuros),OUI,5202,08:22,NORD,MARNE LA VALLEE CHESSY,JCNORDAQUI,FRMLV,06:15,FRADJ
8,2023-06-11,LILLE (intramuros),OUI,5202,07:54,NORD,AEROPORT CDG2 TGV ROISSY,JCNORDAQUI,FRMLW,06:15,FRADJ
9,2023-06-11,LILLE (intramuros),NON,5202,10:06,NORD,ST PIERRE DES CORPS,JCNORDAQUI,FRXSH,06:15,FRADJ
10,2023-06-11,MASSY TGV,NON,5202,10:06,NORD,ST PIERRE DES CORPS,JCNORDAQUI,FRXSH,09:09,FRDJU
11,2023-06-11,MARNE LA VALLEE CHESSY,NON,5202,11:23,NORD,ANGOULEME,JCNORDAQUI,FRANG,08:35,FRMLV
12,2023-06-11,AEROPORT CDG2 TGV ROISSY,OUI,5202,09:04,NORD,MASSY TGV,JCNORDAQUI,FRDJU,08:10,FRMLW
13,2023-06-11,AEROPORT CDG2 TGV ROISSY,OUI,5202,08:22,NORD,MARNE LA VALLEE CHESSY,JCNORDAQUI,FRMLV,08:10,FRMLW
14,2023-06-11,AEROPORT CDG2 TGV ROISSY,NON,5202,10:41,NORD,POITIERS,JCNORDAQUI,FRPIS,08:10,FRMLW
15,2023-06-11,POITIERS,NON,5202,12:02,NORD,BORDEAUX ST JEAN,JCNORDAQUI,FRBOJ,10:44,FRPIS
16,2023-06-11,ST PIERRE DES CORPS,NON,5202,11:23,NORD,ANGOULEME,JCNORDAQUI,FRANG,10:10,FRXSH
17,2023-06-11,PARIS (intramuros),NON,9215,16:37,INTERNATIONAL,BELFORT-MONTBELIARD TGV,PABALZUR,FRTJA,14:20,FRPLY
18,2023-06-11,GUINGAMP,OUI,8639,21:38,ATLANTIQUE,BREST,PARISBRETA,FRBES,20:36,FRGGP
19,2023-06-11,RENNES,OUI,8639,21:38,ATLANTIQUE,BREST,PARISBRETA,FRBES,19:32,FRRNS
20,2023-06-11,PARIS (intramuros),OUI,7385,21:04,NORD,DUNKERQUE,PAARRAS,FRADI,18:52,FRPNO
21,2023-06-11,PARIS (intramuros),OUI,7385,19:40,NORD,ARRAS,PAARRAS,FRQRV,18:52,FRPNO
22,2023-06-11,PARIS (intramuros),OUI,7385,20:16,NORD,BETHUNE,PAARRAS,FRXBH,18:52,FRPNO
23,2023-06-11,PARIS (intramuros),NON,6111,14:41,SUD EST,AIX EN PROVENCE TGV,PAPROVENCE,FRAIE,11:36,FRPLY
24,2023-06-11,PARIS (intramuros),NON,6111,14:17,SUD EST,AVIGNON TGV,PAPROVENCE,FRAVG,11:36,FRPLY
25,2023-06-11,LYON-SAINT EXUPERY TGV,NON,6911,13:13,SUD EST,GRENOBLE,PAGRENOBLE,FRGNB,12:05,FRJDQ
26,2023-06-11,ANGERS ST LAUD,NON,8868,12:23,ATLANTIQUE,LE MANS,LOIREPARIS,FRAET,11:44,FRACL
27,2023-06-11,LE MANS,NON,8868,13:25,ATLANTIQUE,PARIS (intramuros),LOIREPARIS,FRPMO,12:26,FRAET
28,2023-06-11,BEZIERS,NON,6873,18:23,SUD EST,NIMES,JCSUDPROV,FRFNI,17:15,FRBZR
29,2023-06-11,CARCASSONNE,NON,6873,18:23,SUD EST,NIMES,JCSUDPROV,FRFNI,16:27,FRCCF
30,2023-06-11,MONTPELLIER SAINT-ROCH,NON,6873,18:23,SUD EST,NIMES,JCSUDPROV,FRFNI,17:59,FRMPL
31,2023-06-11,MONTPELLIER SAINT-ROCH,NON,6873,19:51,SUD EST,LYON (intramuros),JCSUDPROV,FRLPD,17:59,FRMPL
32,2023-06-11,NARBONNE,OUI,6873,17:12,SUD EST,BEZIERS,JCSUDPROV,FRBZR,16:59,FRXNA
33,2023-06-11,NARBONNE,OUI,6873,17:36,SUD EST,SETE,JCSUDPROV,FRXSY,16:59,FRXNA
34,2023-06-11,SETE,OUI,6873,17:55,SUD EST,MONTPELLIER SAINT-ROCH,JCSUDPROV,FRMPL,17:39,FRXSY
35,2023-06-11,TOULOUSE MATABIAU,NON,6873,19:51,SUD EST,LYON (intramuros),JCSUDPROV,FRLPD,15:43,FRXYT
36,2023-06-11,POITIERS,OUI,8342,16:27,ATLANTIQUE,FUTUROSCOPE,ROCHELLEPA,FRTGO,16:19,FRPIS
37,2023-06-11,POITIERS,NON,8342,17:15,ATLANTIQUE,ST PIERRE DES CORPS,ROCHELLEPA,FRXSH,16:19,FRPIS
38,2023-06-11,FUTUROSCOPE,NON,8342,18:33,ATLANTIQUE,PARIS (intramuros),ROCHELLEPA,FRPMO,16:30,FRTGO
39,2023-06-11,CHATELLERAULT,NON,8342,17:15,ATLANTIQUE,ST PIERRE DES CORPS,ROCHELLEPA,FRXSH,16:44,FRXCX
40,2023-06-11,ST PIERRE DES CORPS,NON,8342,17:43,ATLANTIQUE,VENDOME VILLIERS SUR LOIR,ROCHELLEPA,FRESL,17:24,FRXSH
41,2023-06-11,PARIS (intramuros),OUI,8331,09:07,ATLANTIQUE,CHATELLERAULT,PAROCHELLE,FRXCX,07:28,FRPMO
42,2023-06-11,FUTUROSCOPE,OUI,8331,09:34,ATLANTIQUE,POITIERS,PAROCHELLE,FRPIS,09:25,FRTGO
43,2023-06-11,ST PIERRE DES CORPS,OUI,8331,09:34,ATLANTIQUE,POITIERS,PAROCHELLE,FRPIS,08:42,FRXSH
44,2023-06-11,VENDOME VILLIERS SUR LOIR,OUI,8331,09:22,ATLANTIQUE,FUTUROSCOPE,PAROCHELLE,FRTGO,08:15,FRESL
45,2023-06-11,SEDAN,OUI,2720,08:39,EST,REIMS,SEDBARPA,FRRHE,07:23,FRXSW
46,2023-06-11,LAVAL,NON,8052,09:46,ATLANTIQUE,PARIS (intramuros),BRETAPARIS,FRPMO,08:15,FRACR
47,2023-06-11,ANGERS ST LAUD,NON,5288,17:48,NORD,MASSY TGV,JCBRETNORD,FRDJU,16:02,FRACL
48,2023-06-11,AEROPORT CDG2 TGV ROISSY,OUI,5288,19:35,NORD,LILLE (intramuros),JCBRETNORD,FRLLE,18:43,FRMLW
49,2023-06-11,NANTES,NON,5288,18:37,NORD,AEROPORT CDG2 TGV ROISSY,JCBRETNORD,FRMLW,15:18,FRNTE
50,2023-06-11,AGEN,NON,4659,15:20,IC ARO,NIMES,TJOURSOSE,FRFNI,11:31,FRAGF
51,2023-06-11,BORDEAUX ST JEAN,NON,4659,13:27,IC ARO,CARCASSONNE,TJOURSOSE,FRCCF,10:27,FRBOJ
52,2023-06-11,BORDEAUX ST JEAN,NON,4659,14:52,IC ARO,MONTPELLIER SAINT-ROCH,TJOURSOSE,FRMPL,10:27,FRBOJ
53,2023-06-11,CARCASSONNE,NON,4659,15:20,IC ARO,NIMES,TJOURSOSE,FRFNI,13:29,FRCCF
54,2023-06-11,MONTAUBAN VILLE BOURBON,NON,4659,13:27,IC ARO,CARCASSONNE,TJOURSOSE,FRCCF,12:08,FRXMW
55,2023-06-11,NARBONNE,NON,4659,14:52,IC ARO,MONTPELLIER SAINT-ROCH,TJOURSOSE,FRMPL,14:01,FRXNA
56,2023-06-11,NARBONNE,NON,4659,16:37,IC ARO,MARSEILLE ST CHARLES,TJOURSOSE,FRMSC,14:01,FRXNA
57,2023-06-11,TOULOUSE MATABIAU,NON,4659,14:14,IC ARO,BEZIERS,TJOURSOSE,FRBZR,12:45,FRXYT
58,2023-06-11,TOULOUSE MATABIAU,NON,4659,13:27,IC ARO,CARCASSONNE,TJOURSOSE,FRCCF,12:45,FRXYT
59,2023-06-11,PARIS (intramuros),NON,12265,16:14,ATLANTIQUE,BORDEAUX ST JEAN,PASUDOUEST,FRBOJ,14:02,FRPMO
60,2023-06-11,PARIS (intramuros),OUI,2751,19:14,EST,REIMS,PABARSED,FRRHE,18:28,FRPST
61,2023-06-11,PARIS (intramuros),OUI,2751,20:35,EST,SEDAN,PABARSED,FRXSW,18:28,FRPST
62,2023-06-11,REIMS,OUI,2751,19:40,EST,RETHEL,PABARSED,FRBDT,19:20,FRRHE
63,2023-06-11,PARIS (intramuros),NON,8517,19:14,ATLANTIQUE,BORDEAUX ST JEAN,PASUDOUEST,FRBOJ,17:06,FRPMO
64,2023-06-11,POITIERS,OUI,8371,09:00,ATLANTIQUE,NIORT,PAROCHELLE,FRNIT,08:14,FRPIS
65,2023-06-11,DIJON VILLE,NON,5521,10:56,EST,LYON (intramuros),JCRHINRHON,FRLPD,09:21,FRABA
66,2023-06-11,METZ VILLE,OUI,5521,07:48,EST,MULHOUSE VILLE,JCRHINRHON,FRAEK,05:46,FRADE
67,2023-06-11,METZ VILLE,NON,5521,12:55,EST,MONTPELLIER SAINT-ROCH,JCRHINRHON,FRMPL,05:46,FRADE
68,2023-06-11,STRASBOURG,NON,5521,12:55,EST,MONTPELLIER SAINT-ROCH,JCRHINRHON,FRMPL,06:47,FRAEG
69,2023-06-11,STRASBOURG,NON,5521,08:14,EST,BELFORT-MONTBELIARD TGV,JCRHINRHON,FRTJA,06:47,FRAEG
70,2023-06-11,STRASBOURG,NON,5521,09:54,EST,CHALON SUR SAONE,JCRHINRHON,FRXCD,06:47,FRAEG
71,2023-06-11,COLMAR,NON,5521,12:55,EST,MONTPELLIER SAINT-ROCH,JCRHINRHON,FRMPL,07:16,FRAEJ
72,2023-06-11,COLMAR,NON,5521,09:54,EST,CHALON SUR SAONE,JCRHINRHON,FRXCD,07:16,FRAEJ
73,2023-06-11,BELFORT-MONTBELIARD TGV,NON,5521,08:38,EST,BESANCON - F COMTE TGV,JCRHINRHON,FRTJB,08:17,FRTJA
74,2023-06-11,BELFORT-MONTBELIARD TGV,NON,5521,09:54,EST,CHALON SUR SAONE,JCRHINRHON,FRXCD,08:17,FRTJA
75,2023-06-11,CHALON SUR SAONE,NON,5521,12:24,EST,NIMES,JCRHINRHON,FRFNI,09:56,FRXCD
76,2023-06-11,CHALON SUR SAONE,NON,5521,12:55,EST,MONTPELLIER SAINT-ROCH,JCRHINRHON,FRMPL,09:56,FRXCD
77,2023-06-11,LA ROCHELLE VILLE,OUI,8388,19:12,ATLANTIQUE,NIORT,ROCHELLEPA,FRNIT,18:37,FRLRH
78,2023-06-11,NIORT,NON,8388,19:59,ATLANTIQUE,POITIERS,ROCHELLEPA,FRPIS,19:15,FRNIT
79,2023-06-11,NIORT,NON,8388,21:41,ATLANTIQUE,PARIS (intramuros),ROCHELLEPA,FRPMO,19:15,FRNIT
80,2023-06-11,POITIERS,NON,8388,21:41,ATLANTIQUE,PARIS (intramuros),ROCHELLEPA,FRPMO,20:05,FRPIS
81,2023-06-11,PORNICHET,NON,8930,22:25,ATLANTIQUE,PARIS (intramuros),LOIREPARIS,FRPMO,19:11,FREGR
82,2023-06-11,LA BAULE ESCOUBLAC,OUI,8930,19:08,ATLANTIQUE,PORNICHET,LOIREPARIS,FREGR,19:04,FRJEE
83,2023-06-11,DIJON VILLE,NON,6703,11:53,SUD EST,BELFORT-MONTBELIARD TGV,PABOUR,FRTJA,11:02,FRABA
84,2023-06-11,MONTBARD,NON,6703,10:58,SUD EST,DIJON VILLE,PABOUR,FRABA,10:24,FRGWE
85,2023-06-11,MONTBARD,NON,6703,11:53,SUD EST,BELFORT-MONTBELIARD TGV,PABOUR,FRTJA,10:24,FRGWE
86,2023-06-11,PARIS (intramuros),NON,6703,10:58,SUD EST,DIJON VILLE,PABOUR,FRABA,09:16,FRPLY
87,2023-06-11,BELFORT-MONTBELIARD TGV,NON,6703,12:18,SUD EST,MULHOUSE VILLE,PABOUR,FRAEK,11:56,FRTJA
88,2023-06-11,NICE VILLE,NON,6180,19:55,SUD EST,AVIGNON TGV,AZURPA,FRAVG,16:57,FRNIC
89,2023-06-11,NICE VILLE,NON,6180,22:38,SUD EST,PARIS (intramuros),AZURPA,FRPLY,16:57,FRNIC
90,2023-06-11,NICE VILLE,OUI,6180,18:07,SUD EST,LES ARCS DRAGUIGNAN,AZURPA,FRXRS,16:57,FRNIC
91,2023-06-11,ANTIBES,OUI,6180,18:44,SUD EST,TOULON,AZURPA,FRTLN,17:18,FRXAT
92,2023-06-11,ANTIBES,OUI,6180,18:07,SUD EST,LES ARCS DRAGUIGNAN,AZURPA,FRXRS,17:18,FRXAT
93,2023-06-11,UZERCHE,OUI,3656,14:53,IC ARO,LIMOGES BENEDICTINS,TOULOUZECO,FRAGQ,14:17,FRAAW
94,2023-06-11,UZERCHE,OUI,3656,16:06,IC ARO,CHATEAUROUX,TOULOUZECO,FRCHR,14:17,FRAAW
95,2023-06-11,UZERCHE,OUI,3656,15:29,IC ARO,LA SOUTERRAINE,TOULOUZECO,FRLST,14:17,FRAAW
96,2023-06-11,LIMOGES BENEDICTINS,OUI,3656,16:06,IC ARO,CHATEAUROUX,TOULOUZECO,FRCHR,14:56,FRAGQ
97,2023-06-11,LIMOGES BENEDICTINS,OUI,3656,15:29,IC ARO,LA SOUTERRAINE,TOULOUZECO,FRLST,14:56,FRAGQ
98,2023-06-11,LIMOGES BENEDICTINS,NON,3656,16:46,IC ARO,VIERZON VILLE,TOULOUZECO,FRXVZ,14:56,FRAGQ
99,2023-06-11,BRIVE LA GAILLARDE,OUI,3656,14:53,IC ARO,LIMOGES BENEDICTINS,TOULOUZECO,FRAGQ,13:52,FRBVE
100,2023-06-11,BRIVE LA GAILLARDE,NON,3656,16:23,IC ARO,ISSOUDUN,TOULOUZECO,FRFMN,13:52,FRBVE
101,2023-06-11,BRIVE LA GAILLARDE,OUI,3656,15:29,IC ARO,LA SOUTERRAINE,TOULOUZECO,FRLST,13:52,FRBVE
102,2023-06-11,BRIVE LA GAILLARDE,NON,3656,16:46,IC ARO,VIERZON VILLE,TOULOUZECO,FRXVZ,13:52,FRBVE
103,2023-06-11,ISSOUDUN,OUI,3656,16:46,IC ARO,VIERZON VILLE,TOULOUZECO,FRXVZ,16:24,FRFMN
104,2023-06-11,GOURDON,OUI,3656,16:06,IC ARO,CHATEAUROUX,TOULOUZECO,FRCHR,13:08,FRFSI
105,2023-06-11,LA SOUTERRAINE,NON,3656,16:23,IC ARO,ISSOUDUN,TOULOUZECO,FRFMN,15:31,FRLST
106,2023-06-11,SOUILLAC,OUI,3656,13:49,IC ARO,BRIVE LA GAILLARDE,TOULOUZECO,FRBVE,13:25,FRSOU
107,2023-06-11,CAHORS,OUI,3656,16:06,IC ARO,CHATEAUROUX,TOULOUZECO,FRCHR,12:41,FRZAO
108,2023-06-11,CAHORS,NON,3656,18:24,IC ARO,PARIS (intramuros),TOULOUZECO,FRPAZ,12:41,FRZAO
109,2023-06-11,GOURDON,OUI,3656,15:29,IC ARO,LA SOUTERRAINE,TOULOUZECO,FRLST,13:08,FRFSI
110,2023-06-11,NIMES PONT DU GARD,NON,6052,20:50,SUD EST,VALENCE TGV RHONE-ALPES SUD,LANGPA,FRVLA,20:13,FRXZP
111,2023-06-11,LOURDES,OUI,8589,22:09,ATLANTIQUE,BORDEAUX ST JEAN,SUDOUESTPA,FRBOJ,19:43,FRLDE
112,2023-06-11,TARBES,OUI,8589,22:09,ATLANTIQUE,BORDEAUX ST JEAN,SUDOUESTPA,FRBOJ,19:26,FRXTB
113,2023-06-11,TARBES,OUI,8589,19:40,ATLANTIQUE,LOURDES,SUDOUESTPA,FRLDE,19:26,FRXTB
114,2023-06-11,DOUAI,OUI,7189,21:35,NORD,VALENCIENNES,PAARRAS,FRXVS,21:09,FRXDN
115,2023-06-11,MARSEILLE ST CHARLES,OUI,6175,15:38,SUD EST,ANTIBES,PAAZUR,FRXAT,13:28,FRMSC
116,2023-06-11,PARIS (intramuros),NON,6175,15:38,SUD EST,ANTIBES,PAAZUR,FRXAT,10:08,FRPLY
117,2023-06-11,LES ARCS DRAGUIGNAN,OUI,6175,15:25,SUD EST,CANNES,PAAZUR,FRJCA,14:51,FRXRS
118,2023-06-11,BREST,NON,8636,20:20,ATLANTIQUE,PARIS (intramuros),BRETAPARIS,FRPMO,16:14,FRBES
119,2023-06-11,GUINGAMP,OUI,8636,17:44,ATLANTIQUE,LAMBALLE,BRETAPARIS,FRLAM,17:16,FRGGP
120,2023-06-11,LAMBALLE,NON,8636,18:25,ATLANTIQUE,RENNES,BRETAPARIS,FRRNS,17:47,FRLAM
121,2023-06-11,ST BRIEUC,NON,8636,20:20,ATLANTIQUE,PARIS (intramuros),BRETAPARIS,FRPMO,17:34,FRSBK
122,2023-06-11,DIJON VILLE,NON,9877,14:49,EST,AIX EN PROVENCE TGV,JCRHINRHON,FRAIE,11:21,FRABA
123,2023-06-11,DIJON VILLE,NON,9877,15:06,EST,MARSEILLE ST CHARLES,JCRHINRHON,FRMSC,11:21,FRABA
124,2023-06-11,METZ VILLE,OUI,9877,08:56,EST,STRASBOURG,JCRHINRHON,FRAEG,08:08,FRADE
125,2023-06-11,METZ VILLE,NON,9877,13:00,EST,LYON (intramuros),JCRHINRHON,FRLPD,08:08,FRADE
126,2023-06-11,METZ VILLE,OUI,9877,10:18,EST,BELFORT-MONTBELIARD TGV,JCRHINRHON,FRTJA,08:08,FRADE
127,2023-06-11,STRASBOURG,OUI,9877,11:11,EST,DIJON VILLE,JCRHINRHON,FRABA,09:03,FRAEG
128,2023-06-11,STRASBOURG,OUI,9877,09:54,EST,MULHOUSE VILLE,JCRHINRHON,FRAEK,09:03,FRAEG
129,2023-06-11,STRASBOURG,NON,9877,15:06,EST,MARSEILLE ST CHARLES,JCRHINRHON,FRMSC,09:03,FRAEG
130,2023-06-11,LYON (intramuros),NON,9877,15:06,EST,MARSEILLE ST CHARLES,JCRHINRHON,FRMSC,13:06,FRLPD
131,2023-06-11,BELFORT-MONTBELIARD TGV,OUI,9877,11:11,EST,DIJON VILLE,JCRHINRHON,FRABA,10:21,FRTJA
132,2023-06-11,BELFORT-MONTBELIARD TGV,NON,9877,14:49,EST,AIX EN PROVENCE TGV,JCRHINRHON,FRAIE,10:21,FRTJA
133,2023-06-11,BELFORT-MONTBELIARD TGV,NON,9877,15:06,EST,MARSEILLE ST CHARLES,JCRHINRHON,FRMSC,10:21,FRTJA
134,2023-06-11,BESANCON - F COMTE TGV,NON,9877,14:25,EST,AVIGNON TGV,JCRHINRHON,FRAVG,10:44,FRTJB
135,2023-06-11,PARIS (intramuros),NON,6617,15:56,SUD EST,LYON (intramuros),PARISRHONE,FRLPD,13:50,FRPLY
136,2023-06-11,TARBES,NON,3740,07:04,IC NUIT,PARIS (intramuros),PALOMBEPAR,FRPAZ,20:12,FRXTB
137,2023-06-11,ST GAUDENS,NON,3740,07:04,IC NUIT,PARIS (intramuros),PALOMBEPAR,FRPAZ,20:55,FRFPH
138,2023-06-11,ST GAUDENS,NON,3740,05:53,IC NUIT,LES AUBRAIS ORLEANS,PALOMBEPAR,FRLAB,20:55,FRFPH
139,2023-06-11,PORNICHET,NON,8916,14:09,ATLANTIQUE,PARIS (intramuros),LOIREPARIS,FRPMO,11:10,FREGR
140,2023-06-11,LE CROISIC,OUI,8916,11:59,ATLANTIQUE,NANTES,LOIREPARIS,FRNTE,10:48,FREGU
141,2023-06-11,LA BAULE ESCOUBLAC,OUI,8916,11:08,ATLANTIQUE,PORNICHET,LOIREPARIS,FREGR,11:04,FRJEE
142,2023-06-11,NANTES,NON,8916,14:09,ATLANTIQUE,PARIS (intramuros),LOIREPARIS,FRPMO,12:09,FRNTE
143,2023-06-11,RIOM CHATEL GUYON,NON,5978,19:57,IC ARO,PARIS (intramuros),CLERMONTPA,FRPLY,16:42,FRRIO
144,2023-06-11,RIOM CHATEL GUYON,OUI,5978,17:29,IC ARO,MOULINS SUR ALLIER,CLERMONTPA,FRXMU,16:42,FRRIO
145,2023-06-11,VICHY,NON,5978,19:57,IC ARO,PARIS (intramuros),CLERMONTPA,FRPLY,17:06,FRVHY
146,2023-06-11,MASSY TGV,OUI,5380,10:30,SUD EST,RENNES,JCSUDATL,FRRNS,08:39,FRDJU
147,2023-06-11,LYON (intramuros),OUI,5380,10:30,SUD EST,RENNES,JCSUDATL,FRRNS,06:30,FRLPD
148,2023-06-11,MACON LOCHE TGV,NON,6941,15:59,SUD EST,AIX LES BAINS LE REVARD,PARISALPES,FRXAI,14:20,FRMLT
149,2023-06-11,PARIS (intramuros),NON,6941,16:32,SUD EST,ANNECY,PARISALPES,FRNCY,12:44,FRPLY
150,2023-06-11,PARIS (intramuros),NON,6941,15:59,SUD EST,AIX LES BAINS LE REVARD,PARISALPES,FRXAI,12:44,FRPLY
151,2023-06-11,REIMS,NON,2262,18:01,EST,PARIS (intramuros),SEDBARPA,FRPST,17:15,FRRHE
152,2023-06-11,POITIERS,NON,8389,19:57,ATLANTIQUE,LA ROCHELLE VILLE,PAROCHELLE,FRLRH,18:34,FRPIS
153,2023-06-11,CHATELLERAULT,OUI,8389,19:18,ATLANTIQUE,NIORT,PAROCHELLE,FRNIT,18:16,FRXCX
154,2023-06-11,FORBACH,NON,9557,23:16,INTERNATIONAL,FRANKFURT MAIN HBF,PAFRANC,DEFRH,20:49,FRBQT
155,2023-06-11,FORBACH,NON,9557,22:17,INTERNATIONAL,MANNHEIM HBF,PAFRANC,DEMHG,20:49,FRBQT
156,2023-06-11,PARIS (intramuros),NON,9557,22:17,INTERNATIONAL,MANNHEIM HBF,PAFRANC,DEMHG,19:07,FRPST
157,2023-06-11,BEZIERS,NON,6260,23:05,SUD EST,PARIS (intramuros),LANGPA,FRPLY,19:00,FRBZR
158,2023-06-11,BEZIERS,OUI,6260,19:11,SUD EST,AGDE,LANGPA,FRXAG,19:00,FRBZR
159,2023-06-11,PERPIGNAN,OUI,6260,18:57,SUD EST,BEZIERS,LANGPA,FRBZR,18:04,FRPGF
160,2023-06-11,VALENCE TGV RHONE-ALPES SUD,NON,6260,23:05,SUD EST,PARIS (intramuros),LANGPA,FRPLY,20:53,FRVLA
161,2023-06-11,NARBONNE,NON,6260,19:45,SUD EST,MONTPELLIER SUD DE FRANCE,LANGPA,FRSUF,18:43,FRXNA
162,2023-06-11,AGDE,NON,6260,19:45,SUD EST,MONTPELLIER SUD DE FRANCE,LANGPA,FRSUF,19:14,FRXAG
163,2023-06-11,PERPIGNAN,NON,6260,19:45,SUD EST,MONTPELLIER SUD DE FRANCE,LANGPA,FRSUF,18:04,FRPGF
164,2023-06-11,BEZIERS,NON,6260,20:10,SUD EST,NIMES PONT DU GARD,LANGPA,FRXZP,19:00,FRBZR
165,2023-06-11,AGDE,NON,6260,20:10,SUD EST,NIMES PONT DU GARD,LANGPA,FRXZP,19:14,FRXAG
166,2023-06-11,PAU,NON,14157,21:49,IC SRO,HENDAYE,SUDOUEST,FRAEF,19:52,FRAEE
167,2023-06-11,BIARRITZ,NON,14157,21:36,IC SRO,ST JEAN DE LUZ CIBOURE,SUDOUEST,FRXJZ,21:23,FRBIQ
168,2023-06-11,LOURDES,NON,14157,21:49,IC SRO,HENDAYE,SUDOUEST,FRAEF,19:23,FRLDE
169,2023-06-11,LANNEMEZAN,NON,14157,19:04,IC SRO,TARBES,SUDOUEST,FRXTB,18:41,FRLNZ
170,2023-06-11,BAYONNE,NON,14157,21:36,IC SRO,ST JEAN DE LUZ CIBOURE,SUDOUEST,FRXJZ,21:14,FRXBY
171,2023-06-11,ST JEAN DE LUZ CIBOURE,NON,14157,21:49,IC SRO,HENDAYE,SUDOUEST,FRAEF,21:37,FRXJZ
172,2023-06-11,TOULOUSE MATABIAU,NON,14157,19:49,IC SRO,PAU,SUDOUEST,FRAEE,17:25,FRXYT
173,2023-06-11,TOULOUSE MATABIAU,NON,14157,18:39,IC SRO,LANNEMEZAN,SUDOUEST,FRLNZ,17:25,FRXYT
174,2023-06-11,TOULOUSE MATABIAU,NON,14157,21:36,IC SRO,ST JEAN DE LUZ CIBOURE,SUDOUEST,FRXJZ,17:25,FRXYT
175,2023-06-11,BEZIERS,OUI,6825,21:04,SUD EST,NARBONNE,JCPROVSUD,FRXNA,20:51,FRBZR
176,2023-06-11,CARCASSONNE,OUI,6825,22:19,SUD EST,TOULOUSE MATABIAU,JCPROVSUD,FRXYT,21:37,FRCCF
177,2023-06-11,NIMES,NON,6825,22:19,SUD EST,TOULOUSE MATABIAU,JCPROVSUD,FRXYT,19:40,FRFNI
178,2023-06-11,LYON (intramuros),NON,6825,20:48,SUD EST,BEZIERS,JCPROVSUD,FRBZR,18:09,FRLPD
179,2023-06-11,LYON (intramuros),NON,6825,20:05,SUD EST,MONTPELLIER SAINT-ROCH,JCPROVSUD,FRMPL,18:09,FRLPD
180,2023-06-11,LYON (intramuros),NON,6825,22:19,SUD EST,TOULOUSE MATABIAU,JCPROVSUD,FRXYT,18:09,FRLPD
181,2023-06-11,MONTPELLIER SAINT-ROCH,NON,6825,20:48,SUD EST,BEZIERS,JCPROVSUD,FRBZR,20:10,FRMPL
182,2023-06-11,MONTPELLIER SAINT-ROCH,NON,6825,21:34,SUD EST,CARCASSONNE,JCPROVSUD,FRCCF,20:10,FRMPL
183,2023-06-11,VALENCE TGV RHONE-ALPES SUD,NON,6825,20:05,SUD EST,MONTPELLIER SAINT-ROCH,JCPROVSUD,FRMPL,18:53,FRVLA
184,2023-06-11,NARBONNE,OUI,6825,22:19,SUD EST,TOULOUSE MATABIAU,JCPROVSUD,FRXYT,21:07,FRXNA
185,2023-06-11,AVIGNON TGV,NON,6127,21:44,SUD EST,AIX EN PROVENCE TGV,PAPROVENCE,FRAIE,21:24,FRAVG
186,2023-06-11,AVIGNON TGV,NON,6127,21:59,SUD EST,MARSEILLE ST CHARLES,PAPROVENCE,FRMSC,21:24,FRAVG
187,2023-06-11,PARIS (intramuros),NON,6127,21:44,SUD EST,AIX EN PROVENCE TGV,PAPROVENCE,FRAIE,18:36,FRPLY
188,2023-06-11,PARIS (intramuros),NON,6127,21:59,SUD EST,MARSEILLE ST CHARLES,PAPROVENCE,FRMSC,18:36,FRPLY
189,2023-06-11,SURGERES,OUI,8395,23:31,ATLANTIQUE,LA ROCHELLE VILLE,PAROCHELLE,FRLRH,23:10,FREIP
190,2023-06-11,NIORT,OUI,8395,23:31,ATLANTIQUE,LA ROCHELLE VILLE,PAROCHELLE,FRLRH,22:50,FRNIT
191,2023-06-11,PARIS (intramuros),NON,8395,23:31,ATLANTIQUE,LA ROCHELLE VILLE,PAROCHELLE,FRLRH,20:24,FRPMO
192,2023-06-11,BEZIERS,NON,6206,17:01,SUD EST,VALENCE TGV RHONE-ALPES SUD,LANGPA,FRVLA,14:57,FRBZR
193,2023-06-11,MONTPELLIER SAINT-ROCH,NON,6206,19:18,SUD EST,PARIS (intramuros),LANGPA,FRPLY,15:48,FRMPL
194,2023-06-11,AGDE,NON,6206,19:18,SUD EST,PARIS (intramuros),LANGPA,FRPLY,15:11,FRXAG
195,2023-06-11,NARBONNE,OUI,6206,14:54,SUD EST,BEZIERS,LANGPA,FRBZR,14:41,FRXNA
196,2023-06-11,NARBONNE,OUI,6206,15:42,SUD EST,MONTPELLIER SAINT-ROCH,LANGPA,FRMPL,14:41,FRXNA
197,2023-06-11,MULHOUSE VILLE,NON,6708,18:31,SUD EST,BESANCON - F COMTE TGV,BOURPA,FRTJB,17:46,FRAEK
198,2023-06-11,BELFORT-MONTBELIARD TGV,NON,6708,18:31,SUD EST,BESANCON - F COMTE TGV,BOURPA,FRTJB,18:11,FRTJA
199,2023-06-11,MARSEILLE ST CHARLES,OUI,6116,12:37,SUD EST,AVIGNON TGV,PROVENCEPA,FRAVG,12:04,FRMSC
200,2023-06-11,LUCON,NON,3833,14:03,IC SRO,ROCHEFORT,NANTEBORDO,FRRCO,13:00,FRLCN
201,2023-06-11,NANTES,NON,3833,16:08,IC SRO,BORDEAUX ST JEAN,NANTEBORDO,FRBOJ,11:55,FRNTE
202,2023-06-11,NANTES,NON,3833,12:58,IC SRO,LUCON,NANTEBORDO,FRLCN,11:55,FRNTE
203,2023-06-11,NANTES,NON,3833,14:03,IC SRO,ROCHEFORT,NANTEBORDO,FRRCO,11:55,FRNTE
204,2023-06-11,NANTES,NON,3833,14:32,IC SRO,SAINTES,NANTEBORDO,FRXST,11:55,FRNTE
205,2023-06-11,ROCHEFORT,NON,3833,16:08,IC SRO,BORDEAUX ST JEAN,NANTEBORDO,FRBOJ,14:05,FRRCO
206,2023-06-11,ROCHEFORT,NON,3833,15:10,IC SRO,JONZAC,NANTEBORDO,FREMR,14:05,FRRCO
207,2023-06-11,LA ROCHE SUR YON,NON,3833,14:32,IC SRO,SAINTES,NANTEBORDO,FRXST,12:36,FRXRO
208,2023-06-11,ANGERS ST LAUD,NON,5320,21:30,SUD EST,LYON (intramuros),JCATLSUD,FRLPD,17:44,FRACL
209,2023-06-11,MASSY TGV,NON,5320,21:47,SUD EST,LYON (intramuros),JCATLSUD,FRLPE,19:26,FRDJU
210,2023-06-11,NANTES,NON,5320,18:24,SUD EST,LE MANS,JCATLSUD,FRAET,17:05,FRNTE
211,2023-06-11,NANTES,NON,5320,21:30,SUD EST,LYON (intramuros),JCATLSUD,FRLPD,17:05,FRNTE
212,2023-06-11,LAUSANNE,NON,9784,21:48,INTERNATIONAL,BOURG EN BRESSE,GENEVEPA,FRXBK,19:45,CHAJF
213,2023-06-11,PARIS (intramuros),OUI,2765,22:39,EST,RETHEL,PABARSED,FRBDT,21:28,FRPST
214,2023-06-11,PARIS (intramuros),OUI,2765,23:11,EST,CHARLEVILLE MEZIERES,PABARSED,FRXCZ,21:28,FRPST
215,2023-06-11,REIMS,OUI,2765,23:35,EST,SEDAN,PABARSED,FRXSW,22:19,FRRHE
216,2023-06-11,DOLE VILLE,NON,6745,19:27,SUD EST,BESANCON VIOTTE,PABOUR,FRABG,19:04,FRACE
217,2023-06-11,MONTBARD,NON,6745,19:01,SUD EST,DOLE VILLE,PABOUR,FRACE,17:57,FRGWE
218,2023-06-11,ANGOULEME,NON,5284,16:27,NORD,MARNE LA VALLEE CHESSY,JCAQUINORD,FRMLV,13:36,FRANG
219,2023-06-11,BORDEAUX ST JEAN,NON,5284,16:41,NORD,AEROPORT CDG2 TGV ROISSY,JCAQUINORD,FRMLW,12:58,FRBOJ
220,2023-06-11,MASSY TGV,NON,5284,16:41,NORD,AEROPORT CDG2 TGV ROISSY,JCAQUINORD,FRMLW,15:55,FRDJU
221,2023-06-11,MASSY TGV,NON,5284,17:15,NORD,TGV HAUTE PICARDIE,JCAQUINORD,FRTHP,15:55,FRDJU
222,2023-06-11,MARNE LA VALLEE CHESSY,OUI,5284,17:15,NORD,TGV HAUTE PICARDIE,JCAQUINORD,FRTHP,16:31,FRMLV
223,2023-06-11,AEROPORT CDG2 TGV ROISSY,OUI,5284,17:57,NORD,LILLE (intramuros),JCAQUINORD,FRLLE,16:47,FRMLW
224,2023-06-11,POITIERS,NON,5284,15:49,NORD,MASSY TGV,JCAQUINORD,FRDJU,14:19,FRPIS
225,2023-06-11,ST PIERRE DES CORPS,NON,5284,16:41,NORD,AEROPORT CDG2 TGV ROISSY,JCAQUINORD,FRMLW,14:54,FRXSH
226,2023-06-11,BELFORT-MONTBELIARD TGV,NON,6706,16:56,SUD EST,DIJON VILLE,BOURPA,FRABA,16:05,FRTJA
227,2023-06-11,BESANCON - F COMTE TGV,NON,6706,18:43,SUD EST,PARIS (intramuros),BOURPA,FRPLY,16:28,FRTJB
228,2023-06-11,PARIS (intramuros),NON,8087,15:25,ATLANTIQUE,RENNES,PARISBRETA,FRRNS,13:53,FRPMO
229,2023-06-11,BRIVE LA GAILLARDE,OUI,3645,20:13,IC ARO,CAHORS,PALITO,FRZAO,19:08,FRBVE
230,2023-06-11,CHATEAUROUX,NON,3645,19:46,IC ARO,GOURDON,PALITO,FRFSI,16:50,FRCHR
231,2023-06-11,CHATEAUROUX,NON,3645,20:39,IC ARO,CAUSSADE TARN ET GARONNE,PALITO,FRFTA,16:50,FRCHR
232,2023-06-11,CHATEAUROUX,NON,3645,20:54,IC ARO,MONTAUBAN VILLE BOURBON,PALITO,FRXMW,16:50,FRCHR
233,2023-06-11,LES AUBRAIS ORLEANS,NON,3645,20:39,IC ARO,CAUSSADE TARN ET GARONNE,PALITO,FRFTA,15:40,FRLAB
234,2023-06-11,LES AUBRAIS ORLEANS,NON,3645,21:27,IC ARO,TOULOUSE MATABIAU,PALITO,FRXYT,15:40,FRLAB
235,2023-06-11,LA SOUTERRAINE,NON,3645,21:27,IC ARO,TOULOUSE MATABIAU,PALITO,FRXYT,17:27,FRLST
236,2023-06-11,PARIS (intramuros),NON,3645,20:54,IC ARO,MONTAUBAN VILLE BOURBON,PALITO,FRXMW,14:35,FRPAZ
237,2023-06-11,VIERZON VILLE,NON,3645,19:06,IC ARO,BRIVE LA GAILLARDE,PALITO,FRBVE,16:17,FRXVZ
238,2023-06-11,VIERZON VILLE,NON,3645,21:27,IC ARO,TOULOUSE MATABIAU,PALITO,FRXYT,16:17,FRXVZ
239,2023-06-11,VIERZON VILLE,NON,3645,20:54,IC ARO,MONTAUBAN VILLE BOURBON,PALITO,FRXMW,16:17,FRXVZ
240,2023-06-11,BORDEAUX ST JEAN,NON,12268,14:52,ATLANTIQUE,PARIS (intramuros),SUDOUESTPA,FRPMO,12:46,FRBOJ
241,2023-06-11,BAYONNE,OUI,8541,16:47,ATLANTIQUE,HENDAYE,PASUDOUEST,FRAEF,16:06,FRXBY
242,2023-06-11,BAYONNE,OUI,8541,16:32,ATLANTIQUE,ST JEAN DE LUZ CIBOURE,PASUDOUEST,FRXJZ,16:06,FRXBY
243,2023-06-11,DIJON VILLE,OUI,9896,22:07,EST,STRASBOURG,JCRHONRHIN,FRAEG,19:49,FRABA
244,2023-06-11,DIJON VILLE,OUI,9896,20:40,EST,BELFORT-MONTBELIARD TGV,JCRHONRHIN,FRTJA,19:49,FRABA
245,2023-06-11,AIX EN PROVENCE TGV,NON,9896,23:02,EST,METZ VILLE,JCRHONRHIN,FRADE,16:11,FRAIE
246,2023-06-11,AIX EN PROVENCE TGV,NON,9896,22:07,EST,STRASBOURG,JCRHONRHIN,FRAEG,16:11,FRAIE
247,2023-06-11,AVIGNON TGV,NON,9896,17:51,EST,LYON (intramuros),JCRHONRHIN,FRLPD,16:33,FRAVG
248,2023-06-11,LYON (intramuros),NON,9896,19:39,EST,DIJON VILLE,JCRHONRHIN,FRABA,18:00,FRLPD
249,2023-06-11,LYON (intramuros),NON,9896,21:09,EST,MULHOUSE VILLE,JCRHONRHIN,FRAEK,18:00,FRLPD
250,2023-06-11,LYON (intramuros),NON,9896,20:40,EST,BELFORT-MONTBELIARD TGV,JCRHONRHIN,FRTJA,18:00,FRLPD
251,2023-06-11,MARSEILLE ST CHARLES,NON,9896,19:39,EST,DIJON VILLE,JCRHONRHIN,FRABA,15:56,FRMSC
252,2023-06-11,BESANCON - F COMTE TGV,OUI,9896,20:40,EST,BELFORT-MONTBELIARD TGV,JCRHONRHIN,FRTJA,20:19,FRTJB
253,2023-06-11,VALENCE TGV RHONE-ALPES SUD,NON,9896,22:07,EST,STRASBOURG,JCRHONRHIN,FRAEG,17:13,FRVLA
254,2023-06-11,VALENCE TGV RHONE-ALPES SUD,NON,9896,20:16,EST,BESANCON - F COMTE TGV,JCRHONRHIN,FRTJB,17:13,FRVLA
255,2023-06-11,MULHOUSE VILLE,OUI,2204,20:18,EST,STRASBOURG,JCRHONRHIN,FRAEG,19:12,FRAEK
256,2023-06-11,NIMES,NON,2204,18:44,EST,BELFORT-MONTBELIARD TGV,JCRHONRHIN,FRTJA,14:23,FRFNI
257,2023-06-11,MACON VILLE,NON,2204,18:44,EST,BELFORT-MONTBELIARD TGV,JCRHONRHIN,FRTJA,16:41,FRHGU
258,2023-06-11,LYON (intramuros),NON,2204,17:40,EST,DIJON VILLE,JCRHONRHIN,FRABA,16:04,FRLPD
259,2023-06-11,LYON (intramuros),NON,2204,19:41,EST,COLMAR,JCRHONRHIN,FRAEJ,16:04,FRLPD
260,2023-06-11,LYON (intramuros),NON,2204,19:09,EST,MULHOUSE VILLE,JCRHONRHIN,FRAEK,16:04,FRLPD
261,2023-06-11,LYON (intramuros),NON,2204,18:17,EST,BESANCON - F COMTE TGV,JCRHONRHIN,FRTJB,16:04,FRLPD
262,2023-06-11,MONTPELLIER SAINT-ROCH,NON,2204,19:41,EST,COLMAR,JCRHONRHIN,FRAEJ,13:55,FRMPL
263,2023-06-11,BESANCON - F COMTE TGV,NON,2204,18:44,EST,BELFORT-MONTBELIARD TGV,JCRHONRHIN,FRTJA,18:22,FRTJB
264,2023-06-11,VALENCE TGV RHONE-ALPES SUD,NON,2204,17:40,EST,DIJON VILLE,JCRHONRHIN,FRABA,15:12,FRVLA
265,2023-06-11,VALENCE TGV RHONE-ALPES SUD,NON,2204,20:18,EST,STRASBOURG,JCRHONRHIN,FRAEG,15:12,FRVLA
266,2023-06-11,STRASBOURG,NON,2088,12:31,EST,PARIS (intramuros),MULHSTRAPA,FRPST,10:44,FRAEG
267,2023-06-11,CANNES,NON,6168,21:52,SUD EST,PARIS (intramuros),AZURPA,FRPLY,16:32,FRJCA
268,2023-06-11,MARSEILLE ST CHARLES,NON,6168,21:52,SUD EST,PARIS (intramuros),AZURPA,FRPLY,18:47,FRMSC
269,2023-06-11,NICE VILLE,NON,6168,18:33,SUD EST,MARSEILLE ST CHARLES,AZURPA,FRMSC,16:01,FRNIC
270,2023-06-11,NICE VILLE,NON,6168,21:52,SUD EST,PARIS (intramuros),AZURPA,FRPLY,16:01,FRNIC
271,2023-06-11,NICE VILLE,OUI,6168,16:14,SUD EST,ANTIBES,AZURPA,FRXAT,16:01,FRNIC
272,2023-06-11,ANTIBES,NON,6168,18:33,SUD EST,MARSEILLE ST CHARLES,AZURPA,FRMSC,16:17,FRXAT
273,2023-06-11,LYON (intramuros),NON,6664,18:30,SUD EST,PARIS (intramuros),RHONEPARIS,FRPLY,16:11,FRLPE
274,2023-06-11,NIMES,OUI,6227,23:17,SUD EST,MONTPELLIER SAINT-ROCH,PALANG,FRMPL,22:51,FRFNI
275,2023-06-11,PARIS (intramuros),NON,6227,22:47,SUD EST,NIMES,PALANG,FRFNI,19:44,FRPLY
276,2023-06-11,VALENCE TGV RHONE-ALPES SUD,NON,6227,23:17,SUD EST,MONTPELLIER SAINT-ROCH,PALANG,FRMPL,22:02,FRVLA
277,2023-06-11,LIMOGES BENEDICTINS,NON,3674,19:46,IC ARO,VIERZON VILLE,TOULOUZECO,FRXVZ,17:57,FRAGQ
278,2023-06-11,BRIVE LA GAILLARDE,OUI,3674,17:54,IC ARO,LIMOGES BENEDICTINS,TOULOUZECO,FRAGQ,16:54,FRBVE
279,2023-06-11,BRIVE LA GAILLARDE,OUI,3674,18:54,IC ARO,ARGENTON SUR CREUSE,TOULOUZECO,FRFMT,16:54,FRBVE
280,2023-06-11,BRIVE LA GAILLARDE,NON,3674,21:21,IC ARO,PARIS (intramuros),TOULOUZECO,FRPAZ,16:54,FRBVE
281,2023-06-11,CHATEAUROUX,NON,3674,21:21,IC ARO,PARIS (intramuros),TOULOUZECO,FRPAZ,19:12,FRCHR
282,2023-06-11,ARGENTON SUR CREUSE,NON,3674,19:10,IC ARO,CHATEAUROUX,TOULOUZECO,FRCHR,18:55,FRFMT
283,2023-06-11,ARGENTON SUR CREUSE,NON,3674,19:46,IC ARO,VIERZON VILLE,TOULOUZECO,FRXVZ,18:55,FRFMT
284,2023-06-11,LA SOUTERRAINE,NON,3674,21:21,IC ARO,PARIS (intramuros),TOULOUZECO,FRPAZ,18:31,FRLST
285,2023-06-11,LA SOUTERRAINE,NON,3674,19:46,IC ARO,VIERZON VILLE,TOULOUZECO,FRXVZ,18:31,FRLST
286,2023-06-11,VIERZON VILLE,NON,3674,21:21,IC ARO,PARIS (intramuros),TOULOUZECO,FRPAZ,19:48,FRXVZ
287,2023-06-11,CARCASSONNE,NON,3738,05:53,IC NUIT,LES AUBRAIS ORLEANS,PALOMBEPAR,FRLAB,21:18,FRCCF
288,2023-06-11,CASTELNAUDARY,NON,3738,05:53,IC NUIT,LES AUBRAIS ORLEANS,PALOMBEPAR,FRLAB,21:37,FRCTY
289,2023-06-11,CERBERE,NON,3738,07:04,IC NUIT,PARIS (intramuros),PALOMBEPAR,FRPAZ,18:31,FRXCE
290,2023-06-11,CLERMONT FERRAND,OUI,5986,18:40,IC ARO,RIOM CHATEL GUYON,CLERMONTPA,FRRIO,18:31,FRCFE
291,2023-06-11,CLERMONT FERRAND,OUI,5986,19:29,IC ARO,MOULINS SUR ALLIER,CLERMONTPA,FRXMU,18:31,FRCFE
292,2023-06-11,RIOM CHATEL GUYON,OUI,5986,19:04,IC ARO,VICHY,CLERMONTPA,FRVHY,18:42,FRRIO
293,2023-06-11,RIOM CHATEL GUYON,OUI,5986,19:29,IC ARO,MOULINS SUR ALLIER,CLERMONTPA,FRXMU,18:42,FRRIO
294,2023-06-11,VICHY,OUI,5986,21:56,IC ARO,PARIS (intramuros),CLERMONTPA,FRPLY,19:06,FRVHY
295,2023-06-11,VALENCE TGV RHONE-ALPES SUD,NON,6277,21:03,SUD EST,BEZIERS,PALANG,FRBZR,19:11,FRVLA
296,2023-06-11,AGDE,OUI,6277,21:03,SUD EST,BEZIERS,PALANG,FRBZR,20:52,FRXAG
297,2023-06-11,SETE,OUI,6277,21:20,SUD EST,NARBONNE,PALANG,FRXNA,20:37,FRXSY
298,2023-06-11,MONTPELLIER SUD DE FRANCE,OUI,6277,21:03,SUD EST,BEZIERS,PALANG,FRBZR,20:20,FRSUF
299,2023-06-11,POITIERS,NON,8392,00:17,ATLANTIQUE,PARIS (intramuros),ROCHELLEPA,FRPMO,22:41,FRPIS
300,2023-06-11,DIJON VILLE,NON,2087,14:49,EST,AIX EN PROVENCE TGV,JCRHINRHON,FRAIE,11:21,FRABA
301,2023-06-11,DIJON VILLE,NON,2087,14:25,EST,AVIGNON TGV,JCRHINRHON,FRAVG,11:21,FRABA
302,2023-06-11,DIJON VILLE,NON,2087,15:06,EST,MARSEILLE ST CHARLES,JCRHINRHON,FRMSC,11:21,FRABA
303,2023-06-11,STRASBOURG,NON,2087,15:06,EST,MARSEILLE ST CHARLES,JCRHINRHON,FRMSC,09:03,FRAEG
304,2023-06-11,STRASBOURG,OUI,2087,10:18,EST,BELFORT-MONTBELIARD TGV,JCRHINRHON,FRTJA,09:03,FRAEG
305,2023-06-11,STRASBOURG,OUI,2087,10:41,EST,BESANCON - F COMTE TGV,JCRHINRHON,FRTJB,09:03,FRAEG
306,2023-06-11,MULHOUSE VILLE,NON,2087,13:46,EST,VALENCE TGV RHONE-ALPES SUD,JCRHINRHON,FRVLA,09:57,FRAEK
307,2023-06-11,AIX EN PROVENCE TGV,OUI,2087,15:06,EST,MARSEILLE ST CHARLES,JCRHINRHON,FRMSC,14:52,FRAIE
308,2023-06-11,AVIGNON TGV,NON,2087,14:49,EST,AIX EN PROVENCE TGV,JCRHINRHON,FRAIE,14:28,FRAVG
309,2023-06-11,MACON VILLE,NON,2087,14:49,EST,AIX EN PROVENCE TGV,JCRHINRHON,FRAIE,12:22,FRHGU
310,2023-06-11,MACON VILLE,NON,2087,13:00,EST,LYON (intramuros),JCRHINRHON,FRLPD,12:22,FRHGU
311,2023-06-11,BELFORT-MONTBELIARD TGV,NON,2087,14:25,EST,AVIGNON TGV,JCRHINRHON,FRAVG,10:21,FRTJA
312,2023-06-11,BESANCON - F COMTE TGV,NON,2087,13:46,EST,VALENCE TGV RHONE-ALPES SUD,JCRHINRHON,FRVLA,10:44,FRTJB
313,2023-06-11,VALENCE TGV RHONE-ALPES SUD,NON,2087,15:06,EST,MARSEILLE ST CHARLES,JCRHINRHON,FRMSC,13:51,FRVLA
314,2023-06-11,PARIS (intramuros),NON,8731,20:24,ATLANTIQUE,VANNES,PARISBRETA,FRVNE,17:56,FRPMO
315,2023-06-11,RENNES,OUI,8731,21:28,ATLANTIQUE,QUIMPER,PARISBRETA,FRUIP,19:29,FRRNS
316,2023-06-11,AIX EN PROVENCE TGV,NON,9868,19:57,NORD,LILLE (intramuros),JCSUDNORD,FRLLE,15:24,FRAIE
317,2023-06-11,AIX EN PROVENCE TGV,NON,9868,16:53,NORD,LYON (intramuros),JCSUDNORD,FRLPD,15:24,FRAIE
318,2023-06-11,AVIGNON TGV,NON,9868,19:57,NORD,LILLE (intramuros),JCSUDNORD,FRLLE,15:46,FRAVG
319,2023-06-11,AVIGNON TGV,NON,9868,18:47,NORD,MARNE LA VALLEE CHESSY,JCSUDNORD,FRMLV,15:46,FRAVG
320,2023-06-11,LYON (intramuros),NON,9868,18:47,NORD,MARNE LA VALLEE CHESSY,JCSUDNORD,FRMLV,17:00,FRLPD
321,2023-06-11,MARNE LA VALLEE CHESSY,NON,9868,20:43,NORD,BRUXELLES MIDI BRUSSEL ZUID,JCSUDNORD,BEBMI,18:51,FRMLV
322,2023-06-11,MARNE LA VALLEE CHESSY,NON,9868,19:01,NORD,AEROPORT CDG2 TGV ROISSY,JCSUDNORD,FRMLW,18:51,FRMLV
323,2023-06-11,MARSEILLE ST CHARLES,NON,9868,20:43,NORD,BRUXELLES MIDI BRUSSEL ZUID,JCSUDNORD,BEBMI,15:11,FRMSC
324,2023-06-11,MARSEILLE ST CHARLES,OUI,9868,15:21,NORD,AIX EN PROVENCE TGV,JCSUDNORD,FRAIE,15:11,FRMSC
325,2023-06-11,MARSEILLE ST CHARLES,NON,9868,16:53,NORD,LYON (intramuros),JCSUDNORD,FRLPD,15:11,FRMSC
326,2023-06-11,PARIS (intramuros),NON,2647,23:04,EST,METZ VILLE,PAMETZLUX,FRADE,21:40,FRPST
327,2023-06-11,BRUXELLES MIDI BRUSSEL ZUID,NON,9812,12:00,NORD,LYON (intramuros),JCNORDSUD,FRLPD,08:17,BEBMI
328,2023-06-11,LILLE (intramuros),NON,9812,13:35,NORD,NIMES,JCNORDSUD,FRFNI,09:03,FRLLE
329,2023-06-11,LILLE (intramuros),NON,9812,14:03,NORD,MONTPELLIER SAINT-ROCH,JCNORDSUD,FRMPL,09:03,FRLLE
330,2023-06-11,LYON (intramuros),NON,9812,12:45,NORD,VALENCE TGV RHONE-ALPES SUD,JCNORDSUD,FRVLA,12:06,FRLPD
331,2023-06-11,AEROPORT CDG2 TGV ROISSY,NON,9812,13:35,NORD,NIMES,JCNORDSUD,FRFNI,09:59,FRMLW
332,2023-06-11,VALENCE TGV RHONE-ALPES SUD,NON,9812,14:03,NORD,MONTPELLIER SAINT-ROCH,JCNORDSUD,FRMPL,12:50,FRVLA
333,2023-06-11,PARIS (intramuros),NON,8751,23:45,ATLANTIQUE,QUIMPER,PARISBRETA,FRUIP,19:54,FRPMO
334,2023-06-11,PARIS (intramuros),NON,8751,22:28,ATLANTIQUE,VANNES,PARISBRETA,FRVNE,19:54,FRPMO
335,2023-06-11,PARIS (intramuros),NON,8751,22:03,ATLANTIQUE,REDON,PARISBRETA,FRXRN,19:54,FRPMO
336,2023-06-11,RENNES,OUI,8751,22:28,ATLANTIQUE,VANNES,PARISBRETA,FRVNE,21:29,FRRNS
337,2023-06-11,RENNES,OUI,8751,22:03,ATLANTIQUE,REDON,PARISBRETA,FRXRN,21:29,FRRNS
338,2023-06-11,PARIS (intramuros),NON,8461,00:02,ATLANTIQUE,ANGOULEME,PASUDOUEST,FRANG,21:45,FRPMO
339,2023-06-11,PARIS (intramuros),NON,6627,20:10,SUD EST,LYON (intramuros),PARISRHONE,FRLPE,17:50,FRPLY
340,2023-06-11,PARIS (intramuros),NON,6627,19:09,SUD EST,LE CREUSOT MONTCEAU MONTCHANIN,PARISRHONE,FRXCC,17:50,FRPLY
341,2023-06-11,PARIS (intramuros),OUI,8657,04:20,ATLANTIQUE,ST BRIEUC,PARISBRETA,FRSBK,23:59,FRPMO
342,2023-06-11,UZERCHE,NON,3684,20:23,IC ARO,ISSOUDUN,TOULOUZECO,FRFMN,18:17,FRAAW
343,2023-06-11,LIMOGES BENEDICTINS,NON,3684,19:29,IC ARO,LA SOUTERRAINE,TOULOUZECO,FRLST,18:57,FRAGQ
344,2023-06-11,BRIVE LA GAILLARDE,NON,3684,20:46,IC ARO,VIERZON VILLE,TOULOUZECO,FRXVZ,17:52,FRBVE
345,2023-06-11,CHATEAUROUX,NON,3684,20:23,IC ARO,ISSOUDUN,TOULOUZECO,FRFMN,20:09,FRCHR
346,2023-06-11,ISSOUDUN,NON,3684,20:46,IC ARO,VIERZON VILLE,TOULOUZECO,FRXVZ,20:24,FRFMN
347,2023-06-11,LA SOUTERRAINE,NON,3684,22:21,IC ARO,PARIS (intramuros),TOULOUZECO,FRPAZ,19:31,FRLST
348,2023-06-11,MEUSE TGV,NON,2247,19:48,EST,NANCY,PANANCY,FRENC,19:13,FREAJ
349,2023-06-11,ST ETIENNE CHATEAUCREUX,OUI,6696,17:25,SUD EST,LYON (intramuros),RHONEPARIS,FRLPD,16:44,FRHHD
350,2023-06-11,ST ETIENNE CHATEAUCREUX,NON,6696,19:34,SUD EST,PARIS (intramuros),RHONEPARIS,FRPLY,16:44,FRHHD
351,2023-06-11,ANGERS ST LAUD,OUI,8931,21:39,ATLANTIQUE,ST NAZAIRE,PARISLOIRE,FRSNR,20:19,FRACL
352,2023-06-11,NANTES,OUI,8931,21:55,ATLANTIQUE,LA BAULE ESCOUBLAC,PARISLOIRE,FRJEE,21:05,FRNTE
353,2023-06-11,PARIS (intramuros),NON,8931,19:54,ATLANTIQUE,SABLE SUR SARTHE,PARISLOIRE,FRSAB,18:48,FRPMO
354,2023-06-11,PARIS (intramuros),NON,8931,21:39,ATLANTIQUE,ST NAZAIRE,PARISLOIRE,FRSNR,18:48,FRPMO
355,2023-06-11,SABLE SUR SARTHE,NON,8931,22:07,ATLANTIQUE,LE CROISIC,PARISLOIRE,FREGU,19:56,FRSAB
356,2023-06-11,ST NAZAIRE,OUI,8931,22:07,ATLANTIQUE,LE CROISIC,PARISLOIRE,FREGU,21:42,FRSNR
357,2023-06-11,BORDEAUX ST JEAN,NON,4655,10:15,IC ARO,BEZIERS,TJOURSOSE,FRBZR,06:27,FRBOJ
358,2023-06-11,BORDEAUX ST JEAN,NON,4655,12:34,IC ARO,MARSEILLE ST CHARLES,TJOURSOSE,FRMSC,06:27,FRBOJ
359,2023-06-11,BORDEAUX ST JEAN,NON,4655,09:58,IC ARO,NARBONNE,TJOURSOSE,FRXNA,06:27,FRBOJ
360,2023-06-11,BEZIERS,NON,4655,12:34,IC ARO,MARSEILLE ST CHARLES,TJOURSOSE,FRMSC,10:18,FRBZR
361,2023-06-11,CARCASSONNE,NON,4655,09:58,IC ARO,NARBONNE,TJOURSOSE,FRXNA,09:29,FRCCF
362,2023-06-11,NIMES,NON,4655,12:34,IC ARO,MARSEILLE ST CHARLES,TJOURSOSE,FRMSC,11:24,FRFNI
363,2023-06-11,MONTAUBAN VILLE BOURBON,NON,4655,09:27,IC ARO,CARCASSONNE,TJOURSOSE,FRCCF,08:08,FRXMW
364,2023-06-11,MONTAUBAN VILLE BOURBON,OUI,4655,08:40,IC ARO,TOULOUSE MATABIAU,TJOURSOSE,FRXYT,08:08,FRXMW
365,2023-06-11,TOULOUSE MATABIAU,NON,4655,10:15,IC ARO,BEZIERS,TJOURSOSE,FRBZR,08:45,FRXYT
366,2023-06-11,TOULOUSE MATABIAU,NON,4655,11:21,IC ARO,NIMES,TJOURSOSE,FRFNI,08:45,FRXYT
367,2023-06-11,DIJON VILLE,NON,6704,15:08,SUD EST,PARIS (intramuros),BOURPA,FRPLY,13:27,FRABA
368,2023-06-11,BESANCON - F COMTE TGV,NON,6704,15:08,SUD EST,PARIS (intramuros),BOURPA,FRPLY,12:54,FRTJB
369,2023-06-11,GRENOBLE,NON,6928,21:50,SUD EST,LYON-SAINT EXUPERY TGV,GRENOBLEPA,FRJDQ,20:47,FRGNB
370,2023-06-11,GRENOBLE,NON,6928,23:56,SUD EST,PARIS (intramuros),GRENOBLEPA,FRPLY,20:47,FRGNB
371,2023-06-11,POITIERS,OUI,8379,14:38,ATLANTIQUE,NIORT,PAROCHELLE,FRNIT,13:55,FRPIS
372,2023-06-11,ZUERICH HB,NON,9206,08:28,INTERNATIONAL,BASEL SBB,ZURBALPA,CHAJP,07:34,CHAJD
373,2023-06-11,ZUERICH HB,NON,9206,11:38,INTERNATIONAL,PARIS (intramuros),ZURBALPA,FRPLY,07:34,CHAJD
374,2023-06-11,BASEL SBB,NON,9206,09:17,INTERNATIONAL,BELFORT-MONTBELIARD TGV,ZURBALPA,FRTJA,08:34,CHAJP
375,2023-06-11,DIJON VILLE,NON,5535,23:04,EST,LYON (intramuros),JCRHINRHON,FRLPD,21:29,FRABA
376,2023-06-11,COLMAR,NON,5535,23:04,EST,LYON (intramuros),JCRHINRHON,FRLPD,19:33,FRAEJ
377,2023-06-11,MULHOUSE VILLE,NON,5535,20:26,EST,BELFORT-MONTBELIARD TGV,JCRHINRHON,FRTJA,20:04,FRAEK
378,2023-06-11,MACON VILLE,NON,5535,23:04,EST,LYON (intramuros),JCRHINRHON,FRLPD,22:29,FRHGU
379,2023-06-11,BELFORT-MONTBELIARD TGV,NON,5535,21:19,EST,DIJON VILLE,JCRHINRHON,FRABA,20:29,FRTJA
380,2023-06-11,BESANCON - F COMTE TGV,NON,5535,23:04,EST,LYON (intramuros),JCRHINRHON,FRLPD,20:52,FRTJB
381,2023-06-11,BESANCON - F COMTE TGV,NON,5535,23:18,EST,LYON (intramuros),JCRHINRHON,FRLPE,20:52,FRTJB
382,2023-06-11,NIORT,OUI,8391,20:58,ATLANTIQUE,SURGERES,PAROCHELLE,FREIP,20:40,FRNIT
383,2023-06-11,POITIERS,NON,8391,20:58,ATLANTIQUE,SURGERES,PAROCHELLE,FREIP,19:49,FRPIS
384,2023-06-11,POITIERS,OUI,8391,20:18,ATLANTIQUE,ST MAIXENT DEUX SEVRES,PAROCHELLE,FREJC,19:49,FRPIS
385,2023-06-11,PARIS (intramuros),NON,8391,21:21,ATLANTIQUE,LA ROCHELLE VILLE,PAROCHELLE,FRLRH,18:24,FRPMO
386,2023-06-11,PARIS (intramuros),NON,8391,19:45,ATLANTIQUE,POITIERS,PAROCHELLE,FRPIS,18:24,FRPMO
387,2023-06-11,MULHOUSE VILLE,NON,6702,08:08,SUD EST,BELFORT-MONTBELIARD TGV,BOURPA,FRTJA,07:46,FRAEK
388,2023-06-11,MULHOUSE VILLE,NON,6702,08:31,SUD EST,BESANCON - F COMTE TGV,BOURPA,FRTJB,07:46,FRAEK
389,2023-06-11,BESANCON - F COMTE TGV,NON,6702,10:48,SUD EST,PARIS (intramuros),BOURPA,FRPLY,08:34,FRTJB
390,2023-06-11,PAU,OUI,8585,18:19,ATLANTIQUE,DAX,SUDOUESTPA,FRACG,17:28,FRAEE
391,2023-06-11,PAU,OUI,8585,17:49,ATLANTIQUE,ORTHEZ,SUDOUESTPA,FRGFI,17:28,FRAEE
392,2023-06-11,LOURDES,OUI,8585,17:49,ATLANTIQUE,ORTHEZ,SUDOUESTPA,FRGFI,17:00,FRLDE
393,2023-06-11,TARBES,OUI,8585,17:49,ATLANTIQUE,ORTHEZ,SUDOUESTPA,FRGFI,16:36,FRXTB
394,2023-06-11,AIX EN PROVENCE TGV,NON,6120,17:30,SUD EST,PARIS (intramuros),PROVENCEPA,FRPLY,14:18,FRAIE
395,2023-06-11,PAU,NON,14150,18:30,IC SRO,LOURDES,SUDOUEST,FRLDE,18:05,FRAEE
396,2023-06-11,PAU,NON,14150,20:27,IC SRO,TOULOUSE MATABIAU,SUDOUEST,FRXYT,18:05,FRAEE
397,2023-06-11,LOURDES,NON,14150,18:47,IC SRO,TARBES,SUDOUEST,FRXTB,18:33,FRLDE
398,2023-06-11,BAYONNE,NON,14150,18:02,IC SRO,PAU,SUDOUEST,FRAEE,16:20,FRXBY
399,2023-06-11,BAYONNE,NON,14150,18:30,IC SRO,LOURDES,SUDOUEST,FRLDE,16:20,FRXBY
400,2023-06-11,BAYONNE,NON,14150,20:27,IC SRO,TOULOUSE MATABIAU,SUDOUEST,FRXYT,16:20,FRXBY
401,2023-06-11,TARBES,NON,14150,20:27,IC SRO,TOULOUSE MATABIAU,SUDOUEST,FRXYT,18:50,FRXTB
402,2023-06-11,LAVAL,NON,8739,21:59,ATLANTIQUE,LORIENT,PARISBRETA,FRLRT,19:58,FRACR
403,2023-06-11,QUIMPERLE,OUI,8739,22:45,ATLANTIQUE,QUIMPER,PARISBRETA,FRUIP,22:16,FRECO
404,2023-06-11,PARIS (intramuros),NON,8739,22:30,ATLANTIQUE,ROSPORDEN,PARISBRETA,FRRSP,18:40,FRPMO
405,2023-06-11,RENNES,OUI,8739,21:28,ATLANTIQUE,VANNES,PARISBRETA,FRVNE,20:29,FRRNS
406,2023-06-11,REDON,OUI,8739,21:59,ATLANTIQUE,LORIENT,PARISBRETA,FRLRT,21:05,FRXRN
407,2023-06-11,REDON,OUI,8739,22:30,ATLANTIQUE,ROSPORDEN,PARISBRETA,FRRSP,21:05,FRXRN
408,2023-06-11,AURAY,OUI,8739,22:30,ATLANTIQUE,ROSPORDEN,PARISBRETA,FRRSP,21:44,FRXUY
409,2023-06-11,NEVERS,OUI,5983,22:25,IC ARO,RIOM CHATEL GUYON,PACLERMONT,FRRIO,21:01,FRNVS
410,2023-06-11,PARIS (intramuros),NON,9591,19:54,EST,LAHR SCHWARZW,PASTRAMULH,DEANL,17:25,FRPST
411,2023-06-11,STRASBOURG,OUI,9591,20:26,EST,FREIBURG BREISGAU HBF,PASTRAMULH,DEFGB,19:17,FRAEG
412,2023-06-11,ANGOULEME,OUI,8491,21:16,ATLANTIQUE,LIBOURNE,PASUDOUEST,FRXLR,20:37,FRANG
413,2023-06-11,POITIERS,OUI,8491,21:16,ATLANTIQUE,LIBOURNE,PASUDOUEST,FRXLR,19:54,FRPIS
414,2023-06-11,PARIS (intramuros),NON,8491,21:48,ATLANTIQUE,BORDEAUX ST JEAN,PASUDOUEST,FRBOJ,18:24,FRPMO
415,2023-06-11,PARIS (intramuros),NON,6279,21:06,SUD EST,VALENCE TGV RHONE-ALPES SUD,PALANG,FRVLA,18:54,FRPLY
416,2023-06-11,NIMES PONT DU GARD,OUI,6279,22:08,SUD EST,MONTPELLIER SUD DE FRANCE,PALANG,FRSUF,21:49,FRXZP
417,2023-06-11,BREST,OUI,8610,10:00,ATLANTIQUE,PLOUARET TREGOR,BRETAPARIS,FRPLT,09:09,FRBES
418,2023-06-11,BREST,NON,8610,13:19,ATLANTIQUE,PARIS (intramuros),BRETAPARIS,FRPMO,09:09,FRBES
419,2023-06-11,GUINGAMP,NON,8610,12:01,ATLANTIQUE,LAVAL,BRETAPARIS,FRACR,10:18,FRGGP
420,2023-06-11,GUINGAMP,OUI,8610,10:45,ATLANTIQUE,LAMBALLE,BRETAPARIS,FRLAM,10:18,FRGGP
421,2023-06-11,LAMBALLE,OUI,8610,11:29,ATLANTIQUE,RENNES,BRETAPARIS,FRRNS,10:48,FRLAM
422,2023-06-11,MORLAIX,OUI,8610,10:45,ATLANTIQUE,LAMBALLE,BRETAPARIS,FRLAM,09:45,FRMXN
423,2023-06-11,MORLAIX,OUI,8610,10:00,ATLANTIQUE,PLOUARET TREGOR,BRETAPARIS,FRPLT,09:45,FRMXN
424,2023-06-11,MORLAIX,NON,8610,13:19,ATLANTIQUE,PARIS (intramuros),BRETAPARIS,FRPMO,09:45,FRMXN
425,2023-06-11,PLOUARET TREGOR,OUI,8610,10:33,ATLANTIQUE,ST BRIEUC,BRETAPARIS,FRSBK,10:03,FRPLT
426,2023-06-11,LANDERNEAU,OUI,8610,10:33,ATLANTIQUE,ST BRIEUC,BRETAPARIS,FRSBK,09:22,FRXLD
427,2023-06-11,FORBACH,NON,9551,12:59,INTERNATIONAL,FRANKFURT MAIN HBF,PAFRANC,DEFRH,10:47,FRBQT
428,2023-06-11,PARIS (intramuros),NON,9551,11:34,INTERNATIONAL,KAISERSLAUTERN HBF,PAFRANC,DEKLT,09:06,FRPST
429,2023-06-11,DIJON VILLE,NON,6753,23:25,SUD EST,DOLE VILLE,PABOUR,FRACE,23:01,FRABA
430,2023-06-11,PARIS (intramuros),NON,6753,22:57,SUD EST,DIJON VILLE,PABOUR,FRABA,21:16,FRPLY
431,2023-06-11,ANNECY,NON,6980,21:14,SUD EST,PARIS (intramuros),ALPESPARIS,FRPLY,17:32,FRNCY
432,2023-06-11,BRUXELLES MIDI BRUSSEL ZUID,OUI,9832,15:38,NORD,LILLE (intramuros),JCNORDBRET,FRLLE,15:03,BEBMI
433,2023-06-11,ANGERS ST LAUD,NON,9832,19:50,NORD,NANTES,JCNORDBRET,FRNTE,19:12,FRACL
434,2023-06-11,LILLE (intramuros),NON,9832,18:29,NORD,LE MANS,JCNORDBRET,FRAET,15:52,FRLLE
435,2023-06-11,LILLE (intramuros),NON,9832,17:33,NORD,MASSY TGV,JCNORDBRET,FRDJU,15:52,FRLLE
436,2023-06-11,MARNE LA VALLEE CHESSY,NON,9832,18:29,NORD,LE MANS,JCNORDBRET,FRAET,17:02,FRMLV
437,2023-06-11,BRUXELLES MIDI BRUSSEL ZUID,NON,9832,19:09,NORD,ANGERS ST LAUD,JCNORDBRET,FRACL,15:03,BEBMI
438,2023-06-11,MACON VILLE,NON,5500,20:18,EST,STRASBOURG,JCRHONRHIN,FRAEG,16:41,FRHGU
439,2023-06-11,LYON (intramuros),NON,5500,18:44,EST,BELFORT-MONTBELIARD TGV,JCRHONRHIN,FRTJA,16:04,FRLPD
440,2023-06-11,LYON (intramuros),NON,5500,18:17,EST,BESANCON - F COMTE TGV,JCRHONRHIN,FRTJB,16:04,FRLPD
441,2023-06-11,MONTPELLIER SAINT-ROCH,NON,5500,20:18,EST,STRASBOURG,JCRHONRHIN,FRAEG,13:55,FRMPL
442,2023-06-11,MONTPELLIER SAINT-ROCH,NON,5500,18:17,EST,BESANCON - F COMTE TGV,JCRHONRHIN,FRTJB,13:55,FRMPL
443,2023-06-11,BELFORT-MONTBELIARD TGV,NON,5500,20:18,EST,STRASBOURG,JCRHONRHIN,FRAEG,18:47,FRTJA
444,2023-06-11,BESANCON - F COMTE TGV,NON,5500,19:09,EST,MULHOUSE VILLE,JCRHONRHIN,FRAEK,18:22,FRTJB
445,2023-06-11,POITIERS,NON,8393,22:25,ATLANTIQUE,LA ROCHELLE VILLE,PAROCHELLE,FRLRH,20:58,FRPIS
446,2023-06-11,POITIERS,NON,8393,21:41,ATLANTIQUE,NIORT,PAROCHELLE,FRNIT,20:58,FRPIS
447,2023-06-11,LYON (intramuros),NON,6668,19:34,SUD EST,PARIS (intramuros),RHONEPARIS,FRPLY,17:38,FRLPD
448,2023-06-11,ST ETIENNE CHATEAUCREUX,NON,6694,15:00,SUD EST,PARIS (intramuros),RHONEPARIS,FRPLY,12:12,FRHHD
449,2023-06-11,QUIMPERLE,NON,8742,21:56,ATLANTIQUE,PARIS (intramuros),BRETAPARIS,FRPMO,18:36,FRECO
450,2023-06-11,ROSPORDEN,NON,8742,21:56,ATLANTIQUE,PARIS (intramuros),BRETAPARIS,FRPMO,18:21,FRRSP
451,2023-06-11,ROSPORDEN,NON,8742,19:45,ATLANTIQUE,REDON,BRETAPARIS,FRXRN,18:21,FRRSP
452,2023-06-11,AURAY,NON,8742,21:56,ATLANTIQUE,PARIS (intramuros),BRETAPARIS,FRPMO,19:08,FRXUY
453,2023-06-11,LE MANS,NON,8874,15:25,ATLANTIQUE,PARIS (intramuros),LOIREPARIS,FRPMO,14:26,FRAET
454,2023-06-11,NANTES,OUI,8874,14:23,ATLANTIQUE,LE MANS,LOIREPARIS,FRAET,13:05,FRNTE
455,2023-06-11,BORDEAUX ST JEAN,NON,4669,21:32,IC ARO,CARCASSONNE,TJOURSOSE,FRCCF,18:28,FRBOJ
456,2023-06-11,BORDEAUX ST JEAN,NON,4669,23:23,IC ARO,NIMES,TJOURSOSE,FRFNI,18:28,FRBOJ
457,2023-06-11,BORDEAUX ST JEAN,NON,4669,19:04,IC ARO,MARMANDE,TJOURSOSE,FRXMR,18:28,FRBOJ
458,2023-06-11,BORDEAUX ST JEAN,NON,4669,22:39,IC ARO,SETE,TJOURSOSE,FRXSY,18:28,FRBOJ
459,2023-06-11,MARMANDE,NON,4669,23:23,IC ARO,NIMES,TJOURSOSE,FRFNI,19:06,FRXMR
460,2023-06-11,MARMANDE,NON,4669,22:55,IC ARO,MONTPELLIER SAINT-ROCH,TJOURSOSE,FRMPL,19:06,FRXMR
461,2023-06-11,MONTAUBAN VILLE BOURBON,NON,4669,20:42,IC ARO,TOULOUSE MATABIAU,TJOURSOSE,FRXYT,20:11,FRXMW
462,2023-06-11,NARBONNE,OUI,4669,23:23,IC ARO,NIMES,TJOURSOSE,FRFNI,22:05,FRXNA
463,2023-06-11,TOULOUSE MATABIAU,OUI,4669,21:32,IC ARO,CARCASSONNE,TJOURSOSE,FRCCF,20:50,FRXYT
464,2023-06-11,TOULOUSE MATABIAU,OUI,4669,23:23,IC ARO,NIMES,TJOURSOSE,FRFNI,20:50,FRXYT
465,2023-06-11,PARIS (intramuros),NON,9789,20:53,INTERNATIONAL,BOURG EN BRESSE,PAGENEVE,FRXBK,19:02,FRPLY
466,2023-06-11,ANGOULEME,NON,8488,18:06,ATLANTIQUE,POITIERS,SUDOUESTPA,FRPIS,17:26,FRANG
467,2023-06-11,LIBOURNE,NON,8488,18:06,ATLANTIQUE,POITIERS,SUDOUESTPA,FRPIS,16:42,FRXLR
468,2023-06-11,STRASBOURG,NON,9402,18:54,EST,LORRAINE TGV,MULHSTRAPA,FREAM,18:19,FRAEG
469,2023-06-11,LORRAINE TGV,NON,9402,19:35,EST,CHAMPAGNE-ARDENNE,MULHSTRAPA,FREAH,18:57,FREAM
470,2023-06-11,OFFENBOURG/OFFENBURG,OUI,9402,18:12,EST,STRASBOURG,MULHSTRAPA,FRAEG,17:41,DEZPA
471,2023-06-11,FREIBURG BREISGAU HBF,OUI,9402,17:16,EST,LAHR SCHWARZW,MULHSTRAPA,DEANL,16:45,DEFGB
472,2023-06-11,FREIBURG BREISGAU HBF,OUI,9402,17:36,EST,OFFENBOURG/OFFENBURG,MULHSTRAPA,DEZPA,16:45,DEFGB
473,2023-06-11,RINGSHEIM/EU-PARK,OUI,9402,18:12,EST,STRASBOURG,MULHSTRAPA,FRAEG,17:08,DERSH
474,2023-06-11,RINGSHEIM/EU-PARK,NON,9402,19:35,EST,CHAMPAGNE-ARDENNE,MULHSTRAPA,FREAH,17:08,DERSH
475,2023-06-11,OFFENBOURG/OFFENBURG,NON,9402,18:54,EST,LORRAINE TGV,MULHSTRAPA,FREAM,17:41,DEZPA
476,2023-06-11,VALENCIENNES,OUI,7144,22:08,NORD,PARIS (intramuros),ARRASPA,FRPNO,20:15,FRXVS
477,2023-06-11,ALBI VILLE,NON,3754,06:50,IC NUIT,PARIS (intramuros),OCCITANPAR,FRPAZ,20:50,FRAFJ
478,2023-06-11,ALBI MADELEINE,NON,3754,05:43,IC NUIT,LES AUBRAIS ORLEANS,OCCITANPAR,FRLAB,20:55,FRAMA
479,2023-06-11,ALBI MADELEINE,NON,3754,06:50,IC NUIT,PARIS (intramuros),OCCITANPAR,FRPAZ,20:55,FRAMA
480,2023-06-11,ST CHRISTOPHE,NON,3754,05:43,IC NUIT,LES AUBRAIS ORLEANS,OCCITANPAR,FRLAB,23:06,FRFST
481,2023-06-11,RODEZ,NON,3754,06:50,IC NUIT,PARIS (intramuros),OCCITANPAR,FRPAZ,22:38,FRRDZ
482,2023-06-11,LYON (intramuros),OUI,6632,19:58,SUD EST,LYON (intramuros),RHONEPARIS,FRLPD,19:50,FRLPE
483,2023-06-11,AVIGNON TGV,NON,5066,16:57,NORD,LILLE (intramuros),JCSUDNORD,FRLLE,12:48,FRAVG
484,2023-06-11,AVIGNON TGV,NON,5066,13:54,NORD,LYON (intramuros),JCSUDNORD,FRLPD,12:48,FRAVG
485,2023-06-11,AVIGNON TGV,NON,5066,15:46,NORD,MARNE LA VALLEE CHESSY,JCSUDNORD,FRMLV,12:48,FRAVG
486,2023-06-11,LYON (intramuros),NON,5066,16:00,NORD,AEROPORT CDG2 TGV ROISSY,JCSUDNORD,FRMLW,14:00,FRLPD
487,2023-06-11,MARNE LA VALLEE CHESSY,NON,5066,16:57,NORD,LILLE (intramuros),JCSUDNORD,FRLLE,15:50,FRMLV
488,2023-06-11,MARSEILLE ST CHARLES,NON,5066,13:54,NORD,LYON (intramuros),JCSUDNORD,FRLPD,12:12,FRMSC
489,2023-06-11,STUTTGART HBF,NON,9570,19:30,INTERNATIONAL,KARLSRUHE HBF,MUNSTUTPA,DEQKA,18:52,DESGT
490,2023-06-11,STUTTGART HBF,NON,9570,20:13,INTERNATIONAL,STRASBOURG,MUNSTUTPA,FRAEG,18:52,DESGT
491,2023-06-11,GUINGAMP,OUI,8615,14:47,ATLANTIQUE,BREST,PARISBRETA,FRBES,13:40,FRGGP
492,2023-06-11,GUINGAMP,OUI,8615,13:53,ATLANTIQUE,PLOUARET TREGOR,PARISBRETA,FRPLT,13:40,FRGGP
493,2023-06-11,PARIS (intramuros),NON,8615,13:08,ATLANTIQUE,LAMBALLE,PARISBRETA,FRLAM,10:53,FRPMO
494,2023-06-11,PARIS (intramuros),NON,8615,13:20,ATLANTIQUE,ST BRIEUC,PARISBRETA,FRSBK,10:53,FRPMO
495,2023-06-11,RENNES,NON,8615,14:47,ATLANTIQUE,BREST,PARISBRETA,FRBES,12:32,FRRNS
496,2023-06-11,ST BRIEUC,OUI,8615,13:37,ATLANTIQUE,GUINGAMP,PARISBRETA,FRGGP,13:23,FRSBK
497,2023-06-11,MASSY TGV,NON,5210,11:17,NORD,RENNES,JCNORDBRET,FRRNS,09:39,FRDJU
498,2023-06-11,LILLE (intramuros),OUI,5210,08:42,NORD,AEROPORT CDG2 TGV ROISSY,JCNORDBRET,FRMLW,07:52,FRLLE
499,2023-06-11,MARNE LA VALLEE CHESSY,NON,5210,11:17,NORD,RENNES,JCNORDBRET,FRRNS,09:02,FRMLV
500,2023-06-11,POITIERS,NON,8483,10:17,ATLANTIQUE,BORDEAUX ST JEAN,PASUDOUEST,FRBOJ,08:23,FRPIS
501,2023-06-11,POITIERS,NON,8483,09:45,ATLANTIQUE,LIBOURNE,PASUDOUEST,FRXLR,08:23,FRPIS
502,2023-06-11,ANGERS ST LAUD,NON,4502,16:04,IC SRO,NANTES,JOURLYNNTE,FRNTE,15:23,FRACL
503,2023-06-11,BOURGES,NON,4502,14:25,IC SRO,ST PIERRE DES CORPS,JOURLYNNTE,FRXSH,13:03,FRBOU
504,2023-06-11,LYON (intramuros),NON,4502,16:04,IC SRO,NANTES,JOURLYNNTE,FRNTE,09:34,FRLPD
505,2023-06-11,LYON (intramuros),NON,4502,16:04,IC SRO,NANTES,JOURLYNNTE,FRNTE,09:20,FRLPE
506,2023-06-11,LYON (intramuros),NON,4502,11:44,IC SRO,MOULINS SUR ALLIER,JOURLYNNTE,FRXMU,09:20,FRLPE
507,2023-06-11,NEVERS,NON,4502,14:59,IC SRO,SAUMUR,JOURLYNNTE,FRACN,12:25,FRNVS
508,2023-06-11,NEVERS,NON,4502,13:01,IC SRO,BOURGES,JOURLYNNTE,FRBOU,12:25,FRNVS
509,2023-06-11,ST GERMAIN DES FOSSES,NON,4502,13:01,IC SRO,BOURGES,JOURLYNNTE,FRBOU,11:19,FRSGF
510,2023-06-11,ST GERMAIN DES FOSSES,NON,4502,11:44,IC SRO,MOULINS SUR ALLIER,JOURLYNNTE,FRXMU,11:19,FRSGF
511,2023-06-11,ST GERMAIN DES FOSSES,NON,4502,14:25,IC SRO,ST PIERRE DES CORPS,JOURLYNNTE,FRXSH,11:19,FRSGF
512,2023-06-11,MOULINS SUR ALLIER,NON,4502,14:25,IC SRO,ST PIERRE DES CORPS,JOURLYNNTE,FRXSH,11:46,FRXMU
513,2023-06-11,ST PIERRE DES CORPS,NON,4502,14:59,IC SRO,SAUMUR,JOURLYNNTE,FRACN,14:28,FRXSH
514,2023-06-11,VIERZON VILLE,NON,4502,15:21,IC SRO,ANGERS ST LAUD,JOURLYNNTE,FRACL,13:24,FRXVZ
515,2023-06-11,VIERZON VILLE,NON,4502,14:25,IC SRO,ST PIERRE DES CORPS,JOURLYNNTE,FRXSH,13:24,FRXVZ
516,2023-06-11,STRASBOURG,NON,2474,22:39,EST,PARIS (intramuros),MULHSTRAPA,FRPST,20:47,FRAEG
517,2023-06-11,PARIS (intramuros),NON,6925,20:03,SUD EST,LYON-SAINT EXUPERY TGV,PAGRENOBLE,FRJDQ,18:12,FRPLY
518,2023-06-11,LILLE (intramuros),OUI,5120,16:36,NORD,MARNE LA VALLEE CHESSY,JCNORDSUD,FRMLV,15:26,FRLLE
519,2023-06-11,LYON (intramuros),NON,5120,20:20,NORD,NIMES,JCNORDSUD,FRFNI,18:40,FRLPD
520,2023-06-11,LYON (intramuros),NON,5120,19:21,NORD,VALENCE TGV RHONE-ALPES SUD,JCNORDSUD,FRVLA,18:40,FRLPD
521,2023-06-11,MARNE LA VALLEE CHESSY,NON,5120,20:20,NORD,NIMES,JCNORDSUD,FRFNI,16:41,FRMLV
522,2023-06-11,VALENCE TGV RHONE-ALPES SUD,NON,5120,20:20,NORD,NIMES,JCNORDSUD,FRFNI,19:24,FRVLA
523,2023-06-11,AIX EN PROVENCE TGV,OUI,6122,15:35,SUD EST,AVIGNON TGV,PROVENCEPA,FRAVG,15:16,FRAIE
524,2023-06-11,AVIGNON TGV,NON,6122,18:22,SUD EST,PARIS (intramuros),PROVENCEPA,FRPLY,15:38,FRAVG
525,2023-06-11,PARIS (intramuros),NON,9555,18:57,INTERNATIONAL,SARREBRUCK/SAARBRUECKEN,PAFRANC,DESBK,17:10,FRPST
526,2023-06-11,MACON LOCHE TGV,NON,9241,10:52,INTERNATIONAL,MODANE,PAITALIE,FRAGR,08:20,FRMLT
527,2023-06-11,PARIS (intramuros),NON,9241,12:23,INTERNATIONAL,TORINO PORTA SUSA,PAITALIE,ITTRS,06:42,FRPLY
528,2023-06-11,BELFORT-MONTBELIARD TGV,NON,9203,10:03,INTERNATIONAL,MULHOUSE VILLE,PABALZUR,FRAEK,09:41,FRTJA
529,2023-06-11,DIJON VILLE,NON,6709,20:12,SUD EST,MULHOUSE VILLE,PABOUR,FRAEK,18:56,FRABA
530,2023-06-11,DIJON VILLE,NON,6709,19:22,SUD EST,BESANCON - F COMTE TGV,PABOUR,FRTJB,18:56,FRABA
531,2023-06-11,PARIS (intramuros),NON,6709,20:12,SUD EST,MULHOUSE VILLE,PABOUR,FRAEK,17:16,FRPLY
532,2023-06-11,PARIS (intramuros),NON,6709,19:46,SUD EST,BELFORT-MONTBELIARD TGV,PABOUR,FRTJA,17:16,FRPLY
533,2023-06-11,ANGERS ST LAUD,OUI,8875,15:54,ATLANTIQUE,NANTES,PARISLOIRE,FRNTE,15:17,FRACL
534,2023-06-11,PARIS (intramuros),NON,8875,15:54,ATLANTIQUE,NANTES,PARISLOIRE,FRNTE,13:32,FRPMO
535,2023-06-11,PARIS (intramuros),NON,7087,22:18,NORD,LILLE (intramuros),PALILLE,FRADJ,21:16,FRPNO
536,2023-06-11,BEZIERS,NON,9704,21:18,SUD EST,PARIS (intramuros),BARCELONEPA,FRPLY,16:58,FRBZR
537,2023-06-11,MONTPELLIER SAINT-ROCH,NON,9704,21:18,SUD EST,PARIS (intramuros),BARCELONEPA,FRPLY,17:51,FRMPL
538,2023-06-11,VALENCE TGV RHONE-ALPES SUD,NON,9704,21:18,SUD EST,PARIS (intramuros),BARCELONEPA,FRPLY,19:06,FRVLA
539,2023-06-11,NARBONNE,NON,9704,21:18,SUD EST,PARIS (intramuros),BARCELONEPA,FRPLY,16:42,FRXNA
540,2023-06-11,NARBONNE,NON,9704,17:08,SUD EST,AGDE,BARCELONEPA,FRXAG,16:42,FRXNA
541,2023-06-11,BARCELONA SANTS,NON,9704,15:54,SUD EST,PERPIGNAN,BARCELONEPA,FRPGF,14:32,ESBST
542,2023-06-11,FIGUERES VILA TGV,NON,9704,21:18,SUD EST,PARIS (intramuros),BARCELONEPA,FRPLY,15:30,ESFIR
543,2023-06-11,BARCELONA SANTS,NON,9704,17:43,SUD EST,MONTPELLIER SAINT-ROCH,BARCELONEPA,FRMPL,14:32,ESBST
544,2023-06-11,BARCELONA SANTS,NON,9704,19:03,SUD EST,VALENCE TGV RHONE-ALPES SUD,BARCELONEPA,FRVLA,14:32,ESBST
545,2023-06-11,GIRONA,NON,9704,16:39,SUD EST,NARBONNE,BARCELONEPA,FRXNA,15:13,ESGRO
546,2023-06-11,BARCELONA SANTS,NON,9704,17:24,SUD EST,SETE,BARCELONEPA,FRXSY,14:32,ESBST
547,2023-06-11,GIRONA,NON,9704,16:55,SUD EST,BEZIERS,BARCELONEPA,FRBZR,15:13,ESGRO
548,2023-06-11,FIGUERES VILA TGV,NON,9704,18:16,SUD EST,NIMES,BARCELONEPA,FRFNI,15:30,ESFIR
549,2023-06-11,FIGUERES VILA TGV,NON,9704,19:03,SUD EST,VALENCE TGV RHONE-ALPES SUD,BARCELONEPA,FRVLA,15:30,ESFIR
550,2023-06-11,FIGUERES VILA TGV,NON,9704,17:43,SUD EST,MONTPELLIER SAINT-ROCH,BARCELONEPA,FRMPL,15:30,ESFIR
551,2023-06-11,FIGUERES VILA TGV,NON,9704,17:24,SUD EST,SETE,BARCELONEPA,FRXSY,15:30,ESFIR
552,2023-06-11,BEZIERS,NON,6871,11:50,SUD EST,LYON (intramuros),JCSUDPROV,FRLPD,09:15,FRBZR
553,2023-06-11,NARBONNE,OUI,6871,09:12,SUD EST,BEZIERS,JCSUDPROV,FRBZR,08:59,FRXNA
554,2023-06-11,CARCASSONNE,OUI,6871,09:55,SUD EST,MONTPELLIER SUD DE FRANCE,JCSUDPROV,FRSUF,08:27,FRCCF
555,2023-06-11,NIMES PONT DU GARD,NON,6871,11:50,SUD EST,LYON (intramuros),JCSUDPROV,FRLPD,10:27,FRXZP
556,2023-06-11,BEZIERS,NON,6871,10:24,SUD EST,NIMES PONT DU GARD,JCSUDPROV,FRXZP,09:15,FRBZR
557,2023-06-11,SETE,NON,6871,10:24,SUD EST,NIMES PONT DU GARD,JCSUDPROV,FRXZP,09:39,FRXSY
558,2023-06-11,AIX EN PROVENCE TGV,NON,9882,21:57,NORD,LILLE (intramuros),JCSUDNORD,FRLLE,17:22,FRAIE
559,2023-06-11,AIX EN PROVENCE TGV,NON,9882,18:54,NORD,LYON (intramuros),JCSUDNORD,FRLPD,17:22,FRAIE
560,2023-06-11,AIX EN PROVENCE TGV,NON,9882,21:01,NORD,AEROPORT CDG2 TGV ROISSY,JCSUDNORD,FRMLW,17:22,FRAIE
561,2023-06-11,NANTES,OUI,8148,21:41,ATLANTIQUE,ANGERS ST LAUD,LOIREPARIS,FRACL,21:03,FRNTE
562,2023-06-11,NANTES,NON,8148,23:16,ATLANTIQUE,PARIS (intramuros),LOIREPARIS,FRPMO,21:03,FRNTE
563,2023-06-11,LYON (intramuros),NON,6626,19:00,SUD EST,PARIS (intramuros),RHONEPARIS,FRPLY,17:04,FRLPD
564,2023-06-11,PARIS (intramuros),NON,2443,18:29,EST,STRASBOURG,PASTRAMULH,FRAEG,16:43,FRPST
565,2023-06-11,BORDEAUX ST JEAN,NON,12254,12:52,ATLANTIQUE,PARIS (intramuros),SUDOUESTPA,FRPMO,10:46,FRBOJ
566,2023-06-11,LES AUBRAIS ORLEANS,NON,3755,06:15,IC NUIT,AUBIN,PAVERMEIL,FRFSQ,23:32,FRLAB
567,2023-06-11,LES AUBRAIS ORLEANS,NON,3755,06:19,IC NUIT,CRANSAC,PAVERMEIL,FRFSR,23:32,FRLAB
568,2023-06-11,AVIGNON TGV,NON,6170,16:34,SUD EST,PARIS (intramuros),AZURPA,FRPLY,13:56,FRAVG
569,2023-06-11,CANNES,OUI,6170,12:43,SUD EST,TOULON,AZURPA,FRTLN,11:33,FRJCA
570,2023-06-11,NICE VILLE,OUI,6170,11:13,SUD EST,ANTIBES,AZURPA,FRXAT,10:54,FRNIC
571,2023-06-11,TOULON,NON,6170,13:53,SUD EST,AVIGNON TGV,AZURPA,FRAVG,12:47,FRTLN
572,2023-06-11,ANGOULEME,NON,8476,21:28,ATLANTIQUE,ST PIERRE DES CORPS,SUDOUESTPA,FRXSH,20:27,FRANG
573,2023-06-11,BORDEAUX ST JEAN,NON,8476,21:28,ATLANTIQUE,ST PIERRE DES CORPS,SUDOUESTPA,FRXSH,19:50,FRBOJ
574,2023-06-11,FACTURE BIGANOS,OUI,8476,19:44,ATLANTIQUE,BORDEAUX ST JEAN,SUDOUESTPA,FRBOJ,19:20,FRFAC
575,2023-06-11,LA TESTE,OUI,8476,19:44,ATLANTIQUE,BORDEAUX ST JEAN,SUDOUESTPA,FRBOJ,19:04,FRFCJ
576,2023-06-11,ST PIERRE DES CORPS,NON,8320,20:12,ATLANTIQUE,PARIS (intramuros),ROCHELLEPA,FRPMO,19:04,FRXSH
577,2023-06-11,ARLES,OUI,6193,16:37,SUD EST,MIRAMAS,PAVDR,FRMAZ,16:18,FRHZA
578,2023-06-11,LYON-SAINT EXUPERY TGV,NON,6193,15:09,SUD EST,MONTELIMAR GARE SNCF,PAVDR,FRXMK,14:11,FRJDQ
579,2023-06-11,PARIS (intramuros),NON,6193,14:46,SUD EST,VALENCE VILLE,PAVDR,FRVAF,12:12,FRPLY
580,2023-06-11,VALENCE VILLE,OUI,6193,15:38,SUD EST,ORANGE,PAVDR,FRXOG,14:49,FRVAF
581,2023-06-11,ORANGE,OUI,6193,16:37,SUD EST,MIRAMAS,PAVDR,FRMAZ,15:41,FRXOG
582,2023-06-11,DAX,OUI,8536,13:40,ATLANTIQUE,BORDEAUX ST JEAN,SUDOUESTPA,FRBOJ,12:31,FRACG
583,2023-06-11,HENDAYE,OUI,8536,11:38,ATLANTIQUE,BIARRITZ,SUDOUESTPA,FRBIQ,11:14,FRAEF
584,2023-06-11,HENDAYE,OUI,8536,11:53,ATLANTIQUE,BAYONNE,SUDOUESTPA,FRXBY,11:14,FRAEF
585,2023-06-11,BIARRITZ,OUI,8536,13:40,ATLANTIQUE,BORDEAUX ST JEAN,SUDOUESTPA,FRBOJ,11:41,FRBIQ
586,2023-06-11,BIARRITZ,NON,8536,15:52,ATLANTIQUE,PARIS (intramuros),SUDOUESTPA,FRPMO,11:41,FRBIQ
587,2023-06-11,BORDEAUX ST JEAN,NON,8536,15:52,ATLANTIQUE,PARIS (intramuros),SUDOUESTPA,FRPMO,13:46,FRBOJ
588,2023-06-11,BAYONNE,NON,8536,15:52,ATLANTIQUE,PARIS (intramuros),SUDOUESTPA,FRPMO,11:56,FRXBY
589,2023-06-11,ST JEAN DE LUZ CIBOURE,OUI,8536,11:53,ATLANTIQUE,BAYONNE,SUDOUESTPA,FRXBY,11:27,FRXJZ
590,2023-06-11,DIJON VILLE,NON,6715,23:20,SUD EST,MULHOUSE VILLE,PABOUR,FRAEK,22:02,FRABA
591,2023-06-11,DIJON VILLE,NON,6715,22:28,SUD EST,BESANCON - F COMTE TGV,PABOUR,FRTJB,22:02,FRABA
592,2023-06-11,PARIS (intramuros),NON,6715,21:58,SUD EST,DIJON VILLE,PABOUR,FRABA,20:20,FRPLY
593,2023-06-11,ISSOIRE,NON,15941,13:42,IC SRO,BRASSAC LES MINES STE FLORINE,NORESTJOU,FRHLE,13:29,FRHLB
594,2023-06-11,ARVANT,NON,15941,14:08,IC SRO,MASSIAC BLESLE,NORESTJOU,FRHMY,13:49,FRARV
595,2023-06-11,PARIS (intramuros),NON,8323,22:20,ATLANTIQUE,TOURS,PAROCHELLE,FRAFW,21:00,FRPMO
596,2023-06-11,DAX,OUI,8574,18:25,ATLANTIQUE,PAU,PASUDOUEST,FRAEE,17:36,FRACG
597,2023-06-11,DAX,OUI,8574,19:19,ATLANTIQUE,TARBES,PASUDOUEST,FRXTB,17:36,FRACG
598,2023-06-11,MASSY TGV,NON,8574,17:28,ATLANTIQUE,DAX,PASUDOUEST,FRACG,14:15,FRDJU
599,2023-06-11,MASSY TGV,NON,8574,18:25,ATLANTIQUE,PAU,PASUDOUEST,FRAEE,14:15,FRDJU
600,2023-06-11,ORTHEZ,OUI,8574,18:25,ATLANTIQUE,PAU,PASUDOUEST,FRAEE,18:04,FRGFI
601,2023-06-11,PARIS (intramuros),NON,8574,16:14,ATLANTIQUE,BORDEAUX ST JEAN,PASUDOUEST,FRBOJ,14:02,FRPMO
602,2023-06-11,PARIS (intramuros),NON,8574,14:12,ATLANTIQUE,MASSY TGV,PASUDOUEST,FRDJU,14:02,FRPMO
603,2023-06-11,PARIS (intramuros),NON,8574,19:19,ATLANTIQUE,TARBES,PASUDOUEST,FRXTB,14:02,FRPMO
604,2023-06-11,AGEN,NON,4661,15:26,IC ARO,CARCASSONNE,TJOURSOSE,FRCCF,13:32,FRAGF
605,2023-06-11,AGEN,NON,4661,16:50,IC ARO,MONTPELLIER SAINT-ROCH,TJOURSOSE,FRMPL,13:32,FRAGF
606,2023-06-11,BORDEAUX ST JEAN,NON,4661,13:30,IC ARO,AGEN,TJOURSOSE,FRAGF,12:28,FRBOJ
607,2023-06-11,BORDEAUX ST JEAN,NON,4661,17:17,IC ARO,NIMES,TJOURSOSE,FRFNI,12:28,FRBOJ
608,2023-06-11,BORDEAUX ST JEAN,NON,4661,17:47,IC ARO,ARLES,TJOURSOSE,FRHZA,12:28,FRBOJ
609,2023-06-11,BORDEAUX ST JEAN,NON,4661,14:40,IC ARO,TOULOUSE MATABIAU,TJOURSOSE,FRXYT,12:28,FRBOJ
610,2023-06-11,NIMES,NON,4661,17:47,IC ARO,ARLES,TJOURSOSE,FRHZA,17:20,FRFNI
611,2023-06-11,NIMES,NON,4661,18:35,IC ARO,MARSEILLE ST CHARLES,TJOURSOSE,FRMSC,17:20,FRFNI
612,2023-06-11,TOULOUSE MATABIAU,NON,4661,16:12,IC ARO,BEZIERS,TJOURSOSE,FRBZR,14:45,FRXYT
613,2023-06-11,TOULOUSE MATABIAU,NON,4661,17:47,IC ARO,ARLES,TJOURSOSE,FRHZA,14:45,FRXYT
614,2023-06-11,TOULOUSE MATABIAU,NON,4661,15:56,IC ARO,NARBONNE,TJOURSOSE,FRXNA,14:45,FRXYT
615,2023-06-11,TOULOUSE MATABIAU,NON,3750,05:43,IC NUIT,LES AUBRAIS ORLEANS,OCCITANPAR,FRLAB,22:18,FRXYT
616,2023-06-11,CAHORS,NON,3750,05:43,IC NUIT,LES AUBRAIS ORLEANS,OCCITANPAR,FRLAB,23:33,FRZAO
617,2023-06-11,STRASBOURG,NON,5488,22:19,EST,NANTES,JCESTATL,FRNTE,17:01,FRAEG
618,2023-06-11,LE MANS,NON,5488,21:40,EST,ANGERS ST LAUD,JCESTATL,FRACL,21:03,FRAET
619,2023-06-11,CHAMPAGNE-ARDENNE,NON,5488,22:19,EST,NANTES,JCESTATL,FRNTE,18:35,FREAH
620,2023-06-11,LORRAINE TGV,NON,5488,21:00,EST,LE MANS,JCESTATL,FRAET,17:42,FREAM
621,2023-06-11,AEROPORT CDG2 TGV ROISSY,NON,5488,21:00,EST,LE MANS,JCESTATL,FRAET,19:21,FRMLW
622,2023-06-11,PARIS (intramuros),NON,5789,06:53,IC NUIT,GAP,PABRIANCON,FRGAT,20:48,FRPAZ
623,2023-06-11,PARIS (intramuros),NON,5789,07:11,IC NUIT,CHORGES,PABRIANCON,FRIGS,20:48,FRPAZ
624,2023-06-11,LYON (intramuros),NON,9864,19:57,NORD,LILLE (intramuros),JCSUDNORD,FRLLE,17:00,FRLPD
625,2023-06-11,MARNE LA VALLEE CHESSY,NON,9864,19:57,NORD,LILLE (intramuros),JCSUDNORD,FRLLE,18:51,FRMLV
626,2023-06-11,MARNE LA VALLEE CHESSY,NON,9864,19:01,NORD,AEROPORT CDG2 TGV ROISSY,JCSUDNORD,FRMLW,18:51,FRMLV
627,2023-06-11,AEROPORT CDG2 TGV ROISSY,NON,9864,19:57,NORD,LILLE (intramuros),JCSUDNORD,FRLLE,19:07,FRMLW
628,2023-06-11,MONTPELLIER SAINT-ROCH,NON,9864,19:57,NORD,LILLE (intramuros),JCSUDNORD,FRLLE,14:51,FRMPL
629,2023-06-11,MONTPELLIER SAINT-ROCH,NON,9864,16:49,NORD,LYON (intramuros),JCSUDNORD,FRLPD,14:51,FRMPL
630,2023-06-11,MONTPELLIER SAINT-ROCH,NON,9864,16:05,NORD,VALENCE TGV RHONE-ALPES SUD,JCSUDNORD,FRVLA,14:51,FRMPL
631,2023-06-11,ANGERS ST LAUD,NON,9886,07:24,NORD,LE MANS,JCBRETNORD,FRAET,06:41,FRACL
632,2023-06-11,ANGERS ST LAUD,NON,9886,10:17,NORD,LILLE (intramuros),JCBRETNORD,FRLLE,06:41,FRACL
633,2023-06-11,ANGERS ST LAUD,NON,9886,09:45,NORD,TGV HAUTE PICARDIE,JCBRETNORD,FRTHP,06:41,FRACL
634,2023-06-11,LE MANS,NON,9886,08:20,NORD,MASSY TGV,JCBRETNORD,FRDJU,07:30,FRAET
635,2023-06-11,MASSY TGV,OUI,9886,08:57,NORD,MARNE LA VALLEE CHESSY,JCBRETNORD,FRMLV,08:26,FRDJU
636,2023-06-11,AEROPORT CDG2 TGV ROISSY,OUI,9886,09:45,NORD,TGV HAUTE PICARDIE,JCBRETNORD,FRTHP,09:16,FRMLW
637,2023-06-11,NANTES,NON,9886,08:57,NORD,MARNE LA VALLEE CHESSY,JCBRETNORD,FRMLV,06:01,FRNTE
638,2023-06-11,JONZAC,NON,3835,20:12,IC SRO,BORDEAUX ST JEAN,NANTEBORDO,FRBOJ,19:11,FREMR
639,2023-06-11,LA ROCHELLE VILLE,NON,3835,19:10,IC SRO,JONZAC,NANTEBORDO,FREMR,17:43,FRLRH
640,2023-06-11,LA ROCHE SUR YON,NON,3835,18:32,IC SRO,SAINTES,NANTEBORDO,FRXST,16:36,FRXRO
641,2023-06-11,SAINTES,NON,3835,19:10,IC SRO,JONZAC,NANTEBORDO,FREMR,18:34,FRXST
642,2023-06-11,LILLE (intramuros),NON,5036,21:39,NORD,NIMES,JCNORDSUD,FRFNI,17:03,FRLLE
643,2023-06-11,LILLE (intramuros),NON,5036,20:49,NORD,VALENCE TGV RHONE-ALPES SUD,JCNORDSUD,FRVLA,17:03,FRLLE
644,2023-06-11,MARNE LA VALLEE CHESSY,NON,5036,21:39,NORD,NIMES,JCNORDSUD,FRFNI,18:13,FRMLV
645,2023-06-11,MARNE LA VALLEE CHESSY,NON,5036,20:00,NORD,LYON (intramuros),JCNORDSUD,FRLPD,18:13,FRMLV
646,2023-06-11,MARNE LA VALLEE CHESSY,NON,5036,22:08,NORD,MONTPELLIER SAINT-ROCH,JCNORDSUD,FRMPL,18:13,FRMLV
647,2023-06-11,MARNE LA VALLEE CHESSY,NON,5036,20:49,NORD,VALENCE TGV RHONE-ALPES SUD,JCNORDSUD,FRVLA,18:13,FRMLV
648,2023-06-11,AEROPORT CDG2 TGV ROISSY,NON,5036,21:39,NORD,NIMES,JCNORDSUD,FRFNI,17:59,FRMLW
649,2023-06-11,AEROPORT CDG2 TGV ROISSY,NON,5036,22:08,NORD,MONTPELLIER SAINT-ROCH,JCNORDSUD,FRMPL,17:59,FRMLW
650,2023-06-11,BEZIERS,OUI,6821,10:17,SUD EST,CARCASSONNE,JCPROVSUD,FRCCF,09:30,FRBZR
651,2023-06-11,NIMES,OUI,6821,09:44,SUD EST,NARBONNE,JCPROVSUD,FRXNA,08:07,FRFNI
652,2023-06-11,MONTPELLIER SAINT-ROCH,OUI,6821,09:27,SUD EST,BEZIERS,JCPROVSUD,FRBZR,08:44,FRMPL
653,2023-06-11,MONTPELLIER SAINT-ROCH,OUI,6821,09:44,SUD EST,NARBONNE,JCPROVSUD,FRXNA,08:44,FRMPL
654,2023-06-11,VALENCE TGV RHONE-ALPES SUD,OUI,6821,08:37,SUD EST,MONTPELLIER SAINT-ROCH,JCPROVSUD,FRMPL,07:18,FRVLA
655,2023-06-11,PARIS (intramuros),NON,9773,15:30,INTERNATIONAL,GENEVE,PAGENEVE,CHGVA,12:16,FRPLY
656,2023-06-11,PARIS (intramuros),NON,9773,14:09,INTERNATIONAL,BOURG EN BRESSE,PAGENEVE,FRXBK,12:16,FRPLY
657,2023-06-11,BEZIERS,NON,9708,13:44,SUD EST,MONTPELLIER SAINT-ROCH,BARCELONEPA,FRMPL,12:58,FRBZR
658,2023-06-11,PERPIGNAN,NON,9708,13:25,SUD EST,SETE,BARCELONEPA,FRXSY,12:04,FRPGF
659,2023-06-11,AGDE,NON,9708,14:13,SUD EST,NIMES,BARCELONEPA,FRFNI,13:12,FRXAG
660,2023-06-11,AGDE,NON,9708,13:25,SUD EST,SETE,BARCELONEPA,FRXSY,13:12,FRXAG
661,2023-06-11,NARBONNE,NON,9708,15:01,SUD EST,VALENCE TGV RHONE-ALPES SUD,BARCELONEPA,FRVLA,12:41,FRXNA
662,2023-06-11,BARCELONA SANTS,NON,9708,15:01,SUD EST,VALENCE TGV RHONE-ALPES SUD,BARCELONEPA,FRVLA,10:33,ESBST
663,2023-06-11,GIRONA,NON,9708,14:13,SUD EST,NIMES,BARCELONEPA,FRFNI,11:14,ESGRO
664,2023-06-11,TOULON,OUI,6155,13:40,SUD EST,HYERES,PAAZUR,FRXHE,13:24,FRTLN
665,2023-06-11,MASSY TGV,NON,5338,21:47,SUD EST,LYON (intramuros),JCATLSUD,FRLPE,19:26,FRDJU
666,2023-06-11,RENNES,NON,5338,21:47,SUD EST,LYON (intramuros),JCATLSUD,FRLPE,17:30,FRRNS
667,2023-06-11,MACON LOCHE TGV,OUI,6633,23:10,SUD EST,LYON (intramuros),PARISRHONE,FRLPD,22:41,FRMLT
668,2023-06-11,LE CREUSOT MONTCEAU MONTCHANIN,OUI,6633,22:38,SUD EST,MACON LOCHE TGV,PARISRHONE,FRMLT,22:20,FRXCC
669,2023-06-11,PARIS (intramuros),NON,6619,16:56,SUD EST,LYON (intramuros),PARISRHONE,FRLPD,14:58,FRPLY
670,2023-06-11,PARIS (intramuros),NON,7585,21:13,NORD,BOULOGNE VILLE,PAARRAS,FRAEB,18:52,FRPNO
671,2023-06-11,PARIS (intramuros),NON,7585,20:42,NORD,CALAIS FRETHUN,PAARRAS,FRSTH,18:52,FRPNO
672,2023-06-11,LILLE (intramuros),NON,5124,23:38,NORD,AIX EN PROVENCE TGV,JCNORDSUD,FRAIE,18:22,FRLLE
673,2023-06-11,LILLE (intramuros),NON,5124,23:53,NORD,MARSEILLE ST CHARLES,JCNORDSUD,FRMSC,18:22,FRLLE
674,2023-06-11,MARNE LA VALLEE CHESSY,NON,5124,23:53,NORD,MARSEILLE ST CHARLES,JCNORDSUD,FRMSC,20:13,FRMLV
675,2023-06-11,AEROPORT CDG2 TGV ROISSY,NON,5124,23:14,NORD,AVIGNON TGV,JCNORDSUD,FRAVG,20:00,FRMLW
676,2023-06-11,ARRAS,NON,5124,23:14,NORD,AVIGNON TGV,JCNORDSUD,FRAVG,18:46,FRQRV
677,2023-06-11,TGV HAUTE PICARDIE,NON,5124,23:14,NORD,AVIGNON TGV,JCNORDSUD,FRAVG,19:15,FRTHP
678,2023-06-11,STRASBOURG,NON,5470,13:59,EST,LE MANS,JCESTATL,FRAET,10:01,FRAEG
679,2023-06-11,STRASBOURG,NON,5470,12:01,EST,AEROPORT CDG2 TGV ROISSY,JCESTATL,FRMLW,10:01,FRAEG
680,2023-06-11,LE MANS,OUI,5470,14:47,EST,RENNES,JCESTATL,FRRNS,14:02,FRAET
681,2023-06-11,MASSY TGV,NON,5470,13:59,EST,LE MANS,JCESTATL,FRAET,13:10,FRDJU
682,2023-06-11,MEUSE TGV,NON,5470,12:26,EST,MARNE LA VALLEE CHESSY,JCESTATL,FRMLV,11:01,FREAJ
683,2023-06-11,MEUSE TGV,NON,5470,12:01,EST,AEROPORT CDG2 TGV ROISSY,JCESTATL,FRMLW,11:01,FREAJ
684,2023-06-11,LORRAINE TGV,NON,5470,12:26,EST,MARNE LA VALLEE CHESSY,JCESTATL,FRMLV,10:40,FREAM
685,2023-06-11,LORRAINE TGV,NON,5470,12:01,EST,AEROPORT CDG2 TGV ROISSY,JCESTATL,FRMLW,10:40,FREAM
686,2023-06-11,MARNE LA VALLEE CHESSY,NON,5470,13:04,EST,MASSY TGV,JCESTATL,FRDJU,12:30,FRMLV
687,2023-06-11,AEROPORT CDG2 TGV ROISSY,NON,5470,13:59,EST,LE MANS,JCESTATL,FRAET,12:16,FRMLW
688,2023-06-11,STRASBOURG,OUI,2588,17:10,EST,NANCY,NANCYPA,FRENC,15:47,FRAEG
689,2023-06-11,NANCY,NON,2588,18:46,EST,PARIS (intramuros),NANCYPA,FRPST,17:16,FRENC
690,2023-06-11,SAVERNE,OUI,2588,17:10,EST,NANCY,NANCYPA,FRENC,16:13,FRSNE
691,2023-06-11,SAVERNE,NON,2588,18:46,EST,PARIS (intramuros),NANCYPA,FRPST,16:13,FRSNE
692,2023-06-11,PARIS (intramuros),NON,6949,19:17,SUD EST,MACON LOCHE TGV,PARISALPES,FRMLT,17:44,FRPLY
693,2023-06-11,AIX LES BAINS LE REVARD,NON,6949,21:34,SUD EST,ANNECY,PARISALPES,FRNCY,21:07,FRXAI
694,2023-06-11,PARIS (intramuros),NON,8729,19:56,ATLANTIQUE,LORIENT,PARISBRETA,FRLRT,16:53,FRPMO
695,2023-06-11,PARIS (intramuros),NON,8729,19:24,ATLANTIQUE,VANNES,PARISBRETA,FRVNE,16:53,FRPMO
696,2023-06-11,RENNES,OUI,8729,19:56,ATLANTIQUE,LORIENT,PARISBRETA,FRLRT,18:29,FRRNS
697,2023-06-11,AURAY,OUI,8729,20:33,ATLANTIQUE,QUIMPER,PARISBRETA,FRUIP,19:40,FRXUY
698,2023-06-11,ZUERICH HB,NON,9226,17:58,INTERNATIONAL,DIJON VILLE,ZURBALPA,FRABA,15:34,CHAJD
699,2023-06-11,MULHOUSE VILLE,NON,9226,17:58,INTERNATIONAL,DIJON VILLE,ZURBALPA,FRABA,16:56,FRAEK
700,2023-06-11,RENNES,OUI,8629,20:38,ATLANTIQUE,BREST,PARISBRETA,FRBES,18:32,FRRNS
701,2023-06-11,ST BRIEUC,OUI,8629,20:38,ATLANTIQUE,BREST,PARISBRETA,FRBES,19:19,FRSBK
702,2023-06-11,LORIENT,OUI,8744,20:13,ATLANTIQUE,VANNES,BRETAPARIS,FRVNE,19:45,FRLRT
703,2023-06-11,NIMES,NON,6210,22:15,SUD EST,VALENCE TGV RHONE-ALPES SUD,LANGPA,FRVLA,21:28,FRFNI
704,2023-06-11,MONTPELLIER SAINT-ROCH,OUI,6210,21:24,SUD EST,NIMES,LANGPA,FRFNI,21:00,FRMPL
705,2023-06-11,AVIGNON TGV,OUI,6121,19:57,SUD EST,MARSEILLE ST CHARLES,PAPROVENCE,FRMSC,19:23,FRAVG
706,2023-06-11,STRASBOURG,NON,9575,16:26,INTERNATIONAL,KARLSRUHE HBF,PASTUTMUN,DEQKA,15:46,FRAEG
707,2023-06-11,AVIGNON TGV,OUI,6117,19:00,SUD EST,MARSEILLE ST CHARLES,PAPROVENCE,FRMSC,18:25,FRAVG
708,2023-06-11,PARIS (intramuros),NON,6117,19:00,SUD EST,MARSEILLE ST CHARLES,PAPROVENCE,FRMSC,15:36,FRPLY
709,2023-06-11,BORDEAUX ST JEAN,NON,3852,08:40,IC SRO,JONZAC,BORDONANTE,FREMR,07:53,FRBOJ
710,2023-06-11,BORDEAUX ST JEAN,NON,3852,09:53,IC SRO,ROCHEFORT,BORDONANTE,FRRCO,07:53,FRBOJ
711,2023-06-11,BORDEAUX ST JEAN,NON,3852,09:23,IC SRO,SAINTES,BORDONANTE,FRXST,07:53,FRBOJ
712,2023-06-11,JONZAC,NON,3852,10:58,IC SRO,LUCON,BORDONANTE,FRLCN,08:41,FREMR
713,2023-06-11,LA ROCHELLE VILLE,NON,3852,10:58,IC SRO,LUCON,BORDONANTE,FRLCN,10:19,FRLRH
714,2023-06-11,LA ROCHELLE VILLE,NON,3852,12:05,IC SRO,NANTES,BORDONANTE,FRNTE,10:19,FRLRH
715,2023-06-11,LA ROCHELLE VILLE,NON,3852,11:22,IC SRO,LA ROCHE SUR YON,BORDONANTE,FRXRO,10:19,FRLRH
716,2023-06-11,ROCHEFORT,NON,3852,10:58,IC SRO,LUCON,BORDONANTE,FRLCN,09:55,FRRCO
717,2023-06-11,SAINTES,NON,3852,10:58,IC SRO,LUCON,BORDONANTE,FRLCN,09:25,FRXST
718,2023-06-11,NEVERS,NON,5963,17:01,IC ARO,VICHY,PACLERMONT,FRVHY,15:59,FRNVS
719,2023-06-11,RIOM CHATEL GUYON,OUI,5963,17:35,IC ARO,CLERMONT FERRAND,PACLERMONT,FRCFE,17:25,FRRIO
720,2023-06-11,VICHY,OUI,5963,17:35,IC ARO,CLERMONT FERRAND,PACLERMONT,FRCFE,17:03,FRVHY
721,2023-06-11,BEZIERS,NON,4766,20:34,IC ARO,CARCASSONNE,TJOURSESO,FRCCF,19:47,FRBZR
722,2023-06-11,CARCASSONNE,NON,4766,21:54,IC ARO,MONTAUBAN VILLE BOURBON,TJOURSESO,FRXMW,20:36,FRCCF
723,2023-06-11,NIMES,NON,4766,21:54,IC ARO,MONTAUBAN VILLE BOURBON,TJOURSESO,FRXMW,18:41,FRFNI
724,2023-06-11,NIMES,NON,4766,21:18,IC ARO,TOULOUSE MATABIAU,TJOURSESO,FRXYT,18:41,FRFNI
725,2023-06-11,NARBONNE,NON,4766,22:31,IC ARO,AGEN,TJOURSESO,FRAGF,20:05,FRXNA
726,2023-06-11,CANNES,OUI,6177,19:58,SUD EST,NICE VILLE,PAAZUR,FRNIC,19:31,FRJCA
727,2023-06-11,MARSEILLE ST CHARLES,OUI,6177,18:11,SUD EST,TOULON,PAAZUR,FRTLN,17:28,FRMSC
728,2023-06-11,PARIS (intramuros),NON,6177,17:14,SUD EST,MARSEILLE ST CHARLES,PAAZUR,FRMSC,14:08,FRPLY
729,2023-06-11,TOULON,NON,6177,19:58,SUD EST,NICE VILLE,PAAZUR,FRNIC,18:15,FRTLN
730,2023-06-11,TOULON,NON,6177,19:01,SUD EST,ST RAPHAEL VALESCURE,PAAZUR,FRXSK,18:15,FRTLN
731,2023-06-11,LIMOGES BENEDICTINS,OUI,3625,14:41,IC ARO,UZERCHE,PALITO,FRAAW,14:04,FRAGQ
732,2023-06-11,ISSOUDUN,OUI,3625,14:01,IC ARO,LIMOGES BENEDICTINS,PALITO,FRAGQ,12:33,FRFMN
733,2023-06-11,PARIS (intramuros),OUI,3625,14:41,IC ARO,UZERCHE,PALITO,FRAAW,10:38,FRPAZ
734,2023-06-11,PARIS (intramuros),OUI,3625,15:07,IC ARO,BRIVE LA GAILLARDE,PALITO,FRBVE,10:38,FRPAZ
735,2023-06-11,VIERZON VILLE,OUI,3625,14:01,IC ARO,LIMOGES BENEDICTINS,PALITO,FRAGQ,12:12,FRXVZ
736,2023-06-11,VIERZON VILLE,OUI,3625,12:47,IC ARO,CHATEAUROUX,PALITO,FRCHR,12:12,FRXVZ
737,2023-06-11,LYON (intramuros),OUI,6615,15:10,SUD EST,LYON (intramuros),PARISRHONE,FRLPE,15:02,FRLPD
738,2023-06-11,LYON (intramuros),NON,5182,21:57,NORD,LILLE (intramuros),JCSUDNORD,FRLLE,19:00,FRLPD
739,2023-06-11,LYON (intramuros),NON,5182,20:47,NORD,MARNE LA VALLEE CHESSY,JCSUDNORD,FRMLV,19:00,FRLPD
740,2023-06-11,VALENCE TGV RHONE-ALPES SUD,NON,5182,20:47,NORD,MARNE LA VALLEE CHESSY,JCSUDNORD,FRMLV,18:10,FRVLA
741,2023-06-11,MONTPELLIER SUD DE FRANCE,NON,5182,20:47,NORD,MARNE LA VALLEE CHESSY,JCSUDNORD,FRMLV,17:05,FRSUF
742,2023-06-11,NIMES PONT DU GARD,NON,5182,18:05,NORD,VALENCE TGV RHONE-ALPES SUD,JCSUDNORD,FRVLA,17:27,FRXZP
743,2023-06-11,NIMES PONT DU GARD,NON,5182,18:50,NORD,LYON (intramuros),JCSUDNORD,FRLPD,17:27,FRXZP
744,2023-06-11,NIMES PONT DU GARD,NON,5182,21:57,NORD,LILLE (intramuros),JCSUDNORD,FRLLE,17:27,FRXZP
745,2023-06-11,SEDAN,OUI,2766,21:07,EST,CHARLEVILLE MEZIERES,SEDBARPA,FRXCZ,20:53,FRXSW
746,2023-06-11,PARIS (intramuros),NON,8811,16:09,ATLANTIQUE,ANGERS ST LAUD,PARISLOIRE,FRACL,14:45,FRPMO
747,2023-06-11,PARIS (intramuros),NON,6165,16:39,SUD EST,ANTIBES,PAAZUR,FRXAT,11:20,FRPLY
748,2023-06-11,PARIS (intramuros),NON,6165,16:01,SUD EST,ST RAPHAEL VALESCURE,PAAZUR,FRXSK,11:20,FRPLY
749,2023-06-11,TOULON,NON,6165,16:25,SUD EST,CANNES,PAAZUR,FRJCA,15:15,FRTLN
750,2023-06-11,TOULON,NON,6165,16:01,SUD EST,ST RAPHAEL VALESCURE,PAAZUR,FRXSK,15:15,FRTLN
751,2023-06-11,GRENOBLE,NON,6910,15:48,SUD EST,PARIS (intramuros),GRENOBLEPA,FRPLY,12:47,FRGNB
752,2023-06-11,LYON-SAINT EXUPERY TGV,NON,6910,15:48,SUD EST,PARIS (intramuros),GRENOBLEPA,FRPLY,13:54,FRJDQ
753,2023-06-11,TOULON,NON,6866,20:54,SUD EST,LYON (intramuros),JCSUDPROV,FRLPD,17:53,FRTLN
754,2023-06-11,LES AUBRAIS ORLEANS,NON,3971,07:08,IC NUIT,TARASCON SUR ARIEGE,PARPALOMBE,FRFQM,22:49,FRLAB
755,2023-06-11,LES AUBRAIS ORLEANS,NON,3971,08:46,IC NUIT,LATOUR DE CAROL ENVEITG,PARPALOMBE,FRXTE,22:49,FRLAB
756,2023-06-11,PARIS (intramuros),NON,3971,06:24,IC NUIT,SAVERDUN,PARPALOMBE,FRFPU,21:41,FRPAZ
757,2023-06-11,PARIS (intramuros),NON,3971,07:25,IC NUIT,LUZENAC GARANOU,PARPALOMBE,FRFQI,21:41,FRPAZ
758,2023-06-11,PARIS (intramuros),NON,3971,07:17,IC NUIT,LES CABANNES,PARPALOMBE,FRFQK,21:41,FRPAZ
759,2023-06-11,PARIS (intramuros),NON,3971,07:08,IC NUIT,TARASCON SUR ARIEGE,PARPALOMBE,FRFQM,21:41,FRPAZ
760,2023-06-11,PARIS (intramuros),NON,3971,06:52,IC NUIT,FOIX,PARPALOMBE,FRXFX,21:41,FRPAZ
761,2023-06-11,PARIS (intramuros),NON,3971,08:46,IC NUIT,LATOUR DE CAROL ENVEITG,PARPALOMBE,FRXTE,21:41,FRPAZ
762,2023-06-11,LES AUBRAIS ORLEANS,NON,3971,06:24,IC NUIT,SAVERDUN,PARPALOMBE,FRFPU,22:49,FRLAB
763,2023-06-11,AVIGNON CENTRE,OUI,6196,15:10,SUD EST,VALENCE VILLE,VDRPA,FRVAF,14:04,FRAES
764,2023-06-11,LYON-SAINT EXUPERY TGV,NON,6196,17:48,SUD EST,PARIS (intramuros),VDRPA,FRPLY,15:59,FRJDQ
765,2023-06-11,VALENCE VILLE,NON,6196,17:48,SUD EST,PARIS (intramuros),VDRPA,FRPLY,15:13,FRVAF
766,2023-06-11,PARIS (intramuros),NON,9791,21:00,INTERNATIONAL,BELLEGARDE,PAGENEVE,FRXBF,18:16,FRPLY
767,2023-06-11,BOURG EN BRESSE,NON,9791,21:30,INTERNATIONAL,GENEVE,PAGENEVE,CHGVA,20:10,FRXBK
768,2023-06-11,MASSY TGV,NON,5382,15:40,SUD EST,RENNES,JCSUDATL,FRRNS,13:56,FRDJU
769,2023-06-11,CASTELNAUDARY,OUI,3738,07:04,IC NUIT,PARIS (intramuros),PALOMBEPAR,FRPAZ,21:37,FRCTY
770,2023-06-11,ELNE,OUI,3738,07:04,IC NUIT,PARIS (intramuros),PALOMBEPAR,FRPAZ,19:06,FRIOG
771,2023-06-11,LIMOGES BENEDICTINS,NON,3694,21:09,IC ARO,CHATEAUROUX,TOULOUZECO,FRCHR,19:59,FRAGQ
772,2023-06-11,LIMOGES BENEDICTINS,NON,3694,22:22,IC ARO,LES AUBRAIS ORLEANS,TOULOUZECO,FRLAB,19:59,FRAGQ
773,2023-06-11,BRIVE LA GAILLARDE,NON,3694,19:56,IC ARO,LIMOGES BENEDICTINS,TOULOUZECO,FRAGQ,18:56,FRBVE
774,2023-06-11,BRIVE LA GAILLARDE,NON,3694,23:23,IC ARO,PARIS (intramuros),TOULOUZECO,FRPAZ,18:56,FRBVE
775,2023-06-11,GOURDON,NON,3694,18:53,IC ARO,BRIVE LA GAILLARDE,TOULOUZECO,FRBVE,18:10,FRFSI
776,2023-06-11,GOURDON,NON,3694,21:09,IC ARO,CHATEAUROUX,TOULOUZECO,FRCHR,18:10,FRFSI
777,2023-06-11,CAUSSADE TARN ET GARONNE,NON,3694,21:09,IC ARO,CHATEAUROUX,TOULOUZECO,FRCHR,17:17,FRFTA
778,2023-06-11,CAUSSADE TARN ET GARONNE,NON,3694,22:22,IC ARO,LES AUBRAIS ORLEANS,TOULOUZECO,FRLAB,17:17,FRFTA
779,2023-06-11,CAUSSADE TARN ET GARONNE,NON,3694,23:23,IC ARO,PARIS (intramuros),TOULOUZECO,FRPAZ,17:17,FRFTA
780,2023-06-11,LA SOUTERRAINE,NON,3694,21:09,IC ARO,CHATEAUROUX,TOULOUZECO,FRCHR,20:34,FRLST
781,2023-06-11,SOUILLAC,NON,3694,21:09,IC ARO,CHATEAUROUX,TOULOUZECO,FRCHR,18:27,FRSOU
782,2023-06-11,SOUILLAC,NON,3694,22:22,IC ARO,LES AUBRAIS ORLEANS,TOULOUZECO,FRLAB,18:27,FRSOU
783,2023-06-11,TOULOUSE MATABIAU,OUI,3694,17:01,IC ARO,MONTAUBAN VILLE BOURBON,TOULOUZECO,FRXMW,16:31,FRXYT
784,2023-06-11,CAHORS,NON,3694,19:56,IC ARO,LIMOGES BENEDICTINS,TOULOUZECO,FRAGQ,17:43,FRZAO
785,2023-06-11,CAHORS,NON,3694,21:09,IC ARO,CHATEAUROUX,TOULOUZECO,FRCHR,17:43,FRZAO
786,2023-06-11,CAHORS,NON,3694,18:25,IC ARO,SOUILLAC,TOULOUZECO,FRSOU,17:43,FRZAO
787,2023-06-11,ANGERS ST LAUD,NON,8827,23:54,ATLANTIQUE,NANTES,PARISLOIRE,FRNTE,23:16,FRACL
788,2023-06-11,PARIS (intramuros),NON,6181,23:00,SUD EST,NICE VILLE,PAAZUR,FRNIC,17:20,FRPLY
789,2023-06-11,PARIS (intramuros),NON,6181,22:41,SUD EST,ANTIBES,PAAZUR,FRXAT,17:20,FRPLY
790,2023-06-11,PARIS (intramuros),NON,6181,22:02,SUD EST,ST RAPHAEL VALESCURE,PAAZUR,FRXSK,17:20,FRPLY
791,2023-06-11,TOULON,NON,6181,22:02,SUD EST,ST RAPHAEL VALESCURE,PAAZUR,FRXSK,21:15,FRTLN
792,2023-06-11,BESANCON VIOTTE,NON,6766,20:21,SUD EST,DIJON VILLE,BOURPA,FRABA,19:37,FRABG
793,2023-06-11,LYON (intramuros),NON,6813,15:10,SUD EST,AVIGNON TGV,JCPROVSUD,FRAVG,14:06,FRLPD
794,2023-06-11,MARSEILLE ST CHARLES,OUI,6813,16:43,SUD EST,TOULON,JCPROVSUD,FRTLN,15:58,FRMSC
795,2023-06-11,PARIS (intramuros),NON,8519,22:22,ATLANTIQUE,AGEN,PASUDOUEST,FRAGF,19:08,FRPMO
796,2023-06-11,CANNES,NON,5772,07:56,IC NUIT,PARIS (intramuros),AZURPAR,FRPAZ,19:46,FRJCA
797,2023-06-11,ANTIBES,NON,5772,07:56,IC NUIT,PARIS (intramuros),AZURPAR,FRPAZ,19:33,FRXAT
798,2023-06-11,MEUSE TGV,NON,2587,12:22,EST,STRASBOURG,PANANCY,FRAEG,10:16,FREAJ
799,2023-06-11,MEUSE TGV,NON,2587,10:51,EST,NANCY,PANANCY,FRENC,10:16,FREAJ
800,2023-06-11,NANCY,NON,2587,11:38,EST,SARREBOURG,PANANCY,FRSBG,11:00,FRENC
801,2023-06-11,PARIS (intramuros),NON,2587,10:13,EST,MEUSE TGV,PANANCY,FREAJ,09:13,FRPST
802,2023-06-11,PARIS (intramuros),NON,2587,11:56,EST,SAVERNE,PANANCY,FRSNE,09:13,FRPST
803,2023-06-11,SAVERNE,NON,2587,12:22,EST,STRASBOURG,PANANCY,FRAEG,11:59,FRSNE
804,2023-06-11,ANGERS ST LAUD,NON,5480,16:20,EST,MASSY TGV,JCATLEST,FRDJU,14:49,FRACL
805,2023-06-11,MASSY TGV,NON,5480,18:00,EST,CHAMPAGNE-ARDENNE,JCATLEST,FREAH,16:26,FRDJU
806,2023-06-11,CHAMPAGNE-ARDENNE,NON,5480,18:48,EST,LORRAINE TGV,JCATLEST,FREAM,18:10,FREAH
807,2023-06-11,AEROPORT CDG2 TGV ROISSY,NON,5480,19:29,EST,STRASBOURG,JCATLEST,FRAEG,17:29,FRMLW
808,2023-06-11,NANTES,NON,5480,19:29,EST,STRASBOURG,JCATLEST,FRAEG,14:09,FRNTE
809,2023-06-11,NANTES,NON,5480,15:27,EST,LE MANS,JCATLEST,FRAET,14:09,FRNTE
810,2023-06-11,NANTES,NON,5480,18:48,EST,LORRAINE TGV,JCATLEST,FREAM,14:09,FRNTE
811,2023-06-11,TOURS,OUI,8314,12:43,ATLANTIQUE,VENDOME VILLIERS SUR LOIR,ROCHELLEPA,FRESL,12:14,FRAFW
812,2023-06-11,ANTIBES,NON,6176,14:33,SUD EST,MARSEILLE ST CHARLES,AZURPA,FRMSC,12:19,FRXAT
813,2023-06-11,ANTIBES,NON,6176,12:55,SUD EST,ST RAPHAEL VALESCURE,AZURPA,FRXSK,12:19,FRXAT
814,2023-06-11,ST RAPHAEL VALESCURE,NON,6176,14:33,SUD EST,MARSEILLE ST CHARLES,AZURPA,FRMSC,12:58,FRXSK
815,2023-06-11,AVIGNON TGV,NON,6024,19:22,SUD EST,PARIS (intramuros),PROVENCEPA,FRPLY,16:41,FRAVG
816,2023-06-11,MARSEILLE ST CHARLES,NON,6024,19:22,SUD EST,PARIS (intramuros),PROVENCEPA,FRPLY,16:04,FRMSC
817,2023-06-11,VALENCE TGV RHONE-ALPES SUD,NON,6275,15:56,SUD EST,BEZIERS,PALANG,FRBZR,14:00,FRVLA
818,2023-06-11,SETE,OUI,6275,15:56,SUD EST,BEZIERS,PALANG,FRBZR,15:28,FRXSY
819,2023-06-11,NIMES PONT DU GARD,NON,6275,16:52,SUD EST,PERPIGNAN,PALANG,FRPGF,14:39,FRXZP
820,2023-06-11,NIMES PONT DU GARD,NON,6275,14:59,SUD EST,MONTPELLIER SUD DE FRANCE,PALANG,FRSUF,14:39,FRXZP
821,2023-06-11,KARLSRUHE HBF,NON,9574,12:13,INTERNATIONAL,STRASBOURG,MUNSTUTPA,FRAEG,11:32,DEQKA
822,2023-06-11,STUTTGART HBF,NON,9574,11:30,INTERNATIONAL,KARLSRUHE HBF,MUNSTUTPA,DEQKA,10:52,DESGT
823,2023-06-11,STRASBOURG,NON,9574,14:05,INTERNATIONAL,PARIS (intramuros),MUNSTUTPA,FRPST,12:19,FRAEG
824,2023-06-11,MEUSE TGV,NON,2573,21:05,EST,REMIREMONT,PANANCY,FRRNT,19:13,FREAJ
825,2023-06-11,EPINAL,OUI,2573,21:05,EST,REMIREMONT,PANANCY,FRRNT,20:43,FREPL
826,2023-06-11,SAUMUR,NON,4506,21:26,IC SRO,ANGERS ST LAUD,JOURLYNNTE,FRACL,21:05,FRACN
827,2023-06-11,LYON (intramuros),NON,4506,18:21,IC SRO,NEVERS,JOURLYNNTE,FRNVS,15:44,FRLPD
828,2023-06-11,LYON (intramuros),NON,4506,16:46,IC SRO,ROANNE,JOURLYNNTE,FRRNE,15:44,FRLPD
829,2023-06-11,LYON (intramuros),NON,4506,21:03,IC SRO,SAUMUR,JOURLYNNTE,FRACN,15:32,FRLPE
830,2023-06-11,LYON (intramuros),NON,4506,20:26,IC SRO,ST PIERRE DES CORPS,JOURLYNNTE,FRXSH,15:32,FRLPE
831,2023-06-11,LYON (intramuros),NON,4506,19:26,IC SRO,VIERZON VILLE,JOURLYNNTE,FRXVZ,15:32,FRLPE
832,2023-06-11,NEVERS,NON,4506,21:26,IC SRO,ANGERS ST LAUD,JOURLYNNTE,FRACL,18:29,FRNVS
833,2023-06-11,ROANNE,NON,4506,21:03,IC SRO,SAUMUR,JOURLYNNTE,FRACN,16:48,FRRNE
834,2023-06-11,ROANNE,NON,4506,17:26,IC SRO,ST GERMAIN DES FOSSES,JOURLYNNTE,FRSGF,16:48,FRRNE
835,2023-06-11,ROANNE,NON,4506,20:26,IC SRO,ST PIERRE DES CORPS,JOURLYNNTE,FRXSH,16:48,FRRNE
836,2023-06-11,ST GERMAIN DES FOSSES,NON,4506,22:09,IC SRO,NANTES,JOURLYNNTE,FRNTE,17:28,FRSGF
837,2023-06-11,MOULINS SUR ALLIER,NON,4506,22:09,IC SRO,NANTES,JOURLYNNTE,FRNTE,17:53,FRXMU
838,2023-06-11,MOULINS SUR ALLIER,NON,4506,20:26,IC SRO,ST PIERRE DES CORPS,JOURLYNNTE,FRXSH,17:53,FRXMU
839,2023-06-11,VIERZON VILLE,NON,4506,20:26,IC SRO,ST PIERRE DES CORPS,JOURLYNNTE,FRXSH,19:28,FRXVZ
840,2023-06-11,LAVAL,NON,8073,22:02,ATLANTIQUE,VITRE,PARISBRETA,FRXVT,21:44,FRACR
841,2023-06-11,MULHOUSE VILLE,NON,6700,06:26,SUD EST,BELFORT-MONTBELIARD TGV,BOURPA,FRTJA,06:05,FRAEK
842,2023-06-11,BELFORT-MONTBELIARD TGV,NON,6700,09:08,SUD EST,PARIS (intramuros),BOURPA,FRPLY,06:29,FRTJA
843,2023-06-11,BORDEAUX ST JEAN,NON,8549,19:28,ATLANTIQUE,DAX,PASUDOUEST,FRACG,18:20,FRBOJ
844,2023-06-11,PARIS (intramuros),NON,8549,20:03,ATLANTIQUE,BAYONNE,PASUDOUEST,FRXBY,16:08,FRPMO
845,2023-06-11,PARIS (intramuros),NON,8549,20:31,ATLANTIQUE,ST JEAN DE LUZ CIBOURE,PASUDOUEST,FRXJZ,16:08,FRPMO
846,2023-06-11,ST JEAN DE LUZ CIBOURE,OUI,8549,20:47,ATLANTIQUE,HENDAYE,PASUDOUEST,FRAEF,20:34,FRXJZ
847,2023-06-11,LAUSANNE,NON,9774,14:21,INTERNATIONAL,GENEVE,GENEVEPA,CHGVA,13:45,CHAJF
848,2023-06-11,LAUSANNE,NON,9774,15:49,INTERNATIONAL,BOURG EN BRESSE,GENEVEPA,FRXBK,13:45,CHAJF
849,2023-06-11,BOURG EN BRESSE,NON,9774,17:42,INTERNATIONAL,PARIS (intramuros),GENEVEPA,FRPLY,15:52,FRXBK
850,2023-06-11,TOULON,NON,6174,15:51,SUD EST,PARIS (intramuros),AZURPA,FRPLY,11:48,FRTLN
851,2023-06-11,ANTIBES,NON,6174,10:55,SUD EST,ST RAPHAEL VALESCURE,AZURPA,FRXSK,10:16,FRXAT
852,2023-06-11,BEZIERS,OUI,6221,12:20,SUD EST,NARBONNE,PALANG,FRXNA,12:06,FRBZR
853,2023-06-11,NIMES,OUI,6221,11:31,SUD EST,SETE,PALANG,FRXSY,10:46,FRFNI
854,2023-06-11,MONTPELLIER SAINT-ROCH,OUI,6221,12:56,SUD EST,PERPIGNAN,PALANG,FRPGF,11:17,FRMPL
855,2023-06-11,MONTPELLIER SAINT-ROCH,OUI,6221,11:48,SUD EST,AGDE,PALANG,FRXAG,11:17,FRMPL
856,2023-06-11,PARIS (intramuros),NON,6221,10:42,SUD EST,NIMES,PALANG,FRFNI,07:40,FRPLY
857,2023-06-11,PARIS (intramuros),NON,6221,11:31,SUD EST,SETE,PALANG,FRXSY,07:40,FRPLY
858,2023-06-11,VALENCE TGV RHONE-ALPES SUD,OUI,6221,11:11,SUD EST,MONTPELLIER SAINT-ROCH,PALANG,FRMPL,09:55,FRVLA
859,2023-06-11,AGDE,OUI,6221,12:03,SUD EST,BEZIERS,PALANG,FRBZR,11:51,FRXAG
860,2023-06-11,SETE,OUI,6221,12:56,SUD EST,PERPIGNAN,PALANG,FRPGF,11:34,FRXSY
861,2023-06-11,PARIS (intramuros),NON,2817,15:27,EST,THIONVILLE,PAMETZLUX,FRXTH,13:40,FRPST
862,2023-06-11,LIMOGES BENEDICTINS,OUI,3665,22:30,IC ARO,SOUILLAC,PALITO,FRSOU,21:04,FRAGQ
863,2023-06-11,BRIVE LA GAILLARDE,OUI,3665,23:15,IC ARO,CAHORS,PALITO,FRZAO,22:06,FRBVE
864,2023-06-11,CHATEAUROUX,NON,3665,22:03,IC ARO,BRIVE LA GAILLARDE,PALITO,FRBVE,19:45,FRCHR
865,2023-06-11,CHATEAUROUX,NON,3665,20:24,IC ARO,LA SOUTERRAINE,PALITO,FRLST,19:45,FRCHR
866,2023-06-11,PARIS (intramuros),NON,3665,20:24,IC ARO,LA SOUTERRAINE,PALITO,FRLST,17:37,FRPAZ
867,2023-06-11,PARIS (intramuros),NON,3665,23:15,IC ARO,CAHORS,PALITO,FRZAO,17:37,FRPAZ
868,2023-06-11,SOUILLAC,OUI,3665,22:46,IC ARO,GOURDON,PALITO,FRFSI,22:32,FRSOU
869,2023-06-11,SOUILLAC,OUI,3665,23:15,IC ARO,CAHORS,PALITO,FRZAO,22:32,FRSOU
870,2023-06-11,VIERZON VILLE,NON,3665,19:43,IC ARO,CHATEAUROUX,PALITO,FRCHR,19:13,FRXVZ
871,2023-06-11,ARGENTON SUR CREUSE,NON,3665,22:30,IC ARO,SOUILLAC,PALITO,FRSOU,20:01,FRFMT
872,2023-06-11,ARGENTON SUR CREUSE,NON,3665,22:46,IC ARO,GOURDON,PALITO,FRFSI,20:01,FRFMT
873,2023-06-11,BORDEAUX ST JEAN,NON,8509,19:26,ATLANTIQUE,TOULOUSE MATABIAU,PASUDOUEST,FRXYT,17:21,FRBOJ
874,2023-06-11,PARIS (intramuros),OUI,5789,07:33,IC NUIT,EMBRUN,PABRIANCON,FRIGV,20:48,FRPAZ
875,2023-06-11,STRASBOURG,NON,9890,07:23,NORD,CHAMPAGNE-ARDENNE,JCESTNORD,FREAH,06:01,FRAEG
876,2023-06-11,STRASBOURG,NON,9890,08:56,NORD,LILLE (intramuros),JCESTNORD,FRLLE,06:01,FRAEG
877,2023-06-11,CHAMPAGNE-ARDENNE,NON,9890,07:56,NORD,AEROPORT CDG2 TGV ROISSY,JCESTNORD,FRMLW,07:26,FREAH
878,2023-06-11,MEUSE TGV,NON,9890,07:23,NORD,CHAMPAGNE-ARDENNE,JCESTNORD,FREAH,06:59,FREAJ
879,2023-06-11,ANGERS ST LAUD,OUI,8121,14:54,ATLANTIQUE,NANTES,PARISLOIRE,FRNTE,14:16,FRACL
880,2023-06-11,PARIS (intramuros),NON,8121,14:54,ATLANTIQUE,NANTES,PARISLOIRE,FRNTE,12:49,FRPMO
881,2023-06-11,PARIS (intramuros),OUI,8093,21:01,ATLANTIQUE,ST MALO,PARISBRETA,FRXSB,18:11,FRPMO
882,2023-06-11,PARIS (intramuros),OUI,8093,19:46,ATLANTIQUE,VITRE,PARISBRETA,FRXVT,18:11,FRPMO
883,2023-06-11,VITRE,OUI,8093,21:01,ATLANTIQUE,ST MALO,PARISBRETA,FRXSB,19:49,FRXVT
884,2023-06-11,MONTPELLIER SAINT-ROCH,OUI,6033,14:07,SUD EST,BEZIERS,PALANG,FRBZR,13:20,FRMPL
885,2023-06-11,MONTPELLIER SAINT-ROCH,OUI,6033,13:52,SUD EST,AGDE,PALANG,FRXAG,13:20,FRMPL
886,2023-06-11,PARIS (intramuros),NON,6033,14:07,SUD EST,BEZIERS,PALANG,FRBZR,09:40,FRPLY
887,2023-06-11,PARIS (intramuros),NON,6033,13:34,SUD EST,SETE,PALANG,FRXSY,09:40,FRPLY
888,2023-06-11,VALENCE TGV RHONE-ALPES SUD,NON,6033,14:58,SUD EST,PERPIGNAN,PALANG,FRPGF,12:00,FRVLA
889,2023-06-11,QUIMPER,NON,8732,20:24,ATLANTIQUE,PARIS (intramuros),BRETAPARIS,FRPMO,16:56,FRUIP
890,2023-06-11,VANNES,NON,8732,20:24,ATLANTIQUE,PARIS (intramuros),BRETAPARIS,FRPMO,17:57,FRVNE
891,2023-06-11,NANTES,OUI,8921,15:50,ATLANTIQUE,LA BAULE ESCOUBLAC,PARISLOIRE,FRJEE,15:00,FRNTE
892,2023-06-11,NANTES,OUI,8921,15:33,ATLANTIQUE,ST NAZAIRE,PARISLOIRE,FRSNR,15:00,FRNTE
893,2023-06-11,PARIS (intramuros),NON,8921,15:50,ATLANTIQUE,LA BAULE ESCOUBLAC,PARISLOIRE,FRJEE,12:49,FRPMO
894,2023-06-11,PARIS (intramuros),NON,8921,14:54,ATLANTIQUE,NANTES,PARISLOIRE,FRNTE,12:49,FRPMO
895,2023-06-11,AUGSBURG HBF,NON,9576,12:31,INTERNATIONAL,PARIS (intramuros),MUNSTUTPA,FRPST,07:20,DEAGB
896,2023-06-11,MUENCHEN HBF,NON,9576,10:37,INTERNATIONAL,STRASBOURG,MUNSTUTPA,FRAEG,06:51,DEBEG
897,2023-06-11,ULM HBF,NON,9576,09:51,INTERNATIONAL,KARLSRUHE HBF,MUNSTUTPA,DEQKA,08:04,DEQUL
898,2023-06-11,LORIENT,NON,8722,17:08,ATLANTIQUE,PARIS (intramuros),BRETAPARIS,FRPMO,13:50,FRLRT
899,2023-06-11,QUIMPER,NON,8722,17:08,ATLANTIQUE,PARIS (intramuros),BRETAPARIS,FRPMO,13:14,FRUIP
900,2023-06-11,BEZIERS,NON,6258,18:12,SUD EST,PARIS (intramuros),LANGPA,FRPLY,13:58,FRBZR
901,2023-06-11,BEZIERS,OUI,6258,15:51,SUD EST,VALENCE TGV RHONE-ALPES SUD,LANGPA,FRVLA,13:58,FRBZR
902,2023-06-11,PERPIGNAN,OUI,6258,13:55,SUD EST,BEZIERS,LANGPA,FRBZR,13:04,FRPGF
903,2023-06-11,PERPIGNAN,OUI,6258,15:51,SUD EST,VALENCE TGV RHONE-ALPES SUD,LANGPA,FRVLA,13:04,FRPGF
904,2023-06-11,PERPIGNAN,OUI,6258,14:09,SUD EST,AGDE,LANGPA,FRXAG,13:04,FRPGF
905,2023-06-11,AGDE,NON,6258,18:12,SUD EST,PARIS (intramuros),LANGPA,FRPLY,14:12,FRXAG
906,2023-06-11,SETE,OUI,6258,15:51,SUD EST,VALENCE TGV RHONE-ALPES SUD,LANGPA,FRVLA,14:28,FRXSY
907,2023-06-11,BEZIERS,OUI,6258,14:43,SUD EST,MONTPELLIER SUD DE FRANCE,LANGPA,FRSUF,13:58,FRBZR
908,2023-06-11,MONTPELLIER SUD DE FRANCE,OUI,6258,15:12,SUD EST,NIMES PONT DU GARD,LANGPA,FRXZP,14:50,FRSUF
909,2023-06-11,BEZIERS,OUI,6258,15:12,SUD EST,NIMES PONT DU GARD,LANGPA,FRXZP,13:58,FRBZR
910,2023-06-11,MEUSE TGV,NON,2595,21:44,EST,NANCY,PANANCY,FRENC,21:09,FREAJ
911,2023-06-11,MEUSE TGV,NON,2595,22:45,EST,ST DIE DES VOSGES,PANANCY,FRXTD,21:09,FREAJ
912,2023-06-11,SAVERDUN,NON,3970,07:04,IC NUIT,PARIS (intramuros),PALOMBEPAR,FRPAZ,21:02,FRFPU
913,2023-06-11,MERENS LES VALS,NON,3970,05:53,IC NUIT,LES AUBRAIS ORLEANS,PALOMBEPAR,FRLAB,19:26,FRFQH
914,2023-06-11,AX LES THERMES,NON,3970,05:53,IC NUIT,LES AUBRAIS ORLEANS,PALOMBEPAR,FRLAB,19:44,FRXLT
915,2023-06-11,LUZENAC GARANOU,NON,3970,05:53,IC NUIT,LES AUBRAIS ORLEANS,PALOMBEPAR,FRLAB,19:55,FRFQI
916,2023-06-11,RENNES,NON,8054,10:00,ATLANTIQUE,LAVAL,BRETAPARIS,FRACR,09:35,FRRNS
917,2023-06-11,LYON (intramuros),NON,6622,17:00,SUD EST,PARIS (intramuros),RHONEPARIS,FRPLY,15:04,FRLPD
918,2023-06-11,LYON (intramuros),OUI,6622,14:58,SUD EST,LYON (intramuros),RHONEPARIS,FRLPD,14:50,FRLPE
919,2023-06-11,VENDOME VILLIERS SUR LOIR,OUI,8330,08:33,ATLANTIQUE,PARIS (intramuros),ROCHELLEPA,FRPMO,07:46,FRESL
920,2023-06-11,POITIERS,NON,8330,08:33,ATLANTIQUE,PARIS (intramuros),ROCHELLEPA,FRPMO,06:32,FRPIS
921,2023-06-11,MASSY TGV,NON,5332,13:10,SUD EST,AIX EN PROVENCE TGV,JCATLSUD,FRAIE,09:26,FRDJU
922,2023-06-11,RENNES,NON,5332,13:24,SUD EST,MARSEILLE ST CHARLES,JCATLSUD,FRMSC,07:31,FRRNS
923,2023-06-11,LES AUBRAIS ORLEANS,NON,3751,04:22,IC NUIT,GOURDON,PAVERMEIL,FRFSI,23:32,FRLAB
924,2023-06-11,LES AUBRAIS ORLEANS,NON,3751,03:59,IC NUIT,SOUILLAC,PAVERMEIL,FRSOU,23:32,FRLAB
925,2023-06-11,LES AUBRAIS ORLEANS,NON,3751,05:01,IC NUIT,CAHORS,PAVERMEIL,FRZAO,23:32,FRLAB
926,2023-06-11,METZ VILLE,NON,2214,16:31,EST,PARIS (intramuros),LUXMETZPA,FRPST,15:05,FRADE
927,2023-06-11,PARIS (intramuros),NON,8905,19:13,ATLANTIQUE,ANGERS ST LAUD,PARISLOIRE,FRACL,17:48,FRPMO
928,2023-06-11,PARIS (intramuros),NON,8905,20:34,ATLANTIQUE,ST NAZAIRE,PARISLOIRE,FRSNR,17:48,FRPMO
929,2023-06-11,STRASBOURG,NON,2440,17:35,EST,PARIS (intramuros),MULHSTRAPA,FRPST,15:44,FRAEG
930,2023-06-11,LE MANS,OUI,8063,22:41,ATLANTIQUE,LAVAL,PARISBRETA,FRACR,22:13,FRAET
931,2023-06-11,LES AUBRAIS ORLEANS,NON,3737,09:52,IC NUIT,ARGELES SUR MER,PARPALOMBE,FRARM,22:49,FRLAB
932,2023-06-11,LES AUBRAIS ORLEANS,NON,3737,06:57,IC NUIT,CASTELNAUDARY,PARPALOMBE,FRCTY,22:49,FRLAB
933,2023-06-11,LES AUBRAIS ORLEANS,NON,3737,09:44,IC NUIT,ELNE,PARPALOMBE,FRIOG,22:49,FRLAB
934,2023-06-11,PARIS (intramuros),NON,3737,07:55,IC NUIT,LEZIGNAN-CORBIERES,PARPALOMBE,FRFUX,21:41,FRPAZ
935,2023-06-11,PARIS (intramuros),NON,3737,08:13,IC NUIT,NARBONNE,PARPALOMBE,FRXNA,21:41,FRPAZ
936,2023-06-11,LAVAL,NON,9884,08:57,NORD,MARNE LA VALLEE CHESSY,JCBRETNORD,FRMLV,06:52,FRACR
937,2023-06-11,MASSY TGV,OUI,9884,08:57,NORD,MARNE LA VALLEE CHESSY,JCBRETNORD,FRMLV,08:26,FRDJU
938,2023-06-11,LILLE (intramuros),OUI,9884,11:01,NORD,BRUXELLES MIDI BRUSSEL ZUID,JCBRETNORD,BEBMI,10:27,FRLLE
939,2023-06-11,MARNE LA VALLEE CHESSY,OUI,9884,11:01,NORD,BRUXELLES MIDI BRUSSEL ZUID,JCBRETNORD,BEBMI,09:01,FRMLV
940,2023-06-11,MARNE LA VALLEE CHESSY,OUI,9884,09:45,NORD,TGV HAUTE PICARDIE,JCBRETNORD,FRTHP,09:01,FRMLV
941,2023-06-11,AEROPORT CDG2 TGV ROISSY,OUI,9884,10:17,NORD,LILLE (intramuros),JCBRETNORD,FRLLE,09:16,FRMLW
942,2023-06-11,RENNES,OUI,9884,07:20,NORD,LE MANS,JCBRETNORD,FRAET,06:23,FRRNS
943,2023-06-11,TGV HAUTE PICARDIE,OUI,9884,11:01,NORD,BRUXELLES MIDI BRUSSEL ZUID,JCBRETNORD,BEBMI,09:50,FRTHP
944,2023-06-11,AVIGNON CENTRE,OUI,6198,19:10,SUD EST,VALENCE VILLE,VDRPA,FRVAF,18:04,FRAES
945,2023-06-11,ARLES,OUI,6198,18:00,SUD EST,AVIGNON CENTRE,VDRPA,FRAES,17:36,FRHZA
946,2023-06-11,ARLES,NON,6198,19:46,SUD EST,LYON-SAINT EXUPERY TGV,VDRPA,FRJDQ,17:36,FRHZA
947,2023-06-11,ARLES,OUI,6198,19:10,SUD EST,VALENCE VILLE,VDRPA,FRVAF,17:36,FRHZA
948,2023-06-11,EPINAL,OUI,2578,10:05,EST,NANCY,NANCYPA,FRENC,09:20,FREPL
949,2023-06-11,CANNES,OUI,6077,19:58,SUD EST,NICE VILLE,PAAZUR,FRNIC,19:31,FRJCA
950,2023-06-11,PARIS (intramuros),NON,6077,18:11,SUD EST,TOULON,PAAZUR,FRTLN,14:08,FRPLY
951,2023-06-11,TOULON,OUI,6077,19:39,SUD EST,ANTIBES,PAAZUR,FRXAT,18:15,FRTLN
952,2023-06-11,MARSEILLE BLANCARDE,OUI,5772,07:56,IC NUIT,PARIS (intramuros),AZURPAR,FRPAZ,22:05,FRMBC
953,2023-06-11,TOULON,OUI,5772,07:56,IC NUIT,PARIS (intramuros),AZURPAR,FRPAZ,21:12,FRTLN
954,2023-06-11,ANTIBES,OUI,5772,07:56,IC NUIT,PARIS (intramuros),AZURPAR,FRPAZ,19:33,FRXAT
955,2023-06-11,BORDEAUX ST JEAN,NON,3854,10:40,IC SRO,JONZAC,BORDONANTE,FREMR,09:53,FRBOJ
956,2023-06-11,BORDEAUX ST JEAN,NON,3854,12:15,IC SRO,LA ROCHELLE VILLE,BORDONANTE,FRLRH,09:53,FRBOJ
957,2023-06-11,BORDEAUX ST JEAN,NON,3854,11:53,IC SRO,ROCHEFORT,BORDONANTE,FRRCO,09:53,FRBOJ
958,2023-06-11,JONZAC,NON,3854,12:58,IC SRO,LUCON,BORDONANTE,FRLCN,10:41,FREMR
959,2023-06-11,JONZAC,NON,3854,14:05,IC SRO,NANTES,BORDONANTE,FRNTE,10:41,FREMR
960,2023-06-11,LUCON,NON,3854,14:05,IC SRO,NANTES,BORDONANTE,FRNTE,13:00,FRLCN
961,2023-06-11,SAINTES,NON,3854,12:58,IC SRO,LUCON,BORDONANTE,FRLCN,11:25,FRXST
962,2023-06-11,STRASBOURG,OUI,2239,16:04,EST,DIJON VILLE,JCRHINRHON,FRABA,13:37,FRAEG
963,2023-06-11,STRASBOURG,NON,2239,19:31,EST,AIX EN PROVENCE TGV,JCRHINRHON,FRAIE,13:37,FRAEG
964,2023-06-11,STRASBOURG,OUI,2239,15:02,EST,BELFORT-MONTBELIARD TGV,JCRHINRHON,FRTJA,13:37,FRAEG
965,2023-06-11,STRASBOURG,NON,2239,20:41,EST,TOULON,JCRHINRHON,FRTLN,13:37,FRAEG
966,2023-06-11,STRASBOURG,NON,2239,21:17,EST,LES ARCS DRAGUIGNAN,JCRHINRHON,FRXRS,13:37,FRAEG
967,2023-06-11,COLMAR,OUI,2239,14:30,EST,MULHOUSE VILLE,JCRHINRHON,FRAEK,14:05,FRAEJ
968,2023-06-11,MULHOUSE VILLE,OUI,2239,16:04,EST,DIJON VILLE,JCRHINRHON,FRABA,14:41,FRAEK
969,2023-06-11,MULHOUSE VILLE,NON,2239,19:10,EST,AVIGNON TGV,JCRHINRHON,FRAVG,14:41,FRAEK
970,2023-06-11,AIX EN PROVENCE TGV,NON,2239,22:30,EST,NICE VILLE,JCRHINRHON,FRNIC,19:33,FRAIE
971,2023-06-11,AIX EN PROVENCE TGV,NON,2239,20:41,EST,TOULON,JCRHINRHON,FRTLN,19:33,FRAIE
972,2023-06-11,AIX EN PROVENCE TGV,NON,2239,21:34,EST,ST RAPHAEL VALESCURE,JCRHINRHON,FRXSK,19:33,FRAIE
973,2023-06-11,LYON (intramuros),NON,2239,19:10,EST,AVIGNON TGV,JCRHINRHON,FRAVG,18:04,FRLPD
974,2023-06-11,LYON (intramuros),NON,2239,21:59,EST,CANNES,JCRHINRHON,FRJCA,18:04,FRLPD
975,2023-06-11,LYON (intramuros),NON,2239,20:41,EST,TOULON,JCRHINRHON,FRTLN,18:04,FRLPD
976,2023-06-11,LYON (intramuros),NON,2239,21:17,EST,LES ARCS DRAGUIGNAN,JCRHINRHON,FRXRS,18:04,FRLPD
977,2023-06-11,LYON (intramuros),NON,2239,21:34,EST,ST RAPHAEL VALESCURE,JCRHINRHON,FRXSK,18:04,FRLPD
978,2023-06-11,BELFORT-MONTBELIARD TGV,NON,2239,19:10,EST,AVIGNON TGV,JCRHINRHON,FRAVG,15:06,FRTJA
979,2023-06-11,BELFORT-MONTBELIARD TGV,NON,2239,17:56,EST,LYON (intramuros),JCRHINRHON,FRLPD,15:06,FRTJA
980,2023-06-11,TOULON,OUI,2239,21:34,EST,ST RAPHAEL VALESCURE,JCRHINRHON,FRXSK,20:45,FRTLN
981,2023-06-11,BEAUNE,NON,2239,20:41,EST,TOULON,JCRHINRHON,FRTLN,16:42,FRXBV
982,2023-06-11,BEAUNE,NON,2239,21:17,EST,LES ARCS DRAGUIGNAN,JCRHINRHON,FRXRS,16:42,FRXBV
983,2023-06-11,BELFORT-MONTBELIARD TGV,NON,2239,20:41,EST,TOULON,JCRHINRHON,FRTLN,15:06,FRTJA
984,2023-06-11,BELFORT-MONTBELIARD TGV,NON,2239,21:59,EST,CANNES,JCRHINRHON,FRJCA,15:06,FRTJA
985,2023-06-11,BELFORT-MONTBELIARD TGV,NON,2239,22:30,EST,NICE VILLE,JCRHINRHON,FRNIC,15:06,FRTJA
986,2023-06-11,BESANCON - F COMTE TGV,OUI,2239,16:39,EST,BEAUNE,JCRHINRHON,FRXBV,15:36,FRTJB
987,2023-06-11,LE CROISIC,OUI,8922,14:21,ATLANTIQUE,ST NAZAIRE,LOIREPARIS,FRSNR,13:55,FREGU
988,2023-06-11,LA BAULE ESCOUBLAC,NON,8922,16:23,ATLANTIQUE,LE MANS,LOIREPARIS,FRAET,14:07,FRJEE
989,2023-06-11,BEZIERS,NON,15942,09:52,IC SRO,BEDARIEUX,JOUNOREST,FRIMH,09:19,FRBZR
990,2023-06-11,CHAMBERY CHALLES LES EAUX,NON,9249,18:49,INTERNATIONAL,MODANE,PAITALIE,FRAGR,17:44,FRCMF
991,2023-06-11,CHAMBERY CHALLES LES EAUX,NON,9249,18:24,INTERNATIONAL,ST JEAN DE MAURIENNE ARVAN,PAITALIE,FRHPN,17:44,FRCMF
992,2023-06-11,PARIS (intramuros),NON,9249,18:49,INTERNATIONAL,MODANE,PAITALIE,FRAGR,14:44,FRPLY
993,2023-06-11,PARIS (intramuros),NON,9249,18:24,INTERNATIONAL,ST JEAN DE MAURIENNE ARVAN,PAITALIE,FRHPN,14:44,FRPLY
994,2023-06-11,PARIS (intramuros),NON,9249,20:22,INTERNATIONAL,TORINO PORTA SUSA,PAITALIE,ITTRS,14:44,FRPLY
995,2023-06-11,PARIS (intramuros),NON,6107,12:19,SUD EST,AVIGNON TGV,PAPROVENCE,FRAVG,09:36,FRPLY
996,2023-06-11,RANG DU FLIERS VERTON,NON,7534,19:08,NORD,PARIS (intramuros),ARRASPA,FRPNO,16:11,FRCVU
997,2023-06-11,REIMS,NON,2722,12:47,EST,PARIS (intramuros),SEDBARPA,FRPST,12:01,FRRHE
998,2023-06-11,STRASBOURG,NON,9894,18:32,NORD,CHAMPAGNE-ARDENNE,JCESTNORD,FREAH,17:01,FRAEG
999,2023-06-11,STRASBOURG,NON,9894,17:39,NORD,LORRAINE TGV,JCESTNORD,FREAM,17:01,FRAEG
1000,2023-06-11,LORRAINE TGV,NON,9894,21:09,NORD,BRUXELLES MIDI BRUSSEL ZUID,JCESTNORD,BEBMI,17:42,FREAM
1001,2023-06-11,AEROPORT CDG2 TGV ROISSY,NON,9894,21:09,NORD,BRUXELLES MIDI BRUSSEL ZUID,JCESTNORD,BEBMI,19:12,FRMLW
1002,2023-06-11,CHAMPAGNE-ARDENNE,NON,9894,19:44,NORD,TGV HAUTE PICARDIE,JCESTNORD,FRTHP,18:35,FREAH
1003,2023-06-11,MEUSE TGV,NON,9894,19:44,NORD,TGV HAUTE PICARDIE,JCESTNORD,FRTHP,18:09,FREAJ
1004,2023-06-11,BORDEAUX ST JEAN,NON,12252,11:52,ATLANTIQUE,PARIS (intramuros),SUDOUESTPA,FRPMO,09:46,FRBOJ
1005,2023-06-11,FRANKFURT MAIN HBF,NON,9580,15:34,INTERNATIONAL,BADEN BADEN,FRANCMRS,DEZCC,13:56,DEFRH
1006,2023-06-11,FRANKFURT MAIN HBF,NON,9580,17:31,INTERNATIONAL,BELFORT-MONTBELIARD TGV,FRANCMRS,FRTJA,13:56,DEFRH
1007,2023-06-11,MANNHEIM HBF,NON,9580,17:05,INTERNATIONAL,MULHOUSE VILLE,FRANCMRS,FRAEK,14:39,DEMHG
1008,2023-06-11,KARLSRUHE HBF,NON,9580,16:02,INTERNATIONAL,STRASBOURG,FRANCMRS,FRAEG,15:12,DEQKA
1009,2023-06-11,KARLSRUHE HBF,NON,9580,17:31,INTERNATIONAL,BELFORT-MONTBELIARD TGV,FRANCMRS,FRTJA,15:12,DEQKA
1010,2023-06-11,KARLSRUHE HBF,NON,9580,18:53,INTERNATIONAL,CHALON SUR SAONE,FRANCMRS,FRXCD,15:12,DEQKA
1011,2023-06-11,BADEN BADEN,NON,9580,18:53,INTERNATIONAL,CHALON SUR SAONE,FRANCMRS,FRXCD,15:35,DEZCC
1012,2023-06-11,STRASBOURG,NON,9580,21:34,INTERNATIONAL,AIX EN PROVENCE TGV,FRANCMRS,FRAIE,16:15,FRAEG
1013,2023-06-11,STRASBOURG,NON,9580,17:31,INTERNATIONAL,BELFORT-MONTBELIARD TGV,FRANCMRS,FRTJA,16:15,FRAEG
1014,2023-06-11,LYON (intramuros),NON,9580,21:12,INTERNATIONAL,AVIGNON TGV,FRANCMRS,FRAVG,20:06,FRLPD
1015,2023-06-11,BELFORT-MONTBELIARD TGV,NON,9580,21:12,INTERNATIONAL,AVIGNON TGV,FRANCMRS,FRAVG,17:34,FRTJA
1016,2023-06-11,PARIS (intramuros),NON,6665,20:50,SUD EST,LYON (intramuros),PARISRHONE,FRLPE,18:40,FRPLY
1017,2023-06-11,NIMES,NON,9862,15:25,NORD,BRUXELLES MIDI BRUSSEL ZUID,JCSUDNORD,BEBMI,09:25,FRFNI
1018,2023-06-11,NIMES,NON,9862,12:47,NORD,MARNE LA VALLEE CHESSY,JCSUDNORD,FRMLV,09:25,FRFNI
1019,2023-06-11,LYON (intramuros),NON,9862,14:24,NORD,LILLE (intramuros),JCSUDNORD,FRLLE,11:00,FRLPD
1020,2023-06-11,MARNE LA VALLEE CHESSY,OUI,9862,14:24,NORD,LILLE (intramuros),JCSUDNORD,FRLLE,12:51,FRMLV
1021,2023-06-11,MARNE LA VALLEE CHESSY,OUI,9862,13:01,NORD,AEROPORT CDG2 TGV ROISSY,JCSUDNORD,FRMLW,12:51,FRMLV
1022,2023-06-11,MARNE LA VALLEE CHESSY,OUI,9862,13:34,NORD,TGV HAUTE PICARDIE,JCSUDNORD,FRTHP,12:51,FRMLV
1023,2023-06-11,AEROPORT CDG2 TGV ROISSY,OUI,9862,13:55,NORD,ARRAS,JCSUDNORD,FRQRV,13:07,FRMLW
1024,2023-06-11,MONTPELLIER SAINT-ROCH,NON,9862,12:47,NORD,MARNE LA VALLEE CHESSY,JCSUDNORD,FRMLV,08:57,FRMPL
1025,2023-06-11,MONTPELLIER SAINT-ROCH,NON,9862,13:01,NORD,AEROPORT CDG2 TGV ROISSY,JCSUDNORD,FRMLW,08:57,FRMPL
1026,2023-06-11,MONTPELLIER SAINT-ROCH,NON,9862,13:55,NORD,ARRAS,JCSUDNORD,FRQRV,08:57,FRMPL
1027,2023-06-11,MONTPELLIER SAINT-ROCH,NON,9862,10:10,NORD,VALENCE TGV RHONE-ALPES SUD,JCSUDNORD,FRVLA,08:57,FRMPL
1028,2023-06-11,PERPIGNAN,NON,9862,10:53,NORD,LYON (intramuros),JCSUDNORD,FRLPD,07:08,FRPGF
1029,2023-06-11,PERPIGNAN,NON,9862,10:10,NORD,VALENCE TGV RHONE-ALPES SUD,JCSUDNORD,FRVLA,07:08,FRPGF
1030,2023-06-11,PERPIGNAN,OUI,9862,08:17,NORD,AGDE,JCSUDNORD,FRXAG,07:08,FRPGF
1031,2023-06-11,TGV HAUTE PICARDIE,OUI,9862,13:55,NORD,ARRAS,JCSUDNORD,FRQRV,13:38,FRTHP
1032,2023-06-11,VALENCE TGV RHONE-ALPES SUD,NON,9862,13:55,NORD,ARRAS,JCSUDNORD,FRQRV,10:15,FRVLA
1033,2023-06-11,NARBONNE,NON,9862,12:47,NORD,MARNE LA VALLEE CHESSY,JCSUDNORD,FRMLV,07:49,FRXNA
1034,2023-06-11,NARBONNE,OUI,9862,08:52,NORD,MONTPELLIER SAINT-ROCH,JCSUDNORD,FRMPL,07:49,FRXNA
1035,2023-06-11,NARBONNE,OUI,9862,08:17,NORD,AGDE,JCSUDNORD,FRXAG,07:49,FRXNA
1036,2023-06-11,SETE,OUI,9862,09:22,NORD,NIMES,JCSUDNORD,FRFNI,08:36,FRXSY
1037,2023-06-11,SETE,NON,9862,10:53,NORD,LYON (intramuros),JCSUDNORD,FRLPD,08:36,FRXSY
1038,2023-06-11,BEZIERS,NON,9862,13:55,NORD,ARRAS,JCSUDNORD,FRQRV,08:05,FRBZR
1039,2023-06-11,PERPIGNAN,NON,9862,13:55,NORD,ARRAS,JCSUDNORD,FRQRV,07:08,FRPGF
1040,2023-06-11,NARBONNE,NON,9862,13:34,NORD,TGV HAUTE PICARDIE,JCSUDNORD,FRTHP,07:49,FRXNA
1041,2023-06-11,PARIS (intramuros),NON,5771,08:30,IC NUIT,CANNES,PARAZUR,FRJCA,20:48,FRPAZ
1042,2023-06-11,PARIS (intramuros),NON,5771,09:08,IC NUIT,NICE VILLE,PARAZUR,FRNIC,20:48,FRPAZ
1043,2023-06-11,PARIS (intramuros),NON,5771,07:48,IC NUIT,LES ARCS DRAGUIGNAN,PARAZUR,FRXRS,20:48,FRPAZ
1044,2023-06-11,PARIS (intramuros),NON,5771,08:06,IC NUIT,ST RAPHAEL VALESCURE,PARAZUR,FRXSK,20:48,FRPAZ
1045,2023-06-11,AGEN,NON,4665,22:33,IC ARO,MARSEILLE ST CHARLES,TJOURSOSE,FRMSC,17:32,FRAGF
1046,2023-06-11,BORDEAUX ST JEAN,NON,4665,17:30,IC ARO,AGEN,TJOURSOSE,FRAGF,16:28,FRBOJ
1047,2023-06-11,BORDEAUX ST JEAN,NON,4665,18:07,IC ARO,MONTAUBAN VILLE BOURBON,TJOURSOSE,FRXMW,16:28,FRBOJ
1048,2023-06-11,BORDEAUX ST JEAN,NON,4665,19:58,IC ARO,NARBONNE,TJOURSOSE,FRXNA,16:28,FRBOJ
1049,2023-06-11,BORDEAUX ST JEAN,NON,4665,18:40,IC ARO,TOULOUSE MATABIAU,TJOURSOSE,FRXYT,16:28,FRBOJ
1050,2023-06-11,CARCASSONNE,NON,4665,19:58,IC ARO,NARBONNE,TJOURSOSE,FRXNA,19:29,FRCCF
1051,2023-06-11,MONTPELLIER SAINT-ROCH,NON,4665,22:33,IC ARO,MARSEILLE ST CHARLES,TJOURSOSE,FRMSC,20:55,FRMPL
1052,2023-06-11,TOULOUSE MATABIAU,NON,4665,20:14,IC ARO,BEZIERS,TJOURSOSE,FRBZR,18:45,FRXYT
1053,2023-06-11,LIMOGES BENEDICTINS,OUI,3655,21:13,IC ARO,BRIVE LA GAILLARDE,PALITO,FRBVE,20:11,FRAGQ
1054,2023-06-11,CHATEAUROUX,NON,3655,20:08,IC ARO,LIMOGES BENEDICTINS,PALITO,FRAGQ,18:57,FRCHR
1055,2023-06-11,ISSOUDUN,NON,3655,20:08,IC ARO,LIMOGES BENEDICTINS,PALITO,FRAGQ,18:41,FRFMN
1056,2023-06-11,ISSOUDUN,NON,3655,21:13,IC ARO,BRIVE LA GAILLARDE,PALITO,FRBVE,18:41,FRFMN
1057,2023-06-11,LA SOUTERRAINE,NON,3655,20:47,IC ARO,UZERCHE,PALITO,FRAAW,19:33,FRLST
1058,2023-06-11,LA SOUTERRAINE,NON,3655,21:13,IC ARO,BRIVE LA GAILLARDE,PALITO,FRBVE,19:33,FRLST
1059,2023-06-11,VIERZON VILLE,NON,3655,20:08,IC ARO,LIMOGES BENEDICTINS,PALITO,FRAGQ,18:21,FRXVZ
1060,2023-06-11,HENDAYE,NON,8534,14:20,ATLANTIQUE,PARIS (intramuros),SUDOUESTPA,FRPMO,09:32,FRAEF
1061,2023-06-11,HENDAYE,OUI,8534,09:42,ATLANTIQUE,ST JEAN DE LUZ CIBOURE,SUDOUESTPA,FRXJZ,09:32,FRAEF
1062,2023-06-11,BORDEAUX ST JEAN,NON,8534,14:20,ATLANTIQUE,PARIS (intramuros),SUDOUESTPA,FRPMO,12:12,FRBOJ
1063,2023-06-11,BAYONNE,NON,8534,10:42,ATLANTIQUE,DAX,SUDOUESTPA,FRACG,10:11,FRXBY
1064,2023-06-11,BAYONNE,NON,8534,12:06,ATLANTIQUE,BORDEAUX ST JEAN,SUDOUESTPA,FRBOJ,10:11,FRXBY
1065,2023-06-11,ST JEAN DE LUZ CIBOURE,NON,8534,10:42,ATLANTIQUE,DAX,SUDOUESTPA,FRACG,09:44,FRXJZ
1066,2023-06-11,ST JEAN DE LUZ CIBOURE,OUI,8534,10:08,ATLANTIQUE,BAYONNE,SUDOUESTPA,FRXBY,09:44,FRXJZ
1067,2023-06-11,ASSIER,NON,3754,05:43,IC NUIT,LES AUBRAIS ORLEANS,OCCITANPAR,FRLAB,00:13,FRFSD
1068,2023-06-11,TOURS,OUI,8318,17:09,ATLANTIQUE,ST PIERRE DES CORPS,ROCHELLEPA,FRXSH,17:04,FRAFW
1069,2023-06-11,FRANKFURT MAIN HBF,NON,9550,22:52,INTERNATIONAL,PARIS (intramuros),FRANCPA,FRPST,18:56,DEFRH
1070,2023-06-11,KAISERSLAUTERN HBF,NON,9550,22:52,INTERNATIONAL,PARIS (intramuros),FRANCPA,FRPST,20:22,DEKLT
1071,2023-06-11,STRASBOURG,NON,9572,18:05,INTERNATIONAL,PARIS (intramuros),MUNSTUTPA,FRPST,16:19,FRAEG
1072,2023-06-11,FORBACH,NON,9554,14:52,INTERNATIONAL,PARIS (intramuros),FRANCPA,FRPST,13:12,FRBQT
1073,2023-06-11,MANNHEIM HBF,NON,9568,10:38,INTERNATIONAL,PARIS (intramuros),FRANCPA,FRPST,07:38,DEMHG
1074,2023-06-11,PARIS (intramuros),NON,9563,18:59,INTERNATIONAL,FRANKFURT MAIN HBF,PAFRANC,DEFRH,15:21,FRPST
1075,2023-06-11,KARLSRUHE HBF,NON,9577,20:21,INTERNATIONAL,ULM HBF,PASTUTMUN,DEQUL,18:27,DEQKA
1076,2023-06-11,ULM HBF,NON,9577,21:36,INTERNATIONAL,MUENCHEN HBF,PASTUTMUN,DEBEG,20:23,DEQUL
1077,2023-06-11,STUTTGART HBF,NON,9577,21:36,INTERNATIONAL,MUENCHEN HBF,PASTUTMUN,DEBEG,19:04,DESGT
1078,2023-06-11,STRASBOURG,NON,9577,21:04,INTERNATIONAL,AUGSBURG HBF,PASTUTMUN,DEAGB,17:46,FRAEG
1079,2023-06-11,STRASBOURG,NON,9577,19:04,INTERNATIONAL,STUTTGART HBF,PASTUTMUN,DESGT,17:46,FRAEG
1080,2023-06-11,PARIS (intramuros),NON,9577,21:04,INTERNATIONAL,AUGSBURG HBF,PASTUTMUN,DEAGB,15:55,FRPST
1081,2023-06-11,KAISERSLAUTERN HBF,NON,9553,16:17,INTERNATIONAL,MANNHEIM HBF,PAFRANC,DEMHG,15:37,DEKLT
1082,2023-06-11,SARREBRUCK/SAARBRUECKEN,NON,9553,16:59,INTERNATIONAL,FRANKFURT MAIN HBF,PAFRANC,DEFRH,14:59,DESBK
1083,2023-06-11,PARIS (intramuros),NON,9553,16:17,INTERNATIONAL,MANNHEIM HBF,PAFRANC,DEMHG,13:10,FRPST
1084,2023-06-11,PARIS (intramuros),OUI,7195,23:02,NORD,DOUAI,PAARRAS,FRXDN,21:52,FRPNO
1085,2023-06-11,KARLSRUHE HBF,NON,9579,21:04,INTERNATIONAL,STUTTGART HBF,PASTUTMUN,DESGT,20:28,DEQKA
1086,2023-06-11,PARIS (intramuros),NON,9579,21:04,INTERNATIONAL,STUTTGART HBF,PASTUTMUN,DESGT,17:55,FRPST
1087,2023-06-11,AVIGNON TGV,NON,9854,10:19,NORD,MARNE LA VALLEE CHESSY,JCSUDNORD,FRMLV,07:12,FRAVG
1088,2023-06-11,AVIGNON TGV,NON,9854,10:32,NORD,AEROPORT CDG2 TGV ROISSY,JCSUDNORD,FRMLW,07:12,FRAVG
1089,2023-06-11,MARNE LA VALLEE CHESSY,NON,9854,12:11,NORD,BRUXELLES MIDI BRUSSEL ZUID,JCSUDNORD,BEBMI,10:23,FRMLV
1090,2023-06-11,MARSEILLE ST CHARLES,NON,9854,11:27,NORD,LILLE (intramuros),JCSUDNORD,FRLLE,06:33,FRMSC
1091,2023-06-11,MARSEILLE ST CHARLES,NON,9854,10:19,NORD,MARNE LA VALLEE CHESSY,JCSUDNORD,FRMLV,06:33,FRMSC
1092,2023-06-11,PARIS (intramuros),OUI,12295,20:19,ATLANTIQUE,ST PIERRE DES CORPS,PAROCHELLE,FRXSH,19:16,FRPMO
1093,2023-06-11,LES AUBRAIS ORLEANS,OUI,3741,07:07,IC NUIT,TARBES,PARPALOMBE,FRXTB,22:49,FRLAB
1094,2023-06-11,PARIS (intramuros),OUI,3741,06:16,IC NUIT,ST GAUDENS,PARPALOMBE,FRFPH,21:41,FRPAZ
1095,2023-06-11,LE MANS,OUI,8973,13:14,ATLANTIQUE,LES SABLES D'OLONNE,PARISLOIRE,FRLSO,10:36,FRAET
1096,2023-06-11,PARIS (intramuros),OUI,8973,11:13,ATLANTIQUE,ANGERS ST LAUD,PARISLOIRE,FRACL,09:36,FRPMO
1097,2023-06-11,PARIS (intramuros),NON,6605,10:10,SUD EST,LYON (intramuros),PARISRHONE,FRLPE,07:50,FRPLY
1098,2023-06-11,BORDEAUX ST JEAN,NON,3858,20:58,IC SRO,LUCON,BORDONANTE,FRLCN,17:53,FRBOJ
1099,2023-06-11,JONZAC,NON,3858,22:05,IC SRO,NANTES,BORDONANTE,FRNTE,18:41,FREMR
1100,2023-06-11,JONZAC,NON,3858,21:22,IC SRO,LA ROCHE SUR YON,BORDONANTE,FRXRO,18:41,FREMR
1101,2023-06-11,LA ROCHELLE VILLE,NON,3858,20:58,IC SRO,LUCON,BORDONANTE,FRLCN,20:19,FRLRH
1102,2023-06-11,LA ROCHE SUR YON,NON,3858,22:05,IC SRO,NANTES,BORDONANTE,FRNTE,21:24,FRXRO
1103,2023-06-11,MEUSE TGV,OUI,2591,15:44,EST,NANCY,PANANCY,FRENC,15:09,FREAJ
1104,2023-06-11,MEUSE TGV,OUI,2591,16:47,EST,ST DIE DES VOSGES,PANANCY,FRXTD,15:09,FREAJ
1105,2023-06-11,NANCY,OUI,2591,16:47,EST,ST DIE DES VOSGES,PANANCY,FRXTD,15:54,FRENC
1106,2023-06-11,ANGERS ST LAUD,NON,4404,16:41,IC SRO,ST GERMAIN DES FOSSES,JOURNTELYN,FRSGF,12:33,FRACL
1107,2023-06-11,ANGERS ST LAUD,NON,4404,14:35,IC SRO,VIERZON VILLE,JOURNTELYN,FRXVZ,12:33,FRACL
1108,2023-06-11,SAUMUR,NON,4404,13:31,IC SRO,ST PIERRE DES CORPS,JOURNTELYN,FRXSH,12:56,FRACN
1109,2023-06-11,MOULINS SUR ALLIER,NON,4404,17:20,IC SRO,ROANNE,JOURNTELYN,FRRNE,16:17,FRXMU
1110,2023-06-11,ST PIERRE DES CORPS,NON,4404,14:35,IC SRO,VIERZON VILLE,JOURNTELYN,FRXVZ,13:34,FRXSH
1111,2023-06-11,VIERZON VILLE,NON,4404,15:36,IC SRO,NEVERS,JOURNTELYN,FRNVS,14:39,FRXVZ
1112,2023-06-11,VIERZON VILLE,NON,4404,16:15,IC SRO,MOULINS SUR ALLIER,JOURNTELYN,FRXMU,14:39,FRXVZ
1113,2023-06-11,CHAMBERY CHALLES LES EAUX,NON,9244,19:14,INTERNATIONAL,PARIS (intramuros),ITALIEPA,FRPLY,16:23,FRCMF
1114,2023-06-11,OULX CESANA CLAV SESTRIERE,NON,9244,15:03,INTERNATIONAL,MODANE,ITALIEPA,FRAGR,14:36,ITOCS
1115,2023-06-11,OULX CESANA CLAV SESTRIERE,NON,9244,16:15,INTERNATIONAL,CHAMBERY CHALLES LES EAUX,ITALIEPA,FRCMF,14:36,ITOCS
1116,2023-06-11,TORINO PORTA SUSA,NON,9244,17:38,INTERNATIONAL,MACON LOCHE TGV,ITALIEPA,FRMLT,13:38,ITTRS
1117,2023-06-11,MACON LOCHE TGV,NON,9245,15:23,INTERNATIONAL,TORINO PORTA SUSA,PAITALIE,ITTRS,11:19,FRMLT
1118,2023-06-11,BRIVE LA GAILLARDE,OUI,3650,14:24,IC ARO,LA SOUTERRAINE,TOULOUZECO,FRLST,12:48,FRBVE
1119,2023-06-11,BRIVE LA GAILLARDE,NON,3650,17:22,IC ARO,PARIS (intramuros),TOULOUZECO,FRPAZ,12:48,FRBVE
1120,2023-06-11,CAUSSADE TARN ET GARONNE,NON,3650,12:17,IC ARO,SOUILLAC,TOULOUZECO,FRSOU,11:08,FRFTA
1121,2023-06-11,SOUILLAC,NON,3650,13:48,IC ARO,LIMOGES BENEDICTINS,TOULOUZECO,FRAGQ,12:19,FRSOU
1122,2023-06-11,SOUILLAC,NON,3650,15:37,IC ARO,VIERZON VILLE,TOULOUZECO,FRXVZ,12:19,FRSOU
1123,2023-06-11,MONTAUBAN VILLE BOURBON,NON,3650,12:00,IC ARO,GOURDON,TOULOUZECO,FRFSI,10:54,FRXMW
1124,2023-06-11,MONTAUBAN VILLE BOURBON,NON,3650,14:24,IC ARO,LA SOUTERRAINE,TOULOUZECO,FRLST,10:54,FRXMW
1125,2023-06-11,TOULOUSE MATABIAU,NON,3650,16:18,IC ARO,LES AUBRAIS ORLEANS,TOULOUZECO,FRLAB,10:22,FRXYT
1126,2023-06-11,CAHORS,NON,3650,13:48,IC ARO,LIMOGES BENEDICTINS,TOULOUZECO,FRAGQ,11:35,FRZAO
1127,2023-06-11,CAHORS,NON,3650,16:18,IC ARO,LES AUBRAIS ORLEANS,TOULOUZECO,FRLAB,11:35,FRZAO
1128,2023-06-11,CAUSSADE TARN ET GARONNE,NON,3650,14:24,IC ARO,LA SOUTERRAINE,TOULOUZECO,FRLST,11:08,FRFTA
1129,2023-06-11,BREST,OUI,8642,18:38,ATLANTIQUE,ST BRIEUC,BRETAPARIS,FRSBK,17:22,FRBES
1130,2023-06-11,GUINGAMP,NON,8642,19:29,ATLANTIQUE,RENNES,BRETAPARIS,FRRNS,18:24,FRGGP
1131,2023-06-11,GUINGAMP,OUI,8642,18:38,ATLANTIQUE,ST BRIEUC,BRETAPARIS,FRSBK,18:24,FRGGP
1132,2023-06-11,MORLAIX,OUI,8642,18:21,ATLANTIQUE,GUINGAMP,BRETAPARIS,FRGGP,17:55,FRMXN
1133,2023-06-11,MORLAIX,NON,8642,19:29,ATLANTIQUE,RENNES,BRETAPARIS,FRRNS,17:55,FRMXN
1134,2023-06-11,NANTES,NON,8134,00:12,ATLANTIQUE,PARIS (intramuros),LOIREPARIS,FRPMO,22:07,FRNTE
1135,2023-06-11,UZERCHE,OUI,3614,09:22,IC ARO,PARIS (intramuros),TOULOUZECO,FRPAZ,05:17,FRAAW
1136,2023-06-11,LA SOUTERRAINE,OUI,3614,07:11,IC ARO,CHATEAUROUX,TOULOUZECO,FRCHR,06:32,FRLST
1137,2023-06-11,LA SOUTERRAINE,OUI,3614,06:55,IC ARO,ARGENTON SUR CREUSE,TOULOUZECO,FRFMT,06:32,FRLST
1138,2023-06-11,CLERMONT FERRAND,NON,5982,18:58,IC ARO,NEVERS,CLERMONTPA,FRNVS,17:31,FRCFE
1139,2023-06-11,VICHY,NON,5982,20:56,IC ARO,PARIS (intramuros),CLERMONTPA,FRPLY,18:06,FRVHY
1140,2023-06-11,BORDEAUX ST JEAN,NON,8572,13:28,ATLANTIQUE,DAX,PASUDOUEST,FRACG,12:20,FRBOJ
1141,2023-06-11,BORDEAUX ST JEAN,NON,8572,14:01,ATLANTIQUE,ORTHEZ,PASUDOUEST,FRGFI,12:20,FRBOJ
1142,2023-06-11,PARIS (intramuros),NON,8572,12:14,ATLANTIQUE,BORDEAUX ST JEAN,PASUDOUEST,FRBOJ,10:08,FRPMO
1143,2023-06-11,BASEL SBB,NON,9219,20:26,INTERNATIONAL,ZUERICH HB,PABALZUR,CHAJD,19:33,CHAJP
1144,2023-06-11,PARIS (intramuros),NON,9219,19:03,INTERNATIONAL,MULHOUSE VILLE,PABALZUR,FRAEK,16:20,FRPLY
1145,2023-06-11,PARIS (intramuros),NON,9219,18:38,INTERNATIONAL,BELFORT-MONTBELIARD TGV,PABALZUR,FRTJA,16:20,FRPLY
1146,2023-06-11,DIJON VILLE,NON,5537,17:56,EST,LYON (intramuros),JCRHINRHON,FRLPD,16:20,FRABA
1147,2023-06-11,STRASBOURG,OUI,5537,14:30,EST,MULHOUSE VILLE,JCRHINRHON,FRAEK,13:37,FRAEG
1148,2023-06-11,STRASBOURG,NON,5537,19:10,EST,AVIGNON TGV,JCRHINRHON,FRAVG,13:37,FRAEG
1149,2023-06-11,STRASBOURG,NON,5537,21:34,EST,ST RAPHAEL VALESCURE,JCRHINRHON,FRXSK,13:37,FRAEG
1150,2023-06-11,COLMAR,NON,5537,17:56,EST,LYON (intramuros),JCRHINRHON,FRLPD,14:05,FRAEJ
1151,2023-06-11,COLMAR,NON,5537,21:34,EST,ST RAPHAEL VALESCURE,JCRHINRHON,FRXSK,14:05,FRAEJ
1152,2023-06-11,MULHOUSE VILLE,NON,5537,21:34,EST,ST RAPHAEL VALESCURE,JCRHINRHON,FRXSK,14:41,FRAEK
1153,2023-06-11,AIX EN PROVENCE TGV,NON,5537,19:45,EST,MARSEILLE ST CHARLES,JCRHINRHON,FRMSC,19:33,FRAIE
1154,2023-06-11,AIX EN PROVENCE TGV,NON,5537,20:41,EST,TOULON,JCRHINRHON,FRTLN,19:33,FRAIE
1155,2023-06-11,AVIGNON TGV,NON,5537,19:45,EST,MARSEILLE ST CHARLES,JCRHINRHON,FRMSC,19:12,FRAVG
1156,2023-06-11,NANCY,OUI,5537,16:04,EST,DIJON VILLE,JCRHINRHON,FRABA,12:26,FRENC
1157,2023-06-11,CANNES,OUI,5537,22:30,EST,NICE VILLE,JCRHINRHON,FRNIC,22:03,FRJCA
1158,2023-06-11,MARSEILLE ST CHARLES,OUI,5537,21:59,EST,CANNES,JCRHINRHON,FRJCA,19:57,FRMSC
1159,2023-06-11,BELFORT-MONTBELIARD TGV,OUI,5537,16:04,EST,DIJON VILLE,JCRHINRHON,FRABA,15:06,FRTJA
1160,2023-06-11,BELFORT-MONTBELIARD TGV,NON,5537,19:31,EST,AIX EN PROVENCE TGV,JCRHINRHON,FRAIE,15:06,FRTJA
1161,2023-06-11,BESANCON - F COMTE TGV,OUI,5537,16:04,EST,DIJON VILLE,JCRHINRHON,FRABA,15:36,FRTJB
1162,2023-06-11,BESANCON - F COMTE TGV,NON,5537,19:45,EST,MARSEILLE ST CHARLES,JCRHINRHON,FRMSC,15:36,FRTJB
1163,2023-06-11,TOULON,OUI,5537,22:30,EST,NICE VILLE,JCRHINRHON,FRNIC,20:45,FRTLN
1164,2023-06-11,BEAUNE,NON,5537,21:17,EST,LES ARCS DRAGUIGNAN,JCRHINRHON,FRXRS,16:42,FRXBV
1165,2023-06-11,LES ARCS DRAGUIGNAN,OUI,5537,21:59,EST,CANNES,JCRHINRHON,FRJCA,21:20,FRXRS
1166,2023-06-11,LES ARCS DRAGUIGNAN,OUI,5537,22:11,EST,ANTIBES,JCRHINRHON,FRXAT,21:20,FRXRS
1167,2023-06-11,BELFORT-MONTBELIARD TGV,NON,5537,21:34,EST,ST RAPHAEL VALESCURE,JCRHINRHON,FRXSK,15:06,FRTJA
1168,2023-06-11,BELFORT-MONTBELIARD TGV,NON,5537,22:11,EST,ANTIBES,JCRHINRHON,FRXAT,15:06,FRTJA
1169,2023-06-11,BESANCON - F COMTE TGV,NON,5537,22:30,EST,NICE VILLE,JCRHINRHON,FRNIC,15:36,FRTJB
1170,2023-06-11,NANCY,OUI,5537,14:30,EST,MULHOUSE VILLE,JCRHINRHON,FRAEK,12:26,FRENC
1171,2023-06-11,PERPIGNAN,NON,6036,21:18,SUD EST,PARIS (intramuros),LANGPA,FRPLY,16:04,FRPGF
1172,2023-06-11,AGDE,OUI,6036,18:16,SUD EST,NIMES,LANGPA,FRFNI,17:11,FRXAG
1173,2023-06-11,AGDE,OUI,6036,17:43,SUD EST,MONTPELLIER SAINT-ROCH,LANGPA,FRMPL,17:11,FRXAG
1174,2023-06-11,NARBONNE,OUI,6036,16:55,SUD EST,BEZIERS,LANGPA,FRBZR,16:42,FRXNA
1175,2023-06-11,NARBONNE,OUI,6036,18:16,SUD EST,NIMES,LANGPA,FRFNI,16:42,FRXNA
1176,2023-06-11,NARBONNE,NON,6036,19:03,SUD EST,VALENCE TGV RHONE-ALPES SUD,LANGPA,FRVLA,16:42,FRXNA
1177,2023-06-11,SETE,OUI,6036,18:16,SUD EST,NIMES,LANGPA,FRFNI,17:27,FRXSY
1178,2023-06-11,SETE,NON,6036,21:18,SUD EST,PARIS (intramuros),LANGPA,FRPLY,17:27,FRXSY
1179,2023-06-11,AGEN,NON,4663,18:14,IC ARO,BEZIERS,TJOURSOSE,FRBZR,15:30,FRAGF
1180,2023-06-11,AGEN,NON,4663,16:05,IC ARO,MONTAUBAN VILLE BOURBON,TJOURSOSE,FRXMW,15:30,FRAGF
1181,2023-06-11,BORDEAUX ST JEAN,NON,4663,18:53,IC ARO,MONTPELLIER SAINT-ROCH,TJOURSOSE,FRMPL,14:26,FRBOJ
1182,2023-06-11,BORDEAUX ST JEAN,NON,4663,16:05,IC ARO,MONTAUBAN VILLE BOURBON,TJOURSOSE,FRXMW,14:26,FRBOJ
1183,2023-06-11,BORDEAUX ST JEAN,NON,4663,17:58,IC ARO,NARBONNE,TJOURSOSE,FRXNA,14:26,FRBOJ
1184,2023-06-11,BORDEAUX ST JEAN,NON,4663,16:39,IC ARO,TOULOUSE MATABIAU,TJOURSOSE,FRXYT,14:26,FRBOJ
1185,2023-06-11,BEZIERS,NON,4663,19:21,IC ARO,NIMES,TJOURSOSE,FRFNI,18:17,FRBZR
1186,2023-06-11,MONTAUBAN VILLE BOURBON,NON,4663,18:14,IC ARO,BEZIERS,TJOURSOSE,FRBZR,16:07,FRXMW
1187,2023-06-11,NARBONNE,NON,4663,18:53,IC ARO,MONTPELLIER SAINT-ROCH,TJOURSOSE,FRMPL,18:01,FRXNA
1188,2023-06-11,TOULOUSE MATABIAU,NON,4663,19:21,IC ARO,NIMES,TJOURSOSE,FRFNI,16:44,FRXYT
1189,2023-06-11,PARIS (intramuros),NON,6705,12:52,SUD EST,DIJON VILLE,PABOUR,FRABA,11:16,FRPLY
1190,2023-06-11,BESANCON - F COMTE TGV,NON,6705,13:46,SUD EST,BELFORT-MONTBELIARD TGV,PABOUR,FRTJA,13:25,FRTJB
1191,2023-06-11,DAX,OUI,8592,22:25,ATLANTIQUE,PAU,PASUDOUEST,FRAEE,21:36,FRACG
1192,2023-06-11,DAX,OUI,8592,22:02,ATLANTIQUE,ORTHEZ,PASUDOUEST,FRGFI,21:36,FRACG
1193,2023-06-11,DAX,OUI,8592,23:19,ATLANTIQUE,TARBES,PASUDOUEST,FRXTB,21:36,FRACG
1194,2023-06-11,PARIS (intramuros),NON,8592,21:28,ATLANTIQUE,DAX,PASUDOUEST,FRACG,18:07,FRPMO
1195,2023-06-11,PARIS (intramuros),NON,8592,22:25,ATLANTIQUE,PAU,PASUDOUEST,FRAEE,18:07,FRPMO
1196,2023-06-11,PARIS (intramuros),NON,8592,20:14,ATLANTIQUE,BORDEAUX ST JEAN,PASUDOUEST,FRBOJ,18:07,FRPMO
1197,2023-06-11,BORDEAUX ST JEAN,NON,4657,11:27,IC ARO,CARCASSONNE,TJOURSOSE,FRCCF,08:26,FRBOJ
1198,2023-06-11,BORDEAUX ST JEAN,NON,4657,13:50,IC ARO,ARLES,TJOURSOSE,FRHZA,08:26,FRBOJ
1199,2023-06-11,BORDEAUX ST JEAN,OUI,4657,09:02,IC ARO,MARMANDE,TJOURSOSE,FRXMR,08:26,FRBOJ
1200,2023-06-11,CARCASSONNE,NON,4657,12:52,IC ARO,MONTPELLIER SAINT-ROCH,TJOURSOSE,FRMPL,11:29,FRCCF
1201,2023-06-11,CARCASSONNE,NON,4657,11:58,IC ARO,NARBONNE,TJOURSOSE,FRXNA,11:29,FRCCF
1202,2023-06-11,MONTPELLIER SAINT-ROCH,NON,4657,13:50,IC ARO,ARLES,TJOURSOSE,FRHZA,12:56,FRMPL
1203,2023-06-11,MARMANDE,NON,4657,13:20,IC ARO,NIMES,TJOURSOSE,FRFNI,09:04,FRXMR
1204,2023-06-11,MONTAUBAN VILLE BOURBON,NON,4657,13:50,IC ARO,ARLES,TJOURSOSE,FRHZA,10:08,FRXMW
1205,2023-06-11,NARBONNE,NON,4657,12:52,IC ARO,MONTPELLIER SAINT-ROCH,TJOURSOSE,FRMPL,12:01,FRXNA
1206,2023-06-11,TOULOUSE MATABIAU,NON,4657,13:20,IC ARO,NIMES,TJOURSOSE,FRFNI,10:45,FRXYT
1207,2023-06-11,NANTES,OUI,8126,18:41,ATLANTIQUE,ANGERS ST LAUD,LOIREPARIS,FRACL,18:05,FRNTE
1208,2023-06-11,MARSEILLE ST CHARLES,OUI,6128,17:34,SUD EST,AVIGNON TGV,PROVENCEPA,FRAVG,17:00,FRMSC
1209,2023-06-11,BORDEAUX ST JEAN,OUI,5260,08:33,NORD,ANGOULEME,JCAQUINORD,FRANG,07:58,FRBOJ
1210,2023-06-11,BORDEAUX ST JEAN,NON,5260,09:53,NORD,ST PIERRE DES CORPS,JCAQUINORD,FRXSH,07:58,FRBOJ
1211,2023-06-11,ST PIERRE DES CORPS,NON,5260,11:41,NORD,AEROPORT CDG2 TGV ROISSY,JCAQUINORD,FRMLW,09:57,FRXSH
1212,2023-06-11,MASSY TGV,NON,8455,23:11,ATLANTIQUE,BORDEAUX ST JEAN,PASUDOUEST,FRBOJ,20:49,FRDJU
1213,2023-06-11,PARIS (intramuros),OUI,5771,06:20,IC NUIT,MARSEILLE BLANCARDE,PARAZUR,FRMBC,20:48,FRPAZ
1214,2023-06-11,PARIS (intramuros),OUI,5771,08:06,IC NUIT,ST RAPHAEL VALESCURE,PARAZUR,FRXSK,20:48,FRPAZ
1215,2023-06-11,PARIS (intramuros),NON,6611,12:56,SUD EST,LYON (intramuros),PARISRHONE,FRLPD,10:58,FRPLY
1216,2023-06-11,CANNES,OUI,6188,09:44,SUD EST,TOULON,AZURPA,FRTLN,08:28,FRJCA
1217,2023-06-11,MARSEILLE ST CHARLES,NON,6188,13:50,SUD EST,PARIS (intramuros),AZURPA,FRPLY,10:47,FRMSC
1218,2023-06-11,NICE VILLE,NON,6188,13:50,SUD EST,PARIS (intramuros),AZURPA,FRPLY,07:57,FRNIC
1219,2023-06-11,NICE VILLE,OUI,6188,08:50,SUD EST,ST RAPHAEL VALESCURE,AZURPA,FRXSK,07:57,FRNIC
1220,2023-06-11,ST RAPHAEL VALESCURE,NON,6188,10:33,SUD EST,MARSEILLE ST CHARLES,AZURPA,FRMSC,08:53,FRXSK
1221,2023-06-11,ST RAPHAEL VALESCURE,NON,6188,13:50,SUD EST,PARIS (intramuros),AZURPA,FRPLY,08:53,FRXSK
1222,2023-06-11,BEZIERS,NON,4764,18:34,IC ARO,CARCASSONNE,TJOURSESO,FRCCF,17:47,FRBZR
1223,2023-06-11,BEZIERS,NON,4764,20:58,IC ARO,MARMANDE,TJOURSESO,FRXMR,17:47,FRBZR
1224,2023-06-11,CARCASSONNE,NON,4764,21:39,IC ARO,BORDEAUX ST JEAN,TJOURSESO,FRBOJ,18:36,FRCCF
1225,2023-06-11,MONTPELLIER SAINT-ROCH,NON,4764,20:58,IC ARO,MARMANDE,TJOURSESO,FRXMR,17:07,FRMPL
1226,2023-06-11,MONTPELLIER SAINT-ROCH,NON,4764,19:18,IC ARO,TOULOUSE MATABIAU,TJOURSESO,FRXYT,17:07,FRMPL
1227,2023-06-11,MARSEILLE ST CHARLES,NON,4764,18:34,IC ARO,CARCASSONNE,TJOURSESO,FRCCF,15:27,FRMSC
1228,2023-06-11,MARSEILLE ST CHARLES,OUI,4764,16:35,IC ARO,NIMES,TJOURSESO,FRFNI,15:27,FRMSC
1229,2023-06-11,TOULOUSE MATABIAU,OUI,4764,20:58,IC ARO,MARMANDE,TJOURSESO,FRXMR,19:24,FRXYT
1230,2023-06-11,DAX,NON,8562,14:20,ATLANTIQUE,PARIS (intramuros),SUDOUESTPA,FRPMO,10:48,FRACG
1231,2023-06-11,PAU,NON,8562,14:20,ATLANTIQUE,PARIS (intramuros),SUDOUESTPA,FRPMO,09:51,FRAEE
1232,2023-06-11,TARBES,OUI,8562,10:38,ATLANTIQUE,DAX,SUDOUESTPA,FRACG,08:59,FRXTB
1233,2023-06-11,BEZIERS,NON,4758,14:59,IC ARO,MARMANDE,TJOURSESO,FRXMR,11:47,FRBZR
1234,2023-06-11,BEZIERS,NON,4758,12:01,IC ARO,NARBONNE,TJOURSESO,FRXNA,11:47,FRBZR
1235,2023-06-11,NIMES,NON,4758,11:44,IC ARO,BEZIERS,TJOURSESO,FRBZR,10:38,FRFNI
1236,2023-06-11,NIMES,NON,4758,11:03,IC ARO,MONTPELLIER SAINT-ROCH,TJOURSESO,FRMPL,10:38,FRFNI
1237,2023-06-11,MONTPELLIER SAINT-ROCH,NON,4758,13:19,IC ARO,TOULOUSE MATABIAU,TJOURSESO,FRXYT,11:07,FRMPL
1238,2023-06-11,MARSEILLE ST CHARLES,NON,4758,10:35,IC ARO,NIMES,TJOURSESO,FRFNI,09:27,FRMSC
1239,2023-06-11,MARSEILLE ST CHARLES,NON,4758,14:59,IC ARO,MARMANDE,TJOURSESO,FRXMR,09:27,FRMSC
1240,2023-06-11,NARBONNE,NON,4758,15:38,IC ARO,BORDEAUX ST JEAN,TJOURSESO,FRBOJ,12:04,FRXNA
1241,2023-06-11,TOULOUSE MATABIAU,NON,4758,13:54,IC ARO,MONTAUBAN VILLE BOURBON,TJOURSESO,FRXMW,13:25,FRXYT
1242,2023-06-11,ST MAIXENT DEUX SEVRES,NON,8361,16:20,ATLANTIQUE,LA ROCHELLE VILLE,PAROCHELLE,FRLRH,15:20,FREJC
1243,2023-06-11,ST MAIXENT DEUX SEVRES,OUI,8361,15:35,ATLANTIQUE,NIORT,PAROCHELLE,FRNIT,15:20,FREJC
1244,2023-06-11,PARIS (intramuros),OUI,8361,15:17,ATLANTIQUE,ST MAIXENT DEUX SEVRES,PAROCHELLE,FREJC,13:37,FRPMO
1245,2023-06-11,FRANKFURT MAIN HBF,NON,9552,16:54,INTERNATIONAL,PARIS (intramuros),FRANCPA,FRPST,12:56,DEFRH
1246,2023-06-11,KAISERSLAUTERN HBF,NON,9552,15:02,INTERNATIONAL,SARREBRUCK/SAARBRUECKEN,FRANCPA,DESBK,14:24,DEKLT
1247,2023-06-11,BORDEAUX ST JEAN,NON,12266,19:52,ATLANTIQUE,PARIS (intramuros),SUDOUESTPA,FRPMO,17:45,FRBOJ
1248,2023-06-11,DAX,NON,8551,22:32,ATLANTIQUE,ST JEAN DE LUZ CIBOURE,PASUDOUEST,FRXJZ,21:32,FRACG
1249,2023-06-11,BIARRITZ,OUI,8551,22:32,ATLANTIQUE,ST JEAN DE LUZ CIBOURE,PASUDOUEST,FRXJZ,22:19,FRBIQ
1250,2023-06-11,BORDEAUX ST JEAN,NON,8551,22:32,ATLANTIQUE,ST JEAN DE LUZ CIBOURE,PASUDOUEST,FRXJZ,20:20,FRBOJ
1251,2023-06-11,PARIS (intramuros),NON,8551,21:28,ATLANTIQUE,DAX,PASUDOUEST,FRACG,18:07,FRPMO
1252,2023-06-11,BAYONNE,OUI,8551,22:16,ATLANTIQUE,BIARRITZ,PASUDOUEST,FRBIQ,22:06,FRXBY
1253,2023-06-11,LILLE (intramuros),NON,7028,11:44,NORD,PARIS (intramuros),LILLEPA,FRPNO,10:42,FRADJ
1254,2023-06-11,MONTREJEAU GOURDAN POLIGNAN,NON,14141,11:57,IC SRO,PAU,SUDOUEST,FRAEE,10:39,FRMTJ
1255,2023-06-11,MONTREJEAU GOURDAN POLIGNAN,NON,14141,11:29,IC SRO,LOURDES,SUDOUEST,FRLDE,10:39,FRMTJ
1256,2023-06-11,TARBES,NON,14141,11:29,IC SRO,LOURDES,SUDOUEST,FRLDE,11:15,FRXTB
1257,2023-06-11,TOULOUSE MATABIAU,NON,14141,10:37,IC SRO,MONTREJEAU GOURDAN POLIGNAN,SUDOUEST,FRMTJ,09:32,FRXYT
1258,2023-06-11,BEZIERS,NON,6252,12:50,SUD EST,VALENCE TGV RHONE-ALPES SUD,LANGPA,FRVLA,10:58,FRBZR
1259,2023-06-11,BEZIERS,OUI,6252,11:09,SUD EST,AGDE,LANGPA,FRXAG,10:58,FRBZR
1260,2023-06-11,BEZIERS,OUI,6252,11:25,SUD EST,SETE,LANGPA,FRXSY,10:58,FRBZR
1261,2023-06-11,PERPIGNAN,NON,6252,12:50,SUD EST,VALENCE TGV RHONE-ALPES SUD,LANGPA,FRVLA,10:04,FRPGF
1262,2023-06-11,PERPIGNAN,OUI,6252,10:39,SUD EST,NARBONNE,LANGPA,FRXNA,10:04,FRPGF
1263,2023-06-11,AGDE,NON,6252,15:04,SUD EST,PARIS (intramuros),LANGPA,FRPLY,11:12,FRXAG
1264,2023-06-11,NARBONNE,OUI,6252,10:55,SUD EST,BEZIERS,LANGPA,FRBZR,10:42,FRXNA
1265,2023-06-11,SETE,NON,6252,12:50,SUD EST,VALENCE TGV RHONE-ALPES SUD,LANGPA,FRVLA,11:28,FRXSY
1266,2023-06-11,MONTPELLIER SUD DE FRANCE,NON,6252,12:50,SUD EST,VALENCE TGV RHONE-ALPES SUD,LANGPA,FRVLA,11:52,FRSUF
1267,2023-06-11,MONTPELLIER SUD DE FRANCE,NON,6252,15:04,SUD EST,PARIS (intramuros),LANGPA,FRPLY,11:52,FRSUF
1268,2023-06-11,NIMES PONT DU GARD,NON,6252,15:04,SUD EST,PARIS (intramuros),LANGPA,FRPLY,12:14,FRXZP
1269,2023-06-11,PARIS (intramuros),OUI,7389,21:39,NORD,HAZEBROUCK,PAARRAS,FRHZK,19:52,FRPNO
1270,2023-06-11,BRIVE LA GAILLARDE,NON,3619,14:07,IC ARO,CAHORS,PALITO,FRZAO,13:00,FRBVE
1271,2023-06-11,CHATEAUROUX,NON,3619,12:57,IC ARO,BRIVE LA GAILLARDE,PALITO,FRBVE,10:41,FRCHR
1272,2023-06-11,CHATEAUROUX,NON,3619,13:24,IC ARO,SOUILLAC,PALITO,FRSOU,10:41,FRCHR
1273,2023-06-11,PARIS (intramuros),NON,3619,10:39,IC ARO,CHATEAUROUX,PALITO,FRCHR,08:22,FRPAZ
1274,2023-06-11,PARIS (intramuros),NON,3619,11:17,IC ARO,LA SOUTERRAINE,PALITO,FRLST,08:22,FRPAZ
1275,2023-06-11,PARIS (intramuros),NON,3619,15:23,IC ARO,TOULOUSE MATABIAU,PALITO,FRXYT,08:22,FRPAZ
1276,2023-06-11,MONTAUBAN VILLE BOURBON,NON,3619,15:23,IC ARO,TOULOUSE MATABIAU,PALITO,FRXYT,14:51,FRXMW
1277,2023-06-11,VIERZON VILLE,NON,3619,13:40,IC ARO,GOURDON,PALITO,FRFSI,10:09,FRXVZ
1278,2023-06-11,VIERZON VILLE,NON,3619,11:17,IC ARO,LA SOUTERRAINE,PALITO,FRLST,10:09,FRXVZ
1279,2023-06-11,VIERZON VILLE,NON,3619,13:24,IC ARO,SOUILLAC,PALITO,FRSOU,10:09,FRXVZ
1280,2023-06-11,VIERZON VILLE,NON,3619,14:07,IC ARO,CAHORS,PALITO,FRZAO,10:09,FRXVZ
1281,2023-06-11,CAHORS,NON,3619,14:34,IC ARO,CAUSSADE TARN ET GARONNE,PALITO,FRFTA,14:09,FRZAO
1282,2023-06-11,VIERZON VILLE,NON,3619,14:49,IC ARO,MONTAUBAN VILLE BOURBON,PALITO,FRXMW,10:09,FRXVZ
1283,2023-06-11,PARIS (intramuros),NON,6669,21:36,SUD EST,LYON (intramuros),PARISRHONE,FRLPE,19:24,FRPLY
1284,2023-06-11,LA SOUTERRAINE,NON,3664,18:08,IC ARO,CHATEAUROUX,TOULOUZECO,FRCHR,17:29,FRLST
1285,2023-06-11,LA SOUTERRAINE,NON,3664,20:35,IC ARO,PARIS (intramuros),TOULOUZECO,FRPAZ,17:29,FRLST
1286,2023-06-11,ST GAUDENS,NON,14151,16:17,IC SRO,ORTHEZ,SUDOUEST,FRGFI,14:19,FRFPH
1287,2023-06-11,ST GAUDENS,NON,14151,17:02,IC SRO,BAYONNE,SUDOUEST,FRXBY,14:19,FRFPH
1288,2023-06-11,TARBES,NON,14151,17:02,IC SRO,BAYONNE,SUDOUEST,FRXBY,15:11,FRXTB
1289,2023-06-11,TOULOUSE MATABIAU,NON,14151,15:25,IC SRO,LOURDES,SUDOUEST,FRLDE,13:30,FRXYT
1290,2023-06-11,TOULOUSE MATABIAU,NON,14151,17:02,IC SRO,BAYONNE,SUDOUEST,FRXBY,13:30,FRXYT
1291,2023-06-11,BIARRITZ,OUI,8530,07:51,ATLANTIQUE,BAYONNE,SUDOUESTPA,FRXBY,07:39,FRBIQ
1292,2023-06-11,BAYONNE,NON,8530,11:52,ATLANTIQUE,PARIS (intramuros),SUDOUESTPA,FRPMO,07:54,FRXBY
1293,2023-06-11,ST JEAN DE LUZ CIBOURE,NON,8530,08:26,ATLANTIQUE,DAX,SUDOUESTPA,FRACG,07:26,FRXJZ
1294,2023-06-11,ST JEAN DE LUZ CIBOURE,NON,8530,09:40,ATLANTIQUE,BORDEAUX ST JEAN,SUDOUESTPA,FRBOJ,07:26,FRXJZ
1295,2023-06-11,ST JEAN DE LUZ CIBOURE,NON,8530,11:52,ATLANTIQUE,PARIS (intramuros),SUDOUESTPA,FRPMO,07:26,FRXJZ
1296,2023-06-11,ST MAIXENT DEUX SEVRES,OUI,8375,12:22,ATLANTIQUE,LA ROCHELLE VILLE,PAROCHELLE,FRLRH,11:23,FREJC
1297,2023-06-11,POITIERS,OUI,8375,11:59,ATLANTIQUE,SURGERES,PAROCHELLE,FREIP,10:53,FRPIS
1298,2023-06-11,ST PIERRE DES CORPS,OUI,8375,11:59,ATLANTIQUE,SURGERES,PAROCHELLE,FREIP,10:16,FRXSH
1299,2023-06-11,ST PIERRE DES CORPS,OUI,8375,10:50,ATLANTIQUE,POITIERS,PAROCHELLE,FRPIS,10:16,FRXSH
1300,2023-06-11,LOURDES,OUI,3740,07:04,IC NUIT,PARIS (intramuros),PALOMBEPAR,FRPAZ,19:57,FRLDE
1301,2023-06-11,ST GAUDENS,OUI,3740,05:53,IC NUIT,LES AUBRAIS ORLEANS,PALOMBEPAR,FRLAB,20:55,FRFPH
1302,2023-06-11,CLERMONT FERRAND,OUI,5974,15:58,IC ARO,NEVERS,CLERMONTPA,FRNVS,14:31,FRCFE
1303,2023-06-11,CLERMONT FERRAND,OUI,5974,14:40,IC ARO,RIOM CHATEL GUYON,CLERMONTPA,FRRIO,14:31,FRCFE
1304,2023-06-11,CLERMONT FERRAND,OUI,5974,15:29,IC ARO,MOULINS SUR ALLIER,CLERMONTPA,FRXMU,14:31,FRCFE
1305,2023-06-11,RIOM CHATEL GUYON,OUI,5974,15:29,IC ARO,MOULINS SUR ALLIER,CLERMONTPA,FRXMU,14:42,FRRIO
1306,2023-06-11,NANTES,OUI,8913,13:03,ATLANTIQUE,LE CROISIC,PARISLOIRE,FREGU,12:00,FRNTE
1307,2023-06-11,PARIS (intramuros),NON,8913,13:03,ATLANTIQUE,LE CROISIC,PARISLOIRE,FREGU,09:36,FRPMO
1308,2023-06-11,PARIS (intramuros),NON,8913,12:50,ATLANTIQUE,LA BAULE ESCOUBLAC,PARISLOIRE,FRJEE,09:36,FRPMO
1309,2023-06-11,ST NAZAIRE,OUI,8913,13:03,ATLANTIQUE,LE CROISIC,PARISLOIRE,FREGU,12:36,FRSNR
1310,2023-06-11,ST NAZAIRE,OUI,8913,12:50,ATLANTIQUE,LA BAULE ESCOUBLAC,PARISLOIRE,FRJEE,12:36,FRSNR
1311,2023-06-11,ARVANT,NON,15940,16:01,IC SRO,CLERMONT FERRAND,JOUNOREST,FRCFE,15:17,FRARV
1312,2023-06-11,BRASSAC LES MINES STE FLORINE,NON,15940,16:01,IC SRO,CLERMONT FERRAND,JOUNOREST,FRCFE,15:23,FRHLE
1313,2023-06-11,BRASSAC LES MINES STE FLORINE,NON,15940,15:35,IC SRO,ISSOIRE,JOUNOREST,FRHLB,15:23,FRHLE
1314,2023-06-11,MASSIAC BLESLE,NON,15940,16:01,IC SRO,CLERMONT FERRAND,JOUNOREST,FRCFE,14:58,FRHMY
1315,2023-06-11,MASSIAC BLESLE,NON,15940,15:22,IC SRO,BRASSAC LES MINES STE FLORINE,JOUNOREST,FRHLE,14:58,FRHMY
1316,2023-06-11,MASSIAC BLESLE,NON,15940,15:35,IC SRO,ISSOIRE,JOUNOREST,FRHLB,14:58,FRHMY
1317,2023-06-11,GRENOBLE,OUI,6920,15:55,SUD EST,LYON-SAINT EXUPERY TGV,GRENOBLEPA,FRJDQ,14:46,FRGNB
1318,2023-06-11,LYON-SAINT EXUPERY TGV,NON,6920,17:48,SUD EST,PARIS (intramuros),GRENOBLEPA,FRPLY,15:59,FRJDQ
1319,2023-06-11,MONTBARD,NON,6091,20:31,SUD EST,DIJON VILLE,PABOUR,FRABA,19:56,FRGWE
1320,2023-06-11,PARIS (intramuros),NON,6091,20:31,SUD EST,DIJON VILLE,PABOUR,FRABA,18:50,FRPLY
1321,2023-06-11,PARIS (intramuros),NON,6937,12:36,SUD EST,CHAMBERY CHALLES LES EAUX,PARISALPES,FRCMF,09:44,FRPLY
1322,2023-06-11,HENDAYE,NON,8542,17:39,ATLANTIQUE,BORDEAUX ST JEAN,SUDOUESTPA,FRBOJ,15:14,FRAEF
1323,2023-06-11,HENDAYE,NON,8542,19:52,ATLANTIQUE,PARIS (intramuros),SUDOUESTPA,FRPMO,15:14,FRAEF
1324,2023-06-11,BIARRITZ,NON,8542,17:39,ATLANTIQUE,BORDEAUX ST JEAN,SUDOUESTPA,FRBOJ,15:41,FRBIQ
1325,2023-06-11,BORDEAUX ST JEAN,NON,8542,19:52,ATLANTIQUE,PARIS (intramuros),SUDOUESTPA,FRPMO,17:45,FRBOJ
1326,2023-06-11,BAYONNE,OUI,8542,16:25,ATLANTIQUE,DAX,SUDOUESTPA,FRACG,15:56,FRXBY
1327,2023-06-11,LE MANS,NON,5386,20:05,SUD EST,LAVAL,JCSUDATL,FRACR,19:34,FRAET
1328,2023-06-11,AIX EN PROVENCE TGV,NON,5386,20:05,SUD EST,LAVAL,JCSUDATL,FRACR,14:50,FRAIE
1329,2023-06-11,AIX EN PROVENCE TGV,NON,5386,15:10,SUD EST,AVIGNON TGV,JCSUDATL,FRAVG,14:50,FRAIE
1330,2023-06-11,AIX EN PROVENCE TGV,NON,5386,20:32,SUD EST,RENNES,JCSUDATL,FRRNS,14:50,FRAIE
1331,2023-06-11,AVIGNON TGV,NON,5386,19:29,SUD EST,LE MANS,JCSUDATL,FRAET,15:15,FRAVG
1332,2023-06-11,MASSY TGV,NON,5386,20:05,SUD EST,LAVAL,JCSUDATL,FRACR,18:39,FRDJU
1333,2023-06-11,LYON (intramuros),NON,5386,19:29,SUD EST,LE MANS,JCSUDATL,FRAET,16:30,FRLPD
1334,2023-06-11,MARSEILLE ST CHARLES,NON,5386,20:32,SUD EST,RENNES,JCSUDATL,FRRNS,14:36,FRMSC
1335,2023-06-11,ST ETIENNE CHATEAUCREUX,NON,6692,09:30,SUD EST,PARIS (intramuros),RHONEPARIS,FRPLY,06:42,FRHHD
1336,2023-06-11,BEZIERS,NON,6262,19:51,SUD EST,VALENCE TGV RHONE-ALPES SUD,LANGPA,FRVLA,18:00,FRBZR
1337,2023-06-11,PERPIGNAN,OUI,6262,17:57,SUD EST,BEZIERS,LANGPA,FRBZR,17:04,FRPGF
1338,2023-06-11,PERPIGNAN,OUI,6262,17:39,SUD EST,NARBONNE,LANGPA,FRXNA,17:04,FRPGF
1339,2023-06-11,NARBONNE,NON,6262,19:51,SUD EST,VALENCE TGV RHONE-ALPES SUD,LANGPA,FRVLA,17:42,FRXNA
1340,2023-06-11,SETE,NON,6262,19:51,SUD EST,VALENCE TGV RHONE-ALPES SUD,LANGPA,FRVLA,18:30,FRXSY
1341,2023-06-11,PERPIGNAN,OUI,6262,18:45,SUD EST,MONTPELLIER SUD DE FRANCE,LANGPA,FRSUF,17:04,FRPGF
1342,2023-06-11,BEZIERS,NON,6262,19:11,SUD EST,NIMES PONT DU GARD,LANGPA,FRXZP,18:00,FRBZR
1343,2023-06-11,AGDE,NON,6262,19:11,SUD EST,NIMES PONT DU GARD,LANGPA,FRXZP,18:14,FRXAG
1344,2023-06-11,LA ROCHE SUR YON,OUI,8988,20:52,ATLANTIQUE,NANTES,LOIREPARIS,FRNTE,20:11,FRXRO
1345,2023-06-11,LA ROCHE SUR YON,NON,8988,23:16,ATLANTIQUE,PARIS (intramuros),LOIREPARIS,FRPMO,20:11,FRXRO
1346,2023-06-11,LYON (intramuros),OUI,5351,06:24,SUD EST,LYON (intramuros),JCSUDATL,FRLPD,06:16,FRLPE
1347,2023-06-11,ST PIERRE DES CORPS,OUI,5351,11:19,SUD EST,NANTES,JCSUDATL,FRNTE,09:46,FRXSH
1348,2023-06-11,AGEN,NON,8516,21:52,ATLANTIQUE,PARIS (intramuros),SUDOUESTPA,FRPMO,18:31,FRAGF
1349,2023-06-11,TOULOUSE MATABIAU,NON,8516,18:28,ATLANTIQUE,AGEN,SUDOUESTPA,FRAGF,17:19,FRXYT
1350,2023-06-11,GENEVE,NON,9768,11:49,INTERNATIONAL,BOURG EN BRESSE,GENEVEPA,FRXBK,10:29,CHGVA
1351,2023-06-11,CHAMBERY CHALLES LES EAUX,NON,6978,17:38,SUD EST,MACON LOCHE TGV,ALPESPARIS,FRMLT,16:23,FRCMF
1352,2023-06-11,MACON LOCHE TGV,NON,6978,19:14,SUD EST,PARIS (intramuros),ALPESPARIS,FRPLY,17:41,FRMLT
1353,2023-06-11,ANNECY,NON,6978,19:14,SUD EST,PARIS (intramuros),ALPESPARIS,FRPLY,15:31,FRNCY
1354,2023-06-11,ZUERICH HB,NON,9210,10:53,INTERNATIONAL,MULHOUSE VILLE,ZURBALPA,FRAEK,09:34,CHAJD
1355,2023-06-11,BASEL SBB,NON,9210,11:58,INTERNATIONAL,DIJON VILLE,ZURBALPA,FRABA,10:34,CHAJP
1356,2023-06-11,AIX EN PROVENCE TGV,NON,6801,09:49,SUD EST,LES ARCS DRAGUIGNAN,JCPROVSUD,FRXRS,08:03,FRAIE
1357,2023-06-11,CANNES,OUI,6801,10:47,SUD EST,ANTIBES,JCPROVSUD,FRXAT,10:39,FRJCA
1358,2023-06-11,LYON (intramuros),OUI,6801,07:35,SUD EST,AVIGNON TGV,JCPROVSUD,FRAVG,06:04,FRLPD
1359,2023-06-11,LYON (intramuros),NON,6801,08:14,SUD EST,MARSEILLE ST CHARLES,JCPROVSUD,FRMSC,06:04,FRLPD
1360,2023-06-11,LYON (intramuros),NON,6801,10:06,SUD EST,ST RAPHAEL VALESCURE,JCPROVSUD,FRXSK,06:04,FRLPD
1361,2023-06-11,TOULON,OUI,6801,09:49,SUD EST,LES ARCS DRAGUIGNAN,JCPROVSUD,FRXRS,09:15,FRTLN
1362,2023-06-11,TOULON,OUI,6801,10:06,SUD EST,ST RAPHAEL VALESCURE,JCPROVSUD,FRXSK,09:15,FRTLN
1363,2023-06-11,VALENCE TGV RHONE-ALPES SUD,NON,6801,08:14,SUD EST,MARSEILLE ST CHARLES,JCPROVSUD,FRMSC,07:00,FRVLA
1364,2023-06-11,VALENCE TGV RHONE-ALPES SUD,NON,6801,10:47,SUD EST,ANTIBES,JCPROVSUD,FRXAT,07:00,FRVLA
1365,2023-06-11,VALENCE TGV RHONE-ALPES SUD,NON,6801,10:06,SUD EST,ST RAPHAEL VALESCURE,JCPROVSUD,FRXSK,07:00,FRVLA
1366,2023-06-11,LES ARCS DRAGUIGNAN,OUI,6801,11:06,SUD EST,NICE VILLE,JCPROVSUD,FRNIC,09:52,FRXRS
1367,2023-06-11,LES ARCS DRAGUIGNAN,OUI,6801,10:47,SUD EST,ANTIBES,JCPROVSUD,FRXAT,09:52,FRXRS
1368,2023-06-11,POITIERS,NON,8450,21:41,ATLANTIQUE,PARIS (intramuros),SUDOUESTPA,FRPMO,20:05,FRPIS
1369,2023-06-11,AVIGNON TGV,OUI,6123,20:41,SUD EST,AIX EN PROVENCE TGV,PAPROVENCE,FRAIE,20:20,FRAVG
1370,2023-06-11,KARLSRUHE HBF,NON,9573,14:05,INTERNATIONAL,STUTTGART HBF,PASTUTMUN,DESGT,13:28,DEQKA
1371,2023-06-11,PARIS (intramuros),NON,9573,13:26,INTERNATIONAL,KARLSRUHE HBF,PASTUTMUN,DEQKA,10:55,FRPST
1372,2023-06-11,PARIS (intramuros),NON,9573,14:05,INTERNATIONAL,STUTTGART HBF,PASTUTMUN,DESGT,10:55,FRPST
1373,2023-06-11,FACTURE BIGANOS,OUI,8475,18:10,ATLANTIQUE,ARCACHON,PASUDOUEST,FRXAC,17:49,FRFAC
1374,2023-06-11,PARIS (intramuros),NON,8475,17:15,ATLANTIQUE,BORDEAUX ST JEAN,PASUDOUEST,FRBOJ,15:08,FRPMO
1375,2023-06-11,PARIS (intramuros),NON,8475,17:46,ATLANTIQUE,FACTURE BIGANOS,PASUDOUEST,FRFAC,15:08,FRPMO
1376,2023-06-11,KARLSRUHE HBF,NON,9560,20:41,INTERNATIONAL,PARIS (intramuros),FRANCPA,FRPST,18:05,DEQKA
1377,2023-06-11,AEROPORT CDG2 TGV ROISSY,NON,5026,12:08,NORD,MARNE LA VALLEE CHESSY,JCNORDSUD,FRMLV,11:59,FRMLW
1378,2023-06-11,PARIS (intramuros),NON,2527,22:44,EST,NANCY,PANANCY,FRENC,21:12,FRPST
1379,2023-06-11,ZUERICH HB,NON,9218,15:38,INTERNATIONAL,PARIS (intramuros),ZURBALPA,FRPLY,11:34,CHAJD
1380,2023-06-11,BASEL SBB,NON,9218,12:53,INTERNATIONAL,MULHOUSE VILLE,ZURBALPA,FRAEK,12:34,CHAJP
1381,2023-06-11,THONON LES BAINS,NON,6504,14:21,SUD EST,ANNEMASSE,ALPESPARIS,FRQNJ,13:53,FRXTS
1382,2023-06-11,AGEN,NON,8505,15:36,ATLANTIQUE,TOULOUSE MATABIAU,PASUDOUEST,FRXYT,14:23,FRAGF
1383,2023-06-11,BORDEAUX ST JEAN,NON,8505,14:21,ATLANTIQUE,AGEN,PASUDOUEST,FRAGF,13:20,FRBOJ
1384,2023-06-11,PARIS (intramuros),NON,8505,15:36,ATLANTIQUE,TOULOUSE MATABIAU,PASUDOUEST,FRXYT,11:08,FRPMO
1385,2023-06-11,DUNKERQUE,NON,7324,16:08,NORD,PARIS (intramuros),ARRASPA,FRPNO,13:56,FRADI
1386,2023-06-11,PARIS (intramuros),OUI,7163,10:58,NORD,DOUAI,PAARRAS,FRXDN,09:52,FRPNO
1387,2023-06-11,DOUAI,OUI,7163,11:35,NORD,VALENCIENNES,PAARRAS,FRXVS,11:09,FRXDN
1388,2023-06-11,CARCASSONNE,OUI,4756,11:18,IC ARO,TOULOUSE MATABIAU,TJOURSESO,FRXYT,10:35,FRCCF
1389,2023-06-11,NIMES,OUI,4756,10:33,IC ARO,CARCASSONNE,TJOURSESO,FRCCF,08:43,FRFNI
1390,2023-06-11,NIMES,OUI,4756,11:54,IC ARO,MONTAUBAN VILLE BOURBON,TJOURSESO,FRXMW,08:43,FRFNI
1391,2023-06-11,NIMES,OUI,4756,11:18,IC ARO,TOULOUSE MATABIAU,TJOURSESO,FRXYT,08:43,FRFNI
1392,2023-06-11,ARLES,OUI,4756,12:31,IC ARO,AGEN,TJOURSESO,FRAGF,08:13,FRHZA
1393,2023-06-11,ARLES,OUI,4756,09:07,IC ARO,MONTPELLIER SAINT-ROCH,TJOURSESO,FRMPL,08:13,FRHZA
1394,2023-06-11,ARLES,OUI,4756,09:25,IC ARO,SETE,TJOURSESO,FRXSY,08:13,FRHZA
1395,2023-06-11,MONTPELLIER SAINT-ROCH,OUI,4756,11:54,IC ARO,MONTAUBAN VILLE BOURBON,TJOURSESO,FRXMW,09:11,FRMPL
1396,2023-06-11,MONTPELLIER SAINT-ROCH,OUI,4756,10:01,IC ARO,NARBONNE,TJOURSESO,FRXNA,09:11,FRMPL
1397,2023-06-11,MARSEILLE ST CHARLES,OUI,4756,10:33,IC ARO,CARCASSONNE,TJOURSESO,FRCCF,07:22,FRMSC
1398,2023-06-11,MARSEILLE ST CHARLES,OUI,4756,09:25,IC ARO,SETE,TJOURSESO,FRXSY,07:22,FRMSC
1399,2023-06-11,MONTAUBAN VILLE BOURBON,OUI,4756,13:37,IC ARO,BORDEAUX ST JEAN,TJOURSESO,FRBOJ,11:56,FRXMW
1400,2023-06-11,NARBONNE,OUI,4756,11:54,IC ARO,MONTAUBAN VILLE BOURBON,TJOURSESO,FRXMW,10:04,FRXNA
1401,2023-06-11,SETE,OUI,4756,11:54,IC ARO,MONTAUBAN VILLE BOURBON,TJOURSESO,FRXMW,09:27,FRXSY
1402,2023-06-11,TOULOUSE MATABIAU,OUI,4756,13:37,IC ARO,BORDEAUX ST JEAN,TJOURSESO,FRBOJ,11:24,FRXYT
1403,2023-06-11,NEVERS,OUI,5955,12:34,IC ARO,CLERMONT FERRAND,PACLERMONT,FRCFE,10:59,FRNVS
1404,2023-06-11,NEVERS,OUI,5955,12:23,IC ARO,RIOM CHATEL GUYON,PACLERMONT,FRRIO,10:59,FRNVS
1405,2023-06-11,PARIS (intramuros),OUI,5955,12:34,IC ARO,CLERMONT FERRAND,PACLERMONT,FRCFE,08:54,FRPLY
1406,2023-06-11,MOULINS SUR ALLIER,OUI,5955,12:23,IC ARO,RIOM CHATEL GUYON,PACLERMONT,FRRIO,11:30,FRXMU
1407,2023-06-11,VIERZON VILLE,OUI,3629,14:15,IC ARO,LA SOUTERRAINE,PALITO,FRLST,13:07,FRXVZ
1408,2023-06-11,MILANO P GARIBALDI,NON,9240,10:15,INTERNATIONAL,CHAMBERY CHALLES LES EAUX,ITALIEPA,FRCMF,06:00,ITMPG
1409,2023-06-11,OULX CESANA CLAV SESTRIERE,NON,9240,09:36,INTERNATIONAL,ST JEAN DE MAURIENNE ARVAN,ITALIEPA,FRHPN,08:36,ITOCS
1410,2023-06-11,TORINO PORTA SUSA,NON,9240,09:03,INTERNATIONAL,MODANE,ITALIEPA,FRAGR,07:36,ITTRS
1411,2023-06-11,PARIS (intramuros),NON,7061,18:48,NORD,LILLE (intramuros),PALILLE,FRADJ,17:46,FRPNO
1412,2023-06-11,BORDEAUX ST JEAN,NON,3856,16:58,IC SRO,LUCON,BORDONANTE,FRLCN,13:53,FRBOJ
1413,2023-06-11,BORDEAUX ST JEAN,NON,3856,15:54,IC SRO,ROCHEFORT,BORDONANTE,FRRCO,13:53,FRBOJ
1414,2023-06-11,BORDEAUX ST JEAN,NON,3856,17:22,IC SRO,LA ROCHE SUR YON,BORDONANTE,FRXRO,13:53,FRBOJ
1415,2023-06-11,BORDEAUX ST JEAN,NON,3856,15:23,IC SRO,SAINTES,BORDONANTE,FRXST,13:53,FRBOJ
1416,2023-06-11,JONZAC,NON,3856,16:58,IC SRO,LUCON,BORDONANTE,FRLCN,14:41,FREMR
1417,2023-06-11,LA ROCHELLE VILLE,NON,3856,16:58,IC SRO,LUCON,BORDONANTE,FRLCN,16:19,FRLRH
1418,2023-06-11,RETHEL,OUI,2715,10:10,EST,CHARLEVILLE MEZIERES,PABARSED,FRXCZ,09:42,FRBDT
1419,2023-06-11,PARIS (intramuros),NON,8881,18:54,ATLANTIQUE,NANTES,PARISLOIRE,FRNTE,16:36,FRPMO
1420,2023-06-11,BEZIERS,NON,6875,19:36,SUD EST,SETE,JCSUDPROV,FRXSY,19:15,FRBZR
1421,2023-06-11,CARCASSONNE,NON,6875,19:12,SUD EST,BEZIERS,JCSUDPROV,FRBZR,18:28,FRCCF
1422,2023-06-11,CARCASSONNE,NON,6875,18:56,SUD EST,NARBONNE,JCSUDPROV,FRXNA,18:28,FRCCF
1423,2023-06-11,TOULOUSE MATABIAU,NON,6875,21:10,SUD EST,VALENCE TGV RHONE-ALPES SUD,JCSUDPROV,FRVLA,17:43,FRXYT
1424,2023-06-11,NIMES PONT DU GARD,NON,6875,21:52,SUD EST,LYON (intramuros),JCSUDPROV,FRLPD,20:33,FRXZP
1425,2023-06-11,NARBONNE,NON,6875,20:30,SUD EST,NIMES PONT DU GARD,JCSUDPROV,FRXZP,18:59,FRXNA
1426,2023-06-11,LA ROCHELLE VILLE,NON,8374,13:37,ATLANTIQUE,PARIS (intramuros),ROCHELLEPA,FRPMO,10:44,FRLRH
1427,2023-06-11,NIORT,NON,8374,13:37,ATLANTIQUE,PARIS (intramuros),ROCHELLEPA,FRPMO,11:26,FRNIT
1428,2023-06-11,BEZIERS,NON,9713,14:24,SUD EST,NARBONNE,PABARCELONE,FRXNA,14:10,FRBZR
1429,2023-06-11,NIMES,NON,9713,13:15,SUD EST,MONTPELLIER SAINT-ROCH,PABARCELONE,FRMPL,12:49,FRFNI
1430,2023-06-11,MONTPELLIER SAINT-ROCH,NON,9713,13:34,SUD EST,SETE,PABARCELONE,FRXSY,13:20,FRMPL
1431,2023-06-11,PARIS (intramuros),NON,9713,14:07,SUD EST,BEZIERS,PABARCELONE,FRBZR,09:40,FRPLY
1432,2023-06-11,PARIS (intramuros),NON,9713,12:45,SUD EST,NIMES,PABARCELONE,FRFNI,09:40,FRPLY
1433,2023-06-11,VALENCE TGV RHONE-ALPES SUD,NON,9713,14:07,SUD EST,BEZIERS,PABARCELONE,FRBZR,12:00,FRVLA
1434,2023-06-11,SETE,NON,9713,13:52,SUD EST,AGDE,PABARCELONE,FRXAG,13:37,FRXSY
1435,2023-06-11,BEZIERS,NON,9713,16:34,SUD EST,BARCELONA SANTS,PABARCELONE,ESBST,14:10,FRBZR
1436,2023-06-11,VALENCE TGV RHONE-ALPES SUD,NON,9713,16:34,SUD EST,BARCELONA SANTS,PABARCELONE,ESBST,12:00,FRVLA
1437,2023-06-11,NIMES,NON,9713,15:46,SUD EST,GIRONA,PABARCELONE,ESGRO,12:49,FRFNI
1438,2023-06-11,BEZIERS,NON,9713,15:46,SUD EST,GIRONA,PABARCELONE,ESGRO,14:10,FRBZR
1439,2023-06-11,SETE,NON,9713,15:27,SUD EST,FIGUERES VILA TGV,PABARCELONE,ESFIR,13:37,FRXSY
1440,2023-06-11,LIMOGES BENEDICTINS,OUI,3635,17:03,IC ARO,BRIVE LA GAILLARDE,PALITO,FRBVE,16:03,FRAGQ
1441,2023-06-11,LIMOGES BENEDICTINS,OUI,3635,17:46,IC ARO,GOURDON,PALITO,FRFSI,16:03,FRAGQ
1442,2023-06-11,GOURDON,OUI,3635,18:15,IC ARO,CAHORS,PALITO,FRZAO,17:48,FRFSI
1443,2023-06-11,LA SOUTERRAINE,OUI,3635,17:46,IC ARO,GOURDON,PALITO,FRFSI,15:26,FRLST
1444,2023-06-11,PARIS (intramuros),OUI,3635,14:11,IC ARO,VIERZON VILLE,PALITO,FRXVZ,12:37,FRPAZ
1445,2023-06-11,VIERZON VILLE,OUI,3635,15:00,IC ARO,ARGENTON SUR CREUSE,PALITO,FRFMT,14:13,FRXVZ
1446,2023-06-11,VIERZON VILLE,OUI,3635,15:25,IC ARO,LA SOUTERRAINE,PALITO,FRLST,14:13,FRXVZ
1447,2023-06-11,LE CROISIC,OUI,8912,08:59,ATLANTIQUE,NANTES,LOIREPARIS,FRNTE,07:55,FREGU
1448,2023-06-11,LA BAULE ESCOUBLAC,OUI,8912,09:41,ATLANTIQUE,ANGERS ST LAUD,LOIREPARIS,FRACL,08:07,FRJEE
1449,2023-06-11,LA BAULE ESCOUBLAC,NON,8912,10:23,ATLANTIQUE,LE MANS,LOIREPARIS,FRAET,08:07,FRJEE
1450,2023-06-11,LA BAULE ESCOUBLAC,OUI,8912,08:59,ATLANTIQUE,NANTES,LOIREPARIS,FRNTE,08:07,FRJEE
1451,2023-06-11,LA BAULE ESCOUBLAC,OUI,8912,08:21,ATLANTIQUE,ST NAZAIRE,LOIREPARIS,FRSNR,08:07,FRJEE
1452,2023-06-11,NANTES,OUI,8912,09:41,ATLANTIQUE,ANGERS ST LAUD,LOIREPARIS,FRACL,09:05,FRNTE
1453,2023-06-11,NANTES,NON,8912,10:23,ATLANTIQUE,LE MANS,LOIREPARIS,FRAET,09:05,FRNTE
1454,2023-06-11,PARIS (intramuros),NON,9777,19:00,INTERNATIONAL,BELLEGARDE,PAGENEVE,FRXBF,16:16,FRPLY
1455,2023-06-11,BOURG EN BRESSE,NON,9777,20:14,INTERNATIONAL,LAUSANNE,PAGENEVE,CHAJF,18:12,FRXBK
1456,2023-06-11,GENEVE,NON,9777,20:14,INTERNATIONAL,LAUSANNE,PAGENEVE,CHAJF,19:39,CHGVA
1457,2023-06-11,MASSY TGV,NON,8472,19:25,ATLANTIQUE,PARIS (intramuros),SUDOUESTPA,FRPMO,19:13,FRDJU
1458,2023-06-11,ARCACHON,NON,8472,19:25,ATLANTIQUE,PARIS (intramuros),SUDOUESTPA,FRPMO,16:23,FRXAC
1459,2023-06-11,AIX EN PROVENCE TGV,NON,6864,14:37,SUD EST,VALENCE TGV RHONE-ALPES SUD,JCSUDPROV,FRVLA,13:44,FRAIE
1460,2023-06-11,AVIGNON TGV,NON,6864,15:18,SUD EST,LYON (intramuros),JCSUDPROV,FRLPD,14:06,FRAVG
1461,2023-06-11,MARSEILLE ST CHARLES,OUI,6864,13:41,SUD EST,AIX EN PROVENCE TGV,JCSUDPROV,FRAIE,13:30,FRMSC
1462,2023-06-11,LA ROCHELLE VILLE,NON,8380,18:37,ATLANTIQUE,PARIS (intramuros),ROCHELLEPA,FRPMO,15:47,FRLRH
1463,2023-06-11,LILLE (intramuros),NON,9844,22:18,NORD,LYON (intramuros),JCNORDSUD,FRLPE,19:03,FRLLE
1464,2023-06-11,AEROPORT CDG2 TGV ROISSY,NON,9844,22:18,NORD,LYON (intramuros),JCNORDSUD,FRLPE,20:00,FRMLW
1465,2023-06-11,MASSY TGV,OUI,5354,13:29,SUD EST,LE MANS,JCSUDATL,FRAET,12:39,FRDJU
1466,2023-06-11,LYON (intramuros),NON,5354,14:50,SUD EST,NANTES,JCSUDATL,FRNTE,10:16,FRLPE
1467,2023-06-11,PARIS (intramuros),NON,6951,21:35,SUD EST,CHAMBERY CHALLES LES EAUX,PARISALPES,FRCMF,18:44,FRPLY
1468,2023-06-11,AIX LES BAINS LE REVARD,NON,6951,22:30,SUD EST,ANNECY,PARISALPES,FRNCY,22:03,FRXAI
1469,2023-06-11,PARIS (intramuros),NON,8985,20:16,ATLANTIQUE,ANGERS ST LAUD,PARISLOIRE,FRACL,18:48,FRPMO
1470,2023-06-11,PARIS (intramuros),NON,8985,22:19,ATLANTIQUE,LES SABLES D'OLONNE,PARISLOIRE,FRLSO,18:48,FRPMO
1471,2023-06-11,MARNE LA VALLEE CHESSY,NON,9836,21:39,NORD,NIMES,JCNORDSUD,FRFNI,18:13,FRMLV
1472,2023-06-11,PARIS (intramuros),NON,8715,12:25,ATLANTIQUE,RENNES,PARISBRETA,FRRNS,10:53,FRPMO
1473,2023-06-11,PARIS (intramuros),NON,8715,14:34,ATLANTIQUE,QUIMPER,PARISBRETA,FRUIP,10:53,FRPMO
1474,2023-06-11,RENNES,OUI,8715,13:25,ATLANTIQUE,VANNES,PARISBRETA,FRVNE,12:29,FRRNS
1475,2023-06-11,RENNES,OUI,8715,13:38,ATLANTIQUE,AURAY,PARISBRETA,FRXUY,12:29,FRRNS
1476,2023-06-11,VANNES,OUI,8715,13:38,ATLANTIQUE,AURAY,PARISBRETA,FRXUY,13:28,FRVNE
1477,2023-06-11,AIX EN PROVENCE TGV,NON,9866,15:46,NORD,MARNE LA VALLEE CHESSY,JCSUDNORD,FRMLV,12:26,FRAIE
1478,2023-06-11,MARSEILLE ST CHARLES,NON,9866,12:45,NORD,AVIGNON TGV,JCSUDNORD,FRAVG,12:12,FRMSC
1479,2023-06-11,MARSEILLE ST CHARLES,NON,9866,16:00,NORD,AEROPORT CDG2 TGV ROISSY,JCSUDNORD,FRMLW,12:12,FRMSC
1480,2023-06-11,PAU,NON,14148,16:44,IC SRO,LOURDES,SUDOUEST,FRLDE,16:18,FRAEE
1481,2023-06-11,PAU,NON,14148,18:45,IC SRO,TOULOUSE MATABIAU,SUDOUEST,FRXYT,16:18,FRAEE
1482,2023-06-11,LOURDES,NON,14148,17:33,IC SRO,LANNEMEZAN,SUDOUEST,FRLNZ,16:47,FRLDE
1483,2023-06-11,NANTES,OUI,8880,16:41,ATLANTIQUE,ANGERS ST LAUD,LOIREPARIS,FRACL,16:05,FRNTE
1484,2023-06-11,NANTES,NON,8880,18:25,ATLANTIQUE,PARIS (intramuros),LOIREPARIS,FRPMO,16:05,FRNTE
1485,2023-06-11,PARIS (intramuros),NON,5971,18:28,IC ARO,MOULINS SUR ALLIER,PACLERMONT,FRXMU,15:59,FRPLY
1486,2023-06-11,MOULINS SUR ALLIER,NON,5971,19:23,IC ARO,RIOM CHATEL GUYON,PACLERMONT,FRRIO,18:30,FRXMU
1487,2023-06-11,MOULINS SUR ALLIER,NON,5971,19:01,IC ARO,VICHY,PACLERMONT,FRVHY,18:30,FRXMU
1488,2023-06-11,CANNES,OUI,6850,17:52,SUD EST,AIX EN PROVENCE TGV,JCSUDPROV,FRAIE,15:09,FRJCA
1489,2023-06-11,NICE VILLE,NON,6850,18:14,SUD EST,AVIGNON TGV,JCSUDPROV,FRAVG,14:40,FRNIC
1490,2023-06-11,TOULON,OUI,6850,17:19,SUD EST,MARSEILLE ST CHARLES,JCSUDPROV,FRMSC,16:23,FRTLN
1491,2023-06-11,ANTIBES,OUI,6850,15:31,SUD EST,ST RAPHAEL VALESCURE,JCSUDPROV,FRXSK,14:56,FRXAT
1492,2023-06-11,ST RAPHAEL VALESCURE,NON,6850,19:24,SUD EST,LYON (intramuros),JCSUDPROV,FRLPD,15:34,FRXSK
1493,2023-06-11,BREST,OUI,8630,15:17,ATLANTIQUE,GUINGAMP,BRETAPARIS,FRGGP,14:14,FRBES
1494,2023-06-11,BREST,NON,8630,16:29,ATLANTIQUE,RENNES,BRETAPARIS,FRRNS,14:14,FRBES
1495,2023-06-11,BREST,OUI,8630,15:33,ATLANTIQUE,ST BRIEUC,BRETAPARIS,FRSBK,14:14,FRBES
1496,2023-06-11,MORLAIX,NON,8630,16:29,ATLANTIQUE,RENNES,BRETAPARIS,FRRNS,14:46,FRMXN
1497,2023-06-11,METZ VILLE,NON,2864,12:20,EST,PARIS (intramuros),LUXMETZPA,FRPST,10:57,FRADE
1498,2023-06-11,LORIENT,NON,8710,12:01,ATLANTIQUE,LAVAL,BRETAPARIS,FRACR,09:52,FRLRT
1499,2023-06-11,LORIENT,NON,8710,10:48,ATLANTIQUE,REDON,BRETAPARIS,FRXRN,09:52,FRLRT
1500,2023-06-11,RENNES,NON,8710,12:01,ATLANTIQUE,LAVAL,BRETAPARIS,FRACR,11:35,FRRNS
1501,2023-06-11,ROSPORDEN,OUI,8710,09:49,ATLANTIQUE,LORIENT,BRETAPARIS,FRLRT,09:23,FRRSP
1502,2023-06-11,ROSPORDEN,OUI,8710,10:20,ATLANTIQUE,VANNES,BRETAPARIS,FRVNE,09:23,FRRSP
1503,2023-06-11,ROSPORDEN,NON,8710,10:48,ATLANTIQUE,REDON,BRETAPARIS,FRXRN,09:23,FRRSP
1504,2023-06-11,VANNES,NON,8710,11:25,ATLANTIQUE,RENNES,BRETAPARIS,FRRNS,10:23,FRVNE
1505,2023-06-11,AURAY,OUI,8710,10:20,ATLANTIQUE,VANNES,BRETAPARIS,FRVNE,10:10,FRXUY
1506,2023-06-11,LYON (intramuros),NON,6676,22:53,SUD EST,LE CREUSOT MONTCEAU MONTCHANIN,RHONEPARIS,FRXCC,22:04,FRLPD
1507,2023-06-11,LYON (intramuros),OUI,6676,21:58,SUD EST,LYON (intramuros),RHONEPARIS,FRLPD,21:50,FRLPE
1508,2023-06-11,DIJON VILLE,OUI,2096,20:40,EST,BELFORT-MONTBELIARD TGV,JCRHONRHIN,FRTJA,19:49,FRABA
1509,2023-06-11,AVIGNON TGV,NON,2096,21:09,EST,MULHOUSE VILLE,JCRHONRHIN,FRAEK,16:33,FRAVG
1510,2023-06-11,AVIGNON TGV,NON,2096,17:51,EST,LYON (intramuros),JCRHONRHIN,FRLPD,16:33,FRAVG
1511,2023-06-11,AVIGNON TGV,NON,2096,20:40,EST,BELFORT-MONTBELIARD TGV,JCRHONRHIN,FRTJA,16:33,FRAVG
1512,2023-06-11,LYON (intramuros),NON,2096,19:39,EST,DIJON VILLE,JCRHONRHIN,FRABA,18:00,FRLPD
1513,2023-06-11,LYON (intramuros),NON,2096,22:07,EST,STRASBOURG,JCRHONRHIN,FRAEG,18:00,FRLPD
1514,2023-06-11,LYON (intramuros),NON,2096,20:16,EST,BESANCON - F COMTE TGV,JCRHONRHIN,FRTJB,18:00,FRLPD
1515,2023-06-11,MARSEILLE ST CHARLES,NON,2096,22:07,EST,STRASBOURG,JCRHONRHIN,FRAEG,15:56,FRMSC
1516,2023-06-11,MARSEILLE ST CHARLES,NON,2096,16:30,EST,AVIGNON TGV,JCRHONRHIN,FRAVG,15:56,FRMSC
1517,2023-06-11,MARSEILLE ST CHARLES,NON,2096,20:40,EST,BELFORT-MONTBELIARD TGV,JCRHONRHIN,FRTJA,15:56,FRMSC
1518,2023-06-11,MARSEILLE ST CHARLES,NON,2096,17:08,EST,VALENCE TGV RHONE-ALPES SUD,JCRHONRHIN,FRVLA,15:56,FRMSC
1519,2023-06-11,LAVAL,NON,8605,12:43,ATLANTIQUE,BREST,PARISBRETA,FRBES,09:58,FRACR
1520,2023-06-11,LAVAL,NON,8605,11:08,ATLANTIQUE,LAMBALLE,PARISBRETA,FRLAM,09:58,FRACR
1521,2023-06-11,LAVAL,NON,8605,10:25,ATLANTIQUE,RENNES,PARISBRETA,FRRNS,09:58,FRACR
1522,2023-06-11,LILLE (intramuros),NON,7460,18:14,NORD,PARIS (intramuros),LILLEPA,FRPNO,17:12,FRADJ
1523,2023-06-11,DIJON VILLE,NON,9879,17:50,EST,VALENCE TGV RHONE-ALPES SUD,JCRHINRHON,FRVLA,15:21,FRABA
1524,2023-06-11,METZ VILLE,NON,9879,16:56,EST,LYON (intramuros),JCRHINRHON,FRLPD,12:12,FRADE
1525,2023-06-11,STRASBOURG,NON,9879,17:50,EST,VALENCE TGV RHONE-ALPES SUD,JCRHINRHON,FRVLA,13:06,FRAEG
1526,2023-06-11,MULHOUSE VILLE,NON,9879,15:11,EST,DIJON VILLE,JCRHINRHON,FRABA,13:57,FRAEK
1527,2023-06-11,MULHOUSE VILLE,NON,9879,16:56,EST,LYON (intramuros),JCRHINRHON,FRLPD,13:57,FRAEK
1528,2023-06-11,MULHOUSE VILLE,NON,9879,14:18,EST,BELFORT-MONTBELIARD TGV,JCRHINRHON,FRTJA,13:57,FRAEK
1529,2023-06-11,BELFORT-MONTBELIARD TGV,NON,9879,15:11,EST,DIJON VILLE,JCRHINRHON,FRABA,14:21,FRTJA
1530,2023-06-11,BELFORT-MONTBELIARD TGV,NON,9879,16:56,EST,LYON (intramuros),JCRHINRHON,FRLPD,14:21,FRTJA
1531,2023-06-11,BESANCON - F COMTE TGV,NON,9879,15:11,EST,DIJON VILLE,JCRHINRHON,FRABA,14:44,FRTJB
1532,2023-06-11,MULHOUSE VILLE,NON,9879,18:53,EST,MONTPELLIER SUD DE FRANCE,JCRHINRHON,FRSUF,13:57,FRAEK
1533,2023-06-11,MULHOUSE VILLE,NON,9879,18:31,EST,NIMES PONT DU GARD,JCRHINRHON,FRXZP,13:57,FRAEK
1534,2023-06-11,STRASBOURG,NON,9879,18:31,EST,NIMES PONT DU GARD,JCRHINRHON,FRXZP,13:06,FRAEG
1535,2023-06-11,BESANCON - F COMTE TGV,NON,9879,18:31,EST,NIMES PONT DU GARD,JCRHINRHON,FRXZP,14:44,FRTJB
1536,2023-06-11,MULHOUSE VILLE,NON,9213,15:26,INTERNATIONAL,BASEL SBB,PABALZUR,CHAJP,15:06,FRAEK
1537,2023-06-11,BRUXELLES MIDI BRUSSEL ZUID,OUI,9838,17:28,NORD,LILLE (intramuros),JCNORDBRET,FRLLE,16:54,BEBMI
1538,2023-06-11,BRUXELLES MIDI BRUSSEL ZUID,NON,9838,18:58,NORD,MARNE LA VALLEE CHESSY,JCNORDBRET,FRMLV,16:54,BEBMI
1539,2023-06-11,LAVAL,NON,9838,21:29,NORD,RENNES,JCNORDBRET,FRRNS,21:04,FRACR
1540,2023-06-11,LE MANS,NON,9838,21:01,NORD,LAVAL,JCNORDBRET,FRACR,20:32,FRAET
1541,2023-06-11,MARNE LA VALLEE CHESSY,NON,9838,19:34,NORD,MASSY TGV,JCNORDBRET,FRDJU,19:02,FRMLV
1542,2023-06-11,AEROPORT CDG2 TGV ROISSY,NON,9838,18:58,NORD,MARNE LA VALLEE CHESSY,JCNORDBRET,FRMLV,18:49,FRMLW
1543,2023-06-11,BOURG EN BRESSE,NON,9765,13:30,INTERNATIONAL,GENEVE,PAGENEVE,CHGVA,12:12,FRXBK
1544,2023-06-11,HENDAYE,OUI,8550,18:50,ATLANTIQUE,BAYONNE,SUDOUESTPA,FRXBY,18:12,FRAEF
1545,2023-06-11,BIARRITZ,NON,8550,22:56,ATLANTIQUE,PARIS (intramuros),SUDOUESTPA,FRPMO,18:37,FRBIQ
1546,2023-06-11,BIARRITZ,OUI,8550,18:50,ATLANTIQUE,BAYONNE,SUDOUESTPA,FRXBY,18:37,FRBIQ
1547,2023-06-11,BAYONNE,NON,8550,22:56,ATLANTIQUE,PARIS (intramuros),SUDOUESTPA,FRPMO,18:53,FRXBY
1548,2023-06-11,ST JEAN DE LUZ CIBOURE,NON,8550,19:24,ATLANTIQUE,DAX,SUDOUESTPA,FRACG,18:25,FRXJZ
1549,2023-06-11,LUCON,NON,3831,10:03,IC SRO,ROCHEFORT,NANTEBORDO,FRRCO,09:00,FRLCN
1550,2023-06-11,LA ROCHELLE VILLE,NON,3831,11:10,IC SRO,JONZAC,NANTEBORDO,FREMR,09:43,FRLRH
1551,2023-06-11,NANTES,NON,3831,12:07,IC SRO,BORDEAUX ST JEAN,NANTEBORDO,FRBOJ,07:55,FRNTE
1552,2023-06-11,NANTES,NON,3831,08:58,IC SRO,LUCON,NANTEBORDO,FRLCN,07:55,FRNTE
1553,2023-06-11,LA ROCHE SUR YON,NON,3831,10:32,IC SRO,SAINTES,NANTEBORDO,FRXST,08:36,FRXRO
1554,2023-06-11,BASEL SBB,NON,9211,14:26,INTERNATIONAL,ZUERICH HB,PABALZUR,CHAJD,13:33,CHAJP
1555,2023-06-11,DIJON VILLE,NON,9211,14:26,INTERNATIONAL,ZUERICH HB,PABALZUR,CHAJD,12:01,FRABA
1556,2023-06-11,MULHOUSE VILLE,NON,9211,14:26,INTERNATIONAL,ZUERICH HB,PABALZUR,CHAJD,13:06,FRAEK
1557,2023-06-11,NANCY,NON,2554,22:46,EST,PARIS (intramuros),NANCYPA,FRPST,21:16,FRENC
1558,2023-06-11,SURGERES,NON,8378,16:58,ATLANTIQUE,PARIS (intramuros),ROCHELLEPA,FRPMO,14:08,FREIP
1559,2023-06-11,LA ROCHELLE VILLE,OUI,8378,14:43,ATLANTIQUE,ST MAIXENT DEUX SEVRES,ROCHELLEPA,FREJC,13:47,FRLRH
1560,2023-06-11,POITIERS,NON,8378,16:58,ATLANTIQUE,PARIS (intramuros),ROCHELLEPA,FRPMO,15:19,FRPIS
1561,2023-06-11,ST MAIXENT DEUX SEVRES,NON,8378,15:50,ATLANTIQUE,ST PIERRE DES CORPS,ROCHELLEPA,FRXSH,14:46,FREJC
1562,2023-06-11,DAX,NON,8544,18:40,ATLANTIQUE,BORDEAUX ST JEAN,SUDOUESTPA,FRBOJ,17:31,FRACG
1563,2023-06-11,DAX,NON,8544,20:43,ATLANTIQUE,MASSY TGV,SUDOUESTPA,FRDJU,17:31,FRACG
1564,2023-06-11,HENDAYE,NON,8544,17:26,ATLANTIQUE,DAX,SUDOUESTPA,FRACG,16:12,FRAEF
1565,2023-06-11,BIARRITZ,NON,8544,17:26,ATLANTIQUE,DAX,SUDOUESTPA,FRACG,16:39,FRBIQ
1566,2023-06-11,BIARRITZ,NON,8544,20:58,ATLANTIQUE,PARIS (intramuros),SUDOUESTPA,FRPMO,16:39,FRBIQ
1567,2023-06-11,BORDEAUX ST JEAN,NON,8544,20:58,ATLANTIQUE,PARIS (intramuros),SUDOUESTPA,FRPMO,18:46,FRBOJ
1568,2023-06-11,BAYONNE,NON,8544,17:26,ATLANTIQUE,DAX,SUDOUESTPA,FRACG,16:54,FRXBY
1569,2023-06-11,ST JEAN DE LUZ CIBOURE,NON,8544,20:58,ATLANTIQUE,PARIS (intramuros),SUDOUESTPA,FRPMO,16:26,FRXJZ
1570,2023-06-11,BIARRITZ,NON,8544,20:43,ATLANTIQUE,MASSY TGV,SUDOUESTPA,FRDJU,16:39,FRBIQ
1571,2023-06-11,BRUXELLES MIDI BRUSSEL ZUID,NON,9874,17:37,NORD,STRASBOURG,JCNORDEST,FRAEG,13:17,BEBMI
1572,2023-06-11,LILLE (intramuros),NON,9874,15:09,NORD,MARNE LA VALLEE CHESSY,JCNORDEST,FRMLV,14:03,FRLLE
1573,2023-06-11,AEROPORT CDG2 TGV ROISSY,NON,9874,16:48,NORD,LORRAINE TGV,JCNORDEST,FREAM,14:59,FRMLW
1574,2023-06-11,MONTPELLIER SUD DE FRANCE,NON,6064,20:30,SUD EST,NIMES PONT DU GARD,JCSUDPROV,FRXZP,20:11,FRSUF
1575,2023-06-11,STRASBOURG,OUI,9898,13:24,EST,METZ VILLE,JCRHONRHIN,FRADE,12:31,FRAEG
1576,2023-06-11,NIMES,NON,9898,13:24,EST,METZ VILLE,JCRHONRHIN,FRADE,06:54,FRFNI
1577,2023-06-11,NIMES,NON,9898,12:24,EST,STRASBOURG,JCRHONRHIN,FRAEG,06:54,FRFNI
1578,2023-06-11,NIMES,NON,9898,10:57,EST,BELFORT-MONTBELIARD TGV,JCRHONRHIN,FRTJA,06:54,FRFNI
1579,2023-06-11,LYON (intramuros),NON,9898,11:21,EST,MULHOUSE VILLE,JCRHONRHIN,FRAEK,08:30,FRLPD
1580,2023-06-11,LYON (intramuros),NON,9898,10:34,EST,BESANCON - F COMTE TGV,JCRHONRHIN,FRTJB,08:30,FRLPD
1581,2023-06-11,MONTPELLIER SAINT-ROCH,NON,9898,12:24,EST,STRASBOURG,JCRHONRHIN,FRAEG,06:27,FRMPL
1582,2023-06-11,MONTPELLIER SAINT-ROCH,NON,9898,07:39,EST,VALENCE TGV RHONE-ALPES SUD,JCRHONRHIN,FRVLA,06:27,FRMPL
1583,2023-06-11,BELFORT-MONTBELIARD TGV,NON,9898,11:49,EST,COLMAR,JCRHONRHIN,FRAEJ,10:59,FRTJA
1584,2023-06-11,BESANCON - F COMTE TGV,NON,9898,11:49,EST,COLMAR,JCRHONRHIN,FRAEJ,10:36,FRTJB
1585,2023-06-11,VALENCE TGV RHONE-ALPES SUD,NON,9898,12:24,EST,STRASBOURG,JCRHONRHIN,FRAEG,07:44,FRVLA
1586,2023-06-11,ARRAS,NON,7130,18:08,NORD,PARIS (intramuros),ARRASPA,FRPNO,17:18,FRQRV
1587,2023-06-11,VALENCIENNES,NON,7130,18:08,NORD,PARIS (intramuros),ARRASPA,FRPNO,16:15,FRXVS
1588,2023-06-11,MEUSE TGV,NON,2237,10:51,EST,NANCY,PANANCY,FRENC,10:16,FREAJ
1589,2023-06-11,ANGOULEME,NON,8485,17:15,ATLANTIQUE,LIBOURNE,PASUDOUEST,FRXLR,16:37,FRANG
1590,2023-06-11,POITIERS,NON,8485,17:42,ATLANTIQUE,BORDEAUX ST JEAN,PASUDOUEST,FRBOJ,15:57,FRPIS
1591,2023-06-11,PARIS (intramuros),NON,8485,15:17,ATLANTIQUE,ST PIERRE DES CORPS,PASUDOUEST,FRXSH,14:15,FRPMO
1592,2023-06-11,ST PIERRE DES CORPS,NON,8485,16:34,ATLANTIQUE,ANGOULEME,PASUDOUEST,FRANG,15:21,FRXSH
1593,2023-06-11,ST PIERRE DES CORPS,NON,8485,17:42,ATLANTIQUE,BORDEAUX ST JEAN,PASUDOUEST,FRBOJ,15:21,FRXSH
1594,2023-06-11,BEZIERS,OUI,6225,22:20,SUD EST,NARBONNE,PALANG,FRXNA,22:06,FRBZR
1595,2023-06-11,NIMES,NON,6225,21:11,SUD EST,MONTPELLIER SAINT-ROCH,PALANG,FRMPL,20:46,FRFNI
1596,2023-06-11,NIMES,NON,6225,22:56,SUD EST,PERPIGNAN,PALANG,FRPGF,20:46,FRFNI
1597,2023-06-11,NIMES,NON,6225,22:20,SUD EST,NARBONNE,PALANG,FRXNA,20:46,FRFNI
1598,2023-06-11,MONTPELLIER SAINT-ROCH,OUI,6225,21:31,SUD EST,SETE,PALANG,FRXSY,21:17,FRMPL
1599,2023-06-11,PARIS (intramuros),NON,6225,21:48,SUD EST,AGDE,PALANG,FRXAG,17:40,FRPLY
1600,2023-06-11,VALENCE TGV RHONE-ALPES SUD,NON,6225,22:56,SUD EST,PERPIGNAN,PALANG,FRPGF,19:56,FRVLA
1601,2023-06-11,BRUXELLES MIDI BRUSSEL ZUID,NON,9870,11:05,NORD,STRASBOURG,JCNORDEST,FRAEG,07:17,BEBMI
1602,2023-06-11,BRUXELLES MIDI BRUSSEL ZUID,NON,9870,10:25,NORD,LORRAINE TGV,JCNORDEST,FREAM,07:17,BEBMI
1603,2023-06-11,CHAMPAGNE-ARDENNE,NON,9870,10:00,NORD,MEUSE TGV,JCNORDEST,FREAJ,09:34,FREAH
1604,2023-06-11,MEUSE TGV,NON,9870,11:05,NORD,STRASBOURG,JCNORDEST,FRAEG,10:07,FREAJ
1605,2023-06-11,MEUSE TGV,NON,9870,10:25,NORD,LORRAINE TGV,JCNORDEST,FREAM,10:07,FREAJ
1606,2023-06-11,LILLE (intramuros),NON,9870,10:00,NORD,MEUSE TGV,JCNORDEST,FREAJ,08:02,FRLLE
1607,2023-06-11,PARIS (intramuros),NON,6173,13:12,SUD EST,TOULON,PAAZUR,FRTLN,09:08,FRPLY
1608,2023-06-11,ANTIBES,NON,6173,14:58,SUD EST,NICE VILLE,PAAZUR,FRNIC,14:42,FRXAT
1609,2023-06-11,POITIERS,NON,8486,13:37,ATLANTIQUE,PARIS (intramuros),SUDOUESTPA,FRPMO,12:15,FRPIS
1610,2023-06-11,LIBOURNE,OUI,8486,12:04,ATLANTIQUE,POITIERS,SUDOUESTPA,FRPIS,10:43,FRXLR
1611,2023-06-11,ANGERS ST LAUD,NON,8934,00:12,ATLANTIQUE,PARIS (intramuros),LOIREPARIS,FRPMO,22:47,FRACL
1612,2023-06-11,PORNICHET,NON,8934,00:12,ATLANTIQUE,PARIS (intramuros),LOIREPARIS,FRPMO,21:13,FREGR
1613,2023-06-11,PORNICHET,OUI,8934,21:23,ATLANTIQUE,ST NAZAIRE,LOIREPARIS,FRSNR,21:13,FREGR
1614,2023-06-11,LE CROISIC,OUI,8934,21:11,ATLANTIQUE,PORNICHET,LOIREPARIS,FREGR,20:51,FREGU
1615,2023-06-11,ST NAZAIRE,NON,8934,00:12,ATLANTIQUE,PARIS (intramuros),LOIREPARIS,FRPMO,21:26,FRSNR
1616,2023-06-11,CANNES,NON,6074,15:51,SUD EST,PARIS (intramuros),AZURPA,FRPLY,10:32,FRJCA
1617,2023-06-11,CANNES,NON,6074,10:55,SUD EST,ST RAPHAEL VALESCURE,AZURPA,FRXSK,10:32,FRJCA
1618,2023-06-11,NICE VILLE,NON,6074,10:55,SUD EST,ST RAPHAEL VALESCURE,AZURPA,FRXSK,09:57,FRNIC
1619,2023-06-11,TOULON,NON,6074,12:33,SUD EST,MARSEILLE ST CHARLES,AZURPA,FRMSC,11:48,FRTLN
1620,2023-06-11,ST RAPHAEL VALESCURE,NON,6074,12:33,SUD EST,MARSEILLE ST CHARLES,AZURPA,FRMSC,10:58,FRXSK
1621,2023-06-11,REIMS,NON,2738,15:01,EST,PARIS (intramuros),SEDBARPA,FRPST,14:15,FRRHE
1622,2023-06-11,PARIS (intramuros),NON,6623,19:10,SUD EST,LYON (intramuros),PARISRHONE,FRLPE,16:58,FRPLY
1623,2023-06-11,DOL DE BRETAGNE,NON,8092,22:08,ATLANTIQUE,PARIS (intramuros),BRETAPARIS,FRPMO,19:52,FRDOL
1624,2023-06-11,MONTBARD,NON,6743,16:58,SUD EST,DOLE VILLE,PABOUR,FRACE,15:57,FRGWE
1625,2023-06-11,ANGERS ST LAUD,OUI,5358,23:09,SUD EST,NANTES,JCSUDATL,FRNTE,22:32,FRACL
1626,2023-06-11,SAUMUR,NON,5358,23:09,SUD EST,NANTES,JCSUDATL,FRNTE,22:09,FRACN
1627,2023-06-11,MASSY TGV,NON,5358,22:06,SUD EST,SAUMUR,JCSUDATL,FRACN,20:35,FRDJU
1628,2023-06-11,MASSY TGV,NON,5358,23:09,SUD EST,NANTES,JCSUDATL,FRNTE,20:35,FRDJU
1629,2023-06-11,MASSY TGV,NON,5358,21:28,SUD EST,ST PIERRE DES CORPS,JCSUDATL,FRXSH,20:35,FRDJU
1630,2023-06-11,MONTPELLIER SUD DE FRANCE,OUI,5358,16:59,SUD EST,NIMES PONT DU GARD,JCSUDATL,FRXZP,16:41,FRSUF
1631,2023-06-11,NIMES PONT DU GARD,NON,5358,22:29,SUD EST,ANGERS ST LAUD,JCSUDATL,FRACL,17:02,FRXZP
1632,2023-06-11,NIMES PONT DU GARD,NON,5358,23:09,SUD EST,NANTES,JCSUDATL,FRNTE,17:02,FRXZP
1633,2023-06-11,NIMES PONT DU GARD,NON,5358,21:28,SUD EST,ST PIERRE DES CORPS,JCSUDATL,FRXSH,17:02,FRXZP
1634,2023-06-11,ST GAUDENS,NON,14143,13:29,IC SRO,LOURDES,SUDOUEST,FRLDE,12:24,FRFPH
1635,2023-06-11,LOURDES,NON,14143,13:57,IC SRO,PAU,SUDOUEST,FRAEE,13:32,FRLDE
1636,2023-06-11,TARBES,NON,14143,15:05,IC SRO,BAYONNE,SUDOUEST,FRXBY,13:15,FRXTB
1637,2023-06-11,TOULOUSE MATABIAU,NON,14143,13:57,IC SRO,PAU,SUDOUEST,FRAEE,11:35,FRXYT
1638,2023-06-11,TOULOUSE MATABIAU,NON,14143,15:05,IC SRO,BAYONNE,SUDOUEST,FRXBY,11:35,FRXYT
1639,2023-06-11,CLERMONT FERRAND,OUI,5970,14:04,IC ARO,VICHY,CLERMONTPA,FRVHY,13:31,FRCFE
1640,2023-06-11,VICHY,OUI,5970,14:29,IC ARO,MOULINS SUR ALLIER,CLERMONTPA,FRXMU,14:06,FRVHY
1641,2023-06-11,DAX,NON,8583,17:52,ATLANTIQUE,PARIS (intramuros),SUDOUESTPA,FRPMO,14:29,FRACG
1642,2023-06-11,PAU,OUI,8583,13:50,ATLANTIQUE,ORTHEZ,SUDOUESTPA,FRGFI,13:29,FRAEE
1643,2023-06-11,PAU,NON,8583,17:52,ATLANTIQUE,PARIS (intramuros),SUDOUESTPA,FRPMO,13:29,FRAEE
1644,2023-06-11,ORTHEZ,OUI,8583,15:40,ATLANTIQUE,BORDEAUX ST JEAN,SUDOUESTPA,FRBOJ,13:52,FRGFI
1645,2023-06-11,ORTHEZ,NON,8583,17:52,ATLANTIQUE,PARIS (intramuros),SUDOUESTPA,FRPMO,13:52,FRGFI
1646,2023-06-11,TARBES,OUI,8583,12:52,ATLANTIQUE,LOURDES,SUDOUESTPA,FRLDE,12:38,FRXTB
1647,2023-06-11,LILLE (intramuros),NON,9826,11:53,NORD,AEROPORT CDG2 TGV ROISSY,JCNORDSUD,FRMLW,11:03,FRLLE
1648,2023-06-11,LILLE (intramuros),NON,9826,14:48,NORD,VALENCE TGV RHONE-ALPES SUD,JCNORDSUD,FRVLA,11:03,FRLLE
1649,2023-06-11,AEROPORT CDG2 TGV ROISSY,NON,9826,12:08,NORD,MARNE LA VALLEE CHESSY,JCNORDSUD,FRMLV,11:59,FRMLW
1650,2023-06-11,LYON (intramuros),NON,9826,15:51,NORD,MONTPELLIER SUD DE FRANCE,JCNORDSUD,FRSUF,14:10,FRLPD
1651,2023-06-11,LYON (intramuros),NON,9826,15:30,NORD,NIMES PONT DU GARD,JCNORDSUD,FRXZP,14:10,FRLPD
1652,2023-06-11,BRUXELLES MIDI BRUSSEL ZUID,NON,9826,15:30,NORD,NIMES PONT DU GARD,JCNORDSUD,FRXZP,10:17,BEBMI
1653,2023-06-11,L'ARGENTIERE LES ECRINS   (05),OUI,5790,07:56,IC NUIT,PARIS (intramuros),BRIANCONPA,FRPAZ,20:19,FRIHC
1654,2023-06-11,BRIANCON,OUI,5790,07:56,IC NUIT,PARIS (intramuros),BRIANCONPA,FRPAZ,20:03,FRXBC
1655,2023-06-11,STRASBOURG,OUI,5486,08:06,EST,LORRAINE TGV,JCESTATL,FREAM,07:31,FRAEG
1656,2023-06-11,MASSY TGV,NON,5486,13:19,EST,NANTES,JCESTATL,FRNTE,10:38,FRDJU
1657,2023-06-11,CHAMPAGNE-ARDENNE,NON,5486,13:19,EST,NANTES,JCESTATL,FRNTE,08:58,FREAH
1658,2023-06-11,ST PIERRE DES CORPS,OUI,5486,12:36,EST,ANGERS ST LAUD,JCESTATL,FRACL,11:40,FRXSH
1659,2023-06-11,POITIERS,NON,8454,23:12,ATLANTIQUE,ST PIERRE DES CORPS,SUDOUESTPA,FRXSH,22:41,FRPIS
1660,2023-06-11,LILLE (intramuros),NON,7068,19:14,NORD,PARIS (intramuros),LILLEPA,FRPNO,18:12,FRADJ
1661,2023-06-11,STRASBOURG,NON,5454,20:02,EST,BORDEAUX ST JEAN,JCESTATL,FRBOJ,14:01,FRAEG
1662,2023-06-11,STRASBOURG,OUI,5454,14:58,EST,MEUSE TGV,JCESTATL,FREAJ,14:01,FRAEG
1663,2023-06-11,STRASBOURG,NON,5454,18:40,EST,POITIERS,JCESTATL,FRPIS,14:01,FRAEG
1664,2023-06-11,STRASBOURG,NON,5454,18:06,EST,ST PIERRE DES CORPS,JCESTATL,FRXSH,14:01,FRAEG
1665,2023-06-11,MASSY TGV,NON,5454,18:06,EST,ST PIERRE DES CORPS,JCESTATL,FRXSH,17:10,FRDJU
1666,2023-06-11,CHAMPAGNE-ARDENNE,NON,5454,19:22,EST,ANGOULEME,JCESTATL,FRANG,15:34,FREAH
1667,2023-06-11,CHAMPAGNE-ARDENNE,NON,5454,16:27,EST,MARNE LA VALLEE CHESSY,JCESTATL,FRMLV,15:34,FREAH
1668,2023-06-11,MEUSE TGV,NON,5454,17:04,EST,MASSY TGV,JCESTATL,FRDJU,15:05,FREAJ
1669,2023-06-11,MEUSE TGV,NON,5454,16:27,EST,MARNE LA VALLEE CHESSY,JCESTATL,FRMLV,15:05,FREAJ
1670,2023-06-11,LORRAINE TGV,NON,5454,18:40,EST,POITIERS,JCESTATL,FRPIS,14:39,FREAM
1671,2023-06-11,AEROPORT CDG2 TGV ROISSY,NON,5454,18:40,EST,POITIERS,JCESTATL,FRPIS,16:18,FRMLW
1672,2023-06-11,AIX EN PROVENCE TGV,NON,6124,16:38,SUD EST,AVIGNON TGV,AZURPA,FRAVG,16:19,FRAIE
1673,2023-06-11,DIJON VILLE,NON,6711,21:55,SUD EST,MULHOUSE VILLE,PABOUR,FRAEK,20:35,FRABA
1674,2023-06-11,PARIS (intramuros),NON,6711,19:53,SUD EST,MONTBARD,PABOUR,FRGWE,18:50,FRPLY
1675,2023-06-11,ANGERS ST LAUD,OUI,5300,07:19,SUD EST,MASSY TGV,JCATLSUD,FRDJU,05:30,FRACL
1676,2023-06-11,ANGERS ST LAUD,OUI,5300,06:24,SUD EST,ST PIERRE DES CORPS,JCATLSUD,FRXSH,05:30,FRACL
1677,2023-06-11,MASSY TGV,OUI,5300,09:30,SUD EST,LYON (intramuros),JCATLSUD,FRLPD,07:26,FRDJU
1678,2023-06-11,MASSY TGV,OUI,5300,10:17,SUD EST,VALENCE TGV RHONE-ALPES SUD,JCATLSUD,FRVLA,07:26,FRDJU
1679,2023-06-11,ST PIERRE DES CORPS,OUI,5300,09:30,SUD EST,LYON (intramuros),JCATLSUD,FRLPD,06:28,FRXSH
1680,2023-06-11,ST PIERRE DES CORPS,OUI,5300,11:21,SUD EST,MONTPELLIER SUD DE FRANCE,JCATLSUD,FRSUF,06:28,FRXSH
1681,2023-06-11,PAU,NON,14142,12:34,IC SRO,LOURDES,SUDOUEST,FRLDE,12:09,FRAEE
1682,2023-06-11,HENDAYE,NON,14142,10:39,IC SRO,BIARRITZ,SUDOUEST,FRBIQ,10:19,FRAEF
1683,2023-06-11,HENDAYE,NON,14142,13:26,IC SRO,MONTREJEAU GOURDAN POLIGNAN,SUDOUEST,FRMTJ,10:19,FRAEF
1684,2023-06-11,BIARRITZ,NON,14142,12:34,IC SRO,LOURDES,SUDOUEST,FRLDE,10:40,FRBIQ
1685,2023-06-11,BIARRITZ,NON,14142,13:26,IC SRO,MONTREJEAU GOURDAN POLIGNAN,SUDOUEST,FRMTJ,10:40,FRBIQ
1686,2023-06-11,BIARRITZ,NON,14142,12:50,IC SRO,TARBES,SUDOUEST,FRXTB,10:40,FRBIQ
1687,2023-06-11,BAYONNE,NON,14142,12:50,IC SRO,TARBES,SUDOUEST,FRXTB,11:01,FRXBY
1688,2023-06-11,ST JEAN DE LUZ CIBOURE,NON,14142,11:43,IC SRO,ORTHEZ,SUDOUEST,FRGFI,10:30,FRXJZ
1689,2023-06-11,ST JEAN DE LUZ CIBOURE,NON,14142,10:52,IC SRO,BAYONNE,SUDOUEST,FRXBY,10:30,FRXJZ
1690,2023-06-11,CHAMBERY CHALLES LES EAUX,NON,6972,14:35,SUD EST,MACON LOCHE TGV,ALPESPARIS,FRMLT,13:24,FRCMF
1691,2023-06-11,DOL DE BRETAGNE,OUI,8088,19:01,ATLANTIQUE,LAVAL,BRETAPARIS,FRACR,17:58,FRDOL
1692,2023-06-11,RENNES,NON,8088,20:20,ATLANTIQUE,PARIS (intramuros),BRETAPARIS,FRPMO,18:35,FRRNS
1693,2023-06-11,ST PIERRE DES CORPS,OUI,8362,11:40,ATLANTIQUE,PARIS (intramuros),ROCHELLEPA,FRPMO,10:39,FRXSH
1694,2023-06-11,VENDOME VILLIERS SUR LOIR,OUI,8347,22:36,ATLANTIQUE,CHATELLERAULT,PAROCHELLE,FRXCX,21:47,FRESL
1695,2023-06-11,MORLAIX,OUI,8646,20:21,ATLANTIQUE,GUINGAMP,BRETAPARIS,FRGGP,19:55,FRMXN
1696,2023-06-11,MARSEILLE ST CHARLES,OUI,6132,19:15,SUD EST,AIX EN PROVENCE TGV,PROVENCEPA,FRAIE,19:04,FRMSC
1697,2023-06-11,NIMES,NON,5062,13:55,NORD,ARRAS,JCSUDNORD,FRQRV,09:25,FRFNI
1698,2023-06-11,LYON (intramuros),NON,5062,13:01,NORD,AEROPORT CDG2 TGV ROISSY,JCSUDNORD,FRMLW,11:00,FRLPD
1699,2023-06-11,LYON (intramuros),NON,5062,13:55,NORD,ARRAS,JCSUDNORD,FRQRV,11:00,FRLPD
1700,2023-06-11,MONTPELLIER SAINT-ROCH,NON,5062,10:10,NORD,VALENCE TGV RHONE-ALPES SUD,JCSUDNORD,FRVLA,08:57,FRMPL
1701,2023-06-11,TGV HAUTE PICARDIE,OUI,5062,13:55,NORD,ARRAS,JCSUDNORD,FRQRV,13:38,FRTHP
1702,2023-06-11,VALENCE TGV RHONE-ALPES SUD,NON,5062,13:55,NORD,ARRAS,JCSUDNORD,FRQRV,10:15,FRVLA
1703,2023-06-11,BEZIERS,NON,4762,18:35,IC ARO,AGEN,TJOURSESO,FRAGF,15:46,FRBZR
1704,2023-06-11,NIMES,NON,4762,16:31,IC ARO,CARCASSONNE,TJOURSESO,FRCCF,14:38,FRFNI
1705,2023-06-11,MONTPELLIER SAINT-ROCH,NON,4762,15:43,IC ARO,BEZIERS,TJOURSESO,FRBZR,15:06,FRMPL
1706,2023-06-11,MONTPELLIER SAINT-ROCH,NON,4762,17:57,IC ARO,MONTAUBAN VILLE BOURBON,TJOURSESO,FRXMW,15:06,FRMPL
1707,2023-06-11,MARSEILLE ST CHARLES,NON,4762,18:35,IC ARO,AGEN,TJOURSESO,FRAGF,13:23,FRMSC
1708,2023-06-11,MARSEILLE ST CHARLES,NON,4762,16:31,IC ARO,CARCASSONNE,TJOURSESO,FRCCF,13:23,FRMSC
1709,2023-06-11,MONTAUBAN VILLE BOURBON,OUI,4762,18:35,IC ARO,AGEN,TJOURSESO,FRAGF,17:59,FRXMW
1710,2023-06-11,TOULOUSE MATABIAU,NON,4762,18:35,IC ARO,AGEN,TJOURSESO,FRAGF,17:26,FRXYT
1711,2023-06-11,BORDEAUX ST JEAN,NON,12256,22:56,ATLANTIQUE,PARIS (intramuros),SUDOUESTPA,FRPMO,20:50,FRBOJ
1712,2023-06-11,LYON (intramuros),NON,6634,21:45,SUD EST,LE CREUSOT MONTCEAU MONTCHANIN,RHONEPARIS,FRXCC,20:49,FRLPE
1713,2023-06-11,PARIS (intramuros),NON,2071,23:41,EST,STRASBOURG,PASTRAMULH,FRAEG,21:55,FRPST
1714,2023-06-11,DAX,NON,8540,15:40,ATLANTIQUE,BORDEAUX ST JEAN,SUDOUESTPA,FRBOJ,14:29,FRACG
1715,2023-06-11,HENDAYE,NON,8540,17:52,ATLANTIQUE,PARIS (intramuros),SUDOUESTPA,FRPMO,13:12,FRAEF
1716,2023-06-11,BIARRITZ,NON,8540,14:24,ATLANTIQUE,DAX,SUDOUESTPA,FRACG,13:38,FRBIQ
1717,2023-06-11,BIARRITZ,NON,8540,15:40,ATLANTIQUE,BORDEAUX ST JEAN,SUDOUESTPA,FRBOJ,13:38,FRBIQ
1718,2023-06-11,BIARRITZ,NON,8540,17:52,ATLANTIQUE,PARIS (intramuros),SUDOUESTPA,FRPMO,13:38,FRBIQ
1719,2023-06-11,ST JEAN DE LUZ CIBOURE,NON,8540,14:24,ATLANTIQUE,DAX,SUDOUESTPA,FRACG,13:25,FRXJZ
1720,2023-06-11,BREST,OUI,8622,14:37,ATLANTIQUE,ST BRIEUC,BRETAPARIS,FRSBK,13:31,FRBES
1721,2023-06-11,MONTAUBAN VILLE BOURBON,NON,8504,09:32,ATLANTIQUE,AGEN,SUDOUESTPA,FRAGF,08:57,FRXMW
1722,2023-06-11,MONTAUBAN VILLE BOURBON,NON,8504,10:40,ATLANTIQUE,BORDEAUX ST JEAN,SUDOUESTPA,FRBOJ,08:57,FRXMW
1723,2023-06-11,TOULOUSE MATABIAU,NON,8504,09:32,ATLANTIQUE,AGEN,SUDOUESTPA,FRAGF,08:23,FRXYT
1724,2023-06-11,PARIS (intramuros),NON,8303,13:45,ATLANTIQUE,TOURS,PAROCHELLE,FRAFW,12:28,FRPMO
1725,2023-06-11,PARIS (intramuros),NON,8303,13:35,ATLANTIQUE,ST PIERRE DES CORPS,PAROCHELLE,FRXSH,12:28,FRPMO
1726,2023-06-11,PARIS (intramuros),NON,6929,22:05,SUD EST,LYON-SAINT EXUPERY TGV,PAGRENOBLE,FRJDQ,20:12,FRPLY
1727,2023-06-11,CLERMONT FERRAND,NON,5962,11:57,IC ARO,PARIS (intramuros),CLERMONTPA,FRPLY,08:31,FRCFE
1728,2023-06-11,NEVERS,NON,5962,11:57,IC ARO,PARIS (intramuros),CLERMONTPA,FRPLY,10:00,FRNVS
1729,2023-06-11,RIOM CHATEL GUYON,NON,5962,09:29,IC ARO,MOULINS SUR ALLIER,CLERMONTPA,FRXMU,08:42,FRRIO
1730,2023-06-11,VICHY,NON,5962,09:58,IC ARO,NEVERS,CLERMONTPA,FRNVS,09:06,FRVHY
1731,2023-06-11,VICHY,NON,5962,11:57,IC ARO,PARIS (intramuros),CLERMONTPA,FRPLY,09:06,FRVHY
1732,2023-06-11,DIJON VILLE,NON,5516,15:54,EST,STRASBOURG,JCRHONRHIN,FRAEG,13:37,FRABA
1733,2023-06-11,MULHOUSE VILLE,NON,5516,15:24,EST,COLMAR,JCRHONRHIN,FRAEJ,15:06,FRAEK
1734,2023-06-11,AIX EN PROVENCE TGV,NON,5516,15:54,EST,STRASBOURG,JCRHONRHIN,FRAEG,09:58,FRAIE
1735,2023-06-11,AIX EN PROVENCE TGV,NON,5516,14:55,EST,MULHOUSE VILLE,JCRHONRHIN,FRAEK,09:58,FRAIE
1736,2023-06-11,AIX EN PROVENCE TGV,NON,5516,11:26,EST,LYON (intramuros),JCRHONRHIN,FRLPD,09:58,FRAIE
1737,2023-06-11,AVIGNON TGV,NON,5516,17:02,EST,NANCY,JCRHONRHIN,FRENC,10:20,FRAVG
1738,2023-06-11,MACON VILLE,NON,5516,15:24,EST,COLMAR,JCRHONRHIN,FRAEJ,12:12,FRHGU
1739,2023-06-11,MACON VILLE,NON,5516,12:41,EST,CHALON SUR SAONE,JCRHONRHIN,FRXCD,12:12,FRHGU
1740,2023-06-11,CANNES,NON,5516,09:55,EST,AIX EN PROVENCE TGV,JCRHONRHIN,FRAIE,07:30,FRJCA
1741,2023-06-11,CANNES,OUI,5516,08:46,EST,TOULON,JCRHONRHIN,FRTLN,07:30,FRJCA
1742,2023-06-11,MARSEILLE ST CHARLES,NON,5516,13:25,EST,DIJON VILLE,JCRHONRHIN,FRABA,09:45,FRMSC
1743,2023-06-11,MARSEILLE ST CHARLES,NON,5516,15:54,EST,STRASBOURG,JCRHONRHIN,FRAEG,09:45,FRMSC
1744,2023-06-11,MARSEILLE ST CHARLES,NON,5516,11:26,EST,LYON (intramuros),JCRHONRHIN,FRLPD,09:45,FRMSC
1745,2023-06-11,MARSEILLE ST CHARLES,NON,5516,14:30,EST,BELFORT-MONTBELIARD TGV,JCRHONRHIN,FRTJA,09:45,FRMSC
1746,2023-06-11,NICE VILLE,OUI,5516,07:26,EST,CANNES,JCRHONRHIN,FRJCA,07:00,FRNIC
1747,2023-06-11,NICE VILLE,NON,5516,11:26,EST,LYON (intramuros),JCRHONRHIN,FRLPD,07:00,FRNIC
1748,2023-06-11,NICE VILLE,OUI,5516,08:46,EST,TOULON,JCRHONRHIN,FRTLN,07:00,FRNIC
1749,2023-06-11,BESANCON - F COMTE TGV,NON,5516,14:55,EST,MULHOUSE VILLE,JCRHONRHIN,FRAEK,14:09,FRTJB
1750,2023-06-11,TOULON,NON,5516,13:25,EST,DIJON VILLE,JCRHONRHIN,FRABA,08:50,FRTLN
1751,2023-06-11,TOULON,NON,5516,11:26,EST,LYON (intramuros),JCRHONRHIN,FRLPD,08:50,FRTLN
1752,2023-06-11,TOULON,NON,5516,13:03,EST,BEAUNE,JCRHONRHIN,FRXBV,08:50,FRTLN
1753,2023-06-11,ANTIBES,NON,5516,17:02,EST,NANCY,JCRHONRHIN,FRENC,07:16,FRXAT
1754,2023-06-11,ANTIBES,NON,5516,12:09,EST,MACON VILLE,JCRHONRHIN,FRHGU,07:16,FRXAT
1755,2023-06-11,ANTIBES,NON,5516,12:41,EST,CHALON SUR SAONE,JCRHONRHIN,FRXCD,07:16,FRXAT
1756,2023-06-11,BEAUNE,NON,5516,13:25,EST,DIJON VILLE,JCRHONRHIN,FRABA,13:06,FRXBV
1757,2023-06-11,CHALON SUR SAONE,NON,5516,15:24,EST,COLMAR,JCRHONRHIN,FRAEJ,12:44,FRXCD
1758,2023-06-11,CHALON SUR SAONE,NON,5516,13:03,EST,BEAUNE,JCRHONRHIN,FRXBV,12:44,FRXCD
1759,2023-06-11,LES ARCS DRAGUIGNAN,NON,5516,09:55,EST,AIX EN PROVENCE TGV,JCRHONRHIN,FRAIE,08:12,FRXRS
1760,2023-06-11,LES ARCS DRAGUIGNAN,NON,5516,10:17,EST,AVIGNON TGV,JCRHONRHIN,FRAVG,08:12,FRXRS
1761,2023-06-11,LES ARCS DRAGUIGNAN,NON,5516,17:02,EST,NANCY,JCRHONRHIN,FRENC,08:12,FRXRS
1762,2023-06-11,LES ARCS DRAGUIGNAN,NON,5516,11:26,EST,LYON (intramuros),JCRHONRHIN,FRLPD,08:12,FRXRS
1763,2023-06-11,LES ARCS DRAGUIGNAN,NON,5516,13:03,EST,BEAUNE,JCRHONRHIN,FRXBV,08:12,FRXRS
1764,2023-06-11,LES ARCS DRAGUIGNAN,NON,5516,12:41,EST,CHALON SUR SAONE,JCRHONRHIN,FRXCD,08:12,FRXRS
1765,2023-06-11,ST RAPHAEL VALESCURE,NON,5516,10:17,EST,AVIGNON TGV,JCRHONRHIN,FRAVG,07:55,FRXSK
1766,2023-06-11,ST RAPHAEL VALESCURE,NON,5516,11:26,EST,LYON (intramuros),JCRHONRHIN,FRLPD,07:55,FRXSK
1767,2023-06-11,ST RAPHAEL VALESCURE,OUI,5516,09:33,EST,MARSEILLE ST CHARLES,JCRHONRHIN,FRMSC,07:55,FRXSK
1768,2023-06-11,ST RAPHAEL VALESCURE,OUI,5516,08:46,EST,TOULON,JCRHONRHIN,FRTLN,07:55,FRXSK
1769,2023-06-11,ST RAPHAEL VALESCURE,NON,5516,13:03,EST,BEAUNE,JCRHONRHIN,FRXBV,07:55,FRXSK
1770,2023-06-11,ST RAPHAEL VALESCURE,OUI,5516,08:09,EST,LES ARCS DRAGUIGNAN,JCRHONRHIN,FRXRS,07:55,FRXSK
1771,2023-06-11,MULHOUSE VILLE,NON,5516,17:02,EST,NANCY,JCRHONRHIN,FRENC,15:06,FRAEK
1772,2023-06-11,AVIGNON TGV,NON,5516,13:03,EST,BEAUNE,JCRHONRHIN,FRXBV,10:20,FRAVG
1773,2023-06-11,ANTIBES,NON,5516,14:30,EST,BELFORT-MONTBELIARD TGV,JCRHONRHIN,FRTJA,07:16,FRXAT
1774,2023-06-11,TOULON,NON,5516,14:06,EST,BESANCON - F COMTE TGV,JCRHONRHIN,FRTJB,08:50,FRTLN
1775,2023-06-11,LES ARCS DRAGUIGNAN,NON,5516,14:06,EST,BESANCON - F COMTE TGV,JCRHONRHIN,FRTJB,08:12,FRXRS
1776,2023-06-11,BEAUNE,NON,5516,14:06,EST,BESANCON - F COMTE TGV,JCRHONRHIN,FRTJB,13:06,FRXBV
1777,2023-06-11,CHAMBERY CHALLES LES EAUX,NON,6984,20:43,SUD EST,MACON LOCHE TGV,ALPESPARIS,FRMLT,19:22,FRCMF
1778,2023-06-11,ANNECY,NON,6984,19:09,SUD EST,CHAMBERY CHALLES LES EAUX,ALPESPARIS,FRCMF,18:31,FRNCY
1779,2023-06-11,ANNECY,NON,6984,20:43,SUD EST,MACON LOCHE TGV,ALPESPARIS,FRMLT,18:31,FRNCY
1780,2023-06-11,ANNECY,NON,6984,22:16,SUD EST,PARIS (intramuros),ALPESPARIS,FRPLY,18:31,FRNCY
1781,2023-06-11,AIX LES BAINS LE REVARD,NON,6984,22:16,SUD EST,PARIS (intramuros),ALPESPARIS,FRPLY,18:59,FRXAI
1782,2023-06-11,LE MANS,NON,8130,22:25,ATLANTIQUE,PARIS (intramuros),LOIREPARIS,FRPMO,21:26,FRAET
1783,2023-06-11,NANTES,NON,8130,22:25,ATLANTIQUE,PARIS (intramuros),LOIREPARIS,FRPMO,20:05,FRNTE
1784,2023-06-11,PARIS (intramuros),NON,6609,12:10,SUD EST,LYON (intramuros),PARISRHONE,FRLPE,09:58,FRPLY
1785,2023-06-11,LILLE (intramuros),NON,5224,14:02,NORD,ANGERS ST LAUD,JCNORDBRET,FRACL,09:32,FRADJ
1786,2023-06-11,LILLE (intramuros),OUI,5224,09:58,NORD,DOUAI,JCNORDBRET,FRXDN,09:32,FRADJ
1787,2023-06-11,MARNE LA VALLEE CHESSY,NON,5224,14:44,NORD,NANTES,JCNORDBRET,FRNTE,11:32,FRMLV
1788,2023-06-11,AEROPORT CDG2 TGV ROISSY,NON,5224,13:04,NORD,ST PIERRE DES CORPS,JCNORDBRET,FRXSH,11:19,FRMLW
1789,2023-06-11,ARRAS,NON,5224,12:04,NORD,MASSY TGV,JCNORDBRET,FRDJU,10:19,FRQRV
1790,2023-06-11,TGV HAUTE PICARDIE,NON,5224,14:02,NORD,ANGERS ST LAUD,JCNORDBRET,FRACL,10:45,FRTHP
1791,2023-06-11,DOUAI,OUI,5224,10:37,NORD,TGV HAUTE PICARDIE,JCNORDBRET,FRTHP,10:01,FRXDN
1792,2023-06-11,ST PIERRE DES CORPS,OUI,5224,14:02,NORD,ANGERS ST LAUD,JCNORDBRET,FRACL,13:09,FRXSH
1793,2023-06-11,DOUAI,NON,5224,14:02,NORD,ANGERS ST LAUD,JCNORDBRET,FRACL,10:01,FRXDN
1794,2023-06-11,BOURGES,NON,4504,17:54,IC SRO,ANGERS ST LAUD,JOURLYNNTE,FRACL,15:30,FRBOU
1795,2023-06-11,LYON (intramuros),NON,4504,17:54,IC SRO,ANGERS ST LAUD,JOURLYNNTE,FRACL,12:00,FRLPD
1796,2023-06-11,LYON (intramuros),NON,4504,14:09,IC SRO,MOULINS SUR ALLIER,JOURLYNNTE,FRXMU,12:00,FRLPD
1797,2023-06-11,LYON (intramuros),NON,4504,17:54,IC SRO,ANGERS ST LAUD,JOURLYNNTE,FRACL,11:47,FRLPE
1798,2023-06-11,ROANNE,NON,4504,17:54,IC SRO,ANGERS ST LAUD,JOURLYNNTE,FRACL,13:06,FRRNE
1799,2023-06-11,ROANNE,NON,4504,14:39,IC SRO,NEVERS,JOURLYNNTE,FRNVS,13:06,FRRNE
1800,2023-06-11,MOULINS SUR ALLIER,NON,4504,17:54,IC SRO,ANGERS ST LAUD,JOURLYNNTE,FRACL,14:11,FRXMU
1801,2023-06-11,MOULINS SUR ALLIER,NON,4504,17:32,IC SRO,SAUMUR,JOURLYNNTE,FRACN,14:11,FRXMU
1802,2023-06-11,VIERZON VILLE,NON,4504,17:54,IC SRO,ANGERS ST LAUD,JOURLYNNTE,FRACL,15:50,FRXVZ
1803,2023-06-11,CAHORS,OUI,3750,06:50,IC NUIT,PARIS (intramuros),OCCITANPAR,FRPAZ,23:33,FRZAO
1804,2023-06-11,LE MANS,NON,8074,18:49,ATLANTIQUE,PARIS (intramuros),BRETAPARIS,FRPMO,17:49,FRAET
1805,2023-06-11,RENNES,OUI,8074,17:15,ATLANTIQUE,LAVAL,BRETAPARIS,FRACR,16:31,FRRNS
1806,2023-06-11,VITRE,OUI,8074,17:15,ATLANTIQUE,LAVAL,BRETAPARIS,FRACR,16:58,FRXVT
1807,2023-06-11,GENEVE,NON,9764,09:22,INTERNATIONAL,NURIEUX,GENEVEPA,FRHQN,08:29,CHGVA
1808,2023-06-11,BOURG EN BRESSE,NON,9764,11:42,INTERNATIONAL,PARIS (intramuros),GENEVEPA,FRPLY,09:52,FRXBK
1809,2023-06-11,MONTPELLIER SAINT-ROCH,NON,6030,12:18,SUD EST,PARIS (intramuros),LANGPA,FRPLY,08:48,FRMPL
1810,2023-06-11,BRUXELLES MIDI BRUSSEL ZUID,NON,9830,18:37,NORD,AIX EN PROVENCE TGV,JCNORDSUD,FRAIE,13:17,BEBMI
1811,2023-06-11,BRUXELLES MIDI BRUSSEL ZUID,NON,9830,18:13,NORD,AVIGNON TGV,JCNORDSUD,FRAVG,13:17,BEBMI
1812,2023-06-11,BRUXELLES MIDI BRUSSEL ZUID,OUI,9830,13:53,NORD,LILLE (intramuros),JCNORDSUD,FRLLE,13:17,BEBMI
1813,2023-06-11,BRUXELLES MIDI BRUSSEL ZUID,NON,9830,15:09,NORD,MARNE LA VALLEE CHESSY,JCNORDSUD,FRMLV,13:17,BEBMI
1814,2023-06-11,AVIGNON TGV,NON,9830,18:56,NORD,MARSEILLE ST CHARLES,JCNORDSUD,FRMSC,18:16,FRAVG
1815,2023-06-11,LILLE (intramuros),NON,9830,18:37,NORD,AIX EN PROVENCE TGV,JCNORDSUD,FRAIE,14:03,FRLLE
1816,2023-06-11,LILLE (intramuros),NON,9830,18:13,NORD,AVIGNON TGV,JCNORDSUD,FRAVG,14:03,FRLLE
1817,2023-06-11,LILLE (intramuros),NON,9830,17:00,NORD,LYON (intramuros),JCNORDSUD,FRLPD,14:03,FRLLE
1818,2023-06-11,LYON (intramuros),NON,9830,18:13,NORD,AVIGNON TGV,JCNORDSUD,FRAVG,17:06,FRLPD
1819,2023-06-11,AEROPORT CDG2 TGV ROISSY,NON,9830,15:09,NORD,MARNE LA VALLEE CHESSY,JCNORDSUD,FRMLV,14:59,FRMLW
1820,2023-06-11,BEZIERS,NON,6823,12:59,SUD EST,NARBONNE,JCPROVSUD,FRXNA,12:46,FRBZR
1821,2023-06-11,LYON (intramuros),NON,6823,13:30,SUD EST,CARCASSONNE,JCPROVSUD,FRCCF,10:08,FRLPD
1822,2023-06-11,LYON (intramuros),NON,6823,10:46,SUD EST,VALENCE TGV RHONE-ALPES SUD,JCPROVSUD,FRVLA,10:08,FRLPD
1823,2023-06-11,MONTPELLIER SAINT-ROCH,NON,6823,12:43,SUD EST,BEZIERS,JCPROVSUD,FRBZR,12:06,FRMPL
1824,2023-06-11,MONTPELLIER SAINT-ROCH,NON,6823,12:59,SUD EST,NARBONNE,JCPROVSUD,FRXNA,12:06,FRMPL
1825,2023-06-11,MONTPELLIER SAINT-ROCH,NON,6823,14:15,SUD EST,TOULOUSE MATABIAU,JCPROVSUD,FRXYT,12:06,FRMPL
1826,2023-06-11,NARBONNE,NON,6823,14:15,SUD EST,TOULOUSE MATABIAU,JCPROVSUD,FRXYT,13:02,FRXNA
1827,2023-06-11,RETHEL,NON,2754,18:01,EST,PARIS (intramuros),SEDBARPA,FRPST,16:48,FRBDT
1828,2023-06-11,RETHEL,OUI,2754,17:09,EST,REIMS,SEDBARPA,FRRHE,16:48,FRBDT
1829,2023-06-11,CHARLEVILLE MEZIERES,OUI,2754,16:45,EST,RETHEL,SEDBARPA,FRBDT,16:17,FRXCZ
1830,2023-06-11,QUIMPERLE,OUI,8730,16:24,ATLANTIQUE,VANNES,BRETAPARIS,FRVNE,15:42,FRECO
1831,2023-06-11,ROSPORDEN,NON,8730,17:25,ATLANTIQUE,RENNES,BRETAPARIS,FRRNS,15:27,FRRSP
1832,2023-06-11,QUIMPER,OUI,8730,15:24,ATLANTIQUE,ROSPORDEN,BRETAPARIS,FRRSP,15:12,FRUIP
1833,2023-06-11,QUIMPER,OUI,8730,16:11,ATLANTIQUE,AURAY,BRETAPARIS,FRXUY,15:12,FRUIP
1834,2023-06-11,AURAY,NON,8730,19:06,ATLANTIQUE,PARIS (intramuros),BRETAPARIS,FRPMO,16:14,FRXUY
1835,2023-06-11,PARIS (intramuros),OUI,8083,12:01,ATLANTIQUE,DOL DE BRETAGNE,PARISBRETA,FRDOL,09:54,FRPMO
1836,2023-06-11,PARIS (intramuros),OUI,8083,12:17,ATLANTIQUE,ST MALO,PARISBRETA,FRXSB,09:54,FRPMO
1837,2023-06-11,JONZAC,NON,3837,22:08,IC SRO,BORDEAUX ST JEAN,NANTEBORDO,FRBOJ,21:11,FREMR
1838,2023-06-11,LUCON,NON,3837,20:32,IC SRO,SAINTES,NANTEBORDO,FRXST,19:00,FRLCN
1839,2023-06-11,LA ROCHELLE VILLE,NON,3837,22:08,IC SRO,BORDEAUX ST JEAN,NANTEBORDO,FRBOJ,19:43,FRLRH
1840,2023-06-11,NANTES,NON,3837,18:35,IC SRO,LA ROCHE SUR YON,NANTEBORDO,FRXRO,17:55,FRNTE
1841,2023-06-11,NANTES,NON,3837,20:32,IC SRO,SAINTES,NANTEBORDO,FRXST,17:55,FRNTE
1842,2023-06-11,ROCHEFORT,NON,3837,22:08,IC SRO,BORDEAUX ST JEAN,NANTEBORDO,FRBOJ,20:05,FRRCO
1843,2023-06-11,ROCHEFORT,NON,3837,21:10,IC SRO,JONZAC,NANTEBORDO,FREMR,20:05,FRRCO
1844,2023-06-11,LA ROCHE SUR YON,NON,3837,19:39,IC SRO,LA ROCHELLE VILLE,NANTEBORDO,FRLRH,18:36,FRXRO
1845,2023-06-11,LA ROCHE SUR YON,NON,3837,20:03,IC SRO,ROCHEFORT,NANTEBORDO,FRRCO,18:36,FRXRO
1846,2023-06-11,SAINTES,NON,3837,21:10,IC SRO,JONZAC,NANTEBORDO,FREMR,20:34,FRXST
1847,2023-06-11,MARNE LA VALLEE CHESSY,NON,5240,22:02,NORD,BORDEAUX ST JEAN,JCNORDAQUI,FRBOJ,18:32,FRMLV
1848,2023-06-11,MARNE LA VALLEE CHESSY,NON,5240,19:04,NORD,MASSY TGV,JCNORDAQUI,FRDJU,18:32,FRMLV
1849,2023-06-11,MARNE LA VALLEE CHESSY,NON,5240,20:06,NORD,ST PIERRE DES CORPS,JCNORDAQUI,FRXSH,18:32,FRMLV
1850,2023-06-11,AEROPORT CDG2 TGV ROISSY,NON,5240,19:04,NORD,MASSY TGV,JCNORDAQUI,FRDJU,18:18,FRMLW
1851,2023-06-11,POITIERS,NON,5240,21:21,NORD,ANGOULEME,JCNORDAQUI,FRANG,20:43,FRPIS
1852,2023-06-11,LYON-SAINT EXUPERY TGV,NON,6919,17:13,SUD EST,GRENOBLE,PAGRENOBLE,FRGNB,16:09,FRJDQ
1853,2023-06-11,AIX EN PROVENCE TGV,NON,6852,22:14,SUD EST,LYON (intramuros),JCSUDPROV,FRLPD,20:32,FRAIE
1854,2023-06-11,CANNES,NON,6852,20:29,SUD EST,AIX EN PROVENCE TGV,JCSUDPROV,FRAIE,17:59,FRJCA
1855,2023-06-11,CANNES,OUI,6852,18:21,SUD EST,ST RAPHAEL VALESCURE,JCSUDPROV,FRXSK,17:59,FRJCA
1856,2023-06-11,MARSEILLE ST CHARLES,NON,6852,20:29,SUD EST,AIX EN PROVENCE TGV,JCSUDPROV,FRAIE,20:18,FRMSC
1857,2023-06-11,MARSEILLE ST CHARLES,NON,6852,20:52,SUD EST,AVIGNON TGV,JCSUDPROV,FRAVG,20:18,FRMSC
1858,2023-06-11,MARSEILLE ST CHARLES,NON,6852,21:27,SUD EST,VALENCE TGV RHONE-ALPES SUD,JCSUDPROV,FRVLA,20:18,FRMSC
1859,2023-06-11,NICE VILLE,NON,6852,20:29,SUD EST,AIX EN PROVENCE TGV,JCSUDPROV,FRAIE,17:27,FRNIC
1860,2023-06-11,NICE VILLE,NON,6852,22:14,SUD EST,LYON (intramuros),JCSUDPROV,FRLPD,17:27,FRNIC
1861,2023-06-11,TOULON,NON,6852,20:52,SUD EST,AVIGNON TGV,JCSUDPROV,FRAVG,19:18,FRTLN
1862,2023-06-11,TOULON,OUI,6852,20:04,SUD EST,MARSEILLE ST CHARLES,JCSUDPROV,FRMSC,19:18,FRTLN
1863,2023-06-11,LES ARCS DRAGUIGNAN,OUI,6852,19:14,SUD EST,TOULON,JCSUDPROV,FRTLN,18:40,FRXRS
1864,2023-06-11,ST RAPHAEL VALESCURE,NON,6852,21:27,SUD EST,VALENCE TGV RHONE-ALPES SUD,JCSUDPROV,FRVLA,18:23,FRXSK
1865,2023-06-11,LYON (intramuros),OUI,6689,21:48,SUD EST,ST ETIENNE CHATEAUCREUX,PARISRHONE,FRHHD,21:06,FRLPD
1866,2023-06-11,AVIGNON CENTRE,OUI,6195,22:18,SUD EST,ARLES,PAVDR,FRHZA,22:01,FRAES
1867,2023-06-11,PARIS (intramuros),NON,6195,21:38,SUD EST,ORANGE,PAVDR,FRXOG,18:12,FRPLY
1868,2023-06-11,ORANGE,OUI,6195,21:57,SUD EST,AVIGNON CENTRE,PAVDR,FRAES,21:41,FRXOG
1869,2023-06-11,BASEL SBB,NON,9234,20:18,INTERNATIONAL,BELFORT-MONTBELIARD TGV,ZURBALPA,FRTJA,19:34,CHAJP
1870,2023-06-11,AVIGNON TGV,NON,6112,12:22,SUD EST,PARIS (intramuros),PROVENCEPA,FRPLY,09:42,FRAVG
1871,2023-06-11,MARSEILLE ST CHARLES,OUI,6112,09:39,SUD EST,AVIGNON TGV,PROVENCEPA,FRAVG,09:04,FRMSC
1872,2023-06-11,BORDEAUX ST JEAN,OUI,8473,13:46,ATLANTIQUE,FACTURE BIGANOS,PASUDOUEST,FRFAC,13:24,FRBOJ
1873,2023-06-11,FACTURE BIGANOS,OUI,8473,14:10,ATLANTIQUE,ARCACHON,PASUDOUEST,FRXAC,13:49,FRFAC
1874,2023-06-11,PARIS (intramuros),OUI,7363,10:40,NORD,ARRAS,PAARRAS,FRQRV,09:52,FRPNO
1875,2023-06-11,NANCY,OUI,2598,18:45,EST,MEUSE TGV,NANCYPA,FREAJ,18:11,FRENC
1876,2023-06-11,NANCY,NON,2598,19:50,EST,PARIS (intramuros),NANCYPA,FRPST,18:11,FRENC
1877,2023-06-11,ST DIE DES VOSGES,OUI,2598,18:45,EST,MEUSE TGV,NANCYPA,FREAJ,17:11,FRXTD
1878,2023-06-11,BREST,OUI,8652,21:48,ATLANTIQUE,LAMBALLE,BRETAPARIS,FRLAM,20:19,FRBES
1879,2023-06-11,GUINGAMP,OUI,8652,21:48,ATLANTIQUE,LAMBALLE,BRETAPARIS,FRLAM,21:21,FRGGP
1880,2023-06-11,GUINGAMP,OUI,8652,22:29,ATLANTIQUE,RENNES,BRETAPARIS,FRRNS,21:21,FRGGP
1881,2023-06-11,MORLAIX,OUI,8652,21:18,ATLANTIQUE,GUINGAMP,BRETAPARIS,FRGGP,20:51,FRMXN
1882,2023-06-11,MORLAIX,OUI,8652,22:29,ATLANTIQUE,RENNES,BRETAPARIS,FRRNS,20:51,FRMXN
1883,2023-06-11,ST BRIEUC,NON,8652,00:08,ATLANTIQUE,PARIS (intramuros),BRETAPARIS,FRPMO,21:38,FRSBK
1884,2023-06-11,LE MANS,NON,5280,15:49,NORD,LILLE (intramuros),JCBRETNORD,FRLLE,13:00,FRAET
1885,2023-06-11,MASSY TGV,NON,5280,15:49,NORD,LILLE (intramuros),JCBRETNORD,FRLLE,13:55,FRDJU
1886,2023-06-11,RENNES,NON,5280,15:49,NORD,LILLE (intramuros),JCBRETNORD,FRLLE,12:00,FRRNS
1887,2023-06-11,RENNES,NON,5280,14:27,NORD,MARNE LA VALLEE CHESSY,JCBRETNORD,FRMLV,12:00,FRRNS
1888,2023-06-11,QUIMPERLE,OUI,8725,18:40,ATLANTIQUE,QUIMPER,PARISBRETA,FRUIP,18:11,FRECO
1889,2023-06-11,PARIS (intramuros),NON,8725,17:55,ATLANTIQUE,LORIENT,PARISBRETA,FRLRT,14:59,FRPMO
1890,2023-06-11,PARIS (intramuros),NON,8725,17:24,ATLANTIQUE,VANNES,PARISBRETA,FRVNE,14:59,FRPMO
1891,2023-06-11,AURAY,OUI,8725,18:09,ATLANTIQUE,QUIMPERLE,PARISBRETA,FRECO,17:40,FRXUY
1892,2023-06-11,DIJON VILLE,NON,9223,21:26,INTERNATIONAL,BASEL SBB,PABALZUR,CHAJP,20:01,FRABA
1893,2023-06-11,PARIS (intramuros),NON,9223,22:26,INTERNATIONAL,ZUERICH HB,PABALZUR,CHAJD,18:20,FRPLY
1894,2023-06-11,ANGOULEME,OUI,8432,08:16,ATLANTIQUE,POITIERS,SUDOUESTPA,FRPIS,07:36,FRANG
1895,2023-06-11,POITIERS,NON,8432,08:50,ATLANTIQUE,ST PIERRE DES CORPS,SUDOUESTPA,FRXSH,08:19,FRPIS
1896,2023-06-11,AVIGNON TGV,NON,6106,10:35,SUD EST,PARIS (intramuros),PROVENCEPA,FRPLY,07:53,FRAVG
1897,2023-06-11,MARSEILLE ST CHARLES,NON,6106,10:35,SUD EST,PARIS (intramuros),PROVENCEPA,FRPLY,07:15,FRMSC
1898,2023-06-11,MANNHEIM HBF,NON,9583,15:59,INTERNATIONAL,FRANKFURT MAIN HBF,MRSFRANC,DEFRH,15:21,DEMHG
1899,2023-06-11,KARLSRUHE HBF,NON,9583,15:18,INTERNATIONAL,MANNHEIM HBF,MRSFRANC,DEMHG,14:54,DEQKA
1900,2023-06-11,STRASBOURG,NON,9583,15:59,INTERNATIONAL,FRANKFURT MAIN HBF,MRSFRANC,DEFRH,13:55,FRAEG
1901,2023-06-11,AIX EN PROVENCE TGV,NON,9583,12:24,INTERNATIONAL,BELFORT-MONTBELIARD TGV,MRSFRANC,FRTJA,08:25,FRAIE
1902,2023-06-11,AVIGNON TGV,NON,9583,12:51,INTERNATIONAL,MULHOUSE VILLE,MRSFRANC,FRAEK,08:47,FRAVG
1903,2023-06-11,AVIGNON TGV,NON,9583,11:03,INTERNATIONAL,CHALON SUR SAONE,MRSFRANC,FRXCD,08:47,FRAVG
1904,2023-06-11,LYON (intramuros),NON,9583,15:18,INTERNATIONAL,MANNHEIM HBF,MRSFRANC,DEMHG,10:04,FRLPD
1905,2023-06-11,LYON (intramuros),NON,9583,12:24,INTERNATIONAL,BELFORT-MONTBELIARD TGV,MRSFRANC,FRTJA,10:04,FRLPD
1906,2023-06-11,MARSEILLE ST CHARLES,NON,9583,15:18,INTERNATIONAL,MANNHEIM HBF,MRSFRANC,DEMHG,08:11,FRMSC
1907,2023-06-11,BELFORT-MONTBELIARD TGV,NON,9583,15:18,INTERNATIONAL,MANNHEIM HBF,MRSFRANC,DEMHG,12:27,FRTJA
1908,2023-06-11,BELFORT-MONTBELIARD TGV,NON,9583,13:43,INTERNATIONAL,STRASBOURG,MRSFRANC,FRAEG,12:27,FRTJA
1909,2023-06-11,BESANCON - F COMTE TGV,NON,9583,13:43,INTERNATIONAL,STRASBOURG,MRSFRANC,FRAEG,12:03,FRTJB
1910,2023-06-11,CHALON SUR SAONE,NON,9583,12:24,INTERNATIONAL,BELFORT-MONTBELIARD TGV,MRSFRANC,FRTJA,11:06,FRXCD
1911,2023-06-11,LAVAL,NON,5336,13:27,SUD EST,LE MANS,JCATLSUD,FRAET,12:58,FRACR
1912,2023-06-11,RENNES,NON,5336,18:36,SUD EST,MONTPELLIER SUD DE FRANCE,JCATLSUD,FRSUF,12:30,FRRNS
1913,2023-06-11,LE MANS,NON,5336,18:36,SUD EST,MONTPELLIER SUD DE FRANCE,JCATLSUD,FRSUF,13:30,FRAET
1914,2023-06-11,VALENCE TGV RHONE-ALPES SUD,OUI,5336,17:54,SUD EST,NIMES PONT DU GARD,JCATLSUD,FRXZP,17:18,FRVLA
1915,2023-06-11,RENNES,NON,5336,17:54,SUD EST,NIMES PONT DU GARD,JCATLSUD,FRXZP,12:30,FRRNS
1916,2023-06-11,BOULOGNE VILLE,OUI,7546,23:08,NORD,PARIS (intramuros),ARRASPA,FRPNO,20:39,FRAEB
1917,2023-06-11,ARRAS,OUI,7546,23:08,NORD,PARIS (intramuros),ARRASPA,FRPNO,22:18,FRQRV
1918,2023-06-11,METZ VILLE,NON,2870,16:31,EST,PARIS (intramuros),LUXMETZPA,FRPST,15:05,FRADE
1919,2023-06-11,PARIS (intramuros),NON,6049,17:06,SUD EST,VALENCE TGV RHONE-ALPES SUD,PALANG,FRVLA,14:54,FRPLY
1920,2023-06-11,PARIS (intramuros),NON,6049,18:08,SUD EST,MONTPELLIER SUD DE FRANCE,PALANG,FRSUF,14:54,FRPLY
1921,2023-06-11,NIMES PONT DU GARD,NON,6049,18:08,SUD EST,MONTPELLIER SUD DE FRANCE,PALANG,FRSUF,17:49,FRXZP
1922,2023-06-11,GUINGAMP,OUI,8623,18:37,ATLANTIQUE,BREST,PARISBRETA,FRBES,17:35,FRGGP
1923,2023-06-11,PARIS (intramuros),NON,8623,17:33,ATLANTIQUE,GUINGAMP,PARISBRETA,FRGGP,14:41,FRPMO
1924,2023-06-11,PARIS (intramuros),NON,8623,17:16,ATLANTIQUE,ST BRIEUC,PARISBRETA,FRSBK,14:41,FRPMO
1925,2023-06-11,ST BRIEUC,NON,8623,18:02,ATLANTIQUE,MORLAIX,PARISBRETA,FRMXN,17:19,FRSBK
1926,2023-06-11,NIMES,NON,4760,13:21,IC ARO,SETE,TJOURSESO,FRXSY,12:40,FRFNI
1927,2023-06-11,MONTPELLIER SAINT-ROCH,NON,4760,14:28,IC ARO,CARCASSONNE,TJOURSESO,FRCCF,13:07,FRMPL
1928,2023-06-11,MONTPELLIER SAINT-ROCH,NON,4760,15:12,IC ARO,TOULOUSE MATABIAU,TJOURSESO,FRXYT,13:07,FRMPL
1929,2023-06-11,MARSEILLE ST CHARLES,NON,4760,16:25,IC ARO,AGEN,TJOURSESO,FRAGF,11:24,FRMSC
1930,2023-06-11,MARSEILLE ST CHARLES,NON,4760,13:57,IC ARO,NARBONNE,TJOURSESO,FRXNA,11:24,FRMSC
1931,2023-06-11,MONTAUBAN VILLE BOURBON,NON,4760,16:25,IC ARO,AGEN,TJOURSESO,FRAGF,15:50,FRXMW
1932,2023-06-11,NARBONNE,NON,4760,17:32,IC ARO,BORDEAUX ST JEAN,TJOURSESO,FRBOJ,14:00,FRXNA
1933,2023-06-11,NARBONNE,NON,4760,15:12,IC ARO,TOULOUSE MATABIAU,TJOURSESO,FRXYT,14:00,FRXNA
1934,2023-06-11,TOULOUSE MATABIAU,NON,4760,15:48,IC ARO,MONTAUBAN VILLE BOURBON,TJOURSESO,FRXMW,15:18,FRXYT
1935,2023-06-11,ARRAS,NON,7342,21:08,NORD,PARIS (intramuros),ARRASPA,FRPNO,20:18,FRQRV
1936,2023-06-11,PARIS (intramuros),NON,3685,22:59,IC ARO,LIMOGES BENEDICTINS,PALITO,FRAGQ,19:36,FRPAZ
1937,2023-06-11,PARIS (intramuros),NON,3685,22:23,IC ARO,LA SOUTERRAINE,PALITO,FRLST,19:36,FRPAZ
1938,2023-06-11,CHAMPAGNE-ARDENNE,OUI,2785,20:52,EST,VITRY LE FRANCOIS GARE,PABARSED,FRBFO,20:11,FREAH
1939,2023-06-11,CHAMPAGNE-ARDENNE,OUI,2785,20:32,EST,CHALONS EN CHAMPAGNE,PABARSED,FRXCR,20:11,FREAH
1940,2023-06-11,PARIS (intramuros),OUI,2785,20:08,EST,CHAMPAGNE-ARDENNE,PABARSED,FREAH,19:28,FRPST
1941,2023-06-11,CHALONS EN CHAMPAGNE,OUI,2785,20:52,EST,VITRY LE FRANCOIS GARE,PABARSED,FRBFO,20:35,FRXCR
1942,2023-06-11,LES AUBRAIS ORLEANS,OUI,3737,09:52,IC NUIT,ARGELES SUR MER,PARPALOMBE,FRARM,22:49,FRLAB
1943,2023-06-11,LES AUBRAIS ORLEANS,OUI,3737,07:55,IC NUIT,LEZIGNAN-CORBIERES,PARPALOMBE,FRFUX,22:49,FRLAB
1944,2023-06-11,LES AUBRAIS ORLEANS,OUI,3737,09:32,IC NUIT,PERPIGNAN,PARPALOMBE,FRPGF,22:49,FRLAB
1945,2023-06-11,LES AUBRAIS ORLEANS,OUI,3737,09:59,IC NUIT,COLLIOURE,PARPALOMBE,FRXCU,22:49,FRLAB
1946,2023-06-11,PARIS (intramuros),OUI,3737,09:59,IC NUIT,COLLIOURE,PARPALOMBE,FRXCU,21:41,FRPAZ
1947,2023-06-11,MEUSE TGV,OUI,2860,10:20,EST,PARIS (intramuros),LUXMETZPA,FRPST,09:20,FREAJ
1948,2023-06-11,VENDOME VILLIERS SUR LOIR,NON,8324,22:33,ATLANTIQUE,PARIS (intramuros),ROCHELLEPA,FRPMO,21:46,FRESL
1949,2023-06-11,POITIERS,NON,8495,22:34,ATLANTIQUE,ANGOULEME,PASUDOUEST,FRANG,21:54,FRPIS
1950,2023-06-11,POITIERS,NON,8495,23:43,ATLANTIQUE,BORDEAUX ST JEAN,PASUDOUEST,FRBOJ,21:54,FRPIS
1951,2023-06-11,ORTHEZ,NON,14140,09:35,IC SRO,ST GAUDENS,SUDOUEST,FRFPH,07:47,FRGFI
1952,2023-06-11,ORTHEZ,NON,14140,08:36,IC SRO,LOURDES,SUDOUEST,FRLDE,07:47,FRGFI
1953,2023-06-11,ORTHEZ,NON,14140,10:33,IC SRO,TOULOUSE MATABIAU,SUDOUEST,FRXYT,07:47,FRGFI
1954,2023-06-11,TARBES,NON,14140,10:33,IC SRO,TOULOUSE MATABIAU,SUDOUEST,FRXYT,08:55,FRXTB
1955,2023-06-11,LYON (intramuros),NON,5192,19:44,NORD,LILLE (intramuros),JCSUDNORD,FRADJ,16:00,FRLPD
1956,2023-06-11,LYON (intramuros),NON,5192,18:34,NORD,TGV HAUTE PICARDIE,JCSUDNORD,FRTHP,16:00,FRLPD
1957,2023-06-11,LYON (intramuros),NON,5192,18:01,NORD,AEROPORT CDG2 TGV ROISSY,JCSUDNORD,FRMLW,15:46,FRLPE
1958,2023-06-11,LYON (intramuros),NON,5192,18:56,NORD,ARRAS,JCSUDNORD,FRQRV,15:46,FRLPE
1959,2023-06-11,LYON (intramuros),NON,5192,18:34,NORD,TGV HAUTE PICARDIE,JCSUDNORD,FRTHP,15:46,FRLPE
1960,2023-06-11,MARNE LA VALLEE CHESSY,NON,5192,18:34,NORD,TGV HAUTE PICARDIE,JCSUDNORD,FRTHP,17:51,FRMLV
1961,2023-06-11,AEROPORT CDG2 TGV ROISSY,OUI,5192,19:14,NORD,DOUAI,JCSUDNORD,FRXDN,18:07,FRMLW
1962,2023-06-11,TGV HAUTE PICARDIE,OUI,5192,19:44,NORD,LILLE (intramuros),JCSUDNORD,FRADJ,18:39,FRTHP
1963,2023-06-11,TGV HAUTE PICARDIE,OUI,5192,19:14,NORD,DOUAI,JCSUDNORD,FRXDN,18:39,FRTHP
1964,2023-06-11,LE MANS,NON,8926,20:29,ATLANTIQUE,PARIS (intramuros),LOIREPARIS,FRPMO,19:31,FRAET
1965,2023-06-11,LA BAULE ESCOUBLAC,NON,8926,19:28,ATLANTIQUE,LE MANS,LOIREPARIS,FRAET,17:07,FRJEE
1966,2023-06-11,ST NAZAIRE,OUI,8926,18:41,ATLANTIQUE,ANGERS ST LAUD,LOIREPARIS,FRACL,17:24,FRSNR
1967,2023-06-11,ST NAZAIRE,NON,8926,19:28,ATLANTIQUE,LE MANS,LOIREPARIS,FRAET,17:24,FRSNR
1968,2023-06-11,LA BAULE ESCOUBLAC,OUI,8926,19:05,ATLANTIQUE,SABLE SUR SARTHE,LOIREPARIS,FRSAB,17:07,FRJEE
1969,2023-06-11,DIJON VILLE,NON,2203,10:56,EST,LYON (intramuros),JCRHINRHON,FRLPD,09:21,FRABA
1970,2023-06-11,DIJON VILLE,NON,2203,12:55,EST,MONTPELLIER SAINT-ROCH,JCRHINRHON,FRMPL,09:21,FRABA
1971,2023-06-11,COLMAR,NON,2203,09:11,EST,DIJON VILLE,JCRHINRHON,FRABA,07:16,FRAEJ
1972,2023-06-11,COLMAR,OUI,2203,07:48,EST,MULHOUSE VILLE,JCRHINRHON,FRAEK,07:16,FRAEJ
1973,2023-06-11,COLMAR,NON,2203,09:54,EST,CHALON SUR SAONE,JCRHINRHON,FRXCD,07:16,FRAEJ
1974,2023-06-11,MULHOUSE VILLE,NON,2203,12:24,EST,NIMES,JCRHINRHON,FRFNI,07:52,FRAEK
1975,2023-06-11,MULHOUSE VILLE,NON,2203,08:14,EST,BELFORT-MONTBELIARD TGV,JCRHINRHON,FRTJA,07:52,FRAEK
1976,2023-06-11,BELFORT-MONTBELIARD TGV,NON,2203,09:11,EST,DIJON VILLE,JCRHINRHON,FRABA,08:17,FRTJA
1977,2023-06-11,BELFORT-MONTBELIARD TGV,NON,2203,12:24,EST,NIMES,JCRHINRHON,FRFNI,08:17,FRTJA
1978,2023-06-11,BELFORT-MONTBELIARD TGV,NON,2203,10:56,EST,LYON (intramuros),JCRHINRHON,FRLPD,08:17,FRTJA
1979,2023-06-11,CHALON SUR SAONE,NON,2203,12:24,EST,NIMES,JCRHINRHON,FRFNI,09:56,FRXCD
1980,2023-06-11,CHALON SUR SAONE,NON,2203,10:56,EST,LYON (intramuros),JCRHINRHON,FRLPD,09:56,FRXCD
1981,2023-06-11,LYON (intramuros),NON,5186,22:17,NORD,MARNE LA VALLEE CHESSY,JCSUDNORD,FRMLV,20:30,FRLPD
1982,2023-06-11,LYON (intramuros),NON,5186,22:17,NORD,MARNE LA VALLEE CHESSY,JCSUDNORD,FRMLV,20:16,FRLPE
1983,2023-06-11,PARIS (intramuros),NON,6621,17:08,SUD EST,LE CREUSOT MONTCEAU MONTCHANIN,PARISRHONE,FRXCC,15:50,FRPLY
1984,2023-06-11,BEZIERS,OUI,6034,14:13,SUD EST,NIMES,LANGPA,FRFNI,12:58,FRBZR
1985,2023-06-11,MONTPELLIER SAINT-ROCH,NON,6034,15:01,SUD EST,VALENCE TGV RHONE-ALPES SUD,LANGPA,FRVLA,13:48,FRMPL
1986,2023-06-11,PERPIGNAN,OUI,6034,12:55,SUD EST,BEZIERS,LANGPA,FRBZR,12:04,FRPGF
1987,2023-06-11,AGDE,NON,6034,17:18,SUD EST,PARIS (intramuros),LANGPA,FRPLY,13:12,FRXAG
1988,2023-06-11,NARBONNE,OUI,6034,14:13,SUD EST,NIMES,LANGPA,FRFNI,12:41,FRXNA
1989,2023-06-11,NARBONNE,OUI,6034,13:44,SUD EST,MONTPELLIER SAINT-ROCH,LANGPA,FRMPL,12:41,FRXNA
1990,2023-06-11,SETE,OUI,6034,13:44,SUD EST,MONTPELLIER SAINT-ROCH,LANGPA,FRMPL,13:28,FRXSY
1991,2023-06-11,UZERCHE,NON,3638,11:39,IC ARO,ISSOUDUN,TOULOUZECO,FRFMN,09:33,FRAAW
1992,2023-06-11,LIMOGES BENEDICTINS,OUI,3638,11:22,IC ARO,CHATEAUROUX,TOULOUZECO,FRCHR,10:13,FRAGQ
1993,2023-06-11,BRIVE LA GAILLARDE,NON,3638,11:39,IC ARO,ISSOUDUN,TOULOUZECO,FRFMN,09:08,FRBVE
1994,2023-06-11,BRIVE LA GAILLARDE,NON,3638,13:34,IC ARO,PARIS (intramuros),TOULOUZECO,FRPAZ,09:08,FRBVE
1995,2023-06-11,GOURDON,OUI,3638,10:10,IC ARO,LIMOGES BENEDICTINS,TOULOUZECO,FRAGQ,08:24,FRFSI
1996,2023-06-11,LA SOUTERRAINE,NON,3638,11:39,IC ARO,ISSOUDUN,TOULOUZECO,FRFMN,10:47,FRLST
1997,2023-06-11,LA SOUTERRAINE,NON,3638,13:34,IC ARO,PARIS (intramuros),TOULOUZECO,FRPAZ,10:47,FRLST
1998,2023-06-11,SOUILLAC,OUI,3638,09:05,IC ARO,BRIVE LA GAILLARDE,TOULOUZECO,FRBVE,08:41,FRSOU
1999,2023-06-11,SOUILLAC,OUI,3638,11:22,IC ARO,CHATEAUROUX,TOULOUZECO,FRCHR,08:41,FRSOU
2000,2023-06-11,CAHORS,OUI,3638,10:10,IC ARO,LIMOGES BENEDICTINS,TOULOUZECO,FRAGQ,07:57,FRZAO
2001,2023-06-11,CAHORS,OUI,3638,11:22,IC ARO,CHATEAUROUX,TOULOUZECO,FRCHR,07:57,FRZAO
2002,2023-06-11,CAHORS,OUI,3638,08:22,IC ARO,GOURDON,TOULOUZECO,FRFSI,07:57,FRZAO
2003,2023-06-11,CAHORS,OUI,3638,08:39,IC ARO,SOUILLAC,TOULOUZECO,FRSOU,07:57,FRZAO
2004,2023-06-11,SOUILLAC,OUI,3638,10:45,IC ARO,LA SOUTERRAINE,TOULOUZECO,FRLST,08:41,FRSOU
2005,2023-06-11,LORRAINE TGV,OUI,5460,21:04,EST,STRASBOURG,JCATLEST,FRAEG,20:28,FREAM
2006,2023-06-11,MARNE LA VALLEE CHESSY,NON,5460,20:00,EST,MEUSE TGV,JCATLEST,FREAJ,18:28,FRMLV
2007,2023-06-11,AEROPORT CDG2 TGV ROISSY,NON,5460,20:00,EST,MEUSE TGV,JCATLEST,FREAJ,18:53,FRMLW
2008,2023-06-11,RENNES,NON,5460,19:29,EST,CHAMPAGNE-ARDENNE,JCATLEST,FREAH,16:03,FRRNS
2009,2023-06-11,RENNES,NON,5460,18:23,EST,MARNE LA VALLEE CHESSY,JCATLEST,FRMLV,16:03,FRRNS
2010,2023-06-11,LES SABLES D'OLONNE,OUI,8984,16:08,ATLANTIQUE,LA ROCHE SUR YON,LOIREPARIS,FRXRO,15:44,FRLSO
2011,2023-06-11,LA ROCHE SUR YON,OUI,8984,16:56,ATLANTIQUE,NANTES,LOIREPARIS,FRNTE,16:10,FRXRO
2012,2023-06-11,LA ROCHELLE VILLE,OUI,8364,17:19,ATLANTIQUE,SURGERES,ROCHELLEPA,FREIP,17:01,FRLRH
2013,2023-06-11,NIORT,NON,8364,19:37,ATLANTIQUE,PARIS (intramuros),ROCHELLEPA,FRPMO,17:43,FRNIT
2014,2023-06-11,ANGERS ST LAUD,NON,4402,11:25,IC SRO,ST GERMAIN DES FOSSES,JOURNTELYN,FRSGF,07:10,FRACL
2015,2023-06-11,SAUMUR,NON,4402,10:22,IC SRO,NEVERS,JOURNTELYN,FRNVS,07:32,FRACN
2016,2023-06-11,SAUMUR,NON,4402,08:05,IC SRO,ST PIERRE DES CORPS,JOURNTELYN,FRXSH,07:32,FRACN
2017,2023-06-11,NANTES,NON,4402,09:43,IC SRO,BOURGES,JOURNTELYN,FRBOU,06:26,FRNTE
2018,2023-06-11,NEVERS,NON,4402,11:25,IC SRO,ST GERMAIN DES FOSSES,JOURNTELYN,FRSGF,10:32,FRNVS
2019,2023-06-11,ST GERMAIN DES FOSSES,NON,4402,13:22,IC SRO,LYON (intramuros),JOURNTELYN,FRLPE,11:27,FRSGF
2020,2023-06-11,ST PIERRE DES CORPS,NON,4402,13:10,IC SRO,LYON (intramuros),JOURNTELYN,FRLPD,08:08,FRXSH
2021,2023-06-11,ST PIERRE DES CORPS,NON,4402,09:16,IC SRO,VIERZON VILLE,JOURNTELYN,FRXVZ,08:08,FRXSH
2022,2023-06-11,VIERZON VILLE,NON,4402,09:43,IC SRO,BOURGES,JOURNTELYN,FRBOU,09:20,FRXVZ
2023,2023-06-11,VIERZON VILLE,NON,4402,11:25,IC SRO,ST GERMAIN DES FOSSES,JOURNTELYN,FRSGF,09:20,FRXVZ
2024,2023-06-11,AIX EN PROVENCE TGV,NON,6805,10:03,SUD EST,MARSEILLE ST CHARLES,JCPROVSUD,FRMSC,09:51,FRAIE
2025,2023-06-11,AIX EN PROVENCE TGV,NON,6805,12:39,SUD EST,ANTIBES,JCPROVSUD,FRXAT,09:51,FRAIE
2026,2023-06-11,AVIGNON TGV,NON,6805,10:03,SUD EST,MARSEILLE ST CHARLES,JCPROVSUD,FRMSC,09:29,FRAVG
2027,2023-06-11,AVIGNON TGV,NON,6805,12:02,SUD EST,ST RAPHAEL VALESCURE,JCPROVSUD,FRXSK,09:29,FRAVG
2028,2023-06-11,CANNES,OUI,6805,12:39,SUD EST,ANTIBES,JCPROVSUD,FRXAT,12:31,FRJCA
2029,2023-06-11,MARSEILLE ST CHARLES,OUI,6805,12:26,SUD EST,CANNES,JCPROVSUD,FRJCA,10:20,FRMSC
2030,2023-06-11,MARSEILLE ST CHARLES,OUI,6805,12:58,SUD EST,NICE VILLE,JCPROVSUD,FRNIC,10:20,FRMSC
2031,2023-06-11,TOULON,OUI,6805,12:39,SUD EST,ANTIBES,JCPROVSUD,FRXAT,11:11,FRTLN
2032,2023-06-11,PARIS (intramuros),OUI,5979,20:28,IC ARO,MOULINS SUR ALLIER,PACLERMONT,FRXMU,17:57,FRPLY
2033,2023-06-11,VICHY,OUI,5979,21:35,IC ARO,CLERMONT FERRAND,PACLERMONT,FRCFE,21:03,FRVHY
2034,2023-06-11,MOULINS SUR ALLIER,OUI,5979,21:35,IC ARO,CLERMONT FERRAND,PACLERMONT,FRCFE,20:30,FRXMU
2035,2023-06-11,MOULINS SUR ALLIER,OUI,5979,21:01,IC ARO,VICHY,PACLERMONT,FRVHY,20:30,FRXMU
2036,2023-06-11,LILLE (intramuros),NON,5020,18:30,NORD,LYON (intramuros),JCNORDSUD,FRLPD,15:26,FRLLE
2037,2023-06-11,NIMES,OUI,6035,21:11,SUD EST,MONTPELLIER SAINT-ROCH,PALANG,FRMPL,20:46,FRFNI
2038,2023-06-11,PARIS (intramuros),NON,6035,19:53,SUD EST,VALENCE TGV RHONE-ALPES SUD,PALANG,FRVLA,17:40,FRPLY
2039,2023-06-11,VALENCE TGV RHONE-ALPES SUD,NON,6035,20:42,SUD EST,NIMES,PALANG,FRFNI,19:56,FRVLA
2040,2023-06-11,ANGERS ST LAUD,NON,4406,15:51,IC SRO,SAUMUR,JOURNTELYN,FRACN,15:28,FRACL
2041,2023-06-11,SAUMUR,NON,4406,21:18,IC SRO,LYON (intramuros),JOURNTELYN,FRLPD,15:53,FRACN
2042,2023-06-11,SAUMUR,NON,4406,21:30,IC SRO,LYON (intramuros),JOURNTELYN,FRLPE,15:53,FRACN
2043,2023-06-11,BOURGES,NON,4406,19:09,IC SRO,MOULINS SUR ALLIER,JOURNTELYN,FRXMU,17:59,FRBOU
2044,2023-06-11,NANTES,NON,4406,20:13,IC SRO,ROANNE,JOURNTELYN,FRRNE,14:47,FRNTE
2045,2023-06-11,NANTES,NON,4406,19:34,IC SRO,ST GERMAIN DES FOSSES,JOURNTELYN,FRSGF,14:47,FRNTE
2046,2023-06-11,NANTES,NON,4406,19:09,IC SRO,MOULINS SUR ALLIER,JOURNTELYN,FRXMU,14:47,FRNTE
2047,2023-06-11,NANTES,NON,4406,16:31,IC SRO,ST PIERRE DES CORPS,JOURNTELYN,FRXSH,14:47,FRNTE
2048,2023-06-11,NEVERS,NON,4406,21:30,IC SRO,LYON (intramuros),JOURNTELYN,FRLPE,18:42,FRNVS
2049,2023-06-11,ROANNE,NON,4406,21:30,IC SRO,LYON (intramuros),JOURNTELYN,FRLPE,20:15,FRRNE
2050,2023-06-11,VIERZON VILLE,NON,4406,21:30,IC SRO,LYON (intramuros),JOURNTELYN,FRLPE,17:40,FRXVZ
2051,2023-06-11,VIERZON VILLE,NON,4406,18:35,IC SRO,NEVERS,JOURNTELYN,FRNVS,17:40,FRXVZ
2052,2023-06-11,PARIS (intramuros),NON,6685,14:56,SUD EST,LYON (intramuros),PARISRHONE,FRLPD,12:50,FRPLY
2053,2023-06-11,THONON LES BAINS,NON,6506,18:15,SUD EST,BELLEGARDE,ALPESPARIS,FRXBF,16:58,FRXTS
2054,2023-06-11,PARIS (intramuros),NON,12213,22:22,ATLANTIQUE,AGEN,PASUDOUEST,FRAGF,19:08,FRPMO
2055,2023-06-11,ANCENIS,OUI,8824,19:41,ATLANTIQUE,ANGERS ST LAUD,LOIREPARIS,FRACL,19:17,FREFN
2056,2023-06-11,RANG DU FLIERS VERTON,NON,7544,22:08,NORD,PARIS (intramuros),ARRASPA,FRPNO,19:02,FRCVU
2057,2023-06-11,ETAPLES LE TOUQUET,NON,7544,22:08,NORD,PARIS (intramuros),ARRASPA,FRPNO,19:13,FRETA
2058,2023-06-11,LAVAL,NON,8641,22:51,ATLANTIQUE,BREST,PARISBRETA,FRBES,19:58,FRACR
2059,2023-06-11,LAMBALLE,OUI,8641,22:51,ATLANTIQUE,BREST,PARISBRETA,FRBES,21:11,FRLAM
2060,2023-06-11,LAMBALLE,OUI,8641,21:38,ATLANTIQUE,GUINGAMP,PARISBRETA,FRGGP,21:11,FRLAM
2061,2023-06-11,MORLAIX,OUI,8641,22:51,ATLANTIQUE,BREST,PARISBRETA,FRBES,22:14,FRMXN
2062,2023-06-11,PLOUARET TREGOR,OUI,8641,22:51,ATLANTIQUE,BREST,PARISBRETA,FRBES,21:55,FRPLT
2063,2023-06-11,PARIS (intramuros),NON,8641,22:51,ATLANTIQUE,BREST,PARISBRETA,FRBES,18:40,FRPMO
2064,2023-06-11,PARIS (intramuros),NON,8641,20:25,ATLANTIQUE,RENNES,PARISBRETA,FRRNS,18:40,FRPMO
2065,2023-06-11,PARIS (intramuros),NON,8641,21:21,ATLANTIQUE,ST BRIEUC,PARISBRETA,FRSBK,18:40,FRPMO
2066,2023-06-11,RENNES,OUI,8641,22:36,ATLANTIQUE,LANDERNEAU,PARISBRETA,FRXLD,20:32,FRRNS
2067,2023-06-11,ST BRIEUC,OUI,8641,21:53,ATLANTIQUE,PLOUARET TREGOR,PARISBRETA,FRPLT,21:24,FRSBK
2068,2023-06-11,DIJON VILLE,NON,2242,14:06,EST,BESANCON - F COMTE TGV,JCRHONRHIN,FRTJB,13:37,FRABA
2069,2023-06-11,AIX EN PROVENCE TGV,NON,2242,14:55,EST,MULHOUSE VILLE,JCRHONRHIN,FRAEK,09:58,FRAIE
2070,2023-06-11,AIX EN PROVENCE TGV,NON,2242,10:17,EST,AVIGNON TGV,JCRHONRHIN,FRAVG,09:58,FRAIE
2071,2023-06-11,AIX EN PROVENCE TGV,NON,2242,11:26,EST,LYON (intramuros),JCRHONRHIN,FRLPD,09:58,FRAIE
2072,2023-06-11,AVIGNON TGV,NON,2242,14:55,EST,MULHOUSE VILLE,JCRHONRHIN,FRAEK,10:20,FRAVG
2073,2023-06-11,MACON VILLE,NON,2242,14:06,EST,BESANCON - F COMTE TGV,JCRHONRHIN,FRTJB,12:12,FRHGU
2074,2023-06-11,CANNES,NON,2242,09:55,EST,AIX EN PROVENCE TGV,JCRHONRHIN,FRAIE,07:30,FRJCA
2075,2023-06-11,CANNES,NON,2242,12:09,EST,MACON VILLE,JCRHONRHIN,FRHGU,07:30,FRJCA
2076,2023-06-11,CANNES,OUI,2242,08:46,EST,TOULON,JCRHONRHIN,FRTLN,07:30,FRJCA
2077,2023-06-11,CANNES,OUI,2242,08:09,EST,LES ARCS DRAGUIGNAN,JCRHONRHIN,FRXRS,07:30,FRJCA
2078,2023-06-11,LYON (intramuros),NON,2242,12:09,EST,MACON VILLE,JCRHONRHIN,FRHGU,11:32,FRLPD
2079,2023-06-11,LYON (intramuros),NON,2242,14:30,EST,BELFORT-MONTBELIARD TGV,JCRHONRHIN,FRTJA,11:32,FRLPD
2080,2023-06-11,MARSEILLE ST CHARLES,NON,2242,15:54,EST,STRASBOURG,JCRHONRHIN,FRAEG,09:45,FRMSC
2081,2023-06-11,MARSEILLE ST CHARLES,NON,2242,12:09,EST,MACON VILLE,JCRHONRHIN,FRHGU,09:45,FRMSC
2082,2023-06-11,MARSEILLE ST CHARLES,NON,2242,14:30,EST,BELFORT-MONTBELIARD TGV,JCRHONRHIN,FRTJA,09:45,FRMSC
2083,2023-06-11,MARSEILLE ST CHARLES,NON,2242,13:03,EST,BEAUNE,JCRHONRHIN,FRXBV,09:45,FRMSC
2084,2023-06-11,NICE VILLE,NON,2242,13:25,EST,DIJON VILLE,JCRHONRHIN,FRABA,07:00,FRNIC
2085,2023-06-11,NICE VILLE,NON,2242,10:17,EST,AVIGNON TGV,JCRHONRHIN,FRAVG,07:00,FRNIC
2086,2023-06-11,TOULON,NON,2242,15:54,EST,STRASBOURG,JCRHONRHIN,FRAEG,08:50,FRTLN
2087,2023-06-11,TOULON,NON,2242,10:17,EST,AVIGNON TGV,JCRHONRHIN,FRAVG,08:50,FRTLN
2088,2023-06-11,TOULON,OUI,2242,09:33,EST,MARSEILLE ST CHARLES,JCRHONRHIN,FRMSC,08:50,FRTLN
2089,2023-06-11,ANTIBES,NON,2242,15:24,EST,COLMAR,JCRHONRHIN,FRAEJ,07:16,FRXAT
2090,2023-06-11,ANTIBES,NON,2242,09:55,EST,AIX EN PROVENCE TGV,JCRHONRHIN,FRAIE,07:16,FRXAT
2091,2023-06-11,ANTIBES,NON,2242,11:26,EST,LYON (intramuros),JCRHONRHIN,FRLPD,07:16,FRXAT
2092,2023-06-11,CHALON SUR SAONE,NON,2242,15:54,EST,STRASBOURG,JCRHONRHIN,FRAEG,12:44,FRXCD
2093,2023-06-11,LES ARCS DRAGUIGNAN,NON,2242,15:54,EST,STRASBOURG,JCRHONRHIN,FRAEG,08:12,FRXRS
2094,2023-06-11,LES ARCS DRAGUIGNAN,NON,2242,15:24,EST,COLMAR,JCRHONRHIN,FRAEJ,08:12,FRXRS
2095,2023-06-11,LES ARCS DRAGUIGNAN,NON,2242,12:09,EST,MACON VILLE,JCRHONRHIN,FRHGU,08:12,FRXRS
2096,2023-06-11,LES ARCS DRAGUIGNAN,OUI,2242,09:33,EST,MARSEILLE ST CHARLES,JCRHONRHIN,FRMSC,08:12,FRXRS
2097,2023-06-11,LES ARCS DRAGUIGNAN,OUI,2242,08:46,EST,TOULON,JCRHONRHIN,FRTLN,08:12,FRXRS
2098,2023-06-11,LES ARCS DRAGUIGNAN,NON,2242,13:03,EST,BEAUNE,JCRHONRHIN,FRXBV,08:12,FRXRS
2099,2023-06-11,ST RAPHAEL VALESCURE,NON,2242,13:25,EST,DIJON VILLE,JCRHONRHIN,FRABA,07:55,FRXSK
2100,2023-06-11,ST RAPHAEL VALESCURE,NON,2242,15:54,EST,STRASBOURG,JCRHONRHIN,FRAEG,07:55,FRXSK
2101,2023-06-11,ST RAPHAEL VALESCURE,NON,2242,11:26,EST,LYON (intramuros),JCRHONRHIN,FRLPD,07:55,FRXSK
2102,2023-06-11,NICE VILLE,NON,2242,14:30,EST,BELFORT-MONTBELIARD TGV,JCRHONRHIN,FRTJA,07:00,FRNIC
2103,2023-06-11,CANNES,NON,2242,14:06,EST,BESANCON - F COMTE TGV,JCRHONRHIN,FRTJB,07:30,FRJCA
2104,2023-06-11,ANTIBES,NON,2242,14:30,EST,BELFORT-MONTBELIARD TGV,JCRHONRHIN,FRTJA,07:16,FRXAT
2105,2023-06-11,LES ARCS DRAGUIGNAN,NON,2242,14:06,EST,BESANCON - F COMTE TGV,JCRHONRHIN,FRTJB,08:12,FRXRS
2106,2023-06-11,ST RAPHAEL VALESCURE,NON,2242,14:06,EST,BESANCON - F COMTE TGV,JCRHONRHIN,FRTJB,07:55,FRXSK
2107,2023-06-11,BEAUNE,NON,2242,14:55,EST,MULHOUSE VILLE,JCRHONRHIN,FRAEK,13:06,FRXBV
2108,2023-06-11,BEAUNE,NON,2242,14:06,EST,BESANCON - F COMTE TGV,JCRHONRHIN,FRTJB,13:06,FRXBV
2109,2023-06-11,NANCY,OUI,2571,14:49,EST,EPINAL,PANANCY,FREPL,14:04,FRENC
2110,2023-06-11,CHAMPAGNE-ARDENNE,NON,2571,14:49,EST,EPINAL,PANANCY,FREPL,13:05,FREAH
2111,2023-06-11,NANCY,OUI,2583,23:17,EST,STRASBOURG,PANANCY,FRAEG,21:50,FRENC
2112,2023-06-11,NANCY,OUI,2583,22:33,EST,SARREBOURG,PANANCY,FRSBG,21:50,FRENC
2113,2023-06-11,LUNEVILLE,OUI,2583,23:17,EST,STRASBOURG,PANANCY,FRAEG,22:11,FRLNE
2114,2023-06-11,MEUSE TGV,NON,2583,22:51,EST,SAVERNE,PANANCY,FRSNE,21:09,FREAJ
2115,2023-06-11,STRASBOURG,NON,2352,10:05,EST,PARIS (intramuros),MULHSTRAPA,FRPST,08:20,FRAEG
2116,2023-06-11,COLMAR,OUI,2352,07:47,EST,SELESTAT,MULHSTRAPA,FRXSQ,07:37,FRAEJ
2117,2023-06-11,AGEN,OUI,8512,14:40,ATLANTIQUE,BORDEAUX ST JEAN,SUDOUESTPA,FRBOJ,13:35,FRAGF
2118,2023-06-11,ANGOULEME,NON,8512,17:12,ATLANTIQUE,PARIS (intramuros),SUDOUESTPA,FRPMO,15:23,FRANG
2119,2023-06-11,TOULOUSE MATABIAU,OUI,8512,14:40,ATLANTIQUE,BORDEAUX ST JEAN,SUDOUESTPA,FRBOJ,12:27,FRXYT
2120,2023-06-11,RENNES,NON,8707,12:00,ATLANTIQUE,LORIENT,PARISBRETA,FRLRT,10:29,FRRNS
2121,2023-06-11,RENNES,NON,8707,12:38,ATLANTIQUE,QUIMPER,PARISBRETA,FRUIP,10:29,FRRNS
2122,2023-06-11,VANNES,NON,8707,12:38,ATLANTIQUE,QUIMPER,PARISBRETA,FRUIP,11:32,FRVNE
2123,2023-06-11,REDON,NON,8707,12:00,ATLANTIQUE,LORIENT,PARISBRETA,FRLRT,11:06,FRXRN
2124,2023-06-11,AURAY,OUI,8707,12:00,ATLANTIQUE,LORIENT,PARISBRETA,FRLRT,11:45,FRXUY
2125,2023-06-11,AURAY,OUI,8707,12:38,ATLANTIQUE,QUIMPER,PARISBRETA,FRUIP,11:45,FRXUY
2126,2023-06-11,RENNES,NON,8720,15:06,ATLANTIQUE,PARIS (intramuros),BRETAPARIS,FRPMO,13:35,FRRNS
2127,2023-06-11,VANNES,NON,8720,13:25,ATLANTIQUE,RENNES,BRETAPARIS,FRRNS,12:28,FRVNE
2128,2023-06-11,CLERMONT FERRAND,OUI,5990,20:58,IC ARO,NEVERS,CLERMONTPA,FRNVS,19:31,FRCFE
2129,2023-06-11,CLERMONT FERRAND,OUI,5990,20:29,IC ARO,MOULINS SUR ALLIER,CLERMONTPA,FRXMU,19:31,FRCFE
2130,2023-06-11,RIOM CHATEL GUYON,OUI,5990,20:04,IC ARO,VICHY,CLERMONTPA,FRVHY,19:42,FRRIO
2131,2023-06-11,VICHY,OUI,5990,20:58,IC ARO,NEVERS,CLERMONTPA,FRNVS,20:06,FRVHY
2132,2023-06-11,BRUXELLES MIDI BRUSSEL ZUID,OUI,9810,07:12,NORD,LILLE (intramuros),JCNORDSUD,FRLLE,06:25,BEBMI
2133,2023-06-11,BRUXELLES MIDI BRUSSEL ZUID,NON,9810,11:15,NORD,VALENCE TGV RHONE-ALPES SUD,JCNORDSUD,FRVLA,06:25,BEBMI
2134,2023-06-11,AVIGNON TGV,NON,9810,12:24,NORD,MARSEILLE ST CHARLES,JCNORDSUD,FRMSC,11:55,FRAVG
2135,2023-06-11,LILLE (intramuros),NON,9810,11:52,NORD,AVIGNON TGV,JCNORDSUD,FRAVG,07:24,FRLLE
2136,2023-06-11,LILLE (intramuros),NON,9810,08:38,NORD,MARNE LA VALLEE CHESSY,JCNORDSUD,FRMLV,07:24,FRLLE
2137,2023-06-11,MARNE LA VALLEE CHESSY,NON,9810,11:52,NORD,AVIGNON TGV,JCNORDSUD,FRAVG,08:43,FRMLV
2138,2023-06-11,MARNE LA VALLEE CHESSY,NON,9810,12:24,NORD,MARSEILLE ST CHARLES,JCNORDSUD,FRMSC,08:43,FRMLV
2139,2023-06-11,AEROPORT CDG2 TGV ROISSY,NON,9810,10:29,NORD,LYON (intramuros),JCNORDSUD,FRLPD,08:29,FRMLW
2140,2023-06-11,AEROPORT CDG2 TGV ROISSY,NON,9810,12:24,NORD,MARSEILLE ST CHARLES,JCNORDSUD,FRMSC,08:29,FRMLW
2141,2023-06-11,TGV HAUTE PICARDIE,NON,9810,11:52,NORD,AVIGNON TGV,JCNORDSUD,FRAVG,07:54,FRTHP
2142,2023-06-11,TGV HAUTE PICARDIE,NON,9810,08:38,NORD,MARNE LA VALLEE CHESSY,JCNORDSUD,FRMLV,07:54,FRTHP
2143,2023-06-11,BRUXELLES MIDI BRUSSEL ZUID,NON,9810,07:51,NORD,TGV HAUTE PICARDIE,JCNORDSUD,FRTHP,06:25,BEBMI
2144,2023-06-11,AGEN,OUI,8514,18:36,ATLANTIQUE,BORDEAUX ST JEAN,SUDOUESTPA,FRBOJ,17:31,FRAGF
2145,2023-06-11,BORDEAUX ST JEAN,NON,8514,20:43,ATLANTIQUE,MASSY TGV,SUDOUESTPA,FRDJU,18:46,FRBOJ
2146,2023-06-11,MASSY TGV,NON,8514,20:58,ATLANTIQUE,PARIS (intramuros),SUDOUESTPA,FRPMO,20:46,FRDJU
2147,2023-06-11,ANGOULEME,NON,8442,19:37,ATLANTIQUE,ST PIERRE DES CORPS,SUDOUESTPA,FRXSH,18:36,FRANG
2148,2023-06-11,ST PIERRE DES CORPS,NON,8442,20:48,ATLANTIQUE,PARIS (intramuros),SUDOUESTPA,FRPMO,19:41,FRXSH
2149,2023-06-11,RENNES,NON,8086,18:09,ATLANTIQUE,PARIS (intramuros),BRETAPARIS,FRPMO,16:35,FRRNS
2150,2023-06-11,ST MALO,NON,8086,15:52,ATLANTIQUE,DOL DE BRETAGNE,BRETAPARIS,FRDOL,15:39,FRXSB
2151,2023-06-11,ST MALO,NON,8086,18:09,ATLANTIQUE,PARIS (intramuros),BRETAPARIS,FRPMO,15:39,FRXSB
2152,2023-06-11,BEZIERS,OUI,6202,10:01,SUD EST,VALENCE TGV RHONE-ALPES SUD,LANGPA,FRVLA,07:58,FRBZR
2153,2023-06-11,PERPIGNAN,OUI,6202,08:43,SUD EST,MONTPELLIER SAINT-ROCH,LANGPA,FRMPL,07:04,FRPGF
2154,2023-06-11,PERPIGNAN,OUI,6202,08:08,SUD EST,AGDE,LANGPA,FRXAG,07:04,FRPGF
2155,2023-06-11,PERPIGNAN,OUI,6202,08:24,SUD EST,SETE,LANGPA,FRXSY,07:04,FRPGF
2156,2023-06-11,AGDE,OUI,6202,12:18,SUD EST,PARIS (intramuros),LANGPA,FRPLY,08:11,FRXAG
2157,2023-06-11,NARBONNE,OUI,6202,12:18,SUD EST,PARIS (intramuros),LANGPA,FRPLY,07:42,FRXNA
2158,2023-06-11,LYON-SAINT EXUPERY TGV,OUI,6927,22:13,SUD EST,GRENOBLE,PAGRENOBLE,FRGNB,21:09,FRJDQ
2159,2023-06-11,ARRAS,NON,7218,13:23,NORD,PARIS (intramuros),ARRASPA,FRPNO,12:32,FRQRV
2160,2023-06-11,NANCY,NON,2580,18:46,EST,PARIS (intramuros),NANCYPA,FRPST,17:16,FRENC
2161,2023-06-11,BEZIERS,NON,9715,19:20,SUD EST,NARBONNE,PABARCELONE,FRXNA,19:06,FRBZR
2162,2023-06-11,PARIS (intramuros),NON,9715,18:48,SUD EST,AGDE,PABARCELONE,FRXAG,14:54,FRPLY
2163,2023-06-11,PARIS (intramuros),NON,9715,19:20,SUD EST,NARBONNE,PABARCELONE,FRXNA,14:54,FRPLY
2164,2023-06-11,VALENCE TGV RHONE-ALPES SUD,NON,9715,19:03,SUD EST,BEZIERS,PABARCELONE,FRBZR,17:09,FRVLA
2165,2023-06-11,VALENCE TGV RHONE-ALPES SUD,NON,9715,19:20,SUD EST,NARBONNE,PABARCELONE,FRXNA,17:09,FRVLA
2166,2023-06-11,SETE,NON,9715,19:56,SUD EST,PERPIGNAN,PABARCELONE,FRPGF,18:34,FRXSY
2167,2023-06-11,PARIS (intramuros),NON,9715,21:25,SUD EST,BARCELONA SANTS,PABARCELONE,ESBST,14:54,FRPLY
2168,2023-06-11,PERPIGNAN,NON,9715,20:27,SUD EST,FIGUERES VILA TGV,PABARCELONE,ESFIR,20:03,FRPGF
2169,2023-06-11,NIMES PONT DU GARD,NON,9715,19:56,SUD EST,PERPIGNAN,PABARCELONE,FRPGF,17:49,FRXZP
2170,2023-06-11,NIMES PONT DU GARD,NON,9715,19:20,SUD EST,NARBONNE,PABARCELONE,FRXNA,17:49,FRXZP
2171,2023-06-11,NIMES PONT DU GARD,NON,9715,18:08,SUD EST,MONTPELLIER SUD DE FRANCE,PABARCELONE,FRSUF,17:49,FRXZP
2172,2023-06-11,PERPIGNAN,NON,9715,20:44,SUD EST,GIRONA,PABARCELONE,ESGRO,20:03,FRPGF
2173,2023-06-11,VALENCE TGV RHONE-ALPES SUD,NON,9715,20:27,SUD EST,FIGUERES VILA TGV,PABARCELONE,ESFIR,17:09,FRVLA
2174,2023-06-11,NARBONNE,NON,9715,20:27,SUD EST,FIGUERES VILA TGV,PABARCELONE,ESFIR,19:23,FRXNA
2175,2023-06-11,SETE,NON,9715,20:44,SUD EST,GIRONA,PABARCELONE,ESGRO,18:34,FRXSY
2176,2023-06-11,ANGOULEME,NON,9406,13:23,EST,MEUSE TGV,JCATLEST,FREAJ,09:36,FRANG
2177,2023-06-11,ANGOULEME,NON,9406,10:16,EST,POITIERS,JCATLEST,FRPIS,09:36,FRANG
2178,2023-06-11,ANGOULEME,NON,9406,10:50,EST,ST PIERRE DES CORPS,JCATLEST,FRXSH,09:36,FRANG
2179,2023-06-11,BORDEAUX ST JEAN,NON,9406,12:55,EST,CHAMPAGNE-ARDENNE,JCATLEST,FREAH,08:54,FRBOJ
2180,2023-06-11,BORDEAUX ST JEAN,NON,9406,13:23,EST,MEUSE TGV,JCATLEST,FREAJ,08:54,FRBOJ
2181,2023-06-11,BORDEAUX ST JEAN,NON,9406,10:16,EST,POITIERS,JCATLEST,FRPIS,08:54,FRBOJ
2182,2023-06-11,BORDEAUX ST JEAN,NON,9406,10:50,EST,ST PIERRE DES CORPS,JCATLEST,FRXSH,08:54,FRBOJ
2183,2023-06-11,MASSY TGV,NON,9406,12:55,EST,CHAMPAGNE-ARDENNE,JCATLEST,FREAH,11:55,FRDJU
2184,2023-06-11,MARNE LA VALLEE CHESSY,NON,9406,13:49,EST,LORRAINE TGV,JCATLEST,FREAM,12:28,FRMLV
2185,2023-06-11,POITIERS,NON,9406,14:29,EST,STRASBOURG,JCATLEST,FRAEG,10:19,FRPIS
2186,2023-06-11,POITIERS,NON,9406,13:49,EST,LORRAINE TGV,JCATLEST,FREAM,10:19,FRPIS
2187,2023-06-11,POITIERS,NON,9406,12:24,EST,MARNE LA VALLEE CHESSY,JCATLEST,FRMLV,10:19,FRPIS
2188,2023-06-11,OFFENBOURG/OFFENBURG,OUI,9406,15:07,EST,LAHR SCHWARZW,JCATLEST,DEANL,14:56,DEZPA
2189,2023-06-11,OFFENBOURG/OFFENBURG,OUI,9406,15:43,EST,FREIBURG BREISGAU HBF,JCATLEST,DEFGB,14:56,DEZPA
2190,2023-06-11,ST PIERRE DES CORPS,NON,9406,14:55,EST,OFFENBOURG/OFFENBURG,JCATLEST,DEZPA,10:54,FRXSH
2191,2023-06-11,CHAMPAGNE-ARDENNE,NON,9406,14:55,EST,OFFENBOURG/OFFENBURG,JCATLEST,DEZPA,12:58,FREAH
2192,2023-06-11,LORRAINE TGV,NON,9406,15:43,EST,FREIBURG BREISGAU HBF,JCATLEST,DEFGB,13:52,FREAM
2193,2023-06-11,CHAMPAGNE-ARDENNE,NON,9406,15:17,EST,RINGSHEIM/EU-PARK,JCATLEST,DERSH,12:58,FREAH
2194,2023-06-11,BORDEAUX ST JEAN,NON,9406,15:07,EST,LAHR SCHWARZW,JCATLEST,DEANL,08:54,FRBOJ
2195,2023-06-11,MODANE,NON,9248,20:14,INTERNATIONAL,CHAMBERY CHALLES LES EAUX,ITALIEPA,FRCMF,19:12,FRAGR
2196,2023-06-11,MILANO P GARIBALDI,NON,9248,20:14,INTERNATIONAL,CHAMBERY CHALLES LES EAUX,ITALIEPA,FRCMF,16:10,ITMPG
2197,2023-06-11,TORINO PORTA SUSA,NON,9248,23:26,INTERNATIONAL,PARIS (intramuros),ITALIEPA,FRPLY,17:38,ITTRS
2198,2023-06-11,LORIENT,NON,8752,22:25,ATLANTIQUE,RENNES,BRETAPARIS,FRRNS,20:55,FRLRT
2199,2023-06-11,QUIMPER,NON,8752,22:25,ATLANTIQUE,RENNES,BRETAPARIS,FRRNS,20:20,FRUIP
2200,2023-06-11,QUIMPER,OUI,8752,21:10,ATLANTIQUE,AURAY,BRETAPARIS,FRXUY,20:20,FRUIP
2201,2023-06-11,AURAY,NON,8752,00:08,ATLANTIQUE,PARIS (intramuros),BRETAPARIS,FRPMO,21:13,FRXUY
2202,2023-06-11,AURAY,NON,8752,22:25,ATLANTIQUE,RENNES,BRETAPARIS,FRRNS,21:13,FRXUY
2203,2023-06-11,BORDEAUX ST JEAN,NON,8537,14:32,ATLANTIQUE,ST JEAN DE LUZ CIBOURE,PASUDOUEST,FRXJZ,12:20,FRBOJ
2204,2023-06-11,PARIS (intramuros),NON,8537,14:47,ATLANTIQUE,HENDAYE,PASUDOUEST,FRAEF,10:08,FRPMO
2205,2023-06-11,ST DENIS PRES MARTEL,NON,3754,05:43,IC NUIT,LES AUBRAIS ORLEANS,OCCITANPAR,FRLAB,00:51,FRSDM
2206,2023-06-11,GRENOBLE,OUI,6922,17:50,SUD EST,LYON-SAINT EXUPERY TGV,GRENOBLEPA,FRJDQ,16:47,FRGNB
2207,2023-06-11,KAISERSLAUTERN HBF,NON,9550,21:00,INTERNATIONAL,SARREBRUCK/SAARBRUECKEN,FRANCPA,DESBK,20:22,DEKLT
2208,2023-06-11,MANNHEIM HBF,NON,9550,20:21,INTERNATIONAL,KAISERSLAUTERN HBF,FRANCPA,DEKLT,19:40,DEMHG
2209,2023-06-11,MANNHEIM HBF,NON,9550,21:00,INTERNATIONAL,SARREBRUCK/SAARBRUECKEN,FRANCPA,DESBK,19:40,DEMHG
2210,2023-06-11,MANNHEIM HBF,NON,9550,21:10,INTERNATIONAL,FORBACH,FRANCPA,FRBQT,19:40,DEMHG
2211,2023-06-11,MANNHEIM HBF,NON,9550,22:52,INTERNATIONAL,PARIS (intramuros),FRANCPA,FRPST,19:40,DEMHG
2212,2023-06-11,SARREBRUCK/SAARBRUECKEN,NON,9550,22:52,INTERNATIONAL,PARIS (intramuros),FRANCPA,FRPST,21:01,DESBK
2213,2023-06-11,STUTTGART HBF,NON,9572,18:05,INTERNATIONAL,PARIS (intramuros),MUNSTUTPA,FRPST,14:52,DESGT
2214,2023-06-11,FRANKFURT MAIN HBF,NON,9554,12:23,INTERNATIONAL,KAISERSLAUTERN HBF,FRANCPA,DEKLT,10:56,DEFRH
2215,2023-06-11,KAISERSLAUTERN HBF,NON,9554,13:01,INTERNATIONAL,SARREBRUCK/SAARBRUECKEN,FRANCPA,DESBK,12:24,DEKLT
2216,2023-06-11,FRANKFURT MAIN HBF,NON,9568,08:48,INTERNATIONAL,STRASBOURG,FRANCPA,FRAEG,06:56,DEFRH
2217,2023-06-11,MANNHEIM HBF,NON,9568,08:05,INTERNATIONAL,KARLSRUHE HBF,FRANCPA,DEQKA,07:38,DEMHG
2218,2023-06-11,STRASBOURG,NON,9568,10:38,INTERNATIONAL,PARIS (intramuros),FRANCPA,FRPST,08:53,FRAEG
2219,2023-06-11,KARLSRUHE HBF,NON,9563,18:18,INTERNATIONAL,MANNHEIM HBF,PAFRANC,DEMHG,17:55,DEQKA
2220,2023-06-11,KARLSRUHE HBF,NON,9577,19:04,INTERNATIONAL,STUTTGART HBF,PASTUTMUN,DESGT,18:27,DEQKA
2221,2023-06-11,ULM HBF,NON,9577,21:04,INTERNATIONAL,AUGSBURG HBF,PASTUTMUN,DEAGB,20:23,DEQUL
2222,2023-06-11,STRASBOURG,NON,9577,18:24,INTERNATIONAL,KARLSRUHE HBF,PASTUTMUN,DEQKA,17:46,FRAEG
2223,2023-06-11,PARIS (intramuros),NON,9577,17:41,INTERNATIONAL,STRASBOURG,PASTUTMUN,FRAEG,15:55,FRPST
2224,2023-06-11,SARREBRUCK/SAARBRUECKEN,NON,9553,15:35,INTERNATIONAL,KAISERSLAUTERN HBF,PAFRANC,DEKLT,14:59,DESBK
2225,2023-06-11,PARIS (intramuros),NON,9553,15:35,INTERNATIONAL,KAISERSLAUTERN HBF,PAFRANC,DEKLT,13:10,FRPST
2226,2023-06-11,PARIS (intramuros),NON,9579,19:41,INTERNATIONAL,STRASBOURG,PASTUTMUN,FRAEG,17:55,FRPST
2227,2023-06-11,AIX EN PROVENCE TGV,NON,9854,12:11,NORD,BRUXELLES MIDI BRUSSEL ZUID,JCSUDNORD,BEBMI,06:47,FRAIE
2228,2023-06-11,AIX EN PROVENCE TGV,NON,9854,07:07,NORD,AVIGNON TGV,JCSUDNORD,FRAVG,06:47,FRAIE
2229,2023-06-11,AVIGNON TGV,NON,9854,08:20,NORD,LYON (intramuros),JCSUDNORD,FRLPD,07:12,FRAVG
2230,2023-06-11,LYON (intramuros),NON,9854,12:11,NORD,BRUXELLES MIDI BRUSSEL ZUID,JCSUDNORD,BEBMI,08:34,FRLPD
2231,2023-06-11,LYON (intramuros),NON,9854,10:32,NORD,AEROPORT CDG2 TGV ROISSY,JCSUDNORD,FRMLW,08:34,FRLPD
2232,2023-06-11,AEROPORT CDG2 TGV ROISSY,NON,9854,11:27,NORD,LILLE (intramuros),JCSUDNORD,FRLLE,10:38,FRMLW
2233,2023-06-11,MARSEILLE ST CHARLES,NON,9854,08:20,NORD,LYON (intramuros),JCSUDNORD,FRLPD,06:33,FRMSC
2234,2023-06-11,MARSEILLE ST CHARLES,NON,9854,10:32,NORD,AEROPORT CDG2 TGV ROISSY,JCSUDNORD,FRMLW,06:33,FRMSC
2235,2023-06-11,ST PIERRE DES CORPS,OUI,12295,20:55,ATLANTIQUE,POITIERS,PAROCHELLE,FRPIS,20:23,FRXSH
2236,2023-06-11,LYON (intramuros),NON,6628,20:08,SUD EST,PARIS (intramuros),RHONEPARIS,FRPLY,18:04,FRLPD
2237,2023-06-11,LYON (intramuros),OUI,6628,18:46,SUD EST,LE CREUSOT MONTCEAU MONTCHANIN,RHONEPARIS,FRXCC,17:50,FRLPE
2238,2023-06-11,LES AUBRAIS ORLEANS,OUI,3741,07:26,IC NUIT,LOURDES,PARPALOMBE,FRLDE,22:49,FRLAB
2239,2023-06-11,ANGERS ST LAUD,OUI,8973,13:14,ATLANTIQUE,LES SABLES D'OLONNE,PARISLOIRE,FRLSO,11:16,FRACL
2240,2023-06-11,LE MANS,OUI,8973,11:13,ATLANTIQUE,ANGERS ST LAUD,PARISLOIRE,FRACL,10:36,FRAET
2241,2023-06-11,LYON (intramuros),OUI,6605,10:10,SUD EST,LYON (intramuros),PARISRHONE,FRLPE,10:02,FRLPD
2242,2023-06-11,PARIS (intramuros),NON,6605,09:56,SUD EST,LYON (intramuros),PARISRHONE,FRLPD,07:50,FRPLY
2243,2023-06-11,BORDEAUX ST JEAN,NON,3858,20:15,IC SRO,LA ROCHELLE VILLE,BORDONANTE,FRLRH,17:53,FRBOJ
2244,2023-06-11,ROCHEFORT,NON,3858,20:15,IC SRO,LA ROCHELLE VILLE,BORDONANTE,FRLRH,19:55,FRRCO
2245,2023-06-11,ROCHEFORT,NON,3858,21:22,IC SRO,LA ROCHE SUR YON,BORDONANTE,FRXRO,19:55,FRRCO
2246,2023-06-11,SAINTES,NON,3858,22:05,IC SRO,NANTES,BORDONANTE,FRNTE,19:25,FRXST
2247,2023-06-11,MEUSE TGV,OUI,2591,16:12,EST,LUNEVILLE,PANANCY,FRLNE,15:09,FREAJ
2248,2023-06-11,NANCY,OUI,2591,16:12,EST,LUNEVILLE,PANANCY,FRLNE,15:54,FRENC
2249,2023-06-11,PARIS (intramuros),NON,2591,15:44,EST,NANCY,PANANCY,FRENC,13:58,FRPST
2250,2023-06-11,PARIS (intramuros),NON,2591,16:47,EST,ST DIE DES VOSGES,PANANCY,FRXTD,13:58,FRPST
2251,2023-06-11,ANGERS ST LAUD,NON,4404,13:31,IC SRO,ST PIERRE DES CORPS,JOURNTELYN,FRXSH,12:33,FRACL
2252,2023-06-11,SAUMUR,NON,4404,14:56,IC SRO,BOURGES,JOURNTELYN,FRBOU,12:56,FRACN
2253,2023-06-11,SAUMUR,NON,4404,18:26,IC SRO,LYON (intramuros),JOURNTELYN,FRLPD,12:56,FRACN
2254,2023-06-11,BOURGES,NON,4404,18:39,IC SRO,LYON (intramuros),JOURNTELYN,FRLPE,14:58,FRBOU
2255,2023-06-11,BOURGES,NON,4404,17:20,IC SRO,ROANNE,JOURNTELYN,FRRNE,14:58,FRBOU
2256,2023-06-11,BOURGES,NON,4404,16:15,IC SRO,MOULINS SUR ALLIER,JOURNTELYN,FRXMU,14:58,FRBOU
2257,2023-06-11,LYON (intramuros),NON,4404,18:39,IC SRO,LYON (intramuros),JOURNTELYN,FRLPE,18:31,FRLPD
2258,2023-06-11,NANTES,NON,4404,18:26,IC SRO,LYON (intramuros),JOURNTELYN,FRLPD,11:51,FRNTE
2259,2023-06-11,NANTES,NON,4404,18:39,IC SRO,LYON (intramuros),JOURNTELYN,FRLPE,11:51,FRNTE
2260,2023-06-11,NANTES,NON,4404,16:41,IC SRO,ST GERMAIN DES FOSSES,JOURNTELYN,FRSGF,11:51,FRNTE
2261,2023-06-11,NANTES,NON,4404,13:31,IC SRO,ST PIERRE DES CORPS,JOURNTELYN,FRXSH,11:51,FRNTE
2262,2023-06-11,NEVERS,NON,4404,18:39,IC SRO,LYON (intramuros),JOURNTELYN,FRLPE,15:47,FRNVS
2263,2023-06-11,NEVERS,NON,4404,17:20,IC SRO,ROANNE,JOURNTELYN,FRRNE,15:47,FRNVS
2264,2023-06-11,ROANNE,NON,4404,18:26,IC SRO,LYON (intramuros),JOURNTELYN,FRLPD,17:22,FRRNE
2265,2023-06-11,ROANNE,NON,4404,18:39,IC SRO,LYON (intramuros),JOURNTELYN,FRLPE,17:22,FRRNE
2266,2023-06-11,ST GERMAIN DES FOSSES,NON,4404,18:26,IC SRO,LYON (intramuros),JOURNTELYN,FRLPD,16:43,FRSGF
2267,2023-06-11,MOULINS SUR ALLIER,NON,4404,18:26,IC SRO,LYON (intramuros),JOURNTELYN,FRLPD,16:17,FRXMU
2268,2023-06-11,MOULINS SUR ALLIER,NON,4404,16:41,IC SRO,ST GERMAIN DES FOSSES,JOURNTELYN,FRSGF,16:17,FRXMU
2269,2023-06-11,ST PIERRE DES CORPS,NON,4404,14:56,IC SRO,BOURGES,JOURNTELYN,FRBOU,13:34,FRXSH
2270,2023-06-11,ST PIERRE DES CORPS,NON,4404,17:20,IC SRO,ROANNE,JOURNTELYN,FRRNE,13:34,FRXSH
2271,2023-06-11,ST PIERRE DES CORPS,NON,4404,16:15,IC SRO,MOULINS SUR ALLIER,JOURNTELYN,FRXMU,13:34,FRXSH
2272,2023-06-11,VIERZON VILLE,NON,4404,14:56,IC SRO,BOURGES,JOURNTELYN,FRBOU,14:39,FRXVZ
2273,2023-06-11,MODANE,NON,9244,16:15,INTERNATIONAL,CHAMBERY CHALLES LES EAUX,ITALIEPA,FRCMF,15:12,FRAGR
2274,2023-06-11,MODANE,NON,9244,17:38,INTERNATIONAL,MACON LOCHE TGV,ITALIEPA,FRMLT,15:12,FRAGR
2275,2023-06-11,CHAMBERY CHALLES LES EAUX,NON,9244,17:38,INTERNATIONAL,MACON LOCHE TGV,ITALIEPA,FRMLT,16:23,FRCMF
2276,2023-06-11,MACON LOCHE TGV,NON,9244,19:14,INTERNATIONAL,PARIS (intramuros),ITALIEPA,FRPLY,17:41,FRMLT
2277,2023-06-11,OULX CESANA CLAV SESTRIERE,NON,9244,19:14,INTERNATIONAL,PARIS (intramuros),ITALIEPA,FRPLY,14:36,ITOCS
2278,2023-06-11,TORINO PORTA SUSA,NON,9244,15:03,INTERNATIONAL,MODANE,ITALIEPA,FRAGR,13:38,ITTRS
2279,2023-06-11,PARIS (intramuros),OUI,2747,18:14,EST,REIMS,PABARSED,FRRHE,17:28,FRPST
2280,2023-06-11,MODANE,NON,9245,14:23,INTERNATIONAL,OULX CESANA CLAV SESTRIERE,PAITALIE,ITOCS,13:55,FRAGR
2281,2023-06-11,CHAMBERY CHALLES LES EAUX,NON,9245,14:23,INTERNATIONAL,OULX CESANA CLAV SESTRIERE,PAITALIE,ITOCS,12:44,FRCMF
2282,2023-06-11,MACON LOCHE TGV,NON,9245,12:36,INTERNATIONAL,CHAMBERY CHALLES LES EAUX,PAITALIE,FRCMF,11:19,FRMLT
2283,2023-06-11,MACON LOCHE TGV,NON,9245,16:50,INTERNATIONAL,MILANO P GARIBALDI,PAITALIE,ITMPG,11:19,FRMLT
2284,2023-06-11,LIMOGES BENEDICTINS,OUI,3650,14:24,IC ARO,LA SOUTERRAINE,TOULOUZECO,FRLST,13:51,FRAGQ
2285,2023-06-11,LIMOGES BENEDICTINS,NON,3650,15:37,IC ARO,VIERZON VILLE,TOULOUZECO,FRXVZ,13:51,FRAGQ
2286,2023-06-11,BRIVE LA GAILLARDE,NON,3650,15:37,IC ARO,VIERZON VILLE,TOULOUZECO,FRXVZ,12:48,FRBVE
2287,2023-06-11,CHATEAUROUX,NON,3650,16:18,IC ARO,LES AUBRAIS ORLEANS,TOULOUZECO,FRLAB,15:03,FRCHR
2288,2023-06-11,GOURDON,NON,3650,16:18,IC ARO,LES AUBRAIS ORLEANS,TOULOUZECO,FRLAB,12:02,FRFSI
2289,2023-06-11,GOURDON,NON,3650,15:37,IC ARO,VIERZON VILLE,TOULOUZECO,FRXVZ,12:02,FRFSI
2290,2023-06-11,CAUSSADE TARN ET GARONNE,NON,3650,16:18,IC ARO,LES AUBRAIS ORLEANS,TOULOUZECO,FRLAB,11:08,FRFTA
2291,2023-06-11,CAUSSADE TARN ET GARONNE,NON,3650,17:22,IC ARO,PARIS (intramuros),TOULOUZECO,FRPAZ,11:08,FRFTA
2292,2023-06-11,LA SOUTERRAINE,NON,3650,16:18,IC ARO,LES AUBRAIS ORLEANS,TOULOUZECO,FRLAB,14:26,FRLST
2293,2023-06-11,LA SOUTERRAINE,NON,3650,17:22,IC ARO,PARIS (intramuros),TOULOUZECO,FRPAZ,14:26,FRLST
2294,2023-06-11,SOUILLAC,NON,3650,12:45,IC ARO,BRIVE LA GAILLARDE,TOULOUZECO,FRBVE,12:19,FRSOU
2295,2023-06-11,SOUILLAC,NON,3650,16:18,IC ARO,LES AUBRAIS ORLEANS,TOULOUZECO,FRLAB,12:19,FRSOU
2296,2023-06-11,MONTAUBAN VILLE BOURBON,NON,3650,12:45,IC ARO,BRIVE LA GAILLARDE,TOULOUZECO,FRBVE,10:54,FRXMW
2297,2023-06-11,MONTAUBAN VILLE BOURBON,NON,3650,15:01,IC ARO,CHATEAUROUX,TOULOUZECO,FRCHR,10:54,FRXMW
2298,2023-06-11,CAHORS,NON,3650,15:01,IC ARO,CHATEAUROUX,TOULOUZECO,FRCHR,11:35,FRZAO
2299,2023-06-11,CAHORS,NON,3650,15:37,IC ARO,VIERZON VILLE,TOULOUZECO,FRXVZ,11:35,FRZAO
2300,2023-06-11,COLMAR,NON,2362,19:05,EST,PARIS (intramuros),MULHSTRAPA,FRPST,16:45,FRAEJ
2301,2023-06-11,BREST,OUI,8642,17:52,ATLANTIQUE,MORLAIX,BRETAPARIS,FRMXN,17:22,FRBES
2302,2023-06-11,BREST,NON,8642,19:29,ATLANTIQUE,RENNES,BRETAPARIS,FRRNS,17:22,FRBES
2303,2023-06-11,NANTES,NON,8134,22:44,ATLANTIQUE,ANGERS ST LAUD,LOIREPARIS,FRACL,22:07,FRNTE
2304,2023-06-11,UZERCHE,OUI,3614,05:53,IC ARO,LIMOGES BENEDICTINS,TOULOUZECO,FRAGQ,05:17,FRAAW
2305,2023-06-11,UZERCHE,OUI,3614,07:11,IC ARO,CHATEAUROUX,TOULOUZECO,FRCHR,05:17,FRAAW
2306,2023-06-11,UZERCHE,OUI,3614,06:30,IC ARO,LA SOUTERRAINE,TOULOUZECO,FRLST,05:17,FRAAW
2307,2023-06-11,LIMOGES BENEDICTINS,OUI,3614,06:55,IC ARO,ARGENTON SUR CREUSE,TOULOUZECO,FRFMT,05:56,FRAGQ
2308,2023-06-11,CHATEAUROUX,OUI,3614,07:48,IC ARO,VIERZON VILLE,TOULOUZECO,FRXVZ,07:13,FRCHR
2309,2023-06-11,CLERMONT FERRAND,NON,5982,20:56,IC ARO,PARIS (intramuros),CLERMONTPA,FRPLY,17:31,FRCFE
2310,2023-06-11,CLERMONT FERRAND,OUI,5982,18:04,IC ARO,VICHY,CLERMONTPA,FRVHY,17:31,FRCFE
2311,2023-06-11,NEVERS,NON,5982,20:56,IC ARO,PARIS (intramuros),CLERMONTPA,FRPLY,19:00,FRNVS
2312,2023-06-11,RIOM CHATEL GUYON,NON,5982,18:58,IC ARO,NEVERS,CLERMONTPA,FRNVS,17:42,FRRIO
2313,2023-06-11,RIOM CHATEL GUYON,OUI,5982,18:29,IC ARO,MOULINS SUR ALLIER,CLERMONTPA,FRXMU,17:42,FRRIO
2314,2023-06-11,DAX,OUI,8572,14:24,ATLANTIQUE,PAU,PASUDOUEST,FRAEE,13:36,FRACG
2315,2023-06-11,ORTHEZ,OUI,8572,14:24,ATLANTIQUE,PAU,PASUDOUEST,FRAEE,14:04,FRGFI
2316,2023-06-11,PARIS (intramuros),NON,8572,14:24,ATLANTIQUE,PAU,PASUDOUEST,FRAEE,10:08,FRPMO
2317,2023-06-11,PARIS (intramuros),NON,8572,14:53,ATLANTIQUE,LOURDES,PASUDOUEST,FRLDE,10:08,FRPMO
2318,2023-06-11,PARIS (intramuros),NON,8825,22:14,ATLANTIQUE,ANGERS ST LAUD,PARISLOIRE,FRACL,20:49,FRPMO
2319,2023-06-11,PARIS (intramuros),NON,8825,22:54,ATLANTIQUE,NANTES,PARISLOIRE,FRNTE,20:49,FRPMO
2320,2023-06-11,MONTPELLIER SUD DE FRANCE,NON,6054,19:51,SUD EST,VALENCE TGV RHONE-ALPES SUD,LANGPA,FRVLA,18:52,FRSUF
2321,2023-06-11,MONTPELLIER SUD DE FRANCE,NON,6054,22:08,SUD EST,PARIS (intramuros),LANGPA,FRPLY,18:52,FRSUF
2322,2023-06-11,DIJON VILLE,NON,5537,21:17,EST,LES ARCS DRAGUIGNAN,JCRHINRHON,FRXRS,16:20,FRABA
2323,2023-06-11,DIJON VILLE,NON,5537,21:34,EST,ST RAPHAEL VALESCURE,JCRHINRHON,FRXSK,16:20,FRABA
2324,2023-06-11,STRASBOURG,OUI,5537,16:04,EST,DIJON VILLE,JCRHINRHON,FRABA,13:37,FRAEG
2325,2023-06-11,STRASBOURG,OUI,5537,14:02,EST,COLMAR,JCRHINRHON,FRAEJ,13:37,FRAEG
2326,2023-06-11,STRASBOURG,NON,5537,21:59,EST,CANNES,JCRHINRHON,FRJCA,13:37,FRAEG
2327,2023-06-11,COLMAR,NON,5537,19:31,EST,AIX EN PROVENCE TGV,JCRHINRHON,FRAIE,14:05,FRAEJ
2328,2023-06-11,MULHOUSE VILLE,NON,5537,21:17,EST,LES ARCS DRAGUIGNAN,JCRHINRHON,FRXRS,14:41,FRAEK
2329,2023-06-11,AIX EN PROVENCE TGV,NON,5537,21:34,EST,ST RAPHAEL VALESCURE,JCRHINRHON,FRXSK,19:33,FRAIE
2330,2023-06-11,AVIGNON TGV,NON,5537,22:11,EST,ANTIBES,JCRHINRHON,FRXAT,19:12,FRAVG
2331,2023-06-11,AVIGNON TGV,NON,5537,21:34,EST,ST RAPHAEL VALESCURE,JCRHINRHON,FRXSK,19:12,FRAVG
2332,2023-06-11,NANCY,NON,5537,17:56,EST,LYON (intramuros),JCRHINRHON,FRLPD,12:26,FRENC
2333,2023-06-11,NANCY,NON,5537,19:45,EST,MARSEILLE ST CHARLES,JCRHINRHON,FRMSC,12:26,FRENC
2334,2023-06-11,NANCY,NON,5537,21:17,EST,LES ARCS DRAGUIGNAN,JCRHINRHON,FRXRS,12:26,FRENC
2335,2023-06-11,CANNES,OUI,5537,22:11,EST,ANTIBES,JCRHINRHON,FRXAT,22:03,FRJCA
2336,2023-06-11,LYON (intramuros),NON,5537,22:30,EST,NICE VILLE,JCRHINRHON,FRNIC,18:04,FRLPD
2337,2023-06-11,LYON (intramuros),NON,5537,21:34,EST,ST RAPHAEL VALESCURE,JCRHINRHON,FRXSK,18:04,FRLPD
2338,2023-06-11,MARSEILLE ST CHARLES,OUI,5537,22:11,EST,ANTIBES,JCRHINRHON,FRXAT,19:57,FRMSC
2339,2023-06-11,MARSEILLE ST CHARLES,OUI,5537,21:34,EST,ST RAPHAEL VALESCURE,JCRHINRHON,FRXSK,19:57,FRMSC
2340,2023-06-11,BELFORT-MONTBELIARD TGV,NON,5537,17:56,EST,LYON (intramuros),JCRHINRHON,FRLPD,15:06,FRTJA
2341,2023-06-11,BELFORT-MONTBELIARD TGV,NON,5537,19:45,EST,MARSEILLE ST CHARLES,JCRHINRHON,FRMSC,15:06,FRTJA
2342,2023-06-11,BEAUNE,NON,5537,19:31,EST,AIX EN PROVENCE TGV,JCRHINRHON,FRAIE,16:42,FRXBV
2343,2023-06-11,BEAUNE,NON,5537,17:56,EST,LYON (intramuros),JCRHINRHON,FRLPD,16:42,FRXBV
2344,2023-06-11,BEAUNE,NON,5537,19:45,EST,MARSEILLE ST CHARLES,JCRHINRHON,FRMSC,16:42,FRXBV
2345,2023-06-11,BEAUNE,NON,5537,20:41,EST,TOULON,JCRHINRHON,FRTLN,16:42,FRXBV
2346,2023-06-11,BEAUNE,NON,5537,22:11,EST,ANTIBES,JCRHINRHON,FRXAT,16:42,FRXBV
2347,2023-06-11,BESANCON - F COMTE TGV,NON,5537,21:59,EST,CANNES,JCRHINRHON,FRJCA,15:36,FRTJB
2348,2023-06-11,BESANCON - F COMTE TGV,NON,5537,21:17,EST,LES ARCS DRAGUIGNAN,JCRHINRHON,FRXRS,15:36,FRTJB
2349,2023-06-11,BELFORT-MONTBELIARD TGV,NON,5537,21:17,EST,LES ARCS DRAGUIGNAN,JCRHINRHON,FRXRS,15:06,FRTJA
2350,2023-06-11,BELFORT-MONTBELIARD TGV,NON,5537,22:30,EST,NICE VILLE,JCRHINRHON,FRNIC,15:06,FRTJA
2351,2023-06-11,BELFORT-MONTBELIARD TGV,NON,5537,16:39,EST,BEAUNE,JCRHINRHON,FRXBV,15:06,FRTJA
2352,2023-06-11,BEZIERS,NON,6036,21:18,SUD EST,PARIS (intramuros),LANGPA,FRPLY,16:58,FRBZR
2353,2023-06-11,PERPIGNAN,OUI,6036,16:55,SUD EST,BEZIERS,LANGPA,FRBZR,16:04,FRPGF
2354,2023-06-11,PERPIGNAN,OUI,6036,18:16,SUD EST,NIMES,LANGPA,FRFNI,16:04,FRPGF
2355,2023-06-11,PERPIGNAN,OUI,6036,17:08,SUD EST,AGDE,LANGPA,FRXAG,16:04,FRPGF
2356,2023-06-11,NARBONNE,OUI,6036,17:43,SUD EST,MONTPELLIER SAINT-ROCH,LANGPA,FRMPL,16:42,FRXNA
2357,2023-06-11,NARBONNE,OUI,6036,17:08,SUD EST,AGDE,LANGPA,FRXAG,16:42,FRXNA
2358,2023-06-11,LYON (intramuros),NON,6620,14:46,SUD EST,LE CREUSOT MONTCEAU MONTCHANIN,RHONEPARIS,FRXCC,14:04,FRLPD
2359,2023-06-11,LE CREUSOT MONTCEAU MONTCHANIN,NON,6620,16:08,SUD EST,PARIS (intramuros),RHONEPARIS,FRPLY,14:49,FRXCC
2360,2023-06-11,AGEN,NON,4663,20:36,IC ARO,MARSEILLE ST CHARLES,TJOURSOSE,FRMSC,15:30,FRAGF
2361,2023-06-11,AGEN,NON,4663,16:39,IC ARO,TOULOUSE MATABIAU,TJOURSOSE,FRXYT,15:30,FRAGF
2362,2023-06-11,BORDEAUX ST JEAN,NON,4663,18:14,IC ARO,BEZIERS,TJOURSOSE,FRBZR,14:26,FRBOJ
2363,2023-06-11,BORDEAUX ST JEAN,NON,4663,17:27,IC ARO,CARCASSONNE,TJOURSOSE,FRCCF,14:26,FRBOJ
2364,2023-06-11,CARCASSONNE,NON,4663,18:53,IC ARO,MONTPELLIER SAINT-ROCH,TJOURSOSE,FRMPL,17:29,FRCCF
2365,2023-06-11,CARCASSONNE,NON,4663,17:58,IC ARO,NARBONNE,TJOURSOSE,FRXNA,17:29,FRCCF
2366,2023-06-11,MONTAUBAN VILLE BOURBON,NON,4663,18:53,IC ARO,MONTPELLIER SAINT-ROCH,TJOURSOSE,FRMPL,16:07,FRXMW
2367,2023-06-11,MONTAUBAN VILLE BOURBON,NON,4663,20:36,IC ARO,MARSEILLE ST CHARLES,TJOURSOSE,FRMSC,16:07,FRXMW
2368,2023-06-11,MONTAUBAN VILLE BOURBON,NON,4663,16:39,IC ARO,TOULOUSE MATABIAU,TJOURSOSE,FRXYT,16:07,FRXMW
2369,2023-06-11,NARBONNE,NON,4663,20:36,IC ARO,MARSEILLE ST CHARLES,TJOURSOSE,FRMSC,18:01,FRXNA
2370,2023-06-11,TOULOUSE MATABIAU,NON,4663,20:36,IC ARO,MARSEILLE ST CHARLES,TJOURSOSE,FRMSC,16:44,FRXYT
2371,2023-06-11,ARRAS,NON,7124,16:08,NORD,PARIS (intramuros),ARRASPA,FRPNO,15:18,FRQRV
2372,2023-06-11,VALENCIENNES,NON,7124,16:08,NORD,PARIS (intramuros),ARRASPA,FRPNO,14:15,FRXVS
2373,2023-06-11,NANTES,NON,8144,19:14,ATLANTIQUE,PARIS (intramuros),LOIREPARIS,FRPMO,17:09,FRNTE
2374,2023-06-11,LE MANS,NON,8066,23:49,ATLANTIQUE,PARIS (intramuros),BRETAPARIS,FRPMO,22:52,FRAET
2375,2023-06-11,RENNES,OUI,8066,22:16,ATLANTIQUE,LAVAL,BRETAPARIS,FRACR,21:50,FRRNS
2376,2023-06-11,RENNES,OUI,8066,22:49,ATLANTIQUE,LE MANS,BRETAPARIS,FRAET,21:50,FRRNS
2377,2023-06-11,RENNES,NON,8066,23:49,ATLANTIQUE,PARIS (intramuros),BRETAPARIS,FRPMO,21:50,FRRNS
2378,2023-06-11,DIJON VILLE,NON,6705,13:22,SUD EST,BESANCON - F COMTE TGV,PABOUR,FRTJB,12:56,FRABA
2379,2023-06-11,BESANCON - F COMTE TGV,NON,6705,14:12,SUD EST,MULHOUSE VILLE,PABOUR,FRAEK,13:25,FRTJB
2380,2023-06-11,PAU,OUI,8592,22:53,ATLANTIQUE,LOURDES,PASUDOUEST,FRLDE,22:27,FRAEE
2381,2023-06-11,BORDEAUX ST JEAN,OUI,8592,21:28,ATLANTIQUE,DAX,PASUDOUEST,FRACG,20:20,FRBOJ
2382,2023-06-11,BORDEAUX ST JEAN,OUI,8592,22:25,ATLANTIQUE,PAU,PASUDOUEST,FRAEE,20:20,FRBOJ
2383,2023-06-11,BORDEAUX ST JEAN,OUI,8592,22:02,ATLANTIQUE,ORTHEZ,PASUDOUEST,FRGFI,20:20,FRBOJ
2384,2023-06-11,BORDEAUX ST JEAN,OUI,8592,22:53,ATLANTIQUE,LOURDES,PASUDOUEST,FRLDE,20:20,FRBOJ
2385,2023-06-11,LOURDES,OUI,8592,23:19,ATLANTIQUE,TARBES,PASUDOUEST,FRXTB,23:03,FRLDE
2386,2023-06-11,PARIS (intramuros),NON,8592,22:53,ATLANTIQUE,LOURDES,PASUDOUEST,FRLDE,18:07,FRPMO
2387,2023-06-11,BORDEAUX ST JEAN,NON,4657,13:20,IC ARO,NIMES,TJOURSOSE,FRFNI,08:26,FRBOJ
2388,2023-06-11,BORDEAUX ST JEAN,NON,4657,11:58,IC ARO,NARBONNE,TJOURSOSE,FRXNA,08:26,FRBOJ
2389,2023-06-11,BORDEAUX ST JEAN,NON,4657,12:34,IC ARO,SETE,TJOURSOSE,FRXSY,08:26,FRBOJ
2390,2023-06-11,MARMANDE,NON,4657,12:52,IC ARO,MONTPELLIER SAINT-ROCH,TJOURSOSE,FRMPL,09:04,FRXMR
2391,2023-06-11,MARMANDE,OUI,4657,10:06,IC ARO,MONTAUBAN VILLE BOURBON,TJOURSOSE,FRXMW,09:04,FRXMR
2392,2023-06-11,MARMANDE,NON,4657,12:34,IC ARO,SETE,TJOURSOSE,FRXSY,09:04,FRXMR
2393,2023-06-11,MONTAUBAN VILLE BOURBON,NON,4657,13:20,IC ARO,NIMES,TJOURSOSE,FRFNI,10:08,FRXMW
2394,2023-06-11,MONTAUBAN VILLE BOURBON,NON,4657,12:34,IC ARO,SETE,TJOURSOSE,FRXSY,10:08,FRXMW
2395,2023-06-11,SETE,NON,4657,13:50,IC ARO,ARLES,TJOURSOSE,FRHZA,12:36,FRXSY
2396,2023-06-11,TOULOUSE MATABIAU,NON,4657,13:50,IC ARO,ARLES,TJOURSOSE,FRHZA,10:45,FRXYT
2397,2023-06-11,TOULOUSE MATABIAU,NON,4657,11:58,IC ARO,NARBONNE,TJOURSOSE,FRXNA,10:45,FRXYT
2398,2023-06-11,LE MANS,NON,8126,20:29,ATLANTIQUE,PARIS (intramuros),LOIREPARIS,FRPMO,19:31,FRAET
2399,2023-06-11,NANTES,OUI,8126,19:28,ATLANTIQUE,LE MANS,LOIREPARIS,FRAET,18:05,FRNTE
2400,2023-06-11,NANTES,NON,8126,20:29,ATLANTIQUE,PARIS (intramuros),LOIREPARIS,FRPMO,18:05,FRNTE
2401,2023-06-11,SABLE SUR SARTHE,OUI,8126,19:28,ATLANTIQUE,LE MANS,LOIREPARIS,FRAET,19:07,FRSAB
2402,2023-06-11,MARSEILLE ST CHARLES,OUI,6128,17:11,SUD EST,AIX EN PROVENCE TGV,PROVENCEPA,FRAIE,17:00,FRMSC
2403,2023-06-11,MASSY TGV,NON,5260,12:40,NORD,LILLE (intramuros),JCAQUINORD,FRADJ,10:55,FRDJU
2404,2023-06-11,MASSY TGV,NON,5260,11:27,NORD,MARNE LA VALLEE CHESSY,JCAQUINORD,FRMLV,10:55,FRDJU
2405,2023-06-11,MASSY TGV,NON,5260,11:41,NORD,AEROPORT CDG2 TGV ROISSY,JCAQUINORD,FRMLW,10:55,FRDJU
2406,2023-06-11,MARNE LA VALLEE CHESSY,NON,5260,11:41,NORD,AEROPORT CDG2 TGV ROISSY,JCAQUINORD,FRMLW,11:31,FRMLV
2407,2023-06-11,ST PIERRE DES CORPS,NON,5260,10:49,NORD,MASSY TGV,JCAQUINORD,FRDJU,09:57,FRXSH
2408,2023-06-11,PARIS (intramuros),NON,6611,13:10,SUD EST,LYON (intramuros),PARISRHONE,FRLPE,10:58,FRPLY
2409,2023-06-11,CANNES,NON,6188,10:33,SUD EST,MARSEILLE ST CHARLES,AZURPA,FRMSC,08:28,FRJCA
2410,2023-06-11,NICE VILLE,OUI,6188,08:11,SUD EST,ANTIBES,AZURPA,FRXAT,07:57,FRNIC
2411,2023-06-11,TOULON,NON,6188,10:33,SUD EST,MARSEILLE ST CHARLES,AZURPA,FRMSC,09:48,FRTLN
2412,2023-06-11,TOULON,NON,6188,13:50,SUD EST,PARIS (intramuros),AZURPA,FRPLY,09:48,FRTLN
2413,2023-06-11,ANTIBES,NON,6188,13:50,SUD EST,PARIS (intramuros),AZURPA,FRPLY,08:14,FRXAT
2414,2023-06-11,LES ARCS DRAGUIGNAN,NON,6188,13:50,SUD EST,PARIS (intramuros),AZURPA,FRPLY,09:10,FRXRS
2415,2023-06-11,ST RAPHAEL VALESCURE,OUI,6188,09:07,SUD EST,LES ARCS DRAGUIGNAN,AZURPA,FRXRS,08:53,FRXSK
2416,2023-06-11,BEZIERS,NON,4764,19:53,IC ARO,MONTAUBAN VILLE BOURBON,TJOURSESO,FRXMW,17:47,FRBZR
2417,2023-06-11,BEZIERS,NON,4764,18:01,IC ARO,NARBONNE,TJOURSESO,FRXNA,17:47,FRBZR
2418,2023-06-11,CARCASSONNE,NON,4764,20:58,IC ARO,MARMANDE,TJOURSESO,FRXMR,18:36,FRCCF
2419,2023-06-11,CARCASSONNE,NON,4764,19:53,IC ARO,MONTAUBAN VILLE BOURBON,TJOURSESO,FRXMW,18:36,FRCCF
2420,2023-06-11,CARCASSONNE,NON,4764,19:18,IC ARO,TOULOUSE MATABIAU,TJOURSESO,FRXYT,18:36,FRCCF
2421,2023-06-11,NIMES,NON,4764,21:39,IC ARO,BORDEAUX ST JEAN,TJOURSESO,FRBOJ,16:38,FRFNI
2422,2023-06-11,NIMES,NON,4764,20:58,IC ARO,MARMANDE,TJOURSESO,FRXMR,16:38,FRFNI
2423,2023-06-11,MONTPELLIER SAINT-ROCH,NON,4764,19:53,IC ARO,MONTAUBAN VILLE BOURBON,TJOURSESO,FRXMW,17:07,FRMPL
2424,2023-06-11,MARSEILLE ST CHARLES,NON,4764,21:39,IC ARO,BORDEAUX ST JEAN,TJOURSESO,FRBOJ,15:27,FRMSC
2425,2023-06-11,BEZIERS,NON,4758,13:54,IC ARO,MONTAUBAN VILLE BOURBON,TJOURSESO,FRXMW,11:47,FRBZR
2426,2023-06-11,CARCASSONNE,NON,4758,13:19,IC ARO,TOULOUSE MATABIAU,TJOURSESO,FRXYT,12:36,FRCCF
2427,2023-06-11,MONTPELLIER SAINT-ROCH,NON,4758,12:01,IC ARO,NARBONNE,TJOURSESO,FRXNA,11:07,FRMPL
2428,2023-06-11,MARSEILLE ST CHARLES,NON,4758,15:38,IC ARO,BORDEAUX ST JEAN,TJOURSESO,FRBOJ,09:27,FRMSC
2429,2023-06-11,MARSEILLE ST CHARLES,NON,4758,12:01,IC ARO,NARBONNE,TJOURSESO,FRXNA,09:27,FRMSC
2430,2023-06-11,MONTAUBAN VILLE BOURBON,NON,4758,14:59,IC ARO,MARMANDE,TJOURSESO,FRXMR,13:56,FRXMW
2431,2023-06-11,SURGERES,NON,8361,16:20,ATLANTIQUE,LA ROCHELLE VILLE,PAROCHELLE,FRLRH,15:59,FREIP
2432,2023-06-11,PARIS (intramuros),NON,8361,16:20,ATLANTIQUE,LA ROCHELLE VILLE,PAROCHELLE,FRLRH,13:37,FRPMO
2433,2023-06-11,LYON (intramuros),OUI,6608,07:58,SUD EST,LYON (intramuros),RHONEPARIS,FRLPD,07:50,FRLPE
2434,2023-06-11,LYON (intramuros),NON,6608,08:46,SUD EST,LE CREUSOT MONTCEAU MONTCHANIN,RHONEPARIS,FRXCC,07:50,FRLPE
2435,2023-06-11,DAX,NON,8551,22:16,ATLANTIQUE,BIARRITZ,PASUDOUEST,FRBIQ,21:32,FRACG
2436,2023-06-11,DAX,NON,8551,22:03,ATLANTIQUE,BAYONNE,PASUDOUEST,FRXBY,21:32,FRACG
2437,2023-06-11,BIARRITZ,OUI,8551,22:47,ATLANTIQUE,HENDAYE,PASUDOUEST,FRAEF,22:19,FRBIQ
2438,2023-06-11,BORDEAUX ST JEAN,NON,8551,22:47,ATLANTIQUE,HENDAYE,PASUDOUEST,FRAEF,20:20,FRBOJ
2439,2023-06-11,BORDEAUX ST JEAN,NON,8551,22:03,ATLANTIQUE,BAYONNE,PASUDOUEST,FRXBY,20:20,FRBOJ
2440,2023-06-11,PARIS (intramuros),NON,8551,22:47,ATLANTIQUE,HENDAYE,PASUDOUEST,FRAEF,18:07,FRPMO
2441,2023-06-11,LOURDES,NON,14141,13:06,IC SRO,BAYONNE,SUDOUEST,FRXBY,11:32,FRLDE
2442,2023-06-11,TARBES,NON,14141,11:57,IC SRO,PAU,SUDOUEST,FRAEE,11:15,FRXTB
2443,2023-06-11,TOULOUSE MATABIAU,NON,14141,11:57,IC SRO,PAU,SUDOUEST,FRAEE,09:32,FRXYT
2444,2023-06-11,TOULOUSE MATABIAU,NON,14141,13:06,IC SRO,BAYONNE,SUDOUEST,FRXBY,09:32,FRXYT
2445,2023-06-11,TOULOUSE MATABIAU,NON,14141,11:12,IC SRO,TARBES,SUDOUEST,FRXTB,09:32,FRXYT
2446,2023-06-11,AGDE,NON,6252,12:50,SUD EST,VALENCE TGV RHONE-ALPES SUD,LANGPA,FRVLA,11:12,FRXAG
2447,2023-06-11,NARBONNE,OUI,6252,11:09,SUD EST,AGDE,LANGPA,FRXAG,10:42,FRXNA
2448,2023-06-11,NIMES PONT DU GARD,NON,6252,12:50,SUD EST,VALENCE TGV RHONE-ALPES SUD,LANGPA,FRVLA,12:14,FRXZP
2449,2023-06-11,MONTPELLIER SUD DE FRANCE,NON,6252,12:11,SUD EST,NIMES PONT DU GARD,LANGPA,FRXZP,11:52,FRSUF
2450,2023-06-11,BEZIERS,NON,6252,12:11,SUD EST,NIMES PONT DU GARD,LANGPA,FRXZP,10:58,FRBZR
2451,2023-06-11,SETE,NON,6252,12:11,SUD EST,NIMES PONT DU GARD,LANGPA,FRXZP,11:28,FRXSY
2452,2023-06-11,LIMOGES BENEDICTINS,NON,3619,14:07,IC ARO,CAHORS,PALITO,FRZAO,11:56,FRAGQ
2453,2023-06-11,BRIVE LA GAILLARDE,NON,3619,14:34,IC ARO,CAUSSADE TARN ET GARONNE,PALITO,FRFTA,13:00,FRBVE
2454,2023-06-11,BRIVE LA GAILLARDE,NON,3619,13:24,IC ARO,SOUILLAC,PALITO,FRSOU,13:00,FRBVE
2455,2023-06-11,CHATEAUROUX,NON,3619,13:40,IC ARO,GOURDON,PALITO,FRFSI,10:41,FRCHR
2456,2023-06-11,CHATEAUROUX,NON,3619,14:49,IC ARO,MONTAUBAN VILLE BOURBON,PALITO,FRXMW,10:41,FRCHR
2457,2023-06-11,LES AUBRAIS ORLEANS,NON,3619,14:34,IC ARO,CAUSSADE TARN ET GARONNE,PALITO,FRFTA,09:28,FRLAB
2458,2023-06-11,LES AUBRAIS ORLEANS,NON,3619,14:49,IC ARO,MONTAUBAN VILLE BOURBON,PALITO,FRXMW,09:28,FRLAB
2459,2023-06-11,LES AUBRAIS ORLEANS,NON,3619,10:07,IC ARO,VIERZON VILLE,PALITO,FRXVZ,09:28,FRLAB
2460,2023-06-11,LES AUBRAIS ORLEANS,NON,3619,15:23,IC ARO,TOULOUSE MATABIAU,PALITO,FRXYT,09:28,FRLAB
2461,2023-06-11,LA SOUTERRAINE,NON,3619,11:53,IC ARO,LIMOGES BENEDICTINS,PALITO,FRAGQ,11:19,FRLST
2462,2023-06-11,LA SOUTERRAINE,NON,3619,14:07,IC ARO,CAHORS,PALITO,FRZAO,11:19,FRLST
2463,2023-06-11,SOUILLAC,NON,3619,13:40,IC ARO,GOURDON,PALITO,FRFSI,13:26,FRSOU
2464,2023-06-11,SOUILLAC,NON,3619,14:49,IC ARO,MONTAUBAN VILLE BOURBON,PALITO,FRXMW,13:26,FRSOU
2465,2023-06-11,VIERZON VILLE,NON,3619,12:57,IC ARO,BRIVE LA GAILLARDE,PALITO,FRBVE,10:09,FRXVZ
2466,2023-06-11,VIERZON VILLE,NON,3619,15:23,IC ARO,TOULOUSE MATABIAU,PALITO,FRXYT,10:09,FRXVZ
2467,2023-06-11,CAHORS,NON,3619,14:49,IC ARO,MONTAUBAN VILLE BOURBON,PALITO,FRXMW,14:09,FRZAO
2468,2023-06-11,PARIS (intramuros),NON,6669,21:22,SUD EST,LYON (intramuros),PARISRHONE,FRLPD,19:24,FRPLY
2469,2023-06-11,LIMOGES BENEDICTINS,NON,3664,18:08,IC ARO,CHATEAUROUX,TOULOUZECO,FRCHR,16:54,FRAGQ
2470,2023-06-11,LIMOGES BENEDICTINS,OUI,3664,17:27,IC ARO,LA SOUTERRAINE,TOULOUZECO,FRLST,16:54,FRAGQ
2471,2023-06-11,BRIVE LA GAILLARDE,OUI,3664,16:51,IC ARO,LIMOGES BENEDICTINS,TOULOUZECO,FRAGQ,15:52,FRBVE
2472,2023-06-11,BRIVE LA GAILLARDE,OUI,3664,17:51,IC ARO,ARGENTON SUR CREUSE,TOULOUZECO,FRFMT,15:52,FRBVE
2473,2023-06-11,BRIVE LA GAILLARDE,NON,3664,20:35,IC ARO,PARIS (intramuros),TOULOUZECO,FRPAZ,15:52,FRBVE
2474,2023-06-11,CHATEAUROUX,NON,3664,18:43,IC ARO,VIERZON VILLE,TOULOUZECO,FRXVZ,18:10,FRCHR
2475,2023-06-11,ARGENTON SUR CREUSE,NON,3664,20:35,IC ARO,PARIS (intramuros),TOULOUZECO,FRPAZ,17:52,FRFMT
2476,2023-06-11,ST GAUDENS,NON,14151,15:25,IC SRO,LOURDES,SUDOUEST,FRLDE,14:19,FRFPH
2477,2023-06-11,LOURDES,NON,14151,15:53,IC SRO,PAU,SUDOUEST,FRAEE,15:28,FRLDE
2478,2023-06-11,LOURDES,NON,14151,17:02,IC SRO,BAYONNE,SUDOUEST,FRXBY,15:28,FRLDE
2479,2023-06-11,TARBES,NON,14151,15:53,IC SRO,PAU,SUDOUEST,FRAEE,15:11,FRXTB
2480,2023-06-11,TARBES,NON,14151,15:25,IC SRO,LOURDES,SUDOUEST,FRLDE,15:11,FRXTB
2481,2023-06-11,TOULOUSE MATABIAU,NON,14151,15:08,IC SRO,TARBES,SUDOUEST,FRXTB,13:30,FRXYT
2482,2023-06-11,HENDAYE,OUI,8530,07:23,ATLANTIQUE,ST JEAN DE LUZ CIBOURE,SUDOUESTPA,FRXJZ,07:12,FRAEF
2483,2023-06-11,BORDEAUX ST JEAN,NON,8530,11:52,ATLANTIQUE,PARIS (intramuros),SUDOUESTPA,FRPMO,09:46,FRBOJ
2484,2023-06-11,ST JEAN DE LUZ CIBOURE,OUI,8530,07:51,ATLANTIQUE,BAYONNE,SUDOUESTPA,FRXBY,07:26,FRXJZ
2485,2023-06-11,AVIGNON TGV,OUI,6133,23:46,SUD EST,AIX EN PROVENCE TGV,PAPROVENCE,FRAIE,23:25,FRAVG
2486,2023-06-11,AVIGNON TGV,OUI,6133,00:00,SUD EST,MARSEILLE ST CHARLES,PAPROVENCE,FRMSC,23:25,FRAVG
2487,2023-06-11,POITIERS,OUI,8375,11:21,ATLANTIQUE,ST MAIXENT DEUX SEVRES,PAROCHELLE,FREJC,10:53,FRPIS
2488,2023-06-11,POITIERS,OUI,8375,12:22,ATLANTIQUE,LA ROCHELLE VILLE,PAROCHELLE,FRLRH,10:53,FRPIS
2489,2023-06-11,TARBES,OUI,3740,05:53,IC NUIT,LES AUBRAIS ORLEANS,PALOMBEPAR,FRLAB,20:12,FRXTB
2490,2023-06-11,TARBES,OUI,3740,07:04,IC NUIT,PARIS (intramuros),PALOMBEPAR,FRPAZ,20:12,FRXTB
2491,2023-06-11,ST GAUDENS,OUI,3740,07:04,IC NUIT,PARIS (intramuros),PALOMBEPAR,FRPAZ,20:55,FRFPH
2492,2023-06-11,VICHY,OUI,5974,15:29,IC ARO,MOULINS SUR ALLIER,CLERMONTPA,FRXMU,15:06,FRVHY
2493,2023-06-11,NEUSSARGUES,NON,15940,15:35,IC SRO,ISSOIRE,JOUNOREST,FRHLB,14:36,FRNEU
2494,2023-06-11,NEUSSARGUES,NON,15940,15:16,IC SRO,ARVANT,JOUNOREST,FRARV,14:36,FRNEU
2495,2023-06-11,MARSEILLE ST CHARLES,NON,6144,00:23,SUD EST,PARIS (intramuros),PROVENCEPA,FRPLY,21:02,FRMSC
2496,2023-06-11,LYON (intramuros),NON,6612,10:45,SUD EST,LE CREUSOT MONTCEAU MONTCHANIN,RHONEPARIS,FRXCC,09:50,FRLPE
2497,2023-06-11,PARIS (intramuros),NON,6937,11:16,SUD EST,MACON LOCHE TGV,PARISALPES,FRMLT,09:44,FRPLY
2498,2023-06-11,BIARRITZ,OUI,8542,16:25,ATLANTIQUE,DAX,SUDOUESTPA,FRACG,15:41,FRBIQ
2499,2023-06-11,BAYONNE,NON,8542,17:39,ATLANTIQUE,BORDEAUX ST JEAN,SUDOUESTPA,FRBOJ,15:56,FRXBY
2500,2023-06-11,ST JEAN DE LUZ CIBOURE,OUI,8542,16:25,ATLANTIQUE,DAX,SUDOUESTPA,FRACG,15:27,FRXJZ
2501,2023-06-11,AVIGNON TGV,NON,5386,20:05,SUD EST,LAVAL,JCSUDATL,FRACR,15:15,FRAVG
2502,2023-06-11,AVIGNON TGV,NON,5386,20:32,SUD EST,RENNES,JCSUDATL,FRRNS,15:15,FRAVG
2503,2023-06-11,MARSEILLE ST CHARLES,OUI,5386,14:47,SUD EST,AIX EN PROVENCE TGV,JCSUDATL,FRAIE,14:36,FRMSC
2504,2023-06-11,MARSEILLE ST CHARLES,NON,5386,15:10,SUD EST,AVIGNON TGV,JCSUDATL,FRAVG,14:36,FRMSC
2505,2023-06-11,ST ETIENNE CHATEAUCREUX,OUI,6692,07:28,SUD EST,LYON (intramuros),RHONEPARIS,FRLPD,06:42,FRHHD
2506,2023-06-11,VALENCE TGV RHONE-ALPES SUD,NON,6262,22:08,SUD EST,PARIS (intramuros),LANGPA,FRPLY,19:54,FRVLA
2507,2023-06-11,BEZIERS,OUI,6262,18:45,SUD EST,MONTPELLIER SUD DE FRANCE,LANGPA,FRSUF,18:00,FRBZR
2508,2023-06-11,LES SABLES D'OLONNE,NON,8988,21:41,ATLANTIQUE,ANGERS ST LAUD,LOIREPARIS,FRACL,19:44,FRLSO
2509,2023-06-11,LES SABLES D'OLONNE,NON,8988,23:16,ATLANTIQUE,PARIS (intramuros),LOIREPARIS,FRPMO,19:44,FRLSO
2510,2023-06-11,LES SABLES D'OLONNE,OUI,8988,20:08,ATLANTIQUE,LA ROCHE SUR YON,LOIREPARIS,FRXRO,19:44,FRLSO
2511,2023-06-11,MASSY TGV,OUI,5351,11:19,SUD EST,NANTES,JCSUDATL,FRNTE,08:43,FRDJU
2512,2023-06-11,MASSY TGV,OUI,5351,09:42,SUD EST,ST PIERRE DES CORPS,JCSUDATL,FRXSH,08:43,FRDJU
2513,2023-06-11,ST PIERRE DES CORPS,OUI,5351,10:39,SUD EST,ANGERS ST LAUD,JCSUDATL,FRACL,09:46,FRXSH
2514,2023-06-11,BORDEAUX ST JEAN,NON,8516,21:52,ATLANTIQUE,PARIS (intramuros),SUDOUESTPA,FRPMO,19:45,FRBOJ
2515,2023-06-11,ZUERICH HB,NON,9210,10:28,INTERNATIONAL,BASEL SBB,ZURBALPA,CHAJP,09:34,CHAJD
2516,2023-06-11,ZUERICH HB,NON,9210,13:38,INTERNATIONAL,PARIS (intramuros),ZURBALPA,FRPLY,09:34,CHAJD
2517,2023-06-11,BASEL SBB,NON,9210,13:38,INTERNATIONAL,PARIS (intramuros),ZURBALPA,FRPLY,10:34,CHAJP
2518,2023-06-11,DIJON VILLE,NON,9210,13:38,INTERNATIONAL,PARIS (intramuros),ZURBALPA,FRPLY,12:02,FRABA
2519,2023-06-11,MULHOUSE VILLE,NON,9210,11:58,INTERNATIONAL,DIJON VILLE,ZURBALPA,FRABA,10:56,FRAEK
2520,2023-06-11,MULHOUSE VILLE,NON,9210,13:38,INTERNATIONAL,PARIS (intramuros),ZURBALPA,FRPLY,10:56,FRAEK
2521,2023-06-11,AIX EN PROVENCE TGV,NON,6801,08:14,SUD EST,MARSEILLE ST CHARLES,JCPROVSUD,FRMSC,08:03,FRAIE
2522,2023-06-11,AIX EN PROVENCE TGV,NON,6801,10:06,SUD EST,ST RAPHAEL VALESCURE,JCPROVSUD,FRXSK,08:03,FRAIE
2523,2023-06-11,AVIGNON TGV,NON,6801,11:06,SUD EST,NICE VILLE,JCPROVSUD,FRNIC,07:38,FRAVG
2524,2023-06-11,AVIGNON TGV,NON,6801,09:11,SUD EST,TOULON,JCPROVSUD,FRTLN,07:38,FRAVG
2525,2023-06-11,LYON (intramuros),NON,6801,11:06,SUD EST,NICE VILLE,JCPROVSUD,FRNIC,06:04,FRLPD
2526,2023-06-11,LYON (intramuros),OUI,6801,06:56,SUD EST,VALENCE TGV RHONE-ALPES SUD,JCPROVSUD,FRVLA,06:04,FRLPD
2527,2023-06-11,MARSEILLE ST CHARLES,OUI,6801,11:06,SUD EST,NICE VILLE,JCPROVSUD,FRNIC,08:28,FRMSC
2528,2023-06-11,MARSEILLE ST CHARLES,OUI,6801,09:49,SUD EST,LES ARCS DRAGUIGNAN,JCPROVSUD,FRXRS,08:28,FRMSC
2529,2023-06-11,TOULON,OUI,6801,10:47,SUD EST,ANTIBES,JCPROVSUD,FRXAT,09:15,FRTLN
2530,2023-06-11,VALENCE TGV RHONE-ALPES SUD,NON,6801,09:49,SUD EST,LES ARCS DRAGUIGNAN,JCPROVSUD,FRXRS,07:00,FRVLA
2531,2023-06-11,ST RAPHAEL VALESCURE,OUI,6801,10:35,SUD EST,CANNES,JCPROVSUD,FRJCA,10:09,FRXSK
2532,2023-06-11,BORDEAUX ST JEAN,NON,8450,19:55,ATLANTIQUE,POITIERS,SUDOUESTPA,FRPIS,18:38,FRBOJ
2533,2023-06-11,PARIS (intramuros),NON,6123,20:41,SUD EST,AIX EN PROVENCE TGV,PAPROVENCE,FRAIE,17:36,FRPLY
2534,2023-06-11,PARIS (intramuros),NON,6123,20:56,SUD EST,MARSEILLE ST CHARLES,PAPROVENCE,FRMSC,17:36,FRPLY
2535,2023-06-11,BORDEAUX ST JEAN,OUI,8475,18:10,ATLANTIQUE,ARCACHON,PASUDOUEST,FRXAC,17:25,FRBOJ
2536,2023-06-11,MANNHEIM HBF,NON,9560,20:41,INTERNATIONAL,PARIS (intramuros),FRANCPA,FRPST,17:38,DEMHG
2537,2023-06-11,STRASBOURG,NON,9560,20:41,INTERNATIONAL,PARIS (intramuros),FRANCPA,FRPST,18:57,FRAEG
2538,2023-06-11,MARNE LA VALLEE CHESSY,NON,5026,14:00,NORD,LYON (intramuros),JCNORDSUD,FRLPD,12:13,FRMLV
2539,2023-06-11,MULHOUSE VILLE,NON,9218,13:17,INTERNATIONAL,BELFORT-MONTBELIARD TGV,ZURBALPA,FRTJA,12:56,FRAEK
2540,2023-06-11,BELFORT-MONTBELIARD TGV,NON,9218,15:38,INTERNATIONAL,PARIS (intramuros),ZURBALPA,FRPLY,13:20,FRTJA
2541,2023-06-11,ANNEMASSE,NON,6504,15:15,SUD EST,BELLEGARDE,ALPESPARIS,FRXBF,14:34,FRQNJ
2542,2023-06-11,BELLEGARDE,NON,6504,18:16,SUD EST,PARIS (intramuros),ALPESPARIS,FRPLY,15:18,FRXBF
2543,2023-06-11,EVIAN LES BAINS,NON,6504,18:16,SUD EST,PARIS (intramuros),ALPESPARIS,FRPLY,13:40,FRXEB
2544,2023-06-11,MONTAUBAN VILLE BOURBON,NON,8505,15:36,ATLANTIQUE,TOULOUSE MATABIAU,PASUDOUEST,FRXYT,15:03,FRXMW
2545,2023-06-11,ARRAS,NON,7324,16:08,NORD,PARIS (intramuros),ARRASPA,FRPNO,15:18,FRQRV
2546,2023-06-11,PARIS (intramuros),OUI,7163,10:40,NORD,ARRAS,PAARRAS,FRQRV,09:52,FRPNO
2547,2023-06-11,CARCASSONNE,OUI,4756,12:31,IC ARO,AGEN,TJOURSESO,FRAGF,10:35,FRCCF
2548,2023-06-11,NIMES,OUI,4756,10:01,IC ARO,NARBONNE,TJOURSESO,FRXNA,08:43,FRFNI
2549,2023-06-11,ARLES,OUI,4756,08:40,IC ARO,NIMES,TJOURSESO,FRFNI,08:13,FRHZA
2550,2023-06-11,ARLES,OUI,4756,11:18,IC ARO,TOULOUSE MATABIAU,TJOURSESO,FRXYT,08:13,FRHZA
2551,2023-06-11,MONTPELLIER SAINT-ROCH,OUI,4756,12:31,IC ARO,AGEN,TJOURSESO,FRAGF,09:11,FRMPL
2552,2023-06-11,MONTPELLIER SAINT-ROCH,OUI,4756,13:37,IC ARO,BORDEAUX ST JEAN,TJOURSESO,FRBOJ,09:11,FRMPL
2553,2023-06-11,MARSEILLE ST CHARLES,OUI,4756,09:07,IC ARO,MONTPELLIER SAINT-ROCH,TJOURSESO,FRMPL,07:22,FRMSC
2554,2023-06-11,MONTAUBAN VILLE BOURBON,OUI,4756,12:31,IC ARO,AGEN,TJOURSESO,FRAGF,11:56,FRXMW
2555,2023-06-11,NARBONNE,OUI,4756,13:37,IC ARO,BORDEAUX ST JEAN,TJOURSESO,FRBOJ,10:04,FRXNA
2556,2023-06-11,NARBONNE,OUI,4756,11:18,IC ARO,TOULOUSE MATABIAU,TJOURSESO,FRXYT,10:04,FRXNA
2557,2023-06-11,SETE,OUI,4756,12:31,IC ARO,AGEN,TJOURSESO,FRAGF,09:27,FRXSY
2558,2023-06-11,SETE,OUI,4756,10:33,IC ARO,CARCASSONNE,TJOURSESO,FRCCF,09:27,FRXSY
2559,2023-06-11,SETE,OUI,4756,10:01,IC ARO,NARBONNE,TJOURSESO,FRXNA,09:27,FRXSY
2560,2023-06-11,TOULOUSE MATABIAU,OUI,4756,11:54,IC ARO,MONTAUBAN VILLE BOURBON,TJOURSESO,FRXMW,11:24,FRXYT
2561,2023-06-11,PARIS (intramuros),OUI,5955,12:23,IC ARO,RIOM CHATEL GUYON,PACLERMONT,FRRIO,08:54,FRPLY
2562,2023-06-11,VICHY,OUI,5955,12:34,IC ARO,CLERMONT FERRAND,PACLERMONT,FRCFE,12:03,FRVHY
2563,2023-06-11,VICHY,OUI,5955,12:23,IC ARO,RIOM CHATEL GUYON,PACLERMONT,FRRIO,12:03,FRVHY
2564,2023-06-11,LES AUBRAIS ORLEANS,OUI,3629,14:15,IC ARO,LA SOUTERRAINE,PALITO,FRLST,12:30,FRLAB
2565,2023-06-11,VIERZON VILLE,OUI,3629,13:37,IC ARO,CHATEAUROUX,PALITO,FRCHR,13:07,FRXVZ
2566,2023-06-11,MODANE,NON,9240,10:15,INTERNATIONAL,CHAMBERY CHALLES LES EAUX,ITALIEPA,FRCMF,09:13,FRAGR
2567,2023-06-11,MODANE,NON,9240,11:40,INTERNATIONAL,MACON LOCHE TGV,ITALIEPA,FRMLT,09:13,FRAGR
2568,2023-06-11,MODANE,NON,9240,13:14,INTERNATIONAL,PARIS (intramuros),ITALIEPA,FRPLY,09:13,FRAGR
2569,2023-06-11,CHAMBERY CHALLES LES EAUX,NON,9240,11:40,INTERNATIONAL,MACON LOCHE TGV,ITALIEPA,FRMLT,10:22,FRCMF
2570,2023-06-11,MILANO P GARIBALDI,NON,9240,09:36,INTERNATIONAL,ST JEAN DE MAURIENNE ARVAN,ITALIEPA,FRHPN,06:00,ITMPG
2571,2023-06-11,MILANO P GARIBALDI,NON,9240,11:40,INTERNATIONAL,MACON LOCHE TGV,ITALIEPA,FRMLT,06:00,ITMPG
2572,2023-06-11,LILLE (intramuros),NON,7046,16:14,NORD,PARIS (intramuros),LILLEPA,FRPNO,15:12,FRADJ
2573,2023-06-11,MONTPELLIER SAINT-ROCH,OUI,6038,16:13,SUD EST,NIMES,LANGPA,FRFNI,15:48,FRMPL
2574,2023-06-11,MONTPELLIER SAINT-ROCH,NON,6038,17:01,SUD EST,VALENCE TGV RHONE-ALPES SUD,LANGPA,FRVLA,15:48,FRMPL
2575,2023-06-11,JONZAC,NON,3856,16:15,IC SRO,LA ROCHELLE VILLE,BORDONANTE,FRLRH,14:41,FREMR
2576,2023-06-11,LUCON,NON,3856,18:05,IC SRO,NANTES,BORDONANTE,FRNTE,17:00,FRLCN
2577,2023-06-11,LUCON,NON,3856,17:22,IC SRO,LA ROCHE SUR YON,BORDONANTE,FRXRO,17:00,FRLCN
2578,2023-06-11,LA ROCHELLE VILLE,NON,3856,18:05,IC SRO,NANTES,BORDONANTE,FRNTE,16:19,FRLRH
2579,2023-06-11,LA ROCHELLE VILLE,NON,3856,17:22,IC SRO,LA ROCHE SUR YON,BORDONANTE,FRXRO,16:19,FRLRH
2580,2023-06-11,ROCHEFORT,NON,3856,18:05,IC SRO,NANTES,BORDONANTE,FRNTE,15:56,FRRCO
2581,2023-06-11,SAINTES,NON,3856,18:05,IC SRO,NANTES,BORDONANTE,FRNTE,15:25,FRXST
2582,2023-06-11,ANGERS ST LAUD,OUI,8881,18:54,ATLANTIQUE,NANTES,PARISLOIRE,FRNTE,18:16,FRACL
2583,2023-06-11,BEZIERS,NON,6875,21:52,SUD EST,LYON (intramuros),JCSUDPROV,FRLPD,19:15,FRBZR
2584,2023-06-11,BEZIERS,NON,6875,21:10,SUD EST,VALENCE TGV RHONE-ALPES SUD,JCSUDPROV,FRVLA,19:15,FRBZR
2585,2023-06-11,CARCASSONNE,NON,6875,19:36,SUD EST,SETE,JCSUDPROV,FRXSY,18:28,FRCCF
2586,2023-06-11,VALENCE TGV RHONE-ALPES SUD,NON,6875,21:52,SUD EST,LYON (intramuros),JCSUDPROV,FRLPD,21:13,FRVLA
2587,2023-06-11,NARBONNE,NON,6875,19:12,SUD EST,BEZIERS,JCSUDPROV,FRBZR,18:59,FRXNA
2588,2023-06-11,SETE,NON,6875,20:01,SUD EST,MONTPELLIER SUD DE FRANCE,JCSUDPROV,FRSUF,19:39,FRXSY
2589,2023-06-11,MONTPELLIER SUD DE FRANCE,NON,6875,20:30,SUD EST,NIMES PONT DU GARD,JCSUDPROV,FRXZP,20:11,FRSUF
2590,2023-06-11,LA ROCHELLE VILLE,OUI,8374,11:02,ATLANTIQUE,SURGERES,ROCHELLEPA,FREIP,10:44,FRLRH
2591,2023-06-11,BEZIERS,NON,9713,14:58,SUD EST,PERPIGNAN,PABARCELONE,FRPGF,14:10,FRBZR
2592,2023-06-11,MONTPELLIER SAINT-ROCH,NON,9713,14:07,SUD EST,BEZIERS,PABARCELONE,FRBZR,13:20,FRMPL
2593,2023-06-11,VALENCE TGV RHONE-ALPES SUD,NON,9713,13:52,SUD EST,AGDE,PABARCELONE,FRXAG,12:00,FRVLA
2594,2023-06-11,AGDE,NON,9713,14:58,SUD EST,PERPIGNAN,PABARCELONE,FRPGF,13:55,FRXAG
2595,2023-06-11,SETE,NON,9713,14:58,SUD EST,PERPIGNAN,PABARCELONE,FRPGF,13:37,FRXSY
2596,2023-06-11,PARIS (intramuros),NON,9713,16:34,SUD EST,BARCELONA SANTS,PABARCELONE,ESBST,09:40,FRPLY
2597,2023-06-11,PERPIGNAN,NON,9713,15:27,SUD EST,FIGUERES VILA TGV,PABARCELONE,ESFIR,15:04,FRPGF
2598,2023-06-11,PERPIGNAN,NON,9713,15:46,SUD EST,GIRONA,PABARCELONE,ESGRO,15:04,FRPGF
2599,2023-06-11,VALENCE TGV RHONE-ALPES SUD,NON,9713,15:27,SUD EST,FIGUERES VILA TGV,PABARCELONE,ESFIR,12:00,FRVLA
2600,2023-06-11,NIMES,NON,9713,15:27,SUD EST,FIGUERES VILA TGV,PABARCELONE,ESFIR,12:49,FRFNI
2601,2023-06-11,BEZIERS,NON,9713,15:27,SUD EST,FIGUERES VILA TGV,PABARCELONE,ESFIR,14:10,FRBZR
2602,2023-06-11,SETE,NON,9713,15:46,SUD EST,GIRONA,PABARCELONE,ESGRO,13:37,FRXSY
2603,2023-06-11,LIMOGES BENEDICTINS,OUI,3635,18:15,IC ARO,CAHORS,PALITO,FRZAO,16:03,FRAGQ
2604,2023-06-11,CHATEAUROUX,OUI,3635,15:00,IC ARO,ARGENTON SUR CREUSE,PALITO,FRFMT,14:45,FRCHR
2605,2023-06-11,CHATEAUROUX,OUI,3635,18:15,IC ARO,CAHORS,PALITO,FRZAO,14:45,FRCHR
2606,2023-06-11,ARGENTON SUR CREUSE,OUI,3635,17:03,IC ARO,BRIVE LA GAILLARDE,PALITO,FRBVE,15:01,FRFMT
2607,2023-06-11,ARGENTON SUR CREUSE,OUI,3635,15:25,IC ARO,LA SOUTERRAINE,PALITO,FRLST,15:01,FRFMT
2608,2023-06-11,LA SOUTERRAINE,OUI,3635,17:03,IC ARO,BRIVE LA GAILLARDE,PALITO,FRBVE,15:26,FRLST
2609,2023-06-11,LA SOUTERRAINE,OUI,3635,17:30,IC ARO,SOUILLAC,PALITO,FRSOU,15:26,FRLST
2610,2023-06-11,PARIS (intramuros),OUI,3635,15:00,IC ARO,ARGENTON SUR CREUSE,PALITO,FRFMT,12:37,FRPAZ
2611,2023-06-11,VIERZON VILLE,OUI,3635,18:15,IC ARO,CAHORS,PALITO,FRZAO,14:13,FRXVZ
2612,2023-06-11,ARGENTON SUR CREUSE,OUI,3635,17:30,IC ARO,SOUILLAC,PALITO,FRSOU,15:01,FRFMT
2613,2023-06-11,LE CROISIC,OUI,8912,08:03,ATLANTIQUE,LA BAULE ESCOUBLAC,LOIREPARIS,FRJEE,07:55,FREGU
2614,2023-06-11,ST NAZAIRE,OUI,8912,08:59,ATLANTIQUE,NANTES,LOIREPARIS,FRNTE,08:24,FRSNR
2615,2023-06-11,PARIS (intramuros),NON,9777,19:30,INTERNATIONAL,GENEVE,PAGENEVE,CHGVA,16:16,FRPLY
2616,2023-06-11,BOURG EN BRESSE,NON,9777,19:30,INTERNATIONAL,GENEVE,PAGENEVE,CHGVA,18:12,FRXBK
2617,2023-06-11,NURIEUX,NON,9781,21:00,INTERNATIONAL,BELLEGARDE,PAGENEVE,FRXBF,20:37,FRHQN
2618,2023-06-11,PARIS (intramuros),NON,9781,21:00,INTERNATIONAL,BELLEGARDE,PAGENEVE,FRXBF,18:16,FRPLY
2619,2023-06-11,BOURG EN BRESSE,NON,9781,21:30,INTERNATIONAL,GENEVE,PAGENEVE,CHGVA,20:10,FRXBK
2620,2023-06-11,ARCACHON,OUI,8472,17:02,ATLANTIQUE,BORDEAUX ST JEAN,SUDOUESTPA,FRBOJ,16:23,FRXAC
2621,2023-06-11,AVIGNON TGV,NON,6864,14:37,SUD EST,VALENCE TGV RHONE-ALPES SUD,JCSUDPROV,FRVLA,14:06,FRAVG
2622,2023-06-11,MARSEILLE ST CHARLES,NON,6864,14:03,SUD EST,AVIGNON TGV,JCSUDPROV,FRAVG,13:30,FRMSC
2623,2023-06-11,MARSEILLE ST CHARLES,NON,6864,14:37,SUD EST,VALENCE TGV RHONE-ALPES SUD,JCSUDPROV,FRVLA,13:30,FRMSC
2624,2023-06-11,ST MAIXENT DEUX SEVRES,OUI,8380,17:11,ATLANTIQUE,POITIERS,ROCHELLEPA,FRPIS,16:40,FREJC
2625,2023-06-11,LILLE (intramuros),NON,9844,19:54,NORD,AEROPORT CDG2 TGV ROISSY,JCNORDSUD,FRMLW,19:03,FRLLE
2626,2023-06-11,AEROPORT CDG2 TGV ROISSY,NON,9844,22:00,NORD,LYON (intramuros),JCNORDSUD,FRLPD,20:00,FRMLW
2627,2023-06-11,MASSY TGV,OUI,5354,14:50,SUD EST,NANTES,JCSUDATL,FRNTE,12:39,FRDJU
2628,2023-06-11,LYON (intramuros),NON,5354,13:29,SUD EST,LE MANS,JCSUDATL,FRAET,10:30,FRLPD
2629,2023-06-11,LYON (intramuros),NON,5354,14:09,SUD EST,ANGERS ST LAUD,JCSUDATL,FRACL,10:16,FRLPE
2630,2023-06-11,LYON (intramuros),NON,5354,12:34,SUD EST,MASSY TGV,JCSUDATL,FRDJU,10:16,FRLPE
2631,2023-06-11,MACON LOCHE TGV,NON,6951,22:00,SUD EST,AIX LES BAINS LE REVARD,PARISALPES,FRXAI,20:19,FRMLT
2632,2023-06-11,PARIS (intramuros),NON,6951,22:30,SUD EST,ANNECY,PARISALPES,FRNCY,18:44,FRPLY
2633,2023-06-11,PARIS (intramuros),NON,6951,22:00,SUD EST,AIX LES BAINS LE REVARD,PARISALPES,FRXAI,18:44,FRPLY
2634,2023-06-11,ANGERS ST LAUD,NON,8985,20:59,ATLANTIQUE,NANTES,PARISLOIRE,FRNTE,20:19,FRACL
2635,2023-06-11,NANTES,OUI,8985,22:19,ATLANTIQUE,LES SABLES D'OLONNE,PARISLOIRE,FRLSO,21:10,FRNTE
2636,2023-06-11,NANTES,OUI,8985,21:50,ATLANTIQUE,LA ROCHE SUR YON,PARISLOIRE,FRXRO,21:10,FRNTE
2637,2023-06-11,AIX LES BAINS LE REVARD,NON,6964,11:40,SUD EST,MACON LOCHE TGV,ALPESPARIS,FRMLT,10:00,FRXAI
2638,2023-06-11,BRUXELLES MIDI BRUSSEL ZUID,NON,9836,20:00,NORD,LYON (intramuros),JCNORDSUD,FRLPD,16:17,BEBMI
2639,2023-06-11,BRUXELLES MIDI BRUSSEL ZUID,NON,9836,20:49,NORD,VALENCE TGV RHONE-ALPES SUD,JCNORDSUD,FRVLA,16:17,BEBMI
2640,2023-06-11,LILLE (intramuros),NON,9836,20:49,NORD,VALENCE TGV RHONE-ALPES SUD,JCNORDSUD,FRVLA,17:03,FRLLE
2641,2023-06-11,LYON (intramuros),OUI,9836,21:39,NORD,NIMES,JCNORDSUD,FRFNI,20:10,FRLPD
2642,2023-06-11,MARNE LA VALLEE CHESSY,NON,9836,20:00,NORD,LYON (intramuros),JCNORDSUD,FRLPD,18:13,FRMLV
2643,2023-06-11,AEROPORT CDG2 TGV ROISSY,NON,9836,21:39,NORD,NIMES,JCNORDSUD,FRFNI,17:59,FRMLW
2644,2023-06-11,AEROPORT CDG2 TGV ROISSY,NON,9836,20:49,NORD,VALENCE TGV RHONE-ALPES SUD,JCNORDSUD,FRVLA,17:59,FRMLW
2645,2023-06-11,VALENCE TGV RHONE-ALPES SUD,OUI,9836,22:08,NORD,MONTPELLIER SAINT-ROCH,JCNORDSUD,FRMPL,20:54,FRVLA
2646,2023-06-11,PARIS (intramuros),OUI,6905,10:13,SUD EST,GRENOBLE,PAGRENOBLE,FRGNB,07:12,FRPLY
2647,2023-06-11,PARIS (intramuros),NON,8715,13:57,ATLANTIQUE,LORIENT,PARISBRETA,FRLRT,10:53,FRPMO
2648,2023-06-11,AURAY,OUI,8715,14:34,ATLANTIQUE,QUIMPER,PARISBRETA,FRUIP,13:41,FRXUY
2649,2023-06-11,AIX EN PROVENCE TGV,NON,9866,12:45,NORD,AVIGNON TGV,JCSUDNORD,FRAVG,12:26,FRAIE
2650,2023-06-11,AIX EN PROVENCE TGV,NON,9866,13:54,NORD,LYON (intramuros),JCSUDNORD,FRLPD,12:26,FRAIE
2651,2023-06-11,MARSEILLE ST CHARLES,NON,9866,13:54,NORD,LYON (intramuros),JCSUDNORD,FRLPD,12:12,FRMSC
2652,2023-06-11,MARSEILLE ST CHARLES,NON,9866,15:46,NORD,MARNE LA VALLEE CHESSY,JCSUDNORD,FRMLV,12:12,FRMSC
2653,2023-06-11,BAYONNE,NON,14148,16:44,IC SRO,LOURDES,SUDOUEST,FRLDE,14:41,FRXBY
2654,2023-06-11,TARBES,NON,14148,18:45,IC SRO,TOULOUSE MATABIAU,SUDOUEST,FRXYT,17:08,FRXTB
2655,2023-06-11,ANGERS ST LAUD,NON,8880,18:25,ATLANTIQUE,PARIS (intramuros),LOIREPARIS,FRPMO,16:44,FRACL
2656,2023-06-11,NANTES,OUI,8880,17:23,ATLANTIQUE,LE MANS,LOIREPARIS,FRAET,16:05,FRNTE
2657,2023-06-11,PARIS (intramuros),NON,5971,19:34,IC ARO,CLERMONT FERRAND,PACLERMONT,FRCFE,15:59,FRPLY
2658,2023-06-11,PARIS (intramuros),NON,5971,19:01,IC ARO,VICHY,PACLERMONT,FRVHY,15:59,FRPLY
2659,2023-06-11,VICHY,OUI,5971,19:34,IC ARO,CLERMONT FERRAND,PACLERMONT,FRCFE,19:03,FRVHY
2660,2023-06-11,MOULINS SUR ALLIER,NON,5971,19:34,IC ARO,CLERMONT FERRAND,PACLERMONT,FRCFE,18:30,FRXMU
2661,2023-06-11,AVIGNON TGV,NON,6850,19:24,SUD EST,LYON (intramuros),JCSUDPROV,FRLPD,18:17,FRAVG
2662,2023-06-11,MARSEILLE ST CHARLES,OUI,6850,17:52,SUD EST,AIX EN PROVENCE TGV,JCSUDPROV,FRAIE,17:36,FRMSC
2663,2023-06-11,MARSEILLE ST CHARLES,NON,6850,18:14,SUD EST,AVIGNON TGV,JCSUDPROV,FRAVG,17:36,FRMSC
2664,2023-06-11,MARSEILLE ST CHARLES,NON,6850,19:24,SUD EST,LYON (intramuros),JCSUDPROV,FRLPD,17:36,FRMSC
2665,2023-06-11,NICE VILLE,OUI,6850,17:19,SUD EST,MARSEILLE ST CHARLES,JCSUDPROV,FRMSC,14:40,FRNIC
2666,2023-06-11,NICE VILLE,OUI,6850,14:53,SUD EST,ANTIBES,JCSUDPROV,FRXAT,14:40,FRNIC
2667,2023-06-11,NICE VILLE,OUI,6850,15:31,SUD EST,ST RAPHAEL VALESCURE,JCSUDPROV,FRXSK,14:40,FRNIC
2668,2023-06-11,ANTIBES,OUI,6850,15:05,SUD EST,CANNES,JCSUDPROV,FRJCA,14:56,FRXAT
2669,2023-06-11,GUINGAMP,OUI,8630,15:46,ATLANTIQUE,LAMBALLE,BRETAPARIS,FRLAM,15:19,FRGGP
2670,2023-06-11,GUINGAMP,OUI,8630,15:33,ATLANTIQUE,ST BRIEUC,BRETAPARIS,FRSBK,15:19,FRGGP
2671,2023-06-11,PLOUARET TREGOR,OUI,8630,15:17,ATLANTIQUE,GUINGAMP,BRETAPARIS,FRGGP,15:04,FRPLT
2672,2023-06-11,RENNES,NON,8630,18:09,ATLANTIQUE,PARIS (intramuros),BRETAPARIS,FRPMO,16:35,FRRNS
2673,2023-06-11,LAVAL,NON,8710,13:19,ATLANTIQUE,PARIS (intramuros),BRETAPARIS,FRPMO,12:04,FRACR
2674,2023-06-11,QUIMPERLE,OUI,8710,09:49,ATLANTIQUE,LORIENT,BRETAPARIS,FRLRT,09:38,FRECO
2675,2023-06-11,QUIMPERLE,NON,8710,11:25,ATLANTIQUE,RENNES,BRETAPARIS,FRRNS,09:38,FRECO
2676,2023-06-11,LORIENT,NON,8710,13:19,ATLANTIQUE,PARIS (intramuros),BRETAPARIS,FRPMO,09:52,FRLRT
2677,2023-06-11,ROSPORDEN,OUI,8710,09:35,ATLANTIQUE,QUIMPERLE,BRETAPARIS,FRECO,09:23,FRRSP
2678,2023-06-11,QUIMPER,OUI,8710,09:35,ATLANTIQUE,QUIMPERLE,BRETAPARIS,FRECO,09:09,FRUIP
2679,2023-06-11,QUIMPER,NON,8710,13:19,ATLANTIQUE,PARIS (intramuros),BRETAPARIS,FRPMO,09:09,FRUIP
2680,2023-06-11,QUIMPER,OUI,8710,10:20,ATLANTIQUE,VANNES,BRETAPARIS,FRVNE,09:09,FRUIP
2681,2023-06-11,REDON,NON,8710,11:25,ATLANTIQUE,RENNES,BRETAPARIS,FRRNS,10:51,FRXRN
2682,2023-06-11,LYON (intramuros),NON,6676,00:17,SUD EST,PARIS (intramuros),RHONEPARIS,FRPLY,22:04,FRLPD
2683,2023-06-11,LE CREUSOT MONTCEAU MONTCHANIN,NON,6676,00:17,SUD EST,PARIS (intramuros),RHONEPARIS,FRPLY,22:56,FRXCC
2684,2023-06-11,AIX EN PROVENCE TGV,NON,2096,22:07,EST,STRASBOURG,JCRHONRHIN,FRAEG,16:11,FRAIE
2685,2023-06-11,AIX EN PROVENCE TGV,NON,2096,16:30,EST,AVIGNON TGV,JCRHONRHIN,FRAVG,16:11,FRAIE
2686,2023-06-11,AVIGNON TGV,NON,2096,22:07,EST,STRASBOURG,JCRHONRHIN,FRAEG,16:33,FRAVG
2687,2023-06-11,AVIGNON TGV,NON,2096,20:16,EST,BESANCON - F COMTE TGV,JCRHONRHIN,FRTJB,16:33,FRAVG
2688,2023-06-11,LYON (intramuros),NON,2096,20:40,EST,BELFORT-MONTBELIARD TGV,JCRHONRHIN,FRTJA,18:00,FRLPD
2689,2023-06-11,MARSEILLE ST CHARLES,OUI,2096,16:08,EST,AIX EN PROVENCE TGV,JCRHONRHIN,FRAIE,15:56,FRMSC
2690,2023-06-11,MARSEILLE ST CHARLES,NON,2096,20:16,EST,BESANCON - F COMTE TGV,JCRHONRHIN,FRTJB,15:56,FRMSC
2691,2023-06-11,BESANCON - F COMTE TGV,OUI,2096,21:09,EST,MULHOUSE VILLE,JCRHONRHIN,FRAEK,20:19,FRTJB
2692,2023-06-11,LAVAL,NON,8605,11:21,ATLANTIQUE,ST BRIEUC,PARISBRETA,FRSBK,09:58,FRACR
2693,2023-06-11,GUINGAMP,OUI,8605,12:43,ATLANTIQUE,BREST,PARISBRETA,FRBES,11:41,FRGGP
2694,2023-06-11,LAMBALLE,NON,8605,11:38,ATLANTIQUE,GUINGAMP,PARISBRETA,FRGGP,11:11,FRLAM
2695,2023-06-11,PARIS (intramuros),NON,8605,12:43,ATLANTIQUE,BREST,PARISBRETA,FRBES,08:40,FRPMO
2696,2023-06-11,RENNES,NON,8605,11:38,ATLANTIQUE,GUINGAMP,PARISBRETA,FRGGP,10:32,FRRNS
2697,2023-06-11,RENNES,NON,8605,11:08,ATLANTIQUE,LAMBALLE,PARISBRETA,FRLAM,10:32,FRRNS
2698,2023-06-11,RENNES,NON,8605,11:21,ATLANTIQUE,ST BRIEUC,PARISBRETA,FRSBK,10:32,FRRNS
2699,2023-06-11,LYON-SAINT EXUPERY TGV,NON,6917,15:13,SUD EST,GRENOBLE,PAGRENOBLE,FRGNB,14:07,FRJDQ
2700,2023-06-11,PARIS (intramuros),NON,6917,14:03,SUD EST,LYON-SAINT EXUPERY TGV,PAGRENOBLE,FRJDQ,12:12,FRPLY
2701,2023-06-11,DIJON VILLE,NON,9879,16:18,EST,MACON VILLE,JCRHINRHON,FRHGU,15:21,FRABA
2702,2023-06-11,METZ VILLE,NON,9879,14:41,EST,BESANCON - F COMTE TGV,JCRHINRHON,FRTJB,12:12,FRADE
2703,2023-06-11,STRASBOURG,NON,9879,15:11,EST,DIJON VILLE,JCRHINRHON,FRABA,13:06,FRAEG
2704,2023-06-11,MULHOUSE VILLE,NON,9879,14:41,EST,BESANCON - F COMTE TGV,JCRHINRHON,FRTJB,13:57,FRAEK
2705,2023-06-11,BELFORT-MONTBELIARD TGV,NON,9879,14:41,EST,BESANCON - F COMTE TGV,JCRHINRHON,FRTJB,14:21,FRTJA
2706,2023-06-11,BELFORT-MONTBELIARD TGV,NON,9879,17:50,EST,VALENCE TGV RHONE-ALPES SUD,JCRHINRHON,FRVLA,14:21,FRTJA
2707,2023-06-11,BESANCON - F COMTE TGV,NON,9879,16:18,EST,MACON VILLE,JCRHINRHON,FRHGU,14:44,FRTJB
2708,2023-06-11,BESANCON - F COMTE TGV,NON,9879,17:50,EST,VALENCE TGV RHONE-ALPES SUD,JCRHINRHON,FRVLA,14:44,FRTJB
2709,2023-06-11,VALENCE TGV RHONE-ALPES SUD,OUI,9879,18:53,EST,MONTPELLIER SUD DE FRANCE,JCRHINRHON,FRSUF,17:55,FRVLA
2710,2023-06-11,STRASBOURG,NON,9879,18:53,EST,MONTPELLIER SUD DE FRANCE,JCRHINRHON,FRSUF,13:06,FRAEG
2711,2023-06-11,METZ VILLE,NON,9879,18:53,EST,MONTPELLIER SUD DE FRANCE,JCRHINRHON,FRSUF,12:12,FRADE
2712,2023-06-11,VALENCE TGV RHONE-ALPES SUD,OUI,9879,18:31,EST,NIMES PONT DU GARD,JCRHINRHON,FRXZP,17:55,FRVLA
2713,2023-06-11,MACON VILLE,NON,9879,18:31,EST,NIMES PONT DU GARD,JCRHINRHON,FRXZP,16:21,FRHGU
2714,2023-06-11,PARIS (intramuros),NON,9213,13:57,INTERNATIONAL,DIJON VILLE,PABALZUR,FRABA,12:20,FRPLY
2715,2023-06-11,MASSY TGV,NON,9838,21:01,NORD,LAVAL,JCNORDBRET,FRACR,19:39,FRDJU
2716,2023-06-11,LILLE (intramuros),NON,9838,19:34,NORD,MASSY TGV,JCNORDBRET,FRDJU,17:40,FRLLE
2717,2023-06-11,LILLE (intramuros),NON,9838,18:58,NORD,MARNE LA VALLEE CHESSY,JCNORDBRET,FRMLV,17:40,FRLLE
2718,2023-06-11,MARNE LA VALLEE CHESSY,NON,9838,21:29,NORD,RENNES,JCNORDBRET,FRRNS,19:02,FRMLV
2719,2023-06-11,AEROPORT CDG2 TGV ROISSY,NON,9838,20:29,NORD,LE MANS,JCNORDBRET,FRAET,18:49,FRMLW
2720,2023-06-11,AEROPORT CDG2 TGV ROISSY,NON,9838,21:29,NORD,RENNES,JCNORDBRET,FRRNS,18:49,FRMLW
2721,2023-06-11,TGV HAUTE PICARDIE,NON,9838,18:43,NORD,AEROPORT CDG2 TGV ROISSY,JCNORDBRET,FRMLW,18:15,FRTHP
2722,2023-06-11,TGV HAUTE PICARDIE,NON,9838,20:29,NORD,LE MANS,JCNORDBRET,FRAET,18:15,FRTHP
2723,2023-06-11,BRUXELLES MIDI BRUSSEL ZUID,NON,9838,20:29,NORD,LE MANS,JCNORDBRET,FRAET,16:54,BEBMI
2724,2023-06-11,BRUXELLES MIDI BRUSSEL ZUID,NON,9838,19:34,NORD,MASSY TGV,JCNORDBRET,FRDJU,16:54,BEBMI
2725,2023-06-11,PARIS (intramuros),NON,9765,13:00,INTERNATIONAL,BELLEGARDE,PAGENEVE,FRXBF,10:16,FRPLY
2726,2023-06-11,HENDAYE,NON,8550,19:24,ATLANTIQUE,DAX,SUDOUESTPA,FRACG,18:12,FRAEF
2727,2023-06-11,HENDAYE,NON,8550,20:40,ATLANTIQUE,BORDEAUX ST JEAN,SUDOUESTPA,FRBOJ,18:12,FRAEF
2728,2023-06-11,HENDAYE,NON,8550,22:56,ATLANTIQUE,PARIS (intramuros),SUDOUESTPA,FRPMO,18:12,FRAEF
2729,2023-06-11,BIARRITZ,NON,8550,20:40,ATLANTIQUE,BORDEAUX ST JEAN,SUDOUESTPA,FRBOJ,18:37,FRBIQ
2730,2023-06-11,ST JEAN DE LUZ CIBOURE,NON,8550,22:56,ATLANTIQUE,PARIS (intramuros),SUDOUESTPA,FRPMO,18:25,FRXJZ
2731,2023-06-11,LUCON,NON,3831,10:32,IC SRO,SAINTES,NANTEBORDO,FRXST,09:00,FRLCN
2732,2023-06-11,LA ROCHE SUR YON,NON,3831,10:03,IC SRO,ROCHEFORT,NANTEBORDO,FRRCO,08:36,FRXRO
2733,2023-06-11,SAINTES,NON,3831,11:10,IC SRO,JONZAC,NANTEBORDO,FREMR,10:34,FRXST
2734,2023-06-11,SURGERES,NON,8378,15:50,ATLANTIQUE,ST PIERRE DES CORPS,ROCHELLEPA,FRXSH,14:08,FREIP
2735,2023-06-11,ST MAIXENT DEUX SEVRES,OUI,8378,15:16,ATLANTIQUE,POITIERS,ROCHELLEPA,FRPIS,14:46,FREJC
2736,2023-06-11,ST MAIXENT DEUX SEVRES,NON,8378,16:58,ATLANTIQUE,PARIS (intramuros),ROCHELLEPA,FRPMO,14:46,FREJC
2737,2023-06-11,LA ROCHELLE VILLE,OUI,8378,14:05,ATLANTIQUE,SURGERES,ROCHELLEPA,FREIP,13:47,FRLRH
2738,2023-06-11,NIORT,NON,8378,16:58,ATLANTIQUE,PARIS (intramuros),ROCHELLEPA,FRPMO,14:29,FRNIT
2739,2023-06-11,ST PIERRE DES CORPS,NON,8378,16:58,ATLANTIQUE,PARIS (intramuros),ROCHELLEPA,FRPMO,15:54,FRXSH
2740,2023-06-11,HENDAYE,OUI,8544,16:51,ATLANTIQUE,BAYONNE,SUDOUESTPA,FRXBY,16:12,FRAEF
2741,2023-06-11,BIARRITZ,NON,8544,18:40,ATLANTIQUE,BORDEAUX ST JEAN,SUDOUESTPA,FRBOJ,16:39,FRBIQ
2742,2023-06-11,BIARRITZ,OUI,8544,16:51,ATLANTIQUE,BAYONNE,SUDOUESTPA,FRXBY,16:39,FRBIQ
2743,2023-06-11,ST JEAN DE LUZ CIBOURE,OUI,8544,16:51,ATLANTIQUE,BAYONNE,SUDOUESTPA,FRXBY,16:26,FRXJZ
2744,2023-06-11,BRUXELLES MIDI BRUSSEL ZUID,OUI,9874,13:53,NORD,LILLE (intramuros),JCNORDEST,FRLLE,13:17,BEBMI
2745,2023-06-11,BRUXELLES MIDI BRUSSEL ZUID,NON,9874,15:09,NORD,MARNE LA VALLEE CHESSY,JCNORDEST,FRMLV,13:17,BEBMI
2746,2023-06-11,LILLE (intramuros),NON,9874,16:48,NORD,LORRAINE TGV,JCNORDEST,FREAM,14:03,FRLLE
2747,2023-06-11,MARNE LA VALLEE CHESSY,NON,9874,17:37,NORD,STRASBOURG,JCNORDEST,FRAEG,15:23,FRMLV
2748,2023-06-11,NIMES PONT DU GARD,NON,6064,21:52,SUD EST,LYON (intramuros),JCSUDPROV,FRLPD,20:33,FRXZP
2749,2023-06-11,DIJON VILLE,NON,9898,10:57,EST,BELFORT-MONTBELIARD TGV,JCRHONRHIN,FRTJA,10:08,FRABA
2750,2023-06-11,NIMES,NON,9898,10:34,EST,BESANCON - F COMTE TGV,JCRHONRHIN,FRTJB,06:54,FRFNI
2751,2023-06-11,LYON (intramuros),NON,9898,12:24,EST,STRASBOURG,JCRHONRHIN,FRAEG,08:30,FRLPD
2752,2023-06-11,LYON (intramuros),NON,9898,11:49,EST,COLMAR,JCRHONRHIN,FRAEJ,08:30,FRLPD
2753,2023-06-11,LYON (intramuros),NON,9898,10:57,EST,BELFORT-MONTBELIARD TGV,JCRHONRHIN,FRTJA,08:30,FRLPD
2754,2023-06-11,MONTPELLIER SAINT-ROCH,NON,9898,09:58,EST,DIJON VILLE,JCRHONRHIN,FRABA,06:27,FRMPL
2755,2023-06-11,MONTPELLIER SAINT-ROCH,NON,9898,06:51,EST,NIMES,JCRHONRHIN,FRFNI,06:27,FRMPL
2756,2023-06-11,MONTPELLIER SAINT-ROCH,NON,9898,08:24,EST,LYON (intramuros),JCRHONRHIN,FRLPD,06:27,FRMPL
2757,2023-06-11,MONTPELLIER SAINT-ROCH,NON,9898,10:34,EST,BESANCON - F COMTE TGV,JCRHONRHIN,FRTJB,06:27,FRMPL
2758,2023-06-11,BESANCON - F COMTE TGV,NON,9898,10:57,EST,BELFORT-MONTBELIARD TGV,JCRHONRHIN,FRTJA,10:36,FRTJB
2759,2023-06-11,VALENCE TGV RHONE-ALPES SUD,NON,9898,09:58,EST,DIJON VILLE,JCRHONRHIN,FRABA,07:44,FRVLA
2760,2023-06-11,POITIERS,NON,8485,17:15,ATLANTIQUE,LIBOURNE,PASUDOUEST,FRXLR,15:57,FRPIS
2761,2023-06-11,PARIS (intramuros),NON,8485,16:34,ATLANTIQUE,ANGOULEME,PASUDOUEST,FRANG,14:15,FRPMO
2762,2023-06-11,PARIS (intramuros),NON,8485,15:54,ATLANTIQUE,POITIERS,PASUDOUEST,FRPIS,14:15,FRPMO
2763,2023-06-11,NIMES,NON,6225,21:31,SUD EST,SETE,PALANG,FRXSY,20:46,FRFNI
2764,2023-06-11,MONTPELLIER SAINT-ROCH,OUI,6225,22:20,SUD EST,NARBONNE,PALANG,FRXNA,21:17,FRMPL
2765,2023-06-11,VALENCE TGV RHONE-ALPES SUD,NON,6225,21:48,SUD EST,AGDE,PALANG,FRXAG,19:56,FRVLA
2766,2023-06-11,SETE,OUI,6225,21:48,SUD EST,AGDE,PALANG,FRXAG,21:34,FRXSY
2767,2023-06-11,CHAMPAGNE-ARDENNE,NON,9870,10:25,NORD,LORRAINE TGV,JCNORDEST,FREAM,09:34,FREAH
2768,2023-06-11,AEROPORT CDG2 TGV ROISSY,NON,9870,11:05,NORD,STRASBOURG,JCNORDEST,FRAEG,08:59,FRMLW
2769,2023-06-11,AEROPORT CDG2 TGV ROISSY,NON,9870,10:25,NORD,LORRAINE TGV,JCNORDEST,FREAM,08:59,FRMLW
2770,2023-06-11,CANNES,NON,6173,14:58,SUD EST,NICE VILLE,PAAZUR,FRNIC,14:30,FRJCA
2771,2023-06-11,MARSEILLE ST CHARLES,OUI,6173,14:01,SUD EST,ST RAPHAEL VALESCURE,PAAZUR,FRXSK,12:29,FRMSC
2772,2023-06-11,PARIS (intramuros),NON,6173,12:15,SUD EST,MARSEILLE ST CHARLES,PAAZUR,FRMSC,09:08,FRPLY
2773,2023-06-11,TOULON,NON,6173,14:58,SUD EST,NICE VILLE,PAAZUR,FRNIC,13:17,FRTLN
2774,2023-06-11,ANGOULEME,OUI,8486,12:04,ATLANTIQUE,POITIERS,SUDOUESTPA,FRPIS,11:25,FRANG
2775,2023-06-11,BORDEAUX ST JEAN,OUI,8486,10:40,ATLANTIQUE,LIBOURNE,SUDOUESTPA,FRXLR,10:12,FRBOJ
2776,2023-06-11,LIBOURNE,NON,8486,13:37,ATLANTIQUE,PARIS (intramuros),SUDOUESTPA,FRPMO,10:43,FRXLR
2777,2023-06-11,LE POULIGUEN,NON,8934,22:44,ATLANTIQUE,ANGERS ST LAUD,LOIREPARIS,FRACL,20:59,FREGS
2778,2023-06-11,LE POULIGUEN,OUI,8934,21:23,ATLANTIQUE,ST NAZAIRE,LOIREPARIS,FRSNR,20:59,FREGS
2779,2023-06-11,LE CROISIC,NON,8934,00:12,ATLANTIQUE,PARIS (intramuros),LOIREPARIS,FRPMO,20:51,FREGU
2780,2023-06-11,NANTES,NON,8934,00:12,ATLANTIQUE,PARIS (intramuros),LOIREPARIS,FRPMO,22:07,FRNTE
2781,2023-06-11,ST NAZAIRE,NON,8934,22:01,ATLANTIQUE,NANTES,LOIREPARIS,FRNTE,21:26,FRSNR
2782,2023-06-11,CANNES,NON,6074,12:33,SUD EST,MARSEILLE ST CHARLES,AZURPA,FRMSC,10:32,FRJCA
2783,2023-06-11,NICE VILLE,NON,6074,10:28,SUD EST,CANNES,AZURPA,FRJCA,09:57,FRNIC
2784,2023-06-11,ANTIBES,NON,6074,15:51,SUD EST,PARIS (intramuros),AZURPA,FRPLY,10:16,FRXAT
2785,2023-06-11,ANTIBES,NON,6074,11:44,SUD EST,TOULON,AZURPA,FRTLN,10:16,FRXAT
2786,2023-06-11,LYON (intramuros),OUI,6623,19:10,SUD EST,LYON (intramuros),PARISRHONE,FRLPE,19:02,FRLPD
2787,2023-06-11,ST MALO,OUI,8092,20:25,ATLANTIQUE,RENNES,BRETAPARIS,FRRNS,19:37,FRXSB
2788,2023-06-11,DIJON VILLE,NON,6743,16:58,SUD EST,DOLE VILLE,PABOUR,FRACE,16:35,FRABA
2789,2023-06-11,PARIS (intramuros),NON,6743,16:31,SUD EST,DIJON VILLE,PABOUR,FRABA,14:50,FRPLY
2790,2023-06-11,PARIS (intramuros),NON,6743,16:58,SUD EST,DOLE VILLE,PABOUR,FRACE,14:50,FRPLY
2791,2023-06-11,LYON (intramuros),NON,5358,20:31,SUD EST,MASSY TGV,JCSUDATL,FRDJU,18:30,FRLPD
2792,2023-06-11,VALENCE TGV RHONE-ALPES SUD,NON,5358,20:31,SUD EST,MASSY TGV,JCSUDATL,FRDJU,17:42,FRVLA
2793,2023-06-11,VALENCE TGV RHONE-ALPES SUD,NON,5358,18:20,SUD EST,LYON (intramuros),JCSUDATL,FRLPD,17:42,FRVLA
2794,2023-06-11,VALENCE TGV RHONE-ALPES SUD,NON,5358,23:09,SUD EST,NANTES,JCSUDATL,FRNTE,17:42,FRVLA
2795,2023-06-11,ST PIERRE DES CORPS,NON,5358,23:09,SUD EST,NANTES,JCSUDATL,FRNTE,21:32,FRXSH
2796,2023-06-11,MONTPELLIER SUD DE FRANCE,NON,5358,20:31,SUD EST,MASSY TGV,JCSUDATL,FRDJU,16:41,FRSUF
2797,2023-06-11,MONTPELLIER SUD DE FRANCE,NON,5358,23:09,SUD EST,NANTES,JCSUDATL,FRNTE,16:41,FRSUF
2798,2023-06-11,ST GAUDENS,NON,14143,13:57,IC SRO,PAU,SUDOUEST,FRAEE,12:24,FRFPH
2799,2023-06-11,TOULOUSE MATABIAU,NON,14143,12:22,IC SRO,ST GAUDENS,SUDOUEST,FRFPH,11:35,FRXYT
2800,2023-06-11,TOULOUSE MATABIAU,NON,14143,13:29,IC SRO,LOURDES,SUDOUEST,FRLDE,11:35,FRXYT
2801,2023-06-11,TOULOUSE MATABIAU,NON,14143,13:13,IC SRO,TARBES,SUDOUEST,FRXTB,11:35,FRXYT
2802,2023-06-11,CLERMONT FERRAND,OUI,5970,14:58,IC ARO,NEVERS,CLERMONTPA,FRNVS,13:31,FRCFE
2803,2023-06-11,RIOM CHATEL GUYON,OUI,5970,14:04,IC ARO,VICHY,CLERMONTPA,FRVHY,13:42,FRRIO
2804,2023-06-11,RIOM CHATEL GUYON,OUI,5970,14:29,IC ARO,MOULINS SUR ALLIER,CLERMONTPA,FRXMU,13:42,FRRIO
2805,2023-06-11,VICHY,OUI,5970,14:58,IC ARO,NEVERS,CLERMONTPA,FRNVS,14:06,FRVHY
2806,2023-06-11,MOULINS SUR ALLIER,OUI,5970,14:58,IC ARO,NEVERS,CLERMONTPA,FRNVS,14:31,FRXMU
2807,2023-06-11,PAU,OUI,8583,15:40,ATLANTIQUE,BORDEAUX ST JEAN,SUDOUESTPA,FRBOJ,13:29,FRAEE
2808,2023-06-11,BORDEAUX ST JEAN,NON,8583,17:52,ATLANTIQUE,PARIS (intramuros),SUDOUESTPA,FRPMO,15:46,FRBOJ
2809,2023-06-11,LOURDES,OUI,8583,14:20,ATLANTIQUE,DAX,SUDOUESTPA,FRACG,13:02,FRLDE
2810,2023-06-11,LOURDES,OUI,8583,13:27,ATLANTIQUE,PAU,SUDOUESTPA,FRAEE,13:02,FRLDE
2811,2023-06-11,TARBES,OUI,8583,15:40,ATLANTIQUE,BORDEAUX ST JEAN,SUDOUESTPA,FRBOJ,12:38,FRXTB
2812,2023-06-11,TARBES,OUI,8583,13:50,ATLANTIQUE,ORTHEZ,SUDOUESTPA,FRGFI,12:38,FRXTB
2813,2023-06-11,TARBES,NON,8583,17:52,ATLANTIQUE,PARIS (intramuros),SUDOUESTPA,FRPMO,12:38,FRXTB
2814,2023-06-11,LILLE (intramuros),NON,9826,14:00,NORD,LYON (intramuros),JCNORDSUD,FRLPD,11:03,FRLLE
2815,2023-06-11,LILLE (intramuros),NON,9826,12:08,NORD,MARNE LA VALLEE CHESSY,JCNORDSUD,FRMLV,11:03,FRLLE
2816,2023-06-11,AEROPORT CDG2 TGV ROISSY,NON,9826,14:48,NORD,VALENCE TGV RHONE-ALPES SUD,JCNORDSUD,FRVLA,11:59,FRMLW
2817,2023-06-11,BRUXELLES MIDI BRUSSEL ZUID,NON,9826,15:51,NORD,MONTPELLIER SUD DE FRANCE,JCNORDSUD,FRSUF,10:17,BEBMI
2818,2023-06-11,AEROPORT CDG2 TGV ROISSY,NON,9826,15:30,NORD,NIMES PONT DU GARD,JCNORDSUD,FRXZP,11:59,FRMLW
2819,2023-06-11,CREST,OUI,5790,07:56,IC NUIT,PARIS (intramuros),BRIANCONPA,FRPAZ,23:49,FRCRE
2820,2023-06-11,STRASBOURG,NON,5486,12:36,EST,ANGERS ST LAUD,JCESTATL,FRACL,07:31,FRAEG
2821,2023-06-11,LORRAINE TGV,NON,5486,12:36,EST,ANGERS ST LAUD,JCESTATL,FRACL,08:09,FREAM
2822,2023-06-11,LORRAINE TGV,NON,5486,13:19,EST,NANTES,JCESTATL,FRNTE,08:09,FREAM
2823,2023-06-11,AEROPORT CDG2 TGV ROISSY,NON,5486,12:36,EST,ANGERS ST LAUD,JCESTATL,FRACL,09:45,FRMLW
2824,2023-06-11,AEROPORT CDG2 TGV ROISSY,NON,5486,10:34,EST,MASSY TGV,JCESTATL,FRDJU,09:45,FRMLW
2825,2023-06-11,BORDEAUX ST JEAN,NON,8454,23:12,ATLANTIQUE,ST PIERRE DES CORPS,SUDOUESTPA,FRXSH,21:14,FRBOJ
2826,2023-06-11,DUNKERQUE,NON,7334,19:08,NORD,PARIS (intramuros),ARRASPA,FRPNO,16:56,FRADI
2827,2023-06-11,HAZEBROUCK,NON,7334,19:08,NORD,PARIS (intramuros),ARRASPA,FRPNO,17:20,FRHZK
2828,2023-06-11,BETHUNE,NON,7334,19:08,NORD,PARIS (intramuros),ARRASPA,FRPNO,17:43,FRXBH
2829,2023-06-11,PARIS (intramuros),OUI,8437,11:41,ATLANTIQUE,POITIERS,PASUDOUEST,FRPIS,10:03,FRPMO
2830,2023-06-11,PARIS (intramuros),OUI,8437,11:07,ATLANTIQUE,ST PIERRE DES CORPS,PASUDOUEST,FRXSH,10:03,FRPMO
2831,2023-06-11,ST PIERRE DES CORPS,OUI,8437,12:23,ATLANTIQUE,ANGOULEME,PASUDOUEST,FRANG,11:11,FRXSH
2832,2023-06-11,STRASBOURG,NON,5454,19:22,EST,ANGOULEME,JCESTATL,FRANG,14:01,FRAEG
2833,2023-06-11,MASSY TGV,NON,5454,18:40,EST,POITIERS,JCESTATL,FRPIS,17:10,FRDJU
2834,2023-06-11,CHAMPAGNE-ARDENNE,NON,5454,17:04,EST,MASSY TGV,JCESTATL,FRDJU,15:34,FREAH
2835,2023-06-11,CHAMPAGNE-ARDENNE,NON,5454,16:04,EST,AEROPORT CDG2 TGV ROISSY,JCESTATL,FRMLW,15:34,FREAH
2836,2023-06-11,CHAMPAGNE-ARDENNE,NON,5454,18:40,EST,POITIERS,JCESTATL,FRPIS,15:34,FREAH
2837,2023-06-11,MEUSE TGV,NON,5454,20:02,EST,BORDEAUX ST JEAN,JCESTATL,FRBOJ,15:05,FREAJ
2838,2023-06-11,MEUSE TGV,NON,5454,15:31,EST,CHAMPAGNE-ARDENNE,JCESTATL,FREAH,15:05,FREAJ
2839,2023-06-11,MEUSE TGV,NON,5454,16:04,EST,AEROPORT CDG2 TGV ROISSY,JCESTATL,FRMLW,15:05,FREAJ
2840,2023-06-11,MEUSE TGV,NON,5454,18:40,EST,POITIERS,JCESTATL,FRPIS,15:05,FREAJ
2841,2023-06-11,LORRAINE TGV,NON,5454,19:22,EST,ANGOULEME,JCESTATL,FRANG,14:39,FREAM
2842,2023-06-11,LORRAINE TGV,NON,5454,17:04,EST,MASSY TGV,JCESTATL,FRDJU,14:39,FREAM
2843,2023-06-11,LORRAINE TGV,NON,5454,16:27,EST,MARNE LA VALLEE CHESSY,JCESTATL,FRMLV,14:39,FREAM
2844,2023-06-11,LORRAINE TGV,NON,5454,18:06,EST,ST PIERRE DES CORPS,JCESTATL,FRXSH,14:39,FREAM
2845,2023-06-11,MARNE LA VALLEE CHESSY,NON,5454,19:22,EST,ANGOULEME,JCESTATL,FRANG,16:32,FRMLV
2846,2023-06-11,AEROPORT CDG2 TGV ROISSY,NON,5454,17:04,EST,MASSY TGV,JCESTATL,FRDJU,16:18,FRMLW
2847,2023-06-11,ST PIERRE DES CORPS,NON,5454,20:02,EST,BORDEAUX ST JEAN,JCESTATL,FRBOJ,18:10,FRXSH
2848,2023-06-11,PARIS (intramuros),OUI,7045,16:18,NORD,LILLE (intramuros),PALILLE,FRADJ,15:16,FRPNO
2849,2023-06-11,MARSEILLE ST CHARLES,NON,6124,19:22,SUD EST,PARIS (intramuros),AZURPA,FRPLY,16:04,FRMSC
2850,2023-06-11,TOULON,NON,6124,19:22,SUD EST,PARIS (intramuros),AZURPA,FRPLY,15:07,FRTLN
2851,2023-06-11,HYERES,OUI,6124,15:03,SUD EST,TOULON,AZURPA,FRTLN,14:50,FRXHE
2852,2023-06-11,DIJON VILLE,NON,6711,21:29,SUD EST,BELFORT-MONTBELIARD TGV,PABOUR,FRTJA,20:35,FRABA
2853,2023-06-11,PARIS (intramuros),NON,6711,21:05,SUD EST,BESANCON - F COMTE TGV,PABOUR,FRTJB,18:50,FRPLY
2854,2023-06-11,BESANCON - F COMTE TGV,NON,6711,21:55,SUD EST,MULHOUSE VILLE,PABOUR,FRAEK,21:08,FRTJB
2855,2023-06-11,BESANCON - F COMTE TGV,NON,6711,21:29,SUD EST,BELFORT-MONTBELIARD TGV,PABOUR,FRTJA,21:08,FRTJB
2856,2023-06-11,ANGERS ST LAUD,OUI,5300,10:17,SUD EST,VALENCE TGV RHONE-ALPES SUD,JCATLSUD,FRVLA,05:30,FRACL
2857,2023-06-11,VALENCE TGV RHONE-ALPES SUD,OUI,5300,11:21,SUD EST,MONTPELLIER SUD DE FRANCE,JCATLSUD,FRSUF,10:22,FRVLA
2858,2023-06-11,ANGERS ST LAUD,OUI,5300,11:21,SUD EST,MONTPELLIER SUD DE FRANCE,JCATLSUD,FRSUF,05:30,FRACL
2859,2023-06-11,VALENCE TGV RHONE-ALPES SUD,OUI,5300,10:58,SUD EST,NIMES PONT DU GARD,JCATLSUD,FRXZP,10:22,FRVLA
2860,2023-06-11,HENDAYE,NON,14142,12:06,IC SRO,PAU,SUDOUEST,FRAEE,10:19,FRAEF
2861,2023-06-11,HENDAYE,NON,14142,10:29,IC SRO,ST JEAN DE LUZ CIBOURE,SUDOUEST,FRXJZ,10:19,FRAEF
2862,2023-06-11,BIARRITZ,NON,14142,12:06,IC SRO,PAU,SUDOUEST,FRAEE,10:40,FRBIQ
2863,2023-06-11,ORTHEZ,NON,14142,12:06,IC SRO,PAU,SUDOUEST,FRAEE,11:45,FRGFI
2864,2023-06-11,BAYONNE,NON,14142,11:43,IC SRO,ORTHEZ,SUDOUEST,FRGFI,11:01,FRXBY
2865,2023-06-11,BAYONNE,NON,14142,12:34,IC SRO,LOURDES,SUDOUEST,FRLDE,11:01,FRXBY
2866,2023-06-11,BAYONNE,NON,14142,14:29,IC SRO,TOULOUSE MATABIAU,SUDOUEST,FRXYT,11:01,FRXBY
2867,2023-06-11,ST JEAN DE LUZ CIBOURE,NON,14142,12:50,IC SRO,TARBES,SUDOUEST,FRXTB,10:30,FRXJZ
2868,2023-06-11,MACON LOCHE TGV,NON,6972,16:14,SUD EST,PARIS (intramuros),ALPESPARIS,FRPLY,14:38,FRMLT
2869,2023-06-11,ANNECY,NON,6972,14:35,SUD EST,MACON LOCHE TGV,ALPESPARIS,FRMLT,12:30,FRNCY
2870,2023-06-11,ANNECY,NON,6972,16:14,SUD EST,PARIS (intramuros),ALPESPARIS,FRPLY,12:30,FRNCY
2871,2023-06-11,DOL DE BRETAGNE,NON,8088,20:20,ATLANTIQUE,PARIS (intramuros),BRETAPARIS,FRPMO,17:58,FRDOL
2872,2023-06-11,RENNES,OUI,8088,19:01,ATLANTIQUE,LAVAL,BRETAPARIS,FRACR,18:35,FRRNS
2873,2023-06-11,ST MALO,OUI,8088,17:55,ATLANTIQUE,DOL DE BRETAGNE,BRETAPARIS,FRDOL,17:42,FRXSB
2874,2023-06-11,ST MALO,OUI,8088,18:29,ATLANTIQUE,RENNES,BRETAPARIS,FRRNS,17:42,FRXSB
2875,2023-06-11,SURGERES,OUI,8362,11:40,ATLANTIQUE,PARIS (intramuros),ROCHELLEPA,FRPMO,09:08,FREIP
2876,2023-06-11,LA ROCHELLE VILLE,NON,8362,09:05,ATLANTIQUE,SURGERES,ROCHELLEPA,FREIP,08:47,FRLRH
2877,2023-06-11,LA ROCHELLE VILLE,NON,8362,11:40,ATLANTIQUE,PARIS (intramuros),ROCHELLEPA,FRPMO,08:47,FRLRH
2878,2023-06-11,NIORT,OUI,8362,10:35,ATLANTIQUE,ST PIERRE DES CORPS,ROCHELLEPA,FRXSH,09:29,FRNIT
2879,2023-06-11,PARIS (intramuros),OUI,7571,15:04,NORD,LILLE (intramuros),PAARRAS,FRLLE,13:52,FRPNO
2880,2023-06-11,PARIS (intramuros),OUI,7571,14:40,NORD,ARRAS,PAARRAS,FRQRV,13:52,FRPNO
2881,2023-06-11,GUINGAMP,NON,8646,21:29,ATLANTIQUE,RENNES,BRETAPARIS,FRRNS,20:24,FRGGP
2882,2023-06-11,MORLAIX,NON,8646,21:29,ATLANTIQUE,RENNES,BRETAPARIS,FRRNS,19:55,FRMXN
2883,2023-06-11,RENNES,NON,8646,23:08,ATLANTIQUE,PARIS (intramuros),BRETAPARIS,FRPMO,21:35,FRRNS
2884,2023-06-11,NIMES,NON,5062,12:47,NORD,MARNE LA VALLEE CHESSY,JCSUDNORD,FRMLV,09:25,FRFNI
2885,2023-06-11,LYON (intramuros),NON,5062,12:47,NORD,MARNE LA VALLEE CHESSY,JCSUDNORD,FRMLV,11:00,FRLPD
2886,2023-06-11,MARNE LA VALLEE CHESSY,NON,5062,13:01,NORD,AEROPORT CDG2 TGV ROISSY,JCSUDNORD,FRMLW,12:51,FRMLV
2887,2023-06-11,AEROPORT CDG2 TGV ROISSY,OUI,5062,13:55,NORD,ARRAS,JCSUDNORD,FRQRV,13:07,FRMLW
2888,2023-06-11,MONTPELLIER SAINT-ROCH,NON,5062,12:47,NORD,MARNE LA VALLEE CHESSY,JCSUDNORD,FRMLV,08:57,FRMPL
2889,2023-06-11,MONTPELLIER SAINT-ROCH,NON,5062,13:01,NORD,AEROPORT CDG2 TGV ROISSY,JCSUDNORD,FRMLW,08:57,FRMPL
2890,2023-06-11,MONTPELLIER SAINT-ROCH,NON,5062,13:34,NORD,TGV HAUTE PICARDIE,JCSUDNORD,FRTHP,08:57,FRMPL
2891,2023-06-11,ARRAS,OUI,5062,14:24,NORD,LILLE (intramuros),JCSUDNORD,FRLLE,14:03,FRQRV
2892,2023-06-11,VALENCE TGV RHONE-ALPES SUD,NON,5062,10:53,NORD,LYON (intramuros),JCSUDNORD,FRLPD,10:15,FRVLA
2893,2023-06-11,VALENCE TGV RHONE-ALPES SUD,NON,5062,13:34,NORD,TGV HAUTE PICARDIE,JCSUDNORD,FRTHP,10:15,FRVLA
2894,2023-06-11,AGEN,NON,4762,19:42,IC ARO,BORDEAUX ST JEAN,TJOURSESO,FRBOJ,18:37,FRAGF
2895,2023-06-11,CARCASSONNE,NON,4762,19:42,IC ARO,BORDEAUX ST JEAN,TJOURSESO,FRBOJ,16:33,FRCCF
2896,2023-06-11,NIMES,NON,4762,17:57,IC ARO,MONTAUBAN VILLE BOURBON,TJOURSESO,FRXMW,14:38,FRFNI
2897,2023-06-11,MARSEILLE ST CHARLES,OUI,4762,15:02,IC ARO,MONTPELLIER SAINT-ROCH,TJOURSESO,FRMPL,13:23,FRMSC
2898,2023-06-11,MARSEILLE ST CHARLES,NON,4762,15:59,IC ARO,NARBONNE,TJOURSESO,FRXNA,13:23,FRMSC
2899,2023-06-11,MARSEILLE ST CHARLES,NON,4762,17:18,IC ARO,TOULOUSE MATABIAU,TJOURSESO,FRXYT,13:23,FRMSC
2900,2023-06-11,MONTAUBAN VILLE BOURBON,NON,4762,19:42,IC ARO,BORDEAUX ST JEAN,TJOURSESO,FRBOJ,17:59,FRXMW
2901,2023-06-11,TOULOUSE MATABIAU,NON,4762,19:42,IC ARO,BORDEAUX ST JEAN,TJOURSESO,FRBOJ,17:26,FRXYT
2902,2023-06-11,LE CREUSOT MONTCEAU MONTCHANIN,NON,6634,23:09,SUD EST,PARIS (intramuros),RHONEPARIS,FRPLY,21:51,FRXCC
2903,2023-06-11,PARIS (intramuros),OUI,7371,14:40,NORD,ARRAS,PAARRAS,FRQRV,13:52,FRPNO
2904,2023-06-11,ANGERS ST LAUD,OUI,8871,12:54,ATLANTIQUE,NANTES,PARISLOIRE,FRNTE,12:16,FRACL
2905,2023-06-11,PARIS (intramuros),OUI,8871,11:33,ATLANTIQUE,LE MANS,PARISLOIRE,FRAET,10:36,FRPMO
2906,2023-06-11,HENDAYE,OUI,8540,13:35,ATLANTIQUE,BIARRITZ,SUDOUESTPA,FRBIQ,13:12,FRAEF
2907,2023-06-11,BIARRITZ,OUI,8540,13:50,ATLANTIQUE,BAYONNE,SUDOUESTPA,FRXBY,13:38,FRBIQ
2908,2023-06-11,BORDEAUX ST JEAN,NON,8540,17:52,ATLANTIQUE,PARIS (intramuros),SUDOUESTPA,FRPMO,15:46,FRBOJ
2909,2023-06-11,BAYONNE,NON,8540,14:24,ATLANTIQUE,DAX,SUDOUESTPA,FRACG,13:53,FRXBY
2910,2023-06-11,BAYONNE,NON,8540,15:40,ATLANTIQUE,BORDEAUX ST JEAN,SUDOUESTPA,FRBOJ,13:53,FRXBY
2911,2023-06-11,BAYONNE,NON,8540,17:52,ATLANTIQUE,PARIS (intramuros),SUDOUESTPA,FRPMO,13:53,FRXBY
2912,2023-06-11,ST JEAN DE LUZ CIBOURE,OUI,8540,13:50,ATLANTIQUE,BAYONNE,SUDOUESTPA,FRXBY,13:25,FRXJZ
2913,2023-06-11,ST BRIEUC,OUI,8622,15:29,ATLANTIQUE,RENNES,BRETAPARIS,FRRNS,14:40,FRSBK
2914,2023-06-11,VENDOME VILLIERS SUR LOIR,NON,8303,13:45,ATLANTIQUE,TOURS,PAROCHELLE,FRAFW,13:15,FRESL
2915,2023-06-11,VENDOME VILLIERS SUR LOIR,NON,8303,13:35,ATLANTIQUE,ST PIERRE DES CORPS,PAROCHELLE,FRXSH,13:15,FRESL
2916,2023-06-11,PARIS (intramuros),NON,8303,13:13,ATLANTIQUE,VENDOME VILLIERS SUR LOIR,PAROCHELLE,FRESL,12:28,FRPMO
2917,2023-06-11,ST PIERRE DES CORPS,NON,8303,13:45,ATLANTIQUE,TOURS,PAROCHELLE,FRAFW,13:39,FRXSH
2918,2023-06-11,PARIS (intramuros),NON,9763,10:09,INTERNATIONAL,BOURG EN BRESSE,PAGENEVE,FRXBK,08:16,FRPLY
2919,2023-06-11,BOURG EN BRESSE,NON,9763,11:30,INTERNATIONAL,GENEVE,PAGENEVE,CHGVA,10:12,FRXBK
2920,2023-06-11,LYON-SAINT EXUPERY TGV,OUI,6929,23:13,SUD EST,GRENOBLE,PAGRENOBLE,FRGNB,22:09,FRJDQ
2921,2023-06-11,CLERMONT FERRAND,OUI,5962,08:40,IC ARO,RIOM CHATEL GUYON,CLERMONTPA,FRRIO,08:31,FRCFE
2922,2023-06-11,CLERMONT FERRAND,NON,5962,09:29,IC ARO,MOULINS SUR ALLIER,CLERMONTPA,FRXMU,08:31,FRCFE
2923,2023-06-11,VICHY,NON,5962,09:29,IC ARO,MOULINS SUR ALLIER,CLERMONTPA,FRXMU,09:06,FRVHY
2924,2023-06-11,DIJON VILLE,NON,5516,14:55,EST,MULHOUSE VILLE,JCRHONRHIN,FRAEK,13:37,FRABA
2925,2023-06-11,MULHOUSE VILLE,NON,5516,15:54,EST,STRASBOURG,JCRHONRHIN,FRAEG,15:06,FRAEK
2926,2023-06-11,AIX EN PROVENCE TGV,NON,5516,13:03,EST,BEAUNE,JCRHONRHIN,FRXBV,09:58,FRAIE
2927,2023-06-11,AVIGNON TGV,NON,5516,15:54,EST,STRASBOURG,JCRHONRHIN,FRAEG,10:20,FRAVG
2928,2023-06-11,AVIGNON TGV,NON,5516,15:24,EST,COLMAR,JCRHONRHIN,FRAEJ,10:20,FRAVG
2929,2023-06-11,AVIGNON TGV,NON,5516,12:41,EST,CHALON SUR SAONE,JCRHONRHIN,FRXCD,10:20,FRAVG
2930,2023-06-11,MACON VILLE,NON,5516,14:30,EST,BELFORT-MONTBELIARD TGV,JCRHONRHIN,FRTJA,12:12,FRHGU
2931,2023-06-11,CANNES,NON,5516,15:54,EST,STRASBOURG,JCRHONRHIN,FRAEG,07:30,FRJCA
2932,2023-06-11,CANNES,NON,5516,13:03,EST,BEAUNE,JCRHONRHIN,FRXBV,07:30,FRJCA
2933,2023-06-11,CANNES,NON,5516,12:41,EST,CHALON SUR SAONE,JCRHONRHIN,FRXCD,07:30,FRJCA
2934,2023-06-11,CANNES,OUI,5516,07:52,EST,ST RAPHAEL VALESCURE,JCRHONRHIN,FRXSK,07:30,FRJCA
2935,2023-06-11,LYON (intramuros),NON,5516,17:02,EST,NANCY,JCRHONRHIN,FRENC,11:32,FRLPD
2936,2023-06-11,LYON (intramuros),NON,5516,14:30,EST,BELFORT-MONTBELIARD TGV,JCRHONRHIN,FRTJA,11:32,FRLPD
2937,2023-06-11,LYON (intramuros),NON,5516,12:41,EST,CHALON SUR SAONE,JCRHONRHIN,FRXCD,11:32,FRLPD
2938,2023-06-11,NICE VILLE,NON,5516,13:25,EST,DIJON VILLE,JCRHONRHIN,FRABA,07:00,FRNIC
2939,2023-06-11,NICE VILLE,NON,5516,15:24,EST,COLMAR,JCRHONRHIN,FRAEJ,07:00,FRNIC
2940,2023-06-11,NICE VILLE,NON,5516,09:55,EST,AIX EN PROVENCE TGV,JCRHONRHIN,FRAIE,07:00,FRNIC
2941,2023-06-11,NICE VILLE,NON,5516,12:09,EST,MACON VILLE,JCRHONRHIN,FRHGU,07:00,FRNIC
2942,2023-06-11,NICE VILLE,OUI,5516,09:33,EST,MARSEILLE ST CHARLES,JCRHONRHIN,FRMSC,07:00,FRNIC
2943,2023-06-11,NICE VILLE,OUI,5516,07:13,EST,ANTIBES,JCRHONRHIN,FRXAT,07:00,FRNIC
2944,2023-06-11,NICE VILLE,NON,5516,13:03,EST,BEAUNE,JCRHONRHIN,FRXBV,07:00,FRNIC
2945,2023-06-11,NICE VILLE,NON,5516,12:41,EST,CHALON SUR SAONE,JCRHONRHIN,FRXCD,07:00,FRNIC
2946,2023-06-11,BELFORT-MONTBELIARD TGV,NON,5516,14:55,EST,MULHOUSE VILLE,JCRHONRHIN,FRAEK,14:33,FRTJA
2947,2023-06-11,TOULON,NON,5516,17:02,EST,NANCY,JCRHONRHIN,FRENC,08:50,FRTLN
2948,2023-06-11,TOULON,NON,5516,12:09,EST,MACON VILLE,JCRHONRHIN,FRHGU,08:50,FRTLN
2949,2023-06-11,ANTIBES,NON,5516,15:54,EST,STRASBOURG,JCRHONRHIN,FRAEG,07:16,FRXAT
2950,2023-06-11,ANTIBES,NON,5516,09:55,EST,AIX EN PROVENCE TGV,JCRHONRHIN,FRAIE,07:16,FRXAT
2951,2023-06-11,ANTIBES,NON,5516,10:17,EST,AVIGNON TGV,JCRHONRHIN,FRAVG,07:16,FRXAT
2952,2023-06-11,ANTIBES,OUI,5516,09:33,EST,MARSEILLE ST CHARLES,JCRHONRHIN,FRMSC,07:16,FRXAT
2953,2023-06-11,CHALON SUR SAONE,NON,5516,14:55,EST,MULHOUSE VILLE,JCRHONRHIN,FRAEK,12:44,FRXCD
2954,2023-06-11,LES ARCS DRAGUIGNAN,NON,5516,13:25,EST,DIJON VILLE,JCRHONRHIN,FRABA,08:12,FRXRS
2955,2023-06-11,LES ARCS DRAGUIGNAN,NON,5516,12:09,EST,MACON VILLE,JCRHONRHIN,FRHGU,08:12,FRXRS
2956,2023-06-11,ST RAPHAEL VALESCURE,NON,5516,13:25,EST,DIJON VILLE,JCRHONRHIN,FRABA,07:55,FRXSK
2957,2023-06-11,ST RAPHAEL VALESCURE,NON,5516,12:09,EST,MACON VILLE,JCRHONRHIN,FRHGU,07:55,FRXSK
2958,2023-06-11,COLMAR,NON,5516,17:02,EST,NANCY,JCRHONRHIN,FRENC,15:27,FRAEJ
2959,2023-06-11,CANNES,NON,5516,14:06,EST,BESANCON - F COMTE TGV,JCRHONRHIN,FRTJB,07:30,FRJCA
2960,2023-06-11,LES ARCS DRAGUIGNAN,NON,5516,14:30,EST,BELFORT-MONTBELIARD TGV,JCRHONRHIN,FRTJA,08:12,FRXRS
2961,2023-06-11,BEAUNE,NON,5516,14:30,EST,BELFORT-MONTBELIARD TGV,JCRHONRHIN,FRTJA,13:06,FRXBV
2962,2023-06-11,CHAMBERY CHALLES LES EAUX,NON,6984,22:16,SUD EST,PARIS (intramuros),ALPESPARIS,FRPLY,19:22,FRCMF
2963,2023-06-11,ANGERS ST LAUD,OUI,8130,21:23,ATLANTIQUE,LE MANS,LOIREPARIS,FRAET,20:44,FRACL
2964,2023-06-11,LILLE (intramuros),NON,5224,13:04,NORD,ST PIERRE DES CORPS,JCNORDBRET,FRXSH,09:32,FRADJ
2965,2023-06-11,MARNE LA VALLEE CHESSY,NON,5224,12:04,NORD,MASSY TGV,JCNORDBRET,FRDJU,11:32,FRMLV
2966,2023-06-11,MARNE LA VALLEE CHESSY,NON,5224,13:04,NORD,ST PIERRE DES CORPS,JCNORDBRET,FRXSH,11:32,FRMLV
2967,2023-06-11,AEROPORT CDG2 TGV ROISSY,NON,5224,14:02,NORD,ANGERS ST LAUD,JCNORDBRET,FRACL,11:19,FRMLW
2968,2023-06-11,AEROPORT CDG2 TGV ROISSY,NON,5224,11:28,NORD,MARNE LA VALLEE CHESSY,JCNORDBRET,FRMLV,11:19,FRMLW
2969,2023-06-11,ARRAS,NON,5224,11:28,NORD,MARNE LA VALLEE CHESSY,JCNORDBRET,FRMLV,10:19,FRQRV
2970,2023-06-11,DOUAI,NON,5224,11:28,NORD,MARNE LA VALLEE CHESSY,JCNORDBRET,FRMLV,10:01,FRXDN
2971,2023-06-11,DOUAI,OUI,5224,10:14,NORD,ARRAS,JCNORDBRET,FRQRV,10:01,FRXDN
2972,2023-06-11,DOUAI,NON,5224,13:04,NORD,ST PIERRE DES CORPS,JCNORDBRET,FRXSH,10:01,FRXDN
2973,2023-06-11,BOURGES,NON,4504,15:48,IC SRO,VIERZON VILLE,JOURLYNNTE,FRXVZ,15:30,FRBOU
2974,2023-06-11,LYON (intramuros),NON,4504,17:32,IC SRO,SAUMUR,JOURLYNNTE,FRACN,12:00,FRLPD
2975,2023-06-11,LYON (intramuros),NON,4504,17:32,IC SRO,SAUMUR,JOURLYNNTE,FRACN,11:47,FRLPE
2976,2023-06-11,LYON (intramuros),NON,4504,13:03,IC SRO,ROANNE,JOURLYNNTE,FRRNE,11:47,FRLPE
2977,2023-06-11,LYON (intramuros),NON,4504,15:48,IC SRO,VIERZON VILLE,JOURLYNNTE,FRXVZ,11:47,FRLPE
2978,2023-06-11,NEVERS,NON,4504,17:32,IC SRO,SAUMUR,JOURLYNNTE,FRACN,14:50,FRNVS
2979,2023-06-11,NEVERS,NON,4504,18:38,IC SRO,NANTES,JOURLYNNTE,FRNTE,14:50,FRNVS
2980,2023-06-11,ROANNE,NON,4504,17:32,IC SRO,SAUMUR,JOURLYNNTE,FRACN,13:06,FRRNE
2981,2023-06-11,ROANNE,NON,4504,18:38,IC SRO,NANTES,JOURLYNNTE,FRNTE,13:06,FRRNE
2982,2023-06-11,ROANNE,NON,4504,14:09,IC SRO,MOULINS SUR ALLIER,JOURLYNNTE,FRXMU,13:06,FRRNE
2983,2023-06-11,ROANNE,NON,4504,16:55,IC SRO,ST PIERRE DES CORPS,JOURLYNNTE,FRXSH,13:06,FRRNE
2984,2023-06-11,VIERZON VILLE,NON,4504,17:32,IC SRO,SAUMUR,JOURLYNNTE,FRACN,15:50,FRXVZ
2985,2023-06-11,TOULOUSE MATABIAU,OUI,3750,06:50,IC NUIT,PARIS (intramuros),OCCITANPAR,FRPAZ,22:18,FRXYT
2986,2023-06-11,CAHORS,OUI,3750,05:43,IC NUIT,LES AUBRAIS ORLEANS,OCCITANPAR,FRLAB,23:33,FRZAO
2987,2023-06-11,LAVAL,OUI,8074,17:46,ATLANTIQUE,LE MANS,BRETAPARIS,FRAET,17:18,FRACR
2988,2023-06-11,VITRE,OUI,8074,17:46,ATLANTIQUE,LE MANS,BRETAPARIS,FRAET,16:58,FRXVT
2989,2023-06-11,GENEVE,NON,9764,11:42,INTERNATIONAL,PARIS (intramuros),GENEVEPA,FRPLY,08:29,CHGVA
2990,2023-06-11,BELLEGARDE,NON,9764,11:42,INTERNATIONAL,PARIS (intramuros),GENEVEPA,FRPLY,09:00,FRXBF
2991,2023-06-11,BELLEGARDE,NON,9764,09:49,INTERNATIONAL,BOURG EN BRESSE,GENEVEPA,FRXBK,09:00,FRXBF
2992,2023-06-11,MONTPELLIER SAINT-ROCH,OUI,6030,09:13,SUD EST,NIMES,LANGPA,FRFNI,08:48,FRMPL
2993,2023-06-11,MONTPELLIER SAINT-ROCH,OUI,6030,10:01,SUD EST,VALENCE TGV RHONE-ALPES SUD,LANGPA,FRVLA,08:48,FRMPL
2994,2023-06-11,PARIS (intramuros),NON,7177,18:35,NORD,VALENCIENNES,PAARRAS,FRXVS,16:52,FRPNO
2995,2023-06-11,DOUAI,OUI,7177,18:35,NORD,VALENCIENNES,PAARRAS,FRXVS,18:10,FRXDN
2996,2023-06-11,CHAMPAGNE-ARDENNE,NON,2407,09:59,EST,STRASBOURG,PASTRAMULH,FRAEG,08:41,FREAH
2997,2023-06-11,BRUXELLES MIDI BRUSSEL ZUID,NON,9830,14:53,NORD,AEROPORT CDG2 TGV ROISSY,JCNORDSUD,FRMLW,13:17,BEBMI
2998,2023-06-11,LILLE (intramuros),NON,9830,14:53,NORD,AEROPORT CDG2 TGV ROISSY,JCNORDSUD,FRMLW,14:03,FRLLE
2999,2023-06-11,AEROPORT CDG2 TGV ROISSY,NON,9830,18:37,NORD,AIX EN PROVENCE TGV,JCNORDSUD,FRAIE,14:59,FRMLW
3000,2023-06-11,AEROPORT CDG2 TGV ROISSY,NON,9830,18:13,NORD,AVIGNON TGV,JCNORDSUD,FRAVG,14:59,FRMLW
3001,2023-06-11,AEROPORT CDG2 TGV ROISSY,NON,9830,17:00,NORD,LYON (intramuros),JCNORDSUD,FRLPD,14:59,FRMLW
3002,2023-06-11,AEROPORT CDG2 TGV ROISSY,NON,9830,18:56,NORD,MARSEILLE ST CHARLES,JCNORDSUD,FRMSC,14:59,FRMLW
3003,2023-06-11,NIMES,NON,6823,14:15,SUD EST,TOULOUSE MATABIAU,JCPROVSUD,FRXYT,11:37,FRFNI
3004,2023-06-11,REIMS,NON,2754,18:01,EST,PARIS (intramuros),SEDBARPA,FRPST,17:15,FRRHE
3005,2023-06-11,CHARLEVILLE MEZIERES,OUI,2754,17:09,EST,REIMS,SEDBARPA,FRRHE,16:17,FRXCZ
3006,2023-06-11,QUIMPERLE,OUI,8730,15:53,ATLANTIQUE,LORIENT,BRETAPARIS,FRLRT,15:42,FRECO
3007,2023-06-11,LORIENT,OUI,8730,16:11,ATLANTIQUE,AURAY,BRETAPARIS,FRXUY,15:56,FRLRT
3008,2023-06-11,VANNES,NON,8730,17:25,ATLANTIQUE,RENNES,BRETAPARIS,FRRNS,16:27,FRVNE
3009,2023-06-11,AURAY,NON,8730,17:25,ATLANTIQUE,RENNES,BRETAPARIS,FRRNS,16:14,FRXUY
3010,2023-06-11,AURAY,OUI,8730,16:24,ATLANTIQUE,VANNES,BRETAPARIS,FRVNE,16:14,FRXUY
3011,2023-06-11,RENNES,OUI,8083,12:17,ATLANTIQUE,ST MALO,PARISBRETA,FRXSB,11:30,FRRNS
3012,2023-06-11,ANGERS ST LAUD,OUI,8887,21:54,ATLANTIQUE,NANTES,PARISLOIRE,FRNTE,21:16,FRACL
3013,2023-06-11,LE MANS,NON,8887,21:54,ATLANTIQUE,NANTES,PARISLOIRE,FRNTE,20:36,FRAET
3014,2023-06-11,PARIS (intramuros),NON,8887,21:13,ATLANTIQUE,ANGERS ST LAUD,PARISLOIRE,FRACL,19:36,FRPMO
3015,2023-06-11,PARIS (intramuros),NON,8887,21:54,ATLANTIQUE,NANTES,PARISLOIRE,FRNTE,19:36,FRPMO
3016,2023-06-11,STRASBOURG,NON,9571,09:26,INTERNATIONAL,KARLSRUHE HBF,PASTUTMUN,DEQKA,08:46,FRAEG
3017,2023-06-11,PARIS (intramuros),NON,9571,09:26,INTERNATIONAL,KARLSRUHE HBF,PASTUTMUN,DEQKA,06:55,FRPST
3018,2023-06-11,PARIS (intramuros),NON,9571,10:05,INTERNATIONAL,STUTTGART HBF,PASTUTMUN,DESGT,06:55,FRPST
3019,2023-06-11,LUCON,NON,3837,20:03,IC SRO,ROCHEFORT,NANTEBORDO,FRRCO,19:00,FRLCN
3020,2023-06-11,LA ROCHELLE VILLE,NON,3837,20:32,IC SRO,SAINTES,NANTEBORDO,FRXST,19:43,FRLRH
3021,2023-06-11,NANTES,NON,3837,21:10,IC SRO,JONZAC,NANTEBORDO,FREMR,17:55,FRNTE
3022,2023-06-11,LA ROCHE SUR YON,NON,3837,18:58,IC SRO,LUCON,NANTEBORDO,FRLCN,18:36,FRXRO
3023,2023-06-11,MASSY TGV,NON,5240,21:21,NORD,ANGOULEME,JCNORDAQUI,FRANG,19:09,FRDJU
3024,2023-06-11,MASSY TGV,NON,5240,22:02,NORD,BORDEAUX ST JEAN,JCNORDAQUI,FRBOJ,19:09,FRDJU
3025,2023-06-11,MARNE LA VALLEE CHESSY,NON,5240,20:40,NORD,POITIERS,JCNORDAQUI,FRPIS,18:32,FRMLV
3026,2023-06-11,AEROPORT CDG2 TGV ROISSY,NON,5240,22:02,NORD,BORDEAUX ST JEAN,JCNORDAQUI,FRBOJ,18:18,FRMLW
3027,2023-06-11,AEROPORT CDG2 TGV ROISSY,OUI,5240,18:27,NORD,MARNE LA VALLEE CHESSY,JCNORDAQUI,FRMLV,18:18,FRMLW
3028,2023-06-11,ST PIERRE DES CORPS,NON,5240,21:21,NORD,ANGOULEME,JCNORDAQUI,FRANG,20:10,FRXSH
3029,2023-06-11,PARIS (intramuros),NON,6613,13:56,SUD EST,LYON (intramuros),PARISRHONE,FRLPD,11:50,FRPLY
3030,2023-06-11,PARIS (intramuros),NON,6613,13:10,SUD EST,LE CREUSOT MONTCEAU MONTCHANIN,PARISRHONE,FRXCC,11:50,FRPLY
3031,2023-06-11,CANNES,NON,6852,22:14,SUD EST,LYON (intramuros),JCSUDPROV,FRLPD,17:59,FRJCA
3032,2023-06-11,CANNES,OUI,6852,18:37,SUD EST,LES ARCS DRAGUIGNAN,JCSUDPROV,FRXRS,17:59,FRJCA
3033,2023-06-11,NICE VILLE,OUI,6852,20:04,SUD EST,MARSEILLE ST CHARLES,JCSUDPROV,FRMSC,17:27,FRNIC
3034,2023-06-11,NICE VILLE,NON,6852,21:27,SUD EST,VALENCE TGV RHONE-ALPES SUD,JCSUDPROV,FRVLA,17:27,FRNIC
3035,2023-06-11,NICE VILLE,OUI,6852,18:21,SUD EST,ST RAPHAEL VALESCURE,JCSUDPROV,FRXSK,17:27,FRNIC
3036,2023-06-11,TOULON,NON,6852,20:29,SUD EST,AIX EN PROVENCE TGV,JCSUDPROV,FRAIE,19:18,FRTLN
3037,2023-06-11,ANTIBES,NON,6852,20:29,SUD EST,AIX EN PROVENCE TGV,JCSUDPROV,FRAIE,17:45,FRXAT
3038,2023-06-11,ANTIBES,NON,6852,20:52,SUD EST,AVIGNON TGV,JCSUDPROV,FRAVG,17:45,FRXAT
3039,2023-06-11,ANTIBES,OUI,6852,19:14,SUD EST,TOULON,JCSUDPROV,FRTLN,17:45,FRXAT
3040,2023-06-11,PARIS (intramuros),NON,6689,21:00,SUD EST,LYON (intramuros),PARISRHONE,FRLPD,18:58,FRPLY
3041,2023-06-11,ARLES,OUI,6195,22:40,SUD EST,MIRAMAS,PAVDR,FRMAZ,22:21,FRHZA
3042,2023-06-11,LYON-SAINT EXUPERY TGV,NON,6195,21:57,SUD EST,AVIGNON CENTRE,PAVDR,FRAES,20:11,FRJDQ
3043,2023-06-11,PARIS (intramuros),NON,6195,22:40,SUD EST,MIRAMAS,PAVDR,FRMAZ,18:12,FRPLY
3044,2023-06-11,PARIS (intramuros),NON,6195,20:46,SUD EST,VALENCE VILLE,PAVDR,FRVAF,18:12,FRPLY
3045,2023-06-11,PARIS (intramuros),NON,6195,21:10,SUD EST,MONTELIMAR GARE SNCF,PAVDR,FRXMK,18:12,FRPLY
3046,2023-06-11,VALENCE VILLE,OUI,6195,21:57,SUD EST,AVIGNON CENTRE,PAVDR,FRAES,20:49,FRVAF
3047,2023-06-11,VALENCE VILLE,OUI,6195,22:18,SUD EST,ARLES,PAVDR,FRHZA,20:49,FRVAF
3048,2023-06-11,VALENCE VILLE,OUI,6195,21:38,SUD EST,ORANGE,PAVDR,FRXOG,20:49,FRVAF
3049,2023-06-11,ZUERICH HB,NON,9234,19:28,INTERNATIONAL,BASEL SBB,ZURBALPA,CHAJP,18:34,CHAJD
3050,2023-06-11,ZUERICH HB,NON,9234,19:53,INTERNATIONAL,MULHOUSE VILLE,ZURBALPA,FRAEK,18:34,CHAJD
3051,2023-06-11,MARSEILLE ST CHARLES,OUI,6112,09:15,SUD EST,AIX EN PROVENCE TGV,PROVENCEPA,FRAIE,09:04,FRMSC
3052,2023-06-11,PARIS (intramuros),NON,8473,13:46,ATLANTIQUE,FACTURE BIGANOS,PASUDOUEST,FRFAC,11:08,FRPMO
3053,2023-06-11,PARIS (intramuros),NON,8473,14:10,ATLANTIQUE,ARCACHON,PASUDOUEST,FRXAC,11:08,FRPMO
3054,2023-06-11,PARIS (intramuros),OUI,7363,12:04,NORD,DUNKERQUE,PAARRAS,FRADI,09:52,FRPNO
3055,2023-06-11,LUNEVILLE,OUI,2598,18:45,EST,MEUSE TGV,NANCYPA,FREAJ,17:46,FRLNE
3056,2023-06-11,BREST,OUI,8652,20:49,ATLANTIQUE,MORLAIX,BRETAPARIS,FRMXN,20:19,FRBES
3057,2023-06-11,BREST,NON,8652,00:08,ATLANTIQUE,PARIS (intramuros),BRETAPARIS,FRPMO,20:19,FRBES
3058,2023-06-11,GUINGAMP,OUI,8652,21:35,ATLANTIQUE,ST BRIEUC,BRETAPARIS,FRSBK,21:21,FRGGP
3059,2023-06-11,MORLAIX,OUI,8652,21:48,ATLANTIQUE,LAMBALLE,BRETAPARIS,FRLAM,20:51,FRMXN
3060,2023-06-11,MORLAIX,NON,8652,00:08,ATLANTIQUE,PARIS (intramuros),BRETAPARIS,FRPMO,20:51,FRMXN
3061,2023-06-11,ST BRIEUC,OUI,8652,22:29,ATLANTIQUE,RENNES,BRETAPARIS,FRRNS,21:38,FRSBK
3062,2023-06-11,LAVAL,NON,5280,12:57,NORD,LE MANS,JCBRETNORD,FRAET,12:28,FRACR
3063,2023-06-11,LAVAL,NON,5280,15:49,NORD,LILLE (intramuros),JCBRETNORD,FRLLE,12:28,FRACR
3064,2023-06-11,RENNES,NON,5280,13:49,NORD,MASSY TGV,JCBRETNORD,FRDJU,12:00,FRRNS
3065,2023-06-11,RENNES,NON,5280,14:41,NORD,AEROPORT CDG2 TGV ROISSY,JCBRETNORD,FRMLW,12:00,FRRNS
3066,2023-06-11,PARIS (intramuros),NON,8725,18:09,ATLANTIQUE,QUIMPERLE,PARISBRETA,FRECO,14:59,FRPMO
3067,2023-06-11,PARIS (intramuros),NON,8725,18:40,ATLANTIQUE,QUIMPER,PARISBRETA,FRUIP,14:59,FRPMO
3068,2023-06-11,VANNES,OUI,8725,18:25,ATLANTIQUE,ROSPORDEN,PARISBRETA,FRRSP,17:27,FRVNE
3069,2023-06-11,AURAY,OUI,8725,17:55,ATLANTIQUE,LORIENT,PARISBRETA,FRLRT,17:40,FRXUY
3070,2023-06-11,AURAY,OUI,8725,18:40,ATLANTIQUE,QUIMPER,PARISBRETA,FRUIP,17:40,FRXUY
3071,2023-06-11,DIJON VILLE,NON,9223,22:26,INTERNATIONAL,ZUERICH HB,PABALZUR,CHAJD,20:01,FRABA
3072,2023-06-11,DIJON VILLE,NON,9223,21:03,INTERNATIONAL,MULHOUSE VILLE,PABALZUR,FRAEK,20:01,FRABA
3073,2023-06-11,ANGOULEME,NON,8432,10:01,ATLANTIQUE,PARIS (intramuros),SUDOUESTPA,FRPMO,07:36,FRANG
3074,2023-06-11,BORDEAUX ST JEAN,OUI,8432,08:16,ATLANTIQUE,POITIERS,SUDOUESTPA,FRPIS,06:58,FRBOJ
3075,2023-06-11,MARSEILLE ST CHARLES,NON,6106,07:50,SUD EST,AVIGNON TGV,PROVENCEPA,FRAVG,07:15,FRMSC
3076,2023-06-11,MEUSE TGV,OUI,2540,13:55,EST,CHAMPAGNE-ARDENNE,NANCYPA,FREAH,13:32,FREAJ
3077,2023-06-11,STRASBOURG,NON,9583,15:18,INTERNATIONAL,MANNHEIM HBF,MRSFRANC,DEMHG,13:55,FRAEG
3078,2023-06-11,MULHOUSE VILLE,NON,9583,15:59,INTERNATIONAL,FRANKFURT MAIN HBF,MRSFRANC,DEFRH,12:54,FRAEK
3079,2023-06-11,MULHOUSE VILLE,NON,9583,14:46,INTERNATIONAL,KARLSRUHE HBF,MRSFRANC,DEQKA,12:54,FRAEK
3080,2023-06-11,MULHOUSE VILLE,NON,9583,14:23,INTERNATIONAL,BADEN BADEN,MRSFRANC,DEZCC,12:54,FRAEK
3081,2023-06-11,AIX EN PROVENCE TGV,NON,9583,15:59,INTERNATIONAL,FRANKFURT MAIN HBF,MRSFRANC,DEFRH,08:25,FRAIE
3082,2023-06-11,AVIGNON TGV,NON,9583,09:54,INTERNATIONAL,LYON (intramuros),MRSFRANC,FRLPD,08:47,FRAVG
3083,2023-06-11,AVIGNON TGV,NON,9583,12:24,INTERNATIONAL,BELFORT-MONTBELIARD TGV,MRSFRANC,FRTJA,08:47,FRAVG
3084,2023-06-11,LYON (intramuros),NON,9583,15:59,INTERNATIONAL,FRANKFURT MAIN HBF,MRSFRANC,DEFRH,10:04,FRLPD
3085,2023-06-11,LYON (intramuros),NON,9583,13:43,INTERNATIONAL,STRASBOURG,MRSFRANC,FRAEG,10:04,FRLPD
3086,2023-06-11,MARSEILLE ST CHARLES,NON,9583,08:44,INTERNATIONAL,AVIGNON TGV,MRSFRANC,FRAVG,08:11,FRMSC
3087,2023-06-11,CHALON SUR SAONE,NON,9583,12:00,INTERNATIONAL,BESANCON - F COMTE TGV,MRSFRANC,FRTJB,11:06,FRXCD
3088,2023-06-11,PARIS (intramuros),NON,8033,20:10,ATLANTIQUE,RENNES,PARISBRETA,FRRNS,18:11,FRPMO
3089,2023-06-11,MASSY TGV,NON,5336,16:29,SUD EST,LYON (intramuros),JCATLSUD,FRLPD,14:26,FRDJU
3090,2023-06-11,MASSY TGV,NON,5336,17:15,SUD EST,VALENCE TGV RHONE-ALPES SUD,JCATLSUD,FRVLA,14:26,FRDJU
3091,2023-06-11,LYON (intramuros),NON,5336,17:15,SUD EST,VALENCE TGV RHONE-ALPES SUD,JCATLSUD,FRVLA,16:37,FRLPD
3092,2023-06-11,RENNES,NON,5336,13:27,SUD EST,LE MANS,JCATLSUD,FRAET,12:30,FRRNS
3093,2023-06-11,LYON (intramuros),NON,5336,18:36,SUD EST,MONTPELLIER SUD DE FRANCE,JCATLSUD,FRSUF,16:37,FRLPD
3094,2023-06-11,LILLE (intramuros),OUI,7546,23:08,NORD,PARIS (intramuros),ARRASPA,FRPNO,21:51,FRLLE
3095,2023-06-11,PARIS (intramuros),NON,9775,17:30,INTERNATIONAL,GENEVE,PAGENEVE,CHGVA,14:16,FRPLY
3096,2023-06-11,PARIS (intramuros),NON,9775,16:09,INTERNATIONAL,BOURG EN BRESSE,PAGENEVE,FRXBK,14:16,FRPLY
3097,2023-06-11,GENEVE,NON,9775,18:14,INTERNATIONAL,LAUSANNE,PAGENEVE,CHAJF,17:39,CHGVA
3098,2023-06-11,LAVAL,NON,8623,18:37,ATLANTIQUE,BREST,PARISBRETA,FRBES,16:00,FRACR
3099,2023-06-11,LAVAL,NON,8623,18:02,ATLANTIQUE,MORLAIX,PARISBRETA,FRMXN,16:00,FRACR
3100,2023-06-11,LAVAL,NON,8623,17:16,ATLANTIQUE,ST BRIEUC,PARISBRETA,FRSBK,16:00,FRACR
3101,2023-06-11,GUINGAMP,OUI,8623,18:02,ATLANTIQUE,MORLAIX,PARISBRETA,FRMXN,17:35,FRGGP
3102,2023-06-11,PARIS (intramuros),NON,8623,15:57,ATLANTIQUE,LAVAL,PARISBRETA,FRACR,14:41,FRPMO
3103,2023-06-11,PARIS (intramuros),NON,8623,18:02,ATLANTIQUE,MORLAIX,PARISBRETA,FRMXN,14:41,FRPMO
3104,2023-06-11,ST BRIEUC,NON,8623,17:33,ATLANTIQUE,GUINGAMP,PARISBRETA,FRGGP,17:19,FRSBK
3105,2023-06-11,CARCASSONNE,NON,4760,16:25,IC ARO,AGEN,TJOURSESO,FRAGF,14:30,FRCCF
3106,2023-06-11,CARCASSONNE,NON,4760,15:48,IC ARO,MONTAUBAN VILLE BOURBON,TJOURSESO,FRXMW,14:30,FRCCF
3107,2023-06-11,NIMES,NON,4760,17:32,IC ARO,BORDEAUX ST JEAN,TJOURSESO,FRBOJ,12:40,FRFNI
3108,2023-06-11,NIMES,OUI,4760,13:04,IC ARO,MONTPELLIER SAINT-ROCH,TJOURSESO,FRMPL,12:40,FRFNI
3109,2023-06-11,ARLES,NON,4760,16:25,IC ARO,AGEN,TJOURSESO,FRAGF,12:10,FRHZA
3110,2023-06-11,ARLES,NON,4760,14:28,IC ARO,CARCASSONNE,TJOURSESO,FRCCF,12:10,FRHZA
3111,2023-06-11,MONTPELLIER SAINT-ROCH,NON,4760,17:32,IC ARO,BORDEAUX ST JEAN,TJOURSESO,FRBOJ,13:07,FRMPL
3112,2023-06-11,MONTPELLIER SAINT-ROCH,NON,4760,15:48,IC ARO,MONTAUBAN VILLE BOURBON,TJOURSESO,FRXMW,13:07,FRMPL
3113,2023-06-11,MARSEILLE ST CHARLES,NON,4760,14:28,IC ARO,CARCASSONNE,TJOURSESO,FRCCF,11:24,FRMSC
3114,2023-06-11,MARSEILLE ST CHARLES,NON,4760,15:12,IC ARO,TOULOUSE MATABIAU,TJOURSESO,FRXYT,11:24,FRMSC
3115,2023-06-11,MONTAUBAN VILLE BOURBON,NON,4760,17:32,IC ARO,BORDEAUX ST JEAN,TJOURSESO,FRBOJ,15:50,FRXMW
3116,2023-06-11,SETE,NON,4760,16:25,IC ARO,AGEN,TJOURSESO,FRAGF,13:23,FRXSY
3117,2023-06-11,SETE,NON,4760,13:57,IC ARO,NARBONNE,TJOURSESO,FRXNA,13:23,FRXSY
3118,2023-06-11,SETE,NON,4760,15:12,IC ARO,TOULOUSE MATABIAU,TJOURSESO,FRXYT,13:23,FRXSY
3119,2023-06-11,TOULOUSE MATABIAU,NON,4760,16:25,IC ARO,AGEN,TJOURSESO,FRAGF,15:18,FRXYT
3120,2023-06-11,TOULOUSE MATABIAU,NON,4760,17:32,IC ARO,BORDEAUX ST JEAN,TJOURSESO,FRBOJ,15:18,FRXYT
3121,2023-06-11,LENS,NON,7342,21:08,NORD,PARIS (intramuros),ARRASPA,FRPNO,19:57,FRXLE
3122,2023-06-11,ARGENTON SUR CREUSE,NON,3685,22:59,IC ARO,LIMOGES BENEDICTINS,PALITO,FRAGQ,21:59,FRFMT
3123,2023-06-11,ARGENTON SUR CREUSE,NON,3685,00:03,IC ARO,BRIVE LA GAILLARDE,PALITO,FRBVE,21:59,FRFMT
3124,2023-06-11,ARGENTON SUR CREUSE,NON,3685,22:23,IC ARO,LA SOUTERRAINE,PALITO,FRLST,21:59,FRFMT
3125,2023-06-11,PARIS (intramuros),NON,3685,21:41,IC ARO,CHATEAUROUX,PALITO,FRCHR,19:36,FRPAZ
3126,2023-06-11,PARIS (intramuros),NON,3685,21:58,IC ARO,ARGENTON SUR CREUSE,PALITO,FRFMT,19:36,FRPAZ
3127,2023-06-11,VIERZON VILLE,NON,3685,22:59,IC ARO,LIMOGES BENEDICTINS,PALITO,FRAGQ,21:10,FRXVZ
3128,2023-06-11,CHAMPAGNE-ARDENNE,OUI,2785,21:19,EST,BAR LE DUC,PABARSED,FRXBD,20:11,FREAH
3129,2023-06-11,LES AUBRAIS ORLEANS,OUI,3737,08:13,IC NUIT,NARBONNE,PARPALOMBE,FRXNA,22:49,FRLAB
3130,2023-06-11,PARIS (intramuros),OUI,3737,07:22,IC NUIT,CARCASSONNE,PARPALOMBE,FRCCF,21:41,FRPAZ
3131,2023-06-11,PARIS (intramuros),OUI,3737,08:13,IC NUIT,NARBONNE,PARPALOMBE,FRXNA,21:41,FRPAZ
3132,2023-06-11,PARIS (intramuros),OUI,3737,10:06,IC NUIT,PORT VENDRES VILLE,PARPALOMBE,FRXPV,21:41,FRPAZ
3133,2023-06-11,METZ VILLE,OUI,2860,09:17,EST,MEUSE TGV,LUXMETZPA,FREAJ,08:50,FRADE
3134,2023-06-11,TOURS,NON,8324,21:43,ATLANTIQUE,VENDOME VILLIERS SUR LOIR,ROCHELLEPA,FRESL,21:16,FRAFW
3135,2023-06-11,TOURS,NON,8324,22:33,ATLANTIQUE,PARIS (intramuros),ROCHELLEPA,FRPMO,21:16,FRAFW
3136,2023-06-11,ST PIERRE DES CORPS,NON,8324,22:33,ATLANTIQUE,PARIS (intramuros),ROCHELLEPA,FRPMO,21:24,FRXSH
3137,2023-06-11,PAU,NON,14140,09:35,IC SRO,ST GAUDENS,SUDOUEST,FRFPH,08:11,FRAEE
3138,2023-06-11,ST GAUDENS,NON,14140,10:33,IC SRO,TOULOUSE MATABIAU,SUDOUEST,FRXYT,09:37,FRFPH
3139,2023-06-11,ORTHEZ,NON,14140,08:52,IC SRO,TARBES,SUDOUEST,FRXTB,07:47,FRGFI
3140,2023-06-11,LOURDES,NON,14140,10:33,IC SRO,TOULOUSE MATABIAU,SUDOUEST,FRXYT,08:39,FRLDE
3141,2023-06-11,BAYONNE,NON,14140,08:08,IC SRO,PAU,SUDOUEST,FRAEE,07:00,FRXBY
3142,2023-06-11,TARBES,NON,14140,09:35,IC SRO,ST GAUDENS,SUDOUEST,FRFPH,08:55,FRXTB
3143,2023-06-11,LYON (intramuros),NON,5192,19:44,NORD,LILLE (intramuros),JCSUDNORD,FRADJ,15:46,FRLPE
3144,2023-06-11,TGV HAUTE PICARDIE,OUI,5192,18:56,NORD,ARRAS,JCSUDNORD,FRQRV,18:39,FRTHP
3145,2023-06-11,ANGERS ST LAUD,NON,8926,20:29,ATLANTIQUE,PARIS (intramuros),LOIREPARIS,FRPMO,18:44,FRACL
3146,2023-06-11,LE CROISIC,OUI,8926,18:41,ATLANTIQUE,ANGERS ST LAUD,LOIREPARIS,FRACL,16:55,FREGU
3147,2023-06-11,LE CROISIC,NON,8926,19:28,ATLANTIQUE,LE MANS,LOIREPARIS,FRAET,16:55,FREGU
3148,2023-06-11,LE CROISIC,OUI,8926,17:59,ATLANTIQUE,NANTES,LOIREPARIS,FRNTE,16:55,FREGU
3149,2023-06-11,LA BAULE ESCOUBLAC,OUI,8926,18:41,ATLANTIQUE,ANGERS ST LAUD,LOIREPARIS,FRACL,17:07,FRJEE
3150,2023-06-11,LA BAULE ESCOUBLAC,OUI,8926,17:21,ATLANTIQUE,ST NAZAIRE,LOIREPARIS,FRSNR,17:07,FRJEE
3151,2023-06-11,NANTES,OUI,8926,18:41,ATLANTIQUE,ANGERS ST LAUD,LOIREPARIS,FRACL,18:05,FRNTE
3152,2023-06-11,ST NAZAIRE,OUI,8926,17:59,ATLANTIQUE,NANTES,LOIREPARIS,FRNTE,17:24,FRSNR
3153,2023-06-11,STRASBOURG,OUI,2203,07:48,EST,MULHOUSE VILLE,JCRHINRHON,FRAEK,06:47,FRAEG
3154,2023-06-11,STRASBOURG,NON,2203,12:55,EST,MONTPELLIER SAINT-ROCH,JCRHINRHON,FRMPL,06:47,FRAEG
3155,2023-06-11,COLMAR,NON,2203,12:55,EST,MONTPELLIER SAINT-ROCH,JCRHINRHON,FRMPL,07:16,FRAEJ
3156,2023-06-11,LYON (intramuros),NON,2203,12:24,EST,NIMES,JCRHINRHON,FRFNI,11:02,FRLPD
3157,2023-06-11,LYON (intramuros),NON,2203,12:55,EST,MONTPELLIER SAINT-ROCH,JCRHINRHON,FRMPL,11:02,FRLPD
3158,2023-06-11,BESANCON - F COMTE TGV,NON,2203,09:11,EST,DIJON VILLE,JCRHINRHON,FRABA,08:41,FRTJB
3159,2023-06-11,BESANCON - F COMTE TGV,NON,2203,12:55,EST,MONTPELLIER SAINT-ROCH,JCRHINRHON,FRMPL,08:41,FRTJB
3160,2023-06-11,BESANCON - F COMTE TGV,NON,2203,09:54,EST,CHALON SUR SAONE,JCRHINRHON,FRXCD,08:41,FRTJB
3161,2023-06-11,LYON (intramuros),NON,5186,23:26,NORD,LILLE (intramuros),JCSUDNORD,FRLLE,20:16,FRLPE
3162,2023-06-11,LYON (intramuros),OUI,5186,20:24,NORD,LYON (intramuros),JCSUDNORD,FRLPD,20:16,FRLPE
3163,2023-06-11,AEROPORT CDG2 TGV ROISSY,NON,5186,23:26,NORD,LILLE (intramuros),JCSUDNORD,FRLLE,22:37,FRMLW
3164,2023-06-11,MACON LOCHE TGV,NON,6621,18:03,SUD EST,LYON (intramuros),PARISRHONE,FRLPD,17:32,FRMLT
3165,2023-06-11,MACON LOCHE TGV,NON,6621,18:17,SUD EST,LYON (intramuros),PARISRHONE,FRLPE,17:32,FRMLT
3166,2023-06-11,LE CREUSOT MONTCEAU MONTCHANIN,NON,6621,18:17,SUD EST,LYON (intramuros),PARISRHONE,FRLPE,17:11,FRXCC
3167,2023-06-11,BEZIERS,NON,6034,15:01,SUD EST,VALENCE TGV RHONE-ALPES SUD,LANGPA,FRVLA,12:58,FRBZR
3168,2023-06-11,BEZIERS,OUI,6034,13:09,SUD EST,AGDE,LANGPA,FRXAG,12:58,FRBZR
3169,2023-06-11,PERPIGNAN,OUI,6034,13:09,SUD EST,AGDE,LANGPA,FRXAG,12:04,FRPGF
3170,2023-06-11,PERPIGNAN,OUI,6034,12:38,SUD EST,NARBONNE,LANGPA,FRXNA,12:04,FRPGF
3171,2023-06-11,PERPIGNAN,OUI,6034,13:25,SUD EST,SETE,LANGPA,FRXSY,12:04,FRPGF
3172,2023-06-11,AGDE,OUI,6034,14:13,SUD EST,NIMES,LANGPA,FRFNI,13:12,FRXAG
3173,2023-06-11,NARBONNE,NON,6034,15:01,SUD EST,VALENCE TGV RHONE-ALPES SUD,LANGPA,FRVLA,12:41,FRXNA
3174,2023-06-11,SETE,OUI,6034,14:13,SUD EST,NIMES,LANGPA,FRFNI,13:28,FRXSY
3175,2023-06-11,UZERCHE,OUI,3638,10:10,IC ARO,LIMOGES BENEDICTINS,TOULOUZECO,FRAGQ,09:33,FRAAW
3176,2023-06-11,UZERCHE,OUI,3638,11:22,IC ARO,CHATEAUROUX,TOULOUZECO,FRCHR,09:33,FRAAW
3177,2023-06-11,LIMOGES BENEDICTINS,NON,3638,11:39,IC ARO,ISSOUDUN,TOULOUZECO,FRFMN,10:13,FRAGQ
3178,2023-06-11,LIMOGES BENEDICTINS,NON,3638,13:34,IC ARO,PARIS (intramuros),TOULOUZECO,FRPAZ,10:13,FRAGQ
3179,2023-06-11,BRIVE LA GAILLARDE,OUI,3638,09:32,IC ARO,UZERCHE,TOULOUZECO,FRAAW,09:08,FRBVE
3180,2023-06-11,BRIVE LA GAILLARDE,OUI,3638,10:10,IC ARO,LIMOGES BENEDICTINS,TOULOUZECO,FRAGQ,09:08,FRBVE
3181,2023-06-11,GOURDON,OUI,3638,08:39,IC ARO,SOUILLAC,TOULOUZECO,FRSOU,08:24,FRFSI
3182,2023-06-11,LA SOUTERRAINE,NON,3638,12:02,IC ARO,VIERZON VILLE,TOULOUZECO,FRXVZ,10:47,FRLST
3183,2023-06-11,SOUILLAC,NON,3638,12:02,IC ARO,VIERZON VILLE,TOULOUZECO,FRXVZ,08:41,FRSOU
3184,2023-06-11,GOURDON,OUI,3638,10:45,IC ARO,LA SOUTERRAINE,TOULOUZECO,FRLST,08:24,FRFSI
3185,2023-06-11,GOURDON,NON,3638,11:39,IC ARO,ISSOUDUN,TOULOUZECO,FRFMN,08:24,FRFSI
3186,2023-06-11,LE MANS,NON,5460,17:48,EST,MASSY TGV,JCATLEST,FRDJU,16:57,FRAET
3187,2023-06-11,LE MANS,NON,5460,19:29,EST,CHAMPAGNE-ARDENNE,JCATLEST,FREAH,16:57,FRAET
3188,2023-06-11,LE MANS,NON,5460,18:37,EST,AEROPORT CDG2 TGV ROISSY,JCATLEST,FRMLW,16:57,FRAET
3189,2023-06-11,MASSY TGV,NON,5460,21:04,EST,STRASBOURG,JCATLEST,FRAEG,17:54,FRDJU
3190,2023-06-11,MEUSE TGV,NON,5460,21:04,EST,STRASBOURG,JCATLEST,FRAEG,20:07,FREAJ
3191,2023-06-11,MEUSE TGV,NON,5460,20:25,EST,LORRAINE TGV,JCATLEST,FREAM,20:07,FREAJ
3192,2023-06-11,MARNE LA VALLEE CHESSY,NON,5460,21:04,EST,STRASBOURG,JCATLEST,FRAEG,18:28,FRMLV
3193,2023-06-11,MARNE LA VALLEE CHESSY,NON,5460,19:29,EST,CHAMPAGNE-ARDENNE,JCATLEST,FREAH,18:28,FRMLV
3194,2023-06-11,LE MANS,NON,5460,20:00,EST,MEUSE TGV,JCATLEST,FREAJ,16:57,FRAET
3195,2023-06-11,LES SABLES D'OLONNE,OUI,8984,16:56,ATLANTIQUE,NANTES,LOIREPARIS,FRNTE,15:44,FRLSO
3196,2023-06-11,NANTES,OUI,8984,17:45,ATLANTIQUE,ANGERS ST LAUD,LOIREPARIS,FRACL,17:09,FRNTE
3197,2023-06-11,NANTES,NON,8984,19:14,ATLANTIQUE,PARIS (intramuros),LOIREPARIS,FRPMO,17:09,FRNTE
3198,2023-06-11,LA ROCHE SUR YON,NON,8984,19:14,ATLANTIQUE,PARIS (intramuros),LOIREPARIS,FRPMO,16:10,FRXRO
3199,2023-06-11,SURGERES,OUI,8364,17:40,ATLANTIQUE,NIORT,ROCHELLEPA,FRNIT,17:22,FREIP
3200,2023-06-11,ANGERS ST LAUD,NON,4402,13:10,IC SRO,LYON (intramuros),JOURNTELYN,FRLPD,07:10,FRACL
3201,2023-06-11,ANGERS ST LAUD,NON,4402,10:22,IC SRO,NEVERS,JOURNTELYN,FRNVS,07:10,FRACL
3202,2023-06-11,ANGERS ST LAUD,NON,4402,09:16,IC SRO,VIERZON VILLE,JOURNTELYN,FRXVZ,07:10,FRACL
3203,2023-06-11,SAUMUR,NON,4402,09:16,IC SRO,VIERZON VILLE,JOURNTELYN,FRXVZ,07:32,FRACN
3204,2023-06-11,BOURGES,NON,4402,13:10,IC SRO,LYON (intramuros),JOURNTELYN,FRLPD,09:45,FRBOU
3205,2023-06-11,BOURGES,NON,4402,13:22,IC SRO,LYON (intramuros),JOURNTELYN,FRLPE,09:45,FRBOU
3206,2023-06-11,BOURGES,NON,4402,10:22,IC SRO,NEVERS,JOURNTELYN,FRNVS,09:45,FRBOU
3207,2023-06-11,BOURGES,NON,4402,11:25,IC SRO,ST GERMAIN DES FOSSES,JOURNTELYN,FRSGF,09:45,FRBOU
3208,2023-06-11,BOURGES,NON,4402,11:00,IC SRO,MOULINS SUR ALLIER,JOURNTELYN,FRXMU,09:45,FRBOU
3209,2023-06-11,NANTES,NON,4402,07:30,IC SRO,SAUMUR,JOURNTELYN,FRACN,06:26,FRNTE
3210,2023-06-11,NANTES,NON,4402,13:10,IC SRO,LYON (intramuros),JOURNTELYN,FRLPD,06:26,FRNTE
3211,2023-06-11,NANTES,NON,4402,10:22,IC SRO,NEVERS,JOURNTELYN,FRNVS,06:26,FRNTE
3212,2023-06-11,NANTES,NON,4402,11:00,IC SRO,MOULINS SUR ALLIER,JOURNTELYN,FRXMU,06:26,FRNTE
3213,2023-06-11,NEVERS,NON,4402,11:00,IC SRO,MOULINS SUR ALLIER,JOURNTELYN,FRXMU,10:32,FRNVS
3214,2023-06-11,MOULINS SUR ALLIER,NON,4402,13:22,IC SRO,LYON (intramuros),JOURNTELYN,FRLPE,11:02,FRXMU
3215,2023-06-11,ST PIERRE DES CORPS,NON,4402,10:22,IC SRO,NEVERS,JOURNTELYN,FRNVS,08:08,FRXSH
3216,2023-06-11,VIERZON VILLE,NON,4402,12:04,IC SRO,ROANNE,JOURNTELYN,FRRNE,09:20,FRXVZ
3217,2023-06-11,LYON (intramuros),OUI,6610,08:58,SUD EST,LYON (intramuros),RHONEPARIS,FRLPD,08:50,FRLPE
3218,2023-06-11,LYON (intramuros),NON,6610,11:00,SUD EST,PARIS (intramuros),RHONEPARIS,FRPLY,08:50,FRLPE
3219,2023-06-11,AVIGNON TGV,NON,6805,12:26,SUD EST,CANNES,JCPROVSUD,FRJCA,09:29,FRAVG
3220,2023-06-11,AVIGNON TGV,NON,6805,12:58,SUD EST,NICE VILLE,JCPROVSUD,FRNIC,09:29,FRAVG
3221,2023-06-11,AVIGNON TGV,NON,6805,11:06,SUD EST,TOULON,JCPROVSUD,FRTLN,09:29,FRAVG
3222,2023-06-11,AVIGNON TGV,NON,6805,12:39,SUD EST,ANTIBES,JCPROVSUD,FRXAT,09:29,FRAVG
3223,2023-06-11,LYON (intramuros),NON,6805,11:06,SUD EST,TOULON,JCPROVSUD,FRTLN,08:06,FRLPD
3224,2023-06-11,LYON (intramuros),NON,6805,08:47,SUD EST,VALENCE TGV RHONE-ALPES SUD,JCPROVSUD,FRVLA,08:06,FRLPD
3225,2023-06-11,LYON (intramuros),NON,6805,12:02,SUD EST,ST RAPHAEL VALESCURE,JCPROVSUD,FRXSK,08:06,FRLPD
3226,2023-06-11,MARSEILLE ST CHARLES,OUI,6805,11:06,SUD EST,TOULON,JCPROVSUD,FRTLN,10:20,FRMSC
3227,2023-06-11,TOULON,OUI,6805,12:58,SUD EST,NICE VILLE,JCPROVSUD,FRNIC,11:11,FRTLN
3228,2023-06-11,VALENCE TGV RHONE-ALPES SUD,NON,6805,09:48,SUD EST,AIX EN PROVENCE TGV,JCPROVSUD,FRAIE,08:53,FRVLA
3229,2023-06-11,VALENCE TGV RHONE-ALPES SUD,NON,6805,12:39,SUD EST,ANTIBES,JCPROVSUD,FRXAT,08:53,FRVLA
3230,2023-06-11,ST RAPHAEL VALESCURE,OUI,6805,12:39,SUD EST,ANTIBES,JCPROVSUD,FRXAT,12:05,FRXSK
3231,2023-06-11,PARIS (intramuros),OUI,5979,21:35,IC ARO,CLERMONT FERRAND,PACLERMONT,FRCFE,17:57,FRPLY
3232,2023-06-11,PARIS (intramuros),OUI,5979,21:23,IC ARO,RIOM CHATEL GUYON,PACLERMONT,FRRIO,17:57,FRPLY
3233,2023-06-11,PARIS (intramuros),OUI,5979,21:01,IC ARO,VICHY,PACLERMONT,FRVHY,17:57,FRPLY
3234,2023-06-11,RIOM CHATEL GUYON,OUI,5979,21:35,IC ARO,CLERMONT FERRAND,PACLERMONT,FRCFE,21:25,FRRIO
3235,2023-06-11,PARIS (intramuros),NON,6035,20:42,SUD EST,NIMES,PALANG,FRFNI,17:40,FRPLY
3236,2023-06-11,PARIS (intramuros),NON,6035,21:11,SUD EST,MONTPELLIER SAINT-ROCH,PALANG,FRMPL,17:40,FRPLY
3237,2023-06-11,ANGERS ST LAUD,NON,4406,18:35,IC SRO,NEVERS,JOURNTELYN,FRNVS,15:28,FRACL
3238,2023-06-11,SAUMUR,NON,4406,18:35,IC SRO,NEVERS,JOURNTELYN,FRNVS,15:53,FRACN
3239,2023-06-11,SAUMUR,NON,4406,19:09,IC SRO,MOULINS SUR ALLIER,JOURNTELYN,FRXMU,15:53,FRACN
3240,2023-06-11,BOURGES,NON,4406,20:13,IC SRO,ROANNE,JOURNTELYN,FRRNE,17:59,FRBOU
3241,2023-06-11,BOURGES,NON,4406,19:34,IC SRO,ST GERMAIN DES FOSSES,JOURNTELYN,FRSGF,17:59,FRBOU
3242,2023-06-11,LYON (intramuros),NON,4406,21:30,IC SRO,LYON (intramuros),JOURNTELYN,FRLPE,21:22,FRLPD
3243,2023-06-11,NANTES,NON,4406,15:51,IC SRO,SAUMUR,JOURNTELYN,FRACN,14:47,FRNTE
3244,2023-06-11,NANTES,NON,4406,21:30,IC SRO,LYON (intramuros),JOURNTELYN,FRLPE,14:47,FRNTE
3245,2023-06-11,NANTES,NON,4406,18:35,IC SRO,NEVERS,JOURNTELYN,FRNVS,14:47,FRNTE
3246,2023-06-11,NANTES,NON,4406,17:38,IC SRO,VIERZON VILLE,JOURNTELYN,FRXVZ,14:47,FRNTE
3247,2023-06-11,ST GERMAIN DES FOSSES,NON,4406,21:18,IC SRO,LYON (intramuros),JOURNTELYN,FRLPD,19:36,FRSGF
3248,2023-06-11,MOULINS SUR ALLIER,NON,4406,21:30,IC SRO,LYON (intramuros),JOURNTELYN,FRLPE,19:11,FRXMU
3249,2023-06-11,ST PIERRE DES CORPS,NON,4406,21:30,IC SRO,LYON (intramuros),JOURNTELYN,FRLPE,16:34,FRXSH
3250,2023-06-11,ST PIERRE DES CORPS,NON,4406,20:13,IC SRO,ROANNE,JOURNTELYN,FRRNE,16:34,FRXSH
3251,2023-06-11,ST PIERRE DES CORPS,NON,4406,17:38,IC SRO,VIERZON VILLE,JOURNTELYN,FRXVZ,16:34,FRXSH
3252,2023-06-11,EVIAN LES BAINS,NON,6506,21:22,SUD EST,PARIS (intramuros),ALPESPARIS,FRPLY,16:45,FRXEB
3253,2023-06-11,AGEN,OUI,12213,23:02,ATLANTIQUE,MONTAUBAN VILLE BOURBON,PASUDOUEST,FRXMW,22:25,FRAGF
3254,2023-06-11,BORDEAUX ST JEAN,OUI,12213,23:02,ATLANTIQUE,MONTAUBAN VILLE BOURBON,PASUDOUEST,FRXMW,21:20,FRBOJ
3255,2023-06-11,PARIS (intramuros),NON,12213,21:14,ATLANTIQUE,BORDEAUX ST JEAN,PASUDOUEST,FRBOJ,19:08,FRPMO
3256,2023-06-11,PARIS (intramuros),NON,12213,23:02,ATLANTIQUE,MONTAUBAN VILLE BOURBON,PASUDOUEST,FRXMW,19:08,FRPMO
3257,2023-06-11,ANCENIS,NON,8824,21:12,ATLANTIQUE,PARIS (intramuros),LOIREPARIS,FRPMO,19:17,FREFN
3258,2023-06-11,LAVAL,NON,8641,21:08,ATLANTIQUE,LAMBALLE,PARISBRETA,FRLAM,19:58,FRACR
3259,2023-06-11,LAVAL,NON,8641,21:21,ATLANTIQUE,ST BRIEUC,PARISBRETA,FRSBK,19:58,FRACR
3260,2023-06-11,LAMBALLE,OUI,8641,21:21,ATLANTIQUE,ST BRIEUC,PARISBRETA,FRSBK,21:11,FRLAM
3261,2023-06-11,LAMBALLE,OUI,8641,22:36,ATLANTIQUE,LANDERNEAU,PARISBRETA,FRXLD,21:11,FRLAM
3262,2023-06-11,MORLAIX,OUI,8641,22:36,ATLANTIQUE,LANDERNEAU,PARISBRETA,FRXLD,22:14,FRMXN
3263,2023-06-11,PARIS (intramuros),NON,8641,19:55,ATLANTIQUE,LAVAL,PARISBRETA,FRACR,18:40,FRPMO
3264,2023-06-11,PARIS (intramuros),NON,8641,21:38,ATLANTIQUE,GUINGAMP,PARISBRETA,FRGGP,18:40,FRPMO
3265,2023-06-11,PARIS (intramuros),NON,8641,22:36,ATLANTIQUE,LANDERNEAU,PARISBRETA,FRXLD,18:40,FRPMO
3266,2023-06-11,ST BRIEUC,OUI,8641,22:11,ATLANTIQUE,MORLAIX,PARISBRETA,FRMXN,21:24,FRSBK
3267,2023-06-11,AIX EN PROVENCE TGV,NON,2242,12:41,EST,CHALON SUR SAONE,JCRHONRHIN,FRXCD,09:58,FRAIE
3268,2023-06-11,AVIGNON TGV,NON,2242,15:54,EST,STRASBOURG,JCRHONRHIN,FRAEG,10:20,FRAVG
3269,2023-06-11,MACON VILLE,NON,2242,14:30,EST,BELFORT-MONTBELIARD TGV,JCRHONRHIN,FRTJA,12:12,FRHGU
3270,2023-06-11,MACON VILLE,NON,2242,13:03,EST,BEAUNE,JCRHONRHIN,FRXBV,12:12,FRHGU
3271,2023-06-11,CANNES,NON,2242,14:55,EST,MULHOUSE VILLE,JCRHONRHIN,FRAEK,07:30,FRJCA
3272,2023-06-11,LYON (intramuros),NON,2242,13:25,EST,DIJON VILLE,JCRHONRHIN,FRABA,11:32,FRLPD
3273,2023-06-11,LYON (intramuros),NON,2242,15:24,EST,COLMAR,JCRHONRHIN,FRAEJ,11:32,FRLPD
3274,2023-06-11,LYON (intramuros),NON,2242,14:55,EST,MULHOUSE VILLE,JCRHONRHIN,FRAEK,11:32,FRLPD
3275,2023-06-11,LYON (intramuros),NON,2242,14:06,EST,BESANCON - F COMTE TGV,JCRHONRHIN,FRTJB,11:32,FRLPD
3276,2023-06-11,LYON (intramuros),NON,2242,13:03,EST,BEAUNE,JCRHONRHIN,FRXBV,11:32,FRLPD
3277,2023-06-11,MARSEILLE ST CHARLES,NON,2242,13:25,EST,DIJON VILLE,JCRHONRHIN,FRABA,09:45,FRMSC
3278,2023-06-11,MARSEILLE ST CHARLES,NON,2242,09:55,EST,AIX EN PROVENCE TGV,JCRHONRHIN,FRAIE,09:45,FRMSC
3279,2023-06-11,MARSEILLE ST CHARLES,NON,2242,11:26,EST,LYON (intramuros),JCRHONRHIN,FRLPD,09:45,FRMSC
3280,2023-06-11,MARSEILLE ST CHARLES,NON,2242,12:41,EST,CHALON SUR SAONE,JCRHONRHIN,FRXCD,09:45,FRMSC
3281,2023-06-11,NICE VILLE,NON,2242,15:54,EST,STRASBOURG,JCRHONRHIN,FRAEG,07:00,FRNIC
3282,2023-06-11,NICE VILLE,NON,2242,15:24,EST,COLMAR,JCRHONRHIN,FRAEJ,07:00,FRNIC
3283,2023-06-11,NICE VILLE,NON,2242,09:55,EST,AIX EN PROVENCE TGV,JCRHONRHIN,FRAIE,07:00,FRNIC
3284,2023-06-11,NICE VILLE,OUI,2242,07:13,EST,ANTIBES,JCRHONRHIN,FRXAT,07:00,FRNIC
3285,2023-06-11,NICE VILLE,NON,2242,13:03,EST,BEAUNE,JCRHONRHIN,FRXBV,07:00,FRNIC
3286,2023-06-11,BELFORT-MONTBELIARD TGV,NON,2242,15:24,EST,COLMAR,JCRHONRHIN,FRAEJ,14:33,FRTJA
3287,2023-06-11,BELFORT-MONTBELIARD TGV,NON,2242,14:55,EST,MULHOUSE VILLE,JCRHONRHIN,FRAEK,14:33,FRTJA
3288,2023-06-11,BESANCON - F COMTE TGV,NON,2242,15:54,EST,STRASBOURG,JCRHONRHIN,FRAEG,14:09,FRTJB
3289,2023-06-11,TOULON,NON,2242,15:24,EST,COLMAR,JCRHONRHIN,FRAEJ,08:50,FRTLN
3290,2023-06-11,TOULON,NON,2242,14:55,EST,MULHOUSE VILLE,JCRHONRHIN,FRAEK,08:50,FRTLN
3291,2023-06-11,TOULON,NON,2242,09:55,EST,AIX EN PROVENCE TGV,JCRHONRHIN,FRAIE,08:50,FRTLN
3292,2023-06-11,TOULON,NON,2242,13:03,EST,BEAUNE,JCRHONRHIN,FRXBV,08:50,FRTLN
3293,2023-06-11,TOULON,NON,2242,12:41,EST,CHALON SUR SAONE,JCRHONRHIN,FRXCD,08:50,FRTLN
3294,2023-06-11,ANTIBES,NON,2242,15:54,EST,STRASBOURG,JCRHONRHIN,FRAEG,07:16,FRXAT
3295,2023-06-11,ANTIBES,NON,2242,13:03,EST,BEAUNE,JCRHONRHIN,FRXBV,07:16,FRXAT
3296,2023-06-11,BEAUNE,NON,2242,13:25,EST,DIJON VILLE,JCRHONRHIN,FRABA,13:06,FRXBV
3297,2023-06-11,CHALON SUR SAONE,NON,2242,14:55,EST,MULHOUSE VILLE,JCRHONRHIN,FRAEK,12:44,FRXCD
3298,2023-06-11,LES ARCS DRAGUIGNAN,NON,2242,09:55,EST,AIX EN PROVENCE TGV,JCRHONRHIN,FRAIE,08:12,FRXRS
3299,2023-06-11,ST RAPHAEL VALESCURE,NON,2242,14:55,EST,MULHOUSE VILLE,JCRHONRHIN,FRAEK,07:55,FRXSK
3300,2023-06-11,ST RAPHAEL VALESCURE,OUI,2242,08:46,EST,TOULON,JCRHONRHIN,FRTLN,07:55,FRXSK
3301,2023-06-11,ST RAPHAEL VALESCURE,NON,2242,12:41,EST,CHALON SUR SAONE,JCRHONRHIN,FRXCD,07:55,FRXSK
3302,2023-06-11,CANNES,NON,2242,14:30,EST,BELFORT-MONTBELIARD TGV,JCRHONRHIN,FRTJA,07:30,FRJCA
3303,2023-06-11,NICE VILLE,NON,2242,14:06,EST,BESANCON - F COMTE TGV,JCRHONRHIN,FRTJB,07:00,FRNIC
3304,2023-06-11,TOULON,NON,2242,14:30,EST,BELFORT-MONTBELIARD TGV,JCRHONRHIN,FRTJA,08:50,FRTLN
3305,2023-06-11,LES ARCS DRAGUIGNAN,NON,2242,14:30,EST,BELFORT-MONTBELIARD TGV,JCRHONRHIN,FRTJA,08:12,FRXRS
3306,2023-06-11,TOULON,NON,2242,14:06,EST,BESANCON - F COMTE TGV,JCRHONRHIN,FRTJB,08:50,FRTLN
3307,2023-06-11,ANTIBES,NON,2242,14:06,EST,BESANCON - F COMTE TGV,JCRHONRHIN,FRTJB,07:16,FRXAT
3308,2023-06-11,BEAUNE,NON,2242,15:24,EST,COLMAR,JCRHONRHIN,FRAEJ,13:06,FRXBV
3309,2023-06-11,NANCY,OUI,2571,15:12,EST,REMIREMONT,PANANCY,FRRNT,14:04,FRENC
3310,2023-06-11,PARIS (intramuros),NON,2571,13:03,EST,CHAMPAGNE-ARDENNE,PANANCY,FREAH,12:23,FRPST
3311,2023-06-11,PARIS (intramuros),NON,2571,13:59,EST,NANCY,PANANCY,FRENC,12:23,FRPST
3312,2023-06-11,NANCY,OUI,2583,22:08,EST,LUNEVILLE,PANANCY,FRLNE,21:50,FRENC
3313,2023-06-11,NANCY,OUI,2583,22:51,EST,SAVERNE,PANANCY,FRSNE,21:50,FRENC
3314,2023-06-11,PARIS (intramuros),NON,2583,21:06,EST,MEUSE TGV,PANANCY,FREAJ,20:07,FRPST
3315,2023-06-11,PARIS (intramuros),NON,2583,21:44,EST,NANCY,PANANCY,FRENC,20:07,FRPST
3316,2023-06-11,PARIS (intramuros),NON,2583,22:51,EST,SAVERNE,PANANCY,FRSNE,20:07,FRPST
3317,2023-06-11,SARREBOURG,OUI,2583,22:51,EST,SAVERNE,PANANCY,FRSNE,22:36,FRSBG
3318,2023-06-11,SAVERNE,OUI,2583,23:17,EST,STRASBOURG,PANANCY,FRAEG,22:54,FRSNE
3319,2023-06-11,MEUSE TGV,NON,2583,22:33,EST,SARREBOURG,PANANCY,FRSBG,21:09,FREAJ
3320,2023-06-11,TOULOUSE MATABIAU,OUI,8512,13:32,ATLANTIQUE,AGEN,SUDOUESTPA,FRAGF,12:27,FRXYT
3321,2023-06-11,TOULOUSE MATABIAU,NON,8512,17:12,ATLANTIQUE,PARIS (intramuros),SUDOUESTPA,FRPMO,12:27,FRXYT
3322,2023-06-11,AGEN,NON,8512,15:20,ATLANTIQUE,ANGOULEME,SUDOUESTPA,FRANG,13:35,FRAGF
3323,2023-06-11,PARIS (intramuros),NON,2369,15:41,EST,STRASBOURG,PASTRAMULH,FRAEG,13:55,FRPST
3324,2023-06-11,PARIS (intramuros),NON,2369,16:26,EST,COLMAR,PASTRAMULH,FRAEJ,13:55,FRPST
3325,2023-06-11,PARIS (intramuros),NON,8707,10:25,ATLANTIQUE,RENNES,PARISBRETA,FRRNS,08:40,FRPMO
3326,2023-06-11,PARIS (intramuros),NON,8707,12:38,ATLANTIQUE,QUIMPER,PARISBRETA,FRUIP,08:40,FRPMO
3327,2023-06-11,PARIS (intramuros),NON,8707,11:04,ATLANTIQUE,REDON,PARISBRETA,FRXRN,08:40,FRPMO
3328,2023-06-11,PARIS (intramuros),NON,8707,11:42,ATLANTIQUE,AURAY,PARISBRETA,FRXUY,08:40,FRPMO
3329,2023-06-11,RENNES,NON,8707,11:04,ATLANTIQUE,REDON,PARISBRETA,FRXRN,10:29,FRRNS
3330,2023-06-11,VANNES,NON,8707,12:00,ATLANTIQUE,LORIENT,PARISBRETA,FRLRT,11:32,FRVNE
3331,2023-06-11,REDON,NON,8707,11:29,ATLANTIQUE,VANNES,PARISBRETA,FRVNE,11:06,FRXRN
3332,2023-06-11,LORIENT,NON,8720,15:06,ATLANTIQUE,PARIS (intramuros),BRETAPARIS,FRPMO,12:02,FRLRT
3333,2023-06-11,QUIMPER,OUI,8720,11:59,ATLANTIQUE,LORIENT,BRETAPARIS,FRLRT,11:27,FRUIP
3334,2023-06-11,QUIMPER,NON,8720,15:06,ATLANTIQUE,PARIS (intramuros),BRETAPARIS,FRPMO,11:27,FRUIP
3335,2023-06-11,QUIMPER,OUI,8720,12:25,ATLANTIQUE,VANNES,BRETAPARIS,FRVNE,11:27,FRUIP
3336,2023-06-11,NEVERS,OUI,5990,22:57,IC ARO,PARIS (intramuros),CLERMONTPA,FRPLY,21:00,FRNVS
3337,2023-06-11,VICHY,OUI,5990,22:57,IC ARO,PARIS (intramuros),CLERMONTPA,FRPLY,20:06,FRVHY
3338,2023-06-11,MOULINS SUR ALLIER,OUI,5990,20:58,IC ARO,NEVERS,CLERMONTPA,FRNVS,20:31,FRXMU
3339,2023-06-11,BRUXELLES MIDI BRUSSEL ZUID,NON,9810,11:52,NORD,AVIGNON TGV,JCNORDSUD,FRAVG,06:25,BEBMI
3340,2023-06-11,LILLE (intramuros),NON,9810,10:29,NORD,LYON (intramuros),JCNORDSUD,FRLPD,07:24,FRLLE
3341,2023-06-11,LILLE (intramuros),NON,9810,12:24,NORD,MARSEILLE ST CHARLES,JCNORDSUD,FRMSC,07:24,FRLLE
3342,2023-06-11,LYON (intramuros),NON,9810,11:52,NORD,AVIGNON TGV,JCNORDSUD,FRAVG,10:35,FRLPD
3343,2023-06-11,MARNE LA VALLEE CHESSY,NON,9810,10:29,NORD,LYON (intramuros),JCNORDSUD,FRLPD,08:43,FRMLV
3344,2023-06-11,AEROPORT CDG2 TGV ROISSY,NON,9810,08:38,NORD,MARNE LA VALLEE CHESSY,JCNORDSUD,FRMLV,08:29,FRMLW
3345,2023-06-11,BORDEAUX ST JEAN,NON,8442,18:33,ATLANTIQUE,ANGOULEME,SUDOUESTPA,FRANG,17:58,FRBOJ
3346,2023-06-11,BORDEAUX ST JEAN,NON,8442,20:48,ATLANTIQUE,PARIS (intramuros),SUDOUESTPA,FRPMO,17:58,FRBOJ
3347,2023-06-11,BORDEAUX ST JEAN,NON,8442,19:37,ATLANTIQUE,ST PIERRE DES CORPS,SUDOUESTPA,FRXSH,17:58,FRBOJ
3348,2023-06-11,BEZIERS,OUI,6202,09:13,SUD EST,NIMES,LANGPA,FRFNI,07:58,FRBZR
3349,2023-06-11,BEZIERS,OUI,6202,08:43,SUD EST,MONTPELLIER SAINT-ROCH,LANGPA,FRMPL,07:58,FRBZR
3350,2023-06-11,PERPIGNAN,OUI,6202,09:13,SUD EST,NIMES,LANGPA,FRFNI,07:04,FRPGF
3351,2023-06-11,PERPIGNAN,OUI,6202,10:01,SUD EST,VALENCE TGV RHONE-ALPES SUD,LANGPA,FRVLA,07:04,FRPGF
3352,2023-06-11,PERPIGNAN,OUI,6202,07:39,SUD EST,NARBONNE,LANGPA,FRXNA,07:04,FRPGF
3353,2023-06-11,NARBONNE,OUI,6202,08:24,SUD EST,SETE,LANGPA,FRXSY,07:42,FRXNA
3354,2023-06-11,SETE,OUI,6202,10:01,SUD EST,VALENCE TGV RHONE-ALPES SUD,LANGPA,FRVLA,08:27,FRXSY
3355,2023-06-11,LYON (intramuros),OUI,6631,22:10,SUD EST,LYON (intramuros),PARISRHONE,FRLPE,22:02,FRLPD
3356,2023-06-11,PARIS (intramuros),NON,6927,21:05,SUD EST,LYON-SAINT EXUPERY TGV,PAGRENOBLE,FRJDQ,19:12,FRPLY
3357,2023-06-11,REMIREMONT,NON,2580,18:46,EST,PARIS (intramuros),NANCYPA,FRPST,15:58,FRRNT
3358,2023-06-11,PARIS (intramuros),NON,9715,19:03,SUD EST,BEZIERS,PABARCELONE,FRBZR,14:54,FRPLY
3359,2023-06-11,VALENCE TGV RHONE-ALPES SUD,NON,9715,19:56,SUD EST,PERPIGNAN,PABARCELONE,FRPGF,17:09,FRVLA
3360,2023-06-11,PARIS (intramuros),NON,9715,17:46,SUD EST,NIMES PONT DU GARD,PABARCELONE,FRXZP,14:54,FRPLY
3361,2023-06-11,NIMES PONT DU GARD,NON,9715,18:31,SUD EST,SETE,PABARCELONE,FRXSY,17:49,FRXZP
3362,2023-06-11,PERPIGNAN,NON,9715,21:25,SUD EST,BARCELONA SANTS,PABARCELONE,ESBST,20:03,FRPGF
3363,2023-06-11,PARIS (intramuros),NON,9715,20:27,SUD EST,FIGUERES VILA TGV,PABARCELONE,ESFIR,14:54,FRPLY
3364,2023-06-11,VALENCE TGV RHONE-ALPES SUD,NON,9715,21:25,SUD EST,BARCELONA SANTS,PABARCELONE,ESBST,17:09,FRVLA
3365,2023-06-11,BEZIERS,NON,9715,20:27,SUD EST,FIGUERES VILA TGV,PABARCELONE,ESFIR,19:06,FRBZR
3366,2023-06-11,NIMES PONT DU GARD,NON,9715,20:44,SUD EST,GIRONA,PABARCELONE,ESGRO,17:49,FRXZP
3367,2023-06-11,SETE,NON,9715,20:27,SUD EST,FIGUERES VILA TGV,PABARCELONE,ESFIR,18:34,FRXSY
3368,2023-06-11,MONTPELLIER SUD DE FRANCE,NON,9715,20:27,SUD EST,FIGUERES VILA TGV,PABARCELONE,ESFIR,18:17,FRSUF
3369,2023-06-11,PARIS (intramuros),NON,6223,19:59,SUD EST,NIMES,PALANG,FRFNI,16:54,FRPLY
3370,2023-06-11,VALENCE TGV RHONE-ALPES SUD,NON,6223,19:59,SUD EST,NIMES,PALANG,FRFNI,19:15,FRVLA
3371,2023-06-11,BORDEAUX ST JEAN,OUI,9406,09:30,EST,ANGOULEME,JCATLEST,FRANG,08:54,FRBOJ
3372,2023-06-11,MASSY TGV,NON,9406,14:29,EST,STRASBOURG,JCATLEST,FRAEG,11:55,FRDJU
3373,2023-06-11,MASSY TGV,NON,9406,13:49,EST,LORRAINE TGV,JCATLEST,FREAM,11:55,FRDJU
3374,2023-06-11,MASSY TGV,NON,9406,12:24,EST,MARNE LA VALLEE CHESSY,JCATLEST,FRMLV,11:55,FRDJU
3375,2023-06-11,MEUSE TGV,NON,9406,13:49,EST,LORRAINE TGV,JCATLEST,FREAM,13:30,FREAJ
3376,2023-06-11,LORRAINE TGV,NON,9406,14:29,EST,STRASBOURG,JCATLEST,FRAEG,13:52,FREAM
3377,2023-06-11,POITIERS,NON,9406,12:55,EST,CHAMPAGNE-ARDENNE,JCATLEST,FREAH,10:19,FRPIS
3378,2023-06-11,POITIERS,NON,9406,13:23,EST,MEUSE TGV,JCATLEST,FREAJ,10:19,FRPIS
3379,2023-06-11,POITIERS,NON,9406,10:50,EST,ST PIERRE DES CORPS,JCATLEST,FRXSH,10:19,FRPIS
3380,2023-06-11,ST PIERRE DES CORPS,NON,9406,14:29,EST,STRASBOURG,JCATLEST,FRAEG,10:54,FRXSH
3381,2023-06-11,ST PIERRE DES CORPS,NON,9406,13:49,EST,LORRAINE TGV,JCATLEST,FREAM,10:54,FRXSH
3382,2023-06-11,ANGOULEME,NON,9406,14:55,EST,OFFENBOURG/OFFENBURG,JCATLEST,DEZPA,09:36,FRANG
3383,2023-06-11,LORRAINE TGV,NON,9406,14:55,EST,OFFENBOURG/OFFENBURG,JCATLEST,DEZPA,13:52,FREAM
3384,2023-06-11,MEUSE TGV,NON,9406,14:55,EST,OFFENBOURG/OFFENBURG,JCATLEST,DEZPA,13:30,FREAJ
3385,2023-06-11,MEUSE TGV,NON,9406,15:43,EST,FREIBURG BREISGAU HBF,JCATLEST,DEFGB,13:30,FREAJ
3386,2023-06-11,MILANO P GARIBALDI,NON,9248,23:26,INTERNATIONAL,PARIS (intramuros),ITALIEPA,FRPLY,16:10,ITMPG
3387,2023-06-11,OULX CESANA CLAV SESTRIERE,NON,9248,20:14,INTERNATIONAL,CHAMBERY CHALLES LES EAUX,ITALIEPA,FRCMF,18:36,ITOCS
3388,2023-06-11,LORIENT,NON,8752,00:08,ATLANTIQUE,PARIS (intramuros),BRETAPARIS,FRPMO,20:55,FRLRT
3389,2023-06-11,VANNES,NON,8752,00:08,ATLANTIQUE,PARIS (intramuros),BRETAPARIS,FRPMO,21:26,FRVNE
3390,2023-06-11,POITIERS,OUI,8346,19:30,ATLANTIQUE,FUTUROSCOPE,ROCHELLEPA,FRTGO,19:22,FRPIS
3391,2023-06-11,CHATELLERAULT,NON,8346,20:16,ATLANTIQUE,ST PIERRE DES CORPS,ROCHELLEPA,FRXSH,19:47,FRXCX
3392,2023-06-11,DAX,NON,8537,14:16,ATLANTIQUE,BIARRITZ,PASUDOUEST,FRBIQ,13:32,FRACG
3393,2023-06-11,BIARRITZ,OUI,8537,14:32,ATLANTIQUE,ST JEAN DE LUZ CIBOURE,PASUDOUEST,FRXJZ,14:19,FRBIQ
3394,2023-06-11,BORDEAUX ST JEAN,NON,8537,14:47,ATLANTIQUE,HENDAYE,PASUDOUEST,FRAEF,12:20,FRBOJ
3395,2023-06-11,NANTES,NON,5300,09:30,SUD EST,LYON (intramuros),JCATLSUD,FRLPD,04:50,FRNTE
3396,2023-06-11,BRIVE LA GAILLARDE,OUI,3614,09:24,IC ARO,PARIS (intramuros),TOULOUZECO,FRPAZ,04:51,FRBVE
3397,2023-06-11,GOURDON,NON,3750,05:43,IC NUIT,LES AUBRAIS ORLEANS,OCCITANPAR,FRLAB,00:00,FRFSI
3398,2023-06-11,BAYONNE,OUI,8537,14:16,ATLANTIQUE,BIARRITZ,PASUDOUEST,FRBIQ,14:06,FRXBY
3399,2023-06-11,LILLE (intramuros),NON,5202,12:02,NORD,BORDEAUX ST JEAN,JCNORDAQUI,FRBOJ,06:15,FRADJ
3400,2023-06-11,LILLE (intramuros),OUI,5202,06:55,NORD,ARRAS,JCNORDAQUI,FRQRV,06:15,FRADJ
3401,2023-06-11,LILLE (intramuros),OUI,5202,07:18,NORD,TGV HAUTE PICARDIE,JCNORDAQUI,FRTHP,06:15,FRADJ
3402,2023-06-11,ANGOULEME,NON,5202,12:02,NORD,BORDEAUX ST JEAN,JCNORDAQUI,FRBOJ,11:26,FRANG
3403,2023-06-11,MARNE LA VALLEE CHESSY,OUI,5202,09:04,NORD,MASSY TGV,JCNORDAQUI,FRDJU,08:35,FRMLV
3404,2023-06-11,AEROPORT CDG2 TGV ROISSY,NON,5202,11:23,NORD,ANGOULEME,JCNORDAQUI,FRANG,08:10,FRMLW
3405,2023-06-11,POITIERS,NON,5202,11:23,NORD,ANGOULEME,JCNORDAQUI,FRANG,10:44,FRPIS
3406,2023-06-11,ARRAS,NON,5202,10:41,NORD,POITIERS,JCNORDAQUI,FRPIS,07:00,FRQRV
3407,2023-06-11,ARRAS,OUI,5202,07:18,NORD,TGV HAUTE PICARDIE,JCNORDAQUI,FRTHP,07:00,FRQRV
3408,2023-06-11,TGV HAUTE PICARDIE,NON,5202,12:02,NORD,BORDEAUX ST JEAN,JCNORDAQUI,FRBOJ,07:25,FRTHP
3409,2023-06-11,TGV HAUTE PICARDIE,OUI,5202,09:04,NORD,MASSY TGV,JCNORDAQUI,FRDJU,07:25,FRTHP
3410,2023-06-11,DOUAI,NON,5202,12:02,NORD,BORDEAUX ST JEAN,JCNORDAQUI,FRBOJ,06:37,FRXDN
3411,2023-06-11,ST PIERRE DES CORPS,NON,5202,12:02,NORD,BORDEAUX ST JEAN,JCNORDAQUI,FRBOJ,10:10,FRXSH
3412,2023-06-11,BASEL SBB,NON,9215,18:26,INTERNATIONAL,ZUERICH HB,PABALZUR,CHAJD,17:33,CHAJP
3413,2023-06-11,MULHOUSE VILLE,NON,9215,18:26,INTERNATIONAL,ZUERICH HB,PABALZUR,CHAJD,17:06,FRAEK
3414,2023-06-11,MULHOUSE VILLE,NON,9215,17:26,INTERNATIONAL,BASEL SBB,PABALZUR,CHAJP,17:06,FRAEK
3415,2023-06-11,PARIS (intramuros),NON,9215,17:26,INTERNATIONAL,BASEL SBB,PABALZUR,CHAJP,14:20,FRPLY
3416,2023-06-11,BELFORT-MONTBELIARD TGV,NON,9215,18:26,INTERNATIONAL,ZUERICH HB,PABALZUR,CHAJD,16:40,FRTJA
3417,2023-06-11,PARIS (intramuros),NON,8639,19:25,ATLANTIQUE,RENNES,PARISBRETA,FRRNS,17:56,FRPMO
3418,2023-06-11,RENNES,OUI,8639,20:33,ATLANTIQUE,GUINGAMP,PARISBRETA,FRGGP,19:32,FRRNS
3419,2023-06-11,NANTES,NON,8814,16:12,ATLANTIQUE,PARIS (intramuros),LOIREPARIS,FRPMO,14:05,FRNTE
3420,2023-06-11,ZUERICH HB,NON,9222,14:53,INTERNATIONAL,MULHOUSE VILLE,ZURBALPA,FRAEK,13:34,CHAJD
3421,2023-06-11,BASEL SBB,NON,9222,15:58,INTERNATIONAL,DIJON VILLE,ZURBALPA,FRABA,14:34,CHAJP
3422,2023-06-11,DIJON VILLE,NON,9222,17:38,INTERNATIONAL,PARIS (intramuros),ZURBALPA,FRPLY,16:02,FRABA
3423,2023-06-11,MULHOUSE VILLE,NON,9222,15:58,INTERNATIONAL,DIJON VILLE,ZURBALPA,FRABA,14:56,FRAEK
3424,2023-06-11,MULHOUSE VILLE,NON,9222,17:38,INTERNATIONAL,PARIS (intramuros),ZURBALPA,FRPLY,14:56,FRAEK
3425,2023-06-11,BELLEGARDE,NON,9770,13:49,INTERNATIONAL,BOURG EN BRESSE,GENEVEPA,FRXBK,13:02,FRXBF
3426,2023-06-11,PARIS (intramuros),NON,6911,13:13,SUD EST,GRENOBLE,PAGRENOBLE,FRGNB,10:12,FRPLY
3427,2023-06-11,BEZIERS,NON,6873,19:10,SUD EST,VALENCE TGV RHONE-ALPES SUD,JCSUDPROV,FRVLA,17:15,FRBZR
3428,2023-06-11,CARCASSONNE,NON,6873,19:51,SUD EST,LYON (intramuros),JCSUDPROV,FRLPD,16:27,FRCCF
3429,2023-06-11,CARCASSONNE,OUI,6873,17:55,SUD EST,MONTPELLIER SAINT-ROCH,JCSUDPROV,FRMPL,16:27,FRCCF
3430,2023-06-11,CARCASSONNE,OUI,6873,16:56,SUD EST,NARBONNE,JCSUDPROV,FRXNA,16:27,FRCCF
3431,2023-06-11,CARCASSONNE,OUI,6873,17:36,SUD EST,SETE,JCSUDPROV,FRXSY,16:27,FRCCF
3432,2023-06-11,NIMES,NON,6873,19:10,SUD EST,VALENCE TGV RHONE-ALPES SUD,JCSUDPROV,FRVLA,18:26,FRFNI
3433,2023-06-11,NARBONNE,NON,6873,18:23,SUD EST,NIMES,JCSUDPROV,FRFNI,16:59,FRXNA
3434,2023-06-11,NARBONNE,NON,6873,19:51,SUD EST,LYON (intramuros),JCSUDPROV,FRLPD,16:59,FRXNA
3435,2023-06-11,SETE,NON,6873,19:10,SUD EST,VALENCE TGV RHONE-ALPES SUD,JCSUDPROV,FRVLA,17:39,FRXSY
3436,2023-06-11,TOULOUSE MATABIAU,OUI,6873,16:24,SUD EST,CARCASSONNE,JCSUDPROV,FRCCF,15:43,FRXYT
3437,2023-06-11,POITIERS,NON,8342,17:43,ATLANTIQUE,VENDOME VILLIERS SUR LOIR,ROCHELLEPA,FRESL,16:19,FRPIS
3438,2023-06-11,POITIERS,NON,8342,18:33,ATLANTIQUE,PARIS (intramuros),ROCHELLEPA,FRPMO,16:19,FRPIS
3439,2023-06-11,VENDOME VILLIERS SUR LOIR,OUI,8331,08:35,ATLANTIQUE,ST PIERRE DES CORPS,PAROCHELLE,FRXSH,08:15,FRESL
3440,2023-06-11,PARIS (intramuros),OUI,8331,09:22,ATLANTIQUE,FUTUROSCOPE,PAROCHELLE,FRTGO,07:28,FRPMO
3441,2023-06-11,ST PIERRE DES CORPS,OUI,8331,09:07,ATLANTIQUE,CHATELLERAULT,PAROCHELLE,FRXCX,08:42,FRXSH
3442,2023-06-11,REIMS,NON,2720,09:31,EST,PARIS (intramuros),SEDBARPA,FRPST,08:45,FRRHE
3443,2023-06-11,SEDAN,OUI,2720,08:15,EST,RETHEL,SEDBARPA,FRBDT,07:23,FRXSW
3444,2023-06-11,SEDAN,NON,2720,09:31,EST,PARIS (intramuros),SEDBARPA,FRPST,07:23,FRXSW
3445,2023-06-11,SEDAN,OUI,2720,07:37,EST,CHARLEVILLE MEZIERES,SEDBARPA,FRXCZ,07:23,FRXSW
3446,2023-06-11,LE MANS,NON,5288,17:48,NORD,MASSY TGV,JCBRETNORD,FRDJU,16:57,FRAET
3447,2023-06-11,MASSY TGV,NON,5288,19:35,NORD,LILLE (intramuros),JCBRETNORD,FRLLE,17:54,FRDJU
3448,2023-06-11,MASSY TGV,NON,5288,18:23,NORD,MARNE LA VALLEE CHESSY,JCBRETNORD,FRMLV,17:54,FRDJU
3449,2023-06-11,MARNE LA VALLEE CHESSY,NON,5288,18:37,NORD,AEROPORT CDG2 TGV ROISSY,JCBRETNORD,FRMLW,18:28,FRMLV
3450,2023-06-11,NANTES,OUI,5288,15:59,NORD,ANGERS ST LAUD,JCBRETNORD,FRACL,15:18,FRNTE
3451,2023-06-11,AGEN,NON,4659,14:14,IC ARO,BEZIERS,TJOURSOSE,FRBZR,11:31,FRAGF
3452,2023-06-11,AGEN,NON,4659,13:27,IC ARO,CARCASSONNE,TJOURSOSE,FRCCF,11:31,FRAGF
3453,2023-06-11,BORDEAUX ST JEAN,NON,4659,15:20,IC ARO,NIMES,TJOURSOSE,FRFNI,10:27,FRBOJ
3454,2023-06-11,BORDEAUX ST JEAN,OUI,4659,12:06,IC ARO,MONTAUBAN VILLE BOURBON,TJOURSOSE,FRXMW,10:27,FRBOJ
3455,2023-06-11,CARCASSONNE,NON,4659,16:37,IC ARO,MARSEILLE ST CHARLES,TJOURSOSE,FRMSC,13:29,FRCCF
3456,2023-06-11,MONTAUBAN VILLE BOURBON,NON,4659,14:14,IC ARO,BEZIERS,TJOURSOSE,FRBZR,12:08,FRXMW
3457,2023-06-11,TOULOUSE MATABIAU,NON,4659,14:52,IC ARO,MONTPELLIER SAINT-ROCH,TJOURSOSE,FRMPL,12:45,FRXYT
3458,2023-06-11,PARIS (intramuros),OUI,2751,20:11,EST,CHARLEVILLE MEZIERES,PABARSED,FRXCZ,18:28,FRPST
3459,2023-06-11,REIMS,OUI,2751,20:35,EST,SEDAN,PABARSED,FRXSW,19:20,FRRHE
3460,2023-06-11,BORDEAUX ST JEAN,NON,8517,20:23,ATLANTIQUE,AGEN,PASUDOUEST,FRAGF,19:20,FRBOJ
3461,2023-06-11,PARIS (intramuros),OUI,8371,08:10,ATLANTIQUE,POITIERS,PAROCHELLE,FRPIS,06:47,FRPMO
3462,2023-06-11,METZ VILLE,OUI,5521,06:40,EST,STRASBOURG,JCRHINRHON,FRAEG,05:46,FRADE
3463,2023-06-11,METZ VILLE,NON,5521,12:24,EST,NIMES,JCRHINRHON,FRFNI,05:46,FRADE
3464,2023-06-11,METZ VILLE,NON,5521,10:56,EST,LYON (intramuros),JCRHINRHON,FRLPD,05:46,FRADE
3465,2023-06-11,METZ VILLE,NON,5521,08:38,EST,BESANCON - F COMTE TGV,JCRHINRHON,FRTJB,05:46,FRADE
3466,2023-06-11,STRASBOURG,NON,5521,12:24,EST,NIMES,JCRHINRHON,FRFNI,06:47,FRAEG
3467,2023-06-11,COLMAR,OUI,5521,07:48,EST,MULHOUSE VILLE,JCRHINRHON,FRAEK,07:16,FRAEJ
3468,2023-06-11,COLMAR,NON,5521,12:24,EST,NIMES,JCRHINRHON,FRFNI,07:16,FRAEJ
3469,2023-06-11,COLMAR,NON,5521,10:56,EST,LYON (intramuros),JCRHINRHON,FRLPD,07:16,FRAEJ
3470,2023-06-11,MULHOUSE VILLE,NON,5521,10:56,EST,LYON (intramuros),JCRHINRHON,FRLPD,07:52,FRAEK
3471,2023-06-11,MULHOUSE VILLE,NON,5521,12:55,EST,MONTPELLIER SAINT-ROCH,JCRHINRHON,FRMPL,07:52,FRAEK
3472,2023-06-11,MULHOUSE VILLE,NON,5521,09:54,EST,CHALON SUR SAONE,JCRHINRHON,FRXCD,07:52,FRAEK
3473,2023-06-11,NIMES,NON,5521,12:55,EST,MONTPELLIER SAINT-ROCH,JCRHINRHON,FRMPL,12:27,FRFNI
3474,2023-06-11,ST PIERRE DES CORPS,NON,8388,21:41,ATLANTIQUE,PARIS (intramuros),ROCHELLEPA,FRPMO,20:40,FRXSH
3475,2023-06-11,ANGERS ST LAUD,NON,8930,21:23,ATLANTIQUE,LE MANS,LOIREPARIS,FRAET,20:44,FRACL
3476,2023-06-11,LE MANS,NON,8930,22:25,ATLANTIQUE,PARIS (intramuros),LOIREPARIS,FRPMO,21:26,FRAET
3477,2023-06-11,PORNICHET,NON,8930,21:23,ATLANTIQUE,LE MANS,LOIREPARIS,FRAET,19:11,FREGR
3478,2023-06-11,LE POULIGUEN,NON,8930,20:41,ATLANTIQUE,ANGERS ST LAUD,LOIREPARIS,FRACL,18:56,FREGS
3479,2023-06-11,LE POULIGUEN,NON,8930,21:23,ATLANTIQUE,LE MANS,LOIREPARIS,FRAET,18:56,FREGS
3480,2023-06-11,LE CROISIC,OUI,8930,19:08,ATLANTIQUE,PORNICHET,LOIREPARIS,FREGR,18:48,FREGU
3481,2023-06-11,LE CROISIC,OUI,8930,18:53,ATLANTIQUE,LE POULIGUEN,LOIREPARIS,FREGS,18:48,FREGU
3482,2023-06-11,LE CROISIC,OUI,8930,19:00,ATLANTIQUE,LA BAULE ESCOUBLAC,LOIREPARIS,FRJEE,18:48,FREGU
3483,2023-06-11,LA BAULE ESCOUBLAC,NON,8930,21:23,ATLANTIQUE,LE MANS,LOIREPARIS,FRAET,19:04,FRJEE
3484,2023-06-11,MONTBARD,NON,6703,11:29,SUD EST,BESANCON - F COMTE TGV,PABOUR,FRTJB,10:24,FRGWE
3485,2023-06-11,PARIS (intramuros),NON,6703,10:21,SUD EST,MONTBARD,PABOUR,FRGWE,09:16,FRPLY
3486,2023-06-11,CANNES,NON,6180,22:38,SUD EST,PARIS (intramuros),AZURPA,FRPLY,17:33,FRJCA
3487,2023-06-11,NICE VILLE,OUI,6180,17:29,SUD EST,CANNES,AZURPA,FRJCA,16:57,FRNIC
3488,2023-06-11,NICE VILLE,OUI,6180,17:15,SUD EST,ANTIBES,AZURPA,FRXAT,16:57,FRNIC
3489,2023-06-11,TOULON,NON,6180,22:38,SUD EST,PARIS (intramuros),AZURPA,FRPLY,18:48,FRTLN
3490,2023-06-11,ANTIBES,NON,6180,19:55,SUD EST,AVIGNON TGV,AZURPA,FRAVG,17:18,FRXAT
3491,2023-06-11,ANTIBES,OUI,6180,17:29,SUD EST,CANNES,AZURPA,FRJCA,17:18,FRXAT
3492,2023-06-11,BRIVE LA GAILLARDE,OUI,3656,16:06,IC ARO,CHATEAUROUX,TOULOUZECO,FRCHR,13:52,FRBVE
3493,2023-06-11,CAHORS,OUI,3656,15:29,IC ARO,LA SOUTERRAINE,TOULOUZECO,FRLST,12:41,FRZAO
3494,2023-06-11,CAHORS,OUI,3656,13:23,IC ARO,SOUILLAC,TOULOUZECO,FRSOU,12:41,FRZAO
3495,2023-06-11,SOUILLAC,NON,3656,16:23,IC ARO,ISSOUDUN,TOULOUZECO,FRFMN,13:25,FRSOU
3496,2023-06-11,SOUILLAC,OUI,3656,14:16,IC ARO,UZERCHE,TOULOUZECO,FRAAW,13:25,FRSOU
3497,2023-06-11,GOURDON,OUI,3656,14:16,IC ARO,UZERCHE,TOULOUZECO,FRAAW,13:08,FRFSI
3498,2023-06-11,DAX,NON,8589,00:27,ATLANTIQUE,PARIS (intramuros),SUDOUESTPA,FRPMO,21:00,FRACG
3499,2023-06-11,TARBES,OUI,8589,20:57,ATLANTIQUE,DAX,SUDOUESTPA,FRACG,19:26,FRXTB
3500,2023-06-11,TARBES,OUI,8589,20:08,ATLANTIQUE,PAU,SUDOUESTPA,FRAEE,19:26,FRXTB
3501,2023-06-11,CANNES,OUI,6175,15:38,SUD EST,ANTIBES,PAAZUR,FRXAT,15:30,FRJCA
3502,2023-06-11,MARSEILLE ST CHARLES,OUI,6175,15:57,SUD EST,NICE VILLE,PAAZUR,FRNIC,13:28,FRMSC
3503,2023-06-11,PARIS (intramuros),NON,6175,15:57,SUD EST,NICE VILLE,PAAZUR,FRNIC,10:08,FRPLY
3504,2023-06-11,PARIS (intramuros),NON,6175,14:48,SUD EST,LES ARCS DRAGUIGNAN,PAAZUR,FRXRS,10:08,FRPLY
3505,2023-06-11,TOULON,OUI,6175,15:25,SUD EST,CANNES,PAAZUR,FRJCA,14:15,FRTLN
3506,2023-06-11,ANTIBES,OUI,6175,15:57,SUD EST,NICE VILLE,PAAZUR,FRNIC,15:41,FRXAT
3507,2023-06-11,LES ARCS DRAGUIGNAN,OUI,6175,15:38,SUD EST,ANTIBES,PAAZUR,FRXAT,14:51,FRXRS
3508,2023-06-11,BREST,NON,8636,19:01,ATLANTIQUE,LAVAL,BRETAPARIS,FRACR,16:14,FRBES
3509,2023-06-11,GUINGAMP,OUI,8636,17:31,ATLANTIQUE,ST BRIEUC,BRETAPARIS,FRSBK,17:16,FRGGP
3510,2023-06-11,MORLAIX,NON,8636,19:01,ATLANTIQUE,LAVAL,BRETAPARIS,FRACR,16:47,FRMXN
3511,2023-06-11,MORLAIX,OUI,8636,17:31,ATLANTIQUE,ST BRIEUC,BRETAPARIS,FRSBK,16:47,FRMXN
3512,2023-06-11,ST BRIEUC,NON,8636,19:01,ATLANTIQUE,LAVAL,BRETAPARIS,FRACR,17:34,FRSBK
3513,2023-06-11,ST BRIEUC,NON,8636,18:25,ATLANTIQUE,RENNES,BRETAPARIS,FRRNS,17:34,FRSBK
3514,2023-06-11,STRASBOURG,OUI,9877,10:18,EST,BELFORT-MONTBELIARD TGV,JCRHINRHON,FRTJA,09:03,FRAEG
3515,2023-06-11,MACON VILLE,NON,9877,14:25,EST,AVIGNON TGV,JCRHINRHON,FRAVG,12:22,FRHGU
3516,2023-06-11,LYON (intramuros),NON,9877,14:25,EST,AVIGNON TGV,JCRHINRHON,FRAVG,13:06,FRLPD
3517,2023-06-11,BELFORT-MONTBELIARD TGV,NON,9877,12:19,EST,MACON VILLE,JCRHINRHON,FRHGU,10:21,FRTJA
3518,2023-06-11,BELFORT-MONTBELIARD TGV,NON,9877,13:46,EST,VALENCE TGV RHONE-ALPES SUD,JCRHINRHON,FRVLA,10:21,FRTJA
3519,2023-06-11,BESANCON - F COMTE TGV,OUI,9877,11:11,EST,DIJON VILLE,JCRHINRHON,FRABA,10:44,FRTJB
3520,2023-06-11,BESANCON - F COMTE TGV,NON,9877,15:06,EST,MARSEILLE ST CHARLES,JCRHINRHON,FRMSC,10:44,FRTJB
3521,2023-06-11,PARIS (intramuros),NON,6617,16:10,SUD EST,LYON (intramuros),PARISRHONE,FRLPE,13:50,FRPLY
3522,2023-06-11,LES AUBRAIS ORLEANS,NON,3740,07:04,IC NUIT,PARIS (intramuros),PALOMBEPAR,FRPAZ,06:00,FRLAB
3523,2023-06-11,LOURDES,NON,3740,05:53,IC NUIT,LES AUBRAIS ORLEANS,PALOMBEPAR,FRLAB,19:57,FRLDE
3524,2023-06-11,TARBES,NON,3740,05:53,IC NUIT,LES AUBRAIS ORLEANS,PALOMBEPAR,FRLAB,20:12,FRXTB
3525,2023-06-11,LE CROISIC,OUI,8916,11:08,ATLANTIQUE,PORNICHET,LOIREPARIS,FREGR,10:48,FREGU
3526,2023-06-11,LE CROISIC,NON,8916,14:09,ATLANTIQUE,PARIS (intramuros),LOIREPARIS,FRPMO,10:48,FREGU
3527,2023-06-11,LA BAULE ESCOUBLAC,NON,8916,14:09,ATLANTIQUE,PARIS (intramuros),LOIREPARIS,FRPMO,11:04,FRJEE
3528,2023-06-11,CLERMONT FERRAND,NON,5978,19:57,IC ARO,PARIS (intramuros),CLERMONTPA,FRPLY,16:31,FRCFE
3529,2023-06-11,CLERMONT FERRAND,OUI,5978,17:04,IC ARO,VICHY,CLERMONTPA,FRVHY,16:31,FRCFE
3530,2023-06-11,RIOM CHATEL GUYON,NON,5978,17:58,IC ARO,NEVERS,CLERMONTPA,FRNVS,16:42,FRRIO
3531,2023-06-11,RIOM CHATEL GUYON,OUI,5978,17:04,IC ARO,VICHY,CLERMONTPA,FRVHY,16:42,FRRIO
3532,2023-06-11,MASSY TGV,OUI,5380,09:30,SUD EST,LE MANS,JCSUDATL,FRAET,08:39,FRDJU
3533,2023-06-11,LYON (intramuros),OUI,5380,09:30,SUD EST,LE MANS,JCSUDATL,FRAET,06:16,FRLPE
3534,2023-06-11,MACON LOCHE TGV,NON,6941,16:32,SUD EST,ANNECY,PARISALPES,FRNCY,14:20,FRMLT
3535,2023-06-11,POITIERS,OUI,8389,19:18,ATLANTIQUE,NIORT,PAROCHELLE,FRNIT,18:34,FRPIS
3536,2023-06-11,PARIS (intramuros),NON,8389,19:57,ATLANTIQUE,LA ROCHELLE VILLE,PAROCHELLE,FRLRH,16:57,FRPMO
3537,2023-06-11,CHATELLERAULT,OUI,8389,18:31,ATLANTIQUE,POITIERS,PAROCHELLE,FRPIS,18:16,FRXCX
3538,2023-06-11,BEZIERS,NON,6260,19:27,SUD EST,SETE,LANGPA,FRXSY,19:00,FRBZR
3539,2023-06-11,PERPIGNAN,OUI,6260,18:40,SUD EST,NARBONNE,LANGPA,FRXNA,18:04,FRPGF
3540,2023-06-11,AGDE,NON,6260,20:50,SUD EST,VALENCE TGV RHONE-ALPES SUD,LANGPA,FRVLA,19:14,FRXAG
3541,2023-06-11,SETE,NON,6260,20:50,SUD EST,VALENCE TGV RHONE-ALPES SUD,LANGPA,FRVLA,19:30,FRXSY
3542,2023-06-11,PAU,NON,14157,21:22,IC SRO,BIARRITZ,SUDOUEST,FRBIQ,19:52,FRAEE
3543,2023-06-11,LOURDES,NON,14157,21:04,IC SRO,BAYONNE,SUDOUEST,FRXBY,19:23,FRLDE
3544,2023-06-11,BAYONNE,NON,14157,21:49,IC SRO,HENDAYE,SUDOUEST,FRAEF,21:14,FRXBY
3545,2023-06-11,TOULOUSE MATABIAU,NON,14157,21:22,IC SRO,BIARRITZ,SUDOUEST,FRBIQ,17:25,FRXYT
3546,2023-06-11,NIMES,NON,6825,20:48,SUD EST,BEZIERS,JCPROVSUD,FRBZR,19:40,FRFNI
3547,2023-06-11,NIMES,NON,6825,20:05,SUD EST,MONTPELLIER SAINT-ROCH,JCPROVSUD,FRMPL,19:40,FRFNI
3548,2023-06-11,LYON (intramuros),NON,6825,19:37,SUD EST,NIMES,JCPROVSUD,FRFNI,18:09,FRLPD
3549,2023-06-11,MONTPELLIER SAINT-ROCH,NON,6825,20:23,SUD EST,SETE,JCPROVSUD,FRXSY,20:10,FRMPL
3550,2023-06-11,VALENCE TGV RHONE-ALPES SUD,NON,6825,20:48,SUD EST,BEZIERS,JCPROVSUD,FRBZR,18:53,FRVLA
3551,2023-06-11,VALENCE TGV RHONE-ALPES SUD,NON,6825,19:37,SUD EST,NIMES,JCPROVSUD,FRFNI,18:53,FRVLA
3552,2023-06-11,VALENCE TGV RHONE-ALPES SUD,NON,6825,21:04,SUD EST,NARBONNE,JCPROVSUD,FRXNA,18:53,FRVLA
3553,2023-06-11,VALENCE TGV RHONE-ALPES SUD,NON,6825,20:23,SUD EST,SETE,JCPROVSUD,FRXSY,18:53,FRVLA
3554,2023-06-11,VALENCE TGV RHONE-ALPES SUD,NON,6825,22:19,SUD EST,TOULOUSE MATABIAU,JCPROVSUD,FRXYT,18:53,FRVLA
3555,2023-06-11,SETE,OUI,6825,21:34,SUD EST,CARCASSONNE,JCPROVSUD,FRCCF,20:26,FRXSY
3556,2023-06-11,POITIERS,OUI,8395,23:08,ATLANTIQUE,SURGERES,PAROCHELLE,FREIP,21:49,FRPIS
3557,2023-06-11,POITIERS,OUI,8395,22:47,ATLANTIQUE,NIORT,PAROCHELLE,FRNIT,21:49,FRPIS
3558,2023-06-11,PARIS (intramuros),NON,8395,22:29,ATLANTIQUE,ST MAIXENT DEUX SEVRES,PAROCHELLE,FREJC,20:24,FRPMO
3559,2023-06-11,PARIS (intramuros),NON,8395,22:47,ATLANTIQUE,NIORT,PAROCHELLE,FRNIT,20:24,FRPMO
3560,2023-06-11,NIMES,NON,6206,19:18,SUD EST,PARIS (intramuros),LANGPA,FRPLY,16:17,FRFNI
3561,2023-06-11,PERPIGNAN,OUI,6206,15:24,SUD EST,SETE,LANGPA,FRXSY,14:04,FRPGF
3562,2023-06-11,NARBONNE,OUI,6206,15:24,SUD EST,SETE,LANGPA,FRXSY,14:41,FRXNA
3563,2023-06-11,MULHOUSE VILLE,NON,6708,20:42,SUD EST,PARIS (intramuros),BOURPA,FRPLY,17:46,FRAEK
3564,2023-06-11,BELFORT-MONTBELIARD TGV,NON,6708,20:42,SUD EST,PARIS (intramuros),BOURPA,FRPLY,18:11,FRTJA
3565,2023-06-11,MARSEILLE ST CHARLES,OUI,6116,12:15,SUD EST,AIX EN PROVENCE TGV,PROVENCEPA,FRAIE,12:04,FRMSC
3566,2023-06-11,MARSEILLE ST CHARLES,NON,6116,15:22,SUD EST,PARIS (intramuros),PROVENCEPA,FRPLY,12:04,FRMSC
3567,2023-06-11,JONZAC,NON,3833,16:08,IC SRO,BORDEAUX ST JEAN,NANTEBORDO,FRBOJ,15:11,FREMR
3568,2023-06-11,LUCON,NON,3833,14:32,IC SRO,SAINTES,NANTEBORDO,FRXST,13:00,FRLCN
3569,2023-06-11,NANTES,NON,3833,15:10,IC SRO,JONZAC,NANTEBORDO,FREMR,11:55,FRNTE
3570,2023-06-11,LA ROCHE SUR YON,NON,3833,15:10,IC SRO,JONZAC,NANTEBORDO,FREMR,12:36,FRXRO
3571,2023-06-11,LA ROCHE SUR YON,NON,3833,14:03,IC SRO,ROCHEFORT,NANTEBORDO,FRRCO,12:36,FRXRO
3572,2023-06-11,SAINTES,NON,3833,15:10,IC SRO,JONZAC,NANTEBORDO,FREMR,14:34,FRXST
3573,2023-06-11,ANGERS ST LAUD,NON,5320,18:24,SUD EST,LE MANS,JCATLSUD,FRAET,17:44,FRACL
3574,2023-06-11,LYON (intramuros),OUI,5320,21:47,SUD EST,LYON (intramuros),JCATLSUD,FRLPE,21:39,FRLPD
3575,2023-06-11,NANTES,NON,5320,19:19,SUD EST,MASSY TGV,JCATLSUD,FRDJU,17:05,FRNTE
3576,2023-06-11,GENEVE,NON,9784,23:45,INTERNATIONAL,PARIS (intramuros),GENEVEPA,FRPLY,20:29,CHGVA
3577,2023-06-11,GENEVE,NON,9784,21:48,INTERNATIONAL,BOURG EN BRESSE,GENEVEPA,FRXBK,20:29,CHGVA
3578,2023-06-11,BELLEGARDE,NON,9784,23:45,INTERNATIONAL,PARIS (intramuros),GENEVEPA,FRPLY,21:02,FRXBF
3579,2023-06-11,RETHEL,OUI,2765,23:11,EST,CHARLEVILLE MEZIERES,PABARSED,FRXCZ,22:42,FRBDT
3580,2023-06-11,PARIS (intramuros),OUI,2765,23:35,EST,SEDAN,PABARSED,FRXSW,21:28,FRPST
3581,2023-06-11,MONTBARD,NON,6745,18:35,SUD EST,DIJON VILLE,PABOUR,FRABA,17:57,FRGWE
3582,2023-06-11,MONTBARD,NON,6745,19:27,SUD EST,BESANCON VIOTTE,PABOUR,FRABG,17:57,FRGWE
3583,2023-06-11,PARIS (intramuros),NON,6745,19:27,SUD EST,BESANCON VIOTTE,PABOUR,FRABG,16:50,FRPLY
3584,2023-06-11,PARIS (intramuros),NON,6745,17:54,SUD EST,MONTBARD,PABOUR,FRGWE,16:50,FRPLY
3585,2023-06-11,ANGOULEME,NON,5284,17:57,NORD,LILLE (intramuros),JCAQUINORD,FRLLE,13:36,FRANG
3586,2023-06-11,BORDEAUX ST JEAN,OUI,5284,13:33,NORD,ANGOULEME,JCAQUINORD,FRANG,12:58,FRBOJ
3587,2023-06-11,BORDEAUX ST JEAN,NON,5284,15:49,NORD,MASSY TGV,JCAQUINORD,FRDJU,12:58,FRBOJ
3588,2023-06-11,POITIERS,NON,5284,17:57,NORD,LILLE (intramuros),JCAQUINORD,FRLLE,14:19,FRPIS
3589,2023-06-11,POITIERS,NON,5284,16:27,NORD,MARNE LA VALLEE CHESSY,JCAQUINORD,FRMLV,14:19,FRPIS
3590,2023-06-11,ST PIERRE DES CORPS,NON,5284,15:49,NORD,MASSY TGV,JCAQUINORD,FRDJU,14:54,FRXSH
3591,2023-06-11,ST PIERRE DES CORPS,NON,5284,17:57,NORD,LILLE (intramuros),JCAQUINORD,FRLLE,14:54,FRXSH
3592,2023-06-11,ST PIERRE DES CORPS,NON,5284,16:27,NORD,MARNE LA VALLEE CHESSY,JCAQUINORD,FRMLV,14:54,FRXSH
3593,2023-06-11,ST PIERRE DES CORPS,NON,5284,17:15,NORD,TGV HAUTE PICARDIE,JCAQUINORD,FRTHP,14:54,FRXSH
3594,2023-06-11,MULHOUSE VILLE,NON,6706,17:35,SUD EST,MONTBARD,BOURPA,FRGWE,15:40,FRAEK
3595,2023-06-11,MULHOUSE VILLE,NON,6706,18:43,SUD EST,PARIS (intramuros),BOURPA,FRPLY,15:40,FRAEK
3596,2023-06-11,BELFORT-MONTBELIARD TGV,NON,6706,18:43,SUD EST,PARIS (intramuros),BOURPA,FRPLY,16:05,FRTJA
3597,2023-06-11,BESANCON - F COMTE TGV,NON,6706,16:56,SUD EST,DIJON VILLE,BOURPA,FRABA,16:28,FRTJB
3598,2023-06-11,STRASBOURG,NON,9408,10:05,EST,PARIS (intramuros),MULHSTRAPA,FRPST,08:20,FRAEG
3599,2023-06-11,FREIBURG BREISGAU HBF,NON,9408,10:05,EST,PARIS (intramuros),MULHSTRAPA,FRPST,07:08,DEFGB
3600,2023-06-11,FREIBURG BREISGAU HBF,OUI,9408,07:26,EST,RINGSHEIM/EU-PARK,MULHSTRAPA,DERSH,07:08,DEFGB
3601,2023-06-11,LIMOGES BENEDICTINS,NON,3645,19:06,IC ARO,BRIVE LA GAILLARDE,PALITO,FRBVE,18:05,FRAGQ
3602,2023-06-11,LIMOGES BENEDICTINS,NON,3645,20:39,IC ARO,CAUSSADE TARN ET GARONNE,PALITO,FRFTA,18:05,FRAGQ
3603,2023-06-11,BRIVE LA GAILLARDE,OUI,3645,19:46,IC ARO,GOURDON,PALITO,FRFSI,19:08,FRBVE
3604,2023-06-11,BRIVE LA GAILLARDE,OUI,3645,19:31,IC ARO,SOUILLAC,PALITO,FRSOU,19:08,FRBVE
3605,2023-06-11,CHATEAUROUX,NON,3645,20:13,IC ARO,CAHORS,PALITO,FRZAO,16:50,FRCHR
3606,2023-06-11,CAUSSADE TARN ET GARONNE,OUI,3645,21:27,IC ARO,TOULOUSE MATABIAU,PALITO,FRXYT,20:40,FRFTA
3607,2023-06-11,LES AUBRAIS ORLEANS,NON,3645,19:06,IC ARO,BRIVE LA GAILLARDE,PALITO,FRBVE,15:40,FRLAB
3608,2023-06-11,LES AUBRAIS ORLEANS,NON,3645,20:54,IC ARO,MONTAUBAN VILLE BOURBON,PALITO,FRXMW,15:40,FRLAB
3609,2023-06-11,LA SOUTERRAINE,NON,3645,19:46,IC ARO,GOURDON,PALITO,FRFSI,17:27,FRLST
3610,2023-06-11,PARIS (intramuros),NON,3645,18:02,IC ARO,LIMOGES BENEDICTINS,PALITO,FRAGQ,14:35,FRPAZ
3611,2023-06-11,PARIS (intramuros),NON,3645,19:46,IC ARO,GOURDON,PALITO,FRFSI,14:35,FRPAZ
3612,2023-06-11,PARIS (intramuros),NON,3645,17:25,IC ARO,LA SOUTERRAINE,PALITO,FRLST,14:35,FRPAZ
3613,2023-06-11,PARIS (intramuros),NON,3645,19:31,IC ARO,SOUILLAC,PALITO,FRSOU,14:35,FRPAZ
3614,2023-06-11,SOUILLAC,OUI,3645,19:46,IC ARO,GOURDON,PALITO,FRFSI,19:32,FRSOU
3615,2023-06-11,SOUILLAC,OUI,3645,21:27,IC ARO,TOULOUSE MATABIAU,PALITO,FRXYT,19:32,FRSOU
3616,2023-06-11,VIERZON VILLE,NON,3645,16:48,IC ARO,CHATEAUROUX,PALITO,FRCHR,16:17,FRXVZ
3617,2023-06-11,VIERZON VILLE,NON,3645,19:46,IC ARO,GOURDON,PALITO,FRFSI,16:17,FRXVZ
3618,2023-06-11,VIERZON VILLE,NON,3645,17:25,IC ARO,LA SOUTERRAINE,PALITO,FRLST,16:17,FRXVZ
3619,2023-06-11,DAX,NON,8541,16:32,ATLANTIQUE,ST JEAN DE LUZ CIBOURE,PASUDOUEST,FRXJZ,15:32,FRACG
3620,2023-06-11,BIARRITZ,OUI,8541,16:47,ATLANTIQUE,HENDAYE,PASUDOUEST,FRAEF,16:19,FRBIQ
3621,2023-06-11,BORDEAUX ST JEAN,NON,8541,15:28,ATLANTIQUE,DAX,PASUDOUEST,FRACG,14:21,FRBOJ
3622,2023-06-11,BORDEAUX ST JEAN,NON,8541,16:47,ATLANTIQUE,HENDAYE,PASUDOUEST,FRAEF,14:21,FRBOJ
3623,2023-06-11,BORDEAUX ST JEAN,NON,8541,16:32,ATLANTIQUE,ST JEAN DE LUZ CIBOURE,PASUDOUEST,FRXJZ,14:21,FRBOJ
3624,2023-06-11,PARIS (intramuros),NON,8541,16:16,ATLANTIQUE,BIARRITZ,PASUDOUEST,FRBIQ,12:08,FRPMO
3625,2023-06-11,PARIS (intramuros),NON,8541,16:32,ATLANTIQUE,ST JEAN DE LUZ CIBOURE,PASUDOUEST,FRXJZ,12:08,FRPMO
3626,2023-06-11,ST JEAN DE LUZ CIBOURE,OUI,8541,16:47,ATLANTIQUE,HENDAYE,PASUDOUEST,FRAEF,16:35,FRXJZ
3627,2023-06-11,DIJON VILLE,OUI,9896,21:09,EST,MULHOUSE VILLE,JCRHONRHIN,FRAEK,19:49,FRABA
3628,2023-06-11,AIX EN PROVENCE TGV,NON,9896,17:08,EST,VALENCE TGV RHONE-ALPES SUD,JCRHONRHIN,FRVLA,16:11,FRAIE
3629,2023-06-11,LYON (intramuros),NON,9896,20:16,EST,BESANCON - F COMTE TGV,JCRHONRHIN,FRTJB,18:00,FRLPD
3630,2023-06-11,MARSEILLE ST CHARLES,NON,9896,21:09,EST,MULHOUSE VILLE,JCRHONRHIN,FRAEK,15:56,FRMSC
3631,2023-06-11,MARSEILLE ST CHARLES,OUI,9896,16:30,EST,AVIGNON TGV,JCRHONRHIN,FRAVG,15:56,FRMSC
3632,2023-06-11,MARSEILLE ST CHARLES,NON,9896,20:40,EST,BELFORT-MONTBELIARD TGV,JCRHONRHIN,FRTJA,15:56,FRMSC
3633,2023-06-11,MARSEILLE ST CHARLES,NON,9896,20:16,EST,BESANCON - F COMTE TGV,JCRHONRHIN,FRTJB,15:56,FRMSC
3634,2023-06-11,BESANCON - F COMTE TGV,OUI,9896,22:07,EST,STRASBOURG,JCRHONRHIN,FRAEG,20:19,FRTJB
3635,2023-06-11,VALENCE TGV RHONE-ALPES SUD,NON,9896,23:02,EST,METZ VILLE,JCRHONRHIN,FRADE,17:13,FRVLA
3636,2023-06-11,VALENCE TGV RHONE-ALPES SUD,NON,9896,21:09,EST,MULHOUSE VILLE,JCRHONRHIN,FRAEK,17:13,FRVLA
3637,2023-06-11,DIJON VILLE,NON,2204,18:17,EST,BESANCON - F COMTE TGV,JCRHONRHIN,FRTJB,17:50,FRABA
3638,2023-06-11,NIMES,NON,2204,17:40,EST,DIJON VILLE,JCRHONRHIN,FRABA,14:23,FRFNI
3639,2023-06-11,NIMES,NON,2204,20:18,EST,STRASBOURG,JCRHONRHIN,FRAEG,14:23,FRFNI
3640,2023-06-11,NIMES,NON,2204,19:09,EST,MULHOUSE VILLE,JCRHONRHIN,FRAEK,14:23,FRFNI
3641,2023-06-11,MACON VILLE,NON,2204,20:18,EST,STRASBOURG,JCRHONRHIN,FRAEG,16:41,FRHGU
3642,2023-06-11,MACON VILLE,NON,2204,19:41,EST,COLMAR,JCRHONRHIN,FRAEJ,16:41,FRHGU
3643,2023-06-11,MACON VILLE,NON,2204,19:09,EST,MULHOUSE VILLE,JCRHONRHIN,FRAEK,16:41,FRHGU
3644,2023-06-11,MONTPELLIER SAINT-ROCH,NON,2204,20:18,EST,STRASBOURG,JCRHONRHIN,FRAEG,13:55,FRMPL
3645,2023-06-11,MONTPELLIER SAINT-ROCH,OUI,2204,14:20,EST,NIMES,JCRHONRHIN,FRFNI,13:55,FRMPL
3646,2023-06-11,MONTPELLIER SAINT-ROCH,NON,2204,15:51,EST,LYON (intramuros),JCRHONRHIN,FRLPD,13:55,FRMPL
3647,2023-06-11,BESANCON - F COMTE TGV,NON,2204,20:18,EST,STRASBOURG,JCRHONRHIN,FRAEG,18:22,FRTJB
3648,2023-06-11,BESANCON - F COMTE TGV,NON,2204,19:41,EST,COLMAR,JCRHONRHIN,FRAEJ,18:22,FRTJB
3649,2023-06-11,CANNES,NON,6168,18:33,SUD EST,MARSEILLE ST CHARLES,AZURPA,FRMSC,16:32,FRJCA
3650,2023-06-11,NICE VILLE,OUI,6168,17:44,SUD EST,TOULON,AZURPA,FRTLN,16:01,FRNIC
3651,2023-06-11,NICE VILLE,OUI,6168,16:55,SUD EST,ST RAPHAEL VALESCURE,AZURPA,FRXSK,16:01,FRNIC
3652,2023-06-11,TOULON,NON,6168,18:33,SUD EST,MARSEILLE ST CHARLES,AZURPA,FRMSC,17:48,FRTLN
3653,2023-06-11,ST RAPHAEL VALESCURE,OUI,6168,17:44,SUD EST,TOULON,AZURPA,FRTLN,16:58,FRXSK
3654,2023-06-11,PARIS (intramuros),NON,6227,21:59,SUD EST,VALENCE TGV RHONE-ALPES SUD,PALANG,FRVLA,19:44,FRPLY
3655,2023-06-11,LIMOGES BENEDICTINS,OUI,3674,18:54,IC ARO,ARGENTON SUR CREUSE,TOULOUZECO,FRFMT,17:57,FRAGQ
3656,2023-06-11,LIMOGES BENEDICTINS,NON,3674,21:21,IC ARO,PARIS (intramuros),TOULOUZECO,FRPAZ,17:57,FRAGQ
3657,2023-06-11,ARGENTON SUR CREUSE,NON,3674,21:21,IC ARO,PARIS (intramuros),TOULOUZECO,FRPAZ,18:55,FRFMT
3658,2023-06-11,CASTELNAUDARY,NON,3738,07:04,IC NUIT,PARIS (intramuros),PALOMBEPAR,FRPAZ,21:37,FRCTY
3659,2023-06-11,ELNE,NON,3738,05:53,IC NUIT,LES AUBRAIS ORLEANS,PALOMBEPAR,FRLAB,19:06,FRIOG
3660,2023-06-11,BANYULS SUR MER,NON,3738,05:53,IC NUIT,LES AUBRAIS ORLEANS,PALOMBEPAR,FRLAB,18:39,FRXBU
3661,2023-06-11,CERBERE,NON,3738,05:53,IC NUIT,LES AUBRAIS ORLEANS,PALOMBEPAR,FRLAB,18:31,FRXCE
3662,2023-06-11,CLERMONT FERRAND,OUI,5986,21:56,IC ARO,PARIS (intramuros),CLERMONTPA,FRPLY,18:31,FRCFE
3663,2023-06-11,CLERMONT FERRAND,OUI,5986,19:04,IC ARO,VICHY,CLERMONTPA,FRVHY,18:31,FRCFE
3664,2023-06-11,NEVERS,OUI,5986,21:56,IC ARO,PARIS (intramuros),CLERMONTPA,FRPLY,20:00,FRNVS
3665,2023-06-11,MOULINS SUR ALLIER,OUI,5986,19:58,IC ARO,NEVERS,CLERMONTPA,FRNVS,19:31,FRXMU
3666,2023-06-11,MOULINS SUR ALLIER,OUI,5986,21:56,IC ARO,PARIS (intramuros),CLERMONTPA,FRPLY,19:31,FRXMU
3667,2023-06-11,PARIS (intramuros),NON,6277,21:03,SUD EST,BEZIERS,PALANG,FRBZR,16:54,FRPLY
3668,2023-06-11,PARIS (intramuros),NON,6277,19:06,SUD EST,VALENCE TGV RHONE-ALPES SUD,PALANG,FRVLA,16:54,FRPLY
3669,2023-06-11,PARIS (intramuros),NON,6277,20:49,SUD EST,AGDE,PALANG,FRXAG,16:54,FRPLY
3670,2023-06-11,PARIS (intramuros),NON,6277,21:20,SUD EST,NARBONNE,PALANG,FRXNA,16:54,FRPLY
3671,2023-06-11,VALENCE TGV RHONE-ALPES SUD,NON,6277,20:49,SUD EST,AGDE,PALANG,FRXAG,19:11,FRVLA
3672,2023-06-11,MONTPELLIER SUD DE FRANCE,OUI,6277,20:34,SUD EST,SETE,PALANG,FRXSY,20:20,FRSUF
3673,2023-06-11,MONTPELLIER SUD DE FRANCE,OUI,6277,20:49,SUD EST,AGDE,PALANG,FRXAG,20:20,FRSUF
3674,2023-06-11,NIMES PONT DU GARD,NON,6277,21:03,SUD EST,BEZIERS,PALANG,FRBZR,19:53,FRXZP
3675,2023-06-11,NIMES PONT DU GARD,NON,6277,20:34,SUD EST,SETE,PALANG,FRXSY,19:53,FRXZP
3676,2023-06-11,SURGERES,NON,8392,23:12,ATLANTIQUE,ST PIERRE DES CORPS,ROCHELLEPA,FRXSH,21:31,FREIP
3677,2023-06-11,LA ROCHELLE VILLE,NON,8392,00:17,ATLANTIQUE,PARIS (intramuros),ROCHELLEPA,FRPMO,21:09,FRLRH
3678,2023-06-11,DIJON VILLE,NON,2087,13:46,EST,VALENCE TGV RHONE-ALPES SUD,JCRHINRHON,FRVLA,11:21,FRABA
3679,2023-06-11,STRASBOURG,OUI,2087,09:54,EST,MULHOUSE VILLE,JCRHINRHON,FRAEK,09:03,FRAEG
3680,2023-06-11,STRASBOURG,NON,2087,13:46,EST,VALENCE TGV RHONE-ALPES SUD,JCRHINRHON,FRVLA,09:03,FRAEG
3681,2023-06-11,MULHOUSE VILLE,NON,2087,11:11,EST,DIJON VILLE,JCRHINRHON,FRABA,09:57,FRAEK
3682,2023-06-11,MULHOUSE VILLE,NON,2087,14:49,EST,AIX EN PROVENCE TGV,JCRHINRHON,FRAIE,09:57,FRAEK
3683,2023-06-11,LYON (intramuros),NON,2087,13:46,EST,VALENCE TGV RHONE-ALPES SUD,JCRHINRHON,FRVLA,13:06,FRLPD
3684,2023-06-11,BESANCON - F COMTE TGV,NON,2087,14:49,EST,AIX EN PROVENCE TGV,JCRHINRHON,FRAIE,10:44,FRTJB
3685,2023-06-11,BESANCON - F COMTE TGV,NON,2087,14:25,EST,AVIGNON TGV,JCRHINRHON,FRAVG,10:44,FRTJB
3686,2023-06-11,BESANCON - F COMTE TGV,NON,2087,12:19,EST,MACON VILLE,JCRHINRHON,FRHGU,10:44,FRTJB
3687,2023-06-11,BESANCON - F COMTE TGV,NON,2087,13:00,EST,LYON (intramuros),JCRHINRHON,FRLPD,10:44,FRTJB
3688,2023-06-11,BESANCON - F COMTE TGV,NON,2087,15:06,EST,MARSEILLE ST CHARLES,JCRHINRHON,FRMSC,10:44,FRTJB
3689,2023-06-11,LORIENT,OUI,8731,21:28,ATLANTIQUE,QUIMPER,PARISBRETA,FRUIP,20:54,FRLRT
3690,2023-06-11,PARIS (intramuros),NON,8731,20:51,ATLANTIQUE,LORIENT,PARISBRETA,FRLRT,17:56,FRPMO
3691,2023-06-11,RENNES,OUI,8731,20:51,ATLANTIQUE,LORIENT,PARISBRETA,FRLRT,19:29,FRRNS
3692,2023-06-11,VANNES,OUI,8731,21:28,ATLANTIQUE,QUIMPER,PARISBRETA,FRUIP,20:27,FRVNE
3693,2023-06-11,STRASBOURG,NON,2066,19:35,EST,CHAMPAGNE-ARDENNE,MULHSTRAPA,FREAH,18:19,FRAEG
3694,2023-06-11,CHAMPAGNE-ARDENNE,NON,2066,20:20,EST,PARIS (intramuros),MULHSTRAPA,FRPST,19:38,FREAH
3695,2023-06-11,LORRAINE TGV,NON,2066,20:20,EST,PARIS (intramuros),MULHSTRAPA,FRPST,18:57,FREAM
3696,2023-06-11,AIX EN PROVENCE TGV,OUI,9868,15:43,NORD,AVIGNON TGV,JCSUDNORD,FRAVG,15:24,FRAIE
3697,2023-06-11,AVIGNON TGV,NON,9868,19:01,NORD,AEROPORT CDG2 TGV ROISSY,JCSUDNORD,FRMLW,15:46,FRAVG
3698,2023-06-11,LYON (intramuros),NON,9868,19:57,NORD,LILLE (intramuros),JCSUDNORD,FRLLE,17:00,FRLPD
3699,2023-06-11,BRUXELLES MIDI BRUSSEL ZUID,NON,9812,10:08,NORD,MARNE LA VALLEE CHESSY,JCNORDSUD,FRMLV,08:17,BEBMI
3700,2023-06-11,BRUXELLES MIDI BRUSSEL ZUID,NON,9812,09:53,NORD,AEROPORT CDG2 TGV ROISSY,JCNORDSUD,FRMLW,08:17,BEBMI
3701,2023-06-11,MARNE LA VALLEE CHESSY,NON,9812,12:00,NORD,LYON (intramuros),JCNORDSUD,FRLPD,10:13,FRMLV
3702,2023-06-11,MARNE LA VALLEE CHESSY,NON,9812,12:45,NORD,VALENCE TGV RHONE-ALPES SUD,JCNORDSUD,FRVLA,10:13,FRMLV
3703,2023-06-11,AEROPORT CDG2 TGV ROISSY,NON,9812,10:08,NORD,MARNE LA VALLEE CHESSY,JCNORDSUD,FRMLV,09:59,FRMLW
3704,2023-06-11,AEROPORT CDG2 TGV ROISSY,NON,9812,12:45,NORD,VALENCE TGV RHONE-ALPES SUD,JCNORDSUD,FRVLA,09:59,FRMLW
3705,2023-06-11,LORIENT,OUI,8751,23:13,ATLANTIQUE,QUIMPERLE,PARISBRETA,FRECO,23:02,FRLRT
3706,2023-06-11,LORIENT,OUI,8751,23:45,ATLANTIQUE,QUIMPER,PARISBRETA,FRUIP,23:02,FRLRT
3707,2023-06-11,PARIS (intramuros),NON,8751,22:41,ATLANTIQUE,AURAY,PARISBRETA,FRXUY,19:54,FRPMO
3708,2023-06-11,RENNES,OUI,8751,23:13,ATLANTIQUE,QUIMPERLE,PARISBRETA,FRECO,21:29,FRRNS
3709,2023-06-11,RENNES,OUI,8751,22:41,ATLANTIQUE,AURAY,PARISBRETA,FRXUY,21:29,FRRNS
3710,2023-06-11,VANNES,OUI,8751,22:59,ATLANTIQUE,LORIENT,PARISBRETA,FRLRT,22:31,FRVNE
3711,2023-06-11,VANNES,OUI,8751,23:45,ATLANTIQUE,QUIMPER,PARISBRETA,FRUIP,22:31,FRVNE
3712,2023-06-11,REDON,OUI,8751,23:45,ATLANTIQUE,QUIMPER,PARISBRETA,FRUIP,22:05,FRXRN
3713,2023-06-11,REDON,OUI,8751,22:28,ATLANTIQUE,VANNES,PARISBRETA,FRVNE,22:05,FRXRN
3714,2023-06-11,REDON,OUI,8751,22:41,ATLANTIQUE,AURAY,PARISBRETA,FRXUY,22:05,FRXRN
3715,2023-06-11,AURAY,OUI,8751,23:30,ATLANTIQUE,ROSPORDEN,PARISBRETA,FRRSP,22:44,FRXUY
3716,2023-06-11,POITIERS,NON,8461,00:02,ATLANTIQUE,ANGOULEME,PASUDOUEST,FRANG,23:24,FRPIS
3717,2023-06-11,PARIS (intramuros),NON,8461,00:42,ATLANTIQUE,BORDEAUX ST JEAN,PASUDOUEST,FRBOJ,21:45,FRPMO
3718,2023-06-11,PARIS (intramuros),NON,6627,19:56,SUD EST,LYON (intramuros),PARISRHONE,FRLPD,17:50,FRPLY
3719,2023-06-11,LE CREUSOT MONTCEAU MONTCHANIN,NON,6627,19:56,SUD EST,LYON (intramuros),PARISRHONE,FRLPD,19:12,FRXCC
3720,2023-06-11,LE CREUSOT MONTCEAU MONTCHANIN,NON,6627,20:10,SUD EST,LYON (intramuros),PARISRHONE,FRLPE,19:12,FRXCC
3721,2023-06-11,MORLAIX,OUI,8657,05:52,ATLANTIQUE,BREST,PARISBRETA,FRBES,05:11,FRMXN
3722,2023-06-11,UZERCHE,OUI,3684,18:54,IC ARO,LIMOGES BENEDICTINS,TOULOUZECO,FRAGQ,18:17,FRAAW
3723,2023-06-11,UZERCHE,NON,3684,20:07,IC ARO,CHATEAUROUX,TOULOUZECO,FRCHR,18:17,FRAAW
3724,2023-06-11,UZERCHE,NON,3684,19:29,IC ARO,LA SOUTERRAINE,TOULOUZECO,FRLST,18:17,FRAAW
3725,2023-06-11,LIMOGES BENEDICTINS,NON,3684,22:21,IC ARO,PARIS (intramuros),TOULOUZECO,FRPAZ,18:57,FRAGQ
3726,2023-06-11,BRIVE LA GAILLARDE,NON,3684,22:21,IC ARO,PARIS (intramuros),TOULOUZECO,FRPAZ,17:52,FRBVE
3727,2023-06-11,CHATEAUROUX,NON,3684,22:21,IC ARO,PARIS (intramuros),TOULOUZECO,FRPAZ,20:09,FRCHR
3728,2023-06-11,ISSOUDUN,NON,3684,22:21,IC ARO,PARIS (intramuros),TOULOUZECO,FRPAZ,20:24,FRFMN
3729,2023-06-11,LA SOUTERRAINE,NON,3684,20:23,IC ARO,ISSOUDUN,TOULOUZECO,FRFMN,19:31,FRLST
3730,2023-06-11,PARIS (intramuros),NON,2247,19:10,EST,MEUSE TGV,PANANCY,FREAJ,18:10,FRPST
3731,2023-06-11,ANGERS ST LAUD,OUI,8931,21:55,ATLANTIQUE,LA BAULE ESCOUBLAC,PARISLOIRE,FRJEE,20:19,FRACL
3732,2023-06-11,AGEN,NON,4655,10:54,IC ARO,MONTPELLIER SAINT-ROCH,TJOURSOSE,FRMPL,07:31,FRAGF
3733,2023-06-11,AGEN,NON,4655,12:34,IC ARO,MARSEILLE ST CHARLES,TJOURSOSE,FRMSC,07:31,FRAGF
3734,2023-06-11,CARCASSONNE,NON,4655,10:15,IC ARO,BEZIERS,TJOURSOSE,FRBZR,09:29,FRCCF
3735,2023-06-11,CARCASSONNE,NON,4655,11:21,IC ARO,NIMES,TJOURSOSE,FRFNI,09:29,FRCCF
3736,2023-06-11,CARCASSONNE,NON,4655,10:54,IC ARO,MONTPELLIER SAINT-ROCH,TJOURSOSE,FRMPL,09:29,FRCCF
3737,2023-06-11,CARCASSONNE,NON,4655,12:34,IC ARO,MARSEILLE ST CHARLES,TJOURSOSE,FRMSC,09:29,FRCCF
3738,2023-06-11,NARBONNE,NON,4655,10:54,IC ARO,MONTPELLIER SAINT-ROCH,TJOURSOSE,FRMPL,10:01,FRXNA
3739,2023-06-11,MULHOUSE VILLE,NON,6704,15:08,SUD EST,PARIS (intramuros),BOURPA,FRPLY,12:05,FRAEK
3740,2023-06-11,BELFORT-MONTBELIARD TGV,NON,6704,14:02,SUD EST,MONTBARD,BOURPA,FRGWE,12:31,FRTJA
3741,2023-06-11,ST PIERRE DES CORPS,NON,8379,13:52,ATLANTIQUE,POITIERS,PAROCHELLE,FRPIS,13:20,FRXSH
3742,2023-06-11,ZUERICH HB,NON,9206,08:53,INTERNATIONAL,MULHOUSE VILLE,ZURBALPA,FRAEK,07:34,CHAJD
3743,2023-06-11,BELFORT-MONTBELIARD TGV,NON,9206,11:38,INTERNATIONAL,PARIS (intramuros),ZURBALPA,FRPLY,09:20,FRTJA
3744,2023-06-11,STRASBOURG,NON,5535,20:49,EST,BESANCON - F COMTE TGV,JCRHINRHON,FRTJB,19:03,FRAEG
3745,2023-06-11,COLMAR,NON,5535,21:19,EST,DIJON VILLE,JCRHINRHON,FRABA,19:33,FRAEJ
3746,2023-06-11,COLMAR,NON,5535,20:49,EST,BESANCON - F COMTE TGV,JCRHINRHON,FRTJB,19:33,FRAEJ
3747,2023-06-11,MULHOUSE VILLE,NON,5535,21:19,EST,DIJON VILLE,JCRHINRHON,FRABA,20:04,FRAEK
3748,2023-06-11,BELFORT-MONTBELIARD TGV,NON,5535,22:26,EST,MACON VILLE,JCRHINRHON,FRHGU,20:29,FRTJA
3749,2023-06-11,BELFORT-MONTBELIARD TGV,NON,5535,23:18,EST,LYON (intramuros),JCRHINRHON,FRLPE,20:29,FRTJA
3750,2023-06-11,ST MAIXENT DEUX SEVRES,NON,8391,20:58,ATLANTIQUE,SURGERES,PAROCHELLE,FREIP,20:21,FREJC
3751,2023-06-11,PARIS (intramuros),NON,8391,20:18,ATLANTIQUE,ST MAIXENT DEUX SEVRES,PAROCHELLE,FREJC,18:24,FRPMO
3752,2023-06-11,MULHOUSE VILLE,NON,6702,10:48,SUD EST,PARIS (intramuros),BOURPA,FRPLY,07:46,FRAEK
3753,2023-06-11,DAX,NON,8585,21:52,ATLANTIQUE,PARIS (intramuros),SUDOUESTPA,FRPMO,18:23,FRACG
3754,2023-06-11,PAU,NON,8585,21:52,ATLANTIQUE,PARIS (intramuros),SUDOUESTPA,FRPMO,17:28,FRAEE
3755,2023-06-11,ORTHEZ,OUI,8585,19:35,ATLANTIQUE,BORDEAUX ST JEAN,SUDOUESTPA,FRBOJ,17:51,FRGFI
3756,2023-06-11,ORTHEZ,NON,8585,21:52,ATLANTIQUE,PARIS (intramuros),SUDOUESTPA,FRPMO,17:51,FRGFI
3757,2023-06-11,LOURDES,OUI,8585,18:19,ATLANTIQUE,DAX,SUDOUESTPA,FRACG,17:00,FRLDE
3758,2023-06-11,TARBES,OUI,8585,17:25,ATLANTIQUE,PAU,SUDOUESTPA,FRAEE,16:36,FRXTB
3759,2023-06-11,TARBES,OUI,8585,19:35,ATLANTIQUE,BORDEAUX ST JEAN,SUDOUESTPA,FRBOJ,16:36,FRXTB
3760,2023-06-11,TARBES,OUI,8585,16:50,ATLANTIQUE,LOURDES,SUDOUESTPA,FRLDE,16:36,FRXTB
3761,2023-06-11,ORTHEZ,NON,14150,18:02,IC SRO,PAU,SUDOUEST,FRAEE,17:36,FRGFI
3762,2023-06-11,TARBES,NON,14150,19:30,IC SRO,ST GAUDENS,SUDOUEST,FRFPH,18:50,FRXTB
3763,2023-06-11,LORIENT,OUI,8739,22:13,ATLANTIQUE,QUIMPERLE,PARISBRETA,FRECO,22:02,FRLRT
3764,2023-06-11,PARIS (intramuros),NON,8739,21:03,ATLANTIQUE,REDON,PARISBRETA,FRXRN,18:40,FRPMO
3765,2023-06-11,RENNES,OUI,8739,22:13,ATLANTIQUE,QUIMPERLE,PARISBRETA,FRECO,20:29,FRRNS
3766,2023-06-11,RENNES,OUI,8739,22:45,ATLANTIQUE,QUIMPER,PARISBRETA,FRUIP,20:29,FRRNS
3767,2023-06-11,RENNES,OUI,8739,21:41,ATLANTIQUE,AURAY,PARISBRETA,FRXUY,20:29,FRRNS
3768,2023-06-11,REDON,OUI,8739,21:41,ATLANTIQUE,AURAY,PARISBRETA,FRXUY,21:05,FRXRN
3769,2023-06-11,AURAY,OUI,8739,21:59,ATLANTIQUE,LORIENT,PARISBRETA,FRLRT,21:44,FRXUY
3770,2023-06-11,PARIS (intramuros),OUI,5983,22:25,IC ARO,RIOM CHATEL GUYON,PACLERMONT,FRRIO,18:47,FRPLY
3771,2023-06-11,RIOM CHATEL GUYON,OUI,5983,22:36,IC ARO,CLERMONT FERRAND,PACLERMONT,FRCFE,22:27,FRRIO
3772,2023-06-11,VICHY,OUI,5983,22:36,IC ARO,CLERMONT FERRAND,PACLERMONT,FRCFE,22:04,FRVHY
3773,2023-06-11,MOULINS SUR ALLIER,OUI,5983,22:25,IC ARO,RIOM CHATEL GUYON,PACLERMONT,FRRIO,21:32,FRXMU
3774,2023-06-11,PARIS (intramuros),NON,9591,20:26,EST,FREIBURG BREISGAU HBF,PASTRAMULH,DEFGB,17:25,FRPST
3775,2023-06-11,STRASBOURG,OUI,9591,19:39,EST,OFFENBOURG/OFFENBURG,PASTRAMULH,DEZPA,19:17,FRAEG
3776,2023-06-11,LAHR SCHWARZW,OUI,9591,20:02,EST,RINGSHEIM/EU-PARK,PASTRAMULH,DERSH,19:55,DEANL
3777,2023-06-11,OFFENBOURG/OFFENBURG,OUI,9591,20:02,EST,RINGSHEIM/EU-PARK,PASTRAMULH,DERSH,19:44,DEZPA
3778,2023-06-11,STRASBOURG,OUI,9591,20:02,EST,RINGSHEIM/EU-PARK,PASTRAMULH,DERSH,19:17,FRAEG
3779,2023-06-11,PARIS (intramuros),NON,6279,21:46,SUD EST,NIMES PONT DU GARD,PALANG,FRXZP,18:54,FRPLY
3780,2023-06-11,ANGERS ST LAUD,OUI,8122,16:23,ATLANTIQUE,LE MANS,LOIREPARIS,FRAET,15:44,FRACL
3781,2023-06-11,NANTES,OUI,8122,16:23,ATLANTIQUE,LE MANS,LOIREPARIS,FRAET,15:05,FRNTE
3782,2023-06-11,BREST,OUI,8610,10:45,ATLANTIQUE,LAMBALLE,BRETAPARIS,FRLAM,09:09,FRBES
3783,2023-06-11,GUINGAMP,OUI,8610,10:33,ATLANTIQUE,ST BRIEUC,BRETAPARIS,FRSBK,10:18,FRGGP
3784,2023-06-11,LAMBALLE,NON,8610,13:19,ATLANTIQUE,PARIS (intramuros),BRETAPARIS,FRPMO,10:48,FRLAM
3785,2023-06-11,MORLAIX,OUI,8610,11:29,ATLANTIQUE,RENNES,BRETAPARIS,FRRNS,09:45,FRMXN
3786,2023-06-11,PLOUARET TREGOR,NON,8610,12:01,ATLANTIQUE,LAVAL,BRETAPARIS,FRACR,10:03,FRPLT
3787,2023-06-11,KAISERSLAUTERN HBF,NON,9551,12:17,INTERNATIONAL,MANNHEIM HBF,PAFRANC,DEMHG,11:36,DEKLT
3788,2023-06-11,FORBACH,NON,9551,12:17,INTERNATIONAL,MANNHEIM HBF,PAFRANC,DEMHG,10:47,FRBQT
3789,2023-06-11,FORBACH,NON,9551,10:56,INTERNATIONAL,SARREBRUCK/SAARBRUECKEN,PAFRANC,DESBK,10:47,FRBQT
3790,2023-06-11,PARIS (intramuros),NON,9551,12:59,INTERNATIONAL,FRANKFURT MAIN HBF,PAFRANC,DEFRH,09:06,FRPST
3791,2023-06-11,PARIS (intramuros),NON,9551,12:17,INTERNATIONAL,MANNHEIM HBF,PAFRANC,DEMHG,09:06,FRPST
3792,2023-06-11,PARIS (intramuros),NON,8313,17:43,ATLANTIQUE,TOURS,PAROCHELLE,FRAFW,16:28,FRPMO
3793,2023-06-11,BRUXELLES MIDI BRUSSEL ZUID,NON,9832,16:58,NORD,MARNE LA VALLEE CHESSY,JCNORDBRET,FRMLV,15:03,BEBMI
3794,2023-06-11,MASSY TGV,NON,9832,19:09,NORD,ANGERS ST LAUD,JCNORDBRET,FRACL,17:39,FRDJU
3795,2023-06-11,LILLE (intramuros),NON,9832,19:09,NORD,ANGERS ST LAUD,JCNORDBRET,FRACL,15:52,FRLLE
3796,2023-06-11,MARNE LA VALLEE CHESSY,NON,9832,19:09,NORD,ANGERS ST LAUD,JCNORDBRET,FRACL,17:02,FRMLV
3797,2023-06-11,AEROPORT CDG2 TGV ROISSY,NON,9832,18:29,NORD,LE MANS,JCNORDBRET,FRAET,16:49,FRMLW
3798,2023-06-11,AEROPORT CDG2 TGV ROISSY,NON,9832,17:33,NORD,MASSY TGV,JCNORDBRET,FRDJU,16:49,FRMLW
3799,2023-06-11,AEROPORT CDG2 TGV ROISSY,NON,9832,19:50,NORD,NANTES,JCNORDBRET,FRNTE,16:49,FRMLW
3800,2023-06-11,DIJON VILLE,NON,5500,19:09,EST,MULHOUSE VILLE,JCRHONRHIN,FRAEK,17:50,FRABA
3801,2023-06-11,COLMAR,NON,5500,20:18,EST,STRASBOURG,JCRHONRHIN,FRAEG,19:44,FRAEJ
3802,2023-06-11,MULHOUSE VILLE,NON,5500,20:18,EST,STRASBOURG,JCRHONRHIN,FRAEG,19:12,FRAEK
3803,2023-06-11,NIMES,NON,5500,17:40,EST,DIJON VILLE,JCRHONRHIN,FRABA,14:23,FRFNI
3804,2023-06-11,NIMES,NON,5500,15:09,EST,VALENCE TGV RHONE-ALPES SUD,JCRHONRHIN,FRVLA,14:23,FRFNI
3805,2023-06-11,MACON VILLE,NON,5500,19:41,EST,COLMAR,JCRHONRHIN,FRAEJ,16:41,FRHGU
3806,2023-06-11,MACON VILLE,NON,5500,18:44,EST,BELFORT-MONTBELIARD TGV,JCRHONRHIN,FRTJA,16:41,FRHGU
3807,2023-06-11,MACON VILLE,NON,5500,18:17,EST,BESANCON - F COMTE TGV,JCRHONRHIN,FRTJB,16:41,FRHGU
3808,2023-06-11,LYON (intramuros),NON,5500,16:39,EST,MACON VILLE,JCRHONRHIN,FRHGU,16:04,FRLPD
3809,2023-06-11,MONTPELLIER SAINT-ROCH,NON,5500,19:41,EST,COLMAR,JCRHONRHIN,FRAEJ,13:55,FRMPL
3810,2023-06-11,MONTPELLIER SAINT-ROCH,NON,5500,19:09,EST,MULHOUSE VILLE,JCRHONRHIN,FRAEK,13:55,FRMPL
3811,2023-06-11,MONTPELLIER SAINT-ROCH,NON,5500,15:09,EST,VALENCE TGV RHONE-ALPES SUD,JCRHONRHIN,FRVLA,13:55,FRMPL
3812,2023-06-11,VALENCE TGV RHONE-ALPES SUD,NON,5500,18:17,EST,BESANCON - F COMTE TGV,JCRHONRHIN,FRTJB,15:12,FRVLA
3813,2023-06-11,PARIS (intramuros),NON,8393,22:25,ATLANTIQUE,LA ROCHELLE VILLE,PAROCHELLE,FRLRH,19:16,FRPMO
3814,2023-06-11,PARIS (intramuros),NON,8393,20:19,ATLANTIQUE,ST PIERRE DES CORPS,PAROCHELLE,FRXSH,19:16,FRPMO
3815,2023-06-11,ST PIERRE DES CORPS,NON,8393,22:02,ATLANTIQUE,SURGERES,PAROCHELLE,FREIP,20:23,FRXSH
3816,2023-06-11,ST PIERRE DES CORPS,NON,8393,21:41,ATLANTIQUE,NIORT,PAROCHELLE,FRNIT,20:23,FRXSH
3817,2023-06-11,ST PIERRE DES CORPS,NON,8393,20:55,ATLANTIQUE,POITIERS,PAROCHELLE,FRPIS,20:23,FRXSH
3818,2023-06-11,QUIMPERLE,OUI,8742,18:47,ATLANTIQUE,LORIENT,BRETAPARIS,FRLRT,18:36,FRECO
3819,2023-06-11,LORIENT,NON,8742,19:45,ATLANTIQUE,REDON,BRETAPARIS,FRXRN,18:50,FRLRT
3820,2023-06-11,LORIENT,OUI,8742,19:05,ATLANTIQUE,AURAY,BRETAPARIS,FRXUY,18:50,FRLRT
3821,2023-06-11,ROSPORDEN,OUI,8742,18:34,ATLANTIQUE,QUIMPERLE,BRETAPARIS,FRECO,18:21,FRRSP
3822,2023-06-11,ROSPORDEN,OUI,8742,18:47,ATLANTIQUE,LORIENT,BRETAPARIS,FRLRT,18:21,FRRSP
3823,2023-06-11,QUIMPER,NON,8742,19:45,ATLANTIQUE,REDON,BRETAPARIS,FRXRN,18:08,FRUIP
3824,2023-06-11,AURAY,NON,8742,19:45,ATLANTIQUE,REDON,BRETAPARIS,FRXRN,19:08,FRXUY
3825,2023-06-11,PARIS (intramuros),NON,7445,16:18,NORD,LILLE (intramuros),PALILLE,FRADJ,15:16,FRPNO
3826,2023-06-11,NANTES,OUI,8874,13:41,ATLANTIQUE,ANGERS ST LAUD,LOIREPARIS,FRACL,13:05,FRNTE
3827,2023-06-11,BORDEAUX ST JEAN,NON,4669,20:09,IC ARO,MONTAUBAN VILLE BOURBON,TJOURSOSE,FRXMW,18:28,FRBOJ
3828,2023-06-11,CARCASSONNE,OUI,4669,23:23,IC ARO,NIMES,TJOURSOSE,FRFNI,21:34,FRCCF
3829,2023-06-11,MONTPELLIER SAINT-ROCH,OUI,4669,23:23,IC ARO,NIMES,TJOURSOSE,FRFNI,22:59,FRMPL
3830,2023-06-11,MONTAUBAN VILLE BOURBON,NON,4669,21:32,IC ARO,CARCASSONNE,TJOURSOSE,FRCCF,20:11,FRXMW
3831,2023-06-11,MONTAUBAN VILLE BOURBON,NON,4669,22:39,IC ARO,SETE,TJOURSOSE,FRXSY,20:11,FRXMW
3832,2023-06-11,NARBONNE,OUI,4669,22:55,IC ARO,MONTPELLIER SAINT-ROCH,TJOURSOSE,FRMPL,22:05,FRXNA
3833,2023-06-11,NANCY,NON,2552,21:51,EST,PARIS (intramuros),NANCYPA,FRPST,20:14,FRENC
3834,2023-06-11,STRASBOURG,OUI,2377,21:06,EST,SELESTAT,PASTRAMULH,FRXSQ,20:47,FRAEG
3835,2023-06-11,PARIS (intramuros),NON,2377,20:41,EST,STRASBOURG,PASTRAMULH,FRAEG,18:55,FRPST
3836,2023-06-11,PARIS (intramuros),NON,9789,22:24,INTERNATIONAL,GENEVE,PAGENEVE,CHGVA,19:02,FRPLY
3837,2023-06-11,ANGOULEME,NON,8488,19:33,ATLANTIQUE,PARIS (intramuros),SUDOUESTPA,FRPMO,17:26,FRANG
3838,2023-06-11,BORDEAUX ST JEAN,NON,8488,19:33,ATLANTIQUE,PARIS (intramuros),SUDOUESTPA,FRPMO,16:15,FRBOJ
3839,2023-06-11,BORDEAUX ST JEAN,OUI,8488,16:39,ATLANTIQUE,LIBOURNE,SUDOUESTPA,FRXLR,16:15,FRBOJ
3840,2023-06-11,POITIERS,NON,8488,19:33,ATLANTIQUE,PARIS (intramuros),SUDOUESTPA,FRPMO,18:09,FRPIS
3841,2023-06-11,LIBOURNE,NON,8488,17:23,ATLANTIQUE,ANGOULEME,SUDOUESTPA,FRANG,16:42,FRXLR
3842,2023-06-11,FREIBURG BREISGAU HBF,NON,9402,20:20,EST,PARIS (intramuros),MULHSTRAPA,FRPST,16:45,DEFGB
3843,2023-06-11,LAHR SCHWARZW,NON,9402,20:20,EST,PARIS (intramuros),MULHSTRAPA,FRPST,17:19,DEANL
3844,2023-06-11,LAHR SCHWARZW,OUI,9402,17:36,EST,OFFENBOURG/OFFENBURG,MULHSTRAPA,DEZPA,17:19,DEANL
3845,2023-06-11,FREIBURG BREISGAU HBF,OUI,9402,17:07,EST,RINGSHEIM/EU-PARK,MULHSTRAPA,DERSH,16:45,DEFGB
3846,2023-06-11,RINGSHEIM/EU-PARK,OUI,9402,17:16,EST,LAHR SCHWARZW,MULHSTRAPA,DEANL,17:08,DERSH
3847,2023-06-11,RINGSHEIM/EU-PARK,OUI,9402,17:36,EST,OFFENBOURG/OFFENBURG,MULHSTRAPA,DEZPA,17:08,DERSH
3848,2023-06-11,FREIBURG BREISGAU HBF,NON,9402,18:54,EST,LORRAINE TGV,MULHSTRAPA,FREAM,16:45,DEFGB
3849,2023-06-11,LAHR SCHWARZW,NON,9402,19:35,EST,CHAMPAGNE-ARDENNE,MULHSTRAPA,FREAH,17:19,DEANL
3850,2023-06-11,ARRAS,OUI,7144,22:08,NORD,PARIS (intramuros),ARRASPA,FRPNO,21:18,FRQRV
3851,2023-06-11,PARIS (intramuros),NON,12259,14:15,ATLANTIQUE,BORDEAUX ST JEAN,PASUDOUEST,FRBOJ,12:08,FRPMO
3852,2023-06-11,PARIS (intramuros),NON,8447,18:44,ATLANTIQUE,BORDEAUX ST JEAN,PASUDOUEST,FRBOJ,16:03,FRPMO
3853,2023-06-11,CAPDENAC,NON,3754,05:43,IC NUIT,LES AUBRAIS ORLEANS,OCCITANPAR,FRLAB,23:47,FRCDC
3854,2023-06-11,CAPDENAC,NON,3754,06:50,IC NUIT,PARIS (intramuros),OCCITANPAR,FRPAZ,23:47,FRCDC
3855,2023-06-11,FIGEAC,NON,3754,06:50,IC NUIT,PARIS (intramuros),OCCITANPAR,FRPAZ,23:56,FRFIG
3856,2023-06-11,CRANSAC,NON,3754,06:50,IC NUIT,PARIS (intramuros),OCCITANPAR,FRPAZ,23:20,FRFSR
3857,2023-06-11,RODEZ,NON,3754,05:43,IC NUIT,LES AUBRAIS ORLEANS,OCCITANPAR,FRLAB,22:38,FRRDZ
3858,2023-06-11,THIONVILLE,OUI,2872,16:52,EST,METZ VILLE,LUXMETZPA,FRADE,16:34,FRXTH
3859,2023-06-11,THIONVILLE,NON,2872,18:20,EST,PARIS (intramuros),LUXMETZPA,FRPST,16:34,FRXTH
3860,2023-06-11,LES AUBRAIS ORLEANS,NON,3741,07:26,IC NUIT,LOURDES,PARPALOMBE,FRLDE,22:49,FRLAB
3861,2023-06-11,PARIS (intramuros),NON,3741,07:26,IC NUIT,LOURDES,PARPALOMBE,FRLDE,21:41,FRPAZ
3862,2023-06-11,LES AUBRAIS ORLEANS,NON,3741,06:16,IC NUIT,ST GAUDENS,PARPALOMBE,FRFPH,22:49,FRLAB
3863,2023-06-11,AIX EN PROVENCE TGV,NON,5066,15:46,NORD,MARNE LA VALLEE CHESSY,JCSUDNORD,FRMLV,12:26,FRAIE
3864,2023-06-11,MARSEILLE ST CHARLES,OUI,5066,12:23,NORD,AIX EN PROVENCE TGV,JCSUDNORD,FRAIE,12:12,FRMSC
3865,2023-06-11,MARSEILLE ST CHARLES,NON,5066,16:00,NORD,AEROPORT CDG2 TGV ROISSY,JCSUDNORD,FRMLW,12:12,FRMSC
3866,2023-06-11,KARLSRUHE HBF,NON,9570,20:13,INTERNATIONAL,STRASBOURG,MUNSTUTPA,FRAEG,19:32,DEQKA
3867,2023-06-11,RENNES,NON,8615,13:37,ATLANTIQUE,GUINGAMP,PARISBRETA,FRGGP,12:32,FRRNS
3868,2023-06-11,RENNES,NON,8615,13:53,ATLANTIQUE,PLOUARET TREGOR,PARISBRETA,FRPLT,12:32,FRRNS
3869,2023-06-11,ST BRIEUC,OUI,8615,14:47,ATLANTIQUE,BREST,PARISBRETA,FRBES,13:23,FRSBK
3870,2023-06-11,LE MANS,NON,5210,11:17,NORD,RENNES,JCNORDBRET,FRRNS,10:32,FRAET
3871,2023-06-11,LILLE (intramuros),NON,5210,09:34,NORD,MASSY TGV,JCNORDBRET,FRDJU,07:52,FRLLE
3872,2023-06-11,AEROPORT CDG2 TGV ROISSY,NON,5210,11:17,NORD,RENNES,JCNORDBRET,FRRNS,08:48,FRMLW
3873,2023-06-11,ANGOULEME,NON,8483,10:17,ATLANTIQUE,BORDEAUX ST JEAN,PASUDOUEST,FRBOJ,09:06,FRANG
3874,2023-06-11,SAUMUR,NON,4502,15:21,IC SRO,ANGERS ST LAUD,JOURLYNNTE,FRACL,15:01,FRACN
3875,2023-06-11,BOURGES,NON,4502,13:22,IC SRO,VIERZON VILLE,JOURLYNNTE,FRXVZ,13:03,FRBOU
3876,2023-06-11,LYON (intramuros),NON,4502,14:25,IC SRO,ST PIERRE DES CORPS,JOURLYNNTE,FRXSH,09:34,FRLPD
3877,2023-06-11,LYON (intramuros),NON,4502,13:22,IC SRO,VIERZON VILLE,JOURLYNNTE,FRXVZ,09:34,FRLPD
3878,2023-06-11,LYON (intramuros),NON,4502,12:14,IC SRO,NEVERS,JOURLYNNTE,FRNVS,09:20,FRLPE
3879,2023-06-11,ROANNE,NON,4502,11:44,IC SRO,MOULINS SUR ALLIER,JOURLYNNTE,FRXMU,10:40,FRRNE
3880,2023-06-11,ST GERMAIN DES FOSSES,NON,4502,13:22,IC SRO,VIERZON VILLE,JOURLYNNTE,FRXVZ,11:19,FRSGF
3881,2023-06-11,MOULINS SUR ALLIER,NON,4502,15:21,IC SRO,ANGERS ST LAUD,JOURLYNNTE,FRACL,11:46,FRXMU
3882,2023-06-11,ST PIERRE DES CORPS,NON,4502,16:04,IC SRO,NANTES,JOURLYNNTE,FRNTE,14:28,FRXSH
3883,2023-06-11,NEVERS,NON,5959,15:28,IC ARO,MOULINS SUR ALLIER,PACLERMONT,FRXMU,14:59,FRNVS
3884,2023-06-11,PARIS (intramuros),NON,5959,14:57,IC ARO,NEVERS,PACLERMONT,FRNVS,12:59,FRPLY
3885,2023-06-11,PARIS (intramuros),NON,5959,16:23,IC ARO,RIOM CHATEL GUYON,PACLERMONT,FRRIO,12:59,FRPLY
3886,2023-06-11,PARIS (intramuros),NON,5959,15:28,IC ARO,MOULINS SUR ALLIER,PACLERMONT,FRXMU,12:59,FRPLY
3887,2023-06-11,PARIS (intramuros),NON,6925,21:14,SUD EST,GRENOBLE,PAGRENOBLE,FRGNB,18:12,FRPLY
3888,2023-06-11,LILLE (intramuros),NON,5120,20:20,NORD,NIMES,JCNORDSUD,FRFNI,15:26,FRLLE
3889,2023-06-11,LILLE (intramuros),NON,5120,20:54,NORD,MONTPELLIER SAINT-ROCH,JCNORDSUD,FRMPL,15:26,FRLLE
3890,2023-06-11,LILLE (intramuros),NON,5120,19:21,NORD,VALENCE TGV RHONE-ALPES SUD,JCNORDSUD,FRVLA,15:26,FRLLE
3891,2023-06-11,MARNE LA VALLEE CHESSY,NON,5120,18:30,NORD,LYON (intramuros),JCNORDSUD,FRLPD,16:41,FRMLV
3892,2023-06-11,MARNE LA VALLEE CHESSY,NON,5120,20:54,NORD,MONTPELLIER SAINT-ROCH,JCNORDSUD,FRMPL,16:41,FRMLV
3893,2023-06-11,AIX EN PROVENCE TGV,NON,6122,18:22,SUD EST,PARIS (intramuros),PROVENCEPA,FRPLY,15:16,FRAIE
3894,2023-06-11,KAISERSLAUTERN HBF,NON,9555,20:59,INTERNATIONAL,FRANKFURT MAIN HBF,PAFRANC,DEFRH,19:37,DEKLT
3895,2023-06-11,KAISERSLAUTERN HBF,NON,9555,20:17,INTERNATIONAL,MANNHEIM HBF,PAFRANC,DEMHG,19:37,DEKLT
3896,2023-06-11,MANNHEIM HBF,NON,9555,20:59,INTERNATIONAL,FRANKFURT MAIN HBF,PAFRANC,DEFRH,20:17,DEMHG
3897,2023-06-11,PARIS (intramuros),NON,9555,20:17,INTERNATIONAL,MANNHEIM HBF,PAFRANC,DEMHG,17:10,FRPST
3898,2023-06-11,MODANE,NON,9241,11:23,INTERNATIONAL,OULX CESANA CLAV SESTRIERE,PAITALIE,ITOCS,10:55,FRAGR
3899,2023-06-11,CHAMBERY CHALLES LES EAUX,NON,9241,10:52,INTERNATIONAL,MODANE,PAITALIE,FRAGR,09:44,FRCMF
3900,2023-06-11,MACON LOCHE TGV,NON,9241,12:23,INTERNATIONAL,TORINO PORTA SUSA,PAITALIE,ITTRS,08:20,FRMLT
3901,2023-06-11,PARIS (intramuros),NON,9241,13:49,INTERNATIONAL,MILANO P GARIBALDI,PAITALIE,ITMPG,06:42,FRPLY
3902,2023-06-11,PARIS (intramuros),NON,9241,11:23,INTERNATIONAL,OULX CESANA CLAV SESTRIERE,PAITALIE,ITOCS,06:42,FRPLY
3903,2023-06-11,BELFORT-MONTBELIARD TGV,NON,9203,11:26,INTERNATIONAL,ZUERICH HB,PABALZUR,CHAJD,09:41,FRTJA
3904,2023-06-11,PARIS (intramuros),NON,6709,19:22,SUD EST,BESANCON - F COMTE TGV,PABOUR,FRTJB,17:16,FRPLY
3905,2023-06-11,BESANCON - F COMTE TGV,NON,6709,20:12,SUD EST,MULHOUSE VILLE,PABOUR,FRAEK,19:25,FRTJB
3906,2023-06-11,BESANCON - F COMTE TGV,NON,6709,19:46,SUD EST,BELFORT-MONTBELIARD TGV,PABOUR,FRTJA,19:25,FRTJB
3907,2023-06-11,LE MANS,NON,8875,15:54,ATLANTIQUE,NANTES,PARISLOIRE,FRNTE,14:32,FRAET
3908,2023-06-11,LE MANS,NON,8875,14:52,ATLANTIQUE,SABLE SUR SARTHE,PARISLOIRE,FRSAB,14:32,FRAET
3909,2023-06-11,PARIS (intramuros),NON,8875,15:14,ATLANTIQUE,ANGERS ST LAUD,PARISLOIRE,FRACL,13:32,FRPMO
3910,2023-06-11,BRIANCON,NON,5790,07:56,IC NUIT,PARIS (intramuros),BRIANCONPA,FRPAZ,20:03,FRXBC
3911,2023-06-11,NIMES,NON,9704,19:03,SUD EST,VALENCE TGV RHONE-ALPES SUD,BARCELONEPA,FRVLA,18:20,FRFNI
3912,2023-06-11,MONTPELLIER SAINT-ROCH,NON,9704,18:16,SUD EST,NIMES,BARCELONEPA,FRFNI,17:51,FRMPL
3913,2023-06-11,MONTPELLIER SAINT-ROCH,NON,9704,19:03,SUD EST,VALENCE TGV RHONE-ALPES SUD,BARCELONEPA,FRVLA,17:51,FRMPL
3914,2023-06-11,PERPIGNAN,NON,9704,18:16,SUD EST,NIMES,BARCELONEPA,FRFNI,16:04,FRPGF
3915,2023-06-11,PERPIGNAN,NON,9704,19:03,SUD EST,VALENCE TGV RHONE-ALPES SUD,BARCELONEPA,FRVLA,16:04,FRPGF
3916,2023-06-11,AGDE,NON,9704,17:43,SUD EST,MONTPELLIER SAINT-ROCH,BARCELONEPA,FRMPL,17:11,FRXAG
3917,2023-06-11,AGDE,NON,9704,19:03,SUD EST,VALENCE TGV RHONE-ALPES SUD,BARCELONEPA,FRVLA,17:11,FRXAG
3918,2023-06-11,SETE,NON,9704,17:43,SUD EST,MONTPELLIER SAINT-ROCH,BARCELONEPA,FRMPL,17:27,FRXSY
3919,2023-06-11,BARCELONA SANTS,NON,9704,16:39,SUD EST,NARBONNE,BARCELONEPA,FRXNA,14:32,ESBST
3920,2023-06-11,BARCELONA SANTS,NON,9704,18:16,SUD EST,NIMES,BARCELONEPA,FRFNI,14:32,ESBST
3921,2023-06-11,GIRONA,NON,9704,17:43,SUD EST,MONTPELLIER SAINT-ROCH,BARCELONEPA,FRMPL,15:13,ESGRO
3922,2023-06-11,GIRONA,NON,9704,15:54,SUD EST,PERPIGNAN,BARCELONEPA,FRPGF,15:13,ESGRO
3923,2023-06-11,BARCELONA SANTS,NON,9704,17:08,SUD EST,AGDE,BARCELONEPA,FRXAG,14:32,ESBST
3924,2023-06-11,BEZIERS,OUI,6871,09:36,SUD EST,SETE,JCSUDPROV,FRXSY,09:15,FRBZR
3925,2023-06-11,CARCASSONNE,NON,6871,11:50,SUD EST,LYON (intramuros),JCSUDPROV,FRLPD,08:27,FRCCF
3926,2023-06-11,CARCASSONNE,OUI,6871,08:56,SUD EST,NARBONNE,JCSUDPROV,FRXNA,08:27,FRCCF
3927,2023-06-11,CARCASSONNE,OUI,6871,09:36,SUD EST,SETE,JCSUDPROV,FRXSY,08:27,FRCCF
3928,2023-06-11,NARBONNE,NON,6871,11:50,SUD EST,LYON (intramuros),JCSUDPROV,FRLPD,08:59,FRXNA
3929,2023-06-11,TOULOUSE MATABIAU,OUI,6871,09:12,SUD EST,BEZIERS,JCSUDPROV,FRBZR,07:43,FRXYT
3930,2023-06-11,TOULOUSE MATABIAU,OUI,6871,08:56,SUD EST,NARBONNE,JCSUDPROV,FRXNA,07:43,FRXYT
3931,2023-06-11,SETE,OUI,6871,09:55,SUD EST,MONTPELLIER SUD DE FRANCE,JCSUDPROV,FRSUF,09:39,FRXSY
3932,2023-06-11,AIX EN PROVENCE TGV,OUI,9882,17:42,NORD,AVIGNON TGV,JCSUDNORD,FRAVG,17:22,FRAIE
3933,2023-06-11,AVIGNON TGV,NON,9882,21:01,NORD,AEROPORT CDG2 TGV ROISSY,JCSUDNORD,FRMLW,17:45,FRAVG
3934,2023-06-11,LYON (intramuros),NON,9882,22:43,NORD,BRUXELLES MIDI BRUSSEL ZUID,JCSUDNORD,BEBMI,19:00,FRLPD
3935,2023-06-11,LYON (intramuros),NON,9882,21:57,NORD,LILLE (intramuros),JCSUDNORD,FRLLE,19:00,FRLPD
3936,2023-06-11,LYON (intramuros),NON,9882,20:47,NORD,MARNE LA VALLEE CHESSY,JCSUDNORD,FRMLV,19:00,FRLPD
3937,2023-06-11,LYON (intramuros),NON,9882,21:01,NORD,AEROPORT CDG2 TGV ROISSY,JCSUDNORD,FRMLW,19:00,FRLPD
3938,2023-06-11,AEROPORT CDG2 TGV ROISSY,NON,9882,22:43,NORD,BRUXELLES MIDI BRUSSEL ZUID,JCSUDNORD,BEBMI,21:07,FRMLW
3939,2023-06-11,MARSEILLE ST CHARLES,OUI,9882,17:42,NORD,AVIGNON TGV,JCSUDNORD,FRAVG,17:04,FRMSC
3940,2023-06-11,LYON (intramuros),NON,6626,19:00,SUD EST,PARIS (intramuros),RHONEPARIS,FRPLY,16:50,FRLPE
3941,2023-06-11,GUINGAMP,OUI,8692,20:29,ATLANTIQUE,RENNES,BRETAPARIS,FRRNS,19:25,FRGGP
3942,2023-06-11,LANNION,OUI,8692,19:22,ATLANTIQUE,GUINGAMP,BRETAPARIS,FRGGP,18:55,FRLAI
3943,2023-06-11,LANNION,OUI,8692,20:29,ATLANTIQUE,RENNES,BRETAPARIS,FRRNS,18:55,FRLAI
3944,2023-06-11,LANNION,OUI,8692,19:40,ATLANTIQUE,ST BRIEUC,BRETAPARIS,FRSBK,18:55,FRLAI
3945,2023-06-11,LES AUBRAIS ORLEANS,NON,3755,04:44,IC NUIT,ST DENIS PRES MARTEL,PAVERMEIL,FRSDM,23:32,FRLAB
3946,2023-06-11,PARIS (intramuros),NON,3755,07:06,IC NUIT,RODEZ,PAVERMEIL,FRRDZ,22:12,FRPAZ
3947,2023-06-11,NICE VILLE,OUI,6170,11:29,SUD EST,CANNES,AZURPA,FRJCA,10:54,FRNIC
3948,2023-06-11,TOULON,NON,6170,16:34,SUD EST,PARIS (intramuros),AZURPA,FRPLY,12:47,FRTLN
3949,2023-06-11,ANTIBES,OUI,6170,11:29,SUD EST,CANNES,AZURPA,FRJCA,11:16,FRXAT
3950,2023-06-11,BORDEAUX ST JEAN,NON,8476,20:24,ATLANTIQUE,ANGOULEME,SUDOUESTPA,FRANG,19:50,FRBOJ
3951,2023-06-11,BORDEAUX ST JEAN,NON,8476,22:37,ATLANTIQUE,PARIS (intramuros),SUDOUESTPA,FRPMO,19:50,FRBOJ
3952,2023-06-11,FACTURE BIGANOS,NON,8476,21:28,ATLANTIQUE,ST PIERRE DES CORPS,SUDOUESTPA,FRXSH,19:20,FRFAC
3953,2023-06-11,LA TESTE,NON,8476,20:24,ATLANTIQUE,ANGOULEME,SUDOUESTPA,FRANG,19:04,FRFCJ
3954,2023-06-11,ARCACHON,NON,8476,21:28,ATLANTIQUE,ST PIERRE DES CORPS,SUDOUESTPA,FRXSH,18:58,FRXAC
3955,2023-06-11,LYON-SAINT EXUPERY TGV,NON,6193,16:37,SUD EST,MIRAMAS,PAVDR,FRMAZ,14:11,FRJDQ
3956,2023-06-11,PARIS (intramuros),NON,6193,16:16,SUD EST,ARLES,PAVDR,FRHZA,12:12,FRPLY
3957,2023-06-11,PARIS (intramuros),NON,6193,16:37,SUD EST,MIRAMAS,PAVDR,FRMAZ,12:12,FRPLY
3958,2023-06-11,MONTELIMAR GARE SNCF,OUI,6193,15:56,SUD EST,AVIGNON CENTRE,PAVDR,FRAES,15:12,FRXMK
3959,2023-06-11,MONTELIMAR GARE SNCF,OUI,6193,16:16,SUD EST,ARLES,PAVDR,FRHZA,15:12,FRXMK
3960,2023-06-11,MONTELIMAR GARE SNCF,OUI,6193,16:37,SUD EST,MIRAMAS,PAVDR,FRMAZ,15:12,FRXMK
3961,2023-06-11,MONTELIMAR GARE SNCF,OUI,6193,15:38,SUD EST,ORANGE,PAVDR,FRXOG,15:12,FRXMK
3962,2023-06-11,ORANGE,OUI,6193,15:56,SUD EST,AVIGNON CENTRE,PAVDR,FRAES,15:41,FRXOG
3963,2023-06-11,ORANGE,OUI,6193,16:16,SUD EST,ARLES,PAVDR,FRHZA,15:41,FRXOG
3964,2023-06-11,DAX,NON,8536,15:52,ATLANTIQUE,PARIS (intramuros),SUDOUESTPA,FRPMO,12:31,FRACG
3965,2023-06-11,BIARRITZ,OUI,8536,12:26,ATLANTIQUE,DAX,SUDOUESTPA,FRACG,11:41,FRBIQ
3966,2023-06-11,ST JEAN DE LUZ CIBOURE,OUI,8536,12:26,ATLANTIQUE,DAX,SUDOUESTPA,FRACG,11:27,FRXJZ
3967,2023-06-11,BELFORT-MONTBELIARD TGV,NON,6715,23:20,SUD EST,MULHOUSE VILLE,PABOUR,FRAEK,22:55,FRTJA
3968,2023-06-11,BESANCON - F COMTE TGV,NON,6715,23:20,SUD EST,MULHOUSE VILLE,PABOUR,FRAEK,22:31,FRTJB
3969,2023-06-11,CLERMONT FERRAND,NON,15941,13:48,IC SRO,ARVANT,NORESTJOU,FRARV,13:03,FRCFE
3970,2023-06-11,BRASSAC LES MINES STE FLORINE,NON,15941,13:48,IC SRO,ARVANT,NORESTJOU,FRARV,13:43,FRHLE
3971,2023-06-11,CLERMONT FERRAND,NON,15941,14:30,IC SRO,NEUSSARGUES,NORESTJOU,FRNEU,13:03,FRCFE
3972,2023-06-11,BRASSAC LES MINES STE FLORINE,NON,15941,14:30,IC SRO,NEUSSARGUES,NORESTJOU,FRNEU,13:43,FRHLE
3973,2023-06-11,BORDEAUX ST JEAN,NON,8574,18:54,ATLANTIQUE,LOURDES,PASUDOUEST,FRLDE,16:20,FRBOJ
3974,2023-06-11,BORDEAUX ST JEAN,NON,8574,19:19,ATLANTIQUE,TARBES,PASUDOUEST,FRXTB,16:20,FRBOJ
3975,2023-06-11,PARIS (intramuros),NON,8574,18:02,ATLANTIQUE,ORTHEZ,PASUDOUEST,FRGFI,14:02,FRPMO
3976,2023-06-11,AGEN,NON,4661,16:12,IC ARO,BEZIERS,TJOURSOSE,FRBZR,13:32,FRAGF
3977,2023-06-11,AGEN,NON,4661,17:17,IC ARO,NIMES,TJOURSOSE,FRFNI,13:32,FRAGF
3978,2023-06-11,AGEN,NON,4661,15:56,IC ARO,NARBONNE,TJOURSOSE,FRXNA,13:32,FRAGF
3979,2023-06-11,BEZIERS,NON,4661,16:50,IC ARO,MONTPELLIER SAINT-ROCH,TJOURSOSE,FRMPL,16:15,FRBZR
3980,2023-06-11,CARCASSONNE,NON,4661,17:17,IC ARO,NIMES,TJOURSOSE,FRFNI,15:28,FRCCF
3981,2023-06-11,MONTPELLIER SAINT-ROCH,NON,4661,17:17,IC ARO,NIMES,TJOURSOSE,FRFNI,16:53,FRMPL
3982,2023-06-11,NARBONNE,NON,4661,16:50,IC ARO,MONTPELLIER SAINT-ROCH,TJOURSOSE,FRMPL,15:59,FRXNA
3983,2023-06-11,TOULOUSE MATABIAU,NON,4661,17:17,IC ARO,NIMES,TJOURSOSE,FRFNI,14:45,FRXYT
3984,2023-06-11,TOULOUSE MATABIAU,NON,4661,18:35,IC ARO,MARSEILLE ST CHARLES,TJOURSOSE,FRMSC,14:45,FRXYT
3985,2023-06-11,CAUSSADE TARN ET GARONNE,NON,3750,06:50,IC NUIT,PARIS (intramuros),OCCITANPAR,FRPAZ,23:05,FRFTA
3986,2023-06-11,MONTAUBAN VILLE BOURBON,NON,3750,05:43,IC NUIT,LES AUBRAIS ORLEANS,OCCITANPAR,FRLAB,22:51,FRXMW
3987,2023-06-11,STRASBOURG,NON,5488,20:04,EST,MASSY TGV,JCESTATL,FRDJU,17:01,FRAEG
3988,2023-06-11,MASSY TGV,NON,5488,21:40,EST,ANGERS ST LAUD,JCESTATL,FRACL,20:10,FRDJU
3989,2023-06-11,CHAMPAGNE-ARDENNE,NON,5488,19:06,EST,AEROPORT CDG2 TGV ROISSY,JCESTATL,FRMLW,18:35,FREAH
3990,2023-06-11,MEUSE TGV,NON,5488,20:04,EST,MASSY TGV,JCESTATL,FRDJU,18:09,FREAJ
3991,2023-06-11,LORRAINE TGV,NON,5488,20:04,EST,MASSY TGV,JCESTATL,FRDJU,17:42,FREAM
3992,2023-06-11,LORRAINE TGV,NON,5488,18:01,EST,MEUSE TGV,JCESTATL,FREAJ,17:42,FREAM
3993,2023-06-11,MARNE LA VALLEE CHESSY,NON,5488,21:40,EST,ANGERS ST LAUD,JCESTATL,FRACL,19:35,FRMLV
3994,2023-06-11,MARNE LA VALLEE CHESSY,NON,5488,21:00,EST,LE MANS,JCESTATL,FRAET,19:35,FRMLV
3995,2023-06-11,MARNE LA VALLEE CHESSY,NON,5488,22:19,EST,NANTES,JCESTATL,FRNTE,19:35,FRMLV
3996,2023-06-11,AEROPORT CDG2 TGV ROISSY,NON,5488,22:19,EST,NANTES,JCESTATL,FRNTE,19:21,FRMLW
3997,2023-06-11,PARIS (intramuros),NON,5789,07:50,IC NUIT,MONTDAUPHIN GUILLESTRE,PABRIANCON,FRIGZ,20:48,FRPAZ
3998,2023-06-11,NIMES,NON,9864,16:49,NORD,LYON (intramuros),JCSUDNORD,FRLPD,15:19,FRFNI
3999,2023-06-11,NIMES,NON,9864,18:47,NORD,MARNE LA VALLEE CHESSY,JCSUDNORD,FRMLV,15:19,FRFNI
4000,2023-06-11,VALENCE TGV RHONE-ALPES SUD,NON,9864,16:49,NORD,LYON (intramuros),JCSUDNORD,FRLPD,16:10,FRVLA
4001,2023-06-11,VALENCE TGV RHONE-ALPES SUD,NON,9864,19:01,NORD,AEROPORT CDG2 TGV ROISSY,JCSUDNORD,FRMLW,16:10,FRVLA
4002,2023-06-11,ANGERS ST LAUD,NON,9886,09:10,NORD,AEROPORT CDG2 TGV ROISSY,JCBRETNORD,FRMLW,06:41,FRACL
4003,2023-06-11,MARNE LA VALLEE CHESSY,OUI,9886,09:10,NORD,AEROPORT CDG2 TGV ROISSY,JCBRETNORD,FRMLW,09:01,FRMLV
4004,2023-06-11,AEROPORT CDG2 TGV ROISSY,OUI,9886,10:17,NORD,LILLE (intramuros),JCBRETNORD,FRLLE,09:16,FRMLW
4005,2023-06-11,NANTES,NON,9886,09:10,NORD,AEROPORT CDG2 TGV ROISSY,JCBRETNORD,FRMLW,06:01,FRNTE
4006,2023-06-11,LUCON,NON,3835,20:12,IC SRO,BORDEAUX ST JEAN,NANTEBORDO,FRBOJ,17:00,FRLCN
4007,2023-06-11,LA ROCHELLE VILLE,NON,3835,18:03,IC SRO,ROCHEFORT,NANTEBORDO,FRRCO,17:43,FRLRH
4008,2023-06-11,NANTES,NON,3835,19:10,IC SRO,JONZAC,NANTEBORDO,FREMR,15:55,FRNTE
4009,2023-06-11,NANTES,NON,3835,18:03,IC SRO,ROCHEFORT,NANTEBORDO,FRRCO,15:55,FRNTE
4010,2023-06-11,ROCHEFORT,NON,3835,18:32,IC SRO,SAINTES,NANTEBORDO,FRXST,18:05,FRRCO
4011,2023-06-11,LA ROCHE SUR YON,NON,3835,20:12,IC SRO,BORDEAUX ST JEAN,NANTEBORDO,FRBOJ,16:36,FRXRO
4012,2023-06-11,SAINTES,NON,3835,20:12,IC SRO,BORDEAUX ST JEAN,NANTEBORDO,FRBOJ,18:34,FRXST
4013,2023-06-11,LYON (intramuros),NON,5036,22:08,NORD,MONTPELLIER SAINT-ROCH,JCNORDSUD,FRMPL,20:10,FRLPD
4014,2023-06-11,BEZIERS,OUI,6821,09:44,SUD EST,NARBONNE,JCPROVSUD,FRXNA,09:30,FRBZR
4015,2023-06-11,LYON (intramuros),OUI,6821,10:17,SUD EST,CARCASSONNE,JCPROVSUD,FRCCF,06:37,FRLPD
4016,2023-06-11,LYON (intramuros),OUI,6821,11:02,SUD EST,TOULOUSE MATABIAU,JCPROVSUD,FRXYT,06:37,FRLPD
4017,2023-06-11,MONTPELLIER SAINT-ROCH,OUI,6821,10:17,SUD EST,CARCASSONNE,JCPROVSUD,FRCCF,08:44,FRMPL
4018,2023-06-11,VALENCE TGV RHONE-ALPES SUD,OUI,6821,10:17,SUD EST,CARCASSONNE,JCPROVSUD,FRCCF,07:18,FRVLA
4019,2023-06-11,VALENCE TGV RHONE-ALPES SUD,OUI,6821,08:04,SUD EST,NIMES,JCPROVSUD,FRFNI,07:18,FRVLA
4020,2023-06-11,NARBONNE,OUI,6821,11:02,SUD EST,TOULOUSE MATABIAU,JCPROVSUD,FRXYT,09:47,FRXNA
4021,2023-06-11,SETE,OUI,6821,10:17,SUD EST,CARCASSONNE,JCPROVSUD,FRCCF,09:03,FRXSY
4022,2023-06-11,SETE,OUI,6821,11:02,SUD EST,TOULOUSE MATABIAU,JCPROVSUD,FRXYT,09:03,FRXSY
4023,2023-06-11,BEZIERS,NON,9708,17:18,SUD EST,PARIS (intramuros),BARCELONEPA,FRPLY,12:58,FRBZR
4024,2023-06-11,BEZIERS,NON,9708,15:01,SUD EST,VALENCE TGV RHONE-ALPES SUD,BARCELONEPA,FRVLA,12:58,FRBZR
4025,2023-06-11,PERPIGNAN,NON,9708,17:18,SUD EST,PARIS (intramuros),BARCELONEPA,FRPLY,12:04,FRPGF
4026,2023-06-11,PERPIGNAN,NON,9708,12:38,SUD EST,NARBONNE,BARCELONEPA,FRXNA,12:04,FRPGF
4027,2023-06-11,AGDE,NON,9708,13:44,SUD EST,MONTPELLIER SAINT-ROCH,BARCELONEPA,FRMPL,13:12,FRXAG
4028,2023-06-11,AGDE,NON,9708,17:18,SUD EST,PARIS (intramuros),BARCELONEPA,FRPLY,13:12,FRXAG
4029,2023-06-11,NARBONNE,NON,9708,13:44,SUD EST,MONTPELLIER SAINT-ROCH,BARCELONEPA,FRMPL,12:41,FRXNA
4030,2023-06-11,BARCELONA SANTS,NON,9708,17:18,SUD EST,PARIS (intramuros),BARCELONEPA,FRPLY,10:33,ESBST
4031,2023-06-11,FIGUERES VILA TGV,NON,9708,11:55,SUD EST,PERPIGNAN,BARCELONEPA,FRPGF,11:31,ESFIR
4032,2023-06-11,BARCELONA SANTS,NON,9708,12:38,SUD EST,NARBONNE,BARCELONEPA,FRXNA,10:33,ESBST
4033,2023-06-11,BARCELONA SANTS,NON,9708,14:13,SUD EST,NIMES,BARCELONEPA,FRFNI,10:33,ESBST
4034,2023-06-11,GIRONA,NON,9708,13:44,SUD EST,MONTPELLIER SAINT-ROCH,BARCELONEPA,FRMPL,11:14,ESGRO
4035,2023-06-11,GIRONA,NON,9708,13:09,SUD EST,AGDE,BARCELONEPA,FRXAG,11:14,ESGRO
4036,2023-06-11,FIGUERES VILA TGV,NON,9708,14:13,SUD EST,NIMES,BARCELONEPA,FRFNI,11:31,ESFIR
4037,2023-06-11,FIGUERES VILA TGV,NON,9708,12:38,SUD EST,NARBONNE,BARCELONEPA,FRXNA,11:31,ESFIR
4038,2023-06-11,PARIS (intramuros),NON,6155,12:15,SUD EST,MARSEILLE ST CHARLES,PAAZUR,FRMSC,09:08,FRPLY
4039,2023-06-11,LE MANS,NON,5338,19:19,SUD EST,MASSY TGV,JCATLSUD,FRDJU,18:30,FRAET
4040,2023-06-11,LYON (intramuros),OUI,6633,23:24,SUD EST,LYON (intramuros),PARISRHONE,FRLPE,23:16,FRLPD
4041,2023-06-11,MACON LOCHE TGV,OUI,6633,23:24,SUD EST,LYON (intramuros),PARISRHONE,FRLPE,22:41,FRMLT
4042,2023-06-11,PARIS (intramuros),NON,6633,22:17,SUD EST,LE CREUSOT MONTCEAU MONTCHANIN,PARISRHONE,FRXCC,20:58,FRPLY
4043,2023-06-11,PARIS (intramuros),NON,6619,17:10,SUD EST,LYON (intramuros),PARISRHONE,FRLPE,14:58,FRPLY
4044,2023-06-11,AVIGNON TGV,NON,5124,23:38,NORD,AIX EN PROVENCE TGV,JCNORDSUD,FRAIE,23:17,FRAVG
4045,2023-06-11,LILLE (intramuros),NON,5124,20:09,NORD,MARNE LA VALLEE CHESSY,JCNORDSUD,FRMLV,18:22,FRLLE
4046,2023-06-11,LILLE (intramuros),NON,5124,19:43,NORD,AEROPORT CDG2 TGV ROISSY,JCNORDSUD,FRMLW,18:22,FRLLE
4047,2023-06-11,LYON (intramuros),NON,5124,23:53,NORD,MARSEILLE ST CHARLES,JCNORDSUD,FRMSC,22:06,FRLPD
4048,2023-06-11,MARNE LA VALLEE CHESSY,NON,5124,23:38,NORD,AIX EN PROVENCE TGV,JCNORDSUD,FRAIE,20:13,FRMLV
4049,2023-06-11,MARNE LA VALLEE CHESSY,NON,5124,22:00,NORD,LYON (intramuros),JCNORDSUD,FRLPD,20:13,FRMLV
4050,2023-06-11,ARRAS,NON,5124,19:43,NORD,AEROPORT CDG2 TGV ROISSY,JCNORDSUD,FRMLW,18:46,FRQRV
4051,2023-06-11,TGV HAUTE PICARDIE,NON,5124,23:53,NORD,MARSEILLE ST CHARLES,JCNORDSUD,FRMSC,19:15,FRTHP
4052,2023-06-11,STRASBOURG,NON,5470,14:47,EST,RENNES,JCESTATL,FRRNS,10:01,FRAEG
4053,2023-06-11,CHAMPAGNE-ARDENNE,NON,5470,13:59,EST,LE MANS,JCESTATL,FRAET,11:28,FREAH
4054,2023-06-11,CHAMPAGNE-ARDENNE,NON,5470,12:26,EST,MARNE LA VALLEE CHESSY,JCESTATL,FRMLV,11:28,FREAH
4055,2023-06-11,MEUSE TGV,NON,5470,13:04,EST,MASSY TGV,JCESTATL,FRDJU,11:01,FREAJ
4056,2023-06-11,MARNE LA VALLEE CHESSY,NON,5470,14:47,EST,RENNES,JCESTATL,FRRNS,12:30,FRMLV
4057,2023-06-11,AEROPORT CDG2 TGV ROISSY,NON,5470,13:04,EST,MASSY TGV,JCESTATL,FRDJU,12:16,FRMLW
4058,2023-06-11,AEROPORT CDG2 TGV ROISSY,NON,5470,14:47,EST,RENNES,JCESTATL,FRRNS,12:16,FRMLW
4059,2023-06-11,PARIS (intramuros),NON,12263,18:14,ATLANTIQUE,BORDEAUX ST JEAN,PASUDOUEST,FRBOJ,16:08,FRPMO
4060,2023-06-11,STRASBOURG,OUI,2588,16:28,EST,SARREBOURG,NANCYPA,FRSBG,15:47,FRAEG
4061,2023-06-11,MACON LOCHE TGV,NON,6949,20:36,SUD EST,CHAMBERY CHALLES LES EAUX,PARISALPES,FRCMF,19:20,FRMLT
4062,2023-06-11,MACON LOCHE TGV,NON,6949,21:34,SUD EST,ANNECY,PARISALPES,FRNCY,19:20,FRMLT
4063,2023-06-11,PARIS (intramuros),NON,6949,21:34,SUD EST,ANNECY,PARISALPES,FRNCY,17:44,FRPLY
4064,2023-06-11,PARIS (intramuros),NON,6949,21:04,SUD EST,AIX LES BAINS LE REVARD,PARISALPES,FRXAI,17:44,FRPLY
4065,2023-06-11,LORIENT,OUI,8729,20:33,ATLANTIQUE,QUIMPER,PARISBRETA,FRUIP,19:59,FRLRT
4066,2023-06-11,RENNES,OUI,8729,20:33,ATLANTIQUE,QUIMPER,PARISBRETA,FRUIP,18:29,FRRNS
4067,2023-06-11,VANNES,OUI,8729,20:33,ATLANTIQUE,QUIMPER,PARISBRETA,FRUIP,19:27,FRVNE
4068,2023-06-11,BASEL SBB,NON,9226,17:58,INTERNATIONAL,DIJON VILLE,ZURBALPA,FRABA,16:34,CHAJP
4069,2023-06-11,MULHOUSE VILLE,NON,9226,19:38,INTERNATIONAL,PARIS (intramuros),ZURBALPA,FRPLY,16:56,FRAEK
4070,2023-06-11,GUINGAMP,OUI,8629,20:38,ATLANTIQUE,BREST,PARISBRETA,FRBES,19:36,FRGGP
4071,2023-06-11,MORLAIX,OUI,8629,20:38,ATLANTIQUE,BREST,PARISBRETA,FRBES,20:05,FRMXN
4072,2023-06-11,PARIS (intramuros),NON,8629,19:33,ATLANTIQUE,GUINGAMP,PARISBRETA,FRGGP,16:53,FRPMO
4073,2023-06-11,PARIS (intramuros),NON,8629,19:16,ATLANTIQUE,ST BRIEUC,PARISBRETA,FRSBK,16:53,FRPMO
4074,2023-06-11,ST BRIEUC,OUI,8629,20:02,ATLANTIQUE,MORLAIX,PARISBRETA,FRMXN,19:19,FRSBK
4075,2023-06-11,AURAY,NON,8744,22:45,ATLANTIQUE,PARIS (intramuros),BRETAPARIS,FRPMO,20:03,FRXUY
4076,2023-06-11,PARIS (intramuros),NON,6121,19:42,SUD EST,AIX EN PROVENCE TGV,PAPROVENCE,FRAIE,16:36,FRPLY
4077,2023-06-11,PARIS (intramuros),NON,9575,17:04,INTERNATIONAL,STUTTGART HBF,PASTUTMUN,DESGT,13:55,FRPST
4078,2023-06-11,AIX EN PROVENCE TGV,OUI,6117,19:00,SUD EST,MARSEILLE ST CHARLES,PAPROVENCE,FRMSC,18:48,FRAIE
4079,2023-06-11,PARIS (intramuros),NON,6117,18:45,SUD EST,AIX EN PROVENCE TGV,PAPROVENCE,FRAIE,15:36,FRPLY
4080,2023-06-11,BORDEAUX ST JEAN,NON,3852,12:05,IC SRO,NANTES,BORDONANTE,FRNTE,07:53,FRBOJ
4081,2023-06-11,ANGERS ST LAUD,OUI,5306,13:47,SUD EST,SAUMUR,JCATLSUD,FRACN,13:27,FRACL
4082,2023-06-11,ANGERS ST LAUD,NON,5306,17:30,SUD EST,LYON (intramuros),JCATLSUD,FRLPD,13:27,FRACL
4083,2023-06-11,SAUMUR,NON,5306,17:49,SUD EST,LYON (intramuros),JCATLSUD,FRLPE,13:50,FRACN
4084,2023-06-11,MASSY TGV,NON,5306,17:30,SUD EST,LYON (intramuros),JCATLSUD,FRLPD,15:26,FRDJU
4085,2023-06-11,MASSY TGV,NON,5306,17:49,SUD EST,LYON (intramuros),JCATLSUD,FRLPE,15:26,FRDJU
4086,2023-06-11,NANTES,NON,5306,17:49,SUD EST,LYON (intramuros),JCATLSUD,FRLPE,12:44,FRNTE
4087,2023-06-11,ST PIERRE DES CORPS,NON,5306,17:49,SUD EST,LYON (intramuros),JCATLSUD,FRLPE,14:28,FRXSH
4088,2023-06-11,PARIS (intramuros),NON,5963,17:35,IC ARO,CLERMONT FERRAND,PACLERMONT,FRCFE,13:58,FRPLY
4089,2023-06-11,PARIS (intramuros),NON,5963,17:01,IC ARO,VICHY,PACLERMONT,FRVHY,13:58,FRPLY
4090,2023-06-11,AVIGNON TGV,NON,6186,23:13,SUD EST,PARIS (intramuros),AZURPA,FRPLY,20:33,FRAVG
4091,2023-06-11,CANNES,OUI,6186,19:20,SUD EST,TOULON,AZURPA,FRTLN,18:08,FRJCA
4092,2023-06-11,NICE VILLE,OUI,6186,18:30,SUD EST,ST RAPHAEL VALESCURE,AZURPA,FRXSK,17:39,FRNIC
4093,2023-06-11,ANTIBES,OUI,6186,18:04,SUD EST,CANNES,AZURPA,FRJCA,17:54,FRXAT
4094,2023-06-11,ANTIBES,OUI,6186,18:30,SUD EST,ST RAPHAEL VALESCURE,AZURPA,FRXSK,17:54,FRXAT
4095,2023-06-11,AGEN,OUI,4766,23:37,IC ARO,BORDEAUX ST JEAN,TJOURSESO,FRBOJ,22:33,FRAGF
4096,2023-06-11,BEZIERS,NON,4766,21:54,IC ARO,MONTAUBAN VILLE BOURBON,TJOURSESO,FRXMW,19:47,FRBZR
4097,2023-06-11,CARCASSONNE,NON,4766,22:31,IC ARO,AGEN,TJOURSESO,FRAGF,20:36,FRCCF
4098,2023-06-11,CARCASSONNE,NON,4766,21:18,IC ARO,TOULOUSE MATABIAU,TJOURSESO,FRXYT,20:36,FRCCF
4099,2023-06-11,NIMES,NON,4766,19:05,IC ARO,MONTPELLIER SAINT-ROCH,TJOURSESO,FRMPL,18:41,FRFNI
4100,2023-06-11,MARSEILLE ST CHARLES,NON,4766,19:44,IC ARO,BEZIERS,TJOURSESO,FRBZR,17:28,FRMSC
4101,2023-06-11,MARSEILLE ST CHARLES,NON,4766,20:34,IC ARO,CARCASSONNE,TJOURSESO,FRCCF,17:28,FRMSC
4102,2023-06-11,MARSEILLE ST CHARLES,NON,4766,20:02,IC ARO,NARBONNE,TJOURSESO,FRXNA,17:28,FRMSC
4103,2023-06-11,MARSEILLE ST CHARLES,NON,4766,21:18,IC ARO,TOULOUSE MATABIAU,TJOURSESO,FRXYT,17:28,FRMSC
4104,2023-06-11,NARBONNE,NON,4766,23:37,IC ARO,BORDEAUX ST JEAN,TJOURSESO,FRBOJ,20:05,FRXNA
4105,2023-06-11,NARBONNE,NON,4766,20:34,IC ARO,CARCASSONNE,TJOURSESO,FRCCF,20:05,FRXNA
4106,2023-06-11,NARBONNE,NON,4766,21:54,IC ARO,MONTAUBAN VILLE BOURBON,TJOURSESO,FRXMW,20:05,FRXNA
4107,2023-06-11,TOULOUSE MATABIAU,OUI,4766,22:31,IC ARO,AGEN,TJOURSESO,FRAGF,21:24,FRXYT
4108,2023-06-11,TOULOUSE MATABIAU,OUI,4766,23:37,IC ARO,BORDEAUX ST JEAN,TJOURSESO,FRBOJ,21:24,FRXYT
4109,2023-06-11,MARSEILLE ST CHARLES,NON,6177,19:58,SUD EST,NICE VILLE,PAAZUR,FRNIC,17:28,FRMSC
4110,2023-06-11,PARIS (intramuros),NON,6177,19:39,SUD EST,ANTIBES,PAAZUR,FRXAT,14:08,FRPLY
4111,2023-06-11,PARIS (intramuros),NON,6177,19:01,SUD EST,ST RAPHAEL VALESCURE,PAAZUR,FRXSK,14:08,FRPLY
4112,2023-06-11,TOULON,NON,6177,19:39,SUD EST,ANTIBES,PAAZUR,FRXAT,18:15,FRTLN
4113,2023-06-11,ANTIBES,OUI,6177,19:58,SUD EST,NICE VILLE,PAAZUR,FRNIC,19:42,FRXAT
4114,2023-06-11,ST RAPHAEL VALESCURE,OUI,6177,19:26,SUD EST,CANNES,PAAZUR,FRJCA,19:04,FRXSK
4115,2023-06-11,UZERCHE,OUI,3625,15:07,IC ARO,BRIVE LA GAILLARDE,PALITO,FRBVE,14:42,FRAAW
4116,2023-06-11,ISSOUDUN,OUI,3625,12:47,IC ARO,CHATEAUROUX,PALITO,FRCHR,12:33,FRFMN
4117,2023-06-11,PARIS (intramuros),OUI,3625,13:24,IC ARO,LA SOUTERRAINE,PALITO,FRLST,10:38,FRPAZ
4118,2023-06-11,VIERZON VILLE,OUI,3625,14:41,IC ARO,UZERCHE,PALITO,FRAAW,12:12,FRXVZ
4119,2023-06-11,MARNE LA VALLEE CHESSY,NON,5182,21:57,NORD,LILLE (intramuros),JCSUDNORD,FRLLE,20:51,FRMLV
4120,2023-06-11,VALENCE TGV RHONE-ALPES SUD,NON,5182,21:01,NORD,AEROPORT CDG2 TGV ROISSY,JCSUDNORD,FRMLW,18:10,FRVLA
4121,2023-06-11,MONTPELLIER SUD DE FRANCE,NON,5182,18:50,NORD,LYON (intramuros),JCSUDNORD,FRLPD,17:05,FRSUF
4122,2023-06-11,MONTPELLIER SUD DE FRANCE,NON,5182,21:57,NORD,LILLE (intramuros),JCSUDNORD,FRLLE,17:05,FRSUF
4123,2023-06-11,MONTPELLIER SUD DE FRANCE,OUI,5182,17:24,NORD,NIMES PONT DU GARD,JCSUDNORD,FRXZP,17:05,FRSUF
4124,2023-06-11,LYON (intramuros),OUI,6624,16:48,SUD EST,LE CREUSOT MONTCEAU MONTCHANIN,RHONEPARIS,FRXCC,16:04,FRLPD
4125,2023-06-11,LE CREUSOT MONTCEAU MONTCHANIN,NON,6624,18:08,SUD EST,PARIS (intramuros),RHONEPARIS,FRPLY,16:51,FRXCC
4126,2023-06-11,CHARLEVILLE MEZIERES,OUI,2766,21:45,EST,RETHEL,SEDBARPA,FRBDT,21:17,FRXCZ
4127,2023-06-11,SEDAN,OUI,2766,21:45,EST,RETHEL,SEDBARPA,FRBDT,20:53,FRXSW
4128,2023-06-11,SEDAN,OUI,2766,23:01,EST,PARIS (intramuros),SEDBARPA,FRPST,20:53,FRXSW
4129,2023-06-11,ANGERS ST LAUD,OUI,8811,16:53,ATLANTIQUE,NANTES,PARISLOIRE,FRNTE,16:12,FRACL
4130,2023-06-11,PARIS (intramuros),NON,8811,16:53,ATLANTIQUE,NANTES,PARISLOIRE,FRNTE,14:45,FRPMO
4131,2023-06-11,AVIGNON TGV,NON,6165,16:39,SUD EST,ANTIBES,PAAZUR,FRXAT,14:04,FRAVG
4132,2023-06-11,PARIS (intramuros),NON,8067,18:42,ATLANTIQUE,LAVAL,PARISBRETA,FRACR,17:12,FRPMO
4133,2023-06-11,PARIS (intramuros),NON,8067,19:10,ATLANTIQUE,RENNES,PARISBRETA,FRRNS,17:12,FRPMO
4134,2023-06-11,GRENOBLE,NON,6910,13:50,SUD EST,LYON-SAINT EXUPERY TGV,GRENOBLEPA,FRJDQ,12:47,FRGNB
4135,2023-06-11,MARSEILLE ST CHARLES,OUI,6866,19:23,SUD EST,AIX EN PROVENCE TGV,JCSUDPROV,FRAIE,19:11,FRMSC
4136,2023-06-11,MARSEILLE ST CHARLES,NON,6866,20:54,SUD EST,LYON (intramuros),JCSUDPROV,FRLPD,19:11,FRMSC
4137,2023-06-11,TOULON,OUI,6866,19:23,SUD EST,AIX EN PROVENCE TGV,JCSUDPROV,FRAIE,17:53,FRTLN
4138,2023-06-11,LES AUBRAIS ORLEANS,NON,3971,08:26,IC NUIT,PORTE PUYMORENS,PARPALOMBE,FRFQF,22:49,FRLAB
4139,2023-06-11,LES AUBRAIS ORLEANS,NON,3971,07:25,IC NUIT,LUZENAC GARANOU,PARPALOMBE,FRFQI,22:49,FRLAB
4140,2023-06-11,LES AUBRAIS ORLEANS,NON,3971,07:17,IC NUIT,LES CABANNES,PARPALOMBE,FRFQK,22:49,FRLAB
4141,2023-06-11,PARIS (intramuros),NON,3971,08:26,IC NUIT,PORTE PUYMORENS,PARPALOMBE,FRFQF,21:41,FRPAZ
4142,2023-06-11,PARIS (intramuros),NON,3971,08:18,IC NUIT,ANDORRE - L'HOSPITALET,PARPALOMBE,FRFQG,21:41,FRPAZ
4143,2023-06-11,PARIS (intramuros),NON,3971,07:41,IC NUIT,AX LES THERMES,PARPALOMBE,FRXLT,21:41,FRPAZ
4144,2023-06-11,LES AUBRAIS ORLEANS,NON,3971,06:13,IC NUIT,AUTERIVE,PARPALOMBE,FRFPW,22:49,FRLAB
4145,2023-06-11,AVIGNON CENTRE,NON,6196,17:48,SUD EST,PARIS (intramuros),VDRPA,FRPLY,14:04,FRAES
4146,2023-06-11,VALENCE VILLE,NON,6196,15:48,SUD EST,LYON-SAINT EXUPERY TGV,VDRPA,FRJDQ,15:13,FRVAF
4147,2023-06-11,ORANGE,NON,6196,17:48,SUD EST,PARIS (intramuros),VDRPA,FRPLY,14:21,FRXOG
4148,2023-06-11,ORANGE,OUI,6196,15:10,SUD EST,VALENCE VILLE,VDRPA,FRVAF,14:21,FRXOG
4149,2023-06-11,VENDOME VILLIERS SUR LOIR,NON,8319,19:35,ATLANTIQUE,ST PIERRE DES CORPS,PAROCHELLE,FRXSH,19:15,FRESL
4150,2023-06-11,PARIS (intramuros),NON,8319,19:35,ATLANTIQUE,ST PIERRE DES CORPS,PAROCHELLE,FRXSH,18:28,FRPMO
4151,2023-06-11,NURIEUX,NON,9791,21:30,INTERNATIONAL,GENEVE,PAGENEVE,CHGVA,20:37,FRHQN
4152,2023-06-11,LYON (intramuros),NON,5382,13:51,SUD EST,MASSY TGV,JCSUDATL,FRDJU,11:36,FRLPE
4153,2023-06-11,LYON (intramuros),NON,5382,15:40,SUD EST,RENNES,JCSUDATL,FRRNS,11:36,FRLPE
4154,2023-06-11,PORT VENDRES VILLE,OUI,3738,07:04,IC NUIT,PARIS (intramuros),PALOMBEPAR,FRPAZ,18:46,FRXPV
4155,2023-06-11,BRIVE LA GAILLARDE,NON,3694,20:32,IC ARO,LA SOUTERRAINE,TOULOUZECO,FRLST,18:56,FRBVE
4156,2023-06-11,CHATEAUROUX,NON,3694,23:23,IC ARO,PARIS (intramuros),TOULOUZECO,FRPAZ,21:11,FRCHR
4157,2023-06-11,GOURDON,NON,3694,19:56,IC ARO,LIMOGES BENEDICTINS,TOULOUZECO,FRAGQ,18:10,FRFSI
4158,2023-06-11,CAUSSADE TARN ET GARONNE,NON,3694,19:56,IC ARO,LIMOGES BENEDICTINS,TOULOUZECO,FRAGQ,17:17,FRFTA
4159,2023-06-11,CAUSSADE TARN ET GARONNE,NON,3694,18:25,IC ARO,SOUILLAC,TOULOUZECO,FRSOU,17:17,FRFTA
4160,2023-06-11,SOUILLAC,NON,3694,18:53,IC ARO,BRIVE LA GAILLARDE,TOULOUZECO,FRBVE,18:27,FRSOU
4161,2023-06-11,SOUILLAC,NON,3694,21:45,IC ARO,VIERZON VILLE,TOULOUZECO,FRXVZ,18:27,FRSOU
4162,2023-06-11,MONTAUBAN VILLE BOURBON,NON,3694,19:56,IC ARO,LIMOGES BENEDICTINS,TOULOUZECO,FRAGQ,17:03,FRXMW
4163,2023-06-11,MONTAUBAN VILLE BOURBON,NON,3694,23:23,IC ARO,PARIS (intramuros),TOULOUZECO,FRPAZ,17:03,FRXMW
4164,2023-06-11,TOULOUSE MATABIAU,NON,3694,19:56,IC ARO,LIMOGES BENEDICTINS,TOULOUZECO,FRAGQ,16:31,FRXYT
4165,2023-06-11,TOULOUSE MATABIAU,NON,3694,17:16,IC ARO,CAUSSADE TARN ET GARONNE,TOULOUZECO,FRFTA,16:31,FRXYT
4166,2023-06-11,TOULOUSE MATABIAU,NON,3694,22:22,IC ARO,LES AUBRAIS ORLEANS,TOULOUZECO,FRLAB,16:31,FRXYT
4167,2023-06-11,TOULOUSE MATABIAU,NON,3694,17:41,IC ARO,CAHORS,TOULOUZECO,FRZAO,16:31,FRXYT
4168,2023-06-11,CAHORS,NON,3694,21:45,IC ARO,VIERZON VILLE,TOULOUZECO,FRXVZ,17:43,FRZAO
4169,2023-06-11,PARIS (intramuros),NON,8827,23:54,ATLANTIQUE,NANTES,PARISLOIRE,FRNTE,21:49,FRPMO
4170,2023-06-11,AIX EN PROVENCE TGV,NON,6181,23:00,SUD EST,NICE VILLE,PAAZUR,FRNIC,20:20,FRAIE
4171,2023-06-11,AIX EN PROVENCE TGV,NON,6181,21:11,SUD EST,TOULON,PAAZUR,FRTLN,20:20,FRAIE
4172,2023-06-11,ST RAPHAEL VALESCURE,OUI,6181,23:00,SUD EST,NICE VILLE,PAAZUR,FRNIC,22:05,FRXSK
4173,2023-06-11,DIJON VILLE,NON,6766,22:04,SUD EST,PARIS (intramuros),BOURPA,FRPLY,20:25,FRABA
4174,2023-06-11,BESANCON VIOTTE,NON,6766,22:04,SUD EST,PARIS (intramuros),BOURPA,FRPLY,19:37,FRABG
4175,2023-06-11,BESANCON VIOTTE,NON,6766,19:50,SUD EST,BESANCON - F COMTE TGV,BOURPA,FRTJB,19:37,FRABG
4176,2023-06-11,BESANCON - F COMTE TGV,NON,6766,22:04,SUD EST,PARIS (intramuros),BOURPA,FRPLY,19:53,FRTJB
4177,2023-06-11,LYON (intramuros),NON,6813,16:43,SUD EST,TOULON,JCPROVSUD,FRTLN,14:06,FRLPD
4178,2023-06-11,PARIS (intramuros),NON,8519,23:36,ATLANTIQUE,TOULOUSE MATABIAU,PASUDOUEST,FRXYT,19:08,FRPMO
4179,2023-06-11,NICE VILLE,NON,5772,07:56,IC NUIT,PARIS (intramuros),AZURPAR,FRPAZ,19:11,FRNIC
4180,2023-06-11,ST RAPHAEL VALESCURE,NON,5772,07:56,IC NUIT,PARIS (intramuros),AZURPAR,FRPAZ,20:13,FRXSK
4181,2023-06-11,PARIS (intramuros),NON,2587,10:51,EST,NANCY,PANANCY,FRENC,09:13,FRPST
4182,2023-06-11,SARREBOURG,NON,2587,12:22,EST,STRASBOURG,PANANCY,FRAEG,11:41,FRSBG
4183,2023-06-11,ANGERS ST LAUD,NON,5480,19:29,EST,STRASBOURG,JCATLEST,FRAEG,14:49,FRACL
4184,2023-06-11,ANGERS ST LAUD,NON,5480,15:27,EST,LE MANS,JCATLEST,FRAET,14:49,FRACL
4185,2023-06-11,ANGERS ST LAUD,NON,5480,16:57,EST,MARNE LA VALLEE CHESSY,JCATLEST,FRMLV,14:49,FRACL
4186,2023-06-11,LE MANS,NON,5480,16:57,EST,MARNE LA VALLEE CHESSY,JCATLEST,FRMLV,15:30,FRAET
4187,2023-06-11,LE MANS,NON,5480,17:13,EST,AEROPORT CDG2 TGV ROISSY,JCATLEST,FRMLW,15:30,FRAET
4188,2023-06-11,MASSY TGV,NON,5480,18:48,EST,LORRAINE TGV,JCATLEST,FREAM,16:26,FRDJU
4189,2023-06-11,MARNE LA VALLEE CHESSY,NON,5480,18:00,EST,CHAMPAGNE-ARDENNE,JCATLEST,FREAH,17:03,FRMLV
4190,2023-06-11,AEROPORT CDG2 TGV ROISSY,NON,5480,18:00,EST,CHAMPAGNE-ARDENNE,JCATLEST,FREAH,17:29,FRMLW
4191,2023-06-11,NANTES,NON,5480,18:00,EST,CHAMPAGNE-ARDENNE,JCATLEST,FREAH,14:09,FRNTE
4192,2023-06-11,NANTES,NON,5480,16:57,EST,MARNE LA VALLEE CHESSY,JCATLEST,FRMLV,14:09,FRNTE
4193,2023-06-11,ST PIERRE DES CORPS,NON,8314,13:33,ATLANTIQUE,PARIS (intramuros),ROCHELLEPA,FRPMO,12:25,FRXSH
4194,2023-06-11,CANNES,NON,6176,13:44,SUD EST,TOULON,AZURPA,FRTLN,12:33,FRJCA
4195,2023-06-11,MARSEILLE ST CHARLES,NON,6176,17:51,SUD EST,PARIS (intramuros),AZURPA,FRPLY,14:47,FRMSC
4196,2023-06-11,NICE VILLE,OUI,6176,12:29,SUD EST,CANNES,AZURPA,FRJCA,12:02,FRNIC
4197,2023-06-11,ANTIBES,NON,6176,17:51,SUD EST,PARIS (intramuros),AZURPA,FRPLY,12:19,FRXAT
4198,2023-06-11,ANTIBES,NON,6176,13:44,SUD EST,TOULON,AZURPA,FRTLN,12:19,FRXAT
4199,2023-06-11,AIX EN PROVENCE TGV,NON,6024,19:22,SUD EST,PARIS (intramuros),PROVENCEPA,FRPLY,16:19,FRAIE
4200,2023-06-11,VALENCE TGV RHONE-ALPES SUD,NON,6275,15:25,SUD EST,SETE,PALANG,FRXSY,14:00,FRVLA
4201,2023-06-11,NARBONNE,OUI,6275,16:52,SUD EST,PERPIGNAN,PALANG,FRPGF,16:16,FRXNA
4202,2023-06-11,MONTPELLIER SUD DE FRANCE,OUI,6275,15:41,SUD EST,AGDE,PALANG,FRXAG,15:10,FRSUF
4203,2023-06-11,MONTPELLIER SUD DE FRANCE,OUI,6275,16:13,SUD EST,NARBONNE,PALANG,FRXNA,15:10,FRSUF
4204,2023-06-11,NIMES PONT DU GARD,NON,6275,15:25,SUD EST,SETE,PALANG,FRXSY,14:39,FRXZP
4205,2023-06-11,STUTTGART HBF,NON,9574,12:13,INTERNATIONAL,STRASBOURG,MUNSTUTPA,FRAEG,10:52,DESGT
4206,2023-06-11,PARIS (intramuros),NON,2573,20:40,EST,EPINAL,PANANCY,FREPL,18:10,FRPST
4207,2023-06-11,BOURGES,NON,4506,21:26,IC SRO,ANGERS ST LAUD,JOURLYNNTE,FRACL,19:07,FRBOU
4208,2023-06-11,LYON (intramuros),NON,4506,21:26,IC SRO,ANGERS ST LAUD,JOURLYNNTE,FRACL,15:44,FRLPD
4209,2023-06-11,LYON (intramuros),NON,4506,20:26,IC SRO,ST PIERRE DES CORPS,JOURLYNNTE,FRXSH,15:44,FRLPD
4210,2023-06-11,LYON (intramuros),NON,4506,22:09,IC SRO,NANTES,JOURLYNNTE,FRNTE,15:32,FRLPE
4211,2023-06-11,NEVERS,NON,4506,19:05,IC SRO,BOURGES,JOURLYNNTE,FRBOU,18:29,FRNVS
4212,2023-06-11,NEVERS,NON,4506,19:26,IC SRO,VIERZON VILLE,JOURLYNNTE,FRXVZ,18:29,FRNVS
4213,2023-06-11,ROANNE,NON,4506,19:05,IC SRO,BOURGES,JOURLYNNTE,FRBOU,16:48,FRRNE
4214,2023-06-11,ROANNE,NON,4506,17:51,IC SRO,MOULINS SUR ALLIER,JOURLYNNTE,FRXMU,16:48,FRRNE
4215,2023-06-11,ST GERMAIN DES FOSSES,NON,4506,21:26,IC SRO,ANGERS ST LAUD,JOURLYNNTE,FRACL,17:28,FRSGF
4216,2023-06-11,ST GERMAIN DES FOSSES,NON,4506,18:21,IC SRO,NEVERS,JOURLYNNTE,FRNVS,17:28,FRSGF
4217,2023-06-11,ST GERMAIN DES FOSSES,NON,4506,19:26,IC SRO,VIERZON VILLE,JOURLYNNTE,FRXVZ,17:28,FRSGF
4218,2023-06-11,MOULINS SUR ALLIER,NON,4506,19:26,IC SRO,VIERZON VILLE,JOURLYNNTE,FRXVZ,17:53,FRXMU
4219,2023-06-11,ST PIERRE DES CORPS,NON,4506,21:03,IC SRO,SAUMUR,JOURLYNNTE,FRACN,20:29,FRXSH
4220,2023-06-11,LE MANS,NON,8073,22:26,ATLANTIQUE,RENNES,PARISBRETA,FRRNS,21:13,FRAET
4221,2023-06-11,PARIS (intramuros),NON,8073,21:41,ATLANTIQUE,LAVAL,PARISBRETA,FRACR,20:13,FRPMO
4222,2023-06-11,PARIS (intramuros),NON,8073,22:26,ATLANTIQUE,RENNES,PARISBRETA,FRRNS,20:13,FRPMO
4223,2023-06-11,VITRE,NON,8073,22:26,ATLANTIQUE,RENNES,PARISBRETA,FRRNS,22:05,FRXVT
4224,2023-06-11,BREST,NON,8644,21:24,ATLANTIQUE,PARIS (intramuros),BRETAPARIS,FRPMO,17:59,FRBES
4225,2023-06-11,ST BRIEUC,NON,8644,21:24,ATLANTIQUE,PARIS (intramuros),BRETAPARIS,FRPMO,19:10,FRSBK
4226,2023-06-11,MONTBARD,NON,6700,09:08,SUD EST,PARIS (intramuros),BOURPA,FRPLY,08:04,FRGWE
4227,2023-06-11,BESANCON - F COMTE TGV,NON,6700,09:08,SUD EST,PARIS (intramuros),BOURPA,FRPLY,06:53,FRTJB
4228,2023-06-11,DAX,NON,8549,20:47,ATLANTIQUE,HENDAYE,PASUDOUEST,FRAEF,19:32,FRACG
4229,2023-06-11,DAX,NON,8549,20:15,ATLANTIQUE,BIARRITZ,PASUDOUEST,FRBIQ,19:32,FRACG
4230,2023-06-11,BORDEAUX ST JEAN,NON,8549,20:47,ATLANTIQUE,HENDAYE,PASUDOUEST,FRAEF,18:20,FRBOJ
4231,2023-06-11,BAYONNE,OUI,8549,20:15,ATLANTIQUE,BIARRITZ,PASUDOUEST,FRBIQ,20:06,FRXBY
4232,2023-06-11,GENEVE,NON,9774,17:42,INTERNATIONAL,PARIS (intramuros),GENEVEPA,FRPLY,14:29,CHGVA
4233,2023-06-11,BELLEGARDE,NON,9774,15:49,INTERNATIONAL,BOURG EN BRESSE,GENEVEPA,FRXBK,15:02,FRXBF
4234,2023-06-11,CANNES,NON,6174,15:51,SUD EST,PARIS (intramuros),AZURPA,FRPLY,10:32,FRJCA
4235,2023-06-11,NICE VILLE,NON,6174,12:33,SUD EST,MARSEILLE ST CHARLES,AZURPA,FRMSC,09:57,FRNIC
4236,2023-06-11,NICE VILLE,NON,6174,15:51,SUD EST,PARIS (intramuros),AZURPA,FRPLY,09:57,FRNIC
4237,2023-06-11,NICE VILLE,NON,6174,10:55,SUD EST,ST RAPHAEL VALESCURE,AZURPA,FRXSK,09:57,FRNIC
4238,2023-06-11,TOULON,OUI,6174,12:33,SUD EST,MARSEILLE ST CHARLES,AZURPA,FRMSC,11:48,FRTLN
4239,2023-06-11,ANTIBES,NON,6174,12:33,SUD EST,MARSEILLE ST CHARLES,AZURPA,FRMSC,10:16,FRXAT
4240,2023-06-11,NIMES,OUI,6221,11:11,SUD EST,MONTPELLIER SAINT-ROCH,PALANG,FRMPL,10:46,FRFNI
4241,2023-06-11,PARIS (intramuros),NON,6221,12:56,SUD EST,PERPIGNAN,PALANG,FRPGF,07:40,FRPLY
4242,2023-06-11,PARIS (intramuros),NON,6221,11:48,SUD EST,AGDE,PALANG,FRXAG,07:40,FRPLY
4243,2023-06-11,PARIS (intramuros),NON,6221,12:20,SUD EST,NARBONNE,PALANG,FRXNA,07:40,FRPLY
4244,2023-06-11,VALENCE TGV RHONE-ALPES SUD,OUI,6221,12:03,SUD EST,BEZIERS,PALANG,FRBZR,09:55,FRVLA
4245,2023-06-11,AGDE,OUI,6221,12:20,SUD EST,NARBONNE,PALANG,FRXNA,11:51,FRXAG
4246,2023-06-11,NARBONNE,OUI,6221,12:56,SUD EST,PERPIGNAN,PALANG,FRPGF,12:23,FRXNA
4247,2023-06-11,LIMOGES BENEDICTINS,OUI,3665,22:03,IC ARO,BRIVE LA GAILLARDE,PALITO,FRBVE,21:04,FRAGQ
4248,2023-06-11,LIMOGES BENEDICTINS,OUI,3665,22:46,IC ARO,GOURDON,PALITO,FRFSI,21:04,FRAGQ
4249,2023-06-11,LIMOGES BENEDICTINS,OUI,3665,23:15,IC ARO,CAHORS,PALITO,FRZAO,21:04,FRAGQ
4250,2023-06-11,ARGENTON SUR CREUSE,NON,3665,22:03,IC ARO,BRIVE LA GAILLARDE,PALITO,FRBVE,20:01,FRFMT
4251,2023-06-11,GOURDON,OUI,3665,23:15,IC ARO,CAHORS,PALITO,FRZAO,22:48,FRFSI
4252,2023-06-11,LA SOUTERRAINE,NON,3665,22:03,IC ARO,BRIVE LA GAILLARDE,PALITO,FRBVE,20:26,FRLST
4253,2023-06-11,LA SOUTERRAINE,NON,3665,22:46,IC ARO,GOURDON,PALITO,FRFSI,20:26,FRLST
4254,2023-06-11,LA SOUTERRAINE,NON,3665,22:30,IC ARO,SOUILLAC,PALITO,FRSOU,20:26,FRLST
4255,2023-06-11,PARIS (intramuros),NON,3665,22:03,IC ARO,BRIVE LA GAILLARDE,PALITO,FRBVE,17:37,FRPAZ
4256,2023-06-11,PARIS (intramuros),NON,3665,20:00,IC ARO,ARGENTON SUR CREUSE,PALITO,FRFMT,17:37,FRPAZ
4257,2023-06-11,PARIS (intramuros),NON,3665,19:11,IC ARO,VIERZON VILLE,PALITO,FRXVZ,17:37,FRPAZ
4258,2023-06-11,VIERZON VILLE,NON,3665,20:00,IC ARO,ARGENTON SUR CREUSE,PALITO,FRFMT,19:13,FRXVZ
4259,2023-06-11,VIERZON VILLE,NON,3665,22:30,IC ARO,SOUILLAC,PALITO,FRSOU,19:13,FRXVZ
4260,2023-06-11,PARIS (intramuros),NON,8509,17:15,ATLANTIQUE,BORDEAUX ST JEAN,PASUDOUEST,FRBOJ,15:08,FRPMO
4261,2023-06-11,PARIS (intramuros),OUI,5789,04:42,IC NUIT,CREST,PABRIANCON,FRCRE,20:48,FRPAZ
4262,2023-06-11,PARIS (intramuros),OUI,5789,05:20,IC NUIT,DIE,PABRIANCON,FRDIE,20:48,FRPAZ
4263,2023-06-11,PARIS (intramuros),OUI,5789,05:40,IC NUIT,LUC EN DIOIS,PABRIANCON,FRIFP,20:48,FRPAZ
4264,2023-06-11,PARIS (intramuros),OUI,5789,07:50,IC NUIT,MONTDAUPHIN GUILLESTRE,PABRIANCON,FRIGZ,20:48,FRPAZ
4265,2023-06-11,PARIS (intramuros),OUI,5789,08:26,IC NUIT,BRIANCON,PABRIANCON,FRXBC,20:48,FRPAZ
4266,2023-06-11,LAVAL,NON,8023,16:25,ATLANTIQUE,RENNES,PARISBRETA,FRRNS,16:00,FRACR
4267,2023-06-11,STRASBOURG,NON,9890,06:56,NORD,MEUSE TGV,JCESTNORD,FREAJ,06:01,FRAEG
4268,2023-06-11,LORRAINE TGV,NON,9890,09:43,NORD,BRUXELLES MIDI BRUSSEL ZUID,JCESTNORD,BEBMI,06:38,FREAM
4269,2023-06-11,MEUSE TGV,NON,9890,09:43,NORD,BRUXELLES MIDI BRUSSEL ZUID,JCESTNORD,BEBMI,06:59,FREAJ
4270,2023-06-11,DOUAI,OUI,7112,10:08,NORD,PARIS (intramuros),ARRASPA,FRPNO,08:51,FRXDN
4271,2023-06-11,VITRE,OUI,8093,20:44,ATLANTIQUE,DOL DE BRETAGNE,PARISBRETA,FRDOL,19:49,FRXVT
4272,2023-06-11,METZ VILLE,NON,2886,21:13,EST,PARIS (intramuros),LUXMETZPA,FRPST,19:42,FRADE
4273,2023-06-11,MONTPELLIER SAINT-ROCH,OUI,6033,14:58,SUD EST,PERPIGNAN,PALANG,FRPGF,13:20,FRMPL
4274,2023-06-11,MONTPELLIER SAINT-ROCH,OUI,6033,13:34,SUD EST,SETE,PALANG,FRXSY,13:20,FRMPL
4275,2023-06-11,PARIS (intramuros),NON,6033,14:58,SUD EST,PERPIGNAN,PALANG,FRPGF,09:40,FRPLY
4276,2023-06-11,VALENCE TGV RHONE-ALPES SUD,NON,6033,13:34,SUD EST,SETE,PALANG,FRXSY,12:00,FRVLA
4277,2023-06-11,QUIMPER,OUI,8732,17:28,ATLANTIQUE,LORIENT,BRETAPARIS,FRLRT,16:56,FRUIP
4278,2023-06-11,QUIMPER,OUI,8732,17:54,ATLANTIQUE,VANNES,BRETAPARIS,FRVNE,16:56,FRUIP
4279,2023-06-11,ANGERS ST LAUD,NON,8921,14:54,ATLANTIQUE,NANTES,PARISLOIRE,FRNTE,14:16,FRACL
4280,2023-06-11,LA BAULE ESCOUBLAC,OUI,8921,16:03,ATLANTIQUE,LE CROISIC,PARISLOIRE,FREGU,15:54,FRJEE
4281,2023-06-11,AUGSBURG HBF,NON,9576,09:11,INTERNATIONAL,STUTTGART HBF,MUNSTUTPA,DESGT,07:20,DEAGB
4282,2023-06-11,KARLSRUHE HBF,NON,9576,12:31,INTERNATIONAL,PARIS (intramuros),MUNSTUTPA,FRPST,09:53,DEQKA
4283,2023-06-11,ULM HBF,NON,9576,10:37,INTERNATIONAL,STRASBOURG,MUNSTUTPA,FRAEG,08:04,DEQUL
4284,2023-06-11,ULM HBF,NON,9576,12:31,INTERNATIONAL,PARIS (intramuros),MUNSTUTPA,FRPST,08:04,DEQUL
4285,2023-06-11,STUTTGART HBF,NON,9576,10:37,INTERNATIONAL,STRASBOURG,MUNSTUTPA,FRAEG,09:11,DESGT
4286,2023-06-11,LORIENT,OUI,8722,14:19,ATLANTIQUE,VANNES,BRETAPARIS,FRVNE,13:50,FRLRT
4287,2023-06-11,QUIMPER,OUI,8722,13:47,ATLANTIQUE,LORIENT,BRETAPARIS,FRLRT,13:14,FRUIP
4288,2023-06-11,QUIMPER,OUI,8722,14:19,ATLANTIQUE,VANNES,BRETAPARIS,FRVNE,13:14,FRUIP
4289,2023-06-11,VANNES,NON,8722,15:25,ATLANTIQUE,RENNES,BRETAPARIS,FRRNS,14:22,FRVNE
4290,2023-06-11,REDON,NON,8722,17:08,ATLANTIQUE,PARIS (intramuros),BRETAPARIS,FRPMO,14:50,FRXRN
4291,2023-06-11,AURAY,OUI,8722,14:48,ATLANTIQUE,REDON,BRETAPARIS,FRXRN,14:09,FRXUY
4292,2023-06-11,NARBONNE,OUI,6258,14:09,SUD EST,AGDE,LANGPA,FRXAG,13:42,FRXNA
4293,2023-06-11,MONTPELLIER SUD DE FRANCE,NON,6258,18:12,SUD EST,PARIS (intramuros),LANGPA,FRPLY,14:50,FRSUF
4294,2023-06-11,PERPIGNAN,OUI,6258,14:43,SUD EST,MONTPELLIER SUD DE FRANCE,LANGPA,FRSUF,13:04,FRPGF
4295,2023-06-11,PERPIGNAN,OUI,6258,15:12,SUD EST,NIMES PONT DU GARD,LANGPA,FRXZP,13:04,FRPGF
4296,2023-06-11,AGDE,OUI,6258,15:12,SUD EST,NIMES PONT DU GARD,LANGPA,FRXZP,14:12,FRXAG
4297,2023-06-11,AVIGNON TGV,OUI,6109,13:41,SUD EST,AIX EN PROVENCE TGV,PAPROVENCE,FRAIE,13:21,FRAVG
4298,2023-06-11,AUTERIVE,NON,3970,05:53,IC NUIT,LES AUBRAIS ORLEANS,PALOMBEPAR,FRLAB,21:15,FRFPW
4299,2023-06-11,PORTE PUYMORENS,NON,3970,05:53,IC NUIT,LES AUBRAIS ORLEANS,PALOMBEPAR,FRLAB,18:58,FRFQF
4300,2023-06-11,ANDORRE - L'HOSPITALET,NON,3970,07:04,IC NUIT,PARIS (intramuros),PALOMBEPAR,FRPAZ,19:09,FRFQG
4301,2023-06-11,PAMIERS,NON,3970,07:04,IC NUIT,PARIS (intramuros),PALOMBEPAR,FRPAZ,20:49,FRPMS
4302,2023-06-11,FOIX,NON,3970,07:04,IC NUIT,PARIS (intramuros),PALOMBEPAR,FRPAZ,20:33,FRXFX
4303,2023-06-11,LUZENAC GARANOU,NON,3970,07:04,IC NUIT,PARIS (intramuros),PALOMBEPAR,FRPAZ,19:55,FRFQI
4304,2023-06-11,LES CABANNES,NON,3970,05:53,IC NUIT,LES AUBRAIS ORLEANS,PALOMBEPAR,FRLAB,20:03,FRFQK
4305,2023-06-11,PARIS (intramuros),NON,2843,22:04,EST,METZ VILLE,PAMETZLUX,FRADE,20:40,FRPST
4306,2023-06-11,RENNES,NON,8054,11:19,ATLANTIQUE,PARIS (intramuros),BRETAPARIS,FRPMO,09:35,FRRNS
4307,2023-06-11,CHATELLERAULT,NON,8330,07:22,ATLANTIQUE,ST PIERRE DES CORPS,ROCHELLEPA,FRXSH,06:52,FRXCX
4308,2023-06-11,ST PIERRE DES CORPS,OUI,8330,07:43,ATLANTIQUE,VENDOME VILLIERS SUR LOIR,ROCHELLEPA,FRESL,07:25,FRXSH
4309,2023-06-11,ST PIERRE DES CORPS,OUI,8330,08:33,ATLANTIQUE,PARIS (intramuros),ROCHELLEPA,FRPMO,07:25,FRXSH
4310,2023-06-11,GRENOBLE,NON,6908,12:46,SUD EST,PARIS (intramuros),GRENOBLEPA,FRPLY,09:47,FRGNB
4311,2023-06-11,LYON-SAINT EXUPERY TGV,NON,6908,12:46,SUD EST,PARIS (intramuros),GRENOBLEPA,FRPLY,10:54,FRJDQ
4312,2023-06-11,ARRAS,NON,7212,10:08,NORD,PARIS (intramuros),ARRASPA,FRPNO,09:18,FRQRV
4313,2023-06-11,LE MANS,NON,5332,13:10,SUD EST,AIX EN PROVENCE TGV,JCATLSUD,FRAIE,08:26,FRAET
4314,2023-06-11,LE MANS,NON,5332,09:16,SUD EST,MASSY TGV,JCATLSUD,FRDJU,08:26,FRAET
4315,2023-06-11,AVIGNON TGV,NON,5332,13:24,SUD EST,MARSEILLE ST CHARLES,JCATLSUD,FRMSC,12:50,FRAVG
4316,2023-06-11,LYON (intramuros),NON,5332,13:24,SUD EST,MARSEILLE ST CHARLES,JCATLSUD,FRMSC,11:38,FRLPD
4317,2023-06-11,RENNES,OUI,5332,08:22,SUD EST,LE MANS,JCATLSUD,FRAET,07:31,FRRNS
4318,2023-06-11,PARIS (intramuros),NON,3751,06:19,IC NUIT,MONTAUBAN VILLE BOURBON,PAVERMEIL,FRXMW,22:12,FRPAZ
4319,2023-06-11,LES AUBRAIS ORLEANS,NON,3737,07:55,IC NUIT,LEZIGNAN-CORBIERES,PARPALOMBE,FRFUX,22:49,FRLAB
4320,2023-06-11,LES AUBRAIS ORLEANS,NON,3737,09:32,IC NUIT,PERPIGNAN,PARPALOMBE,FRPGF,22:49,FRLAB
4321,2023-06-11,LES AUBRAIS ORLEANS,NON,3737,10:06,IC NUIT,PORT VENDRES VILLE,PARPALOMBE,FRXPV,22:49,FRLAB
4322,2023-06-11,PARIS (intramuros),NON,3737,10:21,IC NUIT,CERBERE,PARPALOMBE,FRXCE,21:41,FRPAZ
4323,2023-06-11,PARIS (intramuros),OUI,12297,22:45,ATLANTIQUE,ST PIERRE DES CORPS,PAROCHELLE,FRXSH,21:45,FRPMO
4324,2023-06-11,ST PIERRE DES CORPS,OUI,12297,23:20,ATLANTIQUE,POITIERS,PAROCHELLE,FRPIS,22:49,FRXSH
4325,2023-06-11,LE MANS,NON,9884,10:17,NORD,LILLE (intramuros),JCBRETNORD,FRLLE,07:30,FRAET
4326,2023-06-11,LE MANS,NON,9884,09:10,NORD,AEROPORT CDG2 TGV ROISSY,JCBRETNORD,FRMLW,07:30,FRAET
4327,2023-06-11,MASSY TGV,OUI,9884,09:10,NORD,AEROPORT CDG2 TGV ROISSY,JCBRETNORD,FRMLW,08:26,FRDJU
4328,2023-06-11,LAVAL,NON,9884,09:45,NORD,TGV HAUTE PICARDIE,JCBRETNORD,FRTHP,06:52,FRACR
4329,2023-06-11,LAVAL,NON,9884,11:01,NORD,BRUXELLES MIDI BRUSSEL ZUID,JCBRETNORD,BEBMI,06:52,FRACR
4330,2023-06-11,ARLES,OUI,6198,18:18,SUD EST,ORANGE,VDRPA,FRXOG,17:36,FRHZA
4331,2023-06-11,MIRAMAS,OUI,6198,18:00,SUD EST,AVIGNON CENTRE,VDRPA,FRAES,17:13,FRMAZ
4332,2023-06-11,MIRAMAS,NON,6198,19:46,SUD EST,LYON-SAINT EXUPERY TGV,VDRPA,FRJDQ,17:13,FRMAZ
4333,2023-06-11,MIRAMAS,NON,6198,21:46,SUD EST,PARIS (intramuros),VDRPA,FRPLY,17:13,FRMAZ
4334,2023-06-11,MONTELIMAR GARE SNCF,NON,6198,19:46,SUD EST,LYON-SAINT EXUPERY TGV,VDRPA,FRJDQ,18:49,FRXMK
4335,2023-06-11,ORANGE,NON,6198,21:46,SUD EST,PARIS (intramuros),VDRPA,FRPLY,18:21,FRXOG
4336,2023-06-11,REMIREMONT,OUI,2578,09:17,EST,EPINAL,NANCYPA,FREPL,08:56,FRRNT
4337,2023-06-11,EPINAL,NON,2578,11:05,EST,CHAMPAGNE-ARDENNE,NANCYPA,FREAH,09:20,FREPL
4338,2023-06-11,CANNES,OUI,6077,19:39,SUD EST,ANTIBES,PAAZUR,FRXAT,19:31,FRJCA
4339,2023-06-11,PARIS (intramuros),NON,6077,17:14,SUD EST,MARSEILLE ST CHARLES,PAAZUR,FRMSC,14:08,FRPLY
4340,2023-06-11,PARIS (intramuros),NON,6077,19:01,SUD EST,ST RAPHAEL VALESCURE,PAAZUR,FRXSK,14:08,FRPLY
4341,2023-06-11,TOULON,OUI,6077,19:58,SUD EST,NICE VILLE,PAAZUR,FRNIC,18:15,FRTLN
4342,2023-06-11,ANTIBES,OUI,6077,19:58,SUD EST,NICE VILLE,PAAZUR,FRNIC,19:42,FRXAT
4343,2023-06-11,ST RAPHAEL VALESCURE,OUI,6077,19:26,SUD EST,CANNES,PAAZUR,FRJCA,19:04,FRXSK
4344,2023-06-11,ST RAPHAEL VALESCURE,OUI,6077,19:39,SUD EST,ANTIBES,PAAZUR,FRXAT,19:04,FRXSK
4345,2023-06-11,CANNES,OUI,5772,07:56,IC NUIT,PARIS (intramuros),AZURPAR,FRPAZ,19:46,FRJCA
4346,2023-06-11,LES ARCS DRAGUIGNAN,OUI,5772,07:56,IC NUIT,PARIS (intramuros),AZURPAR,FRPAZ,20:30,FRXRS
4347,2023-06-11,METZ VILLE,NON,2680,19:01,EST,PARIS (intramuros),LUXMETZPA,FRPST,17:28,FRADE
4348,2023-06-11,JONZAC,NON,3854,12:15,IC SRO,LA ROCHELLE VILLE,BORDONANTE,FRLRH,10:41,FREMR
4349,2023-06-11,JONZAC,NON,3854,11:53,IC SRO,ROCHEFORT,BORDONANTE,FRRCO,10:41,FREMR
4350,2023-06-11,LA ROCHELLE VILLE,NON,3854,12:58,IC SRO,LUCON,BORDONANTE,FRLCN,12:19,FRLRH
4351,2023-06-11,PARIS (intramuros),NON,2223,19:04,EST,METZ VILLE,PAMETZLUX,FRADE,17:40,FRPST
4352,2023-06-11,DIJON VILLE,NON,2239,19:45,EST,MARSEILLE ST CHARLES,JCRHINRHON,FRMSC,16:20,FRABA
4353,2023-06-11,DIJON VILLE,NON,2239,21:34,EST,ST RAPHAEL VALESCURE,JCRHINRHON,FRXSK,16:20,FRABA
4354,2023-06-11,STRASBOURG,OUI,2239,14:30,EST,MULHOUSE VILLE,JCRHINRHON,FRAEK,13:37,FRAEG
4355,2023-06-11,STRASBOURG,NON,2239,19:45,EST,MARSEILLE ST CHARLES,JCRHINRHON,FRMSC,13:37,FRAEG
4356,2023-06-11,STRASBOURG,OUI,2239,15:29,EST,BESANCON - F COMTE TGV,JCRHINRHON,FRTJB,13:37,FRAEG
4357,2023-06-11,COLMAR,NON,2239,19:10,EST,AVIGNON TGV,JCRHINRHON,FRAVG,14:05,FRAEJ
4358,2023-06-11,COLMAR,NON,2239,19:45,EST,MARSEILLE ST CHARLES,JCRHINRHON,FRMSC,14:05,FRAEJ
4359,2023-06-11,MULHOUSE VILLE,NON,2239,19:45,EST,MARSEILLE ST CHARLES,JCRHINRHON,FRMSC,14:41,FRAEK
4360,2023-06-11,MULHOUSE VILLE,NON,2239,22:11,EST,ANTIBES,JCRHINRHON,FRXAT,14:41,FRAEK
4361,2023-06-11,AIX EN PROVENCE TGV,NON,2239,22:11,EST,ANTIBES,JCRHINRHON,FRXAT,19:33,FRAIE
4362,2023-06-11,AVIGNON TGV,NON,2239,19:45,EST,MARSEILLE ST CHARLES,JCRHINRHON,FRMSC,19:12,FRAVG
4363,2023-06-11,AVIGNON TGV,NON,2239,20:41,EST,TOULON,JCRHINRHON,FRTLN,19:12,FRAVG
4364,2023-06-11,LYON (intramuros),NON,2239,22:11,EST,ANTIBES,JCRHINRHON,FRXAT,18:04,FRLPD
4365,2023-06-11,MARSEILLE ST CHARLES,OUI,2239,22:30,EST,NICE VILLE,JCRHINRHON,FRNIC,19:57,FRMSC
4366,2023-06-11,MARSEILLE ST CHARLES,OUI,2239,20:41,EST,TOULON,JCRHINRHON,FRTLN,19:57,FRMSC
4367,2023-06-11,MARSEILLE ST CHARLES,OUI,2239,21:34,EST,ST RAPHAEL VALESCURE,JCRHINRHON,FRXSK,19:57,FRMSC
4368,2023-06-11,BELFORT-MONTBELIARD TGV,OUI,2239,15:29,EST,BESANCON - F COMTE TGV,JCRHINRHON,FRTJB,15:06,FRTJA
4369,2023-06-11,BESANCON - F COMTE TGV,NON,2239,17:56,EST,LYON (intramuros),JCRHINRHON,FRLPD,15:36,FRTJB
4370,2023-06-11,TOULON,OUI,2239,22:11,EST,ANTIBES,JCRHINRHON,FRXAT,20:45,FRTLN
4371,2023-06-11,BEAUNE,NON,2239,19:10,EST,AVIGNON TGV,JCRHINRHON,FRAVG,16:42,FRXBV
4372,2023-06-11,LES ARCS DRAGUIGNAN,OUI,2239,21:59,EST,CANNES,JCRHINRHON,FRJCA,21:20,FRXRS
4373,2023-06-11,ST RAPHAEL VALESCURE,OUI,2239,21:59,EST,CANNES,JCRHINRHON,FRJCA,21:37,FRXSK
4374,2023-06-11,BESANCON - F COMTE TGV,NON,2239,21:34,EST,ST RAPHAEL VALESCURE,JCRHINRHON,FRXSK,15:36,FRTJB
4375,2023-06-11,BELFORT-MONTBELIARD TGV,NON,2239,22:11,EST,ANTIBES,JCRHINRHON,FRXAT,15:06,FRTJA
4376,2023-06-11,BESANCON - F COMTE TGV,NON,2239,20:41,EST,TOULON,JCRHINRHON,FRTLN,15:36,FRTJB
4377,2023-06-11,STRASBOURG,OUI,2239,16:39,EST,BEAUNE,JCRHINRHON,FRXBV,13:37,FRAEG
4378,2023-06-11,ANGERS ST LAUD,NON,8922,16:23,ATLANTIQUE,LE MANS,LOIREPARIS,FRAET,15:44,FRACL
4379,2023-06-11,LA BAULE ESCOUBLAC,OUI,8922,15:41,ATLANTIQUE,ANGERS ST LAUD,LOIREPARIS,FRACL,14:07,FRJEE
4380,2023-06-11,NANTES,OUI,8922,15:41,ATLANTIQUE,ANGERS ST LAUD,LOIREPARIS,FRACL,15:05,FRNTE
4381,2023-06-11,NANTES,NON,8922,16:23,ATLANTIQUE,LE MANS,LOIREPARIS,FRAET,15:05,FRNTE
4382,2023-06-11,NANTES,NON,8922,17:25,ATLANTIQUE,PARIS (intramuros),LOIREPARIS,FRPMO,15:05,FRNTE
4383,2023-06-11,ST NAZAIRE,OUI,8922,14:59,ATLANTIQUE,NANTES,LOIREPARIS,FRNTE,14:24,FRSNR
4384,2023-06-11,MODANE,NON,9249,19:23,INTERNATIONAL,OULX CESANA CLAV SESTRIERE,PAITALIE,ITOCS,18:55,FRAGR
4385,2023-06-11,ST JEAN DE MAURIENNE ARVAN,NON,9249,19:23,INTERNATIONAL,OULX CESANA CLAV SESTRIERE,PAITALIE,ITOCS,18:25,FRHPN
4386,2023-06-11,AVIGNON TGV,NON,6107,12:41,SUD EST,AIX EN PROVENCE TGV,PAPROVENCE,FRAIE,12:22,FRAVG
4387,2023-06-11,LILLE (intramuros),NON,7534,19:08,NORD,PARIS (intramuros),ARRASPA,FRPNO,17:51,FRLLE
4388,2023-06-11,STRASBOURG,NON,9894,19:06,NORD,AEROPORT CDG2 TGV ROISSY,JCESTNORD,FRMLW,17:01,FRAEG
4389,2023-06-11,CHAMPAGNE-ARDENNE,NON,9894,21:09,NORD,BRUXELLES MIDI BRUSSEL ZUID,JCESTNORD,BEBMI,18:35,FREAH
4390,2023-06-11,CHAMPAGNE-ARDENNE,NON,9894,20:19,NORD,LILLE (intramuros),JCESTNORD,FRLLE,18:35,FREAH
4391,2023-06-11,MEUSE TGV,NON,9894,18:32,NORD,CHAMPAGNE-ARDENNE,JCESTNORD,FREAH,18:09,FREAJ
4392,2023-06-11,MEUSE TGV,NON,9894,19:06,NORD,AEROPORT CDG2 TGV ROISSY,JCESTNORD,FRMLW,18:09,FREAJ
4393,2023-06-11,LORRAINE TGV,NON,9894,18:32,NORD,CHAMPAGNE-ARDENNE,JCESTNORD,FREAH,17:42,FREAM
4394,2023-06-11,LORRAINE TGV,NON,9894,18:01,NORD,MEUSE TGV,JCESTNORD,FREAJ,17:42,FREAM
4395,2023-06-11,LORRAINE TGV,NON,9894,20:19,NORD,LILLE (intramuros),JCESTNORD,FRLLE,17:42,FREAM
4396,2023-06-11,STRASBOURG,NON,9894,19:44,NORD,TGV HAUTE PICARDIE,JCESTNORD,FRTHP,17:01,FRAEG
4397,2023-06-11,LORRAINE TGV,NON,9894,19:44,NORD,TGV HAUTE PICARDIE,JCESTNORD,FRTHP,17:42,FREAM
4398,2023-06-11,MEUSE TGV,NON,9894,21:09,NORD,BRUXELLES MIDI BRUSSEL ZUID,JCESTNORD,BEBMI,18:09,FREAJ
4399,2023-06-11,PARIS (intramuros),NON,2061,19:11,EST,STRASBOURG,PASTRAMULH,FRAEG,17:25,FRPST
4400,2023-06-11,FRANKFURT MAIN HBF,NON,9580,21:12,INTERNATIONAL,AVIGNON TGV,FRANCMRS,FRAVG,13:56,DEFRH
4401,2023-06-11,FRANKFURT MAIN HBF,NON,9580,19:56,INTERNATIONAL,LYON (intramuros),FRANCMRS,FRLPD,13:56,DEFRH
4402,2023-06-11,FRANKFURT MAIN HBF,NON,9580,21:48,INTERNATIONAL,MARSEILLE ST CHARLES,FRANCMRS,FRMSC,13:56,DEFRH
4403,2023-06-11,MANNHEIM HBF,NON,9580,16:02,INTERNATIONAL,STRASBOURG,FRANCMRS,FRAEG,14:39,DEMHG
4404,2023-06-11,MANNHEIM HBF,NON,9580,21:12,INTERNATIONAL,AVIGNON TGV,FRANCMRS,FRAVG,14:39,DEMHG
4405,2023-06-11,MANNHEIM HBF,NON,9580,17:55,INTERNATIONAL,BESANCON - F COMTE TGV,FRANCMRS,FRTJB,14:39,DEMHG
4406,2023-06-11,MANNHEIM HBF,NON,9580,18:53,INTERNATIONAL,CHALON SUR SAONE,FRANCMRS,FRXCD,14:39,DEMHG
4407,2023-06-11,KARLSRUHE HBF,NON,9580,15:34,INTERNATIONAL,BADEN BADEN,FRANCMRS,DEZCC,15:12,DEQKA
4408,2023-06-11,KARLSRUHE HBF,NON,9580,17:05,INTERNATIONAL,MULHOUSE VILLE,FRANCMRS,FRAEK,15:12,DEQKA
4409,2023-06-11,KARLSRUHE HBF,NON,9580,21:34,INTERNATIONAL,AIX EN PROVENCE TGV,FRANCMRS,FRAIE,15:12,DEQKA
4410,2023-06-11,MULHOUSE VILLE,NON,9580,17:55,INTERNATIONAL,BESANCON - F COMTE TGV,FRANCMRS,FRTJB,17:09,FRAEK
4411,2023-06-11,LYON (intramuros),NON,9580,21:48,INTERNATIONAL,MARSEILLE ST CHARLES,FRANCMRS,FRMSC,20:06,FRLPD
4412,2023-06-11,BELFORT-MONTBELIARD TGV,NON,9580,21:34,INTERNATIONAL,AIX EN PROVENCE TGV,FRANCMRS,FRAIE,17:34,FRTJA
4413,2023-06-11,BELFORT-MONTBELIARD TGV,NON,9580,19:56,INTERNATIONAL,LYON (intramuros),FRANCMRS,FRLPD,17:34,FRTJA
4414,2023-06-11,BELFORT-MONTBELIARD TGV,NON,9580,21:48,INTERNATIONAL,MARSEILLE ST CHARLES,FRANCMRS,FRMSC,17:34,FRTJA
4415,2023-06-11,BESANCON - F COMTE TGV,NON,9580,21:12,INTERNATIONAL,AVIGNON TGV,FRANCMRS,FRAVG,17:58,FRTJB
4416,2023-06-11,BESANCON - F COMTE TGV,NON,9580,19:56,INTERNATIONAL,LYON (intramuros),FRANCMRS,FRLPD,17:58,FRTJB
4417,2023-06-11,CHALON SUR SAONE,NON,9580,21:12,INTERNATIONAL,AVIGNON TGV,FRANCMRS,FRAVG,18:56,FRXCD
4418,2023-06-11,AIX EN PROVENCE TGV,OUI,6129,22:56,SUD EST,MARSEILLE ST CHARLES,PAPROVENCE,FRMSC,22:44,FRAIE
4419,2023-06-11,PARIS (intramuros),NON,6129,22:17,SUD EST,AVIGNON TGV,PAPROVENCE,FRAVG,19:36,FRPLY
4420,2023-06-11,NIMES,NON,9862,14:24,NORD,LILLE (intramuros),JCSUDNORD,FRLLE,09:25,FRFNI
4421,2023-06-11,NIMES,NON,9862,13:55,NORD,ARRAS,JCSUDNORD,FRQRV,09:25,FRFNI
4422,2023-06-11,LILLE (intramuros),NON,9862,15:25,NORD,BRUXELLES MIDI BRUSSEL ZUID,JCSUDNORD,BEBMI,14:51,FRLLE
4423,2023-06-11,LYON (intramuros),NON,9862,13:55,NORD,ARRAS,JCSUDNORD,FRQRV,11:00,FRLPD
4424,2023-06-11,MARNE LA VALLEE CHESSY,OUI,9862,13:55,NORD,ARRAS,JCSUDNORD,FRQRV,12:51,FRMLV
4425,2023-06-11,AEROPORT CDG2 TGV ROISSY,OUI,9862,14:24,NORD,LILLE (intramuros),JCSUDNORD,FRLLE,13:07,FRMLW
4426,2023-06-11,MONTPELLIER SAINT-ROCH,NON,9862,15:25,NORD,BRUXELLES MIDI BRUSSEL ZUID,JCSUDNORD,BEBMI,08:57,FRMPL
4427,2023-06-11,MONTPELLIER SAINT-ROCH,NON,9862,10:53,NORD,LYON (intramuros),JCSUDNORD,FRLPD,08:57,FRMPL
4428,2023-06-11,MONTPELLIER SAINT-ROCH,NON,9862,13:34,NORD,TGV HAUTE PICARDIE,JCSUDNORD,FRTHP,08:57,FRMPL
4429,2023-06-11,PERPIGNAN,NON,9862,13:01,NORD,AEROPORT CDG2 TGV ROISSY,JCSUDNORD,FRMLW,07:08,FRPGF
4430,2023-06-11,TGV HAUTE PICARDIE,OUI,9862,14:24,NORD,LILLE (intramuros),JCSUDNORD,FRLLE,13:38,FRTHP
4431,2023-06-11,VALENCE TGV RHONE-ALPES SUD,NON,9862,10:53,NORD,LYON (intramuros),JCSUDNORD,FRLPD,10:15,FRVLA
4432,2023-06-11,AGDE,NON,9862,14:24,NORD,LILLE (intramuros),JCSUDNORD,FRLLE,08:20,FRXAG
4433,2023-06-11,NARBONNE,OUI,9862,08:02,NORD,BEZIERS,JCSUDNORD,FRBZR,07:49,FRXNA
4434,2023-06-11,NARBONNE,OUI,9862,09:22,NORD,NIMES,JCSUDNORD,FRFNI,07:49,FRXNA
4435,2023-06-11,NARBONNE,NON,9862,10:10,NORD,VALENCE TGV RHONE-ALPES SUD,JCSUDNORD,FRVLA,07:49,FRXNA
4436,2023-06-11,SETE,NON,9862,12:47,NORD,MARNE LA VALLEE CHESSY,JCSUDNORD,FRMLV,08:36,FRXSY
4437,2023-06-11,SETE,NON,9862,13:01,NORD,AEROPORT CDG2 TGV ROISSY,JCSUDNORD,FRMLW,08:36,FRXSY
4438,2023-06-11,BEZIERS,NON,9862,13:34,NORD,TGV HAUTE PICARDIE,JCSUDNORD,FRTHP,08:05,FRBZR
4439,2023-06-11,PARIS (intramuros),NON,5771,07:09,IC NUIT,TOULON,PARAZUR,FRTLN,20:48,FRPAZ
4440,2023-06-11,AGEN,NON,4665,18:07,IC ARO,MONTAUBAN VILLE BOURBON,TJOURSOSE,FRXMW,17:32,FRAGF
4441,2023-06-11,BEZIERS,NON,4665,22:33,IC ARO,MARSEILLE ST CHARLES,TJOURSOSE,FRMSC,20:17,FRBZR
4442,2023-06-11,CARCASSONNE,NON,4665,20:52,IC ARO,MONTPELLIER SAINT-ROCH,TJOURSOSE,FRMPL,19:29,FRCCF
4443,2023-06-11,CARCASSONNE,NON,4665,22:33,IC ARO,MARSEILLE ST CHARLES,TJOURSOSE,FRMSC,19:29,FRCCF
4444,2023-06-11,MONTPELLIER SAINT-ROCH,NON,4665,21:19,IC ARO,NIMES,TJOURSOSE,FRFNI,20:55,FRMPL
4445,2023-06-11,MONTAUBAN VILLE BOURBON,NON,4665,18:40,IC ARO,TOULOUSE MATABIAU,TJOURSOSE,FRXYT,18:09,FRXMW
4446,2023-06-11,CHATEAUROUX,NON,3655,19:32,IC ARO,LA SOUTERRAINE,PALITO,FRLST,18:57,FRCHR
4447,2023-06-11,ISSOUDUN,NON,3655,18:55,IC ARO,CHATEAUROUX,PALITO,FRCHR,18:41,FRFMN
4448,2023-06-11,LA SOUTERRAINE,NON,3655,20:08,IC ARO,LIMOGES BENEDICTINS,PALITO,FRAGQ,19:33,FRLST
4449,2023-06-11,PARIS (intramuros),NON,3655,20:47,IC ARO,UZERCHE,PALITO,FRAAW,16:39,FRPAZ
4450,2023-06-11,PARIS (intramuros),NON,3655,21:13,IC ARO,BRIVE LA GAILLARDE,PALITO,FRBVE,16:39,FRPAZ
4451,2023-06-11,VIERZON VILLE,NON,3655,21:13,IC ARO,BRIVE LA GAILLARDE,PALITO,FRBVE,18:21,FRXVZ
4452,2023-06-11,VIERZON VILLE,NON,3655,18:40,IC ARO,ISSOUDUN,PALITO,FRFMN,18:21,FRXVZ
4453,2023-06-11,VIERZON VILLE,NON,3655,19:32,IC ARO,LA SOUTERRAINE,PALITO,FRLST,18:21,FRXVZ
4454,2023-06-11,ST JEAN DE LUZ CIBOURE,NON,8534,12:06,ATLANTIQUE,BORDEAUX ST JEAN,SUDOUESTPA,FRBOJ,09:44,FRXJZ
4455,2023-06-11,NANTES,NON,5300,10:17,SUD EST,VALENCE TGV RHONE-ALPES SUD,JCATLSUD,FRVLA,04:50,FRNTE
4456,2023-06-11,NANTES,NON,5300,10:58,SUD EST,NIMES PONT DU GARD,JCATLSUD,FRXZP,04:50,FRNTE
4457,2023-06-11,BRIVE LA GAILLARDE,OUI,3614,05:53,IC ARO,LIMOGES BENEDICTINS,TOULOUZECO,FRAGQ,04:51,FRBVE
4458,2023-06-11,BRIVE LA GAILLARDE,OUI,3614,06:52,IC ARO,ARGENTON SUR CREUSE,TOULOUZECO,FRFMT,04:51,FRBVE
4459,2023-06-11,BRIVE LA GAILLARDE,OUI,3614,07:44,IC ARO,VIERZON VILLE,TOULOUZECO,FRXVZ,04:51,FRBVE
4460,2023-06-11,GOURDON,NON,3750,06:50,IC NUIT,PARIS (intramuros),OCCITANPAR,FRPAZ,00:00,FRFSI
4461,2023-06-11,GOURDON,OUI,3750,05:43,IC NUIT,LES AUBRAIS ORLEANS,OCCITANPAR,FRLAB,00:00,FRFSI
4462,2023-06-11,GOURDON,OUI,3750,06:50,IC NUIT,PARIS (intramuros),OCCITANPAR,FRPAZ,00:00,FRFSI
4463,2023-06-11,SOUILLAC,OUI,3750,06:50,IC NUIT,PARIS (intramuros),OCCITANPAR,FRPAZ,00:17,FRSOU
4464,2023-06-11,BAYONNE,OUI,8537,14:32,ATLANTIQUE,ST JEAN DE LUZ CIBOURE,PASUDOUEST,FRXJZ,14:06,FRXBY
4465,2023-06-11,LILLE (intramuros),OUI,5202,09:04,NORD,MASSY TGV,JCNORDAQUI,FRDJU,06:15,FRADJ
4466,2023-06-11,MASSY TGV,NON,5202,12:02,NORD,BORDEAUX ST JEAN,JCNORDAQUI,FRBOJ,09:09,FRDJU
4467,2023-06-11,MASSY TGV,NON,5202,10:41,NORD,POITIERS,JCNORDAQUI,FRPIS,09:09,FRDJU
4468,2023-06-11,MARNE LA VALLEE CHESSY,NON,5202,10:06,NORD,ST PIERRE DES CORPS,JCNORDAQUI,FRXSH,08:35,FRMLV
4469,2023-06-11,AEROPORT CDG2 TGV ROISSY,NON,5202,12:02,NORD,BORDEAUX ST JEAN,JCNORDAQUI,FRBOJ,08:10,FRMLW
4470,2023-06-11,AEROPORT CDG2 TGV ROISSY,NON,5202,10:06,NORD,ST PIERRE DES CORPS,JCNORDAQUI,FRXSH,08:10,FRMLW
4471,2023-06-11,ARRAS,NON,5202,11:23,NORD,ANGOULEME,JCNORDAQUI,FRANG,07:00,FRQRV
4472,2023-06-11,ARRAS,NON,5202,10:06,NORD,ST PIERRE DES CORPS,JCNORDAQUI,FRXSH,07:00,FRQRV
4473,2023-06-11,TGV HAUTE PICARDIE,NON,5202,11:23,NORD,ANGOULEME,JCNORDAQUI,FRANG,07:25,FRTHP
4474,2023-06-11,TGV HAUTE PICARDIE,OUI,5202,07:54,NORD,AEROPORT CDG2 TGV ROISSY,JCNORDAQUI,FRMLW,07:25,FRTHP
4475,2023-06-11,DOUAI,OUI,5202,09:04,NORD,MASSY TGV,JCNORDAQUI,FRDJU,06:37,FRXDN
4476,2023-06-11,DOUAI,OUI,5202,08:22,NORD,MARNE LA VALLEE CHESSY,JCNORDAQUI,FRMLV,06:37,FRXDN
4477,2023-06-11,DOUAI,OUI,5202,07:18,NORD,TGV HAUTE PICARDIE,JCNORDAQUI,FRTHP,06:37,FRXDN
4478,2023-06-11,PARIS (intramuros),NON,9215,18:26,INTERNATIONAL,ZUERICH HB,PABALZUR,CHAJD,14:20,FRPLY
4479,2023-06-11,MORLAIX,OUI,8639,21:38,ATLANTIQUE,BREST,PARISBRETA,FRBES,21:05,FRMXN
4480,2023-06-11,PARIS (intramuros),NON,8639,20:33,ATLANTIQUE,GUINGAMP,PARISBRETA,FRGGP,17:56,FRPMO
4481,2023-06-11,PARIS (intramuros),NON,8639,21:03,ATLANTIQUE,MORLAIX,PARISBRETA,FRMXN,17:56,FRPMO
4482,2023-06-11,RENNES,OUI,8639,21:03,ATLANTIQUE,MORLAIX,PARISBRETA,FRMXN,19:32,FRRNS
4483,2023-06-11,RENNES,OUI,8639,20:16,ATLANTIQUE,ST BRIEUC,PARISBRETA,FRSBK,19:32,FRRNS
4484,2023-06-11,ST BRIEUC,OUI,8639,21:38,ATLANTIQUE,BREST,PARISBRETA,FRBES,20:19,FRSBK
4485,2023-06-11,ST BRIEUC,OUI,8639,20:33,ATLANTIQUE,GUINGAMP,PARISBRETA,FRGGP,20:19,FRSBK
4486,2023-06-11,ANGERS ST LAUD,NON,8814,16:12,ATLANTIQUE,PARIS (intramuros),LOIREPARIS,FRPMO,14:45,FRACL
4487,2023-06-11,ZUERICH HB,NON,9222,17:38,INTERNATIONAL,PARIS (intramuros),ZURBALPA,FRPLY,13:34,CHAJD
4488,2023-06-11,BASEL SBB,NON,9222,14:53,INTERNATIONAL,MULHOUSE VILLE,ZURBALPA,FRAEK,14:34,CHAJP
4489,2023-06-11,AVIGNON TGV,NON,6111,14:56,SUD EST,MARSEILLE ST CHARLES,PAPROVENCE,FRMSC,14:20,FRAVG
4490,2023-06-11,BEZIERS,NON,6873,19:51,SUD EST,LYON (intramuros),JCSUDPROV,FRLPD,17:15,FRBZR
4491,2023-06-11,NIMES,NON,6873,19:51,SUD EST,LYON (intramuros),JCSUDPROV,FRLPD,18:26,FRFNI
4492,2023-06-11,SETE,NON,6873,18:23,SUD EST,NIMES,JCSUDPROV,FRFNI,17:39,FRXSY
4493,2023-06-11,TOULOUSE MATABIAU,OUI,6873,17:55,SUD EST,MONTPELLIER SAINT-ROCH,JCSUDPROV,FRMPL,15:43,FRXYT
4494,2023-06-11,TOULOUSE MATABIAU,NON,6873,19:10,SUD EST,VALENCE TGV RHONE-ALPES SUD,JCSUDPROV,FRVLA,15:43,FRXYT
4495,2023-06-11,TOULOUSE MATABIAU,OUI,6873,16:56,SUD EST,NARBONNE,JCSUDPROV,FRXNA,15:43,FRXYT
4496,2023-06-11,POITIERS,OUI,8342,16:41,ATLANTIQUE,CHATELLERAULT,ROCHELLEPA,FRXCX,16:19,FRPIS
4497,2023-06-11,FUTUROSCOPE,NON,8342,17:43,ATLANTIQUE,VENDOME VILLIERS SUR LOIR,ROCHELLEPA,FRESL,16:30,FRTGO
4498,2023-06-11,VENDOME VILLIERS SUR LOIR,OUI,8331,09:07,ATLANTIQUE,CHATELLERAULT,PAROCHELLE,FRXCX,08:15,FRESL
4499,2023-06-11,RETHEL,NON,2720,09:31,EST,PARIS (intramuros),SEDBARPA,FRPST,08:18,FRBDT
4500,2023-06-11,CHARLEVILLE MEZIERES,OUI,2720,08:39,EST,REIMS,SEDBARPA,FRRHE,07:47,FRXCZ
4501,2023-06-11,ANGERS ST LAUD,NON,5288,19:35,NORD,LILLE (intramuros),JCBRETNORD,FRLLE,16:02,FRACL
4502,2023-06-11,ANGERS ST LAUD,NON,5288,18:37,NORD,AEROPORT CDG2 TGV ROISSY,JCBRETNORD,FRMLW,16:02,FRACL
4503,2023-06-11,LE MANS,NON,5288,19:35,NORD,LILLE (intramuros),JCBRETNORD,FRLLE,16:57,FRAET
4504,2023-06-11,NANTES,NON,5288,19:35,NORD,LILLE (intramuros),JCBRETNORD,FRLLE,15:18,FRNTE
4505,2023-06-11,AGEN,OUI,4659,12:06,IC ARO,MONTAUBAN VILLE BOURBON,TJOURSOSE,FRXMW,11:31,FRAGF
4506,2023-06-11,AGEN,NON,4659,13:58,IC ARO,NARBONNE,TJOURSOSE,FRXNA,11:31,FRAGF
4507,2023-06-11,BORDEAUX ST JEAN,NON,4659,16:37,IC ARO,MARSEILLE ST CHARLES,TJOURSOSE,FRMSC,10:27,FRBOJ
4508,2023-06-11,BORDEAUX ST JEAN,NON,4659,13:58,IC ARO,NARBONNE,TJOURSOSE,FRXNA,10:27,FRBOJ
4509,2023-06-11,CARCASSONNE,NON,4659,14:14,IC ARO,BEZIERS,TJOURSOSE,FRBZR,13:29,FRCCF
4510,2023-06-11,CARCASSONNE,NON,4659,13:58,IC ARO,NARBONNE,TJOURSOSE,FRXNA,13:29,FRCCF
4511,2023-06-11,NIMES,NON,4659,16:37,IC ARO,MARSEILLE ST CHARLES,TJOURSOSE,FRMSC,15:23,FRFNI
4512,2023-06-11,MONTPELLIER SAINT-ROCH,NON,4659,15:20,IC ARO,NIMES,TJOURSOSE,FRFNI,14:56,FRMPL
4513,2023-06-11,MONTPELLIER SAINT-ROCH,NON,4659,16:37,IC ARO,MARSEILLE ST CHARLES,TJOURSOSE,FRMSC,14:56,FRMPL
4514,2023-06-11,MONTAUBAN VILLE BOURBON,OUI,4659,12:40,IC ARO,TOULOUSE MATABIAU,TJOURSOSE,FRXYT,12:08,FRXMW
4515,2023-06-11,MASSY TGV,NON,12265,16:14,ATLANTIQUE,BORDEAUX ST JEAN,PASUDOUEST,FRBOJ,14:15,FRDJU
4516,2023-06-11,RETHEL,OUI,2751,20:11,EST,CHARLEVILLE MEZIERES,PABARSED,FRXCZ,19:43,FRBDT
4517,2023-06-11,PARIS (intramuros),NON,8517,21:03,ATLANTIQUE,MONTAUBAN VILLE BOURBON,PASUDOUEST,FRXMW,17:06,FRPMO
4518,2023-06-11,PARIS (intramuros),NON,2513,17:44,EST,NANCY,PANANCY,FRENC,16:07,FRPST
4519,2023-06-11,NIORT,OUI,8371,09:44,ATLANTIQUE,LA ROCHELLE VILLE,PAROCHELLE,FRLRH,09:03,FRNIT
4520,2023-06-11,POITIERS,OUI,8371,09:44,ATLANTIQUE,LA ROCHELLE VILLE,PAROCHELLE,FRLRH,08:14,FRPIS
4521,2023-06-11,PARIS (intramuros),OUI,8371,09:00,ATLANTIQUE,NIORT,PAROCHELLE,FRNIT,06:47,FRPMO
4522,2023-06-11,METZ VILLE,OUI,5521,07:13,EST,COLMAR,JCRHINRHON,FRAEJ,05:46,FRADE
4523,2023-06-11,METZ VILLE,NON,5521,08:14,EST,BELFORT-MONTBELIARD TGV,JCRHINRHON,FRTJA,05:46,FRADE
4524,2023-06-11,STRASBOURG,OUI,5521,07:48,EST,MULHOUSE VILLE,JCRHINRHON,FRAEK,06:47,FRAEG
4525,2023-06-11,STRASBOURG,NON,5521,10:56,EST,LYON (intramuros),JCRHINRHON,FRLPD,06:47,FRAEG
4526,2023-06-11,STRASBOURG,NON,5521,08:38,EST,BESANCON - F COMTE TGV,JCRHINRHON,FRTJB,06:47,FRAEG
4527,2023-06-11,MULHOUSE VILLE,NON,5521,12:24,EST,NIMES,JCRHINRHON,FRFNI,07:52,FRAEK
4528,2023-06-11,LYON (intramuros),NON,5521,12:55,EST,MONTPELLIER SAINT-ROCH,JCRHINRHON,FRMPL,11:02,FRLPD
4529,2023-06-11,BELFORT-MONTBELIARD TGV,NON,5521,12:24,EST,NIMES,JCRHINRHON,FRFNI,08:17,FRTJA
4530,2023-06-11,BELFORT-MONTBELIARD TGV,NON,5521,10:56,EST,LYON (intramuros),JCRHINRHON,FRLPD,08:17,FRTJA
4531,2023-06-11,BESANCON - F COMTE TGV,NON,5521,09:11,EST,DIJON VILLE,JCRHINRHON,FRABA,08:41,FRTJB
4532,2023-06-11,CHALON SUR SAONE,NON,5521,10:56,EST,LYON (intramuros),JCRHINRHON,FRLPD,09:56,FRXCD
4533,2023-06-11,NIORT,NON,8388,20:36,ATLANTIQUE,ST PIERRE DES CORPS,ROCHELLEPA,FRXSH,19:15,FRNIT
4534,2023-06-11,ANGERS ST LAUD,NON,8930,22:25,ATLANTIQUE,PARIS (intramuros),LOIREPARIS,FRPMO,20:44,FRACL
4535,2023-06-11,PORNICHET,NON,8930,20:41,ATLANTIQUE,ANGERS ST LAUD,LOIREPARIS,FRACL,19:11,FREGR
4536,2023-06-11,PORNICHET,OUI,8930,19:21,ATLANTIQUE,ST NAZAIRE,LOIREPARIS,FRSNR,19:11,FREGR
4537,2023-06-11,LE POULIGUEN,OUI,8930,19:08,ATLANTIQUE,PORNICHET,LOIREPARIS,FREGR,18:56,FREGS
4538,2023-06-11,LE POULIGUEN,OUI,8930,19:59,ATLANTIQUE,NANTES,LOIREPARIS,FRNTE,18:56,FREGS
4539,2023-06-11,LE CROISIC,OUI,8930,19:21,ATLANTIQUE,ST NAZAIRE,LOIREPARIS,FRSNR,18:48,FREGU
4540,2023-06-11,LA BAULE ESCOUBLAC,NON,8930,20:41,ATLANTIQUE,ANGERS ST LAUD,LOIREPARIS,FRACL,19:04,FRJEE
4541,2023-06-11,ST NAZAIRE,NON,8930,22:25,ATLANTIQUE,PARIS (intramuros),LOIREPARIS,FRPMO,19:24,FRSNR
4542,2023-06-11,DIJON VILLE,NON,6703,11:29,SUD EST,BESANCON - F COMTE TGV,PABOUR,FRTJB,11:02,FRABA
4543,2023-06-11,PARIS (intramuros),NON,6703,11:53,SUD EST,BELFORT-MONTBELIARD TGV,PABOUR,FRTJA,09:16,FRPLY
4544,2023-06-11,PARIS (intramuros),NON,6703,11:29,SUD EST,BESANCON - F COMTE TGV,PABOUR,FRTJB,09:16,FRPLY
4545,2023-06-11,AVIGNON TGV,NON,6180,22:38,SUD EST,PARIS (intramuros),AZURPA,FRPLY,19:58,FRAVG
4546,2023-06-11,LES ARCS DRAGUIGNAN,NON,6180,22:38,SUD EST,PARIS (intramuros),AZURPA,FRPLY,18:10,FRXRS
4547,2023-06-11,UZERCHE,NON,3656,16:23,IC ARO,ISSOUDUN,TOULOUZECO,FRFMN,14:17,FRAAW
4548,2023-06-11,UZERCHE,NON,3656,16:46,IC ARO,VIERZON VILLE,TOULOUZECO,FRXVZ,14:17,FRAAW
4549,2023-06-11,LIMOGES BENEDICTINS,NON,3656,16:23,IC ARO,ISSOUDUN,TOULOUZECO,FRFMN,14:56,FRAGQ
4550,2023-06-11,BRIVE LA GAILLARDE,OUI,3656,14:16,IC ARO,UZERCHE,TOULOUZECO,FRAAW,13:52,FRBVE
4551,2023-06-11,CHATEAUROUX,NON,3656,18:24,IC ARO,PARIS (intramuros),TOULOUZECO,FRPAZ,16:08,FRCHR
4552,2023-06-11,CHATEAUROUX,NON,3656,16:46,IC ARO,VIERZON VILLE,TOULOUZECO,FRXVZ,16:08,FRCHR
4553,2023-06-11,GOURDON,OUI,3656,14:53,IC ARO,LIMOGES BENEDICTINS,TOULOUZECO,FRAGQ,13:08,FRFSI
4554,2023-06-11,GOURDON,OUI,3656,13:49,IC ARO,BRIVE LA GAILLARDE,TOULOUZECO,FRBVE,13:08,FRFSI
4555,2023-06-11,GOURDON,NON,3656,18:24,IC ARO,PARIS (intramuros),TOULOUZECO,FRPAZ,13:08,FRFSI
4556,2023-06-11,LA SOUTERRAINE,OUI,3656,16:06,IC ARO,CHATEAUROUX,TOULOUZECO,FRCHR,15:31,FRLST
4557,2023-06-11,CAHORS,OUI,3656,14:16,IC ARO,UZERCHE,TOULOUZECO,FRAAW,12:41,FRZAO
4558,2023-06-11,CAHORS,OUI,3656,13:06,IC ARO,GOURDON,TOULOUZECO,FRFSI,12:41,FRZAO
4559,2023-06-11,MONTPELLIER SUD DE FRANCE,NON,6052,20:50,SUD EST,VALENCE TGV RHONE-ALPES SUD,LANGPA,FRVLA,19:52,FRSUF
4560,2023-06-11,MONTPELLIER SUD DE FRANCE,NON,6052,23:05,SUD EST,PARIS (intramuros),LANGPA,FRPLY,19:52,FRSUF
4561,2023-06-11,BORDEAUX ST JEAN,NON,8589,00:27,ATLANTIQUE,PARIS (intramuros),SUDOUESTPA,FRPMO,22:19,FRBOJ
4562,2023-06-11,LOURDES,NON,8589,00:27,ATLANTIQUE,PARIS (intramuros),SUDOUESTPA,FRPMO,19:43,FRLDE
4563,2023-06-11,TARBES,NON,8589,00:27,ATLANTIQUE,PARIS (intramuros),SUDOUESTPA,FRPMO,19:26,FRXTB
4564,2023-06-11,PARIS (intramuros),OUI,7189,20:58,NORD,DOUAI,PAARRAS,FRXDN,19:52,FRPNO
4565,2023-06-11,CANNES,OUI,6175,15:57,SUD EST,NICE VILLE,PAAZUR,FRNIC,15:30,FRJCA
4566,2023-06-11,MARSEILLE ST CHARLES,OUI,6175,15:25,SUD EST,CANNES,PAAZUR,FRJCA,13:28,FRMSC
4567,2023-06-11,PARIS (intramuros),NON,6175,14:11,SUD EST,TOULON,PAAZUR,FRTLN,10:08,FRPLY
4568,2023-06-11,BREST,OUI,8636,17:44,ATLANTIQUE,LAMBALLE,BRETAPARIS,FRLAM,16:14,FRBES
4569,2023-06-11,BREST,OUI,8636,16:44,ATLANTIQUE,MORLAIX,BRETAPARIS,FRMXN,16:14,FRBES
4570,2023-06-11,BREST,NON,8636,18:25,ATLANTIQUE,RENNES,BRETAPARIS,FRRNS,16:14,FRBES
4571,2023-06-11,BREST,OUI,8636,17:31,ATLANTIQUE,ST BRIEUC,BRETAPARIS,FRSBK,16:14,FRBES
4572,2023-06-11,GUINGAMP,NON,8636,19:01,ATLANTIQUE,LAVAL,BRETAPARIS,FRACR,17:16,FRGGP
4573,2023-06-11,MORLAIX,OUI,8636,17:14,ATLANTIQUE,GUINGAMP,BRETAPARIS,FRGGP,16:47,FRMXN
4574,2023-06-11,RENNES,NON,8636,20:20,ATLANTIQUE,PARIS (intramuros),BRETAPARIS,FRPMO,18:35,FRRNS
4575,2023-06-11,METZ VILLE,OUI,9877,10:41,EST,BESANCON - F COMTE TGV,JCRHINRHON,FRTJB,08:08,FRADE
4576,2023-06-11,STRASBOURG,NON,9877,14:25,EST,AVIGNON TGV,JCRHINRHON,FRAVG,09:03,FRAEG
4577,2023-06-11,STRASBOURG,NON,9877,12:19,EST,MACON VILLE,JCRHINRHON,FRHGU,09:03,FRAEG
4578,2023-06-11,MULHOUSE VILLE,NON,9877,14:25,EST,AVIGNON TGV,JCRHINRHON,FRAVG,09:57,FRAEK
4579,2023-06-11,MULHOUSE VILLE,NON,9877,12:19,EST,MACON VILLE,JCRHINRHON,FRHGU,09:57,FRAEK
4580,2023-06-11,MACON VILLE,NON,9877,15:06,EST,MARSEILLE ST CHARLES,JCRHINRHON,FRMSC,12:22,FRHGU
4581,2023-06-11,BELFORT-MONTBELIARD TGV,NON,9877,14:25,EST,AVIGNON TGV,JCRHINRHON,FRAVG,10:21,FRTJA
4582,2023-06-11,BESANCON - F COMTE TGV,NON,9877,14:49,EST,AIX EN PROVENCE TGV,JCRHINRHON,FRAIE,10:44,FRTJB
4583,2023-06-11,VALENCE TGV RHONE-ALPES SUD,NON,9877,14:25,EST,AVIGNON TGV,JCRHINRHON,FRAVG,13:51,FRVLA
4584,2023-06-11,PARIS (intramuros),NON,6617,15:10,SUD EST,LE CREUSOT MONTCEAU MONTCHANIN,PARISRHONE,FRXCC,13:50,FRPLY
4585,2023-06-11,LE CREUSOT MONTCEAU MONTCHANIN,NON,6617,15:56,SUD EST,LYON (intramuros),PARISRHONE,FRLPD,15:13,FRXCC
4586,2023-06-11,LE CREUSOT MONTCEAU MONTCHANIN,NON,6617,16:10,SUD EST,LYON (intramuros),PARISRHONE,FRLPE,15:13,FRXCC
4587,2023-06-11,LOURDES,NON,3740,07:04,IC NUIT,PARIS (intramuros),PALOMBEPAR,FRPAZ,19:57,FRLDE
4588,2023-06-11,LE POULIGUEN,OUI,8916,11:59,ATLANTIQUE,NANTES,LOIREPARIS,FRNTE,10:56,FREGS
4589,2023-06-11,LA BAULE ESCOUBLAC,OUI,8916,11:21,ATLANTIQUE,ST NAZAIRE,LOIREPARIS,FRSNR,11:04,FRJEE
4590,2023-06-11,CLERMONT FERRAND,NON,5978,17:58,IC ARO,NEVERS,CLERMONTPA,FRNVS,16:31,FRCFE
4591,2023-06-11,NEVERS,NON,5978,19:57,IC ARO,PARIS (intramuros),CLERMONTPA,FRPLY,18:00,FRNVS
4592,2023-06-11,VICHY,NON,5978,17:58,IC ARO,NEVERS,CLERMONTPA,FRNVS,17:06,FRVHY
4593,2023-06-11,MASSY TGV,OUI,5380,10:02,SUD EST,LAVAL,JCSUDATL,FRACR,08:39,FRDJU
4594,2023-06-11,LYON (intramuros),OUI,5380,09:30,SUD EST,LE MANS,JCSUDATL,FRAET,06:30,FRLPD
4595,2023-06-11,MACON LOCHE TGV,NON,6941,15:36,SUD EST,CHAMBERY CHALLES LES EAUX,PARISALPES,FRCMF,14:20,FRMLT
4596,2023-06-11,LYON (intramuros),OUI,6616,11:58,SUD EST,LYON (intramuros),RHONEPARIS,FRLPD,11:50,FRLPE
4597,2023-06-11,BEDARIEUX,NON,15945,19:34,IC SRO,MAGALAS,NORESTJOU,FRIMK,19:15,FRIMH
4598,2023-06-11,NIORT,NON,8389,19:57,ATLANTIQUE,LA ROCHELLE VILLE,PAROCHELLE,FRLRH,19:21,FRNIT
4599,2023-06-11,PARIS (intramuros),OUI,8389,18:31,ATLANTIQUE,POITIERS,PAROCHELLE,FRPIS,16:57,FRPMO
4600,2023-06-11,PARIS (intramuros),OUI,8389,18:13,ATLANTIQUE,CHATELLERAULT,PAROCHELLE,FRXCX,16:57,FRPMO
4601,2023-06-11,KAISERSLAUTERN HBF,NON,9557,22:17,INTERNATIONAL,MANNHEIM HBF,PAFRANC,DEMHG,21:37,DEKLT
4602,2023-06-11,SARREBRUCK/SAARBRUECKEN,NON,9557,23:16,INTERNATIONAL,FRANKFURT MAIN HBF,PAFRANC,DEFRH,20:59,DESBK
4603,2023-06-11,FORBACH,NON,9557,20:57,INTERNATIONAL,SARREBRUCK/SAARBRUECKEN,PAFRANC,DESBK,20:49,FRBQT
4604,2023-06-11,PARIS (intramuros),NON,9557,23:16,INTERNATIONAL,FRANKFURT MAIN HBF,PAFRANC,DEFRH,19:07,FRPST
4605,2023-06-11,PARIS (intramuros),NON,9557,20:57,INTERNATIONAL,SARREBRUCK/SAARBRUECKEN,PAFRANC,DESBK,19:07,FRPST
4606,2023-06-11,PERPIGNAN,NON,6260,19:27,SUD EST,SETE,LANGPA,FRXSY,18:04,FRPGF
4607,2023-06-11,AGDE,NON,6260,23:05,SUD EST,PARIS (intramuros),LANGPA,FRPLY,19:14,FRXAG
4608,2023-06-11,AGDE,NON,6260,19:27,SUD EST,SETE,LANGPA,FRXSY,19:14,FRXAG
4609,2023-06-11,NARBONNE,NON,6260,20:50,SUD EST,VALENCE TGV RHONE-ALPES SUD,LANGPA,FRVLA,18:43,FRXNA
4610,2023-06-11,NARBONNE,NON,6260,19:27,SUD EST,SETE,LANGPA,FRXSY,18:43,FRXNA
4611,2023-06-11,MONTPELLIER SUD DE FRANCE,NON,6260,23:05,SUD EST,PARIS (intramuros),LANGPA,FRPLY,19:52,FRSUF
4612,2023-06-11,BEZIERS,NON,6260,19:45,SUD EST,MONTPELLIER SUD DE FRANCE,LANGPA,FRSUF,19:00,FRBZR
4613,2023-06-11,MONTPELLIER SUD DE FRANCE,NON,6260,20:10,SUD EST,NIMES PONT DU GARD,LANGPA,FRXZP,19:52,FRSUF
4614,2023-06-11,SETE,NON,6260,20:10,SUD EST,NIMES PONT DU GARD,LANGPA,FRXZP,19:30,FRXSY
4615,2023-06-11,ORTHEZ,NON,14157,21:22,IC SRO,BIARRITZ,SUDOUEST,FRBIQ,20:15,FRGFI
4616,2023-06-11,ORTHEZ,NON,14157,21:04,IC SRO,BAYONNE,SUDOUEST,FRXBY,20:15,FRGFI
4617,2023-06-11,ORTHEZ,NON,14157,21:36,IC SRO,ST JEAN DE LUZ CIBOURE,SUDOUEST,FRXJZ,20:15,FRGFI
4618,2023-06-11,LOURDES,NON,14157,19:49,IC SRO,PAU,SUDOUEST,FRAEE,19:23,FRLDE
4619,2023-06-11,TARBES,NON,14157,21:22,IC SRO,BIARRITZ,SUDOUEST,FRBIQ,19:07,FRXTB
4620,2023-06-11,TARBES,NON,14157,20:13,IC SRO,ORTHEZ,SUDOUEST,FRGFI,19:07,FRXTB
4621,2023-06-11,TOULOUSE MATABIAU,NON,14157,19:04,IC SRO,TARBES,SUDOUEST,FRXTB,17:25,FRXYT
4622,2023-06-11,LANNEMEZAN,NON,14157,21:36,IC SRO,ST JEAN DE LUZ CIBOURE,SUDOUEST,FRXJZ,18:41,FRLNZ
4623,2023-06-11,LANNEMEZAN,NON,14157,21:22,IC SRO,BIARRITZ,SUDOUEST,FRBIQ,18:41,FRLNZ
4624,2023-06-11,LYON (intramuros),NON,6825,21:34,SUD EST,CARCASSONNE,JCPROVSUD,FRCCF,18:09,FRLPD
4625,2023-06-11,LYON (intramuros),NON,6825,18:48,SUD EST,VALENCE TGV RHONE-ALPES SUD,JCPROVSUD,FRVLA,18:09,FRLPD
4626,2023-06-11,LYON (intramuros),NON,6825,20:23,SUD EST,SETE,JCPROVSUD,FRXSY,18:09,FRLPD
4627,2023-06-11,VALENCE TGV RHONE-ALPES SUD,NON,6825,21:34,SUD EST,CARCASSONNE,JCPROVSUD,FRCCF,18:53,FRVLA
4628,2023-06-11,SETE,OUI,6825,21:04,SUD EST,NARBONNE,JCPROVSUD,FRXNA,20:26,FRXSY
4629,2023-06-11,SETE,OUI,6825,22:19,SUD EST,TOULOUSE MATABIAU,JCPROVSUD,FRXYT,20:26,FRXSY
4630,2023-06-11,ST MAIXENT DEUX SEVRES,OUI,8395,23:08,ATLANTIQUE,SURGERES,PAROCHELLE,FREIP,22:31,FREJC
4631,2023-06-11,ST MAIXENT DEUX SEVRES,OUI,8395,23:31,ATLANTIQUE,LA ROCHELLE VILLE,PAROCHELLE,FRLRH,22:31,FREJC
4632,2023-06-11,POITIERS,OUI,8395,22:29,ATLANTIQUE,ST MAIXENT DEUX SEVRES,PAROCHELLE,FREJC,21:49,FRPIS
4633,2023-06-11,BEZIERS,OUI,6206,16:13,SUD EST,NIMES,LANGPA,FRFNI,14:57,FRBZR
4634,2023-06-11,MONTPELLIER SAINT-ROCH,OUI,6206,16:13,SUD EST,NIMES,LANGPA,FRFNI,15:48,FRMPL
4635,2023-06-11,PERPIGNAN,OUI,6206,14:54,SUD EST,BEZIERS,LANGPA,FRBZR,14:04,FRPGF
4636,2023-06-11,PERPIGNAN,OUI,6206,16:13,SUD EST,NIMES,LANGPA,FRFNI,14:04,FRPGF
4637,2023-06-11,PERPIGNAN,OUI,6206,15:42,SUD EST,MONTPELLIER SAINT-ROCH,LANGPA,FRMPL,14:04,FRPGF
4638,2023-06-11,PERPIGNAN,NON,6206,17:01,SUD EST,VALENCE TGV RHONE-ALPES SUD,LANGPA,FRVLA,14:04,FRPGF
4639,2023-06-11,PERPIGNAN,OUI,6206,15:08,SUD EST,AGDE,LANGPA,FRXAG,14:04,FRPGF
4640,2023-06-11,PERPIGNAN,OUI,6206,14:38,SUD EST,NARBONNE,LANGPA,FRXNA,14:04,FRPGF
4641,2023-06-11,AGDE,OUI,6206,16:13,SUD EST,NIMES,LANGPA,FRFNI,15:11,FRXAG
4642,2023-06-11,AGDE,OUI,6206,15:42,SUD EST,MONTPELLIER SAINT-ROCH,LANGPA,FRMPL,15:11,FRXAG
4643,2023-06-11,SETE,OUI,6206,15:42,SUD EST,MONTPELLIER SAINT-ROCH,LANGPA,FRMPL,15:27,FRXSY
4644,2023-06-11,SETE,NON,6206,19:18,SUD EST,PARIS (intramuros),LANGPA,FRPLY,15:27,FRXSY
4645,2023-06-11,SETE,NON,6206,17:01,SUD EST,VALENCE TGV RHONE-ALPES SUD,LANGPA,FRVLA,15:27,FRXSY
4646,2023-06-11,DIJON VILLE,NON,6708,20:42,SUD EST,PARIS (intramuros),BOURPA,FRPLY,19:06,FRABA
4647,2023-06-11,BELFORT-MONTBELIARD TGV,NON,6708,19:02,SUD EST,DIJON VILLE,BOURPA,FRABA,18:11,FRTJA
4648,2023-06-11,BESANCON - F COMTE TGV,NON,6708,19:02,SUD EST,DIJON VILLE,BOURPA,FRABA,18:34,FRTJB
4649,2023-06-11,BESANCON - F COMTE TGV,NON,6708,20:42,SUD EST,PARIS (intramuros),BOURPA,FRPLY,18:34,FRTJB
4650,2023-06-11,LUCON,NON,3833,16:08,IC SRO,BORDEAUX ST JEAN,NANTEBORDO,FRBOJ,13:00,FRLCN
4651,2023-06-11,LUCON,NON,3833,13:39,IC SRO,LA ROCHELLE VILLE,NANTEBORDO,FRLRH,13:00,FRLCN
4652,2023-06-11,LA ROCHELLE VILLE,NON,3833,15:10,IC SRO,JONZAC,NANTEBORDO,FREMR,13:43,FRLRH
4653,2023-06-11,NANTES,NON,3833,12:35,IC SRO,LA ROCHE SUR YON,NANTEBORDO,FRXRO,11:55,FRNTE
4654,2023-06-11,LE MANS,NON,5320,19:19,SUD EST,MASSY TGV,JCATLSUD,FRDJU,18:30,FRAET
4655,2023-06-11,LE MANS,NON,5320,21:30,SUD EST,LYON (intramuros),JCATLSUD,FRLPD,18:30,FRAET
4656,2023-06-11,LE MANS,NON,5320,21:47,SUD EST,LYON (intramuros),JCATLSUD,FRLPE,18:30,FRAET
4657,2023-06-11,NANTES,NON,5320,21:47,SUD EST,LYON (intramuros),JCATLSUD,FRLPE,17:05,FRNTE
4658,2023-06-11,LAUSANNE,NON,9784,20:21,INTERNATIONAL,GENEVE,GENEVEPA,CHGVA,19:45,CHAJF
4659,2023-06-11,LAUSANNE,NON,9784,23:45,INTERNATIONAL,PARIS (intramuros),GENEVEPA,FRPLY,19:45,CHAJF
4660,2023-06-11,REIMS,OUI,2765,22:39,EST,RETHEL,PABARSED,FRBDT,22:19,FRRHE
4661,2023-06-11,ANGOULEME,NON,5284,14:16,NORD,POITIERS,JCAQUINORD,FRPIS,13:36,FRANG
4662,2023-06-11,BORDEAUX ST JEAN,NON,5284,16:27,NORD,MARNE LA VALLEE CHESSY,JCAQUINORD,FRMLV,12:58,FRBOJ
4663,2023-06-11,BORDEAUX ST JEAN,NON,5284,14:16,NORD,POITIERS,JCAQUINORD,FRPIS,12:58,FRBOJ
4664,2023-06-11,MASSY TGV,NON,5284,17:57,NORD,LILLE (intramuros),JCAQUINORD,FRLLE,15:55,FRDJU
4665,2023-06-11,POITIERS,NON,5284,14:50,NORD,ST PIERRE DES CORPS,JCAQUINORD,FRXSH,14:19,FRPIS
4666,2023-06-11,PARIS (intramuros),NON,2815,12:27,EST,THIONVILLE,PAMETZLUX,FRXTH,10:40,FRPST
4667,2023-06-11,MULHOUSE VILLE,NON,6706,16:56,SUD EST,DIJON VILLE,BOURPA,FRABA,15:40,FRAEK
4668,2023-06-11,MULHOUSE VILLE,NON,6706,16:25,SUD EST,BESANCON - F COMTE TGV,BOURPA,FRTJB,15:40,FRAEK
4669,2023-06-11,MONTBARD,NON,6706,18:43,SUD EST,PARIS (intramuros),BOURPA,FRPLY,17:38,FRGWE
4670,2023-06-11,BESANCON - F COMTE TGV,NON,6706,17:35,SUD EST,MONTBARD,BOURPA,FRGWE,16:28,FRTJB
4671,2023-06-11,FREIBURG BREISGAU HBF,OUI,9408,08:13,EST,STRASBOURG,MULHSTRAPA,FRAEG,07:08,DEFGB
4672,2023-06-11,LAHR SCHWARZW,OUI,9408,07:49,EST,OFFENBOURG/OFFENBURG,MULHSTRAPA,DEZPA,07:37,DEANL
4673,2023-06-11,FREIBURG BREISGAU HBF,OUI,9408,07:36,EST,LAHR SCHWARZW,MULHSTRAPA,DEANL,07:08,DEFGB
4674,2023-06-11,RINGSHEIM/EU-PARK,OUI,9408,07:36,EST,LAHR SCHWARZW,MULHSTRAPA,DEANL,07:28,DERSH
4675,2023-06-11,RINGSHEIM/EU-PARK,OUI,9408,07:49,EST,OFFENBOURG/OFFENBURG,MULHSTRAPA,DEZPA,07:28,DERSH
4676,2023-06-11,LIMOGES BENEDICTINS,NON,3645,19:46,IC ARO,GOURDON,PALITO,FRFSI,18:05,FRAGQ
4677,2023-06-11,LIMOGES BENEDICTINS,NON,3645,20:13,IC ARO,CAHORS,PALITO,FRZAO,18:05,FRAGQ
4678,2023-06-11,BRIVE LA GAILLARDE,OUI,3645,20:54,IC ARO,MONTAUBAN VILLE BOURBON,PALITO,FRXMW,19:08,FRBVE
4679,2023-06-11,BRIVE LA GAILLARDE,OUI,3645,21:27,IC ARO,TOULOUSE MATABIAU,PALITO,FRXYT,19:08,FRBVE
4680,2023-06-11,GOURDON,OUI,3645,20:39,IC ARO,CAUSSADE TARN ET GARONNE,PALITO,FRFTA,19:47,FRFSI
4681,2023-06-11,GOURDON,OUI,3645,21:27,IC ARO,TOULOUSE MATABIAU,PALITO,FRXYT,19:47,FRFSI
4682,2023-06-11,LES AUBRAIS ORLEANS,NON,3645,18:02,IC ARO,LIMOGES BENEDICTINS,PALITO,FRAGQ,15:40,FRLAB
4683,2023-06-11,LES AUBRAIS ORLEANS,NON,3645,16:48,IC ARO,CHATEAUROUX,PALITO,FRCHR,15:40,FRLAB
4684,2023-06-11,LES AUBRAIS ORLEANS,NON,3645,19:31,IC ARO,SOUILLAC,PALITO,FRSOU,15:40,FRLAB
4685,2023-06-11,LA SOUTERRAINE,NON,3645,18:02,IC ARO,LIMOGES BENEDICTINS,PALITO,FRAGQ,17:27,FRLST
4686,2023-06-11,LA SOUTERRAINE,NON,3645,19:06,IC ARO,BRIVE LA GAILLARDE,PALITO,FRBVE,17:27,FRLST
4687,2023-06-11,LA SOUTERRAINE,NON,3645,20:13,IC ARO,CAHORS,PALITO,FRZAO,17:27,FRLST
4688,2023-06-11,PARIS (intramuros),NON,3645,19:06,IC ARO,BRIVE LA GAILLARDE,PALITO,FRBVE,14:35,FRPAZ
4689,2023-06-11,PARIS (intramuros),NON,3645,16:15,IC ARO,VIERZON VILLE,PALITO,FRXVZ,14:35,FRPAZ
4690,2023-06-11,SOUILLAC,OUI,3645,20:39,IC ARO,CAUSSADE TARN ET GARONNE,PALITO,FRFTA,19:32,FRSOU
4691,2023-06-11,SOUILLAC,OUI,3645,20:54,IC ARO,MONTAUBAN VILLE BOURBON,PALITO,FRXMW,19:32,FRSOU
4692,2023-06-11,SOUILLAC,OUI,3645,20:13,IC ARO,CAHORS,PALITO,FRZAO,19:32,FRSOU
4693,2023-06-11,MONTAUBAN VILLE BOURBON,OUI,3645,21:27,IC ARO,TOULOUSE MATABIAU,PALITO,FRXYT,20:55,FRXMW
4694,2023-06-11,VIERZON VILLE,NON,3645,20:13,IC ARO,CAHORS,PALITO,FRZAO,16:17,FRXVZ
4695,2023-06-11,VIERZON VILLE,NON,3645,20:39,IC ARO,CAUSSADE TARN ET GARONNE,PALITO,FRFTA,16:17,FRXVZ
4696,2023-06-11,LA SOUTERRAINE,NON,3645,20:54,IC ARO,MONTAUBAN VILLE BOURBON,PALITO,FRXMW,17:27,FRLST
4697,2023-06-11,DAX,NON,8541,16:03,ATLANTIQUE,BAYONNE,PASUDOUEST,FRXBY,15:32,FRACG
4698,2023-06-11,BORDEAUX ST JEAN,NON,8541,16:03,ATLANTIQUE,BAYONNE,PASUDOUEST,FRXBY,14:21,FRBOJ
4699,2023-06-11,BAYONNE,OUI,8541,16:16,ATLANTIQUE,BIARRITZ,PASUDOUEST,FRBIQ,16:06,FRXBY
4700,2023-06-11,DIJON VILLE,OUI,9896,20:16,EST,BESANCON - F COMTE TGV,JCRHONRHIN,FRTJB,19:49,FRABA
4701,2023-06-11,AIX EN PROVENCE TGV,OUI,9896,16:30,EST,AVIGNON TGV,JCRHONRHIN,FRAVG,16:11,FRAIE
4702,2023-06-11,AIX EN PROVENCE TGV,NON,9896,17:51,EST,LYON (intramuros),JCRHONRHIN,FRLPD,16:11,FRAIE
4703,2023-06-11,AVIGNON TGV,NON,9896,22:07,EST,STRASBOURG,JCRHONRHIN,FRAEG,16:33,FRAVG
4704,2023-06-11,LYON (intramuros),NON,9896,23:02,EST,METZ VILLE,JCRHONRHIN,FRADE,18:00,FRLPD
4705,2023-06-11,MARSEILLE ST CHARLES,NON,9896,17:51,EST,LYON (intramuros),JCRHONRHIN,FRLPD,15:56,FRMSC
4706,2023-06-11,BELFORT-MONTBELIARD TGV,OUI,9896,23:02,EST,METZ VILLE,JCRHONRHIN,FRADE,20:45,FRTJA
4707,2023-06-11,BESANCON - F COMTE TGV,OUI,9896,23:02,EST,METZ VILLE,JCRHONRHIN,FRADE,20:19,FRTJB
4708,2023-06-11,VALENCE TGV RHONE-ALPES SUD,NON,9896,19:39,EST,DIJON VILLE,JCRHONRHIN,FRABA,17:13,FRVLA
4709,2023-06-11,VALENCE TGV RHONE-ALPES SUD,NON,9896,17:51,EST,LYON (intramuros),JCRHONRHIN,FRLPD,17:13,FRVLA
4710,2023-06-11,VALENCE TGV RHONE-ALPES SUD,NON,9896,20:40,EST,BELFORT-MONTBELIARD TGV,JCRHONRHIN,FRTJA,17:13,FRVLA
4711,2023-06-11,DIJON VILLE,NON,2204,19:41,EST,COLMAR,JCRHONRHIN,FRAEJ,17:50,FRABA
4712,2023-06-11,COLMAR,OUI,2204,20:18,EST,STRASBOURG,JCRHONRHIN,FRAEG,19:44,FRAEJ
4713,2023-06-11,MULHOUSE VILLE,OUI,2204,19:41,EST,COLMAR,JCRHONRHIN,FRAEJ,19:12,FRAEK
4714,2023-06-11,NIMES,NON,2204,19:41,EST,COLMAR,JCRHONRHIN,FRAEJ,14:23,FRFNI
4715,2023-06-11,NIMES,NON,2204,16:39,EST,MACON VILLE,JCRHONRHIN,FRHGU,14:23,FRFNI
4716,2023-06-11,NIMES,NON,2204,15:09,EST,VALENCE TGV RHONE-ALPES SUD,JCRHONRHIN,FRVLA,14:23,FRFNI
4717,2023-06-11,MACON VILLE,NON,2204,17:40,EST,DIJON VILLE,JCRHONRHIN,FRABA,16:41,FRHGU
4718,2023-06-11,MONTPELLIER SAINT-ROCH,NON,2204,17:40,EST,DIJON VILLE,JCRHONRHIN,FRABA,13:55,FRMPL
4719,2023-06-11,MONTPELLIER SAINT-ROCH,NON,2204,18:17,EST,BESANCON - F COMTE TGV,JCRHONRHIN,FRTJB,13:55,FRMPL
4720,2023-06-11,MONTPELLIER SAINT-ROCH,NON,2204,15:09,EST,VALENCE TGV RHONE-ALPES SUD,JCRHONRHIN,FRVLA,13:55,FRMPL
4721,2023-06-11,BELFORT-MONTBELIARD TGV,NON,2204,20:18,EST,STRASBOURG,JCRHONRHIN,FRAEG,18:47,FRTJA
4722,2023-06-11,BESANCON - F COMTE TGV,NON,2204,19:09,EST,MULHOUSE VILLE,JCRHONRHIN,FRAEK,18:22,FRTJB
4723,2023-06-11,VALENCE TGV RHONE-ALPES SUD,NON,2204,19:41,EST,COLMAR,JCRHONRHIN,FRAEJ,15:12,FRVLA
4724,2023-06-11,VALENCE TGV RHONE-ALPES SUD,NON,2204,16:39,EST,MACON VILLE,JCRHONRHIN,FRHGU,15:12,FRVLA
4725,2023-06-11,VALENCE TGV RHONE-ALPES SUD,NON,2204,18:17,EST,BESANCON - F COMTE TGV,JCRHONRHIN,FRTJB,15:12,FRVLA
4726,2023-06-11,CANNES,OUI,6168,17:44,SUD EST,TOULON,AZURPA,FRTLN,16:32,FRJCA
4727,2023-06-11,CANNES,OUI,6168,16:55,SUD EST,ST RAPHAEL VALESCURE,AZURPA,FRXSK,16:32,FRJCA
4728,2023-06-11,NICE VILLE,OUI,6168,16:28,SUD EST,CANNES,AZURPA,FRJCA,16:01,FRNIC
4729,2023-06-11,ANTIBES,OUI,6168,17:44,SUD EST,TOULON,AZURPA,FRTLN,16:17,FRXAT
4730,2023-06-11,LYON (intramuros),NON,6664,18:30,SUD EST,PARIS (intramuros),RHONEPARIS,FRPLY,16:34,FRLPD
4731,2023-06-11,ARGELES SUR MER,NON,3738,05:53,IC NUIT,LES AUBRAIS ORLEANS,PALOMBEPAR,FRLAB,18:58,FRARM
4732,2023-06-11,ARGELES SUR MER,NON,3738,07:04,IC NUIT,PARIS (intramuros),PALOMBEPAR,FRPAZ,18:58,FRARM
4733,2023-06-11,CARCASSONNE,NON,3738,07:04,IC NUIT,PARIS (intramuros),PALOMBEPAR,FRPAZ,21:18,FRCCF
4734,2023-06-11,LEZIGNAN-CORBIERES,NON,3738,07:04,IC NUIT,PARIS (intramuros),PALOMBEPAR,FRPAZ,20:58,FRFUX
4735,2023-06-11,PERPIGNAN,NON,3738,05:53,IC NUIT,LES AUBRAIS ORLEANS,PALOMBEPAR,FRLAB,19:21,FRPGF
4736,2023-06-11,BANYULS SUR MER,NON,3738,07:04,IC NUIT,PARIS (intramuros),PALOMBEPAR,FRPAZ,18:39,FRXBU
4737,2023-06-11,COLLIOURE,NON,3738,07:04,IC NUIT,PARIS (intramuros),PALOMBEPAR,FRPAZ,18:51,FRXCU
4738,2023-06-11,NARBONNE,NON,3738,07:04,IC NUIT,PARIS (intramuros),PALOMBEPAR,FRPAZ,20:43,FRXNA
4739,2023-06-11,PORT VENDRES VILLE,NON,3738,07:04,IC NUIT,PARIS (intramuros),PALOMBEPAR,FRPAZ,18:46,FRXPV
4740,2023-06-11,RIOM CHATEL GUYON,OUI,5986,21:56,IC ARO,PARIS (intramuros),CLERMONTPA,FRPLY,18:42,FRRIO
4741,2023-06-11,BEZIERS,OUI,6277,21:20,SUD EST,NARBONNE,PALANG,FRXNA,21:06,FRBZR
4742,2023-06-11,SETE,OUI,6277,21:03,SUD EST,BEZIERS,PALANG,FRBZR,20:37,FRXSY
4743,2023-06-11,SETE,OUI,6277,20:49,SUD EST,AGDE,PALANG,FRXAG,20:37,FRXSY
4744,2023-06-11,VALENCE TGV RHONE-ALPES SUD,NON,6277,20:11,SUD EST,MONTPELLIER SUD DE FRANCE,PALANG,FRSUF,19:11,FRVLA
4745,2023-06-11,MONTPELLIER SUD DE FRANCE,OUI,6277,21:20,SUD EST,NARBONNE,PALANG,FRXNA,20:20,FRSUF
4746,2023-06-11,VALENCE TGV RHONE-ALPES SUD,NON,6277,19:48,SUD EST,NIMES PONT DU GARD,PALANG,FRXZP,19:11,FRVLA
4747,2023-06-11,NIMES PONT DU GARD,NON,6277,21:56,SUD EST,PERPIGNAN,PALANG,FRPGF,19:53,FRXZP
4748,2023-06-11,SURGERES,OUI,8392,21:49,ATLANTIQUE,NIORT,ROCHELLEPA,FRNIT,21:31,FREIP
4749,2023-06-11,LA ROCHELLE VILLE,OUI,8392,21:28,ATLANTIQUE,SURGERES,ROCHELLEPA,FREIP,21:09,FRLRH
4750,2023-06-11,LA ROCHELLE VILLE,NON,8392,22:35,ATLANTIQUE,POITIERS,ROCHELLEPA,FRPIS,21:09,FRLRH
4751,2023-06-11,NIORT,NON,8392,23:12,ATLANTIQUE,ST PIERRE DES CORPS,ROCHELLEPA,FRXSH,21:52,FRNIT
4752,2023-06-11,DIJON VILLE,NON,2087,13:00,EST,LYON (intramuros),JCRHINRHON,FRLPD,11:21,FRABA
4753,2023-06-11,STRASBOURG,NON,2087,14:49,EST,AIX EN PROVENCE TGV,JCRHINRHON,FRAIE,09:03,FRAEG
4754,2023-06-11,MULHOUSE VILLE,NON,2087,15:06,EST,MARSEILLE ST CHARLES,JCRHINRHON,FRMSC,09:57,FRAEK
4755,2023-06-11,MULHOUSE VILLE,OUI,2087,10:18,EST,BELFORT-MONTBELIARD TGV,JCRHINRHON,FRTJA,09:57,FRAEK
4756,2023-06-11,AVIGNON TGV,NON,2087,15:06,EST,MARSEILLE ST CHARLES,JCRHINRHON,FRMSC,14:28,FRAVG
4757,2023-06-11,MACON VILLE,NON,2087,13:46,EST,VALENCE TGV RHONE-ALPES SUD,JCRHINRHON,FRVLA,12:22,FRHGU
4758,2023-06-11,BELFORT-MONTBELIARD TGV,NON,2087,12:19,EST,MACON VILLE,JCRHINRHON,FRHGU,10:21,FRTJA
4759,2023-06-11,VALENCE TGV RHONE-ALPES SUD,NON,2087,14:49,EST,AIX EN PROVENCE TGV,JCRHINRHON,FRAIE,13:51,FRVLA
4760,2023-06-11,PARIS (intramuros),NON,8731,21:28,ATLANTIQUE,QUIMPER,PARISBRETA,FRUIP,17:56,FRPMO
4761,2023-06-11,STRASBOURG,NON,2066,18:54,EST,LORRAINE TGV,MULHSTRAPA,FREAM,18:19,FRAEG
4762,2023-06-11,PARIS (intramuros),OUI,2253,19:14,EST,REIMS,PABARSED,FRRHE,18:28,FRPST
4763,2023-06-11,AVIGNON TGV,NON,9868,16:53,NORD,LYON (intramuros),JCSUDNORD,FRLPD,15:46,FRAVG
4764,2023-06-11,LILLE (intramuros),NON,9868,20:43,NORD,BRUXELLES MIDI BRUSSEL ZUID,JCSUDNORD,BEBMI,20:09,FRLLE
4765,2023-06-11,LYON (intramuros),NON,9868,20:43,NORD,BRUXELLES MIDI BRUSSEL ZUID,JCSUDNORD,BEBMI,17:00,FRLPD
4766,2023-06-11,MARNE LA VALLEE CHESSY,NON,9868,19:57,NORD,LILLE (intramuros),JCSUDNORD,FRLLE,18:51,FRMLV
4767,2023-06-11,MARSEILLE ST CHARLES,OUI,9868,15:43,NORD,AVIGNON TGV,JCSUDNORD,FRAVG,15:11,FRMSC
4768,2023-06-11,LILLE (intramuros),NON,9812,12:00,NORD,LYON (intramuros),JCNORDSUD,FRLPD,09:03,FRLLE
4769,2023-06-11,LILLE (intramuros),NON,9812,10:08,NORD,MARNE LA VALLEE CHESSY,JCNORDSUD,FRMLV,09:03,FRLLE
4770,2023-06-11,LILLE (intramuros),NON,9812,09:53,NORD,AEROPORT CDG2 TGV ROISSY,JCNORDSUD,FRMLW,09:03,FRLLE
4771,2023-06-11,LILLE (intramuros),NON,9812,12:45,NORD,VALENCE TGV RHONE-ALPES SUD,JCNORDSUD,FRVLA,09:03,FRLLE
4772,2023-06-11,MARNE LA VALLEE CHESSY,NON,9812,14:03,NORD,MONTPELLIER SAINT-ROCH,JCNORDSUD,FRMPL,10:13,FRMLV
4773,2023-06-11,LORIENT,OUI,8751,23:30,ATLANTIQUE,ROSPORDEN,PARISBRETA,FRRSP,23:02,FRLRT
4774,2023-06-11,PARIS (intramuros),NON,8751,22:59,ATLANTIQUE,LORIENT,PARISBRETA,FRLRT,19:54,FRPMO
4775,2023-06-11,PARIS (intramuros),NON,8751,23:30,ATLANTIQUE,ROSPORDEN,PARISBRETA,FRRSP,19:54,FRPMO
4776,2023-06-11,VANNES,OUI,8751,23:30,ATLANTIQUE,ROSPORDEN,PARISBRETA,FRRSP,22:31,FRVNE
4777,2023-06-11,PARIS (intramuros),NON,8461,23:20,ATLANTIQUE,POITIERS,PASUDOUEST,FRPIS,21:45,FRPMO
4778,2023-06-11,ST PIERRE DES CORPS,NON,8461,00:02,ATLANTIQUE,ANGOULEME,PASUDOUEST,FRANG,22:49,FRXSH
4779,2023-06-11,ST PIERRE DES CORPS,NON,8461,23:20,ATLANTIQUE,POITIERS,PASUDOUEST,FRPIS,22:49,FRXSH
4780,2023-06-11,PARIS (intramuros),OUI,8657,05:52,ATLANTIQUE,BREST,PARISBRETA,FRBES,23:59,FRPMO
4781,2023-06-11,PARIS (intramuros),OUI,8657,05:36,ATLANTIQUE,LANDERNEAU,PARISBRETA,FRXLD,23:59,FRPMO
4782,2023-06-11,UZERCHE,NON,3684,22:21,IC ARO,PARIS (intramuros),TOULOUZECO,FRPAZ,18:17,FRAAW
4783,2023-06-11,BRIVE LA GAILLARDE,NON,3684,20:07,IC ARO,CHATEAUROUX,TOULOUZECO,FRCHR,17:52,FRBVE
4784,2023-06-11,PARIS (intramuros),NON,2247,19:48,EST,NANCY,PANANCY,FRENC,18:10,FRPST
4785,2023-06-11,ANGERS ST LAUD,OUI,8931,22:07,ATLANTIQUE,LE CROISIC,PARISLOIRE,FREGU,20:19,FRACL
4786,2023-06-11,LA BAULE ESCOUBLAC,OUI,8931,22:07,ATLANTIQUE,LE CROISIC,PARISLOIRE,FREGU,21:59,FRJEE
4787,2023-06-11,NANTES,OUI,8931,21:39,ATLANTIQUE,ST NAZAIRE,PARISLOIRE,FRSNR,21:05,FRNTE
4788,2023-06-11,PARIS (intramuros),NON,8931,22:07,ATLANTIQUE,LE CROISIC,PARISLOIRE,FREGU,18:48,FRPMO
4789,2023-06-11,SABLE SUR SARTHE,NON,8931,20:16,ATLANTIQUE,ANGERS ST LAUD,PARISLOIRE,FRACL,19:56,FRSAB
4790,2023-06-11,SABLE SUR SARTHE,NON,8931,21:55,ATLANTIQUE,LA BAULE ESCOUBLAC,PARISLOIRE,FRJEE,19:56,FRSAB
4791,2023-06-11,AGEN,NON,4655,11:21,IC ARO,NIMES,TJOURSOSE,FRFNI,07:31,FRAGF
4792,2023-06-11,BORDEAUX ST JEAN,NON,4655,09:27,IC ARO,CARCASSONNE,TJOURSOSE,FRCCF,06:27,FRBOJ
4793,2023-06-11,BORDEAUX ST JEAN,OUI,4655,08:40,IC ARO,TOULOUSE MATABIAU,TJOURSOSE,FRXYT,06:27,FRBOJ
4794,2023-06-11,BEZIERS,NON,4655,11:21,IC ARO,NIMES,TJOURSOSE,FRFNI,10:18,FRBZR
4795,2023-06-11,MONTAUBAN VILLE BOURBON,NON,4655,10:15,IC ARO,BEZIERS,TJOURSOSE,FRBZR,08:08,FRXMW
4796,2023-06-11,NARBONNE,NON,4655,11:21,IC ARO,NIMES,TJOURSOSE,FRFNI,10:01,FRXNA
4797,2023-06-11,NARBONNE,NON,4655,12:34,IC ARO,MARSEILLE ST CHARLES,TJOURSOSE,FRMSC,10:01,FRXNA
4798,2023-06-11,TOULOUSE MATABIAU,NON,4655,10:54,IC ARO,MONTPELLIER SAINT-ROCH,TJOURSOSE,FRMPL,08:45,FRXYT
4799,2023-06-11,MULHOUSE VILLE,NON,6704,12:28,SUD EST,BELFORT-MONTBELIARD TGV,BOURPA,FRTJA,12:05,FRAEK
4800,2023-06-11,MULHOUSE VILLE,NON,6704,12:51,SUD EST,BESANCON - F COMTE TGV,BOURPA,FRTJB,12:05,FRAEK
4801,2023-06-11,BESANCON - F COMTE TGV,NON,6704,14:02,SUD EST,MONTBARD,BOURPA,FRGWE,12:54,FRTJB
4802,2023-06-11,BASEL SBB,NON,9206,08:53,INTERNATIONAL,MULHOUSE VILLE,ZURBALPA,FRAEK,08:34,CHAJP
4803,2023-06-11,BASEL SBB,NON,9206,11:38,INTERNATIONAL,PARIS (intramuros),ZURBALPA,FRPLY,08:34,CHAJP
4804,2023-06-11,STRASBOURG,NON,5535,21:19,EST,DIJON VILLE,JCRHINRHON,FRABA,19:03,FRAEG
4805,2023-06-11,STRASBOURG,NON,5535,23:04,EST,LYON (intramuros),JCRHINRHON,FRLPD,19:03,FRAEG
4806,2023-06-11,STRASBOURG,NON,5535,20:26,EST,BELFORT-MONTBELIARD TGV,JCRHINRHON,FRTJA,19:03,FRAEG
4807,2023-06-11,MULHOUSE VILLE,NON,5535,23:18,EST,LYON (intramuros),JCRHINRHON,FRLPE,20:04,FRAEK
4808,2023-06-11,MULHOUSE VILLE,NON,5535,20:49,EST,BESANCON - F COMTE TGV,JCRHINRHON,FRTJB,20:04,FRAEK
4809,2023-06-11,BESANCON - F COMTE TGV,NON,5535,21:19,EST,DIJON VILLE,JCRHINRHON,FRABA,20:52,FRTJB
4810,2023-06-11,LORRAINE TGV,NON,2465,22:24,EST,STRASBOURG,PASTRAMULH,FRAEG,21:41,FREAM
4811,2023-06-11,PARIS (intramuros),NON,2465,21:38,EST,LORRAINE TGV,PASTRAMULH,FREAM,20:25,FRPST
4812,2023-06-11,ST MAIXENT DEUX SEVRES,NON,8391,20:37,ATLANTIQUE,NIORT,PAROCHELLE,FRNIT,20:21,FREJC
4813,2023-06-11,PARIS (intramuros),NON,8391,20:37,ATLANTIQUE,NIORT,PAROCHELLE,FRNIT,18:24,FRPMO
4814,2023-06-11,DIJON VILLE,NON,6702,10:48,SUD EST,PARIS (intramuros),BOURPA,FRPLY,09:06,FRABA
4815,2023-06-11,BELFORT-MONTBELIARD TGV,NON,6702,10:48,SUD EST,PARIS (intramuros),BOURPA,FRPLY,08:11,FRTJA
4816,2023-06-11,BELFORT-MONTBELIARD TGV,NON,6702,08:31,SUD EST,BESANCON - F COMTE TGV,BOURPA,FRTJB,08:11,FRTJA
4817,2023-06-11,BESANCON - F COMTE TGV,NON,6702,09:02,SUD EST,DIJON VILLE,BOURPA,FRABA,08:34,FRTJB
4818,2023-06-11,PAU,OUI,8585,19:35,ATLANTIQUE,BORDEAUX ST JEAN,SUDOUESTPA,FRBOJ,17:28,FRAEE
4819,2023-06-11,LOURDES,OUI,8585,17:25,ATLANTIQUE,PAU,SUDOUESTPA,FRAEE,17:00,FRLDE
4820,2023-06-11,LOURDES,NON,8585,21:52,ATLANTIQUE,PARIS (intramuros),SUDOUESTPA,FRPMO,17:00,FRLDE
4821,2023-06-11,MARSEILLE ST CHARLES,OUI,6120,14:15,SUD EST,AIX EN PROVENCE TGV,PROVENCEPA,FRAIE,14:04,FRMSC
4822,2023-06-11,PAU,NON,14150,18:47,IC SRO,TARBES,SUDOUEST,FRXTB,18:05,FRAEE
4823,2023-06-11,ST GAUDENS,NON,14150,20:27,IC SRO,TOULOUSE MATABIAU,SUDOUEST,FRXYT,19:32,FRFPH
4824,2023-06-11,ORTHEZ,NON,14150,19:30,IC SRO,ST GAUDENS,SUDOUEST,FRFPH,17:36,FRGFI
4825,2023-06-11,ORTHEZ,NON,14150,18:30,IC SRO,LOURDES,SUDOUEST,FRLDE,17:36,FRGFI
4826,2023-06-11,ORTHEZ,NON,14150,18:47,IC SRO,TARBES,SUDOUEST,FRXTB,17:36,FRGFI
4827,2023-06-11,LOURDES,NON,14150,20:27,IC SRO,TOULOUSE MATABIAU,SUDOUEST,FRXYT,18:33,FRLDE
4828,2023-06-11,BAYONNE,NON,14150,17:34,IC SRO,ORTHEZ,SUDOUEST,FRGFI,16:20,FRXBY
4829,2023-06-11,AIX EN PROVENCE TGV,NON,6134,23:30,SUD EST,PARIS (intramuros),PROVENCEPA,FRPLY,20:23,FRAIE
4830,2023-06-11,MARSEILLE ST CHARLES,OUI,6134,20:42,SUD EST,AVIGNON TGV,PROVENCEPA,FRAVG,20:09,FRMSC
4831,2023-06-11,BORDEAUX ST JEAN,NON,8404,09:57,ATLANTIQUE,PARIS (intramuros),SUDOUESTPA,FRPMO,07:44,FRBOJ
4832,2023-06-11,MASSY TGV,NON,8404,09:57,ATLANTIQUE,PARIS (intramuros),SUDOUESTPA,FRPMO,09:46,FRDJU
4833,2023-06-11,LAVAL,NON,8739,22:13,ATLANTIQUE,QUIMPERLE,PARISBRETA,FRECO,19:58,FRACR
4834,2023-06-11,LAVAL,NON,8739,22:30,ATLANTIQUE,ROSPORDEN,PARISBRETA,FRRSP,19:58,FRACR
4835,2023-06-11,LAVAL,NON,8739,22:45,ATLANTIQUE,QUIMPER,PARISBRETA,FRUIP,19:58,FRACR
4836,2023-06-11,LAVAL,NON,8739,21:41,ATLANTIQUE,AURAY,PARISBRETA,FRXUY,19:58,FRACR
4837,2023-06-11,PARIS (intramuros),NON,8739,21:41,ATLANTIQUE,AURAY,PARISBRETA,FRXUY,18:40,FRPMO
4838,2023-06-11,RENNES,OUI,8739,21:59,ATLANTIQUE,LORIENT,PARISBRETA,FRLRT,20:29,FRRNS
4839,2023-06-11,VANNES,OUI,8739,21:59,ATLANTIQUE,LORIENT,PARISBRETA,FRLRT,21:31,FRVNE
4840,2023-06-11,VANNES,OUI,8739,22:30,ATLANTIQUE,ROSPORDEN,PARISBRETA,FRRSP,21:31,FRVNE
4841,2023-06-11,REDON,OUI,8739,21:28,ATLANTIQUE,VANNES,PARISBRETA,FRVNE,21:05,FRXRN
4842,2023-06-11,PARIS (intramuros),OUI,5983,20:59,IC ARO,NEVERS,PACLERMONT,FRNVS,18:47,FRPLY
4843,2023-06-11,PARIS (intramuros),NON,9591,19:11,EST,STRASBOURG,PASTRAMULH,FRAEG,17:25,FRPST
4844,2023-06-11,PARIS (intramuros),NON,9591,19:39,EST,OFFENBOURG/OFFENBURG,PASTRAMULH,DEZPA,17:25,FRPST
4845,2023-06-11,STRASBOURG,OUI,9591,19:54,EST,LAHR SCHWARZW,PASTRAMULH,DEANL,19:17,FRAEG
4846,2023-06-11,OFFENBOURG/OFFENBURG,OUI,9591,20:26,EST,FREIBURG BREISGAU HBF,PASTRAMULH,DEFGB,19:44,DEZPA
4847,2023-06-11,POITIERS,OUI,8491,21:48,ATLANTIQUE,BORDEAUX ST JEAN,PASUDOUEST,FRBOJ,19:54,FRPIS
4848,2023-06-11,PARIS (intramuros),NON,8491,19:45,ATLANTIQUE,POITIERS,PASUDOUEST,FRPIS,18:24,FRPMO
4849,2023-06-11,LILLE (intramuros),NON,7060,18:14,NORD,PARIS (intramuros),LILLEPA,FRPNO,17:12,FRADJ
4850,2023-06-11,GENEVE,NON,9776,19:42,INTERNATIONAL,PARIS (intramuros),GENEVEPA,FRPLY,16:29,CHGVA
4851,2023-06-11,BOURG EN BRESSE,NON,9776,19:42,INTERNATIONAL,PARIS (intramuros),GENEVEPA,FRPLY,17:52,FRXBK
4852,2023-06-11,ANGERS ST LAUD,NON,8122,17:25,ATLANTIQUE,PARIS (intramuros),LOIREPARIS,FRPMO,15:44,FRACL
4853,2023-06-11,LAVAL,NON,8610,13:19,ATLANTIQUE,PARIS (intramuros),BRETAPARIS,FRPMO,12:04,FRACR
4854,2023-06-11,BREST,NON,8610,12:01,ATLANTIQUE,LAVAL,BRETAPARIS,FRACR,09:09,FRBES
4855,2023-06-11,BREST,OUI,8610,10:16,ATLANTIQUE,GUINGAMP,BRETAPARIS,FRGGP,09:09,FRBES
4856,2023-06-11,BREST,OUI,8610,11:29,ATLANTIQUE,RENNES,BRETAPARIS,FRRNS,09:09,FRBES
4857,2023-06-11,BREST,OUI,8610,10:33,ATLANTIQUE,ST BRIEUC,BRETAPARIS,FRSBK,09:09,FRBES
4858,2023-06-11,GUINGAMP,NON,8610,13:19,ATLANTIQUE,PARIS (intramuros),BRETAPARIS,FRPMO,10:18,FRGGP
4859,2023-06-11,GUINGAMP,OUI,8610,11:29,ATLANTIQUE,RENNES,BRETAPARIS,FRRNS,10:18,FRGGP
4860,2023-06-11,MORLAIX,OUI,8610,10:33,ATLANTIQUE,ST BRIEUC,BRETAPARIS,FRSBK,09:45,FRMXN
4861,2023-06-11,PLOUARET TREGOR,OUI,8610,10:45,ATLANTIQUE,LAMBALLE,BRETAPARIS,FRLAM,10:03,FRPLT
4862,2023-06-11,ST BRIEUC,OUI,8610,10:45,ATLANTIQUE,LAMBALLE,BRETAPARIS,FRLAM,10:36,FRSBK
4863,2023-06-11,MANNHEIM HBF,NON,9551,12:59,INTERNATIONAL,FRANKFURT MAIN HBF,PAFRANC,DEFRH,12:19,DEMHG
4864,2023-06-11,DIJON VILLE,NON,6753,23:51,SUD EST,BESANCON VIOTTE,PABOUR,FRABG,23:01,FRABA
4865,2023-06-11,MONTBARD,NON,6753,22:57,SUD EST,DIJON VILLE,PABOUR,FRABA,22:23,FRGWE
4866,2023-06-11,MONTBARD,NON,6753,23:51,SUD EST,BESANCON VIOTTE,PABOUR,FRABG,22:23,FRGWE
4867,2023-06-11,AIX LES BAINS LE REVARD,NON,6980,19:38,SUD EST,MACON LOCHE TGV,ALPESPARIS,FRMLT,17:59,FRXAI
4868,2023-06-11,VENDOME VILLIERS SUR LOIR,NON,8313,17:43,ATLANTIQUE,TOURS,PAROCHELLE,FRAFW,17:16,FRESL
4869,2023-06-11,PARIS (intramuros),NON,8313,17:35,ATLANTIQUE,ST PIERRE DES CORPS,PAROCHELLE,FRXSH,16:28,FRPMO
4870,2023-06-11,ARRAS,NON,7446,23:08,NORD,PARIS (intramuros),ARRASPA,FRPNO,22:18,FRQRV
4871,2023-06-11,LILLE (intramuros),NON,9832,16:43,NORD,AEROPORT CDG2 TGV ROISSY,JCNORDBRET,FRMLW,15:52,FRLLE
4872,2023-06-11,BRUXELLES MIDI BRUSSEL ZUID,NON,9832,18:29,NORD,LE MANS,JCNORDBRET,FRAET,15:03,BEBMI
4873,2023-06-11,DIJON VILLE,NON,5500,19:41,EST,COLMAR,JCRHONRHIN,FRAEJ,17:50,FRABA
4874,2023-06-11,COLMAR,NON,5500,21:13,EST,METZ VILLE,JCRHONRHIN,FRADE,19:44,FRAEJ
4875,2023-06-11,MULHOUSE VILLE,NON,5500,21:13,EST,METZ VILLE,JCRHONRHIN,FRADE,19:12,FRAEK
4876,2023-06-11,MULHOUSE VILLE,NON,5500,19:41,EST,COLMAR,JCRHONRHIN,FRAEJ,19:12,FRAEK
4877,2023-06-11,NIMES,NON,5500,16:39,EST,MACON VILLE,JCRHONRHIN,FRHGU,14:23,FRFNI
4878,2023-06-11,MACON VILLE,NON,5500,17:40,EST,DIJON VILLE,JCRHONRHIN,FRABA,16:41,FRHGU
4879,2023-06-11,MACON VILLE,NON,5500,19:09,EST,MULHOUSE VILLE,JCRHONRHIN,FRAEK,16:41,FRHGU
4880,2023-06-11,MONTPELLIER SAINT-ROCH,NON,5500,16:39,EST,MACON VILLE,JCRHONRHIN,FRHGU,13:55,FRMPL
4881,2023-06-11,MONTPELLIER SAINT-ROCH,NON,5500,15:51,EST,LYON (intramuros),JCRHONRHIN,FRLPD,13:55,FRMPL
4882,2023-06-11,BESANCON - F COMTE TGV,NON,5500,20:18,EST,STRASBOURG,JCRHONRHIN,FRAEG,18:22,FRTJB
4883,2023-06-11,VALENCE TGV RHONE-ALPES SUD,NON,5500,19:09,EST,MULHOUSE VILLE,JCRHONRHIN,FRAEK,15:12,FRVLA
4884,2023-06-11,VALENCE TGV RHONE-ALPES SUD,NON,5500,15:51,EST,LYON (intramuros),JCRHONRHIN,FRLPD,15:12,FRVLA
4885,2023-06-11,SURGERES,OUI,8393,22:25,ATLANTIQUE,LA ROCHELLE VILLE,PAROCHELLE,FRLRH,22:04,FREIP
4886,2023-06-11,PARIS (intramuros),NON,8393,22:02,ATLANTIQUE,SURGERES,PAROCHELLE,FREIP,19:16,FRPMO
4887,2023-06-11,LYON (intramuros),NON,6668,19:34,SUD EST,PARIS (intramuros),RHONEPARIS,FRPLY,17:23,FRLPE
4888,2023-06-11,QUIMPERLE,OUI,8742,19:18,ATLANTIQUE,VANNES,BRETAPARIS,FRVNE,18:36,FRECO
4889,2023-06-11,ROSPORDEN,OUI,8742,19:18,ATLANTIQUE,VANNES,BRETAPARIS,FRVNE,18:21,FRRSP
4890,2023-06-11,QUIMPER,OUI,8742,19:18,ATLANTIQUE,VANNES,BRETAPARIS,FRVNE,18:08,FRUIP
4891,2023-06-11,QUIMPER,OUI,8742,19:05,ATLANTIQUE,AURAY,BRETAPARIS,FRXUY,18:08,FRUIP
4892,2023-06-11,REDON,NON,8742,21:56,ATLANTIQUE,PARIS (intramuros),BRETAPARIS,FRPMO,19:48,FRXRN
4893,2023-06-11,ANGOULEME,NON,12260,17:12,ATLANTIQUE,PARIS (intramuros),SUDOUESTPA,FRPMO,15:23,FRANG
4894,2023-06-11,BORDEAUX ST JEAN,NON,12260,15:20,ATLANTIQUE,ANGOULEME,SUDOUESTPA,FRANG,14:46,FRBOJ
4895,2023-06-11,ANGERS ST LAUD,OUI,8874,14:23,ATLANTIQUE,LE MANS,LOIREPARIS,FRAET,13:44,FRACL
4896,2023-06-11,NANTES,NON,8874,15:25,ATLANTIQUE,PARIS (intramuros),LOIREPARIS,FRPMO,13:05,FRNTE
4897,2023-06-11,BORDEAUX ST JEAN,NON,4669,22:02,IC ARO,NARBONNE,TJOURSOSE,FRXNA,18:28,FRBOJ
4898,2023-06-11,CARCASSONNE,OUI,4669,22:39,IC ARO,SETE,TJOURSOSE,FRXSY,21:34,FRCCF
4899,2023-06-11,MARMANDE,NON,4669,21:32,IC ARO,CARCASSONNE,TJOURSOSE,FRCCF,19:06,FRXMR
4900,2023-06-11,MARMANDE,NON,4669,22:39,IC ARO,SETE,TJOURSOSE,FRXSY,19:06,FRXMR
4901,2023-06-11,MONTAUBAN VILLE BOURBON,NON,4669,23:23,IC ARO,NIMES,TJOURSOSE,FRFNI,20:11,FRXMW
4902,2023-06-11,TOULOUSE MATABIAU,OUI,4669,22:02,IC ARO,NARBONNE,TJOURSOSE,FRXNA,20:50,FRXYT
4903,2023-06-11,STRASBOURG,OUI,2377,21:19,EST,COLMAR,PASTRAMULH,FRAEJ,20:47,FRAEG
4904,2023-06-11,PARIS (intramuros),NON,2377,21:19,EST,COLMAR,PASTRAMULH,FRAEJ,18:55,FRPST
4905,2023-06-11,PARIS (intramuros),NON,9789,21:51,INTERNATIONAL,BELLEGARDE,PAGENEVE,FRXBF,19:02,FRPLY
4906,2023-06-11,BOURG EN BRESSE,NON,9789,21:51,INTERNATIONAL,BELLEGARDE,PAGENEVE,FRXBF,20:56,FRXBK
4907,2023-06-11,BORDEAUX ST JEAN,NON,8488,17:23,ATLANTIQUE,ANGOULEME,SUDOUESTPA,FRANG,16:15,FRBOJ
4908,2023-06-11,TOULOUSE MATABIAU,OUI,8522,22:13,ATLANTIQUE,BORDEAUX ST JEAN,SUDOUESTPA,FRBOJ,19:59,FRXYT
4909,2023-06-11,STRASBOURG,NON,9402,19:35,EST,CHAMPAGNE-ARDENNE,MULHSTRAPA,FREAH,18:19,FRAEG
4910,2023-06-11,STRASBOURG,NON,9402,20:20,EST,PARIS (intramuros),MULHSTRAPA,FRPST,18:19,FRAEG
4911,2023-06-11,OFFENBOURG/OFFENBURG,NON,9402,20:20,EST,PARIS (intramuros),MULHSTRAPA,FRPST,17:41,DEZPA
4912,2023-06-11,FREIBURG BREISGAU HBF,OUI,9402,18:12,EST,STRASBOURG,MULHSTRAPA,FRAEG,16:45,DEFGB
4913,2023-06-11,LAHR SCHWARZW,OUI,9402,18:12,EST,STRASBOURG,MULHSTRAPA,FRAEG,17:19,DEANL
4914,2023-06-11,RINGSHEIM/EU-PARK,NON,9402,18:54,EST,LORRAINE TGV,MULHSTRAPA,FREAM,17:08,DERSH
4915,2023-06-11,OFFENBOURG/OFFENBURG,NON,9402,19:35,EST,CHAMPAGNE-ARDENNE,MULHSTRAPA,FREAH,17:41,DEZPA
4916,2023-06-11,FREIBURG BREISGAU HBF,NON,9402,19:35,EST,CHAMPAGNE-ARDENNE,MULHSTRAPA,FREAH,16:45,DEFGB
4917,2023-06-11,ANGERS ST LAUD,NON,8804,09:12,ATLANTIQUE,PARIS (intramuros),LOIREPARIS,FRPMO,07:44,FRACL
4918,2023-06-11,PARIS (intramuros),NON,8447,17:24,ATLANTIQUE,POITIERS,PASUDOUEST,FRPIS,16:03,FRPMO
4919,2023-06-11,VIVIEZ DECAZEVILLE,NON,3754,05:43,IC NUIT,LES AUBRAIS ORLEANS,OCCITANPAR,FRLAB,23:29,FRVZD
4920,2023-06-11,AUBIN,NON,3754,05:43,IC NUIT,LES AUBRAIS ORLEANS,OCCITANPAR,FRLAB,23:24,FRFSQ
4921,2023-06-11,LES AUBRAIS ORLEANS,NON,3741,07:07,IC NUIT,TARBES,PARPALOMBE,FRXTB,22:49,FRLAB
4922,2023-06-11,AIX EN PROVENCE TGV,NON,5066,12:45,NORD,AVIGNON TGV,JCSUDNORD,FRAVG,12:26,FRAIE
4923,2023-06-11,AIX EN PROVENCE TGV,NON,5066,16:57,NORD,LILLE (intramuros),JCSUDNORD,FRLLE,12:26,FRAIE
4924,2023-06-11,AIX EN PROVENCE TGV,NON,5066,13:54,NORD,LYON (intramuros),JCSUDNORD,FRLPD,12:26,FRAIE
4925,2023-06-11,AIX EN PROVENCE TGV,NON,5066,16:00,NORD,AEROPORT CDG2 TGV ROISSY,JCSUDNORD,FRMLW,12:26,FRAIE
4926,2023-06-11,AVIGNON TGV,NON,5066,16:00,NORD,AEROPORT CDG2 TGV ROISSY,JCSUDNORD,FRMLW,12:48,FRAVG
4927,2023-06-11,AEROPORT CDG2 TGV ROISSY,NON,5066,16:57,NORD,LILLE (intramuros),JCSUDNORD,FRLLE,16:07,FRMLW
4928,2023-06-11,MARSEILLE ST CHARLES,NON,5066,15:46,NORD,MARNE LA VALLEE CHESSY,JCSUDNORD,FRMLV,12:12,FRMSC
4929,2023-06-11,STRASBOURG,NON,9570,22:05,INTERNATIONAL,PARIS (intramuros),MUNSTUTPA,FRPST,20:20,FRAEG
4930,2023-06-11,GUINGAMP,OUI,8615,14:12,ATLANTIQUE,MORLAIX,PARISBRETA,FRMXN,13:40,FRGGP
4931,2023-06-11,LAMBALLE,NON,8615,14:47,ATLANTIQUE,BREST,PARISBRETA,FRBES,13:10,FRLAM
4932,2023-06-11,LAMBALLE,NON,8615,13:37,ATLANTIQUE,GUINGAMP,PARISBRETA,FRGGP,13:10,FRLAM
4933,2023-06-11,LAMBALLE,NON,8615,13:20,ATLANTIQUE,ST BRIEUC,PARISBRETA,FRSBK,13:10,FRLAM
4934,2023-06-11,PARIS (intramuros),NON,8615,14:47,ATLANTIQUE,BREST,PARISBRETA,FRBES,10:53,FRPMO
4935,2023-06-11,PARIS (intramuros),NON,8615,13:37,ATLANTIQUE,GUINGAMP,PARISBRETA,FRGGP,10:53,FRPMO
4936,2023-06-11,PARIS (intramuros),NON,8615,14:12,ATLANTIQUE,MORLAIX,PARISBRETA,FRMXN,10:53,FRPMO
4937,2023-06-11,PARIS (intramuros),NON,8615,13:53,ATLANTIQUE,PLOUARET TREGOR,PARISBRETA,FRPLT,10:53,FRPMO
4938,2023-06-11,RENNES,NON,8615,13:08,ATLANTIQUE,LAMBALLE,PARISBRETA,FRLAM,12:32,FRRNS
4939,2023-06-11,RENNES,NON,8615,13:20,ATLANTIQUE,ST BRIEUC,PARISBRETA,FRSBK,12:32,FRRNS
4940,2023-06-11,LILLE (intramuros),NON,5210,10:29,NORD,LE MANS,JCNORDBRET,FRAET,07:52,FRLLE
4941,2023-06-11,LILLE (intramuros),NON,5210,08:57,NORD,MARNE LA VALLEE CHESSY,JCNORDBRET,FRMLV,07:52,FRLLE
4942,2023-06-11,LILLE (intramuros),NON,5210,11:17,NORD,RENNES,JCNORDBRET,FRRNS,07:52,FRLLE
4943,2023-06-11,PARIS (intramuros),NON,8483,09:03,ATLANTIQUE,ANGOULEME,PASUDOUEST,FRANG,06:47,FRPMO
4944,2023-06-11,LYON (intramuros),NON,4502,10:37,IC SRO,ROANNE,JOURLYNNTE,FRRNE,09:34,FRLPD
4945,2023-06-11,LYON (intramuros),NON,4502,11:44,IC SRO,MOULINS SUR ALLIER,JOURLYNNTE,FRXMU,09:34,FRLPD
4946,2023-06-11,LYON (intramuros),NON,4502,14:59,IC SRO,SAUMUR,JOURLYNNTE,FRACN,09:20,FRLPE
4947,2023-06-11,NEVERS,NON,4502,14:25,IC SRO,ST PIERRE DES CORPS,JOURLYNNTE,FRXSH,12:25,FRNVS
4948,2023-06-11,NEVERS,NON,4502,13:22,IC SRO,VIERZON VILLE,JOURLYNNTE,FRXVZ,12:25,FRNVS
4949,2023-06-11,ROANNE,NON,4502,14:59,IC SRO,SAUMUR,JOURLYNNTE,FRACN,10:40,FRRNE
4950,2023-06-11,ROANNE,NON,4502,13:01,IC SRO,BOURGES,JOURLYNNTE,FRBOU,10:40,FRRNE
4951,2023-06-11,ST GERMAIN DES FOSSES,NON,4502,16:04,IC SRO,NANTES,JOURLYNNTE,FRNTE,11:19,FRSGF
4952,2023-06-11,ST GERMAIN DES FOSSES,NON,4502,12:14,IC SRO,NEVERS,JOURLYNNTE,FRNVS,11:19,FRSGF
4953,2023-06-11,MOULINS SUR ALLIER,NON,4502,14:59,IC SRO,SAUMUR,JOURLYNNTE,FRACN,11:46,FRXMU
4954,2023-06-11,MOULINS SUR ALLIER,NON,4502,13:01,IC SRO,BOURGES,JOURLYNNTE,FRBOU,11:46,FRXMU
4955,2023-06-11,VIERZON VILLE,NON,4502,14:59,IC SRO,SAUMUR,JOURLYNNTE,FRACN,13:24,FRXVZ
4956,2023-06-11,NEVERS,NON,5959,16:23,IC ARO,RIOM CHATEL GUYON,PACLERMONT,FRRIO,14:59,FRNVS
4957,2023-06-11,RIOM CHATEL GUYON,OUI,5959,16:35,IC ARO,CLERMONT FERRAND,PACLERMONT,FRCFE,16:25,FRRIO
4958,2023-06-11,MOULINS SUR ALLIER,NON,5959,16:23,IC ARO,RIOM CHATEL GUYON,PACLERMONT,FRRIO,15:30,FRXMU
4959,2023-06-11,MOULINS SUR ALLIER,NON,5959,16:01,IC ARO,VICHY,PACLERMONT,FRVHY,15:30,FRXMU
4960,2023-06-11,GRENOBLE,NON,6924,21:46,SUD EST,PARIS (intramuros),GRENOBLEPA,FRPLY,18:46,FRGNB
4961,2023-06-11,TOULOUSE MATABIAU,NON,8508,14:52,ATLANTIQUE,PARIS (intramuros),SUDOUESTPA,FRPMO,10:35,FRXYT
4962,2023-06-11,LILLE (intramuros),OUI,5120,16:20,NORD,AEROPORT CDG2 TGV ROISSY,JCNORDSUD,FRMLW,15:26,FRLLE
4963,2023-06-11,MARNE LA VALLEE CHESSY,NON,5120,19:21,NORD,VALENCE TGV RHONE-ALPES SUD,JCNORDSUD,FRVLA,16:41,FRMLV
4964,2023-06-11,AEROPORT CDG2 TGV ROISSY,OUI,5120,16:36,NORD,MARNE LA VALLEE CHESSY,JCNORDSUD,FRMLV,16:27,FRMLW
4965,2023-06-11,MARSEILLE ST CHARLES,OUI,6122,15:13,SUD EST,AIX EN PROVENCE TGV,PROVENCEPA,FRAIE,15:02,FRMSC
4966,2023-06-11,SARREBRUCK/SAARBRUECKEN,NON,9555,20:17,INTERNATIONAL,MANNHEIM HBF,PAFRANC,DEMHG,18:59,DESBK
4967,2023-06-11,CHAMBERY CHALLES LES EAUX,NON,9241,11:23,INTERNATIONAL,OULX CESANA CLAV SESTRIERE,PAITALIE,ITOCS,09:44,FRCMF
4968,2023-06-11,PARIS (intramuros),NON,9241,10:52,INTERNATIONAL,MODANE,PAITALIE,FRAGR,06:42,FRPLY
4969,2023-06-11,BASEL SBB,NON,9203,11:26,INTERNATIONAL,ZUERICH HB,PABALZUR,CHAJD,10:33,CHAJP
4970,2023-06-11,PARIS (intramuros),NON,9203,10:03,INTERNATIONAL,MULHOUSE VILLE,PABALZUR,FRAEK,07:20,FRPLY
4971,2023-06-11,PARIS (intramuros),NON,9203,09:38,INTERNATIONAL,BELFORT-MONTBELIARD TGV,PABALZUR,FRTJA,07:20,FRPLY
4972,2023-06-11,DIJON VILLE,NON,6709,19:46,SUD EST,BELFORT-MONTBELIARD TGV,PABOUR,FRTJA,18:56,FRABA
4973,2023-06-11,PARIS (intramuros),NON,6709,18:52,SUD EST,DIJON VILLE,PABOUR,FRABA,17:16,FRPLY
4974,2023-06-11,LE MANS,NON,8875,15:14,ATLANTIQUE,ANGERS ST LAUD,PARISLOIRE,FRACL,14:32,FRAET
4975,2023-06-11,PARIS (intramuros),NON,8875,14:52,ATLANTIQUE,SABLE SUR SARTHE,PARISLOIRE,FRSAB,13:32,FRPMO
4976,2023-06-11,SABLE SUR SARTHE,NON,8875,15:54,ATLANTIQUE,NANTES,PARISLOIRE,FRNTE,14:54,FRSAB
4977,2023-06-11,DIE,NON,5790,07:56,IC NUIT,PARIS (intramuros),BRIANCONPA,FRPAZ,23:13,FRDIE
4978,2023-06-11,GAP,NON,5790,07:56,IC NUIT,PARIS (intramuros),BRIANCONPA,FRPAZ,21:34,FRGAT
4979,2023-06-11,LUC EN DIOIS,NON,5790,07:56,IC NUIT,PARIS (intramuros),BRIANCONPA,FRPAZ,22:55,FRIFP
4980,2023-06-11,EMBRUN,NON,5790,07:56,IC NUIT,PARIS (intramuros),BRIANCONPA,FRPAZ,20:52,FRIGV
4981,2023-06-11,MONTDAUPHIN GUILLESTRE,NON,5790,07:56,IC NUIT,PARIS (intramuros),BRIANCONPA,FRPAZ,20:33,FRIGZ
4982,2023-06-11,NIMES,NON,9704,21:18,SUD EST,PARIS (intramuros),BARCELONEPA,FRPLY,18:20,FRFNI
4983,2023-06-11,PERPIGNAN,NON,9704,21:18,SUD EST,PARIS (intramuros),BARCELONEPA,FRPLY,16:04,FRPGF
4984,2023-06-11,PERPIGNAN,NON,9704,17:08,SUD EST,AGDE,BARCELONEPA,FRXAG,16:04,FRPGF
4985,2023-06-11,AGDE,NON,9704,18:16,SUD EST,NIMES,BARCELONEPA,FRFNI,17:11,FRXAG
4986,2023-06-11,NARBONNE,NON,9704,18:16,SUD EST,NIMES,BARCELONEPA,FRFNI,16:42,FRXNA
4987,2023-06-11,NARBONNE,NON,9704,17:43,SUD EST,MONTPELLIER SAINT-ROCH,BARCELONEPA,FRMPL,16:42,FRXNA
4988,2023-06-11,NARBONNE,NON,9704,19:03,SUD EST,VALENCE TGV RHONE-ALPES SUD,BARCELONEPA,FRVLA,16:42,FRXNA
4989,2023-06-11,NARBONNE,NON,9704,17:24,SUD EST,SETE,BARCELONEPA,FRXSY,16:42,FRXNA
4990,2023-06-11,SETE,NON,9704,18:16,SUD EST,NIMES,BARCELONEPA,FRFNI,17:27,FRXSY
4991,2023-06-11,SETE,NON,9704,21:18,SUD EST,PARIS (intramuros),BARCELONEPA,FRPLY,17:27,FRXSY
4992,2023-06-11,BARCELONA SANTS,NON,9704,16:55,SUD EST,BEZIERS,BARCELONEPA,FRBZR,14:32,ESBST
4993,2023-06-11,GIRONA,NON,9704,21:18,SUD EST,PARIS (intramuros),BARCELONEPA,FRPLY,15:13,ESGRO
4994,2023-06-11,GIRONA,NON,9704,19:03,SUD EST,VALENCE TGV RHONE-ALPES SUD,BARCELONEPA,FRVLA,15:13,ESGRO
4995,2023-06-11,GIRONA,NON,9704,17:08,SUD EST,AGDE,BARCELONEPA,FRXAG,15:13,ESGRO
4996,2023-06-11,GIRONA,NON,9704,18:16,SUD EST,NIMES,BARCELONEPA,FRFNI,15:13,ESGRO
4997,2023-06-11,GIRONA,NON,9704,17:24,SUD EST,SETE,BARCELONEPA,FRXSY,15:13,ESGRO
4998,2023-06-11,FIGUERES VILA TGV,NON,9704,17:08,SUD EST,AGDE,BARCELONEPA,FRXAG,15:30,ESFIR
4999,2023-06-11,NARBONNE,OUI,6871,09:36,SUD EST,SETE,JCSUDPROV,FRXSY,08:59,FRXNA
5000,2023-06-11,TOULOUSE MATABIAU,NON,6871,11:07,SUD EST,VALENCE TGV RHONE-ALPES SUD,JCSUDPROV,FRVLA,07:43,FRXYT
5001,2023-06-11,TOULOUSE MATABIAU,OUI,6871,09:36,SUD EST,SETE,JCSUDPROV,FRXSY,07:43,FRXYT
5002,2023-06-11,BEZIERS,OUI,6871,09:55,SUD EST,MONTPELLIER SUD DE FRANCE,JCSUDPROV,FRSUF,09:15,FRBZR
5003,2023-06-11,NIMES PONT DU GARD,NON,6871,11:07,SUD EST,VALENCE TGV RHONE-ALPES SUD,JCSUDPROV,FRVLA,10:27,FRXZP
5004,2023-06-11,TOULOUSE MATABIAU,NON,6871,10:24,SUD EST,NIMES PONT DU GARD,JCSUDPROV,FRXZP,07:43,FRXYT
5005,2023-06-11,CARCASSONNE,NON,6871,10:24,SUD EST,NIMES PONT DU GARD,JCSUDPROV,FRXZP,08:27,FRCCF
5006,2023-06-11,AVIGNON TGV,NON,9882,21:57,NORD,LILLE (intramuros),JCSUDNORD,FRLLE,17:45,FRAVG
5007,2023-06-11,MARNE LA VALLEE CHESSY,NON,9882,21:01,NORD,AEROPORT CDG2 TGV ROISSY,JCSUDNORD,FRMLW,20:51,FRMLV
5008,2023-06-11,MARSEILLE ST CHARLES,NON,9882,22:43,NORD,BRUXELLES MIDI BRUSSEL ZUID,JCSUDNORD,BEBMI,17:04,FRMSC
5009,2023-06-11,MARSEILLE ST CHARLES,NON,9882,21:57,NORD,LILLE (intramuros),JCSUDNORD,FRLLE,17:04,FRMSC
5010,2023-06-11,LILLE (intramuros),NON,7230,18:08,NORD,PARIS (intramuros),ARRASPA,FRPNO,16:51,FRLLE
5011,2023-06-11,LANNION,NON,8692,22:08,ATLANTIQUE,PARIS (intramuros),BRETAPARIS,FRPMO,18:55,FRLAI
5012,2023-06-11,LES AUBRAIS ORLEANS,NON,3755,05:40,IC NUIT,FIGEAC,PAVERMEIL,FRFIG,23:32,FRLAB
5013,2023-06-11,LES AUBRAIS ORLEANS,NON,3755,05:01,IC NUIT,ROCAMADOUR PADIRAC,PAVERMEIL,FRFSA,23:32,FRLAB
5014,2023-06-11,LES AUBRAIS ORLEANS,NON,3755,06:09,IC NUIT,VIVIEZ DECAZEVILLE,PAVERMEIL,FRVZD,23:32,FRLAB
5015,2023-06-11,PARIS (intramuros),NON,3755,05:22,IC NUIT,ASSIER,PAVERMEIL,FRFSD,22:12,FRPAZ
5016,2023-06-11,PARIS (intramuros),NON,3755,06:15,IC NUIT,AUBIN,PAVERMEIL,FRFSQ,22:12,FRPAZ
5017,2023-06-11,PARIS (intramuros),NON,3755,06:19,IC NUIT,CRANSAC,PAVERMEIL,FRFSR,22:12,FRPAZ
5018,2023-06-11,PARIS (intramuros),NON,3755,06:33,IC NUIT,ST CHRISTOPHE,PAVERMEIL,FRFST,22:12,FRPAZ
5019,2023-06-11,PARIS (intramuros),NON,3755,04:44,IC NUIT,ST DENIS PRES MARTEL,PAVERMEIL,FRSDM,22:12,FRPAZ
5020,2023-06-11,PARIS (intramuros),NON,3755,06:09,IC NUIT,VIVIEZ DECAZEVILLE,PAVERMEIL,FRVZD,22:12,FRPAZ
5021,2023-06-11,CANNES,NON,6170,16:34,SUD EST,PARIS (intramuros),AZURPA,FRPLY,11:33,FRJCA
5022,2023-06-11,NICE VILLE,NON,6170,13:53,SUD EST,AVIGNON TGV,AZURPA,FRAVG,10:54,FRNIC
5023,2023-06-11,ANTIBES,OUI,6170,12:43,SUD EST,TOULON,AZURPA,FRTLN,11:16,FRXAT
5024,2023-06-11,ST RAPHAEL VALESCURE,NON,6170,16:34,SUD EST,PARIS (intramuros),AZURPA,FRPLY,11:58,FRXSK
5025,2023-06-11,ANGOULEME,NON,8476,22:37,ATLANTIQUE,PARIS (intramuros),SUDOUESTPA,FRPMO,20:27,FRANG
5026,2023-06-11,ARCACHON,OUI,8476,19:17,ATLANTIQUE,FACTURE BIGANOS,SUDOUESTPA,FRFAC,18:58,FRXAC
5027,2023-06-11,ST PIERRE DES CORPS,NON,8476,22:37,ATLANTIQUE,PARIS (intramuros),SUDOUESTPA,FRPMO,21:32,FRXSH
5028,2023-06-11,TOURS,NON,8320,20:12,ATLANTIQUE,PARIS (intramuros),ROCHELLEPA,FRPMO,18:56,FRAFW
5029,2023-06-11,TOURS,OUI,8320,19:01,ATLANTIQUE,ST PIERRE DES CORPS,ROCHELLEPA,FRXSH,18:56,FRAFW
5030,2023-06-11,LYON (intramuros),NON,6614,13:00,SUD EST,PARIS (intramuros),RHONEPARIS,FRPLY,10:50,FRLPE
5031,2023-06-11,LYON-SAINT EXUPERY TGV,NON,6193,14:46,SUD EST,VALENCE VILLE,PAVDR,FRVAF,14:11,FRJDQ
5032,2023-06-11,PARIS (intramuros),NON,6193,14:03,SUD EST,LYON-SAINT EXUPERY TGV,PAVDR,FRJDQ,12:12,FRPLY
5033,2023-06-11,VALENCE VILLE,OUI,6193,15:56,SUD EST,AVIGNON CENTRE,PAVDR,FRAES,14:49,FRVAF
5034,2023-06-11,VALENCE VILLE,OUI,6193,15:09,SUD EST,MONTELIMAR GARE SNCF,PAVDR,FRXMK,14:49,FRVAF
5035,2023-06-11,HENDAYE,OUI,8536,12:26,ATLANTIQUE,DAX,SUDOUESTPA,FRACG,11:14,FRAEF
5036,2023-06-11,HENDAYE,OUI,8536,13:40,ATLANTIQUE,BORDEAUX ST JEAN,SUDOUESTPA,FRBOJ,11:14,FRAEF
5037,2023-06-11,HENDAYE,OUI,8536,11:25,ATLANTIQUE,ST JEAN DE LUZ CIBOURE,SUDOUESTPA,FRXJZ,11:14,FRAEF
5038,2023-06-11,BAYONNE,OUI,8536,12:26,ATLANTIQUE,DAX,SUDOUESTPA,FRACG,11:56,FRXBY
5039,2023-06-11,ST JEAN DE LUZ CIBOURE,OUI,8536,11:38,ATLANTIQUE,BIARRITZ,SUDOUESTPA,FRBIQ,11:27,FRXJZ
5040,2023-06-11,DIJON VILLE,NON,6715,22:52,SUD EST,BELFORT-MONTBELIARD TGV,PABOUR,FRTJA,22:02,FRABA
5041,2023-06-11,PARIS (intramuros),NON,6715,22:52,SUD EST,BELFORT-MONTBELIARD TGV,PABOUR,FRTJA,20:20,FRPLY
5042,2023-06-11,CLERMONT FERRAND,NON,15941,13:28,IC SRO,ISSOIRE,NORESTJOU,FRHLB,13:03,FRCFE
5043,2023-06-11,ISSOIRE,NON,15941,13:48,IC SRO,ARVANT,NORESTJOU,FRARV,13:29,FRHLB
5044,2023-06-11,CLERMONT FERRAND,NON,15941,14:08,IC SRO,MASSIAC BLESLE,NORESTJOU,FRHMY,13:03,FRCFE
5045,2023-06-11,ISSOIRE,NON,15941,14:08,IC SRO,MASSIAC BLESLE,NORESTJOU,FRHMY,13:29,FRHLB
5046,2023-06-11,MASSIAC BLESLE,NON,15941,14:30,IC SRO,NEUSSARGUES,NORESTJOU,FRNEU,14:09,FRHMY
5047,2023-06-11,PARIS (intramuros),NON,8323,21:45,ATLANTIQUE,VENDOME VILLIERS SUR LOIR,PAROCHELLE,FRESL,21:00,FRPMO
5048,2023-06-11,PARIS (intramuros),NON,8323,22:07,ATLANTIQUE,ST PIERRE DES CORPS,PAROCHELLE,FRXSH,21:00,FRPMO
5049,2023-06-11,PAU,OUI,8574,19:19,ATLANTIQUE,TARBES,PASUDOUEST,FRXTB,18:28,FRAEE
5050,2023-06-11,BORDEAUX ST JEAN,NON,8574,18:25,ATLANTIQUE,PAU,PASUDOUEST,FRAEE,16:20,FRBOJ
5051,2023-06-11,MASSY TGV,NON,8574,16:14,ATLANTIQUE,BORDEAUX ST JEAN,PASUDOUEST,FRBOJ,14:15,FRDJU
5052,2023-06-11,MASSY TGV,NON,8574,19:19,ATLANTIQUE,TARBES,PASUDOUEST,FRXTB,14:15,FRDJU
5053,2023-06-11,ORTHEZ,OUI,8574,18:54,ATLANTIQUE,LOURDES,PASUDOUEST,FRLDE,18:04,FRGFI
5054,2023-06-11,PARIS (intramuros),NON,8574,17:28,ATLANTIQUE,DAX,PASUDOUEST,FRACG,14:02,FRPMO
5055,2023-06-11,AGEN,NON,4661,17:47,IC ARO,ARLES,TJOURSOSE,FRHZA,13:32,FRAGF
5056,2023-06-11,BORDEAUX ST JEAN,NON,4661,16:50,IC ARO,MONTPELLIER SAINT-ROCH,TJOURSOSE,FRMPL,12:28,FRBOJ
5057,2023-06-11,BORDEAUX ST JEAN,NON,4661,18:35,IC ARO,MARSEILLE ST CHARLES,TJOURSOSE,FRMSC,12:28,FRBOJ
5058,2023-06-11,BEZIERS,NON,4661,17:17,IC ARO,NIMES,TJOURSOSE,FRFNI,16:15,FRBZR
5059,2023-06-11,BEZIERS,NON,4661,17:47,IC ARO,ARLES,TJOURSOSE,FRHZA,16:15,FRBZR
5060,2023-06-11,BEZIERS,NON,4661,18:35,IC ARO,MARSEILLE ST CHARLES,TJOURSOSE,FRMSC,16:15,FRBZR
5061,2023-06-11,ARLES,OUI,4661,18:35,IC ARO,MARSEILLE ST CHARLES,TJOURSOSE,FRMSC,17:49,FRHZA
5062,2023-06-11,MONTAUBAN VILLE BOURBON,NON,4661,16:50,IC ARO,MONTPELLIER SAINT-ROCH,TJOURSOSE,FRMPL,14:09,FRXMW
5063,2023-06-11,NARBONNE,NON,4661,16:12,IC ARO,BEZIERS,TJOURSOSE,FRBZR,15:59,FRXNA
5064,2023-06-11,NARBONNE,NON,4661,18:35,IC ARO,MARSEILLE ST CHARLES,TJOURSOSE,FRMSC,15:59,FRXNA
5065,2023-06-11,TOULOUSE MATABIAU,NON,4661,15:26,IC ARO,CARCASSONNE,TJOURSOSE,FRCCF,14:45,FRXYT
5066,2023-06-11,STRASBOURG,NON,5488,18:01,EST,MEUSE TGV,JCESTATL,FREAJ,17:01,FRAEG
5067,2023-06-11,MASSY TGV,NON,5488,21:00,EST,LE MANS,JCESTATL,FRAET,20:10,FRDJU
5068,2023-06-11,MASSY TGV,NON,5488,22:19,EST,NANTES,JCESTATL,FRNTE,20:10,FRDJU
5069,2023-06-11,CHAMPAGNE-ARDENNE,NON,5488,21:40,EST,ANGERS ST LAUD,JCESTATL,FRACL,18:35,FREAH
5070,2023-06-11,MEUSE TGV,NON,5488,21:40,EST,ANGERS ST LAUD,JCESTATL,FRACL,18:09,FREAJ
5071,2023-06-11,PARIS (intramuros),NON,5789,05:40,IC NUIT,LUC EN DIOIS,PABRIANCON,FRIFP,20:48,FRPAZ
5072,2023-06-11,PARIS (intramuros),NON,5789,06:27,IC NUIT,VEYNES DEVOLUY,PABRIANCON,FRVDY,20:48,FRPAZ
5073,2023-06-11,PARIS (intramuros),NON,5789,08:26,IC NUIT,BRIANCON,PABRIANCON,FRXBC,20:48,FRPAZ
5074,2023-06-11,NIMES,NON,9864,19:57,NORD,LILLE (intramuros),JCSUDNORD,FRLLE,15:19,FRFNI
5075,2023-06-11,LYON (intramuros),NON,9864,20:43,NORD,BRUXELLES MIDI BRUSSEL ZUID,JCSUDNORD,BEBMI,17:00,FRLPD
5076,2023-06-11,LYON (intramuros),NON,9864,19:01,NORD,AEROPORT CDG2 TGV ROISSY,JCSUDNORD,FRMLW,17:00,FRLPD
5077,2023-06-11,MARNE LA VALLEE CHESSY,NON,9864,20:43,NORD,BRUXELLES MIDI BRUSSEL ZUID,JCSUDNORD,BEBMI,18:51,FRMLV
5078,2023-06-11,MONTPELLIER SAINT-ROCH,NON,9864,15:16,NORD,NIMES,JCSUDNORD,FRFNI,14:51,FRMPL
5079,2023-06-11,ANGERS ST LAUD,NON,9886,08:57,NORD,MARNE LA VALLEE CHESSY,JCBRETNORD,FRMLV,06:41,FRACL
5080,2023-06-11,LE MANS,NON,9886,08:57,NORD,MARNE LA VALLEE CHESSY,JCBRETNORD,FRMLV,07:30,FRAET
5081,2023-06-11,MASSY TGV,OUI,9886,09:10,NORD,AEROPORT CDG2 TGV ROISSY,JCBRETNORD,FRMLW,08:26,FRDJU
5082,2023-06-11,MARNE LA VALLEE CHESSY,OUI,9886,11:01,NORD,BRUXELLES MIDI BRUSSEL ZUID,JCBRETNORD,BEBMI,09:01,FRMLV
5083,2023-06-11,AEROPORT CDG2 TGV ROISSY,OUI,9886,11:01,NORD,BRUXELLES MIDI BRUSSEL ZUID,JCBRETNORD,BEBMI,09:16,FRMLW
5084,2023-06-11,NANTES,NON,9886,09:45,NORD,TGV HAUTE PICARDIE,JCBRETNORD,FRTHP,06:01,FRNTE
5085,2023-06-11,ANGERS ST LAUD,NON,9886,11:01,NORD,BRUXELLES MIDI BRUSSEL ZUID,JCBRETNORD,BEBMI,06:41,FRACL
5086,2023-06-11,MASSY TGV,OUI,9886,11:01,NORD,BRUXELLES MIDI BRUSSEL ZUID,JCBRETNORD,BEBMI,08:26,FRDJU
5087,2023-06-11,NANTES,NON,3835,20:12,IC SRO,BORDEAUX ST JEAN,NANTEBORDO,FRBOJ,15:55,FRNTE
5088,2023-06-11,NANTES,NON,3835,17:39,IC SRO,LA ROCHELLE VILLE,NANTEBORDO,FRLRH,15:55,FRNTE
5089,2023-06-11,NANTES,NON,3835,16:35,IC SRO,LA ROCHE SUR YON,NANTEBORDO,FRXRO,15:55,FRNTE
5090,2023-06-11,LILLE (intramuros),OUI,5036,18:08,NORD,MARNE LA VALLEE CHESSY,JCNORDSUD,FRMLV,17:03,FRLLE
5091,2023-06-11,NIMES,OUI,6821,10:17,SUD EST,CARCASSONNE,JCPROVSUD,FRCCF,08:07,FRFNI
5092,2023-06-11,NIMES,OUI,6821,11:02,SUD EST,TOULOUSE MATABIAU,JCPROVSUD,FRXYT,08:07,FRFNI
5093,2023-06-11,LYON (intramuros),OUI,6821,07:15,SUD EST,VALENCE TGV RHONE-ALPES SUD,JCPROVSUD,FRVLA,06:37,FRLPD
5094,2023-06-11,VALENCE TGV RHONE-ALPES SUD,OUI,6821,11:02,SUD EST,TOULOUSE MATABIAU,JCPROVSUD,FRXYT,07:18,FRVLA
5095,2023-06-11,NARBONNE,OUI,6821,10:17,SUD EST,CARCASSONNE,JCPROVSUD,FRCCF,09:47,FRXNA
5096,2023-06-11,SETE,OUI,6821,09:44,SUD EST,NARBONNE,JCPROVSUD,FRXNA,09:03,FRXSY
5097,2023-06-11,MONTPELLIER SAINT-ROCH,NON,9708,14:13,SUD EST,NIMES,BARCELONEPA,FRFNI,13:48,FRMPL
5098,2023-06-11,PERPIGNAN,NON,9708,13:44,SUD EST,MONTPELLIER SAINT-ROCH,BARCELONEPA,FRMPL,12:04,FRPGF
5099,2023-06-11,VALENCE TGV RHONE-ALPES SUD,NON,9708,17:18,SUD EST,PARIS (intramuros),BARCELONEPA,FRPLY,15:04,FRVLA
5100,2023-06-11,AGDE,NON,9708,15:01,SUD EST,VALENCE TGV RHONE-ALPES SUD,BARCELONEPA,FRVLA,13:12,FRXAG
5101,2023-06-11,NARBONNE,NON,9708,12:55,SUD EST,BEZIERS,BARCELONEPA,FRBZR,12:41,FRXNA
5102,2023-06-11,NARBONNE,NON,9708,13:09,SUD EST,AGDE,BARCELONEPA,FRXAG,12:41,FRXNA
5103,2023-06-11,SETE,NON,9708,14:13,SUD EST,NIMES,BARCELONEPA,FRFNI,13:28,FRXSY
5104,2023-06-11,SETE,NON,9708,15:01,SUD EST,VALENCE TGV RHONE-ALPES SUD,BARCELONEPA,FRVLA,13:28,FRXSY
5105,2023-06-11,BARCELONA SANTS,NON,9708,12:55,SUD EST,BEZIERS,BARCELONEPA,FRBZR,10:33,ESBST
5106,2023-06-11,FIGUERES VILA TGV,NON,9708,17:18,SUD EST,PARIS (intramuros),BARCELONEPA,FRPLY,11:31,ESFIR
5107,2023-06-11,GIRONA,NON,9708,17:18,SUD EST,PARIS (intramuros),BARCELONEPA,FRPLY,11:14,ESGRO
5108,2023-06-11,GIRONA,NON,9708,12:38,SUD EST,NARBONNE,BARCELONEPA,FRXNA,11:14,ESGRO
5109,2023-06-11,BARCELONA SANTS,NON,9708,13:25,SUD EST,SETE,BARCELONEPA,FRXSY,10:33,ESBST
5110,2023-06-11,BARCELONA SANTS,NON,9708,13:09,SUD EST,AGDE,BARCELONEPA,FRXAG,10:33,ESBST
5111,2023-06-11,FIGUERES VILA TGV,NON,9708,13:44,SUD EST,MONTPELLIER SAINT-ROCH,BARCELONEPA,FRMPL,11:31,ESFIR
5112,2023-06-11,FIGUERES VILA TGV,NON,9708,13:25,SUD EST,SETE,BARCELONEPA,FRXSY,11:31,ESFIR
5113,2023-06-11,FIGUERES VILA TGV,NON,9708,13:09,SUD EST,AGDE,BARCELONEPA,FRXAG,11:31,ESFIR
5114,2023-06-11,MARSEILLE ST CHARLES,NON,6155,13:12,SUD EST,TOULON,PAAZUR,FRTLN,12:29,FRMSC
5115,2023-06-11,MARSEILLE ST CHARLES,NON,6155,13:40,SUD EST,HYERES,PAAZUR,FRXHE,12:29,FRMSC
5116,2023-06-11,LE MANS,NON,5338,21:30,SUD EST,LYON (intramuros),JCATLSUD,FRLPD,18:30,FRAET
5117,2023-06-11,RENNES,OUI,5338,18:20,SUD EST,LE MANS,JCATLSUD,FRAET,17:30,FRRNS
5118,2023-06-11,RENNES,NON,5338,19:19,SUD EST,MASSY TGV,JCATLSUD,FRDJU,17:30,FRRNS
5119,2023-06-11,RENNES,NON,5338,21:30,SUD EST,LYON (intramuros),JCATLSUD,FRLPD,17:30,FRRNS
5120,2023-06-11,PARIS (intramuros),NON,6633,23:10,SUD EST,LYON (intramuros),PARISRHONE,FRLPD,20:58,FRPLY
5121,2023-06-11,PARIS (intramuros),NON,6633,23:24,SUD EST,LYON (intramuros),PARISRHONE,FRLPE,20:58,FRPLY
5122,2023-06-11,PARIS (intramuros),NON,6633,22:38,SUD EST,MACON LOCHE TGV,PARISRHONE,FRMLT,20:58,FRPLY
5123,2023-06-11,RENNES,NON,8026,23:08,ATLANTIQUE,PARIS (intramuros),BRETAPARIS,FRPMO,21:35,FRRNS
5124,2023-06-11,LYON (intramuros),OUI,6619,17:10,SUD EST,LYON (intramuros),PARISRHONE,FRLPE,17:02,FRLPD
5125,2023-06-11,PARIS (intramuros),NON,7585,19:40,NORD,ARRAS,PAARRAS,FRQRV,18:52,FRPNO
5126,2023-06-11,AVIGNON TGV,NON,5124,23:53,NORD,MARSEILLE ST CHARLES,JCNORDSUD,FRMSC,23:17,FRAVG
5127,2023-06-11,LILLE (intramuros),NON,5124,23:14,NORD,AVIGNON TGV,JCNORDSUD,FRAVG,18:22,FRLLE
5128,2023-06-11,LILLE (intramuros),NON,5124,22:00,NORD,LYON (intramuros),JCNORDSUD,FRLPD,18:22,FRLLE
5129,2023-06-11,LILLE (intramuros),OUI,5124,18:41,NORD,ARRAS,JCNORDSUD,FRQRV,18:22,FRLLE
5130,2023-06-11,LILLE (intramuros),OUI,5124,19:06,NORD,TGV HAUTE PICARDIE,JCNORDSUD,FRTHP,18:22,FRLLE
5131,2023-06-11,LYON (intramuros),NON,5124,23:38,NORD,AIX EN PROVENCE TGV,JCNORDSUD,FRAIE,22:06,FRLPD
5132,2023-06-11,MARNE LA VALLEE CHESSY,NON,5124,23:14,NORD,AVIGNON TGV,JCNORDSUD,FRAVG,20:13,FRMLV
5133,2023-06-11,ARRAS,NON,5124,23:38,NORD,AIX EN PROVENCE TGV,JCNORDSUD,FRAIE,18:46,FRQRV
5134,2023-06-11,ARRAS,NON,5124,22:00,NORD,LYON (intramuros),JCNORDSUD,FRLPD,18:46,FRQRV
5135,2023-06-11,ARRAS,NON,5124,23:53,NORD,MARSEILLE ST CHARLES,JCNORDSUD,FRMSC,18:46,FRQRV
5136,2023-06-11,ARRAS,OUI,5124,19:06,NORD,TGV HAUTE PICARDIE,JCNORDSUD,FRTHP,18:46,FRQRV
5137,2023-06-11,TGV HAUTE PICARDIE,NON,5124,22:00,NORD,LYON (intramuros),JCNORDSUD,FRLPD,19:15,FRTHP
5138,2023-06-11,LYON (intramuros),OUI,6630,18:58,SUD EST,LYON (intramuros),RHONEPARIS,FRLPD,18:50,FRLPE
5139,2023-06-11,STRASBOURG,NON,5470,13:04,EST,MASSY TGV,JCESTATL,FRDJU,10:01,FRAEG
5140,2023-06-11,STRASBOURG,NON,5470,11:25,EST,CHAMPAGNE-ARDENNE,JCESTATL,FREAH,10:01,FRAEG
5141,2023-06-11,STRASBOURG,NON,5470,10:37,EST,LORRAINE TGV,JCESTATL,FREAM,10:01,FRAEG
5142,2023-06-11,CHAMPAGNE-ARDENNE,NON,5470,14:47,EST,RENNES,JCESTATL,FRRNS,11:28,FREAH
5143,2023-06-11,LORRAINE TGV,NON,5470,13:04,EST,MASSY TGV,JCESTATL,FRDJU,10:40,FREAM
5144,2023-06-11,LORRAINE TGV,NON,5470,11:25,EST,CHAMPAGNE-ARDENNE,JCESTATL,FREAH,10:40,FREAM
5145,2023-06-11,LORRAINE TGV,NON,5470,10:58,EST,MEUSE TGV,JCESTATL,FREAJ,10:40,FREAM
5146,2023-06-11,LORRAINE TGV,NON,5470,14:47,EST,RENNES,JCESTATL,FRRNS,10:40,FREAM
5147,2023-06-11,MARNE LA VALLEE CHESSY,NON,5470,13:59,EST,LE MANS,JCESTATL,FRAET,12:30,FRMLV
5148,2023-06-11,AEROPORT CDG2 TGV ROISSY,NON,5470,12:26,EST,MARNE LA VALLEE CHESSY,JCESTATL,FRMLV,12:16,FRMLW
5149,2023-06-11,MEUSE TGV,NON,5470,13:59,EST,LE MANS,JCESTATL,FRAET,11:01,FREAJ
5150,2023-06-11,STRASBOURG,OUI,2588,16:10,EST,SAVERNE,NANCYPA,FRSNE,15:47,FRAEG
5151,2023-06-11,SARREBOURG,NON,2588,18:46,EST,PARIS (intramuros),NANCYPA,FRPST,16:31,FRSBG
5152,2023-06-11,SAVERNE,OUI,2588,16:28,EST,SARREBOURG,NANCYPA,FRSBG,16:13,FRSNE
5153,2023-06-11,RENNES,OUI,8729,19:24,ATLANTIQUE,VANNES,PARISBRETA,FRVNE,18:29,FRRNS
5154,2023-06-11,RENNES,OUI,8729,19:37,ATLANTIQUE,AURAY,PARISBRETA,FRXUY,18:29,FRRNS
5155,2023-06-11,VANNES,OUI,8729,19:56,ATLANTIQUE,LORIENT,PARISBRETA,FRLRT,19:27,FRVNE
5156,2023-06-11,ZUERICH HB,NON,9226,16:28,INTERNATIONAL,BASEL SBB,ZURBALPA,CHAJP,15:34,CHAJD
5157,2023-06-11,DIJON VILLE,NON,9226,19:38,INTERNATIONAL,PARIS (intramuros),ZURBALPA,FRPLY,18:02,FRABA
5158,2023-06-11,GUINGAMP,OUI,8629,20:02,ATLANTIQUE,MORLAIX,PARISBRETA,FRMXN,19:36,FRGGP
5159,2023-06-11,PARIS (intramuros),NON,8629,20:38,ATLANTIQUE,BREST,PARISBRETA,FRBES,16:53,FRPMO
5160,2023-06-11,RENNES,OUI,8629,20:02,ATLANTIQUE,MORLAIX,PARISBRETA,FRMXN,18:32,FRRNS
5161,2023-06-11,RENNES,OUI,8629,19:16,ATLANTIQUE,ST BRIEUC,PARISBRETA,FRSBK,18:32,FRRNS
5162,2023-06-11,MONTPELLIER SAINT-ROCH,NON,6210,00:29,SUD EST,PARIS (intramuros),LANGPA,FRPLY,21:00,FRMPL
5163,2023-06-11,AVIGNON TGV,OUI,6121,19:42,SUD EST,AIX EN PROVENCE TGV,PAPROVENCE,FRAIE,19:23,FRAVG
5164,2023-06-11,PARIS (intramuros),NON,6121,19:57,SUD EST,MARSEILLE ST CHARLES,PAPROVENCE,FRMSC,16:36,FRPLY
5165,2023-06-11,PARIS (intramuros),NON,9575,16:26,INTERNATIONAL,KARLSRUHE HBF,PASTUTMUN,DEQKA,13:55,FRPST
5166,2023-06-11,JONZAC,NON,3852,09:53,IC SRO,ROCHEFORT,BORDONANTE,FRRCO,08:41,FREMR
5167,2023-06-11,SAINTES,NON,3852,12:05,IC SRO,NANTES,BORDONANTE,FRNTE,09:25,FRXST
5168,2023-06-11,SAINTES,NON,3852,09:53,IC SRO,ROCHEFORT,BORDONANTE,FRRCO,09:25,FRXST
5169,2023-06-11,ANGERS ST LAUD,NON,5306,14:24,SUD EST,ST PIERRE DES CORPS,JCATLSUD,FRXSH,13:27,FRACL
5170,2023-06-11,SAUMUR,NON,5306,15:20,SUD EST,MASSY TGV,JCATLSUD,FRDJU,13:50,FRACN
5171,2023-06-11,SAUMUR,NON,5306,17:30,SUD EST,LYON (intramuros),JCATLSUD,FRLPD,13:50,FRACN
5172,2023-06-11,NANTES,OUI,5306,13:24,SUD EST,ANGERS ST LAUD,JCATLSUD,FRACL,12:44,FRNTE
5173,2023-06-11,NANTES,OUI,5306,13:47,SUD EST,SAUMUR,JCATLSUD,FRACN,12:44,FRNTE
5174,2023-06-11,NANTES,NON,5306,17:30,SUD EST,LYON (intramuros),JCATLSUD,FRLPD,12:44,FRNTE
5175,2023-06-11,VICHY,OUI,5963,17:23,IC ARO,RIOM CHATEL GUYON,PACLERMONT,FRRIO,17:03,FRVHY
5176,2023-06-11,CANNES,OUI,6186,18:30,SUD EST,ST RAPHAEL VALESCURE,AZURPA,FRXSK,18:08,FRJCA
5177,2023-06-11,NICE VILLE,NON,6186,23:13,SUD EST,PARIS (intramuros),AZURPA,FRPLY,17:39,FRNIC
5178,2023-06-11,NICE VILLE,OUI,6186,19:20,SUD EST,TOULON,AZURPA,FRTLN,17:39,FRNIC
5179,2023-06-11,NICE VILLE,OUI,6186,17:51,SUD EST,ANTIBES,AZURPA,FRXAT,17:39,FRNIC
5180,2023-06-11,ANTIBES,OUI,6186,19:20,SUD EST,TOULON,AZURPA,FRTLN,17:54,FRXAT
5181,2023-06-11,ST RAPHAEL VALESCURE,NON,6186,20:30,SUD EST,AVIGNON TGV,AZURPA,FRAVG,18:33,FRXSK
5182,2023-06-11,BEZIERS,NON,4766,23:37,IC ARO,BORDEAUX ST JEAN,TJOURSESO,FRBOJ,19:47,FRBZR
5183,2023-06-11,BEZIERS,NON,4766,20:02,IC ARO,NARBONNE,TJOURSESO,FRXNA,19:47,FRBZR
5184,2023-06-11,NIMES,NON,4766,22:31,IC ARO,AGEN,TJOURSESO,FRAGF,18:41,FRFNI
5185,2023-06-11,NIMES,NON,4766,23:37,IC ARO,BORDEAUX ST JEAN,TJOURSESO,FRBOJ,18:41,FRFNI
5186,2023-06-11,MONTPELLIER SAINT-ROCH,NON,4766,22:31,IC ARO,AGEN,TJOURSESO,FRAGF,19:09,FRMPL
5187,2023-06-11,MONTPELLIER SAINT-ROCH,NON,4766,23:37,IC ARO,BORDEAUX ST JEAN,TJOURSESO,FRBOJ,19:09,FRMPL
5188,2023-06-11,MONTPELLIER SAINT-ROCH,NON,4766,21:54,IC ARO,MONTAUBAN VILLE BOURBON,TJOURSESO,FRXMW,19:09,FRMPL
5189,2023-06-11,MARSEILLE ST CHARLES,NON,4766,22:31,IC ARO,AGEN,TJOURSESO,FRAGF,17:28,FRMSC
5190,2023-06-11,MARSEILLE ST CHARLES,NON,4766,23:37,IC ARO,BORDEAUX ST JEAN,TJOURSESO,FRBOJ,17:28,FRMSC
5191,2023-06-11,MONTAUBAN VILLE BOURBON,OUI,4766,23:37,IC ARO,BORDEAUX ST JEAN,TJOURSESO,FRBOJ,21:56,FRXMW
5192,2023-06-11,PARIS (intramuros),NON,6177,19:26,SUD EST,CANNES,PAAZUR,FRJCA,14:08,FRPLY
5193,2023-06-11,PARIS (intramuros),NON,6177,19:58,SUD EST,NICE VILLE,PAAZUR,FRNIC,14:08,FRPLY
5194,2023-06-11,ST RAPHAEL VALESCURE,OUI,6177,19:58,SUD EST,NICE VILLE,PAAZUR,FRNIC,19:04,FRXSK
5195,2023-06-11,CHATEAUROUX,OUI,3625,13:24,IC ARO,LA SOUTERRAINE,PALITO,FRLST,12:49,FRCHR
5196,2023-06-11,PARIS (intramuros),OUI,3625,14:01,IC ARO,LIMOGES BENEDICTINS,PALITO,FRAGQ,10:38,FRPAZ
5197,2023-06-11,VIERZON VILLE,OUI,3625,13:24,IC ARO,LA SOUTERRAINE,PALITO,FRLST,12:12,FRXVZ
5198,2023-06-11,PARIS (intramuros),NON,6615,15:10,SUD EST,LYON (intramuros),PARISRHONE,FRLPE,12:50,FRPLY
5199,2023-06-11,LILLE (intramuros),NON,7052,17:14,NORD,PARIS (intramuros),LILLEPA,FRPNO,16:12,FRADJ
5200,2023-06-11,AEROPORT CDG2 TGV ROISSY,NON,5182,21:57,NORD,LILLE (intramuros),JCSUDNORD,FRLLE,21:07,FRMLW
5201,2023-06-11,SEDAN,OUI,2766,22:09,EST,REIMS,SEDBARPA,FRRHE,20:53,FRXSW
5202,2023-06-11,AVIGNON TGV,NON,6165,16:25,SUD EST,CANNES,PAAZUR,FRJCA,14:04,FRAVG
5203,2023-06-11,AVIGNON TGV,OUI,6165,15:11,SUD EST,TOULON,PAAZUR,FRTLN,14:04,FRAVG
5204,2023-06-11,AVIGNON TGV,NON,6165,16:01,SUD EST,ST RAPHAEL VALESCURE,PAAZUR,FRXSK,14:04,FRAVG
5205,2023-06-11,CANNES,OUI,6165,16:58,SUD EST,NICE VILLE,PAAZUR,FRNIC,16:30,FRJCA
5206,2023-06-11,PARIS (intramuros),NON,6165,16:58,SUD EST,NICE VILLE,PAAZUR,FRNIC,11:20,FRPLY
5207,2023-06-11,TOULON,NON,6165,16:58,SUD EST,NICE VILLE,PAAZUR,FRNIC,15:15,FRTLN
5208,2023-06-11,ANTIBES,OUI,6165,16:58,SUD EST,NICE VILLE,PAAZUR,FRNIC,16:42,FRXAT
5209,2023-06-11,LAVAL,NON,8067,19:10,ATLANTIQUE,RENNES,PARISBRETA,FRRNS,18:45,FRACR
5210,2023-06-11,TOULON,NON,6866,19:45,SUD EST,AVIGNON TGV,JCSUDPROV,FRAVG,17:53,FRTLN
5211,2023-06-11,LES AUBRAIS ORLEANS,NON,3971,06:38,IC NUIT,PAMIERS,PARPALOMBE,FRPMS,22:49,FRLAB
5212,2023-06-11,ST PIERRE DES CORPS,OUI,8319,19:45,ATLANTIQUE,TOURS,PAROCHELLE,FRAFW,19:40,FRXSH
5213,2023-06-11,NURIEUX,NON,9791,21:00,INTERNATIONAL,BELLEGARDE,PAGENEVE,FRXBF,20:37,FRHQN
5214,2023-06-11,PARIS (intramuros),NON,9791,21:30,INTERNATIONAL,GENEVE,PAGENEVE,CHGVA,18:16,FRPLY
5215,2023-06-11,BOURG EN BRESSE,NON,9791,21:00,INTERNATIONAL,BELLEGARDE,PAGENEVE,FRXBF,20:10,FRXBK
5216,2023-06-11,LYON (intramuros),NON,5382,14:50,SUD EST,LE MANS,JCSUDATL,FRAET,11:50,FRLPD
5217,2023-06-11,ARGELES SUR MER,OUI,3738,07:04,IC NUIT,PARIS (intramuros),PALOMBEPAR,FRPAZ,18:58,FRARM
5218,2023-06-11,PERPIGNAN,OUI,3738,07:04,IC NUIT,PARIS (intramuros),PALOMBEPAR,FRPAZ,19:21,FRPGF
5219,2023-06-11,COLLIOURE,OUI,3738,07:04,IC NUIT,PARIS (intramuros),PALOMBEPAR,FRPAZ,18:51,FRXCU
5220,2023-06-11,NARBONNE,OUI,3738,05:53,IC NUIT,LES AUBRAIS ORLEANS,PALOMBEPAR,FRLAB,20:43,FRXNA
5221,2023-06-11,LIMOGES BENEDICTINS,NON,3694,23:23,IC ARO,PARIS (intramuros),TOULOUZECO,FRPAZ,19:59,FRAGQ
5222,2023-06-11,CHATEAUROUX,NON,3694,21:45,IC ARO,VIERZON VILLE,TOULOUZECO,FRXVZ,21:11,FRCHR
5223,2023-06-11,CAUSSADE TARN ET GARONNE,NON,3694,18:08,IC ARO,GOURDON,TOULOUZECO,FRFSI,17:17,FRFTA
5224,2023-06-11,CAUSSADE TARN ET GARONNE,NON,3694,17:41,IC ARO,CAHORS,TOULOUZECO,FRZAO,17:17,FRFTA
5225,2023-06-11,LES AUBRAIS ORLEANS,NON,3694,23:23,IC ARO,PARIS (intramuros),TOULOUZECO,FRPAZ,22:24,FRLAB
5226,2023-06-11,SOUILLAC,NON,3694,23:23,IC ARO,PARIS (intramuros),TOULOUZECO,FRPAZ,18:27,FRSOU
5227,2023-06-11,MONTAUBAN VILLE BOURBON,NON,3694,21:09,IC ARO,CHATEAUROUX,TOULOUZECO,FRCHR,17:03,FRXMW
5228,2023-06-11,MONTAUBAN VILLE BOURBON,NON,3694,22:22,IC ARO,LES AUBRAIS ORLEANS,TOULOUZECO,FRLAB,17:03,FRXMW
5229,2023-06-11,MONTAUBAN VILLE BOURBON,NON,3694,18:25,IC ARO,SOUILLAC,TOULOUZECO,FRSOU,17:03,FRXMW
5230,2023-06-11,VIERZON VILLE,NON,3694,22:22,IC ARO,LES AUBRAIS ORLEANS,TOULOUZECO,FRLAB,21:47,FRXVZ
5231,2023-06-11,TOULOUSE MATABIAU,NON,3694,18:08,IC ARO,GOURDON,TOULOUZECO,FRFSI,16:31,FRXYT
5232,2023-06-11,TOULOUSE MATABIAU,NON,3694,23:23,IC ARO,PARIS (intramuros),TOULOUZECO,FRPAZ,16:31,FRXYT
5233,2023-06-11,SOUILLAC,NON,3694,20:32,IC ARO,LA SOUTERRAINE,TOULOUZECO,FRLST,18:27,FRSOU
5234,2023-06-11,NANCY,OUI,2534,09:46,EST,PARIS (intramuros),NANCYPA,FRPST,08:16,FRENC
5235,2023-06-11,PARIS (intramuros),NON,8827,23:13,ATLANTIQUE,ANGERS ST LAUD,PARISLOIRE,FRACL,21:49,FRPMO
5236,2023-06-11,PARIS (intramuros),NON,6181,22:28,SUD EST,CANNES,PAAZUR,FRJCA,17:20,FRPLY
5237,2023-06-11,ST RAPHAEL VALESCURE,OUI,6181,22:28,SUD EST,CANNES,PAAZUR,FRJCA,22:05,FRXSK
5238,2023-06-11,AVIGNON TGV,NON,6813,15:32,SUD EST,AIX EN PROVENCE TGV,JCPROVSUD,FRAIE,15:13,FRAVG
5239,2023-06-11,AGEN,OUI,8519,23:36,ATLANTIQUE,TOULOUSE MATABIAU,PASUDOUEST,FRXYT,22:25,FRAGF
5240,2023-06-11,BORDEAUX ST JEAN,OUI,8519,22:22,ATLANTIQUE,AGEN,PASUDOUEST,FRAGF,21:20,FRBOJ
5241,2023-06-11,PARIS (intramuros),NON,8519,21:14,ATLANTIQUE,BORDEAUX ST JEAN,PASUDOUEST,FRBOJ,19:08,FRPMO
5242,2023-06-11,NANCY,NON,2587,12:22,EST,STRASBOURG,PANANCY,FRAEG,11:00,FRENC
5243,2023-06-11,NANCY,NON,2587,11:56,EST,SAVERNE,PANANCY,FRSNE,11:00,FRENC
5244,2023-06-11,PARIS (intramuros),NON,2587,12:22,EST,STRASBOURG,PANANCY,FRAEG,09:13,FRPST
5245,2023-06-11,SARREBOURG,NON,2587,11:56,EST,SAVERNE,PANANCY,FRSNE,11:41,FRSBG
5246,2023-06-11,MEUSE TGV,NON,2587,11:56,EST,SAVERNE,PANANCY,FRSNE,10:16,FREAJ
5247,2023-06-11,LE MANS,NON,5480,19:29,EST,STRASBOURG,JCATLEST,FRAEG,15:30,FRAET
5248,2023-06-11,LE MANS,NON,5480,18:00,EST,CHAMPAGNE-ARDENNE,JCATLEST,FREAH,15:30,FRAET
5249,2023-06-11,LE MANS,NON,5480,18:48,EST,LORRAINE TGV,JCATLEST,FREAM,15:30,FRAET
5250,2023-06-11,LORRAINE TGV,NON,5480,19:29,EST,STRASBOURG,JCATLEST,FRAEG,18:51,FREAM
5251,2023-06-11,MARNE LA VALLEE CHESSY,NON,5480,19:29,EST,STRASBOURG,JCATLEST,FRAEG,17:03,FRMLV
5252,2023-06-11,NANTES,OUI,5480,14:46,EST,ANGERS ST LAUD,JCATLEST,FRACL,14:09,FRNTE
5253,2023-06-11,NANTES,NON,5480,16:20,EST,MASSY TGV,JCATLEST,FRDJU,14:09,FRNTE
5254,2023-06-11,VENDOME VILLIERS SUR LOIR,NON,8314,13:33,ATLANTIQUE,PARIS (intramuros),ROCHELLEPA,FRPMO,12:46,FRESL
5255,2023-06-11,NICE VILLE,NON,6176,17:51,SUD EST,PARIS (intramuros),AZURPA,FRPLY,12:02,FRNIC
5256,2023-06-11,NICE VILLE,NON,6176,12:55,SUD EST,ST RAPHAEL VALESCURE,AZURPA,FRXSK,12:02,FRNIC
5257,2023-06-11,TOULON,NON,6176,17:51,SUD EST,PARIS (intramuros),AZURPA,FRPLY,13:48,FRTLN
5258,2023-06-11,MARSEILLE ST CHARLES,OUI,6024,16:16,SUD EST,AIX EN PROVENCE TGV,PROVENCEPA,FRAIE,16:04,FRMSC
5259,2023-06-11,PARIS (intramuros),NON,6275,16:13,SUD EST,NARBONNE,PALANG,FRXNA,11:44,FRPLY
5260,2023-06-11,VALENCE TGV RHONE-ALPES SUD,NON,6275,15:41,SUD EST,AGDE,PALANG,FRXAG,14:00,FRVLA
5261,2023-06-11,AGDE,OUI,6275,16:52,SUD EST,PERPIGNAN,PALANG,FRPGF,15:44,FRXAG
5262,2023-06-11,SETE,OUI,6275,16:52,SUD EST,PERPIGNAN,PALANG,FRPGF,15:28,FRXSY
5263,2023-06-11,SETE,OUI,6275,15:41,SUD EST,AGDE,PALANG,FRXAG,15:28,FRXSY
5264,2023-06-11,VALENCE TGV RHONE-ALPES SUD,NON,6275,14:59,SUD EST,MONTPELLIER SUD DE FRANCE,PALANG,FRSUF,14:00,FRVLA
5265,2023-06-11,MONTPELLIER SUD DE FRANCE,OUI,6275,16:52,SUD EST,PERPIGNAN,PALANG,FRPGF,15:10,FRSUF
5266,2023-06-11,NIMES PONT DU GARD,NON,6275,15:41,SUD EST,AGDE,PALANG,FRXAG,14:39,FRXZP
5267,2023-06-11,MEUSE TGV,NON,2573,20:40,EST,EPINAL,PANANCY,FREPL,19:13,FREAJ
5268,2023-06-11,NANCY,OUI,2573,20:40,EST,EPINAL,PANANCY,FREPL,19:56,FRENC
5269,2023-06-11,PARIS (intramuros),NON,2573,21:05,EST,REMIREMONT,PANANCY,FRRNT,18:10,FRPST
5270,2023-06-11,BOURGES,NON,4506,20:26,IC SRO,ST PIERRE DES CORPS,JOURLYNNTE,FRXSH,19:07,FRBOU
5271,2023-06-11,LYON (intramuros),NON,4506,17:26,IC SRO,ST GERMAIN DES FOSSES,JOURLYNNTE,FRSGF,15:44,FRLPD
5272,2023-06-11,LYON (intramuros),NON,4506,19:05,IC SRO,BOURGES,JOURLYNNTE,FRBOU,15:32,FRLPE
5273,2023-06-11,LYON (intramuros),NON,4506,18:21,IC SRO,NEVERS,JOURLYNNTE,FRNVS,15:32,FRLPE
5274,2023-06-11,LYON (intramuros),NON,4506,17:51,IC SRO,MOULINS SUR ALLIER,JOURLYNNTE,FRXMU,15:32,FRLPE
5275,2023-06-11,NEVERS,NON,4506,22:09,IC SRO,NANTES,JOURLYNNTE,FRNTE,18:29,FRNVS
5276,2023-06-11,ROANNE,NON,4506,21:26,IC SRO,ANGERS ST LAUD,JOURLYNNTE,FRACL,16:48,FRRNE
5277,2023-06-11,ROANNE,NON,4506,19:26,IC SRO,VIERZON VILLE,JOURLYNNTE,FRXVZ,16:48,FRRNE
5278,2023-06-11,ST GERMAIN DES FOSSES,NON,4506,21:03,IC SRO,SAUMUR,JOURLYNNTE,FRACN,17:28,FRSGF
5279,2023-06-11,ST GERMAIN DES FOSSES,NON,4506,19:05,IC SRO,BOURGES,JOURLYNNTE,FRBOU,17:28,FRSGF
5280,2023-06-11,ST GERMAIN DES FOSSES,NON,4506,20:26,IC SRO,ST PIERRE DES CORPS,JOURLYNNTE,FRXSH,17:28,FRSGF
5281,2023-06-11,MOULINS SUR ALLIER,NON,4506,21:03,IC SRO,SAUMUR,JOURLYNNTE,FRACN,17:53,FRXMU
5282,2023-06-11,MOULINS SUR ALLIER,NON,4506,19:05,IC SRO,BOURGES,JOURLYNNTE,FRBOU,17:53,FRXMU
5283,2023-06-11,PARIS (intramuros),NON,8073,22:02,ATLANTIQUE,VITRE,PARISBRETA,FRXVT,20:13,FRPMO
5284,2023-06-11,MULHOUSE VILLE,NON,6700,09:08,SUD EST,PARIS (intramuros),BOURPA,FRPLY,06:05,FRAEK
5285,2023-06-11,BELFORT-MONTBELIARD TGV,NON,6700,07:23,SUD EST,DIJON VILLE,BOURPA,FRABA,06:29,FRTJA
5286,2023-06-11,BORDEAUX ST JEAN,NON,8549,20:31,ATLANTIQUE,ST JEAN DE LUZ CIBOURE,PASUDOUEST,FRXJZ,18:20,FRBOJ
5287,2023-06-11,PARIS (intramuros),NON,8549,19:28,ATLANTIQUE,DAX,PASUDOUEST,FRACG,16:08,FRPMO
5288,2023-06-11,PARIS (intramuros),NON,8549,20:47,ATLANTIQUE,HENDAYE,PASUDOUEST,FRAEF,16:08,FRPMO
5289,2023-06-11,PARIS (intramuros),NON,8549,20:15,ATLANTIQUE,BIARRITZ,PASUDOUEST,FRBIQ,16:08,FRPMO
5290,2023-06-11,LAUSANNE,NON,9774,17:42,INTERNATIONAL,PARIS (intramuros),GENEVEPA,FRPLY,13:45,CHAJF
5291,2023-06-11,GENEVE,NON,9774,15:49,INTERNATIONAL,BOURG EN BRESSE,GENEVEPA,FRXBK,14:29,CHGVA
5292,2023-06-11,CANNES,NON,6174,12:33,SUD EST,MARSEILLE ST CHARLES,AZURPA,FRMSC,10:32,FRJCA
5293,2023-06-11,CANNES,NON,6174,10:55,SUD EST,ST RAPHAEL VALESCURE,AZURPA,FRXSK,10:32,FRJCA
5294,2023-06-11,NICE VILLE,NON,6174,10:28,SUD EST,CANNES,AZURPA,FRJCA,09:57,FRNIC
5295,2023-06-11,NICE VILLE,NON,6174,11:44,SUD EST,TOULON,AZURPA,FRTLN,09:57,FRNIC
5296,2023-06-11,NICE VILLE,NON,6174,10:13,SUD EST,ANTIBES,AZURPA,FRXAT,09:57,FRNIC
5297,2023-06-11,ST RAPHAEL VALESCURE,OUI,6174,11:44,SUD EST,TOULON,AZURPA,FRTLN,10:58,FRXSK
5298,2023-06-11,BEZIERS,OUI,6221,12:56,SUD EST,PERPIGNAN,PALANG,FRPGF,12:06,FRBZR
5299,2023-06-11,NIMES,OUI,6221,12:20,SUD EST,NARBONNE,PALANG,FRXNA,10:46,FRFNI
5300,2023-06-11,MONTPELLIER SAINT-ROCH,OUI,6221,12:20,SUD EST,NARBONNE,PALANG,FRXNA,11:17,FRMPL
5301,2023-06-11,PARIS (intramuros),NON,6221,09:52,SUD EST,VALENCE TGV RHONE-ALPES SUD,PALANG,FRVLA,07:40,FRPLY
5302,2023-06-11,VALENCE TGV RHONE-ALPES SUD,OUI,6221,11:48,SUD EST,AGDE,PALANG,FRXAG,09:55,FRVLA
5303,2023-06-11,SETE,OUI,6221,11:48,SUD EST,AGDE,PALANG,FRXAG,11:34,FRXSY
5304,2023-06-11,PARIS (intramuros),NON,2817,15:04,EST,METZ VILLE,PAMETZLUX,FRADE,13:40,FRPST
5305,2023-06-11,CHATEAUROUX,NON,3665,22:46,IC ARO,GOURDON,PALITO,FRFSI,19:45,FRCHR
5306,2023-06-11,CHATEAUROUX,NON,3665,23:15,IC ARO,CAHORS,PALITO,FRZAO,19:45,FRCHR
5307,2023-06-11,ARGENTON SUR CREUSE,NON,3665,20:24,IC ARO,LA SOUTERRAINE,PALITO,FRLST,20:01,FRFMT
5308,2023-06-11,ARGENTON SUR CREUSE,NON,3665,23:15,IC ARO,CAHORS,PALITO,FRZAO,20:01,FRFMT
5309,2023-06-11,PARIS (intramuros),NON,3665,22:46,IC ARO,GOURDON,PALITO,FRFSI,17:37,FRPAZ
5310,2023-06-11,PARIS (intramuros),NON,3665,22:30,IC ARO,SOUILLAC,PALITO,FRSOU,17:37,FRPAZ
5311,2023-06-11,PARIS (intramuros),OUI,5789,06:53,IC NUIT,GAP,PABRIANCON,FRGAT,20:48,FRPAZ
5312,2023-06-11,PARIS (intramuros),OUI,5789,07:11,IC NUIT,CHORGES,PABRIANCON,FRIGS,20:48,FRPAZ
5313,2023-06-11,PARIS (intramuros),OUI,5789,08:04,IC NUIT,L'ARGENTIERE LES ECRINS   (05),PABRIANCON,FRIHC,20:48,FRPAZ
5314,2023-06-11,PARIS (intramuros),OUI,5789,06:27,IC NUIT,VEYNES DEVOLUY,PABRIANCON,FRVDY,20:48,FRPAZ
5315,2023-06-11,STRASBOURG,NON,9890,07:56,NORD,AEROPORT CDG2 TGV ROISSY,JCESTNORD,FRMLW,06:01,FRAEG
5316,2023-06-11,MEUSE TGV,NON,9890,08:56,NORD,LILLE (intramuros),JCESTNORD,FRLLE,06:59,FREAJ
5317,2023-06-11,LORRAINE TGV,NON,9890,08:56,NORD,LILLE (intramuros),JCESTNORD,FRLLE,06:38,FREAM
5318,2023-06-11,LORRAINE TGV,NON,9890,07:56,NORD,AEROPORT CDG2 TGV ROISSY,JCESTNORD,FRMLW,06:38,FREAM
5319,2023-06-11,RENNES,NON,8020,21:08,ATLANTIQUE,PARIS (intramuros),BRETAPARIS,FRPMO,19:35,FRRNS
5320,2023-06-11,PARIS (intramuros),NON,8121,14:13,ATLANTIQUE,ANGERS ST LAUD,PARISLOIRE,FRACL,12:49,FRPMO
5321,2023-06-11,LAVAL,OUI,8093,20:44,ATLANTIQUE,DOL DE BRETAGNE,PARISBRETA,FRDOL,19:29,FRACR
5322,2023-06-11,LAVAL,OUI,8093,21:01,ATLANTIQUE,ST MALO,PARISBRETA,FRXSB,19:29,FRACR
5323,2023-06-11,PARIS (intramuros),OUI,8093,19:26,ATLANTIQUE,LAVAL,PARISBRETA,FRACR,18:11,FRPMO
5324,2023-06-11,PARIS (intramuros),OUI,8093,20:44,ATLANTIQUE,DOL DE BRETAGNE,PARISBRETA,FRDOL,18:11,FRPMO
5325,2023-06-11,RENNES,OUI,8093,20:44,ATLANTIQUE,DOL DE BRETAGNE,PARISBRETA,FRDOL,20:14,FRRNS
5326,2023-06-11,CHAMPAGNE-ARDENNE,NON,2886,21:13,EST,PARIS (intramuros),LUXMETZPA,FRPST,20:32,FREAH
5327,2023-06-11,BEZIERS,OUI,6033,14:58,SUD EST,PERPIGNAN,PALANG,FRPGF,14:10,FRBZR
5328,2023-06-11,BEZIERS,OUI,6033,14:24,SUD EST,NARBONNE,PALANG,FRXNA,14:10,FRBZR
5329,2023-06-11,NIMES,OUI,6033,13:15,SUD EST,MONTPELLIER SAINT-ROCH,PALANG,FRMPL,12:49,FRFNI
5330,2023-06-11,NIMES,OUI,6033,13:52,SUD EST,AGDE,PALANG,FRXAG,12:49,FRFNI
5331,2023-06-11,PARIS (intramuros),NON,6033,12:45,SUD EST,NIMES,PALANG,FRFNI,09:40,FRPLY
5332,2023-06-11,VALENCE TGV RHONE-ALPES SUD,NON,6033,12:45,SUD EST,NIMES,PALANG,FRFNI,12:00,FRVLA
5333,2023-06-11,VALENCE TGV RHONE-ALPES SUD,NON,6033,13:15,SUD EST,MONTPELLIER SAINT-ROCH,PALANG,FRMPL,12:00,FRVLA
5334,2023-06-11,SETE,OUI,6033,14:07,SUD EST,BEZIERS,PALANG,FRBZR,13:37,FRXSY
5335,2023-06-11,SETE,OUI,6033,14:58,SUD EST,PERPIGNAN,PALANG,FRPGF,13:37,FRXSY
5336,2023-06-11,LORIENT,OUI,8732,17:54,ATLANTIQUE,VANNES,BRETAPARIS,FRVNE,17:31,FRLRT
5337,2023-06-11,ANGERS ST LAUD,NON,8921,16:03,ATLANTIQUE,LE CROISIC,PARISLOIRE,FREGU,14:16,FRACL
5338,2023-06-11,ANGERS ST LAUD,NON,8921,15:50,ATLANTIQUE,LA BAULE ESCOUBLAC,PARISLOIRE,FRJEE,14:16,FRACL
5339,2023-06-11,NANTES,OUI,8921,16:03,ATLANTIQUE,LE CROISIC,PARISLOIRE,FREGU,15:00,FRNTE
5340,2023-06-11,PARIS (intramuros),NON,8921,16:03,ATLANTIQUE,LE CROISIC,PARISLOIRE,FREGU,12:49,FRPMO
5341,2023-06-11,ST NAZAIRE,OUI,8921,16:03,ATLANTIQUE,LE CROISIC,PARISLOIRE,FREGU,15:36,FRSNR
5342,2023-06-11,ST NAZAIRE,OUI,8921,15:50,ATLANTIQUE,LA BAULE ESCOUBLAC,PARISLOIRE,FRJEE,15:36,FRSNR
5343,2023-06-11,MUENCHEN HBF,NON,9576,07:18,INTERNATIONAL,AUGSBURG HBF,MUNSTUTPA,DEAGB,06:51,DEBEG
5344,2023-06-11,MUENCHEN HBF,NON,9576,09:51,INTERNATIONAL,KARLSRUHE HBF,MUNSTUTPA,DEQKA,06:51,DEBEG
5345,2023-06-11,KARLSRUHE HBF,NON,9576,10:37,INTERNATIONAL,STRASBOURG,MUNSTUTPA,FRAEG,09:53,DEQKA
5346,2023-06-11,ULM HBF,NON,9576,09:11,INTERNATIONAL,STUTTGART HBF,MUNSTUTPA,DESGT,08:04,DEQUL
5347,2023-06-11,LORIENT,NON,8722,15:25,ATLANTIQUE,RENNES,BRETAPARIS,FRRNS,13:50,FRLRT
5348,2023-06-11,QUIMPER,OUI,8722,14:06,ATLANTIQUE,AURAY,BRETAPARIS,FRXUY,13:14,FRUIP
5349,2023-06-11,VANNES,OUI,8722,14:48,ATLANTIQUE,REDON,BRETAPARIS,FRXRN,14:22,FRVNE
5350,2023-06-11,AURAY,OUI,8722,14:19,ATLANTIQUE,VANNES,BRETAPARIS,FRVNE,14:09,FRXUY
5351,2023-06-11,BEZIERS,OUI,6258,14:09,SUD EST,AGDE,LANGPA,FRXAG,13:58,FRBZR
5352,2023-06-11,BEZIERS,OUI,6258,14:25,SUD EST,SETE,LANGPA,FRXSY,13:58,FRBZR
5353,2023-06-11,PERPIGNAN,NON,6258,18:12,SUD EST,PARIS (intramuros),LANGPA,FRPLY,13:04,FRPGF
5354,2023-06-11,VALENCE TGV RHONE-ALPES SUD,NON,6258,18:12,SUD EST,PARIS (intramuros),LANGPA,FRPLY,15:54,FRVLA
5355,2023-06-11,AGDE,OUI,6258,14:25,SUD EST,SETE,LANGPA,FRXSY,14:12,FRXAG
5356,2023-06-11,NARBONNE,NON,6258,18:12,SUD EST,PARIS (intramuros),LANGPA,FRPLY,13:42,FRXNA
5357,2023-06-11,NARBONNE,OUI,6258,14:25,SUD EST,SETE,LANGPA,FRXSY,13:42,FRXNA
5358,2023-06-11,MONTPELLIER SUD DE FRANCE,OUI,6258,15:51,SUD EST,VALENCE TGV RHONE-ALPES SUD,LANGPA,FRVLA,14:50,FRSUF
5359,2023-06-11,NARBONNE,OUI,6258,14:43,SUD EST,MONTPELLIER SUD DE FRANCE,LANGPA,FRSUF,13:42,FRXNA
5360,2023-06-11,NANCY,OUI,2595,22:45,EST,ST DIE DES VOSGES,PANANCY,FRXTD,21:54,FRENC
5361,2023-06-11,AUTERIVE,NON,3970,07:04,IC NUIT,PARIS (intramuros),PALOMBEPAR,FRPAZ,21:15,FRFPW
5362,2023-06-11,PORTE PUYMORENS,NON,3970,07:04,IC NUIT,PARIS (intramuros),PALOMBEPAR,FRPAZ,18:58,FRFQF
5363,2023-06-11,TARASCON SUR ARIEGE,NON,3970,07:04,IC NUIT,PARIS (intramuros),PALOMBEPAR,FRPAZ,20:15,FRFQM
5364,2023-06-11,PAMIERS,NON,3970,05:53,IC NUIT,LES AUBRAIS ORLEANS,PALOMBEPAR,FRLAB,20:49,FRPMS
5365,2023-06-11,AX LES THERMES,NON,3970,07:04,IC NUIT,PARIS (intramuros),PALOMBEPAR,FRPAZ,19:44,FRXLT
5366,2023-06-11,LAVAL,NON,8054,11:19,ATLANTIQUE,PARIS (intramuros),BRETAPARIS,FRPMO,10:03,FRACR
5367,2023-06-11,POITIERS,NON,8330,06:49,ATLANTIQUE,CHATELLERAULT,ROCHELLEPA,FRXCX,06:32,FRPIS
5368,2023-06-11,CHATELLERAULT,NON,8330,07:43,ATLANTIQUE,VENDOME VILLIERS SUR LOIR,ROCHELLEPA,FRESL,06:52,FRXCX
5369,2023-06-11,GRENOBLE,NON,6908,10:49,SUD EST,LYON-SAINT EXUPERY TGV,GRENOBLEPA,FRJDQ,09:47,FRGNB
5370,2023-06-11,LE MANS,NON,5332,12:45,SUD EST,AVIGNON TGV,JCATLSUD,FRAVG,08:26,FRAET
5371,2023-06-11,AIX EN PROVENCE TGV,NON,5332,13:24,SUD EST,MARSEILLE ST CHARLES,JCATLSUD,FRMSC,13:13,FRAIE
5372,2023-06-11,LYON (intramuros),NON,5332,13:10,SUD EST,AIX EN PROVENCE TGV,JCATLSUD,FRAIE,11:38,FRLPD
5373,2023-06-11,LYON (intramuros),NON,5332,12:45,SUD EST,AVIGNON TGV,JCATLSUD,FRAVG,11:38,FRLPD
5374,2023-06-11,LES AUBRAIS ORLEANS,NON,3751,05:45,IC NUIT,CAUSSADE TARN ET GARONNE,PAVERMEIL,FRFTA,23:32,FRLAB
5375,2023-06-11,LES AUBRAIS ORLEANS,NON,3751,07:07,IC NUIT,TOULOUSE MATABIAU,PAVERMEIL,FRXYT,23:32,FRLAB
5376,2023-06-11,PARIS (intramuros),NON,3751,03:59,IC NUIT,SOUILLAC,PAVERMEIL,FRSOU,22:12,FRPAZ
5377,2023-06-11,PARIS (intramuros),NON,3751,07:07,IC NUIT,TOULOUSE MATABIAU,PAVERMEIL,FRXYT,22:12,FRPAZ
5378,2023-06-11,ANGERS ST LAUD,OUI,8905,19:54,ATLANTIQUE,NANTES,PARISLOIRE,FRNTE,19:16,FRACL
5379,2023-06-11,NANTES,OUI,8905,20:34,ATLANTIQUE,ST NAZAIRE,PARISLOIRE,FRSNR,20:00,FRNTE
5380,2023-06-11,PARIS (intramuros),NON,8905,19:54,ATLANTIQUE,NANTES,PARISLOIRE,FRNTE,17:48,FRPMO
5381,2023-06-11,LAVAL,OUI,8063,23:09,ATLANTIQUE,RENNES,PARISBRETA,FRRNS,22:44,FRACR
5382,2023-06-11,PARIS (intramuros),NON,8063,23:09,ATLANTIQUE,RENNES,PARISBRETA,FRRNS,21:12,FRPMO
5383,2023-06-11,LES AUBRAIS ORLEANS,NON,3737,07:22,IC NUIT,CARCASSONNE,PARPALOMBE,FRCCF,22:49,FRLAB
5384,2023-06-11,LES AUBRAIS ORLEANS,NON,3737,10:12,IC NUIT,BANYULS SUR MER,PARPALOMBE,FRXBU,22:49,FRLAB
5385,2023-06-11,PARIS (intramuros),NON,3737,09:52,IC NUIT,ARGELES SUR MER,PARPALOMBE,FRARM,21:41,FRPAZ
5386,2023-06-11,PARIS (intramuros),NON,3737,07:22,IC NUIT,CARCASSONNE,PARPALOMBE,FRCCF,21:41,FRPAZ
5387,2023-06-11,PARIS (intramuros),NON,3737,09:44,IC NUIT,ELNE,PARPALOMBE,FRIOG,21:41,FRPAZ
5388,2023-06-11,LAVAL,OUI,9884,07:20,NORD,LE MANS,JCBRETNORD,FRAET,06:52,FRACR
5389,2023-06-11,LAVAL,NON,9884,10:17,NORD,LILLE (intramuros),JCBRETNORD,FRLLE,06:52,FRACR
5390,2023-06-11,MASSY TGV,OUI,9884,10:17,NORD,LILLE (intramuros),JCBRETNORD,FRLLE,08:26,FRDJU
5391,2023-06-11,MASSY TGV,OUI,9884,09:45,NORD,TGV HAUTE PICARDIE,JCBRETNORD,FRTHP,08:26,FRDJU
5392,2023-06-11,RENNES,OUI,9884,06:49,NORD,LAVAL,JCBRETNORD,FRACR,06:23,FRRNS
5393,2023-06-11,RENNES,NON,9884,09:10,NORD,AEROPORT CDG2 TGV ROISSY,JCBRETNORD,FRMLW,06:23,FRRNS
5394,2023-06-11,RENNES,NON,9884,11:01,NORD,BRUXELLES MIDI BRUSSEL ZUID,JCBRETNORD,BEBMI,06:23,FRRNS
5395,2023-06-11,MASSY TGV,OUI,9884,11:01,NORD,BRUXELLES MIDI BRUSSEL ZUID,JCBRETNORD,BEBMI,08:26,FRDJU
5396,2023-06-11,AVIGNON CENTRE,NON,6198,19:46,SUD EST,LYON-SAINT EXUPERY TGV,VDRPA,FRJDQ,18:04,FRAES
5397,2023-06-11,AVIGNON CENTRE,OUI,6198,18:46,SUD EST,MONTELIMAR GARE SNCF,VDRPA,FRXMK,18:04,FRAES
5398,2023-06-11,AVIGNON CENTRE,OUI,6198,18:18,SUD EST,ORANGE,VDRPA,FRXOG,18:04,FRAES
5399,2023-06-11,MIRAMAS,OUI,6198,19:10,SUD EST,VALENCE VILLE,VDRPA,FRVAF,17:13,FRMAZ
5400,2023-06-11,VALENCE VILLE,NON,6198,19:46,SUD EST,LYON-SAINT EXUPERY TGV,VDRPA,FRJDQ,19:13,FRVAF
5401,2023-06-11,ORANGE,NON,6198,19:46,SUD EST,LYON-SAINT EXUPERY TGV,VDRPA,FRJDQ,18:21,FRXOG
5402,2023-06-11,ORANGE,OUI,6198,18:46,SUD EST,MONTELIMAR GARE SNCF,VDRPA,FRXMK,18:21,FRXOG
5403,2023-06-11,MARSEILLE ST CHARLES,NON,6077,19:26,SUD EST,CANNES,PAAZUR,FRJCA,17:28,FRMSC
5404,2023-06-11,MARSEILLE ST CHARLES,NON,6077,19:39,SUD EST,ANTIBES,PAAZUR,FRXAT,17:28,FRMSC
5405,2023-06-11,MARSEILLE ST CHARLES,NON,6077,19:01,SUD EST,ST RAPHAEL VALESCURE,PAAZUR,FRXSK,17:28,FRMSC
5406,2023-06-11,PARIS (intramuros),NON,6077,19:26,SUD EST,CANNES,PAAZUR,FRJCA,14:08,FRPLY
5407,2023-06-11,TOULON,OUI,6077,19:01,SUD EST,ST RAPHAEL VALESCURE,PAAZUR,FRXSK,18:15,FRTLN
5408,2023-06-11,BORDEAUX ST JEAN,NON,3854,14:05,IC SRO,NANTES,BORDONANTE,FRNTE,09:53,FRBOJ
5409,2023-06-11,JONZAC,NON,3854,13:22,IC SRO,LA ROCHE SUR YON,BORDONANTE,FRXRO,10:41,FREMR
5410,2023-06-11,LA ROCHELLE VILLE,NON,3854,13:22,IC SRO,LA ROCHE SUR YON,BORDONANTE,FRXRO,12:19,FRLRH
5411,2023-06-11,ROCHEFORT,NON,3854,14:05,IC SRO,NANTES,BORDONANTE,FRNTE,11:55,FRRCO
5412,2023-06-11,ROCHEFORT,NON,3854,13:22,IC SRO,LA ROCHE SUR YON,BORDONANTE,FRXRO,11:55,FRRCO
5413,2023-06-11,LA ROCHE SUR YON,NON,3854,14:05,IC SRO,NANTES,BORDONANTE,FRNTE,13:24,FRXRO
5414,2023-06-11,DIJON VILLE,NON,2239,19:10,EST,AVIGNON TGV,JCRHINRHON,FRAVG,16:20,FRABA
5415,2023-06-11,DIJON VILLE,NON,2239,17:56,EST,LYON (intramuros),JCRHINRHON,FRLPD,16:20,FRABA
5416,2023-06-11,DIJON VILLE,NON,2239,22:30,EST,NICE VILLE,JCRHINRHON,FRNIC,16:20,FRABA
5417,2023-06-11,DIJON VILLE,NON,2239,22:11,EST,ANTIBES,JCRHINRHON,FRXAT,16:20,FRABA
5418,2023-06-11,DIJON VILLE,OUI,2239,16:39,EST,BEAUNE,JCRHINRHON,FRXBV,16:20,FRABA
5419,2023-06-11,STRASBOURG,OUI,2239,14:02,EST,COLMAR,JCRHINRHON,FRAEJ,13:37,FRAEG
5420,2023-06-11,STRASBOURG,NON,2239,22:11,EST,ANTIBES,JCRHINRHON,FRXAT,13:37,FRAEG
5421,2023-06-11,COLMAR,OUI,2239,16:04,EST,DIJON VILLE,JCRHINRHON,FRABA,14:05,FRAEJ
5422,2023-06-11,COLMAR,NON,2239,21:59,EST,CANNES,JCRHINRHON,FRJCA,14:05,FRAEJ
5423,2023-06-11,COLMAR,NON,2239,22:11,EST,ANTIBES,JCRHINRHON,FRXAT,14:05,FRAEJ
5424,2023-06-11,COLMAR,NON,2239,21:17,EST,LES ARCS DRAGUIGNAN,JCRHINRHON,FRXRS,14:05,FRAEJ
5425,2023-06-11,COLMAR,NON,2239,21:34,EST,ST RAPHAEL VALESCURE,JCRHINRHON,FRXSK,14:05,FRAEJ
5426,2023-06-11,MULHOUSE VILLE,OUI,2239,15:02,EST,BELFORT-MONTBELIARD TGV,JCRHINRHON,FRTJA,14:41,FRAEK
5427,2023-06-11,AIX EN PROVENCE TGV,NON,2239,19:45,EST,MARSEILLE ST CHARLES,JCRHINRHON,FRMSC,19:33,FRAIE
5428,2023-06-11,AVIGNON TGV,NON,2239,22:11,EST,ANTIBES,JCRHINRHON,FRXAT,19:12,FRAVG
5429,2023-06-11,MARSEILLE ST CHARLES,OUI,2239,21:59,EST,CANNES,JCRHINRHON,FRJCA,19:57,FRMSC
5430,2023-06-11,BELFORT-MONTBELIARD TGV,OUI,2239,16:04,EST,DIJON VILLE,JCRHINRHON,FRABA,15:06,FRTJA
5431,2023-06-11,BELFORT-MONTBELIARD TGV,NON,2239,19:31,EST,AIX EN PROVENCE TGV,JCRHINRHON,FRAIE,15:06,FRTJA
5432,2023-06-11,BESANCON - F COMTE TGV,NON,2239,19:10,EST,AVIGNON TGV,JCRHINRHON,FRAVG,15:36,FRTJB
5433,2023-06-11,BESANCON - F COMTE TGV,NON,2239,19:45,EST,MARSEILLE ST CHARLES,JCRHINRHON,FRMSC,15:36,FRTJB
5434,2023-06-11,TOULON,OUI,2239,21:59,EST,CANNES,JCRHINRHON,FRJCA,20:45,FRTLN
5435,2023-06-11,TOULON,OUI,2239,22:30,EST,NICE VILLE,JCRHINRHON,FRNIC,20:45,FRTLN
5436,2023-06-11,ANTIBES,OUI,2239,22:30,EST,NICE VILLE,JCRHINRHON,FRNIC,22:14,FRXAT
5437,2023-06-11,BEAUNE,NON,2239,21:59,EST,CANNES,JCRHINRHON,FRJCA,16:42,FRXBV
5438,2023-06-11,BEAUNE,NON,2239,17:56,EST,LYON (intramuros),JCRHINRHON,FRLPD,16:42,FRXBV
5439,2023-06-11,BEAUNE,NON,2239,22:30,EST,NICE VILLE,JCRHINRHON,FRNIC,16:42,FRXBV
5440,2023-06-11,BEAUNE,NON,2239,21:34,EST,ST RAPHAEL VALESCURE,JCRHINRHON,FRXSK,16:42,FRXBV
5441,2023-06-11,LES ARCS DRAGUIGNAN,OUI,2239,21:34,EST,ST RAPHAEL VALESCURE,JCRHINRHON,FRXSK,21:20,FRXRS
5442,2023-06-11,ST RAPHAEL VALESCURE,OUI,2239,22:30,EST,NICE VILLE,JCRHINRHON,FRNIC,21:37,FRXSK
5443,2023-06-11,ST RAPHAEL VALESCURE,OUI,2239,22:11,EST,ANTIBES,JCRHINRHON,FRXAT,21:37,FRXSK
5444,2023-06-11,LE CROISIC,OUI,8922,15:41,ATLANTIQUE,ANGERS ST LAUD,LOIREPARIS,FRACL,13:55,FREGU
5445,2023-06-11,LE CROISIC,OUI,8922,14:03,ATLANTIQUE,LA BAULE ESCOUBLAC,LOIREPARIS,FRJEE,13:55,FREGU
5446,2023-06-11,ST NAZAIRE,NON,8922,16:23,ATLANTIQUE,LE MANS,LOIREPARIS,FRAET,14:24,FRSNR
5447,2023-06-11,MODANE,NON,9249,21:49,INTERNATIONAL,MILANO P GARIBALDI,PAITALIE,ITMPG,18:55,FRAGR
5448,2023-06-11,MODANE,NON,9249,20:22,INTERNATIONAL,TORINO PORTA SUSA,PAITALIE,ITTRS,18:55,FRAGR
5449,2023-06-11,CHAMBERY CHALLES LES EAUX,NON,9249,20:22,INTERNATIONAL,TORINO PORTA SUSA,PAITALIE,ITTRS,17:44,FRCMF
5450,2023-06-11,ST JEAN DE MAURIENNE ARVAN,NON,9249,21:49,INTERNATIONAL,MILANO P GARIBALDI,PAITALIE,ITMPG,18:25,FRHPN
5451,2023-06-11,PARIS (intramuros),NON,9249,19:23,INTERNATIONAL,OULX CESANA CLAV SESTRIERE,PAITALIE,ITOCS,14:44,FRPLY
5452,2023-06-11,AIX EN PROVENCE TGV,OUI,6107,12:56,SUD EST,MARSEILLE ST CHARLES,PAPROVENCE,FRMSC,12:44,FRAIE
5453,2023-06-11,BOULOGNE VILLE,NON,7534,19:08,NORD,PARIS (intramuros),ARRASPA,FRPNO,16:41,FRAEB
5454,2023-06-11,ARRAS,NON,7534,19:08,NORD,PARIS (intramuros),ARRASPA,FRPNO,18:18,FRQRV
5455,2023-06-11,CALAIS FRETHUN,NON,7534,19:08,NORD,PARIS (intramuros),ARRASPA,FRPNO,17:15,FRSTH
5456,2023-06-11,CHAMPAGNE-ARDENNE,NON,9894,19:06,NORD,AEROPORT CDG2 TGV ROISSY,JCESTNORD,FRMLW,18:35,FREAH
5457,2023-06-11,AEROPORT CDG2 TGV ROISSY,NON,9894,20:19,NORD,LILLE (intramuros),JCESTNORD,FRLLE,19:12,FRMLW
5458,2023-06-11,AEROPORT CDG2 TGV ROISSY,NON,9894,19:44,NORD,TGV HAUTE PICARDIE,JCESTNORD,FRTHP,19:12,FRMLW
5459,2023-06-11,FRANKFURT MAIN HBF,NON,9580,14:37,INTERNATIONAL,MANNHEIM HBF,FRANCMRS,DEMHG,13:56,DEFRH
5460,2023-06-11,FRANKFURT MAIN HBF,NON,9580,17:05,INTERNATIONAL,MULHOUSE VILLE,FRANCMRS,FRAEK,13:56,DEFRH
5461,2023-06-11,MANNHEIM HBF,NON,9580,15:34,INTERNATIONAL,BADEN BADEN,FRANCMRS,DEZCC,14:39,DEMHG
5462,2023-06-11,MANNHEIM HBF,NON,9580,19:56,INTERNATIONAL,LYON (intramuros),FRANCMRS,FRLPD,14:39,DEMHG
5463,2023-06-11,KARLSRUHE HBF,NON,9580,19:56,INTERNATIONAL,LYON (intramuros),FRANCMRS,FRLPD,15:12,DEQKA
5464,2023-06-11,KARLSRUHE HBF,NON,9580,17:55,INTERNATIONAL,BESANCON - F COMTE TGV,FRANCMRS,FRTJB,15:12,DEQKA
5465,2023-06-11,BADEN BADEN,NON,9580,21:34,INTERNATIONAL,AIX EN PROVENCE TGV,FRANCMRS,FRAIE,15:35,DEZCC
5466,2023-06-11,BADEN BADEN,NON,9580,21:12,INTERNATIONAL,AVIGNON TGV,FRANCMRS,FRAVG,15:35,DEZCC
5467,2023-06-11,BADEN BADEN,NON,9580,21:48,INTERNATIONAL,MARSEILLE ST CHARLES,FRANCMRS,FRMSC,15:35,DEZCC
5468,2023-06-11,BADEN BADEN,NON,9580,17:55,INTERNATIONAL,BESANCON - F COMTE TGV,FRANCMRS,FRTJB,15:35,DEZCC
5469,2023-06-11,STRASBOURG,NON,9580,18:53,INTERNATIONAL,CHALON SUR SAONE,FRANCMRS,FRXCD,16:15,FRAEG
5470,2023-06-11,MULHOUSE VILLE,NON,9580,21:48,INTERNATIONAL,MARSEILLE ST CHARLES,FRANCMRS,FRMSC,17:09,FRAEK
5471,2023-06-11,AIX EN PROVENCE TGV,NON,9580,21:48,INTERNATIONAL,MARSEILLE ST CHARLES,FRANCMRS,FRMSC,21:37,FRAIE
5472,2023-06-11,AVIGNON TGV,NON,9580,21:34,INTERNATIONAL,AIX EN PROVENCE TGV,FRANCMRS,FRAIE,21:15,FRAVG
5473,2023-06-11,AVIGNON TGV,NON,9580,21:48,INTERNATIONAL,MARSEILLE ST CHARLES,FRANCMRS,FRMSC,21:15,FRAVG
5474,2023-06-11,LYON (intramuros),NON,9580,21:34,INTERNATIONAL,AIX EN PROVENCE TGV,FRANCMRS,FRAIE,20:06,FRLPD
5475,2023-06-11,BELFORT-MONTBELIARD TGV,NON,9580,17:55,INTERNATIONAL,BESANCON - F COMTE TGV,FRANCMRS,FRTJB,17:34,FRTJA
5476,2023-06-11,CHALON SUR SAONE,NON,9580,21:34,INTERNATIONAL,AIX EN PROVENCE TGV,FRANCMRS,FRAIE,18:56,FRXCD
5477,2023-06-11,CHALON SUR SAONE,NON,9580,19:56,INTERNATIONAL,LYON (intramuros),FRANCMRS,FRLPD,18:56,FRXCD
5478,2023-06-11,LYON (intramuros),OUI,6665,20:50,SUD EST,LYON (intramuros),PARISRHONE,FRLPE,20:42,FRLPD
5479,2023-06-11,PARIS (intramuros),NON,6665,20:36,SUD EST,LYON (intramuros),PARISRHONE,FRLPD,18:40,FRPLY
5480,2023-06-11,BEZIERS,NON,9862,12:47,NORD,MARNE LA VALLEE CHESSY,JCSUDNORD,FRMLV,08:05,FRBZR
5481,2023-06-11,BEZIERS,OUI,9862,08:17,NORD,AGDE,JCSUDNORD,FRXAG,08:05,FRBZR
5482,2023-06-11,BEZIERS,OUI,9862,08:33,NORD,SETE,JCSUDNORD,FRXSY,08:05,FRBZR
5483,2023-06-11,NIMES,NON,9862,13:34,NORD,TGV HAUTE PICARDIE,JCSUDNORD,FRTHP,09:25,FRFNI
5484,2023-06-11,LYON (intramuros),NON,9862,12:47,NORD,MARNE LA VALLEE CHESSY,JCSUDNORD,FRMLV,11:00,FRLPD
5485,2023-06-11,LYON (intramuros),NON,9862,13:34,NORD,TGV HAUTE PICARDIE,JCSUDNORD,FRTHP,11:00,FRLPD
5486,2023-06-11,AEROPORT CDG2 TGV ROISSY,OUI,9862,13:34,NORD,TGV HAUTE PICARDIE,JCSUDNORD,FRTHP,13:07,FRMLW
5487,2023-06-11,MONTPELLIER SAINT-ROCH,NON,9862,14:24,NORD,LILLE (intramuros),JCSUDNORD,FRLLE,08:57,FRMPL
5488,2023-06-11,PERPIGNAN,NON,9862,15:25,NORD,BRUXELLES MIDI BRUSSEL ZUID,JCSUDNORD,BEBMI,07:08,FRPGF
5489,2023-06-11,PERPIGNAN,OUI,9862,08:52,NORD,MONTPELLIER SAINT-ROCH,JCSUDNORD,FRMPL,07:08,FRPGF
5490,2023-06-11,VALENCE TGV RHONE-ALPES SUD,NON,9862,14:24,NORD,LILLE (intramuros),JCSUDNORD,FRLLE,10:15,FRVLA
5491,2023-06-11,VALENCE TGV RHONE-ALPES SUD,NON,9862,13:01,NORD,AEROPORT CDG2 TGV ROISSY,JCSUDNORD,FRMLW,10:15,FRVLA
5492,2023-06-11,VALENCE TGV RHONE-ALPES SUD,NON,9862,13:34,NORD,TGV HAUTE PICARDIE,JCSUDNORD,FRTHP,10:15,FRVLA
5493,2023-06-11,AGDE,OUI,9862,09:22,NORD,NIMES,JCSUDNORD,FRFNI,08:20,FRXAG
5494,2023-06-11,AGDE,NON,9862,10:53,NORD,LYON (intramuros),JCSUDNORD,FRLPD,08:20,FRXAG
5495,2023-06-11,NARBONNE,OUI,9862,08:33,NORD,SETE,JCSUDNORD,FRXSY,07:49,FRXNA
5496,2023-06-11,SETE,OUI,9862,08:52,NORD,MONTPELLIER SAINT-ROCH,JCSUDNORD,FRMPL,08:36,FRXSY
5497,2023-06-11,PERPIGNAN,NON,9862,13:34,NORD,TGV HAUTE PICARDIE,JCSUDNORD,FRTHP,07:08,FRPGF
5498,2023-06-11,NARBONNE,NON,9862,13:55,NORD,ARRAS,JCSUDNORD,FRQRV,07:49,FRXNA
5499,2023-06-11,PARIS (intramuros),NON,5771,06:20,IC NUIT,MARSEILLE BLANCARDE,PARAZUR,FRMBC,20:48,FRPAZ
5500,2023-06-11,AGEN,NON,4665,20:14,IC ARO,BEZIERS,TJOURSOSE,FRBZR,17:32,FRAGF
5501,2023-06-11,AGEN,NON,4665,20:52,IC ARO,MONTPELLIER SAINT-ROCH,TJOURSOSE,FRMPL,17:32,FRAGF
5502,2023-06-11,CARCASSONNE,NON,4665,20:14,IC ARO,BEZIERS,TJOURSOSE,FRBZR,19:29,FRCCF
5503,2023-06-11,MONTAUBAN VILLE BOURBON,NON,4665,22:33,IC ARO,MARSEILLE ST CHARLES,TJOURSOSE,FRMSC,18:09,FRXMW
5504,2023-06-11,NARBONNE,NON,4665,20:52,IC ARO,MONTPELLIER SAINT-ROCH,TJOURSOSE,FRMPL,20:01,FRXNA
5505,2023-06-11,TOULOUSE MATABIAU,NON,4665,21:19,IC ARO,NIMES,TJOURSOSE,FRFNI,18:45,FRXYT
5506,2023-06-11,TOULOUSE MATABIAU,NON,4665,19:58,IC ARO,NARBONNE,TJOURSOSE,FRXNA,18:45,FRXYT
5507,2023-06-11,LIMOGES BENEDICTINS,OUI,3655,20:47,IC ARO,UZERCHE,PALITO,FRAAW,20:11,FRAGQ
5508,2023-06-11,PARIS (intramuros),NON,3655,20:08,IC ARO,LIMOGES BENEDICTINS,PALITO,FRAGQ,16:39,FRPAZ
5509,2023-06-11,PARIS (intramuros),NON,3655,18:40,IC ARO,ISSOUDUN,PALITO,FRFMN,16:39,FRPAZ
5510,2023-06-11,VIERZON VILLE,NON,3655,20:47,IC ARO,UZERCHE,PALITO,FRAAW,18:21,FRXVZ
5511,2023-06-11,ISSOUDUN,NON,3655,20:47,IC ARO,UZERCHE,PALITO,FRAAW,18:41,FRFMN
5512,2023-06-11,DAX,NON,8534,14:20,ATLANTIQUE,PARIS (intramuros),SUDOUESTPA,FRPMO,10:48,FRACG
5513,2023-06-11,HENDAYE,NON,8534,12:06,ATLANTIQUE,BORDEAUX ST JEAN,SUDOUESTPA,FRBOJ,09:32,FRAEF
5514,2023-06-11,BIARRITZ,NON,8534,10:42,ATLANTIQUE,DAX,SUDOUESTPA,FRACG,09:57,FRBIQ
5515,2023-06-11,BAYONNE,NON,8534,14:20,ATLANTIQUE,PARIS (intramuros),SUDOUESTPA,FRPMO,10:11,FRXBY
5516,2023-06-11,ST JEAN DE LUZ CIBOURE,NON,8534,14:20,ATLANTIQUE,PARIS (intramuros),SUDOUESTPA,FRPMO,09:44,FRXJZ
5517,2023-06-11,ROCAMADOUR PADIRAC,NON,3754,06:50,IC NUIT,PARIS (intramuros),OCCITANPAR,FRPAZ,00:34,FRFSA
5518,2023-06-11,ASSIER,NON,3754,06:50,IC NUIT,PARIS (intramuros),OCCITANPAR,FRPAZ,00:13,FRFSD
5519,2023-06-11,GRENOBLE,NON,6922,19:48,SUD EST,PARIS (intramuros),GRENOBLEPA,FRPLY,16:47,FRGNB
5520,2023-06-11,VENDOME VILLIERS SUR LOIR,NON,8318,18:33,ATLANTIQUE,PARIS (intramuros),ROCHELLEPA,FRPMO,17:46,FRESL
5521,2023-06-11,FRANKFURT MAIN HBF,NON,9550,20:21,INTERNATIONAL,KAISERSLAUTERN HBF,FRANCPA,DEKLT,18:56,DEFRH
5522,2023-06-11,FRANKFURT MAIN HBF,NON,9550,21:10,INTERNATIONAL,FORBACH,FRANCPA,FRBQT,18:56,DEFRH
5523,2023-06-11,KAISERSLAUTERN HBF,NON,9550,21:10,INTERNATIONAL,FORBACH,FRANCPA,FRBQT,20:22,DEKLT
5524,2023-06-11,FORBACH,NON,9550,22:52,INTERNATIONAL,PARIS (intramuros),FRANCPA,FRPST,21:12,FRBQT
5525,2023-06-11,METZ VILLE,NON,68409,22:40,AUTOCAR SNCF,LUXEMBOURG,AUTOCAR SNCF,LULUX,21:30,FRADE
5526,2023-06-11,KARLSRUHE HBF,NON,9572,18:05,INTERNATIONAL,PARIS (intramuros),MUNSTUTPA,FRPST,15:32,DEQKA
5527,2023-06-11,STUTTGART HBF,NON,9572,16:13,INTERNATIONAL,STRASBOURG,MUNSTUTPA,FRAEG,14:52,DESGT
5528,2023-06-11,KAISERSLAUTERN HBF,NON,9554,13:10,INTERNATIONAL,FORBACH,FRANCPA,FRBQT,12:24,DEKLT
5529,2023-06-11,MANNHEIM HBF,NON,9554,12:23,INTERNATIONAL,KAISERSLAUTERN HBF,FRANCPA,DEKLT,11:40,DEMHG
5530,2023-06-11,MANNHEIM HBF,NON,9554,14:52,INTERNATIONAL,PARIS (intramuros),FRANCPA,FRPST,11:40,DEMHG
5531,2023-06-11,SARREBRUCK/SAARBRUECKEN,NON,9554,13:10,INTERNATIONAL,FORBACH,FRANCPA,FRBQT,13:02,DESBK
5532,2023-06-11,SARREBRUCK/SAARBRUECKEN,NON,9554,14:52,INTERNATIONAL,PARIS (intramuros),FRANCPA,FRPST,13:02,DESBK
5533,2023-06-11,FRANKFURT MAIN HBF,NON,9568,08:05,INTERNATIONAL,KARLSRUHE HBF,FRANCPA,DEQKA,06:56,DEFRH
5534,2023-06-11,KARLSRUHE HBF,NON,9568,08:48,INTERNATIONAL,STRASBOURG,FRANCPA,FRAEG,08:06,DEQKA
5535,2023-06-11,STRASBOURG,NON,9563,17:53,INTERNATIONAL,KARLSRUHE HBF,PAFRANC,DEQKA,17:13,FRAEG
5536,2023-06-11,AUGSBURG HBF,NON,9577,21:36,INTERNATIONAL,MUENCHEN HBF,PASTUTMUN,DEBEG,21:07,DEAGB
5537,2023-06-11,KARLSRUHE HBF,NON,9577,21:04,INTERNATIONAL,AUGSBURG HBF,PASTUTMUN,DEAGB,18:27,DEQKA
5538,2023-06-11,KARLSRUHE HBF,NON,9577,21:36,INTERNATIONAL,MUENCHEN HBF,PASTUTMUN,DEBEG,18:27,DEQKA
5539,2023-06-11,STUTTGART HBF,NON,9577,21:04,INTERNATIONAL,AUGSBURG HBF,PASTUTMUN,DEAGB,19:04,DESGT
5540,2023-06-11,STUTTGART HBF,NON,9577,20:21,INTERNATIONAL,ULM HBF,PASTUTMUN,DEQUL,19:04,DESGT
5541,2023-06-11,PARIS (intramuros),NON,9577,20:21,INTERNATIONAL,ULM HBF,PASTUTMUN,DEQUL,15:55,FRPST
5542,2023-06-11,PARIS (intramuros),NON,9577,19:04,INTERNATIONAL,STUTTGART HBF,PASTUTMUN,DESGT,15:55,FRPST
5543,2023-06-11,KAISERSLAUTERN HBF,NON,9553,16:59,INTERNATIONAL,FRANKFURT MAIN HBF,PAFRANC,DEFRH,15:37,DEKLT
5544,2023-06-11,PARIS (intramuros),NON,9553,14:57,INTERNATIONAL,SARREBRUCK/SAARBRUECKEN,PAFRANC,DESBK,13:10,FRPST
5545,2023-06-11,DOUAI,OUI,7195,23:38,NORD,VALENCIENNES,PAARRAS,FRXVS,23:13,FRXDN
5546,2023-06-11,STRASBOURG,NON,9579,20:25,INTERNATIONAL,KARLSRUHE HBF,PASTUTMUN,DEQKA,19:46,FRAEG
5547,2023-06-11,AVIGNON TGV,NON,9854,12:11,NORD,BRUXELLES MIDI BRUSSEL ZUID,JCSUDNORD,BEBMI,07:12,FRAVG
5548,2023-06-11,AVIGNON TGV,NON,9854,11:27,NORD,LILLE (intramuros),JCSUDNORD,FRLLE,07:12,FRAVG
5549,2023-06-11,LYON (intramuros),NON,9854,10:19,NORD,MARNE LA VALLEE CHESSY,JCSUDNORD,FRMLV,08:34,FRLPD
5550,2023-06-11,MARNE LA VALLEE CHESSY,NON,9854,10:32,NORD,AEROPORT CDG2 TGV ROISSY,JCSUDNORD,FRMLW,10:23,FRMLV
5551,2023-06-11,AEROPORT CDG2 TGV ROISSY,NON,9854,12:11,NORD,BRUXELLES MIDI BRUSSEL ZUID,JCSUDNORD,BEBMI,10:38,FRMLW
5552,2023-06-11,LYON (intramuros),OUI,6628,18:46,SUD EST,LE CREUSOT MONTCEAU MONTCHANIN,RHONEPARIS,FRXCC,18:04,FRLPD
5553,2023-06-11,LE CREUSOT MONTCEAU MONTCHANIN,NON,6628,20:08,SUD EST,PARIS (intramuros),RHONEPARIS,FRPLY,18:49,FRXCC
5554,2023-06-11,PARIS (intramuros),OUI,3741,07:26,IC NUIT,LOURDES,PARPALOMBE,FRLDE,21:41,FRPAZ
5555,2023-06-11,PARIS (intramuros),OUI,3741,07:07,IC NUIT,TARBES,PARPALOMBE,FRXTB,21:41,FRPAZ
5556,2023-06-11,ANGERS ST LAUD,OUI,8973,12:45,ATLANTIQUE,LA ROCHE SUR YON,PARISLOIRE,FRXRO,11:16,FRACL
5557,2023-06-11,LE MANS,OUI,8973,12:45,ATLANTIQUE,LA ROCHE SUR YON,PARISLOIRE,FRXRO,10:36,FRAET
5558,2023-06-11,PARIS (intramuros),OUI,8973,10:33,ATLANTIQUE,LE MANS,PARISLOIRE,FRAET,09:36,FRPMO
5559,2023-06-11,PARIS (intramuros),OUI,8973,13:14,ATLANTIQUE,LES SABLES D'OLONNE,PARISLOIRE,FRLSO,09:36,FRPMO
5560,2023-06-11,PARIS (intramuros),NON,6605,09:10,SUD EST,LE CREUSOT MONTCEAU MONTCHANIN,PARISRHONE,FRXCC,07:50,FRPLY
5561,2023-06-11,BORDEAUX ST JEAN,NON,3858,19:53,IC SRO,ROCHEFORT,BORDONANTE,FRRCO,17:53,FRBOJ
5562,2023-06-11,JONZAC,NON,3858,20:15,IC SRO,LA ROCHELLE VILLE,BORDONANTE,FRLRH,18:41,FREMR
5563,2023-06-11,JONZAC,NON,3858,19:53,IC SRO,ROCHEFORT,BORDONANTE,FRRCO,18:41,FREMR
5564,2023-06-11,LUCON,NON,3858,21:22,IC SRO,LA ROCHE SUR YON,BORDONANTE,FRXRO,21:00,FRLCN
5565,2023-06-11,LA ROCHELLE VILLE,NON,3858,22:05,IC SRO,NANTES,BORDONANTE,FRNTE,20:19,FRLRH
5566,2023-06-11,ROCHEFORT,NON,3858,22:05,IC SRO,NANTES,BORDONANTE,FRNTE,19:55,FRRCO
5567,2023-06-11,SAINTES,NON,3858,19:53,IC SRO,ROCHEFORT,BORDONANTE,FRRCO,19:25,FRXST
5568,2023-06-11,SAINTES,NON,3858,21:22,IC SRO,LA ROCHE SUR YON,BORDONANTE,FRXRO,19:25,FRXST
5569,2023-06-11,PARIS (intramuros),NON,2591,14:38,EST,CHAMPAGNE-ARDENNE,PANANCY,FREAH,13:58,FRPST
5570,2023-06-11,PARIS (intramuros),NON,2591,16:12,EST,LUNEVILLE,PANANCY,FRLNE,13:58,FRPST
5571,2023-06-11,ANGERS ST LAUD,NON,4404,12:54,IC SRO,SAUMUR,JOURNTELYN,FRACN,12:33,FRACL
5572,2023-06-11,ANGERS ST LAUD,NON,4404,14:56,IC SRO,BOURGES,JOURNTELYN,FRBOU,12:33,FRACL
5573,2023-06-11,ANGERS ST LAUD,NON,4404,17:20,IC SRO,ROANNE,JOURNTELYN,FRRNE,12:33,FRACL
5574,2023-06-11,SAUMUR,NON,4404,15:36,IC SRO,NEVERS,JOURNTELYN,FRNVS,12:56,FRACN
5575,2023-06-11,SAUMUR,NON,4404,14:35,IC SRO,VIERZON VILLE,JOURNTELYN,FRXVZ,12:56,FRACN
5576,2023-06-11,NANTES,NON,4404,12:31,IC SRO,ANGERS ST LAUD,JOURNTELYN,FRACL,11:51,FRNTE
5577,2023-06-11,NEVERS,NON,4404,18:26,IC SRO,LYON (intramuros),JOURNTELYN,FRLPD,15:47,FRNVS
5578,2023-06-11,ST GERMAIN DES FOSSES,NON,4404,17:20,IC SRO,ROANNE,JOURNTELYN,FRRNE,16:43,FRSGF
5579,2023-06-11,ST PIERRE DES CORPS,NON,4404,18:39,IC SRO,LYON (intramuros),JOURNTELYN,FRLPE,13:34,FRXSH
5580,2023-06-11,VIERZON VILLE,NON,4404,17:20,IC SRO,ROANNE,JOURNTELYN,FRRNE,14:39,FRXVZ
5581,2023-06-11,MILANO P GARIBALDI,NON,9244,15:03,INTERNATIONAL,MODANE,ITALIEPA,FRAGR,12:10,ITMPG
5582,2023-06-11,MILANO P GARIBALDI,NON,9244,19:14,INTERNATIONAL,PARIS (intramuros),ITALIEPA,FRPLY,12:10,ITMPG
5583,2023-06-11,OULX CESANA CLAV SESTRIERE,NON,9244,17:38,INTERNATIONAL,MACON LOCHE TGV,ITALIEPA,FRMLT,14:36,ITOCS
5584,2023-06-11,MACON LOCHE TGV,NON,9245,13:49,INTERNATIONAL,MODANE,PAITALIE,FRAGR,11:19,FRMLT
5585,2023-06-11,MACON LOCHE TGV,NON,9245,14:23,INTERNATIONAL,OULX CESANA CLAV SESTRIERE,PAITALIE,ITOCS,11:19,FRMLT
5586,2023-06-11,PARIS (intramuros),NON,9245,11:16,INTERNATIONAL,MACON LOCHE TGV,PAITALIE,FRMLT,09:44,FRPLY
5587,2023-06-11,PARIS (intramuros),NON,9245,15:23,INTERNATIONAL,TORINO PORTA SUSA,PAITALIE,ITTRS,09:44,FRPLY
5588,2023-06-11,CHATEAUROUX,NON,3650,17:22,IC ARO,PARIS (intramuros),TOULOUZECO,FRPAZ,15:03,FRCHR
5589,2023-06-11,CHATEAUROUX,NON,3650,15:37,IC ARO,VIERZON VILLE,TOULOUZECO,FRXVZ,15:03,FRCHR
5590,2023-06-11,GOURDON,NON,3650,12:45,IC ARO,BRIVE LA GAILLARDE,TOULOUZECO,FRBVE,12:02,FRFSI
5591,2023-06-11,GOURDON,NON,3650,17:22,IC ARO,PARIS (intramuros),TOULOUZECO,FRPAZ,12:02,FRFSI
5592,2023-06-11,CAUSSADE TARN ET GARONNE,NON,3650,13:48,IC ARO,LIMOGES BENEDICTINS,TOULOUZECO,FRAGQ,11:08,FRFTA
5593,2023-06-11,CAUSSADE TARN ET GARONNE,NON,3650,15:01,IC ARO,CHATEAUROUX,TOULOUZECO,FRCHR,11:08,FRFTA
5594,2023-06-11,SOUILLAC,NON,3650,15:01,IC ARO,CHATEAUROUX,TOULOUZECO,FRCHR,12:19,FRSOU
5595,2023-06-11,SOUILLAC,NON,3650,17:22,IC ARO,PARIS (intramuros),TOULOUZECO,FRPAZ,12:19,FRSOU
5596,2023-06-11,MONTAUBAN VILLE BOURBON,NON,3650,11:07,IC ARO,CAUSSADE TARN ET GARONNE,TOULOUZECO,FRFTA,10:54,FRXMW
5597,2023-06-11,MONTAUBAN VILLE BOURBON,NON,3650,11:33,IC ARO,CAHORS,TOULOUZECO,FRZAO,10:54,FRXMW
5598,2023-06-11,VIERZON VILLE,NON,3650,17:22,IC ARO,PARIS (intramuros),TOULOUZECO,FRPAZ,15:39,FRXVZ
5599,2023-06-11,TOULOUSE MATABIAU,NON,3650,12:00,IC ARO,GOURDON,TOULOUZECO,FRFSI,10:22,FRXYT
5600,2023-06-11,TOULOUSE MATABIAU,NON,3650,11:07,IC ARO,CAUSSADE TARN ET GARONNE,TOULOUZECO,FRFTA,10:22,FRXYT
5601,2023-06-11,TOULOUSE MATABIAU,NON,3650,15:37,IC ARO,VIERZON VILLE,TOULOUZECO,FRXVZ,10:22,FRXYT
5602,2023-06-11,CAHORS,NON,3650,12:00,IC ARO,GOURDON,TOULOUZECO,FRFSI,11:35,FRZAO
5603,2023-06-11,CAHORS,NON,3650,17:22,IC ARO,PARIS (intramuros),TOULOUZECO,FRPAZ,11:35,FRZAO
5604,2023-06-11,CAHORS,NON,3650,12:17,IC ARO,SOUILLAC,TOULOUZECO,FRSOU,11:35,FRZAO
5605,2023-06-11,SOUILLAC,NON,3650,14:24,IC ARO,LA SOUTERRAINE,TOULOUZECO,FRLST,12:19,FRSOU
5606,2023-06-11,STRASBOURG,NON,2362,19:05,EST,PARIS (intramuros),MULHSTRAPA,FRPST,17:19,FRAEG
5607,2023-06-11,UZERCHE,OUI,3614,07:48,IC ARO,VIERZON VILLE,TOULOUZECO,FRXVZ,05:17,FRAAW
5608,2023-06-11,LIMOGES BENEDICTINS,OUI,3614,06:30,IC ARO,LA SOUTERRAINE,TOULOUZECO,FRLST,05:56,FRAGQ
5609,2023-06-11,LIMOGES BENEDICTINS,OUI,3614,07:48,IC ARO,VIERZON VILLE,TOULOUZECO,FRXVZ,05:56,FRAGQ
5610,2023-06-11,CHATEAUROUX,OUI,3614,09:22,IC ARO,PARIS (intramuros),TOULOUZECO,FRPAZ,07:13,FRCHR
5611,2023-06-11,ARGENTON SUR CREUSE,OUI,3614,07:11,IC ARO,CHATEAUROUX,TOULOUZECO,FRCHR,06:56,FRFMT
5612,2023-06-11,VICHY,NON,5982,18:58,IC ARO,NEVERS,CLERMONTPA,FRNVS,18:06,FRVHY
5613,2023-06-11,VICHY,OUI,5982,18:29,IC ARO,MOULINS SUR ALLIER,CLERMONTPA,FRXMU,18:06,FRVHY
5614,2023-06-11,MOULINS SUR ALLIER,NON,5982,20:56,IC ARO,PARIS (intramuros),CLERMONTPA,FRPLY,18:31,FRXMU
5615,2023-06-11,LILLE (intramuros),NON,7082,21:14,NORD,PARIS (intramuros),LILLEPA,FRPNO,20:12,FRADJ
5616,2023-06-11,DAX,OUI,8572,14:01,ATLANTIQUE,ORTHEZ,PASUDOUEST,FRGFI,13:36,FRACG
5617,2023-06-11,PAU,OUI,8572,14:53,ATLANTIQUE,LOURDES,PASUDOUEST,FRLDE,14:27,FRAEE
5618,2023-06-11,LOURDES,OUI,8572,15:19,ATLANTIQUE,TARBES,PASUDOUEST,FRXTB,15:03,FRLDE
5619,2023-06-11,PARIS (intramuros),NON,8572,13:28,ATLANTIQUE,DAX,PASUDOUEST,FRACG,10:08,FRPMO
5620,2023-06-11,PARIS (intramuros),NON,8572,15:19,ATLANTIQUE,TARBES,PASUDOUEST,FRXTB,10:08,FRPMO
5621,2023-06-11,PARIS (intramuros),NON,9219,19:26,INTERNATIONAL,BASEL SBB,PABALZUR,CHAJP,16:20,FRPLY
5622,2023-06-11,BELFORT-MONTBELIARD TGV,NON,9219,20:26,INTERNATIONAL,ZUERICH HB,PABALZUR,CHAJD,18:41,FRTJA
5623,2023-06-11,DIJON VILLE,NON,5537,19:45,EST,MARSEILLE ST CHARLES,JCRHINRHON,FRMSC,16:20,FRABA
5624,2023-06-11,DIJON VILLE,NON,5537,22:30,EST,NICE VILLE,JCRHINRHON,FRNIC,16:20,FRABA
5625,2023-06-11,DIJON VILLE,NON,5537,20:41,EST,TOULON,JCRHINRHON,FRTLN,16:20,FRABA
5626,2023-06-11,STRASBOURG,NON,5537,19:45,EST,MARSEILLE ST CHARLES,JCRHINRHON,FRMSC,13:37,FRAEG
5627,2023-06-11,STRASBOURG,OUI,5537,15:29,EST,BESANCON - F COMTE TGV,JCRHINRHON,FRTJB,13:37,FRAEG
5628,2023-06-11,STRASBOURG,NON,5537,20:41,EST,TOULON,JCRHINRHON,FRTLN,13:37,FRAEG
5629,2023-06-11,STRASBOURG,NON,5537,21:17,EST,LES ARCS DRAGUIGNAN,JCRHINRHON,FRXRS,13:37,FRAEG
5630,2023-06-11,COLMAR,OUI,5537,16:04,EST,DIJON VILLE,JCRHINRHON,FRABA,14:05,FRAEJ
5631,2023-06-11,MULHOUSE VILLE,NON,5537,19:10,EST,AVIGNON TGV,JCRHINRHON,FRAVG,14:41,FRAEK
5632,2023-06-11,MULHOUSE VILLE,OUI,5537,15:02,EST,BELFORT-MONTBELIARD TGV,JCRHINRHON,FRTJA,14:41,FRAEK
5633,2023-06-11,MULHOUSE VILLE,OUI,5537,15:29,EST,BESANCON - F COMTE TGV,JCRHINRHON,FRTJB,14:41,FRAEK
5634,2023-06-11,MULHOUSE VILLE,NON,5537,22:11,EST,ANTIBES,JCRHINRHON,FRXAT,14:41,FRAEK
5635,2023-06-11,NANCY,NON,5537,19:31,EST,AIX EN PROVENCE TGV,JCRHINRHON,FRAIE,12:26,FRENC
5636,2023-06-11,NANCY,NON,5537,22:30,EST,NICE VILLE,JCRHINRHON,FRNIC,12:26,FRENC
5637,2023-06-11,LYON (intramuros),NON,5537,19:31,EST,AIX EN PROVENCE TGV,JCRHINRHON,FRAIE,18:04,FRLPD
5638,2023-06-11,LYON (intramuros),NON,5537,19:45,EST,MARSEILLE ST CHARLES,JCRHINRHON,FRMSC,18:04,FRLPD
5639,2023-06-11,LYON (intramuros),NON,5537,21:17,EST,LES ARCS DRAGUIGNAN,JCRHINRHON,FRXRS,18:04,FRLPD
5640,2023-06-11,MARSEILLE ST CHARLES,OUI,5537,20:41,EST,TOULON,JCRHINRHON,FRTLN,19:57,FRMSC
5641,2023-06-11,TOULON,OUI,5537,21:59,EST,CANNES,JCRHINRHON,FRJCA,20:45,FRTLN
5642,2023-06-11,TOULON,OUI,5537,22:11,EST,ANTIBES,JCRHINRHON,FRXAT,20:45,FRTLN
5643,2023-06-11,TOULON,OUI,5537,21:17,EST,LES ARCS DRAGUIGNAN,JCRHINRHON,FRXRS,20:45,FRTLN
5644,2023-06-11,BEAUNE,NON,5537,22:30,EST,NICE VILLE,JCRHINRHON,FRNIC,16:42,FRXBV
5645,2023-06-11,BESANCON - F COMTE TGV,NON,5537,20:41,EST,TOULON,JCRHINRHON,FRTLN,15:36,FRTJB
5646,2023-06-11,BESANCON - F COMTE TGV,NON,5537,22:11,EST,ANTIBES,JCRHINRHON,FRXAT,15:36,FRTJB
5647,2023-06-11,NANCY,OUI,5537,15:02,EST,BELFORT-MONTBELIARD TGV,JCRHINRHON,FRTJA,12:26,FRENC
5648,2023-06-11,NANCY,OUI,5537,14:02,EST,COLMAR,JCRHINRHON,FRAEJ,12:26,FRENC
5649,2023-06-11,BEZIERS,OUI,6036,17:43,SUD EST,MONTPELLIER SAINT-ROCH,LANGPA,FRMPL,16:58,FRBZR
5650,2023-06-11,BEZIERS,NON,6036,19:03,SUD EST,VALENCE TGV RHONE-ALPES SUD,LANGPA,FRVLA,16:58,FRBZR
5651,2023-06-11,BEZIERS,OUI,6036,17:24,SUD EST,SETE,LANGPA,FRXSY,16:58,FRBZR
5652,2023-06-11,NIMES,NON,6036,21:18,SUD EST,PARIS (intramuros),LANGPA,FRPLY,18:20,FRFNI
5653,2023-06-11,MONTPELLIER SAINT-ROCH,NON,6036,19:03,SUD EST,VALENCE TGV RHONE-ALPES SUD,LANGPA,FRVLA,17:51,FRMPL
5654,2023-06-11,PERPIGNAN,OUI,6036,17:24,SUD EST,SETE,LANGPA,FRXSY,16:04,FRPGF
5655,2023-06-11,SETE,OUI,6036,17:43,SUD EST,MONTPELLIER SAINT-ROCH,LANGPA,FRMPL,17:27,FRXSY
5656,2023-06-11,LYON (intramuros),OUI,6620,13:58,SUD EST,LYON (intramuros),RHONEPARIS,FRLPD,13:50,FRLPE
5657,2023-06-11,LYON (intramuros),NON,6620,14:46,SUD EST,LE CREUSOT MONTCEAU MONTCHANIN,RHONEPARIS,FRXCC,13:50,FRLPE
5658,2023-06-11,AGEN,NON,4663,17:27,IC ARO,CARCASSONNE,TJOURSOSE,FRCCF,15:30,FRAGF
5659,2023-06-11,BEZIERS,NON,4663,18:53,IC ARO,MONTPELLIER SAINT-ROCH,TJOURSOSE,FRMPL,18:17,FRBZR
5660,2023-06-11,CARCASSONNE,NON,4663,18:14,IC ARO,BEZIERS,TJOURSOSE,FRBZR,17:29,FRCCF
5661,2023-06-11,CARCASSONNE,NON,4663,19:21,IC ARO,NIMES,TJOURSOSE,FRFNI,17:29,FRCCF
5662,2023-06-11,CARCASSONNE,NON,4663,20:36,IC ARO,MARSEILLE ST CHARLES,TJOURSOSE,FRMSC,17:29,FRCCF
5663,2023-06-11,MONTAUBAN VILLE BOURBON,NON,4663,19:21,IC ARO,NIMES,TJOURSOSE,FRFNI,16:07,FRXMW
5664,2023-06-11,NARBONNE,NON,4663,19:21,IC ARO,NIMES,TJOURSOSE,FRFNI,18:01,FRXNA
5665,2023-06-11,TOULOUSE MATABIAU,NON,4663,18:14,IC ARO,BEZIERS,TJOURSOSE,FRBZR,16:44,FRXYT
5666,2023-06-11,TOULOUSE MATABIAU,NON,4663,18:53,IC ARO,MONTPELLIER SAINT-ROCH,TJOURSOSE,FRMPL,16:44,FRXYT
5667,2023-06-11,PARIS (intramuros),NON,6687,19:48,SUD EST,ST ETIENNE CHATEAUCREUX,PARISRHONE,FRHHD,16:58,FRPLY
5668,2023-06-11,LAVAL,OUI,8066,22:49,ATLANTIQUE,LE MANS,BRETAPARIS,FRAET,22:19,FRACR
5669,2023-06-11,BELFORT-MONTBELIARD TGV,NON,6705,14:12,SUD EST,MULHOUSE VILLE,PABOUR,FRAEK,13:49,FRTJA
5670,2023-06-11,PAU,OUI,8592,23:19,ATLANTIQUE,TARBES,PASUDOUEST,FRXTB,22:27,FRAEE
5671,2023-06-11,BORDEAUX ST JEAN,OUI,8592,23:19,ATLANTIQUE,TARBES,PASUDOUEST,FRXTB,20:20,FRBOJ
5672,2023-06-11,BORDEAUX ST JEAN,OUI,4657,10:06,IC ARO,MONTAUBAN VILLE BOURBON,TJOURSOSE,FRXMW,08:26,FRBOJ
5673,2023-06-11,CARCASSONNE,NON,4657,13:50,IC ARO,ARLES,TJOURSOSE,FRHZA,11:29,FRCCF
5674,2023-06-11,ARLES,NON,4657,14:38,IC ARO,MARSEILLE ST CHARLES,TJOURSOSE,FRMSC,13:52,FRHZA
5675,2023-06-11,MARMANDE,NON,4657,13:50,IC ARO,ARLES,TJOURSOSE,FRHZA,09:04,FRXMR
5676,2023-06-11,MONTAUBAN VILLE BOURBON,NON,4657,11:27,IC ARO,CARCASSONNE,TJOURSOSE,FRCCF,10:08,FRXMW
5677,2023-06-11,NARBONNE,NON,4657,13:20,IC ARO,NIMES,TJOURSOSE,FRFNI,12:01,FRXNA
5678,2023-06-11,NARBONNE,NON,4657,13:50,IC ARO,ARLES,TJOURSOSE,FRHZA,12:01,FRXNA
5679,2023-06-11,SETE,NON,4657,12:52,IC ARO,MONTPELLIER SAINT-ROCH,TJOURSOSE,FRMPL,12:36,FRXSY
5680,2023-06-11,TOULOUSE MATABIAU,NON,4657,11:27,IC ARO,CARCASSONNE,TJOURSOSE,FRCCF,10:45,FRXYT
5681,2023-06-11,NANTES,OUI,8126,19:05,ATLANTIQUE,SABLE SUR SARTHE,LOIREPARIS,FRSAB,18:05,FRNTE
5682,2023-06-11,AIX EN PROVENCE TGV,OUI,6128,17:34,SUD EST,AVIGNON TGV,PROVENCEPA,FRAVG,17:14,FRAIE
5683,2023-06-11,AIX EN PROVENCE TGV,NON,6128,20:22,SUD EST,PARIS (intramuros),PROVENCEPA,FRPLY,17:14,FRAIE
5684,2023-06-11,ANGOULEME,NON,5260,10:49,NORD,MASSY TGV,JCAQUINORD,FRDJU,08:36,FRANG
5685,2023-06-11,ANGOULEME,NON,5260,11:27,NORD,MARNE LA VALLEE CHESSY,JCAQUINORD,FRMLV,08:36,FRANG
5686,2023-06-11,ANGOULEME,OUI,5260,09:16,NORD,POITIERS,JCAQUINORD,FRPIS,08:36,FRANG
5687,2023-06-11,ANGOULEME,NON,5260,09:53,NORD,ST PIERRE DES CORPS,JCAQUINORD,FRXSH,08:36,FRANG
5688,2023-06-11,BORDEAUX ST JEAN,NON,5260,11:41,NORD,AEROPORT CDG2 TGV ROISSY,JCAQUINORD,FRMLW,07:58,FRBOJ
5689,2023-06-11,BORDEAUX ST JEAN,OUI,5260,09:16,NORD,POITIERS,JCAQUINORD,FRPIS,07:58,FRBOJ
5690,2023-06-11,POITIERS,NON,5260,12:40,NORD,LILLE (intramuros),JCAQUINORD,FRADJ,09:19,FRPIS
5691,2023-06-11,POITIERS,NON,5260,10:49,NORD,MASSY TGV,JCAQUINORD,FRDJU,09:19,FRPIS
5692,2023-06-11,POITIERS,NON,5260,11:41,NORD,AEROPORT CDG2 TGV ROISSY,JCAQUINORD,FRMLW,09:19,FRPIS
5693,2023-06-11,POITIERS,NON,5260,09:53,NORD,ST PIERRE DES CORPS,JCAQUINORD,FRXSH,09:19,FRPIS
5694,2023-06-11,PARIS (intramuros),NON,8455,23:11,ATLANTIQUE,BORDEAUX ST JEAN,PASUDOUEST,FRBOJ,20:36,FRPMO
5695,2023-06-11,PARIS (intramuros),OUI,8455,20:46,ATLANTIQUE,MASSY TGV,PASUDOUEST,FRDJU,20:36,FRPMO
5696,2023-06-11,PARIS (intramuros),OUI,5771,09:08,IC NUIT,NICE VILLE,PARAZUR,FRNIC,20:48,FRPAZ
5697,2023-06-11,PARIS (intramuros),OUI,5771,08:43,IC NUIT,ANTIBES,PARAZUR,FRXAT,20:48,FRPAZ
5698,2023-06-11,CANNES,OUI,6188,09:07,SUD EST,LES ARCS DRAGUIGNAN,AZURPA,FRXRS,08:28,FRJCA
5699,2023-06-11,NICE VILLE,OUI,6188,09:44,SUD EST,TOULON,AZURPA,FRTLN,07:57,FRNIC
5700,2023-06-11,ANTIBES,OUI,6188,08:24,SUD EST,CANNES,AZURPA,FRJCA,08:14,FRXAT
5701,2023-06-11,BEZIERS,NON,4764,21:39,IC ARO,BORDEAUX ST JEAN,TJOURSESO,FRBOJ,17:47,FRBZR
5702,2023-06-11,NIMES,NON,4764,19:18,IC ARO,TOULOUSE MATABIAU,TJOURSESO,FRXYT,16:38,FRFNI
5703,2023-06-11,MONTPELLIER SAINT-ROCH,NON,4764,21:39,IC ARO,BORDEAUX ST JEAN,TJOURSESO,FRBOJ,17:07,FRMPL
5704,2023-06-11,MONTPELLIER SAINT-ROCH,NON,4764,18:34,IC ARO,CARCASSONNE,TJOURSESO,FRCCF,17:07,FRMPL
5705,2023-06-11,MONTPELLIER SAINT-ROCH,NON,4764,18:01,IC ARO,NARBONNE,TJOURSESO,FRXNA,17:07,FRMPL
5706,2023-06-11,MARSEILLE ST CHARLES,NON,4764,17:44,IC ARO,BEZIERS,TJOURSESO,FRBZR,15:27,FRMSC
5707,2023-06-11,MARSEILLE ST CHARLES,NON,4764,20:58,IC ARO,MARMANDE,TJOURSESO,FRXMR,15:27,FRMSC
5708,2023-06-11,DAX,OUI,8562,12:06,ATLANTIQUE,BORDEAUX ST JEAN,SUDOUESTPA,FRBOJ,10:48,FRACG
5709,2023-06-11,PAU,OUI,8562,10:38,ATLANTIQUE,DAX,SUDOUESTPA,FRACG,09:51,FRAEE
5710,2023-06-11,PAU,OUI,8562,12:06,ATLANTIQUE,BORDEAUX ST JEAN,SUDOUESTPA,FRBOJ,09:51,FRAEE
5711,2023-06-11,LOURDES,OUI,8562,09:48,ATLANTIQUE,PAU,SUDOUESTPA,FRAEE,09:23,FRLDE
5712,2023-06-11,LOURDES,NON,8562,14:20,ATLANTIQUE,PARIS (intramuros),SUDOUESTPA,FRPMO,09:23,FRLDE
5713,2023-06-11,TARBES,OUI,8562,09:48,ATLANTIQUE,PAU,SUDOUESTPA,FRAEE,08:59,FRXTB
5714,2023-06-11,BEZIERS,NON,4758,13:19,IC ARO,TOULOUSE MATABIAU,TJOURSESO,FRXYT,11:47,FRBZR
5715,2023-06-11,NARBONNE,NON,4758,14:59,IC ARO,MARMANDE,TJOURSESO,FRXMR,12:04,FRXNA
5716,2023-06-11,TOULOUSE MATABIAU,NON,4758,14:59,IC ARO,MARMANDE,TJOURSESO,FRXMR,13:25,FRXYT
5717,2023-06-11,ST MAIXENT DEUX SEVRES,OUI,8361,15:56,ATLANTIQUE,SURGERES,PAROCHELLE,FREIP,15:20,FREJC
5718,2023-06-11,NIORT,NON,8361,16:20,ATLANTIQUE,LA ROCHELLE VILLE,PAROCHELLE,FRLRH,15:38,FRNIT
5719,2023-06-11,PARIS (intramuros),OUI,8361,15:56,ATLANTIQUE,SURGERES,PAROCHELLE,FREIP,13:37,FRPMO
5720,2023-06-11,FRANKFURT MAIN HBF,NON,9552,14:23,INTERNATIONAL,KAISERSLAUTERN HBF,FRANCPA,DEKLT,12:56,DEFRH
5721,2023-06-11,FRANKFURT MAIN HBF,NON,9552,15:02,INTERNATIONAL,SARREBRUCK/SAARBRUECKEN,FRANCPA,DESBK,12:56,DEFRH
5722,2023-06-11,MANNHEIM HBF,NON,9552,14:23,INTERNATIONAL,KAISERSLAUTERN HBF,FRANCPA,DEKLT,13:42,DEMHG
5723,2023-06-11,MANNHEIM HBF,NON,9552,16:54,INTERNATIONAL,PARIS (intramuros),FRANCPA,FRPST,13:42,DEMHG
5724,2023-06-11,SARREBRUCK/SAARBRUECKEN,NON,9552,16:54,INTERNATIONAL,PARIS (intramuros),FRANCPA,FRPST,15:03,DESBK
5725,2023-06-11,LYON (intramuros),NON,6608,10:08,SUD EST,PARIS (intramuros),RHONEPARIS,FRPLY,07:50,FRLPE
5726,2023-06-11,PARIS (intramuros),NON,8551,22:16,ATLANTIQUE,BIARRITZ,PASUDOUEST,FRBIQ,18:07,FRPMO
5727,2023-06-11,PARIS (intramuros),NON,8551,20:14,ATLANTIQUE,BORDEAUX ST JEAN,PASUDOUEST,FRBOJ,18:07,FRPMO
5728,2023-06-11,PARIS (intramuros),NON,8551,22:03,ATLANTIQUE,BAYONNE,PASUDOUEST,FRXBY,18:07,FRPMO
5729,2023-06-11,ST JEAN DE LUZ CIBOURE,OUI,8551,22:47,ATLANTIQUE,HENDAYE,PASUDOUEST,FRAEF,22:35,FRXJZ
5730,2023-06-11,PAU,NON,14141,13:06,IC SRO,BAYONNE,SUDOUEST,FRXBY,12:00,FRAEE
5731,2023-06-11,MONTREJEAU GOURDAN POLIGNAN,NON,14141,12:21,IC SRO,ORTHEZ,SUDOUEST,FRGFI,10:39,FRMTJ
5732,2023-06-11,TARBES,NON,14141,13:06,IC SRO,BAYONNE,SUDOUEST,FRXBY,11:15,FRXTB
5733,2023-06-11,TOULOUSE MATABIAU,NON,14141,12:21,IC SRO,ORTHEZ,SUDOUEST,FRGFI,09:32,FRXYT
5734,2023-06-11,BEZIERS,NON,6252,15:04,SUD EST,PARIS (intramuros),LANGPA,FRPLY,10:58,FRBZR
5735,2023-06-11,PERPIGNAN,OUI,6252,10:55,SUD EST,BEZIERS,LANGPA,FRBZR,10:04,FRPGF
5736,2023-06-11,VALENCE TGV RHONE-ALPES SUD,NON,6252,15:04,SUD EST,PARIS (intramuros),LANGPA,FRPLY,12:53,FRVLA
5737,2023-06-11,NARBONNE,OUI,6252,11:25,SUD EST,SETE,LANGPA,FRXSY,10:42,FRXNA
5738,2023-06-11,BEZIERS,OUI,6252,11:45,SUD EST,MONTPELLIER SUD DE FRANCE,LANGPA,FRSUF,10:58,FRBZR
5739,2023-06-11,AGDE,OUI,6252,11:45,SUD EST,MONTPELLIER SUD DE FRANCE,LANGPA,FRSUF,11:12,FRXAG
5740,2023-06-11,PERPIGNAN,OUI,6252,11:45,SUD EST,MONTPELLIER SUD DE FRANCE,LANGPA,FRSUF,10:04,FRPGF
5741,2023-06-11,PERPIGNAN,NON,6252,12:11,SUD EST,NIMES PONT DU GARD,LANGPA,FRXZP,10:04,FRPGF
5742,2023-06-11,PARIS (intramuros),OUI,7389,20:40,NORD,ARRAS,PAARRAS,FRQRV,19:52,FRPNO
5743,2023-06-11,LIMOGES BENEDICTINS,NON,3619,12:57,IC ARO,BRIVE LA GAILLARDE,PALITO,FRBVE,11:56,FRAGQ
5744,2023-06-11,CHATEAUROUX,NON,3619,14:34,IC ARO,CAUSSADE TARN ET GARONNE,PALITO,FRFTA,10:41,FRCHR
5745,2023-06-11,CHATEAUROUX,NON,3619,14:07,IC ARO,CAHORS,PALITO,FRZAO,10:41,FRCHR
5746,2023-06-11,GOURDON,NON,3619,15:23,IC ARO,TOULOUSE MATABIAU,PALITO,FRXYT,13:42,FRFSI
5747,2023-06-11,GOURDON,NON,3619,14:07,IC ARO,CAHORS,PALITO,FRZAO,13:42,FRFSI
5748,2023-06-11,LES AUBRAIS ORLEANS,NON,3619,11:53,IC ARO,LIMOGES BENEDICTINS,PALITO,FRAGQ,09:28,FRLAB
5749,2023-06-11,LES AUBRAIS ORLEANS,NON,3619,13:40,IC ARO,GOURDON,PALITO,FRFSI,09:28,FRLAB
5750,2023-06-11,LES AUBRAIS ORLEANS,NON,3619,14:07,IC ARO,CAHORS,PALITO,FRZAO,09:28,FRLAB
5751,2023-06-11,LA SOUTERRAINE,NON,3619,12:57,IC ARO,BRIVE LA GAILLARDE,PALITO,FRBVE,11:19,FRLST
5752,2023-06-11,PARIS (intramuros),NON,3619,14:34,IC ARO,CAUSSADE TARN ET GARONNE,PALITO,FRFTA,08:22,FRPAZ
5753,2023-06-11,PARIS (intramuros),NON,3619,10:07,IC ARO,VIERZON VILLE,PALITO,FRXVZ,08:22,FRPAZ
5754,2023-06-11,LIMOGES BENEDICTINS,OUI,3664,17:51,IC ARO,ARGENTON SUR CREUSE,TOULOUZECO,FRFMT,16:54,FRAGQ
5755,2023-06-11,ARGENTON SUR CREUSE,NON,3664,18:08,IC ARO,CHATEAUROUX,TOULOUZECO,FRCHR,17:52,FRFMT
5756,2023-06-11,ARGENTON SUR CREUSE,NON,3664,18:43,IC ARO,VIERZON VILLE,TOULOUZECO,FRXVZ,17:52,FRFMT
5757,2023-06-11,LA SOUTERRAINE,OUI,3664,17:51,IC ARO,ARGENTON SUR CREUSE,TOULOUZECO,FRFMT,17:29,FRLST
5758,2023-06-11,ST GAUDENS,NON,14151,15:53,IC SRO,PAU,SUDOUEST,FRAEE,14:19,FRFPH
5759,2023-06-11,TARBES,NON,14151,16:17,IC SRO,ORTHEZ,SUDOUEST,FRGFI,15:11,FRXTB
5760,2023-06-11,HENDAYE,NON,8530,11:52,ATLANTIQUE,PARIS (intramuros),SUDOUESTPA,FRPMO,07:12,FRAEF
5761,2023-06-11,HENDAYE,OUI,8530,07:51,ATLANTIQUE,BAYONNE,SUDOUESTPA,FRXBY,07:12,FRAEF
5762,2023-06-11,BIARRITZ,NON,8530,08:26,ATLANTIQUE,DAX,SUDOUESTPA,FRACG,07:39,FRBIQ
5763,2023-06-11,BIARRITZ,NON,8530,09:40,ATLANTIQUE,BORDEAUX ST JEAN,SUDOUESTPA,FRBOJ,07:39,FRBIQ
5764,2023-06-11,BAYONNE,NON,8530,08:26,ATLANTIQUE,DAX,SUDOUESTPA,FRACG,07:54,FRXBY
5765,2023-06-11,PARIS (intramuros),NON,6133,23:46,SUD EST,AIX EN PROVENCE TGV,PAPROVENCE,FRAIE,20:35,FRPLY
5766,2023-06-11,PARIS (intramuros),NON,6133,00:00,SUD EST,MARSEILLE ST CHARLES,PAPROVENCE,FRMSC,20:35,FRPLY
5767,2023-06-11,POITIERS,OUI,8375,11:38,ATLANTIQUE,NIORT,PAROCHELLE,FRNIT,10:53,FRPIS
5768,2023-06-11,PARIS (intramuros),OUI,8375,10:12,ATLANTIQUE,ST PIERRE DES CORPS,PAROCHELLE,FRXSH,09:12,FRPMO
5769,2023-06-11,ST PIERRE DES CORPS,OUI,8375,12:22,ATLANTIQUE,LA ROCHELLE VILLE,PAROCHELLE,FRLRH,10:16,FRXSH
5770,2023-06-11,CLERMONT FERRAND,OUI,5974,17:57,IC ARO,PARIS (intramuros),CLERMONTPA,FRPLY,14:31,FRCFE
5771,2023-06-11,RIOM CHATEL GUYON,OUI,5974,15:58,IC ARO,NEVERS,CLERMONTPA,FRNVS,14:42,FRRIO
5772,2023-06-11,VICHY,OUI,5974,15:58,IC ARO,NEVERS,CLERMONTPA,FRNVS,15:06,FRVHY
5773,2023-06-11,VICHY,OUI,5974,17:57,IC ARO,PARIS (intramuros),CLERMONTPA,FRPLY,15:06,FRVHY
5774,2023-06-11,ANGERS ST LAUD,OUI,8913,13:03,ATLANTIQUE,LE CROISIC,PARISLOIRE,FREGU,11:16,FRACL
5775,2023-06-11,ANGERS ST LAUD,OUI,8913,12:50,ATLANTIQUE,LA BAULE ESCOUBLAC,PARISLOIRE,FRJEE,11:16,FRACL
5776,2023-06-11,ANGERS ST LAUD,OUI,8913,12:33,ATLANTIQUE,ST NAZAIRE,PARISLOIRE,FRSNR,11:16,FRACL
5777,2023-06-11,LE MANS,NON,8913,11:13,ATLANTIQUE,ANGERS ST LAUD,PARISLOIRE,FRACL,10:36,FRAET
5778,2023-06-11,LE MANS,NON,8913,13:03,ATLANTIQUE,LE CROISIC,PARISLOIRE,FREGU,10:36,FRAET
5779,2023-06-11,LE MANS,NON,8913,11:54,ATLANTIQUE,NANTES,PARISLOIRE,FRNTE,10:36,FRAET
5780,2023-06-11,NANTES,OUI,8913,12:50,ATLANTIQUE,LA BAULE ESCOUBLAC,PARISLOIRE,FRJEE,12:00,FRNTE
5781,2023-06-11,PARIS (intramuros),NON,8913,12:33,ATLANTIQUE,ST NAZAIRE,PARISLOIRE,FRSNR,09:36,FRPMO
5782,2023-06-11,ISSOIRE,NON,15940,16:01,IC SRO,CLERMONT FERRAND,JOUNOREST,FRCFE,15:36,FRHLB
5783,2023-06-11,NEUSSARGUES,NON,15940,14:57,IC SRO,MASSIAC BLESLE,JOUNOREST,FRHMY,14:36,FRNEU
5784,2023-06-11,AIX EN PROVENCE TGV,OUI,6144,21:37,SUD EST,AVIGNON TGV,PROVENCEPA,FRAVG,21:17,FRAIE
5785,2023-06-11,AVIGNON TGV,NON,6144,00:23,SUD EST,PARIS (intramuros),PROVENCEPA,FRPLY,21:40,FRAVG
5786,2023-06-11,MARSEILLE ST CHARLES,OUI,6144,21:14,SUD EST,AIX EN PROVENCE TGV,PROVENCEPA,FRAIE,21:02,FRMSC
5787,2023-06-11,LYON (intramuros),NON,6612,10:45,SUD EST,LE CREUSOT MONTCEAU MONTCHANIN,RHONEPARIS,FRXCC,10:04,FRLPD
5788,2023-06-11,LYON (intramuros),NON,6612,12:08,SUD EST,PARIS (intramuros),RHONEPARIS,FRPLY,09:50,FRLPE
5789,2023-06-11,CHAMBERY CHALLES LES EAUX,NON,6937,12:59,SUD EST,AIX LES BAINS LE REVARD,PARISALPES,FRXAI,12:49,FRCMF
5790,2023-06-11,MACON LOCHE TGV,NON,6937,13:28,SUD EST,ANNECY,PARISALPES,FRNCY,11:19,FRMLT
5791,2023-06-11,MACON LOCHE TGV,NON,6937,12:59,SUD EST,AIX LES BAINS LE REVARD,PARISALPES,FRXAI,11:19,FRMLT
5792,2023-06-11,PARIS (intramuros),NON,6937,12:59,SUD EST,AIX LES BAINS LE REVARD,PARISALPES,FRXAI,09:44,FRPLY
5793,2023-06-11,AIX LES BAINS LE REVARD,NON,6937,13:28,SUD EST,ANNECY,PARISALPES,FRNCY,13:02,FRXAI
5794,2023-06-11,DAX,NON,8542,17:39,ATLANTIQUE,BORDEAUX ST JEAN,SUDOUESTPA,FRBOJ,16:29,FRACG
5795,2023-06-11,HENDAYE,OUI,8542,15:25,ATLANTIQUE,ST JEAN DE LUZ CIBOURE,SUDOUESTPA,FRXJZ,15:14,FRAEF
5796,2023-06-11,BIARRITZ,NON,8542,19:52,ATLANTIQUE,PARIS (intramuros),SUDOUESTPA,FRPMO,15:41,FRBIQ
5797,2023-06-11,BIARRITZ,OUI,8542,15:53,ATLANTIQUE,BAYONNE,SUDOUESTPA,FRXBY,15:41,FRBIQ
5798,2023-06-11,BAYONNE,NON,8542,19:52,ATLANTIQUE,PARIS (intramuros),SUDOUESTPA,FRPMO,15:56,FRXBY
5799,2023-06-11,ST JEAN DE LUZ CIBOURE,OUI,8542,15:38,ATLANTIQUE,BIARRITZ,SUDOUESTPA,FRBIQ,15:27,FRXJZ
5800,2023-06-11,ST JEAN DE LUZ CIBOURE,NON,8542,17:39,ATLANTIQUE,BORDEAUX ST JEAN,SUDOUESTPA,FRBOJ,15:27,FRXJZ
5801,2023-06-11,ST JEAN DE LUZ CIBOURE,OUI,8542,15:53,ATLANTIQUE,BAYONNE,SUDOUESTPA,FRXBY,15:27,FRXJZ
5802,2023-06-11,BELLEGARDE,NON,9780,19:49,INTERNATIONAL,BOURG EN BRESSE,GENEVEPA,FRXBK,19:02,FRXBF
5803,2023-06-11,BOURG EN BRESSE,NON,9780,21:42,INTERNATIONAL,PARIS (intramuros),GENEVEPA,FRPLY,19:52,FRXBK
5804,2023-06-11,MASSY TGV,NON,5386,20:32,SUD EST,RENNES,JCSUDATL,FRRNS,18:39,FRDJU
5805,2023-06-11,LYON (intramuros),NON,5386,20:05,SUD EST,LAVAL,JCSUDATL,FRACR,16:30,FRLPD
5806,2023-06-11,LYON (intramuros),NON,6692,09:30,SUD EST,PARIS (intramuros),RHONEPARIS,FRPLY,07:34,FRLPD
5807,2023-06-11,PERPIGNAN,NON,6262,22:08,SUD EST,PARIS (intramuros),LANGPA,FRPLY,17:04,FRPGF
5808,2023-06-11,PERPIGNAN,OUI,6262,18:27,SUD EST,SETE,LANGPA,FRXSY,17:04,FRPGF
5809,2023-06-11,AGDE,NON,6262,19:51,SUD EST,VALENCE TGV RHONE-ALPES SUD,LANGPA,FRVLA,18:14,FRXAG
5810,2023-06-11,NARBONNE,NON,6262,22:08,SUD EST,PARIS (intramuros),LANGPA,FRPLY,17:42,FRXNA
5811,2023-06-11,NARBONNE,OUI,6262,18:27,SUD EST,SETE,LANGPA,FRXSY,17:42,FRXNA
5812,2023-06-11,SETE,NON,6262,22:08,SUD EST,PARIS (intramuros),LANGPA,FRPLY,18:30,FRXSY
5813,2023-06-11,PERPIGNAN,NON,6262,19:11,SUD EST,NIMES PONT DU GARD,LANGPA,FRXZP,17:04,FRPGF
5814,2023-06-11,MASSY TGV,OUI,5351,10:39,SUD EST,ANGERS ST LAUD,JCSUDATL,FRACL,08:43,FRDJU
5815,2023-06-11,LYON (intramuros),OUI,5351,10:39,SUD EST,ANGERS ST LAUD,JCSUDATL,FRACL,06:30,FRLPD
5816,2023-06-11,LYON (intramuros),OUI,5351,10:39,SUD EST,ANGERS ST LAUD,JCSUDATL,FRACL,06:16,FRLPE
5817,2023-06-11,LYON (intramuros),OUI,5351,09:42,SUD EST,ST PIERRE DES CORPS,JCSUDATL,FRXSH,06:16,FRLPE
5818,2023-06-11,AGEN,NON,8516,19:39,ATLANTIQUE,BORDEAUX ST JEAN,SUDOUESTPA,FRBOJ,18:31,FRAGF
5819,2023-06-11,GENEVE,NON,9768,13:42,INTERNATIONAL,PARIS (intramuros),GENEVEPA,FRPLY,10:29,CHGVA
5820,2023-06-11,CHAMBERY CHALLES LES EAUX,NON,6978,19:14,SUD EST,PARIS (intramuros),ALPESPARIS,FRPLY,16:23,FRCMF
5821,2023-06-11,ANNECY,NON,6978,16:10,SUD EST,CHAMBERY CHALLES LES EAUX,ALPESPARIS,FRCMF,15:31,FRNCY
5822,2023-06-11,ANNECY,NON,6978,17:38,SUD EST,MACON LOCHE TGV,ALPESPARIS,FRMLT,15:31,FRNCY
5823,2023-06-11,AIX LES BAINS LE REVARD,NON,6978,19:14,SUD EST,PARIS (intramuros),ALPESPARIS,FRPLY,15:59,FRXAI
5824,2023-06-11,AIX EN PROVENCE TGV,NON,6801,10:47,SUD EST,ANTIBES,JCPROVSUD,FRXAT,08:03,FRAIE
5825,2023-06-11,AVIGNON TGV,NON,6801,10:35,SUD EST,CANNES,JCPROVSUD,FRJCA,07:38,FRAVG
5826,2023-06-11,AVIGNON TGV,NON,6801,09:49,SUD EST,LES ARCS DRAGUIGNAN,JCPROVSUD,FRXRS,07:38,FRAVG
5827,2023-06-11,LYON (intramuros),OUI,6801,08:00,SUD EST,AIX EN PROVENCE TGV,JCPROVSUD,FRAIE,06:04,FRLPD
5828,2023-06-11,LYON (intramuros),NON,6801,10:47,SUD EST,ANTIBES,JCPROVSUD,FRXAT,06:04,FRLPD
5829,2023-06-11,LYON (intramuros),NON,6801,09:49,SUD EST,LES ARCS DRAGUIGNAN,JCPROVSUD,FRXRS,06:04,FRLPD
5830,2023-06-11,TOULON,OUI,6801,10:35,SUD EST,CANNES,JCPROVSUD,FRJCA,09:15,FRTLN
5831,2023-06-11,LES ARCS DRAGUIGNAN,OUI,6801,10:06,SUD EST,ST RAPHAEL VALESCURE,JCPROVSUD,FRXSK,09:52,FRXRS
5832,2023-06-11,BORDEAUX ST JEAN,NON,8450,21:41,ATLANTIQUE,PARIS (intramuros),SUDOUESTPA,FRPMO,18:38,FRBOJ
5833,2023-06-11,AIX EN PROVENCE TGV,OUI,6123,20:56,SUD EST,MARSEILLE ST CHARLES,PAPROVENCE,FRMSC,20:44,FRAIE
5834,2023-06-11,AVIGNON TGV,OUI,6123,20:56,SUD EST,MARSEILLE ST CHARLES,PAPROVENCE,FRMSC,20:20,FRAVG
5835,2023-06-11,PARIS (intramuros),NON,6123,20:17,SUD EST,AVIGNON TGV,PAPROVENCE,FRAVG,17:36,FRPLY
5836,2023-06-11,STRASBOURG,NON,9573,13:26,INTERNATIONAL,KARLSRUHE HBF,PASTUTMUN,DEQKA,12:46,FRAEG
5837,2023-06-11,STRASBOURG,NON,9573,14:05,INTERNATIONAL,STUTTGART HBF,PASTUTMUN,DESGT,12:46,FRAEG
5838,2023-06-11,BORDEAUX ST JEAN,OUI,8475,17:46,ATLANTIQUE,FACTURE BIGANOS,PASUDOUEST,FRFAC,17:25,FRBOJ
5839,2023-06-11,FRANKFURT MAIN HBF,NON,9560,17:36,INTERNATIONAL,MANNHEIM HBF,FRANCPA,DEMHG,16:56,DEFRH
5840,2023-06-11,FRANKFURT MAIN HBF,NON,9560,18:48,INTERNATIONAL,STRASBOURG,FRANCPA,FRAEG,16:56,DEFRH
5841,2023-06-11,MANNHEIM HBF,NON,9560,18:48,INTERNATIONAL,STRASBOURG,FRANCPA,FRAEG,17:38,DEMHG
5842,2023-06-11,KARLSRUHE HBF,NON,9560,18:48,INTERNATIONAL,STRASBOURG,FRANCPA,FRAEG,18:05,DEQKA
5843,2023-06-11,LILLE (intramuros),NON,5026,12:08,NORD,MARNE LA VALLEE CHESSY,JCNORDSUD,FRMLV,11:03,FRLLE
5844,2023-06-11,LILLE (intramuros),OUI,5026,11:53,NORD,AEROPORT CDG2 TGV ROISSY,JCNORDSUD,FRMLW,11:03,FRLLE
5845,2023-06-11,AEROPORT CDG2 TGV ROISSY,NON,5026,14:00,NORD,LYON (intramuros),JCNORDSUD,FRLPD,11:59,FRMLW
5846,2023-06-11,ZUERICH HB,NON,9218,12:28,INTERNATIONAL,BASEL SBB,ZURBALPA,CHAJP,11:34,CHAJD
5847,2023-06-11,ZUERICH HB,NON,9218,13:17,INTERNATIONAL,BELFORT-MONTBELIARD TGV,ZURBALPA,FRTJA,11:34,CHAJD
5848,2023-06-11,MULHOUSE VILLE,NON,9218,15:38,INTERNATIONAL,PARIS (intramuros),ZURBALPA,FRPLY,12:56,FRAEK
5849,2023-06-11,THONON LES BAINS,NON,6504,18:16,SUD EST,PARIS (intramuros),ALPESPARIS,FRPLY,13:53,FRXTS
5850,2023-06-11,PARIS (intramuros),NON,8505,15:00,ATLANTIQUE,MONTAUBAN VILLE BOURBON,PASUDOUEST,FRXMW,11:08,FRPMO
5851,2023-06-11,AGEN,OUI,4756,13:37,IC ARO,BORDEAUX ST JEAN,TJOURSESO,FRBOJ,12:33,FRAGF
5852,2023-06-11,CARCASSONNE,OUI,4756,13:37,IC ARO,BORDEAUX ST JEAN,TJOURSESO,FRBOJ,10:35,FRCCF
5853,2023-06-11,ARLES,OUI,4756,13:37,IC ARO,BORDEAUX ST JEAN,TJOURSESO,FRBOJ,08:13,FRHZA
5854,2023-06-11,ARLES,OUI,4756,11:54,IC ARO,MONTAUBAN VILLE BOURBON,TJOURSESO,FRXMW,08:13,FRHZA
5855,2023-06-11,ARLES,OUI,4756,10:01,IC ARO,NARBONNE,TJOURSESO,FRXNA,08:13,FRHZA
5856,2023-06-11,MONTPELLIER SAINT-ROCH,OUI,4756,11:18,IC ARO,TOULOUSE MATABIAU,TJOURSESO,FRXYT,09:11,FRMPL
5857,2023-06-11,MARSEILLE ST CHARLES,OUI,4756,13:37,IC ARO,BORDEAUX ST JEAN,TJOURSESO,FRBOJ,07:22,FRMSC
5858,2023-06-11,NARBONNE,OUI,4756,12:31,IC ARO,AGEN,TJOURSESO,FRAGF,10:04,FRXNA
5859,2023-06-11,NARBONNE,OUI,4756,10:33,IC ARO,CARCASSONNE,TJOURSESO,FRCCF,10:04,FRXNA
5860,2023-06-11,NEVERS,OUI,5955,12:01,IC ARO,VICHY,PACLERMONT,FRVHY,10:59,FRNVS
5861,2023-06-11,PARIS (intramuros),OUI,5955,10:57,IC ARO,NEVERS,PACLERMONT,FRNVS,08:54,FRPLY
5862,2023-06-11,PARIS (intramuros),OUI,5955,11:28,IC ARO,MOULINS SUR ALLIER,PACLERMONT,FRXMU,08:54,FRPLY
5863,2023-06-11,MOULINS SUR ALLIER,OUI,5955,12:01,IC ARO,VICHY,PACLERMONT,FRVHY,11:30,FRXMU
5864,2023-06-11,LIMOGES BENEDICTINS,OUI,3629,15:56,IC ARO,BRIVE LA GAILLARDE,PALITO,FRBVE,14:57,FRAGQ
5865,2023-06-11,CHATEAUROUX,OUI,3629,14:54,IC ARO,LIMOGES BENEDICTINS,PALITO,FRAGQ,13:39,FRCHR
5866,2023-06-11,CHATEAUROUX,OUI,3629,14:15,IC ARO,LA SOUTERRAINE,PALITO,FRLST,13:39,FRCHR
5867,2023-06-11,LES AUBRAIS ORLEANS,OUI,3629,15:56,IC ARO,BRIVE LA GAILLARDE,PALITO,FRBVE,12:30,FRLAB
5868,2023-06-11,LES AUBRAIS ORLEANS,OUI,3629,13:37,IC ARO,CHATEAUROUX,PALITO,FRCHR,12:30,FRLAB
5869,2023-06-11,LA SOUTERRAINE,OUI,3629,14:54,IC ARO,LIMOGES BENEDICTINS,PALITO,FRAGQ,14:17,FRLST
5870,2023-06-11,LA SOUTERRAINE,OUI,3629,15:56,IC ARO,BRIVE LA GAILLARDE,PALITO,FRBVE,14:17,FRLST
5871,2023-06-11,PARIS (intramuros),OUI,3629,14:54,IC ARO,LIMOGES BENEDICTINS,PALITO,FRAGQ,11:29,FRPAZ
5872,2023-06-11,PARIS (intramuros),OUI,3629,13:37,IC ARO,CHATEAUROUX,PALITO,FRCHR,11:29,FRPAZ
5873,2023-06-11,PARIS (intramuros),OUI,3629,14:15,IC ARO,LA SOUTERRAINE,PALITO,FRLST,11:29,FRPAZ
5874,2023-06-11,VIERZON VILLE,OUI,3629,15:56,IC ARO,BRIVE LA GAILLARDE,PALITO,FRBVE,13:07,FRXVZ
5875,2023-06-11,MODANE,NON,9240,09:36,INTERNATIONAL,ST JEAN DE MAURIENNE ARVAN,ITALIEPA,FRHPN,09:13,FRAGR
5876,2023-06-11,CHAMBERY CHALLES LES EAUX,NON,9240,13:14,INTERNATIONAL,PARIS (intramuros),ITALIEPA,FRPLY,10:22,FRCMF
5877,2023-06-11,ST JEAN DE MAURIENNE ARVAN,NON,9240,11:40,INTERNATIONAL,MACON LOCHE TGV,ITALIEPA,FRMLT,09:37,FRHPN
5878,2023-06-11,MILANO P GARIBALDI,NON,9240,13:14,INTERNATIONAL,PARIS (intramuros),ITALIEPA,FRPLY,06:00,ITMPG
5879,2023-06-11,NIMES,NON,6038,19:18,SUD EST,PARIS (intramuros),LANGPA,FRPLY,16:17,FRFNI
5880,2023-06-11,BORDEAUX ST JEAN,NON,3856,18:05,IC SRO,NANTES,BORDONANTE,FRNTE,13:53,FRBOJ
5881,2023-06-11,ROCHEFORT,NON,3856,16:58,IC SRO,LUCON,BORDONANTE,FRLCN,15:56,FRRCO
5882,2023-06-11,ROCHEFORT,NON,3856,16:15,IC SRO,LA ROCHELLE VILLE,BORDONANTE,FRLRH,15:56,FRRCO
5883,2023-06-11,SAINTES,NON,3856,15:54,IC SRO,ROCHEFORT,BORDONANTE,FRRCO,15:25,FRXST
5884,2023-06-11,PARIS (intramuros),OUI,2715,09:14,EST,REIMS,PABARSED,FRRHE,08:28,FRPST
5885,2023-06-11,LE MANS,NON,8881,18:13,ATLANTIQUE,ANGERS ST LAUD,PARISLOIRE,FRACL,17:36,FRAET
5886,2023-06-11,PARIS (intramuros),NON,8881,18:13,ATLANTIQUE,ANGERS ST LAUD,PARISLOIRE,FRACL,16:36,FRPMO
5887,2023-06-11,PARIS (intramuros),NON,6153,21:15,SUD EST,MARSEILLE ST CHARLES,PAAZUR,FRMSC,18:08,FRPLY
5888,2023-06-11,CARCASSONNE,NON,6875,20:01,SUD EST,MONTPELLIER SUD DE FRANCE,JCSUDPROV,FRSUF,18:28,FRCCF
5889,2023-06-11,BEZIERS,NON,6875,20:01,SUD EST,MONTPELLIER SUD DE FRANCE,JCSUDPROV,FRSUF,19:15,FRBZR
5890,2023-06-11,MONTPELLIER SUD DE FRANCE,NON,6875,21:52,SUD EST,LYON (intramuros),JCSUDPROV,FRLPD,20:11,FRSUF
5891,2023-06-11,TOULOUSE MATABIAU,NON,6875,20:30,SUD EST,NIMES PONT DU GARD,JCSUDPROV,FRXZP,17:43,FRXYT
5892,2023-06-11,BEZIERS,NON,6875,20:30,SUD EST,NIMES PONT DU GARD,JCSUDPROV,FRXZP,19:15,FRBZR
5893,2023-06-11,CARCASSONNE,NON,6875,20:30,SUD EST,NIMES PONT DU GARD,JCSUDPROV,FRXZP,18:28,FRCCF
5894,2023-06-11,SURGERES,OUI,8374,12:09,ATLANTIQUE,POITIERS,ROCHELLEPA,FRPIS,11:05,FREIP
5895,2023-06-11,NIORT,OUI,8374,12:09,ATLANTIQUE,POITIERS,ROCHELLEPA,FRPIS,11:26,FRNIT
5896,2023-06-11,NIMES,NON,9713,14:58,SUD EST,PERPIGNAN,PABARCELONE,FRPGF,12:49,FRFNI
5897,2023-06-11,NIMES,NON,9713,13:34,SUD EST,SETE,PABARCELONE,FRXSY,12:49,FRFNI
5898,2023-06-11,MONTPELLIER SAINT-ROCH,NON,9713,13:52,SUD EST,AGDE,PABARCELONE,FRXAG,13:20,FRMPL
5899,2023-06-11,MONTPELLIER SAINT-ROCH,NON,9713,14:24,SUD EST,NARBONNE,PABARCELONE,FRXNA,13:20,FRMPL
5900,2023-06-11,PARIS (intramuros),NON,9713,14:24,SUD EST,NARBONNE,PABARCELONE,FRXNA,09:40,FRPLY
5901,2023-06-11,PARIS (intramuros),NON,9713,13:34,SUD EST,SETE,PABARCELONE,FRXSY,09:40,FRPLY
5902,2023-06-11,VALENCE TGV RHONE-ALPES SUD,NON,9713,14:58,SUD EST,PERPIGNAN,PABARCELONE,FRPGF,12:00,FRVLA
5903,2023-06-11,AGDE,NON,9713,14:07,SUD EST,BEZIERS,PABARCELONE,FRBZR,13:55,FRXAG
5904,2023-06-11,SETE,NON,9713,14:07,SUD EST,BEZIERS,PABARCELONE,FRBZR,13:37,FRXSY
5905,2023-06-11,PERPIGNAN,NON,9713,16:34,SUD EST,BARCELONA SANTS,PABARCELONE,ESBST,15:04,FRPGF
5906,2023-06-11,MONTPELLIER SAINT-ROCH,NON,9713,15:46,SUD EST,GIRONA,PABARCELONE,ESGRO,13:20,FRMPL
5907,2023-06-11,MONTPELLIER SAINT-ROCH,NON,9713,16:34,SUD EST,BARCELONA SANTS,PABARCELONE,ESBST,13:20,FRMPL
5908,2023-06-11,NARBONNE,NON,9713,15:46,SUD EST,GIRONA,PABARCELONE,ESGRO,14:27,FRXNA
5909,2023-06-11,NARBONNE,NON,9713,15:27,SUD EST,FIGUERES VILA TGV,PABARCELONE,ESFIR,14:27,FRXNA
5910,2023-06-11,AGDE,NON,9713,15:27,SUD EST,FIGUERES VILA TGV,PABARCELONE,ESFIR,13:55,FRXAG
5911,2023-06-11,LIMOGES BENEDICTINS,OUI,3635,17:30,IC ARO,SOUILLAC,PALITO,FRSOU,16:03,FRAGQ
5912,2023-06-11,BRIVE LA GAILLARDE,OUI,3635,18:15,IC ARO,CAHORS,PALITO,FRZAO,17:06,FRBVE
5913,2023-06-11,CHATEAUROUX,OUI,3635,16:00,IC ARO,LIMOGES BENEDICTINS,PALITO,FRAGQ,14:45,FRCHR
5914,2023-06-11,CHATEAUROUX,OUI,3635,17:03,IC ARO,BRIVE LA GAILLARDE,PALITO,FRBVE,14:45,FRCHR
5915,2023-06-11,CHATEAUROUX,OUI,3635,15:25,IC ARO,LA SOUTERRAINE,PALITO,FRLST,14:45,FRCHR
5916,2023-06-11,ARGENTON SUR CREUSE,OUI,3635,18:15,IC ARO,CAHORS,PALITO,FRZAO,15:01,FRFMT
5917,2023-06-11,LA SOUTERRAINE,OUI,3635,18:15,IC ARO,CAHORS,PALITO,FRZAO,15:26,FRLST
5918,2023-06-11,PARIS (intramuros),OUI,3635,17:30,IC ARO,SOUILLAC,PALITO,FRSOU,12:37,FRPAZ
5919,2023-06-11,SOUILLAC,OUI,3635,18:15,IC ARO,CAHORS,PALITO,FRZAO,17:32,FRSOU
5920,2023-06-11,VIERZON VILLE,OUI,3635,17:03,IC ARO,BRIVE LA GAILLARDE,PALITO,FRBVE,14:13,FRXVZ
5921,2023-06-11,VIERZON VILLE,OUI,3635,14:43,IC ARO,CHATEAUROUX,PALITO,FRCHR,14:13,FRXVZ
5922,2023-06-11,VIERZON VILLE,OUI,3635,17:30,IC ARO,SOUILLAC,PALITO,FRSOU,14:13,FRXVZ
5923,2023-06-11,ANGERS ST LAUD,NON,8912,10:23,ATLANTIQUE,LE MANS,LOIREPARIS,FRAET,09:44,FRACL
5924,2023-06-11,LA BAULE ESCOUBLAC,NON,8912,11:25,ATLANTIQUE,PARIS (intramuros),LOIREPARIS,FRPMO,08:07,FRJEE
5925,2023-06-11,NANTES,NON,8912,11:25,ATLANTIQUE,PARIS (intramuros),LOIREPARIS,FRPMO,09:05,FRNTE
5926,2023-06-11,ST NAZAIRE,NON,8912,11:25,ATLANTIQUE,PARIS (intramuros),LOIREPARIS,FRPMO,08:24,FRSNR
5927,2023-06-11,PARIS (intramuros),NON,9777,18:09,INTERNATIONAL,BOURG EN BRESSE,PAGENEVE,FRXBK,16:16,FRPLY
5928,2023-06-11,BOURG EN BRESSE,NON,9781,20:35,INTERNATIONAL,NURIEUX,PAGENEVE,FRHQN,20:10,FRXBK
5929,2023-06-11,FACTURE BIGANOS,OUI,8472,17:02,ATLANTIQUE,BORDEAUX ST JEAN,SUDOUESTPA,FRBOJ,16:41,FRFAC
5930,2023-06-11,ARCACHON,NON,8472,19:10,ATLANTIQUE,MASSY TGV,SUDOUESTPA,FRDJU,16:23,FRXAC
5931,2023-06-11,VALENCE TGV RHONE-ALPES SUD,OUI,6864,15:18,SUD EST,LYON (intramuros),JCSUDPROV,FRLPD,14:40,FRVLA
5932,2023-06-11,LA ROCHELLE VILLE,OUI,8380,16:38,ATLANTIQUE,ST MAIXENT DEUX SEVRES,ROCHELLEPA,FREJC,15:47,FRLRH
5933,2023-06-11,LA ROCHELLE VILLE,OUI,8380,16:21,ATLANTIQUE,NIORT,ROCHELLEPA,FRNIT,15:47,FRLRH
5934,2023-06-11,LA ROCHELLE VILLE,OUI,8380,17:11,ATLANTIQUE,POITIERS,ROCHELLEPA,FRPIS,15:47,FRLRH
5935,2023-06-11,NIORT,OUI,8380,16:38,ATLANTIQUE,ST MAIXENT DEUX SEVRES,ROCHELLEPA,FREJC,16:24,FRNIT
5936,2023-06-11,ARRAS,NON,7142,21:08,NORD,PARIS (intramuros),ARRASPA,FRPNO,20:18,FRQRV
5937,2023-06-11,BRUXELLES MIDI BRUSSEL ZUID,NON,9844,18:52,NORD,LILLE (intramuros),JCNORDSUD,FRLLE,18:17,BEBMI
5938,2023-06-11,BRUXELLES MIDI BRUSSEL ZUID,NON,9844,22:18,NORD,LYON (intramuros),JCNORDSUD,FRLPE,18:17,BEBMI
5939,2023-06-11,LE MANS,OUI,5354,14:50,SUD EST,NANTES,JCSUDATL,FRNTE,13:32,FRAET
5940,2023-06-11,MASSY TGV,OUI,5354,14:09,SUD EST,ANGERS ST LAUD,JCSUDATL,FRACL,12:39,FRDJU
5941,2023-06-11,LYON (intramuros),NON,5354,14:09,SUD EST,ANGERS ST LAUD,JCSUDATL,FRACL,10:30,FRLPD
5942,2023-06-11,CHAMBERY CHALLES LES EAUX,NON,6951,22:30,SUD EST,ANNECY,PARISALPES,FRNCY,21:49,FRCMF
5943,2023-06-11,MACON LOCHE TGV,NON,6951,21:35,SUD EST,CHAMBERY CHALLES LES EAUX,PARISALPES,FRCMF,20:19,FRMLT
5944,2023-06-11,ANGERS ST LAUD,NON,8985,22:19,ATLANTIQUE,LES SABLES D'OLONNE,PARISLOIRE,FRLSO,20:19,FRACL
5945,2023-06-11,PARIS (intramuros),NON,8985,19:54,ATLANTIQUE,SABLE SUR SARTHE,PARISLOIRE,FRSAB,18:48,FRPMO
5946,2023-06-11,CHAMBERY CHALLES LES EAUX,NON,6964,11:40,SUD EST,MACON LOCHE TGV,ALPESPARIS,FRMLT,10:22,FRCMF
5947,2023-06-11,ANNECY,NON,6964,13:14,SUD EST,PARIS (intramuros),ALPESPARIS,FRPLY,09:29,FRNCY
5948,2023-06-11,BRUXELLES MIDI BRUSSEL ZUID,NON,9836,21:39,NORD,NIMES,JCNORDSUD,FRFNI,16:17,BEBMI
5949,2023-06-11,BRUXELLES MIDI BRUSSEL ZUID,NON,9836,18:08,NORD,MARNE LA VALLEE CHESSY,JCNORDSUD,FRMLV,16:17,BEBMI
5950,2023-06-11,BRUXELLES MIDI BRUSSEL ZUID,NON,9836,17:53,NORD,AEROPORT CDG2 TGV ROISSY,JCNORDSUD,FRMLW,16:17,BEBMI
5951,2023-06-11,MARNE LA VALLEE CHESSY,NON,9836,20:49,NORD,VALENCE TGV RHONE-ALPES SUD,JCNORDSUD,FRVLA,18:13,FRMLV
5952,2023-06-11,AEROPORT CDG2 TGV ROISSY,NON,9836,20:00,NORD,LYON (intramuros),JCNORDSUD,FRLPD,17:59,FRMLW
5953,2023-06-11,AEROPORT CDG2 TGV ROISSY,NON,9836,22:08,NORD,MONTPELLIER SAINT-ROCH,JCNORDSUD,FRMPL,17:59,FRMLW
5954,2023-06-11,PARIS (intramuros),OUI,7031,12:48,NORD,LILLE (intramuros),PALILLE,FRADJ,11:46,FRPNO
5955,2023-06-11,LORIENT,OUI,8715,14:34,ATLANTIQUE,QUIMPER,PARISBRETA,FRUIP,14:00,FRLRT
5956,2023-06-11,PARIS (intramuros),NON,8715,13:25,ATLANTIQUE,VANNES,PARISBRETA,FRVNE,10:53,FRPMO
5957,2023-06-11,RENNES,OUI,8715,13:57,ATLANTIQUE,LORIENT,PARISBRETA,FRLRT,12:29,FRRNS
5958,2023-06-11,AVIGNON TGV,NON,9866,13:54,NORD,LYON (intramuros),JCSUDNORD,FRLPD,12:48,FRAVG
5959,2023-06-11,LYON (intramuros),NON,9866,16:57,NORD,LILLE (intramuros),JCSUDNORD,FRLLE,14:00,FRLPD
5960,2023-06-11,LYON (intramuros),NON,9866,16:00,NORD,AEROPORT CDG2 TGV ROISSY,JCSUDNORD,FRMLW,14:00,FRLPD
5961,2023-06-11,MARNE LA VALLEE CHESSY,NON,9866,17:43,NORD,BRUXELLES MIDI BRUSSEL ZUID,JCSUDNORD,BEBMI,15:50,FRMLV
5962,2023-06-11,AEROPORT CDG2 TGV ROISSY,NON,9866,17:43,NORD,BRUXELLES MIDI BRUSSEL ZUID,JCSUDNORD,BEBMI,16:07,FRMLW
5963,2023-06-11,AEROPORT CDG2 TGV ROISSY,NON,9866,16:57,NORD,LILLE (intramuros),JCSUDNORD,FRLLE,16:07,FRMLW
5964,2023-06-11,PAU,NON,14148,17:33,IC SRO,LANNEMEZAN,SUDOUEST,FRLNZ,16:18,FRAEE
5965,2023-06-11,PAU,NON,14148,17:05,IC SRO,TARBES,SUDOUEST,FRXTB,16:18,FRAEE
5966,2023-06-11,ORTHEZ,NON,14148,16:44,IC SRO,LOURDES,SUDOUEST,FRLDE,15:54,FRGFI
5967,2023-06-11,ORTHEZ,NON,14148,17:33,IC SRO,LANNEMEZAN,SUDOUEST,FRLNZ,15:54,FRGFI
5968,2023-06-11,LANNEMEZAN,NON,14148,18:45,IC SRO,TOULOUSE MATABIAU,SUDOUEST,FRXYT,17:35,FRLNZ
5969,2023-06-11,BAYONNE,NON,14148,16:15,IC SRO,PAU,SUDOUEST,FRAEE,14:41,FRXBY
5970,2023-06-11,BAYONNE,NON,14148,15:52,IC SRO,ORTHEZ,SUDOUEST,FRGFI,14:41,FRXBY
5971,2023-06-11,BAYONNE,NON,14148,17:05,IC SRO,TARBES,SUDOUEST,FRXTB,14:41,FRXBY
5972,2023-06-11,LE MANS,NON,8880,18:25,ATLANTIQUE,PARIS (intramuros),LOIREPARIS,FRPMO,17:26,FRAET
5973,2023-06-11,NEVERS,NON,5971,18:28,IC ARO,MOULINS SUR ALLIER,PACLERMONT,FRXMU,17:59,FRNVS
5974,2023-06-11,PARIS (intramuros),NON,5971,19:23,IC ARO,RIOM CHATEL GUYON,PACLERMONT,FRRIO,15:59,FRPLY
5975,2023-06-11,CANNES,NON,6850,19:24,SUD EST,LYON (intramuros),JCSUDPROV,FRLPD,15:09,FRJCA
5976,2023-06-11,CANNES,OUI,6850,15:31,SUD EST,ST RAPHAEL VALESCURE,JCSUDPROV,FRXSK,15:09,FRJCA
5977,2023-06-11,NICE VILLE,OUI,6850,17:52,SUD EST,AIX EN PROVENCE TGV,JCSUDPROV,FRAIE,14:40,FRNIC
5978,2023-06-11,NICE VILLE,OUI,6850,15:05,SUD EST,CANNES,JCSUDPROV,FRJCA,14:40,FRNIC
5979,2023-06-11,NICE VILLE,NON,6850,19:24,SUD EST,LYON (intramuros),JCSUDPROV,FRLPD,14:40,FRNIC
5980,2023-06-11,TOULON,OUI,6850,17:52,SUD EST,AIX EN PROVENCE TGV,JCSUDPROV,FRAIE,16:23,FRTLN
5981,2023-06-11,ANTIBES,NON,6850,19:24,SUD EST,LYON (intramuros),JCSUDPROV,FRLPD,14:56,FRXAT
5982,2023-06-11,ANTIBES,OUI,6850,17:19,SUD EST,MARSEILLE ST CHARLES,JCSUDPROV,FRMSC,14:56,FRXAT
5983,2023-06-11,ANTIBES,OUI,6850,16:19,SUD EST,TOULON,JCSUDPROV,FRTLN,14:56,FRXAT
5984,2023-06-11,ST RAPHAEL VALESCURE,NON,6850,18:14,SUD EST,AVIGNON TGV,JCSUDPROV,FRAVG,15:34,FRXSK
5985,2023-06-11,BREST,OUI,8630,15:01,ATLANTIQUE,PLOUARET TREGOR,BRETAPARIS,FRPLT,14:14,FRBES
5986,2023-06-11,BREST,NON,8630,18:09,ATLANTIQUE,PARIS (intramuros),BRETAPARIS,FRPMO,14:14,FRBES
5987,2023-06-11,QUIMPERLE,NON,8710,12:01,ATLANTIQUE,LAVAL,BRETAPARIS,FRACR,09:38,FRECO
5988,2023-06-11,QUIMPERLE,OUI,8710,10:07,ATLANTIQUE,AURAY,BRETAPARIS,FRXUY,09:38,FRECO
5989,2023-06-11,LORIENT,OUI,8710,10:07,ATLANTIQUE,AURAY,BRETAPARIS,FRXUY,09:52,FRLRT
5990,2023-06-11,QUIMPER,NON,8710,11:25,ATLANTIQUE,RENNES,BRETAPARIS,FRRNS,09:09,FRUIP
5991,2023-06-11,QUIMPER,NON,8710,10:48,ATLANTIQUE,REDON,BRETAPARIS,FRXRN,09:09,FRUIP
5992,2023-06-11,VANNES,NON,8710,10:48,ATLANTIQUE,REDON,BRETAPARIS,FRXRN,10:23,FRVNE
5993,2023-06-11,AURAY,NON,8710,12:01,ATLANTIQUE,LAVAL,BRETAPARIS,FRACR,10:10,FRXUY
5994,2023-06-11,LYON (intramuros),NON,6676,22:53,SUD EST,LE CREUSOT MONTCEAU MONTCHANIN,RHONEPARIS,FRXCC,21:50,FRLPE
5995,2023-06-11,MACON LOCHE TGV,NON,6676,00:17,SUD EST,PARIS (intramuros),RHONEPARIS,FRPLY,22:34,FRMLT
5996,2023-06-11,DIJON VILLE,OUI,2096,21:09,EST,MULHOUSE VILLE,JCRHONRHIN,FRAEK,19:49,FRABA
5997,2023-06-11,AIX EN PROVENCE TGV,NON,2096,17:51,EST,LYON (intramuros),JCRHONRHIN,FRLPD,16:11,FRAIE
5998,2023-06-11,AIX EN PROVENCE TGV,NON,2096,20:40,EST,BELFORT-MONTBELIARD TGV,JCRHONRHIN,FRTJA,16:11,FRAIE
5999,2023-06-11,BELFORT-MONTBELIARD TGV,OUI,2096,21:09,EST,MULHOUSE VILLE,JCRHONRHIN,FRAEK,20:45,FRTJA
6000,2023-06-11,VALENCE TGV RHONE-ALPES SUD,NON,2096,22:07,EST,STRASBOURG,JCRHONRHIN,FRAEG,17:13,FRVLA
6001,2023-06-11,VALENCE TGV RHONE-ALPES SUD,NON,2096,21:09,EST,MULHOUSE VILLE,JCRHONRHIN,FRAEK,17:13,FRVLA
6002,2023-06-11,VALENCE TGV RHONE-ALPES SUD,NON,2096,20:16,EST,BESANCON - F COMTE TGV,JCRHONRHIN,FRTJB,17:13,FRVLA
6003,2023-06-11,LAVAL,NON,8605,12:08,ATLANTIQUE,MORLAIX,PARISBRETA,FRMXN,09:58,FRACR
6004,2023-06-11,LAMBALLE,NON,8605,12:08,ATLANTIQUE,MORLAIX,PARISBRETA,FRMXN,11:11,FRLAM
6005,2023-06-11,MORLAIX,OUI,8605,12:43,ATLANTIQUE,BREST,PARISBRETA,FRBES,12:10,FRMXN
6006,2023-06-11,PARIS (intramuros),NON,8605,11:08,ATLANTIQUE,LAMBALLE,PARISBRETA,FRLAM,08:40,FRPMO
6007,2023-06-11,PARIS (intramuros),NON,8605,12:08,ATLANTIQUE,MORLAIX,PARISBRETA,FRMXN,08:40,FRPMO
6008,2023-06-11,ST BRIEUC,OUI,8605,11:38,ATLANTIQUE,GUINGAMP,PARISBRETA,FRGGP,11:24,FRSBK
6009,2023-06-11,METZ VILLE,OUI,9879,13:00,EST,STRASBOURG,JCRHINRHON,FRAEG,12:12,FRADE
6010,2023-06-11,METZ VILLE,NON,9879,14:18,EST,BELFORT-MONTBELIARD TGV,JCRHINRHON,FRTJA,12:12,FRADE
6011,2023-06-11,STRASBOURG,NON,9879,14:41,EST,BESANCON - F COMTE TGV,JCRHINRHON,FRTJB,13:06,FRAEG
6012,2023-06-11,MACON VILLE,NON,9879,17:50,EST,VALENCE TGV RHONE-ALPES SUD,JCRHINRHON,FRVLA,16:21,FRHGU
6013,2023-06-11,BELFORT-MONTBELIARD TGV,NON,9879,18:31,EST,NIMES PONT DU GARD,JCRHINRHON,FRXZP,14:21,FRTJA
6014,2023-06-11,METZ VILLE,NON,9879,18:31,EST,NIMES PONT DU GARD,JCRHINRHON,FRXZP,12:12,FRADE
6015,2023-06-11,DIJON VILLE,NON,9879,18:31,EST,NIMES PONT DU GARD,JCRHINRHON,FRXZP,15:21,FRABA
6016,2023-06-11,NIMES PONT DU GARD,OUI,9879,18:53,EST,MONTPELLIER SUD DE FRANCE,JCRHINRHON,FRSUF,18:34,FRXZP
6017,2023-06-11,BASEL SBB,NON,9213,16:26,INTERNATIONAL,ZUERICH HB,PABALZUR,CHAJD,15:33,CHAJP
6018,2023-06-11,DIJON VILLE,NON,9213,15:03,INTERNATIONAL,MULHOUSE VILLE,PABALZUR,FRAEK,14:01,FRABA
6019,2023-06-11,MASSY TGV,NON,9838,20:29,NORD,LE MANS,JCNORDBRET,FRAET,19:39,FRDJU
6020,2023-06-11,MASSY TGV,NON,9838,21:29,NORD,RENNES,JCNORDBRET,FRRNS,19:39,FRDJU
6021,2023-06-11,LILLE (intramuros),NON,9838,21:29,NORD,RENNES,JCNORDBRET,FRRNS,17:40,FRLLE
6022,2023-06-11,MARNE LA VALLEE CHESSY,NON,9838,21:01,NORD,LAVAL,JCNORDBRET,FRACR,19:02,FRMLV
6023,2023-06-11,TGV HAUTE PICARDIE,NON,9838,18:58,NORD,MARNE LA VALLEE CHESSY,JCNORDBRET,FRMLV,18:15,FRTHP
6024,2023-06-11,BRUXELLES MIDI BRUSSEL ZUID,NON,9838,18:07,NORD,TGV HAUTE PICARDIE,JCNORDBRET,FRTHP,16:54,BEBMI
6025,2023-06-11,BRUXELLES MIDI BRUSSEL ZUID,NON,9838,21:29,NORD,RENNES,JCNORDBRET,FRRNS,16:54,BEBMI
6026,2023-06-11,TGV HAUTE PICARDIE,NON,9838,21:01,NORD,LAVAL,JCNORDBRET,FRACR,18:15,FRTHP
6027,2023-06-11,PARIS (intramuros),NON,9765,13:30,INTERNATIONAL,GENEVE,PAGENEVE,CHGVA,10:16,FRPLY
6028,2023-06-11,PARIS (intramuros),NON,9765,12:09,INTERNATIONAL,BOURG EN BRESSE,PAGENEVE,FRXBK,10:16,FRPLY
6029,2023-06-11,HENDAYE,OUI,8550,18:34,ATLANTIQUE,BIARRITZ,SUDOUESTPA,FRBIQ,18:12,FRAEF
6030,2023-06-11,BORDEAUX ST JEAN,NON,8550,22:56,ATLANTIQUE,PARIS (intramuros),SUDOUESTPA,FRPMO,20:50,FRBOJ
6031,2023-06-11,BAYONNE,NON,8550,19:24,ATLANTIQUE,DAX,SUDOUESTPA,FRACG,18:53,FRXBY
6032,2023-06-11,BAYONNE,NON,8550,20:40,ATLANTIQUE,BORDEAUX ST JEAN,SUDOUESTPA,FRBOJ,18:53,FRXBY
6033,2023-06-11,ST JEAN DE LUZ CIBOURE,OUI,8550,18:50,ATLANTIQUE,BAYONNE,SUDOUESTPA,FRXBY,18:25,FRXJZ
6034,2023-06-11,LUCON,NON,3831,12:07,IC SRO,BORDEAUX ST JEAN,NANTEBORDO,FRBOJ,09:00,FRLCN
6035,2023-06-11,LA ROCHELLE VILLE,NON,3831,12:07,IC SRO,BORDEAUX ST JEAN,NANTEBORDO,FRBOJ,09:43,FRLRH
6036,2023-06-11,LA ROCHELLE VILLE,NON,3831,10:03,IC SRO,ROCHEFORT,NANTEBORDO,FRRCO,09:43,FRLRH
6037,2023-06-11,LA ROCHELLE VILLE,NON,3831,10:32,IC SRO,SAINTES,NANTEBORDO,FRXST,09:43,FRLRH
6038,2023-06-11,NANTES,NON,3831,11:10,IC SRO,JONZAC,NANTEBORDO,FREMR,07:55,FRNTE
6039,2023-06-11,ROCHEFORT,NON,3831,12:07,IC SRO,BORDEAUX ST JEAN,NANTEBORDO,FRBOJ,10:05,FRRCO
6040,2023-06-11,LA ROCHE SUR YON,NON,3831,08:58,IC SRO,LUCON,NANTEBORDO,FRLCN,08:36,FRXRO
6041,2023-06-11,SAINTES,NON,3831,12:07,IC SRO,BORDEAUX ST JEAN,NANTEBORDO,FRBOJ,10:34,FRXST
6042,2023-06-11,DIJON VILLE,NON,9211,13:26,INTERNATIONAL,BASEL SBB,PABALZUR,CHAJP,12:01,FRABA
6043,2023-06-11,MULHOUSE VILLE,NON,9211,13:26,INTERNATIONAL,BASEL SBB,PABALZUR,CHAJP,13:06,FRAEK
6044,2023-06-11,PARIS (intramuros),NON,9211,11:57,INTERNATIONAL,DIJON VILLE,PABALZUR,FRABA,10:20,FRPLY
6045,2023-06-11,PARIS (intramuros),NON,9211,13:03,INTERNATIONAL,MULHOUSE VILLE,PABALZUR,FRAEK,10:20,FRPLY
6046,2023-06-11,NIORT,OUI,8378,14:43,ATLANTIQUE,ST MAIXENT DEUX SEVRES,ROCHELLEPA,FREJC,14:29,FRNIT
6047,2023-06-11,NIORT,NON,8378,15:50,ATLANTIQUE,ST PIERRE DES CORPS,ROCHELLEPA,FRXSH,14:29,FRNIT
6048,2023-06-11,BAYONNE,NON,8544,20:58,ATLANTIQUE,PARIS (intramuros),SUDOUESTPA,FRPMO,16:54,FRXBY
6049,2023-06-11,ST JEAN DE LUZ CIBOURE,OUI,8544,16:36,ATLANTIQUE,BIARRITZ,SUDOUESTPA,FRBIQ,16:26,FRXJZ
6050,2023-06-11,HENDAYE,NON,8544,20:43,ATLANTIQUE,MASSY TGV,SUDOUESTPA,FRDJU,16:12,FRAEF
6051,2023-06-11,CHAMPAGNE-ARDENNE,NON,9874,17:37,NORD,STRASBOURG,JCNORDEST,FRAEG,16:04,FREAH
6052,2023-06-11,LILLE (intramuros),NON,9874,17:37,NORD,STRASBOURG,JCNORDEST,FRAEG,14:03,FRLLE
6053,2023-06-11,LILLE (intramuros),OUI,9874,14:53,NORD,AEROPORT CDG2 TGV ROISSY,JCNORDEST,FRMLW,14:03,FRLLE
6054,2023-06-11,MARNE LA VALLEE CHESSY,NON,9874,15:55,NORD,CHAMPAGNE-ARDENNE,JCNORDEST,FREAH,15:23,FRMLV
6055,2023-06-11,MARNE LA VALLEE CHESSY,NON,9874,16:48,NORD,LORRAINE TGV,JCNORDEST,FREAM,15:23,FRMLV
6056,2023-06-11,AEROPORT CDG2 TGV ROISSY,NON,9874,17:37,NORD,STRASBOURG,JCNORDEST,FRAEG,14:59,FRMLW
6057,2023-06-11,AEROPORT CDG2 TGV ROISSY,NON,9874,15:55,NORD,CHAMPAGNE-ARDENNE,JCNORDEST,FREAH,14:59,FRMLW
6058,2023-06-11,VALENCE TGV RHONE-ALPES SUD,NON,6064,21:52,SUD EST,LYON (intramuros),JCSUDPROV,FRLPD,21:13,FRVLA
6059,2023-06-11,MONTPELLIER SUD DE FRANCE,NON,6064,21:52,SUD EST,LYON (intramuros),JCSUDPROV,FRLPD,20:11,FRSUF
6060,2023-06-11,DIJON VILLE,NON,9898,12:24,EST,STRASBOURG,JCRHONRHIN,FRAEG,10:08,FRABA
6061,2023-06-11,DIJON VILLE,NON,9898,11:49,EST,COLMAR,JCRHONRHIN,FRAEJ,10:08,FRABA
6062,2023-06-11,DIJON VILLE,NON,9898,10:34,EST,BESANCON - F COMTE TGV,JCRHONRHIN,FRTJB,10:08,FRABA
6063,2023-06-11,COLMAR,NON,9898,12:24,EST,STRASBOURG,JCRHONRHIN,FRAEG,11:52,FRAEJ
6064,2023-06-11,MULHOUSE VILLE,NON,9898,12:24,EST,STRASBOURG,JCRHONRHIN,FRAEG,11:24,FRAEK
6065,2023-06-11,MONTPELLIER SAINT-ROCH,NON,9898,10:57,EST,BELFORT-MONTBELIARD TGV,JCRHONRHIN,FRTJA,06:27,FRMPL
6066,2023-06-11,BELFORT-MONTBELIARD TGV,NON,9898,13:24,EST,METZ VILLE,JCRHONRHIN,FRADE,10:59,FRTJA
6067,2023-06-11,BESANCON - F COMTE TGV,NON,9898,13:24,EST,METZ VILLE,JCRHONRHIN,FRADE,10:36,FRTJB
6068,2023-06-11,DOUAI,NON,7130,18:08,NORD,PARIS (intramuros),ARRASPA,FRPNO,16:51,FRXDN
6069,2023-06-11,ST PIERRE DES CORPS,NON,8485,15:54,ATLANTIQUE,POITIERS,PASUDOUEST,FRPIS,15:21,FRXSH
6070,2023-06-11,NIMES,NON,6225,22:03,SUD EST,BEZIERS,PALANG,FRBZR,20:46,FRFNI
6071,2023-06-11,NIMES,NON,6225,21:48,SUD EST,AGDE,PALANG,FRXAG,20:46,FRFNI
6072,2023-06-11,MONTPELLIER SAINT-ROCH,OUI,6225,22:03,SUD EST,BEZIERS,PALANG,FRBZR,21:17,FRMPL
6073,2023-06-11,MONTPELLIER SAINT-ROCH,OUI,6225,21:48,SUD EST,AGDE,PALANG,FRXAG,21:17,FRMPL
6074,2023-06-11,PARIS (intramuros),NON,6225,22:03,SUD EST,BEZIERS,PALANG,FRBZR,17:40,FRPLY
6075,2023-06-11,PARIS (intramuros),NON,6225,19:53,SUD EST,VALENCE TGV RHONE-ALPES SUD,PALANG,FRVLA,17:40,FRPLY
6076,2023-06-11,VALENCE TGV RHONE-ALPES SUD,NON,6225,20:42,SUD EST,NIMES,PALANG,FRFNI,19:56,FRVLA
6077,2023-06-11,VALENCE TGV RHONE-ALPES SUD,NON,6225,21:11,SUD EST,MONTPELLIER SAINT-ROCH,PALANG,FRMPL,19:56,FRVLA
6078,2023-06-11,VALENCE TGV RHONE-ALPES SUD,NON,6225,22:20,SUD EST,NARBONNE,PALANG,FRXNA,19:56,FRVLA
6079,2023-06-11,AGDE,OUI,6225,22:03,SUD EST,BEZIERS,PALANG,FRBZR,21:51,FRXAG
6080,2023-06-11,AGDE,OUI,6225,22:56,SUD EST,PERPIGNAN,PALANG,FRPGF,21:51,FRXAG
6081,2023-06-11,SETE,OUI,6225,22:03,SUD EST,BEZIERS,PALANG,FRBZR,21:34,FRXSY
6082,2023-06-11,SETE,OUI,6225,22:56,SUD EST,PERPIGNAN,PALANG,FRPGF,21:34,FRXSY
6083,2023-06-11,SETE,OUI,6225,22:20,SUD EST,NARBONNE,PALANG,FRXNA,21:34,FRXSY
6084,2023-06-11,BRUXELLES MIDI BRUSSEL ZUID,OUI,9870,07:51,NORD,LILLE (intramuros),JCNORDEST,FRLLE,07:17,BEBMI
6085,2023-06-11,LILLE (intramuros),NON,9870,09:28,NORD,CHAMPAGNE-ARDENNE,JCNORDEST,FREAH,08:02,FRLLE
6086,2023-06-11,LILLE (intramuros),NON,9870,10:25,NORD,LORRAINE TGV,JCNORDEST,FREAM,08:02,FRLLE
6087,2023-06-11,CANNES,OUI,6173,14:39,SUD EST,ANTIBES,PAAZUR,FRXAT,14:30,FRJCA
6088,2023-06-11,MARSEILLE ST CHARLES,OUI,6173,14:25,SUD EST,CANNES,PAAZUR,FRJCA,12:29,FRMSC
6089,2023-06-11,MARSEILLE ST CHARLES,NON,6173,14:58,SUD EST,NICE VILLE,PAAZUR,FRNIC,12:29,FRMSC
6090,2023-06-11,MARSEILLE ST CHARLES,OUI,6173,13:12,SUD EST,TOULON,PAAZUR,FRTLN,12:29,FRMSC
6091,2023-06-11,PARIS (intramuros),NON,6173,14:25,SUD EST,CANNES,PAAZUR,FRJCA,09:08,FRPLY
6092,2023-06-11,PARIS (intramuros),NON,6173,14:39,SUD EST,ANTIBES,PAAZUR,FRXAT,09:08,FRPLY
6093,2023-06-11,TOULON,OUI,6173,14:39,SUD EST,ANTIBES,PAAZUR,FRXAT,13:17,FRTLN
6094,2023-06-11,ST RAPHAEL VALESCURE,OUI,6173,14:25,SUD EST,CANNES,PAAZUR,FRJCA,14:04,FRXSK
6095,2023-06-11,ST RAPHAEL VALESCURE,NON,6173,14:58,SUD EST,NICE VILLE,PAAZUR,FRNIC,14:04,FRXSK
6096,2023-06-11,PARIS (intramuros),NON,6137,00:59,SUD EST,MARSEILLE ST CHARLES,PAPROVENCE,FRMSC,21:32,FRPLY
6097,2023-06-11,ANGOULEME,NON,8486,13:37,ATLANTIQUE,PARIS (intramuros),SUDOUESTPA,FRPMO,11:25,FRANG
6098,2023-06-11,LIBOURNE,OUI,8486,11:22,ATLANTIQUE,ANGOULEME,SUDOUESTPA,FRANG,10:43,FRXLR
6099,2023-06-11,LE CROISIC,NON,8934,22:44,ATLANTIQUE,ANGERS ST LAUD,LOIREPARIS,FRACL,20:51,FREGU
6100,2023-06-11,LE CROISIC,OUI,8934,21:03,ATLANTIQUE,LA BAULE ESCOUBLAC,LOIREPARIS,FRJEE,20:51,FREGU
6101,2023-06-11,LE CROISIC,OUI,8934,21:23,ATLANTIQUE,ST NAZAIRE,LOIREPARIS,FRSNR,20:51,FREGU
6102,2023-06-11,ST NAZAIRE,NON,8934,22:44,ATLANTIQUE,ANGERS ST LAUD,LOIREPARIS,FRACL,21:26,FRSNR
6103,2023-06-11,NICE VILLE,OUI,6074,10:13,SUD EST,ANTIBES,AZURPA,FRXAT,09:57,FRNIC
6104,2023-06-11,ST RAPHAEL VALESCURE,NON,6074,15:51,SUD EST,PARIS (intramuros),AZURPA,FRPLY,10:58,FRXSK
6105,2023-06-11,ST RAPHAEL VALESCURE,NON,6074,11:44,SUD EST,TOULON,AZURPA,FRTLN,10:58,FRXSK
6106,2023-06-11,PARIS (intramuros),NON,6623,18:56,SUD EST,LYON (intramuros),PARISRHONE,FRLPD,16:58,FRPLY
6107,2023-06-11,DOL DE BRETAGNE,OUI,8092,20:25,ATLANTIQUE,RENNES,BRETAPARIS,FRRNS,19:52,FRDOL
6108,2023-06-11,ST MALO,NON,8092,22:08,ATLANTIQUE,PARIS (intramuros),BRETAPARIS,FRPMO,19:37,FRXSB
6109,2023-06-11,DOLE VILLE,NON,6743,17:27,SUD EST,BESANCON VIOTTE,PABOUR,FRABG,17:01,FRACE
6110,2023-06-11,MONTBARD,NON,6743,16:31,SUD EST,DIJON VILLE,PABOUR,FRABA,15:57,FRGWE
6111,2023-06-11,MONTBARD,NON,6743,17:27,SUD EST,BESANCON VIOTTE,PABOUR,FRABG,15:57,FRGWE
6112,2023-06-11,PARIS (intramuros),NON,6743,17:27,SUD EST,BESANCON VIOTTE,PABOUR,FRABG,14:50,FRPLY
6113,2023-06-11,PARIS (intramuros),NON,6743,15:54,SUD EST,MONTBARD,PABOUR,FRGWE,14:50,FRPLY
6114,2023-06-11,SAUMUR,NON,5358,22:29,SUD EST,ANGERS ST LAUD,JCSUDATL,FRACL,22:09,FRACN
6115,2023-06-11,LYON (intramuros),NON,5358,22:29,SUD EST,ANGERS ST LAUD,JCSUDATL,FRACL,18:30,FRLPD
6116,2023-06-11,ST PIERRE DES CORPS,NON,5358,22:29,SUD EST,ANGERS ST LAUD,JCSUDATL,FRACL,21:32,FRXSH
6117,2023-06-11,MONTPELLIER SUD DE FRANCE,NON,5358,18:20,SUD EST,LYON (intramuros),JCSUDATL,FRLPD,16:41,FRSUF
6118,2023-06-11,MONTPELLIER SUD DE FRANCE,NON,5358,22:06,SUD EST,SAUMUR,JCSUDATL,FRACN,16:41,FRSUF
6119,2023-06-11,NIMES PONT DU GARD,OUI,5358,17:39,SUD EST,VALENCE TGV RHONE-ALPES SUD,JCSUDATL,FRVLA,17:02,FRXZP
6120,2023-06-11,NIMES PONT DU GARD,NON,5358,18:20,SUD EST,LYON (intramuros),JCSUDATL,FRLPD,17:02,FRXZP
6121,2023-06-11,PAU,NON,14143,14:20,IC SRO,ORTHEZ,SUDOUEST,FRGFI,13:59,FRAEE
6122,2023-06-11,TARBES,NON,14143,14:20,IC SRO,ORTHEZ,SUDOUEST,FRGFI,13:15,FRXTB
6123,2023-06-11,PARIS (intramuros),OUI,12289,18:31,ATLANTIQUE,POITIERS,PAROCHELLE,FRPIS,16:57,FRPMO
6124,2023-06-11,PARIS (intramuros),OUI,12289,18:13,ATLANTIQUE,CHATELLERAULT,PAROCHELLE,FRXCX,16:57,FRPMO
6125,2023-06-11,LILLE (intramuros),NON,7040,14:41,NORD,PARIS (intramuros),LILLEPA,FRPNO,13:39,FRADJ
6126,2023-06-11,CLERMONT FERRAND,OUI,5970,14:29,IC ARO,MOULINS SUR ALLIER,CLERMONTPA,FRXMU,13:31,FRCFE
6127,2023-06-11,RIOM CHATEL GUYON,OUI,5970,16:56,IC ARO,PARIS (intramuros),CLERMONTPA,FRPLY,13:42,FRRIO
6128,2023-06-11,VICHY,OUI,5970,16:56,IC ARO,PARIS (intramuros),CLERMONTPA,FRPLY,14:06,FRVHY
6129,2023-06-11,DAX,OUI,8583,15:40,ATLANTIQUE,BORDEAUX ST JEAN,SUDOUESTPA,FRBOJ,14:29,FRACG
6130,2023-06-11,ORTHEZ,OUI,8583,14:20,ATLANTIQUE,DAX,SUDOUESTPA,FRACG,13:52,FRGFI
6131,2023-06-11,LOURDES,NON,8583,17:52,ATLANTIQUE,PARIS (intramuros),SUDOUESTPA,FRPMO,13:02,FRLDE
6132,2023-06-11,TARBES,OUI,8583,14:20,ATLANTIQUE,DAX,SUDOUESTPA,FRACG,12:38,FRXTB
6133,2023-06-11,TARBES,OUI,8583,13:27,ATLANTIQUE,PAU,SUDOUESTPA,FRAEE,12:38,FRXTB
6134,2023-06-11,BRUXELLES MIDI BRUSSEL ZUID,NON,9826,10:52,NORD,LILLE (intramuros),JCNORDSUD,FRLLE,10:17,BEBMI
6135,2023-06-11,BRUXELLES MIDI BRUSSEL ZUID,NON,9826,11:53,NORD,AEROPORT CDG2 TGV ROISSY,JCNORDSUD,FRMLW,10:17,BEBMI
6136,2023-06-11,LYON (intramuros),NON,9826,14:48,NORD,VALENCE TGV RHONE-ALPES SUD,JCNORDSUD,FRVLA,14:10,FRLPD
6137,2023-06-11,MARNE LA VALLEE CHESSY,NON,9826,14:48,NORD,VALENCE TGV RHONE-ALPES SUD,JCNORDSUD,FRVLA,12:13,FRMLV
6138,2023-06-11,AEROPORT CDG2 TGV ROISSY,NON,9826,15:51,NORD,MONTPELLIER SUD DE FRANCE,JCNORDSUD,FRSUF,11:59,FRMLW
6139,2023-06-11,VALENCE TGV RHONE-ALPES SUD,NON,9826,15:51,NORD,MONTPELLIER SUD DE FRANCE,JCNORDSUD,FRSUF,14:53,FRVLA
6140,2023-06-11,LILLE (intramuros),NON,9826,15:51,NORD,MONTPELLIER SUD DE FRANCE,JCNORDSUD,FRSUF,11:03,FRLLE
6141,2023-06-11,LILLE (intramuros),NON,9826,15:30,NORD,NIMES PONT DU GARD,JCNORDSUD,FRXZP,11:03,FRLLE
6142,2023-06-11,DIE,OUI,5790,07:56,IC NUIT,PARIS (intramuros),BRIANCONPA,FRPAZ,23:13,FRDIE
6143,2023-06-11,MONTDAUPHIN GUILLESTRE,OUI,5790,07:56,IC NUIT,PARIS (intramuros),BRIANCONPA,FRPAZ,20:33,FRIGZ
6144,2023-06-11,ANGERS ST LAUD,OUI,5486,13:19,EST,NANTES,JCESTATL,FRNTE,12:39,FRACL
6145,2023-06-11,MASSY TGV,NON,5486,11:32,EST,ST PIERRE DES CORPS,JCESTATL,FRXSH,10:38,FRDJU
6146,2023-06-11,LORRAINE TGV,NON,5486,10:34,EST,MASSY TGV,JCESTATL,FRDJU,08:09,FREAM
6147,2023-06-11,LORRAINE TGV,NON,5486,11:32,EST,ST PIERRE DES CORPS,JCESTATL,FRXSH,08:09,FREAM
6148,2023-06-11,AEROPORT CDG2 TGV ROISSY,NON,5486,11:32,EST,ST PIERRE DES CORPS,JCESTATL,FRXSH,09:45,FRMLW
6149,2023-06-11,ANGOULEME,NON,8454,23:12,ATLANTIQUE,ST PIERRE DES CORPS,SUDOUESTPA,FRXSH,21:52,FRANG
6150,2023-06-11,BORDEAUX ST JEAN,NON,8454,00:17,ATLANTIQUE,PARIS (intramuros),SUDOUESTPA,FRPMO,21:14,FRBOJ
6151,2023-06-11,ANGOULEME,OUI,8437,13:02,ATLANTIQUE,BORDEAUX ST JEAN,PASUDOUEST,FRBOJ,12:26,FRANG
6152,2023-06-11,POITIERS,OUI,8437,13:02,ATLANTIQUE,BORDEAUX ST JEAN,PASUDOUEST,FRBOJ,11:44,FRPIS
6153,2023-06-11,STRASBOURG,NON,5454,16:04,EST,AEROPORT CDG2 TGV ROISSY,JCESTATL,FRMLW,14:01,FRAEG
6154,2023-06-11,MASSY TGV,NON,5454,19:22,EST,ANGOULEME,JCESTATL,FRANG,17:10,FRDJU
6155,2023-06-11,MASSY TGV,NON,5454,20:02,EST,BORDEAUX ST JEAN,JCESTATL,FRBOJ,17:10,FRDJU
6156,2023-06-11,CHAMPAGNE-ARDENNE,NON,5454,20:02,EST,BORDEAUX ST JEAN,JCESTATL,FRBOJ,15:34,FREAH
6157,2023-06-11,LORRAINE TGV,NON,5454,20:02,EST,BORDEAUX ST JEAN,JCESTATL,FRBOJ,14:39,FREAM
6158,2023-06-11,LORRAINE TGV,NON,5454,15:31,EST,CHAMPAGNE-ARDENNE,JCESTATL,FREAH,14:39,FREAM
6159,2023-06-11,MARNE LA VALLEE CHESSY,NON,5454,20:02,EST,BORDEAUX ST JEAN,JCESTATL,FRBOJ,16:32,FRMLV
6160,2023-06-11,MARNE LA VALLEE CHESSY,NON,5454,18:40,EST,POITIERS,JCESTATL,FRPIS,16:32,FRMLV
6161,2023-06-11,POITIERS,NON,5454,20:02,EST,BORDEAUX ST JEAN,JCESTATL,FRBOJ,18:43,FRPIS
6162,2023-06-11,ST PIERRE DES CORPS,NON,5454,19:22,EST,ANGOULEME,JCESTATL,FRANG,18:10,FRXSH
6163,2023-06-11,MARSEILLE ST CHARLES,NON,6124,16:16,SUD EST,AIX EN PROVENCE TGV,AZURPA,FRAIE,16:04,FRMSC
6164,2023-06-11,TOULON,NON,6124,16:16,SUD EST,AIX EN PROVENCE TGV,AZURPA,FRAIE,15:07,FRTLN
6165,2023-06-11,TOULON,NON,6124,16:38,SUD EST,AVIGNON TGV,AZURPA,FRAVG,15:07,FRTLN
6166,2023-06-11,TOULON,NON,6124,15:50,SUD EST,MARSEILLE ST CHARLES,AZURPA,FRMSC,15:07,FRTLN
6167,2023-06-11,HYERES,NON,6124,16:16,SUD EST,AIX EN PROVENCE TGV,AZURPA,FRAIE,14:50,FRXHE
6168,2023-06-11,HYERES,NON,6124,15:50,SUD EST,MARSEILLE ST CHARLES,AZURPA,FRMSC,14:50,FRXHE
6169,2023-06-11,MONTBARD,NON,6711,21:05,SUD EST,BESANCON - F COMTE TGV,PABOUR,FRTJB,19:56,FRGWE
6170,2023-06-11,PARIS (intramuros),NON,6711,21:55,SUD EST,MULHOUSE VILLE,PABOUR,FRAEK,18:50,FRPLY
6171,2023-06-11,ANGERS ST LAUD,OUI,5300,09:30,SUD EST,LYON (intramuros),JCATLSUD,FRLPD,05:30,FRACL
6172,2023-06-11,ST PIERRE DES CORPS,OUI,5300,10:17,SUD EST,VALENCE TGV RHONE-ALPES SUD,JCATLSUD,FRVLA,06:28,FRXSH
6173,2023-06-11,MASSY TGV,OUI,5300,10:58,SUD EST,NIMES PONT DU GARD,JCATLSUD,FRXZP,07:26,FRDJU
6174,2023-06-11,ANGERS ST LAUD,OUI,5300,10:58,SUD EST,NIMES PONT DU GARD,JCATLSUD,FRXZP,05:30,FRACL
6175,2023-06-11,ST PIERRE DES CORPS,OUI,5300,10:58,SUD EST,NIMES PONT DU GARD,JCATLSUD,FRXZP,06:28,FRXSH
6176,2023-06-11,PAU,NON,14142,13:26,IC SRO,MONTREJEAU GOURDAN POLIGNAN,SUDOUEST,FRMTJ,12:09,FRAEE
6177,2023-06-11,PAU,NON,14142,12:50,IC SRO,TARBES,SUDOUEST,FRXTB,12:09,FRAEE
6178,2023-06-11,PAU,NON,14142,14:29,IC SRO,TOULOUSE MATABIAU,SUDOUEST,FRXYT,12:09,FRAEE
6179,2023-06-11,HENDAYE,NON,14142,14:29,IC SRO,TOULOUSE MATABIAU,SUDOUEST,FRXYT,10:19,FRAEF
6180,2023-06-11,BIARRITZ,NON,14142,11:43,IC SRO,ORTHEZ,SUDOUEST,FRGFI,10:40,FRBIQ
6181,2023-06-11,BIARRITZ,NON,14142,14:29,IC SRO,TOULOUSE MATABIAU,SUDOUEST,FRXYT,10:40,FRBIQ
6182,2023-06-11,TARBES,NON,14142,14:29,IC SRO,TOULOUSE MATABIAU,SUDOUEST,FRXYT,12:53,FRXTB
6183,2023-06-11,ANNECY,NON,6972,12:56,SUD EST,AIX LES BAINS LE REVARD,ALPESPARIS,FRXAI,12:30,FRNCY
6184,2023-06-11,AIX LES BAINS LE REVARD,NON,6972,16:14,SUD EST,PARIS (intramuros),ALPESPARIS,FRPLY,12:59,FRXAI
6185,2023-06-11,LAVAL,NON,8088,20:20,ATLANTIQUE,PARIS (intramuros),BRETAPARIS,FRPMO,19:04,FRACR
6186,2023-06-11,ST MALO,NON,8088,20:20,ATLANTIQUE,PARIS (intramuros),BRETAPARIS,FRPMO,17:42,FRXSB
6187,2023-06-11,SURGERES,OUI,8362,10:35,ATLANTIQUE,ST PIERRE DES CORPS,ROCHELLEPA,FRXSH,09:08,FREIP
6188,2023-06-11,LA ROCHELLE VILLE,NON,8362,09:26,ATLANTIQUE,NIORT,ROCHELLEPA,FRNIT,08:47,FRLRH
6189,2023-06-11,PARIS (intramuros),OUI,7571,16:14,NORD,BOULOGNE VILLE,PAARRAS,FRAEB,13:52,FRPNO
6190,2023-06-11,PARIS (intramuros),OUI,8347,22:56,ATLANTIQUE,POITIERS,PAROCHELLE,FRPIS,21:00,FRPMO
6191,2023-06-11,PARIS (intramuros),OUI,8347,22:07,ATLANTIQUE,ST PIERRE DES CORPS,PAROCHELLE,FRXSH,21:00,FRPMO
6192,2023-06-11,ST PIERRE DES CORPS,OUI,8347,22:56,ATLANTIQUE,POITIERS,PAROCHELLE,FRPIS,22:11,FRXSH
6193,2023-06-11,BREST,OUI,8646,20:38,ATLANTIQUE,ST BRIEUC,BRETAPARIS,FRSBK,19:22,FRBES
6194,2023-06-11,MORLAIX,NON,8646,23:08,ATLANTIQUE,PARIS (intramuros),BRETAPARIS,FRPMO,19:55,FRMXN
6195,2023-06-11,ST BRIEUC,NON,8646,23:08,ATLANTIQUE,PARIS (intramuros),BRETAPARIS,FRPMO,20:41,FRSBK
6196,2023-06-11,AIX EN PROVENCE TGV,OUI,6132,19:37,SUD EST,AVIGNON TGV,PROVENCEPA,FRAVG,19:18,FRAIE
6197,2023-06-11,AVIGNON TGV,NON,6132,22:22,SUD EST,PARIS (intramuros),PROVENCEPA,FRPLY,19:40,FRAVG
6198,2023-06-11,MARSEILLE ST CHARLES,NON,6132,22:22,SUD EST,PARIS (intramuros),PROVENCEPA,FRPLY,19:04,FRMSC
6199,2023-06-11,NIMES,NON,5062,14:24,NORD,LILLE (intramuros),JCSUDNORD,FRLLE,09:25,FRFNI
6200,2023-06-11,NIMES,NON,5062,13:01,NORD,AEROPORT CDG2 TGV ROISSY,JCSUDNORD,FRMLW,09:25,FRFNI
6201,2023-06-11,NIMES,NON,5062,10:10,NORD,VALENCE TGV RHONE-ALPES SUD,JCSUDNORD,FRVLA,09:25,FRFNI
6202,2023-06-11,LYON (intramuros),NON,5062,13:34,NORD,TGV HAUTE PICARDIE,JCSUDNORD,FRTHP,11:00,FRLPD
6203,2023-06-11,MARNE LA VALLEE CHESSY,NON,5062,13:55,NORD,ARRAS,JCSUDNORD,FRQRV,12:51,FRMLV
6204,2023-06-11,MARNE LA VALLEE CHESSY,NON,5062,13:34,NORD,TGV HAUTE PICARDIE,JCSUDNORD,FRTHP,12:51,FRMLV
6205,2023-06-11,AEROPORT CDG2 TGV ROISSY,OUI,5062,13:34,NORD,TGV HAUTE PICARDIE,JCSUDNORD,FRTHP,13:07,FRMLW
6206,2023-06-11,MONTPELLIER SAINT-ROCH,OUI,5062,09:22,NORD,NIMES,JCSUDNORD,FRFNI,08:57,FRMPL
6207,2023-06-11,MONTPELLIER SAINT-ROCH,NON,5062,14:24,NORD,LILLE (intramuros),JCSUDNORD,FRLLE,08:57,FRMPL
6208,2023-06-11,MONTPELLIER SAINT-ROCH,NON,5062,10:53,NORD,LYON (intramuros),JCSUDNORD,FRLPD,08:57,FRMPL
6209,2023-06-11,MONTPELLIER SAINT-ROCH,NON,5062,13:55,NORD,ARRAS,JCSUDNORD,FRQRV,08:57,FRMPL
6210,2023-06-11,VALENCE TGV RHONE-ALPES SUD,NON,5062,14:24,NORD,LILLE (intramuros),JCSUDNORD,FRLLE,10:15,FRVLA
6211,2023-06-11,NIMES,NON,4762,15:43,IC ARO,BEZIERS,TJOURSESO,FRBZR,14:38,FRFNI
6212,2023-06-11,NIMES,OUI,4762,15:02,IC ARO,MONTPELLIER SAINT-ROCH,TJOURSESO,FRMPL,14:38,FRFNI
6213,2023-06-11,MONTPELLIER SAINT-ROCH,NON,4762,19:42,IC ARO,BORDEAUX ST JEAN,TJOURSESO,FRBOJ,15:06,FRMPL
6214,2023-06-11,MONTPELLIER SAINT-ROCH,NON,4762,15:59,IC ARO,NARBONNE,TJOURSESO,FRXNA,15:06,FRMPL
6215,2023-06-11,MARSEILLE ST CHARLES,NON,4762,19:42,IC ARO,BORDEAUX ST JEAN,TJOURSESO,FRBOJ,13:23,FRMSC
6216,2023-06-11,MARSEILLE ST CHARLES,NON,4762,15:43,IC ARO,BEZIERS,TJOURSESO,FRBZR,13:23,FRMSC
6217,2023-06-11,NARBONNE,NON,4762,18:35,IC ARO,AGEN,TJOURSESO,FRAGF,16:02,FRXNA
6218,2023-06-11,TOULOUSE MATABIAU,NON,4762,17:57,IC ARO,MONTAUBAN VILLE BOURBON,TJOURSESO,FRXMW,17:26,FRXYT
6219,2023-06-11,PARIS (intramuros),OUI,2721,11:44,EST,REIMS,PABARSED,FRRHE,10:58,FRPST
6220,2023-06-11,LYON (intramuros),NON,6634,23:09,SUD EST,PARIS (intramuros),RHONEPARIS,FRPLY,21:03,FRLPD
6221,2023-06-11,LYON (intramuros),NON,6634,21:45,SUD EST,LE CREUSOT MONTCEAU MONTCHANIN,RHONEPARIS,FRXCC,21:03,FRLPD
6222,2023-06-11,LYON (intramuros),NON,6634,23:09,SUD EST,PARIS (intramuros),RHONEPARIS,FRPLY,20:49,FRLPE
6223,2023-06-11,PARIS (intramuros),OUI,7371,15:03,NORD,LENS,PAARRAS,FRXLE,13:52,FRPNO
6224,2023-06-11,LE MANS,OUI,8871,12:54,ATLANTIQUE,NANTES,PARISLOIRE,FRNTE,11:36,FRAET
6225,2023-06-11,DAX,NON,8540,17:52,ATLANTIQUE,PARIS (intramuros),SUDOUESTPA,FRPMO,14:29,FRACG
6226,2023-06-11,HENDAYE,NON,8540,14:24,ATLANTIQUE,DAX,SUDOUESTPA,FRACG,13:12,FRAEF
6227,2023-06-11,HENDAYE,NON,8540,15:40,ATLANTIQUE,BORDEAUX ST JEAN,SUDOUESTPA,FRBOJ,13:12,FRAEF
6228,2023-06-11,HENDAYE,OUI,8540,13:50,ATLANTIQUE,BAYONNE,SUDOUESTPA,FRXBY,13:12,FRAEF
6229,2023-06-11,ST JEAN DE LUZ CIBOURE,NON,8540,17:52,ATLANTIQUE,PARIS (intramuros),SUDOUESTPA,FRPMO,13:25,FRXJZ
6230,2023-06-11,BREST,OUI,8622,15:29,ATLANTIQUE,RENNES,BRETAPARIS,FRRNS,13:31,FRBES
6231,2023-06-11,RENNES,NON,8622,17:08,ATLANTIQUE,PARIS (intramuros),BRETAPARIS,FRPMO,15:35,FRRNS
6232,2023-06-11,ST BRIEUC,NON,8622,17:08,ATLANTIQUE,PARIS (intramuros),BRETAPARIS,FRPMO,14:40,FRSBK
6233,2023-06-11,PARIS (intramuros),NON,9763,11:00,INTERNATIONAL,BELLEGARDE,PAGENEVE,FRXBF,08:16,FRPLY
6234,2023-06-11,PARIS (intramuros),NON,2243,13:03,EST,CHAMPAGNE-ARDENNE,PANANCY,FREAH,12:23,FRPST
6235,2023-06-11,PARIS (intramuros),NON,6103,10:17,SUD EST,AVIGNON TGV,PAPROVENCE,FRAVG,07:36,FRPLY
6236,2023-06-11,PARIS (intramuros),NON,6103,10:56,SUD EST,MARSEILLE ST CHARLES,PAPROVENCE,FRMSC,07:36,FRPLY
6237,2023-06-11,CLERMONT FERRAND,NON,5962,09:58,IC ARO,NEVERS,CLERMONTPA,FRNVS,08:31,FRCFE
6238,2023-06-11,RIOM CHATEL GUYON,NON,5962,09:58,IC ARO,NEVERS,CLERMONTPA,FRNVS,08:42,FRRIO
6239,2023-06-11,RIOM CHATEL GUYON,OUI,5962,09:04,IC ARO,VICHY,CLERMONTPA,FRVHY,08:42,FRRIO
6240,2023-06-11,DIJON VILLE,NON,5516,15:24,EST,COLMAR,JCRHONRHIN,FRAEJ,13:37,FRABA
6241,2023-06-11,DIJON VILLE,NON,5516,17:02,EST,NANCY,JCRHONRHIN,FRENC,13:37,FRABA
6242,2023-06-11,DIJON VILLE,NON,5516,14:30,EST,BELFORT-MONTBELIARD TGV,JCRHONRHIN,FRTJA,13:37,FRABA
6243,2023-06-11,DIJON VILLE,NON,5516,14:06,EST,BESANCON - F COMTE TGV,JCRHONRHIN,FRTJB,13:37,FRABA
6244,2023-06-11,AIX EN PROVENCE TGV,NON,5516,13:25,EST,DIJON VILLE,JCRHONRHIN,FRABA,09:58,FRAIE
6245,2023-06-11,AIX EN PROVENCE TGV,NON,5516,15:24,EST,COLMAR,JCRHONRHIN,FRAEJ,09:58,FRAIE
6246,2023-06-11,AIX EN PROVENCE TGV,NON,5516,14:06,EST,BESANCON - F COMTE TGV,JCRHONRHIN,FRTJB,09:58,FRAIE
6247,2023-06-11,AVIGNON TGV,NON,5516,14:55,EST,MULHOUSE VILLE,JCRHONRHIN,FRAEK,10:20,FRAVG
6248,2023-06-11,AVIGNON TGV,NON,5516,14:30,EST,BELFORT-MONTBELIARD TGV,JCRHONRHIN,FRTJA,10:20,FRAVG
6249,2023-06-11,MACON VILLE,NON,5516,13:25,EST,DIJON VILLE,JCRHONRHIN,FRABA,12:12,FRHGU
6250,2023-06-11,MACON VILLE,NON,5516,14:55,EST,MULHOUSE VILLE,JCRHONRHIN,FRAEK,12:12,FRHGU
6251,2023-06-11,CANNES,NON,5516,10:17,EST,AVIGNON TGV,JCRHONRHIN,FRAVG,07:30,FRJCA
6252,2023-06-11,LYON (intramuros),NON,5516,15:54,EST,STRASBOURG,JCRHONRHIN,FRAEG,11:32,FRLPD
6253,2023-06-11,LYON (intramuros),NON,5516,13:03,EST,BEAUNE,JCRHONRHIN,FRXBV,11:32,FRLPD
6254,2023-06-11,MARSEILLE ST CHARLES,NON,5516,10:17,EST,AVIGNON TGV,JCRHONRHIN,FRAVG,09:45,FRMSC
6255,2023-06-11,MARSEILLE ST CHARLES,NON,5516,12:41,EST,CHALON SUR SAONE,JCRHONRHIN,FRXCD,09:45,FRMSC
6256,2023-06-11,NICE VILLE,OUI,5516,08:09,EST,LES ARCS DRAGUIGNAN,JCRHONRHIN,FRXRS,07:00,FRNIC
6257,2023-06-11,NICE VILLE,OUI,5516,07:52,EST,ST RAPHAEL VALESCURE,JCRHONRHIN,FRXSK,07:00,FRNIC
6258,2023-06-11,ANTIBES,NON,5516,15:24,EST,COLMAR,JCRHONRHIN,FRAEJ,07:16,FRXAT
6259,2023-06-11,ANTIBES,NON,5516,14:55,EST,MULHOUSE VILLE,JCRHONRHIN,FRAEK,07:16,FRXAT
6260,2023-06-11,ANTIBES,OUI,5516,08:46,EST,TOULON,JCRHONRHIN,FRTLN,07:16,FRXAT
6261,2023-06-11,ANTIBES,NON,5516,13:03,EST,BEAUNE,JCRHONRHIN,FRXBV,07:16,FRXAT
6262,2023-06-11,CHALON SUR SAONE,NON,5516,13:25,EST,DIJON VILLE,JCRHONRHIN,FRABA,12:44,FRXCD
6263,2023-06-11,CHALON SUR SAONE,NON,5516,17:02,EST,NANCY,JCRHONRHIN,FRENC,12:44,FRXCD
6264,2023-06-11,LES ARCS DRAGUIGNAN,OUI,5516,08:46,EST,TOULON,JCRHONRHIN,FRTLN,08:12,FRXRS
6265,2023-06-11,ST RAPHAEL VALESCURE,NON,5516,12:41,EST,CHALON SUR SAONE,JCRHONRHIN,FRXCD,07:55,FRXSK
6266,2023-06-11,NICE VILLE,NON,5516,14:06,EST,BESANCON - F COMTE TGV,JCRHONRHIN,FRTJB,07:00,FRNIC
6267,2023-06-11,ANTIBES,NON,5516,14:06,EST,BESANCON - F COMTE TGV,JCRHONRHIN,FRTJB,07:16,FRXAT
6268,2023-06-11,BEAUNE,NON,5516,15:24,EST,COLMAR,JCRHONRHIN,FRAEJ,13:06,FRXBV
6269,2023-06-11,MACON LOCHE TGV,NON,6984,22:16,SUD EST,PARIS (intramuros),ALPESPARIS,FRPLY,20:46,FRMLT
6270,2023-06-11,ANNECY,NON,6984,18:56,SUD EST,AIX LES BAINS LE REVARD,ALPESPARIS,FRXAI,18:31,FRNCY
6271,2023-06-11,AIX LES BAINS LE REVARD,NON,6984,19:09,SUD EST,CHAMBERY CHALLES LES EAUX,ALPESPARIS,FRCMF,18:59,FRXAI
6272,2023-06-11,PARIS (intramuros),NON,6609,11:56,SUD EST,LYON (intramuros),PARISRHONE,FRLPD,09:58,FRPLY
6273,2023-06-11,LILLE (intramuros),NON,5224,14:44,NORD,NANTES,JCNORDBRET,FRNTE,09:32,FRADJ
6274,2023-06-11,LILLE (intramuros),OUI,5224,10:14,NORD,ARRAS,JCNORDBRET,FRQRV,09:32,FRADJ
6275,2023-06-11,MARNE LA VALLEE CHESSY,NON,5224,14:02,NORD,ANGERS ST LAUD,JCNORDBRET,FRACL,11:32,FRMLV
6276,2023-06-11,TGV HAUTE PICARDIE,OUI,5224,11:13,NORD,AEROPORT CDG2 TGV ROISSY,JCNORDBRET,FRMLW,10:45,FRTHP
6277,2023-06-11,TGV HAUTE PICARDIE,NON,5224,14:44,NORD,NANTES,JCNORDBRET,FRNTE,10:45,FRTHP
6278,2023-06-11,DOUAI,NON,5224,12:04,NORD,MASSY TGV,JCNORDBRET,FRDJU,10:01,FRXDN
6279,2023-06-11,ARRAS,NON,5224,14:44,NORD,NANTES,JCNORDBRET,FRNTE,10:19,FRQRV
6280,2023-06-11,ANGERS ST LAUD,NON,4504,18:38,IC SRO,NANTES,JOURLYNNTE,FRNTE,17:56,FRACL
6281,2023-06-11,SAUMUR,NON,4504,17:54,IC SRO,ANGERS ST LAUD,JOURLYNNTE,FRACL,17:34,FRACN
6282,2023-06-11,LYON (intramuros),NON,4504,14:39,IC SRO,NEVERS,JOURLYNNTE,FRNVS,12:00,FRLPD
6283,2023-06-11,LYON (intramuros),NON,4504,13:03,IC SRO,ROANNE,JOURLYNNTE,FRRNE,12:00,FRLPD
6284,2023-06-11,LYON (intramuros),NON,4504,18:38,IC SRO,NANTES,JOURLYNNTE,FRNTE,11:47,FRLPE
6285,2023-06-11,LYON (intramuros),NON,4504,14:39,IC SRO,NEVERS,JOURLYNNTE,FRNVS,11:47,FRLPE
6286,2023-06-11,LYON (intramuros),NON,4504,16:55,IC SRO,ST PIERRE DES CORPS,JOURLYNNTE,FRXSH,11:47,FRLPE
6287,2023-06-11,NEVERS,NON,4504,17:54,IC SRO,ANGERS ST LAUD,JOURLYNNTE,FRACL,14:50,FRNVS
6288,2023-06-11,NEVERS,NON,4504,15:48,IC SRO,VIERZON VILLE,JOURLYNNTE,FRXVZ,14:50,FRNVS
6289,2023-06-11,ST GERMAIN DES FOSSES,NON,4504,17:54,IC SRO,ANGERS ST LAUD,JOURLYNNTE,FRACL,13:45,FRSGF
6290,2023-06-11,ST GERMAIN DES FOSSES,NON,4504,14:39,IC SRO,NEVERS,JOURLYNNTE,FRNVS,13:45,FRSGF
6291,2023-06-11,ST PIERRE DES CORPS,NON,4504,18:38,IC SRO,NANTES,JOURLYNNTE,FRNTE,16:58,FRXSH
6292,2023-06-11,VIERZON VILLE,NON,4504,16:55,IC SRO,ST PIERRE DES CORPS,JOURLYNNTE,FRXSH,15:50,FRXVZ
6293,2023-06-11,NURIEUX,NON,9764,11:42,INTERNATIONAL,PARIS (intramuros),GENEVEPA,FRPLY,09:25,FRHQN
6294,2023-06-11,NURIEUX,NON,9764,09:49,INTERNATIONAL,BOURG EN BRESSE,GENEVEPA,FRXBK,09:25,FRHQN
6295,2023-06-11,BELLEGARDE,NON,9764,09:22,INTERNATIONAL,NURIEUX,GENEVEPA,FRHQN,09:00,FRXBF
6296,2023-06-11,CHAMPAGNE-ARDENNE,NON,2407,09:05,EST,MEUSE TGV,PASTRAMULH,FREAJ,08:41,FREAH
6297,2023-06-11,PARIS (intramuros),NON,2407,09:59,EST,STRASBOURG,PASTRAMULH,FRAEG,07:58,FRPST
6298,2023-06-11,BRUXELLES MIDI BRUSSEL ZUID,NON,9830,18:56,NORD,MARSEILLE ST CHARLES,JCNORDSUD,FRMSC,13:17,BEBMI
6299,2023-06-11,AIX EN PROVENCE TGV,OUI,9830,18:56,NORD,MARSEILLE ST CHARLES,JCNORDSUD,FRMSC,18:40,FRAIE
6300,2023-06-11,LILLE (intramuros),NON,9830,15:09,NORD,MARNE LA VALLEE CHESSY,JCNORDSUD,FRMLV,14:03,FRLLE
6301,2023-06-11,LYON (intramuros),NON,9830,18:37,NORD,AIX EN PROVENCE TGV,JCNORDSUD,FRAIE,17:06,FRLPD
6302,2023-06-11,LYON (intramuros),NON,9830,18:56,NORD,MARSEILLE ST CHARLES,JCNORDSUD,FRMSC,17:06,FRLPD
6303,2023-06-11,MARNE LA VALLEE CHESSY,NON,9830,18:37,NORD,AIX EN PROVENCE TGV,JCNORDSUD,FRAIE,15:15,FRMLV
6304,2023-06-11,MARNE LA VALLEE CHESSY,NON,9830,18:56,NORD,MARSEILLE ST CHARLES,JCNORDSUD,FRMSC,15:15,FRMLV
6305,2023-06-11,BEZIERS,NON,6823,14:15,SUD EST,TOULOUSE MATABIAU,JCPROVSUD,FRXYT,12:46,FRBZR
6306,2023-06-11,CARCASSONNE,NON,6823,14:15,SUD EST,TOULOUSE MATABIAU,JCPROVSUD,FRXYT,13:33,FRCCF
6307,2023-06-11,NIMES,NON,6823,12:43,SUD EST,BEZIERS,JCPROVSUD,FRBZR,11:37,FRFNI
6308,2023-06-11,LYON (intramuros),NON,6823,12:43,SUD EST,BEZIERS,JCPROVSUD,FRBZR,10:08,FRLPD
6309,2023-06-11,LYON (intramuros),NON,6823,12:59,SUD EST,NARBONNE,JCPROVSUD,FRXNA,10:08,FRLPD
6310,2023-06-11,LYON (intramuros),NON,6823,14:15,SUD EST,TOULOUSE MATABIAU,JCPROVSUD,FRXYT,10:08,FRLPD
6311,2023-06-11,MONTPELLIER SAINT-ROCH,NON,6823,13:30,SUD EST,CARCASSONNE,JCPROVSUD,FRCCF,12:06,FRMPL
6312,2023-06-11,VALENCE TGV RHONE-ALPES SUD,NON,6823,12:02,SUD EST,MONTPELLIER SAINT-ROCH,JCPROVSUD,FRMPL,10:49,FRVLA
6313,2023-06-11,VALENCE TGV RHONE-ALPES SUD,NON,6823,12:59,SUD EST,NARBONNE,JCPROVSUD,FRXNA,10:49,FRVLA
6314,2023-06-11,VALENCE TGV RHONE-ALPES SUD,NON,6823,14:15,SUD EST,TOULOUSE MATABIAU,JCPROVSUD,FRXYT,10:49,FRVLA
6315,2023-06-11,CHARLEVILLE MEZIERES,NON,2754,18:01,EST,PARIS (intramuros),SEDBARPA,FRPST,16:17,FRXCZ
6316,2023-06-11,QUIMPERLE,NON,8730,19:06,ATLANTIQUE,PARIS (intramuros),BRETAPARIS,FRPMO,15:42,FRECO
6317,2023-06-11,QUIMPERLE,NON,8730,17:25,ATLANTIQUE,RENNES,BRETAPARIS,FRRNS,15:42,FRECO
6318,2023-06-11,RENNES,NON,8730,19:06,ATLANTIQUE,PARIS (intramuros),BRETAPARIS,FRPMO,17:35,FRRNS
6319,2023-06-11,ROSPORDEN,OUI,8730,15:39,ATLANTIQUE,QUIMPERLE,BRETAPARIS,FRECO,15:27,FRRSP
6320,2023-06-11,ROSPORDEN,NON,8730,19:06,ATLANTIQUE,PARIS (intramuros),BRETAPARIS,FRPMO,15:27,FRRSP
6321,2023-06-11,ROSPORDEN,OUI,8730,16:24,ATLANTIQUE,VANNES,BRETAPARIS,FRVNE,15:27,FRRSP
6322,2023-06-11,QUIMPER,OUI,8730,15:39,ATLANTIQUE,QUIMPERLE,BRETAPARIS,FRECO,15:12,FRUIP
6323,2023-06-11,QUIMPER,NON,8730,19:06,ATLANTIQUE,PARIS (intramuros),BRETAPARIS,FRPMO,15:12,FRUIP
6324,2023-06-11,DOL DE BRETAGNE,OUI,8083,12:17,ATLANTIQUE,ST MALO,PARISBRETA,FRXSB,12:04,FRDOL
6325,2023-06-11,PARIS (intramuros),OUI,8083,11:25,ATLANTIQUE,RENNES,PARISBRETA,FRRNS,09:54,FRPMO
6326,2023-06-11,ST MALO,NON,8084,15:06,ATLANTIQUE,PARIS (intramuros),BRETAPARIS,FRPMO,12:42,FRXSB
6327,2023-06-11,STRASBOURG,NON,9571,10:05,INTERNATIONAL,STUTTGART HBF,PASTUTMUN,DESGT,08:46,FRAEG
6328,2023-06-11,PARIS (intramuros),NON,9571,08:41,INTERNATIONAL,STRASBOURG,PASTUTMUN,FRAEG,06:55,FRPST
6329,2023-06-11,LUCON,NON,3837,21:10,IC SRO,JONZAC,NANTEBORDO,FREMR,19:00,FRLCN
6330,2023-06-11,LUCON,NON,3837,19:39,IC SRO,LA ROCHELLE VILLE,NANTEBORDO,FRLRH,19:00,FRLCN
6331,2023-06-11,NANTES,NON,3837,22:08,IC SRO,BORDEAUX ST JEAN,NANTEBORDO,FRBOJ,17:55,FRNTE
6332,2023-06-11,NANTES,NON,3837,18:58,IC SRO,LUCON,NANTEBORDO,FRLCN,17:55,FRNTE
6333,2023-06-11,NANTES,NON,3837,19:39,IC SRO,LA ROCHELLE VILLE,NANTEBORDO,FRLRH,17:55,FRNTE
6334,2023-06-11,ROCHEFORT,NON,3837,20:32,IC SRO,SAINTES,NANTEBORDO,FRXST,20:05,FRRCO
6335,2023-06-11,SAINTES,NON,3837,22:08,IC SRO,BORDEAUX ST JEAN,NANTEBORDO,FRBOJ,20:34,FRXST
6336,2023-06-11,LILLE (intramuros),NON,5240,21:21,NORD,ANGOULEME,JCNORDAQUI,FRANG,17:16,FRADJ
6337,2023-06-11,LILLE (intramuros),NON,5240,22:02,NORD,BORDEAUX ST JEAN,JCNORDAQUI,FRBOJ,17:16,FRADJ
6338,2023-06-11,LILLE (intramuros),OUI,5240,18:10,NORD,AEROPORT CDG2 TGV ROISSY,JCNORDAQUI,FRMLW,17:16,FRADJ
6339,2023-06-11,LILLE (intramuros),NON,5240,20:40,NORD,POITIERS,JCNORDAQUI,FRPIS,17:16,FRADJ
6340,2023-06-11,MARNE LA VALLEE CHESSY,NON,5240,21:21,NORD,ANGOULEME,JCNORDAQUI,FRANG,18:32,FRMLV
6341,2023-06-11,PARIS (intramuros),NON,6919,16:05,SUD EST,LYON-SAINT EXUPERY TGV,PAGRENOBLE,FRJDQ,14:12,FRPLY
6342,2023-06-11,PARIS (intramuros),NON,6613,14:10,SUD EST,LYON (intramuros),PARISRHONE,FRLPE,11:50,FRPLY
6343,2023-06-11,LE CREUSOT MONTCEAU MONTCHANIN,NON,6613,13:56,SUD EST,LYON (intramuros),PARISRHONE,FRLPD,13:13,FRXCC
6344,2023-06-11,AIX EN PROVENCE TGV,NON,6852,20:52,SUD EST,AVIGNON TGV,JCSUDPROV,FRAVG,20:32,FRAIE
6345,2023-06-11,AVIGNON TGV,NON,6852,21:27,SUD EST,VALENCE TGV RHONE-ALPES SUD,JCSUDPROV,FRVLA,20:55,FRAVG
6346,2023-06-11,CANNES,NON,6852,20:52,SUD EST,AVIGNON TGV,JCSUDPROV,FRAVG,17:59,FRJCA
6347,2023-06-11,CANNES,OUI,6852,19:14,SUD EST,TOULON,JCSUDPROV,FRTLN,17:59,FRJCA
6348,2023-06-11,CANNES,NON,6852,21:27,SUD EST,VALENCE TGV RHONE-ALPES SUD,JCSUDPROV,FRVLA,17:59,FRJCA
6349,2023-06-11,MARSEILLE ST CHARLES,NON,6852,22:14,SUD EST,LYON (intramuros),JCSUDPROV,FRLPD,20:18,FRMSC
6350,2023-06-11,NICE VILLE,OUI,6852,17:55,SUD EST,CANNES,JCSUDPROV,FRJCA,17:27,FRNIC
6351,2023-06-11,NICE VILLE,OUI,6852,19:14,SUD EST,TOULON,JCSUDPROV,FRTLN,17:27,FRNIC
6352,2023-06-11,ANTIBES,NON,6852,22:14,SUD EST,LYON (intramuros),JCSUDPROV,FRLPD,17:45,FRXAT
6353,2023-06-11,LES ARCS DRAGUIGNAN,OUI,6852,20:04,SUD EST,MARSEILLE ST CHARLES,JCSUDPROV,FRMSC,18:40,FRXRS
6354,2023-06-11,LES ARCS DRAGUIGNAN,NON,6852,21:27,SUD EST,VALENCE TGV RHONE-ALPES SUD,JCSUDPROV,FRVLA,18:40,FRXRS
6355,2023-06-11,ST RAPHAEL VALESCURE,NON,6852,20:29,SUD EST,AIX EN PROVENCE TGV,JCSUDPROV,FRAIE,18:23,FRXSK
6356,2023-06-11,ST RAPHAEL VALESCURE,NON,6852,22:14,SUD EST,LYON (intramuros),JCSUDPROV,FRLPD,18:23,FRXSK
6357,2023-06-11,ST RAPHAEL VALESCURE,OUI,6852,19:14,SUD EST,TOULON,JCSUDPROV,FRTLN,18:23,FRXSK
6358,2023-06-11,ST RAPHAEL VALESCURE,OUI,6852,18:37,SUD EST,LES ARCS DRAGUIGNAN,JCSUDPROV,FRXRS,18:23,FRXSK
6359,2023-06-11,PARIS (intramuros),NON,6689,21:48,SUD EST,ST ETIENNE CHATEAUCREUX,PARISRHONE,FRHHD,18:58,FRPLY
6360,2023-06-11,PARIS (intramuros),NON,7295,22:40,NORD,ARRAS,PAARRAS,FRQRV,21:52,FRPNO
6361,2023-06-11,LYON-SAINT EXUPERY TGV,NON,6195,21:38,SUD EST,ORANGE,PAVDR,FRXOG,20:11,FRJDQ
6362,2023-06-11,PARIS (intramuros),NON,6195,22:18,SUD EST,ARLES,PAVDR,FRHZA,18:12,FRPLY
6363,2023-06-11,VALENCE VILLE,OUI,6195,22:40,SUD EST,MIRAMAS,PAVDR,FRMAZ,20:49,FRVAF
6364,2023-06-11,VALENCE VILLE,OUI,6195,21:10,SUD EST,MONTELIMAR GARE SNCF,PAVDR,FRXMK,20:49,FRVAF
6365,2023-06-11,MONTELIMAR GARE SNCF,OUI,6195,22:40,SUD EST,MIRAMAS,PAVDR,FRMAZ,21:13,FRXMK
6366,2023-06-11,MONTELIMAR GARE SNCF,OUI,6195,21:38,SUD EST,ORANGE,PAVDR,FRXOG,21:13,FRXMK
6367,2023-06-11,BASEL SBB,NON,9234,19:53,INTERNATIONAL,MULHOUSE VILLE,ZURBALPA,FRAEK,19:34,CHAJP
6368,2023-06-11,MULHOUSE VILLE,NON,9234,22:42,INTERNATIONAL,PARIS (intramuros),ZURBALPA,FRPLY,19:56,FRAEK
6369,2023-06-11,AIX EN PROVENCE TGV,OUI,6112,09:39,SUD EST,AVIGNON TGV,PROVENCEPA,FRAVG,09:18,FRAIE
6370,2023-06-11,AIX EN PROVENCE TGV,NON,6112,12:22,SUD EST,PARIS (intramuros),PROVENCEPA,FRPLY,09:18,FRAIE
6371,2023-06-11,MARSEILLE ST CHARLES,NON,6112,12:22,SUD EST,PARIS (intramuros),PROVENCEPA,FRPLY,09:04,FRMSC
6372,2023-06-11,PARIS (intramuros),NON,8473,13:14,ATLANTIQUE,BORDEAUX ST JEAN,PASUDOUEST,FRBOJ,11:08,FRPMO
6373,2023-06-11,PARIS (intramuros),OUI,7363,11:02,NORD,LENS,PAARRAS,FRXLE,09:52,FRPNO
6374,2023-06-11,ST DIE DES VOSGES,OUI,2598,18:04,EST,NANCY,NANCYPA,FRENC,17:11,FRXTD
6375,2023-06-11,BREST,OUI,8652,21:18,ATLANTIQUE,GUINGAMP,BRETAPARIS,FRGGP,20:19,FRBES
6376,2023-06-11,LAMBALLE,NON,8652,00:08,ATLANTIQUE,PARIS (intramuros),BRETAPARIS,FRPMO,21:51,FRLAM
6377,2023-06-11,MORLAIX,OUI,8652,21:35,ATLANTIQUE,ST BRIEUC,BRETAPARIS,FRSBK,20:51,FRMXN
6378,2023-06-11,RENNES,NON,8652,00:08,ATLANTIQUE,PARIS (intramuros),BRETAPARIS,FRPMO,22:35,FRRNS
6379,2023-06-11,LE MANS,NON,5280,14:41,NORD,AEROPORT CDG2 TGV ROISSY,JCBRETNORD,FRMLW,13:00,FRAET
6380,2023-06-11,RENNES,OUI,5280,12:25,NORD,LAVAL,JCBRETNORD,FRACR,12:00,FRRNS
6381,2023-06-11,PARIS (intramuros),NON,8725,18:25,ATLANTIQUE,ROSPORDEN,PARISBRETA,FRRSP,14:59,FRPMO
6382,2023-06-11,PARIS (intramuros),NON,8725,17:37,ATLANTIQUE,AURAY,PARISBRETA,FRXUY,14:59,FRPMO
6383,2023-06-11,AURAY,OUI,8725,18:25,ATLANTIQUE,ROSPORDEN,PARISBRETA,FRRSP,17:40,FRXUY
6384,2023-06-11,MULHOUSE VILLE,NON,9223,22:26,INTERNATIONAL,ZUERICH HB,PABALZUR,CHAJD,21:06,FRAEK
6385,2023-06-11,MULHOUSE VILLE,NON,9223,21:26,INTERNATIONAL,BASEL SBB,PABALZUR,CHAJP,21:06,FRAEK
6386,2023-06-11,PARIS (intramuros),NON,9223,21:03,INTERNATIONAL,MULHOUSE VILLE,PABALZUR,FRAEK,18:20,FRPLY
6387,2023-06-11,ANGOULEME,NON,8432,08:50,ATLANTIQUE,ST PIERRE DES CORPS,SUDOUESTPA,FRXSH,07:36,FRANG
6388,2023-06-11,POITIERS,NON,8432,10:01,ATLANTIQUE,PARIS (intramuros),SUDOUESTPA,FRPMO,08:19,FRPIS
6389,2023-06-11,NANCY,NON,2540,14:41,EST,PARIS (intramuros),NANCYPA,FRPST,12:55,FRENC
6390,2023-06-11,KARLSRUHE HBF,NON,9583,15:59,INTERNATIONAL,FRANKFURT MAIN HBF,MRSFRANC,DEFRH,14:54,DEQKA
6391,2023-06-11,BADEN BADEN,NON,9583,15:18,INTERNATIONAL,MANNHEIM HBF,MRSFRANC,DEMHG,14:25,DEZCC
6392,2023-06-11,AIX EN PROVENCE TGV,NON,9583,15:18,INTERNATIONAL,MANNHEIM HBF,MRSFRANC,DEMHG,08:25,FRAIE
6393,2023-06-11,AIX EN PROVENCE TGV,NON,9583,13:43,INTERNATIONAL,STRASBOURG,MRSFRANC,FRAEG,08:25,FRAIE
6394,2023-06-11,AIX EN PROVENCE TGV,NON,9583,08:44,INTERNATIONAL,AVIGNON TGV,MRSFRANC,FRAVG,08:25,FRAIE
6395,2023-06-11,AIX EN PROVENCE TGV,NON,9583,11:03,INTERNATIONAL,CHALON SUR SAONE,MRSFRANC,FRXCD,08:25,FRAIE
6396,2023-06-11,AVIGNON TGV,NON,9583,15:18,INTERNATIONAL,MANNHEIM HBF,MRSFRANC,DEMHG,08:47,FRAVG
6397,2023-06-11,AVIGNON TGV,NON,9583,13:43,INTERNATIONAL,STRASBOURG,MRSFRANC,FRAEG,08:47,FRAVG
6398,2023-06-11,AVIGNON TGV,NON,9583,12:00,INTERNATIONAL,BESANCON - F COMTE TGV,MRSFRANC,FRTJB,08:47,FRAVG
6399,2023-06-11,LYON (intramuros),NON,9583,14:23,INTERNATIONAL,BADEN BADEN,MRSFRANC,DEZCC,10:04,FRLPD
6400,2023-06-11,LYON (intramuros),NON,9583,12:51,INTERNATIONAL,MULHOUSE VILLE,MRSFRANC,FRAEK,10:04,FRLPD
6401,2023-06-11,LYON (intramuros),NON,9583,12:00,INTERNATIONAL,BESANCON - F COMTE TGV,MRSFRANC,FRTJB,10:04,FRLPD
6402,2023-06-11,MARSEILLE ST CHARLES,NON,9583,13:43,INTERNATIONAL,STRASBOURG,MRSFRANC,FRAEG,08:11,FRMSC
6403,2023-06-11,MARSEILLE ST CHARLES,NON,9583,12:24,INTERNATIONAL,BELFORT-MONTBELIARD TGV,MRSFRANC,FRTJA,08:11,FRMSC
6404,2023-06-11,MARSEILLE ST CHARLES,NON,9583,12:00,INTERNATIONAL,BESANCON - F COMTE TGV,MRSFRANC,FRTJB,08:11,FRMSC
6405,2023-06-11,BELFORT-MONTBELIARD TGV,NON,9583,15:59,INTERNATIONAL,FRANKFURT MAIN HBF,MRSFRANC,DEFRH,12:27,FRTJA
6406,2023-06-11,BESANCON - F COMTE TGV,NON,9583,15:59,INTERNATIONAL,FRANKFURT MAIN HBF,MRSFRANC,DEFRH,12:03,FRTJB
6407,2023-06-11,BESANCON - F COMTE TGV,NON,9583,14:46,INTERNATIONAL,KARLSRUHE HBF,MRSFRANC,DEQKA,12:03,FRTJB
6408,2023-06-11,BESANCON - F COMTE TGV,NON,9583,14:23,INTERNATIONAL,BADEN BADEN,MRSFRANC,DEZCC,12:03,FRTJB
6409,2023-06-11,CHALON SUR SAONE,NON,9583,15:59,INTERNATIONAL,FRANKFURT MAIN HBF,MRSFRANC,DEFRH,11:06,FRXCD
6410,2023-06-11,CHALON SUR SAONE,NON,9583,14:46,INTERNATIONAL,KARLSRUHE HBF,MRSFRANC,DEQKA,11:06,FRXCD
6411,2023-06-11,CHALON SUR SAONE,NON,9583,12:51,INTERNATIONAL,MULHOUSE VILLE,MRSFRANC,FRAEK,11:06,FRXCD
6412,2023-06-11,LAVAL,NON,5336,14:20,SUD EST,MASSY TGV,JCATLSUD,FRDJU,12:58,FRACR
6413,2023-06-11,LAVAL,NON,5336,16:29,SUD EST,LYON (intramuros),JCATLSUD,FRLPD,12:58,FRACR
6414,2023-06-11,RENNES,OUI,5336,12:55,SUD EST,LAVAL,JCATLSUD,FRACR,12:30,FRRNS
6415,2023-06-11,RENNES,NON,5336,17:15,SUD EST,VALENCE TGV RHONE-ALPES SUD,JCATLSUD,FRVLA,12:30,FRRNS
6416,2023-06-11,MASSY TGV,NON,5336,17:54,SUD EST,NIMES PONT DU GARD,JCATLSUD,FRXZP,14:26,FRDJU
6417,2023-06-11,BOURG EN BRESSE,NON,9775,18:14,INTERNATIONAL,LAUSANNE,PAGENEVE,CHAJF,16:12,FRXBK
6418,2023-06-11,VALENCE TGV RHONE-ALPES SUD,NON,6049,17:46,SUD EST,NIMES PONT DU GARD,PALANG,FRXZP,17:09,FRVLA
6419,2023-06-11,LAVAL,NON,8623,17:33,ATLANTIQUE,GUINGAMP,PARISBRETA,FRGGP,16:00,FRACR
6420,2023-06-11,RENNES,NON,8623,18:37,ATLANTIQUE,BREST,PARISBRETA,FRBES,16:32,FRRNS
6421,2023-06-11,RENNES,NON,8623,18:02,ATLANTIQUE,MORLAIX,PARISBRETA,FRMXN,16:32,FRRNS
6422,2023-06-11,NIMES,NON,4760,15:12,IC ARO,TOULOUSE MATABIAU,TJOURSESO,FRXYT,12:40,FRFNI
6423,2023-06-11,ARLES,NON,4760,15:48,IC ARO,MONTAUBAN VILLE BOURBON,TJOURSESO,FRXMW,12:10,FRHZA
6424,2023-06-11,ARLES,NON,4760,13:57,IC ARO,NARBONNE,TJOURSESO,FRXNA,12:10,FRHZA
6425,2023-06-11,ARLES,NON,4760,15:12,IC ARO,TOULOUSE MATABIAU,TJOURSESO,FRXYT,12:10,FRHZA
6426,2023-06-11,MARSEILLE ST CHARLES,NON,4760,17:32,IC ARO,BORDEAUX ST JEAN,TJOURSESO,FRBOJ,11:24,FRMSC
6427,2023-06-11,DUNKERQUE,NON,7342,21:08,NORD,PARIS (intramuros),ARRASPA,FRPNO,18:56,FRADI
6428,2023-06-11,HAZEBROUCK,NON,7342,21:08,NORD,PARIS (intramuros),ARRASPA,FRPNO,19:20,FRHZK
6429,2023-06-11,LA SOUTERRAINE,NON,3685,22:59,IC ARO,LIMOGES BENEDICTINS,PALITO,FRAGQ,22:25,FRLST
6430,2023-06-11,PARIS (intramuros),NON,3685,00:03,IC ARO,BRIVE LA GAILLARDE,PALITO,FRBVE,19:36,FRPAZ
6431,2023-06-11,PARIS (intramuros),NON,3685,21:08,IC ARO,VIERZON VILLE,PALITO,FRXVZ,19:36,FRPAZ
6432,2023-06-11,VITRY LE FRANCOIS GARE,OUI,2785,21:19,EST,BAR LE DUC,PABARSED,FRXBD,20:55,FRBFO
6433,2023-06-11,LES AUBRAIS ORLEANS,OUI,3737,07:22,IC NUIT,CARCASSONNE,PARPALOMBE,FRCCF,22:49,FRLAB
6434,2023-06-11,LES AUBRAIS ORLEANS,OUI,3737,10:21,IC NUIT,CERBERE,PARPALOMBE,FRXCE,22:49,FRLAB
6435,2023-06-11,LES AUBRAIS ORLEANS,OUI,3737,10:06,IC NUIT,PORT VENDRES VILLE,PARPALOMBE,FRXPV,22:49,FRLAB
6436,2023-06-11,PARIS (intramuros),OUI,3737,06:57,IC NUIT,CASTELNAUDARY,PARPALOMBE,FRCTY,21:41,FRPAZ
6437,2023-06-11,PARIS (intramuros),OUI,3737,07:55,IC NUIT,LEZIGNAN-CORBIERES,PARPALOMBE,FRFUX,21:41,FRPAZ
6438,2023-06-11,PARIS (intramuros),OUI,3737,09:44,IC NUIT,ELNE,PARPALOMBE,FRIOG,21:41,FRPAZ
6439,2023-06-11,PARIS (intramuros),OUI,3737,09:32,IC NUIT,PERPIGNAN,PARPALOMBE,FRPGF,21:41,FRPAZ
6440,2023-06-11,METZ VILLE,OUI,2860,10:20,EST,PARIS (intramuros),LUXMETZPA,FRPST,08:50,FRADE
6441,2023-06-11,PAU,NON,14140,10:33,IC SRO,TOULOUSE MATABIAU,SUDOUEST,FRXYT,08:11,FRAEE
6442,2023-06-11,LYON (intramuros),NON,5192,18:01,NORD,AEROPORT CDG2 TGV ROISSY,JCSUDNORD,FRMLW,16:00,FRLPD
6443,2023-06-11,LYON (intramuros),NON,5192,18:56,NORD,ARRAS,JCSUDNORD,FRQRV,16:00,FRLPD
6444,2023-06-11,LYON (intramuros),NON,5192,17:47,NORD,MARNE LA VALLEE CHESSY,JCSUDNORD,FRMLV,15:46,FRLPE
6445,2023-06-11,MARNE LA VALLEE CHESSY,NON,5192,19:44,NORD,LILLE (intramuros),JCSUDNORD,FRADJ,17:51,FRMLV
6446,2023-06-11,MARNE LA VALLEE CHESSY,NON,5192,18:01,NORD,AEROPORT CDG2 TGV ROISSY,JCSUDNORD,FRMLW,17:51,FRMLV
6447,2023-06-11,ANGERS ST LAUD,OUI,8926,19:05,ATLANTIQUE,SABLE SUR SARTHE,LOIREPARIS,FRSAB,18:44,FRACL
6448,2023-06-11,LE CROISIC,OUI,8926,17:03,ATLANTIQUE,LA BAULE ESCOUBLAC,LOIREPARIS,FRJEE,16:55,FREGU
6449,2023-06-11,LE CROISIC,NON,8926,20:29,ATLANTIQUE,PARIS (intramuros),LOIREPARIS,FRPMO,16:55,FREGU
6450,2023-06-11,LA BAULE ESCOUBLAC,OUI,8926,17:59,ATLANTIQUE,NANTES,LOIREPARIS,FRNTE,17:07,FRJEE
6451,2023-06-11,LA BAULE ESCOUBLAC,NON,8926,20:29,ATLANTIQUE,PARIS (intramuros),LOIREPARIS,FRPMO,17:07,FRJEE
6452,2023-06-11,NANTES,NON,8926,19:28,ATLANTIQUE,LE MANS,LOIREPARIS,FRAET,18:05,FRNTE
6453,2023-06-11,SABLE SUR SARTHE,NON,8926,19:28,ATLANTIQUE,LE MANS,LOIREPARIS,FRAET,19:07,FRSAB
6454,2023-06-11,ST NAZAIRE,NON,8926,20:29,ATLANTIQUE,PARIS (intramuros),LOIREPARIS,FRPMO,17:24,FRSNR
6455,2023-06-11,ST NAZAIRE,OUI,8926,19:05,ATLANTIQUE,SABLE SUR SARTHE,LOIREPARIS,FRSAB,17:24,FRSNR
6456,2023-06-11,DIJON VILLE,NON,2203,12:24,EST,NIMES,JCRHINRHON,FRFNI,09:21,FRABA
6457,2023-06-11,STRASBOURG,NON,2203,10:56,EST,LYON (intramuros),JCRHINRHON,FRLPD,06:47,FRAEG
6458,2023-06-11,STRASBOURG,NON,2203,09:54,EST,CHALON SUR SAONE,JCRHINRHON,FRXCD,06:47,FRAEG
6459,2023-06-11,COLMAR,NON,2203,10:56,EST,LYON (intramuros),JCRHINRHON,FRLPD,07:16,FRAEJ
6460,2023-06-11,COLMAR,NON,2203,08:14,EST,BELFORT-MONTBELIARD TGV,JCRHINRHON,FRTJA,07:16,FRAEJ
6461,2023-06-11,NIMES,NON,2203,12:55,EST,MONTPELLIER SAINT-ROCH,JCRHINRHON,FRMPL,12:27,FRFNI
6462,2023-06-11,LYON (intramuros),NON,5186,23:26,NORD,LILLE (intramuros),JCSUDNORD,FRLLE,20:30,FRLPD
6463,2023-06-11,PARIS (intramuros),OUI,7035,13:48,NORD,LILLE (intramuros),PALILLE,FRADJ,12:46,FRPNO
6464,2023-06-11,BEZIERS,OUI,6034,13:44,SUD EST,MONTPELLIER SAINT-ROCH,LANGPA,FRMPL,12:58,FRBZR
6465,2023-06-11,NIMES,NON,6034,15:01,SUD EST,VALENCE TGV RHONE-ALPES SUD,LANGPA,FRVLA,14:17,FRFNI
6466,2023-06-11,PERPIGNAN,OUI,6034,13:44,SUD EST,MONTPELLIER SAINT-ROCH,LANGPA,FRMPL,12:04,FRPGF
6467,2023-06-11,PERPIGNAN,NON,6034,17:18,SUD EST,PARIS (intramuros),LANGPA,FRPLY,12:04,FRPGF
6468,2023-06-11,NARBONNE,OUI,6034,13:09,SUD EST,AGDE,LANGPA,FRXAG,12:41,FRXNA
6469,2023-06-11,UZERCHE,NON,3638,12:02,IC ARO,VIERZON VILLE,TOULOUZECO,FRXVZ,09:33,FRAAW
6470,2023-06-11,LIMOGES BENEDICTINS,NON,3638,12:02,IC ARO,VIERZON VILLE,TOULOUZECO,FRXVZ,10:13,FRAGQ
6471,2023-06-11,BRIVE LA GAILLARDE,OUI,3638,11:22,IC ARO,CHATEAUROUX,TOULOUZECO,FRCHR,09:08,FRBVE
6472,2023-06-11,BRIVE LA GAILLARDE,OUI,3638,10:45,IC ARO,LA SOUTERRAINE,TOULOUZECO,FRLST,09:08,FRBVE
6473,2023-06-11,BRIVE LA GAILLARDE,NON,3638,12:02,IC ARO,VIERZON VILLE,TOULOUZECO,FRXVZ,09:08,FRBVE
6474,2023-06-11,ISSOUDUN,NON,3638,12:02,IC ARO,VIERZON VILLE,TOULOUZECO,FRXVZ,11:40,FRFMN
6475,2023-06-11,GOURDON,OUI,3638,11:22,IC ARO,CHATEAUROUX,TOULOUZECO,FRCHR,08:24,FRFSI
6476,2023-06-11,GOURDON,NON,3638,12:02,IC ARO,VIERZON VILLE,TOULOUZECO,FRXVZ,08:24,FRFSI
6477,2023-06-11,SOUILLAC,NON,3638,13:34,IC ARO,PARIS (intramuros),TOULOUZECO,FRPAZ,08:41,FRSOU
6478,2023-06-11,VIERZON VILLE,NON,3638,13:34,IC ARO,PARIS (intramuros),TOULOUZECO,FRPAZ,12:04,FRXVZ
6479,2023-06-11,CAHORS,NON,3638,13:34,IC ARO,PARIS (intramuros),TOULOUZECO,FRPAZ,07:57,FRZAO
6480,2023-06-11,GOURDON,OUI,3638,09:32,IC ARO,UZERCHE,TOULOUZECO,FRAAW,08:24,FRFSI
6481,2023-06-11,CAHORS,NON,3638,11:39,IC ARO,ISSOUDUN,TOULOUZECO,FRFMN,07:57,FRZAO
6482,2023-06-11,LE MANS,NON,5460,20:25,EST,LORRAINE TGV,JCATLEST,FREAM,16:57,FRAET
6483,2023-06-11,MASSY TGV,NON,5460,19:29,EST,CHAMPAGNE-ARDENNE,JCATLEST,FREAH,17:54,FRDJU
6484,2023-06-11,MASSY TGV,NON,5460,20:00,EST,MEUSE TGV,JCATLEST,FREAJ,17:54,FRDJU
6485,2023-06-11,CHAMPAGNE-ARDENNE,NON,5460,20:00,EST,MEUSE TGV,JCATLEST,FREAJ,19:35,FREAH
6486,2023-06-11,RENNES,NON,5460,17:48,EST,MASSY TGV,JCATLEST,FRDJU,16:03,FRRNS
6487,2023-06-11,LA ROCHE SUR YON,OUI,8984,17:45,ATLANTIQUE,ANGERS ST LAUD,LOIREPARIS,FRACL,16:10,FRXRO
6488,2023-06-11,SURGERES,NON,8364,19:37,ATLANTIQUE,PARIS (intramuros),ROCHELLEPA,FRPMO,17:22,FREIP
6489,2023-06-11,LA ROCHELLE VILLE,OUI,8364,17:40,ATLANTIQUE,NIORT,ROCHELLEPA,FRNIT,17:01,FRLRH
6490,2023-06-11,LA ROCHELLE VILLE,NON,8364,19:37,ATLANTIQUE,PARIS (intramuros),ROCHELLEPA,FRPMO,17:01,FRLRH
6491,2023-06-11,ANGERS ST LAUD,NON,4402,12:04,IC SRO,ROANNE,JOURNTELYN,FRRNE,07:10,FRACL
6492,2023-06-11,ANGERS ST LAUD,NON,4402,11:00,IC SRO,MOULINS SUR ALLIER,JOURNTELYN,FRXMU,07:10,FRACL
6493,2023-06-11,SAUMUR,NON,4402,13:22,IC SRO,LYON (intramuros),JOURNTELYN,FRLPE,07:32,FRACN
6494,2023-06-11,SAUMUR,NON,4402,12:04,IC SRO,ROANNE,JOURNTELYN,FRRNE,07:32,FRACN
6495,2023-06-11,SAUMUR,NON,4402,11:25,IC SRO,ST GERMAIN DES FOSSES,JOURNTELYN,FRSGF,07:32,FRACN
6496,2023-06-11,SAUMUR,NON,4402,11:00,IC SRO,MOULINS SUR ALLIER,JOURNTELYN,FRXMU,07:32,FRACN
6497,2023-06-11,NANTES,NON,4402,07:08,IC SRO,ANGERS ST LAUD,JOURNTELYN,FRACL,06:26,FRNTE
6498,2023-06-11,NANTES,NON,4402,13:22,IC SRO,LYON (intramuros),JOURNTELYN,FRLPE,06:26,FRNTE
6499,2023-06-11,NANTES,NON,4402,12:04,IC SRO,ROANNE,JOURNTELYN,FRRNE,06:26,FRNTE
6500,2023-06-11,NANTES,NON,4402,09:16,IC SRO,VIERZON VILLE,JOURNTELYN,FRXVZ,06:26,FRNTE
6501,2023-06-11,NEVERS,NON,4402,13:10,IC SRO,LYON (intramuros),JOURNTELYN,FRLPD,10:32,FRNVS
6502,2023-06-11,NEVERS,NON,4402,13:22,IC SRO,LYON (intramuros),JOURNTELYN,FRLPE,10:32,FRNVS
6503,2023-06-11,NEVERS,NON,4402,12:04,IC SRO,ROANNE,JOURNTELYN,FRRNE,10:32,FRNVS
6504,2023-06-11,ROANNE,NON,4402,13:10,IC SRO,LYON (intramuros),JOURNTELYN,FRLPD,12:06,FRRNE
6505,2023-06-11,ROANNE,NON,4402,13:22,IC SRO,LYON (intramuros),JOURNTELYN,FRLPE,12:06,FRRNE
6506,2023-06-11,ST GERMAIN DES FOSSES,NON,4402,13:10,IC SRO,LYON (intramuros),JOURNTELYN,FRLPD,11:27,FRSGF
6507,2023-06-11,ST PIERRE DES CORPS,NON,4402,13:22,IC SRO,LYON (intramuros),JOURNTELYN,FRLPE,08:08,FRXSH
6508,2023-06-11,ST PIERRE DES CORPS,NON,4402,12:04,IC SRO,ROANNE,JOURNTELYN,FRRNE,08:08,FRXSH
6509,2023-06-11,ST PIERRE DES CORPS,NON,4402,11:25,IC SRO,ST GERMAIN DES FOSSES,JOURNTELYN,FRSGF,08:08,FRXSH
6510,2023-06-11,VIERZON VILLE,NON,4402,13:22,IC SRO,LYON (intramuros),JOURNTELYN,FRLPE,09:20,FRXVZ
6511,2023-06-11,VIERZON VILLE,NON,4402,10:22,IC SRO,NEVERS,JOURNTELYN,FRNVS,09:20,FRXVZ
6512,2023-06-11,LYON (intramuros),NON,6610,11:00,SUD EST,PARIS (intramuros),RHONEPARIS,FRPLY,09:04,FRLPD
6513,2023-06-11,AIX EN PROVENCE TGV,NON,6805,12:26,SUD EST,CANNES,JCPROVSUD,FRJCA,09:51,FRAIE
6514,2023-06-11,AIX EN PROVENCE TGV,NON,6805,12:58,SUD EST,NICE VILLE,JCPROVSUD,FRNIC,09:51,FRAIE
6515,2023-06-11,AVIGNON TGV,NON,6805,09:48,SUD EST,AIX EN PROVENCE TGV,JCPROVSUD,FRAIE,09:29,FRAVG
6516,2023-06-11,LYON (intramuros),NON,6805,09:48,SUD EST,AIX EN PROVENCE TGV,JCPROVSUD,FRAIE,08:06,FRLPD
6517,2023-06-11,LYON (intramuros),NON,6805,12:26,SUD EST,CANNES,JCPROVSUD,FRJCA,08:06,FRLPD
6518,2023-06-11,LYON (intramuros),NON,6805,12:39,SUD EST,ANTIBES,JCPROVSUD,FRXAT,08:06,FRLPD
6519,2023-06-11,MARSEILLE ST CHARLES,OUI,6805,12:02,SUD EST,ST RAPHAEL VALESCURE,JCPROVSUD,FRXSK,10:20,FRMSC
6520,2023-06-11,VALENCE TGV RHONE-ALPES SUD,NON,6805,12:58,SUD EST,NICE VILLE,JCPROVSUD,FRNIC,08:53,FRVLA
6521,2023-06-11,ANTIBES,OUI,6805,12:58,SUD EST,NICE VILLE,JCPROVSUD,FRNIC,12:42,FRXAT
6522,2023-06-11,ST RAPHAEL VALESCURE,OUI,6805,12:26,SUD EST,CANNES,JCPROVSUD,FRJCA,12:05,FRXSK
6523,2023-06-11,ST RAPHAEL VALESCURE,OUI,6805,12:58,SUD EST,NICE VILLE,JCPROVSUD,FRNIC,12:05,FRXSK
6524,2023-06-11,NEVERS,OUI,5979,21:01,IC ARO,VICHY,PACLERMONT,FRVHY,19:59,FRNVS
6525,2023-06-11,PARIS (intramuros),OUI,5979,19:57,IC ARO,NEVERS,PACLERMONT,FRNVS,17:57,FRPLY
6526,2023-06-11,LILLE (intramuros),OUI,5020,16:20,NORD,AEROPORT CDG2 TGV ROISSY,JCNORDSUD,FRMLW,15:26,FRLLE
6527,2023-06-11,AEROPORT CDG2 TGV ROISSY,NON,5020,18:30,NORD,LYON (intramuros),JCNORDSUD,FRLPD,16:27,FRMLW
6528,2023-06-11,ANGERS ST LAUD,NON,4406,21:30,IC SRO,LYON (intramuros),JOURNTELYN,FRLPE,15:28,FRACL
6529,2023-06-11,ANGERS ST LAUD,NON,4406,17:38,IC SRO,VIERZON VILLE,JOURNTELYN,FRXVZ,15:28,FRACL
6530,2023-06-11,SAUMUR,NON,4406,20:13,IC SRO,ROANNE,JOURNTELYN,FRRNE,15:53,FRACN
6531,2023-06-11,SAUMUR,NON,4406,19:34,IC SRO,ST GERMAIN DES FOSSES,JOURNTELYN,FRSGF,15:53,FRACN
6532,2023-06-11,BOURGES,NON,4406,21:30,IC SRO,LYON (intramuros),JOURNTELYN,FRLPE,17:59,FRBOU
6533,2023-06-11,BOURGES,NON,4406,18:35,IC SRO,NEVERS,JOURNTELYN,FRNVS,17:59,FRBOU
6534,2023-06-11,NANTES,NON,4406,17:57,IC SRO,BOURGES,JOURNTELYN,FRBOU,14:47,FRNTE
6535,2023-06-11,ST GERMAIN DES FOSSES,NON,4406,20:13,IC SRO,ROANNE,JOURNTELYN,FRRNE,19:36,FRSGF
6536,2023-06-11,ST PIERRE DES CORPS,NON,4406,17:57,IC SRO,BOURGES,JOURNTELYN,FRBOU,16:34,FRXSH
6537,2023-06-11,ST PIERRE DES CORPS,NON,4406,21:18,IC SRO,LYON (intramuros),JOURNTELYN,FRLPD,16:34,FRXSH
6538,2023-06-11,ST PIERRE DES CORPS,NON,4406,18:35,IC SRO,NEVERS,JOURNTELYN,FRNVS,16:34,FRXSH
6539,2023-06-11,ST PIERRE DES CORPS,NON,4406,19:09,IC SRO,MOULINS SUR ALLIER,JOURNTELYN,FRXMU,16:34,FRXSH
6540,2023-06-11,BELLEGARDE,NON,6506,21:22,SUD EST,PARIS (intramuros),ALPESPARIS,FRPLY,18:18,FRXBF
6541,2023-06-11,NANTES,OUI,8824,19:14,ATLANTIQUE,ANCENIS,LOIREPARIS,FREFN,18:57,FRNTE
6542,2023-06-11,LILLE (intramuros),NON,7544,22:08,NORD,PARIS (intramuros),ARRASPA,FRPNO,20:51,FRLLE
6543,2023-06-11,CALAIS FRETHUN,NON,7544,22:08,NORD,PARIS (intramuros),ARRASPA,FRPNO,20:06,FRSTH
6544,2023-06-11,LAVAL,NON,8641,22:36,ATLANTIQUE,LANDERNEAU,PARISBRETA,FRXLD,19:58,FRACR
6545,2023-06-11,GUINGAMP,OUI,8641,22:11,ATLANTIQUE,MORLAIX,PARISBRETA,FRMXN,21:40,FRGGP
6546,2023-06-11,GUINGAMP,OUI,8641,22:36,ATLANTIQUE,LANDERNEAU,PARISBRETA,FRXLD,21:40,FRGGP
6547,2023-06-11,LAMBALLE,OUI,8641,22:11,ATLANTIQUE,MORLAIX,PARISBRETA,FRMXN,21:11,FRLAM
6548,2023-06-11,PLOUARET TREGOR,OUI,8641,22:11,ATLANTIQUE,MORLAIX,PARISBRETA,FRMXN,21:55,FRPLT
6549,2023-06-11,RENNES,OUI,8641,21:21,ATLANTIQUE,ST BRIEUC,PARISBRETA,FRSBK,20:32,FRRNS
6550,2023-06-11,ST BRIEUC,OUI,8641,22:51,ATLANTIQUE,BREST,PARISBRETA,FRBES,21:24,FRSBK
6551,2023-06-11,DIJON VILLE,NON,2242,14:30,EST,BELFORT-MONTBELIARD TGV,JCRHONRHIN,FRTJA,13:37,FRABA
6552,2023-06-11,COLMAR,NON,2242,15:54,EST,STRASBOURG,JCRHONRHIN,FRAEG,15:27,FRAEJ
6553,2023-06-11,MULHOUSE VILLE,NON,2242,15:54,EST,STRASBOURG,JCRHONRHIN,FRAEG,15:06,FRAEK
6554,2023-06-11,AIX EN PROVENCE TGV,NON,2242,13:25,EST,DIJON VILLE,JCRHONRHIN,FRABA,09:58,FRAIE
6555,2023-06-11,AIX EN PROVENCE TGV,NON,2242,15:24,EST,COLMAR,JCRHONRHIN,FRAEJ,09:58,FRAIE
6556,2023-06-11,AVIGNON TGV,NON,2242,13:25,EST,DIJON VILLE,JCRHONRHIN,FRABA,10:20,FRAVG
6557,2023-06-11,AVIGNON TGV,NON,2242,12:09,EST,MACON VILLE,JCRHONRHIN,FRHGU,10:20,FRAVG
6558,2023-06-11,CANNES,NON,2242,15:24,EST,COLMAR,JCRHONRHIN,FRAEJ,07:30,FRJCA
6559,2023-06-11,CANNES,OUI,2242,09:33,EST,MARSEILLE ST CHARLES,JCRHONRHIN,FRMSC,07:30,FRJCA
6560,2023-06-11,CANNES,NON,2242,12:41,EST,CHALON SUR SAONE,JCRHONRHIN,FRXCD,07:30,FRJCA
6561,2023-06-11,LYON (intramuros),NON,2242,15:54,EST,STRASBOURG,JCRHONRHIN,FRAEG,11:32,FRLPD
6562,2023-06-11,NICE VILLE,OUI,2242,08:46,EST,TOULON,JCRHONRHIN,FRTLN,07:00,FRNIC
6563,2023-06-11,NICE VILLE,OUI,2242,08:09,EST,LES ARCS DRAGUIGNAN,JCRHONRHIN,FRXRS,07:00,FRNIC
6564,2023-06-11,NICE VILLE,OUI,2242,07:52,EST,ST RAPHAEL VALESCURE,JCRHONRHIN,FRXSK,07:00,FRNIC
6565,2023-06-11,BESANCON - F COMTE TGV,NON,2242,15:24,EST,COLMAR,JCRHONRHIN,FRAEJ,14:09,FRTJB
6566,2023-06-11,ANTIBES,NON,2242,14:55,EST,MULHOUSE VILLE,JCRHONRHIN,FRAEK,07:16,FRXAT
6567,2023-06-11,ANTIBES,NON,2242,12:09,EST,MACON VILLE,JCRHONRHIN,FRHGU,07:16,FRXAT
6568,2023-06-11,ANTIBES,OUI,2242,09:33,EST,MARSEILLE ST CHARLES,JCRHONRHIN,FRMSC,07:16,FRXAT
6569,2023-06-11,ANTIBES,NON,2242,12:41,EST,CHALON SUR SAONE,JCRHONRHIN,FRXCD,07:16,FRXAT
6570,2023-06-11,CHALON SUR SAONE,NON,2242,15:24,EST,COLMAR,JCRHONRHIN,FRAEJ,12:44,FRXCD
6571,2023-06-11,CHALON SUR SAONE,NON,2242,13:03,EST,BEAUNE,JCRHONRHIN,FRXBV,12:44,FRXCD
6572,2023-06-11,LES ARCS DRAGUIGNAN,NON,2242,10:17,EST,AVIGNON TGV,JCRHONRHIN,FRAVG,08:12,FRXRS
6573,2023-06-11,LES ARCS DRAGUIGNAN,NON,2242,12:41,EST,CHALON SUR SAONE,JCRHONRHIN,FRXCD,08:12,FRXRS
6574,2023-06-11,AVIGNON TGV,NON,2242,13:03,EST,BEAUNE,JCRHONRHIN,FRXBV,10:20,FRAVG
6575,2023-06-11,BEAUNE,NON,2242,15:54,EST,STRASBOURG,JCRHONRHIN,FRAEG,13:06,FRXBV
6576,2023-06-11,PARIS (intramuros),NON,2571,14:49,EST,EPINAL,PANANCY,FREPL,12:23,FRPST
6577,2023-06-11,PARIS (intramuros),NON,2571,15:12,EST,REMIREMONT,PANANCY,FRRNT,12:23,FRPST
6578,2023-06-11,MEUSE TGV,NON,2583,22:08,EST,LUNEVILLE,PANANCY,FRLNE,21:09,FREAJ
6579,2023-06-11,PARIS (intramuros),NON,2583,23:17,EST,STRASBOURG,PANANCY,FRAEG,20:07,FRPST
6580,2023-06-11,SELESTAT,OUI,2352,08:09,EST,STRASBOURG,MULHSTRAPA,FRAEG,07:50,FRXSQ
6581,2023-06-11,STRASBOURG,OUI,2369,16:26,EST,COLMAR,PASTRAMULH,FRAEJ,15:56,FRAEG
6582,2023-06-11,LAVAL,NON,8707,10:25,ATLANTIQUE,RENNES,PARISBRETA,FRRNS,09:58,FRACR
6583,2023-06-11,LORIENT,OUI,8707,12:38,ATLANTIQUE,QUIMPER,PARISBRETA,FRUIP,12:03,FRLRT
6584,2023-06-11,PARIS (intramuros),NON,8707,11:29,ATLANTIQUE,VANNES,PARISBRETA,FRVNE,08:40,FRPMO
6585,2023-06-11,RENNES,NON,8707,11:42,ATLANTIQUE,AURAY,PARISBRETA,FRXUY,10:29,FRRNS
6586,2023-06-11,VANNES,NON,8707,11:42,ATLANTIQUE,AURAY,PARISBRETA,FRXUY,11:32,FRVNE
6587,2023-06-11,LORIENT,NON,8720,13:25,ATLANTIQUE,RENNES,BRETAPARIS,FRRNS,12:02,FRLRT
6588,2023-06-11,LORIENT,OUI,8720,12:25,ATLANTIQUE,VANNES,BRETAPARIS,FRVNE,12:02,FRLRT
6589,2023-06-11,RIOM CHATEL GUYON,OUI,5990,22:57,IC ARO,PARIS (intramuros),CLERMONTPA,FRPLY,19:42,FRRIO
6590,2023-06-11,VICHY,OUI,5990,20:29,IC ARO,MOULINS SUR ALLIER,CLERMONTPA,FRXMU,20:06,FRVHY
6591,2023-06-11,MOULINS SUR ALLIER,OUI,5990,22:57,IC ARO,PARIS (intramuros),CLERMONTPA,FRPLY,20:31,FRXMU
6592,2023-06-11,BRUXELLES MIDI BRUSSEL ZUID,NON,9810,08:38,NORD,MARNE LA VALLEE CHESSY,JCNORDSUD,FRMLV,06:25,BEBMI
6593,2023-06-11,LYON (intramuros),NON,9810,12:24,NORD,MARSEILLE ST CHARLES,JCNORDSUD,FRMSC,10:35,FRLPD
6594,2023-06-11,MARNE LA VALLEE CHESSY,NON,9810,11:15,NORD,VALENCE TGV RHONE-ALPES SUD,JCNORDSUD,FRVLA,08:43,FRMLV
6595,2023-06-11,TGV HAUTE PICARDIE,NON,9810,10:29,NORD,LYON (intramuros),JCNORDSUD,FRLPD,07:54,FRTHP
6596,2023-06-11,TGV HAUTE PICARDIE,NON,9810,08:23,NORD,AEROPORT CDG2 TGV ROISSY,JCNORDSUD,FRMLW,07:54,FRTHP
6597,2023-06-11,VALENCE TGV RHONE-ALPES SUD,NON,9810,12:24,NORD,MARSEILLE ST CHARLES,JCNORDSUD,FRMSC,11:20,FRVLA
6598,2023-06-11,BORDEAUX ST JEAN,NON,8514,20:58,ATLANTIQUE,PARIS (intramuros),SUDOUESTPA,FRPMO,18:46,FRBOJ
6599,2023-06-11,TOULOUSE MATABIAU,NON,8514,20:58,ATLANTIQUE,PARIS (intramuros),SUDOUESTPA,FRPMO,16:23,FRXYT
6600,2023-06-11,AGEN,NON,8514,20:43,ATLANTIQUE,MASSY TGV,SUDOUESTPA,FRDJU,17:31,FRAGF
6601,2023-06-11,BEZIERS,OUI,6202,12:18,SUD EST,PARIS (intramuros),LANGPA,FRPLY,07:58,FRBZR
6602,2023-06-11,BEZIERS,OUI,6202,08:08,SUD EST,AGDE,LANGPA,FRXAG,07:58,FRBZR
6603,2023-06-11,BEZIERS,OUI,6202,08:24,SUD EST,SETE,LANGPA,FRXSY,07:58,FRBZR
6604,2023-06-11,MONTPELLIER SAINT-ROCH,OUI,6202,09:13,SUD EST,NIMES,LANGPA,FRFNI,08:48,FRMPL
6605,2023-06-11,AGDE,OUI,6202,10:01,SUD EST,VALENCE TGV RHONE-ALPES SUD,LANGPA,FRVLA,08:11,FRXAG
6606,2023-06-11,NARBONNE,OUI,6202,10:01,SUD EST,VALENCE TGV RHONE-ALPES SUD,LANGPA,FRVLA,07:42,FRXNA
6607,2023-06-11,SETE,OUI,6202,09:13,SUD EST,NIMES,LANGPA,FRFNI,08:27,FRXSY
6608,2023-06-11,PARIS (intramuros),NON,6631,22:10,SUD EST,LYON (intramuros),PARISRHONE,FRLPE,19:58,FRPLY
6609,2023-06-11,PARIS (intramuros),NON,6927,22:13,SUD EST,GRENOBLE,PAGRENOBLE,FRGNB,19:12,FRPLY
6610,2023-06-11,EPINAL,OUI,2580,17:06,EST,NANCY,NANCYPA,FRENC,16:21,FREPL
6611,2023-06-11,EPINAL,NON,2580,18:46,EST,PARIS (intramuros),NANCYPA,FRPST,16:21,FREPL
6612,2023-06-11,REMIREMONT,OUI,2580,17:06,EST,NANCY,NANCYPA,FRENC,15:58,FRRNT
6613,2023-06-11,REMIREMONT,OUI,2580,16:18,EST,EPINAL,NANCYPA,FREPL,15:58,FRRNT
6614,2023-06-11,VALENCE TGV RHONE-ALPES SUD,NON,9715,18:48,SUD EST,AGDE,PABARCELONE,FRXAG,17:09,FRVLA
6615,2023-06-11,VALENCE TGV RHONE-ALPES SUD,NON,9715,18:31,SUD EST,SETE,PABARCELONE,FRXSY,17:09,FRVLA
6616,2023-06-11,NARBONNE,NON,9715,19:56,SUD EST,PERPIGNAN,PABARCELONE,FRPGF,19:23,FRXNA
6617,2023-06-11,MONTPELLIER SUD DE FRANCE,NON,9715,18:31,SUD EST,SETE,PABARCELONE,FRXSY,18:17,FRSUF
6618,2023-06-11,MONTPELLIER SUD DE FRANCE,NON,9715,19:56,SUD EST,PERPIGNAN,PABARCELONE,FRPGF,18:17,FRSUF
6619,2023-06-11,MONTPELLIER SUD DE FRANCE,NON,9715,21:25,SUD EST,BARCELONA SANTS,PABARCELONE,ESBST,18:17,FRSUF
6620,2023-06-11,SETE,NON,9715,21:25,SUD EST,BARCELONA SANTS,PABARCELONE,ESBST,18:34,FRXSY
6621,2023-06-11,NARBONNE,NON,9715,20:44,SUD EST,GIRONA,PABARCELONE,ESGRO,19:23,FRXNA
6622,2023-06-11,AGDE,NON,9715,20:44,SUD EST,GIRONA,PABARCELONE,ESGRO,18:51,FRXAG
6623,2023-06-11,BORDEAUX ST JEAN,NON,9406,13:49,EST,LORRAINE TGV,JCATLEST,FREAM,08:54,FRBOJ
6624,2023-06-11,MARNE LA VALLEE CHESSY,NON,9406,14:29,EST,STRASBOURG,JCATLEST,FRAEG,12:28,FRMLV
6625,2023-06-11,MARNE LA VALLEE CHESSY,NON,9406,13:23,EST,MEUSE TGV,JCATLEST,FREAJ,12:28,FRMLV
6626,2023-06-11,POITIERS,NON,9406,11:49,EST,MASSY TGV,JCATLEST,FRDJU,10:19,FRPIS
6627,2023-06-11,STRASBOURG,OUI,9406,15:43,EST,FREIBURG BREISGAU HBF,JCATLEST,DEFGB,14:35,FRAEG
6628,2023-06-11,STRASBOURG,OUI,9406,15:07,EST,LAHR SCHWARZW,JCATLEST,DEANL,14:35,FRAEG
6629,2023-06-11,LORRAINE TGV,NON,9406,15:17,EST,RINGSHEIM/EU-PARK,JCATLEST,DERSH,13:52,FREAM
6630,2023-06-11,ST PIERRE DES CORPS,NON,9406,15:17,EST,RINGSHEIM/EU-PARK,JCATLEST,DERSH,10:54,FRXSH
6631,2023-06-11,MARNE LA VALLEE CHESSY,NON,9406,15:43,EST,FREIBURG BREISGAU HBF,JCATLEST,DEFGB,12:28,FRMLV
6632,2023-06-11,ANGOULEME,NON,9406,15:43,EST,FREIBURG BREISGAU HBF,JCATLEST,DEFGB,09:36,FRANG
6633,2023-06-11,POITIERS,NON,9406,15:17,EST,RINGSHEIM/EU-PARK,JCATLEST,DERSH,10:19,FRPIS
6634,2023-06-11,POITIERS,NON,9406,14:55,EST,OFFENBOURG/OFFENBURG,JCATLEST,DEZPA,10:19,FRPIS
6635,2023-06-11,MASSY TGV,NON,9406,15:43,EST,FREIBURG BREISGAU HBF,JCATLEST,DEFGB,11:55,FRDJU
6636,2023-06-11,MARNE LA VALLEE CHESSY,NON,9406,15:17,EST,RINGSHEIM/EU-PARK,JCATLEST,DERSH,12:28,FRMLV
6637,2023-06-11,OULX CESANA CLAV SESTRIERE,NON,9248,19:06,INTERNATIONAL,MODANE,ITALIEPA,FRAGR,18:36,ITOCS
6638,2023-06-11,LORIENT,OUI,8752,21:23,ATLANTIQUE,VANNES,BRETAPARIS,FRVNE,20:55,FRLRT
6639,2023-06-11,LORIENT,OUI,8752,21:10,ATLANTIQUE,AURAY,BRETAPARIS,FRXUY,20:55,FRLRT
6640,2023-06-11,FUTUROSCOPE,NON,8346,21:20,ATLANTIQUE,PARIS (intramuros),ROCHELLEPA,FRPMO,19:33,FRTGO
6641,2023-06-11,CHATELLERAULT,NON,8346,21:20,ATLANTIQUE,PARIS (intramuros),ROCHELLEPA,FRPMO,19:47,FRXCX
6642,2023-06-11,BORDEAUX ST JEAN,NON,8537,13:28,ATLANTIQUE,DAX,PASUDOUEST,FRACG,12:20,FRBOJ
6643,2023-06-11,BORDEAUX ST JEAN,NON,8537,14:16,ATLANTIQUE,BIARRITZ,PASUDOUEST,FRBIQ,12:20,FRBOJ
6644,2023-06-11,PARIS (intramuros),NON,8537,13:28,ATLANTIQUE,DAX,PASUDOUEST,FRACG,10:08,FRPMO
6645,2023-06-11,PARIS (intramuros),NON,8537,14:16,ATLANTIQUE,BIARRITZ,PASUDOUEST,FRBIQ,10:08,FRPMO
6646,2023-06-11,ST JEAN DE LUZ CIBOURE,OUI,8537,14:47,ATLANTIQUE,HENDAYE,PASUDOUEST,FRAEF,14:35,FRXJZ
6647,2023-06-11,LILLE (intramuros),NON,5202,11:23,NORD,ANGOULEME,JCNORDAQUI,FRANG,06:15,FRADJ
6648,2023-06-11,MARNE LA VALLEE CHESSY,NON,5202,10:41,NORD,POITIERS,JCNORDAQUI,FRPIS,08:35,FRMLV
6649,2023-06-11,ARRAS,OUI,5202,08:22,NORD,MARNE LA VALLEE CHESSY,JCNORDAQUI,FRMLV,07:00,FRQRV
6650,2023-06-11,ARRAS,OUI,5202,07:54,NORD,AEROPORT CDG2 TGV ROISSY,JCNORDAQUI,FRMLW,07:00,FRQRV
6651,2023-06-11,TGV HAUTE PICARDIE,NON,5202,10:06,NORD,ST PIERRE DES CORPS,JCNORDAQUI,FRXSH,07:25,FRTHP
6652,2023-06-11,DOUAI,OUI,5202,07:54,NORD,AEROPORT CDG2 TGV ROISSY,JCNORDAQUI,FRMLW,06:37,FRXDN
6653,2023-06-11,DOUAI,OUI,5202,06:55,NORD,ARRAS,JCNORDAQUI,FRQRV,06:37,FRXDN
6654,2023-06-11,PARIS (intramuros),NON,9215,17:03,INTERNATIONAL,MULHOUSE VILLE,PABALZUR,FRAEK,14:20,FRPLY
6655,2023-06-11,BELFORT-MONTBELIARD TGV,NON,9215,17:26,INTERNATIONAL,BASEL SBB,PABALZUR,CHAJP,16:40,FRTJA
6656,2023-06-11,BELFORT-MONTBELIARD TGV,NON,9215,17:03,INTERNATIONAL,MULHOUSE VILLE,PABALZUR,FRAEK,16:40,FRTJA
6657,2023-06-11,PARIS (intramuros),NON,8639,21:38,ATLANTIQUE,BREST,PARISBRETA,FRBES,17:56,FRPMO
6658,2023-06-11,PARIS (intramuros),NON,8639,20:16,ATLANTIQUE,ST BRIEUC,PARISBRETA,FRSBK,17:56,FRPMO
6659,2023-06-11,ST BRIEUC,OUI,8639,21:03,ATLANTIQUE,MORLAIX,PARISBRETA,FRMXN,20:19,FRSBK
6660,2023-06-11,NANTES,OUI,8814,14:42,ATLANTIQUE,ANGERS ST LAUD,LOIREPARIS,FRACL,14:05,FRNTE
6661,2023-06-11,PARIS (intramuros),OUI,7385,20:02,NORD,LENS,PAARRAS,FRXLE,18:52,FRPNO
6662,2023-06-11,ZUERICH HB,NON,9222,15:58,INTERNATIONAL,DIJON VILLE,ZURBALPA,FRABA,13:34,CHAJD
6663,2023-06-11,BOURG EN BRESSE,NON,9770,15:42,INTERNATIONAL,PARIS (intramuros),GENEVEPA,FRPLY,13:52,FRXBK
6664,2023-06-11,AIX EN PROVENCE TGV,OUI,6111,14:56,SUD EST,MARSEILLE ST CHARLES,PAPROVENCE,FRMSC,14:44,FRAIE
6665,2023-06-11,ANGERS ST LAUD,NON,8868,13:25,ATLANTIQUE,PARIS (intramuros),LOIREPARIS,FRPMO,11:44,FRACL
6666,2023-06-11,NANTES,OUI,8868,11:41,ATLANTIQUE,ANGERS ST LAUD,LOIREPARIS,FRACL,11:05,FRNTE
6667,2023-06-11,NANTES,NON,8868,12:23,ATLANTIQUE,LE MANS,LOIREPARIS,FRAET,11:05,FRNTE
6668,2023-06-11,BEZIERS,OUI,6873,17:55,SUD EST,MONTPELLIER SAINT-ROCH,JCSUDPROV,FRMPL,17:15,FRBZR
6669,2023-06-11,CARCASSONNE,OUI,6873,17:12,SUD EST,BEZIERS,JCSUDPROV,FRBZR,16:27,FRCCF
6670,2023-06-11,CARCASSONNE,NON,6873,19:10,SUD EST,VALENCE TGV RHONE-ALPES SUD,JCSUDPROV,FRVLA,16:27,FRCCF
6671,2023-06-11,MONTPELLIER SAINT-ROCH,NON,6873,19:10,SUD EST,VALENCE TGV RHONE-ALPES SUD,JCSUDPROV,FRVLA,17:59,FRMPL
6672,2023-06-11,VALENCE TGV RHONE-ALPES SUD,NON,6873,19:51,SUD EST,LYON (intramuros),JCSUDPROV,FRLPD,19:13,FRVLA
6673,2023-06-11,NARBONNE,NON,6873,19:10,SUD EST,VALENCE TGV RHONE-ALPES SUD,JCSUDPROV,FRVLA,16:59,FRXNA
6674,2023-06-11,SETE,NON,6873,19:51,SUD EST,LYON (intramuros),JCSUDPROV,FRLPD,17:39,FRXSY
6675,2023-06-11,TOULOUSE MATABIAU,NON,6873,18:23,SUD EST,NIMES,JCSUDPROV,FRFNI,15:43,FRXYT
6676,2023-06-11,FUTUROSCOPE,NON,8342,17:15,ATLANTIQUE,ST PIERRE DES CORPS,ROCHELLEPA,FRXSH,16:30,FRTGO
6677,2023-06-11,CHATELLERAULT,NON,8342,18:33,ATLANTIQUE,PARIS (intramuros),ROCHELLEPA,FRPMO,16:44,FRXCX
6678,2023-06-11,ST PIERRE DES CORPS,NON,8342,18:33,ATLANTIQUE,PARIS (intramuros),ROCHELLEPA,FRPMO,17:24,FRXSH
6679,2023-06-11,PARIS (intramuros),OUI,8331,08:12,ATLANTIQUE,VENDOME VILLIERS SUR LOIR,PAROCHELLE,FRESL,07:28,FRPMO
6680,2023-06-11,PARIS (intramuros),OUI,8331,08:35,ATLANTIQUE,ST PIERRE DES CORPS,PAROCHELLE,FRXSH,07:28,FRPMO
6681,2023-06-11,CHATELLERAULT,OUI,8331,09:34,ATLANTIQUE,POITIERS,PAROCHELLE,FRPIS,09:09,FRXCX
6682,2023-06-11,ST PIERRE DES CORPS,OUI,8331,09:22,ATLANTIQUE,FUTUROSCOPE,PAROCHELLE,FRTGO,08:42,FRXSH
6683,2023-06-11,RETHEL,OUI,2720,08:39,EST,REIMS,SEDBARPA,FRRHE,08:18,FRBDT
6684,2023-06-11,CHARLEVILLE MEZIERES,NON,2720,09:31,EST,PARIS (intramuros),SEDBARPA,FRPST,07:47,FRXCZ
6685,2023-06-11,LAVAL,OUI,8052,08:45,ATLANTIQUE,LE MANS,BRETAPARIS,FRAET,08:15,FRACR
6686,2023-06-11,LE MANS,NON,8052,09:46,ATLANTIQUE,PARIS (intramuros),BRETAPARIS,FRPMO,08:48,FRAET
6687,2023-06-11,RENNES,NON,8052,09:46,ATLANTIQUE,PARIS (intramuros),BRETAPARIS,FRPMO,07:47,FRRNS
6688,2023-06-11,ANGERS ST LAUD,OUI,5288,16:46,NORD,LE MANS,JCBRETNORD,FRAET,16:02,FRACL
6689,2023-06-11,LE MANS,NON,5288,18:23,NORD,MARNE LA VALLEE CHESSY,JCBRETNORD,FRMLV,16:57,FRAET
6690,2023-06-11,LE MANS,NON,5288,18:37,NORD,AEROPORT CDG2 TGV ROISSY,JCBRETNORD,FRMLW,16:57,FRAET
6691,2023-06-11,MARNE LA VALLEE CHESSY,NON,5288,19:35,NORD,LILLE (intramuros),JCBRETNORD,FRLLE,18:28,FRMLV
6692,2023-06-11,NANTES,OUI,5288,16:46,NORD,LE MANS,JCBRETNORD,FRAET,15:18,FRNTE
6693,2023-06-11,NANTES,NON,5288,17:48,NORD,MASSY TGV,JCBRETNORD,FRDJU,15:18,FRNTE
6694,2023-06-11,AGEN,NON,4659,14:52,IC ARO,MONTPELLIER SAINT-ROCH,TJOURSOSE,FRMPL,11:31,FRAGF
6695,2023-06-11,AGEN,NON,4659,16:37,IC ARO,MARSEILLE ST CHARLES,TJOURSOSE,FRMSC,11:31,FRAGF
6696,2023-06-11,BORDEAUX ST JEAN,NON,4659,14:14,IC ARO,BEZIERS,TJOURSOSE,FRBZR,10:27,FRBOJ
6697,2023-06-11,BEZIERS,NON,4659,14:52,IC ARO,MONTPELLIER SAINT-ROCH,TJOURSOSE,FRMPL,14:17,FRBZR
6698,2023-06-11,CARCASSONNE,NON,4659,14:52,IC ARO,MONTPELLIER SAINT-ROCH,TJOURSOSE,FRMPL,13:29,FRCCF
6699,2023-06-11,MONTAUBAN VILLE BOURBON,NON,4659,14:52,IC ARO,MONTPELLIER SAINT-ROCH,TJOURSOSE,FRMPL,12:08,FRXMW
6700,2023-06-11,MONTAUBAN VILLE BOURBON,NON,4659,16:37,IC ARO,MARSEILLE ST CHARLES,TJOURSOSE,FRMSC,12:08,FRXMW
6701,2023-06-11,TOULOUSE MATABIAU,NON,4659,16:37,IC ARO,MARSEILLE ST CHARLES,TJOURSOSE,FRMSC,12:45,FRXYT
6702,2023-06-11,TOULOUSE MATABIAU,NON,4659,13:58,IC ARO,NARBONNE,TJOURSOSE,FRXNA,12:45,FRXYT
6703,2023-06-11,PARIS (intramuros),OUI,12265,14:12,ATLANTIQUE,MASSY TGV,PASUDOUEST,FRDJU,14:02,FRPMO
6704,2023-06-11,PARIS (intramuros),OUI,2751,19:40,EST,RETHEL,PABARSED,FRBDT,18:28,FRPST
6705,2023-06-11,REIMS,OUI,2751,20:11,EST,CHARLEVILLE MEZIERES,PABARSED,FRXCZ,19:20,FRRHE
6706,2023-06-11,AGEN,OUI,8517,21:36,ATLANTIQUE,TOULOUSE MATABIAU,PASUDOUEST,FRXYT,20:27,FRAGF
6707,2023-06-11,BORDEAUX ST JEAN,NON,8517,21:36,ATLANTIQUE,TOULOUSE MATABIAU,PASUDOUEST,FRXYT,19:20,FRBOJ
6708,2023-06-11,MONTAUBAN VILLE BOURBON,OUI,8517,21:36,ATLANTIQUE,TOULOUSE MATABIAU,PASUDOUEST,FRXYT,21:06,FRXMW
6709,2023-06-11,CHAMPAGNE-ARDENNE,NON,2513,17:44,EST,NANCY,PANANCY,FRENC,16:49,FREAH
6710,2023-06-11,PARIS (intramuros),NON,2513,16:46,EST,CHAMPAGNE-ARDENNE,PANANCY,FREAH,16:07,FRPST
6711,2023-06-11,SURGERES,OUI,8371,09:44,ATLANTIQUE,LA ROCHELLE VILLE,PAROCHELLE,FRLRH,09:23,FREIP
6712,2023-06-11,NIORT,OUI,8371,09:21,ATLANTIQUE,SURGERES,PAROCHELLE,FREIP,09:03,FRNIT
6713,2023-06-11,DIJON VILLE,NON,5521,09:54,EST,CHALON SUR SAONE,JCRHINRHON,FRXCD,09:21,FRABA
6714,2023-06-11,METZ VILLE,NON,5521,09:11,EST,DIJON VILLE,JCRHINRHON,FRABA,05:46,FRADE
6715,2023-06-11,METZ VILLE,NON,5521,09:54,EST,CHALON SUR SAONE,JCRHINRHON,FRXCD,05:46,FRADE
6716,2023-06-11,STRASBOURG,OUI,5521,07:13,EST,COLMAR,JCRHINRHON,FRAEJ,06:47,FRAEG
6717,2023-06-11,MULHOUSE VILLE,NON,5521,09:11,EST,DIJON VILLE,JCRHINRHON,FRABA,07:52,FRAEK
6718,2023-06-11,MULHOUSE VILLE,NON,5521,08:38,EST,BESANCON - F COMTE TGV,JCRHINRHON,FRTJB,07:52,FRAEK
6719,2023-06-11,LYON (intramuros),NON,5521,12:24,EST,NIMES,JCRHINRHON,FRFNI,11:02,FRLPD
6720,2023-06-11,BELFORT-MONTBELIARD TGV,NON,5521,12:55,EST,MONTPELLIER SAINT-ROCH,JCRHINRHON,FRMPL,08:17,FRTJA
6721,2023-06-11,BESANCON - F COMTE TGV,NON,5521,12:24,EST,NIMES,JCRHINRHON,FRFNI,08:41,FRTJB
6722,2023-06-11,BESANCON - F COMTE TGV,NON,5521,10:56,EST,LYON (intramuros),JCRHINRHON,FRLPD,08:41,FRTJB
6723,2023-06-11,BESANCON - F COMTE TGV,NON,5521,09:54,EST,CHALON SUR SAONE,JCRHINRHON,FRXCD,08:41,FRTJB
6724,2023-06-11,REIMS,NON,2762,20:31,EST,PARIS (intramuros),SEDBARPA,FRPST,19:45,FRRHE
6725,2023-06-11,LA ROCHELLE VILLE,NON,8388,19:59,ATLANTIQUE,POITIERS,ROCHELLEPA,FRPIS,18:37,FRLRH
6726,2023-06-11,POITIERS,NON,8388,20:36,ATLANTIQUE,ST PIERRE DES CORPS,ROCHELLEPA,FRXSH,20:05,FRPIS
6727,2023-06-11,PORNICHET,OUI,8930,19:59,ATLANTIQUE,NANTES,LOIREPARIS,FRNTE,19:11,FREGR
6728,2023-06-11,LE POULIGUEN,NON,8930,22:25,ATLANTIQUE,PARIS (intramuros),LOIREPARIS,FRPMO,18:56,FREGS
6729,2023-06-11,LA BAULE ESCOUBLAC,NON,8930,22:25,ATLANTIQUE,PARIS (intramuros),LOIREPARIS,FRPMO,19:04,FRJEE
6730,2023-06-11,LA BAULE ESCOUBLAC,OUI,8930,19:21,ATLANTIQUE,ST NAZAIRE,LOIREPARIS,FRSNR,19:04,FRJEE
6731,2023-06-11,NANTES,NON,8930,20:41,ATLANTIQUE,ANGERS ST LAUD,LOIREPARIS,FRACL,20:05,FRNTE
6732,2023-06-11,ST NAZAIRE,OUI,8930,19:59,ATLANTIQUE,NANTES,LOIREPARIS,FRNTE,19:24,FRSNR
6733,2023-06-11,MONTBARD,NON,6703,12:18,SUD EST,MULHOUSE VILLE,PABOUR,FRAEK,10:24,FRGWE
6734,2023-06-11,BESANCON - F COMTE TGV,NON,6703,12:18,SUD EST,MULHOUSE VILLE,PABOUR,FRAEK,11:32,FRTJB
6735,2023-06-11,NICE VILLE,OUI,6180,18:44,SUD EST,TOULON,AZURPA,FRTLN,16:57,FRNIC
6736,2023-06-11,UZERCHE,NON,3656,18:24,IC ARO,PARIS (intramuros),TOULOUZECO,FRPAZ,14:17,FRAAW
6737,2023-06-11,BRIVE LA GAILLARDE,NON,3656,18:24,IC ARO,PARIS (intramuros),TOULOUZECO,FRPAZ,13:52,FRBVE
6738,2023-06-11,CHATEAUROUX,NON,3656,16:23,IC ARO,ISSOUDUN,TOULOUZECO,FRFMN,16:08,FRCHR
6739,2023-06-11,ISSOUDUN,NON,3656,18:24,IC ARO,PARIS (intramuros),TOULOUZECO,FRPAZ,16:24,FRFMN
6740,2023-06-11,GOURDON,NON,3656,16:46,IC ARO,VIERZON VILLE,TOULOUZECO,FRXVZ,13:08,FRFSI
6741,2023-06-11,SOUILLAC,OUI,3656,14:53,IC ARO,LIMOGES BENEDICTINS,TOULOUZECO,FRAGQ,13:25,FRSOU
6742,2023-06-11,SOUILLAC,NON,3656,18:24,IC ARO,PARIS (intramuros),TOULOUZECO,FRPAZ,13:25,FRSOU
6743,2023-06-11,VIERZON VILLE,NON,3656,18:24,IC ARO,PARIS (intramuros),TOULOUZECO,FRPAZ,16:48,FRXVZ
6744,2023-06-11,CAHORS,OUI,3656,14:53,IC ARO,LIMOGES BENEDICTINS,TOULOUZECO,FRAGQ,12:41,FRZAO
6745,2023-06-11,CAHORS,OUI,3656,13:49,IC ARO,BRIVE LA GAILLARDE,TOULOUZECO,FRBVE,12:41,FRZAO
6746,2023-06-11,SOUILLAC,OUI,3656,15:29,IC ARO,LA SOUTERRAINE,TOULOUZECO,FRLST,13:25,FRSOU
6747,2023-06-11,GOURDON,NON,3656,16:23,IC ARO,ISSOUDUN,TOULOUZECO,FRFMN,13:08,FRFSI
6748,2023-06-11,VALENCE TGV RHONE-ALPES SUD,NON,6052,23:05,SUD EST,PARIS (intramuros),LANGPA,FRPLY,20:53,FRVLA
6749,2023-06-11,PAU,NON,8589,00:27,ATLANTIQUE,PARIS (intramuros),SUDOUESTPA,FRPMO,20:11,FRAEE
6750,2023-06-11,MARSEILLE ST CHARLES,OUI,6175,14:48,SUD EST,LES ARCS DRAGUIGNAN,PAAZUR,FRXRS,13:28,FRMSC
6751,2023-06-11,TOULON,OUI,6175,15:57,SUD EST,NICE VILLE,PAAZUR,FRNIC,14:15,FRTLN
6752,2023-06-11,BREST,OUI,8636,17:14,ATLANTIQUE,GUINGAMP,BRETAPARIS,FRGGP,16:14,FRBES
6753,2023-06-11,GUINGAMP,NON,8636,18:25,ATLANTIQUE,RENNES,BRETAPARIS,FRRNS,17:16,FRGGP
6754,2023-06-11,LAMBALLE,NON,8636,19:01,ATLANTIQUE,LAVAL,BRETAPARIS,FRACR,17:47,FRLAM
6755,2023-06-11,LAMBALLE,NON,8636,20:20,ATLANTIQUE,PARIS (intramuros),BRETAPARIS,FRPMO,17:47,FRLAM
6756,2023-06-11,MORLAIX,OUI,8636,17:44,ATLANTIQUE,LAMBALLE,BRETAPARIS,FRLAM,16:47,FRMXN
6757,2023-06-11,MORLAIX,NON,8636,20:20,ATLANTIQUE,PARIS (intramuros),BRETAPARIS,FRPMO,16:47,FRMXN
6758,2023-06-11,MORLAIX,NON,8636,18:25,ATLANTIQUE,RENNES,BRETAPARIS,FRRNS,16:47,FRMXN
6759,2023-06-11,RENNES,OUI,8636,19:01,ATLANTIQUE,LAVAL,BRETAPARIS,FRACR,18:35,FRRNS
6760,2023-06-11,ST BRIEUC,OUI,8636,17:44,ATLANTIQUE,LAMBALLE,BRETAPARIS,FRLAM,17:34,FRSBK
6761,2023-06-11,METZ VILLE,OUI,9877,11:11,EST,DIJON VILLE,JCRHINRHON,FRABA,08:08,FRADE
6762,2023-06-11,METZ VILLE,OUI,9877,09:54,EST,MULHOUSE VILLE,JCRHINRHON,FRAEK,08:08,FRADE
6763,2023-06-11,METZ VILLE,NON,9877,14:49,EST,AIX EN PROVENCE TGV,JCRHINRHON,FRAIE,08:08,FRADE
6764,2023-06-11,METZ VILLE,NON,9877,12:19,EST,MACON VILLE,JCRHINRHON,FRHGU,08:08,FRADE
6765,2023-06-11,METZ VILLE,NON,9877,13:46,EST,VALENCE TGV RHONE-ALPES SUD,JCRHINRHON,FRVLA,08:08,FRADE
6766,2023-06-11,STRASBOURG,NON,9877,14:49,EST,AIX EN PROVENCE TGV,JCRHINRHON,FRAIE,09:03,FRAEG
6767,2023-06-11,STRASBOURG,NON,9877,13:00,EST,LYON (intramuros),JCRHINRHON,FRLPD,09:03,FRAEG
6768,2023-06-11,MULHOUSE VILLE,NON,9877,14:49,EST,AIX EN PROVENCE TGV,JCRHINRHON,FRAIE,09:57,FRAEK
6769,2023-06-11,MULHOUSE VILLE,NON,9877,15:06,EST,MARSEILLE ST CHARLES,JCRHINRHON,FRMSC,09:57,FRAEK
6770,2023-06-11,MULHOUSE VILLE,OUI,9877,10:18,EST,BELFORT-MONTBELIARD TGV,JCRHINRHON,FRTJA,09:57,FRAEK
6771,2023-06-11,MULHOUSE VILLE,OUI,9877,10:41,EST,BESANCON - F COMTE TGV,JCRHINRHON,FRTJB,09:57,FRAEK
6772,2023-06-11,MULHOUSE VILLE,NON,9877,13:46,EST,VALENCE TGV RHONE-ALPES SUD,JCRHINRHON,FRVLA,09:57,FRAEK
6773,2023-06-11,AVIGNON TGV,NON,9877,14:49,EST,AIX EN PROVENCE TGV,JCRHINRHON,FRAIE,14:28,FRAVG
6774,2023-06-11,BESANCON - F COMTE TGV,NON,9877,12:19,EST,MACON VILLE,JCRHINRHON,FRHGU,10:44,FRTJB
6775,2023-06-11,BESANCON - F COMTE TGV,NON,9877,13:00,EST,LYON (intramuros),JCRHINRHON,FRLPD,10:44,FRTJB
6776,2023-06-11,VALENCE TGV RHONE-ALPES SUD,NON,9877,14:49,EST,AIX EN PROVENCE TGV,JCRHINRHON,FRAIE,13:51,FRVLA
6777,2023-06-11,PORNICHET,OUI,8916,11:59,ATLANTIQUE,NANTES,LOIREPARIS,FRNTE,11:10,FREGR
6778,2023-06-11,LE POULIGUEN,OUI,8916,11:08,ATLANTIQUE,PORNICHET,LOIREPARIS,FREGR,10:56,FREGS
6779,2023-06-11,LE POULIGUEN,OUI,8916,11:00,ATLANTIQUE,LA BAULE ESCOUBLAC,LOIREPARIS,FRJEE,10:56,FREGS
6780,2023-06-11,LE POULIGUEN,NON,8916,14:09,ATLANTIQUE,PARIS (intramuros),LOIREPARIS,FRPMO,10:56,FREGS
6781,2023-06-11,LE CROISIC,OUI,8916,11:00,ATLANTIQUE,LA BAULE ESCOUBLAC,LOIREPARIS,FRJEE,10:48,FREGU
6782,2023-06-11,LE CROISIC,OUI,8916,11:21,ATLANTIQUE,ST NAZAIRE,LOIREPARIS,FRSNR,10:48,FREGU
6783,2023-06-11,LA BAULE ESCOUBLAC,OUI,8916,11:59,ATLANTIQUE,NANTES,LOIREPARIS,FRNTE,11:04,FRJEE
6784,2023-06-11,ST NAZAIRE,NON,8916,14:09,ATLANTIQUE,PARIS (intramuros),LOIREPARIS,FRPMO,11:24,FRSNR
6785,2023-06-11,VICHY,OUI,5978,17:29,IC ARO,MOULINS SUR ALLIER,CLERMONTPA,FRXMU,17:06,FRVHY
6786,2023-06-11,LAVAL,OUI,5380,10:30,SUD EST,RENNES,JCSUDATL,FRRNS,10:05,FRACR
6787,2023-06-11,LYON (intramuros),OUI,5380,08:34,SUD EST,MASSY TGV,JCSUDATL,FRDJU,06:30,FRLPD
6788,2023-06-11,LYON (intramuros),OUI,5380,06:24,SUD EST,LYON (intramuros),JCSUDATL,FRLPD,06:16,FRLPE
6789,2023-06-11,CHAMBERY CHALLES LES EAUX,NON,6941,15:59,SUD EST,AIX LES BAINS LE REVARD,PARISALPES,FRXAI,15:49,FRCMF
6790,2023-06-11,AIX LES BAINS LE REVARD,NON,6941,16:32,SUD EST,ANNECY,PARISALPES,FRNCY,16:02,FRXAI
6791,2023-06-11,LYON (intramuros),NON,6616,14:00,SUD EST,PARIS (intramuros),RHONEPARIS,FRPLY,11:50,FRLPE
6792,2023-06-11,BEDARIEUX,NON,15945,19:49,IC SRO,BEZIERS,NORESTJOU,FRBZR,19:15,FRIMH
6793,2023-06-11,MAGALAS,NON,15945,19:49,IC SRO,BEZIERS,NORESTJOU,FRBZR,19:35,FRIMK
6794,2023-06-11,PARIS (intramuros),OUI,8389,19:18,ATLANTIQUE,NIORT,PAROCHELLE,FRNIT,16:57,FRPMO
6795,2023-06-11,CHATELLERAULT,NON,8389,19:57,ATLANTIQUE,LA ROCHELLE VILLE,PAROCHELLE,FRLRH,18:16,FRXCX
6796,2023-06-11,PARIS (intramuros),NON,9557,20:47,INTERNATIONAL,FORBACH,PAFRANC,FRBQT,19:07,FRPST
6797,2023-06-11,PERPIGNAN,NON,6260,23:05,SUD EST,PARIS (intramuros),LANGPA,FRPLY,18:04,FRPGF
6798,2023-06-11,NARBONNE,OUI,6260,18:57,SUD EST,BEZIERS,LANGPA,FRBZR,18:43,FRXNA
6799,2023-06-11,SETE,NON,6260,23:05,SUD EST,PARIS (intramuros),LANGPA,FRPLY,19:30,FRXSY
6800,2023-06-11,SETE,NON,6260,19:45,SUD EST,MONTPELLIER SUD DE FRANCE,LANGPA,FRSUF,19:30,FRXSY
6801,2023-06-11,NIMES PONT DU GARD,NON,6260,20:50,SUD EST,VALENCE TGV RHONE-ALPES SUD,LANGPA,FRVLA,20:13,FRXZP
6802,2023-06-11,PAU,NON,14157,20:13,IC SRO,ORTHEZ,SUDOUEST,FRGFI,19:52,FRAEE
6803,2023-06-11,PAU,NON,14157,21:04,IC SRO,BAYONNE,SUDOUEST,FRXBY,19:52,FRAEE
6804,2023-06-11,PAU,NON,14157,21:36,IC SRO,ST JEAN DE LUZ CIBOURE,SUDOUEST,FRXJZ,19:52,FRAEE
6805,2023-06-11,ORTHEZ,NON,14157,21:49,IC SRO,HENDAYE,SUDOUEST,FRAEF,20:15,FRGFI
6806,2023-06-11,LANNEMEZAN,NON,14157,19:49,IC SRO,PAU,SUDOUEST,FRAEE,18:41,FRLNZ
6807,2023-06-11,LANNEMEZAN,NON,14157,19:20,IC SRO,LOURDES,SUDOUEST,FRLDE,18:41,FRLNZ
6808,2023-06-11,LANNEMEZAN,NON,14157,21:04,IC SRO,BAYONNE,SUDOUEST,FRXBY,18:41,FRLNZ
6809,2023-06-11,TARBES,NON,14157,21:49,IC SRO,HENDAYE,SUDOUEST,FRAEF,19:07,FRXTB
6810,2023-06-11,TARBES,NON,14157,21:04,IC SRO,BAYONNE,SUDOUEST,FRXBY,19:07,FRXTB
6811,2023-06-11,TARBES,NON,14157,21:36,IC SRO,ST JEAN DE LUZ CIBOURE,SUDOUEST,FRXJZ,19:07,FRXTB
6812,2023-06-11,TOULOUSE MATABIAU,NON,14157,20:13,IC SRO,ORTHEZ,SUDOUEST,FRGFI,17:25,FRXYT
6813,2023-06-11,TOULOUSE MATABIAU,NON,14157,21:04,IC SRO,BAYONNE,SUDOUEST,FRXBY,17:25,FRXYT
6814,2023-06-11,BEZIERS,OUI,6825,22:19,SUD EST,TOULOUSE MATABIAU,JCPROVSUD,FRXYT,20:51,FRBZR
6815,2023-06-11,NIMES,NON,6825,21:34,SUD EST,CARCASSONNE,JCPROVSUD,FRCCF,19:40,FRFNI
6816,2023-06-11,NIMES,NON,6825,21:04,SUD EST,NARBONNE,JCPROVSUD,FRXNA,19:40,FRFNI
6817,2023-06-11,NIMES,NON,6825,20:23,SUD EST,SETE,JCPROVSUD,FRXSY,19:40,FRFNI
6818,2023-06-11,MONTPELLIER SAINT-ROCH,NON,6825,21:04,SUD EST,NARBONNE,JCPROVSUD,FRXNA,20:10,FRMPL
6819,2023-06-11,MONTPELLIER SAINT-ROCH,NON,6825,22:19,SUD EST,TOULOUSE MATABIAU,JCPROVSUD,FRXYT,20:10,FRMPL
6820,2023-06-11,NARBONNE,OUI,6825,21:34,SUD EST,CARCASSONNE,JCPROVSUD,FRCCF,21:07,FRXNA
6821,2023-06-11,SETE,OUI,6825,20:48,SUD EST,BEZIERS,JCPROVSUD,FRBZR,20:26,FRXSY
6822,2023-06-11,AIX EN PROVENCE TGV,OUI,6127,21:59,SUD EST,MARSEILLE ST CHARLES,PAPROVENCE,FRMSC,21:47,FRAIE
6823,2023-06-11,NIORT,OUI,8395,23:08,ATLANTIQUE,SURGERES,PAROCHELLE,FREIP,22:50,FRNIT
6824,2023-06-11,BEZIERS,NON,6206,19:18,SUD EST,PARIS (intramuros),LANGPA,FRPLY,14:57,FRBZR
6825,2023-06-11,PERPIGNAN,NON,6206,19:18,SUD EST,PARIS (intramuros),LANGPA,FRPLY,14:04,FRPGF
6826,2023-06-11,VALENCE TGV RHONE-ALPES SUD,NON,6206,19:18,SUD EST,PARIS (intramuros),LANGPA,FRPLY,17:04,FRVLA
6827,2023-06-11,AGDE,NON,6206,17:01,SUD EST,VALENCE TGV RHONE-ALPES SUD,LANGPA,FRVLA,15:11,FRXAG
6828,2023-06-11,NARBONNE,OUI,6206,16:13,SUD EST,NIMES,LANGPA,FRFNI,14:41,FRXNA
6829,2023-06-11,NARBONNE,NON,6206,19:18,SUD EST,PARIS (intramuros),LANGPA,FRPLY,14:41,FRXNA
6830,2023-06-11,NARBONNE,OUI,6206,15:08,SUD EST,AGDE,LANGPA,FRXAG,14:41,FRXNA
6831,2023-06-11,SETE,OUI,6206,16:13,SUD EST,NIMES,LANGPA,FRFNI,15:27,FRXSY
6832,2023-06-11,MULHOUSE VILLE,NON,6708,18:08,SUD EST,BELFORT-MONTBELIARD TGV,BOURPA,FRTJA,17:46,FRAEK
6833,2023-06-11,AIX EN PROVENCE TGV,OUI,6116,12:37,SUD EST,AVIGNON TGV,PROVENCEPA,FRAVG,12:18,FRAIE
6834,2023-06-11,AVIGNON TGV,NON,6116,15:22,SUD EST,PARIS (intramuros),PROVENCEPA,FRPLY,12:40,FRAVG
6835,2023-06-11,LUCON,NON,3833,15:10,IC SRO,JONZAC,NANTEBORDO,FREMR,13:00,FRLCN
6836,2023-06-11,LA ROCHELLE VILLE,NON,3833,14:03,IC SRO,ROCHEFORT,NANTEBORDO,FRRCO,13:43,FRLRH
6837,2023-06-11,NANTES,NON,3833,13:39,IC SRO,LA ROCHELLE VILLE,NANTEBORDO,FRLRH,11:55,FRNTE
6838,2023-06-11,LA ROCHE SUR YON,NON,3833,16:08,IC SRO,BORDEAUX ST JEAN,NANTEBORDO,FRBOJ,12:36,FRXRO
6839,2023-06-11,LA ROCHE SUR YON,NON,3833,12:58,IC SRO,LUCON,NANTEBORDO,FRLCN,12:36,FRXRO
6840,2023-06-11,LA ROCHE SUR YON,NON,3833,13:39,IC SRO,LA ROCHELLE VILLE,NANTEBORDO,FRLRH,12:36,FRXRO
6841,2023-06-11,BELLEGARDE,NON,9784,21:48,INTERNATIONAL,BOURG EN BRESSE,GENEVEPA,FRXBK,21:02,FRXBF
6842,2023-06-11,PARIS (intramuros),OUI,2765,22:14,EST,REIMS,PABARSED,FRRHE,21:28,FRPST
6843,2023-06-11,DIJON VILLE,NON,6745,19:01,SUD EST,DOLE VILLE,PABOUR,FRACE,18:39,FRABA
6844,2023-06-11,PARIS (intramuros),NON,6745,19:01,SUD EST,DOLE VILLE,PABOUR,FRACE,16:50,FRPLY
6845,2023-06-11,ANGOULEME,NON,5284,15:49,NORD,MASSY TGV,JCAQUINORD,FRDJU,13:36,FRANG
6846,2023-06-11,ANGOULEME,NON,5284,16:41,NORD,AEROPORT CDG2 TGV ROISSY,JCAQUINORD,FRMLW,13:36,FRANG
6847,2023-06-11,BORDEAUX ST JEAN,NON,5284,17:57,NORD,LILLE (intramuros),JCAQUINORD,FRLLE,12:58,FRBOJ
6848,2023-06-11,BORDEAUX ST JEAN,NON,5284,17:15,NORD,TGV HAUTE PICARDIE,JCAQUINORD,FRTHP,12:58,FRBOJ
6849,2023-06-11,MASSY TGV,NON,5284,16:27,NORD,MARNE LA VALLEE CHESSY,JCAQUINORD,FRMLV,15:55,FRDJU
6850,2023-06-11,MARNE LA VALLEE CHESSY,OUI,5284,17:57,NORD,LILLE (intramuros),JCAQUINORD,FRLLE,16:31,FRMLV
6851,2023-06-11,AEROPORT CDG2 TGV ROISSY,OUI,5284,17:15,NORD,TGV HAUTE PICARDIE,JCAQUINORD,FRTHP,16:47,FRMLW
6852,2023-06-11,POITIERS,NON,5284,16:41,NORD,AEROPORT CDG2 TGV ROISSY,JCAQUINORD,FRMLW,14:19,FRPIS
6853,2023-06-11,TGV HAUTE PICARDIE,OUI,5284,17:57,NORD,LILLE (intramuros),JCAQUINORD,FRLLE,17:31,FRTHP
6854,2023-06-11,METZ VILLE,OUI,2815,12:27,EST,THIONVILLE,PAMETZLUX,FRXTH,12:10,FRADE
6855,2023-06-11,PARIS (intramuros),NON,2815,12:04,EST,METZ VILLE,PAMETZLUX,FRADE,10:40,FRPST
6856,2023-06-11,DIJON VILLE,NON,6706,17:35,SUD EST,MONTBARD,BOURPA,FRGWE,17:00,FRABA
6857,2023-06-11,DIJON VILLE,NON,6706,18:43,SUD EST,PARIS (intramuros),BOURPA,FRPLY,17:00,FRABA
6858,2023-06-11,MULHOUSE VILLE,NON,6706,16:02,SUD EST,BELFORT-MONTBELIARD TGV,BOURPA,FRTJA,15:40,FRAEK
6859,2023-06-11,BELFORT-MONTBELIARD TGV,NON,6706,17:35,SUD EST,MONTBARD,BOURPA,FRGWE,16:05,FRTJA
6860,2023-06-11,LAHR SCHWARZW,NON,9408,10:05,EST,PARIS (intramuros),MULHSTRAPA,FRPST,07:37,DEANL
6861,2023-06-11,OFFENBOURG/OFFENBURG,NON,9408,10:05,EST,PARIS (intramuros),MULHSTRAPA,FRPST,07:50,DEZPA
6862,2023-06-11,OFFENBOURG/OFFENBURG,OUI,9408,08:13,EST,STRASBOURG,MULHSTRAPA,FRAEG,07:50,DEZPA
6863,2023-06-11,FREIBURG BREISGAU HBF,OUI,9408,07:49,EST,OFFENBOURG/OFFENBURG,MULHSTRAPA,DEZPA,07:08,DEFGB
6864,2023-06-11,RINGSHEIM/EU-PARK,NON,9408,10:05,EST,PARIS (intramuros),MULHSTRAPA,FRPST,07:28,DERSH
6865,2023-06-11,RINGSHEIM/EU-PARK,OUI,9408,08:13,EST,STRASBOURG,MULHSTRAPA,FRAEG,07:28,DERSH
6866,2023-06-11,PARIS (intramuros),NON,8087,16:14,ATLANTIQUE,ST MALO,PARISBRETA,FRXSB,13:53,FRPMO
6867,2023-06-11,RENNES,OUI,8087,16:14,ATLANTIQUE,ST MALO,PARISBRETA,FRXSB,15:32,FRRNS
6868,2023-06-11,LIMOGES BENEDICTINS,NON,3645,21:27,IC ARO,TOULOUSE MATABIAU,PALITO,FRXYT,18:05,FRAGQ
6869,2023-06-11,BRIVE LA GAILLARDE,OUI,3645,20:39,IC ARO,CAUSSADE TARN ET GARONNE,PALITO,FRFTA,19:08,FRBVE
6870,2023-06-11,CHATEAUROUX,NON,3645,19:06,IC ARO,BRIVE LA GAILLARDE,PALITO,FRBVE,16:50,FRCHR
6871,2023-06-11,CHATEAUROUX,NON,3645,17:25,IC ARO,LA SOUTERRAINE,PALITO,FRLST,16:50,FRCHR
6872,2023-06-11,CHATEAUROUX,NON,3645,19:31,IC ARO,SOUILLAC,PALITO,FRSOU,16:50,FRCHR
6873,2023-06-11,GOURDON,OUI,3645,20:54,IC ARO,MONTAUBAN VILLE BOURBON,PALITO,FRXMW,19:47,FRFSI
6874,2023-06-11,GOURDON,OUI,3645,20:13,IC ARO,CAHORS,PALITO,FRZAO,19:47,FRFSI
6875,2023-06-11,LES AUBRAIS ORLEANS,NON,3645,19:46,IC ARO,GOURDON,PALITO,FRFSI,15:40,FRLAB
6876,2023-06-11,LES AUBRAIS ORLEANS,NON,3645,17:25,IC ARO,LA SOUTERRAINE,PALITO,FRLST,15:40,FRLAB
6877,2023-06-11,LES AUBRAIS ORLEANS,NON,3645,16:15,IC ARO,VIERZON VILLE,PALITO,FRXVZ,15:40,FRLAB
6878,2023-06-11,LES AUBRAIS ORLEANS,NON,3645,20:13,IC ARO,CAHORS,PALITO,FRZAO,15:40,FRLAB
6879,2023-06-11,PARIS (intramuros),NON,3645,16:48,IC ARO,CHATEAUROUX,PALITO,FRCHR,14:35,FRPAZ
6880,2023-06-11,PARIS (intramuros),NON,3645,20:39,IC ARO,CAUSSADE TARN ET GARONNE,PALITO,FRFTA,14:35,FRPAZ
6881,2023-06-11,PARIS (intramuros),NON,3645,20:13,IC ARO,CAHORS,PALITO,FRZAO,14:35,FRPAZ
6882,2023-06-11,CAHORS,OUI,3645,20:39,IC ARO,CAUSSADE TARN ET GARONNE,PALITO,FRFTA,20:15,FRZAO
6883,2023-06-11,CAHORS,OUI,3645,20:54,IC ARO,MONTAUBAN VILLE BOURBON,PALITO,FRXMW,20:15,FRZAO
6884,2023-06-11,DAX,NON,8541,16:47,ATLANTIQUE,HENDAYE,PASUDOUEST,FRAEF,15:32,FRACG
6885,2023-06-11,BIARRITZ,OUI,8541,16:32,ATLANTIQUE,ST JEAN DE LUZ CIBOURE,PASUDOUEST,FRXJZ,16:19,FRBIQ
6886,2023-06-11,BORDEAUX ST JEAN,NON,8541,16:16,ATLANTIQUE,BIARRITZ,PASUDOUEST,FRBIQ,14:21,FRBOJ
6887,2023-06-11,DIJON VILLE,OUI,9896,23:02,EST,METZ VILLE,JCRHONRHIN,FRADE,19:49,FRABA
6888,2023-06-11,MULHOUSE VILLE,OUI,9896,23:02,EST,METZ VILLE,JCRHONRHIN,FRADE,21:12,FRAEK
6889,2023-06-11,AIX EN PROVENCE TGV,NON,9896,20:16,EST,BESANCON - F COMTE TGV,JCRHONRHIN,FRTJB,16:11,FRAIE
6890,2023-06-11,AVIGNON TGV,NON,9896,23:02,EST,METZ VILLE,JCRHONRHIN,FRADE,16:33,FRAVG
6891,2023-06-11,AVIGNON TGV,NON,9896,20:40,EST,BELFORT-MONTBELIARD TGV,JCRHONRHIN,FRTJA,16:33,FRAVG
6892,2023-06-11,MARSEILLE ST CHARLES,OUI,9896,16:08,EST,AIX EN PROVENCE TGV,JCRHONRHIN,FRAIE,15:56,FRMSC
6893,2023-06-11,MARSEILLE ST CHARLES,NON,9896,17:08,EST,VALENCE TGV RHONE-ALPES SUD,JCRHONRHIN,FRVLA,15:56,FRMSC
6894,2023-06-11,DIJON VILLE,NON,2204,20:18,EST,STRASBOURG,JCRHONRHIN,FRAEG,17:50,FRABA
6895,2023-06-11,DIJON VILLE,NON,2204,19:09,EST,MULHOUSE VILLE,JCRHONRHIN,FRAEK,17:50,FRABA
6896,2023-06-11,NIMES,NON,2204,15:51,EST,LYON (intramuros),JCRHONRHIN,FRLPD,14:23,FRFNI
6897,2023-06-11,NIMES,NON,2204,18:17,EST,BESANCON - F COMTE TGV,JCRHONRHIN,FRTJB,14:23,FRFNI
6898,2023-06-11,LYON (intramuros),NON,2204,16:39,EST,MACON VILLE,JCRHONRHIN,FRHGU,16:04,FRLPD
6899,2023-06-11,LYON (intramuros),NON,2204,18:44,EST,BELFORT-MONTBELIARD TGV,JCRHONRHIN,FRTJA,16:04,FRLPD
6900,2023-06-11,MONTPELLIER SAINT-ROCH,NON,2204,19:09,EST,MULHOUSE VILLE,JCRHONRHIN,FRAEK,13:55,FRMPL
6901,2023-06-11,MONTPELLIER SAINT-ROCH,NON,2204,18:44,EST,BELFORT-MONTBELIARD TGV,JCRHONRHIN,FRTJA,13:55,FRMPL
6902,2023-06-11,BELFORT-MONTBELIARD TGV,NON,2204,19:41,EST,COLMAR,JCRHONRHIN,FRAEJ,18:47,FRTJA
6903,2023-06-11,VALENCE TGV RHONE-ALPES SUD,NON,2204,19:09,EST,MULHOUSE VILLE,JCRHONRHIN,FRAEK,15:12,FRVLA
6904,2023-06-11,VALENCE TGV RHONE-ALPES SUD,NON,2204,15:51,EST,LYON (intramuros),JCRHONRHIN,FRLPD,15:12,FRVLA
6905,2023-06-11,VALENCE TGV RHONE-ALPES SUD,NON,2204,18:44,EST,BELFORT-MONTBELIARD TGV,JCRHONRHIN,FRTJA,15:12,FRVLA
6906,2023-06-11,TOULON,NON,6168,21:52,SUD EST,PARIS (intramuros),AZURPA,FRPLY,17:48,FRTLN
6907,2023-06-11,ANTIBES,NON,6168,21:52,SUD EST,PARIS (intramuros),AZURPA,FRPLY,16:17,FRXAT
6908,2023-06-11,ANTIBES,OUI,6168,16:55,SUD EST,ST RAPHAEL VALESCURE,AZURPA,FRXSK,16:17,FRXAT
6909,2023-06-11,VALENCE TGV RHONE-ALPES SUD,NON,6227,22:47,SUD EST,NIMES,PALANG,FRFNI,22:02,FRVLA
6910,2023-06-11,LIMOGES BENEDICTINS,NON,3674,19:10,IC ARO,CHATEAUROUX,TOULOUZECO,FRCHR,17:57,FRAGQ
6911,2023-06-11,LIMOGES BENEDICTINS,OUI,3674,18:29,IC ARO,LA SOUTERRAINE,TOULOUZECO,FRLST,17:57,FRAGQ
6912,2023-06-11,BRIVE LA GAILLARDE,OUI,3674,18:29,IC ARO,LA SOUTERRAINE,TOULOUZECO,FRLST,16:54,FRBVE
6913,2023-06-11,BRIVE LA GAILLARDE,NON,3674,19:46,IC ARO,VIERZON VILLE,TOULOUZECO,FRXVZ,16:54,FRBVE
6914,2023-06-11,LEZIGNAN-CORBIERES,NON,3738,05:53,IC NUIT,LES AUBRAIS ORLEANS,PALOMBEPAR,FRLAB,20:58,FRFUX
6915,2023-06-11,COLLIOURE,NON,3738,05:53,IC NUIT,LES AUBRAIS ORLEANS,PALOMBEPAR,FRLAB,18:51,FRXCU
6916,2023-06-11,PORT VENDRES VILLE,NON,3738,05:53,IC NUIT,LES AUBRAIS ORLEANS,PALOMBEPAR,FRLAB,18:46,FRXPV
6917,2023-06-11,VICHY,OUI,5986,19:58,IC ARO,NEVERS,CLERMONTPA,FRNVS,19:06,FRVHY
6918,2023-06-11,BEZIERS,OUI,6277,21:56,SUD EST,PERPIGNAN,PALANG,FRPGF,21:06,FRBZR
6919,2023-06-11,PARIS (intramuros),NON,6277,21:56,SUD EST,PERPIGNAN,PALANG,FRPGF,16:54,FRPLY
6920,2023-06-11,PARIS (intramuros),NON,6277,20:34,SUD EST,SETE,PALANG,FRXSY,16:54,FRPLY
6921,2023-06-11,VALENCE TGV RHONE-ALPES SUD,NON,6277,21:56,SUD EST,PERPIGNAN,PALANG,FRPGF,19:11,FRVLA
6922,2023-06-11,VALENCE TGV RHONE-ALPES SUD,NON,6277,20:34,SUD EST,SETE,PALANG,FRXSY,19:11,FRVLA
6923,2023-06-11,AGDE,OUI,6277,21:20,SUD EST,NARBONNE,PALANG,FRXNA,20:52,FRXAG
6924,2023-06-11,SETE,OUI,6277,21:56,SUD EST,PERPIGNAN,PALANG,FRPGF,20:37,FRXSY
6925,2023-06-11,MONTPELLIER SUD DE FRANCE,OUI,6277,21:56,SUD EST,PERPIGNAN,PALANG,FRPGF,20:20,FRSUF
6926,2023-06-11,PARIS (intramuros),NON,6277,19:48,SUD EST,NIMES PONT DU GARD,PALANG,FRXZP,16:54,FRPLY
6927,2023-06-11,NIMES PONT DU GARD,NON,6277,20:11,SUD EST,MONTPELLIER SUD DE FRANCE,PALANG,FRSUF,19:53,FRXZP
6928,2023-06-11,SURGERES,NON,8392,00:17,ATLANTIQUE,PARIS (intramuros),ROCHELLEPA,FRPMO,21:31,FREIP
6929,2023-06-11,NIORT,NON,8392,22:35,ATLANTIQUE,POITIERS,ROCHELLEPA,FRPIS,21:52,FRNIT
6930,2023-06-11,STRASBOURG,NON,2087,14:25,EST,AVIGNON TGV,JCRHINRHON,FRAVG,09:03,FRAEG
6931,2023-06-11,STRASBOURG,NON,2087,13:00,EST,LYON (intramuros),JCRHINRHON,FRLPD,09:03,FRAEG
6932,2023-06-11,MULHOUSE VILLE,NON,2087,14:25,EST,AVIGNON TGV,JCRHINRHON,FRAVG,09:57,FRAEK
6933,2023-06-11,LYON (intramuros),NON,2087,15:06,EST,MARSEILLE ST CHARLES,JCRHINRHON,FRMSC,13:06,FRLPD
6934,2023-06-11,BELFORT-MONTBELIARD TGV,NON,2087,11:11,EST,DIJON VILLE,JCRHINRHON,FRABA,10:21,FRTJA
6935,2023-06-11,BELFORT-MONTBELIARD TGV,NON,2087,13:00,EST,LYON (intramuros),JCRHINRHON,FRLPD,10:21,FRTJA
6936,2023-06-11,BELFORT-MONTBELIARD TGV,OUI,2087,10:41,EST,BESANCON - F COMTE TGV,JCRHINRHON,FRTJB,10:21,FRTJA
6937,2023-06-11,BELFORT-MONTBELIARD TGV,NON,2087,13:46,EST,VALENCE TGV RHONE-ALPES SUD,JCRHINRHON,FRVLA,10:21,FRTJA
6938,2023-06-11,BESANCON - F COMTE TGV,NON,2087,11:11,EST,DIJON VILLE,JCRHINRHON,FRABA,10:44,FRTJB
6939,2023-06-11,VALENCE TGV RHONE-ALPES SUD,NON,2087,14:25,EST,AVIGNON TGV,JCRHINRHON,FRAVG,13:51,FRVLA
6940,2023-06-11,PARIS (intramuros),NON,8731,19:25,ATLANTIQUE,RENNES,PARISBRETA,FRRNS,17:56,FRPMO
6941,2023-06-11,VANNES,OUI,8731,20:51,ATLANTIQUE,LORIENT,PARISBRETA,FRLRT,20:27,FRVNE
6942,2023-06-11,LORRAINE TGV,NON,2066,19:35,EST,CHAMPAGNE-ARDENNE,MULHSTRAPA,FREAH,18:57,FREAM
6943,2023-06-11,AIX EN PROVENCE TGV,NON,9868,18:47,NORD,MARNE LA VALLEE CHESSY,JCSUDNORD,FRMLV,15:24,FRAIE
6944,2023-06-11,AIX EN PROVENCE TGV,NON,9868,19:01,NORD,AEROPORT CDG2 TGV ROISSY,JCSUDNORD,FRMLW,15:24,FRAIE
6945,2023-06-11,AVIGNON TGV,NON,9868,20:43,NORD,BRUXELLES MIDI BRUSSEL ZUID,JCSUDNORD,BEBMI,15:46,FRAVG
6946,2023-06-11,AEROPORT CDG2 TGV ROISSY,NON,9868,19:57,NORD,LILLE (intramuros),JCSUDNORD,FRLLE,19:07,FRMLW
6947,2023-06-11,MARSEILLE ST CHARLES,NON,9868,19:57,NORD,LILLE (intramuros),JCSUDNORD,FRLLE,15:11,FRMSC
6948,2023-06-11,BRUXELLES MIDI BRUSSEL ZUID,NON,9812,13:35,NORD,NIMES,JCNORDSUD,FRFNI,08:17,BEBMI
6949,2023-06-11,BRUXELLES MIDI BRUSSEL ZUID,OUI,9812,08:52,NORD,LILLE (intramuros),JCNORDSUD,FRLLE,08:17,BEBMI
6950,2023-06-11,BRUXELLES MIDI BRUSSEL ZUID,NON,9812,12:45,NORD,VALENCE TGV RHONE-ALPES SUD,JCNORDSUD,FRVLA,08:17,BEBMI
6951,2023-06-11,LYON (intramuros),NON,9812,14:03,NORD,MONTPELLIER SAINT-ROCH,JCNORDSUD,FRMPL,12:06,FRLPD
6952,2023-06-11,PARIS (intramuros),NON,8751,23:13,ATLANTIQUE,QUIMPERLE,PARISBRETA,FRECO,19:54,FRPMO
6953,2023-06-11,RENNES,OUI,8751,22:59,ATLANTIQUE,LORIENT,PARISBRETA,FRLRT,21:29,FRRNS
6954,2023-06-11,RENNES,OUI,8751,23:30,ATLANTIQUE,ROSPORDEN,PARISBRETA,FRRSP,21:29,FRRNS
6955,2023-06-11,RENNES,OUI,8751,23:45,ATLANTIQUE,QUIMPER,PARISBRETA,FRUIP,21:29,FRRNS
6956,2023-06-11,REDON,OUI,8751,23:13,ATLANTIQUE,QUIMPERLE,PARISBRETA,FRECO,22:05,FRXRN
6957,2023-06-11,AURAY,OUI,8751,23:13,ATLANTIQUE,QUIMPERLE,PARISBRETA,FRECO,22:44,FRXUY
6958,2023-06-11,AURAY,OUI,8751,23:45,ATLANTIQUE,QUIMPER,PARISBRETA,FRUIP,22:44,FRXUY
6959,2023-06-11,PARIS (intramuros),OUI,8461,22:45,ATLANTIQUE,ST PIERRE DES CORPS,PASUDOUEST,FRXSH,21:45,FRPMO
6960,2023-06-11,ST PIERRE DES CORPS,NON,8461,00:42,ATLANTIQUE,BORDEAUX ST JEAN,PASUDOUEST,FRBOJ,22:49,FRXSH
6961,2023-06-11,LYON (intramuros),OUI,6627,20:10,SUD EST,LYON (intramuros),PARISRHONE,FRLPE,20:02,FRLPD
6962,2023-06-11,PARIS (intramuros),OUI,8657,05:08,ATLANTIQUE,MORLAIX,PARISBRETA,FRMXN,23:59,FRPMO
6963,2023-06-11,UZERCHE,NON,3684,20:46,IC ARO,VIERZON VILLE,TOULOUZECO,FRXVZ,18:17,FRAAW
6964,2023-06-11,LIMOGES BENEDICTINS,NON,3684,20:07,IC ARO,CHATEAUROUX,TOULOUZECO,FRCHR,18:57,FRAGQ
6965,2023-06-11,LIMOGES BENEDICTINS,NON,3684,20:23,IC ARO,ISSOUDUN,TOULOUZECO,FRFMN,18:57,FRAGQ
6966,2023-06-11,LIMOGES BENEDICTINS,NON,3684,20:46,IC ARO,VIERZON VILLE,TOULOUZECO,FRXVZ,18:57,FRAGQ
6967,2023-06-11,BRIVE LA GAILLARDE,NON,3684,20:23,IC ARO,ISSOUDUN,TOULOUZECO,FRFMN,17:52,FRBVE
6968,2023-06-11,BRIVE LA GAILLARDE,NON,3684,19:29,IC ARO,LA SOUTERRAINE,TOULOUZECO,FRLST,17:52,FRBVE
6969,2023-06-11,CHATEAUROUX,NON,3684,20:46,IC ARO,VIERZON VILLE,TOULOUZECO,FRXVZ,20:09,FRCHR
6970,2023-06-11,LYON (intramuros),NON,6696,19:34,SUD EST,PARIS (intramuros),RHONEPARIS,FRPLY,17:38,FRLPD
6971,2023-06-11,ANGERS ST LAUD,OUI,8931,20:59,ATLANTIQUE,NANTES,PARISLOIRE,FRNTE,20:19,FRACL
6972,2023-06-11,PARIS (intramuros),NON,8931,20:16,ATLANTIQUE,ANGERS ST LAUD,PARISLOIRE,FRACL,18:48,FRPMO
6973,2023-06-11,SABLE SUR SARTHE,NON,8931,20:59,ATLANTIQUE,NANTES,PARISLOIRE,FRNTE,19:56,FRSAB
6974,2023-06-11,SABLE SUR SARTHE,NON,8931,21:39,ATLANTIQUE,ST NAZAIRE,PARISLOIRE,FRSNR,19:56,FRSAB
6975,2023-06-11,ST NAZAIRE,OUI,8931,21:55,ATLANTIQUE,LA BAULE ESCOUBLAC,PARISLOIRE,FRJEE,21:42,FRSNR
6976,2023-06-11,AGEN,NON,4655,10:15,IC ARO,BEZIERS,TJOURSOSE,FRBZR,07:31,FRAGF
6977,2023-06-11,AGEN,NON,4655,09:27,IC ARO,CARCASSONNE,TJOURSOSE,FRCCF,07:31,FRAGF
6978,2023-06-11,AGEN,NON,4655,09:58,IC ARO,NARBONNE,TJOURSOSE,FRXNA,07:31,FRAGF
6979,2023-06-11,BORDEAUX ST JEAN,OUI,4655,07:29,IC ARO,AGEN,TJOURSOSE,FRAGF,06:27,FRBOJ
6980,2023-06-11,BORDEAUX ST JEAN,NON,4655,10:54,IC ARO,MONTPELLIER SAINT-ROCH,TJOURSOSE,FRMPL,06:27,FRBOJ
6981,2023-06-11,BORDEAUX ST JEAN,OUI,4655,08:06,IC ARO,MONTAUBAN VILLE BOURBON,TJOURSOSE,FRXMW,06:27,FRBOJ
6982,2023-06-11,MONTPELLIER SAINT-ROCH,NON,4655,12:34,IC ARO,MARSEILLE ST CHARLES,TJOURSOSE,FRMSC,10:57,FRMPL
6983,2023-06-11,MONTAUBAN VILLE BOURBON,NON,4655,10:54,IC ARO,MONTPELLIER SAINT-ROCH,TJOURSOSE,FRMPL,08:08,FRXMW
6984,2023-06-11,MONTAUBAN VILLE BOURBON,NON,4655,09:58,IC ARO,NARBONNE,TJOURSOSE,FRXNA,08:08,FRXMW
6985,2023-06-11,NANTES,NON,8116,14:09,ATLANTIQUE,PARIS (intramuros),LOIREPARIS,FRPMO,12:09,FRNTE
6986,2023-06-11,DIJON VILLE,NON,6704,14:02,SUD EST,MONTBARD,BOURPA,FRGWE,13:27,FRABA
6987,2023-06-11,MULHOUSE VILLE,NON,6704,14:02,SUD EST,MONTBARD,BOURPA,FRGWE,12:05,FRAEK
6988,2023-06-11,PARIS (intramuros),NON,8379,13:52,ATLANTIQUE,POITIERS,PAROCHELLE,FRPIS,12:16,FRPMO
6989,2023-06-11,MULHOUSE VILLE,NON,9206,09:17,INTERNATIONAL,BELFORT-MONTBELIARD TGV,ZURBALPA,FRTJA,08:56,FRAEK
6990,2023-06-11,DIJON VILLE,NON,5535,22:26,EST,MACON VILLE,JCRHINRHON,FRHGU,21:29,FRABA
6991,2023-06-11,DIJON VILLE,NON,5535,23:18,EST,LYON (intramuros),JCRHINRHON,FRLPE,21:29,FRABA
6992,2023-06-11,STRASBOURG,NON,5535,23:18,EST,LYON (intramuros),JCRHINRHON,FRLPE,19:03,FRAEG
6993,2023-06-11,LYON (intramuros),OUI,5535,23:18,EST,LYON (intramuros),JCRHINRHON,FRLPE,23:10,FRLPD
6994,2023-06-11,BELFORT-MONTBELIARD TGV,NON,5535,23:04,EST,LYON (intramuros),JCRHINRHON,FRLPD,20:29,FRTJA
6995,2023-06-11,BELFORT-MONTBELIARD TGV,NON,5535,20:49,EST,BESANCON - F COMTE TGV,JCRHINRHON,FRTJB,20:29,FRTJA
6996,2023-06-11,PARIS (intramuros),NON,2465,22:24,EST,STRASBOURG,PASTRAMULH,FRAEG,20:25,FRPST
6997,2023-06-11,ST MAIXENT DEUX SEVRES,NON,8391,21:21,ATLANTIQUE,LA ROCHELLE VILLE,PAROCHELLE,FRLRH,20:21,FREJC
6998,2023-06-11,NIORT,OUI,8391,21:21,ATLANTIQUE,LA ROCHELLE VILLE,PAROCHELLE,FRLRH,20:40,FRNIT
6999,2023-06-11,POITIERS,NON,8391,21:21,ATLANTIQUE,LA ROCHELLE VILLE,PAROCHELLE,FRLRH,19:49,FRPIS
7000,2023-06-11,POITIERS,NON,8391,20:37,ATLANTIQUE,NIORT,PAROCHELLE,FRNIT,19:49,FRPIS
7001,2023-06-11,PARIS (intramuros),NON,8391,20:58,ATLANTIQUE,SURGERES,PAROCHELLE,FREIP,18:24,FRPMO
7002,2023-06-11,BELFORT-MONTBELIARD TGV,NON,6702,09:02,SUD EST,DIJON VILLE,BOURPA,FRABA,08:11,FRTJA
7003,2023-06-11,DAX,OUI,8585,19:35,ATLANTIQUE,BORDEAUX ST JEAN,SUDOUESTPA,FRBOJ,18:23,FRACG
7004,2023-06-11,BORDEAUX ST JEAN,NON,8585,21:52,ATLANTIQUE,PARIS (intramuros),SUDOUESTPA,FRPMO,19:45,FRBOJ
7005,2023-06-11,TARBES,OUI,8585,18:19,ATLANTIQUE,DAX,SUDOUESTPA,FRACG,16:36,FRXTB
7006,2023-06-11,TARBES,NON,8585,21:52,ATLANTIQUE,PARIS (intramuros),SUDOUESTPA,FRPMO,16:36,FRXTB
7007,2023-06-11,AVIGNON TGV,NON,6120,17:30,SUD EST,PARIS (intramuros),PROVENCEPA,FRPLY,14:40,FRAVG
7008,2023-06-11,BAYONNE,NON,14150,19:30,IC SRO,ST GAUDENS,SUDOUEST,FRFPH,16:20,FRXBY
7009,2023-06-11,BAYONNE,NON,14150,18:47,IC SRO,TARBES,SUDOUEST,FRXTB,16:20,FRXBY
7010,2023-06-11,AIX EN PROVENCE TGV,OUI,6134,20:42,SUD EST,AVIGNON TGV,PROVENCEPA,FRAVG,20:23,FRAIE
7011,2023-06-11,AVIGNON TGV,NON,6134,23:30,SUD EST,PARIS (intramuros),PROVENCEPA,FRPLY,20:45,FRAVG
7012,2023-06-11,MARSEILLE ST CHARLES,OUI,6134,20:20,SUD EST,AIX EN PROVENCE TGV,PROVENCEPA,FRAIE,20:09,FRMSC
7013,2023-06-11,BORDEAUX ST JEAN,NON,8404,09:43,ATLANTIQUE,MASSY TGV,SUDOUESTPA,FRDJU,07:44,FRBOJ
7014,2023-06-11,LAVAL,NON,8739,21:28,ATLANTIQUE,VANNES,PARISBRETA,FRVNE,19:58,FRACR
7015,2023-06-11,QUIMPERLE,OUI,8739,22:30,ATLANTIQUE,ROSPORDEN,PARISBRETA,FRRSP,22:16,FRECO
7016,2023-06-11,LORIENT,OUI,8739,22:45,ATLANTIQUE,QUIMPER,PARISBRETA,FRUIP,22:02,FRLRT
7017,2023-06-11,PARIS (intramuros),NON,8739,19:55,ATLANTIQUE,LAVAL,PARISBRETA,FRACR,18:40,FRPMO
7018,2023-06-11,PARIS (intramuros),NON,8739,20:25,ATLANTIQUE,RENNES,PARISBRETA,FRRNS,18:40,FRPMO
7019,2023-06-11,PARIS (intramuros),NON,8739,22:45,ATLANTIQUE,QUIMPER,PARISBRETA,FRUIP,18:40,FRPMO
7020,2023-06-11,PARIS (intramuros),NON,8739,21:28,ATLANTIQUE,VANNES,PARISBRETA,FRVNE,18:40,FRPMO
7021,2023-06-11,RENNES,OUI,8739,22:30,ATLANTIQUE,ROSPORDEN,PARISBRETA,FRRSP,20:29,FRRNS
7022,2023-06-11,REDON,OUI,8739,22:45,ATLANTIQUE,QUIMPER,PARISBRETA,FRUIP,21:05,FRXRN
7023,2023-06-11,NEVERS,OUI,5983,22:02,IC ARO,VICHY,PACLERMONT,FRVHY,21:01,FRNVS
7024,2023-06-11,NEVERS,OUI,5983,21:30,IC ARO,MOULINS SUR ALLIER,PACLERMONT,FRXMU,21:01,FRNVS
7025,2023-06-11,PARIS (intramuros),OUI,5983,22:36,IC ARO,CLERMONT FERRAND,PACLERMONT,FRCFE,18:47,FRPLY
7026,2023-06-11,PARIS (intramuros),OUI,5983,22:02,IC ARO,VICHY,PACLERMONT,FRVHY,18:47,FRPLY
7027,2023-06-11,PARIS (intramuros),OUI,5983,21:30,IC ARO,MOULINS SUR ALLIER,PACLERMONT,FRXMU,18:47,FRPLY
7028,2023-06-11,VICHY,OUI,5983,22:25,IC ARO,RIOM CHATEL GUYON,PACLERMONT,FRRIO,22:04,FRVHY
7029,2023-06-11,OFFENBOURG/OFFENBURG,OUI,9591,19:54,EST,LAHR SCHWARZW,PASTRAMULH,DEANL,19:44,DEZPA
7030,2023-06-11,PARIS (intramuros),NON,9591,20:02,EST,RINGSHEIM/EU-PARK,PASTRAMULH,DERSH,17:25,FRPST
7031,2023-06-11,PARIS (intramuros),NON,2839,21:04,EST,METZ VILLE,PAMETZLUX,FRADE,19:40,FRPST
7032,2023-06-11,POITIERS,OUI,8491,20:34,ATLANTIQUE,ANGOULEME,PASUDOUEST,FRANG,19:54,FRPIS
7033,2023-06-11,PARIS (intramuros),NON,8491,20:34,ATLANTIQUE,ANGOULEME,PASUDOUEST,FRANG,18:24,FRPMO
7034,2023-06-11,VALENCE TGV RHONE-ALPES SUD,OUI,6279,22:08,SUD EST,MONTPELLIER SUD DE FRANCE,PALANG,FRSUF,21:09,FRVLA
7035,2023-06-11,BELLEGARDE,NON,9776,19:42,INTERNATIONAL,PARIS (intramuros),GENEVEPA,FRPLY,17:02,FRXBF
7036,2023-06-11,LE MANS,NON,8122,17:25,ATLANTIQUE,PARIS (intramuros),LOIREPARIS,FRPMO,16:26,FRAET
7037,2023-06-11,NANTES,OUI,8122,15:41,ATLANTIQUE,ANGERS ST LAUD,LOIREPARIS,FRACL,15:05,FRNTE
7038,2023-06-11,LAMBALLE,NON,8610,12:01,ATLANTIQUE,LAVAL,BRETAPARIS,FRACR,10:48,FRLAM
7039,2023-06-11,MORLAIX,NON,8610,12:01,ATLANTIQUE,LAVAL,BRETAPARIS,FRACR,09:45,FRMXN
7040,2023-06-11,MORLAIX,OUI,8610,10:16,ATLANTIQUE,GUINGAMP,BRETAPARIS,FRGGP,09:45,FRMXN
7041,2023-06-11,PLOUARET TREGOR,OUI,8610,10:16,ATLANTIQUE,GUINGAMP,BRETAPARIS,FRGGP,10:03,FRPLT
7042,2023-06-11,PLOUARET TREGOR,OUI,8610,11:29,ATLANTIQUE,RENNES,BRETAPARIS,FRRNS,10:03,FRPLT
7043,2023-06-11,RENNES,NON,8610,12:01,ATLANTIQUE,LAVAL,BRETAPARIS,FRACR,11:35,FRRNS
7044,2023-06-11,ST BRIEUC,NON,8610,12:01,ATLANTIQUE,LAVAL,BRETAPARIS,FRACR,10:36,FRSBK
7045,2023-06-11,LANDERNEAU,OUI,8610,10:00,ATLANTIQUE,PLOUARET TREGOR,BRETAPARIS,FRPLT,09:22,FRXLD
7046,2023-06-11,LANDERNEAU,NON,8610,13:19,ATLANTIQUE,PARIS (intramuros),BRETAPARIS,FRPMO,09:22,FRXLD
7047,2023-06-11,LANDERNEAU,OUI,8610,11:29,ATLANTIQUE,RENNES,BRETAPARIS,FRRNS,09:22,FRXLD
7048,2023-06-11,LANDERNEAU,NON,8610,12:01,ATLANTIQUE,LAVAL,BRETAPARIS,FRACR,09:22,FRXLD
7049,2023-06-11,KAISERSLAUTERN HBF,NON,9551,12:59,INTERNATIONAL,FRANKFURT MAIN HBF,PAFRANC,DEFRH,11:36,DEKLT
7050,2023-06-11,PARIS (intramuros),NON,9551,10:45,INTERNATIONAL,FORBACH,PAFRANC,FRBQT,09:06,FRPST
7051,2023-06-11,PARIS (intramuros),NON,6753,23:25,SUD EST,DOLE VILLE,PABOUR,FRACE,21:16,FRPLY
7052,2023-06-11,CHAMBERY CHALLES LES EAUX,NON,6980,19:38,SUD EST,MACON LOCHE TGV,ALPESPARIS,FRMLT,18:22,FRCMF
7053,2023-06-11,ANNECY,NON,6980,19:38,SUD EST,MACON LOCHE TGV,ALPESPARIS,FRMLT,17:32,FRNCY
7054,2023-06-11,AIX LES BAINS LE REVARD,NON,6980,18:08,SUD EST,CHAMBERY CHALLES LES EAUX,ALPESPARIS,FRCMF,17:59,FRXAI
7055,2023-06-11,AIX LES BAINS LE REVARD,NON,6980,21:14,SUD EST,PARIS (intramuros),ALPESPARIS,FRPLY,17:59,FRXAI
7056,2023-06-11,PARIS (intramuros),NON,8313,17:13,ATLANTIQUE,VENDOME VILLIERS SUR LOIR,PAROCHELLE,FRESL,16:28,FRPMO
7057,2023-06-11,ST PIERRE DES CORPS,OUI,8313,17:43,ATLANTIQUE,TOURS,PAROCHELLE,FRAFW,17:38,FRXSH
7058,2023-06-11,BRUXELLES MIDI BRUSSEL ZUID,NON,9832,16:43,NORD,AEROPORT CDG2 TGV ROISSY,JCNORDBRET,FRMLW,15:03,BEBMI
7059,2023-06-11,LE MANS,NON,9832,19:09,NORD,ANGERS ST LAUD,JCNORDBRET,FRACL,18:32,FRAET
7060,2023-06-11,MASSY TGV,NON,9832,18:29,NORD,LE MANS,JCNORDBRET,FRAET,17:39,FRDJU
7061,2023-06-11,MASSY TGV,NON,9832,19:50,NORD,NANTES,JCNORDBRET,FRNTE,17:39,FRDJU
7062,2023-06-11,LILLE (intramuros),NON,9832,16:58,NORD,MARNE LA VALLEE CHESSY,JCNORDBRET,FRMLV,15:52,FRLLE
7063,2023-06-11,LILLE (intramuros),NON,9832,19:50,NORD,NANTES,JCNORDBRET,FRNTE,15:52,FRLLE
7064,2023-06-11,MARNE LA VALLEE CHESSY,NON,9832,19:50,NORD,NANTES,JCNORDBRET,FRNTE,17:02,FRMLV
7065,2023-06-11,AEROPORT CDG2 TGV ROISSY,NON,9832,19:09,NORD,ANGERS ST LAUD,JCNORDBRET,FRACL,16:49,FRMLW
7066,2023-06-11,AEROPORT CDG2 TGV ROISSY,NON,9832,16:58,NORD,MARNE LA VALLEE CHESSY,JCNORDBRET,FRMLV,16:49,FRMLW
7067,2023-06-11,BRUXELLES MIDI BRUSSEL ZUID,NON,9832,19:50,NORD,NANTES,JCNORDBRET,FRNTE,15:03,BEBMI
7068,2023-06-11,BRUXELLES MIDI BRUSSEL ZUID,NON,9832,17:33,NORD,MASSY TGV,JCNORDBRET,FRDJU,15:03,BEBMI
7069,2023-06-11,DIJON VILLE,NON,5500,21:13,EST,METZ VILLE,JCRHONRHIN,FRADE,17:50,FRABA
7070,2023-06-11,STRASBOURG,OUI,5500,21:13,EST,METZ VILLE,JCRHONRHIN,FRADE,20:24,FRAEG
7071,2023-06-11,NIMES,NON,5500,21:13,EST,METZ VILLE,JCRHONRHIN,FRADE,14:23,FRFNI
7072,2023-06-11,NIMES,NON,5500,19:09,EST,MULHOUSE VILLE,JCRHONRHIN,FRAEK,14:23,FRFNI
7073,2023-06-11,NIMES,NON,5500,15:51,EST,LYON (intramuros),JCRHONRHIN,FRLPD,14:23,FRFNI
7074,2023-06-11,NIMES,NON,5500,18:44,EST,BELFORT-MONTBELIARD TGV,JCRHONRHIN,FRTJA,14:23,FRFNI
7075,2023-06-11,NIMES,NON,5500,18:17,EST,BESANCON - F COMTE TGV,JCRHONRHIN,FRTJB,14:23,FRFNI
7076,2023-06-11,MONTPELLIER SAINT-ROCH,NON,5500,17:40,EST,DIJON VILLE,JCRHONRHIN,FRABA,13:55,FRMPL
7077,2023-06-11,BESANCON - F COMTE TGV,NON,5500,21:13,EST,METZ VILLE,JCRHONRHIN,FRADE,18:22,FRTJB
7078,2023-06-11,BESANCON - F COMTE TGV,NON,5500,19:41,EST,COLMAR,JCRHONRHIN,FRAEJ,18:22,FRTJB
7079,2023-06-11,VALENCE TGV RHONE-ALPES SUD,NON,5500,21:13,EST,METZ VILLE,JCRHONRHIN,FRADE,15:12,FRVLA
7080,2023-06-11,VALENCE TGV RHONE-ALPES SUD,NON,5500,20:18,EST,STRASBOURG,JCRHONRHIN,FRAEG,15:12,FRVLA
7081,2023-06-11,VALENCE TGV RHONE-ALPES SUD,NON,5500,16:39,EST,MACON VILLE,JCRHONRHIN,FRHGU,15:12,FRVLA
7082,2023-06-11,VALENCE TGV RHONE-ALPES SUD,NON,5500,18:44,EST,BELFORT-MONTBELIARD TGV,JCRHONRHIN,FRTJA,15:12,FRVLA
7083,2023-06-11,NIORT,OUI,8393,22:02,ATLANTIQUE,SURGERES,PAROCHELLE,FREIP,21:44,FRNIT
7084,2023-06-11,NIORT,OUI,8393,22:25,ATLANTIQUE,LA ROCHELLE VILLE,PAROCHELLE,FRLRH,21:44,FRNIT
7085,2023-06-11,POITIERS,NON,8393,22:02,ATLANTIQUE,SURGERES,PAROCHELLE,FREIP,20:58,FRPIS
7086,2023-06-11,PARIS (intramuros),NON,8393,20:55,ATLANTIQUE,POITIERS,PAROCHELLE,FRPIS,19:16,FRPMO
7087,2023-06-11,LYON (intramuros),OUI,6668,17:32,SUD EST,LYON (intramuros),RHONEPARIS,FRLPD,17:23,FRLPE
7088,2023-06-11,ST ETIENNE CHATEAUCREUX,OUI,6694,12:54,SUD EST,LYON (intramuros),RHONEPARIS,FRLPD,12:12,FRHHD
7089,2023-06-11,LYON (intramuros),NON,6694,15:00,SUD EST,PARIS (intramuros),RHONEPARIS,FRPLY,13:04,FRLPD
7090,2023-06-11,QUIMPERLE,NON,8742,19:45,ATLANTIQUE,REDON,BRETAPARIS,FRXRN,18:36,FRECO
7091,2023-06-11,LORIENT,NON,8742,21:56,ATLANTIQUE,PARIS (intramuros),BRETAPARIS,FRPMO,18:50,FRLRT
7092,2023-06-11,LORIENT,OUI,8742,19:18,ATLANTIQUE,VANNES,BRETAPARIS,FRVNE,18:50,FRLRT
7093,2023-06-11,ROSPORDEN,OUI,8742,19:05,ATLANTIQUE,AURAY,BRETAPARIS,FRXUY,18:21,FRRSP
7094,2023-06-11,QUIMPER,OUI,8742,18:34,ATLANTIQUE,QUIMPERLE,BRETAPARIS,FRECO,18:08,FRUIP
7095,2023-06-11,QUIMPER,OUI,8742,18:19,ATLANTIQUE,ROSPORDEN,BRETAPARIS,FRRSP,18:08,FRUIP
7096,2023-06-11,AURAY,OUI,8742,19:18,ATLANTIQUE,VANNES,BRETAPARIS,FRVNE,19:08,FRXUY
7097,2023-06-11,BORDEAUX ST JEAN,NON,12260,17:12,ATLANTIQUE,PARIS (intramuros),SUDOUESTPA,FRPMO,14:46,FRBOJ
7098,2023-06-11,ANGERS ST LAUD,NON,8874,15:25,ATLANTIQUE,PARIS (intramuros),LOIREPARIS,FRPMO,13:44,FRACL
7099,2023-06-11,BORDEAUX ST JEAN,NON,4669,20:42,IC ARO,TOULOUSE MATABIAU,TJOURSOSE,FRXYT,18:28,FRBOJ
7100,2023-06-11,CARCASSONNE,OUI,4669,22:55,IC ARO,MONTPELLIER SAINT-ROCH,TJOURSOSE,FRMPL,21:34,FRCCF
7101,2023-06-11,CARCASSONNE,OUI,4669,22:02,IC ARO,NARBONNE,TJOURSOSE,FRXNA,21:34,FRCCF
7102,2023-06-11,MARMANDE,NON,4669,22:02,IC ARO,NARBONNE,TJOURSOSE,FRXNA,19:06,FRXMR
7103,2023-06-11,MARMANDE,NON,4669,20:42,IC ARO,TOULOUSE MATABIAU,TJOURSOSE,FRXYT,19:06,FRXMR
7104,2023-06-11,MONTAUBAN VILLE BOURBON,NON,4669,22:02,IC ARO,NARBONNE,TJOURSOSE,FRXNA,20:11,FRXMW
7105,2023-06-11,TOULOUSE MATABIAU,OUI,4669,22:55,IC ARO,MONTPELLIER SAINT-ROCH,TJOURSOSE,FRMPL,20:50,FRXYT
7106,2023-06-11,BOURG EN BRESSE,NON,9789,22:24,INTERNATIONAL,GENEVE,PAGENEVE,CHGVA,20:56,FRXBK
7107,2023-06-11,BORDEAUX ST JEAN,NON,8488,18:06,ATLANTIQUE,POITIERS,SUDOUESTPA,FRPIS,16:15,FRBOJ
7108,2023-06-11,LIBOURNE,NON,8488,19:33,ATLANTIQUE,PARIS (intramuros),SUDOUESTPA,FRPMO,16:42,FRXLR
7109,2023-06-11,TOULOUSE MATABIAU,NON,8522,00:27,ATLANTIQUE,PARIS (intramuros),SUDOUESTPA,FRPMO,19:59,FRXYT
7110,2023-06-11,DOUAI,OUI,7144,22:08,NORD,PARIS (intramuros),ARRASPA,FRPNO,20:51,FRXDN
7111,2023-06-11,NANTES,OUI,8804,07:41,ATLANTIQUE,ANGERS ST LAUD,LOIREPARIS,FRACL,07:05,FRNTE
7112,2023-06-11,NANTES,NON,8804,09:12,ATLANTIQUE,PARIS (intramuros),LOIREPARIS,FRPMO,07:05,FRNTE
7113,2023-06-11,POITIERS,OUI,8447,18:05,ATLANTIQUE,ANGOULEME,PASUDOUEST,FRANG,17:27,FRPIS
7114,2023-06-11,ALBI VILLE,NON,3754,05:43,IC NUIT,LES AUBRAIS ORLEANS,OCCITANPAR,FRLAB,20:50,FRAFJ
7115,2023-06-11,CRANSAC,NON,3754,05:43,IC NUIT,LES AUBRAIS ORLEANS,OCCITANPAR,FRLAB,23:20,FRFSR
7116,2023-06-11,VIVIEZ DECAZEVILLE,NON,3754,06:50,IC NUIT,PARIS (intramuros),OCCITANPAR,FRPAZ,23:29,FRVZD
7117,2023-06-11,LYON (intramuros),NON,6632,22:00,SUD EST,PARIS (intramuros),RHONEPARIS,FRPLY,20:04,FRLPD
7118,2023-06-11,LYON (intramuros),NON,6632,22:00,SUD EST,PARIS (intramuros),RHONEPARIS,FRPLY,19:50,FRLPE
7119,2023-06-11,PARIS (intramuros),NON,3741,07:07,IC NUIT,TARBES,PARPALOMBE,FRXTB,21:41,FRPAZ
7120,2023-06-11,PARIS (intramuros),NON,3741,06:16,IC NUIT,ST GAUDENS,PARPALOMBE,FRFPH,21:41,FRPAZ
7121,2023-06-11,LYON (intramuros),NON,5066,15:46,NORD,MARNE LA VALLEE CHESSY,JCSUDNORD,FRMLV,14:00,FRLPD
7122,2023-06-11,MARNE LA VALLEE CHESSY,NON,5066,16:00,NORD,AEROPORT CDG2 TGV ROISSY,JCSUDNORD,FRMLW,15:50,FRMLV
7123,2023-06-11,MARSEILLE ST CHARLES,NON,5066,16:57,NORD,LILLE (intramuros),JCSUDNORD,FRLLE,12:12,FRMSC
7124,2023-06-11,KARLSRUHE HBF,NON,9570,22:05,INTERNATIONAL,PARIS (intramuros),MUNSTUTPA,FRPST,19:32,DEQKA
7125,2023-06-11,STUTTGART HBF,NON,9570,22:05,INTERNATIONAL,PARIS (intramuros),MUNSTUTPA,FRPST,18:52,DESGT
7126,2023-06-11,LAMBALLE,NON,8615,14:12,ATLANTIQUE,MORLAIX,PARISBRETA,FRMXN,13:10,FRLAM
7127,2023-06-11,MORLAIX,OUI,8615,14:47,ATLANTIQUE,BREST,PARISBRETA,FRBES,14:14,FRMXN
7128,2023-06-11,PLOUARET TREGOR,OUI,8615,14:47,ATLANTIQUE,BREST,PARISBRETA,FRBES,13:56,FRPLT
7129,2023-06-11,PLOUARET TREGOR,OUI,8615,14:12,ATLANTIQUE,MORLAIX,PARISBRETA,FRMXN,13:56,FRPLT
7130,2023-06-11,ST BRIEUC,OUI,8615,14:12,ATLANTIQUE,MORLAIX,PARISBRETA,FRMXN,13:23,FRSBK
7131,2023-06-11,AEROPORT CDG2 TGV ROISSY,NON,5210,09:34,NORD,MASSY TGV,JCNORDBRET,FRDJU,08:48,FRMLW
7132,2023-06-11,ANGOULEME,NON,8483,09:45,ATLANTIQUE,LIBOURNE,PASUDOUEST,FRXLR,09:06,FRANG
7133,2023-06-11,POITIERS,NON,8483,09:03,ATLANTIQUE,ANGOULEME,PASUDOUEST,FRANG,08:23,FRPIS
7134,2023-06-11,PARIS (intramuros),NON,8483,10:17,ATLANTIQUE,BORDEAUX ST JEAN,PASUDOUEST,FRBOJ,06:47,FRPMO
7135,2023-06-11,BOURGES,NON,4502,15:21,IC SRO,ANGERS ST LAUD,JOURLYNNTE,FRACL,13:03,FRBOU
7136,2023-06-11,BOURGES,NON,4502,14:59,IC SRO,SAUMUR,JOURLYNNTE,FRACN,13:03,FRBOU
7137,2023-06-11,BOURGES,NON,4502,16:04,IC SRO,NANTES,JOURLYNNTE,FRNTE,13:03,FRBOU
7138,2023-06-11,LYON (intramuros),NON,4502,15:21,IC SRO,ANGERS ST LAUD,JOURLYNNTE,FRACL,09:34,FRLPD
7139,2023-06-11,LYON (intramuros),NON,4502,12:14,IC SRO,NEVERS,JOURLYNNTE,FRNVS,09:34,FRLPD
7140,2023-06-11,LYON (intramuros),NON,4502,15:21,IC SRO,ANGERS ST LAUD,JOURLYNNTE,FRACL,09:20,FRLPE
7141,2023-06-11,LYON (intramuros),NON,4502,09:28,IC SRO,LYON (intramuros),JOURLYNNTE,FRLPD,09:20,FRLPE
7142,2023-06-11,LYON (intramuros),NON,4502,11:17,IC SRO,ST GERMAIN DES FOSSES,JOURLYNNTE,FRSGF,09:20,FRLPE
7143,2023-06-11,LYON (intramuros),NON,4502,14:25,IC SRO,ST PIERRE DES CORPS,JOURLYNNTE,FRXSH,09:20,FRLPE
7144,2023-06-11,NEVERS,NON,4502,15:21,IC SRO,ANGERS ST LAUD,JOURLYNNTE,FRACL,12:25,FRNVS
7145,2023-06-11,ROANNE,NON,4502,15:21,IC SRO,ANGERS ST LAUD,JOURLYNNTE,FRACL,10:40,FRRNE
7146,2023-06-11,ROANNE,NON,4502,16:04,IC SRO,NANTES,JOURLYNNTE,FRNTE,10:40,FRRNE
7147,2023-06-11,ROANNE,NON,4502,11:17,IC SRO,ST GERMAIN DES FOSSES,JOURLYNNTE,FRSGF,10:40,FRRNE
7148,2023-06-11,MOULINS SUR ALLIER,NON,4502,13:22,IC SRO,VIERZON VILLE,JOURLYNNTE,FRXVZ,11:46,FRXMU
7149,2023-06-11,VIERZON VILLE,NON,4502,16:04,IC SRO,NANTES,JOURLYNNTE,FRNTE,13:24,FRXVZ
7150,2023-06-11,NEVERS,NON,5959,16:01,IC ARO,VICHY,PACLERMONT,FRVHY,14:59,FRNVS
7151,2023-06-11,PARIS (intramuros),NON,5959,16:01,IC ARO,VICHY,PACLERMONT,FRVHY,12:59,FRPLY
7152,2023-06-11,VICHY,OUI,5959,16:23,IC ARO,RIOM CHATEL GUYON,PACLERMONT,FRRIO,16:03,FRVHY
7153,2023-06-11,MOULINS SUR ALLIER,NON,5959,16:35,IC ARO,CLERMONT FERRAND,PACLERMONT,FRCFE,15:30,FRXMU
7154,2023-06-11,LYON-SAINT EXUPERY TGV,NON,6925,21:14,SUD EST,GRENOBLE,PAGRENOBLE,FRGNB,20:07,FRJDQ
7155,2023-06-11,LYON-SAINT EXUPERY TGV,NON,6924,21:46,SUD EST,PARIS (intramuros),GRENOBLEPA,FRPLY,19:57,FRJDQ
7156,2023-06-11,BORDEAUX ST JEAN,NON,8508,14:52,ATLANTIQUE,PARIS (intramuros),SUDOUESTPA,FRPMO,12:46,FRBOJ
7157,2023-06-11,TOULOUSE MATABIAU,OUI,8508,12:40,ATLANTIQUE,BORDEAUX ST JEAN,SUDOUESTPA,FRBOJ,10:35,FRXYT
7158,2023-06-11,NIMES,OUI,5120,20:54,NORD,MONTPELLIER SAINT-ROCH,JCNORDSUD,FRMPL,20:24,FRFNI
7159,2023-06-11,LILLE (intramuros),NON,5120,18:30,NORD,LYON (intramuros),JCNORDSUD,FRLPD,15:26,FRLLE
7160,2023-06-11,AEROPORT CDG2 TGV ROISSY,NON,5120,18:30,NORD,LYON (intramuros),JCNORDSUD,FRLPD,16:27,FRMLW
7161,2023-06-11,VALENCE TGV RHONE-ALPES SUD,NON,5120,20:54,NORD,MONTPELLIER SAINT-ROCH,JCNORDSUD,FRMPL,19:24,FRVLA
7162,2023-06-11,MARSEILLE ST CHARLES,OUI,6122,15:35,SUD EST,AVIGNON TGV,PROVENCEPA,FRAVG,15:02,FRMSC
7163,2023-06-11,SARREBRUCK/SAARBRUECKEN,NON,9555,20:59,INTERNATIONAL,FRANKFURT MAIN HBF,PAFRANC,DEFRH,18:59,DESBK
7164,2023-06-11,SARREBRUCK/SAARBRUECKEN,NON,9555,19:35,INTERNATIONAL,KAISERSLAUTERN HBF,PAFRANC,DEKLT,18:59,DESBK
7165,2023-06-11,PARIS (intramuros),NON,9555,19:35,INTERNATIONAL,KAISERSLAUTERN HBF,PAFRANC,DEKLT,17:10,FRPST
7166,2023-06-11,PARIS (intramuros),NON,2471,23:41,EST,STRASBOURG,PASTRAMULH,FRAEG,21:55,FRPST
7167,2023-06-11,MODANE,NON,9241,13:49,INTERNATIONAL,MILANO P GARIBALDI,PAITALIE,ITMPG,10:55,FRAGR
7168,2023-06-11,CHAMBERY CHALLES LES EAUX,NON,9241,12:23,INTERNATIONAL,TORINO PORTA SUSA,PAITALIE,ITTRS,09:44,FRCMF
7169,2023-06-11,MACON LOCHE TGV,NON,9241,09:36,INTERNATIONAL,CHAMBERY CHALLES LES EAUX,PAITALIE,FRCMF,08:20,FRMLT
7170,2023-06-11,MACON LOCHE TGV,NON,9241,13:49,INTERNATIONAL,MILANO P GARIBALDI,PAITALIE,ITMPG,08:20,FRMLT
7171,2023-06-11,PARIS (intramuros),NON,9241,08:17,INTERNATIONAL,MACON LOCHE TGV,PAITALIE,FRMLT,06:42,FRPLY
7172,2023-06-11,MULHOUSE VILLE,NON,9203,10:26,INTERNATIONAL,BASEL SBB,PABALZUR,CHAJP,10:06,FRAEK
7173,2023-06-11,PARIS (intramuros),NON,8875,14:29,ATLANTIQUE,LE MANS,PARISLOIRE,FRAET,13:32,FRPMO
7174,2023-06-11,SABLE SUR SARTHE,NON,8875,15:14,ATLANTIQUE,ANGERS ST LAUD,PARISLOIRE,FRACL,14:54,FRSAB
7175,2023-06-11,CHORGES,NON,5790,07:56,IC NUIT,PARIS (intramuros),BRIANCONPA,FRPAZ,21:15,FRIGS
7176,2023-06-11,VEYNES DEVOLUY,NON,5790,07:56,IC NUIT,PARIS (intramuros),BRIANCONPA,FRPAZ,22:07,FRVDY
7177,2023-06-11,PARIS (intramuros),NON,12267,19:14,ATLANTIQUE,BORDEAUX ST JEAN,PASUDOUEST,FRBOJ,17:06,FRPMO
7178,2023-06-11,BEZIERS,NON,9704,18:16,SUD EST,NIMES,BARCELONEPA,FRFNI,16:58,FRBZR
7179,2023-06-11,BEZIERS,NON,9704,17:08,SUD EST,AGDE,BARCELONEPA,FRXAG,16:58,FRBZR
7180,2023-06-11,BEZIERS,NON,9704,17:24,SUD EST,SETE,BARCELONEPA,FRXSY,16:58,FRBZR
7181,2023-06-11,PERPIGNAN,NON,9704,17:24,SUD EST,SETE,BARCELONEPA,FRXSY,16:04,FRPGF
7182,2023-06-11,AGDE,NON,9704,21:18,SUD EST,PARIS (intramuros),BARCELONEPA,FRPLY,17:11,FRXAG
7183,2023-06-11,NARBONNE,NON,9704,16:55,SUD EST,BEZIERS,BARCELONEPA,FRBZR,16:42,FRXNA
7184,2023-06-11,SETE,NON,9704,19:03,SUD EST,VALENCE TGV RHONE-ALPES SUD,BARCELONEPA,FRVLA,17:27,FRXSY
7185,2023-06-11,FIGUERES VILA TGV,NON,9704,16:55,SUD EST,BEZIERS,BARCELONEPA,FRBZR,15:30,ESFIR
7186,2023-06-11,CARCASSONNE,OUI,6871,09:12,SUD EST,BEZIERS,JCSUDPROV,FRBZR,08:27,FRCCF
7187,2023-06-11,TOULOUSE MATABIAU,OUI,6871,08:24,SUD EST,CARCASSONNE,JCSUDPROV,FRCCF,07:43,FRXYT
7188,2023-06-11,TOULOUSE MATABIAU,OUI,6871,09:55,SUD EST,MONTPELLIER SUD DE FRANCE,JCSUDPROV,FRSUF,07:43,FRXYT
7189,2023-06-11,NARBONNE,NON,6871,10:24,SUD EST,NIMES PONT DU GARD,JCSUDPROV,FRXZP,08:59,FRXNA
7190,2023-06-11,AIX EN PROVENCE TGV,NON,9882,22:43,NORD,BRUXELLES MIDI BRUSSEL ZUID,JCSUDNORD,BEBMI,17:22,FRAIE
7191,2023-06-11,AIX EN PROVENCE TGV,NON,9882,20:47,NORD,MARNE LA VALLEE CHESSY,JCSUDNORD,FRMLV,17:22,FRAIE
7192,2023-06-11,AVIGNON TGV,NON,9882,20:47,NORD,MARNE LA VALLEE CHESSY,JCSUDNORD,FRMLV,17:45,FRAVG
7193,2023-06-11,LILLE (intramuros),OUI,9882,22:43,NORD,BRUXELLES MIDI BRUSSEL ZUID,JCSUDNORD,BEBMI,22:08,FRLLE
7194,2023-06-11,MARNE LA VALLEE CHESSY,NON,9882,22:43,NORD,BRUXELLES MIDI BRUSSEL ZUID,JCSUDNORD,BEBMI,20:51,FRMLV
7195,2023-06-11,AEROPORT CDG2 TGV ROISSY,NON,9882,21:57,NORD,LILLE (intramuros),JCSUDNORD,FRLLE,21:07,FRMLW
7196,2023-06-11,MARSEILLE ST CHARLES,NON,9882,20:47,NORD,MARNE LA VALLEE CHESSY,JCSUDNORD,FRMLV,17:04,FRMSC
7197,2023-06-11,MARSEILLE ST CHARLES,NON,9882,21:01,NORD,AEROPORT CDG2 TGV ROISSY,JCSUDNORD,FRMLW,17:04,FRMSC
7198,2023-06-11,ANGERS ST LAUD,NON,8148,23:16,ATLANTIQUE,PARIS (intramuros),LOIREPARIS,FRPMO,21:44,FRACL
7199,2023-06-11,RENNES,NON,8692,22:08,ATLANTIQUE,PARIS (intramuros),BRETAPARIS,FRPMO,20:35,FRRNS
7200,2023-06-11,ST BRIEUC,NON,8692,22:08,ATLANTIQUE,PARIS (intramuros),BRETAPARIS,FRPMO,19:43,FRSBK
7201,2023-06-11,LES AUBRAIS ORLEANS,NON,3755,05:08,IC NUIT,GRAMAT,PAVERMEIL,FRFSB,23:32,FRLAB
7202,2023-06-11,PARIS (intramuros),NON,3755,05:40,IC NUIT,FIGEAC,PAVERMEIL,FRFIG,22:12,FRPAZ
7203,2023-06-11,PARIS (intramuros),NON,3755,05:01,IC NUIT,ROCAMADOUR PADIRAC,PAVERMEIL,FRFSA,22:12,FRPAZ
7204,2023-06-11,NICE VILLE,OUI,6170,12:43,SUD EST,TOULON,AZURPA,FRTLN,10:54,FRNIC
7205,2023-06-11,NICE VILLE,OUI,6170,11:55,SUD EST,ST RAPHAEL VALESCURE,AZURPA,FRXSK,10:54,FRNIC
7206,2023-06-11,ANTIBES,NON,6170,13:53,SUD EST,AVIGNON TGV,AZURPA,FRAVG,11:16,FRXAT
7207,2023-06-11,ST RAPHAEL VALESCURE,NON,6170,13:53,SUD EST,AVIGNON TGV,AZURPA,FRAVG,11:58,FRXSK
7208,2023-06-11,ST RAPHAEL VALESCURE,OUI,6170,12:43,SUD EST,TOULON,AZURPA,FRTLN,11:58,FRXSK
7209,2023-06-11,FACTURE BIGANOS,NON,8476,20:24,ATLANTIQUE,ANGOULEME,SUDOUESTPA,FRANG,19:20,FRFAC
7210,2023-06-11,LA TESTE,NON,8476,22:37,ATLANTIQUE,PARIS (intramuros),SUDOUESTPA,FRPMO,19:04,FRFCJ
7211,2023-06-11,ST PIERRE DES CORPS,NON,8320,19:22,ATLANTIQUE,VENDOME VILLIERS SUR LOIR,ROCHELLEPA,FRESL,19:04,FRXSH
7212,2023-06-11,AVIGNON CENTRE,OUI,6193,16:16,SUD EST,ARLES,PAVDR,FRHZA,15:59,FRAES
7213,2023-06-11,LYON-SAINT EXUPERY TGV,NON,6193,16:16,SUD EST,ARLES,PAVDR,FRHZA,14:11,FRJDQ
7214,2023-06-11,VALENCE VILLE,OUI,6193,16:16,SUD EST,ARLES,PAVDR,FRHZA,14:49,FRVAF
7215,2023-06-11,BAYONNE,OUI,8536,13:40,ATLANTIQUE,BORDEAUX ST JEAN,SUDOUESTPA,FRBOJ,11:56,FRXBY
7216,2023-06-11,ST JEAN DE LUZ CIBOURE,OUI,8536,13:40,ATLANTIQUE,BORDEAUX ST JEAN,SUDOUESTPA,FRBOJ,11:27,FRXJZ
7217,2023-06-11,ST JEAN DE LUZ CIBOURE,NON,8536,15:52,ATLANTIQUE,PARIS (intramuros),SUDOUESTPA,FRPMO,11:27,FRXJZ
7218,2023-06-11,PARIS (intramuros),NON,6715,23:20,SUD EST,MULHOUSE VILLE,PABOUR,FRAEK,20:20,FRPLY
7219,2023-06-11,PARIS (intramuros),NON,2613,17:04,EST,METZ VILLE,PAMETZLUX,FRADE,15:40,FRPST
7220,2023-06-11,ISSOIRE,NON,15941,14:30,IC SRO,NEUSSARGUES,NORESTJOU,FRNEU,13:29,FRHLB
7221,2023-06-11,BRASSAC LES MINES STE FLORINE,NON,15941,14:08,IC SRO,MASSIAC BLESLE,NORESTJOU,FRHMY,13:43,FRHLE
7222,2023-06-11,VENDOME VILLIERS SUR LOIR,NON,8323,22:07,ATLANTIQUE,ST PIERRE DES CORPS,PAROCHELLE,FRXSH,21:47,FRESL
7223,2023-06-11,LYON (intramuros),NON,6618,15:00,SUD EST,PARIS (intramuros),RHONEPARIS,FRPLY,13:04,FRLPD
7224,2023-06-11,LYON (intramuros),OUI,6618,12:58,SUD EST,LYON (intramuros),RHONEPARIS,FRLPD,12:49,FRLPE
7225,2023-06-11,LYON (intramuros),NON,6618,15:00,SUD EST,PARIS (intramuros),RHONEPARIS,FRPLY,12:49,FRLPE
7226,2023-06-11,DAX,OUI,8574,18:54,ATLANTIQUE,LOURDES,PASUDOUEST,FRLDE,17:36,FRACG
7227,2023-06-11,PAU,OUI,8574,18:54,ATLANTIQUE,LOURDES,PASUDOUEST,FRLDE,18:28,FRAEE
7228,2023-06-11,BORDEAUX ST JEAN,NON,8574,17:28,ATLANTIQUE,DAX,PASUDOUEST,FRACG,16:20,FRBOJ
7229,2023-06-11,BORDEAUX ST JEAN,NON,8574,18:02,ATLANTIQUE,ORTHEZ,PASUDOUEST,FRGFI,16:20,FRBOJ
7230,2023-06-11,ORTHEZ,OUI,8574,19:19,ATLANTIQUE,TARBES,PASUDOUEST,FRXTB,18:04,FRGFI
7231,2023-06-11,MASSY TGV,NON,8574,18:54,ATLANTIQUE,LOURDES,PASUDOUEST,FRLDE,14:15,FRDJU
7232,2023-06-11,AGEN,NON,4661,14:07,IC ARO,MONTAUBAN VILLE BOURBON,TJOURSOSE,FRXMW,13:32,FRAGF
7233,2023-06-11,AGEN,NON,4661,14:40,IC ARO,TOULOUSE MATABIAU,TJOURSOSE,FRXYT,13:32,FRAGF
7234,2023-06-11,BORDEAUX ST JEAN,NON,4661,16:12,IC ARO,BEZIERS,TJOURSOSE,FRBZR,12:28,FRBOJ
7235,2023-06-11,CARCASSONNE,NON,4661,15:56,IC ARO,NARBONNE,TJOURSOSE,FRXNA,15:28,FRCCF
7236,2023-06-11,MONTPELLIER SAINT-ROCH,NON,4661,17:47,IC ARO,ARLES,TJOURSOSE,FRHZA,16:53,FRMPL
7237,2023-06-11,MONTPELLIER SAINT-ROCH,NON,4661,18:35,IC ARO,MARSEILLE ST CHARLES,TJOURSOSE,FRMSC,16:53,FRMPL
7238,2023-06-11,MONTAUBAN VILLE BOURBON,NON,4661,17:47,IC ARO,ARLES,TJOURSOSE,FRHZA,14:09,FRXMW
7239,2023-06-11,MONTAUBAN VILLE BOURBON,NON,4661,15:56,IC ARO,NARBONNE,TJOURSOSE,FRXNA,14:09,FRXMW
7240,2023-06-11,NARBONNE,NON,4661,17:17,IC ARO,NIMES,TJOURSOSE,FRFNI,15:59,FRXNA
7241,2023-06-11,CAUSSADE TARN ET GARONNE,NON,3750,05:43,IC NUIT,LES AUBRAIS ORLEANS,OCCITANPAR,FRLAB,23:05,FRFTA
7242,2023-06-11,STRASBOURG,NON,5488,18:32,EST,CHAMPAGNE-ARDENNE,JCESTATL,FREAH,17:01,FRAEG
7243,2023-06-11,STRASBOURG,NON,5488,19:31,EST,MARNE LA VALLEE CHESSY,JCESTATL,FRMLV,17:01,FRAEG
7244,2023-06-11,LE MANS,NON,5488,22:19,EST,NANTES,JCESTATL,FRNTE,21:03,FRAET
7245,2023-06-11,CHAMPAGNE-ARDENNE,NON,5488,20:04,EST,MASSY TGV,JCESTATL,FRDJU,18:35,FREAH
7246,2023-06-11,MEUSE TGV,NON,5488,19:06,EST,AEROPORT CDG2 TGV ROISSY,JCESTATL,FRMLW,18:09,FREAJ
7247,2023-06-11,LORRAINE TGV,NON,5488,21:40,EST,ANGERS ST LAUD,JCESTATL,FRACL,17:42,FREAM
7248,2023-06-11,LORRAINE TGV,NON,5488,19:31,EST,MARNE LA VALLEE CHESSY,JCESTATL,FRMLV,17:42,FREAM
7249,2023-06-11,LORRAINE TGV,NON,5488,19:06,EST,AEROPORT CDG2 TGV ROISSY,JCESTATL,FRMLW,17:42,FREAM
7250,2023-06-11,LORRAINE TGV,NON,5488,22:19,EST,NANTES,JCESTATL,FRNTE,17:42,FREAM
7251,2023-06-11,AEROPORT CDG2 TGV ROISSY,NON,5488,21:40,EST,ANGERS ST LAUD,JCESTATL,FRACL,19:21,FRMLW
7252,2023-06-11,AEROPORT CDG2 TGV ROISSY,NON,5488,19:31,EST,MARNE LA VALLEE CHESSY,JCESTATL,FRMLV,19:21,FRMLW
7253,2023-06-11,MEUSE TGV,NON,5488,21:00,EST,LE MANS,JCESTATL,FRAET,18:09,FREAJ
7254,2023-06-11,PARIS (intramuros),NON,5789,04:42,IC NUIT,CREST,PABRIANCON,FRCRE,20:48,FRPAZ
7255,2023-06-11,PARIS (intramuros),NON,5789,05:20,IC NUIT,DIE,PABRIANCON,FRDIE,20:48,FRPAZ
7256,2023-06-11,PARIS (intramuros),NON,5789,07:33,IC NUIT,EMBRUN,PABRIANCON,FRIGV,20:48,FRPAZ
7257,2023-06-11,NIMES,NON,9864,20:43,NORD,BRUXELLES MIDI BRUSSEL ZUID,JCSUDNORD,BEBMI,15:19,FRFNI
7258,2023-06-11,NIMES,NON,9864,16:05,NORD,VALENCE TGV RHONE-ALPES SUD,JCSUDNORD,FRVLA,15:19,FRFNI
7259,2023-06-11,MONTPELLIER SAINT-ROCH,NON,9864,20:43,NORD,BRUXELLES MIDI BRUSSEL ZUID,JCSUDNORD,BEBMI,14:51,FRMPL
7260,2023-06-11,MONTPELLIER SAINT-ROCH,NON,9864,19:01,NORD,AEROPORT CDG2 TGV ROISSY,JCSUDNORD,FRMLW,14:51,FRMPL
7261,2023-06-11,VALENCE TGV RHONE-ALPES SUD,NON,9864,20:43,NORD,BRUXELLES MIDI BRUSSEL ZUID,JCSUDNORD,BEBMI,16:10,FRVLA
7262,2023-06-11,ANGERS ST LAUD,NON,9886,08:20,NORD,MASSY TGV,JCBRETNORD,FRDJU,06:41,FRACL
7263,2023-06-11,MASSY TGV,OUI,9886,09:45,NORD,TGV HAUTE PICARDIE,JCBRETNORD,FRTHP,08:26,FRDJU
7264,2023-06-11,LILLE (intramuros),OUI,9886,11:01,NORD,BRUXELLES MIDI BRUSSEL ZUID,JCBRETNORD,BEBMI,10:27,FRLLE
7265,2023-06-11,NANTES,OUI,9886,06:38,NORD,ANGERS ST LAUD,JCBRETNORD,FRACL,06:01,FRNTE
7266,2023-06-11,NANTES,NON,9886,08:20,NORD,MASSY TGV,JCBRETNORD,FRDJU,06:01,FRNTE
7267,2023-06-11,TGV HAUTE PICARDIE,OUI,9886,10:17,NORD,LILLE (intramuros),JCBRETNORD,FRLLE,09:50,FRTHP
7268,2023-06-11,NANTES,NON,9886,11:01,NORD,BRUXELLES MIDI BRUSSEL ZUID,JCBRETNORD,BEBMI,06:01,FRNTE
7269,2023-06-11,LUCON,NON,3835,19:10,IC SRO,JONZAC,NANTEBORDO,FREMR,17:00,FRLCN
7270,2023-06-11,LUCON,NON,3835,17:39,IC SRO,LA ROCHELLE VILLE,NANTEBORDO,FRLRH,17:00,FRLCN
7271,2023-06-11,LUCON,NON,3835,18:32,IC SRO,SAINTES,NANTEBORDO,FRXST,17:00,FRLCN
7272,2023-06-11,LA ROCHELLE VILLE,NON,3835,18:32,IC SRO,SAINTES,NANTEBORDO,FRXST,17:43,FRLRH
7273,2023-06-11,NANTES,NON,3835,16:58,IC SRO,LUCON,NANTEBORDO,FRLCN,15:55,FRNTE
7274,2023-06-11,ROCHEFORT,NON,3835,20:12,IC SRO,BORDEAUX ST JEAN,NANTEBORDO,FRBOJ,18:05,FRRCO
7275,2023-06-11,ROCHEFORT,NON,3835,19:10,IC SRO,JONZAC,NANTEBORDO,FREMR,18:05,FRRCO
7276,2023-06-11,LA ROCHE SUR YON,NON,3835,16:58,IC SRO,LUCON,NANTEBORDO,FRLCN,16:36,FRXRO
7277,2023-06-11,NIMES,OUI,5036,22:08,NORD,MONTPELLIER SAINT-ROCH,JCNORDSUD,FRMPL,21:42,FRFNI
7278,2023-06-11,LILLE (intramuros),OUI,5036,17:53,NORD,AEROPORT CDG2 TGV ROISSY,JCNORDSUD,FRMLW,17:03,FRLLE
7279,2023-06-11,AEROPORT CDG2 TGV ROISSY,NON,5036,20:00,NORD,LYON (intramuros),JCNORDSUD,FRLPD,17:59,FRMLW
7280,2023-06-11,AEROPORT CDG2 TGV ROISSY,OUI,5036,18:08,NORD,MARNE LA VALLEE CHESSY,JCNORDSUD,FRMLV,17:59,FRMLW
7281,2023-06-11,AEROPORT CDG2 TGV ROISSY,NON,5036,20:49,NORD,VALENCE TGV RHONE-ALPES SUD,JCNORDSUD,FRVLA,17:59,FRMLW
7282,2023-06-11,VALENCE TGV RHONE-ALPES SUD,OUI,5036,22:08,NORD,MONTPELLIER SAINT-ROCH,JCNORDSUD,FRMPL,20:54,FRVLA
7283,2023-06-11,CARCASSONNE,OUI,6821,11:02,SUD EST,TOULOUSE MATABIAU,JCPROVSUD,FRXYT,10:20,FRCCF
7284,2023-06-11,NIMES,OUI,6821,09:27,SUD EST,BEZIERS,JCPROVSUD,FRBZR,08:07,FRFNI
7285,2023-06-11,NIMES,OUI,6821,08:37,SUD EST,MONTPELLIER SAINT-ROCH,JCPROVSUD,FRMPL,08:07,FRFNI
7286,2023-06-11,LYON (intramuros),OUI,6821,08:37,SUD EST,MONTPELLIER SAINT-ROCH,JCPROVSUD,FRMPL,06:37,FRLPD
7287,2023-06-11,LYON (intramuros),OUI,6821,09:44,SUD EST,NARBONNE,JCPROVSUD,FRXNA,06:37,FRLPD
7288,2023-06-11,MONTPELLIER SAINT-ROCH,OUI,6821,11:02,SUD EST,TOULOUSE MATABIAU,JCPROVSUD,FRXYT,08:44,FRMPL
7289,2023-06-11,VALENCE TGV RHONE-ALPES SUD,OUI,6821,09:44,SUD EST,NARBONNE,JCPROVSUD,FRXNA,07:18,FRVLA
7290,2023-06-11,SETE,OUI,6821,09:27,SUD EST,BEZIERS,JCPROVSUD,FRBZR,09:03,FRXSY
7291,2023-06-11,BOURG EN BRESSE,NON,9773,15:30,INTERNATIONAL,GENEVE,PAGENEVE,CHGVA,14:12,FRXBK
7292,2023-06-11,BEZIERS,NON,9708,14:13,SUD EST,NIMES,BARCELONEPA,FRFNI,12:58,FRBZR
7293,2023-06-11,BEZIERS,NON,9708,13:09,SUD EST,AGDE,BARCELONEPA,FRXAG,12:58,FRBZR
7294,2023-06-11,PERPIGNAN,NON,9708,15:01,SUD EST,VALENCE TGV RHONE-ALPES SUD,BARCELONEPA,FRVLA,12:04,FRPGF
7295,2023-06-11,PERPIGNAN,NON,9708,13:09,SUD EST,AGDE,BARCELONEPA,FRXAG,12:04,FRPGF
7296,2023-06-11,NARBONNE,NON,9708,14:13,SUD EST,NIMES,BARCELONEPA,FRFNI,12:41,FRXNA
7297,2023-06-11,NARBONNE,NON,9708,13:25,SUD EST,SETE,BARCELONEPA,FRXSY,12:41,FRXNA
7298,2023-06-11,SETE,NON,9708,17:18,SUD EST,PARIS (intramuros),BARCELONEPA,FRPLY,13:28,FRXSY
7299,2023-06-11,BARCELONA SANTS,NON,9708,11:55,SUD EST,PERPIGNAN,BARCELONEPA,FRPGF,10:33,ESBST
7300,2023-06-11,BARCELONA SANTS,NON,9708,13:44,SUD EST,MONTPELLIER SAINT-ROCH,BARCELONEPA,FRMPL,10:33,ESBST
7301,2023-06-11,GIRONA,NON,9708,11:55,SUD EST,PERPIGNAN,BARCELONEPA,FRPGF,11:14,ESGRO
7302,2023-06-11,FIGUERES VILA TGV,NON,9708,15:01,SUD EST,VALENCE TGV RHONE-ALPES SUD,BARCELONEPA,FRVLA,11:31,ESFIR
7303,2023-06-11,GIRONA,NON,9708,13:25,SUD EST,SETE,BARCELONEPA,FRXSY,11:14,ESGRO
7304,2023-06-11,LYON (intramuros),OUI,5338,21:47,SUD EST,LYON (intramuros),JCATLSUD,FRLPE,21:39,FRLPD
7305,2023-06-11,LE CREUSOT MONTCEAU MONTCHANIN,OUI,6633,23:24,SUD EST,LYON (intramuros),PARISRHONE,FRLPE,22:20,FRXCC
7306,2023-06-11,PARIS (intramuros),NON,7585,21:41,NORD,RANG DU FLIERS VERTON,PAARRAS,FRCVU,18:52,FRPNO
7307,2023-06-11,PARIS (intramuros),NON,7585,21:31,NORD,ETAPLES LE TOUQUET,PAARRAS,FRETA,18:52,FRPNO
7308,2023-06-11,PARIS (intramuros),NON,7585,20:07,NORD,LILLE (intramuros),PAARRAS,FRLLE,18:52,FRPNO
7309,2023-06-11,AIX EN PROVENCE TGV,OUI,5124,23:53,NORD,MARSEILLE ST CHARLES,JCNORDSUD,FRMSC,23:41,FRAIE
7310,2023-06-11,LYON (intramuros),NON,5124,23:14,NORD,AVIGNON TGV,JCNORDSUD,FRAVG,22:06,FRLPD
7311,2023-06-11,AEROPORT CDG2 TGV ROISSY,NON,5124,23:38,NORD,AIX EN PROVENCE TGV,JCNORDSUD,FRAIE,20:00,FRMLW
7312,2023-06-11,AEROPORT CDG2 TGV ROISSY,NON,5124,20:09,NORD,MARNE LA VALLEE CHESSY,JCNORDSUD,FRMLV,20:00,FRMLW
7313,2023-06-11,TGV HAUTE PICARDIE,NON,5124,23:38,NORD,AIX EN PROVENCE TGV,JCNORDSUD,FRAIE,19:15,FRTHP
7314,2023-06-11,TGV HAUTE PICARDIE,NON,5124,19:43,NORD,AEROPORT CDG2 TGV ROISSY,JCNORDSUD,FRMLW,19:15,FRTHP
7315,2023-06-11,LYON (intramuros),NON,6630,21:00,SUD EST,PARIS (intramuros),RHONEPARIS,FRPLY,18:50,FRLPE
7316,2023-06-11,STRASBOURG,NON,5470,10:58,EST,MEUSE TGV,JCESTATL,FREAJ,10:01,FRAEG
7317,2023-06-11,STRASBOURG,NON,5470,12:26,EST,MARNE LA VALLEE CHESSY,JCESTATL,FRMLV,10:01,FRAEG
7318,2023-06-11,LORRAINE TGV,NON,5470,13:59,EST,LE MANS,JCESTATL,FRAET,10:40,FREAM
7319,2023-06-11,MEUSE TGV,NON,5470,14:47,EST,RENNES,JCESTATL,FRRNS,11:01,FREAJ
7320,2023-06-11,SARREBOURG,OUI,2588,17:10,EST,NANCY,NANCYPA,FRENC,16:31,FRSBG
7321,2023-06-11,CHAMBERY CHALLES LES EAUX,NON,6949,21:04,SUD EST,AIX LES BAINS LE REVARD,PARISALPES,FRXAI,20:52,FRCMF
7322,2023-06-11,MACON LOCHE TGV,NON,6949,21:04,SUD EST,AIX LES BAINS LE REVARD,PARISALPES,FRXAI,19:20,FRMLT
7323,2023-06-11,PARIS (intramuros),NON,6949,20:36,SUD EST,CHAMBERY CHALLES LES EAUX,PARISALPES,FRCMF,17:44,FRPLY
7324,2023-06-11,PARIS (intramuros),NON,8729,18:25,ATLANTIQUE,RENNES,PARISBRETA,FRRNS,16:53,FRPMO
7325,2023-06-11,PARIS (intramuros),NON,8729,20:33,ATLANTIQUE,QUIMPER,PARISBRETA,FRUIP,16:53,FRPMO
7326,2023-06-11,ZUERICH HB,NON,9226,16:53,INTERNATIONAL,MULHOUSE VILLE,ZURBALPA,FRAEK,15:34,CHAJD
7327,2023-06-11,ZUERICH HB,NON,9226,19:38,INTERNATIONAL,PARIS (intramuros),ZURBALPA,FRPLY,15:34,CHAJD
7328,2023-06-11,PARIS (intramuros),NON,8629,20:02,ATLANTIQUE,MORLAIX,PARISBRETA,FRMXN,16:53,FRPMO
7329,2023-06-11,PARIS (intramuros),NON,8629,18:25,ATLANTIQUE,RENNES,PARISBRETA,FRRNS,16:53,FRPMO
7330,2023-06-11,RENNES,OUI,8629,19:33,ATLANTIQUE,GUINGAMP,PARISBRETA,FRGGP,18:32,FRRNS
7331,2023-06-11,ST BRIEUC,OUI,8629,19:33,ATLANTIQUE,GUINGAMP,PARISBRETA,FRGGP,19:19,FRSBK
7332,2023-06-11,LORIENT,OUI,8744,20:00,ATLANTIQUE,AURAY,BRETAPARIS,FRXUY,19:45,FRLRT
7333,2023-06-11,QUIMPER,OUI,8744,19:42,ATLANTIQUE,LORIENT,BRETAPARIS,FRLRT,19:09,FRUIP
7334,2023-06-11,AURAY,OUI,8744,20:13,ATLANTIQUE,VANNES,BRETAPARIS,FRVNE,20:03,FRXUY
7335,2023-06-11,NIMES,NON,6210,00:29,SUD EST,PARIS (intramuros),LANGPA,FRPLY,21:28,FRFNI
7336,2023-06-11,VALENCE TGV RHONE-ALPES SUD,NON,6210,00:29,SUD EST,PARIS (intramuros),LANGPA,FRPLY,22:18,FRVLA
7337,2023-06-11,AIX EN PROVENCE TGV,OUI,6121,19:57,SUD EST,MARSEILLE ST CHARLES,PAPROVENCE,FRMSC,19:45,FRAIE
7338,2023-06-11,PARIS (intramuros),NON,6121,19:20,SUD EST,AVIGNON TGV,PAPROVENCE,FRAVG,16:36,FRPLY
7339,2023-06-11,KARLSRUHE HBF,NON,9575,17:04,INTERNATIONAL,STUTTGART HBF,PASTUTMUN,DESGT,16:28,DEQKA
7340,2023-06-11,PARIS (intramuros),NON,9575,15:41,INTERNATIONAL,STRASBOURG,PASTUTMUN,FRAEG,13:55,FRPST
7341,2023-06-11,AVIGNON TGV,OUI,6117,18:45,SUD EST,AIX EN PROVENCE TGV,PAPROVENCE,FRAIE,18:25,FRAVG
7342,2023-06-11,PARIS (intramuros),NON,6117,18:22,SUD EST,AVIGNON TGV,PAPROVENCE,FRAVG,15:36,FRPLY
7343,2023-06-11,BORDEAUX ST JEAN,NON,3852,10:15,IC SRO,LA ROCHELLE VILLE,BORDONANTE,FRLRH,07:53,FRBOJ
7344,2023-06-11,JONZAC,NON,3852,10:15,IC SRO,LA ROCHELLE VILLE,BORDONANTE,FRLRH,08:41,FREMR
7345,2023-06-11,JONZAC,NON,3852,11:22,IC SRO,LA ROCHE SUR YON,BORDONANTE,FRXRO,08:41,FREMR
7346,2023-06-11,LUCON,NON,3852,12:05,IC SRO,NANTES,BORDONANTE,FRNTE,11:00,FRLCN
7347,2023-06-11,ROCHEFORT,NON,3852,10:15,IC SRO,LA ROCHELLE VILLE,BORDONANTE,FRLRH,09:55,FRRCO
7348,2023-06-11,ROCHEFORT,NON,3852,12:05,IC SRO,NANTES,BORDONANTE,FRNTE,09:55,FRRCO
7349,2023-06-11,ROCHEFORT,NON,3852,11:22,IC SRO,LA ROCHE SUR YON,BORDONANTE,FRXRO,09:55,FRRCO
7350,2023-06-11,SAINTES,NON,3852,11:22,IC SRO,LA ROCHE SUR YON,BORDONANTE,FRXRO,09:25,FRXST
7351,2023-06-11,ANGERS ST LAUD,NON,5306,17:49,SUD EST,LYON (intramuros),JCATLSUD,FRLPE,13:27,FRACL
7352,2023-06-11,SAUMUR,NON,5306,14:24,SUD EST,ST PIERRE DES CORPS,JCATLSUD,FRXSH,13:50,FRACN
7353,2023-06-11,NANTES,NON,5306,15:20,SUD EST,MASSY TGV,JCATLSUD,FRDJU,12:44,FRNTE
7354,2023-06-11,ST PIERRE DES CORPS,NON,5306,15:20,SUD EST,MASSY TGV,JCATLSUD,FRDJU,14:28,FRXSH
7355,2023-06-11,NEVERS,NON,5963,17:23,IC ARO,RIOM CHATEL GUYON,PACLERMONT,FRRIO,15:59,FRNVS
7356,2023-06-11,NEVERS,NON,5963,16:28,IC ARO,MOULINS SUR ALLIER,PACLERMONT,FRXMU,15:59,FRNVS
7357,2023-06-11,PARIS (intramuros),NON,5963,16:28,IC ARO,MOULINS SUR ALLIER,PACLERMONT,FRXMU,13:58,FRPLY
7358,2023-06-11,MOULINS SUR ALLIER,NON,5963,17:35,IC ARO,CLERMONT FERRAND,PACLERMONT,FRCFE,16:30,FRXMU
7359,2023-06-11,CANNES,NON,6186,20:30,SUD EST,AVIGNON TGV,AZURPA,FRAVG,18:08,FRJCA
7360,2023-06-11,CANNES,NON,6186,23:13,SUD EST,PARIS (intramuros),AZURPA,FRPLY,18:08,FRJCA
7361,2023-06-11,NICE VILLE,OUI,6186,18:04,SUD EST,CANNES,AZURPA,FRJCA,17:39,FRNIC
7362,2023-06-11,TOULON,NON,6186,20:30,SUD EST,AVIGNON TGV,AZURPA,FRAVG,19:24,FRTLN
7363,2023-06-11,TOULON,NON,6186,23:13,SUD EST,PARIS (intramuros),AZURPA,FRPLY,19:24,FRTLN
7364,2023-06-11,ANTIBES,NON,6186,20:30,SUD EST,AVIGNON TGV,AZURPA,FRAVG,17:54,FRXAT
7365,2023-06-11,ANTIBES,NON,6186,23:13,SUD EST,PARIS (intramuros),AZURPA,FRPLY,17:54,FRXAT
7366,2023-06-11,BEZIERS,NON,4766,21:18,IC ARO,TOULOUSE MATABIAU,TJOURSESO,FRXYT,19:47,FRBZR
7367,2023-06-11,CARCASSONNE,NON,4766,23:37,IC ARO,BORDEAUX ST JEAN,TJOURSESO,FRBOJ,20:36,FRCCF
7368,2023-06-11,NIMES,NON,4766,20:34,IC ARO,CARCASSONNE,TJOURSESO,FRCCF,18:41,FRFNI
7369,2023-06-11,MONTPELLIER SAINT-ROCH,NON,4766,19:44,IC ARO,BEZIERS,TJOURSESO,FRBZR,19:09,FRMPL
7370,2023-06-11,MONTPELLIER SAINT-ROCH,NON,4766,20:02,IC ARO,NARBONNE,TJOURSESO,FRXNA,19:09,FRMPL
7371,2023-06-11,MARSEILLE ST CHARLES,NON,4766,18:38,IC ARO,NIMES,TJOURSESO,FRFNI,17:28,FRMSC
7372,2023-06-11,MARSEILLE ST CHARLES,NON,4766,19:05,IC ARO,MONTPELLIER SAINT-ROCH,TJOURSESO,FRMPL,17:28,FRMSC
7373,2023-06-11,MARSEILLE ST CHARLES,NON,4766,21:54,IC ARO,MONTAUBAN VILLE BOURBON,TJOURSESO,FRXMW,17:28,FRMSC
7374,2023-06-11,MARSEILLE ST CHARLES,NON,6177,19:39,SUD EST,ANTIBES,PAAZUR,FRXAT,17:28,FRMSC
7375,2023-06-11,MARSEILLE ST CHARLES,NON,6177,19:01,SUD EST,ST RAPHAEL VALESCURE,PAAZUR,FRXSK,17:28,FRMSC
7376,2023-06-11,PARIS (intramuros),NON,6177,18:11,SUD EST,TOULON,PAAZUR,FRTLN,14:08,FRPLY
7377,2023-06-11,TOULON,NON,6177,19:26,SUD EST,CANNES,PAAZUR,FRJCA,18:15,FRTLN
7378,2023-06-11,LIMOGES BENEDICTINS,OUI,3625,15:07,IC ARO,BRIVE LA GAILLARDE,PALITO,FRBVE,14:04,FRAGQ
7379,2023-06-11,CHATEAUROUX,OUI,3625,15:07,IC ARO,BRIVE LA GAILLARDE,PALITO,FRBVE,12:49,FRCHR
7380,2023-06-11,LA SOUTERRAINE,OUI,3625,14:41,IC ARO,UZERCHE,PALITO,FRAAW,13:26,FRLST
7381,2023-06-11,LA SOUTERRAINE,OUI,3625,14:01,IC ARO,LIMOGES BENEDICTINS,PALITO,FRAGQ,13:26,FRLST
7382,2023-06-11,LA SOUTERRAINE,OUI,3625,15:07,IC ARO,BRIVE LA GAILLARDE,PALITO,FRBVE,13:26,FRLST
7383,2023-06-11,PARIS (intramuros),OUI,3625,12:47,IC ARO,CHATEAUROUX,PALITO,FRCHR,10:38,FRPAZ
7384,2023-06-11,PARIS (intramuros),OUI,3625,12:10,IC ARO,VIERZON VILLE,PALITO,FRXVZ,10:38,FRPAZ
7385,2023-06-11,VIERZON VILLE,OUI,3625,15:07,IC ARO,BRIVE LA GAILLARDE,PALITO,FRBVE,12:12,FRXVZ
7386,2023-06-11,VIERZON VILLE,OUI,3625,12:31,IC ARO,ISSOUDUN,PALITO,FRFMN,12:12,FRXVZ
7387,2023-06-11,ISSOUDUN,OUI,3625,14:41,IC ARO,UZERCHE,PALITO,FRAAW,12:33,FRFMN
7388,2023-06-11,MARNE LA VALLEE CHESSY,NON,5182,21:01,NORD,AEROPORT CDG2 TGV ROISSY,JCSUDNORD,FRMLW,20:51,FRMLV
7389,2023-06-11,VALENCE TGV RHONE-ALPES SUD,NON,5182,18:50,NORD,LYON (intramuros),JCSUDNORD,FRLPD,18:10,FRVLA
7390,2023-06-11,NIMES PONT DU GARD,NON,5182,20:47,NORD,MARNE LA VALLEE CHESSY,JCSUDNORD,FRMLV,17:27,FRXZP
7391,2023-06-11,NIMES PONT DU GARD,NON,5182,21:01,NORD,AEROPORT CDG2 TGV ROISSY,JCSUDNORD,FRMLW,17:27,FRXZP
7392,2023-06-11,LYON (intramuros),NON,6624,18:08,SUD EST,PARIS (intramuros),RHONEPARIS,FRPLY,16:04,FRLPD
7393,2023-06-11,LYON (intramuros),NON,6624,18:08,SUD EST,PARIS (intramuros),RHONEPARIS,FRPLY,15:50,FRLPE
7394,2023-06-11,LYON (intramuros),OUI,6624,16:48,SUD EST,LE CREUSOT MONTCEAU MONTCHANIN,RHONEPARIS,FRXCC,15:50,FRLPE
7395,2023-06-11,RETHEL,OUI,2766,23:01,EST,PARIS (intramuros),SEDBARPA,FRPST,21:48,FRBDT
7396,2023-06-11,RETHEL,OUI,2766,22:09,EST,REIMS,SEDBARPA,FRRHE,21:48,FRBDT
7397,2023-06-11,REIMS,OUI,2766,23:01,EST,PARIS (intramuros),SEDBARPA,FRPST,22:15,FRRHE
7398,2023-06-11,CHARLEVILLE MEZIERES,OUI,2766,23:01,EST,PARIS (intramuros),SEDBARPA,FRPST,21:17,FRXCZ
7399,2023-06-11,CANNES,OUI,6165,16:39,SUD EST,ANTIBES,PAAZUR,FRXAT,16:30,FRJCA
7400,2023-06-11,ST RAPHAEL VALESCURE,OUI,6165,16:25,SUD EST,CANNES,PAAZUR,FRJCA,16:04,FRXSK
7401,2023-06-11,ST RAPHAEL VALESCURE,OUI,6165,16:58,SUD EST,NICE VILLE,PAAZUR,FRNIC,16:04,FRXSK
7402,2023-06-11,ST RAPHAEL VALESCURE,OUI,6165,16:39,SUD EST,ANTIBES,PAAZUR,FRXAT,16:04,FRXSK
7403,2023-06-11,LE MANS,NON,8067,18:42,ATLANTIQUE,LAVAL,PARISBRETA,FRACR,18:13,FRAET
7404,2023-06-11,PARIS (intramuros),NON,8067,18:10,ATLANTIQUE,LE MANS,PARISBRETA,FRAET,17:12,FRPMO
7405,2023-06-11,AIX EN PROVENCE TGV,NON,6866,20:54,SUD EST,LYON (intramuros),JCSUDPROV,FRLPD,19:26,FRAIE
7406,2023-06-11,AVIGNON TGV,NON,6866,20:54,SUD EST,LYON (intramuros),JCSUDPROV,FRLPD,19:48,FRAVG
7407,2023-06-11,LES AUBRAIS ORLEANS,NON,3971,08:02,IC NUIT,MERENS LES VALS,PARPALOMBE,FRFQH,22:49,FRLAB
7408,2023-06-11,LES AUBRAIS ORLEANS,NON,3971,06:52,IC NUIT,FOIX,PARPALOMBE,FRXFX,22:49,FRLAB
7409,2023-06-11,PARIS (intramuros),NON,3971,06:13,IC NUIT,AUTERIVE,PARPALOMBE,FRFPW,21:41,FRPAZ
7410,2023-06-11,PARIS (intramuros),NON,3971,08:02,IC NUIT,MERENS LES VALS,PARPALOMBE,FRFQH,21:41,FRPAZ
7411,2023-06-11,ORANGE,NON,6196,15:48,SUD EST,LYON-SAINT EXUPERY TGV,VDRPA,FRJDQ,14:21,FRXOG
7412,2023-06-11,PARIS (intramuros),NON,8319,19:13,ATLANTIQUE,VENDOME VILLIERS SUR LOIR,PAROCHELLE,FRESL,18:28,FRPMO
7413,2023-06-11,PARIS (intramuros),NON,9791,20:35,INTERNATIONAL,NURIEUX,PAGENEVE,FRHQN,18:16,FRPLY
7414,2023-06-11,PARIS (intramuros),NON,9791,20:07,INTERNATIONAL,BOURG EN BRESSE,PAGENEVE,FRXBK,18:16,FRPLY
7415,2023-06-11,MASSY TGV,NON,5382,14:50,SUD EST,LE MANS,JCSUDATL,FRAET,13:56,FRDJU
7416,2023-06-11,LYON (intramuros),NON,5382,13:51,SUD EST,MASSY TGV,JCSUDATL,FRDJU,11:50,FRLPD
7417,2023-06-11,LYON (intramuros),NON,5382,15:40,SUD EST,RENNES,JCSUDATL,FRRNS,11:50,FRLPD
7418,2023-06-11,LYON (intramuros),NON,5382,14:50,SUD EST,LE MANS,JCSUDATL,FRAET,11:36,FRLPE
7419,2023-06-11,CARCASSONNE,OUI,3738,05:53,IC NUIT,LES AUBRAIS ORLEANS,PALOMBEPAR,FRLAB,21:18,FRCCF
7420,2023-06-11,CASTELNAUDARY,OUI,3738,05:53,IC NUIT,LES AUBRAIS ORLEANS,PALOMBEPAR,FRLAB,21:37,FRCTY
7421,2023-06-11,LEZIGNAN-CORBIERES,OUI,3738,07:04,IC NUIT,PARIS (intramuros),PALOMBEPAR,FRPAZ,20:58,FRFUX
7422,2023-06-11,CERBERE,OUI,3738,05:53,IC NUIT,LES AUBRAIS ORLEANS,PALOMBEPAR,FRLAB,18:31,FRXCE
7423,2023-06-11,CERBERE,OUI,3738,07:04,IC NUIT,PARIS (intramuros),PALOMBEPAR,FRPAZ,18:31,FRXCE
7424,2023-06-11,LIMOGES BENEDICTINS,NON,3694,20:32,IC ARO,LA SOUTERRAINE,TOULOUZECO,FRLST,19:59,FRAGQ
7425,2023-06-11,BRIVE LA GAILLARDE,NON,3694,22:22,IC ARO,LES AUBRAIS ORLEANS,TOULOUZECO,FRLAB,18:56,FRBVE
7426,2023-06-11,CHATEAUROUX,NON,3694,22:22,IC ARO,LES AUBRAIS ORLEANS,TOULOUZECO,FRLAB,21:11,FRCHR
7427,2023-06-11,GOURDON,NON,3694,23:23,IC ARO,PARIS (intramuros),TOULOUZECO,FRPAZ,18:10,FRFSI
7428,2023-06-11,CAUSSADE TARN ET GARONNE,NON,3694,18:53,IC ARO,BRIVE LA GAILLARDE,TOULOUZECO,FRBVE,17:17,FRFTA
7429,2023-06-11,CAUSSADE TARN ET GARONNE,NON,3694,21:45,IC ARO,VIERZON VILLE,TOULOUZECO,FRXVZ,17:17,FRFTA
7430,2023-06-11,LA SOUTERRAINE,NON,3694,23:23,IC ARO,PARIS (intramuros),TOULOUZECO,FRPAZ,20:34,FRLST
7431,2023-06-11,SOUILLAC,NON,3694,19:56,IC ARO,LIMOGES BENEDICTINS,TOULOUZECO,FRAGQ,18:27,FRSOU
7432,2023-06-11,MONTAUBAN VILLE BOURBON,NON,3694,17:16,IC ARO,CAUSSADE TARN ET GARONNE,TOULOUZECO,FRFTA,17:03,FRXMW
7433,2023-06-11,MONTAUBAN VILLE BOURBON,NON,3694,20:32,IC ARO,LA SOUTERRAINE,TOULOUZECO,FRLST,17:03,FRXMW
7434,2023-06-11,VIERZON VILLE,NON,3694,23:23,IC ARO,PARIS (intramuros),TOULOUZECO,FRPAZ,21:47,FRXVZ
7435,2023-06-11,TOULOUSE MATABIAU,NON,3694,21:09,IC ARO,CHATEAUROUX,TOULOUZECO,FRCHR,16:31,FRXYT
7436,2023-06-11,TOULOUSE MATABIAU,NON,3694,20:32,IC ARO,LA SOUTERRAINE,TOULOUZECO,FRLST,16:31,FRXYT
7437,2023-06-11,TOULOUSE MATABIAU,NON,3694,21:45,IC ARO,VIERZON VILLE,TOULOUZECO,FRXVZ,16:31,FRXYT
7438,2023-06-11,CAHORS,NON,3694,18:08,IC ARO,GOURDON,TOULOUZECO,FRFSI,17:43,FRZAO
7439,2023-06-11,CAHORS,NON,3694,20:32,IC ARO,LA SOUTERRAINE,TOULOUZECO,FRLST,17:43,FRZAO
7440,2023-06-11,CAHORS,NON,3694,23:23,IC ARO,PARIS (intramuros),TOULOUZECO,FRPAZ,17:43,FRZAO
7441,2023-06-11,CAUSSADE TARN ET GARONNE,NON,3694,20:32,IC ARO,LA SOUTERRAINE,TOULOUZECO,FRLST,17:17,FRFTA
7442,2023-06-11,AIX EN PROVENCE TGV,NON,6181,22:28,SUD EST,CANNES,PAAZUR,FRJCA,20:20,FRAIE
7443,2023-06-11,PARIS (intramuros),NON,6181,20:17,SUD EST,AIX EN PROVENCE TGV,PAAZUR,FRAIE,17:20,FRPLY
7444,2023-06-11,TOULON,NON,6181,23:00,SUD EST,NICE VILLE,PAAZUR,FRNIC,21:15,FRTLN
7445,2023-06-11,ST RAPHAEL VALESCURE,OUI,6181,22:41,SUD EST,ANTIBES,PAAZUR,FRXAT,22:05,FRXSK
7446,2023-06-11,MONTBARD,NON,6766,22:04,SUD EST,PARIS (intramuros),BOURPA,FRPLY,21:01,FRGWE
7447,2023-06-11,BESANCON - F COMTE TGV,NON,6766,20:21,SUD EST,DIJON VILLE,BOURPA,FRABA,19:53,FRTJB
7448,2023-06-11,AVIGNON TGV,NON,6813,16:43,SUD EST,TOULON,JCPROVSUD,FRTLN,15:13,FRAVG
7449,2023-06-11,BORDEAUX ST JEAN,OUI,8519,23:02,ATLANTIQUE,MONTAUBAN VILLE BOURBON,PASUDOUEST,FRXMW,21:20,FRBOJ
7450,2023-06-11,BORDEAUX ST JEAN,OUI,8519,23:36,ATLANTIQUE,TOULOUSE MATABIAU,PASUDOUEST,FRXYT,21:20,FRBOJ
7451,2023-06-11,LILLE (intramuros),NON,7014,09:14,NORD,PARIS (intramuros),LILLEPA,FRPNO,08:12,FRADJ
7452,2023-06-11,MARSEILLE BLANCARDE,NON,5772,07:56,IC NUIT,PARIS (intramuros),AZURPAR,FRPAZ,22:05,FRMBC
7453,2023-06-11,PARIS (intramuros),NON,2587,11:38,EST,SARREBOURG,PANANCY,FRSBG,09:13,FRPST
7454,2023-06-11,MEUSE TGV,NON,2587,11:38,EST,SARREBOURG,PANANCY,FRSBG,10:16,FREAJ
7455,2023-06-11,ANGERS ST LAUD,NON,5480,18:00,EST,CHAMPAGNE-ARDENNE,JCATLEST,FREAH,14:49,FRACL
7456,2023-06-11,MASSY TGV,NON,5480,16:57,EST,MARNE LA VALLEE CHESSY,JCATLEST,FRMLV,16:26,FRDJU
7457,2023-06-11,MARNE LA VALLEE CHESSY,NON,5480,18:48,EST,LORRAINE TGV,JCATLEST,FREAM,17:03,FRMLV
7458,2023-06-11,MARNE LA VALLEE CHESSY,NON,5480,17:13,EST,AEROPORT CDG2 TGV ROISSY,JCATLEST,FRMLW,17:03,FRMLV
7459,2023-06-11,AEROPORT CDG2 TGV ROISSY,NON,5480,18:48,EST,LORRAINE TGV,JCATLEST,FREAM,17:29,FRMLW
7460,2023-06-11,NANTES,NON,5480,17:13,EST,AEROPORT CDG2 TGV ROISSY,JCATLEST,FRMLW,14:09,FRNTE
7461,2023-06-11,ST PIERRE DES CORPS,OUI,8314,12:43,ATLANTIQUE,VENDOME VILLIERS SUR LOIR,ROCHELLEPA,FRESL,12:25,FRXSH
7462,2023-06-11,CANNES,NON,6176,14:33,SUD EST,MARSEILLE ST CHARLES,AZURPA,FRMSC,12:33,FRJCA
7463,2023-06-11,CANNES,NON,6176,17:51,SUD EST,PARIS (intramuros),AZURPA,FRPLY,12:33,FRJCA
7464,2023-06-11,CANNES,NON,6176,12:55,SUD EST,ST RAPHAEL VALESCURE,AZURPA,FRXSK,12:33,FRJCA
7465,2023-06-11,NICE VILLE,NON,6176,14:33,SUD EST,MARSEILLE ST CHARLES,AZURPA,FRMSC,12:02,FRNIC
7466,2023-06-11,NICE VILLE,OUI,6176,12:16,SUD EST,ANTIBES,AZURPA,FRXAT,12:02,FRNIC
7467,2023-06-11,TOULON,NON,6176,14:33,SUD EST,MARSEILLE ST CHARLES,AZURPA,FRMSC,13:48,FRTLN
7468,2023-06-11,ANTIBES,OUI,6176,12:29,SUD EST,CANNES,AZURPA,FRJCA,12:19,FRXAT
7469,2023-06-11,ST RAPHAEL VALESCURE,OUI,6176,13:44,SUD EST,TOULON,AZURPA,FRTLN,12:58,FRXSK
7470,2023-06-11,AIX EN PROVENCE TGV,OUI,6024,16:38,SUD EST,AVIGNON TGV,PROVENCEPA,FRAVG,16:19,FRAIE
7471,2023-06-11,BEZIERS,OUI,6275,16:13,SUD EST,NARBONNE,PALANG,FRXNA,15:59,FRBZR
7472,2023-06-11,PARIS (intramuros),NON,6275,13:57,SUD EST,VALENCE TGV RHONE-ALPES SUD,PALANG,FRVLA,11:44,FRPLY
7473,2023-06-11,PARIS (intramuros),NON,6275,15:41,SUD EST,AGDE,PALANG,FRXAG,11:44,FRPLY
7474,2023-06-11,AGDE,OUI,6275,15:56,SUD EST,BEZIERS,PALANG,FRBZR,15:44,FRXAG
7475,2023-06-11,AGDE,OUI,6275,16:13,SUD EST,NARBONNE,PALANG,FRXNA,15:44,FRXAG
7476,2023-06-11,SETE,OUI,6275,16:13,SUD EST,NARBONNE,PALANG,FRXNA,15:28,FRXSY
7477,2023-06-11,PARIS (intramuros),NON,6275,14:59,SUD EST,MONTPELLIER SUD DE FRANCE,PALANG,FRSUF,11:44,FRPLY
7478,2023-06-11,MONTPELLIER SUD DE FRANCE,OUI,6275,15:25,SUD EST,SETE,PALANG,FRXSY,15:10,FRSUF
7479,2023-06-11,MONTPELLIER SUD DE FRANCE,OUI,6275,15:56,SUD EST,BEZIERS,PALANG,FRBZR,15:10,FRSUF
7480,2023-06-11,PARIS (intramuros),NON,6275,14:36,SUD EST,NIMES PONT DU GARD,PALANG,FRXZP,11:44,FRPLY
7481,2023-06-11,NIMES PONT DU GARD,NON,6275,16:13,SUD EST,NARBONNE,PALANG,FRXNA,14:39,FRXZP
7482,2023-06-11,KARLSRUHE HBF,NON,9574,14:05,INTERNATIONAL,PARIS (intramuros),MUNSTUTPA,FRPST,11:32,DEQKA
7483,2023-06-11,MEUSE TGV,NON,2573,19:48,EST,NANCY,PANANCY,FRENC,19:13,FREAJ
7484,2023-06-11,ANGERS ST LAUD,NON,4506,22:09,IC SRO,NANTES,JOURLYNNTE,FRNTE,21:28,FRACL
7485,2023-06-11,BOURGES,NON,4506,21:03,IC SRO,SAUMUR,JOURLYNNTE,FRACN,19:07,FRBOU
7486,2023-06-11,BOURGES,NON,4506,22:09,IC SRO,NANTES,JOURLYNNTE,FRNTE,19:07,FRBOU
7487,2023-06-11,LYON (intramuros),NON,4506,22:09,IC SRO,NANTES,JOURLYNNTE,FRNTE,15:44,FRLPD
7488,2023-06-11,LYON (intramuros),NON,4506,17:51,IC SRO,MOULINS SUR ALLIER,JOURLYNNTE,FRXMU,15:44,FRLPD
7489,2023-06-11,LYON (intramuros),NON,4506,21:26,IC SRO,ANGERS ST LAUD,JOURLYNNTE,FRACL,15:32,FRLPE
7490,2023-06-11,LYON (intramuros),NON,4506,16:46,IC SRO,ROANNE,JOURLYNNTE,FRRNE,15:32,FRLPE
7491,2023-06-11,NEVERS,NON,4506,21:03,IC SRO,SAUMUR,JOURLYNNTE,FRACN,18:29,FRNVS
7492,2023-06-11,NEVERS,NON,4506,20:26,IC SRO,ST PIERRE DES CORPS,JOURLYNNTE,FRXSH,18:29,FRNVS
7493,2023-06-11,ROANNE,NON,4506,22:09,IC SRO,NANTES,JOURLYNNTE,FRNTE,16:48,FRRNE
7494,2023-06-11,ROANNE,NON,4506,18:21,IC SRO,NEVERS,JOURLYNNTE,FRNVS,16:48,FRRNE
7495,2023-06-11,MOULINS SUR ALLIER,NON,4506,21:26,IC SRO,ANGERS ST LAUD,JOURLYNNTE,FRACL,17:53,FRXMU
7496,2023-06-11,MOULINS SUR ALLIER,NON,4506,18:21,IC SRO,NEVERS,JOURLYNNTE,FRNVS,17:53,FRXMU
7497,2023-06-11,ST PIERRE DES CORPS,NON,4506,22:09,IC SRO,NANTES,JOURLYNNTE,FRNTE,20:29,FRXSH
7498,2023-06-11,VIERZON VILLE,NON,4506,22:09,IC SRO,NANTES,JOURLYNNTE,FRNTE,19:28,FRXVZ
7499,2023-06-11,LAVAL,NON,8073,22:26,ATLANTIQUE,RENNES,PARISBRETA,FRRNS,21:44,FRACR
7500,2023-06-11,BREST,OUI,8644,19:07,ATLANTIQUE,ST BRIEUC,BRETAPARIS,FRSBK,17:59,FRBES
7501,2023-06-11,DIJON VILLE,NON,6700,08:01,SUD EST,MONTBARD,BOURPA,FRGWE,07:27,FRABA
7502,2023-06-11,MULHOUSE VILLE,NON,6700,08:01,SUD EST,MONTBARD,BOURPA,FRGWE,06:05,FRAEK
7503,2023-06-11,BELFORT-MONTBELIARD TGV,NON,6700,08:01,SUD EST,MONTBARD,BOURPA,FRGWE,06:29,FRTJA
7504,2023-06-11,BELFORT-MONTBELIARD TGV,NON,6700,06:50,SUD EST,BESANCON - F COMTE TGV,BOURPA,FRTJB,06:29,FRTJA
7505,2023-06-11,DAX,NON,8549,20:31,ATLANTIQUE,ST JEAN DE LUZ CIBOURE,PASUDOUEST,FRXJZ,19:32,FRACG
7506,2023-06-11,BIARRITZ,OUI,8549,20:31,ATLANTIQUE,ST JEAN DE LUZ CIBOURE,PASUDOUEST,FRXJZ,20:18,FRBIQ
7507,2023-06-11,BORDEAUX ST JEAN,NON,8549,20:15,ATLANTIQUE,BIARRITZ,PASUDOUEST,FRBIQ,18:20,FRBOJ
7508,2023-06-11,PARIS (intramuros),NON,8549,18:14,ATLANTIQUE,BORDEAUX ST JEAN,PASUDOUEST,FRBOJ,16:08,FRPMO
7509,2023-06-11,BAYONNE,OUI,8549,20:47,ATLANTIQUE,HENDAYE,PASUDOUEST,FRAEF,20:06,FRXBY
7510,2023-06-11,BELLEGARDE,NON,9774,17:42,INTERNATIONAL,PARIS (intramuros),GENEVEPA,FRPLY,15:02,FRXBF
7511,2023-06-11,CANNES,NON,6174,11:44,SUD EST,TOULON,AZURPA,FRTLN,10:32,FRJCA
7512,2023-06-11,ANTIBES,NON,6174,15:51,SUD EST,PARIS (intramuros),AZURPA,FRPLY,10:16,FRXAT
7513,2023-06-11,ANTIBES,NON,6174,11:44,SUD EST,TOULON,AZURPA,FRTLN,10:16,FRXAT
7514,2023-06-11,NIMES,OUI,6221,12:03,SUD EST,BEZIERS,PALANG,FRBZR,10:46,FRFNI
7515,2023-06-11,MONTPELLIER SAINT-ROCH,OUI,6221,11:31,SUD EST,SETE,PALANG,FRXSY,11:17,FRMPL
7516,2023-06-11,PARIS (intramuros),NON,6221,11:11,SUD EST,MONTPELLIER SAINT-ROCH,PALANG,FRMPL,07:40,FRPLY
7517,2023-06-11,VALENCE TGV RHONE-ALPES SUD,OUI,6221,10:42,SUD EST,NIMES,PALANG,FRFNI,09:55,FRVLA
7518,2023-06-11,AGDE,OUI,6221,12:56,SUD EST,PERPIGNAN,PALANG,FRPGF,11:51,FRXAG
7519,2023-06-11,SETE,OUI,6221,12:03,SUD EST,BEZIERS,PALANG,FRBZR,11:34,FRXSY
7520,2023-06-11,CHATEAUROUX,NON,3665,21:01,IC ARO,LIMOGES BENEDICTINS,PALITO,FRAGQ,19:45,FRCHR
7521,2023-06-11,CHATEAUROUX,NON,3665,22:30,IC ARO,SOUILLAC,PALITO,FRSOU,19:45,FRCHR
7522,2023-06-11,ARGENTON SUR CREUSE,NON,3665,21:01,IC ARO,LIMOGES BENEDICTINS,PALITO,FRAGQ,20:01,FRFMT
7523,2023-06-11,LA SOUTERRAINE,NON,3665,23:15,IC ARO,CAHORS,PALITO,FRZAO,20:26,FRLST
7524,2023-06-11,PARIS (intramuros),NON,3665,21:01,IC ARO,LIMOGES BENEDICTINS,PALITO,FRAGQ,17:37,FRPAZ
7525,2023-06-11,PARIS (intramuros),NON,3665,19:43,IC ARO,CHATEAUROUX,PALITO,FRCHR,17:37,FRPAZ
7526,2023-06-11,VIERZON VILLE,NON,3665,22:46,IC ARO,GOURDON,PALITO,FRFSI,19:13,FRXVZ
7527,2023-06-11,VIERZON VILLE,NON,3665,23:15,IC ARO,CAHORS,PALITO,FRZAO,19:13,FRXVZ
7528,2023-06-11,PARIS (intramuros),NON,8509,19:26,ATLANTIQUE,TOULOUSE MATABIAU,PASUDOUEST,FRXYT,15:08,FRPMO
7529,2023-06-11,PARIS (intramuros),NON,8023,15:57,ATLANTIQUE,LAVAL,PARISBRETA,FRACR,14:41,FRPMO
7530,2023-06-11,PARIS (intramuros),NON,8023,16:25,ATLANTIQUE,RENNES,PARISBRETA,FRRNS,14:41,FRPMO
7531,2023-06-11,STRASBOURG,NON,9890,09:43,NORD,BRUXELLES MIDI BRUSSEL ZUID,JCESTNORD,BEBMI,06:01,FRAEG
7532,2023-06-11,CHAMPAGNE-ARDENNE,NON,9890,08:56,NORD,LILLE (intramuros),JCESTNORD,FRLLE,07:26,FREAH
7533,2023-06-11,LORRAINE TGV,NON,9890,07:23,NORD,CHAMPAGNE-ARDENNE,JCESTNORD,FREAH,06:38,FREAM
7534,2023-06-11,AEROPORT CDG2 TGV ROISSY,OUI,9890,09:43,NORD,BRUXELLES MIDI BRUSSEL ZUID,JCESTNORD,BEBMI,08:07,FRMLW
7535,2023-06-11,ARRAS,OUI,7112,10:08,NORD,PARIS (intramuros),ARRASPA,FRPNO,09:18,FRQRV
7536,2023-06-11,DOL DE BRETAGNE,OUI,8093,21:01,ATLANTIQUE,ST MALO,PARISBRETA,FRXSB,20:47,FRDOL
7537,2023-06-11,METZ VILLE,OUI,2886,20:29,EST,CHAMPAGNE-ARDENNE,LUXMETZPA,FREAH,19:42,FRADE
7538,2023-06-11,NIMES,OUI,6033,14:58,SUD EST,PERPIGNAN,PALANG,FRPGF,12:49,FRFNI
7539,2023-06-11,PARIS (intramuros),NON,6033,13:15,SUD EST,MONTPELLIER SAINT-ROCH,PALANG,FRMPL,09:40,FRPLY
7540,2023-06-11,PARIS (intramuros),NON,6033,11:57,SUD EST,VALENCE TGV RHONE-ALPES SUD,PALANG,FRVLA,09:40,FRPLY
7541,2023-06-11,PARIS (intramuros),NON,6033,13:52,SUD EST,AGDE,PALANG,FRXAG,09:40,FRPLY
7542,2023-06-11,PARIS (intramuros),NON,6033,14:24,SUD EST,NARBONNE,PALANG,FRXNA,09:40,FRPLY
7543,2023-06-11,VALENCE TGV RHONE-ALPES SUD,NON,6033,14:07,SUD EST,BEZIERS,PALANG,FRBZR,12:00,FRVLA
7544,2023-06-11,NARBONNE,OUI,6033,14:58,SUD EST,PERPIGNAN,PALANG,FRPGF,14:27,FRXNA
7545,2023-06-11,SETE,OUI,6033,14:24,SUD EST,NARBONNE,PALANG,FRXNA,13:37,FRXSY
7546,2023-06-11,ANGERS ST LAUD,NON,8921,15:33,ATLANTIQUE,ST NAZAIRE,PARISLOIRE,FRSNR,14:16,FRACL
7547,2023-06-11,PARIS (intramuros),NON,8921,14:13,ATLANTIQUE,ANGERS ST LAUD,PARISLOIRE,FRACL,12:49,FRPMO
7548,2023-06-11,PARIS (intramuros),NON,8921,15:33,ATLANTIQUE,ST NAZAIRE,PARISLOIRE,FRSNR,12:49,FRPMO
7549,2023-06-11,AUGSBURG HBF,NON,9576,09:51,INTERNATIONAL,KARLSRUHE HBF,MUNSTUTPA,DEQKA,07:20,DEAGB
7550,2023-06-11,AUGSBURG HBF,NON,9576,08:02,INTERNATIONAL,ULM HBF,MUNSTUTPA,DEQUL,07:20,DEAGB
7551,2023-06-11,AUGSBURG HBF,NON,9576,10:37,INTERNATIONAL,STRASBOURG,MUNSTUTPA,FRAEG,07:20,DEAGB
7552,2023-06-11,MUENCHEN HBF,NON,9576,08:02,INTERNATIONAL,ULM HBF,MUNSTUTPA,DEQUL,06:51,DEBEG
7553,2023-06-11,MUENCHEN HBF,NON,9576,09:11,INTERNATIONAL,STUTTGART HBF,MUNSTUTPA,DESGT,06:51,DEBEG
7554,2023-06-11,STUTTGART HBF,NON,9576,09:51,INTERNATIONAL,KARLSRUHE HBF,MUNSTUTPA,DEQKA,09:11,DESGT
7555,2023-06-11,QUIMPER,NON,8722,15:25,ATLANTIQUE,RENNES,BRETAPARIS,FRRNS,13:14,FRUIP
7556,2023-06-11,VANNES,NON,8722,17:08,ATLANTIQUE,PARIS (intramuros),BRETAPARIS,FRPMO,14:22,FRVNE
7557,2023-06-11,REDON,NON,8722,15:25,ATLANTIQUE,RENNES,BRETAPARIS,FRRNS,14:50,FRXRN
7558,2023-06-11,AURAY,NON,8722,15:25,ATLANTIQUE,RENNES,BRETAPARIS,FRRNS,14:09,FRXUY
7559,2023-06-11,PERPIGNAN,OUI,6258,13:39,SUD EST,NARBONNE,LANGPA,FRXNA,13:04,FRPGF
7560,2023-06-11,NARBONNE,OUI,6258,13:55,SUD EST,BEZIERS,LANGPA,FRBZR,13:42,FRXNA
7561,2023-06-11,NARBONNE,OUI,6258,15:51,SUD EST,VALENCE TGV RHONE-ALPES SUD,LANGPA,FRVLA,13:42,FRXNA
7562,2023-06-11,NARBONNE,OUI,6258,15:12,SUD EST,NIMES PONT DU GARD,LANGPA,FRXZP,13:42,FRXNA
7563,2023-06-11,AIX EN PROVENCE TGV,OUI,6109,13:56,SUD EST,MARSEILLE ST CHARLES,PAPROVENCE,FRMSC,13:44,FRAIE
7564,2023-06-11,AVIGNON TGV,OUI,6109,13:56,SUD EST,MARSEILLE ST CHARLES,PAPROVENCE,FRMSC,13:21,FRAVG
7565,2023-06-11,PARIS (intramuros),NON,6109,13:41,SUD EST,AIX EN PROVENCE TGV,PAPROVENCE,FRAIE,10:36,FRPLY
7566,2023-06-11,PARIS (intramuros),NON,2595,21:06,EST,MEUSE TGV,PANANCY,FREAJ,20:07,FRPST
7567,2023-06-11,PARIS (intramuros),NON,2595,21:44,EST,NANCY,PANANCY,FRENC,20:07,FRPST
7568,2023-06-11,PARIS (intramuros),NON,2595,22:45,EST,ST DIE DES VOSGES,PANANCY,FRXTD,20:07,FRPST
7569,2023-06-11,SAVERDUN,NON,3970,05:53,IC NUIT,LES AUBRAIS ORLEANS,PALOMBEPAR,FRLAB,21:02,FRFPU
7570,2023-06-11,ANDORRE - L'HOSPITALET,NON,3970,05:53,IC NUIT,LES AUBRAIS ORLEANS,PALOMBEPAR,FRLAB,19:09,FRFQG
7571,2023-06-11,LES CABANNES,NON,3970,07:04,IC NUIT,PARIS (intramuros),PALOMBEPAR,FRPAZ,20:03,FRFQK
7572,2023-06-11,TARASCON SUR ARIEGE,NON,3970,05:53,IC NUIT,LES AUBRAIS ORLEANS,PALOMBEPAR,FRLAB,20:15,FRFQM
7573,2023-06-11,FOIX,NON,3970,05:53,IC NUIT,LES AUBRAIS ORLEANS,PALOMBEPAR,FRLAB,20:33,FRXFX
7574,2023-06-11,LATOUR DE CAROL ENVEITG,NON,3970,07:04,IC NUIT,PARIS (intramuros),PALOMBEPAR,FRPAZ,18:42,FRXTE
7575,2023-06-11,POITIERS,NON,8330,07:22,ATLANTIQUE,ST PIERRE DES CORPS,ROCHELLEPA,FRXSH,06:32,FRPIS
7576,2023-06-11,LE MANS,NON,5332,11:30,SUD EST,LYON (intramuros),JCATLSUD,FRLPD,08:26,FRAET
7577,2023-06-11,RENNES,NON,5332,13:10,SUD EST,AIX EN PROVENCE TGV,JCATLSUD,FRAIE,07:31,FRRNS
7578,2023-06-11,RENNES,NON,5332,12:45,SUD EST,AVIGNON TGV,JCATLSUD,FRAVG,07:31,FRRNS
7579,2023-06-11,RENNES,NON,5332,09:16,SUD EST,MASSY TGV,JCATLSUD,FRDJU,07:31,FRRNS
7580,2023-06-11,LES AUBRAIS ORLEANS,NON,3751,06:19,IC NUIT,MONTAUBAN VILLE BOURBON,PAVERMEIL,FRXMW,23:32,FRLAB
7581,2023-06-11,PARIS (intramuros),NON,3751,05:01,IC NUIT,CAHORS,PAVERMEIL,FRZAO,22:12,FRPAZ
7582,2023-06-11,ANGERS ST LAUD,OUI,8905,20:34,ATLANTIQUE,ST NAZAIRE,PARISLOIRE,FRSNR,19:16,FRACL
7583,2023-06-11,LE MANS,OUI,8063,23:09,ATLANTIQUE,RENNES,PARISBRETA,FRRNS,22:13,FRAET
7584,2023-06-11,PARIS (intramuros),NON,8063,22:41,ATLANTIQUE,LAVAL,PARISBRETA,FRACR,21:12,FRPMO
7585,2023-06-11,LES AUBRAIS ORLEANS,NON,3737,10:21,IC NUIT,CERBERE,PARPALOMBE,FRXCE,22:49,FRLAB
7586,2023-06-11,LES AUBRAIS ORLEANS,NON,3737,09:59,IC NUIT,COLLIOURE,PARPALOMBE,FRXCU,22:49,FRLAB
7587,2023-06-11,PARIS (intramuros),NON,3737,10:06,IC NUIT,PORT VENDRES VILLE,PARPALOMBE,FRXPV,21:41,FRPAZ
7588,2023-06-11,PARIS (intramuros),OUI,12297,23:20,ATLANTIQUE,POITIERS,PAROCHELLE,FRPIS,21:45,FRPMO
7589,2023-06-11,LE MANS,NON,9884,08:57,NORD,MARNE LA VALLEE CHESSY,JCBRETNORD,FRMLV,07:30,FRAET
7590,2023-06-11,LE MANS,NON,9884,09:45,NORD,TGV HAUTE PICARDIE,JCBRETNORD,FRTHP,07:30,FRAET
7591,2023-06-11,MARNE LA VALLEE CHESSY,OUI,9884,10:17,NORD,LILLE (intramuros),JCBRETNORD,FRLLE,09:01,FRMLV
7592,2023-06-11,MARNE LA VALLEE CHESSY,OUI,9884,09:10,NORD,AEROPORT CDG2 TGV ROISSY,JCBRETNORD,FRMLW,09:01,FRMLV
7593,2023-06-11,AEROPORT CDG2 TGV ROISSY,OUI,9884,09:45,NORD,TGV HAUTE PICARDIE,JCBRETNORD,FRTHP,09:16,FRMLW
7594,2023-06-11,RENNES,NON,9884,08:20,NORD,MASSY TGV,JCBRETNORD,FRDJU,06:23,FRRNS
7595,2023-06-11,RENNES,NON,9884,08:57,NORD,MARNE LA VALLEE CHESSY,JCBRETNORD,FRMLV,06:23,FRRNS
7596,2023-06-11,RENNES,NON,9884,09:45,NORD,TGV HAUTE PICARDIE,JCBRETNORD,FRTHP,06:23,FRRNS
7597,2023-06-11,ARLES,NON,6198,21:46,SUD EST,PARIS (intramuros),VDRPA,FRPLY,17:36,FRHZA
7598,2023-06-11,MIRAMAS,OUI,6198,17:33,SUD EST,ARLES,VDRPA,FRHZA,17:13,FRMAZ
7599,2023-06-11,MIRAMAS,OUI,6198,18:46,SUD EST,MONTELIMAR GARE SNCF,VDRPA,FRXMK,17:13,FRMAZ
7600,2023-06-11,MONTELIMAR GARE SNCF,NON,6198,21:46,SUD EST,PARIS (intramuros),VDRPA,FRPLY,18:49,FRXMK
7601,2023-06-11,EPINAL,NON,2578,11:50,EST,PARIS (intramuros),NANCYPA,FRPST,09:20,FREPL
7602,2023-06-11,REMIREMONT,NON,2578,11:05,EST,CHAMPAGNE-ARDENNE,NANCYPA,FREAH,08:56,FRRNT
7603,2023-06-11,MARSEILLE ST CHARLES,NON,6077,19:58,SUD EST,NICE VILLE,PAAZUR,FRNIC,17:28,FRMSC
7604,2023-06-11,MARSEILLE ST CHARLES,NON,6077,18:11,SUD EST,TOULON,PAAZUR,FRTLN,17:28,FRMSC
7605,2023-06-11,PARIS (intramuros),NON,6077,19:58,SUD EST,NICE VILLE,PAAZUR,FRNIC,14:08,FRPLY
7606,2023-06-11,TOULON,OUI,6077,19:26,SUD EST,CANNES,PAAZUR,FRJCA,18:15,FRTLN
7607,2023-06-11,ST RAPHAEL VALESCURE,OUI,6077,19:58,SUD EST,NICE VILLE,PAAZUR,FRNIC,19:04,FRXSK
7608,2023-06-11,NICE VILLE,OUI,5772,07:56,IC NUIT,PARIS (intramuros),AZURPAR,FRPAZ,19:11,FRNIC
7609,2023-06-11,METZ VILLE,NON,2680,18:17,EST,CHAMPAGNE-ARDENNE,LUXMETZPA,FREAH,17:28,FRADE
7610,2023-06-11,BORDEAUX ST JEAN,NON,3854,13:22,IC SRO,LA ROCHE SUR YON,BORDONANTE,FRXRO,09:53,FRBOJ
7611,2023-06-11,JONZAC,NON,3854,11:23,IC SRO,SAINTES,BORDONANTE,FRXST,10:41,FREMR
7612,2023-06-11,LA ROCHELLE VILLE,NON,3854,14:05,IC SRO,NANTES,BORDONANTE,FRNTE,12:19,FRLRH
7613,2023-06-11,SAINTES,NON,3854,14:05,IC SRO,NANTES,BORDONANTE,FRNTE,11:25,FRXST
7614,2023-06-11,SAINTES,NON,3854,13:22,IC SRO,LA ROCHE SUR YON,BORDONANTE,FRXRO,11:25,FRXST
7615,2023-06-11,DIJON VILLE,NON,2239,19:31,EST,AIX EN PROVENCE TGV,JCRHINRHON,FRAIE,16:20,FRABA
7616,2023-06-11,DIJON VILLE,NON,2239,21:59,EST,CANNES,JCRHINRHON,FRJCA,16:20,FRABA
7617,2023-06-11,DIJON VILLE,NON,2239,21:17,EST,LES ARCS DRAGUIGNAN,JCRHINRHON,FRXRS,16:20,FRABA
7618,2023-06-11,STRASBOURG,NON,2239,19:10,EST,AVIGNON TGV,JCRHINRHON,FRAVG,13:37,FRAEG
7619,2023-06-11,STRASBOURG,NON,2239,21:59,EST,CANNES,JCRHINRHON,FRJCA,13:37,FRAEG
7620,2023-06-11,STRASBOURG,NON,2239,17:56,EST,LYON (intramuros),JCRHINRHON,FRLPD,13:37,FRAEG
7621,2023-06-11,STRASBOURG,NON,2239,22:30,EST,NICE VILLE,JCRHINRHON,FRNIC,13:37,FRAEG
7622,2023-06-11,COLMAR,NON,2239,17:56,EST,LYON (intramuros),JCRHINRHON,FRLPD,14:05,FRAEJ
7623,2023-06-11,MULHOUSE VILLE,NON,2239,19:31,EST,AIX EN PROVENCE TGV,JCRHINRHON,FRAIE,14:41,FRAEK
7624,2023-06-11,MULHOUSE VILLE,NON,2239,21:59,EST,CANNES,JCRHINRHON,FRJCA,14:41,FRAEK
7625,2023-06-11,MULHOUSE VILLE,NON,2239,22:30,EST,NICE VILLE,JCRHINRHON,FRNIC,14:41,FRAEK
7626,2023-06-11,MULHOUSE VILLE,NON,2239,21:34,EST,ST RAPHAEL VALESCURE,JCRHINRHON,FRXSK,14:41,FRAEK
7627,2023-06-11,AVIGNON TGV,NON,2239,21:17,EST,LES ARCS DRAGUIGNAN,JCRHINRHON,FRXRS,19:12,FRAVG
7628,2023-06-11,AVIGNON TGV,NON,2239,21:34,EST,ST RAPHAEL VALESCURE,JCRHINRHON,FRXSK,19:12,FRAVG
7629,2023-06-11,CANNES,OUI,2239,22:11,EST,ANTIBES,JCRHINRHON,FRXAT,22:03,FRJCA
7630,2023-06-11,MARSEILLE ST CHARLES,OUI,2239,22:11,EST,ANTIBES,JCRHINRHON,FRXAT,19:57,FRMSC
7631,2023-06-11,BESANCON - F COMTE TGV,NON,2239,19:31,EST,AIX EN PROVENCE TGV,JCRHINRHON,FRAIE,15:36,FRTJB
7632,2023-06-11,TOULON,OUI,2239,21:17,EST,LES ARCS DRAGUIGNAN,JCRHINRHON,FRXRS,20:45,FRTLN
7633,2023-06-11,BEAUNE,NON,2239,19:31,EST,AIX EN PROVENCE TGV,JCRHINRHON,FRAIE,16:42,FRXBV
7634,2023-06-11,BEAUNE,NON,2239,22:11,EST,ANTIBES,JCRHINRHON,FRXAT,16:42,FRXBV
7635,2023-06-11,BESANCON - F COMTE TGV,NON,2239,22:30,EST,NICE VILLE,JCRHINRHON,FRNIC,15:36,FRTJB
7636,2023-06-11,BELFORT-MONTBELIARD TGV,NON,2239,21:17,EST,LES ARCS DRAGUIGNAN,JCRHINRHON,FRXRS,15:06,FRTJA
7637,2023-06-11,COLMAR,OUI,2239,16:39,EST,BEAUNE,JCRHINRHON,FRXBV,14:05,FRAEJ
7638,2023-06-11,BELFORT-MONTBELIARD TGV,OUI,2239,16:39,EST,BEAUNE,JCRHINRHON,FRXBV,15:06,FRTJA
7639,2023-06-11,LE MANS,NON,8922,17:25,ATLANTIQUE,PARIS (intramuros),LOIREPARIS,FRPMO,16:26,FRAET
7640,2023-06-11,LA BAULE ESCOUBLAC,NON,8922,17:25,ATLANTIQUE,PARIS (intramuros),LOIREPARIS,FRPMO,14:07,FRJEE
7641,2023-06-11,LA BAULE ESCOUBLAC,OUI,8922,14:21,ATLANTIQUE,ST NAZAIRE,LOIREPARIS,FRSNR,14:07,FRJEE
7642,2023-06-11,ST NAZAIRE,OUI,8922,15:41,ATLANTIQUE,ANGERS ST LAUD,LOIREPARIS,FRACL,14:24,FRSNR
7643,2023-06-11,ST NAZAIRE,NON,8922,17:25,ATLANTIQUE,PARIS (intramuros),LOIREPARIS,FRPMO,14:24,FRSNR
7644,2023-06-11,BEZIERS,NON,15942,09:32,IC SRO,MAGALAS,JOUNOREST,FRIMK,09:19,FRBZR
7645,2023-06-11,MAGALAS,NON,15942,09:52,IC SRO,BEDARIEUX,JOUNOREST,FRIMH,09:33,FRIMK
7646,2023-06-11,CHAMBERY CHALLES LES EAUX,NON,9249,19:23,INTERNATIONAL,OULX CESANA CLAV SESTRIERE,PAITALIE,ITOCS,17:44,FRCMF
7647,2023-06-11,ST JEAN DE MAURIENNE ARVAN,NON,9249,18:49,INTERNATIONAL,MODANE,PAITALIE,FRAGR,18:25,FRHPN
7648,2023-06-11,PARIS (intramuros),NON,9249,17:40,INTERNATIONAL,CHAMBERY CHALLES LES EAUX,PAITALIE,FRCMF,14:44,FRPLY
7649,2023-06-11,AVIGNON TGV,NON,6107,12:56,SUD EST,MARSEILLE ST CHARLES,PAPROVENCE,FRMSC,12:22,FRAVG
7650,2023-06-11,PARIS (intramuros),NON,6107,12:41,SUD EST,AIX EN PROVENCE TGV,PAPROVENCE,FRAIE,09:36,FRPLY
7651,2023-06-11,PARIS (intramuros),NON,6107,12:56,SUD EST,MARSEILLE ST CHARLES,PAPROVENCE,FRMSC,09:36,FRPLY
7652,2023-06-11,ETAPLES LE TOUQUET,NON,7534,19:08,NORD,PARIS (intramuros),ARRASPA,FRPNO,16:22,FRETA
7653,2023-06-11,LILLE (intramuros),NON,5012,12:00,NORD,LYON (intramuros),JCNORDSUD,FRLPD,09:03,FRLLE
7654,2023-06-11,LILLE (intramuros),NON,5012,10:08,NORD,MARNE LA VALLEE CHESSY,JCNORDSUD,FRMLV,09:03,FRLLE
7655,2023-06-11,LILLE (intramuros),NON,5012,09:53,NORD,AEROPORT CDG2 TGV ROISSY,JCNORDSUD,FRMLW,09:03,FRLLE
7656,2023-06-11,AEROPORT CDG2 TGV ROISSY,NON,5012,12:00,NORD,LYON (intramuros),JCNORDSUD,FRLPD,09:59,FRMLW
7657,2023-06-11,AEROPORT CDG2 TGV ROISSY,OUI,5012,10:08,NORD,MARNE LA VALLEE CHESSY,JCNORDSUD,FRMLV,09:59,FRMLW
7658,2023-06-11,STRASBOURG,NON,9894,21:09,NORD,BRUXELLES MIDI BRUSSEL ZUID,JCESTNORD,BEBMI,17:01,FRAEG
7659,2023-06-11,STRASBOURG,NON,9894,18:01,NORD,MEUSE TGV,JCESTNORD,FREAJ,17:01,FRAEG
7660,2023-06-11,MEUSE TGV,NON,9894,20:19,NORD,LILLE (intramuros),JCESTNORD,FRLLE,18:09,FREAJ
7661,2023-06-11,LILLE (intramuros),NON,9894,21:09,NORD,BRUXELLES MIDI BRUSSEL ZUID,JCESTNORD,BEBMI,20:34,FRLLE
7662,2023-06-11,FRANKFURT MAIN HBF,NON,9580,15:05,INTERNATIONAL,KARLSRUHE HBF,FRANCMRS,DEQKA,13:56,DEFRH
7663,2023-06-11,FRANKFURT MAIN HBF,NON,9580,16:02,INTERNATIONAL,STRASBOURG,FRANCMRS,FRAEG,13:56,DEFRH
7664,2023-06-11,FRANKFURT MAIN HBF,NON,9580,17:55,INTERNATIONAL,BESANCON - F COMTE TGV,FRANCMRS,FRTJB,13:56,DEFRH
7665,2023-06-11,MANNHEIM HBF,NON,9580,21:34,INTERNATIONAL,AIX EN PROVENCE TGV,FRANCMRS,FRAIE,14:39,DEMHG
7666,2023-06-11,MANNHEIM HBF,NON,9580,17:31,INTERNATIONAL,BELFORT-MONTBELIARD TGV,FRANCMRS,FRTJA,14:39,DEMHG
7667,2023-06-11,KARLSRUHE HBF,NON,9580,21:12,INTERNATIONAL,AVIGNON TGV,FRANCMRS,FRAVG,15:12,DEQKA
7668,2023-06-11,KARLSRUHE HBF,NON,9580,21:48,INTERNATIONAL,MARSEILLE ST CHARLES,FRANCMRS,FRMSC,15:12,DEQKA
7669,2023-06-11,BADEN BADEN,NON,9580,16:02,INTERNATIONAL,STRASBOURG,FRANCMRS,FRAEG,15:35,DEZCC
7670,2023-06-11,BADEN BADEN,NON,9580,17:05,INTERNATIONAL,MULHOUSE VILLE,FRANCMRS,FRAEK,15:35,DEZCC
7671,2023-06-11,BADEN BADEN,NON,9580,19:56,INTERNATIONAL,LYON (intramuros),FRANCMRS,FRLPD,15:35,DEZCC
7672,2023-06-11,BADEN BADEN,NON,9580,17:31,INTERNATIONAL,BELFORT-MONTBELIARD TGV,FRANCMRS,FRTJA,15:35,DEZCC
7673,2023-06-11,STRASBOURG,NON,9580,21:12,INTERNATIONAL,AVIGNON TGV,FRANCMRS,FRAVG,16:15,FRAEG
7674,2023-06-11,STRASBOURG,NON,9580,21:48,INTERNATIONAL,MARSEILLE ST CHARLES,FRANCMRS,FRMSC,16:15,FRAEG
7675,2023-06-11,STRASBOURG,NON,9580,17:55,INTERNATIONAL,BESANCON - F COMTE TGV,FRANCMRS,FRTJB,16:15,FRAEG
7676,2023-06-11,MULHOUSE VILLE,NON,9580,18:53,INTERNATIONAL,CHALON SUR SAONE,FRANCMRS,FRXCD,17:09,FRAEK
7677,2023-06-11,BESANCON - F COMTE TGV,NON,9580,21:48,INTERNATIONAL,MARSEILLE ST CHARLES,FRANCMRS,FRMSC,17:58,FRTJB
7678,2023-06-11,BESANCON - F COMTE TGV,NON,9580,18:53,INTERNATIONAL,CHALON SUR SAONE,FRANCMRS,FRXCD,17:58,FRTJB
7679,2023-06-11,AVIGNON TGV,NON,6129,22:41,SUD EST,AIX EN PROVENCE TGV,PAPROVENCE,FRAIE,22:20,FRAVG
7680,2023-06-11,BEZIERS,NON,9862,15:25,NORD,BRUXELLES MIDI BRUSSEL ZUID,JCSUDNORD,BEBMI,08:05,FRBZR
7681,2023-06-11,BEZIERS,NON,9862,14:24,NORD,LILLE (intramuros),JCSUDNORD,FRLLE,08:05,FRBZR
7682,2023-06-11,NIMES,NON,9862,13:01,NORD,AEROPORT CDG2 TGV ROISSY,JCSUDNORD,FRMLW,09:25,FRFNI
7683,2023-06-11,LYON (intramuros),NON,9862,15:25,NORD,BRUXELLES MIDI BRUSSEL ZUID,JCSUDNORD,BEBMI,11:00,FRLPD
7684,2023-06-11,MARNE LA VALLEE CHESSY,NON,9862,15:25,NORD,BRUXELLES MIDI BRUSSEL ZUID,JCSUDNORD,BEBMI,12:51,FRMLV
7685,2023-06-11,AEROPORT CDG2 TGV ROISSY,NON,9862,15:25,NORD,BRUXELLES MIDI BRUSSEL ZUID,JCSUDNORD,BEBMI,13:07,FRMLW
7686,2023-06-11,MONTPELLIER SAINT-ROCH,OUI,9862,09:22,NORD,NIMES,JCSUDNORD,FRFNI,08:57,FRMPL
7687,2023-06-11,PERPIGNAN,OUI,9862,08:02,NORD,BEZIERS,JCSUDNORD,FRBZR,07:08,FRPGF
7688,2023-06-11,PERPIGNAN,NON,9862,12:47,NORD,MARNE LA VALLEE CHESSY,JCSUDNORD,FRMLV,07:08,FRPGF
7689,2023-06-11,PERPIGNAN,OUI,9862,08:33,NORD,SETE,JCSUDNORD,FRXSY,07:08,FRPGF
7690,2023-06-11,ARRAS,OUI,9862,14:24,NORD,LILLE (intramuros),JCSUDNORD,FRLLE,14:03,FRQRV
7691,2023-06-11,TGV HAUTE PICARDIE,NON,9862,15:25,NORD,BRUXELLES MIDI BRUSSEL ZUID,JCSUDNORD,BEBMI,13:38,FRTHP
7692,2023-06-11,AGDE,NON,9862,12:47,NORD,MARNE LA VALLEE CHESSY,JCSUDNORD,FRMLV,08:20,FRXAG
7693,2023-06-11,AGDE,NON,9862,13:01,NORD,AEROPORT CDG2 TGV ROISSY,JCSUDNORD,FRMLW,08:20,FRXAG
7694,2023-06-11,AGDE,OUI,9862,08:52,NORD,MONTPELLIER SAINT-ROCH,JCSUDNORD,FRMPL,08:20,FRXAG
7695,2023-06-11,AGDE,NON,9862,10:10,NORD,VALENCE TGV RHONE-ALPES SUD,JCSUDNORD,FRVLA,08:20,FRXAG
7696,2023-06-11,AGDE,OUI,9862,08:33,NORD,SETE,JCSUDNORD,FRXSY,08:20,FRXAG
7697,2023-06-11,NARBONNE,NON,9862,15:25,NORD,BRUXELLES MIDI BRUSSEL ZUID,JCSUDNORD,BEBMI,07:49,FRXNA
7698,2023-06-11,NARBONNE,NON,9862,14:24,NORD,LILLE (intramuros),JCSUDNORD,FRLLE,07:49,FRXNA
7699,2023-06-11,NARBONNE,NON,9862,10:53,NORD,LYON (intramuros),JCSUDNORD,FRLPD,07:49,FRXNA
7700,2023-06-11,SETE,NON,9862,15:25,NORD,BRUXELLES MIDI BRUSSEL ZUID,JCSUDNORD,BEBMI,08:36,FRXSY
7701,2023-06-11,SETE,NON,9862,10:10,NORD,VALENCE TGV RHONE-ALPES SUD,JCSUDNORD,FRVLA,08:36,FRXSY
7702,2023-06-11,AGDE,NON,9862,13:55,NORD,ARRAS,JCSUDNORD,FRQRV,08:20,FRXAG
7703,2023-06-11,AGEN,NON,4665,19:27,IC ARO,CARCASSONNE,TJOURSOSE,FRCCF,17:32,FRAGF
7704,2023-06-11,AGEN,NON,4665,18:40,IC ARO,TOULOUSE MATABIAU,TJOURSOSE,FRXYT,17:32,FRAGF
7705,2023-06-11,BORDEAUX ST JEAN,NON,4665,20:14,IC ARO,BEZIERS,TJOURSOSE,FRBZR,16:28,FRBOJ
7706,2023-06-11,BORDEAUX ST JEAN,NON,4665,19:27,IC ARO,CARCASSONNE,TJOURSOSE,FRCCF,16:28,FRBOJ
7707,2023-06-11,BORDEAUX ST JEAN,NON,4665,20:52,IC ARO,MONTPELLIER SAINT-ROCH,TJOURSOSE,FRMPL,16:28,FRBOJ
7708,2023-06-11,BORDEAUX ST JEAN,NON,4665,22:33,IC ARO,MARSEILLE ST CHARLES,TJOURSOSE,FRMSC,16:28,FRBOJ
7709,2023-06-11,CARCASSONNE,NON,4665,21:19,IC ARO,NIMES,TJOURSOSE,FRFNI,19:29,FRCCF
7710,2023-06-11,NIMES,OUI,4665,22:33,IC ARO,MARSEILLE ST CHARLES,TJOURSOSE,FRMSC,21:22,FRFNI
7711,2023-06-11,MONTAUBAN VILLE BOURBON,NON,4665,21:19,IC ARO,NIMES,TJOURSOSE,FRFNI,18:09,FRXMW
7712,2023-06-11,NARBONNE,NON,4665,21:19,IC ARO,NIMES,TJOURSOSE,FRFNI,20:01,FRXNA
7713,2023-06-11,NARBONNE,NON,4665,22:33,IC ARO,MARSEILLE ST CHARLES,TJOURSOSE,FRMSC,20:01,FRXNA
7714,2023-06-11,TOULOUSE MATABIAU,NON,4665,22:33,IC ARO,MARSEILLE ST CHARLES,TJOURSOSE,FRMSC,18:45,FRXYT
7715,2023-06-11,UZERCHE,OUI,3655,21:13,IC ARO,BRIVE LA GAILLARDE,PALITO,FRBVE,20:48,FRAAW
7716,2023-06-11,CHATEAUROUX,NON,3655,20:47,IC ARO,UZERCHE,PALITO,FRAAW,18:57,FRCHR
7717,2023-06-11,ISSOUDUN,NON,3655,19:32,IC ARO,LA SOUTERRAINE,PALITO,FRLST,18:41,FRFMN
7718,2023-06-11,PARIS (intramuros),NON,3655,18:55,IC ARO,CHATEAUROUX,PALITO,FRCHR,16:39,FRPAZ
7719,2023-06-11,PARIS (intramuros),NON,3655,19:32,IC ARO,LA SOUTERRAINE,PALITO,FRLST,16:39,FRPAZ
7720,2023-06-11,VIERZON VILLE,NON,3655,18:55,IC ARO,CHATEAUROUX,PALITO,FRCHR,18:21,FRXVZ
7721,2023-06-11,DAX,NON,8534,12:06,ATLANTIQUE,BORDEAUX ST JEAN,SUDOUESTPA,FRBOJ,10:48,FRACG
7722,2023-06-11,HENDAYE,NON,8534,10:42,ATLANTIQUE,DAX,SUDOUESTPA,FRACG,09:32,FRAEF
7723,2023-06-11,NANTES,OUI,5300,05:27,SUD EST,ANGERS ST LAUD,JCATLSUD,FRACL,04:50,FRNTE
7724,2023-06-11,NANTES,NON,5300,11:21,SUD EST,MONTPELLIER SUD DE FRANCE,JCATLSUD,FRSUF,04:50,FRNTE
7725,2023-06-11,BRIVE LA GAILLARDE,OUI,3614,07:08,IC ARO,CHATEAUROUX,TOULOUZECO,FRCHR,04:51,FRBVE
7726,2023-06-11,SOUILLAC,OUI,3750,05:43,IC NUIT,LES AUBRAIS ORLEANS,OCCITANPAR,FRLAB,00:17,FRSOU
7727,2023-06-11,GRAMAT,NON,3754,05:43,IC NUIT,LES AUBRAIS ORLEANS,OCCITANPAR,FRLAB,00:27,FRFSB
7728,2023-06-11,ST DENIS PRES MARTEL,NON,3754,06:50,IC NUIT,PARIS (intramuros),OCCITANPAR,FRPAZ,00:51,FRSDM
7729,2023-06-11,ST PIERRE DES CORPS,NON,8318,17:43,ATLANTIQUE,VENDOME VILLIERS SUR LOIR,ROCHELLEPA,FRESL,17:24,FRXSH
7730,2023-06-11,SARREBRUCK/SAARBRUECKEN,NON,9550,21:10,INTERNATIONAL,FORBACH,FRANCPA,FRBQT,21:01,DESBK
7731,2023-06-11,FRANKFURT MAIN HBF,NON,9554,13:01,INTERNATIONAL,SARREBRUCK/SAARBRUECKEN,FRANCPA,DESBK,10:56,DEFRH
7732,2023-06-11,FRANKFURT MAIN HBF,NON,9554,13:10,INTERNATIONAL,FORBACH,FRANCPA,FRBQT,10:56,DEFRH
7733,2023-06-11,KAISERSLAUTERN HBF,NON,9554,14:52,INTERNATIONAL,PARIS (intramuros),FRANCPA,FRPST,12:24,DEKLT
7734,2023-06-11,MANNHEIM HBF,NON,9554,13:10,INTERNATIONAL,FORBACH,FRANCPA,FRBQT,11:40,DEMHG
7735,2023-06-11,FRANKFURT MAIN HBF,NON,9568,07:36,INTERNATIONAL,MANNHEIM HBF,FRANCPA,DEMHG,06:56,DEFRH
7736,2023-06-11,FRANKFURT MAIN HBF,NON,9568,10:38,INTERNATIONAL,PARIS (intramuros),FRANCPA,FRPST,06:56,DEFRH
7737,2023-06-11,KARLSRUHE HBF,NON,9568,10:38,INTERNATIONAL,PARIS (intramuros),FRANCPA,FRPST,08:06,DEQKA
7738,2023-06-11,MANNHEIM HBF,NON,9563,18:59,INTERNATIONAL,FRANKFURT MAIN HBF,PAFRANC,DEFRH,18:21,DEMHG
7739,2023-06-11,STRASBOURG,NON,9563,18:59,INTERNATIONAL,FRANKFURT MAIN HBF,PAFRANC,DEFRH,17:13,FRAEG
7740,2023-06-11,STRASBOURG,NON,9563,18:18,INTERNATIONAL,MANNHEIM HBF,PAFRANC,DEMHG,17:13,FRAEG
7741,2023-06-11,PARIS (intramuros),NON,9563,18:18,INTERNATIONAL,MANNHEIM HBF,PAFRANC,DEMHG,15:21,FRPST
7742,2023-06-11,PARIS (intramuros),NON,9563,17:53,INTERNATIONAL,KARLSRUHE HBF,PAFRANC,DEQKA,15:21,FRPST
7743,2023-06-11,STRASBOURG,NON,9577,21:36,INTERNATIONAL,MUENCHEN HBF,PASTUTMUN,DEBEG,17:46,FRAEG
7744,2023-06-11,PARIS (intramuros),NON,9577,18:24,INTERNATIONAL,KARLSRUHE HBF,PASTUTMUN,DEQKA,15:55,FRPST
7745,2023-06-11,MANNHEIM HBF,NON,9553,16:59,INTERNATIONAL,FRANKFURT MAIN HBF,PAFRANC,DEFRH,16:17,DEMHG
7746,2023-06-11,SARREBRUCK/SAARBRUECKEN,NON,9553,16:17,INTERNATIONAL,MANNHEIM HBF,PAFRANC,DEMHG,14:59,DESBK
7747,2023-06-11,PARIS (intramuros),NON,9553,16:59,INTERNATIONAL,FRANKFURT MAIN HBF,PAFRANC,DEFRH,13:10,FRPST
7748,2023-06-11,PARIS (intramuros),OUI,7195,23:38,NORD,VALENCIENNES,PAARRAS,FRXVS,21:52,FRPNO
7749,2023-06-11,LILLE (intramuros),NON,9854,12:11,NORD,BRUXELLES MIDI BRUSSEL ZUID,JCSUDNORD,BEBMI,11:37,FRLLE
7750,2023-06-11,MARSEILLE ST CHARLES,NON,9854,12:11,NORD,BRUXELLES MIDI BRUSSEL ZUID,JCSUDNORD,BEBMI,06:33,FRMSC
7751,2023-06-11,MARSEILLE ST CHARLES,NON,9854,07:07,NORD,AVIGNON TGV,JCSUDNORD,FRAVG,06:33,FRMSC
7752,2023-06-11,LES AUBRAIS ORLEANS,OUI,3741,06:16,IC NUIT,ST GAUDENS,PARPALOMBE,FRFPH,22:49,FRLAB
7753,2023-06-11,ANGERS ST LAUD,OUI,8973,11:54,ATLANTIQUE,NANTES,PARISLOIRE,FRNTE,11:16,FRACL
7754,2023-06-11,NANTES,OUI,8973,13:14,ATLANTIQUE,LES SABLES D'OLONNE,PARISLOIRE,FRLSO,12:05,FRNTE
7755,2023-06-11,PARIS (intramuros),OUI,8973,11:54,ATLANTIQUE,NANTES,PARISLOIRE,FRNTE,09:36,FRPMO
7756,2023-06-11,BORDEAUX ST JEAN,NON,3858,22:05,IC SRO,NANTES,BORDONANTE,FRNTE,17:53,FRBOJ
7757,2023-06-11,BORDEAUX ST JEAN,NON,3858,21:22,IC SRO,LA ROCHE SUR YON,BORDONANTE,FRXRO,17:53,FRBOJ
7758,2023-06-11,LA ROCHELLE VILLE,NON,3858,21:22,IC SRO,LA ROCHE SUR YON,BORDONANTE,FRXRO,20:19,FRLRH
7759,2023-06-11,ROCHEFORT,NON,3858,20:58,IC SRO,LUCON,BORDONANTE,FRLCN,19:55,FRRCO
7760,2023-06-11,SAINTES,NON,3858,20:58,IC SRO,LUCON,BORDONANTE,FRLCN,19:25,FRXST
7761,2023-06-11,LUNEVILLE,OUI,2591,16:47,EST,ST DIE DES VOSGES,PANANCY,FRXTD,16:15,FRLNE
7762,2023-06-11,PARIS (intramuros),NON,2591,15:06,EST,MEUSE TGV,PANANCY,FREAJ,13:58,FRPST
7763,2023-06-11,CHAMPAGNE-ARDENNE,NON,2591,16:12,EST,LUNEVILLE,PANANCY,FRLNE,14:41,FREAH
7764,2023-06-11,ANGERS ST LAUD,NON,4404,15:36,IC SRO,NEVERS,JOURNTELYN,FRNVS,12:33,FRACL
7765,2023-06-11,SAUMUR,NON,4404,17:20,IC SRO,ROANNE,JOURNTELYN,FRRNE,12:56,FRACN
7766,2023-06-11,BOURGES,NON,4404,15:36,IC SRO,NEVERS,JOURNTELYN,FRNVS,14:58,FRBOU
7767,2023-06-11,BOURGES,NON,4404,16:41,IC SRO,ST GERMAIN DES FOSSES,JOURNTELYN,FRSGF,14:58,FRBOU
7768,2023-06-11,NANTES,NON,4404,12:54,IC SRO,SAUMUR,JOURNTELYN,FRACN,11:51,FRNTE
7769,2023-06-11,NANTES,NON,4404,16:15,IC SRO,MOULINS SUR ALLIER,JOURNTELYN,FRXMU,11:51,FRNTE
7770,2023-06-11,NEVERS,NON,4404,16:41,IC SRO,ST GERMAIN DES FOSSES,JOURNTELYN,FRSGF,15:47,FRNVS
7771,2023-06-11,NEVERS,NON,4404,16:15,IC SRO,MOULINS SUR ALLIER,JOURNTELYN,FRXMU,15:47,FRNVS
7772,2023-06-11,ST PIERRE DES CORPS,NON,4404,18:26,IC SRO,LYON (intramuros),JOURNTELYN,FRLPD,13:34,FRXSH
7773,2023-06-11,ST PIERRE DES CORPS,NON,4404,15:36,IC SRO,NEVERS,JOURNTELYN,FRNVS,13:34,FRXSH
7774,2023-06-11,VIERZON VILLE,NON,4404,18:39,IC SRO,LYON (intramuros),JOURNTELYN,FRLPE,14:39,FRXVZ
7775,2023-06-11,VIERZON VILLE,NON,4404,16:41,IC SRO,ST GERMAIN DES FOSSES,JOURNTELYN,FRSGF,14:39,FRXVZ
7776,2023-06-11,MODANE,NON,9244,19:14,INTERNATIONAL,PARIS (intramuros),ITALIEPA,FRPLY,15:12,FRAGR
7777,2023-06-11,TORINO PORTA SUSA,NON,9244,16:15,INTERNATIONAL,CHAMBERY CHALLES LES EAUX,ITALIEPA,FRCMF,13:38,ITTRS
7778,2023-06-11,MODANE,NON,9245,15:23,INTERNATIONAL,TORINO PORTA SUSA,PAITALIE,ITTRS,13:55,FRAGR
7779,2023-06-11,CHAMBERY CHALLES LES EAUX,NON,9245,15:23,INTERNATIONAL,TORINO PORTA SUSA,PAITALIE,ITTRS,12:44,FRCMF
7780,2023-06-11,PARIS (intramuros),NON,9245,16:50,INTERNATIONAL,MILANO P GARIBALDI,PAITALIE,ITMPG,09:44,FRPLY
7781,2023-06-11,PARIS (intramuros),NON,9245,14:23,INTERNATIONAL,OULX CESANA CLAV SESTRIERE,PAITALIE,ITOCS,09:44,FRPLY
7782,2023-06-11,LIMOGES BENEDICTINS,NON,3650,16:18,IC ARO,LES AUBRAIS ORLEANS,TOULOUZECO,FRLAB,13:51,FRAGQ
7783,2023-06-11,LIMOGES BENEDICTINS,NON,3650,17:22,IC ARO,PARIS (intramuros),TOULOUZECO,FRPAZ,13:51,FRAGQ
7784,2023-06-11,BRIVE LA GAILLARDE,OUI,3650,13:48,IC ARO,LIMOGES BENEDICTINS,TOULOUZECO,FRAGQ,12:48,FRBVE
7785,2023-06-11,BRIVE LA GAILLARDE,NON,3650,16:18,IC ARO,LES AUBRAIS ORLEANS,TOULOUZECO,FRLAB,12:48,FRBVE
7786,2023-06-11,GOURDON,NON,3650,13:48,IC ARO,LIMOGES BENEDICTINS,TOULOUZECO,FRAGQ,12:02,FRFSI
7787,2023-06-11,CAUSSADE TARN ET GARONNE,NON,3650,11:33,IC ARO,CAHORS,TOULOUZECO,FRZAO,11:08,FRFTA
7788,2023-06-11,MONTAUBAN VILLE BOURBON,NON,3650,13:48,IC ARO,LIMOGES BENEDICTINS,TOULOUZECO,FRAGQ,10:54,FRXMW
7789,2023-06-11,VIERZON VILLE,NON,3650,16:18,IC ARO,LES AUBRAIS ORLEANS,TOULOUZECO,FRLAB,15:39,FRXVZ
7790,2023-06-11,TOULOUSE MATABIAU,NON,3650,17:22,IC ARO,PARIS (intramuros),TOULOUZECO,FRPAZ,10:22,FRXYT
7791,2023-06-11,TOULOUSE MATABIAU,OUI,3650,10:52,IC ARO,MONTAUBAN VILLE BOURBON,TOULOUZECO,FRXMW,10:22,FRXYT
7792,2023-06-11,CAHORS,NON,3650,12:45,IC ARO,BRIVE LA GAILLARDE,TOULOUZECO,FRBVE,11:35,FRZAO
7793,2023-06-11,CAHORS,NON,3650,14:24,IC ARO,LA SOUTERRAINE,TOULOUZECO,FRLST,11:35,FRZAO
7794,2023-06-11,GOURDON,NON,3650,14:24,IC ARO,LA SOUTERRAINE,TOULOUZECO,FRLST,12:02,FRFSI
7795,2023-06-11,BREST,NON,8642,21:08,ATLANTIQUE,PARIS (intramuros),BRETAPARIS,FRPMO,17:22,FRBES
7796,2023-06-11,GUINGAMP,NON,8642,21:08,ATLANTIQUE,PARIS (intramuros),BRETAPARIS,FRPMO,18:24,FRGGP
7797,2023-06-11,MORLAIX,NON,8642,21:08,ATLANTIQUE,PARIS (intramuros),BRETAPARIS,FRPMO,17:55,FRMXN
7798,2023-06-11,RENNES,NON,8642,21:08,ATLANTIQUE,PARIS (intramuros),BRETAPARIS,FRPMO,19:35,FRRNS
7799,2023-06-11,ST BRIEUC,NON,8642,19:29,ATLANTIQUE,RENNES,BRETAPARIS,FRRNS,18:41,FRSBK
7800,2023-06-11,ANGERS ST LAUD,NON,8134,00:12,ATLANTIQUE,PARIS (intramuros),LOIREPARIS,FRPMO,22:47,FRACL
7801,2023-06-11,LIMOGES BENEDICTINS,OUI,3614,09:22,IC ARO,PARIS (intramuros),TOULOUZECO,FRPAZ,05:56,FRAGQ
7802,2023-06-11,ARGENTON SUR CREUSE,OUI,3614,09:22,IC ARO,PARIS (intramuros),TOULOUZECO,FRPAZ,06:56,FRFMT
7803,2023-06-11,ARGENTON SUR CREUSE,OUI,3614,07:48,IC ARO,VIERZON VILLE,TOULOUZECO,FRXVZ,06:56,FRFMT
7804,2023-06-11,UZERCHE,OUI,3614,06:55,IC ARO,ARGENTON SUR CREUSE,TOULOUZECO,FRFMT,05:17,FRAAW
7805,2023-06-11,CLERMONT FERRAND,OUI,5982,17:40,IC ARO,RIOM CHATEL GUYON,CLERMONTPA,FRRIO,17:31,FRCFE
7806,2023-06-11,RIOM CHATEL GUYON,NON,5982,20:56,IC ARO,PARIS (intramuros),CLERMONTPA,FRPLY,17:42,FRRIO
7807,2023-06-11,RIOM CHATEL GUYON,OUI,5982,18:04,IC ARO,VICHY,CLERMONTPA,FRVHY,17:42,FRRIO
7808,2023-06-11,MOULINS SUR ALLIER,NON,5982,18:58,IC ARO,NEVERS,CLERMONTPA,FRNVS,18:31,FRXMU
7809,2023-06-11,PAU,OUI,8572,15:19,ATLANTIQUE,TARBES,PASUDOUEST,FRXTB,14:27,FRAEE
7810,2023-06-11,ORTHEZ,OUI,8572,14:53,ATLANTIQUE,LOURDES,PASUDOUEST,FRLDE,14:04,FRGFI
7811,2023-06-11,PARIS (intramuros),NON,8572,14:01,ATLANTIQUE,ORTHEZ,PASUDOUEST,FRGFI,10:08,FRPMO
7812,2023-06-11,VALENCE TGV RHONE-ALPES SUD,NON,6054,22:08,SUD EST,PARIS (intramuros),LANGPA,FRPLY,19:54,FRVLA
7813,2023-06-11,NIMES PONT DU GARD,NON,6054,19:51,SUD EST,VALENCE TGV RHONE-ALPES SUD,LANGPA,FRVLA,19:14,FRXZP
7814,2023-06-11,MONTPELLIER SUD DE FRANCE,OUI,6054,19:11,SUD EST,NIMES PONT DU GARD,LANGPA,FRXZP,18:52,FRSUF
7815,2023-06-11,MULHOUSE VILLE,NON,9219,19:26,INTERNATIONAL,BASEL SBB,PABALZUR,CHAJP,19:06,FRAEK
7816,2023-06-11,PARIS (intramuros),NON,9219,20:26,INTERNATIONAL,ZUERICH HB,PABALZUR,CHAJD,16:20,FRPLY
7817,2023-06-11,BELFORT-MONTBELIARD TGV,NON,9219,19:26,INTERNATIONAL,BASEL SBB,PABALZUR,CHAJP,18:41,FRTJA
7818,2023-06-11,DIJON VILLE,NON,5537,19:10,EST,AVIGNON TGV,JCRHINRHON,FRAVG,16:20,FRABA
7819,2023-06-11,DIJON VILLE,NON,5537,21:59,EST,CANNES,JCRHINRHON,FRJCA,16:20,FRABA
7820,2023-06-11,DIJON VILLE,NON,5537,16:39,EST,BEAUNE,JCRHINRHON,FRXBV,16:20,FRABA
7821,2023-06-11,STRASBOURG,NON,5537,19:31,EST,AIX EN PROVENCE TGV,JCRHINRHON,FRAIE,13:37,FRAEG
7822,2023-06-11,STRASBOURG,NON,5537,17:56,EST,LYON (intramuros),JCRHINRHON,FRLPD,13:37,FRAEG
7823,2023-06-11,STRASBOURG,NON,5537,22:11,EST,ANTIBES,JCRHINRHON,FRXAT,13:37,FRAEG
7824,2023-06-11,COLMAR,NON,5537,22:30,EST,NICE VILLE,JCRHINRHON,FRNIC,14:05,FRAEJ
7825,2023-06-11,COLMAR,OUI,5537,15:29,EST,BESANCON - F COMTE TGV,JCRHINRHON,FRTJB,14:05,FRAEJ
7826,2023-06-11,COLMAR,NON,5537,20:41,EST,TOULON,JCRHINRHON,FRTLN,14:05,FRAEJ
7827,2023-06-11,COLMAR,NON,5537,21:17,EST,LES ARCS DRAGUIGNAN,JCRHINRHON,FRXRS,14:05,FRAEJ
7828,2023-06-11,MULHOUSE VILLE,OUI,5537,16:04,EST,DIJON VILLE,JCRHINRHON,FRABA,14:41,FRAEK
7829,2023-06-11,MULHOUSE VILLE,NON,5537,19:31,EST,AIX EN PROVENCE TGV,JCRHINRHON,FRAIE,14:41,FRAEK
7830,2023-06-11,MULHOUSE VILLE,NON,5537,21:59,EST,CANNES,JCRHINRHON,FRJCA,14:41,FRAEK
7831,2023-06-11,MULHOUSE VILLE,NON,5537,17:56,EST,LYON (intramuros),JCRHINRHON,FRLPD,14:41,FRAEK
7832,2023-06-11,MULHOUSE VILLE,NON,5537,22:30,EST,NICE VILLE,JCRHINRHON,FRNIC,14:41,FRAEK
7833,2023-06-11,AIX EN PROVENCE TGV,NON,5537,21:59,EST,CANNES,JCRHINRHON,FRJCA,19:33,FRAIE
7834,2023-06-11,AVIGNON TGV,NON,5537,19:31,EST,AIX EN PROVENCE TGV,JCRHINRHON,FRAIE,19:12,FRAVG
7835,2023-06-11,AVIGNON TGV,NON,5537,21:17,EST,LES ARCS DRAGUIGNAN,JCRHINRHON,FRXRS,19:12,FRAVG
7836,2023-06-11,NANCY,OUI,5537,13:29,EST,STRASBOURG,JCRHINRHON,FRAEG,12:26,FRENC
7837,2023-06-11,NANCY,NON,5537,19:10,EST,AVIGNON TGV,JCRHINRHON,FRAVG,12:26,FRENC
7838,2023-06-11,NANCY,NON,5537,20:41,EST,TOULON,JCRHINRHON,FRTLN,12:26,FRENC
7839,2023-06-11,NANCY,NON,5537,22:11,EST,ANTIBES,JCRHINRHON,FRXAT,12:26,FRENC
7840,2023-06-11,LYON (intramuros),NON,5537,21:59,EST,CANNES,JCRHINRHON,FRJCA,18:04,FRLPD
7841,2023-06-11,LYON (intramuros),NON,5537,20:41,EST,TOULON,JCRHINRHON,FRTLN,18:04,FRLPD
7842,2023-06-11,MARSEILLE ST CHARLES,OUI,5537,22:30,EST,NICE VILLE,JCRHINRHON,FRNIC,19:57,FRMSC
7843,2023-06-11,BESANCON - F COMTE TGV,NON,5537,19:31,EST,AIX EN PROVENCE TGV,JCRHINRHON,FRAIE,15:36,FRTJB
7844,2023-06-11,BESANCON - F COMTE TGV,NON,5537,17:56,EST,LYON (intramuros),JCRHINRHON,FRLPD,15:36,FRTJB
7845,2023-06-11,BEAUNE,NON,5537,19:10,EST,AVIGNON TGV,JCRHINRHON,FRAVG,16:42,FRXBV
7846,2023-06-11,BEAUNE,NON,5537,21:34,EST,ST RAPHAEL VALESCURE,JCRHINRHON,FRXSK,16:42,FRXBV
7847,2023-06-11,LES ARCS DRAGUIGNAN,OUI,5537,22:30,EST,NICE VILLE,JCRHINRHON,FRNIC,21:20,FRXRS
7848,2023-06-11,ST RAPHAEL VALESCURE,OUI,5537,21:59,EST,CANNES,JCRHINRHON,FRJCA,21:37,FRXSK
7849,2023-06-11,ST RAPHAEL VALESCURE,OUI,5537,22:11,EST,ANTIBES,JCRHINRHON,FRXAT,21:37,FRXSK
7850,2023-06-11,NANCY,NON,5537,16:39,EST,BEAUNE,JCRHINRHON,FRXBV,12:26,FRENC
7851,2023-06-11,BESANCON - F COMTE TGV,NON,5537,21:34,EST,ST RAPHAEL VALESCURE,JCRHINRHON,FRXSK,15:36,FRTJB
7852,2023-06-11,NANCY,OUI,5537,15:29,EST,BESANCON - F COMTE TGV,JCRHINRHON,FRTJB,12:26,FRENC
7853,2023-06-11,STRASBOURG,NON,5537,16:39,EST,BEAUNE,JCRHINRHON,FRXBV,13:37,FRAEG
7854,2023-06-11,MULHOUSE VILLE,NON,5537,16:39,EST,BEAUNE,JCRHINRHON,FRXBV,14:41,FRAEK
7855,2023-06-11,BESANCON - F COMTE TGV,NON,5537,16:39,EST,BEAUNE,JCRHINRHON,FRXBV,15:36,FRTJB
7856,2023-06-11,BEZIERS,OUI,6036,17:08,SUD EST,AGDE,LANGPA,FRXAG,16:58,FRBZR
7857,2023-06-11,VALENCE TGV RHONE-ALPES SUD,NON,6036,21:18,SUD EST,PARIS (intramuros),LANGPA,FRPLY,19:06,FRVLA
7858,2023-06-11,NARBONNE,OUI,6036,17:24,SUD EST,SETE,LANGPA,FRXSY,16:42,FRXNA
7859,2023-06-11,LYON (intramuros),NON,6620,16:08,SUD EST,PARIS (intramuros),RHONEPARIS,FRPLY,14:04,FRLPD
7860,2023-06-11,LYON (intramuros),NON,6620,16:08,SUD EST,PARIS (intramuros),RHONEPARIS,FRPLY,13:50,FRLPE
7861,2023-06-11,PARIS (intramuros),NON,7073,20:18,NORD,LILLE (intramuros),PALILLE,FRADJ,19:16,FRPNO
7862,2023-06-11,AGEN,NON,4663,19:21,IC ARO,NIMES,TJOURSOSE,FRFNI,15:30,FRAGF
7863,2023-06-11,AGEN,NON,4663,18:53,IC ARO,MONTPELLIER SAINT-ROCH,TJOURSOSE,FRMPL,15:30,FRAGF
7864,2023-06-11,BORDEAUX ST JEAN,NON,4663,20:36,IC ARO,MARSEILLE ST CHARLES,TJOURSOSE,FRMSC,14:26,FRBOJ
7865,2023-06-11,NIMES,NON,4663,20:36,IC ARO,MARSEILLE ST CHARLES,TJOURSOSE,FRMSC,19:24,FRFNI
7866,2023-06-11,MONTPELLIER SAINT-ROCH,NON,4663,19:21,IC ARO,NIMES,TJOURSOSE,FRFNI,18:57,FRMPL
7867,2023-06-11,MONTAUBAN VILLE BOURBON,NON,4663,17:58,IC ARO,NARBONNE,TJOURSOSE,FRXNA,16:07,FRXMW
7868,2023-06-11,NARBONNE,NON,4663,18:14,IC ARO,BEZIERS,TJOURSOSE,FRBZR,18:01,FRXNA
7869,2023-06-11,TOULOUSE MATABIAU,NON,4663,17:58,IC ARO,NARBONNE,TJOURSOSE,FRXNA,16:44,FRXYT
7870,2023-06-11,DOUAI,NON,7124,16:08,NORD,PARIS (intramuros),ARRASPA,FRPNO,14:51,FRXDN
7871,2023-06-11,NANTES,OUI,8144,17:45,ATLANTIQUE,ANGERS ST LAUD,LOIREPARIS,FRACL,17:09,FRNTE
7872,2023-06-11,LAVAL,NON,8066,23:49,ATLANTIQUE,PARIS (intramuros),BRETAPARIS,FRPMO,22:19,FRACR
7873,2023-06-11,DIJON VILLE,NON,6705,14:12,SUD EST,MULHOUSE VILLE,PABOUR,FRAEK,12:56,FRABA
7874,2023-06-11,DAX,OUI,8592,22:53,ATLANTIQUE,LOURDES,PASUDOUEST,FRLDE,21:36,FRACG
7875,2023-06-11,PARIS (intramuros),NON,8592,22:02,ATLANTIQUE,ORTHEZ,PASUDOUEST,FRGFI,18:07,FRPMO
7876,2023-06-11,PARIS (intramuros),NON,8592,23:19,ATLANTIQUE,TARBES,PASUDOUEST,FRXTB,18:07,FRPMO
7877,2023-06-11,NIMES,NON,4657,13:50,IC ARO,ARLES,TJOURSOSE,FRHZA,13:23,FRFNI
7878,2023-06-11,MARMANDE,NON,4657,14:38,IC ARO,MARSEILLE ST CHARLES,TJOURSOSE,FRMSC,09:04,FRXMR
7879,2023-06-11,MONTAUBAN VILLE BOURBON,OUI,4657,10:40,IC ARO,TOULOUSE MATABIAU,TJOURSOSE,FRXYT,10:08,FRXMW
7880,2023-06-11,NARBONNE,NON,4657,14:38,IC ARO,MARSEILLE ST CHARLES,TJOURSOSE,FRMSC,12:01,FRXNA
7881,2023-06-11,TOULOUSE MATABIAU,NON,4657,12:52,IC ARO,MONTPELLIER SAINT-ROCH,TJOURSOSE,FRMPL,10:45,FRXYT
7882,2023-06-11,TOULOUSE MATABIAU,NON,4657,12:34,IC ARO,SETE,TJOURSOSE,FRXSY,10:45,FRXYT
7883,2023-06-11,ANGERS ST LAUD,OUI,8126,19:28,ATLANTIQUE,LE MANS,LOIREPARIS,FRAET,18:44,FRACL
7884,2023-06-11,ANGERS ST LAUD,OUI,8126,19:05,ATLANTIQUE,SABLE SUR SARTHE,LOIREPARIS,FRSAB,18:44,FRACL
7885,2023-06-11,SABLE SUR SARTHE,NON,8126,20:29,ATLANTIQUE,PARIS (intramuros),LOIREPARIS,FRPMO,19:07,FRSAB
7886,2023-06-11,AVIGNON TGV,NON,6128,20:22,SUD EST,PARIS (intramuros),PROVENCEPA,FRPLY,17:37,FRAVG
7887,2023-06-11,ANGOULEME,NON,5260,11:41,NORD,AEROPORT CDG2 TGV ROISSY,JCAQUINORD,FRMLW,08:36,FRANG
7888,2023-06-11,BORDEAUX ST JEAN,NON,5260,11:27,NORD,MARNE LA VALLEE CHESSY,JCAQUINORD,FRMLV,07:58,FRBOJ
7889,2023-06-11,AEROPORT CDG2 TGV ROISSY,OUI,5260,12:40,NORD,LILLE (intramuros),JCAQUINORD,FRADJ,11:48,FRMLW
7890,2023-06-11,ST PIERRE DES CORPS,NON,5260,12:40,NORD,LILLE (intramuros),JCAQUINORD,FRADJ,09:57,FRXSH
7891,2023-06-11,PARIS (intramuros),NON,8455,22:26,ATLANTIQUE,ANGOULEME,PASUDOUEST,FRANG,20:36,FRPMO
7892,2023-06-11,PARIS (intramuros),OUI,5771,08:30,IC NUIT,CANNES,PARAZUR,FRJCA,20:48,FRPAZ
7893,2023-06-11,PARIS (intramuros),OUI,5771,07:09,IC NUIT,TOULON,PARAZUR,FRTLN,20:48,FRPAZ
7894,2023-06-11,LYON (intramuros),OUI,6611,13:10,SUD EST,LYON (intramuros),PARISRHONE,FRLPE,13:02,FRLPD
7895,2023-06-11,CANNES,NON,6188,13:50,SUD EST,PARIS (intramuros),AZURPA,FRPLY,08:28,FRJCA
7896,2023-06-11,CANNES,OUI,6188,08:50,SUD EST,ST RAPHAEL VALESCURE,AZURPA,FRXSK,08:28,FRJCA
7897,2023-06-11,ANTIBES,NON,6188,10:33,SUD EST,MARSEILLE ST CHARLES,AZURPA,FRMSC,08:14,FRXAT
7898,2023-06-11,ANTIBES,OUI,6188,08:50,SUD EST,ST RAPHAEL VALESCURE,AZURPA,FRXSK,08:14,FRXAT
7899,2023-06-11,ST RAPHAEL VALESCURE,OUI,6188,09:44,SUD EST,TOULON,AZURPA,FRTLN,08:53,FRXSK
7900,2023-06-11,BEZIERS,NON,4764,19:18,IC ARO,TOULOUSE MATABIAU,TJOURSESO,FRXYT,17:47,FRBZR
7901,2023-06-11,NIMES,NON,4764,17:44,IC ARO,BEZIERS,TJOURSESO,FRBZR,16:38,FRFNI
7902,2023-06-11,NIMES,NON,4764,19:53,IC ARO,MONTAUBAN VILLE BOURBON,TJOURSESO,FRXMW,16:38,FRFNI
7903,2023-06-11,NIMES,NON,4764,18:01,IC ARO,NARBONNE,TJOURSESO,FRXNA,16:38,FRFNI
7904,2023-06-11,MARMANDE,OUI,4764,21:39,IC ARO,BORDEAUX ST JEAN,TJOURSESO,FRBOJ,21:00,FRXMR
7905,2023-06-11,MONTAUBAN VILLE BOURBON,OUI,4764,20:58,IC ARO,MARMANDE,TJOURSESO,FRXMR,19:55,FRXMW
7906,2023-06-11,NARBONNE,NON,4764,21:39,IC ARO,BORDEAUX ST JEAN,TJOURSESO,FRBOJ,18:04,FRXNA
7907,2023-06-11,NARBONNE,NON,4764,18:34,IC ARO,CARCASSONNE,TJOURSESO,FRCCF,18:04,FRXNA
7908,2023-06-11,NARBONNE,NON,4764,20:58,IC ARO,MARMANDE,TJOURSESO,FRXMR,18:04,FRXNA
7909,2023-06-11,NARBONNE,NON,4764,19:53,IC ARO,MONTAUBAN VILLE BOURBON,TJOURSESO,FRXMW,18:04,FRXNA
7910,2023-06-11,NARBONNE,NON,4764,19:18,IC ARO,TOULOUSE MATABIAU,TJOURSESO,FRXYT,18:04,FRXNA
7911,2023-06-11,TOULOUSE MATABIAU,OUI,4764,21:39,IC ARO,BORDEAUX ST JEAN,TJOURSESO,FRBOJ,19:24,FRXYT
7912,2023-06-11,LOURDES,OUI,8562,10:38,ATLANTIQUE,DAX,SUDOUESTPA,FRACG,09:23,FRLDE
7913,2023-06-11,LOURDES,OUI,8562,12:06,ATLANTIQUE,BORDEAUX ST JEAN,SUDOUESTPA,FRBOJ,09:23,FRLDE
7914,2023-06-11,TARBES,OUI,8562,09:13,ATLANTIQUE,LOURDES,SUDOUESTPA,FRLDE,08:59,FRXTB
7915,2023-06-11,BEZIERS,NON,4758,15:38,IC ARO,BORDEAUX ST JEAN,TJOURSESO,FRBOJ,11:47,FRBZR
7916,2023-06-11,BEZIERS,NON,4758,12:34,IC ARO,CARCASSONNE,TJOURSESO,FRCCF,11:47,FRBZR
7917,2023-06-11,CARCASSONNE,NON,4758,14:59,IC ARO,MARMANDE,TJOURSESO,FRXMR,12:36,FRCCF
7918,2023-06-11,CARCASSONNE,NON,4758,13:54,IC ARO,MONTAUBAN VILLE BOURBON,TJOURSESO,FRXMW,12:36,FRCCF
7919,2023-06-11,NIMES,NON,4758,12:34,IC ARO,CARCASSONNE,TJOURSESO,FRCCF,10:38,FRFNI
7920,2023-06-11,NIMES,NON,4758,14:59,IC ARO,MARMANDE,TJOURSESO,FRXMR,10:38,FRFNI
7921,2023-06-11,NIMES,NON,4758,12:01,IC ARO,NARBONNE,TJOURSESO,FRXNA,10:38,FRFNI
7922,2023-06-11,NIMES,NON,4758,13:19,IC ARO,TOULOUSE MATABIAU,TJOURSESO,FRXYT,10:38,FRFNI
7923,2023-06-11,MONTPELLIER SAINT-ROCH,NON,4758,11:44,IC ARO,BEZIERS,TJOURSESO,FRBZR,11:07,FRMPL
7924,2023-06-11,MONTPELLIER SAINT-ROCH,NON,4758,13:54,IC ARO,MONTAUBAN VILLE BOURBON,TJOURSESO,FRXMW,11:07,FRMPL
7925,2023-06-11,MARSEILLE ST CHARLES,NON,4758,13:19,IC ARO,TOULOUSE MATABIAU,TJOURSESO,FRXYT,09:27,FRMSC
7926,2023-06-11,MARMANDE,NON,4758,15:38,IC ARO,BORDEAUX ST JEAN,TJOURSESO,FRBOJ,15:01,FRXMR
7927,2023-06-11,MONTAUBAN VILLE BOURBON,NON,4758,15:38,IC ARO,BORDEAUX ST JEAN,TJOURSESO,FRBOJ,13:56,FRXMW
7928,2023-06-11,NARBONNE,NON,4758,12:34,IC ARO,CARCASSONNE,TJOURSESO,FRCCF,12:04,FRXNA
7929,2023-06-11,NARBONNE,NON,4758,13:54,IC ARO,MONTAUBAN VILLE BOURBON,TJOURSESO,FRXMW,12:04,FRXNA
7930,2023-06-11,TOULOUSE MATABIAU,NON,4758,15:38,IC ARO,BORDEAUX ST JEAN,TJOURSESO,FRBOJ,13:25,FRXYT
7931,2023-06-11,PARIS (intramuros),OUI,8361,15:35,ATLANTIQUE,NIORT,PAROCHELLE,FRNIT,13:37,FRPMO
7932,2023-06-11,FRANKFURT MAIN HBF,NON,9552,13:38,INTERNATIONAL,MANNHEIM HBF,FRANCPA,DEMHG,12:56,DEFRH
7933,2023-06-11,KAISERSLAUTERN HBF,NON,9552,16:54,INTERNATIONAL,PARIS (intramuros),FRANCPA,FRPST,14:24,DEKLT
7934,2023-06-11,MANNHEIM HBF,NON,9552,15:02,INTERNATIONAL,SARREBRUCK/SAARBRUECKEN,FRANCPA,DESBK,13:42,DEMHG
7935,2023-06-11,LYON (intramuros),NON,6608,10:08,SUD EST,PARIS (intramuros),RHONEPARIS,FRPLY,08:04,FRLPD
7936,2023-06-11,LYON (intramuros),NON,6608,08:46,SUD EST,LE CREUSOT MONTCEAU MONTCHANIN,RHONEPARIS,FRXCC,08:04,FRLPD
7937,2023-06-11,DAX,NON,8551,22:47,ATLANTIQUE,HENDAYE,PASUDOUEST,FRAEF,21:32,FRACG
7938,2023-06-11,PARIS (intramuros),NON,8551,22:32,ATLANTIQUE,ST JEAN DE LUZ CIBOURE,PASUDOUEST,FRXJZ,18:07,FRPMO
7939,2023-06-11,ORTHEZ,NON,14141,13:06,IC SRO,BAYONNE,SUDOUEST,FRXBY,12:23,FRGFI
7940,2023-06-11,LOURDES,NON,14141,11:57,IC SRO,PAU,SUDOUEST,FRAEE,11:32,FRLDE
7941,2023-06-11,LOURDES,NON,14141,12:21,IC SRO,ORTHEZ,SUDOUEST,FRGFI,11:32,FRLDE
7942,2023-06-11,MONTREJEAU GOURDAN POLIGNAN,NON,14141,11:12,IC SRO,TARBES,SUDOUEST,FRXTB,10:39,FRMTJ
7943,2023-06-11,TARBES,NON,14141,12:21,IC SRO,ORTHEZ,SUDOUEST,FRGFI,11:15,FRXTB
7944,2023-06-11,PERPIGNAN,NON,6252,15:04,SUD EST,PARIS (intramuros),LANGPA,FRPLY,10:04,FRPGF
7945,2023-06-11,PERPIGNAN,OUI,6252,11:09,SUD EST,AGDE,LANGPA,FRXAG,10:04,FRPGF
7946,2023-06-11,NARBONNE,OUI,6252,11:45,SUD EST,MONTPELLIER SUD DE FRANCE,LANGPA,FRSUF,10:42,FRXNA
7947,2023-06-11,NARBONNE,NON,6252,12:11,SUD EST,NIMES PONT DU GARD,LANGPA,FRXZP,10:42,FRXNA
7948,2023-06-11,AGDE,NON,6252,12:11,SUD EST,NIMES PONT DU GARD,LANGPA,FRXZP,11:12,FRXAG
7949,2023-06-11,PARIS (intramuros),OUI,7389,22:04,NORD,DUNKERQUE,PAARRAS,FRADI,19:52,FRPNO
7950,2023-06-11,PARIS (intramuros),OUI,7389,21:16,NORD,BETHUNE,PAARRAS,FRXBH,19:52,FRPNO
7951,2023-06-11,LIMOGES BENEDICTINS,NON,3619,14:49,IC ARO,MONTAUBAN VILLE BOURBON,PALITO,FRXMW,11:56,FRAGQ
7952,2023-06-11,LIMOGES BENEDICTINS,NON,3619,15:23,IC ARO,TOULOUSE MATABIAU,PALITO,FRXYT,11:56,FRAGQ
7953,2023-06-11,BRIVE LA GAILLARDE,NON,3619,14:49,IC ARO,MONTAUBAN VILLE BOURBON,PALITO,FRXMW,13:00,FRBVE
7954,2023-06-11,BRIVE LA GAILLARDE,NON,3619,15:23,IC ARO,TOULOUSE MATABIAU,PALITO,FRXYT,13:00,FRBVE
7955,2023-06-11,CHATEAUROUX,NON,3619,11:17,IC ARO,LA SOUTERRAINE,PALITO,FRLST,10:41,FRCHR
7956,2023-06-11,GOURDON,NON,3619,14:49,IC ARO,MONTAUBAN VILLE BOURBON,PALITO,FRXMW,13:42,FRFSI
7957,2023-06-11,CAUSSADE TARN ET GARONNE,NON,3619,14:49,IC ARO,MONTAUBAN VILLE BOURBON,PALITO,FRXMW,14:35,FRFTA
7958,2023-06-11,LES AUBRAIS ORLEANS,NON,3619,11:17,IC ARO,LA SOUTERRAINE,PALITO,FRLST,09:28,FRLAB
7959,2023-06-11,LES AUBRAIS ORLEANS,NON,3619,13:24,IC ARO,SOUILLAC,PALITO,FRSOU,09:28,FRLAB
7960,2023-06-11,LA SOUTERRAINE,NON,3619,13:40,IC ARO,GOURDON,PALITO,FRFSI,11:19,FRLST
7961,2023-06-11,LA SOUTERRAINE,NON,3619,13:24,IC ARO,SOUILLAC,PALITO,FRSOU,11:19,FRLST
7962,2023-06-11,PARIS (intramuros),NON,3619,13:40,IC ARO,GOURDON,PALITO,FRFSI,08:22,FRPAZ
7963,2023-06-11,PARIS (intramuros),NON,3619,14:07,IC ARO,CAHORS,PALITO,FRZAO,08:22,FRPAZ
7964,2023-06-11,VIERZON VILLE,NON,3619,11:53,IC ARO,LIMOGES BENEDICTINS,PALITO,FRAGQ,10:09,FRXVZ
7965,2023-06-11,VIERZON VILLE,NON,3619,14:34,IC ARO,CAUSSADE TARN ET GARONNE,PALITO,FRFTA,10:09,FRXVZ
7966,2023-06-11,LA SOUTERRAINE,NON,3619,14:49,IC ARO,MONTAUBAN VILLE BOURBON,PALITO,FRXMW,11:19,FRLST
7967,2023-06-11,LA SOUTERRAINE,NON,3619,14:34,IC ARO,CAUSSADE TARN ET GARONNE,PALITO,FRFTA,11:19,FRLST
7968,2023-06-11,LIMOGES BENEDICTINS,NON,3664,20:35,IC ARO,PARIS (intramuros),TOULOUZECO,FRPAZ,16:54,FRAGQ
7969,2023-06-11,BRIVE LA GAILLARDE,NON,3664,18:08,IC ARO,CHATEAUROUX,TOULOUZECO,FRCHR,15:52,FRBVE
7970,2023-06-11,BRIVE LA GAILLARDE,OUI,3664,17:27,IC ARO,LA SOUTERRAINE,TOULOUZECO,FRLST,15:52,FRBVE
7971,2023-06-11,CHATEAUROUX,NON,3664,20:35,IC ARO,PARIS (intramuros),TOULOUZECO,FRPAZ,18:10,FRCHR
7972,2023-06-11,LA SOUTERRAINE,NON,3664,18:43,IC ARO,VIERZON VILLE,TOULOUZECO,FRXVZ,17:29,FRLST
7973,2023-06-11,VIERZON VILLE,NON,3664,20:35,IC ARO,PARIS (intramuros),TOULOUZECO,FRPAZ,18:45,FRXVZ
7974,2023-06-11,TOULOUSE MATABIAU,NON,14151,15:53,IC SRO,PAU,SUDOUEST,FRAEE,13:30,FRXYT
7975,2023-06-11,HENDAYE,NON,8530,08:26,ATLANTIQUE,DAX,SUDOUESTPA,FRACG,07:12,FRAEF
7976,2023-06-11,HENDAYE,OUI,8530,07:36,ATLANTIQUE,BIARRITZ,SUDOUESTPA,FRBIQ,07:12,FRAEF
7977,2023-06-11,BIARRITZ,NON,8530,11:52,ATLANTIQUE,PARIS (intramuros),SUDOUESTPA,FRPMO,07:39,FRBIQ
7978,2023-06-11,BAYONNE,NON,8530,09:40,ATLANTIQUE,BORDEAUX ST JEAN,SUDOUESTPA,FRBOJ,07:54,FRXBY
7979,2023-06-11,AIX EN PROVENCE TGV,OUI,6133,00:00,SUD EST,MARSEILLE ST CHARLES,PAPROVENCE,FRMSC,23:49,FRAIE
7980,2023-06-11,PARIS (intramuros),NON,6133,23:22,SUD EST,AVIGNON TGV,PAPROVENCE,FRAVG,20:35,FRPLY
7981,2023-06-11,SURGERES,OUI,8375,12:22,ATLANTIQUE,LA ROCHELLE VILLE,PAROCHELLE,FRLRH,12:02,FREIP
7982,2023-06-11,ST MAIXENT DEUX SEVRES,OUI,8375,11:59,ATLANTIQUE,SURGERES,PAROCHELLE,FREIP,11:23,FREJC
7983,2023-06-11,NIORT,OUI,8375,12:22,ATLANTIQUE,LA ROCHELLE VILLE,PAROCHELLE,FRLRH,11:41,FRNIT
7984,2023-06-11,PARIS (intramuros),OUI,8375,12:22,ATLANTIQUE,LA ROCHELLE VILLE,PAROCHELLE,FRLRH,09:12,FRPMO
7985,2023-06-11,PARIS (intramuros),OUI,8375,11:38,ATLANTIQUE,NIORT,PAROCHELLE,FRNIT,09:12,FRPMO
7986,2023-06-11,PARIS (intramuros),OUI,8375,10:50,ATLANTIQUE,POITIERS,PAROCHELLE,FRPIS,09:12,FRPMO
7987,2023-06-11,ST PIERRE DES CORPS,OUI,8375,11:38,ATLANTIQUE,NIORT,PAROCHELLE,FRNIT,10:16,FRXSH
7988,2023-06-11,CLERMONT FERRAND,OUI,5974,15:04,IC ARO,VICHY,CLERMONTPA,FRVHY,14:31,FRCFE
7989,2023-06-11,MOULINS SUR ALLIER,OUI,5974,15:58,IC ARO,NEVERS,CLERMONTPA,FRNVS,15:31,FRXMU
7990,2023-06-11,LE MANS,NON,8913,12:33,ATLANTIQUE,ST NAZAIRE,PARISLOIRE,FRSNR,10:36,FRAET
7991,2023-06-11,NANTES,OUI,8913,12:33,ATLANTIQUE,ST NAZAIRE,PARISLOIRE,FRSNR,12:00,FRNTE
7992,2023-06-11,PARIS (intramuros),NON,8913,10:33,ATLANTIQUE,LE MANS,PARISLOIRE,FRAET,09:36,FRPMO
7993,2023-06-11,NEUSSARGUES,NON,15940,15:22,IC SRO,BRASSAC LES MINES STE FLORINE,JOUNOREST,FRHLE,14:36,FRNEU
7994,2023-06-11,GRENOBLE,NON,6920,17:48,SUD EST,PARIS (intramuros),GRENOBLEPA,FRPLY,14:46,FRGNB
7995,2023-06-11,AIX EN PROVENCE TGV,NON,6144,00:23,SUD EST,PARIS (intramuros),PROVENCEPA,FRPLY,21:17,FRAIE
7996,2023-06-11,MARSEILLE ST CHARLES,OUI,6144,21:37,SUD EST,AVIGNON TGV,PROVENCEPA,FRAVG,21:02,FRMSC
7997,2023-06-11,PARIS (intramuros),NON,6091,19:53,SUD EST,MONTBARD,PABOUR,FRGWE,18:50,FRPLY
7998,2023-06-11,LYON (intramuros),OUI,6612,09:58,SUD EST,LYON (intramuros),RHONEPARIS,FRLPD,09:50,FRLPE
7999,2023-06-11,LE CREUSOT MONTCEAU MONTCHANIN,NON,6612,12:08,SUD EST,PARIS (intramuros),RHONEPARIS,FRPLY,10:48,FRXCC
8000,2023-06-11,CHAMBERY CHALLES LES EAUX,NON,6937,13:28,SUD EST,ANNECY,PARISALPES,FRNCY,12:49,FRCMF
8001,2023-06-11,PARIS (intramuros),NON,2743,16:14,EST,REIMS,PABARSED,FRRHE,15:28,FRPST
8002,2023-06-11,DAX,NON,8542,19:52,ATLANTIQUE,PARIS (intramuros),SUDOUESTPA,FRPMO,16:29,FRACG
8003,2023-06-11,HENDAYE,OUI,8542,15:38,ATLANTIQUE,BIARRITZ,SUDOUESTPA,FRBIQ,15:14,FRAEF
8004,2023-06-11,HENDAYE,OUI,8542,15:53,ATLANTIQUE,BAYONNE,SUDOUESTPA,FRXBY,15:14,FRAEF
8005,2023-06-11,ST JEAN DE LUZ CIBOURE,NON,8542,19:52,ATLANTIQUE,PARIS (intramuros),SUDOUESTPA,FRPMO,15:27,FRXJZ
8006,2023-06-11,GENEVE,NON,9780,21:42,INTERNATIONAL,PARIS (intramuros),GENEVEPA,FRPLY,18:29,CHGVA
8007,2023-06-11,LAVAL,OUI,5386,20:32,SUD EST,RENNES,JCSUDATL,FRRNS,20:08,FRACR
8008,2023-06-11,LE MANS,NON,5386,20:32,SUD EST,RENNES,JCSUDATL,FRRNS,19:34,FRAET
8009,2023-06-11,AIX EN PROVENCE TGV,NON,5386,18:34,SUD EST,MASSY TGV,JCSUDATL,FRDJU,14:50,FRAIE
8010,2023-06-11,AVIGNON TGV,NON,5386,18:34,SUD EST,MASSY TGV,JCSUDATL,FRDJU,15:15,FRAVG
8011,2023-06-11,LYON (intramuros),NON,5386,18:34,SUD EST,MASSY TGV,JCSUDATL,FRDJU,16:30,FRLPD
8012,2023-06-11,LYON (intramuros),NON,5386,20:32,SUD EST,RENNES,JCSUDATL,FRRNS,16:30,FRLPD
8013,2023-06-11,MARSEILLE ST CHARLES,NON,5386,20:05,SUD EST,LAVAL,JCSUDATL,FRACR,14:36,FRMSC
8014,2023-06-11,MARSEILLE ST CHARLES,NON,5386,19:29,SUD EST,LE MANS,JCSUDATL,FRAET,14:36,FRMSC
8015,2023-06-11,MARSEILLE ST CHARLES,NON,5386,18:34,SUD EST,MASSY TGV,JCSUDATL,FRDJU,14:36,FRMSC
8016,2023-06-11,MARSEILLE ST CHARLES,NON,5386,16:22,SUD EST,LYON (intramuros),JCSUDATL,FRLPD,14:36,FRMSC
8017,2023-06-11,PERPIGNAN,NON,6262,19:51,SUD EST,VALENCE TGV RHONE-ALPES SUD,LANGPA,FRVLA,17:04,FRPGF
8018,2023-06-11,PERPIGNAN,OUI,6262,18:11,SUD EST,AGDE,LANGPA,FRXAG,17:04,FRPGF
8019,2023-06-11,AGDE,NON,6262,22:08,SUD EST,PARIS (intramuros),LANGPA,FRPLY,18:14,FRXAG
8020,2023-06-11,NARBONNE,OUI,6262,17:57,SUD EST,BEZIERS,LANGPA,FRBZR,17:42,FRXNA
8021,2023-06-11,NARBONNE,OUI,6262,18:11,SUD EST,AGDE,LANGPA,FRXAG,17:42,FRXNA
8022,2023-06-11,MONTPELLIER SUD DE FRANCE,NON,6262,22:08,SUD EST,PARIS (intramuros),LANGPA,FRPLY,18:52,FRSUF
8023,2023-06-11,NARBONNE,OUI,6262,18:45,SUD EST,MONTPELLIER SUD DE FRANCE,LANGPA,FRSUF,17:42,FRXNA
8024,2023-06-11,SETE,OUI,6262,18:45,SUD EST,MONTPELLIER SUD DE FRANCE,LANGPA,FRSUF,18:30,FRXSY
8025,2023-06-11,AGDE,OUI,6262,18:45,SUD EST,MONTPELLIER SUD DE FRANCE,LANGPA,FRSUF,18:14,FRXAG
8026,2023-06-11,NIMES PONT DU GARD,NON,6262,22:08,SUD EST,PARIS (intramuros),LANGPA,FRPLY,19:14,FRXZP
8027,2023-06-11,MONTPELLIER SUD DE FRANCE,NON,6262,19:11,SUD EST,NIMES PONT DU GARD,LANGPA,FRXZP,18:52,FRSUF
8028,2023-06-11,SETE,NON,6262,19:11,SUD EST,NIMES PONT DU GARD,LANGPA,FRXZP,18:30,FRXSY
8029,2023-06-11,ANGERS ST LAUD,NON,8988,23:16,ATLANTIQUE,PARIS (intramuros),LOIREPARIS,FRPMO,21:44,FRACL
8030,2023-06-11,NANTES,NON,8988,23:16,ATLANTIQUE,PARIS (intramuros),LOIREPARIS,FRPMO,21:03,FRNTE
8031,2023-06-11,LA ROCHE SUR YON,NON,8988,21:41,ATLANTIQUE,ANGERS ST LAUD,LOIREPARIS,FRACL,20:11,FRXRO
8032,2023-06-11,LYON (intramuros),OUI,5351,08:34,SUD EST,MASSY TGV,JCSUDATL,FRDJU,06:30,FRLPD
8033,2023-06-11,LYON (intramuros),OUI,5351,11:19,SUD EST,NANTES,JCSUDATL,FRNTE,06:30,FRLPD
8034,2023-06-11,LYON (intramuros),OUI,5351,08:34,SUD EST,MASSY TGV,JCSUDATL,FRDJU,06:16,FRLPE
8035,2023-06-11,MONTAUBAN VILLE BOURBON,NON,8516,19:39,ATLANTIQUE,BORDEAUX ST JEAN,SUDOUESTPA,FRBOJ,17:53,FRXMW
8036,2023-06-11,MONTAUBAN VILLE BOURBON,NON,8516,21:52,ATLANTIQUE,PARIS (intramuros),SUDOUESTPA,FRPMO,17:53,FRXMW
8037,2023-06-11,TOULOUSE MATABIAU,OUI,8516,17:50,ATLANTIQUE,MONTAUBAN VILLE BOURBON,SUDOUESTPA,FRXMW,17:19,FRXYT
8038,2023-06-11,BELLEGARDE,NON,9768,13:42,INTERNATIONAL,PARIS (intramuros),GENEVEPA,FRPLY,11:02,FRXBF
8039,2023-06-11,BOURG EN BRESSE,NON,9768,13:42,INTERNATIONAL,PARIS (intramuros),GENEVEPA,FRPLY,11:52,FRXBK
8040,2023-06-11,REIMS,NON,2756,19:31,EST,PARIS (intramuros),SEDBARPA,FRPST,18:45,FRRHE
8041,2023-06-11,AIX LES BAINS LE REVARD,NON,6978,16:10,SUD EST,CHAMBERY CHALLES LES EAUX,ALPESPARIS,FRCMF,15:59,FRXAI
8042,2023-06-11,AIX LES BAINS LE REVARD,NON,6978,17:38,SUD EST,MACON LOCHE TGV,ALPESPARIS,FRMLT,15:59,FRXAI
8043,2023-06-11,AIX EN PROVENCE TGV,NON,6801,11:06,SUD EST,NICE VILLE,JCPROVSUD,FRNIC,08:03,FRAIE
8044,2023-06-11,AIX EN PROVENCE TGV,NON,6801,09:11,SUD EST,TOULON,JCPROVSUD,FRTLN,08:03,FRAIE
8045,2023-06-11,AVIGNON TGV,NON,6801,08:14,SUD EST,MARSEILLE ST CHARLES,JCPROVSUD,FRMSC,07:38,FRAVG
8046,2023-06-11,AVIGNON TGV,NON,6801,10:47,SUD EST,ANTIBES,JCPROVSUD,FRXAT,07:38,FRAVG
8047,2023-06-11,LYON (intramuros),NON,6801,10:35,SUD EST,CANNES,JCPROVSUD,FRJCA,06:04,FRLPD
8048,2023-06-11,LYON (intramuros),NON,6801,09:11,SUD EST,TOULON,JCPROVSUD,FRTLN,06:04,FRLPD
8049,2023-06-11,MARSEILLE ST CHARLES,OUI,6801,09:11,SUD EST,TOULON,JCPROVSUD,FRTLN,08:28,FRMSC
8050,2023-06-11,VALENCE TGV RHONE-ALPES SUD,OUI,6801,08:00,SUD EST,AIX EN PROVENCE TGV,JCPROVSUD,FRAIE,07:00,FRVLA
8051,2023-06-11,VALENCE TGV RHONE-ALPES SUD,NON,6801,11:06,SUD EST,NICE VILLE,JCPROVSUD,FRNIC,07:00,FRVLA
8052,2023-06-11,LES ARCS DRAGUIGNAN,OUI,6801,10:35,SUD EST,CANNES,JCPROVSUD,FRJCA,09:52,FRXRS
8053,2023-06-11,ST RAPHAEL VALESCURE,OUI,6801,11:06,SUD EST,NICE VILLE,JCPROVSUD,FRNIC,10:09,FRXSK
8054,2023-06-11,ST RAPHAEL VALESCURE,OUI,6801,10:47,SUD EST,ANTIBES,JCPROVSUD,FRXAT,10:09,FRXSK
8055,2023-06-11,PARIS (intramuros),OUI,2757,21:14,EST,REIMS,PABARSED,FRRHE,20:28,FRPST
8056,2023-06-11,ANGOULEME,NON,8450,21:41,ATLANTIQUE,PARIS (intramuros),SUDOUESTPA,FRPMO,19:16,FRANG
8057,2023-06-11,PARIS (intramuros),NON,9573,12:41,INTERNATIONAL,STRASBOURG,PASTUTMUN,FRAEG,10:55,FRPST
8058,2023-06-11,PARIS (intramuros),NON,8475,18:10,ATLANTIQUE,ARCACHON,PASUDOUEST,FRXAC,15:08,FRPMO
8059,2023-06-11,FRANKFURT MAIN HBF,NON,9560,18:04,INTERNATIONAL,KARLSRUHE HBF,FRANCPA,DEQKA,16:56,DEFRH
8060,2023-06-11,FRANKFURT MAIN HBF,NON,9560,20:41,INTERNATIONAL,PARIS (intramuros),FRANCPA,FRPST,16:56,DEFRH
8061,2023-06-11,MANNHEIM HBF,NON,9560,18:04,INTERNATIONAL,KARLSRUHE HBF,FRANCPA,DEQKA,17:38,DEMHG
8062,2023-06-11,EVIAN LES BAINS,NON,6504,14:21,SUD EST,ANNEMASSE,ALPESPARIS,FRQNJ,13:40,FRXEB
8063,2023-06-11,EVIAN LES BAINS,NON,6504,15:15,SUD EST,BELLEGARDE,ALPESPARIS,FRXBF,13:40,FRXEB
8064,2023-06-11,THONON LES BAINS,NON,6504,15:15,SUD EST,BELLEGARDE,ALPESPARIS,FRXBF,13:53,FRXTS
8065,2023-06-11,AGEN,NON,8505,15:00,ATLANTIQUE,MONTAUBAN VILLE BOURBON,PASUDOUEST,FRXMW,14:23,FRAGF
8066,2023-06-11,PARIS (intramuros),NON,8505,14:21,ATLANTIQUE,AGEN,PASUDOUEST,FRAGF,11:08,FRPMO
8067,2023-06-11,BETHUNE,NON,7324,16:08,NORD,PARIS (intramuros),ARRASPA,FRPNO,14:43,FRXBH
8068,2023-06-11,NIMES,OUI,4756,12:31,IC ARO,AGEN,TJOURSESO,FRAGF,08:43,FRFNI
8069,2023-06-11,NIMES,OUI,4756,13:37,IC ARO,BORDEAUX ST JEAN,TJOURSESO,FRBOJ,08:43,FRFNI
8070,2023-06-11,NIMES,OUI,4756,09:07,IC ARO,MONTPELLIER SAINT-ROCH,TJOURSESO,FRMPL,08:43,FRFNI
8071,2023-06-11,MONTPELLIER SAINT-ROCH,OUI,4756,09:25,IC ARO,SETE,TJOURSESO,FRXSY,09:11,FRMPL
8072,2023-06-11,MARSEILLE ST CHARLES,OUI,4756,12:31,IC ARO,AGEN,TJOURSESO,FRAGF,07:22,FRMSC
8073,2023-06-11,MARSEILLE ST CHARLES,OUI,4756,08:11,IC ARO,ARLES,TJOURSESO,FRHZA,07:22,FRMSC
8074,2023-06-11,MARSEILLE ST CHARLES,OUI,4756,11:54,IC ARO,MONTAUBAN VILLE BOURBON,TJOURSESO,FRXMW,07:22,FRMSC
8075,2023-06-11,MARSEILLE ST CHARLES,OUI,4756,10:01,IC ARO,NARBONNE,TJOURSESO,FRXNA,07:22,FRMSC
8076,2023-06-11,TOULOUSE MATABIAU,OUI,4756,12:31,IC ARO,AGEN,TJOURSESO,FRAGF,11:24,FRXYT
8077,2023-06-11,NEVERS,OUI,5955,11:28,IC ARO,MOULINS SUR ALLIER,PACLERMONT,FRXMU,10:59,FRNVS
8078,2023-06-11,CHATEAUROUX,OUI,3629,15:56,IC ARO,BRIVE LA GAILLARDE,PALITO,FRBVE,13:39,FRCHR
8079,2023-06-11,LES AUBRAIS ORLEANS,OUI,3629,13:05,IC ARO,VIERZON VILLE,PALITO,FRXVZ,12:30,FRLAB
8080,2023-06-11,PARIS (intramuros),OUI,3629,15:56,IC ARO,BRIVE LA GAILLARDE,PALITO,FRBVE,11:29,FRPAZ
8081,2023-06-11,PARIS (intramuros),OUI,3629,12:28,IC ARO,LES AUBRAIS ORLEANS,PALITO,FRLAB,11:29,FRPAZ
8082,2023-06-11,PARIS (intramuros),OUI,3629,13:05,IC ARO,VIERZON VILLE,PALITO,FRXVZ,11:29,FRPAZ
8083,2023-06-11,VIERZON VILLE,OUI,3629,14:54,IC ARO,LIMOGES BENEDICTINS,PALITO,FRAGQ,13:07,FRXVZ
8084,2023-06-11,ST JEAN DE MAURIENNE ARVAN,NON,9240,10:15,INTERNATIONAL,CHAMBERY CHALLES LES EAUX,ITALIEPA,FRCMF,09:37,FRHPN
8085,2023-06-11,MACON LOCHE TGV,NON,9240,13:14,INTERNATIONAL,PARIS (intramuros),ITALIEPA,FRPLY,11:43,FRMLT
8086,2023-06-11,MILANO P GARIBALDI,NON,9240,09:03,INTERNATIONAL,MODANE,ITALIEPA,FRAGR,06:00,ITMPG
8087,2023-06-11,OULX CESANA CLAV SESTRIERE,NON,9240,09:03,INTERNATIONAL,MODANE,ITALIEPA,FRAGR,08:36,ITOCS
8088,2023-06-11,OULX CESANA CLAV SESTRIERE,NON,9240,10:15,INTERNATIONAL,CHAMBERY CHALLES LES EAUX,ITALIEPA,FRCMF,08:36,ITOCS
8089,2023-06-11,OULX CESANA CLAV SESTRIERE,NON,9240,11:40,INTERNATIONAL,MACON LOCHE TGV,ITALIEPA,FRMLT,08:36,ITOCS
8090,2023-06-11,OULX CESANA CLAV SESTRIERE,NON,9240,13:14,INTERNATIONAL,PARIS (intramuros),ITALIEPA,FRPLY,08:36,ITOCS
8091,2023-06-11,TORINO PORTA SUSA,NON,9240,10:15,INTERNATIONAL,CHAMBERY CHALLES LES EAUX,ITALIEPA,FRCMF,07:36,ITTRS
8092,2023-06-11,TORINO PORTA SUSA,NON,9240,09:36,INTERNATIONAL,ST JEAN DE MAURIENNE ARVAN,ITALIEPA,FRHPN,07:36,ITTRS
8093,2023-06-11,LILLE (intramuros),OUI,7086,22:14,NORD,PARIS (intramuros),LILLEPA,FRPNO,21:12,FRADJ
8094,2023-06-11,MONTPELLIER SAINT-ROCH,NON,6038,19:18,SUD EST,PARIS (intramuros),LANGPA,FRPLY,15:48,FRMPL
8095,2023-06-11,VALENCE TGV RHONE-ALPES SUD,NON,6038,19:18,SUD EST,PARIS (intramuros),LANGPA,FRPLY,17:04,FRVLA
8096,2023-06-11,PARIS (intramuros),NON,6607,11:10,SUD EST,LYON (intramuros),PARISRHONE,FRLPE,08:58,FRPLY
8097,2023-06-11,JONZAC,NON,3856,18:05,IC SRO,NANTES,BORDONANTE,FRNTE,14:41,FREMR
8098,2023-06-11,JONZAC,NON,3856,15:23,IC SRO,SAINTES,BORDONANTE,FRXST,14:41,FREMR
8099,2023-06-11,ROCHEFORT,NON,3856,17:22,IC SRO,LA ROCHE SUR YON,BORDONANTE,FRXRO,15:56,FRRCO
8100,2023-06-11,SAINTES,NON,3856,16:15,IC SRO,LA ROCHELLE VILLE,BORDONANTE,FRLRH,15:25,FRXST
8101,2023-06-11,PARIS (intramuros),OUI,2715,09:39,EST,RETHEL,PABARSED,FRBDT,08:28,FRPST
8102,2023-06-11,LE MANS,NON,8881,18:54,ATLANTIQUE,NANTES,PARISLOIRE,FRNTE,17:36,FRAET
8103,2023-06-11,CARCASSONNE,NON,6875,21:52,SUD EST,LYON (intramuros),JCSUDPROV,FRLPD,18:28,FRCCF
8104,2023-06-11,CARCASSONNE,NON,6875,21:10,SUD EST,VALENCE TGV RHONE-ALPES SUD,JCSUDPROV,FRVLA,18:28,FRCCF
8105,2023-06-11,NARBONNE,NON,6875,21:52,SUD EST,LYON (intramuros),JCSUDPROV,FRLPD,18:59,FRXNA
8106,2023-06-11,NARBONNE,NON,6875,21:10,SUD EST,VALENCE TGV RHONE-ALPES SUD,JCSUDPROV,FRVLA,18:59,FRXNA
8107,2023-06-11,TOULOUSE MATABIAU,NON,6875,19:12,SUD EST,BEZIERS,JCSUDPROV,FRBZR,17:43,FRXYT
8108,2023-06-11,TOULOUSE MATABIAU,NON,6875,18:56,SUD EST,NARBONNE,JCSUDPROV,FRXNA,17:43,FRXYT
8109,2023-06-11,TOULOUSE MATABIAU,NON,6875,19:36,SUD EST,SETE,JCSUDPROV,FRXSY,17:43,FRXYT
8110,2023-06-11,TOULOUSE MATABIAU,NON,6875,20:01,SUD EST,MONTPELLIER SUD DE FRANCE,JCSUDPROV,FRSUF,17:43,FRXYT
8111,2023-06-11,NARBONNE,NON,6875,20:01,SUD EST,MONTPELLIER SUD DE FRANCE,JCSUDPROV,FRSUF,18:59,FRXNA
8112,2023-06-11,SETE,NON,6875,20:30,SUD EST,NIMES PONT DU GARD,JCSUDPROV,FRXZP,19:39,FRXSY
8113,2023-06-11,SURGERES,OUI,8374,11:23,ATLANTIQUE,NIORT,ROCHELLEPA,FRNIT,11:05,FREIP
8114,2023-06-11,SURGERES,NON,8374,13:37,ATLANTIQUE,PARIS (intramuros),ROCHELLEPA,FRPMO,11:05,FREIP
8115,2023-06-11,LA ROCHELLE VILLE,OUI,8374,11:23,ATLANTIQUE,NIORT,ROCHELLEPA,FRNIT,10:44,FRLRH
8116,2023-06-11,LA ROCHELLE VILLE,OUI,8374,12:09,ATLANTIQUE,POITIERS,ROCHELLEPA,FRPIS,10:44,FRLRH
8117,2023-06-11,NIMES,NON,9713,14:07,SUD EST,BEZIERS,PABARCELONE,FRBZR,12:49,FRFNI
8118,2023-06-11,NIMES,NON,9713,13:52,SUD EST,AGDE,PABARCELONE,FRXAG,12:49,FRFNI
8119,2023-06-11,NIMES,NON,9713,14:24,SUD EST,NARBONNE,PABARCELONE,FRXNA,12:49,FRFNI
8120,2023-06-11,MONTPELLIER SAINT-ROCH,NON,9713,14:58,SUD EST,PERPIGNAN,PABARCELONE,FRPGF,13:20,FRMPL
8121,2023-06-11,PARIS (intramuros),NON,9713,13:15,SUD EST,MONTPELLIER SAINT-ROCH,PABARCELONE,FRMPL,09:40,FRPLY
8122,2023-06-11,SETE,NON,9713,14:24,SUD EST,NARBONNE,PABARCELONE,FRXNA,13:37,FRXSY
8123,2023-06-11,PARIS (intramuros),NON,9713,15:27,SUD EST,FIGUERES VILA TGV,PABARCELONE,ESFIR,09:40,FRPLY
8124,2023-06-11,NARBONNE,NON,9713,16:34,SUD EST,BARCELONA SANTS,PABARCELONE,ESBST,14:27,FRXNA
8125,2023-06-11,VALENCE TGV RHONE-ALPES SUD,NON,9713,15:46,SUD EST,GIRONA,PABARCELONE,ESGRO,12:00,FRVLA
8126,2023-06-11,NIMES,NON,9713,16:34,SUD EST,BARCELONA SANTS,PABARCELONE,ESBST,12:49,FRFNI
8127,2023-06-11,AGDE,NON,9713,15:46,SUD EST,GIRONA,PABARCELONE,ESGRO,13:55,FRXAG
8128,2023-06-11,CHATEAUROUX,OUI,3635,17:30,IC ARO,SOUILLAC,PALITO,FRSOU,14:45,FRCHR
8129,2023-06-11,LA SOUTERRAINE,OUI,3635,16:00,IC ARO,LIMOGES BENEDICTINS,PALITO,FRAGQ,15:26,FRLST
8130,2023-06-11,PARIS (intramuros),OUI,3635,16:00,IC ARO,LIMOGES BENEDICTINS,PALITO,FRAGQ,12:37,FRPAZ
8131,2023-06-11,PARIS (intramuros),OUI,3635,18:15,IC ARO,CAHORS,PALITO,FRZAO,12:37,FRPAZ
8132,2023-06-11,SOUILLAC,OUI,3635,17:46,IC ARO,GOURDON,PALITO,FRFSI,17:32,FRSOU
8133,2023-06-11,VIERZON VILLE,OUI,3635,16:00,IC ARO,LIMOGES BENEDICTINS,PALITO,FRAGQ,14:13,FRXVZ
8134,2023-06-11,LE CROISIC,OUI,8912,08:21,ATLANTIQUE,ST NAZAIRE,LOIREPARIS,FRSNR,07:55,FREGU
8135,2023-06-11,ST NAZAIRE,OUI,8912,09:41,ATLANTIQUE,ANGERS ST LAUD,LOIREPARIS,FRACL,08:24,FRSNR
8136,2023-06-11,NURIEUX,NON,9781,21:30,INTERNATIONAL,GENEVE,PAGENEVE,CHGVA,20:37,FRHQN
8137,2023-06-11,PARIS (intramuros),NON,9781,20:35,INTERNATIONAL,NURIEUX,PAGENEVE,FRHQN,18:16,FRPLY
8138,2023-06-11,BOURG EN BRESSE,NON,9781,21:00,INTERNATIONAL,BELLEGARDE,PAGENEVE,FRXBF,20:10,FRXBK
8139,2023-06-11,BORDEAUX ST JEAN,NON,8472,19:10,ATLANTIQUE,MASSY TGV,SUDOUESTPA,FRDJU,17:08,FRBOJ
8140,2023-06-11,BORDEAUX ST JEAN,NON,8472,19:25,ATLANTIQUE,PARIS (intramuros),SUDOUESTPA,FRPMO,17:08,FRBOJ
8141,2023-06-11,FACTURE BIGANOS,NON,8472,19:25,ATLANTIQUE,PARIS (intramuros),SUDOUESTPA,FRPMO,16:41,FRFAC
8142,2023-06-11,FACTURE BIGANOS,NON,8472,19:10,ATLANTIQUE,MASSY TGV,SUDOUESTPA,FRDJU,16:41,FRFAC
8143,2023-06-11,AIX EN PROVENCE TGV,NON,6864,14:03,SUD EST,AVIGNON TGV,JCSUDPROV,FRAVG,13:44,FRAIE
8144,2023-06-11,AIX EN PROVENCE TGV,NON,6864,15:18,SUD EST,LYON (intramuros),JCSUDPROV,FRLPD,13:44,FRAIE
8145,2023-06-11,MARSEILLE ST CHARLES,NON,6864,15:18,SUD EST,LYON (intramuros),JCSUDPROV,FRLPD,13:30,FRMSC
8146,2023-06-11,NIORT,OUI,8380,17:11,ATLANTIQUE,POITIERS,ROCHELLEPA,FRPIS,16:24,FRNIT
8147,2023-06-11,NIORT,NON,8380,18:37,ATLANTIQUE,PARIS (intramuros),ROCHELLEPA,FRPMO,16:24,FRNIT
8148,2023-06-11,POITIERS,NON,8380,18:37,ATLANTIQUE,PARIS (intramuros),ROCHELLEPA,FRPMO,17:14,FRPIS
8149,2023-06-11,BOULOGNE VILLE,NON,7518,13:23,NORD,PARIS (intramuros),ARRASPA,FRPNO,10:40,FRAEB
8150,2023-06-11,LILLE (intramuros),NON,7518,13:23,NORD,PARIS (intramuros),ARRASPA,FRPNO,12:05,FRLLE
8151,2023-06-11,ARRAS,NON,7518,13:23,NORD,PARIS (intramuros),ARRASPA,FRPNO,12:32,FRQRV
8152,2023-06-11,CALAIS FRETHUN,NON,7518,13:23,NORD,PARIS (intramuros),ARRASPA,FRPNO,11:15,FRSTH
8153,2023-06-11,BRUXELLES MIDI BRUSSEL ZUID,NON,9844,20:09,NORD,MARNE LA VALLEE CHESSY,JCNORDSUD,FRMLV,18:17,BEBMI
8154,2023-06-11,MARNE LA VALLEE CHESSY,NON,9844,22:18,NORD,LYON (intramuros),JCNORDSUD,FRLPE,20:13,FRMLV
8155,2023-06-11,LE MANS,OUI,5354,14:09,SUD EST,ANGERS ST LAUD,JCSUDATL,FRACL,13:32,FRAET
8156,2023-06-11,LYON (intramuros),NON,5354,12:34,SUD EST,MASSY TGV,JCSUDATL,FRDJU,10:30,FRLPD
8157,2023-06-11,LYON (intramuros),NON,5354,14:50,SUD EST,NANTES,JCSUDATL,FRNTE,10:30,FRLPD
8158,2023-06-11,LYON (intramuros),OUI,5354,10:24,SUD EST,LYON (intramuros),JCSUDATL,FRLPD,10:16,FRLPE
8159,2023-06-11,PARIS (intramuros),NON,8985,20:59,ATLANTIQUE,NANTES,PARISLOIRE,FRNTE,18:48,FRPMO
8160,2023-06-11,SABLE SUR SARTHE,NON,8985,20:16,ATLANTIQUE,ANGERS ST LAUD,PARISLOIRE,FRACL,19:56,FRSAB
8161,2023-06-11,LA ROCHE SUR YON,OUI,8985,22:19,ATLANTIQUE,LES SABLES D'OLONNE,PARISLOIRE,FRLSO,21:53,FRXRO
8162,2023-06-11,CHAMBERY CHALLES LES EAUX,NON,6964,13:14,SUD EST,PARIS (intramuros),ALPESPARIS,FRPLY,10:22,FRCMF
8163,2023-06-11,ANNECY,NON,6964,10:09,SUD EST,CHAMBERY CHALLES LES EAUX,ALPESPARIS,FRCMF,09:29,FRNCY
8164,2023-06-11,ANNECY,NON,6964,09:57,SUD EST,AIX LES BAINS LE REVARD,ALPESPARIS,FRXAI,09:29,FRNCY
8165,2023-06-11,AIX LES BAINS LE REVARD,NON,6964,10:09,SUD EST,CHAMBERY CHALLES LES EAUX,ALPESPARIS,FRCMF,10:00,FRXAI
8166,2023-06-11,AIX LES BAINS LE REVARD,NON,6964,13:14,SUD EST,PARIS (intramuros),ALPESPARIS,FRPLY,10:00,FRXAI
8167,2023-06-11,BRUXELLES MIDI BRUSSEL ZUID,OUI,9836,16:53,NORD,LILLE (intramuros),JCNORDSUD,FRLLE,16:17,BEBMI
8168,2023-06-11,BRUXELLES MIDI BRUSSEL ZUID,NON,9836,22:08,NORD,MONTPELLIER SAINT-ROCH,JCNORDSUD,FRMPL,16:17,BEBMI
8169,2023-06-11,LILLE (intramuros),NON,9836,22:08,NORD,MONTPELLIER SAINT-ROCH,JCNORDSUD,FRMPL,17:03,FRLLE
8170,2023-06-11,LYON (intramuros),OUI,9836,22:08,NORD,MONTPELLIER SAINT-ROCH,JCNORDSUD,FRMPL,20:10,FRLPD
8171,2023-06-11,AEROPORT CDG2 TGV ROISSY,NON,9836,18:08,NORD,MARNE LA VALLEE CHESSY,JCNORDSUD,FRMLV,17:59,FRMLW
8172,2023-06-11,VALENCE TGV RHONE-ALPES SUD,OUI,9836,21:39,NORD,NIMES,JCNORDSUD,FRFNI,20:54,FRVLA
8173,2023-06-11,PARIS (intramuros),OUI,6905,09:01,SUD EST,LYON-SAINT EXUPERY TGV,PAGRENOBLE,FRJDQ,07:12,FRPLY
8174,2023-06-11,PARIS (intramuros),NON,8715,13:38,ATLANTIQUE,AURAY,PARISBRETA,FRXUY,10:53,FRPMO
8175,2023-06-11,VANNES,OUI,8715,13:57,ATLANTIQUE,LORIENT,PARISBRETA,FRLRT,13:28,FRVNE
8176,2023-06-11,AIX EN PROVENCE TGV,NON,9866,16:00,NORD,AEROPORT CDG2 TGV ROISSY,JCSUDNORD,FRMLW,12:26,FRAIE
8177,2023-06-11,AVIGNON TGV,NON,9866,17:43,NORD,BRUXELLES MIDI BRUSSEL ZUID,JCSUDNORD,BEBMI,12:48,FRAVG
8178,2023-06-11,AVIGNON TGV,NON,9866,16:57,NORD,LILLE (intramuros),JCSUDNORD,FRLLE,12:48,FRAVG
8179,2023-06-11,AVIGNON TGV,NON,9866,16:00,NORD,AEROPORT CDG2 TGV ROISSY,JCSUDNORD,FRMLW,12:48,FRAVG
8180,2023-06-11,MARSEILLE ST CHARLES,NON,9866,17:43,NORD,BRUXELLES MIDI BRUSSEL ZUID,JCSUDNORD,BEBMI,12:12,FRMSC
8181,2023-06-11,MARSEILLE ST CHARLES,NON,9866,16:57,NORD,LILLE (intramuros),JCSUDNORD,FRLLE,12:12,FRMSC
8182,2023-06-11,ORTHEZ,NON,14148,16:15,IC SRO,PAU,SUDOUEST,FRAEE,15:54,FRGFI
8183,2023-06-11,LOURDES,NON,14148,18:45,IC SRO,TOULOUSE MATABIAU,SUDOUEST,FRXYT,16:47,FRLDE
8184,2023-06-11,TARBES,NON,14148,17:33,IC SRO,LANNEMEZAN,SUDOUEST,FRLNZ,17:08,FRXTB
8185,2023-06-11,NEVERS,NON,5971,19:34,IC ARO,CLERMONT FERRAND,PACLERMONT,FRCFE,17:59,FRNVS
8186,2023-06-11,AIX EN PROVENCE TGV,NON,6850,19:24,SUD EST,LYON (intramuros),JCSUDPROV,FRLPD,17:55,FRAIE
8187,2023-06-11,CANNES,NON,6850,18:14,SUD EST,AVIGNON TGV,JCSUDPROV,FRAVG,15:09,FRJCA
8188,2023-06-11,TOULON,NON,6850,18:14,SUD EST,AVIGNON TGV,JCSUDPROV,FRAVG,16:23,FRTLN
8189,2023-06-11,TOULON,NON,6850,19:24,SUD EST,LYON (intramuros),JCSUDPROV,FRLPD,16:23,FRTLN
8190,2023-06-11,ANTIBES,OUI,6850,17:52,SUD EST,AIX EN PROVENCE TGV,JCSUDPROV,FRAIE,14:56,FRXAT
8191,2023-06-11,ST RAPHAEL VALESCURE,OUI,6850,17:52,SUD EST,AIX EN PROVENCE TGV,JCSUDPROV,FRAIE,15:34,FRXSK
8192,2023-06-11,ST RAPHAEL VALESCURE,OUI,6850,17:19,SUD EST,MARSEILLE ST CHARLES,JCSUDPROV,FRMSC,15:34,FRXSK
8193,2023-06-11,GUINGAMP,NON,8630,18:09,ATLANTIQUE,PARIS (intramuros),BRETAPARIS,FRPMO,15:19,FRGGP
8194,2023-06-11,GUINGAMP,NON,8630,16:29,ATLANTIQUE,RENNES,BRETAPARIS,FRRNS,15:19,FRGGP
8195,2023-06-11,LAMBALLE,NON,8630,16:29,ATLANTIQUE,RENNES,BRETAPARIS,FRRNS,15:48,FRLAM
8196,2023-06-11,MORLAIX,OUI,8630,15:01,ATLANTIQUE,PLOUARET TREGOR,BRETAPARIS,FRPLT,14:46,FRMXN
8197,2023-06-11,PLOUARET TREGOR,NON,8630,18:09,ATLANTIQUE,PARIS (intramuros),BRETAPARIS,FRPMO,15:04,FRPLT
8198,2023-06-11,PLOUARET TREGOR,NON,8630,16:29,ATLANTIQUE,RENNES,BRETAPARIS,FRRNS,15:04,FRPLT
8199,2023-06-11,ST BRIEUC,NON,8630,18:09,ATLANTIQUE,PARIS (intramuros),BRETAPARIS,FRPMO,15:36,FRSBK
8200,2023-06-11,QUIMPERLE,NON,8710,13:19,ATLANTIQUE,PARIS (intramuros),BRETAPARIS,FRPMO,09:38,FRECO
8201,2023-06-11,QUIMPERLE,NON,8710,10:48,ATLANTIQUE,REDON,BRETAPARIS,FRXRN,09:38,FRECO
8202,2023-06-11,LORIENT,OUI,8710,10:20,ATLANTIQUE,VANNES,BRETAPARIS,FRVNE,09:52,FRLRT
8203,2023-06-11,ROSPORDEN,NON,8710,12:01,ATLANTIQUE,LAVAL,BRETAPARIS,FRACR,09:23,FRRSP
8204,2023-06-11,ROSPORDEN,NON,8710,13:19,ATLANTIQUE,PARIS (intramuros),BRETAPARIS,FRPMO,09:23,FRRSP
8205,2023-06-11,ROSPORDEN,OUI,8710,10:07,ATLANTIQUE,AURAY,BRETAPARIS,FRXUY,09:23,FRRSP
8206,2023-06-11,AURAY,NON,8710,11:25,ATLANTIQUE,RENNES,BRETAPARIS,FRRNS,10:10,FRXUY
8207,2023-06-11,AURAY,NON,8710,10:48,ATLANTIQUE,REDON,BRETAPARIS,FRXRN,10:10,FRXUY
8208,2023-06-11,LYON (intramuros),NON,6676,00:17,SUD EST,PARIS (intramuros),RHONEPARIS,FRPLY,21:50,FRLPE
8209,2023-06-11,MACON LOCHE TGV,NON,6676,22:53,SUD EST,LE CREUSOT MONTCEAU MONTCHANIN,RHONEPARIS,FRXCC,22:34,FRMLT
8210,2023-06-11,DIJON VILLE,OUI,2096,20:16,EST,BESANCON - F COMTE TGV,JCRHONRHIN,FRTJB,19:49,FRABA
8211,2023-06-11,MULHOUSE VILLE,OUI,2096,22:07,EST,STRASBOURG,JCRHONRHIN,FRAEG,21:12,FRAEK
8212,2023-06-11,AIX EN PROVENCE TGV,NON,2096,19:39,EST,DIJON VILLE,JCRHONRHIN,FRABA,16:11,FRAIE
8213,2023-06-11,AIX EN PROVENCE TGV,NON,2096,21:09,EST,MULHOUSE VILLE,JCRHONRHIN,FRAEK,16:11,FRAIE
8214,2023-06-11,AIX EN PROVENCE TGV,NON,2096,17:08,EST,VALENCE TGV RHONE-ALPES SUD,JCRHONRHIN,FRVLA,16:11,FRAIE
8215,2023-06-11,AVIGNON TGV,NON,2096,17:08,EST,VALENCE TGV RHONE-ALPES SUD,JCRHONRHIN,FRVLA,16:33,FRAVG
8216,2023-06-11,LYON (intramuros),NON,2096,21:09,EST,MULHOUSE VILLE,JCRHONRHIN,FRAEK,18:00,FRLPD
8217,2023-06-11,MARSEILLE ST CHARLES,NON,2096,21:09,EST,MULHOUSE VILLE,JCRHONRHIN,FRAEK,15:56,FRMSC
8218,2023-06-11,BESANCON - F COMTE TGV,OUI,2096,22:07,EST,STRASBOURG,JCRHONRHIN,FRAEG,20:19,FRTJB
8219,2023-06-11,BESANCON - F COMTE TGV,OUI,2096,20:40,EST,BELFORT-MONTBELIARD TGV,JCRHONRHIN,FRTJA,20:19,FRTJB
8220,2023-06-11,VALENCE TGV RHONE-ALPES SUD,NON,2096,19:39,EST,DIJON VILLE,JCRHONRHIN,FRABA,17:13,FRVLA
8221,2023-06-11,VALENCE TGV RHONE-ALPES SUD,NON,2096,17:51,EST,LYON (intramuros),JCRHONRHIN,FRLPD,17:13,FRVLA
8222,2023-06-11,VALENCE TGV RHONE-ALPES SUD,NON,2096,20:40,EST,BELFORT-MONTBELIARD TGV,JCRHONRHIN,FRTJA,17:13,FRVLA
8223,2023-06-11,LAVAL,NON,8605,11:38,ATLANTIQUE,GUINGAMP,PARISBRETA,FRGGP,09:58,FRACR
8224,2023-06-11,PARIS (intramuros),NON,8605,09:55,ATLANTIQUE,LAVAL,PARISBRETA,FRACR,08:40,FRPMO
8225,2023-06-11,PARIS (intramuros),NON,8605,11:38,ATLANTIQUE,GUINGAMP,PARISBRETA,FRGGP,08:40,FRPMO
8226,2023-06-11,PARIS (intramuros),NON,8605,11:21,ATLANTIQUE,ST BRIEUC,PARISBRETA,FRSBK,08:40,FRPMO
8227,2023-06-11,RENNES,NON,8605,12:43,ATLANTIQUE,BREST,PARISBRETA,FRBES,10:32,FRRNS
8228,2023-06-11,PARIS (intramuros),NON,6917,15:13,SUD EST,GRENOBLE,PAGRENOBLE,FRGNB,12:12,FRPLY
8229,2023-06-11,METZ VILLE,NON,9879,16:18,EST,MACON VILLE,JCRHINRHON,FRHGU,12:12,FRADE
8230,2023-06-11,METZ VILLE,NON,9879,17:50,EST,VALENCE TGV RHONE-ALPES SUD,JCRHINRHON,FRVLA,12:12,FRADE
8231,2023-06-11,STRASBOURG,OUI,9879,13:54,EST,MULHOUSE VILLE,JCRHINRHON,FRAEK,13:06,FRAEG
8232,2023-06-11,STRASBOURG,NON,9879,16:18,EST,MACON VILLE,JCRHINRHON,FRHGU,13:06,FRAEG
8233,2023-06-11,STRASBOURG,NON,9879,16:56,EST,LYON (intramuros),JCRHINRHON,FRLPD,13:06,FRAEG
8234,2023-06-11,STRASBOURG,NON,9879,14:18,EST,BELFORT-MONTBELIARD TGV,JCRHINRHON,FRTJA,13:06,FRAEG
8235,2023-06-11,MULHOUSE VILLE,NON,9879,17:50,EST,VALENCE TGV RHONE-ALPES SUD,JCRHINRHON,FRVLA,13:57,FRAEK
8236,2023-06-11,LYON (intramuros),NON,9879,17:50,EST,VALENCE TGV RHONE-ALPES SUD,JCRHINRHON,FRVLA,17:10,FRLPD
8237,2023-06-11,BELFORT-MONTBELIARD TGV,NON,9879,16:18,EST,MACON VILLE,JCRHINRHON,FRHGU,14:21,FRTJA
8238,2023-06-11,LYON (intramuros),NON,9879,18:53,EST,MONTPELLIER SUD DE FRANCE,JCRHINRHON,FRSUF,17:10,FRLPD
8239,2023-06-11,DIJON VILLE,NON,9879,18:53,EST,MONTPELLIER SUD DE FRANCE,JCRHINRHON,FRSUF,15:21,FRABA
8240,2023-06-11,BESANCON - F COMTE TGV,NON,9879,18:53,EST,MONTPELLIER SUD DE FRANCE,JCRHINRHON,FRSUF,14:44,FRTJB
8241,2023-06-11,BELFORT-MONTBELIARD TGV,NON,9879,18:53,EST,MONTPELLIER SUD DE FRANCE,JCRHINRHON,FRSUF,14:21,FRTJA
8242,2023-06-11,DIJON VILLE,NON,9213,16:26,INTERNATIONAL,ZUERICH HB,PABALZUR,CHAJD,14:01,FRABA
8243,2023-06-11,DIJON VILLE,NON,9213,15:26,INTERNATIONAL,BASEL SBB,PABALZUR,CHAJP,14:01,FRABA
8244,2023-06-11,PARIS (intramuros),NON,9213,16:26,INTERNATIONAL,ZUERICH HB,PABALZUR,CHAJD,12:20,FRPLY
8245,2023-06-11,PARIS (intramuros),NON,9213,15:26,INTERNATIONAL,BASEL SBB,PABALZUR,CHAJP,12:20,FRPLY
8246,2023-06-11,PARIS (intramuros),NON,9213,15:03,INTERNATIONAL,MULHOUSE VILLE,PABALZUR,FRAEK,12:20,FRPLY
8247,2023-06-11,LE MANS,NON,9838,21:29,NORD,RENNES,JCNORDBRET,FRRNS,20:32,FRAET
8248,2023-06-11,LILLE (intramuros),NON,9838,21:01,NORD,LAVAL,JCNORDBRET,FRACR,17:40,FRLLE
8249,2023-06-11,LILLE (intramuros),NON,9838,20:29,NORD,LE MANS,JCNORDBRET,FRAET,17:40,FRLLE
8250,2023-06-11,LILLE (intramuros),NON,9838,18:07,NORD,TGV HAUTE PICARDIE,JCNORDBRET,FRTHP,17:40,FRLLE
8251,2023-06-11,MARNE LA VALLEE CHESSY,NON,9838,20:29,NORD,LE MANS,JCNORDBRET,FRAET,19:02,FRMLV
8252,2023-06-11,TGV HAUTE PICARDIE,NON,9838,19:34,NORD,MASSY TGV,JCNORDBRET,FRDJU,18:15,FRTHP
8253,2023-06-11,BRUXELLES MIDI BRUSSEL ZUID,NON,9838,21:01,NORD,LAVAL,JCNORDBRET,FRACR,16:54,BEBMI
8254,2023-06-11,BOURG EN BRESSE,NON,9765,13:00,INTERNATIONAL,BELLEGARDE,PAGENEVE,FRXBF,12:12,FRXBK
8255,2023-06-11,DAX,NON,8550,20:40,ATLANTIQUE,BORDEAUX ST JEAN,SUDOUESTPA,FRBOJ,19:29,FRACG
8256,2023-06-11,DAX,NON,8550,22:56,ATLANTIQUE,PARIS (intramuros),SUDOUESTPA,FRPMO,19:29,FRACG
8257,2023-06-11,HENDAYE,OUI,8550,18:22,ATLANTIQUE,ST JEAN DE LUZ CIBOURE,SUDOUESTPA,FRXJZ,18:12,FRAEF
8258,2023-06-11,ST JEAN DE LUZ CIBOURE,NON,8550,20:40,ATLANTIQUE,BORDEAUX ST JEAN,SUDOUESTPA,FRBOJ,18:25,FRXJZ
8259,2023-06-11,PARIS (intramuros),OUI,7093,23:48,NORD,LILLE (intramuros),PALILLE,FRADJ,22:46,FRPNO
8260,2023-06-11,NANTES,NON,3831,09:39,IC SRO,LA ROCHELLE VILLE,NANTEBORDO,FRLRH,07:55,FRNTE
8261,2023-06-11,ROCHEFORT,NON,3831,10:32,IC SRO,SAINTES,NANTEBORDO,FRXST,10:05,FRRCO
8262,2023-06-11,LA ROCHE SUR YON,NON,3831,11:10,IC SRO,JONZAC,NANTEBORDO,FREMR,08:36,FRXRO
8263,2023-06-11,PARIS (intramuros),NON,9211,14:26,INTERNATIONAL,ZUERICH HB,PABALZUR,CHAJD,10:20,FRPLY
8264,2023-06-11,SURGERES,OUI,8378,14:43,ATLANTIQUE,ST MAIXENT DEUX SEVRES,ROCHELLEPA,FREJC,14:08,FREIP
8265,2023-06-11,SURGERES,OUI,8378,14:26,ATLANTIQUE,NIORT,ROCHELLEPA,FRNIT,14:08,FREIP
8266,2023-06-11,LA ROCHELLE VILLE,OUI,8378,15:16,ATLANTIQUE,POITIERS,ROCHELLEPA,FRPIS,13:47,FRLRH
8267,2023-06-11,LA ROCHELLE VILLE,NON,8378,16:58,ATLANTIQUE,PARIS (intramuros),ROCHELLEPA,FRPMO,13:47,FRLRH
8268,2023-06-11,LA ROCHELLE VILLE,NON,8378,15:50,ATLANTIQUE,ST PIERRE DES CORPS,ROCHELLEPA,FRXSH,13:47,FRLRH
8269,2023-06-11,NIORT,OUI,8378,15:16,ATLANTIQUE,POITIERS,ROCHELLEPA,FRPIS,14:29,FRNIT
8270,2023-06-11,POITIERS,NON,8378,15:50,ATLANTIQUE,ST PIERRE DES CORPS,ROCHELLEPA,FRXSH,15:19,FRPIS
8271,2023-06-11,DAX,NON,8544,20:58,ATLANTIQUE,PARIS (intramuros),SUDOUESTPA,FRPMO,17:31,FRACG
8272,2023-06-11,HENDAYE,NON,8544,18:40,ATLANTIQUE,BORDEAUX ST JEAN,SUDOUESTPA,FRBOJ,16:12,FRAEF
8273,2023-06-11,MASSY TGV,NON,8544,20:58,ATLANTIQUE,PARIS (intramuros),SUDOUESTPA,FRPMO,20:46,FRDJU
8274,2023-06-11,BAYONNE,NON,8544,20:43,ATLANTIQUE,MASSY TGV,SUDOUESTPA,FRDJU,16:54,FRXBY
8275,2023-06-11,ST JEAN DE LUZ CIBOURE,NON,8544,18:40,ATLANTIQUE,BORDEAUX ST JEAN,SUDOUESTPA,FRBOJ,16:26,FRXJZ
8276,2023-06-11,ST JEAN DE LUZ CIBOURE,NON,8544,20:43,ATLANTIQUE,MASSY TGV,SUDOUESTPA,FRDJU,16:26,FRXJZ
8277,2023-06-11,BRUXELLES MIDI BRUSSEL ZUID,NON,9874,15:55,NORD,CHAMPAGNE-ARDENNE,JCNORDEST,FREAH,13:17,BEBMI
8278,2023-06-11,BRUXELLES MIDI BRUSSEL ZUID,NON,9874,16:48,NORD,LORRAINE TGV,JCNORDEST,FREAM,13:17,BEBMI
8279,2023-06-11,BRUXELLES MIDI BRUSSEL ZUID,OUI,9874,14:53,NORD,AEROPORT CDG2 TGV ROISSY,JCNORDEST,FRMLW,13:17,BEBMI
8280,2023-06-11,LORRAINE TGV,OUI,9874,17:37,NORD,STRASBOURG,JCNORDEST,FRAEG,16:51,FREAM
8281,2023-06-11,AEROPORT CDG2 TGV ROISSY,NON,9874,15:09,NORD,MARNE LA VALLEE CHESSY,JCNORDEST,FRMLV,14:59,FRMLW
8282,2023-06-11,NIMES PONT DU GARD,NON,6064,21:10,SUD EST,VALENCE TGV RHONE-ALPES SUD,JCSUDPROV,FRVLA,20:33,FRXZP
8283,2023-06-11,DIJON VILLE,NON,9898,11:21,EST,MULHOUSE VILLE,JCRHONRHIN,FRAEK,10:08,FRABA
8284,2023-06-11,COLMAR,NON,9898,13:24,EST,METZ VILLE,JCRHONRHIN,FRADE,11:52,FRAEJ
8285,2023-06-11,MULHOUSE VILLE,NON,9898,13:24,EST,METZ VILLE,JCRHONRHIN,FRADE,11:24,FRAEK
8286,2023-06-11,NIMES,NON,9898,09:58,EST,DIJON VILLE,JCRHONRHIN,FRABA,06:54,FRFNI
8287,2023-06-11,NIMES,NON,9898,07:39,EST,VALENCE TGV RHONE-ALPES SUD,JCRHONRHIN,FRVLA,06:54,FRFNI
8288,2023-06-11,LYON (intramuros),NON,9898,09:58,EST,DIJON VILLE,JCRHONRHIN,FRABA,08:30,FRLPD
8289,2023-06-11,LYON (intramuros),NON,9898,13:24,EST,METZ VILLE,JCRHONRHIN,FRADE,08:30,FRLPD
8290,2023-06-11,BESANCON - F COMTE TGV,NON,9898,12:24,EST,STRASBOURG,JCRHONRHIN,FRAEG,10:36,FRTJB
8291,2023-06-11,VALENCE TGV RHONE-ALPES SUD,NON,9898,11:21,EST,MULHOUSE VILLE,JCRHONRHIN,FRAEK,07:44,FRVLA
8292,2023-06-11,VALENCE TGV RHONE-ALPES SUD,NON,9898,08:24,EST,LYON (intramuros),JCRHONRHIN,FRLPD,07:44,FRVLA
8293,2023-06-11,VALENCE TGV RHONE-ALPES SUD,NON,9898,10:57,EST,BELFORT-MONTBELIARD TGV,JCRHONRHIN,FRTJA,07:44,FRVLA
8294,2023-06-11,VALENCE TGV RHONE-ALPES SUD,NON,9898,10:34,EST,BESANCON - F COMTE TGV,JCRHONRHIN,FRTJB,07:44,FRVLA
8295,2023-06-11,PARIS (intramuros),NON,2237,10:51,EST,NANCY,PANANCY,FRENC,09:13,FRPST
8296,2023-06-11,PARIS (intramuros),NON,8485,17:15,ATLANTIQUE,LIBOURNE,PASUDOUEST,FRXLR,14:15,FRPMO
8297,2023-06-11,LIBOURNE,OUI,8485,17:42,ATLANTIQUE,BORDEAUX ST JEAN,PASUDOUEST,FRBOJ,17:17,FRXLR
8298,2023-06-11,ST PIERRE DES CORPS,NON,8485,17:15,ATLANTIQUE,LIBOURNE,PASUDOUEST,FRXLR,15:21,FRXSH
8299,2023-06-11,BEZIERS,OUI,6225,22:56,SUD EST,PERPIGNAN,PALANG,FRPGF,22:06,FRBZR
8300,2023-06-11,PARIS (intramuros),NON,6225,22:56,SUD EST,PERPIGNAN,PALANG,FRPGF,17:40,FRPLY
8301,2023-06-11,PARIS (intramuros),NON,6225,22:20,SUD EST,NARBONNE,PALANG,FRXNA,17:40,FRPLY
8302,2023-06-11,VALENCE TGV RHONE-ALPES SUD,NON,6225,21:31,SUD EST,SETE,PALANG,FRXSY,19:56,FRVLA
8303,2023-06-11,AGDE,OUI,6225,22:20,SUD EST,NARBONNE,PALANG,FRXNA,21:51,FRXAG
8304,2023-06-11,CHAMPAGNE-ARDENNE,NON,9870,11:05,NORD,STRASBOURG,JCNORDEST,FRAEG,09:34,FREAH
8305,2023-06-11,LORRAINE TGV,OUI,9870,11:05,NORD,STRASBOURG,JCNORDEST,FRAEG,10:28,FREAM
8306,2023-06-11,AEROPORT CDG2 TGV ROISSY,NON,9870,09:28,NORD,CHAMPAGNE-ARDENNE,JCNORDEST,FREAH,08:59,FRMLW
8307,2023-06-11,AEROPORT CDG2 TGV ROISSY,NON,9870,10:00,NORD,MEUSE TGV,JCNORDEST,FREAJ,08:59,FRMLW
8308,2023-06-11,PARIS (intramuros),NON,6173,14:58,SUD EST,NICE VILLE,PAAZUR,FRNIC,09:08,FRPLY
8309,2023-06-11,TOULON,OUI,6173,14:01,SUD EST,ST RAPHAEL VALESCURE,PAAZUR,FRXSK,13:17,FRTLN
8310,2023-06-11,ST RAPHAEL VALESCURE,OUI,6173,14:39,SUD EST,ANTIBES,PAAZUR,FRXAT,14:04,FRXSK
8311,2023-06-11,PARIS (intramuros),NON,6137,00:20,SUD EST,AVIGNON TGV,PAPROVENCE,FRAVG,21:32,FRPLY
8312,2023-06-11,BORDEAUX ST JEAN,NON,8486,13:37,ATLANTIQUE,PARIS (intramuros),SUDOUESTPA,FRPMO,10:12,FRBOJ
8313,2023-06-11,PORNICHET,NON,8934,22:44,ATLANTIQUE,ANGERS ST LAUD,LOIREPARIS,FRACL,21:13,FREGR
8314,2023-06-11,PORNICHET,NON,8934,22:01,ATLANTIQUE,NANTES,LOIREPARIS,FRNTE,21:13,FREGR
8315,2023-06-11,LE POULIGUEN,OUI,8934,21:03,ATLANTIQUE,LA BAULE ESCOUBLAC,LOIREPARIS,FRJEE,20:59,FREGS
8316,2023-06-11,LE CROISIC,NON,8934,22:01,ATLANTIQUE,NANTES,LOIREPARIS,FRNTE,20:51,FREGU
8317,2023-06-11,LA BAULE ESCOUBLAC,NON,8934,22:44,ATLANTIQUE,ANGERS ST LAUD,LOIREPARIS,FRACL,21:07,FRJEE
8318,2023-06-11,LA BAULE ESCOUBLAC,NON,8934,00:12,ATLANTIQUE,PARIS (intramuros),LOIREPARIS,FRPMO,21:07,FRJEE
8319,2023-06-11,NANTES,NON,8934,22:44,ATLANTIQUE,ANGERS ST LAUD,LOIREPARIS,FRACL,22:07,FRNTE
8320,2023-06-11,NICE VILLE,NON,6074,15:51,SUD EST,PARIS (intramuros),AZURPA,FRPLY,09:57,FRNIC
8321,2023-06-11,NICE VILLE,NON,6074,11:44,SUD EST,TOULON,AZURPA,FRTLN,09:57,FRNIC
8322,2023-06-11,ANTIBES,NON,6074,10:28,SUD EST,CANNES,AZURPA,FRJCA,10:16,FRXAT
8323,2023-06-11,ANTIBES,NON,6074,12:33,SUD EST,MARSEILLE ST CHARLES,AZURPA,FRMSC,10:16,FRXAT
8324,2023-06-11,ANTIBES,NON,6074,10:55,SUD EST,ST RAPHAEL VALESCURE,AZURPA,FRXSK,10:16,FRXAT
8325,2023-06-11,DIJON VILLE,NON,6743,17:27,SUD EST,BESANCON VIOTTE,PABOUR,FRABG,16:35,FRABA
8326,2023-06-11,LYON (intramuros),NON,5358,22:06,SUD EST,SAUMUR,JCSUDATL,FRACN,18:30,FRLPD
8327,2023-06-11,VALENCE TGV RHONE-ALPES SUD,NON,5358,22:06,SUD EST,SAUMUR,JCSUDATL,FRACN,17:42,FRVLA
8328,2023-06-11,VALENCE TGV RHONE-ALPES SUD,NON,5358,21:28,SUD EST,ST PIERRE DES CORPS,JCSUDATL,FRXSH,17:42,FRVLA
8329,2023-06-11,NIMES PONT DU GARD,NON,5358,20:31,SUD EST,MASSY TGV,JCSUDATL,FRDJU,17:02,FRXZP
8330,2023-06-11,NIMES PONT DU GARD,NON,5358,22:06,SUD EST,SAUMUR,JCSUDATL,FRACN,17:02,FRXZP
8331,2023-06-11,ST GAUDENS,NON,14143,15:05,IC SRO,BAYONNE,SUDOUEST,FRXBY,12:24,FRFPH
8332,2023-06-11,ORTHEZ,NON,14143,15:05,IC SRO,BAYONNE,SUDOUEST,FRXBY,14:22,FRGFI
8333,2023-06-11,LOURDES,NON,14143,14:20,IC SRO,ORTHEZ,SUDOUEST,FRGFI,13:32,FRLDE
8334,2023-06-11,TARBES,NON,14143,13:57,IC SRO,PAU,SUDOUEST,FRAEE,13:15,FRXTB
8335,2023-06-11,TARBES,NON,14143,13:29,IC SRO,LOURDES,SUDOUEST,FRLDE,13:15,FRXTB
8336,2023-06-11,NEVERS,OUI,5970,16:56,IC ARO,PARIS (intramuros),CLERMONTPA,FRPLY,15:00,FRNVS
8337,2023-06-11,MOULINS SUR ALLIER,OUI,5970,16:56,IC ARO,PARIS (intramuros),CLERMONTPA,FRPLY,14:31,FRXMU
8338,2023-06-11,PAU,OUI,8583,14:20,ATLANTIQUE,DAX,SUDOUESTPA,FRACG,13:29,FRAEE
8339,2023-06-11,BRUXELLES MIDI BRUSSEL ZUID,NON,9826,14:00,NORD,LYON (intramuros),JCNORDSUD,FRLPD,10:17,BEBMI
8340,2023-06-11,MARNE LA VALLEE CHESSY,NON,9826,14:00,NORD,LYON (intramuros),JCNORDSUD,FRLPD,12:13,FRMLV
8341,2023-06-11,AEROPORT CDG2 TGV ROISSY,NON,9826,14:00,NORD,LYON (intramuros),JCNORDSUD,FRLPD,11:59,FRMLW
8342,2023-06-11,VALENCE TGV RHONE-ALPES SUD,NON,9826,15:30,NORD,NIMES PONT DU GARD,JCNORDSUD,FRXZP,14:53,FRVLA
8343,2023-06-11,MARNE LA VALLEE CHESSY,NON,9826,15:30,NORD,NIMES PONT DU GARD,JCNORDSUD,FRXZP,12:13,FRMLV
8344,2023-06-11,NIMES PONT DU GARD,NON,9826,15:51,NORD,MONTPELLIER SUD DE FRANCE,JCNORDSUD,FRSUF,15:33,FRXZP
8345,2023-06-11,LUC EN DIOIS,OUI,5790,07:56,IC NUIT,PARIS (intramuros),BRIANCONPA,FRPAZ,22:55,FRIFP
8346,2023-06-11,STRASBOURG,NON,5486,10:34,EST,MASSY TGV,JCESTATL,FRDJU,07:31,FRAEG
8347,2023-06-11,STRASBOURG,NON,5486,08:47,EST,CHAMPAGNE-ARDENNE,JCESTATL,FREAH,07:31,FRAEG
8348,2023-06-11,STRASBOURG,NON,5486,09:55,EST,MARNE LA VALLEE CHESSY,JCESTATL,FRMLV,07:31,FRAEG
8349,2023-06-11,STRASBOURG,NON,5486,09:28,EST,AEROPORT CDG2 TGV ROISSY,JCESTATL,FRMLW,07:31,FRAEG
8350,2023-06-11,CHAMPAGNE-ARDENNE,NON,5486,12:36,EST,ANGERS ST LAUD,JCESTATL,FRACL,08:58,FREAH
8351,2023-06-11,CHAMPAGNE-ARDENNE,NON,5486,10:34,EST,MASSY TGV,JCESTATL,FRDJU,08:58,FREAH
8352,2023-06-11,LORRAINE TGV,NON,5486,09:55,EST,MARNE LA VALLEE CHESSY,JCESTATL,FRMLV,08:09,FREAM
8353,2023-06-11,LORRAINE TGV,NON,5486,09:28,EST,AEROPORT CDG2 TGV ROISSY,JCESTATL,FRMLW,08:09,FREAM
8354,2023-06-11,MARNE LA VALLEE CHESSY,NON,5486,12:36,EST,ANGERS ST LAUD,JCESTATL,FRACL,10:02,FRMLV
8355,2023-06-11,MARNE LA VALLEE CHESSY,NON,5486,10:34,EST,MASSY TGV,JCESTATL,FRDJU,10:02,FRMLV
8356,2023-06-11,MARNE LA VALLEE CHESSY,NON,5486,11:32,EST,ST PIERRE DES CORPS,JCESTATL,FRXSH,10:02,FRMLV
8357,2023-06-11,AEROPORT CDG2 TGV ROISSY,NON,5486,09:55,EST,MARNE LA VALLEE CHESSY,JCESTATL,FRMLV,09:45,FRMLW
8358,2023-06-11,AEROPORT CDG2 TGV ROISSY,NON,5486,13:19,EST,NANTES,JCESTATL,FRNTE,09:45,FRMLW
8359,2023-06-11,ST PIERRE DES CORPS,OUI,5486,13:19,EST,NANTES,JCESTATL,FRNTE,11:40,FRXSH
8360,2023-06-11,ANGOULEME,NON,8454,22:31,ATLANTIQUE,POITIERS,SUDOUESTPA,FRPIS,21:52,FRANG
8361,2023-06-11,ANGOULEME,NON,8454,00:17,ATLANTIQUE,PARIS (intramuros),SUDOUESTPA,FRPMO,21:52,FRANG
8362,2023-06-11,BORDEAUX ST JEAN,NON,8454,22:31,ATLANTIQUE,POITIERS,SUDOUESTPA,FRPIS,21:14,FRBOJ
8363,2023-06-11,POITIERS,NON,8454,00:17,ATLANTIQUE,PARIS (intramuros),SUDOUESTPA,FRPMO,22:41,FRPIS
8364,2023-06-11,ARRAS,NON,7334,19:08,NORD,PARIS (intramuros),ARRASPA,FRPNO,18:18,FRQRV
8365,2023-06-11,LENS,NON,7334,19:08,NORD,PARIS (intramuros),ARRASPA,FRPNO,17:57,FRXLE
8366,2023-06-11,PARIS (intramuros),OUI,8437,12:23,ATLANTIQUE,ANGOULEME,PASUDOUEST,FRANG,10:03,FRPMO
8367,2023-06-11,ST PIERRE DES CORPS,OUI,8437,11:41,ATLANTIQUE,POITIERS,PASUDOUEST,FRPIS,11:11,FRXSH
8368,2023-06-11,STRASBOURG,NON,5454,15:31,EST,CHAMPAGNE-ARDENNE,JCESTATL,FREAH,14:01,FRAEG
8369,2023-06-11,STRASBOURG,OUI,5454,14:36,EST,LORRAINE TGV,JCESTATL,FREAM,14:01,FRAEG
8370,2023-06-11,STRASBOURG,NON,5454,16:27,EST,MARNE LA VALLEE CHESSY,JCESTATL,FRMLV,14:01,FRAEG
8371,2023-06-11,ANGOULEME,OUI,5454,20:02,EST,BORDEAUX ST JEAN,JCESTATL,FRBOJ,19:25,FRANG
8372,2023-06-11,CHAMPAGNE-ARDENNE,NON,5454,18:06,EST,ST PIERRE DES CORPS,JCESTATL,FRXSH,15:34,FREAH
8373,2023-06-11,MEUSE TGV,NON,5454,18:06,EST,ST PIERRE DES CORPS,JCESTATL,FRXSH,15:05,FREAJ
8374,2023-06-11,MARNE LA VALLEE CHESSY,NON,5454,17:04,EST,MASSY TGV,JCESTATL,FRDJU,16:32,FRMLV
8375,2023-06-11,AEROPORT CDG2 TGV ROISSY,NON,5454,18:06,EST,ST PIERRE DES CORPS,JCESTATL,FRXSH,16:18,FRMLW
8376,2023-06-11,POITIERS,NON,5454,19:22,EST,ANGOULEME,JCESTATL,FRANG,18:43,FRPIS
8377,2023-06-11,AIX EN PROVENCE TGV,NON,6124,19:22,SUD EST,PARIS (intramuros),AZURPA,FRPLY,16:19,FRAIE
8378,2023-06-11,AVIGNON TGV,NON,6124,19:22,SUD EST,PARIS (intramuros),AZURPA,FRPLY,16:41,FRAVG
8379,2023-06-11,HYERES,NON,6124,19:22,SUD EST,PARIS (intramuros),AZURPA,FRPLY,14:50,FRXHE
8380,2023-06-11,PARIS (intramuros),NON,6711,21:29,SUD EST,BELFORT-MONTBELIARD TGV,PABOUR,FRTJA,18:50,FRPLY
8381,2023-06-11,ST PIERRE DES CORPS,OUI,5300,07:19,SUD EST,MASSY TGV,JCATLSUD,FRDJU,06:28,FRXSH
8382,2023-06-11,LYON (intramuros),OUI,5300,11:21,SUD EST,MONTPELLIER SUD DE FRANCE,JCATLSUD,FRSUF,09:39,FRLPD
8383,2023-06-11,MASSY TGV,OUI,5300,11:21,SUD EST,MONTPELLIER SUD DE FRANCE,JCATLSUD,FRSUF,07:26,FRDJU
8384,2023-06-11,LYON (intramuros),OUI,5300,10:58,SUD EST,NIMES PONT DU GARD,JCATLSUD,FRXZP,09:39,FRLPD
8385,2023-06-11,HENDAYE,NON,14142,11:43,IC SRO,ORTHEZ,SUDOUEST,FRGFI,10:19,FRAEF
8386,2023-06-11,HENDAYE,NON,14142,12:50,IC SRO,TARBES,SUDOUEST,FRXTB,10:19,FRAEF
8387,2023-06-11,ORTHEZ,NON,14142,12:50,IC SRO,TARBES,SUDOUEST,FRXTB,11:45,FRGFI
8388,2023-06-11,LOURDES,NON,14142,13:26,IC SRO,MONTREJEAU GOURDAN POLIGNAN,SUDOUEST,FRMTJ,12:37,FRLDE
8389,2023-06-11,BAYONNE,NON,14142,13:26,IC SRO,MONTREJEAU GOURDAN POLIGNAN,SUDOUEST,FRMTJ,11:01,FRXBY
8390,2023-06-11,ST JEAN DE LUZ CIBOURE,NON,14142,12:06,IC SRO,PAU,SUDOUEST,FRAEE,10:30,FRXJZ
8391,2023-06-11,ST JEAN DE LUZ CIBOURE,NON,14142,10:39,IC SRO,BIARRITZ,SUDOUEST,FRBIQ,10:30,FRXJZ
8392,2023-06-11,TARBES,NON,14142,13:26,IC SRO,MONTREJEAU GOURDAN POLIGNAN,SUDOUEST,FRMTJ,12:53,FRXTB
8393,2023-06-11,ANNECY,NON,6972,13:10,SUD EST,CHAMBERY CHALLES LES EAUX,ALPESPARIS,FRCMF,12:30,FRNCY
8394,2023-06-11,AIX LES BAINS LE REVARD,NON,6972,13:10,SUD EST,CHAMBERY CHALLES LES EAUX,ALPESPARIS,FRCMF,12:59,FRXAI
8395,2023-06-11,DOL DE BRETAGNE,OUI,8088,18:29,ATLANTIQUE,RENNES,BRETAPARIS,FRRNS,17:58,FRDOL
8396,2023-06-11,SURGERES,OUI,8362,09:26,ATLANTIQUE,NIORT,ROCHELLEPA,FRNIT,09:08,FREIP
8397,2023-06-11,LA ROCHELLE VILLE,NON,8362,10:35,ATLANTIQUE,ST PIERRE DES CORPS,ROCHELLEPA,FRXSH,08:47,FRLRH
8398,2023-06-11,NIORT,OUI,8362,11:40,ATLANTIQUE,PARIS (intramuros),ROCHELLEPA,FRPMO,09:29,FRNIT
8399,2023-06-11,PARIS (intramuros),OUI,7571,16:42,NORD,RANG DU FLIERS VERTON,PAARRAS,FRCVU,13:52,FRPNO
8400,2023-06-11,PARIS (intramuros),OUI,7571,16:32,NORD,ETAPLES LE TOUQUET,PAARRAS,FRETA,13:52,FRPNO
8401,2023-06-11,PARIS (intramuros),OUI,7571,15:43,NORD,CALAIS FRETHUN,PAARRAS,FRSTH,13:52,FRPNO
8402,2023-06-11,VENDOME VILLIERS SUR LOIR,OUI,8347,22:56,ATLANTIQUE,POITIERS,PAROCHELLE,FRPIS,21:47,FRESL
8403,2023-06-11,PARIS (intramuros),OUI,8347,21:45,ATLANTIQUE,VENDOME VILLIERS SUR LOIR,PAROCHELLE,FRESL,21:00,FRPMO
8404,2023-06-11,BREST,OUI,8646,20:21,ATLANTIQUE,GUINGAMP,BRETAPARIS,FRGGP,19:22,FRBES
8405,2023-06-11,BREST,OUI,8646,19:52,ATLANTIQUE,MORLAIX,BRETAPARIS,FRMXN,19:22,FRBES
8406,2023-06-11,BREST,NON,8646,21:29,ATLANTIQUE,RENNES,BRETAPARIS,FRRNS,19:22,FRBES
8407,2023-06-11,ST BRIEUC,NON,8646,21:29,ATLANTIQUE,RENNES,BRETAPARIS,FRRNS,20:41,FRSBK
8408,2023-06-11,AIX EN PROVENCE TGV,NON,6132,22:22,SUD EST,PARIS (intramuros),PROVENCEPA,FRPLY,19:18,FRAIE
8409,2023-06-11,NIMES,NON,5062,10:53,NORD,LYON (intramuros),JCSUDNORD,FRLPD,09:25,FRFNI
8410,2023-06-11,LYON (intramuros),NON,5062,14:24,NORD,LILLE (intramuros),JCSUDNORD,FRLLE,11:00,FRLPD
8411,2023-06-11,AEROPORT CDG2 TGV ROISSY,OUI,5062,14:24,NORD,LILLE (intramuros),JCSUDNORD,FRLLE,13:07,FRMLW
8412,2023-06-11,BEZIERS,NON,4762,19:42,IC ARO,BORDEAUX ST JEAN,TJOURSESO,FRBOJ,15:46,FRBZR
8413,2023-06-11,BEZIERS,NON,4762,16:31,IC ARO,CARCASSONNE,TJOURSESO,FRCCF,15:46,FRBZR
8414,2023-06-11,BEZIERS,NON,4762,15:59,IC ARO,NARBONNE,TJOURSESO,FRXNA,15:46,FRBZR
8415,2023-06-11,BEZIERS,NON,4762,17:18,IC ARO,TOULOUSE MATABIAU,TJOURSESO,FRXYT,15:46,FRBZR
8416,2023-06-11,CARCASSONNE,NON,4762,18:35,IC ARO,AGEN,TJOURSESO,FRAGF,16:33,FRCCF
8417,2023-06-11,CARCASSONNE,NON,4762,17:57,IC ARO,MONTAUBAN VILLE BOURBON,TJOURSESO,FRXMW,16:33,FRCCF
8418,2023-06-11,CARCASSONNE,NON,4762,17:18,IC ARO,TOULOUSE MATABIAU,TJOURSESO,FRXYT,16:33,FRCCF
8419,2023-06-11,NIMES,NON,4762,15:59,IC ARO,NARBONNE,TJOURSESO,FRXNA,14:38,FRFNI
8420,2023-06-11,MONTPELLIER SAINT-ROCH,NON,4762,18:35,IC ARO,AGEN,TJOURSESO,FRAGF,15:06,FRMPL
8421,2023-06-11,MARSEILLE ST CHARLES,OUI,4762,14:35,IC ARO,NIMES,TJOURSESO,FRFNI,13:23,FRMSC
8422,2023-06-11,MARSEILLE ST CHARLES,NON,4762,17:57,IC ARO,MONTAUBAN VILLE BOURBON,TJOURSESO,FRXMW,13:23,FRMSC
8423,2023-06-11,LE MANS,OUI,8871,12:13,ATLANTIQUE,ANGERS ST LAUD,PARISLOIRE,FRACL,11:36,FRAET
8424,2023-06-11,PARIS (intramuros),OUI,8871,12:54,ATLANTIQUE,NANTES,PARISLOIRE,FRNTE,10:36,FRPMO
8425,2023-06-11,ST JEAN DE LUZ CIBOURE,NON,8540,15:40,ATLANTIQUE,BORDEAUX ST JEAN,SUDOUESTPA,FRBOJ,13:25,FRXJZ
8426,2023-06-11,BREST,NON,8622,17:08,ATLANTIQUE,PARIS (intramuros),BRETAPARIS,FRPMO,13:31,FRBES
8427,2023-06-11,AGEN,NON,8504,12:52,ATLANTIQUE,PARIS (intramuros),SUDOUESTPA,FRPMO,09:35,FRAGF
8428,2023-06-11,MONTAUBAN VILLE BOURBON,NON,8504,12:52,ATLANTIQUE,PARIS (intramuros),SUDOUESTPA,FRPMO,08:57,FRXMW
8429,2023-06-11,TOULOUSE MATABIAU,NON,8504,10:40,ATLANTIQUE,BORDEAUX ST JEAN,SUDOUESTPA,FRBOJ,08:23,FRXYT
8430,2023-06-11,TOULOUSE MATABIAU,OUI,8504,08:54,ATLANTIQUE,MONTAUBAN VILLE BOURBON,SUDOUESTPA,FRXMW,08:23,FRXYT
8431,2023-06-11,BOURG EN BRESSE,NON,9763,11:00,INTERNATIONAL,BELLEGARDE,PAGENEVE,FRXBF,10:12,FRXBK
8432,2023-06-11,PARIS (intramuros),NON,2243,13:59,EST,NANCY,PANANCY,FRENC,12:23,FRPST
8433,2023-06-11,PARIS (intramuros),NON,6929,23:13,SUD EST,GRENOBLE,PAGRENOBLE,FRGNB,20:12,FRPLY
8434,2023-06-11,AIX EN PROVENCE TGV,OUI,6103,10:56,SUD EST,MARSEILLE ST CHARLES,PAPROVENCE,FRMSC,10:44,FRAIE
8435,2023-06-11,AVIGNON TGV,NON,6103,10:56,SUD EST,MARSEILLE ST CHARLES,PAPROVENCE,FRMSC,10:20,FRAVG
8436,2023-06-11,CLERMONT FERRAND,OUI,5962,09:04,IC ARO,VICHY,CLERMONTPA,FRVHY,08:31,FRCFE
8437,2023-06-11,AIX EN PROVENCE TGV,NON,5516,10:17,EST,AVIGNON TGV,JCRHONRHIN,FRAVG,09:58,FRAIE
8438,2023-06-11,AIX EN PROVENCE TGV,NON,5516,12:09,EST,MACON VILLE,JCRHONRHIN,FRHGU,09:58,FRAIE
8439,2023-06-11,AIX EN PROVENCE TGV,NON,5516,14:30,EST,BELFORT-MONTBELIARD TGV,JCRHONRHIN,FRTJA,09:58,FRAIE
8440,2023-06-11,AVIGNON TGV,NON,5516,13:25,EST,DIJON VILLE,JCRHONRHIN,FRABA,10:20,FRAVG
8441,2023-06-11,AVIGNON TGV,NON,5516,11:26,EST,LYON (intramuros),JCRHONRHIN,FRLPD,10:20,FRAVG
8442,2023-06-11,MACON VILLE,NON,5516,15:54,EST,STRASBOURG,JCRHONRHIN,FRAEG,12:12,FRHGU
8443,2023-06-11,MACON VILLE,NON,5516,17:02,EST,NANCY,JCRHONRHIN,FRENC,12:12,FRHGU
8444,2023-06-11,MACON VILLE,NON,5516,14:06,EST,BESANCON - F COMTE TGV,JCRHONRHIN,FRTJB,12:12,FRHGU
8445,2023-06-11,MACON VILLE,NON,5516,13:03,EST,BEAUNE,JCRHONRHIN,FRXBV,12:12,FRHGU
8446,2023-06-11,CANNES,NON,5516,13:25,EST,DIJON VILLE,JCRHONRHIN,FRABA,07:30,FRJCA
8447,2023-06-11,CANNES,NON,5516,15:24,EST,COLMAR,JCRHONRHIN,FRAEJ,07:30,FRJCA
8448,2023-06-11,CANNES,NON,5516,14:55,EST,MULHOUSE VILLE,JCRHONRHIN,FRAEK,07:30,FRJCA
8449,2023-06-11,CANNES,NON,5516,12:09,EST,MACON VILLE,JCRHONRHIN,FRHGU,07:30,FRJCA
8450,2023-06-11,CANNES,NON,5516,11:26,EST,LYON (intramuros),JCRHONRHIN,FRLPD,07:30,FRJCA
8451,2023-06-11,CANNES,OUI,5516,09:33,EST,MARSEILLE ST CHARLES,JCRHONRHIN,FRMSC,07:30,FRJCA
8452,2023-06-11,CANNES,OUI,5516,08:09,EST,LES ARCS DRAGUIGNAN,JCRHONRHIN,FRXRS,07:30,FRJCA
8453,2023-06-11,LYON (intramuros),NON,5516,13:25,EST,DIJON VILLE,JCRHONRHIN,FRABA,11:32,FRLPD
8454,2023-06-11,LYON (intramuros),NON,5516,14:55,EST,MULHOUSE VILLE,JCRHONRHIN,FRAEK,11:32,FRLPD
8455,2023-06-11,LYON (intramuros),NON,5516,12:09,EST,MACON VILLE,JCRHONRHIN,FRHGU,11:32,FRLPD
8456,2023-06-11,MARSEILLE ST CHARLES,NON,5516,15:24,EST,COLMAR,JCRHONRHIN,FRAEJ,09:45,FRMSC
8457,2023-06-11,MARSEILLE ST CHARLES,NON,5516,14:06,EST,BESANCON - F COMTE TGV,JCRHONRHIN,FRTJB,09:45,FRMSC
8458,2023-06-11,NICE VILLE,NON,5516,10:17,EST,AVIGNON TGV,JCRHONRHIN,FRAVG,07:00,FRNIC
8459,2023-06-11,BELFORT-MONTBELIARD TGV,NON,5516,15:24,EST,COLMAR,JCRHONRHIN,FRAEJ,14:33,FRTJA
8460,2023-06-11,BESANCON - F COMTE TGV,NON,5516,15:54,EST,STRASBOURG,JCRHONRHIN,FRAEG,14:09,FRTJB
8461,2023-06-11,BESANCON - F COMTE TGV,NON,5516,15:24,EST,COLMAR,JCRHONRHIN,FRAEJ,14:09,FRTJB
8462,2023-06-11,BESANCON - F COMTE TGV,NON,5516,14:30,EST,BELFORT-MONTBELIARD TGV,JCRHONRHIN,FRTJA,14:09,FRTJB
8463,2023-06-11,TOULON,NON,5516,15:24,EST,COLMAR,JCRHONRHIN,FRAEJ,08:50,FRTLN
8464,2023-06-11,TOULON,NON,5516,14:55,EST,MULHOUSE VILLE,JCRHONRHIN,FRAEK,08:50,FRTLN
8465,2023-06-11,ANTIBES,NON,5516,13:25,EST,DIJON VILLE,JCRHONRHIN,FRABA,07:16,FRXAT
8466,2023-06-11,ANTIBES,OUI,5516,07:26,EST,CANNES,JCRHONRHIN,FRJCA,07:16,FRXAT
8467,2023-06-11,ANTIBES,OUI,5516,07:52,EST,ST RAPHAEL VALESCURE,JCRHONRHIN,FRXSK,07:16,FRXAT
8468,2023-06-11,CHALON SUR SAONE,NON,5516,14:30,EST,BELFORT-MONTBELIARD TGV,JCRHONRHIN,FRTJA,12:44,FRXCD
8469,2023-06-11,LES ARCS DRAGUIGNAN,NON,5516,15:54,EST,STRASBOURG,JCRHONRHIN,FRAEG,08:12,FRXRS
8470,2023-06-11,LES ARCS DRAGUIGNAN,OUI,5516,09:33,EST,MARSEILLE ST CHARLES,JCRHONRHIN,FRMSC,08:12,FRXRS
8471,2023-06-11,ST RAPHAEL VALESCURE,NON,5516,15:24,EST,COLMAR,JCRHONRHIN,FRAEJ,07:55,FRXSK
8472,2023-06-11,ST RAPHAEL VALESCURE,NON,5516,09:55,EST,AIX EN PROVENCE TGV,JCRHONRHIN,FRAIE,07:55,FRXSK
8473,2023-06-11,ST RAPHAEL VALESCURE,NON,5516,17:02,EST,NANCY,JCRHONRHIN,FRENC,07:55,FRXSK
8474,2023-06-11,CANNES,NON,5516,14:30,EST,BELFORT-MONTBELIARD TGV,JCRHONRHIN,FRTJA,07:30,FRJCA
8475,2023-06-11,BELFORT-MONTBELIARD TGV,NON,5516,17:02,EST,NANCY,JCRHONRHIN,FRENC,14:33,FRTJA
8476,2023-06-11,BESANCON - F COMTE TGV,NON,5516,17:02,EST,NANCY,JCRHONRHIN,FRENC,14:09,FRTJB
8477,2023-06-11,TOULON,NON,5516,14:30,EST,BELFORT-MONTBELIARD TGV,JCRHONRHIN,FRTJA,08:50,FRTLN
8478,2023-06-11,ST RAPHAEL VALESCURE,NON,5516,14:30,EST,BELFORT-MONTBELIARD TGV,JCRHONRHIN,FRTJA,07:55,FRXSK
8479,2023-06-11,BEAUNE,NON,5516,15:54,EST,STRASBOURG,JCRHONRHIN,FRAEG,13:06,FRXBV
8480,2023-06-11,AIX LES BAINS LE REVARD,NON,6984,20:43,SUD EST,MACON LOCHE TGV,ALPESPARIS,FRMLT,18:59,FRXAI
8481,2023-06-11,NANTES,OUI,8130,21:23,ATLANTIQUE,LE MANS,LOIREPARIS,FRAET,20:05,FRNTE
8482,2023-06-11,LILLE (intramuros),NON,5224,12:04,NORD,MASSY TGV,JCNORDBRET,FRDJU,09:32,FRADJ
8483,2023-06-11,LILLE (intramuros),NON,5224,11:28,NORD,MARNE LA VALLEE CHESSY,JCNORDBRET,FRMLV,09:32,FRADJ
8484,2023-06-11,LILLE (intramuros),OUI,5224,10:37,NORD,TGV HAUTE PICARDIE,JCNORDBRET,FRTHP,09:32,FRADJ
8485,2023-06-11,ARRAS,OUI,5224,11:13,NORD,AEROPORT CDG2 TGV ROISSY,JCNORDBRET,FRMLW,10:19,FRQRV
8486,2023-06-11,ARRAS,NON,5224,13:04,NORD,ST PIERRE DES CORPS,JCNORDBRET,FRXSH,10:19,FRQRV
8487,2023-06-11,TGV HAUTE PICARDIE,NON,5224,12:04,NORD,MASSY TGV,JCNORDBRET,FRDJU,10:45,FRTHP
8488,2023-06-11,ARRAS,NON,5224,14:02,NORD,ANGERS ST LAUD,JCNORDBRET,FRACL,10:19,FRQRV
8489,2023-06-11,BOURGES,NON,4504,18:38,IC SRO,NANTES,JOURLYNNTE,FRNTE,15:30,FRBOU
8490,2023-06-11,LYON (intramuros),NON,4504,15:28,IC SRO,BOURGES,JOURLYNNTE,FRBOU,12:00,FRLPD
8491,2023-06-11,LYON (intramuros),NON,4504,15:48,IC SRO,VIERZON VILLE,JOURLYNNTE,FRXVZ,12:00,FRLPD
8492,2023-06-11,LYON (intramuros),NON,4504,11:55,IC SRO,LYON (intramuros),JOURLYNNTE,FRLPD,11:47,FRLPE
8493,2023-06-11,LYON (intramuros),NON,4504,13:43,IC SRO,ST GERMAIN DES FOSSES,JOURLYNNTE,FRSGF,11:47,FRLPE
8494,2023-06-11,NEVERS,NON,4504,15:28,IC SRO,BOURGES,JOURLYNNTE,FRBOU,14:50,FRNVS
8495,2023-06-11,ROANNE,NON,4504,13:43,IC SRO,ST GERMAIN DES FOSSES,JOURLYNNTE,FRSGF,13:06,FRRNE
8496,2023-06-11,ST GERMAIN DES FOSSES,NON,4504,17:32,IC SRO,SAUMUR,JOURLYNNTE,FRACN,13:45,FRSGF
8497,2023-06-11,ST GERMAIN DES FOSSES,NON,4504,15:48,IC SRO,VIERZON VILLE,JOURLYNNTE,FRXVZ,13:45,FRSGF
8498,2023-06-11,MOULINS SUR ALLIER,NON,4504,15:28,IC SRO,BOURGES,JOURLYNNTE,FRBOU,14:11,FRXMU
8499,2023-06-11,MOULINS SUR ALLIER,NON,4504,18:38,IC SRO,NANTES,JOURLYNNTE,FRNTE,14:11,FRXMU
8500,2023-06-11,MOULINS SUR ALLIER,NON,4504,14:39,IC SRO,NEVERS,JOURLYNNTE,FRNVS,14:11,FRXMU
8501,2023-06-11,ST PIERRE DES CORPS,NON,4504,17:54,IC SRO,ANGERS ST LAUD,JOURLYNNTE,FRACL,16:58,FRXSH
8502,2023-06-11,VIERZON VILLE,NON,4504,18:38,IC SRO,NANTES,JOURLYNNTE,FRNTE,15:50,FRXVZ
8503,2023-06-11,CAUSSADE TARN ET GARONNE,OUI,3750,05:43,IC NUIT,LES AUBRAIS ORLEANS,OCCITANPAR,FRLAB,23:05,FRFTA
8504,2023-06-11,CAUSSADE TARN ET GARONNE,OUI,3750,06:50,IC NUIT,PARIS (intramuros),OCCITANPAR,FRPAZ,23:05,FRFTA
8505,2023-06-11,MONTAUBAN VILLE BOURBON,OUI,3750,05:43,IC NUIT,LES AUBRAIS ORLEANS,OCCITANPAR,FRLAB,22:51,FRXMW
8506,2023-06-11,TOULOUSE MATABIAU,OUI,3750,05:43,IC NUIT,LES AUBRAIS ORLEANS,OCCITANPAR,FRLAB,22:18,FRXYT
8507,2023-06-11,LAVAL,NON,8074,18:49,ATLANTIQUE,PARIS (intramuros),BRETAPARIS,FRPMO,17:18,FRACR
8508,2023-06-11,RENNES,OUI,8074,17:46,ATLANTIQUE,LE MANS,BRETAPARIS,FRAET,16:31,FRRNS
8509,2023-06-11,RENNES,NON,8074,18:49,ATLANTIQUE,PARIS (intramuros),BRETAPARIS,FRPMO,16:31,FRRNS
8510,2023-06-11,GENEVE,NON,9764,09:49,INTERNATIONAL,BOURG EN BRESSE,GENEVEPA,FRXBK,08:29,CHGVA
8511,2023-06-11,NIMES,OUI,6030,10:01,SUD EST,VALENCE TGV RHONE-ALPES SUD,LANGPA,FRVLA,09:17,FRFNI
8512,2023-06-11,VALENCE TGV RHONE-ALPES SUD,NON,6030,12:18,SUD EST,PARIS (intramuros),LANGPA,FRPLY,10:04,FRVLA
8513,2023-06-11,PARIS (intramuros),NON,7177,17:40,NORD,ARRAS,PAARRAS,FRQRV,16:52,FRPNO
8514,2023-06-11,PARIS (intramuros),NON,7177,17:59,NORD,DOUAI,PAARRAS,FRXDN,16:52,FRPNO
8515,2023-06-11,MEUSE TGV,NON,2407,09:59,EST,STRASBOURG,PASTRAMULH,FRAEG,09:08,FREAJ
8516,2023-06-11,PARIS (intramuros),NON,2407,08:38,EST,CHAMPAGNE-ARDENNE,PASTRAMULH,FREAH,07:58,FRPST
8517,2023-06-11,BRUXELLES MIDI BRUSSEL ZUID,NON,9830,17:00,NORD,LYON (intramuros),JCNORDSUD,FRLPD,13:17,BEBMI
8518,2023-06-11,MARNE LA VALLEE CHESSY,NON,9830,18:13,NORD,AVIGNON TGV,JCNORDSUD,FRAVG,15:15,FRMLV
8519,2023-06-11,BEZIERS,NON,6823,13:30,SUD EST,CARCASSONNE,JCPROVSUD,FRCCF,12:46,FRBZR
8520,2023-06-11,NIMES,NON,6823,12:59,SUD EST,NARBONNE,JCPROVSUD,FRXNA,11:37,FRFNI
8521,2023-06-11,VALENCE TGV RHONE-ALPES SUD,NON,6823,11:34,SUD EST,NIMES,JCPROVSUD,FRFNI,10:49,FRVLA
8522,2023-06-11,NARBONNE,NON,6823,13:30,SUD EST,CARCASSONNE,JCPROVSUD,FRCCF,13:02,FRXNA
8523,2023-06-11,LORIENT,NON,8730,17:25,ATLANTIQUE,RENNES,BRETAPARIS,FRRNS,15:56,FRLRT
8524,2023-06-11,ROSPORDEN,OUI,8730,16:11,ATLANTIQUE,AURAY,BRETAPARIS,FRXUY,15:27,FRRSP
8525,2023-06-11,QUIMPER,OUI,8730,15:53,ATLANTIQUE,LORIENT,BRETAPARIS,FRLRT,15:12,FRUIP
8526,2023-06-11,QUIMPER,NON,8730,17:25,ATLANTIQUE,RENNES,BRETAPARIS,FRRNS,15:12,FRUIP
8527,2023-06-11,QUIMPER,OUI,8730,16:24,ATLANTIQUE,VANNES,BRETAPARIS,FRVNE,15:12,FRUIP
8528,2023-06-11,VANNES,NON,8730,19:06,ATLANTIQUE,PARIS (intramuros),BRETAPARIS,FRPMO,16:27,FRVNE
8529,2023-06-11,PARIS (intramuros),NON,8887,20:33,ATLANTIQUE,LE MANS,PARISLOIRE,FRAET,19:36,FRPMO
8530,2023-06-11,RENNES,NON,8084,15:06,ATLANTIQUE,PARIS (intramuros),BRETAPARIS,FRPMO,13:35,FRRNS
8531,2023-06-11,NANTES,NON,3837,20:03,IC SRO,ROCHEFORT,NANTEBORDO,FRRCO,17:55,FRNTE
8532,2023-06-11,LA ROCHE SUR YON,NON,3837,20:32,IC SRO,SAINTES,NANTEBORDO,FRXST,18:36,FRXRO
8533,2023-06-11,LILLE (intramuros),NON,5240,19:04,NORD,MASSY TGV,JCNORDAQUI,FRDJU,17:16,FRADJ
8534,2023-06-11,LILLE (intramuros),NON,5240,20:06,NORD,ST PIERRE DES CORPS,JCNORDAQUI,FRXSH,17:16,FRADJ
8535,2023-06-11,ANGOULEME,OUI,5240,22:02,NORD,BORDEAUX ST JEAN,JCNORDAQUI,FRBOJ,21:24,FRANG
8536,2023-06-11,MASSY TGV,NON,5240,20:40,NORD,POITIERS,JCNORDAQUI,FRPIS,19:09,FRDJU
8537,2023-06-11,MASSY TGV,NON,5240,20:06,NORD,ST PIERRE DES CORPS,JCNORDAQUI,FRXSH,19:09,FRDJU
8538,2023-06-11,AEROPORT CDG2 TGV ROISSY,NON,5240,20:06,NORD,ST PIERRE DES CORPS,JCNORDAQUI,FRXSH,18:18,FRMLW
8539,2023-06-11,POITIERS,NON,5240,22:02,NORD,BORDEAUX ST JEAN,JCNORDAQUI,FRBOJ,20:43,FRPIS
8540,2023-06-11,LYON (intramuros),OUI,6613,14:10,SUD EST,LYON (intramuros),PARISRHONE,FRLPE,14:02,FRLPD
8541,2023-06-11,LE CREUSOT MONTCEAU MONTCHANIN,NON,6613,14:10,SUD EST,LYON (intramuros),PARISRHONE,FRLPE,13:13,FRXCC
8542,2023-06-11,AIX EN PROVENCE TGV,NON,6852,21:27,SUD EST,VALENCE TGV RHONE-ALPES SUD,JCSUDPROV,FRVLA,20:32,FRAIE
8543,2023-06-11,CANNES,OUI,6852,20:04,SUD EST,MARSEILLE ST CHARLES,JCSUDPROV,FRMSC,17:59,FRJCA
8544,2023-06-11,NICE VILLE,OUI,6852,17:42,SUD EST,ANTIBES,JCSUDPROV,FRXAT,17:27,FRNIC
8545,2023-06-11,NICE VILLE,OUI,6852,18:37,SUD EST,LES ARCS DRAGUIGNAN,JCSUDPROV,FRXRS,17:27,FRNIC
8546,2023-06-11,ANTIBES,OUI,6852,20:04,SUD EST,MARSEILLE ST CHARLES,JCSUDPROV,FRMSC,17:45,FRXAT
8547,2023-06-11,ANTIBES,OUI,6852,18:37,SUD EST,LES ARCS DRAGUIGNAN,JCSUDPROV,FRXRS,17:45,FRXAT
8548,2023-06-11,LES ARCS DRAGUIGNAN,NON,6852,20:29,SUD EST,AIX EN PROVENCE TGV,JCSUDPROV,FRAIE,18:40,FRXRS
8549,2023-06-11,LES ARCS DRAGUIGNAN,NON,6852,20:52,SUD EST,AVIGNON TGV,JCSUDPROV,FRAVG,18:40,FRXRS
8550,2023-06-11,LES ARCS DRAGUIGNAN,NON,6852,22:14,SUD EST,LYON (intramuros),JCSUDPROV,FRLPD,18:40,FRXRS
8551,2023-06-11,ST RAPHAEL VALESCURE,OUI,6852,20:04,SUD EST,MARSEILLE ST CHARLES,JCSUDPROV,FRMSC,18:23,FRXSK
8552,2023-06-11,AVIGNON CENTRE,OUI,6195,22:40,SUD EST,MIRAMAS,PAVDR,FRMAZ,22:01,FRAES
8553,2023-06-11,LYON-SAINT EXUPERY TGV,NON,6195,22:18,SUD EST,ARLES,PAVDR,FRHZA,20:11,FRJDQ
8554,2023-06-11,LYON-SAINT EXUPERY TGV,NON,6195,22:40,SUD EST,MIRAMAS,PAVDR,FRMAZ,20:11,FRJDQ
8555,2023-06-11,LYON-SAINT EXUPERY TGV,NON,6195,20:46,SUD EST,VALENCE VILLE,PAVDR,FRVAF,20:11,FRJDQ
8556,2023-06-11,PARIS (intramuros),NON,6195,20:03,SUD EST,LYON-SAINT EXUPERY TGV,PAVDR,FRJDQ,18:12,FRPLY
8557,2023-06-11,MONTELIMAR GARE SNCF,OUI,6195,21:57,SUD EST,AVIGNON CENTRE,PAVDR,FRAES,21:13,FRXMK
8558,2023-06-11,ORANGE,OUI,6195,22:40,SUD EST,MIRAMAS,PAVDR,FRMAZ,21:41,FRXOG
8559,2023-06-11,ZUERICH HB,NON,9234,22:42,INTERNATIONAL,PARIS (intramuros),ZURBALPA,FRPLY,18:34,CHAJD
8560,2023-06-11,ZUERICH HB,NON,9234,20:18,INTERNATIONAL,BELFORT-MONTBELIARD TGV,ZURBALPA,FRTJA,18:34,CHAJD
8561,2023-06-11,MULHOUSE VILLE,NON,9234,20:18,INTERNATIONAL,BELFORT-MONTBELIARD TGV,ZURBALPA,FRTJA,19:56,FRAEK
8562,2023-06-11,BELFORT-MONTBELIARD TGV,NON,9234,22:42,INTERNATIONAL,PARIS (intramuros),ZURBALPA,FRPLY,20:21,FRTJA
8563,2023-06-11,PARIS (intramuros),OUI,7363,11:39,NORD,HAZEBROUCK,PAARRAS,FRHZK,09:52,FRPNO
8564,2023-06-11,PARIS (intramuros),OUI,7363,11:16,NORD,BETHUNE,PAARRAS,FRXBH,09:52,FRPNO
8565,2023-06-11,LUNEVILLE,OUI,2598,18:04,EST,NANCY,NANCYPA,FRENC,17:46,FRLNE
8566,2023-06-11,LUNEVILLE,NON,2598,19:50,EST,PARIS (intramuros),NANCYPA,FRPST,17:46,FRLNE
8567,2023-06-11,ST DIE DES VOSGES,OUI,2598,17:43,EST,LUNEVILLE,NANCYPA,FRLNE,17:11,FRXTD
8568,2023-06-11,GUINGAMP,NON,8652,00:08,ATLANTIQUE,PARIS (intramuros),BRETAPARIS,FRPMO,21:21,FRGGP
8569,2023-06-11,LAMBALLE,OUI,8652,22:29,ATLANTIQUE,RENNES,BRETAPARIS,FRRNS,21:51,FRLAM
8570,2023-06-11,ST BRIEUC,OUI,8652,21:48,ATLANTIQUE,LAMBALLE,BRETAPARIS,FRLAM,21:38,FRSBK
8571,2023-06-11,LAVAL,NON,5280,14:27,NORD,MARNE LA VALLEE CHESSY,JCBRETNORD,FRMLV,12:28,FRACR
8572,2023-06-11,LAVAL,NON,5280,14:41,NORD,AEROPORT CDG2 TGV ROISSY,JCBRETNORD,FRMLW,12:28,FRACR
8573,2023-06-11,MASSY TGV,NON,5280,14:41,NORD,AEROPORT CDG2 TGV ROISSY,JCBRETNORD,FRMLW,13:55,FRDJU
8574,2023-06-11,MARNE LA VALLEE CHESSY,NON,5280,14:41,NORD,AEROPORT CDG2 TGV ROISSY,JCBRETNORD,FRMLW,14:31,FRMLV
8575,2023-06-11,RENNES,NON,5280,12:57,NORD,LE MANS,JCBRETNORD,FRAET,12:00,FRRNS
8576,2023-06-11,LORIENT,OUI,8725,18:25,ATLANTIQUE,ROSPORDEN,PARISBRETA,FRRSP,17:58,FRLRT
8577,2023-06-11,LORIENT,OUI,8725,18:40,ATLANTIQUE,QUIMPER,PARISBRETA,FRUIP,17:58,FRLRT
8578,2023-06-11,ROSPORDEN,OUI,8725,18:40,ATLANTIQUE,QUIMPER,PARISBRETA,FRUIP,18:28,FRRSP
8579,2023-06-11,VANNES,OUI,8725,18:09,ATLANTIQUE,QUIMPERLE,PARISBRETA,FRECO,17:27,FRVNE
8580,2023-06-11,AIX EN PROVENCE TGV,NON,6106,07:50,SUD EST,AVIGNON TGV,PROVENCEPA,FRAVG,07:30,FRAIE
8581,2023-06-11,MARSEILLE ST CHARLES,OUI,6106,07:27,SUD EST,AIX EN PROVENCE TGV,PROVENCEPA,FRAIE,07:15,FRMSC
8582,2023-06-11,CHAMPAGNE-ARDENNE,NON,2540,14:41,EST,PARIS (intramuros),NANCYPA,FRPST,14:01,FREAH
8583,2023-06-11,NANCY,OUI,2540,13:55,EST,CHAMPAGNE-ARDENNE,NANCYPA,FREAH,12:55,FRENC
8584,2023-06-11,NANCY,OUI,2540,13:29,EST,MEUSE TGV,NANCYPA,FREAJ,12:55,FRENC
8585,2023-06-11,BADEN BADEN,NON,9583,15:59,INTERNATIONAL,FRANKFURT MAIN HBF,MRSFRANC,DEFRH,14:25,DEZCC
8586,2023-06-11,BADEN BADEN,NON,9583,14:46,INTERNATIONAL,KARLSRUHE HBF,MRSFRANC,DEQKA,14:25,DEZCC
8587,2023-06-11,STRASBOURG,NON,9583,14:46,INTERNATIONAL,KARLSRUHE HBF,MRSFRANC,DEQKA,13:55,FRAEG
8588,2023-06-11,STRASBOURG,NON,9583,14:23,INTERNATIONAL,BADEN BADEN,MRSFRANC,DEZCC,13:55,FRAEG
8589,2023-06-11,MULHOUSE VILLE,NON,9583,15:18,INTERNATIONAL,MANNHEIM HBF,MRSFRANC,DEMHG,12:54,FRAEK
8590,2023-06-11,MULHOUSE VILLE,NON,9583,13:43,INTERNATIONAL,STRASBOURG,MRSFRANC,FRAEG,12:54,FRAEK
8591,2023-06-11,AIX EN PROVENCE TGV,NON,9583,14:23,INTERNATIONAL,BADEN BADEN,MRSFRANC,DEZCC,08:25,FRAIE
8592,2023-06-11,AIX EN PROVENCE TGV,NON,9583,12:51,INTERNATIONAL,MULHOUSE VILLE,MRSFRANC,FRAEK,08:25,FRAIE
8593,2023-06-11,LYON (intramuros),NON,9583,14:46,INTERNATIONAL,KARLSRUHE HBF,MRSFRANC,DEQKA,10:04,FRLPD
8594,2023-06-11,MARSEILLE ST CHARLES,NON,9583,14:46,INTERNATIONAL,KARLSRUHE HBF,MRSFRANC,DEQKA,08:11,FRMSC
8595,2023-06-11,MARSEILLE ST CHARLES,NON,9583,14:23,INTERNATIONAL,BADEN BADEN,MRSFRANC,DEZCC,08:11,FRMSC
8596,2023-06-11,MARSEILLE ST CHARLES,NON,9583,12:51,INTERNATIONAL,MULHOUSE VILLE,MRSFRANC,FRAEK,08:11,FRMSC
8597,2023-06-11,MARSEILLE ST CHARLES,NON,9583,09:54,INTERNATIONAL,LYON (intramuros),MRSFRANC,FRLPD,08:11,FRMSC
8598,2023-06-11,BELFORT-MONTBELIARD TGV,NON,9583,14:46,INTERNATIONAL,KARLSRUHE HBF,MRSFRANC,DEQKA,12:27,FRTJA
8599,2023-06-11,BESANCON - F COMTE TGV,NON,9583,15:18,INTERNATIONAL,MANNHEIM HBF,MRSFRANC,DEMHG,12:03,FRTJB
8600,2023-06-11,BESANCON - F COMTE TGV,NON,9583,12:51,INTERNATIONAL,MULHOUSE VILLE,MRSFRANC,FRAEK,12:03,FRTJB
8601,2023-06-11,CHALON SUR SAONE,NON,9583,15:18,INTERNATIONAL,MANNHEIM HBF,MRSFRANC,DEMHG,11:06,FRXCD
8602,2023-06-11,LAVAL,OUI,8033,20:10,ATLANTIQUE,RENNES,PARISBRETA,FRRNS,19:29,FRACR
8603,2023-06-11,LAVAL,OUI,8033,19:46,ATLANTIQUE,VITRE,PARISBRETA,FRXVT,19:29,FRACR
8604,2023-06-11,LE MANS,NON,5336,14:20,SUD EST,MASSY TGV,JCATLSUD,FRDJU,13:30,FRAET
8605,2023-06-11,VALENCE TGV RHONE-ALPES SUD,OUI,5336,18:36,SUD EST,MONTPELLIER SUD DE FRANCE,JCATLSUD,FRSUF,17:18,FRVLA
8606,2023-06-11,CALAIS FRETHUN,OUI,7546,23:08,NORD,PARIS (intramuros),ARRASPA,FRPNO,21:14,FRSTH
8607,2023-06-11,METZ VILLE,NON,2226,21:13,EST,PARIS (intramuros),LUXMETZPA,FRPST,19:42,FRADE
8608,2023-06-11,CHAMPAGNE-ARDENNE,NON,2226,21:13,EST,PARIS (intramuros),LUXMETZPA,FRPST,20:32,FREAH
8609,2023-06-11,BOURG EN BRESSE,NON,9775,17:30,INTERNATIONAL,GENEVE,PAGENEVE,CHGVA,16:12,FRXBK
8610,2023-06-11,THIONVILLE,NON,2870,16:31,EST,PARIS (intramuros),LUXMETZPA,FRPST,14:34,FRXTH
8611,2023-06-11,VALENCE TGV RHONE-ALPES SUD,NON,6049,18:08,SUD EST,MONTPELLIER SUD DE FRANCE,PALANG,FRSUF,17:09,FRVLA
8612,2023-06-11,PARIS (intramuros),NON,6049,17:46,SUD EST,NIMES PONT DU GARD,PALANG,FRXZP,14:54,FRPLY
8613,2023-06-11,MORLAIX,OUI,8623,18:37,ATLANTIQUE,BREST,PARISBRETA,FRBES,18:04,FRMXN
8614,2023-06-11,PARIS (intramuros),NON,8623,18:37,ATLANTIQUE,BREST,PARISBRETA,FRBES,14:41,FRPMO
8615,2023-06-11,RENNES,NON,8623,17:33,ATLANTIQUE,GUINGAMP,PARISBRETA,FRGGP,16:32,FRRNS
8616,2023-06-11,RENNES,NON,8623,17:16,ATLANTIQUE,ST BRIEUC,PARISBRETA,FRSBK,16:32,FRRNS
8617,2023-06-11,CARCASSONNE,NON,4760,17:32,IC ARO,BORDEAUX ST JEAN,TJOURSESO,FRBOJ,14:30,FRCCF
8618,2023-06-11,NIMES,NON,4760,13:57,IC ARO,NARBONNE,TJOURSESO,FRXNA,12:40,FRFNI
8619,2023-06-11,ARLES,NON,4760,17:32,IC ARO,BORDEAUX ST JEAN,TJOURSESO,FRBOJ,12:10,FRHZA
8620,2023-06-11,ARLES,OUI,4760,12:37,IC ARO,NIMES,TJOURSESO,FRFNI,12:10,FRHZA
8621,2023-06-11,ARLES,OUI,4760,13:04,IC ARO,MONTPELLIER SAINT-ROCH,TJOURSESO,FRMPL,12:10,FRHZA
8622,2023-06-11,MONTPELLIER SAINT-ROCH,NON,4760,16:25,IC ARO,AGEN,TJOURSESO,FRAGF,13:07,FRMPL
8623,2023-06-11,MONTPELLIER SAINT-ROCH,NON,4760,13:57,IC ARO,NARBONNE,TJOURSESO,FRXNA,13:07,FRMPL
8624,2023-06-11,MONTPELLIER SAINT-ROCH,NON,4760,13:21,IC ARO,SETE,TJOURSESO,FRXSY,13:07,FRMPL
8625,2023-06-11,MARSEILLE ST CHARLES,NON,4760,13:21,IC ARO,SETE,TJOURSESO,FRXSY,11:24,FRMSC
8626,2023-06-11,NARBONNE,NON,4760,16:25,IC ARO,AGEN,TJOURSESO,FRAGF,14:00,FRXNA
8627,2023-06-11,NARBONNE,NON,4760,15:48,IC ARO,MONTAUBAN VILLE BOURBON,TJOURSESO,FRXMW,14:00,FRXNA
8628,2023-06-11,SETE,NON,4760,17:32,IC ARO,BORDEAUX ST JEAN,TJOURSESO,FRBOJ,13:23,FRXSY
8629,2023-06-11,CHATEAUROUX,NON,3685,22:59,IC ARO,LIMOGES BENEDICTINS,PALITO,FRAGQ,21:43,FRCHR
8630,2023-06-11,CHATEAUROUX,NON,3685,21:58,IC ARO,ARGENTON SUR CREUSE,PALITO,FRFMT,21:43,FRCHR
8631,2023-06-11,LA SOUTERRAINE,NON,3685,00:03,IC ARO,BRIVE LA GAILLARDE,PALITO,FRBVE,22:25,FRLST
8632,2023-06-11,PARIS (intramuros),OUI,2785,20:52,EST,VITRY LE FRANCOIS GARE,PABARSED,FRBFO,19:28,FRPST
8633,2023-06-11,PARIS (intramuros),OUI,2785,21:19,EST,BAR LE DUC,PABARSED,FRXBD,19:28,FRPST
8634,2023-06-11,CHALONS EN CHAMPAGNE,OUI,2785,21:19,EST,BAR LE DUC,PABARSED,FRXBD,20:35,FRXCR
8635,2023-06-11,LES AUBRAIS ORLEANS,OUI,3737,06:57,IC NUIT,CASTELNAUDARY,PARPALOMBE,FRCTY,22:49,FRLAB
8636,2023-06-11,LES AUBRAIS ORLEANS,OUI,3737,10:12,IC NUIT,BANYULS SUR MER,PARPALOMBE,FRXBU,22:49,FRLAB
8637,2023-06-11,PARIS (intramuros),OUI,3737,10:12,IC NUIT,BANYULS SUR MER,PARPALOMBE,FRXBU,21:41,FRPAZ
8638,2023-06-11,PARIS (intramuros),OUI,3737,10:21,IC NUIT,CERBERE,PARPALOMBE,FRXCE,21:41,FRPAZ
8639,2023-06-11,TOURS,OUI,8324,21:21,ATLANTIQUE,ST PIERRE DES CORPS,ROCHELLEPA,FRXSH,21:16,FRAFW
8640,2023-06-11,ST PIERRE DES CORPS,NON,8324,21:43,ATLANTIQUE,VENDOME VILLIERS SUR LOIR,ROCHELLEPA,FRESL,21:24,FRXSH
8641,2023-06-11,ANGOULEME,OUI,8495,23:43,ATLANTIQUE,BORDEAUX ST JEAN,PASUDOUEST,FRBOJ,22:37,FRANG
8642,2023-06-11,POITIERS,NON,8495,23:16,ATLANTIQUE,LIBOURNE,PASUDOUEST,FRXLR,21:54,FRPIS
8643,2023-06-11,PARIS (intramuros),NON,8495,22:34,ATLANTIQUE,ANGOULEME,PASUDOUEST,FRANG,20:24,FRPMO
8644,2023-06-11,PARIS (intramuros),NON,8495,23:43,ATLANTIQUE,BORDEAUX ST JEAN,PASUDOUEST,FRBOJ,20:24,FRPMO
8645,2023-06-11,LIBOURNE,OUI,8495,23:43,ATLANTIQUE,BORDEAUX ST JEAN,PASUDOUEST,FRBOJ,23:19,FRXLR
8646,2023-06-11,PAU,NON,14140,08:36,IC SRO,LOURDES,SUDOUEST,FRLDE,08:11,FRAEE
8647,2023-06-11,ORTHEZ,NON,14140,08:08,IC SRO,PAU,SUDOUEST,FRAEE,07:47,FRGFI
8648,2023-06-11,LOURDES,NON,14140,09:35,IC SRO,ST GAUDENS,SUDOUEST,FRFPH,08:39,FRLDE
8649,2023-06-11,LOURDES,NON,14140,08:52,IC SRO,TARBES,SUDOUEST,FRXTB,08:39,FRLDE
8650,2023-06-11,BAYONNE,NON,14140,07:45,IC SRO,ORTHEZ,SUDOUEST,FRGFI,07:00,FRXBY
8651,2023-06-11,BAYONNE,NON,14140,08:52,IC SRO,TARBES,SUDOUEST,FRXTB,07:00,FRXBY
8652,2023-06-11,LYON (intramuros),NON,5192,17:47,NORD,MARNE LA VALLEE CHESSY,JCSUDNORD,FRMLV,16:00,FRLPD
8653,2023-06-11,LYON (intramuros),OUI,5192,15:54,NORD,LYON (intramuros),JCSUDNORD,FRLPD,15:46,FRLPE
8654,2023-06-11,MARNE LA VALLEE CHESSY,NON,5192,18:56,NORD,ARRAS,JCSUDNORD,FRQRV,17:51,FRMLV
8655,2023-06-11,AEROPORT CDG2 TGV ROISSY,OUI,5192,19:44,NORD,LILLE (intramuros),JCSUDNORD,FRADJ,18:07,FRMLW
8656,2023-06-11,AEROPORT CDG2 TGV ROISSY,OUI,5192,18:34,NORD,TGV HAUTE PICARDIE,JCSUDNORD,FRTHP,18:07,FRMLW
8657,2023-06-11,ARRAS,OUI,5192,19:44,NORD,LILLE (intramuros),JCSUDNORD,FRADJ,18:59,FRQRV
8658,2023-06-11,LYON (intramuros),NON,5192,19:14,NORD,DOUAI,JCSUDNORD,FRXDN,15:46,FRLPE
8659,2023-06-11,LE CROISIC,OUI,8926,19:05,ATLANTIQUE,SABLE SUR SARTHE,LOIREPARIS,FRSAB,16:55,FREGU
8660,2023-06-11,LE CROISIC,OUI,8926,17:21,ATLANTIQUE,ST NAZAIRE,LOIREPARIS,FRSNR,16:55,FREGU
8661,2023-06-11,NANTES,NON,8926,20:29,ATLANTIQUE,PARIS (intramuros),LOIREPARIS,FRPMO,18:05,FRNTE
8662,2023-06-11,NANTES,OUI,8926,19:05,ATLANTIQUE,SABLE SUR SARTHE,LOIREPARIS,FRSAB,18:05,FRNTE
8663,2023-06-11,STRASBOURG,NON,2203,09:11,EST,DIJON VILLE,JCRHINRHON,FRABA,06:47,FRAEG
8664,2023-06-11,STRASBOURG,OUI,2203,07:13,EST,COLMAR,JCRHINRHON,FRAEJ,06:47,FRAEG
8665,2023-06-11,MULHOUSE VILLE,NON,2203,09:11,EST,DIJON VILLE,JCRHINRHON,FRABA,07:52,FRAEK
8666,2023-06-11,MULHOUSE VILLE,NON,2203,12:55,EST,MONTPELLIER SAINT-ROCH,JCRHINRHON,FRMPL,07:52,FRAEK
8667,2023-06-11,MULHOUSE VILLE,NON,2203,08:38,EST,BESANCON - F COMTE TGV,JCRHINRHON,FRTJB,07:52,FRAEK
8668,2023-06-11,MULHOUSE VILLE,NON,2203,09:54,EST,CHALON SUR SAONE,JCRHINRHON,FRXCD,07:52,FRAEK
8669,2023-06-11,BESANCON - F COMTE TGV,NON,2203,12:24,EST,NIMES,JCRHINRHON,FRFNI,08:41,FRTJB
8670,2023-06-11,LYON (intramuros),NON,5186,22:31,NORD,AEROPORT CDG2 TGV ROISSY,JCSUDNORD,FRMLW,20:30,FRLPD
8671,2023-06-11,LYON (intramuros),OUI,6621,18:17,SUD EST,LYON (intramuros),PARISRHONE,FRLPE,18:09,FRLPD
8672,2023-06-11,PARIS (intramuros),NON,6621,18:17,SUD EST,LYON (intramuros),PARISRHONE,FRLPE,15:50,FRPLY
8673,2023-06-11,LE CREUSOT MONTCEAU MONTCHANIN,NON,6621,18:03,SUD EST,LYON (intramuros),PARISRHONE,FRLPD,17:11,FRXCC
8674,2023-06-11,LE CREUSOT MONTCEAU MONTCHANIN,NON,6621,17:29,SUD EST,MACON LOCHE TGV,PARISRHONE,FRMLT,17:11,FRXCC
8675,2023-06-11,BEZIERS,OUI,6034,13:25,SUD EST,SETE,LANGPA,FRXSY,12:58,FRBZR
8676,2023-06-11,NIMES,NON,6034,17:18,SUD EST,PARIS (intramuros),LANGPA,FRPLY,14:17,FRFNI
8677,2023-06-11,MONTPELLIER SAINT-ROCH,OUI,6034,14:13,SUD EST,NIMES,LANGPA,FRFNI,13:48,FRMPL
8678,2023-06-11,MONTPELLIER SAINT-ROCH,NON,6034,17:18,SUD EST,PARIS (intramuros),LANGPA,FRPLY,13:48,FRMPL
8679,2023-06-11,PERPIGNAN,NON,6034,15:01,SUD EST,VALENCE TGV RHONE-ALPES SUD,LANGPA,FRVLA,12:04,FRPGF
8680,2023-06-11,VALENCE TGV RHONE-ALPES SUD,NON,6034,17:18,SUD EST,PARIS (intramuros),LANGPA,FRPLY,15:04,FRVLA
8681,2023-06-11,AGDE,OUI,6034,13:44,SUD EST,MONTPELLIER SAINT-ROCH,LANGPA,FRMPL,13:12,FRXAG
8682,2023-06-11,AGDE,NON,6034,15:01,SUD EST,VALENCE TGV RHONE-ALPES SUD,LANGPA,FRVLA,13:12,FRXAG
8683,2023-06-11,AGDE,OUI,6034,13:25,SUD EST,SETE,LANGPA,FRXSY,13:12,FRXAG
8684,2023-06-11,NARBONNE,NON,6034,17:18,SUD EST,PARIS (intramuros),LANGPA,FRPLY,12:41,FRXNA
8685,2023-06-11,SETE,NON,6034,17:18,SUD EST,PARIS (intramuros),LANGPA,FRPLY,13:28,FRXSY
8686,2023-06-11,PARIS (intramuros),NON,7277,18:07,NORD,LILLE (intramuros),PAARRAS,FRLLE,16:52,FRPNO
8687,2023-06-11,CHATEAUROUX,NON,3638,11:39,IC ARO,ISSOUDUN,TOULOUZECO,FRFMN,11:24,FRCHR
8688,2023-06-11,CAHORS,OUI,3638,09:32,IC ARO,UZERCHE,TOULOUZECO,FRAAW,07:57,FRZAO
8689,2023-06-11,CAHORS,OUI,3638,10:45,IC ARO,LA SOUTERRAINE,TOULOUZECO,FRLST,07:57,FRZAO
8690,2023-06-11,CAHORS,NON,3638,12:02,IC ARO,VIERZON VILLE,TOULOUZECO,FRXVZ,07:57,FRZAO
8691,2023-06-11,SOUILLAC,NON,3638,11:39,IC ARO,ISSOUDUN,TOULOUZECO,FRFMN,08:41,FRSOU
8692,2023-06-11,SOUILLAC,OUI,3638,09:32,IC ARO,UZERCHE,TOULOUZECO,FRAAW,08:41,FRSOU
8693,2023-06-11,LE MANS,NON,5460,21:04,EST,STRASBOURG,JCATLEST,FRAEG,16:57,FRAET
8694,2023-06-11,MASSY TGV,NON,5460,20:25,EST,LORRAINE TGV,JCATLEST,FREAM,17:54,FRDJU
8695,2023-06-11,MASSY TGV,NON,5460,18:23,EST,MARNE LA VALLEE CHESSY,JCATLEST,FRMLV,17:54,FRDJU
8696,2023-06-11,CHAMPAGNE-ARDENNE,NON,5460,21:04,EST,STRASBOURG,JCATLEST,FRAEG,19:35,FREAH
8697,2023-06-11,MARNE LA VALLEE CHESSY,NON,5460,18:37,EST,AEROPORT CDG2 TGV ROISSY,JCATLEST,FRMLW,18:28,FRMLV
8698,2023-06-11,AEROPORT CDG2 TGV ROISSY,NON,5460,21:04,EST,STRASBOURG,JCATLEST,FRAEG,18:53,FRMLW
8699,2023-06-11,RENNES,NON,5460,21:04,EST,STRASBOURG,JCATLEST,FRAEG,16:03,FRRNS
8700,2023-06-11,RENNES,NON,5460,20:25,EST,LORRAINE TGV,JCATLEST,FREAM,16:03,FRRNS
8701,2023-06-11,ANGERS ST LAUD,NON,8984,19:14,ATLANTIQUE,PARIS (intramuros),LOIREPARIS,FRPMO,17:48,FRACL
8702,2023-06-11,LES SABLES D'OLONNE,OUI,8984,17:45,ATLANTIQUE,ANGERS ST LAUD,LOIREPARIS,FRACL,15:44,FRLSO
8703,2023-06-11,ANGERS ST LAUD,NON,4402,08:05,IC SRO,ST PIERRE DES CORPS,JOURNTELYN,FRXSH,07:10,FRACL
8704,2023-06-11,SAUMUR,NON,4402,09:43,IC SRO,BOURGES,JOURNTELYN,FRBOU,07:32,FRACN
8705,2023-06-11,SAUMUR,NON,4402,13:10,IC SRO,LYON (intramuros),JOURNTELYN,FRLPD,07:32,FRACN
8706,2023-06-11,MOULINS SUR ALLIER,NON,4402,13:10,IC SRO,LYON (intramuros),JOURNTELYN,FRLPD,11:02,FRXMU
8707,2023-06-11,ST PIERRE DES CORPS,NON,4402,09:43,IC SRO,BOURGES,JOURNTELYN,FRBOU,08:08,FRXSH
8708,2023-06-11,VIERZON VILLE,NON,4402,13:10,IC SRO,LYON (intramuros),JOURNTELYN,FRLPD,09:20,FRXVZ
8709,2023-06-11,AIX EN PROVENCE TGV,NON,6805,11:06,SUD EST,TOULON,JCPROVSUD,FRTLN,09:51,FRAIE
8710,2023-06-11,AIX EN PROVENCE TGV,NON,6805,12:02,SUD EST,ST RAPHAEL VALESCURE,JCPROVSUD,FRXSK,09:51,FRAIE
8711,2023-06-11,CANNES,OUI,6805,12:58,SUD EST,NICE VILLE,JCPROVSUD,FRNIC,12:31,FRJCA
8712,2023-06-11,LYON (intramuros),NON,6805,09:26,SUD EST,AVIGNON TGV,JCPROVSUD,FRAVG,08:06,FRLPD
8713,2023-06-11,MARSEILLE ST CHARLES,OUI,6805,12:39,SUD EST,ANTIBES,JCPROVSUD,FRXAT,10:20,FRMSC
8714,2023-06-11,TOULON,OUI,6805,12:26,SUD EST,CANNES,JCPROVSUD,FRJCA,11:11,FRTLN
8715,2023-06-11,VALENCE TGV RHONE-ALPES SUD,NON,6805,09:26,SUD EST,AVIGNON TGV,JCPROVSUD,FRAVG,08:53,FRVLA
8716,2023-06-11,VALENCE TGV RHONE-ALPES SUD,NON,6805,12:26,SUD EST,CANNES,JCPROVSUD,FRJCA,08:53,FRVLA
8717,2023-06-11,VALENCE TGV RHONE-ALPES SUD,NON,6805,10:03,SUD EST,MARSEILLE ST CHARLES,JCPROVSUD,FRMSC,08:53,FRVLA
8718,2023-06-11,VALENCE TGV RHONE-ALPES SUD,NON,6805,12:02,SUD EST,ST RAPHAEL VALESCURE,JCPROVSUD,FRXSK,08:53,FRVLA
8719,2023-06-11,MOULINS SUR ALLIER,OUI,5979,21:23,IC ARO,RIOM CHATEL GUYON,PACLERMONT,FRRIO,20:30,FRXMU
8720,2023-06-11,LILLE (intramuros),OUI,5020,16:36,NORD,MARNE LA VALLEE CHESSY,JCNORDSUD,FRMLV,15:26,FRLLE
8721,2023-06-11,ANGERS ST LAUD,NON,4406,17:57,IC SRO,BOURGES,JOURNTELYN,FRBOU,15:28,FRACL
8722,2023-06-11,ANGERS ST LAUD,NON,4406,20:13,IC SRO,ROANNE,JOURNTELYN,FRRNE,15:28,FRACL
8723,2023-06-11,SAUMUR,NON,4406,16:31,IC SRO,ST PIERRE DES CORPS,JOURNTELYN,FRXSH,15:53,FRACN
8724,2023-06-11,BOURGES,NON,4406,21:18,IC SRO,LYON (intramuros),JOURNTELYN,FRLPD,17:59,FRBOU
8725,2023-06-11,NEVERS,NON,4406,21:18,IC SRO,LYON (intramuros),JOURNTELYN,FRLPD,18:42,FRNVS
8726,2023-06-11,NEVERS,NON,4406,20:13,IC SRO,ROANNE,JOURNTELYN,FRRNE,18:42,FRNVS
8727,2023-06-11,ROANNE,NON,4406,21:18,IC SRO,LYON (intramuros),JOURNTELYN,FRLPD,20:15,FRRNE
8728,2023-06-11,ST GERMAIN DES FOSSES,NON,4406,21:30,IC SRO,LYON (intramuros),JOURNTELYN,FRLPE,19:36,FRSGF
8729,2023-06-11,MOULINS SUR ALLIER,NON,4406,21:18,IC SRO,LYON (intramuros),JOURNTELYN,FRLPD,19:11,FRXMU
8730,2023-06-11,VIERZON VILLE,NON,4406,17:57,IC SRO,BOURGES,JOURNTELYN,FRBOU,17:40,FRXVZ
8731,2023-06-11,VIERZON VILLE,NON,4406,21:18,IC SRO,LYON (intramuros),JOURNTELYN,FRLPD,17:40,FRXVZ
8732,2023-06-11,VIERZON VILLE,NON,4406,20:13,IC SRO,ROANNE,JOURNTELYN,FRRNE,17:40,FRXVZ
8733,2023-06-11,VIERZON VILLE,NON,4406,19:34,IC SRO,ST GERMAIN DES FOSSES,JOURNTELYN,FRSGF,17:40,FRXVZ
8734,2023-06-11,LYON (intramuros),NON,6685,15:48,SUD EST,ST ETIENNE CHATEAUCREUX,PARISRHONE,FRHHD,15:06,FRLPD
8735,2023-06-11,PARIS (intramuros),NON,6685,15:48,SUD EST,ST ETIENNE CHATEAUCREUX,PARISRHONE,FRHHD,12:50,FRPLY
8736,2023-06-11,ANNEMASSE,NON,6506,18:15,SUD EST,BELLEGARDE,ALPESPARIS,FRXBF,17:34,FRQNJ
8737,2023-06-11,EVIAN LES BAINS,NON,6506,17:27,SUD EST,ANNEMASSE,ALPESPARIS,FRQNJ,16:45,FRXEB
8738,2023-06-11,EVIAN LES BAINS,NON,6506,18:15,SUD EST,BELLEGARDE,ALPESPARIS,FRXBF,16:45,FRXEB
8739,2023-06-11,THONON LES BAINS,NON,6506,17:27,SUD EST,ANNEMASSE,ALPESPARIS,FRQNJ,16:58,FRXTS
8740,2023-06-11,AGEN,OUI,12213,23:36,ATLANTIQUE,TOULOUSE MATABIAU,PASUDOUEST,FRXYT,22:25,FRAGF
8741,2023-06-11,BORDEAUX ST JEAN,OUI,12213,23:36,ATLANTIQUE,TOULOUSE MATABIAU,PASUDOUEST,FRXYT,21:20,FRBOJ
8742,2023-06-11,NANTES,OUI,8824,19:41,ATLANTIQUE,ANGERS ST LAUD,LOIREPARIS,FRACL,18:57,FRNTE
8743,2023-06-11,LAVAL,NON,8641,22:11,ATLANTIQUE,MORLAIX,PARISBRETA,FRMXN,19:58,FRACR
8744,2023-06-11,PLOUARET TREGOR,OUI,8641,22:36,ATLANTIQUE,LANDERNEAU,PARISBRETA,FRXLD,21:55,FRPLT
8745,2023-06-11,PARIS (intramuros),NON,8641,22:11,ATLANTIQUE,MORLAIX,PARISBRETA,FRMXN,18:40,FRPMO
8746,2023-06-11,PARIS (intramuros),NON,8641,21:53,ATLANTIQUE,PLOUARET TREGOR,PARISBRETA,FRPLT,18:40,FRPMO
8747,2023-06-11,RENNES,OUI,8641,21:38,ATLANTIQUE,GUINGAMP,PARISBRETA,FRGGP,20:32,FRRNS
8748,2023-06-11,RENNES,OUI,8641,22:11,ATLANTIQUE,MORLAIX,PARISBRETA,FRMXN,20:32,FRRNS
8749,2023-06-11,RENNES,OUI,8641,21:53,ATLANTIQUE,PLOUARET TREGOR,PARISBRETA,FRPLT,20:32,FRRNS
8750,2023-06-11,DIJON VILLE,NON,2242,15:24,EST,COLMAR,JCRHONRHIN,FRAEJ,13:37,FRABA
8751,2023-06-11,DIJON VILLE,NON,2242,14:55,EST,MULHOUSE VILLE,JCRHONRHIN,FRAEK,13:37,FRABA
8752,2023-06-11,AIX EN PROVENCE TGV,NON,2242,15:54,EST,STRASBOURG,JCRHONRHIN,FRAEG,09:58,FRAIE
8753,2023-06-11,AIX EN PROVENCE TGV,NON,2242,14:30,EST,BELFORT-MONTBELIARD TGV,JCRHONRHIN,FRTJA,09:58,FRAIE
8754,2023-06-11,AVIGNON TGV,NON,2242,15:24,EST,COLMAR,JCRHONRHIN,FRAEJ,10:20,FRAVG
8755,2023-06-11,AVIGNON TGV,NON,2242,12:41,EST,CHALON SUR SAONE,JCRHONRHIN,FRXCD,10:20,FRAVG
8756,2023-06-11,MACON VILLE,NON,2242,13:25,EST,DIJON VILLE,JCRHONRHIN,FRABA,12:12,FRHGU
8757,2023-06-11,MACON VILLE,NON,2242,15:24,EST,COLMAR,JCRHONRHIN,FRAEJ,12:12,FRHGU
8758,2023-06-11,MACON VILLE,NON,2242,12:41,EST,CHALON SUR SAONE,JCRHONRHIN,FRXCD,12:12,FRHGU
8759,2023-06-11,CANNES,NON,2242,13:25,EST,DIJON VILLE,JCRHONRHIN,FRABA,07:30,FRJCA
8760,2023-06-11,CANNES,NON,2242,15:54,EST,STRASBOURG,JCRHONRHIN,FRAEG,07:30,FRJCA
8761,2023-06-11,CANNES,NON,2242,10:17,EST,AVIGNON TGV,JCRHONRHIN,FRAVG,07:30,FRJCA
8762,2023-06-11,CANNES,NON,2242,11:26,EST,LYON (intramuros),JCRHONRHIN,FRLPD,07:30,FRJCA
8763,2023-06-11,CANNES,NON,2242,13:03,EST,BEAUNE,JCRHONRHIN,FRXBV,07:30,FRJCA
8764,2023-06-11,MARSEILLE ST CHARLES,NON,2242,15:24,EST,COLMAR,JCRHONRHIN,FRAEJ,09:45,FRMSC
8765,2023-06-11,NICE VILLE,NON,2242,14:55,EST,MULHOUSE VILLE,JCRHONRHIN,FRAEK,07:00,FRNIC
8766,2023-06-11,NICE VILLE,NON,2242,11:26,EST,LYON (intramuros),JCRHONRHIN,FRLPD,07:00,FRNIC
8767,2023-06-11,NICE VILLE,NON,2242,12:41,EST,CHALON SUR SAONE,JCRHONRHIN,FRXCD,07:00,FRNIC
8768,2023-06-11,BESANCON - F COMTE TGV,NON,2242,14:55,EST,MULHOUSE VILLE,JCRHONRHIN,FRAEK,14:09,FRTJB
8769,2023-06-11,TOULON,NON,2242,13:25,EST,DIJON VILLE,JCRHONRHIN,FRABA,08:50,FRTLN
8770,2023-06-11,ANTIBES,OUI,2242,07:26,EST,CANNES,JCRHONRHIN,FRJCA,07:16,FRXAT
8771,2023-06-11,ANTIBES,OUI,2242,08:09,EST,LES ARCS DRAGUIGNAN,JCRHONRHIN,FRXRS,07:16,FRXAT
8772,2023-06-11,ANTIBES,OUI,2242,07:52,EST,ST RAPHAEL VALESCURE,JCRHONRHIN,FRXSK,07:16,FRXAT
8773,2023-06-11,CHALON SUR SAONE,NON,2242,13:25,EST,DIJON VILLE,JCRHONRHIN,FRABA,12:44,FRXCD
8774,2023-06-11,CHALON SUR SAONE,NON,2242,14:30,EST,BELFORT-MONTBELIARD TGV,JCRHONRHIN,FRTJA,12:44,FRXCD
8775,2023-06-11,LES ARCS DRAGUIGNAN,NON,2242,13:25,EST,DIJON VILLE,JCRHONRHIN,FRABA,08:12,FRXRS
8776,2023-06-11,LES ARCS DRAGUIGNAN,NON,2242,11:26,EST,LYON (intramuros),JCRHONRHIN,FRLPD,08:12,FRXRS
8777,2023-06-11,ST RAPHAEL VALESCURE,NON,2242,15:24,EST,COLMAR,JCRHONRHIN,FRAEJ,07:55,FRXSK
8778,2023-06-11,ST RAPHAEL VALESCURE,NON,2242,10:17,EST,AVIGNON TGV,JCRHONRHIN,FRAVG,07:55,FRXSK
8779,2023-06-11,ST RAPHAEL VALESCURE,OUI,2242,09:33,EST,MARSEILLE ST CHARLES,JCRHONRHIN,FRMSC,07:55,FRXSK
8780,2023-06-11,ST RAPHAEL VALESCURE,NON,2242,13:03,EST,BEAUNE,JCRHONRHIN,FRXBV,07:55,FRXSK
8781,2023-06-11,ST RAPHAEL VALESCURE,OUI,2242,08:09,EST,LES ARCS DRAGUIGNAN,JCRHONRHIN,FRXRS,07:55,FRXSK
8782,2023-06-11,BEAUNE,NON,2242,14:30,EST,BELFORT-MONTBELIARD TGV,JCRHONRHIN,FRTJA,13:06,FRXBV
8783,2023-06-11,MEUSE TGV,NON,2583,21:44,EST,NANCY,PANANCY,FRENC,21:09,FREAJ
8784,2023-06-11,PARIS (intramuros),NON,2583,22:08,EST,LUNEVILLE,PANANCY,FRLNE,20:07,FRPST
8785,2023-06-11,AGEN,NON,8512,17:12,ATLANTIQUE,PARIS (intramuros),SUDOUESTPA,FRPMO,13:35,FRAGF
8786,2023-06-11,BORDEAUX ST JEAN,NON,8512,15:20,ATLANTIQUE,ANGOULEME,SUDOUESTPA,FRANG,14:46,FRBOJ
8787,2023-06-11,BORDEAUX ST JEAN,NON,8512,17:12,ATLANTIQUE,PARIS (intramuros),SUDOUESTPA,FRPMO,14:46,FRBOJ
8788,2023-06-11,LAVAL,NON,8707,11:04,ATLANTIQUE,REDON,PARISBRETA,FRXRN,09:58,FRACR
8789,2023-06-11,LAVAL,NON,8707,11:42,ATLANTIQUE,AURAY,PARISBRETA,FRXUY,09:58,FRACR
8790,2023-06-11,RENNES,NON,8707,11:29,ATLANTIQUE,VANNES,PARISBRETA,FRVNE,10:29,FRRNS
8791,2023-06-11,REDON,NON,8707,11:42,ATLANTIQUE,AURAY,PARISBRETA,FRXUY,11:06,FRXRN
8792,2023-06-11,CLERMONT FERRAND,OUI,5990,22:57,IC ARO,PARIS (intramuros),CLERMONTPA,FRPLY,19:31,FRCFE
8793,2023-06-11,CLERMONT FERRAND,OUI,5990,19:40,IC ARO,RIOM CHATEL GUYON,CLERMONTPA,FRRIO,19:31,FRCFE
8794,2023-06-11,RIOM CHATEL GUYON,OUI,5990,20:58,IC ARO,NEVERS,CLERMONTPA,FRNVS,19:42,FRRIO
8795,2023-06-11,RIOM CHATEL GUYON,OUI,5990,20:29,IC ARO,MOULINS SUR ALLIER,CLERMONTPA,FRXMU,19:42,FRRIO
8796,2023-06-11,BRUXELLES MIDI BRUSSEL ZUID,NON,9810,10:29,NORD,LYON (intramuros),JCNORDSUD,FRLPD,06:25,BEBMI
8797,2023-06-11,BRUXELLES MIDI BRUSSEL ZUID,NON,9810,08:23,NORD,AEROPORT CDG2 TGV ROISSY,JCNORDSUD,FRMLW,06:25,BEBMI
8798,2023-06-11,BRUXELLES MIDI BRUSSEL ZUID,NON,9810,12:24,NORD,MARSEILLE ST CHARLES,JCNORDSUD,FRMSC,06:25,BEBMI
8799,2023-06-11,LYON (intramuros),NON,9810,11:15,NORD,VALENCE TGV RHONE-ALPES SUD,JCNORDSUD,FRVLA,10:35,FRLPD
8800,2023-06-11,TGV HAUTE PICARDIE,NON,9810,12:24,NORD,MARSEILLE ST CHARLES,JCNORDSUD,FRMSC,07:54,FRTHP
8801,2023-06-11,TGV HAUTE PICARDIE,NON,9810,11:15,NORD,VALENCE TGV RHONE-ALPES SUD,JCNORDSUD,FRVLA,07:54,FRTHP
8802,2023-06-11,VALENCE TGV RHONE-ALPES SUD,NON,9810,11:52,NORD,AVIGNON TGV,JCNORDSUD,FRAVG,11:20,FRVLA
8803,2023-06-11,AGEN,NON,8514,20:58,ATLANTIQUE,PARIS (intramuros),SUDOUESTPA,FRPMO,17:31,FRAGF
8804,2023-06-11,TOULOUSE MATABIAU,OUI,8514,17:28,ATLANTIQUE,AGEN,SUDOUESTPA,FRAGF,16:23,FRXYT
8805,2023-06-11,TOULOUSE MATABIAU,NON,8514,20:43,ATLANTIQUE,MASSY TGV,SUDOUESTPA,FRDJU,16:23,FRXYT
8806,2023-06-11,NIMES,OUI,6202,10:01,SUD EST,VALENCE TGV RHONE-ALPES SUD,LANGPA,FRVLA,09:17,FRFNI
8807,2023-06-11,MONTPELLIER SAINT-ROCH,OUI,6202,10:01,SUD EST,VALENCE TGV RHONE-ALPES SUD,LANGPA,FRVLA,08:48,FRMPL
8808,2023-06-11,PERPIGNAN,OUI,6202,12:18,SUD EST,PARIS (intramuros),LANGPA,FRPLY,07:04,FRPGF
8809,2023-06-11,VALENCE TGV RHONE-ALPES SUD,OUI,6202,12:18,SUD EST,PARIS (intramuros),LANGPA,FRPLY,10:04,FRVLA
8810,2023-06-11,AGDE,OUI,6202,08:43,SUD EST,MONTPELLIER SAINT-ROCH,LANGPA,FRMPL,08:11,FRXAG
8811,2023-06-11,NARBONNE,OUI,6202,07:55,SUD EST,BEZIERS,LANGPA,FRBZR,07:42,FRXNA
8812,2023-06-11,NARBONNE,OUI,6202,08:43,SUD EST,MONTPELLIER SAINT-ROCH,LANGPA,FRMPL,07:42,FRXNA
8813,2023-06-11,NARBONNE,OUI,6202,08:08,SUD EST,AGDE,LANGPA,FRXAG,07:42,FRXNA
8814,2023-06-11,SETE,OUI,6202,12:18,SUD EST,PARIS (intramuros),LANGPA,FRPLY,08:27,FRXSY
8815,2023-06-11,PARIS (intramuros),NON,6631,21:56,SUD EST,LYON (intramuros),PARISRHONE,FRLPD,19:58,FRPLY
8816,2023-06-11,LILLE (intramuros),NON,7064,18:44,NORD,PARIS (intramuros),LILLEPA,FRPNO,17:42,FRADJ
8817,2023-06-11,DUNKERQUE,NON,7218,13:23,NORD,PARIS (intramuros),ARRASPA,FRPNO,11:25,FRADI
8818,2023-06-11,LILLE (intramuros),NON,7218,13:23,NORD,PARIS (intramuros),ARRASPA,FRPNO,12:05,FRLLE
8819,2023-06-11,PARIS (intramuros),NON,9715,17:06,SUD EST,VALENCE TGV RHONE-ALPES SUD,PABARCELONE,FRVLA,14:54,FRPLY
8820,2023-06-11,PARIS (intramuros),NON,9715,18:31,SUD EST,SETE,PABARCELONE,FRXSY,14:54,FRPLY
8821,2023-06-11,SETE,NON,9715,18:48,SUD EST,AGDE,PABARCELONE,FRXAG,18:34,FRXSY
8822,2023-06-11,PARIS (intramuros),NON,9715,18:08,SUD EST,MONTPELLIER SUD DE FRANCE,PABARCELONE,FRSUF,14:54,FRPLY
8823,2023-06-11,MONTPELLIER SUD DE FRANCE,NON,9715,18:48,SUD EST,AGDE,PABARCELONE,FRXAG,18:17,FRSUF
8824,2023-06-11,MONTPELLIER SUD DE FRANCE,NON,9715,19:20,SUD EST,NARBONNE,PABARCELONE,FRXNA,18:17,FRSUF
8825,2023-06-11,MONTPELLIER SUD DE FRANCE,NON,9715,19:03,SUD EST,BEZIERS,PABARCELONE,FRBZR,18:17,FRSUF
8826,2023-06-11,NIMES PONT DU GARD,NON,9715,18:48,SUD EST,AGDE,PABARCELONE,FRXAG,17:49,FRXZP
8827,2023-06-11,VALENCE TGV RHONE-ALPES SUD,NON,9715,20:44,SUD EST,GIRONA,PABARCELONE,ESGRO,17:09,FRVLA
8828,2023-06-11,NIMES PONT DU GARD,NON,9715,21:25,SUD EST,BARCELONA SANTS,PABARCELONE,ESBST,17:49,FRXZP
8829,2023-06-11,AGDE,NON,9715,21:25,SUD EST,BARCELONA SANTS,PABARCELONE,ESBST,18:51,FRXAG
8830,2023-06-11,BEZIERS,NON,9715,20:44,SUD EST,GIRONA,PABARCELONE,ESGRO,19:06,FRBZR
8831,2023-06-11,BORDEAUX ST JEAN,NON,9406,14:29,EST,STRASBOURG,JCATLEST,FRAEG,08:54,FRBOJ
8832,2023-06-11,CHAMPAGNE-ARDENNE,NON,9406,13:49,EST,LORRAINE TGV,JCATLEST,FREAM,12:58,FREAH
8833,2023-06-11,MEUSE TGV,NON,9406,14:29,EST,STRASBOURG,JCATLEST,FRAEG,13:30,FREAJ
8834,2023-06-11,MARNE LA VALLEE CHESSY,NON,9406,12:55,EST,CHAMPAGNE-ARDENNE,JCATLEST,FREAH,12:28,FRMLV
8835,2023-06-11,ST PIERRE DES CORPS,NON,9406,13:23,EST,MEUSE TGV,JCATLEST,FREAJ,10:54,FRXSH
8836,2023-06-11,ST PIERRE DES CORPS,NON,9406,12:24,EST,MARNE LA VALLEE CHESSY,JCATLEST,FRMLV,10:54,FRXSH
8837,2023-06-11,LAHR SCHWARZW,OUI,9406,15:43,EST,FREIBURG BREISGAU HBF,JCATLEST,DEFGB,15:08,DEANL
8838,2023-06-11,RINGSHEIM/EU-PARK,OUI,9406,15:43,EST,FREIBURG BREISGAU HBF,JCATLEST,DEFGB,15:18,DERSH
8839,2023-06-11,OFFENBOURG/OFFENBURG,OUI,9406,15:17,EST,RINGSHEIM/EU-PARK,JCATLEST,DERSH,14:56,DEZPA
8840,2023-06-11,BORDEAUX ST JEAN,NON,9406,15:43,EST,FREIBURG BREISGAU HBF,JCATLEST,DEFGB,08:54,FRBOJ
8841,2023-06-11,POITIERS,NON,9406,15:43,EST,FREIBURG BREISGAU HBF,JCATLEST,DEFGB,10:19,FRPIS
8842,2023-06-11,ANGOULEME,NON,9406,15:17,EST,RINGSHEIM/EU-PARK,JCATLEST,DERSH,09:36,FRANG
8843,2023-06-11,CHAMPAGNE-ARDENNE,NON,9406,15:43,EST,FREIBURG BREISGAU HBF,JCATLEST,DEFGB,12:58,FREAH
8844,2023-06-11,CHAMPAGNE-ARDENNE,NON,9406,15:07,EST,LAHR SCHWARZW,JCATLEST,DEANL,12:58,FREAH
8845,2023-06-11,MODANE,NON,9248,23:26,INTERNATIONAL,PARIS (intramuros),ITALIEPA,FRPLY,19:12,FRAGR
8846,2023-06-11,OULX CESANA CLAV SESTRIERE,NON,9248,23:26,INTERNATIONAL,PARIS (intramuros),ITALIEPA,FRPLY,18:36,ITOCS
8847,2023-06-11,RENNES,NON,8752,00:08,ATLANTIQUE,PARIS (intramuros),BRETAPARIS,FRPMO,22:35,FRRNS
8848,2023-06-11,QUIMPER,OUI,8752,20:52,ATLANTIQUE,LORIENT,BRETAPARIS,FRLRT,20:20,FRUIP
8849,2023-06-11,QUIMPER,NON,8752,00:08,ATLANTIQUE,PARIS (intramuros),BRETAPARIS,FRPMO,20:20,FRUIP
8850,2023-06-11,AURAY,OUI,8752,21:23,ATLANTIQUE,VANNES,BRETAPARIS,FRVNE,21:13,FRXUY
8851,2023-06-11,POITIERS,NON,8346,19:44,ATLANTIQUE,CHATELLERAULT,ROCHELLEPA,FRXCX,19:22,FRPIS
8852,2023-06-11,POITIERS,NON,8346,20:16,ATLANTIQUE,ST PIERRE DES CORPS,ROCHELLEPA,FRXSH,19:22,FRPIS
8853,2023-06-11,FUTUROSCOPE,NON,8346,19:44,ATLANTIQUE,CHATELLERAULT,ROCHELLEPA,FRXCX,19:33,FRTGO
8854,2023-06-11,FUTUROSCOPE,NON,8346,20:16,ATLANTIQUE,ST PIERRE DES CORPS,ROCHELLEPA,FRXSH,19:33,FRTGO
8855,2023-06-11,ST PIERRE DES CORPS,NON,8346,21:20,ATLANTIQUE,PARIS (intramuros),ROCHELLEPA,FRPMO,20:19,FRXSH
8856,2023-06-11,DAX,NON,8537,14:03,ATLANTIQUE,BAYONNE,PASUDOUEST,FRXBY,13:32,FRACG
8857,2023-06-11,DAX,NON,8537,14:32,ATLANTIQUE,ST JEAN DE LUZ CIBOURE,PASUDOUEST,FRXJZ,13:32,FRACG
8858,2023-06-11,BORDEAUX ST JEAN,NON,8537,14:03,ATLANTIQUE,BAYONNE,PASUDOUEST,FRXBY,12:20,FRBOJ
8859,2023-06-11,GRAMAT,NON,3754,06:50,IC NUIT,PARIS (intramuros),OCCITANPAR,FRPAZ,00:27,FRFSB
8860,2023-06-11,ROCAMADOUR PADIRAC,NON,3754,05:43,IC NUIT,LES AUBRAIS ORLEANS,OCCITANPAR,FRLAB,00:34,FRFSA
8861,2023-06-11,LYON-SAINT EXUPERY TGV,NON,6922,19:48,SUD EST,PARIS (intramuros),GRENOBLEPA,FRPLY,17:54,FRJDQ
8862,2023-06-11,TOURS,NON,8318,17:43,ATLANTIQUE,VENDOME VILLIERS SUR LOIR,ROCHELLEPA,FRESL,17:04,FRAFW
8863,2023-06-11,TOURS,NON,8318,18:33,ATLANTIQUE,PARIS (intramuros),ROCHELLEPA,FRPMO,17:04,FRAFW
8864,2023-06-11,ST PIERRE DES CORPS,NON,8318,18:33,ATLANTIQUE,PARIS (intramuros),ROCHELLEPA,FRPMO,17:24,FRXSH
8865,2023-06-11,FRANKFURT MAIN HBF,NON,9550,19:40,INTERNATIONAL,MANNHEIM HBF,FRANCPA,DEMHG,18:56,DEFRH
8866,2023-06-11,FRANKFURT MAIN HBF,NON,9550,21:00,INTERNATIONAL,SARREBRUCK/SAARBRUECKEN,FRANCPA,DESBK,18:56,DEFRH
8867,2023-06-11,KARLSRUHE HBF,NON,9572,16:13,INTERNATIONAL,STRASBOURG,MUNSTUTPA,FRAEG,15:32,DEQKA
8868,2023-06-11,STUTTGART HBF,NON,9572,15:30,INTERNATIONAL,KARLSRUHE HBF,MUNSTUTPA,DEQKA,14:52,DESGT
8869,2023-06-11,FRANKFURT MAIN HBF,NON,9554,11:39,INTERNATIONAL,MANNHEIM HBF,FRANCPA,DEMHG,10:56,DEFRH
8870,2023-06-11,FRANKFURT MAIN HBF,NON,9554,14:52,INTERNATIONAL,PARIS (intramuros),FRANCPA,FRPST,10:56,DEFRH
8871,2023-06-11,MANNHEIM HBF,NON,9554,13:01,INTERNATIONAL,SARREBRUCK/SAARBRUECKEN,FRANCPA,DESBK,11:40,DEMHG
8872,2023-06-11,MANNHEIM HBF,NON,9568,08:48,INTERNATIONAL,STRASBOURG,FRANCPA,FRAEG,07:38,DEMHG
8873,2023-06-11,KARLSRUHE HBF,NON,9563,18:59,INTERNATIONAL,FRANKFURT MAIN HBF,PAFRANC,DEFRH,17:55,DEQKA
8874,2023-06-11,PARIS (intramuros),NON,9563,17:07,INTERNATIONAL,STRASBOURG,PAFRANC,FRAEG,15:21,FRPST
8875,2023-06-11,STRASBOURG,NON,9577,20:21,INTERNATIONAL,ULM HBF,PASTUTMUN,DEQUL,17:46,FRAEG
8876,2023-06-11,PARIS (intramuros),NON,9577,21:36,INTERNATIONAL,MUENCHEN HBF,PASTUTMUN,DEBEG,15:55,FRPST
8877,2023-06-11,PARIS (intramuros),OUI,7195,22:40,NORD,ARRAS,PAARRAS,FRQRV,21:52,FRPNO
8878,2023-06-11,STRASBOURG,NON,9579,21:04,INTERNATIONAL,STUTTGART HBF,PASTUTMUN,DESGT,19:46,FRAEG
8879,2023-06-11,PARIS (intramuros),NON,9579,20:25,INTERNATIONAL,KARLSRUHE HBF,PASTUTMUN,DEQKA,17:55,FRPST
8880,2023-06-11,AIX EN PROVENCE TGV,NON,9854,11:27,NORD,LILLE (intramuros),JCSUDNORD,FRLLE,06:47,FRAIE
8881,2023-06-11,AIX EN PROVENCE TGV,NON,9854,08:20,NORD,LYON (intramuros),JCSUDNORD,FRLPD,06:47,FRAIE
8882,2023-06-11,AIX EN PROVENCE TGV,NON,9854,10:19,NORD,MARNE LA VALLEE CHESSY,JCSUDNORD,FRMLV,06:47,FRAIE
8883,2023-06-11,AIX EN PROVENCE TGV,NON,9854,10:32,NORD,AEROPORT CDG2 TGV ROISSY,JCSUDNORD,FRMLW,06:47,FRAIE
8884,2023-06-11,LYON (intramuros),NON,9854,11:27,NORD,LILLE (intramuros),JCSUDNORD,FRLLE,08:34,FRLPD
8885,2023-06-11,MARNE LA VALLEE CHESSY,NON,9854,11:27,NORD,LILLE (intramuros),JCSUDNORD,FRLLE,10:23,FRMLV
8886,2023-06-11,MARSEILLE ST CHARLES,OUI,9854,06:44,NORD,AIX EN PROVENCE TGV,JCSUDNORD,FRAIE,06:33,FRMSC
8887,2023-06-11,PARIS (intramuros),OUI,12295,20:55,ATLANTIQUE,POITIERS,PAROCHELLE,FRPIS,19:16,FRPMO
8888,2023-06-11,LYON (intramuros),OUI,6628,17:58,SUD EST,LYON (intramuros),RHONEPARIS,FRLPD,17:50,FRLPE
8889,2023-06-11,LYON (intramuros),NON,6628,20:08,SUD EST,PARIS (intramuros),RHONEPARIS,FRPLY,17:50,FRLPE
8890,2023-06-11,LE MANS,OUI,8973,11:54,ATLANTIQUE,NANTES,PARISLOIRE,FRNTE,10:36,FRAET
8891,2023-06-11,NANTES,OUI,8973,12:45,ATLANTIQUE,LA ROCHE SUR YON,PARISLOIRE,FRXRO,12:05,FRNTE
8892,2023-06-11,PARIS (intramuros),OUI,8973,12:45,ATLANTIQUE,LA ROCHE SUR YON,PARISLOIRE,FRXRO,09:36,FRPMO
8893,2023-06-11,LA ROCHE SUR YON,OUI,8973,13:14,ATLANTIQUE,LES SABLES D'OLONNE,PARISLOIRE,FRLSO,12:48,FRXRO
8894,2023-06-11,LE CREUSOT MONTCEAU MONTCHANIN,NON,6605,09:56,SUD EST,LYON (intramuros),PARISRHONE,FRLPD,09:13,FRXCC
8895,2023-06-11,LE CREUSOT MONTCEAU MONTCHANIN,NON,6605,10:10,SUD EST,LYON (intramuros),PARISRHONE,FRLPE,09:13,FRXCC
8896,2023-06-11,BORDEAUX ST JEAN,NON,3858,18:40,IC SRO,JONZAC,BORDONANTE,FREMR,17:53,FRBOJ
8897,2023-06-11,BORDEAUX ST JEAN,NON,3858,19:23,IC SRO,SAINTES,BORDONANTE,FRXST,17:53,FRBOJ
8898,2023-06-11,JONZAC,NON,3858,20:58,IC SRO,LUCON,BORDONANTE,FRLCN,18:41,FREMR
8899,2023-06-11,JONZAC,NON,3858,19:23,IC SRO,SAINTES,BORDONANTE,FRXST,18:41,FREMR
8900,2023-06-11,LUCON,NON,3858,22:05,IC SRO,NANTES,BORDONANTE,FRNTE,21:00,FRLCN
8901,2023-06-11,SAINTES,NON,3858,20:15,IC SRO,LA ROCHELLE VILLE,BORDONANTE,FRLRH,19:25,FRXST
8902,2023-06-11,CHAMPAGNE-ARDENNE,NON,2591,15:06,EST,MEUSE TGV,PANANCY,FREAJ,14:41,FREAH
8903,2023-06-11,CHAMPAGNE-ARDENNE,NON,2591,15:44,EST,NANCY,PANANCY,FRENC,14:41,FREAH
8904,2023-06-11,CHAMPAGNE-ARDENNE,NON,2591,16:47,EST,ST DIE DES VOSGES,PANANCY,FRXTD,14:41,FREAH
8905,2023-06-11,ANGERS ST LAUD,NON,4404,18:26,IC SRO,LYON (intramuros),JOURNTELYN,FRLPD,12:33,FRACL
8906,2023-06-11,ANGERS ST LAUD,NON,4404,18:39,IC SRO,LYON (intramuros),JOURNTELYN,FRLPE,12:33,FRACL
8907,2023-06-11,ANGERS ST LAUD,NON,4404,16:15,IC SRO,MOULINS SUR ALLIER,JOURNTELYN,FRXMU,12:33,FRACL
8908,2023-06-11,SAUMUR,NON,4404,18:39,IC SRO,LYON (intramuros),JOURNTELYN,FRLPE,12:56,FRACN
8909,2023-06-11,SAUMUR,NON,4404,16:41,IC SRO,ST GERMAIN DES FOSSES,JOURNTELYN,FRSGF,12:56,FRACN
8910,2023-06-11,SAUMUR,NON,4404,16:15,IC SRO,MOULINS SUR ALLIER,JOURNTELYN,FRXMU,12:56,FRACN
8911,2023-06-11,BOURGES,NON,4404,18:26,IC SRO,LYON (intramuros),JOURNTELYN,FRLPD,14:58,FRBOU
8912,2023-06-11,NANTES,NON,4404,14:56,IC SRO,BOURGES,JOURNTELYN,FRBOU,11:51,FRNTE
8913,2023-06-11,NANTES,NON,4404,15:36,IC SRO,NEVERS,JOURNTELYN,FRNVS,11:51,FRNTE
8914,2023-06-11,NANTES,NON,4404,17:20,IC SRO,ROANNE,JOURNTELYN,FRRNE,11:51,FRNTE
8915,2023-06-11,NANTES,NON,4404,14:35,IC SRO,VIERZON VILLE,JOURNTELYN,FRXVZ,11:51,FRNTE
8916,2023-06-11,ST GERMAIN DES FOSSES,NON,4404,18:39,IC SRO,LYON (intramuros),JOURNTELYN,FRLPE,16:43,FRSGF
8917,2023-06-11,MOULINS SUR ALLIER,NON,4404,18:39,IC SRO,LYON (intramuros),JOURNTELYN,FRLPE,16:17,FRXMU
8918,2023-06-11,ST PIERRE DES CORPS,NON,4404,16:41,IC SRO,ST GERMAIN DES FOSSES,JOURNTELYN,FRSGF,13:34,FRXSH
8919,2023-06-11,VIERZON VILLE,NON,4404,18:26,IC SRO,LYON (intramuros),JOURNTELYN,FRLPD,14:39,FRXVZ
8920,2023-06-11,MILANO P GARIBALDI,NON,9244,16:15,INTERNATIONAL,CHAMBERY CHALLES LES EAUX,ITALIEPA,FRCMF,12:10,ITMPG
8921,2023-06-11,MILANO P GARIBALDI,NON,9244,17:38,INTERNATIONAL,MACON LOCHE TGV,ITALIEPA,FRMLT,12:10,ITMPG
8922,2023-06-11,TORINO PORTA SUSA,NON,9244,19:14,INTERNATIONAL,PARIS (intramuros),ITALIEPA,FRPLY,13:38,ITTRS
8923,2023-06-11,MODANE,NON,9245,16:50,INTERNATIONAL,MILANO P GARIBALDI,PAITALIE,ITMPG,13:55,FRAGR
8924,2023-06-11,CHAMBERY CHALLES LES EAUX,NON,9245,13:49,INTERNATIONAL,MODANE,PAITALIE,FRAGR,12:44,FRCMF
8925,2023-06-11,CHAMBERY CHALLES LES EAUX,NON,9245,16:50,INTERNATIONAL,MILANO P GARIBALDI,PAITALIE,ITMPG,12:44,FRCMF
8926,2023-06-11,PARIS (intramuros),NON,9245,13:49,INTERNATIONAL,MODANE,PAITALIE,FRAGR,09:44,FRPLY
8927,2023-06-11,PARIS (intramuros),NON,9245,12:36,INTERNATIONAL,CHAMBERY CHALLES LES EAUX,PAITALIE,FRCMF,09:44,FRPLY
8928,2023-06-11,LIMOGES BENEDICTINS,NON,3650,15:01,IC ARO,CHATEAUROUX,TOULOUZECO,FRCHR,13:51,FRAGQ
8929,2023-06-11,BRIVE LA GAILLARDE,NON,3650,15:01,IC ARO,CHATEAUROUX,TOULOUZECO,FRCHR,12:48,FRBVE
8930,2023-06-11,GOURDON,NON,3650,15:01,IC ARO,CHATEAUROUX,TOULOUZECO,FRCHR,12:02,FRFSI
8931,2023-06-11,GOURDON,NON,3650,12:17,IC ARO,SOUILLAC,TOULOUZECO,FRSOU,12:02,FRFSI
8932,2023-06-11,CAUSSADE TARN ET GARONNE,NON,3650,12:45,IC ARO,BRIVE LA GAILLARDE,TOULOUZECO,FRBVE,11:08,FRFTA
8933,2023-06-11,CAUSSADE TARN ET GARONNE,NON,3650,12:00,IC ARO,GOURDON,TOULOUZECO,FRFSI,11:08,FRFTA
8934,2023-06-11,CAUSSADE TARN ET GARONNE,NON,3650,15:37,IC ARO,VIERZON VILLE,TOULOUZECO,FRXVZ,11:08,FRFTA
8935,2023-06-11,LA SOUTERRAINE,NON,3650,15:01,IC ARO,CHATEAUROUX,TOULOUZECO,FRCHR,14:26,FRLST
8936,2023-06-11,LA SOUTERRAINE,NON,3650,15:37,IC ARO,VIERZON VILLE,TOULOUZECO,FRXVZ,14:26,FRLST
8937,2023-06-11,MONTAUBAN VILLE BOURBON,NON,3650,16:18,IC ARO,LES AUBRAIS ORLEANS,TOULOUZECO,FRLAB,10:54,FRXMW
8938,2023-06-11,MONTAUBAN VILLE BOURBON,NON,3650,17:22,IC ARO,PARIS (intramuros),TOULOUZECO,FRPAZ,10:54,FRXMW
8939,2023-06-11,MONTAUBAN VILLE BOURBON,NON,3650,12:17,IC ARO,SOUILLAC,TOULOUZECO,FRSOU,10:54,FRXMW
8940,2023-06-11,MONTAUBAN VILLE BOURBON,NON,3650,15:37,IC ARO,VIERZON VILLE,TOULOUZECO,FRXVZ,10:54,FRXMW
8941,2023-06-11,TOULOUSE MATABIAU,NON,3650,13:48,IC ARO,LIMOGES BENEDICTINS,TOULOUZECO,FRAGQ,10:22,FRXYT
8942,2023-06-11,TOULOUSE MATABIAU,NON,3650,12:45,IC ARO,BRIVE LA GAILLARDE,TOULOUZECO,FRBVE,10:22,FRXYT
8943,2023-06-11,TOULOUSE MATABIAU,NON,3650,15:01,IC ARO,CHATEAUROUX,TOULOUZECO,FRCHR,10:22,FRXYT
8944,2023-06-11,TOULOUSE MATABIAU,NON,3650,14:24,IC ARO,LA SOUTERRAINE,TOULOUZECO,FRLST,10:22,FRXYT
8945,2023-06-11,TOULOUSE MATABIAU,NON,3650,12:17,IC ARO,SOUILLAC,TOULOUZECO,FRSOU,10:22,FRXYT
8946,2023-06-11,TOULOUSE MATABIAU,NON,3650,11:33,IC ARO,CAHORS,TOULOUZECO,FRZAO,10:22,FRXYT
8947,2023-06-11,COLMAR,OUI,2362,17:13,EST,STRASBOURG,MULHSTRAPA,FRAEG,16:45,FRAEJ
8948,2023-06-11,BREST,OUI,8642,18:21,ATLANTIQUE,GUINGAMP,BRETAPARIS,FRGGP,17:22,FRBES
8949,2023-06-11,MORLAIX,OUI,8642,18:38,ATLANTIQUE,ST BRIEUC,BRETAPARIS,FRSBK,17:55,FRMXN
8950,2023-06-11,ST BRIEUC,NON,8642,21:08,ATLANTIQUE,PARIS (intramuros),BRETAPARIS,FRPMO,18:41,FRSBK
8951,2023-06-11,LIMOGES BENEDICTINS,OUI,3614,07:11,IC ARO,CHATEAUROUX,TOULOUZECO,FRCHR,05:56,FRAGQ
8952,2023-06-11,LA SOUTERRAINE,OUI,3614,09:22,IC ARO,PARIS (intramuros),TOULOUZECO,FRPAZ,06:32,FRLST
8953,2023-06-11,LA SOUTERRAINE,OUI,3614,07:48,IC ARO,VIERZON VILLE,TOULOUZECO,FRXVZ,06:32,FRLST
8954,2023-06-11,VIERZON VILLE,OUI,3614,09:22,IC ARO,PARIS (intramuros),TOULOUZECO,FRPAZ,07:50,FRXVZ
8955,2023-06-11,CLERMONT FERRAND,OUI,5982,18:29,IC ARO,MOULINS SUR ALLIER,CLERMONTPA,FRXMU,17:31,FRCFE
8956,2023-06-11,DAX,OUI,8572,14:53,ATLANTIQUE,LOURDES,PASUDOUEST,FRLDE,13:36,FRACG
8957,2023-06-11,DAX,OUI,8572,15:19,ATLANTIQUE,TARBES,PASUDOUEST,FRXTB,13:36,FRACG
8958,2023-06-11,BORDEAUX ST JEAN,NON,8572,14:24,ATLANTIQUE,PAU,PASUDOUEST,FRAEE,12:20,FRBOJ
8959,2023-06-11,BORDEAUX ST JEAN,NON,8572,14:53,ATLANTIQUE,LOURDES,PASUDOUEST,FRLDE,12:20,FRBOJ
8960,2023-06-11,BORDEAUX ST JEAN,NON,8572,15:19,ATLANTIQUE,TARBES,PASUDOUEST,FRXTB,12:20,FRBOJ
8961,2023-06-11,ORTHEZ,OUI,8572,15:19,ATLANTIQUE,TARBES,PASUDOUEST,FRXTB,14:04,FRGFI
8962,2023-06-11,ANGERS ST LAUD,OUI,8825,22:54,ATLANTIQUE,NANTES,PARISLOIRE,FRNTE,22:17,FRACL
8963,2023-06-11,NIMES PONT DU GARD,NON,6054,22:08,SUD EST,PARIS (intramuros),LANGPA,FRPLY,19:14,FRXZP
8964,2023-06-11,MULHOUSE VILLE,NON,9219,20:26,INTERNATIONAL,ZUERICH HB,PABALZUR,CHAJD,19:06,FRAEK
8965,2023-06-11,BELFORT-MONTBELIARD TGV,NON,9219,19:03,INTERNATIONAL,MULHOUSE VILLE,PABALZUR,FRAEK,18:41,FRTJA
8966,2023-06-11,DIJON VILLE,NON,5537,19:31,EST,AIX EN PROVENCE TGV,JCRHINRHON,FRAIE,16:20,FRABA
8967,2023-06-11,DIJON VILLE,NON,5537,22:11,EST,ANTIBES,JCRHINRHON,FRXAT,16:20,FRABA
8968,2023-06-11,STRASBOURG,NON,5537,22:30,EST,NICE VILLE,JCRHINRHON,FRNIC,13:37,FRAEG
8969,2023-06-11,STRASBOURG,OUI,5537,15:02,EST,BELFORT-MONTBELIARD TGV,JCRHINRHON,FRTJA,13:37,FRAEG
8970,2023-06-11,COLMAR,OUI,5537,14:30,EST,MULHOUSE VILLE,JCRHINRHON,FRAEK,14:05,FRAEJ
8971,2023-06-11,COLMAR,NON,5537,19:10,EST,AVIGNON TGV,JCRHINRHON,FRAVG,14:05,FRAEJ
8972,2023-06-11,COLMAR,NON,5537,21:59,EST,CANNES,JCRHINRHON,FRJCA,14:05,FRAEJ
8973,2023-06-11,COLMAR,NON,5537,19:45,EST,MARSEILLE ST CHARLES,JCRHINRHON,FRMSC,14:05,FRAEJ
8974,2023-06-11,COLMAR,OUI,5537,15:02,EST,BELFORT-MONTBELIARD TGV,JCRHINRHON,FRTJA,14:05,FRAEJ
8975,2023-06-11,COLMAR,NON,5537,22:11,EST,ANTIBES,JCRHINRHON,FRXAT,14:05,FRAEJ
8976,2023-06-11,MULHOUSE VILLE,NON,5537,19:45,EST,MARSEILLE ST CHARLES,JCRHINRHON,FRMSC,14:41,FRAEK
8977,2023-06-11,MULHOUSE VILLE,NON,5537,20:41,EST,TOULON,JCRHINRHON,FRTLN,14:41,FRAEK
8978,2023-06-11,AIX EN PROVENCE TGV,NON,5537,22:30,EST,NICE VILLE,JCRHINRHON,FRNIC,19:33,FRAIE
8979,2023-06-11,AIX EN PROVENCE TGV,NON,5537,22:11,EST,ANTIBES,JCRHINRHON,FRXAT,19:33,FRAIE
8980,2023-06-11,AIX EN PROVENCE TGV,NON,5537,21:17,EST,LES ARCS DRAGUIGNAN,JCRHINRHON,FRXRS,19:33,FRAIE
8981,2023-06-11,AVIGNON TGV,NON,5537,21:59,EST,CANNES,JCRHINRHON,FRJCA,19:12,FRAVG
8982,2023-06-11,AVIGNON TGV,NON,5537,22:30,EST,NICE VILLE,JCRHINRHON,FRNIC,19:12,FRAVG
8983,2023-06-11,AVIGNON TGV,NON,5537,20:41,EST,TOULON,JCRHINRHON,FRTLN,19:12,FRAVG
8984,2023-06-11,NANCY,NON,5537,21:59,EST,CANNES,JCRHINRHON,FRJCA,12:26,FRENC
8985,2023-06-11,NANCY,NON,5537,21:34,EST,ST RAPHAEL VALESCURE,JCRHINRHON,FRXSK,12:26,FRENC
8986,2023-06-11,LYON (intramuros),NON,5537,19:10,EST,AVIGNON TGV,JCRHINRHON,FRAVG,18:04,FRLPD
8987,2023-06-11,LYON (intramuros),NON,5537,22:11,EST,ANTIBES,JCRHINRHON,FRXAT,18:04,FRLPD
8988,2023-06-11,MARSEILLE ST CHARLES,OUI,5537,21:17,EST,LES ARCS DRAGUIGNAN,JCRHINRHON,FRXRS,19:57,FRMSC
8989,2023-06-11,BELFORT-MONTBELIARD TGV,NON,5537,19:10,EST,AVIGNON TGV,JCRHINRHON,FRAVG,15:06,FRTJA
8990,2023-06-11,BELFORT-MONTBELIARD TGV,OUI,5537,15:29,EST,BESANCON - F COMTE TGV,JCRHINRHON,FRTJB,15:06,FRTJA
8991,2023-06-11,BESANCON - F COMTE TGV,NON,5537,19:10,EST,AVIGNON TGV,JCRHINRHON,FRAVG,15:36,FRTJB
8992,2023-06-11,TOULON,OUI,5537,21:34,EST,ST RAPHAEL VALESCURE,JCRHINRHON,FRXSK,20:45,FRTLN
8993,2023-06-11,ANTIBES,OUI,5537,22:30,EST,NICE VILLE,JCRHINRHON,FRNIC,22:14,FRXAT
8994,2023-06-11,BEAUNE,NON,5537,21:59,EST,CANNES,JCRHINRHON,FRJCA,16:42,FRXBV
8995,2023-06-11,LES ARCS DRAGUIGNAN,OUI,5537,21:34,EST,ST RAPHAEL VALESCURE,JCRHINRHON,FRXSK,21:20,FRXRS
8996,2023-06-11,ST RAPHAEL VALESCURE,OUI,5537,22:30,EST,NICE VILLE,JCRHINRHON,FRNIC,21:37,FRXSK
8997,2023-06-11,BELFORT-MONTBELIARD TGV,NON,5537,20:41,EST,TOULON,JCRHINRHON,FRTLN,15:06,FRTJA
8998,2023-06-11,BELFORT-MONTBELIARD TGV,NON,5537,21:59,EST,CANNES,JCRHINRHON,FRJCA,15:06,FRTJA
8999,2023-06-11,COLMAR,NON,5537,16:39,EST,BEAUNE,JCRHINRHON,FRXBV,14:05,FRAEJ
9000,2023-06-11,BEZIERS,OUI,6036,18:16,SUD EST,NIMES,LANGPA,FRFNI,16:58,FRBZR
9001,2023-06-11,NIMES,NON,6036,19:03,SUD EST,VALENCE TGV RHONE-ALPES SUD,LANGPA,FRVLA,18:20,FRFNI
9002,2023-06-11,MONTPELLIER SAINT-ROCH,OUI,6036,18:16,SUD EST,NIMES,LANGPA,FRFNI,17:51,FRMPL
9003,2023-06-11,MONTPELLIER SAINT-ROCH,NON,6036,21:18,SUD EST,PARIS (intramuros),LANGPA,FRPLY,17:51,FRMPL
9004,2023-06-11,PERPIGNAN,OUI,6036,17:43,SUD EST,MONTPELLIER SAINT-ROCH,LANGPA,FRMPL,16:04,FRPGF
9005,2023-06-11,PERPIGNAN,NON,6036,19:03,SUD EST,VALENCE TGV RHONE-ALPES SUD,LANGPA,FRVLA,16:04,FRPGF
9006,2023-06-11,PERPIGNAN,OUI,6036,16:39,SUD EST,NARBONNE,LANGPA,FRXNA,16:04,FRPGF
9007,2023-06-11,AGDE,NON,6036,21:18,SUD EST,PARIS (intramuros),LANGPA,FRPLY,17:11,FRXAG
9008,2023-06-11,AGDE,NON,6036,19:03,SUD EST,VALENCE TGV RHONE-ALPES SUD,LANGPA,FRVLA,17:11,FRXAG
9009,2023-06-11,AGDE,OUI,6036,17:24,SUD EST,SETE,LANGPA,FRXSY,17:11,FRXAG
9010,2023-06-11,NARBONNE,NON,6036,21:18,SUD EST,PARIS (intramuros),LANGPA,FRPLY,16:42,FRXNA
9011,2023-06-11,SETE,NON,6036,19:03,SUD EST,VALENCE TGV RHONE-ALPES SUD,LANGPA,FRVLA,17:27,FRXSY
9012,2023-06-11,AGEN,NON,4663,17:58,IC ARO,NARBONNE,TJOURSOSE,FRXNA,15:30,FRAGF
9013,2023-06-11,BORDEAUX ST JEAN,NON,4663,15:28,IC ARO,AGEN,TJOURSOSE,FRAGF,14:26,FRBOJ
9014,2023-06-11,BORDEAUX ST JEAN,NON,4663,19:21,IC ARO,NIMES,TJOURSOSE,FRFNI,14:26,FRBOJ
9015,2023-06-11,BEZIERS,NON,4663,20:36,IC ARO,MARSEILLE ST CHARLES,TJOURSOSE,FRMSC,18:17,FRBZR
9016,2023-06-11,MONTPELLIER SAINT-ROCH,NON,4663,20:36,IC ARO,MARSEILLE ST CHARLES,TJOURSOSE,FRMSC,18:57,FRMPL
9017,2023-06-11,MONTAUBAN VILLE BOURBON,NON,4663,17:27,IC ARO,CARCASSONNE,TJOURSOSE,FRCCF,16:07,FRXMW
9018,2023-06-11,TOULOUSE MATABIAU,NON,4663,17:27,IC ARO,CARCASSONNE,TJOURSOSE,FRCCF,16:44,FRXYT
9019,2023-06-11,LYON (intramuros),OUI,6687,19:48,SUD EST,ST ETIENNE CHATEAUCREUX,PARISRHONE,FRHHD,19:06,FRLPD
9020,2023-06-11,PARIS (intramuros),NON,6687,18:56,SUD EST,LYON (intramuros),PARISRHONE,FRLPD,16:58,FRPLY
9021,2023-06-11,ANGERS ST LAUD,NON,8144,19:14,ATLANTIQUE,PARIS (intramuros),LOIREPARIS,FRPMO,17:48,FRACL
9022,2023-06-11,DIJON VILLE,NON,6705,13:46,SUD EST,BELFORT-MONTBELIARD TGV,PABOUR,FRTJA,12:56,FRABA
9023,2023-06-11,PARIS (intramuros),NON,6705,14:12,SUD EST,MULHOUSE VILLE,PABOUR,FRAEK,11:16,FRPLY
9024,2023-06-11,PARIS (intramuros),NON,6705,13:46,SUD EST,BELFORT-MONTBELIARD TGV,PABOUR,FRTJA,11:16,FRPLY
9025,2023-06-11,PARIS (intramuros),NON,6705,13:22,SUD EST,BESANCON - F COMTE TGV,PABOUR,FRTJB,11:16,FRPLY
9026,2023-06-11,ORTHEZ,OUI,8592,22:25,ATLANTIQUE,PAU,PASUDOUEST,FRAEE,22:04,FRGFI
9027,2023-06-11,ORTHEZ,OUI,8592,22:53,ATLANTIQUE,LOURDES,PASUDOUEST,FRLDE,22:04,FRGFI
9028,2023-06-11,ORTHEZ,OUI,8592,23:19,ATLANTIQUE,TARBES,PASUDOUEST,FRXTB,22:04,FRGFI
9029,2023-06-11,BORDEAUX ST JEAN,NON,4657,12:52,IC ARO,MONTPELLIER SAINT-ROCH,TJOURSOSE,FRMPL,08:26,FRBOJ
9030,2023-06-11,BORDEAUX ST JEAN,NON,4657,14:38,IC ARO,MARSEILLE ST CHARLES,TJOURSOSE,FRMSC,08:26,FRBOJ
9031,2023-06-11,BORDEAUX ST JEAN,OUI,4657,10:40,IC ARO,TOULOUSE MATABIAU,TJOURSOSE,FRXYT,08:26,FRBOJ
9032,2023-06-11,CARCASSONNE,NON,4657,13:20,IC ARO,NIMES,TJOURSOSE,FRFNI,11:29,FRCCF
9033,2023-06-11,CARCASSONNE,NON,4657,14:38,IC ARO,MARSEILLE ST CHARLES,TJOURSOSE,FRMSC,11:29,FRCCF
9034,2023-06-11,CARCASSONNE,NON,4657,12:34,IC ARO,SETE,TJOURSOSE,FRXSY,11:29,FRCCF
9035,2023-06-11,NIMES,NON,4657,14:38,IC ARO,MARSEILLE ST CHARLES,TJOURSOSE,FRMSC,13:23,FRFNI
9036,2023-06-11,MONTPELLIER SAINT-ROCH,NON,4657,13:20,IC ARO,NIMES,TJOURSOSE,FRFNI,12:56,FRMPL
9037,2023-06-11,MONTPELLIER SAINT-ROCH,NON,4657,14:38,IC ARO,MARSEILLE ST CHARLES,TJOURSOSE,FRMSC,12:56,FRMPL
9038,2023-06-11,MARMANDE,NON,4657,11:27,IC ARO,CARCASSONNE,TJOURSOSE,FRCCF,09:04,FRXMR
9039,2023-06-11,MARMANDE,NON,4657,11:58,IC ARO,NARBONNE,TJOURSOSE,FRXNA,09:04,FRXMR
9040,2023-06-11,MARMANDE,OUI,4657,10:40,IC ARO,TOULOUSE MATABIAU,TJOURSOSE,FRXYT,09:04,FRXMR
9041,2023-06-11,MONTAUBAN VILLE BOURBON,NON,4657,12:52,IC ARO,MONTPELLIER SAINT-ROCH,TJOURSOSE,FRMPL,10:08,FRXMW
9042,2023-06-11,MONTAUBAN VILLE BOURBON,NON,4657,14:38,IC ARO,MARSEILLE ST CHARLES,TJOURSOSE,FRMSC,10:08,FRXMW
9043,2023-06-11,MONTAUBAN VILLE BOURBON,NON,4657,11:58,IC ARO,NARBONNE,TJOURSOSE,FRXNA,10:08,FRXMW
9044,2023-06-11,NARBONNE,NON,4657,12:34,IC ARO,SETE,TJOURSOSE,FRXSY,12:01,FRXNA
9045,2023-06-11,SETE,NON,4657,13:20,IC ARO,NIMES,TJOURSOSE,FRFNI,12:36,FRXSY
9046,2023-06-11,SETE,NON,4657,14:38,IC ARO,MARSEILLE ST CHARLES,TJOURSOSE,FRMSC,12:36,FRXSY
9047,2023-06-11,TOULOUSE MATABIAU,NON,4657,14:38,IC ARO,MARSEILLE ST CHARLES,TJOURSOSE,FRMSC,10:45,FRXYT
9048,2023-06-11,ANGERS ST LAUD,NON,8126,20:29,ATLANTIQUE,PARIS (intramuros),LOIREPARIS,FRPMO,18:44,FRACL
9049,2023-06-11,MARSEILLE ST CHARLES,NON,6128,20:22,SUD EST,PARIS (intramuros),PROVENCEPA,FRPLY,17:00,FRMSC
9050,2023-06-11,ANGOULEME,NON,5260,12:40,NORD,LILLE (intramuros),JCAQUINORD,FRADJ,08:36,FRANG
9051,2023-06-11,BORDEAUX ST JEAN,NON,5260,12:40,NORD,LILLE (intramuros),JCAQUINORD,FRADJ,07:58,FRBOJ
9052,2023-06-11,BORDEAUX ST JEAN,NON,5260,10:49,NORD,MASSY TGV,JCAQUINORD,FRDJU,07:58,FRBOJ
9053,2023-06-11,MARNE LA VALLEE CHESSY,NON,5260,12:40,NORD,LILLE (intramuros),JCAQUINORD,FRADJ,11:31,FRMLV
9054,2023-06-11,POITIERS,NON,5260,11:27,NORD,MARNE LA VALLEE CHESSY,JCAQUINORD,FRMLV,09:19,FRPIS
9055,2023-06-11,ST PIERRE DES CORPS,NON,5260,11:27,NORD,MARNE LA VALLEE CHESSY,JCAQUINORD,FRMLV,09:57,FRXSH
9056,2023-06-11,ANGOULEME,NON,8455,23:11,ATLANTIQUE,BORDEAUX ST JEAN,PASUDOUEST,FRBOJ,22:29,FRANG
9057,2023-06-11,MASSY TGV,NON,8455,22:26,ATLANTIQUE,ANGOULEME,PASUDOUEST,FRANG,20:49,FRDJU
9058,2023-06-11,PARIS (intramuros),OUI,5771,07:48,IC NUIT,LES ARCS DRAGUIGNAN,PARAZUR,FRXRS,20:48,FRPAZ
9059,2023-06-11,NICE VILLE,OUI,6188,08:24,SUD EST,CANNES,AZURPA,FRJCA,07:57,FRNIC
9060,2023-06-11,NICE VILLE,NON,6188,10:33,SUD EST,MARSEILLE ST CHARLES,AZURPA,FRMSC,07:57,FRNIC
9061,2023-06-11,NICE VILLE,OUI,6188,09:07,SUD EST,LES ARCS DRAGUIGNAN,AZURPA,FRXRS,07:57,FRNIC
9062,2023-06-11,ANTIBES,OUI,6188,09:44,SUD EST,TOULON,AZURPA,FRTLN,08:14,FRXAT
9063,2023-06-11,ANTIBES,OUI,6188,09:07,SUD EST,LES ARCS DRAGUIGNAN,AZURPA,FRXRS,08:14,FRXAT
9064,2023-06-11,LES ARCS DRAGUIGNAN,NON,6188,10:33,SUD EST,MARSEILLE ST CHARLES,AZURPA,FRMSC,09:10,FRXRS
9065,2023-06-11,LES ARCS DRAGUIGNAN,OUI,6188,09:44,SUD EST,TOULON,AZURPA,FRTLN,09:10,FRXRS
9066,2023-06-11,NIMES,NON,4764,18:34,IC ARO,CARCASSONNE,TJOURSESO,FRCCF,16:38,FRFNI
9067,2023-06-11,NIMES,OUI,4764,17:03,IC ARO,MONTPELLIER SAINT-ROCH,TJOURSESO,FRMPL,16:38,FRFNI
9068,2023-06-11,MONTPELLIER SAINT-ROCH,NON,4764,17:44,IC ARO,BEZIERS,TJOURSESO,FRBZR,17:07,FRMPL
9069,2023-06-11,MARSEILLE ST CHARLES,OUI,4764,17:03,IC ARO,MONTPELLIER SAINT-ROCH,TJOURSESO,FRMPL,15:27,FRMSC
9070,2023-06-11,MARSEILLE ST CHARLES,NON,4764,19:53,IC ARO,MONTAUBAN VILLE BOURBON,TJOURSESO,FRXMW,15:27,FRMSC
9071,2023-06-11,MARSEILLE ST CHARLES,NON,4764,18:01,IC ARO,NARBONNE,TJOURSESO,FRXNA,15:27,FRMSC
9072,2023-06-11,MARSEILLE ST CHARLES,NON,4764,19:18,IC ARO,TOULOUSE MATABIAU,TJOURSESO,FRXYT,15:27,FRMSC
9073,2023-06-11,MONTAUBAN VILLE BOURBON,OUI,4764,21:39,IC ARO,BORDEAUX ST JEAN,TJOURSESO,FRBOJ,19:55,FRXMW
9074,2023-06-11,TOULOUSE MATABIAU,OUI,4764,19:53,IC ARO,MONTAUBAN VILLE BOURBON,TJOURSESO,FRXMW,19:24,FRXYT
9075,2023-06-11,BORDEAUX ST JEAN,NON,8562,14:20,ATLANTIQUE,PARIS (intramuros),SUDOUESTPA,FRPMO,12:12,FRBOJ
9076,2023-06-11,TARBES,OUI,8562,12:06,ATLANTIQUE,BORDEAUX ST JEAN,SUDOUESTPA,FRBOJ,08:59,FRXTB
9077,2023-06-11,TARBES,NON,8562,14:20,ATLANTIQUE,PARIS (intramuros),SUDOUESTPA,FRPMO,08:59,FRXTB
9078,2023-06-11,CARCASSONNE,NON,4758,15:38,IC ARO,BORDEAUX ST JEAN,TJOURSESO,FRBOJ,12:36,FRCCF
9079,2023-06-11,NIMES,NON,4758,15:38,IC ARO,BORDEAUX ST JEAN,TJOURSESO,FRBOJ,10:38,FRFNI
9080,2023-06-11,NIMES,NON,4758,13:54,IC ARO,MONTAUBAN VILLE BOURBON,TJOURSESO,FRXMW,10:38,FRFNI
9081,2023-06-11,MONTPELLIER SAINT-ROCH,NON,4758,15:38,IC ARO,BORDEAUX ST JEAN,TJOURSESO,FRBOJ,11:07,FRMPL
9082,2023-06-11,MONTPELLIER SAINT-ROCH,NON,4758,12:34,IC ARO,CARCASSONNE,TJOURSESO,FRCCF,11:07,FRMPL
9083,2023-06-11,MONTPELLIER SAINT-ROCH,NON,4758,14:59,IC ARO,MARMANDE,TJOURSESO,FRXMR,11:07,FRMPL
9084,2023-06-11,MARSEILLE ST CHARLES,NON,4758,11:44,IC ARO,BEZIERS,TJOURSESO,FRBZR,09:27,FRMSC
9085,2023-06-11,MARSEILLE ST CHARLES,NON,4758,12:34,IC ARO,CARCASSONNE,TJOURSESO,FRCCF,09:27,FRMSC
9086,2023-06-11,MARSEILLE ST CHARLES,NON,4758,11:03,IC ARO,MONTPELLIER SAINT-ROCH,TJOURSESO,FRMPL,09:27,FRMSC
9087,2023-06-11,MARSEILLE ST CHARLES,NON,4758,13:54,IC ARO,MONTAUBAN VILLE BOURBON,TJOURSESO,FRXMW,09:27,FRMSC
9088,2023-06-11,NARBONNE,NON,4758,13:19,IC ARO,TOULOUSE MATABIAU,TJOURSESO,FRXYT,12:04,FRXNA
9089,2023-06-11,NIORT,OUI,8361,15:56,ATLANTIQUE,SURGERES,PAROCHELLE,FREIP,15:38,FRNIT
9090,2023-06-11,LE CREUSOT MONTCEAU MONTCHANIN,NON,6608,10:08,SUD EST,PARIS (intramuros),RHONEPARIS,FRPLY,08:49,FRXCC
9091,2023-06-11,BORDEAUX ST JEAN,NON,8551,21:28,ATLANTIQUE,DAX,PASUDOUEST,FRACG,20:20,FRBOJ
9092,2023-06-11,BORDEAUX ST JEAN,NON,8551,22:16,ATLANTIQUE,BIARRITZ,PASUDOUEST,FRBIQ,20:20,FRBOJ
9093,2023-06-11,BAYONNE,OUI,8551,22:47,ATLANTIQUE,HENDAYE,PASUDOUEST,FRAEF,22:06,FRXBY
9094,2023-06-11,BAYONNE,OUI,8551,22:32,ATLANTIQUE,ST JEAN DE LUZ CIBOURE,PASUDOUEST,FRXJZ,22:06,FRXBY
9095,2023-06-11,PAU,NON,14141,12:21,IC SRO,ORTHEZ,SUDOUEST,FRGFI,12:00,FRAEE
9096,2023-06-11,MONTREJEAU GOURDAN POLIGNAN,NON,14141,13:06,IC SRO,BAYONNE,SUDOUEST,FRXBY,10:39,FRMTJ
9097,2023-06-11,TOULOUSE MATABIAU,NON,14141,11:29,IC SRO,LOURDES,SUDOUEST,FRLDE,09:32,FRXYT
9098,2023-06-11,PERPIGNAN,OUI,6252,11:25,SUD EST,SETE,LANGPA,FRXSY,10:04,FRPGF
9099,2023-06-11,AGDE,OUI,6252,11:25,SUD EST,SETE,LANGPA,FRXSY,11:12,FRXAG
9100,2023-06-11,NARBONNE,NON,6252,15:04,SUD EST,PARIS (intramuros),LANGPA,FRPLY,10:42,FRXNA
9101,2023-06-11,NARBONNE,NON,6252,12:50,SUD EST,VALENCE TGV RHONE-ALPES SUD,LANGPA,FRVLA,10:42,FRXNA
9102,2023-06-11,SETE,NON,6252,15:04,SUD EST,PARIS (intramuros),LANGPA,FRPLY,11:28,FRXSY
9103,2023-06-11,SETE,OUI,6252,11:45,SUD EST,MONTPELLIER SUD DE FRANCE,LANGPA,FRSUF,11:28,FRXSY
9104,2023-06-11,PARIS (intramuros),OUI,7389,21:02,NORD,LENS,PAARRAS,FRXLE,19:52,FRPNO
9105,2023-06-11,LIMOGES BENEDICTINS,NON,3619,13:40,IC ARO,GOURDON,PALITO,FRFSI,11:56,FRAGQ
9106,2023-06-11,LIMOGES BENEDICTINS,NON,3619,14:34,IC ARO,CAUSSADE TARN ET GARONNE,PALITO,FRFTA,11:56,FRAGQ
9107,2023-06-11,LIMOGES BENEDICTINS,NON,3619,13:24,IC ARO,SOUILLAC,PALITO,FRSOU,11:56,FRAGQ
9108,2023-06-11,BRIVE LA GAILLARDE,NON,3619,13:40,IC ARO,GOURDON,PALITO,FRFSI,13:00,FRBVE
9109,2023-06-11,CHATEAUROUX,NON,3619,11:53,IC ARO,LIMOGES BENEDICTINS,PALITO,FRAGQ,10:41,FRCHR
9110,2023-06-11,CHATEAUROUX,NON,3619,15:23,IC ARO,TOULOUSE MATABIAU,PALITO,FRXYT,10:41,FRCHR
9111,2023-06-11,GOURDON,NON,3619,14:34,IC ARO,CAUSSADE TARN ET GARONNE,PALITO,FRFTA,13:42,FRFSI
9112,2023-06-11,CAUSSADE TARN ET GARONNE,NON,3619,15:23,IC ARO,TOULOUSE MATABIAU,PALITO,FRXYT,14:35,FRFTA
9113,2023-06-11,LES AUBRAIS ORLEANS,NON,3619,12:57,IC ARO,BRIVE LA GAILLARDE,PALITO,FRBVE,09:28,FRLAB
9114,2023-06-11,LES AUBRAIS ORLEANS,NON,3619,10:39,IC ARO,CHATEAUROUX,PALITO,FRCHR,09:28,FRLAB
9115,2023-06-11,LA SOUTERRAINE,NON,3619,15:23,IC ARO,TOULOUSE MATABIAU,PALITO,FRXYT,11:19,FRLST
9116,2023-06-11,PARIS (intramuros),NON,3619,11:53,IC ARO,LIMOGES BENEDICTINS,PALITO,FRAGQ,08:22,FRPAZ
9117,2023-06-11,PARIS (intramuros),NON,3619,12:57,IC ARO,BRIVE LA GAILLARDE,PALITO,FRBVE,08:22,FRPAZ
9118,2023-06-11,PARIS (intramuros),NON,3619,13:24,IC ARO,SOUILLAC,PALITO,FRSOU,08:22,FRPAZ
9119,2023-06-11,PARIS (intramuros),NON,3619,14:49,IC ARO,MONTAUBAN VILLE BOURBON,PALITO,FRXMW,08:22,FRPAZ
9120,2023-06-11,SOUILLAC,NON,3619,14:34,IC ARO,CAUSSADE TARN ET GARONNE,PALITO,FRFTA,13:26,FRSOU
9121,2023-06-11,SOUILLAC,NON,3619,15:23,IC ARO,TOULOUSE MATABIAU,PALITO,FRXYT,13:26,FRSOU
9122,2023-06-11,SOUILLAC,NON,3619,14:07,IC ARO,CAHORS,PALITO,FRZAO,13:26,FRSOU
9123,2023-06-11,VIERZON VILLE,NON,3619,10:39,IC ARO,CHATEAUROUX,PALITO,FRCHR,10:09,FRXVZ
9124,2023-06-11,CAHORS,NON,3619,15:23,IC ARO,TOULOUSE MATABIAU,PALITO,FRXYT,14:09,FRZAO
9125,2023-06-11,LYON (intramuros),OUI,6669,21:36,SUD EST,LYON (intramuros),PARISRHONE,FRLPE,21:28,FRLPD
9126,2023-06-11,LIMOGES BENEDICTINS,NON,3664,18:43,IC ARO,VIERZON VILLE,TOULOUZECO,FRXVZ,16:54,FRAGQ
9127,2023-06-11,BRIVE LA GAILLARDE,NON,3664,18:43,IC ARO,VIERZON VILLE,TOULOUZECO,FRXVZ,15:52,FRBVE
9128,2023-06-11,PAU,NON,14151,16:17,IC SRO,ORTHEZ,SUDOUEST,FRGFI,15:56,FRAEE
9129,2023-06-11,PAU,NON,14151,17:02,IC SRO,BAYONNE,SUDOUEST,FRXBY,15:56,FRAEE
9130,2023-06-11,ST GAUDENS,NON,14151,15:08,IC SRO,TARBES,SUDOUEST,FRXTB,14:19,FRFPH
9131,2023-06-11,ORTHEZ,NON,14151,17:02,IC SRO,BAYONNE,SUDOUEST,FRXBY,16:19,FRGFI
9132,2023-06-11,LOURDES,NON,14151,16:17,IC SRO,ORTHEZ,SUDOUEST,FRGFI,15:28,FRLDE
9133,2023-06-11,TOULOUSE MATABIAU,NON,14151,14:17,IC SRO,ST GAUDENS,SUDOUEST,FRFPH,13:30,FRXYT
9134,2023-06-11,TOULOUSE MATABIAU,NON,14151,16:17,IC SRO,ORTHEZ,SUDOUEST,FRGFI,13:30,FRXYT
9135,2023-06-11,DAX,NON,8530,09:40,ATLANTIQUE,BORDEAUX ST JEAN,SUDOUESTPA,FRBOJ,08:31,FRACG
9136,2023-06-11,DAX,NON,8530,11:52,ATLANTIQUE,PARIS (intramuros),SUDOUESTPA,FRPMO,08:31,FRACG
9137,2023-06-11,HENDAYE,NON,8530,09:40,ATLANTIQUE,BORDEAUX ST JEAN,SUDOUESTPA,FRBOJ,07:12,FRAEF
9138,2023-06-11,ST JEAN DE LUZ CIBOURE,OUI,8530,07:36,ATLANTIQUE,BIARRITZ,SUDOUESTPA,FRBIQ,07:26,FRXJZ
9139,2023-06-11,ST MAIXENT DEUX SEVRES,OUI,8375,11:38,ATLANTIQUE,NIORT,PAROCHELLE,FRNIT,11:23,FREJC
9140,2023-06-11,NIORT,OUI,8375,11:59,ATLANTIQUE,SURGERES,PAROCHELLE,FREIP,11:41,FRNIT
9141,2023-06-11,PARIS (intramuros),OUI,8375,11:59,ATLANTIQUE,SURGERES,PAROCHELLE,FREIP,09:12,FRPMO
9142,2023-06-11,PARIS (intramuros),OUI,8375,11:21,ATLANTIQUE,ST MAIXENT DEUX SEVRES,PAROCHELLE,FREJC,09:12,FRPMO
9143,2023-06-11,ST PIERRE DES CORPS,OUI,8375,11:21,ATLANTIQUE,ST MAIXENT DEUX SEVRES,PAROCHELLE,FREJC,10:16,FRXSH
9144,2023-06-11,LES AUBRAIS ORLEANS,OUI,3740,07:04,IC NUIT,PARIS (intramuros),PALOMBEPAR,FRPAZ,06:00,FRLAB
9145,2023-06-11,LOURDES,OUI,3740,05:53,IC NUIT,LES AUBRAIS ORLEANS,PALOMBEPAR,FRLAB,19:57,FRLDE
9146,2023-06-11,NEVERS,OUI,5974,17:57,IC ARO,PARIS (intramuros),CLERMONTPA,FRPLY,16:00,FRNVS
9147,2023-06-11,RIOM CHATEL GUYON,OUI,5974,17:57,IC ARO,PARIS (intramuros),CLERMONTPA,FRPLY,14:42,FRRIO
9148,2023-06-11,RIOM CHATEL GUYON,OUI,5974,15:04,IC ARO,VICHY,CLERMONTPA,FRVHY,14:42,FRRIO
9149,2023-06-11,MOULINS SUR ALLIER,OUI,5974,17:57,IC ARO,PARIS (intramuros),CLERMONTPA,FRPLY,15:31,FRXMU
9150,2023-06-11,ANGERS ST LAUD,OUI,8913,11:54,ATLANTIQUE,NANTES,PARISLOIRE,FRNTE,11:16,FRACL
9151,2023-06-11,LE MANS,NON,8913,12:50,ATLANTIQUE,LA BAULE ESCOUBLAC,PARISLOIRE,FRJEE,10:36,FRAET
9152,2023-06-11,LA BAULE ESCOUBLAC,OUI,8913,13:03,ATLANTIQUE,LE CROISIC,PARISLOIRE,FREGU,12:54,FRJEE
9153,2023-06-11,PARIS (intramuros),NON,8913,11:13,ATLANTIQUE,ANGERS ST LAUD,PARISLOIRE,FRACL,09:36,FRPMO
9154,2023-06-11,PARIS (intramuros),NON,8913,11:54,ATLANTIQUE,NANTES,PARISLOIRE,FRNTE,09:36,FRPMO
9155,2023-06-11,ARVANT,NON,15940,15:35,IC SRO,ISSOIRE,JOUNOREST,FRHLB,15:17,FRARV
9156,2023-06-11,ARVANT,NON,15940,15:22,IC SRO,BRASSAC LES MINES STE FLORINE,JOUNOREST,FRHLE,15:17,FRARV
9157,2023-06-11,MASSIAC BLESLE,NON,15940,15:16,IC SRO,ARVANT,JOUNOREST,FRARV,14:58,FRHMY
9158,2023-06-11,NEUSSARGUES,NON,15940,16:01,IC SRO,CLERMONT FERRAND,JOUNOREST,FRCFE,14:36,FRNEU
9159,2023-06-11,LYON (intramuros),NON,6612,12:08,SUD EST,PARIS (intramuros),RHONEPARIS,FRPLY,10:04,FRLPD
9160,2023-06-11,MACON LOCHE TGV,NON,6937,12:36,SUD EST,CHAMBERY CHALLES LES EAUX,PARISALPES,FRCMF,11:19,FRMLT
9161,2023-06-11,PARIS (intramuros),NON,6937,13:28,SUD EST,ANNECY,PARISALPES,FRNCY,09:44,FRPLY
9162,2023-06-11,HENDAYE,OUI,8542,16:25,ATLANTIQUE,DAX,SUDOUESTPA,FRACG,15:14,FRAEF
9163,2023-06-11,GENEVE,NON,9780,19:49,INTERNATIONAL,BOURG EN BRESSE,GENEVEPA,FRXBK,18:29,CHGVA
9164,2023-06-11,BELLEGARDE,NON,9780,21:42,INTERNATIONAL,PARIS (intramuros),GENEVEPA,FRPLY,19:02,FRXBF
9165,2023-06-11,AIX EN PROVENCE TGV,NON,5386,19:29,SUD EST,LE MANS,JCSUDATL,FRAET,14:50,FRAIE
9166,2023-06-11,AIX EN PROVENCE TGV,NON,5386,16:22,SUD EST,LYON (intramuros),JCSUDATL,FRLPD,14:50,FRAIE
9167,2023-06-11,AVIGNON TGV,NON,5386,16:22,SUD EST,LYON (intramuros),JCSUDATL,FRLPD,15:15,FRAVG
9168,2023-06-11,MASSY TGV,NON,5386,19:29,SUD EST,LE MANS,JCSUDATL,FRAET,18:39,FRDJU
9169,2023-06-11,BEZIERS,NON,6262,22:08,SUD EST,PARIS (intramuros),LANGPA,FRPLY,18:00,FRBZR
9170,2023-06-11,BEZIERS,OUI,6262,18:11,SUD EST,AGDE,LANGPA,FRXAG,18:00,FRBZR
9171,2023-06-11,BEZIERS,OUI,6262,18:27,SUD EST,SETE,LANGPA,FRXSY,18:00,FRBZR
9172,2023-06-11,AGDE,OUI,6262,18:27,SUD EST,SETE,LANGPA,FRXSY,18:14,FRXAG
9173,2023-06-11,MONTPELLIER SUD DE FRANCE,NON,6262,19:51,SUD EST,VALENCE TGV RHONE-ALPES SUD,LANGPA,FRVLA,18:52,FRSUF
9174,2023-06-11,NIMES PONT DU GARD,NON,6262,19:51,SUD EST,VALENCE TGV RHONE-ALPES SUD,LANGPA,FRVLA,19:14,FRXZP
9175,2023-06-11,NARBONNE,NON,6262,19:11,SUD EST,NIMES PONT DU GARD,LANGPA,FRXZP,17:42,FRXNA
9176,2023-06-11,LES SABLES D'OLONNE,OUI,8988,20:52,ATLANTIQUE,NANTES,LOIREPARIS,FRNTE,19:44,FRLSO
9177,2023-06-11,NANTES,NON,8988,21:41,ATLANTIQUE,ANGERS ST LAUD,LOIREPARIS,FRACL,21:03,FRNTE
9178,2023-06-11,ANGERS ST LAUD,OUI,5351,11:19,SUD EST,NANTES,JCSUDATL,FRNTE,10:42,FRACL
9179,2023-06-11,LYON (intramuros),OUI,5351,09:42,SUD EST,ST PIERRE DES CORPS,JCSUDATL,FRXSH,06:30,FRLPD
9180,2023-06-11,LYON (intramuros),OUI,5351,11:19,SUD EST,NANTES,JCSUDATL,FRNTE,06:16,FRLPE
9181,2023-06-11,MONTAUBAN VILLE BOURBON,NON,8516,18:28,ATLANTIQUE,AGEN,SUDOUESTPA,FRAGF,17:53,FRXMW
9182,2023-06-11,TOULOUSE MATABIAU,NON,8516,19:39,ATLANTIQUE,BORDEAUX ST JEAN,SUDOUESTPA,FRBOJ,17:19,FRXYT
9183,2023-06-11,TOULOUSE MATABIAU,NON,8516,21:52,ATLANTIQUE,PARIS (intramuros),SUDOUESTPA,FRPMO,17:19,FRXYT
9184,2023-06-11,LAUSANNE,NON,9768,10:21,INTERNATIONAL,GENEVE,GENEVEPA,CHGVA,09:45,CHAJF
9185,2023-06-11,LAUSANNE,NON,9768,13:42,INTERNATIONAL,PARIS (intramuros),GENEVEPA,FRPLY,09:45,CHAJF
9186,2023-06-11,LAUSANNE,NON,9768,11:49,INTERNATIONAL,BOURG EN BRESSE,GENEVEPA,FRXBK,09:45,CHAJF
9187,2023-06-11,BELLEGARDE,NON,9768,11:49,INTERNATIONAL,BOURG EN BRESSE,GENEVEPA,FRXBK,11:02,FRXBF
9188,2023-06-11,ANNECY,NON,6978,15:56,SUD EST,AIX LES BAINS LE REVARD,ALPESPARIS,FRXAI,15:31,FRNCY
9189,2023-06-11,ZUERICH HB,NON,9210,11:58,INTERNATIONAL,DIJON VILLE,ZURBALPA,FRABA,09:34,CHAJD
9190,2023-06-11,BASEL SBB,NON,9210,10:53,INTERNATIONAL,MULHOUSE VILLE,ZURBALPA,FRAEK,10:34,CHAJP
9191,2023-06-11,AIX EN PROVENCE TGV,NON,6801,10:35,SUD EST,CANNES,JCPROVSUD,FRJCA,08:03,FRAIE
9192,2023-06-11,AVIGNON TGV,OUI,6801,08:00,SUD EST,AIX EN PROVENCE TGV,JCPROVSUD,FRAIE,07:38,FRAVG
9193,2023-06-11,AVIGNON TGV,NON,6801,10:06,SUD EST,ST RAPHAEL VALESCURE,JCPROVSUD,FRXSK,07:38,FRAVG
9194,2023-06-11,CANNES,OUI,6801,11:06,SUD EST,NICE VILLE,JCPROVSUD,FRNIC,10:39,FRJCA
9195,2023-06-11,MARSEILLE ST CHARLES,OUI,6801,10:35,SUD EST,CANNES,JCPROVSUD,FRJCA,08:28,FRMSC
9196,2023-06-11,MARSEILLE ST CHARLES,OUI,6801,10:47,SUD EST,ANTIBES,JCPROVSUD,FRXAT,08:28,FRMSC
9197,2023-06-11,MARSEILLE ST CHARLES,OUI,6801,10:06,SUD EST,ST RAPHAEL VALESCURE,JCPROVSUD,FRXSK,08:28,FRMSC
9198,2023-06-11,TOULON,OUI,6801,11:06,SUD EST,NICE VILLE,JCPROVSUD,FRNIC,09:15,FRTLN
9199,2023-06-11,VALENCE TGV RHONE-ALPES SUD,OUI,6801,07:35,SUD EST,AVIGNON TGV,JCPROVSUD,FRAVG,07:00,FRVLA
9200,2023-06-11,VALENCE TGV RHONE-ALPES SUD,NON,6801,10:35,SUD EST,CANNES,JCPROVSUD,FRJCA,07:00,FRVLA
9201,2023-06-11,VALENCE TGV RHONE-ALPES SUD,NON,6801,09:11,SUD EST,TOULON,JCPROVSUD,FRTLN,07:00,FRVLA
9202,2023-06-11,ANTIBES,OUI,6801,11:06,SUD EST,NICE VILLE,JCPROVSUD,FRNIC,10:50,FRXAT
9203,2023-06-11,ANGOULEME,NON,8450,19:55,ATLANTIQUE,POITIERS,SUDOUESTPA,FRPIS,19:16,FRANG
9204,2023-06-11,ANGOULEME,NON,8450,20:36,ATLANTIQUE,ST PIERRE DES CORPS,SUDOUESTPA,FRXSH,19:16,FRANG
9205,2023-06-11,BORDEAUX ST JEAN,NON,8450,19:13,ATLANTIQUE,ANGOULEME,SUDOUESTPA,FRANG,18:38,FRBOJ
9206,2023-06-11,BORDEAUX ST JEAN,NON,8450,20:36,ATLANTIQUE,ST PIERRE DES CORPS,SUDOUESTPA,FRXSH,18:38,FRBOJ
9207,2023-06-11,POITIERS,NON,8450,20:36,ATLANTIQUE,ST PIERRE DES CORPS,SUDOUESTPA,FRXSH,20:05,FRPIS
9208,2023-06-11,ST PIERRE DES CORPS,NON,8450,21:41,ATLANTIQUE,PARIS (intramuros),SUDOUESTPA,FRPMO,20:40,FRXSH
9209,2023-06-11,LILLE (intramuros),NON,5026,14:00,NORD,LYON (intramuros),JCNORDSUD,FRLPD,11:03,FRLLE
9210,2023-06-11,ZUERICH HB,NON,9218,12:53,INTERNATIONAL,MULHOUSE VILLE,ZURBALPA,FRAEK,11:34,CHAJD
9211,2023-06-11,BASEL SBB,NON,9218,15:38,INTERNATIONAL,PARIS (intramuros),ZURBALPA,FRPLY,12:34,CHAJP
9212,2023-06-11,BASEL SBB,NON,9218,13:17,INTERNATIONAL,BELFORT-MONTBELIARD TGV,ZURBALPA,FRTJA,12:34,CHAJP
9213,2023-06-11,ANNEMASSE,NON,6504,18:16,SUD EST,PARIS (intramuros),ALPESPARIS,FRPLY,14:34,FRQNJ
9214,2023-06-11,EVIAN LES BAINS,NON,6504,13:49,SUD EST,THONON LES BAINS,ALPESPARIS,FRXTS,13:40,FRXEB
9215,2023-06-11,BORDEAUX ST JEAN,NON,8505,15:00,ATLANTIQUE,MONTAUBAN VILLE BOURBON,PASUDOUEST,FRXMW,13:20,FRBOJ
9216,2023-06-11,BORDEAUX ST JEAN,NON,8505,15:36,ATLANTIQUE,TOULOUSE MATABIAU,PASUDOUEST,FRXYT,13:20,FRBOJ
9217,2023-06-11,PARIS (intramuros),NON,8505,13:14,ATLANTIQUE,BORDEAUX ST JEAN,PASUDOUEST,FRBOJ,11:08,FRPMO
9218,2023-06-11,HAZEBROUCK,NON,7324,16:08,NORD,PARIS (intramuros),ARRASPA,FRPNO,14:20,FRHZK
9219,2023-06-11,LENS,NON,7324,16:08,NORD,PARIS (intramuros),ARRASPA,FRPNO,14:57,FRXLE
9220,2023-06-11,PARIS (intramuros),OUI,7163,11:35,NORD,VALENCIENNES,PAARRAS,FRXVS,09:52,FRPNO
9221,2023-06-11,CARCASSONNE,OUI,4756,11:54,IC ARO,MONTAUBAN VILLE BOURBON,TJOURSESO,FRXMW,10:35,FRCCF
9222,2023-06-11,NIMES,OUI,4756,09:25,IC ARO,SETE,TJOURSESO,FRXSY,08:43,FRFNI
9223,2023-06-11,ARLES,OUI,4756,10:33,IC ARO,CARCASSONNE,TJOURSESO,FRCCF,08:13,FRHZA
9224,2023-06-11,MONTPELLIER SAINT-ROCH,OUI,4756,10:33,IC ARO,CARCASSONNE,TJOURSESO,FRCCF,09:11,FRMPL
9225,2023-06-11,MARSEILLE ST CHARLES,OUI,4756,08:40,IC ARO,NIMES,TJOURSESO,FRFNI,07:22,FRMSC
9226,2023-06-11,MARSEILLE ST CHARLES,OUI,4756,11:18,IC ARO,TOULOUSE MATABIAU,TJOURSESO,FRXYT,07:22,FRMSC
9227,2023-06-11,SETE,OUI,4756,13:37,IC ARO,BORDEAUX ST JEAN,TJOURSESO,FRBOJ,09:27,FRXSY
9228,2023-06-11,SETE,OUI,4756,11:18,IC ARO,TOULOUSE MATABIAU,TJOURSESO,FRXYT,09:27,FRXSY
9229,2023-06-11,PARIS (intramuros),OUI,5955,12:01,IC ARO,VICHY,PACLERMONT,FRVHY,08:54,FRPLY
9230,2023-06-11,RIOM CHATEL GUYON,OUI,5955,12:34,IC ARO,CLERMONT FERRAND,PACLERMONT,FRCFE,12:25,FRRIO
9231,2023-06-11,MOULINS SUR ALLIER,OUI,5955,12:34,IC ARO,CLERMONT FERRAND,PACLERMONT,FRCFE,11:30,FRXMU
9232,2023-06-11,LES AUBRAIS ORLEANS,OUI,3629,14:54,IC ARO,LIMOGES BENEDICTINS,PALITO,FRAGQ,12:30,FRLAB
9233,2023-06-11,ST JEAN DE MAURIENNE ARVAN,NON,9240,13:14,INTERNATIONAL,PARIS (intramuros),ITALIEPA,FRPLY,09:37,FRHPN
9234,2023-06-11,TORINO PORTA SUSA,NON,9240,11:40,INTERNATIONAL,MACON LOCHE TGV,ITALIEPA,FRMLT,07:36,ITTRS
9235,2023-06-11,TORINO PORTA SUSA,NON,9240,13:14,INTERNATIONAL,PARIS (intramuros),ITALIEPA,FRPLY,07:36,ITTRS
9236,2023-06-11,NIMES,NON,6038,17:01,SUD EST,VALENCE TGV RHONE-ALPES SUD,LANGPA,FRVLA,16:17,FRFNI
9237,2023-06-11,LYON (intramuros),OUI,6607,11:10,SUD EST,LYON (intramuros),PARISRHONE,FRLPE,11:02,FRLPD
9238,2023-06-11,PARIS (intramuros),NON,6607,10:56,SUD EST,LYON (intramuros),PARISRHONE,FRLPD,08:58,FRPLY
9239,2023-06-11,BORDEAUX ST JEAN,NON,3856,14:40,IC SRO,JONZAC,BORDONANTE,FREMR,13:53,FRBOJ
9240,2023-06-11,BORDEAUX ST JEAN,NON,3856,16:15,IC SRO,LA ROCHELLE VILLE,BORDONANTE,FRLRH,13:53,FRBOJ
9241,2023-06-11,JONZAC,NON,3856,15:54,IC SRO,ROCHEFORT,BORDONANTE,FRRCO,14:41,FREMR
9242,2023-06-11,JONZAC,NON,3856,17:22,IC SRO,LA ROCHE SUR YON,BORDONANTE,FRXRO,14:41,FREMR
9243,2023-06-11,LA ROCHE SUR YON,NON,3856,18:05,IC SRO,NANTES,BORDONANTE,FRNTE,17:24,FRXRO
9244,2023-06-11,SAINTES,NON,3856,16:58,IC SRO,LUCON,BORDONANTE,FRLCN,15:25,FRXST
9245,2023-06-11,SAINTES,NON,3856,17:22,IC SRO,LA ROCHE SUR YON,BORDONANTE,FRXRO,15:25,FRXST
9246,2023-06-11,PARIS (intramuros),NON,7069,19:48,NORD,LILLE (intramuros),PALILLE,FRADJ,18:46,FRPNO
9247,2023-06-11,PARIS (intramuros),OUI,2715,10:10,EST,CHARLEVILLE MEZIERES,PABARSED,FRXCZ,08:28,FRPST
9248,2023-06-11,REIMS,OUI,2715,09:39,EST,RETHEL,PABARSED,FRBDT,09:19,FRRHE
9249,2023-06-11,REIMS,OUI,2715,10:10,EST,CHARLEVILLE MEZIERES,PABARSED,FRXCZ,09:19,FRRHE
9250,2023-06-11,PARIS (intramuros),NON,8881,17:33,ATLANTIQUE,LE MANS,PARISLOIRE,FRAET,16:36,FRPMO
9251,2023-06-11,MARSEILLE ST CHARLES,OUI,6153,22:11,SUD EST,TOULON,PAAZUR,FRTLN,21:28,FRMSC
9252,2023-06-11,PARIS (intramuros),NON,6153,22:11,SUD EST,TOULON,PAAZUR,FRTLN,18:08,FRPLY
9253,2023-06-11,NARBONNE,NON,6875,19:36,SUD EST,SETE,JCSUDPROV,FRXSY,18:59,FRXNA
9254,2023-06-11,SETE,NON,6875,21:52,SUD EST,LYON (intramuros),JCSUDPROV,FRLPD,19:39,FRXSY
9255,2023-06-11,SETE,NON,6875,21:10,SUD EST,VALENCE TGV RHONE-ALPES SUD,JCSUDPROV,FRVLA,19:39,FRXSY
9256,2023-06-11,TOULOUSE MATABIAU,OUI,6875,18:25,SUD EST,CARCASSONNE,JCSUDPROV,FRCCF,17:43,FRXYT
9257,2023-06-11,TOULOUSE MATABIAU,NON,6875,21:52,SUD EST,LYON (intramuros),JCSUDPROV,FRLPD,17:43,FRXYT
9258,2023-06-11,MONTPELLIER SUD DE FRANCE,NON,6875,21:10,SUD EST,VALENCE TGV RHONE-ALPES SUD,JCSUDPROV,FRVLA,20:11,FRSUF
9259,2023-06-11,NIMES PONT DU GARD,NON,6875,21:10,SUD EST,VALENCE TGV RHONE-ALPES SUD,JCSUDPROV,FRVLA,20:33,FRXZP
9260,2023-06-11,POITIERS,NON,8374,13:37,ATLANTIQUE,PARIS (intramuros),ROCHELLEPA,FRPMO,12:15,FRPIS
9261,2023-06-11,PARIS (intramuros),NON,9713,14:58,SUD EST,PERPIGNAN,PABARCELONE,FRPGF,09:40,FRPLY
9262,2023-06-11,PARIS (intramuros),NON,9713,11:57,SUD EST,VALENCE TGV RHONE-ALPES SUD,PABARCELONE,FRVLA,09:40,FRPLY
9263,2023-06-11,PARIS (intramuros),NON,9713,13:52,SUD EST,AGDE,PABARCELONE,FRXAG,09:40,FRPLY
9264,2023-06-11,VALENCE TGV RHONE-ALPES SUD,NON,9713,12:45,SUD EST,NIMES,PABARCELONE,FRFNI,12:00,FRVLA
9265,2023-06-11,VALENCE TGV RHONE-ALPES SUD,NON,9713,13:15,SUD EST,MONTPELLIER SAINT-ROCH,PABARCELONE,FRMPL,12:00,FRVLA
9266,2023-06-11,VALENCE TGV RHONE-ALPES SUD,NON,9713,14:24,SUD EST,NARBONNE,PABARCELONE,FRXNA,12:00,FRVLA
9267,2023-06-11,VALENCE TGV RHONE-ALPES SUD,NON,9713,13:34,SUD EST,SETE,PABARCELONE,FRXSY,12:00,FRVLA
9268,2023-06-11,AGDE,NON,9713,14:24,SUD EST,NARBONNE,PABARCELONE,FRXNA,13:55,FRXAG
9269,2023-06-11,NARBONNE,NON,9713,14:58,SUD EST,PERPIGNAN,PABARCELONE,FRPGF,14:27,FRXNA
9270,2023-06-11,PARIS (intramuros),NON,9713,15:46,SUD EST,GIRONA,PABARCELONE,ESGRO,09:40,FRPLY
9271,2023-06-11,SETE,NON,9713,16:34,SUD EST,BARCELONA SANTS,PABARCELONE,ESBST,13:37,FRXSY
9272,2023-06-11,AGDE,NON,9713,16:34,SUD EST,BARCELONA SANTS,PABARCELONE,ESBST,13:55,FRXAG
9273,2023-06-11,MONTPELLIER SAINT-ROCH,NON,9713,15:27,SUD EST,FIGUERES VILA TGV,PABARCELONE,ESFIR,13:20,FRMPL
9274,2023-06-11,BRIVE LA GAILLARDE,OUI,3635,17:46,IC ARO,GOURDON,PALITO,FRFSI,17:06,FRBVE
9275,2023-06-11,BRIVE LA GAILLARDE,OUI,3635,17:30,IC ARO,SOUILLAC,PALITO,FRSOU,17:06,FRBVE
9276,2023-06-11,CHATEAUROUX,OUI,3635,17:46,IC ARO,GOURDON,PALITO,FRFSI,14:45,FRCHR
9277,2023-06-11,ARGENTON SUR CREUSE,OUI,3635,16:00,IC ARO,LIMOGES BENEDICTINS,PALITO,FRAGQ,15:01,FRFMT
9278,2023-06-11,PARIS (intramuros),OUI,3635,17:03,IC ARO,BRIVE LA GAILLARDE,PALITO,FRBVE,12:37,FRPAZ
9279,2023-06-11,PARIS (intramuros),OUI,3635,14:43,IC ARO,CHATEAUROUX,PALITO,FRCHR,12:37,FRPAZ
9280,2023-06-11,PARIS (intramuros),OUI,3635,17:46,IC ARO,GOURDON,PALITO,FRFSI,12:37,FRPAZ
9281,2023-06-11,PARIS (intramuros),OUI,3635,15:25,IC ARO,LA SOUTERRAINE,PALITO,FRLST,12:37,FRPAZ
9282,2023-06-11,VIERZON VILLE,OUI,3635,17:46,IC ARO,GOURDON,PALITO,FRFSI,14:13,FRXVZ
9283,2023-06-11,ARGENTON SUR CREUSE,OUI,3635,17:46,IC ARO,GOURDON,PALITO,FRFSI,15:01,FRFMT
9284,2023-06-11,ANGERS ST LAUD,NON,8912,11:25,ATLANTIQUE,PARIS (intramuros),LOIREPARIS,FRPMO,09:44,FRACL
9285,2023-06-11,LE MANS,NON,8912,11:25,ATLANTIQUE,PARIS (intramuros),LOIREPARIS,FRPMO,10:26,FRAET
9286,2023-06-11,LE CROISIC,OUI,8912,09:41,ATLANTIQUE,ANGERS ST LAUD,LOIREPARIS,FRACL,07:55,FREGU
9287,2023-06-11,LE CROISIC,NON,8912,10:23,ATLANTIQUE,LE MANS,LOIREPARIS,FRAET,07:55,FREGU
9288,2023-06-11,LE CROISIC,NON,8912,11:25,ATLANTIQUE,PARIS (intramuros),LOIREPARIS,FRPMO,07:55,FREGU
9289,2023-06-11,ST NAZAIRE,NON,8912,10:23,ATLANTIQUE,LE MANS,LOIREPARIS,FRAET,08:24,FRSNR
9290,2023-06-11,PARIS (intramuros),NON,9777,20:14,INTERNATIONAL,LAUSANNE,PAGENEVE,CHAJF,16:16,FRPLY
9291,2023-06-11,BOURG EN BRESSE,NON,9777,19:00,INTERNATIONAL,BELLEGARDE,PAGENEVE,FRXBF,18:12,FRXBK
9292,2023-06-11,PARIS (intramuros),NON,9781,21:30,INTERNATIONAL,GENEVE,PAGENEVE,CHGVA,18:16,FRPLY
9293,2023-06-11,PARIS (intramuros),NON,9781,20:07,INTERNATIONAL,BOURG EN BRESSE,PAGENEVE,FRXBK,18:16,FRPLY
9294,2023-06-11,ARCACHON,OUI,8472,16:38,ATLANTIQUE,FACTURE BIGANOS,SUDOUESTPA,FRFAC,16:23,FRXAC
9295,2023-06-11,ST MAIXENT DEUX SEVRES,NON,8380,18:37,ATLANTIQUE,PARIS (intramuros),ROCHELLEPA,FRPMO,16:40,FREJC
9296,2023-06-11,DOUAI,NON,7142,21:08,NORD,PARIS (intramuros),ARRASPA,FRPNO,19:53,FRXDN
9297,2023-06-11,VALENCIENNES,NON,7142,21:08,NORD,PARIS (intramuros),ARRASPA,FRPNO,19:16,FRXVS
9298,2023-06-11,BRUXELLES MIDI BRUSSEL ZUID,NON,9844,22:00,NORD,LYON (intramuros),JCNORDSUD,FRLPD,18:17,BEBMI
9299,2023-06-11,BRUXELLES MIDI BRUSSEL ZUID,NON,9844,19:54,NORD,AEROPORT CDG2 TGV ROISSY,JCNORDSUD,FRMLW,18:17,BEBMI
9300,2023-06-11,LILLE (intramuros),NON,9844,22:00,NORD,LYON (intramuros),JCNORDSUD,FRLPD,19:03,FRLLE
9301,2023-06-11,LILLE (intramuros),NON,9844,20:09,NORD,MARNE LA VALLEE CHESSY,JCNORDSUD,FRMLV,19:03,FRLLE
9302,2023-06-11,LYON (intramuros),OUI,9844,22:18,NORD,LYON (intramuros),JCNORDSUD,FRLPE,22:10,FRLPD
9303,2023-06-11,MARNE LA VALLEE CHESSY,NON,9844,22:00,NORD,LYON (intramuros),JCNORDSUD,FRLPD,20:13,FRMLV
9304,2023-06-11,AEROPORT CDG2 TGV ROISSY,NON,9844,20:09,NORD,MARNE LA VALLEE CHESSY,JCNORDSUD,FRMLV,20:00,FRMLW
9305,2023-06-11,ANGERS ST LAUD,OUI,5354,14:50,SUD EST,NANTES,JCSUDATL,FRNTE,14:12,FRACL
9306,2023-06-11,LYON (intramuros),NON,5354,13:29,SUD EST,LE MANS,JCSUDATL,FRAET,10:16,FRLPE
9307,2023-06-11,CHAMBERY CHALLES LES EAUX,NON,6951,22:00,SUD EST,AIX LES BAINS LE REVARD,PARISALPES,FRXAI,21:49,FRCMF
9308,2023-06-11,MACON LOCHE TGV,NON,6951,22:30,SUD EST,ANNECY,PARISALPES,FRNCY,20:19,FRMLT
9309,2023-06-11,PARIS (intramuros),NON,6951,20:16,SUD EST,MACON LOCHE TGV,PARISALPES,FRMLT,18:44,FRPLY
9310,2023-06-11,ANGERS ST LAUD,NON,8985,21:50,ATLANTIQUE,LA ROCHE SUR YON,PARISLOIRE,FRXRO,20:19,FRACL
9311,2023-06-11,PARIS (intramuros),NON,8985,21:50,ATLANTIQUE,LA ROCHE SUR YON,PARISLOIRE,FRXRO,18:48,FRPMO
9312,2023-06-11,SABLE SUR SARTHE,NON,8985,22:19,ATLANTIQUE,LES SABLES D'OLONNE,PARISLOIRE,FRLSO,19:56,FRSAB
9313,2023-06-11,SABLE SUR SARTHE,NON,8985,20:59,ATLANTIQUE,NANTES,PARISLOIRE,FRNTE,19:56,FRSAB
9314,2023-06-11,SABLE SUR SARTHE,NON,8985,21:50,ATLANTIQUE,LA ROCHE SUR YON,PARISLOIRE,FRXRO,19:56,FRSAB
9315,2023-06-11,MACON LOCHE TGV,NON,6964,13:14,SUD EST,PARIS (intramuros),ALPESPARIS,FRPLY,11:43,FRMLT
9316,2023-06-11,ANNECY,NON,6964,11:40,SUD EST,MACON LOCHE TGV,ALPESPARIS,FRMLT,09:29,FRNCY
9317,2023-06-11,NIMES,OUI,9836,22:08,NORD,MONTPELLIER SAINT-ROCH,JCNORDSUD,FRMPL,21:42,FRFNI
9318,2023-06-11,LILLE (intramuros),NON,9836,21:39,NORD,NIMES,JCNORDSUD,FRFNI,17:03,FRLLE
9319,2023-06-11,LILLE (intramuros),NON,9836,20:00,NORD,LYON (intramuros),JCNORDSUD,FRLPD,17:03,FRLLE
9320,2023-06-11,LILLE (intramuros),NON,9836,18:08,NORD,MARNE LA VALLEE CHESSY,JCNORDSUD,FRMLV,17:03,FRLLE
9321,2023-06-11,LILLE (intramuros),NON,9836,17:53,NORD,AEROPORT CDG2 TGV ROISSY,JCNORDSUD,FRMLW,17:03,FRLLE
9322,2023-06-11,LYON (intramuros),OUI,9836,20:49,NORD,VALENCE TGV RHONE-ALPES SUD,JCNORDSUD,FRVLA,20:10,FRLPD
9323,2023-06-11,MARNE LA VALLEE CHESSY,NON,9836,22:08,NORD,MONTPELLIER SAINT-ROCH,JCNORDSUD,FRMPL,18:13,FRMLV
9324,2023-06-11,LYON-SAINT EXUPERY TGV,OUI,6905,10:13,SUD EST,GRENOBLE,PAGRENOBLE,FRGNB,09:05,FRJDQ
9325,2023-06-11,RENNES,OUI,8715,14:34,ATLANTIQUE,QUIMPER,PARISBRETA,FRUIP,12:29,FRRNS
9326,2023-06-11,VANNES,OUI,8715,14:34,ATLANTIQUE,QUIMPER,PARISBRETA,FRUIP,13:28,FRVNE
9327,2023-06-11,AURAY,OUI,8715,13:57,ATLANTIQUE,LORIENT,PARISBRETA,FRLRT,13:41,FRXUY
9328,2023-06-11,AIX EN PROVENCE TGV,NON,9866,17:43,NORD,BRUXELLES MIDI BRUSSEL ZUID,JCSUDNORD,BEBMI,12:26,FRAIE
9329,2023-06-11,AIX EN PROVENCE TGV,NON,9866,16:57,NORD,LILLE (intramuros),JCSUDNORD,FRLLE,12:26,FRAIE
9330,2023-06-11,AVIGNON TGV,NON,9866,15:46,NORD,MARNE LA VALLEE CHESSY,JCSUDNORD,FRMLV,12:48,FRAVG
9331,2023-06-11,LILLE (intramuros),NON,9866,17:43,NORD,BRUXELLES MIDI BRUSSEL ZUID,JCSUDNORD,BEBMI,17:08,FRLLE
9332,2023-06-11,LYON (intramuros),NON,9866,17:43,NORD,BRUXELLES MIDI BRUSSEL ZUID,JCSUDNORD,BEBMI,14:00,FRLPD
9333,2023-06-11,LYON (intramuros),NON,9866,15:46,NORD,MARNE LA VALLEE CHESSY,JCSUDNORD,FRMLV,14:00,FRLPD
9334,2023-06-11,MARNE LA VALLEE CHESSY,NON,9866,16:57,NORD,LILLE (intramuros),JCSUDNORD,FRLLE,15:50,FRMLV
9335,2023-06-11,MARNE LA VALLEE CHESSY,NON,9866,16:00,NORD,AEROPORT CDG2 TGV ROISSY,JCSUDNORD,FRMLW,15:50,FRMLV
9336,2023-06-11,MARSEILLE ST CHARLES,OUI,9866,12:23,NORD,AIX EN PROVENCE TGV,JCSUDNORD,FRAIE,12:12,FRMSC
9337,2023-06-11,ORTHEZ,NON,14148,17:05,IC SRO,TARBES,SUDOUEST,FRXTB,15:54,FRGFI
9338,2023-06-11,ORTHEZ,NON,14148,18:45,IC SRO,TOULOUSE MATABIAU,SUDOUEST,FRXYT,15:54,FRGFI
9339,2023-06-11,LOURDES,NON,14148,17:05,IC SRO,TARBES,SUDOUEST,FRXTB,16:47,FRLDE
9340,2023-06-11,BAYONNE,NON,14148,17:33,IC SRO,LANNEMEZAN,SUDOUEST,FRLNZ,14:41,FRXBY
9341,2023-06-11,BAYONNE,NON,14148,18:45,IC SRO,TOULOUSE MATABIAU,SUDOUEST,FRXYT,14:41,FRXBY
9342,2023-06-11,ANGERS ST LAUD,OUI,8880,17:23,ATLANTIQUE,LE MANS,LOIREPARIS,FRAET,16:44,FRACL
9343,2023-06-11,NEVERS,NON,5971,19:23,IC ARO,RIOM CHATEL GUYON,PACLERMONT,FRRIO,17:59,FRNVS
9344,2023-06-11,NEVERS,NON,5971,19:01,IC ARO,VICHY,PACLERMONT,FRVHY,17:59,FRNVS
9345,2023-06-11,PARIS (intramuros),NON,5971,17:57,IC ARO,NEVERS,PACLERMONT,FRNVS,15:59,FRPLY
9346,2023-06-11,RIOM CHATEL GUYON,OUI,5971,19:34,IC ARO,CLERMONT FERRAND,PACLERMONT,FRCFE,19:25,FRRIO
9347,2023-06-11,VICHY,OUI,5971,19:23,IC ARO,RIOM CHATEL GUYON,PACLERMONT,FRRIO,19:03,FRVHY
9348,2023-06-11,AIX EN PROVENCE TGV,NON,6850,18:14,SUD EST,AVIGNON TGV,JCSUDPROV,FRAVG,17:55,FRAIE
9349,2023-06-11,CANNES,OUI,6850,17:19,SUD EST,MARSEILLE ST CHARLES,JCSUDPROV,FRMSC,15:09,FRJCA
9350,2023-06-11,CANNES,OUI,6850,16:19,SUD EST,TOULON,JCSUDPROV,FRTLN,15:09,FRJCA
9351,2023-06-11,NICE VILLE,OUI,6850,16:19,SUD EST,TOULON,JCSUDPROV,FRTLN,14:40,FRNIC
9352,2023-06-11,ANTIBES,NON,6850,18:14,SUD EST,AVIGNON TGV,JCSUDPROV,FRAVG,14:56,FRXAT
9353,2023-06-11,ST RAPHAEL VALESCURE,OUI,6850,16:19,SUD EST,TOULON,JCSUDPROV,FRTLN,15:34,FRXSK
9354,2023-06-11,BREST,OUI,8630,15:46,ATLANTIQUE,LAMBALLE,BRETAPARIS,FRLAM,14:14,FRBES
9355,2023-06-11,BREST,OUI,8630,14:44,ATLANTIQUE,MORLAIX,BRETAPARIS,FRMXN,14:14,FRBES
9356,2023-06-11,LAMBALLE,NON,8630,18:09,ATLANTIQUE,PARIS (intramuros),BRETAPARIS,FRPMO,15:48,FRLAM
9357,2023-06-11,MORLAIX,OUI,8630,15:17,ATLANTIQUE,GUINGAMP,BRETAPARIS,FRGGP,14:46,FRMXN
9358,2023-06-11,MORLAIX,OUI,8630,15:46,ATLANTIQUE,LAMBALLE,BRETAPARIS,FRLAM,14:46,FRMXN
9359,2023-06-11,MORLAIX,NON,8630,18:09,ATLANTIQUE,PARIS (intramuros),BRETAPARIS,FRPMO,14:46,FRMXN
9360,2023-06-11,MORLAIX,OUI,8630,15:33,ATLANTIQUE,ST BRIEUC,BRETAPARIS,FRSBK,14:46,FRMXN
9361,2023-06-11,PLOUARET TREGOR,OUI,8630,15:46,ATLANTIQUE,LAMBALLE,BRETAPARIS,FRLAM,15:04,FRPLT
9362,2023-06-11,PLOUARET TREGOR,OUI,8630,15:33,ATLANTIQUE,ST BRIEUC,BRETAPARIS,FRSBK,15:04,FRPLT
9363,2023-06-11,ST BRIEUC,OUI,8630,15:46,ATLANTIQUE,LAMBALLE,BRETAPARIS,FRLAM,15:36,FRSBK
9364,2023-06-11,ST BRIEUC,NON,8630,16:29,ATLANTIQUE,RENNES,BRETAPARIS,FRRNS,15:36,FRSBK
9365,2023-06-11,QUIMPERLE,OUI,8710,10:20,ATLANTIQUE,VANNES,BRETAPARIS,FRVNE,09:38,FRECO
9366,2023-06-11,LORIENT,NON,8710,11:25,ATLANTIQUE,RENNES,BRETAPARIS,FRRNS,09:52,FRLRT
9367,2023-06-11,RENNES,NON,8710,13:19,ATLANTIQUE,PARIS (intramuros),BRETAPARIS,FRPMO,11:35,FRRNS
9368,2023-06-11,ROSPORDEN,NON,8710,11:25,ATLANTIQUE,RENNES,BRETAPARIS,FRRNS,09:23,FRRSP
9369,2023-06-11,QUIMPER,NON,8710,12:01,ATLANTIQUE,LAVAL,BRETAPARIS,FRACR,09:09,FRUIP
9370,2023-06-11,QUIMPER,OUI,8710,09:49,ATLANTIQUE,LORIENT,BRETAPARIS,FRLRT,09:09,FRUIP
9371,2023-06-11,QUIMPER,OUI,8710,09:20,ATLANTIQUE,ROSPORDEN,BRETAPARIS,FRRSP,09:09,FRUIP
9372,2023-06-11,QUIMPER,OUI,8710,10:07,ATLANTIQUE,AURAY,BRETAPARIS,FRXUY,09:09,FRUIP
9373,2023-06-11,VANNES,NON,8710,12:01,ATLANTIQUE,LAVAL,BRETAPARIS,FRACR,10:23,FRVNE
9374,2023-06-11,VANNES,NON,8710,13:19,ATLANTIQUE,PARIS (intramuros),BRETAPARIS,FRPMO,10:23,FRVNE
9375,2023-06-11,REDON,NON,8710,12:01,ATLANTIQUE,LAVAL,BRETAPARIS,FRACR,10:51,FRXRN
9376,2023-06-11,REDON,NON,8710,13:19,ATLANTIQUE,PARIS (intramuros),BRETAPARIS,FRPMO,10:51,FRXRN
9377,2023-06-11,AURAY,NON,8710,13:19,ATLANTIQUE,PARIS (intramuros),BRETAPARIS,FRPMO,10:10,FRXUY
9378,2023-06-11,LYON (intramuros),NON,6676,22:31,SUD EST,MACON LOCHE TGV,RHONEPARIS,FRMLT,22:04,FRLPD
9379,2023-06-11,LYON (intramuros),NON,6676,22:31,SUD EST,MACON LOCHE TGV,RHONEPARIS,FRMLT,21:50,FRLPE
9380,2023-06-11,DIJON VILLE,OUI,2096,22:07,EST,STRASBOURG,JCRHONRHIN,FRAEG,19:49,FRABA
9381,2023-06-11,AIX EN PROVENCE TGV,NON,2096,20:16,EST,BESANCON - F COMTE TGV,JCRHONRHIN,FRTJB,16:11,FRAIE
9382,2023-06-11,AVIGNON TGV,NON,2096,19:39,EST,DIJON VILLE,JCRHONRHIN,FRABA,16:33,FRAVG
9383,2023-06-11,MARSEILLE ST CHARLES,NON,2096,19:39,EST,DIJON VILLE,JCRHONRHIN,FRABA,15:56,FRMSC
9384,2023-06-11,MARSEILLE ST CHARLES,NON,2096,17:51,EST,LYON (intramuros),JCRHONRHIN,FRLPD,15:56,FRMSC
9385,2023-06-11,BELFORT-MONTBELIARD TGV,OUI,2096,22:07,EST,STRASBOURG,JCRHONRHIN,FRAEG,20:45,FRTJA
9386,2023-06-11,GUINGAMP,OUI,8605,12:08,ATLANTIQUE,MORLAIX,PARISBRETA,FRMXN,11:41,FRGGP
9387,2023-06-11,LAMBALLE,NON,8605,12:43,ATLANTIQUE,BREST,PARISBRETA,FRBES,11:11,FRLAM
9388,2023-06-11,LAMBALLE,NON,8605,11:21,ATLANTIQUE,ST BRIEUC,PARISBRETA,FRSBK,11:11,FRLAM
9389,2023-06-11,PARIS (intramuros),NON,8605,10:25,ATLANTIQUE,RENNES,PARISBRETA,FRRNS,08:40,FRPMO
9390,2023-06-11,RENNES,NON,8605,12:08,ATLANTIQUE,MORLAIX,PARISBRETA,FRMXN,10:32,FRRNS
9391,2023-06-11,ST BRIEUC,OUI,8605,12:43,ATLANTIQUE,BREST,PARISBRETA,FRBES,11:24,FRSBK
9392,2023-06-11,ST BRIEUC,OUI,8605,12:08,ATLANTIQUE,MORLAIX,PARISBRETA,FRMXN,11:24,FRSBK
9393,2023-06-11,DIJON VILLE,NON,9879,16:56,EST,LYON (intramuros),JCRHINRHON,FRLPD,15:21,FRABA
9394,2023-06-11,METZ VILLE,NON,9879,15:11,EST,DIJON VILLE,JCRHINRHON,FRABA,12:12,FRADE
9395,2023-06-11,METZ VILLE,OUI,9879,13:54,EST,MULHOUSE VILLE,JCRHINRHON,FRAEK,12:12,FRADE
9396,2023-06-11,MULHOUSE VILLE,NON,9879,16:18,EST,MACON VILLE,JCRHINRHON,FRHGU,13:57,FRAEK
9397,2023-06-11,MACON VILLE,NON,9879,16:56,EST,LYON (intramuros),JCRHINRHON,FRLPD,16:21,FRHGU
9398,2023-06-11,BESANCON - F COMTE TGV,NON,9879,16:56,EST,LYON (intramuros),JCRHINRHON,FRLPD,14:44,FRTJB
9399,2023-06-11,MACON VILLE,NON,9879,18:53,EST,MONTPELLIER SUD DE FRANCE,JCRHINRHON,FRSUF,16:21,FRHGU
9400,2023-06-11,LYON (intramuros),NON,9879,18:31,EST,NIMES PONT DU GARD,JCRHINRHON,FRXZP,17:10,FRLPD
9401,2023-06-11,MULHOUSE VILLE,NON,9213,16:26,INTERNATIONAL,ZUERICH HB,PABALZUR,CHAJD,15:06,FRAEK
9402,2023-06-11,BRUXELLES MIDI BRUSSEL ZUID,NON,9838,18:43,NORD,AEROPORT CDG2 TGV ROISSY,JCNORDBRET,FRMLW,16:54,BEBMI
9403,2023-06-11,LILLE (intramuros),NON,9838,18:43,NORD,AEROPORT CDG2 TGV ROISSY,JCNORDBRET,FRMLW,17:40,FRLLE
9404,2023-06-11,AEROPORT CDG2 TGV ROISSY,NON,9838,21:01,NORD,LAVAL,JCNORDBRET,FRACR,18:49,FRMLW
9405,2023-06-11,AEROPORT CDG2 TGV ROISSY,NON,9838,19:34,NORD,MASSY TGV,JCNORDBRET,FRDJU,18:49,FRMLW
9406,2023-06-11,TGV HAUTE PICARDIE,NON,9838,21:29,NORD,RENNES,JCNORDBRET,FRRNS,18:15,FRTHP
9407,2023-06-11,BIARRITZ,NON,8550,19:24,ATLANTIQUE,DAX,SUDOUESTPA,FRACG,18:37,FRBIQ
9408,2023-06-11,ST JEAN DE LUZ CIBOURE,OUI,8550,18:34,ATLANTIQUE,BIARRITZ,SUDOUESTPA,FRBIQ,18:25,FRXJZ
9409,2023-06-11,JONZAC,NON,3831,12:07,IC SRO,BORDEAUX ST JEAN,NANTEBORDO,FRBOJ,11:11,FREMR
9410,2023-06-11,LUCON,NON,3831,11:10,IC SRO,JONZAC,NANTEBORDO,FREMR,09:00,FRLCN
9411,2023-06-11,LUCON,NON,3831,09:39,IC SRO,LA ROCHELLE VILLE,NANTEBORDO,FRLRH,09:00,FRLCN
9412,2023-06-11,NANTES,NON,3831,10:03,IC SRO,ROCHEFORT,NANTEBORDO,FRRCO,07:55,FRNTE
9413,2023-06-11,NANTES,NON,3831,08:35,IC SRO,LA ROCHE SUR YON,NANTEBORDO,FRXRO,07:55,FRNTE
9414,2023-06-11,NANTES,NON,3831,10:32,IC SRO,SAINTES,NANTEBORDO,FRXST,07:55,FRNTE
9415,2023-06-11,ROCHEFORT,NON,3831,11:10,IC SRO,JONZAC,NANTEBORDO,FREMR,10:05,FRRCO
9416,2023-06-11,LA ROCHE SUR YON,NON,3831,12:07,IC SRO,BORDEAUX ST JEAN,NANTEBORDO,FRBOJ,08:36,FRXRO
9417,2023-06-11,LA ROCHE SUR YON,NON,3831,09:39,IC SRO,LA ROCHELLE VILLE,NANTEBORDO,FRLRH,08:36,FRXRO
9418,2023-06-11,DIJON VILLE,NON,9211,13:03,INTERNATIONAL,MULHOUSE VILLE,PABALZUR,FRAEK,12:01,FRABA
9419,2023-06-11,PARIS (intramuros),NON,9211,13:26,INTERNATIONAL,BASEL SBB,PABALZUR,CHAJP,10:20,FRPLY
9420,2023-06-11,PARIS (intramuros),NON,2833,19:04,EST,METZ VILLE,PAMETZLUX,FRADE,17:40,FRPST
9421,2023-06-11,SURGERES,OUI,8378,15:16,ATLANTIQUE,POITIERS,ROCHELLEPA,FRPIS,14:08,FREIP
9422,2023-06-11,LA ROCHELLE VILLE,OUI,8378,14:26,ATLANTIQUE,NIORT,ROCHELLEPA,FRNIT,13:47,FRLRH
9423,2023-06-11,HENDAYE,OUI,8544,16:36,ATLANTIQUE,BIARRITZ,SUDOUESTPA,FRBIQ,16:12,FRAEF
9424,2023-06-11,HENDAYE,NON,8544,20:58,ATLANTIQUE,PARIS (intramuros),SUDOUESTPA,FRPMO,16:12,FRAEF
9425,2023-06-11,HENDAYE,OUI,8544,16:23,ATLANTIQUE,ST JEAN DE LUZ CIBOURE,SUDOUESTPA,FRXJZ,16:12,FRAEF
9426,2023-06-11,BORDEAUX ST JEAN,NON,8544,20:43,ATLANTIQUE,MASSY TGV,SUDOUESTPA,FRDJU,18:46,FRBOJ
9427,2023-06-11,BAYONNE,NON,8544,18:40,ATLANTIQUE,BORDEAUX ST JEAN,SUDOUESTPA,FRBOJ,16:54,FRXBY
9428,2023-06-11,ST JEAN DE LUZ CIBOURE,NON,8544,17:26,ATLANTIQUE,DAX,SUDOUESTPA,FRACG,16:26,FRXJZ
9429,2023-06-11,CHAMPAGNE-ARDENNE,NON,9874,16:48,NORD,LORRAINE TGV,JCNORDEST,FREAM,16:04,FREAH
9430,2023-06-11,LILLE (intramuros),NON,9874,15:55,NORD,CHAMPAGNE-ARDENNE,JCNORDEST,FREAH,14:03,FRLLE
9431,2023-06-11,MONTPELLIER SUD DE FRANCE,NON,6064,21:10,SUD EST,VALENCE TGV RHONE-ALPES SUD,JCSUDPROV,FRVLA,20:11,FRSUF
9432,2023-06-11,DIJON VILLE,NON,9898,13:24,EST,METZ VILLE,JCRHONRHIN,FRADE,10:08,FRABA
9433,2023-06-11,MULHOUSE VILLE,NON,9898,11:49,EST,COLMAR,JCRHONRHIN,FRAEJ,11:24,FRAEK
9434,2023-06-11,NIMES,NON,9898,11:49,EST,COLMAR,JCRHONRHIN,FRAEJ,06:54,FRFNI
9435,2023-06-11,NIMES,NON,9898,11:21,EST,MULHOUSE VILLE,JCRHONRHIN,FRAEK,06:54,FRFNI
9436,2023-06-11,NIMES,NON,9898,08:24,EST,LYON (intramuros),JCRHONRHIN,FRLPD,06:54,FRFNI
9437,2023-06-11,MONTPELLIER SAINT-ROCH,NON,9898,13:24,EST,METZ VILLE,JCRHONRHIN,FRADE,06:27,FRMPL
9438,2023-06-11,MONTPELLIER SAINT-ROCH,NON,9898,11:49,EST,COLMAR,JCRHONRHIN,FRAEJ,06:27,FRMPL
9439,2023-06-11,MONTPELLIER SAINT-ROCH,NON,9898,11:21,EST,MULHOUSE VILLE,JCRHONRHIN,FRAEK,06:27,FRMPL
9440,2023-06-11,BELFORT-MONTBELIARD TGV,NON,9898,12:24,EST,STRASBOURG,JCRHONRHIN,FRAEG,10:59,FRTJA
9441,2023-06-11,BELFORT-MONTBELIARD TGV,NON,9898,11:21,EST,MULHOUSE VILLE,JCRHONRHIN,FRAEK,10:59,FRTJA
9442,2023-06-11,BESANCON - F COMTE TGV,NON,9898,11:21,EST,MULHOUSE VILLE,JCRHONRHIN,FRAEK,10:36,FRTJB
9443,2023-06-11,VALENCE TGV RHONE-ALPES SUD,NON,9898,13:24,EST,METZ VILLE,JCRHONRHIN,FRADE,07:44,FRVLA
9444,2023-06-11,VALENCE TGV RHONE-ALPES SUD,NON,9898,11:49,EST,COLMAR,JCRHONRHIN,FRAEJ,07:44,FRVLA
9445,2023-06-11,PARIS (intramuros),NON,2237,10:13,EST,MEUSE TGV,PANANCY,FREAJ,09:13,FRPST
9446,2023-06-11,ANGOULEME,NON,8485,17:42,ATLANTIQUE,BORDEAUX ST JEAN,PASUDOUEST,FRBOJ,16:37,FRANG
9447,2023-06-11,POITIERS,NON,8485,16:34,ATLANTIQUE,ANGOULEME,PASUDOUEST,FRANG,15:57,FRPIS
9448,2023-06-11,PARIS (intramuros),NON,8485,17:42,ATLANTIQUE,BORDEAUX ST JEAN,PASUDOUEST,FRBOJ,14:15,FRPMO
9449,2023-06-11,MONTPELLIER SAINT-ROCH,OUI,6225,22:56,SUD EST,PERPIGNAN,PALANG,FRPGF,21:17,FRMPL
9450,2023-06-11,PARIS (intramuros),NON,6225,20:42,SUD EST,NIMES,PALANG,FRFNI,17:40,FRPLY
9451,2023-06-11,PARIS (intramuros),NON,6225,21:11,SUD EST,MONTPELLIER SAINT-ROCH,PALANG,FRMPL,17:40,FRPLY
9452,2023-06-11,PARIS (intramuros),NON,6225,21:31,SUD EST,SETE,PALANG,FRXSY,17:40,FRPLY
9453,2023-06-11,VALENCE TGV RHONE-ALPES SUD,NON,6225,22:03,SUD EST,BEZIERS,PALANG,FRBZR,19:56,FRVLA
9454,2023-06-11,NARBONNE,OUI,6225,22:56,SUD EST,PERPIGNAN,PALANG,FRPGF,22:23,FRXNA
9455,2023-06-11,BRUXELLES MIDI BRUSSEL ZUID,NON,9870,09:28,NORD,CHAMPAGNE-ARDENNE,JCNORDEST,FREAH,07:17,BEBMI
9456,2023-06-11,BRUXELLES MIDI BRUSSEL ZUID,OUI,9870,08:53,NORD,AEROPORT CDG2 TGV ROISSY,JCNORDEST,FRMLW,07:17,BEBMI
9457,2023-06-11,LILLE (intramuros),NON,9870,11:05,NORD,STRASBOURG,JCNORDEST,FRAEG,08:02,FRLLE
9458,2023-06-11,LILLE (intramuros),OUI,9870,08:53,NORD,AEROPORT CDG2 TGV ROISSY,JCNORDEST,FRMLW,08:02,FRLLE
9459,2023-06-11,BRUXELLES MIDI BRUSSEL ZUID,NON,9870,10:00,NORD,MEUSE TGV,JCNORDEST,FREAJ,07:17,BEBMI
9460,2023-06-11,MARSEILLE ST CHARLES,OUI,6173,14:39,SUD EST,ANTIBES,PAAZUR,FRXAT,12:29,FRMSC
9461,2023-06-11,PARIS (intramuros),NON,6173,14:01,SUD EST,ST RAPHAEL VALESCURE,PAAZUR,FRXSK,09:08,FRPLY
9462,2023-06-11,TOULON,OUI,6173,14:25,SUD EST,CANNES,PAAZUR,FRJCA,13:17,FRTLN
9463,2023-06-11,PARIS (intramuros),NON,6137,00:44,SUD EST,AIX EN PROVENCE TGV,PAPROVENCE,FRAIE,21:32,FRPLY
9464,2023-06-11,BORDEAUX ST JEAN,OUI,8486,11:22,ATLANTIQUE,ANGOULEME,SUDOUESTPA,FRANG,10:12,FRBOJ
9465,2023-06-11,BORDEAUX ST JEAN,OUI,8486,12:04,ATLANTIQUE,POITIERS,SUDOUESTPA,FRPIS,10:12,FRBOJ
9466,2023-06-11,LE POULIGUEN,OUI,8934,21:11,ATLANTIQUE,PORNICHET,LOIREPARIS,FREGR,20:59,FREGS
9467,2023-06-11,LE POULIGUEN,NON,8934,22:01,ATLANTIQUE,NANTES,LOIREPARIS,FRNTE,20:59,FREGS
9468,2023-06-11,LE POULIGUEN,NON,8934,00:12,ATLANTIQUE,PARIS (intramuros),LOIREPARIS,FRPMO,20:59,FREGS
9469,2023-06-11,LE CROISIC,OUI,8934,20:56,ATLANTIQUE,LE POULIGUEN,LOIREPARIS,FREGS,20:51,FREGU
9470,2023-06-11,LA BAULE ESCOUBLAC,OUI,8934,21:11,ATLANTIQUE,PORNICHET,LOIREPARIS,FREGR,21:07,FRJEE
9471,2023-06-11,LA BAULE ESCOUBLAC,NON,8934,22:01,ATLANTIQUE,NANTES,LOIREPARIS,FRNTE,21:07,FRJEE
9472,2023-06-11,LA BAULE ESCOUBLAC,OUI,8934,21:23,ATLANTIQUE,ST NAZAIRE,LOIREPARIS,FRSNR,21:07,FRJEE
9473,2023-06-11,CANNES,NON,6074,11:44,SUD EST,TOULON,AZURPA,FRTLN,10:32,FRJCA
9474,2023-06-11,MARSEILLE ST CHARLES,NON,6074,15:51,SUD EST,PARIS (intramuros),AZURPA,FRPLY,12:47,FRMSC
9475,2023-06-11,NICE VILLE,NON,6074,12:33,SUD EST,MARSEILLE ST CHARLES,AZURPA,FRMSC,09:57,FRNIC
9476,2023-06-11,TOULON,NON,6074,15:51,SUD EST,PARIS (intramuros),AZURPA,FRPLY,11:48,FRTLN
9477,2023-06-11,RENNES,NON,8092,22:08,ATLANTIQUE,PARIS (intramuros),BRETAPARIS,FRPMO,20:35,FRRNS
9478,2023-06-11,ST MALO,OUI,8092,19:50,ATLANTIQUE,DOL DE BRETAGNE,BRETAPARIS,FRDOL,19:37,FRXSB
9479,2023-06-11,MASSY TGV,NON,5358,22:29,SUD EST,ANGERS ST LAUD,JCSUDATL,FRACL,20:35,FRDJU
9480,2023-06-11,LYON (intramuros),NON,5358,23:09,SUD EST,NANTES,JCSUDATL,FRNTE,18:30,FRLPD
9481,2023-06-11,LYON (intramuros),NON,5358,21:28,SUD EST,ST PIERRE DES CORPS,JCSUDATL,FRXSH,18:30,FRLPD
9482,2023-06-11,VALENCE TGV RHONE-ALPES SUD,NON,5358,22:29,SUD EST,ANGERS ST LAUD,JCSUDATL,FRACL,17:42,FRVLA
9483,2023-06-11,ST PIERRE DES CORPS,NON,5358,22:06,SUD EST,SAUMUR,JCSUDATL,FRACN,21:32,FRXSH
9484,2023-06-11,MONTPELLIER SUD DE FRANCE,OUI,5358,17:39,SUD EST,VALENCE TGV RHONE-ALPES SUD,JCSUDATL,FRVLA,16:41,FRSUF
9485,2023-06-11,MONTPELLIER SUD DE FRANCE,NON,5358,22:29,SUD EST,ANGERS ST LAUD,JCSUDATL,FRACL,16:41,FRSUF
9486,2023-06-11,MONTPELLIER SUD DE FRANCE,NON,5358,21:28,SUD EST,ST PIERRE DES CORPS,JCSUDATL,FRXSH,16:41,FRSUF
9487,2023-06-11,PAU,NON,14143,15:05,IC SRO,BAYONNE,SUDOUEST,FRXBY,13:59,FRAEE
9488,2023-06-11,ST GAUDENS,NON,14143,14:20,IC SRO,ORTHEZ,SUDOUEST,FRGFI,12:24,FRFPH
9489,2023-06-11,ST GAUDENS,NON,14143,13:13,IC SRO,TARBES,SUDOUEST,FRXTB,12:24,FRFPH
9490,2023-06-11,LOURDES,NON,14143,15:05,IC SRO,BAYONNE,SUDOUEST,FRXBY,13:32,FRLDE
9491,2023-06-11,TOULOUSE MATABIAU,NON,14143,14:20,IC SRO,ORTHEZ,SUDOUEST,FRGFI,11:35,FRXYT
9492,2023-06-11,CHATELLERAULT,OUI,12289,18:31,ATLANTIQUE,POITIERS,PAROCHELLE,FRPIS,18:16,FRXCX
9493,2023-06-11,CLERMONT FERRAND,OUI,5970,16:56,IC ARO,PARIS (intramuros),CLERMONTPA,FRPLY,13:31,FRCFE
9494,2023-06-11,CLERMONT FERRAND,OUI,5970,13:40,IC ARO,RIOM CHATEL GUYON,CLERMONTPA,FRRIO,13:31,FRCFE
9495,2023-06-11,RIOM CHATEL GUYON,OUI,5970,14:58,IC ARO,NEVERS,CLERMONTPA,FRNVS,13:42,FRRIO
9496,2023-06-11,LOURDES,OUI,8583,15:40,ATLANTIQUE,BORDEAUX ST JEAN,SUDOUESTPA,FRBOJ,13:02,FRLDE
9497,2023-06-11,LOURDES,OUI,8583,13:50,ATLANTIQUE,ORTHEZ,SUDOUESTPA,FRGFI,13:02,FRLDE
9498,2023-06-11,PARIS (intramuros),NON,2077,20:41,EST,STRASBOURG,PASTRAMULH,FRAEG,18:55,FRPST
9499,2023-06-11,BRUXELLES MIDI BRUSSEL ZUID,NON,9826,12:08,NORD,MARNE LA VALLEE CHESSY,JCNORDSUD,FRMLV,10:17,BEBMI
9500,2023-06-11,BRUXELLES MIDI BRUSSEL ZUID,NON,9826,14:48,NORD,VALENCE TGV RHONE-ALPES SUD,JCNORDSUD,FRVLA,10:17,BEBMI
9501,2023-06-11,MARNE LA VALLEE CHESSY,NON,9826,15:51,NORD,MONTPELLIER SUD DE FRANCE,JCNORDSUD,FRSUF,12:13,FRMLV
9502,2023-06-11,GAP,OUI,5790,07:56,IC NUIT,PARIS (intramuros),BRIANCONPA,FRPAZ,21:34,FRGAT
9503,2023-06-11,CHORGES,OUI,5790,07:56,IC NUIT,PARIS (intramuros),BRIANCONPA,FRPAZ,21:15,FRIGS
9504,2023-06-11,EMBRUN,OUI,5790,07:56,IC NUIT,PARIS (intramuros),BRIANCONPA,FRPAZ,20:52,FRIGV
9505,2023-06-11,VEYNES DEVOLUY,OUI,5790,07:56,IC NUIT,PARIS (intramuros),BRIANCONPA,FRPAZ,22:07,FRVDY
9506,2023-06-11,STRASBOURG,NON,5486,13:19,EST,NANTES,JCESTATL,FRNTE,07:31,FRAEG
9507,2023-06-11,STRASBOURG,NON,5486,11:32,EST,ST PIERRE DES CORPS,JCESTATL,FRXSH,07:31,FRAEG
9508,2023-06-11,MASSY TGV,NON,5486,12:36,EST,ANGERS ST LAUD,JCESTATL,FRACL,10:38,FRDJU
9509,2023-06-11,CHAMPAGNE-ARDENNE,NON,5486,09:55,EST,MARNE LA VALLEE CHESSY,JCESTATL,FRMLV,08:58,FREAH
9510,2023-06-11,CHAMPAGNE-ARDENNE,NON,5486,09:28,EST,AEROPORT CDG2 TGV ROISSY,JCESTATL,FRMLW,08:58,FREAH
9511,2023-06-11,CHAMPAGNE-ARDENNE,NON,5486,11:32,EST,ST PIERRE DES CORPS,JCESTATL,FRXSH,08:58,FREAH
9512,2023-06-11,LORRAINE TGV,NON,5486,08:47,EST,CHAMPAGNE-ARDENNE,JCESTATL,FREAH,08:09,FREAM
9513,2023-06-11,MARNE LA VALLEE CHESSY,NON,5486,13:19,EST,NANTES,JCESTATL,FRNTE,10:02,FRMLV
9514,2023-06-11,BORDEAUX ST JEAN,NON,8454,21:49,ATLANTIQUE,ANGOULEME,SUDOUESTPA,FRANG,21:14,FRBOJ
9515,2023-06-11,ST PIERRE DES CORPS,NON,8454,00:17,ATLANTIQUE,PARIS (intramuros),SUDOUESTPA,FRPMO,23:15,FRXSH
9516,2023-06-11,POITIERS,OUI,8437,12:23,ATLANTIQUE,ANGOULEME,PASUDOUEST,FRANG,11:44,FRPIS
9517,2023-06-11,PARIS (intramuros),OUI,8437,13:02,ATLANTIQUE,BORDEAUX ST JEAN,PASUDOUEST,FRBOJ,10:03,FRPMO
9518,2023-06-11,ST PIERRE DES CORPS,OUI,8437,13:02,ATLANTIQUE,BORDEAUX ST JEAN,PASUDOUEST,FRBOJ,11:11,FRXSH
9519,2023-06-11,STRASBOURG,NON,5454,17:04,EST,MASSY TGV,JCESTATL,FRDJU,14:01,FRAEG
9520,2023-06-11,MEUSE TGV,NON,5454,19:22,EST,ANGOULEME,JCESTATL,FRANG,15:05,FREAJ
9521,2023-06-11,LORRAINE TGV,OUI,5454,14:58,EST,MEUSE TGV,JCESTATL,FREAJ,14:39,FREAM
9522,2023-06-11,LORRAINE TGV,NON,5454,16:04,EST,AEROPORT CDG2 TGV ROISSY,JCESTATL,FRMLW,14:39,FREAM
9523,2023-06-11,MARNE LA VALLEE CHESSY,NON,5454,18:06,EST,ST PIERRE DES CORPS,JCESTATL,FRXSH,16:32,FRMLV
9524,2023-06-11,AEROPORT CDG2 TGV ROISSY,NON,5454,19:22,EST,ANGOULEME,JCESTATL,FRANG,16:18,FRMLW
9525,2023-06-11,AEROPORT CDG2 TGV ROISSY,NON,5454,20:02,EST,BORDEAUX ST JEAN,JCESTATL,FRBOJ,16:18,FRMLW
9526,2023-06-11,AEROPORT CDG2 TGV ROISSY,OUI,5454,16:27,EST,MARNE LA VALLEE CHESSY,JCESTATL,FRMLV,16:18,FRMLW
9527,2023-06-11,ST PIERRE DES CORPS,NON,5454,18:40,EST,POITIERS,JCESTATL,FRPIS,18:10,FRXSH
9528,2023-06-11,MARSEILLE ST CHARLES,NON,6124,16:38,SUD EST,AVIGNON TGV,AZURPA,FRAVG,16:04,FRMSC
9529,2023-06-11,HYERES,NON,6124,16:38,SUD EST,AVIGNON TGV,AZURPA,FRAVG,14:50,FRXHE
9530,2023-06-11,DIJON VILLE,NON,6711,21:05,SUD EST,BESANCON - F COMTE TGV,PABOUR,FRTJB,20:35,FRABA
9531,2023-06-11,MONTBARD,NON,6711,20:31,SUD EST,DIJON VILLE,PABOUR,FRABA,19:56,FRGWE
9532,2023-06-11,MONTBARD,NON,6711,21:55,SUD EST,MULHOUSE VILLE,PABOUR,FRAEK,19:56,FRGWE
9533,2023-06-11,MONTBARD,NON,6711,21:29,SUD EST,BELFORT-MONTBELIARD TGV,PABOUR,FRTJA,19:56,FRGWE
9534,2023-06-11,PARIS (intramuros),NON,6711,20:31,SUD EST,DIJON VILLE,PABOUR,FRABA,18:50,FRPLY
9535,2023-06-11,BELFORT-MONTBELIARD TGV,NON,6711,21:55,SUD EST,MULHOUSE VILLE,PABOUR,FRAEK,21:32,FRTJA
9536,2023-06-11,LYON (intramuros),OUI,5300,10:17,SUD EST,VALENCE TGV RHONE-ALPES SUD,JCATLSUD,FRVLA,09:39,FRLPD
9537,2023-06-11,NIMES PONT DU GARD,OUI,5300,11:21,SUD EST,MONTPELLIER SUD DE FRANCE,JCATLSUD,FRSUF,11:01,FRXZP
9538,2023-06-11,HENDAYE,NON,14142,12:34,IC SRO,LOURDES,SUDOUEST,FRLDE,10:19,FRAEF
9539,2023-06-11,HENDAYE,NON,14142,10:52,IC SRO,BAYONNE,SUDOUEST,FRXBY,10:19,FRAEF
9540,2023-06-11,BIARRITZ,NON,14142,10:52,IC SRO,BAYONNE,SUDOUEST,FRXBY,10:40,FRBIQ
9541,2023-06-11,ORTHEZ,NON,14142,12:34,IC SRO,LOURDES,SUDOUEST,FRLDE,11:45,FRGFI
9542,2023-06-11,ORTHEZ,NON,14142,14:29,IC SRO,TOULOUSE MATABIAU,SUDOUEST,FRXYT,11:45,FRGFI
9543,2023-06-11,LOURDES,NON,14142,12:50,IC SRO,TARBES,SUDOUEST,FRXTB,12:37,FRLDE
9544,2023-06-11,LOURDES,NON,14142,14:29,IC SRO,TOULOUSE MATABIAU,SUDOUEST,FRXYT,12:37,FRLDE
9545,2023-06-11,BAYONNE,NON,14142,12:06,IC SRO,PAU,SUDOUEST,FRAEE,11:01,FRXBY
9546,2023-06-11,ST JEAN DE LUZ CIBOURE,NON,14142,12:34,IC SRO,LOURDES,SUDOUEST,FRLDE,10:30,FRXJZ
9547,2023-06-11,ST JEAN DE LUZ CIBOURE,NON,14142,14:29,IC SRO,TOULOUSE MATABIAU,SUDOUEST,FRXYT,10:30,FRXJZ
9548,2023-06-11,MONTREJEAU GOURDAN POLIGNAN,NON,14142,14:29,IC SRO,TOULOUSE MATABIAU,SUDOUEST,FRXYT,13:28,FRMTJ
9549,2023-06-11,ORTHEZ,NON,14142,13:26,IC SRO,MONTREJEAU GOURDAN POLIGNAN,SUDOUEST,FRMTJ,11:45,FRGFI
9550,2023-06-11,ST JEAN DE LUZ CIBOURE,NON,14142,13:26,IC SRO,MONTREJEAU GOURDAN POLIGNAN,SUDOUEST,FRMTJ,10:30,FRXJZ
9551,2023-06-11,CHAMBERY CHALLES LES EAUX,NON,6972,16:14,SUD EST,PARIS (intramuros),ALPESPARIS,FRPLY,13:24,FRCMF
9552,2023-06-11,AIX LES BAINS LE REVARD,NON,6972,14:35,SUD EST,MACON LOCHE TGV,ALPESPARIS,FRMLT,12:59,FRXAI
9553,2023-06-11,ST MALO,OUI,8088,19:01,ATLANTIQUE,LAVAL,BRETAPARIS,FRACR,17:42,FRXSB
9554,2023-06-11,VENDOME VILLIERS SUR LOIR,OUI,8347,22:07,ATLANTIQUE,ST PIERRE DES CORPS,PAROCHELLE,FRXSH,21:47,FRESL
9555,2023-06-11,PARIS (intramuros),OUI,8347,22:36,ATLANTIQUE,CHATELLERAULT,PAROCHELLE,FRXCX,21:00,FRPMO
9556,2023-06-11,CHATELLERAULT,OUI,8347,22:56,ATLANTIQUE,POITIERS,PAROCHELLE,FRPIS,22:38,FRXCX
9557,2023-06-11,ST PIERRE DES CORPS,OUI,8347,22:36,ATLANTIQUE,CHATELLERAULT,PAROCHELLE,FRXCX,22:11,FRXSH
9558,2023-06-11,BREST,NON,8646,23:08,ATLANTIQUE,PARIS (intramuros),BRETAPARIS,FRPMO,19:22,FRBES
9559,2023-06-11,GUINGAMP,NON,8646,23:08,ATLANTIQUE,PARIS (intramuros),BRETAPARIS,FRPMO,20:24,FRGGP
9560,2023-06-11,GUINGAMP,OUI,8646,20:38,ATLANTIQUE,ST BRIEUC,BRETAPARIS,FRSBK,20:24,FRGGP
9561,2023-06-11,MORLAIX,OUI,8646,20:38,ATLANTIQUE,ST BRIEUC,BRETAPARIS,FRSBK,19:55,FRMXN
9562,2023-06-11,MARSEILLE ST CHARLES,OUI,6132,19:37,SUD EST,AVIGNON TGV,PROVENCEPA,FRAVG,19:04,FRMSC
9563,2023-06-11,NIMES,NON,5062,13:34,NORD,TGV HAUTE PICARDIE,JCSUDNORD,FRTHP,09:25,FRFNI
9564,2023-06-11,MARNE LA VALLEE CHESSY,NON,5062,14:24,NORD,LILLE (intramuros),JCSUDNORD,FRLLE,12:51,FRMLV
9565,2023-06-11,TGV HAUTE PICARDIE,OUI,5062,14:24,NORD,LILLE (intramuros),JCSUDNORD,FRLLE,13:38,FRTHP
9566,2023-06-11,VALENCE TGV RHONE-ALPES SUD,NON,5062,12:47,NORD,MARNE LA VALLEE CHESSY,JCSUDNORD,FRMLV,10:15,FRVLA
9567,2023-06-11,VALENCE TGV RHONE-ALPES SUD,NON,5062,13:01,NORD,AEROPORT CDG2 TGV ROISSY,JCSUDNORD,FRMLW,10:15,FRVLA
9568,2023-06-11,BEZIERS,NON,4762,17:57,IC ARO,MONTAUBAN VILLE BOURBON,TJOURSESO,FRXMW,15:46,FRBZR
9569,2023-06-11,NIMES,NON,4762,18:35,IC ARO,AGEN,TJOURSESO,FRAGF,14:38,FRFNI
9570,2023-06-11,NIMES,NON,4762,19:42,IC ARO,BORDEAUX ST JEAN,TJOURSESO,FRBOJ,14:38,FRFNI
9571,2023-06-11,NIMES,NON,4762,17:18,IC ARO,TOULOUSE MATABIAU,TJOURSESO,FRXYT,14:38,FRFNI
9572,2023-06-11,MONTPELLIER SAINT-ROCH,NON,4762,16:31,IC ARO,CARCASSONNE,TJOURSESO,FRCCF,15:06,FRMPL
9573,2023-06-11,MONTPELLIER SAINT-ROCH,NON,4762,17:18,IC ARO,TOULOUSE MATABIAU,TJOURSESO,FRXYT,15:06,FRMPL
9574,2023-06-11,NARBONNE,NON,4762,19:42,IC ARO,BORDEAUX ST JEAN,TJOURSESO,FRBOJ,16:02,FRXNA
9575,2023-06-11,NARBONNE,NON,4762,16:31,IC ARO,CARCASSONNE,TJOURSESO,FRCCF,16:02,FRXNA
9576,2023-06-11,NARBONNE,NON,4762,17:57,IC ARO,MONTAUBAN VILLE BOURBON,TJOURSESO,FRXMW,16:02,FRXNA
9577,2023-06-11,NARBONNE,NON,4762,17:18,IC ARO,TOULOUSE MATABIAU,TJOURSESO,FRXYT,16:02,FRXNA
9578,2023-06-11,LYON (intramuros),OUI,6634,20:57,SUD EST,LYON (intramuros),RHONEPARIS,FRLPD,20:49,FRLPE
9579,2023-06-11,PARIS (intramuros),OUI,7371,16:04,NORD,DUNKERQUE,PAARRAS,FRADI,13:52,FRPNO
9580,2023-06-11,PARIS (intramuros),OUI,7371,15:39,NORD,HAZEBROUCK,PAARRAS,FRHZK,13:52,FRPNO
9581,2023-06-11,PARIS (intramuros),OUI,7371,15:16,NORD,BETHUNE,PAARRAS,FRXBH,13:52,FRPNO
9582,2023-06-11,PARIS (intramuros),OUI,8871,12:13,ATLANTIQUE,ANGERS ST LAUD,PARISLOIRE,FRACL,10:36,FRPMO
9583,2023-06-11,HENDAYE,OUI,8540,13:22,ATLANTIQUE,ST JEAN DE LUZ CIBOURE,SUDOUESTPA,FRXJZ,13:12,FRAEF
9584,2023-06-11,ST JEAN DE LUZ CIBOURE,OUI,8540,13:35,ATLANTIQUE,BIARRITZ,SUDOUESTPA,FRBIQ,13:25,FRXJZ
9585,2023-06-11,AGEN,NON,8504,10:40,ATLANTIQUE,BORDEAUX ST JEAN,SUDOUESTPA,FRBOJ,09:35,FRAGF
9586,2023-06-11,BORDEAUX ST JEAN,NON,8504,12:52,ATLANTIQUE,PARIS (intramuros),SUDOUESTPA,FRPMO,10:46,FRBOJ
9587,2023-06-11,TOULOUSE MATABIAU,NON,8504,12:52,ATLANTIQUE,PARIS (intramuros),SUDOUESTPA,FRPMO,08:23,FRXYT
9588,2023-06-11,PARIS (intramuros),NON,9763,11:30,INTERNATIONAL,GENEVE,PAGENEVE,CHGVA,08:16,FRPLY
9589,2023-06-11,CHAMPAGNE-ARDENNE,NON,2243,13:59,EST,NANCY,PANANCY,FRENC,13:05,FREAH
9590,2023-06-11,PARIS (intramuros),NON,7015,09:48,NORD,LILLE (intramuros),PALILLE,FRADJ,08:46,FRPNO
9591,2023-06-11,AVIGNON TGV,NON,6103,10:41,SUD EST,AIX EN PROVENCE TGV,PAPROVENCE,FRAIE,10:20,FRAVG
9592,2023-06-11,PARIS (intramuros),NON,6103,10:41,SUD EST,AIX EN PROVENCE TGV,PAPROVENCE,FRAIE,07:36,FRPLY
9593,2023-06-11,RIOM CHATEL GUYON,NON,5962,11:57,IC ARO,PARIS (intramuros),CLERMONTPA,FRPLY,08:42,FRRIO
9594,2023-06-11,MOULINS SUR ALLIER,NON,5962,09:58,IC ARO,NEVERS,CLERMONTPA,FRNVS,09:31,FRXMU
9595,2023-06-11,MOULINS SUR ALLIER,NON,5962,11:57,IC ARO,PARIS (intramuros),CLERMONTPA,FRPLY,09:31,FRXMU
9596,2023-06-11,STRASBOURG,OUI,5516,17:02,EST,NANCY,JCRHONRHIN,FRENC,16:00,FRAEG
9597,2023-06-11,COLMAR,NON,5516,15:54,EST,STRASBOURG,JCRHONRHIN,FRAEG,15:27,FRAEJ
9598,2023-06-11,AIX EN PROVENCE TGV,NON,5516,17:02,EST,NANCY,JCRHONRHIN,FRENC,09:58,FRAIE
9599,2023-06-11,AIX EN PROVENCE TGV,NON,5516,12:41,EST,CHALON SUR SAONE,JCRHONRHIN,FRXCD,09:58,FRAIE
9600,2023-06-11,AVIGNON TGV,NON,5516,12:09,EST,MACON VILLE,JCRHONRHIN,FRHGU,10:20,FRAVG
9601,2023-06-11,AVIGNON TGV,NON,5516,14:06,EST,BESANCON - F COMTE TGV,JCRHONRHIN,FRTJB,10:20,FRAVG
9602,2023-06-11,CANNES,NON,5516,17:02,EST,NANCY,JCRHONRHIN,FRENC,07:30,FRJCA
9603,2023-06-11,LYON (intramuros),NON,5516,15:24,EST,COLMAR,JCRHONRHIN,FRAEJ,11:32,FRLPD
9604,2023-06-11,LYON (intramuros),NON,5516,14:06,EST,BESANCON - F COMTE TGV,JCRHONRHIN,FRTJB,11:32,FRLPD
9605,2023-06-11,MARSEILLE ST CHARLES,NON,5516,14:55,EST,MULHOUSE VILLE,JCRHONRHIN,FRAEK,09:45,FRMSC
9606,2023-06-11,MARSEILLE ST CHARLES,NON,5516,09:55,EST,AIX EN PROVENCE TGV,JCRHONRHIN,FRAIE,09:45,FRMSC
9607,2023-06-11,MARSEILLE ST CHARLES,NON,5516,17:02,EST,NANCY,JCRHONRHIN,FRENC,09:45,FRMSC
9608,2023-06-11,MARSEILLE ST CHARLES,NON,5516,12:09,EST,MACON VILLE,JCRHONRHIN,FRHGU,09:45,FRMSC
9609,2023-06-11,MARSEILLE ST CHARLES,NON,5516,13:03,EST,BEAUNE,JCRHONRHIN,FRXBV,09:45,FRMSC
9610,2023-06-11,NICE VILLE,NON,5516,15:54,EST,STRASBOURG,JCRHONRHIN,FRAEG,07:00,FRNIC
9611,2023-06-11,NICE VILLE,NON,5516,14:55,EST,MULHOUSE VILLE,JCRHONRHIN,FRAEK,07:00,FRNIC
9612,2023-06-11,NICE VILLE,NON,5516,17:02,EST,NANCY,JCRHONRHIN,FRENC,07:00,FRNIC
9613,2023-06-11,BELFORT-MONTBELIARD TGV,NON,5516,15:54,EST,STRASBOURG,JCRHONRHIN,FRAEG,14:33,FRTJA
9614,2023-06-11,TOULON,NON,5516,15:54,EST,STRASBOURG,JCRHONRHIN,FRAEG,08:50,FRTLN
9615,2023-06-11,TOULON,NON,5516,09:55,EST,AIX EN PROVENCE TGV,JCRHONRHIN,FRAIE,08:50,FRTLN
9616,2023-06-11,TOULON,NON,5516,10:17,EST,AVIGNON TGV,JCRHONRHIN,FRAVG,08:50,FRTLN
9617,2023-06-11,TOULON,OUI,5516,09:33,EST,MARSEILLE ST CHARLES,JCRHONRHIN,FRMSC,08:50,FRTLN
9618,2023-06-11,TOULON,NON,5516,12:41,EST,CHALON SUR SAONE,JCRHONRHIN,FRXCD,08:50,FRTLN
9619,2023-06-11,ANTIBES,NON,5516,11:26,EST,LYON (intramuros),JCRHONRHIN,FRLPD,07:16,FRXAT
9620,2023-06-11,ANTIBES,OUI,5516,08:09,EST,LES ARCS DRAGUIGNAN,JCRHONRHIN,FRXRS,07:16,FRXAT
9621,2023-06-11,CHALON SUR SAONE,NON,5516,15:54,EST,STRASBOURG,JCRHONRHIN,FRAEG,12:44,FRXCD
9622,2023-06-11,CHALON SUR SAONE,NON,5516,14:06,EST,BESANCON - F COMTE TGV,JCRHONRHIN,FRTJB,12:44,FRXCD
9623,2023-06-11,LES ARCS DRAGUIGNAN,NON,5516,15:24,EST,COLMAR,JCRHONRHIN,FRAEJ,08:12,FRXRS
9624,2023-06-11,LES ARCS DRAGUIGNAN,NON,5516,14:55,EST,MULHOUSE VILLE,JCRHONRHIN,FRAEK,08:12,FRXRS
9625,2023-06-11,ST RAPHAEL VALESCURE,NON,5516,15:54,EST,STRASBOURG,JCRHONRHIN,FRAEG,07:55,FRXSK
9626,2023-06-11,ST RAPHAEL VALESCURE,NON,5516,14:55,EST,MULHOUSE VILLE,JCRHONRHIN,FRAEK,07:55,FRXSK
9627,2023-06-11,BEAUNE,NON,5516,17:02,EST,NANCY,JCRHONRHIN,FRENC,13:06,FRXBV
9628,2023-06-11,NICE VILLE,NON,5516,14:30,EST,BELFORT-MONTBELIARD TGV,JCRHONRHIN,FRTJA,07:00,FRNIC
9629,2023-06-11,ST RAPHAEL VALESCURE,NON,5516,14:06,EST,BESANCON - F COMTE TGV,JCRHONRHIN,FRTJB,07:55,FRXSK
9630,2023-06-11,BEAUNE,NON,5516,14:55,EST,MULHOUSE VILLE,JCRHONRHIN,FRAEK,13:06,FRXBV
9631,2023-06-11,ANGERS ST LAUD,NON,8130,22:25,ATLANTIQUE,PARIS (intramuros),LOIREPARIS,FRPMO,20:44,FRACL
9632,2023-06-11,NANTES,OUI,8130,20:41,ATLANTIQUE,ANGERS ST LAUD,LOIREPARIS,FRACL,20:05,FRNTE
9633,2023-06-11,LYON (intramuros),OUI,6609,12:10,SUD EST,LYON (intramuros),PARISRHONE,FRLPE,12:02,FRLPD
9634,2023-06-11,ANGERS ST LAUD,OUI,5224,14:44,NORD,NANTES,JCNORDBRET,FRNTE,14:05,FRACL
9635,2023-06-11,LILLE (intramuros),OUI,5224,11:13,NORD,AEROPORT CDG2 TGV ROISSY,JCNORDBRET,FRMLW,09:32,FRADJ
9636,2023-06-11,MASSY TGV,NON,5224,14:02,NORD,ANGERS ST LAUD,JCNORDBRET,FRACL,12:10,FRDJU
9637,2023-06-11,MASSY TGV,NON,5224,14:44,NORD,NANTES,JCNORDBRET,FRNTE,12:10,FRDJU
9638,2023-06-11,MASSY TGV,NON,5224,13:04,NORD,ST PIERRE DES CORPS,JCNORDBRET,FRXSH,12:10,FRDJU
9639,2023-06-11,AEROPORT CDG2 TGV ROISSY,NON,5224,12:04,NORD,MASSY TGV,JCNORDBRET,FRDJU,11:19,FRMLW
9640,2023-06-11,AEROPORT CDG2 TGV ROISSY,NON,5224,14:44,NORD,NANTES,JCNORDBRET,FRNTE,11:19,FRMLW
9641,2023-06-11,ARRAS,OUI,5224,10:37,NORD,TGV HAUTE PICARDIE,JCNORDBRET,FRTHP,10:19,FRQRV
9642,2023-06-11,TGV HAUTE PICARDIE,NON,5224,11:28,NORD,MARNE LA VALLEE CHESSY,JCNORDBRET,FRMLV,10:45,FRTHP
9643,2023-06-11,TGV HAUTE PICARDIE,NON,5224,13:04,NORD,ST PIERRE DES CORPS,JCNORDBRET,FRXSH,10:45,FRTHP
9644,2023-06-11,DOUAI,OUI,5224,11:13,NORD,AEROPORT CDG2 TGV ROISSY,JCNORDBRET,FRMLW,10:01,FRXDN
9645,2023-06-11,ST PIERRE DES CORPS,OUI,5224,14:44,NORD,NANTES,JCNORDBRET,FRNTE,13:09,FRXSH
9646,2023-06-11,DOUAI,NON,5224,14:44,NORD,NANTES,JCNORDBRET,FRNTE,10:01,FRXDN
9647,2023-06-11,SAUMUR,NON,4504,18:38,IC SRO,NANTES,JOURLYNNTE,FRNTE,17:34,FRACN
9648,2023-06-11,BOURGES,NON,4504,17:32,IC SRO,SAUMUR,JOURLYNNTE,FRACN,15:30,FRBOU
9649,2023-06-11,BOURGES,NON,4504,16:55,IC SRO,ST PIERRE DES CORPS,JOURLYNNTE,FRXSH,15:30,FRBOU
9650,2023-06-11,LYON (intramuros),NON,4504,18:38,IC SRO,NANTES,JOURLYNNTE,FRNTE,12:00,FRLPD
9651,2023-06-11,LYON (intramuros),NON,4504,13:43,IC SRO,ST GERMAIN DES FOSSES,JOURLYNNTE,FRSGF,12:00,FRLPD
9652,2023-06-11,LYON (intramuros),NON,4504,16:55,IC SRO,ST PIERRE DES CORPS,JOURLYNNTE,FRXSH,12:00,FRLPD
9653,2023-06-11,LYON (intramuros),NON,4504,15:28,IC SRO,BOURGES,JOURLYNNTE,FRBOU,11:47,FRLPE
9654,2023-06-11,LYON (intramuros),NON,4504,14:09,IC SRO,MOULINS SUR ALLIER,JOURLYNNTE,FRXMU,11:47,FRLPE
9655,2023-06-11,NEVERS,NON,4504,16:55,IC SRO,ST PIERRE DES CORPS,JOURLYNNTE,FRXSH,14:50,FRNVS
9656,2023-06-11,ROANNE,NON,4504,15:28,IC SRO,BOURGES,JOURLYNNTE,FRBOU,13:06,FRRNE
9657,2023-06-11,ROANNE,NON,4504,15:48,IC SRO,VIERZON VILLE,JOURLYNNTE,FRXVZ,13:06,FRRNE
9658,2023-06-11,ST GERMAIN DES FOSSES,NON,4504,15:28,IC SRO,BOURGES,JOURLYNNTE,FRBOU,13:45,FRSGF
9659,2023-06-11,ST GERMAIN DES FOSSES,NON,4504,18:38,IC SRO,NANTES,JOURLYNNTE,FRNTE,13:45,FRSGF
9660,2023-06-11,ST GERMAIN DES FOSSES,NON,4504,14:09,IC SRO,MOULINS SUR ALLIER,JOURLYNNTE,FRXMU,13:45,FRSGF
9661,2023-06-11,ST GERMAIN DES FOSSES,NON,4504,16:55,IC SRO,ST PIERRE DES CORPS,JOURLYNNTE,FRXSH,13:45,FRSGF
9662,2023-06-11,MOULINS SUR ALLIER,NON,4504,16:55,IC SRO,ST PIERRE DES CORPS,JOURLYNNTE,FRXSH,14:11,FRXMU
9663,2023-06-11,MOULINS SUR ALLIER,NON,4504,15:48,IC SRO,VIERZON VILLE,JOURLYNNTE,FRXVZ,14:11,FRXMU
9664,2023-06-11,ST PIERRE DES CORPS,NON,4504,17:32,IC SRO,SAUMUR,JOURLYNNTE,FRACN,16:58,FRXSH
9665,2023-06-11,MONTAUBAN VILLE BOURBON,OUI,3750,06:50,IC NUIT,PARIS (intramuros),OCCITANPAR,FRPAZ,22:51,FRXMW
9666,2023-06-11,RENNES,OUI,8074,16:55,ATLANTIQUE,VITRE,BRETAPARIS,FRXVT,16:31,FRRNS
9667,2023-06-11,VITRE,NON,8074,18:49,ATLANTIQUE,PARIS (intramuros),BRETAPARIS,FRPMO,16:58,FRXVT
9668,2023-06-11,NIMES,NON,6030,12:18,SUD EST,PARIS (intramuros),LANGPA,FRPLY,09:17,FRFNI
9669,2023-06-11,PARIS (intramuros),NON,2407,09:05,EST,MEUSE TGV,PASTRAMULH,FREAJ,07:58,FRPST
9670,2023-06-11,AVIGNON TGV,NON,9830,18:37,NORD,AIX EN PROVENCE TGV,JCNORDSUD,FRAIE,18:16,FRAVG
9671,2023-06-11,LILLE (intramuros),NON,9830,18:56,NORD,MARSEILLE ST CHARLES,JCNORDSUD,FRMSC,14:03,FRLLE
9672,2023-06-11,MARNE LA VALLEE CHESSY,NON,9830,17:00,NORD,LYON (intramuros),JCNORDSUD,FRLPD,15:15,FRMLV
9673,2023-06-11,NIMES,NON,6823,13:30,SUD EST,CARCASSONNE,JCPROVSUD,FRCCF,11:37,FRFNI
9674,2023-06-11,NIMES,NON,6823,12:02,SUD EST,MONTPELLIER SAINT-ROCH,JCPROVSUD,FRMPL,11:37,FRFNI
9675,2023-06-11,LYON (intramuros),NON,6823,11:34,SUD EST,NIMES,JCPROVSUD,FRFNI,10:08,FRLPD
9676,2023-06-11,LYON (intramuros),NON,6823,12:02,SUD EST,MONTPELLIER SAINT-ROCH,JCPROVSUD,FRMPL,10:08,FRLPD
9677,2023-06-11,VALENCE TGV RHONE-ALPES SUD,NON,6823,12:43,SUD EST,BEZIERS,JCPROVSUD,FRBZR,10:49,FRVLA
9678,2023-06-11,VALENCE TGV RHONE-ALPES SUD,NON,6823,13:30,SUD EST,CARCASSONNE,JCPROVSUD,FRCCF,10:49,FRVLA
9679,2023-06-11,QUIMPERLE,OUI,8730,16:11,ATLANTIQUE,AURAY,BRETAPARIS,FRXUY,15:42,FRECO
9680,2023-06-11,LORIENT,NON,8730,19:06,ATLANTIQUE,PARIS (intramuros),BRETAPARIS,FRPMO,15:56,FRLRT
9681,2023-06-11,LORIENT,OUI,8730,16:24,ATLANTIQUE,VANNES,BRETAPARIS,FRVNE,15:56,FRLRT
9682,2023-06-11,ROSPORDEN,OUI,8730,15:53,ATLANTIQUE,LORIENT,BRETAPARIS,FRLRT,15:27,FRRSP
9683,2023-06-11,RENNES,OUI,8083,12:01,ATLANTIQUE,DOL DE BRETAGNE,PARISBRETA,FRDOL,11:30,FRRNS
9684,2023-06-11,LE MANS,NON,8887,21:13,ATLANTIQUE,ANGERS ST LAUD,PARISLOIRE,FRACL,20:36,FRAET
9685,2023-06-11,ST MALO,OUI,8084,13:29,ATLANTIQUE,RENNES,BRETAPARIS,FRRNS,12:42,FRXSB
9686,2023-06-11,KARLSRUHE HBF,NON,9571,10:05,INTERNATIONAL,STUTTGART HBF,PASTUTMUN,DESGT,09:28,DEQKA
9687,2023-06-11,LUCON,NON,3837,22:08,IC SRO,BORDEAUX ST JEAN,NANTEBORDO,FRBOJ,19:00,FRLCN
9688,2023-06-11,LA ROCHELLE VILLE,NON,3837,21:10,IC SRO,JONZAC,NANTEBORDO,FREMR,19:43,FRLRH
9689,2023-06-11,LA ROCHELLE VILLE,NON,3837,20:03,IC SRO,ROCHEFORT,NANTEBORDO,FRRCO,19:43,FRLRH
9690,2023-06-11,LA ROCHE SUR YON,NON,3837,22:08,IC SRO,BORDEAUX ST JEAN,NANTEBORDO,FRBOJ,18:36,FRXRO
9691,2023-06-11,LA ROCHE SUR YON,NON,3837,21:10,IC SRO,JONZAC,NANTEBORDO,FREMR,18:36,FRXRO
9692,2023-06-11,LILLE (intramuros),OUI,5240,18:27,NORD,MARNE LA VALLEE CHESSY,JCNORDAQUI,FRMLV,17:16,FRADJ
9693,2023-06-11,AEROPORT CDG2 TGV ROISSY,NON,5240,21:21,NORD,ANGOULEME,JCNORDAQUI,FRANG,18:18,FRMLW
9694,2023-06-11,AEROPORT CDG2 TGV ROISSY,NON,5240,20:40,NORD,POITIERS,JCNORDAQUI,FRPIS,18:18,FRMLW
9695,2023-06-11,ST PIERRE DES CORPS,NON,5240,22:02,NORD,BORDEAUX ST JEAN,JCNORDAQUI,FRBOJ,20:10,FRXSH
9696,2023-06-11,ST PIERRE DES CORPS,NON,5240,20:40,NORD,POITIERS,JCNORDAQUI,FRPIS,20:10,FRXSH
9697,2023-06-11,PARIS (intramuros),NON,6919,17:13,SUD EST,GRENOBLE,PAGRENOBLE,FRGNB,14:12,FRPLY
9698,2023-06-11,AVIGNON TGV,NON,6852,22:14,SUD EST,LYON (intramuros),JCSUDPROV,FRLPD,20:55,FRAVG
9699,2023-06-11,NICE VILLE,NON,6852,20:52,SUD EST,AVIGNON TGV,JCSUDPROV,FRAVG,17:27,FRNIC
9700,2023-06-11,TOULON,NON,6852,22:14,SUD EST,LYON (intramuros),JCSUDPROV,FRLPD,19:18,FRTLN
9701,2023-06-11,TOULON,NON,6852,21:27,SUD EST,VALENCE TGV RHONE-ALPES SUD,JCSUDPROV,FRVLA,19:18,FRTLN
9702,2023-06-11,VALENCE TGV RHONE-ALPES SUD,NON,6852,22:14,SUD EST,LYON (intramuros),JCSUDPROV,FRLPD,21:30,FRVLA
9703,2023-06-11,ANTIBES,OUI,6852,17:55,SUD EST,CANNES,JCSUDPROV,FRJCA,17:45,FRXAT
9704,2023-06-11,ANTIBES,NON,6852,21:27,SUD EST,VALENCE TGV RHONE-ALPES SUD,JCSUDPROV,FRVLA,17:45,FRXAT
9705,2023-06-11,ANTIBES,OUI,6852,18:21,SUD EST,ST RAPHAEL VALESCURE,JCSUDPROV,FRXSK,17:45,FRXAT
9706,2023-06-11,ST RAPHAEL VALESCURE,NON,6852,20:52,SUD EST,AVIGNON TGV,JCSUDPROV,FRAVG,18:23,FRXSK
9707,2023-06-11,PARIS (intramuros),NON,7295,23:05,NORD,LILLE (intramuros),PAARRAS,FRLLE,21:52,FRPNO
9708,2023-06-11,LYON-SAINT EXUPERY TGV,NON,6195,21:10,SUD EST,MONTELIMAR GARE SNCF,PAVDR,FRXMK,20:11,FRJDQ
9709,2023-06-11,PARIS (intramuros),NON,6195,21:57,SUD EST,AVIGNON CENTRE,PAVDR,FRAES,18:12,FRPLY
9710,2023-06-11,MONTELIMAR GARE SNCF,OUI,6195,22:18,SUD EST,ARLES,PAVDR,FRHZA,21:13,FRXMK
9711,2023-06-11,ORANGE,OUI,6195,22:18,SUD EST,ARLES,PAVDR,FRHZA,21:41,FRXOG
9712,2023-06-11,BASEL SBB,NON,9234,22:42,INTERNATIONAL,PARIS (intramuros),ZURBALPA,FRPLY,19:34,CHAJP
9713,2023-06-11,BORDEAUX ST JEAN,OUI,8473,14:10,ATLANTIQUE,ARCACHON,PASUDOUEST,FRXAC,13:24,FRBOJ
9714,2023-06-11,LILLE (intramuros),NON,7076,20:14,NORD,PARIS (intramuros),LILLEPA,FRPNO,19:12,FRADJ
9715,2023-06-11,MEUSE TGV,NON,2598,19:50,EST,PARIS (intramuros),NANCYPA,FRPST,18:48,FREAJ
9716,2023-06-11,ST DIE DES VOSGES,NON,2598,19:50,EST,PARIS (intramuros),NANCYPA,FRPST,17:11,FRXTD
9717,2023-06-11,PARIS (intramuros),OUI,7025,11:18,NORD,LILLE (intramuros),PALILLE,FRADJ,10:16,FRPNO
9718,2023-06-11,BREST,OUI,8652,22:29,ATLANTIQUE,RENNES,BRETAPARIS,FRRNS,20:19,FRBES
9719,2023-06-11,BREST,OUI,8652,21:35,ATLANTIQUE,ST BRIEUC,BRETAPARIS,FRSBK,20:19,FRBES
9720,2023-06-11,LAVAL,NON,5280,13:49,NORD,MASSY TGV,JCBRETNORD,FRDJU,12:28,FRACR
9721,2023-06-11,LE MANS,NON,5280,13:49,NORD,MASSY TGV,JCBRETNORD,FRDJU,13:00,FRAET
9722,2023-06-11,LE MANS,NON,5280,14:27,NORD,MARNE LA VALLEE CHESSY,JCBRETNORD,FRMLV,13:00,FRAET
9723,2023-06-11,MASSY TGV,NON,5280,14:27,NORD,MARNE LA VALLEE CHESSY,JCBRETNORD,FRMLV,13:55,FRDJU
9724,2023-06-11,MARNE LA VALLEE CHESSY,NON,5280,15:49,NORD,LILLE (intramuros),JCBRETNORD,FRLLE,14:31,FRMLV
9725,2023-06-11,AEROPORT CDG2 TGV ROISSY,OUI,5280,15:49,NORD,LILLE (intramuros),JCBRETNORD,FRLLE,14:58,FRMLW
9726,2023-06-11,QUIMPERLE,OUI,8725,18:25,ATLANTIQUE,ROSPORDEN,PARISBRETA,FRRSP,18:11,FRECO
9727,2023-06-11,LORIENT,OUI,8725,18:09,ATLANTIQUE,QUIMPERLE,PARISBRETA,FRECO,17:58,FRLRT
9728,2023-06-11,VANNES,OUI,8725,17:55,ATLANTIQUE,LORIENT,PARISBRETA,FRLRT,17:27,FRVNE
9729,2023-06-11,VANNES,OUI,8725,18:40,ATLANTIQUE,QUIMPER,PARISBRETA,FRUIP,17:27,FRVNE
9730,2023-06-11,VANNES,OUI,8725,17:37,ATLANTIQUE,AURAY,PARISBRETA,FRXUY,17:27,FRVNE
9731,2023-06-11,BASEL SBB,NON,9223,22:26,INTERNATIONAL,ZUERICH HB,PABALZUR,CHAJD,21:34,CHAJP
9732,2023-06-11,PARIS (intramuros),NON,9223,21:26,INTERNATIONAL,BASEL SBB,PABALZUR,CHAJP,18:20,FRPLY
9733,2023-06-11,PARIS (intramuros),NON,9223,19:57,INTERNATIONAL,DIJON VILLE,PABALZUR,FRABA,18:20,FRPLY
9734,2023-06-11,BORDEAUX ST JEAN,OUI,8432,07:33,ATLANTIQUE,ANGOULEME,SUDOUESTPA,FRANG,06:58,FRBOJ
9735,2023-06-11,BORDEAUX ST JEAN,NON,8432,10:01,ATLANTIQUE,PARIS (intramuros),SUDOUESTPA,FRPMO,06:58,FRBOJ
9736,2023-06-11,BORDEAUX ST JEAN,NON,8432,08:50,ATLANTIQUE,ST PIERRE DES CORPS,SUDOUESTPA,FRXSH,06:58,FRBOJ
9737,2023-06-11,ST PIERRE DES CORPS,OUI,8432,10:01,ATLANTIQUE,PARIS (intramuros),SUDOUESTPA,FRPMO,08:54,FRXSH
9738,2023-06-11,AIX EN PROVENCE TGV,NON,6106,10:35,SUD EST,PARIS (intramuros),PROVENCEPA,FRPLY,07:30,FRAIE
9739,2023-06-11,MEUSE TGV,NON,2540,14:41,EST,PARIS (intramuros),NANCYPA,FRPST,13:32,FREAJ
9740,2023-06-11,AIX EN PROVENCE TGV,NON,9583,14:46,INTERNATIONAL,KARLSRUHE HBF,MRSFRANC,DEQKA,08:25,FRAIE
9741,2023-06-11,AIX EN PROVENCE TGV,NON,9583,09:54,INTERNATIONAL,LYON (intramuros),MRSFRANC,FRLPD,08:25,FRAIE
9742,2023-06-11,AIX EN PROVENCE TGV,NON,9583,12:00,INTERNATIONAL,BESANCON - F COMTE TGV,MRSFRANC,FRTJB,08:25,FRAIE
9743,2023-06-11,AVIGNON TGV,NON,9583,15:59,INTERNATIONAL,FRANKFURT MAIN HBF,MRSFRANC,DEFRH,08:47,FRAVG
9744,2023-06-11,AVIGNON TGV,NON,9583,14:46,INTERNATIONAL,KARLSRUHE HBF,MRSFRANC,DEQKA,08:47,FRAVG
9745,2023-06-11,AVIGNON TGV,NON,9583,14:23,INTERNATIONAL,BADEN BADEN,MRSFRANC,DEZCC,08:47,FRAVG
9746,2023-06-11,LYON (intramuros),NON,9583,11:03,INTERNATIONAL,CHALON SUR SAONE,MRSFRANC,FRXCD,10:04,FRLPD
9747,2023-06-11,MARSEILLE ST CHARLES,NON,9583,15:59,INTERNATIONAL,FRANKFURT MAIN HBF,MRSFRANC,DEFRH,08:11,FRMSC
9748,2023-06-11,MARSEILLE ST CHARLES,NON,9583,08:22,INTERNATIONAL,AIX EN PROVENCE TGV,MRSFRANC,FRAIE,08:11,FRMSC
9749,2023-06-11,MARSEILLE ST CHARLES,NON,9583,11:03,INTERNATIONAL,CHALON SUR SAONE,MRSFRANC,FRXCD,08:11,FRMSC
9750,2023-06-11,BELFORT-MONTBELIARD TGV,NON,9583,14:23,INTERNATIONAL,BADEN BADEN,MRSFRANC,DEZCC,12:27,FRTJA
9751,2023-06-11,BELFORT-MONTBELIARD TGV,NON,9583,12:51,INTERNATIONAL,MULHOUSE VILLE,MRSFRANC,FRAEK,12:27,FRTJA
9752,2023-06-11,BESANCON - F COMTE TGV,NON,9583,12:24,INTERNATIONAL,BELFORT-MONTBELIARD TGV,MRSFRANC,FRTJA,12:03,FRTJB
9753,2023-06-11,CHALON SUR SAONE,NON,9583,14:23,INTERNATIONAL,BADEN BADEN,MRSFRANC,DEZCC,11:06,FRXCD
9754,2023-06-11,CHALON SUR SAONE,NON,9583,13:43,INTERNATIONAL,STRASBOURG,MRSFRANC,FRAEG,11:06,FRXCD
9755,2023-06-11,PARIS (intramuros),NON,8033,19:26,ATLANTIQUE,LAVAL,PARISBRETA,FRACR,18:11,FRPMO
9756,2023-06-11,PARIS (intramuros),NON,8033,19:46,ATLANTIQUE,VITRE,PARISBRETA,FRXVT,18:11,FRPMO
9757,2023-06-11,VITRE,OUI,8033,20:10,ATLANTIQUE,RENNES,PARISBRETA,FRRNS,19:49,FRXVT
9758,2023-06-11,LAVAL,NON,5336,17:15,SUD EST,VALENCE TGV RHONE-ALPES SUD,JCATLSUD,FRVLA,12:58,FRACR
9759,2023-06-11,LE MANS,NON,5336,16:29,SUD EST,LYON (intramuros),JCATLSUD,FRLPD,13:30,FRAET
9760,2023-06-11,LE MANS,NON,5336,17:15,SUD EST,VALENCE TGV RHONE-ALPES SUD,JCATLSUD,FRVLA,13:30,FRAET
9761,2023-06-11,RENNES,NON,5336,14:20,SUD EST,MASSY TGV,JCATLSUD,FRDJU,12:30,FRRNS
9762,2023-06-11,RENNES,NON,5336,16:29,SUD EST,LYON (intramuros),JCATLSUD,FRLPD,12:30,FRRNS
9763,2023-06-11,MASSY TGV,NON,5336,18:36,SUD EST,MONTPELLIER SUD DE FRANCE,JCATLSUD,FRSUF,14:26,FRDJU
9764,2023-06-11,LYON (intramuros),NON,5336,17:54,SUD EST,NIMES PONT DU GARD,JCATLSUD,FRXZP,16:37,FRLPD
9765,2023-06-11,LE MANS,NON,5336,17:54,SUD EST,NIMES PONT DU GARD,JCATLSUD,FRXZP,13:30,FRAET
9766,2023-06-11,NIMES PONT DU GARD,OUI,5336,18:36,SUD EST,MONTPELLIER SUD DE FRANCE,JCATLSUD,FRSUF,17:57,FRXZP
9767,2023-06-11,LAVAL,NON,5336,18:36,SUD EST,MONTPELLIER SUD DE FRANCE,JCATLSUD,FRSUF,12:58,FRACR
9768,2023-06-11,LAVAL,NON,5336,17:54,SUD EST,NIMES PONT DU GARD,JCATLSUD,FRXZP,12:58,FRACR
9769,2023-06-11,METZ VILLE,NON,2226,20:29,EST,CHAMPAGNE-ARDENNE,LUXMETZPA,FREAH,19:42,FRADE
9770,2023-06-11,PARIS (intramuros),NON,9775,18:14,INTERNATIONAL,LAUSANNE,PAGENEVE,CHAJF,14:16,FRPLY
9771,2023-06-11,PARIS (intramuros),NON,9775,17:00,INTERNATIONAL,BELLEGARDE,PAGENEVE,FRXBF,14:16,FRPLY
9772,2023-06-11,BOURG EN BRESSE,NON,9775,17:00,INTERNATIONAL,BELLEGARDE,PAGENEVE,FRXBF,16:12,FRXBK
9773,2023-06-11,THIONVILLE,OUI,2870,14:53,EST,METZ VILLE,LUXMETZPA,FRADE,14:34,FRXTH
9774,2023-06-11,LAVAL,NON,8623,16:25,ATLANTIQUE,RENNES,PARISBRETA,FRRNS,16:00,FRACR
9775,2023-06-11,PARIS (intramuros),NON,8623,16:25,ATLANTIQUE,RENNES,PARISBRETA,FRRNS,14:41,FRPMO
9776,2023-06-11,ST BRIEUC,NON,8623,18:37,ATLANTIQUE,BREST,PARISBRETA,FRBES,17:19,FRSBK
9777,2023-06-11,AGEN,NON,4760,17:32,IC ARO,BORDEAUX ST JEAN,TJOURSESO,FRBOJ,16:27,FRAGF
9778,2023-06-11,CARCASSONNE,NON,4760,15:12,IC ARO,TOULOUSE MATABIAU,TJOURSESO,FRXYT,14:30,FRCCF
9779,2023-06-11,NIMES,NON,4760,16:25,IC ARO,AGEN,TJOURSESO,FRAGF,12:40,FRFNI
9780,2023-06-11,NIMES,NON,4760,14:28,IC ARO,CARCASSONNE,TJOURSESO,FRCCF,12:40,FRFNI
9781,2023-06-11,NIMES,NON,4760,15:48,IC ARO,MONTAUBAN VILLE BOURBON,TJOURSESO,FRXMW,12:40,FRFNI
9782,2023-06-11,ARLES,NON,4760,13:21,IC ARO,SETE,TJOURSESO,FRXSY,12:10,FRHZA
9783,2023-06-11,MARSEILLE ST CHARLES,OUI,4760,12:37,IC ARO,NIMES,TJOURSESO,FRFNI,11:24,FRMSC
9784,2023-06-11,MARSEILLE ST CHARLES,OUI,4760,12:08,IC ARO,ARLES,TJOURSESO,FRHZA,11:24,FRMSC
9785,2023-06-11,MARSEILLE ST CHARLES,OUI,4760,13:04,IC ARO,MONTPELLIER SAINT-ROCH,TJOURSESO,FRMPL,11:24,FRMSC
9786,2023-06-11,MARSEILLE ST CHARLES,NON,4760,15:48,IC ARO,MONTAUBAN VILLE BOURBON,TJOURSESO,FRXMW,11:24,FRMSC
9787,2023-06-11,NARBONNE,NON,4760,14:28,IC ARO,CARCASSONNE,TJOURSESO,FRCCF,14:00,FRXNA
9788,2023-06-11,SETE,NON,4760,14:28,IC ARO,CARCASSONNE,TJOURSESO,FRCCF,13:23,FRXSY
9789,2023-06-11,SETE,NON,4760,15:48,IC ARO,MONTAUBAN VILLE BOURBON,TJOURSESO,FRXMW,13:23,FRXSY
9790,2023-06-11,BETHUNE,NON,7342,21:08,NORD,PARIS (intramuros),ARRASPA,FRPNO,19:43,FRXBH
9791,2023-06-11,LIMOGES BENEDICTINS,OUI,3685,00:03,IC ARO,BRIVE LA GAILLARDE,PALITO,FRBVE,23:02,FRAGQ
9792,2023-06-11,CHATEAUROUX,NON,3685,00:03,IC ARO,BRIVE LA GAILLARDE,PALITO,FRBVE,21:43,FRCHR
9793,2023-06-11,CHATEAUROUX,NON,3685,22:23,IC ARO,LA SOUTERRAINE,PALITO,FRLST,21:43,FRCHR
9794,2023-06-11,VIERZON VILLE,NON,3685,00:03,IC ARO,BRIVE LA GAILLARDE,PALITO,FRBVE,21:10,FRXVZ
9795,2023-06-11,VIERZON VILLE,NON,3685,21:41,IC ARO,CHATEAUROUX,PALITO,FRCHR,21:10,FRXVZ
9796,2023-06-11,VIERZON VILLE,NON,3685,21:58,IC ARO,ARGENTON SUR CREUSE,PALITO,FRFMT,21:10,FRXVZ
9797,2023-06-11,VIERZON VILLE,NON,3685,22:23,IC ARO,LA SOUTERRAINE,PALITO,FRLST,21:10,FRXVZ
9798,2023-06-11,PARIS (intramuros),OUI,8005,11:25,ATLANTIQUE,RENNES,PARISBRETA,FRRNS,09:54,FRPMO
9799,2023-06-11,PARIS (intramuros),OUI,2785,20:32,EST,CHALONS EN CHAMPAGNE,PABARSED,FRXCR,19:28,FRPST
9800,2023-06-11,LES AUBRAIS ORLEANS,OUI,3737,09:44,IC NUIT,ELNE,PARPALOMBE,FRIOG,22:49,FRLAB
9801,2023-06-11,PARIS (intramuros),OUI,3737,09:52,IC NUIT,ARGELES SUR MER,PARPALOMBE,FRARM,21:41,FRPAZ
9802,2023-06-11,ANGOULEME,OUI,8495,23:16,ATLANTIQUE,LIBOURNE,PASUDOUEST,FRXLR,22:37,FRANG
9803,2023-06-11,PARIS (intramuros),NON,8495,21:45,ATLANTIQUE,POITIERS,PASUDOUEST,FRPIS,20:24,FRPMO
9804,2023-06-11,PARIS (intramuros),NON,8495,23:16,ATLANTIQUE,LIBOURNE,PASUDOUEST,FRXLR,20:24,FRPMO
9805,2023-06-11,PAU,NON,14140,08:52,IC SRO,TARBES,SUDOUEST,FRXTB,08:11,FRAEE
9806,2023-06-11,BAYONNE,NON,14140,09:35,IC SRO,ST GAUDENS,SUDOUEST,FRFPH,07:00,FRXBY
9807,2023-06-11,BAYONNE,NON,14140,08:36,IC SRO,LOURDES,SUDOUEST,FRLDE,07:00,FRXBY
9808,2023-06-11,BAYONNE,NON,14140,10:33,IC SRO,TOULOUSE MATABIAU,SUDOUEST,FRXYT,07:00,FRXBY
9809,2023-06-11,LYON (intramuros),NON,5192,19:14,NORD,DOUAI,JCSUDNORD,FRXDN,16:00,FRLPD
9810,2023-06-11,MARNE LA VALLEE CHESSY,NON,5192,19:14,NORD,DOUAI,JCSUDNORD,FRXDN,17:51,FRMLV
9811,2023-06-11,AEROPORT CDG2 TGV ROISSY,OUI,5192,18:56,NORD,ARRAS,JCSUDNORD,FRQRV,18:07,FRMLW
9812,2023-06-11,ARRAS,OUI,5192,19:14,NORD,DOUAI,JCSUDNORD,FRXDN,18:59,FRQRV
9813,2023-06-11,DOUAI,OUI,5192,19:44,NORD,LILLE (intramuros),JCSUDNORD,FRADJ,19:19,FRXDN
9814,2023-06-11,ANGERS ST LAUD,NON,8926,19:28,ATLANTIQUE,LE MANS,LOIREPARIS,FRAET,18:44,FRACL
9815,2023-06-11,SABLE SUR SARTHE,NON,8926,20:29,ATLANTIQUE,PARIS (intramuros),LOIREPARIS,FRPMO,19:07,FRSAB
9816,2023-06-11,DIJON VILLE,NON,2203,09:54,EST,CHALON SUR SAONE,JCRHINRHON,FRXCD,09:21,FRABA
9817,2023-06-11,STRASBOURG,NON,2203,12:24,EST,NIMES,JCRHINRHON,FRFNI,06:47,FRAEG
9818,2023-06-11,STRASBOURG,NON,2203,08:14,EST,BELFORT-MONTBELIARD TGV,JCRHINRHON,FRTJA,06:47,FRAEG
9819,2023-06-11,STRASBOURG,NON,2203,08:38,EST,BESANCON - F COMTE TGV,JCRHINRHON,FRTJB,06:47,FRAEG
9820,2023-06-11,COLMAR,NON,2203,12:24,EST,NIMES,JCRHINRHON,FRFNI,07:16,FRAEJ
9821,2023-06-11,COLMAR,NON,2203,08:38,EST,BESANCON - F COMTE TGV,JCRHINRHON,FRTJB,07:16,FRAEJ
9822,2023-06-11,MULHOUSE VILLE,NON,2203,10:56,EST,LYON (intramuros),JCRHINRHON,FRLPD,07:52,FRAEK
9823,2023-06-11,BELFORT-MONTBELIARD TGV,NON,2203,12:55,EST,MONTPELLIER SAINT-ROCH,JCRHINRHON,FRMPL,08:17,FRTJA
9824,2023-06-11,BELFORT-MONTBELIARD TGV,NON,2203,08:38,EST,BESANCON - F COMTE TGV,JCRHINRHON,FRTJB,08:17,FRTJA
9825,2023-06-11,BELFORT-MONTBELIARD TGV,NON,2203,09:54,EST,CHALON SUR SAONE,JCRHINRHON,FRXCD,08:17,FRTJA
9826,2023-06-11,BESANCON - F COMTE TGV,NON,2203,10:56,EST,LYON (intramuros),JCRHINRHON,FRLPD,08:41,FRTJB
9827,2023-06-11,CHALON SUR SAONE,NON,2203,12:55,EST,MONTPELLIER SAINT-ROCH,JCRHINRHON,FRMPL,09:56,FRXCD
9828,2023-06-11,LYON (intramuros),NON,5186,22:31,NORD,AEROPORT CDG2 TGV ROISSY,JCSUDNORD,FRMLW,20:16,FRLPE
9829,2023-06-11,MARNE LA VALLEE CHESSY,NON,5186,23:26,NORD,LILLE (intramuros),JCSUDNORD,FRLLE,22:21,FRMLV
9830,2023-06-11,MARNE LA VALLEE CHESSY,NON,5186,22:31,NORD,AEROPORT CDG2 TGV ROISSY,JCSUDNORD,FRMLW,22:21,FRMLV
9831,2023-06-11,PARIS (intramuros),NON,6621,18:03,SUD EST,LYON (intramuros),PARISRHONE,FRLPD,15:50,FRPLY
9832,2023-06-11,PARIS (intramuros),NON,6621,17:29,SUD EST,MACON LOCHE TGV,PARISRHONE,FRMLT,15:50,FRPLY
9833,2023-06-11,BEZIERS,NON,6034,17:18,SUD EST,PARIS (intramuros),LANGPA,FRPLY,12:58,FRBZR
9834,2023-06-11,PERPIGNAN,OUI,6034,14:13,SUD EST,NIMES,LANGPA,FRFNI,12:04,FRPGF
9835,2023-06-11,NARBONNE,OUI,6034,12:55,SUD EST,BEZIERS,LANGPA,FRBZR,12:41,FRXNA
9836,2023-06-11,NARBONNE,OUI,6034,13:25,SUD EST,SETE,LANGPA,FRXSY,12:41,FRXNA
9837,2023-06-11,SETE,NON,6034,15:01,SUD EST,VALENCE TGV RHONE-ALPES SUD,LANGPA,FRVLA,13:28,FRXSY
9838,2023-06-11,PARIS (intramuros),NON,7277,18:51,NORD,DUNKERQUE,PAARRAS,FRADI,16:52,FRPNO
9839,2023-06-11,PARIS (intramuros),NON,7277,17:40,NORD,ARRAS,PAARRAS,FRQRV,16:52,FRPNO
9840,2023-06-11,UZERCHE,OUI,3638,10:45,IC ARO,LA SOUTERRAINE,TOULOUZECO,FRLST,09:33,FRAAW
9841,2023-06-11,UZERCHE,NON,3638,13:34,IC ARO,PARIS (intramuros),TOULOUZECO,FRPAZ,09:33,FRAAW
9842,2023-06-11,LIMOGES BENEDICTINS,OUI,3638,10:45,IC ARO,LA SOUTERRAINE,TOULOUZECO,FRLST,10:13,FRAGQ
9843,2023-06-11,CHATEAUROUX,NON,3638,13:34,IC ARO,PARIS (intramuros),TOULOUZECO,FRPAZ,11:24,FRCHR
9844,2023-06-11,CHATEAUROUX,NON,3638,12:02,IC ARO,VIERZON VILLE,TOULOUZECO,FRXVZ,11:24,FRCHR
9845,2023-06-11,ISSOUDUN,NON,3638,13:34,IC ARO,PARIS (intramuros),TOULOUZECO,FRPAZ,11:40,FRFMN
9846,2023-06-11,GOURDON,OUI,3638,09:05,IC ARO,BRIVE LA GAILLARDE,TOULOUZECO,FRBVE,08:24,FRFSI
9847,2023-06-11,GOURDON,NON,3638,13:34,IC ARO,PARIS (intramuros),TOULOUZECO,FRPAZ,08:24,FRFSI
9848,2023-06-11,LA SOUTERRAINE,OUI,3638,11:22,IC ARO,CHATEAUROUX,TOULOUZECO,FRCHR,10:47,FRLST
9849,2023-06-11,SOUILLAC,OUI,3638,10:10,IC ARO,LIMOGES BENEDICTINS,TOULOUZECO,FRAGQ,08:41,FRSOU
9850,2023-06-11,CAHORS,OUI,3638,09:05,IC ARO,BRIVE LA GAILLARDE,TOULOUZECO,FRBVE,07:57,FRZAO
9851,2023-06-11,LE MANS,NON,5460,18:23,EST,MARNE LA VALLEE CHESSY,JCATLEST,FRMLV,16:57,FRAET
9852,2023-06-11,MASSY TGV,NON,5460,18:37,EST,AEROPORT CDG2 TGV ROISSY,JCATLEST,FRMLW,17:54,FRDJU
9853,2023-06-11,CHAMPAGNE-ARDENNE,NON,5460,20:25,EST,LORRAINE TGV,JCATLEST,FREAM,19:35,FREAH
9854,2023-06-11,MARNE LA VALLEE CHESSY,NON,5460,20:25,EST,LORRAINE TGV,JCATLEST,FREAM,18:28,FRMLV
9855,2023-06-11,AEROPORT CDG2 TGV ROISSY,NON,5460,19:29,EST,CHAMPAGNE-ARDENNE,JCATLEST,FREAH,18:53,FRMLW
9856,2023-06-11,AEROPORT CDG2 TGV ROISSY,NON,5460,20:25,EST,LORRAINE TGV,JCATLEST,FREAM,18:53,FRMLW
9857,2023-06-11,RENNES,NON,5460,16:51,EST,LE MANS,JCATLEST,FRAET,16:03,FRRNS
9858,2023-06-11,RENNES,NON,5460,18:37,EST,AEROPORT CDG2 TGV ROISSY,JCATLEST,FRMLW,16:03,FRRNS
9859,2023-06-11,RENNES,NON,5460,20:00,EST,MEUSE TGV,JCATLEST,FREAJ,16:03,FRRNS
9860,2023-06-11,LES SABLES D'OLONNE,NON,8984,19:14,ATLANTIQUE,PARIS (intramuros),LOIREPARIS,FRPMO,15:44,FRLSO
9861,2023-06-11,ANGERS ST LAUD,NON,4402,07:30,IC SRO,SAUMUR,JOURNTELYN,FRACN,07:10,FRACL
9862,2023-06-11,ANGERS ST LAUD,NON,4402,09:43,IC SRO,BOURGES,JOURNTELYN,FRBOU,07:10,FRACL
9863,2023-06-11,ANGERS ST LAUD,NON,4402,13:22,IC SRO,LYON (intramuros),JOURNTELYN,FRLPE,07:10,FRACL
9864,2023-06-11,BOURGES,NON,4402,12:04,IC SRO,ROANNE,JOURNTELYN,FRRNE,09:45,FRBOU
9865,2023-06-11,LYON (intramuros),NON,4402,13:22,IC SRO,LYON (intramuros),JOURNTELYN,FRLPE,13:14,FRLPD
9866,2023-06-11,NANTES,NON,4402,11:25,IC SRO,ST GERMAIN DES FOSSES,JOURNTELYN,FRSGF,06:26,FRNTE
9867,2023-06-11,NANTES,NON,4402,08:05,IC SRO,ST PIERRE DES CORPS,JOURNTELYN,FRXSH,06:26,FRNTE
9868,2023-06-11,ST GERMAIN DES FOSSES,NON,4402,12:04,IC SRO,ROANNE,JOURNTELYN,FRRNE,11:27,FRSGF
9869,2023-06-11,MOULINS SUR ALLIER,NON,4402,12:04,IC SRO,ROANNE,JOURNTELYN,FRRNE,11:02,FRXMU
9870,2023-06-11,MOULINS SUR ALLIER,NON,4402,11:25,IC SRO,ST GERMAIN DES FOSSES,JOURNTELYN,FRSGF,11:02,FRXMU
9871,2023-06-11,ST PIERRE DES CORPS,NON,4402,11:00,IC SRO,MOULINS SUR ALLIER,JOURNTELYN,FRXMU,08:08,FRXSH
9872,2023-06-11,VIERZON VILLE,NON,4402,11:00,IC SRO,MOULINS SUR ALLIER,JOURNTELYN,FRXMU,09:20,FRXVZ
9873,2023-06-11,LYON (intramuros),NON,6805,10:03,SUD EST,MARSEILLE ST CHARLES,JCPROVSUD,FRMSC,08:06,FRLPD
9874,2023-06-11,LYON (intramuros),NON,6805,12:58,SUD EST,NICE VILLE,JCPROVSUD,FRNIC,08:06,FRLPD
9875,2023-06-11,TOULON,OUI,6805,12:02,SUD EST,ST RAPHAEL VALESCURE,JCPROVSUD,FRXSK,11:11,FRTLN
9876,2023-06-11,VALENCE TGV RHONE-ALPES SUD,NON,6805,11:06,SUD EST,TOULON,JCPROVSUD,FRTLN,08:53,FRVLA
9877,2023-06-11,PARIS (intramuros),NON,7469,19:48,NORD,LILLE (intramuros),PALILLE,FRADJ,18:46,FRPNO
9878,2023-06-11,NEVERS,OUI,5979,21:35,IC ARO,CLERMONT FERRAND,PACLERMONT,FRCFE,19:59,FRNVS
9879,2023-06-11,NEVERS,OUI,5979,21:23,IC ARO,RIOM CHATEL GUYON,PACLERMONT,FRRIO,19:59,FRNVS
9880,2023-06-11,NEVERS,OUI,5979,20:28,IC ARO,MOULINS SUR ALLIER,PACLERMONT,FRXMU,19:59,FRNVS
9881,2023-06-11,VICHY,OUI,5979,21:23,IC ARO,RIOM CHATEL GUYON,PACLERMONT,FRRIO,21:03,FRVHY
9882,2023-06-11,MARNE LA VALLEE CHESSY,NON,5020,18:30,NORD,LYON (intramuros),JCNORDSUD,FRLPD,16:41,FRMLV
9883,2023-06-11,AEROPORT CDG2 TGV ROISSY,OUI,5020,16:36,NORD,MARNE LA VALLEE CHESSY,JCNORDSUD,FRMLV,16:27,FRMLW
9884,2023-06-11,VALENCE TGV RHONE-ALPES SUD,NON,6035,21:11,SUD EST,MONTPELLIER SAINT-ROCH,PALANG,FRMPL,19:56,FRVLA
9885,2023-06-11,ANGERS ST LAUD,NON,4406,21:18,IC SRO,LYON (intramuros),JOURNTELYN,FRLPD,15:28,FRACL
9886,2023-06-11,ANGERS ST LAUD,NON,4406,19:34,IC SRO,ST GERMAIN DES FOSSES,JOURNTELYN,FRSGF,15:28,FRACL
9887,2023-06-11,ANGERS ST LAUD,NON,4406,19:09,IC SRO,MOULINS SUR ALLIER,JOURNTELYN,FRXMU,15:28,FRACL
9888,2023-06-11,ANGERS ST LAUD,NON,4406,16:31,IC SRO,ST PIERRE DES CORPS,JOURNTELYN,FRXSH,15:28,FRACL
9889,2023-06-11,SAUMUR,NON,4406,17:57,IC SRO,BOURGES,JOURNTELYN,FRBOU,15:53,FRACN
9890,2023-06-11,SAUMUR,NON,4406,17:38,IC SRO,VIERZON VILLE,JOURNTELYN,FRXVZ,15:53,FRACN
9891,2023-06-11,NANTES,NON,4406,15:26,IC SRO,ANGERS ST LAUD,JOURNTELYN,FRACL,14:47,FRNTE
9892,2023-06-11,NANTES,NON,4406,21:18,IC SRO,LYON (intramuros),JOURNTELYN,FRLPD,14:47,FRNTE
9893,2023-06-11,NEVERS,NON,4406,19:34,IC SRO,ST GERMAIN DES FOSSES,JOURNTELYN,FRSGF,18:42,FRNVS
9894,2023-06-11,NEVERS,NON,4406,19:09,IC SRO,MOULINS SUR ALLIER,JOURNTELYN,FRXMU,18:42,FRNVS
9895,2023-06-11,MOULINS SUR ALLIER,NON,4406,20:13,IC SRO,ROANNE,JOURNTELYN,FRRNE,19:11,FRXMU
9896,2023-06-11,MOULINS SUR ALLIER,NON,4406,19:34,IC SRO,ST GERMAIN DES FOSSES,JOURNTELYN,FRSGF,19:11,FRXMU
9897,2023-06-11,ST PIERRE DES CORPS,NON,4406,19:34,IC SRO,ST GERMAIN DES FOSSES,JOURNTELYN,FRSGF,16:34,FRXSH
9898,2023-06-11,VIERZON VILLE,NON,4406,19:09,IC SRO,MOULINS SUR ALLIER,JOURNTELYN,FRXMU,17:40,FRXVZ
9899,2023-06-11,ANNEMASSE,NON,6506,21:22,SUD EST,PARIS (intramuros),ALPESPARIS,FRPLY,17:34,FRQNJ
9900,2023-06-11,EVIAN LES BAINS,NON,6506,16:55,SUD EST,THONON LES BAINS,ALPESPARIS,FRXTS,16:45,FRXEB
9901,2023-06-11,THONON LES BAINS,NON,6506,21:22,SUD EST,PARIS (intramuros),ALPESPARIS,FRPLY,16:58,FRXTS
9902,2023-06-11,BORDEAUX ST JEAN,OUI,12213,22:22,ATLANTIQUE,AGEN,PASUDOUEST,FRAGF,21:20,FRBOJ
9903,2023-06-11,PARIS (intramuros),NON,12213,23:36,ATLANTIQUE,TOULOUSE MATABIAU,PASUDOUEST,FRXYT,19:08,FRPMO
9904,2023-06-11,MONTAUBAN VILLE BOURBON,OUI,12213,23:36,ATLANTIQUE,TOULOUSE MATABIAU,PASUDOUEST,FRXYT,23:05,FRXMW
9905,2023-06-11,ANGERS ST LAUD,NON,8824,21:12,ATLANTIQUE,PARIS (intramuros),LOIREPARIS,FRPMO,19:44,FRACL
9906,2023-06-11,NANTES,NON,8824,21:12,ATLANTIQUE,PARIS (intramuros),LOIREPARIS,FRPMO,18:57,FRNTE
9907,2023-06-11,BOULOGNE VILLE,NON,7544,22:08,NORD,PARIS (intramuros),ARRASPA,FRPNO,19:31,FRAEB
9908,2023-06-11,ARRAS,NON,7544,22:08,NORD,PARIS (intramuros),ARRASPA,FRPNO,21:18,FRQRV
9909,2023-06-11,LAVAL,NON,8641,21:38,ATLANTIQUE,GUINGAMP,PARISBRETA,FRGGP,19:58,FRACR
9910,2023-06-11,LAVAL,NON,8641,21:53,ATLANTIQUE,PLOUARET TREGOR,PARISBRETA,FRPLT,19:58,FRACR
9911,2023-06-11,LAVAL,NON,8641,20:25,ATLANTIQUE,RENNES,PARISBRETA,FRRNS,19:58,FRACR
9912,2023-06-11,GUINGAMP,OUI,8641,22:51,ATLANTIQUE,BREST,PARISBRETA,FRBES,21:40,FRGGP
9913,2023-06-11,GUINGAMP,OUI,8641,21:53,ATLANTIQUE,PLOUARET TREGOR,PARISBRETA,FRPLT,21:40,FRGGP
9914,2023-06-11,LAMBALLE,OUI,8641,21:53,ATLANTIQUE,PLOUARET TREGOR,PARISBRETA,FRPLT,21:11,FRLAM
9915,2023-06-11,PARIS (intramuros),NON,8641,21:08,ATLANTIQUE,LAMBALLE,PARISBRETA,FRLAM,18:40,FRPMO
9916,2023-06-11,RENNES,OUI,8641,22:51,ATLANTIQUE,BREST,PARISBRETA,FRBES,20:32,FRRNS
9917,2023-06-11,RENNES,OUI,8641,21:08,ATLANTIQUE,LAMBALLE,PARISBRETA,FRLAM,20:32,FRRNS
9918,2023-06-11,ST BRIEUC,OUI,8641,21:38,ATLANTIQUE,GUINGAMP,PARISBRETA,FRGGP,21:24,FRSBK
9919,2023-06-11,ST BRIEUC,OUI,8641,22:36,ATLANTIQUE,LANDERNEAU,PARISBRETA,FRXLD,21:24,FRSBK
9920,2023-06-11,LANDERNEAU,OUI,8641,22:51,ATLANTIQUE,BREST,PARISBRETA,FRBES,22:39,FRXLD
9921,2023-06-11,DIJON VILLE,NON,2242,15:54,EST,STRASBOURG,JCRHONRHIN,FRAEG,13:37,FRABA
9922,2023-06-11,MULHOUSE VILLE,NON,2242,15:24,EST,COLMAR,JCRHONRHIN,FRAEJ,15:06,FRAEK
9923,2023-06-11,AIX EN PROVENCE TGV,NON,2242,12:09,EST,MACON VILLE,JCRHONRHIN,FRHGU,09:58,FRAIE
9924,2023-06-11,AIX EN PROVENCE TGV,NON,2242,14:06,EST,BESANCON - F COMTE TGV,JCRHONRHIN,FRTJB,09:58,FRAIE
9925,2023-06-11,AIX EN PROVENCE TGV,NON,2242,13:03,EST,BEAUNE,JCRHONRHIN,FRXBV,09:58,FRAIE
9926,2023-06-11,AVIGNON TGV,NON,2242,11:26,EST,LYON (intramuros),JCRHONRHIN,FRLPD,10:20,FRAVG
9927,2023-06-11,AVIGNON TGV,NON,2242,14:30,EST,BELFORT-MONTBELIARD TGV,JCRHONRHIN,FRTJA,10:20,FRAVG
9928,2023-06-11,AVIGNON TGV,NON,2242,14:06,EST,BESANCON - F COMTE TGV,JCRHONRHIN,FRTJB,10:20,FRAVG
9929,2023-06-11,MACON VILLE,NON,2242,15:54,EST,STRASBOURG,JCRHONRHIN,FRAEG,12:12,FRHGU
9930,2023-06-11,MACON VILLE,NON,2242,14:55,EST,MULHOUSE VILLE,JCRHONRHIN,FRAEK,12:12,FRHGU
9931,2023-06-11,CANNES,OUI,2242,07:52,EST,ST RAPHAEL VALESCURE,JCRHONRHIN,FRXSK,07:30,FRJCA
9932,2023-06-11,LYON (intramuros),NON,2242,12:41,EST,CHALON SUR SAONE,JCRHONRHIN,FRXCD,11:32,FRLPD
9933,2023-06-11,MARSEILLE ST CHARLES,NON,2242,14:55,EST,MULHOUSE VILLE,JCRHONRHIN,FRAEK,09:45,FRMSC
9934,2023-06-11,MARSEILLE ST CHARLES,NON,2242,10:17,EST,AVIGNON TGV,JCRHONRHIN,FRAVG,09:45,FRMSC
9935,2023-06-11,MARSEILLE ST CHARLES,NON,2242,14:06,EST,BESANCON - F COMTE TGV,JCRHONRHIN,FRTJB,09:45,FRMSC
9936,2023-06-11,NICE VILLE,NON,2242,12:09,EST,MACON VILLE,JCRHONRHIN,FRHGU,07:00,FRNIC
9937,2023-06-11,NICE VILLE,OUI,2242,07:26,EST,CANNES,JCRHONRHIN,FRJCA,07:00,FRNIC
9938,2023-06-11,NICE VILLE,OUI,2242,09:33,EST,MARSEILLE ST CHARLES,JCRHONRHIN,FRMSC,07:00,FRNIC
9939,2023-06-11,BELFORT-MONTBELIARD TGV,NON,2242,15:54,EST,STRASBOURG,JCRHONRHIN,FRAEG,14:33,FRTJA
9940,2023-06-11,BESANCON - F COMTE TGV,NON,2242,14:30,EST,BELFORT-MONTBELIARD TGV,JCRHONRHIN,FRTJA,14:09,FRTJB
9941,2023-06-11,TOULON,NON,2242,12:09,EST,MACON VILLE,JCRHONRHIN,FRHGU,08:50,FRTLN
9942,2023-06-11,TOULON,NON,2242,11:26,EST,LYON (intramuros),JCRHONRHIN,FRLPD,08:50,FRTLN
9943,2023-06-11,ANTIBES,NON,2242,13:25,EST,DIJON VILLE,JCRHONRHIN,FRABA,07:16,FRXAT
9944,2023-06-11,ANTIBES,NON,2242,10:17,EST,AVIGNON TGV,JCRHONRHIN,FRAVG,07:16,FRXAT
9945,2023-06-11,ANTIBES,OUI,2242,08:46,EST,TOULON,JCRHONRHIN,FRTLN,07:16,FRXAT
9946,2023-06-11,CHALON SUR SAONE,NON,2242,14:06,EST,BESANCON - F COMTE TGV,JCRHONRHIN,FRTJB,12:44,FRXCD
9947,2023-06-11,LES ARCS DRAGUIGNAN,NON,2242,14:55,EST,MULHOUSE VILLE,JCRHONRHIN,FRAEK,08:12,FRXRS
9948,2023-06-11,ST RAPHAEL VALESCURE,NON,2242,09:55,EST,AIX EN PROVENCE TGV,JCRHONRHIN,FRAIE,07:55,FRXSK
9949,2023-06-11,ST RAPHAEL VALESCURE,NON,2242,12:09,EST,MACON VILLE,JCRHONRHIN,FRHGU,07:55,FRXSK
9950,2023-06-11,ST RAPHAEL VALESCURE,NON,2242,14:30,EST,BELFORT-MONTBELIARD TGV,JCRHONRHIN,FRTJA,07:55,FRXSK
9951,2023-06-11,CHAMPAGNE-ARDENNE,NON,2571,13:59,EST,NANCY,PANANCY,FRENC,13:05,FREAH
9952,2023-06-11,EPINAL,OUI,2571,15:12,EST,REMIREMONT,PANANCY,FRRNT,14:51,FREPL
9953,2023-06-11,CHAMPAGNE-ARDENNE,NON,2571,15:12,EST,REMIREMONT,PANANCY,FRRNT,13:05,FREAH
9954,2023-06-11,MEUSE TGV,NON,2583,23:17,EST,STRASBOURG,PANANCY,FRAEG,21:09,FREAJ
9955,2023-06-11,LUNEVILLE,OUI,2583,22:33,EST,SARREBOURG,PANANCY,FRSBG,22:11,FRLNE
9956,2023-06-11,LUNEVILLE,OUI,2583,22:51,EST,SAVERNE,PANANCY,FRSNE,22:11,FRLNE
9957,2023-06-11,PARIS (intramuros),NON,2583,22:33,EST,SARREBOURG,PANANCY,FRSBG,20:07,FRPST
9958,2023-06-11,SARREBOURG,OUI,2583,23:17,EST,STRASBOURG,PANANCY,FRAEG,22:36,FRSBG
9959,2023-06-11,COLMAR,OUI,2352,08:09,EST,STRASBOURG,MULHSTRAPA,FRAEG,07:37,FRAEJ
9960,2023-06-11,COLMAR,NON,2352,10:05,EST,PARIS (intramuros),MULHSTRAPA,FRPST,07:37,FRAEJ
9961,2023-06-11,SELESTAT,NON,2352,10:05,EST,PARIS (intramuros),MULHSTRAPA,FRPST,07:50,FRXSQ
9962,2023-06-11,TOULOUSE MATABIAU,NON,8512,15:20,ATLANTIQUE,ANGOULEME,SUDOUESTPA,FRANG,12:27,FRXYT
9963,2023-06-11,NANCY,NON,2542,16:01,EST,PARIS (intramuros),NANCYPA,FRPST,14:30,FRENC
9964,2023-06-11,LAVAL,NON,8707,12:00,ATLANTIQUE,LORIENT,PARISBRETA,FRLRT,09:58,FRACR
9965,2023-06-11,LAVAL,NON,8707,12:38,ATLANTIQUE,QUIMPER,PARISBRETA,FRUIP,09:58,FRACR
9966,2023-06-11,LAVAL,NON,8707,11:29,ATLANTIQUE,VANNES,PARISBRETA,FRVNE,09:58,FRACR
9967,2023-06-11,PARIS (intramuros),OUI,8707,09:55,ATLANTIQUE,LAVAL,PARISBRETA,FRACR,08:40,FRPMO
9968,2023-06-11,PARIS (intramuros),NON,8707,12:00,ATLANTIQUE,LORIENT,PARISBRETA,FRLRT,08:40,FRPMO
9969,2023-06-11,REDON,NON,8707,12:38,ATLANTIQUE,QUIMPER,PARISBRETA,FRUIP,11:06,FRXRN
9970,2023-06-11,QUIMPER,NON,8720,13:25,ATLANTIQUE,RENNES,BRETAPARIS,FRRNS,11:27,FRUIP
9971,2023-06-11,VANNES,NON,8720,15:06,ATLANTIQUE,PARIS (intramuros),BRETAPARIS,FRPMO,12:28,FRVNE
9972,2023-06-11,CLERMONT FERRAND,OUI,5990,20:04,IC ARO,VICHY,CLERMONTPA,FRVHY,19:31,FRCFE
9973,2023-06-11,LILLE (intramuros),NON,9810,08:23,NORD,AEROPORT CDG2 TGV ROISSY,JCNORDSUD,FRMLW,07:24,FRLLE
9974,2023-06-11,LILLE (intramuros),NON,9810,07:51,NORD,TGV HAUTE PICARDIE,JCNORDSUD,FRTHP,07:24,FRLLE
9975,2023-06-11,LILLE (intramuros),NON,9810,11:15,NORD,VALENCE TGV RHONE-ALPES SUD,JCNORDSUD,FRVLA,07:24,FRLLE
9976,2023-06-11,AEROPORT CDG2 TGV ROISSY,NON,9810,11:52,NORD,AVIGNON TGV,JCNORDSUD,FRAVG,08:29,FRMLW
9977,2023-06-11,AEROPORT CDG2 TGV ROISSY,NON,9810,11:15,NORD,VALENCE TGV RHONE-ALPES SUD,JCNORDSUD,FRVLA,08:29,FRMLW
9978,2023-06-11,TOULOUSE MATABIAU,OUI,8514,18:36,ATLANTIQUE,BORDEAUX ST JEAN,SUDOUESTPA,FRBOJ,16:23,FRXYT
9979,2023-06-11,ANGOULEME,NON,8442,20:48,ATLANTIQUE,PARIS (intramuros),SUDOUESTPA,FRPMO,18:36,FRANG
9980,2023-06-11,DOL DE BRETAGNE,NON,8086,18:09,ATLANTIQUE,PARIS (intramuros),BRETAPARIS,FRPMO,15:55,FRDOL
9981,2023-06-11,DOL DE BRETAGNE,NON,8086,16:25,ATLANTIQUE,RENNES,BRETAPARIS,FRRNS,15:55,FRDOL
9982,2023-06-11,ST MALO,NON,8086,16:25,ATLANTIQUE,RENNES,BRETAPARIS,FRRNS,15:39,FRXSB
9983,2023-06-11,NIMES,OUI,6202,12:18,SUD EST,PARIS (intramuros),LANGPA,FRPLY,09:17,FRFNI
9984,2023-06-11,MONTPELLIER SAINT-ROCH,OUI,6202,12:18,SUD EST,PARIS (intramuros),LANGPA,FRPLY,08:48,FRMPL
9985,2023-06-11,PERPIGNAN,OUI,6202,07:55,SUD EST,BEZIERS,LANGPA,FRBZR,07:04,FRPGF
9986,2023-06-11,AGDE,OUI,6202,09:13,SUD EST,NIMES,LANGPA,FRFNI,08:11,FRXAG
9987,2023-06-11,AGDE,OUI,6202,08:24,SUD EST,SETE,LANGPA,FRXSY,08:11,FRXAG
9988,2023-06-11,NARBONNE,OUI,6202,09:13,SUD EST,NIMES,LANGPA,FRFNI,07:42,FRXNA
9989,2023-06-11,SETE,OUI,6202,08:43,SUD EST,MONTPELLIER SAINT-ROCH,LANGPA,FRMPL,08:27,FRXSY
9990,2023-06-11,BEZIERS,NON,9715,19:56,SUD EST,PERPIGNAN,PABARCELONE,FRPGF,19:06,FRBZR
9991,2023-06-11,PARIS (intramuros),NON,9715,19:56,SUD EST,PERPIGNAN,PABARCELONE,FRPGF,14:54,FRPLY
9992,2023-06-11,AGDE,NON,9715,19:03,SUD EST,BEZIERS,PABARCELONE,FRBZR,18:51,FRXAG
9993,2023-06-11,AGDE,NON,9715,19:56,SUD EST,PERPIGNAN,PABARCELONE,FRPGF,18:51,FRXAG
9994,2023-06-11,AGDE,NON,9715,19:20,SUD EST,NARBONNE,PABARCELONE,FRXNA,18:51,FRXAG
9995,2023-06-11,SETE,NON,9715,19:03,SUD EST,BEZIERS,PABARCELONE,FRBZR,18:34,FRXSY
9996,2023-06-11,SETE,NON,9715,19:20,SUD EST,NARBONNE,PABARCELONE,FRXNA,18:34,FRXSY
9997,2023-06-11,VALENCE TGV RHONE-ALPES SUD,NON,9715,18:08,SUD EST,MONTPELLIER SUD DE FRANCE,PABARCELONE,FRSUF,17:09,FRVLA
9998,2023-06-11,VALENCE TGV RHONE-ALPES SUD,NON,9715,17:46,SUD EST,NIMES PONT DU GARD,PABARCELONE,FRXZP,17:09,FRVLA
9999,2023-06-11,NIMES PONT DU GARD,NON,9715,19:03,SUD EST,BEZIERS,PABARCELONE,FRBZR,17:49,FRXZP
0,2023-06-12,GUINGAMP,OUI,8657,05:36,ATLANTIQUE,LANDERNEAU,PARISBRETA,FRXLD,04:40,FRGGP
1,2023-06-12,ST BRIEUC,OUI,8657,05:08,ATLANTIQUE,MORLAIX,PARISBRETA,FRMXN,04:23,FRSBK
2,2023-06-12,GRAMAT,NON,3754,05:43,IC NUIT,LES AUBRAIS ORLEANS,OCCITANPAR,FRLAB,00:27,FRFSB
3,2023-06-12,GOURDON,NON,3750,06:50,IC NUIT,PARIS (intramuros),OCCITANPAR,FRPAZ,00:00,FRFSI
4,2023-06-12,ST GAUDENS,NON,3740,05:16,IC NUIT,LES AUBRAIS ORLEANS,PALOMBEPAR,FRLAB,20:51,FRFPH
5,2023-06-12,KAISERSLAUTERN HBF,NON,9555,20:59,INTERNATIONAL,FRANKFURT MAIN HBF,PAFRANC,DEFRH,19:37,DEKLT
6,2023-06-12,KAISERSLAUTERN HBF,NON,9555,20:17,INTERNATIONAL,MANNHEIM HBF,PAFRANC,DEMHG,19:37,DEKLT
7,2023-06-12,SARREBRUCK/SAARBRUECKEN,NON,9555,20:59,INTERNATIONAL,FRANKFURT MAIN HBF,PAFRANC,DEFRH,18:59,DESBK
8,2023-06-12,KARLSRUHE HBF,NON,9574,12:13,INTERNATIONAL,STRASBOURG,MUNSTUTPA,FRAEG,11:32,DEQKA
9,2023-06-12,KARLSRUHE HBF,NON,9574,14:05,INTERNATIONAL,PARIS (intramuros),MUNSTUTPA,FRPST,11:32,DEQKA
10,2023-06-12,LILLE (intramuros),NON,5240,20:40,NORD,POITIERS,JCNORDAQUI,FRPIS,17:16,FRADJ
11,2023-06-12,LILLE (intramuros),NON,5240,20:06,NORD,ST PIERRE DES CORPS,JCNORDAQUI,FRXSH,17:16,FRADJ
12,2023-06-12,MASSY TGV,NON,5240,21:21,NORD,ANGOULEME,JCNORDAQUI,FRANG,19:09,FRDJU
13,2023-06-12,MARNE LA VALLEE CHESSY,NON,5240,22:02,NORD,BORDEAUX ST JEAN,JCNORDAQUI,FRBOJ,18:32,FRMLV
14,2023-06-12,AEROPORT CDG2 TGV ROISSY,NON,5240,21:21,NORD,ANGOULEME,JCNORDAQUI,FRANG,18:18,FRMLW
15,2023-06-12,AEROPORT CDG2 TGV ROISSY,OUI,5240,18:27,NORD,MARNE LA VALLEE CHESSY,JCNORDAQUI,FRMLV,18:18,FRMLW
16,2023-06-12,AEROPORT CDG2 TGV ROISSY,NON,5240,20:06,NORD,ST PIERRE DES CORPS,JCNORDAQUI,FRXSH,18:18,FRMLW
17,2023-06-12,SARREBRUCK/SAARBRUECKEN,NON,9557,23:56,INTERNATIONAL,FRANKFURT MAIN HBF,PAFRANC,DEFRH,20:59,DESBK
18,2023-06-12,FORBACH,NON,9557,23:56,INTERNATIONAL,FRANKFURT MAIN HBF,PAFRANC,DEFRH,20:49,FRBQT
19,2023-06-12,PARIS (intramuros),NON,9557,23:56,INTERNATIONAL,FRANKFURT MAIN HBF,PAFRANC,DEFRH,19:07,FRPST
20,2023-06-12,FRANKFURT MAIN HBF,NON,9552,14:23,INTERNATIONAL,KAISERSLAUTERN HBF,FRANCPA,DEKLT,12:56,DEFRH
21,2023-06-12,MANNHEIM HBF,NON,9552,15:02,INTERNATIONAL,SARREBRUCK/SAARBRUECKEN,FRANCPA,DESBK,13:42,DEMHG
22,2023-06-12,MILANO P GARIBALDI,NON,9240,10:15,INTERNATIONAL,CHAMBERY CHALLES LES EAUX,ITALIEPA,FRCMF,06:00,ITMPG
23,2023-06-12,MILANO P GARIBALDI,NON,9240,13:14,INTERNATIONAL,PARIS (intramuros),ITALIEPA,FRPLY,06:00,ITMPG
24,2023-06-12,OULX CESANA CLAV SESTRIERE,NON,9240,10:15,INTERNATIONAL,CHAMBERY CHALLES LES EAUX,ITALIEPA,FRCMF,08:36,ITOCS
25,2023-06-12,OULX CESANA CLAV SESTRIERE,NON,9240,09:36,INTERNATIONAL,ST JEAN DE MAURIENNE ARVAN,ITALIEPA,FRHPN,08:36,ITOCS
26,2023-06-12,OULX CESANA CLAV SESTRIERE,NON,9240,11:40,INTERNATIONAL,MACON LOCHE TGV,ITALIEPA,FRMLT,08:36,ITOCS
27,2023-06-12,TORINO PORTA SUSA,NON,9240,10:15,INTERNATIONAL,CHAMBERY CHALLES LES EAUX,ITALIEPA,FRCMF,07:36,ITTRS
28,2023-06-12,PARIS (intramuros),OUI,7251,08:07,NORD,LILLE (intramuros),PAARRAS,FRLLE,06:52,FRPNO
29,2023-06-12,PARIS (intramuros),OUI,7251,07:41,NORD,ARRAS,PAARRAS,FRQRV,06:52,FRPNO
30,2023-06-12,STRASBOURG,OUI,9894,18:32,NORD,CHAMPAGNE-ARDENNE,JCESTNORD,FREAH,17:01,FRAEG
31,2023-06-12,STRASBOURG,OUI,9894,20:08,NORD,LILLE (intramuros),JCESTNORD,FRLLE,17:01,FRAEG
32,2023-06-12,STRASBOURG,OUI,9894,19:06,NORD,AEROPORT CDG2 TGV ROISSY,JCESTNORD,FRMLW,17:01,FRAEG
33,2023-06-12,LORRAINE TGV,OUI,9894,20:08,NORD,LILLE (intramuros),JCESTNORD,FRLLE,17:42,FREAM
34,2023-06-12,LORRAINE TGV,OUI,9894,19:06,NORD,AEROPORT CDG2 TGV ROISSY,JCESTNORD,FRMLW,17:42,FREAM
35,2023-06-12,LILLE (intramuros),OUI,9894,21:01,NORD,BRUXELLES MIDI BRUSSEL ZUID,JCESTNORD,BEBMI,20:27,FRLLE
36,2023-06-12,AEROPORT CDG2 TGV ROISSY,OUI,9894,20:08,NORD,LILLE (intramuros),JCESTNORD,FRLLE,19:12,FRMLW
37,2023-06-12,AEROPORT CDG2 TGV ROISSY,OUI,9894,19:38,NORD,TGV HAUTE PICARDIE,JCESTNORD,FRTHP,19:12,FRMLW
38,2023-06-12,STRASBOURG,OUI,9894,19:38,NORD,TGV HAUTE PICARDIE,JCESTNORD,FRTHP,17:01,FRAEG
39,2023-06-12,BIARRITZ,OUI,8534,12:06,ATLANTIQUE,BORDEAUX ST JEAN,SUDOUESTPA,FRBOJ,10:02,FRBIQ
40,2023-06-12,BORDEAUX ST JEAN,NON,8534,14:21,ATLANTIQUE,PARIS (intramuros),SUDOUESTPA,FRPMO,12:12,FRBOJ
41,2023-06-12,BAYONNE,OUI,8534,12:06,ATLANTIQUE,BORDEAUX ST JEAN,SUDOUESTPA,FRBOJ,10:17,FRXBY
42,2023-06-12,ST JEAN DE LUZ CIBOURE,OUI,8534,09:59,ATLANTIQUE,BIARRITZ,SUDOUESTPA,FRBIQ,09:49,FRXJZ
43,2023-06-12,PARIS (intramuros),NON,8321,20:13,ATLANTIQUE,VENDOME VILLIERS SUR LOIR,PAROCHELLE,FRESL,19:28,FRPMO
44,2023-06-12,CLERMONT FERRAND,NON,5962,09:29,IC ARO,MOULINS SUR ALLIER,CLERMONTPA,FRXMU,08:31,FRCFE
45,2023-06-12,RIOM CHATEL GUYON,NON,5962,09:59,IC ARO,NEVERS,CLERMONTPA,FRNVS,08:42,FRRIO
46,2023-06-12,RIOM CHATEL GUYON,NON,5962,09:04,IC ARO,VICHY,CLERMONTPA,FRVHY,08:42,FRRIO
47,2023-06-12,RIOM CHATEL GUYON,NON,5962,09:29,IC ARO,MOULINS SUR ALLIER,CLERMONTPA,FRXMU,08:42,FRRIO
48,2023-06-12,VICHY,NON,5962,11:57,IC ARO,PARIS (intramuros),CLERMONTPA,FRPBE,09:06,FRVHY
49,2023-06-12,VICHY,NON,5962,09:29,IC ARO,MOULINS SUR ALLIER,CLERMONTPA,FRXMU,09:06,FRVHY
50,2023-06-12,LIMOGES BENEDICTINS,NON,3650,17:22,IC ARO,PARIS (intramuros),TOULOUZECO,FRPAZ,13:51,FRAGQ
51,2023-06-12,BRIVE LA GAILLARDE,NON,3650,15:37,IC ARO,VIERZON VILLE,TOULOUZECO,FRXVZ,12:48,FRBVE
52,2023-06-12,CHATEAUROUX,NON,3650,15:37,IC ARO,VIERZON VILLE,TOULOUZECO,FRXVZ,15:03,FRCHR
53,2023-06-12,GOURDON,OUI,3650,13:48,IC ARO,LIMOGES BENEDICTINS,TOULOUZECO,FRAGQ,12:02,FRFSI
54,2023-06-12,GOURDON,NON,3650,15:37,IC ARO,VIERZON VILLE,TOULOUZECO,FRXVZ,12:02,FRFSI
55,2023-06-12,CAUSSADE TARN ET GARONNE,OUI,3650,13:48,IC ARO,LIMOGES BENEDICTINS,TOULOUZECO,FRAGQ,11:08,FRFTA
56,2023-06-12,CAUSSADE TARN ET GARONNE,OUI,3650,12:45,IC ARO,BRIVE LA GAILLARDE,TOULOUZECO,FRBVE,11:08,FRFTA
57,2023-06-12,CAUSSADE TARN ET GARONNE,NON,3650,16:18,IC ARO,LES AUBRAIS ORLEANS,TOULOUZECO,FRLAB,11:08,FRFTA
58,2023-06-12,CAUSSADE TARN ET GARONNE,OUI,3650,11:33,IC ARO,CAHORS,TOULOUZECO,FRZAO,11:08,FRFTA
59,2023-06-12,SOUILLAC,NON,3650,17:22,IC ARO,PARIS (intramuros),TOULOUZECO,FRPAZ,12:19,FRSOU
60,2023-06-12,MONTAUBAN VILLE BOURBON,OUI,3650,12:00,IC ARO,GOURDON,TOULOUZECO,FRFSI,10:54,FRXMW
61,2023-06-12,MONTAUBAN VILLE BOURBON,NON,3650,14:24,IC ARO,LA SOUTERRAINE,TOULOUZECO,FRLST,10:54,FRXMW
62,2023-06-12,MONTAUBAN VILLE BOURBON,OUI,3650,12:17,IC ARO,SOUILLAC,TOULOUZECO,FRSOU,10:54,FRXMW
63,2023-06-12,TOULOUSE MATABIAU,OUI,3650,12:00,IC ARO,GOURDON,TOULOUZECO,FRFSI,10:22,FRXYT
64,2023-06-12,TOULOUSE MATABIAU,OUI,3650,10:52,IC ARO,MONTAUBAN VILLE BOURBON,TOULOUZECO,FRXMW,10:22,FRXYT
65,2023-06-12,TOULOUSE MATABIAU,NON,3650,15:37,IC ARO,VIERZON VILLE,TOULOUZECO,FRXVZ,10:22,FRXYT
66,2023-06-12,CAHORS,OUI,3650,13:48,IC ARO,LIMOGES BENEDICTINS,TOULOUZECO,FRAGQ,11:35,FRZAO
67,2023-06-12,CAHORS,NON,3650,15:37,IC ARO,VIERZON VILLE,TOULOUZECO,FRXVZ,11:35,FRZAO
68,2023-06-12,VIERZON VILLE,OUI,3614,09:22,IC ARO,PARIS (intramuros),TOULOUZECO,FRPAZ,07:50,FRXVZ
69,2023-06-12,PARIS (intramuros),NON,8637,20:16,ATLANTIQUE,ST BRIEUC,PARISBRETA,FRSBK,17:56,FRPMO
70,2023-06-12,LE MANS,NON,8072,07:48,ATLANTIQUE,PARIS (intramuros),BRETAPARIS,FRPMO,06:48,FRAET
71,2023-06-12,AIX EN PROVENCE TGV,NON,6801,10:35,SUD EST,CANNES,JCPROVSUD,FRJCA,08:03,FRAIE
72,2023-06-12,AIX EN PROVENCE TGV,NON,6801,10:06,SUD EST,ST RAPHAEL VALESCURE,JCPROVSUD,FRXSK,08:03,FRAIE
73,2023-06-12,AVIGNON TGV,NON,6801,08:00,SUD EST,AIX EN PROVENCE TGV,JCPROVSUD,FRAIE,07:38,FRAVG
74,2023-06-12,AVIGNON TGV,NON,6801,10:35,SUD EST,CANNES,JCPROVSUD,FRJCA,07:38,FRAVG
75,2023-06-12,AVIGNON TGV,NON,6801,10:06,SUD EST,ST RAPHAEL VALESCURE,JCPROVSUD,FRXSK,07:38,FRAVG
76,2023-06-12,LYON (intramuros),NON,6801,08:00,SUD EST,AIX EN PROVENCE TGV,JCPROVSUD,FRAIE,06:04,FRLPD
77,2023-06-12,LYON (intramuros),NON,6801,07:35,SUD EST,AVIGNON TGV,JCPROVSUD,FRAVG,06:04,FRLPD
78,2023-06-12,LYON (intramuros),NON,6801,06:56,SUD EST,VALENCE TGV RHONE-ALPES SUD,JCPROVSUD,FRVLA,06:04,FRLPD
79,2023-06-12,LYON (intramuros),NON,6801,10:06,SUD EST,ST RAPHAEL VALESCURE,JCPROVSUD,FRXSK,06:04,FRLPD
80,2023-06-12,MARSEILLE ST CHARLES,NON,6801,09:49,SUD EST,LES ARCS DRAGUIGNAN,JCPROVSUD,FRXRS,08:28,FRMSC
81,2023-06-12,MARSEILLE ST CHARLES,NON,6801,10:06,SUD EST,ST RAPHAEL VALESCURE,JCPROVSUD,FRXSK,08:28,FRMSC
82,2023-06-12,VALENCE TGV RHONE-ALPES SUD,NON,6801,10:35,SUD EST,CANNES,JCPROVSUD,FRJCA,07:00,FRVLA
83,2023-06-12,VALENCE TGV RHONE-ALPES SUD,NON,6801,11:06,SUD EST,NICE VILLE,JCPROVSUD,FRNIC,07:00,FRVLA
84,2023-06-12,LES ARCS DRAGUIGNAN,NON,6801,11:06,SUD EST,NICE VILLE,JCPROVSUD,FRNIC,09:52,FRXRS
85,2023-06-12,PARIS (intramuros),NON,8973,11:54,ATLANTIQUE,NANTES,PARISLOIRE,FRNTE,09:36,FRPMO
86,2023-06-12,LYON (intramuros),NON,6628,20:08,SUD EST,PARIS (intramuros),RHONEPARIS,FRPLY,18:04,FRLPD
87,2023-06-12,CANNES,OUI,6077,19:58,SUD EST,NICE VILLE,PAAZUR,FRNIC,19:31,FRJCA
88,2023-06-12,MARSEILLE ST CHARLES,OUI,6077,19:26,SUD EST,CANNES,PAAZUR,FRJCA,17:28,FRMSC
89,2023-06-12,PARIS (intramuros),NON,6077,19:39,SUD EST,ANTIBES,PAAZUR,FRXAT,14:08,FRPLY
90,2023-06-12,TOULON,OUI,6077,19:58,SUD EST,NICE VILLE,PAAZUR,FRNIC,18:15,FRTLN
91,2023-06-12,TOULON,OUI,6077,19:01,SUD EST,ST RAPHAEL VALESCURE,PAAZUR,FRXSK,18:15,FRTLN
92,2023-06-12,LES AUBRAIS ORLEANS,OUI,3741,07:08,IC NUIT,TARBES,PARPALOMBE,FRXTB,22:27,FRLAB
93,2023-06-12,VICHY,NON,5978,19:57,IC ARO,PARIS (intramuros),CLERMONTPA,FRPBE,17:06,FRVHY
94,2023-06-12,MOULINS SUR ALLIER,NON,5978,17:58,IC ARO,NEVERS,CLERMONTPA,FRNVS,17:31,FRXMU
95,2023-06-12,MOULINS SUR ALLIER,NON,5978,19:57,IC ARO,PARIS (intramuros),CLERMONTPA,FRPBE,17:31,FRXMU
96,2023-06-12,ANGERS ST LAUD,NON,8922,16:23,ATLANTIQUE,LE MANS,LOIREPARIS,FRAET,15:44,FRACL
97,2023-06-12,ANGERS ST LAUD,NON,8922,17:25,ATLANTIQUE,PARIS (intramuros),LOIREPARIS,FRPMO,15:44,FRACL
98,2023-06-12,LA BAULE ESCOUBLAC,NON,8922,17:25,ATLANTIQUE,PARIS (intramuros),LOIREPARIS,FRPMO,14:07,FRJEE
99,2023-06-12,NANTES,NON,8922,17:25,ATLANTIQUE,PARIS (intramuros),LOIREPARIS,FRPMO,15:05,FRNTE
100,2023-06-12,ST NAZAIRE,NON,8922,17:25,ATLANTIQUE,PARIS (intramuros),LOIREPARIS,FRPMO,14:24,FRSNR
101,2023-06-12,BORDEAUX ST JEAN,NON,3858,20:15,IC SRO,LA ROCHELLE VILLE,BORDONANTE,FRLRH,17:53,FRBOJ
102,2023-06-12,BORDEAUX ST JEAN,NON,3858,22:05,IC SRO,NANTES,BORDONANTE,FRNTE,17:53,FRBOJ
103,2023-06-12,BORDEAUX ST JEAN,NON,3858,21:22,IC SRO,LA ROCHE SUR YON,BORDONANTE,FRXRO,17:53,FRBOJ
104,2023-06-12,JONZAC,NON,3858,22:05,IC SRO,NANTES,BORDONANTE,FRNTE,18:41,FREMR
105,2023-06-12,LUCON,NON,3858,21:22,IC SRO,LA ROCHE SUR YON,BORDONANTE,FRXRO,21:00,FRLCN
106,2023-06-12,LA ROCHELLE VILLE,NON,3858,22:05,IC SRO,NANTES,BORDONANTE,FRNTE,20:19,FRLRH
107,2023-06-12,LA ROCHELLE VILLE,NON,3858,21:22,IC SRO,LA ROCHE SUR YON,BORDONANTE,FRXRO,20:19,FRLRH
108,2023-06-12,ROCHEFORT,NON,3858,22:05,IC SRO,NANTES,BORDONANTE,FRNTE,19:55,FRRCO
109,2023-06-12,LA ROCHE SUR YON,NON,3858,22:05,IC SRO,NANTES,BORDONANTE,FRNTE,21:24,FRXRO
110,2023-06-12,SAINTES,NON,3858,19:53,IC SRO,ROCHEFORT,BORDONANTE,FRRCO,19:25,FRXST
111,2023-06-12,BORDEAUX ST JEAN,OUI,4657,09:02,IC ARO,MARMANDE,TJOURSOSE,FRXMR,08:26,FRBOJ
112,2023-06-12,CARCASSONNE,NON,4657,14:38,IC ARO,MARSEILLE ST CHARLES,TJOURSOSE,FRMSC,11:29,FRCCF
113,2023-06-12,MARMANDE,NON,4657,13:20,IC ARO,NIMES,TJOURSOSE,FRFNI,09:04,FRXMR
114,2023-06-12,MONTAUBAN VILLE BOURBON,NON,4657,13:50,IC ARO,ARLES,TJOURSOSE,FRHZA,10:08,FRXMW
115,2023-06-12,MONTAUBAN VILLE BOURBON,NON,4657,11:58,IC ARO,NARBONNE,TJOURSOSE,FRXNA,10:08,FRXMW
116,2023-06-12,NARBONNE,NON,4657,13:20,IC ARO,NIMES,TJOURSOSE,FRFNI,12:01,FRXNA
117,2023-06-12,NARBONNE,NON,4657,14:38,IC ARO,MARSEILLE ST CHARLES,TJOURSOSE,FRMSC,12:01,FRXNA
118,2023-06-12,SETE,NON,4657,13:20,IC ARO,NIMES,TJOURSOSE,FRFNI,12:36,FRXSY
119,2023-06-12,SETE,NON,4657,13:50,IC ARO,ARLES,TJOURSOSE,FRHZA,12:36,FRXSY
120,2023-06-12,SETE,NON,4657,12:52,IC ARO,MONTPELLIER SAINT-ROCH,TJOURSOSE,FRMPL,12:36,FRXSY
121,2023-06-12,TOULOUSE MATABIAU,NON,4657,12:34,IC ARO,SETE,TJOURSOSE,FRXSY,10:45,FRXYT
122,2023-06-12,COLMAR,OUI,2362,17:13,EST,STRASBOURG,MULHSTRAPA,FRAEG,16:45,FRAEJ
123,2023-06-12,MORLAIX,OUI,8642,18:38,ATLANTIQUE,ST BRIEUC,BRETAPARIS,FRSBK,17:55,FRMXN
124,2023-06-12,ST BRIEUC,OUI,8642,19:29,ATLANTIQUE,RENNES,BRETAPARIS,FRRNS,18:41,FRSBK
125,2023-06-12,AIX EN PROVENCE TGV,NON,9854,12:11,NORD,BRUXELLES MIDI BRUSSEL ZUID,JCSUDNORD,BEBMI,06:47,FRAIE
126,2023-06-12,AIX EN PROVENCE TGV,NON,9854,10:19,NORD,MARNE LA VALLEE CHESSY,JCSUDNORD,FRMLV,06:47,FRAIE
127,2023-06-12,LYON (intramuros),NON,9854,12:11,NORD,BRUXELLES MIDI BRUSSEL ZUID,JCSUDNORD,BEBMI,08:34,FRLPD
128,2023-06-12,MARSEILLE ST CHARLES,NON,9854,07:07,NORD,AVIGNON TGV,JCSUDNORD,FRAVG,06:33,FRMSC
129,2023-06-12,MARSEILLE ST CHARLES,NON,9854,11:27,NORD,LILLE (intramuros),JCSUDNORD,FRLLE,06:33,FRMSC
130,2023-06-12,MARSEILLE ST CHARLES,NON,9854,08:20,NORD,LYON (intramuros),JCSUDNORD,FRLPD,06:33,FRMSC
131,2023-06-12,PARIS (intramuros),NON,8317,19:07,ATLANTIQUE,ST PIERRE DES CORPS,PAROCHELLE,FRXSH,17:52,FRPMO
132,2023-06-12,BEZIERS,NON,4758,12:34,IC ARO,CARCASSONNE,TJOURSESO,FRCCF,11:47,FRBZR
133,2023-06-12,BEZIERS,NON,4758,13:19,IC ARO,TOULOUSE MATABIAU,TJOURSESO,FRXYT,11:47,FRBZR
134,2023-06-12,CARCASSONNE,NON,4758,13:54,IC ARO,MONTAUBAN VILLE BOURBON,TJOURSESO,FRXMW,12:36,FRCCF
135,2023-06-12,NIMES,NON,4758,15:38,IC ARO,BORDEAUX ST JEAN,TJOURSESO,FRBOJ,10:38,FRFNI
136,2023-06-12,NIMES,NON,4758,12:01,IC ARO,NARBONNE,TJOURSESO,FRXNA,10:38,FRFNI
137,2023-06-12,MONTPELLIER SAINT-ROCH,NON,4758,12:34,IC ARO,CARCASSONNE,TJOURSESO,FRCCF,11:07,FRMPL
138,2023-06-12,MONTPELLIER SAINT-ROCH,NON,4758,12:01,IC ARO,NARBONNE,TJOURSESO,FRXNA,11:07,FRMPL
139,2023-06-12,MARSEILLE ST CHARLES,NON,4758,13:54,IC ARO,MONTAUBAN VILLE BOURBON,TJOURSESO,FRXMW,09:27,FRMSC
140,2023-06-12,MARMANDE,OUI,4758,15:38,IC ARO,BORDEAUX ST JEAN,TJOURSESO,FRBOJ,15:01,FRXMR
141,2023-06-12,MONTAUBAN VILLE BOURBON,OUI,4758,15:38,IC ARO,BORDEAUX ST JEAN,TJOURSESO,FRBOJ,13:56,FRXMW
142,2023-06-12,NARBONNE,NON,4758,13:54,IC ARO,MONTAUBAN VILLE BOURBON,TJOURSESO,FRXMW,12:04,FRXNA
143,2023-06-12,DIJON VILLE,NON,5537,19:10,EST,AVIGNON TGV,JCRHINRHON,FRAVG,16:20,FRABA
144,2023-06-12,DIJON VILLE,NON,5537,17:56,EST,LYON (intramuros),JCRHINRHON,FRLPD,16:20,FRABA
145,2023-06-12,STRASBOURG,OUI,5537,14:30,EST,MULHOUSE VILLE,JCRHINRHON,FRAEK,13:37,FRAEG
146,2023-06-12,STRASBOURG,NON,5537,22:11,EST,ANTIBES,JCRHINRHON,FRXAT,13:37,FRAEG
147,2023-06-12,COLMAR,OUI,5537,16:04,EST,DIJON VILLE,JCRHINRHON,FRABA,14:05,FRAEJ
148,2023-06-12,COLMAR,NON,5537,21:59,EST,CANNES,JCRHINRHON,FRJCA,14:05,FRAEJ
149,2023-06-12,COLMAR,NON,5537,17:56,EST,LYON (intramuros),JCRHINRHON,FRLPD,14:05,FRAEJ
150,2023-06-12,MULHOUSE VILLE,NON,5537,21:59,EST,CANNES,JCRHINRHON,FRJCA,14:41,FRAEK
151,2023-06-12,MULHOUSE VILLE,NON,5537,19:45,EST,MARSEILLE ST CHARLES,JCRHINRHON,FRMSC,14:41,FRAEK
152,2023-06-12,MULHOUSE VILLE,NON,5537,22:30,EST,NICE VILLE,JCRHINRHON,FRNIC,14:41,FRAEK
153,2023-06-12,MULHOUSE VILLE,NON,5537,21:34,EST,ST RAPHAEL VALESCURE,JCRHINRHON,FRXSK,14:41,FRAEK
154,2023-06-12,AIX EN PROVENCE TGV,NON,5537,21:59,EST,CANNES,JCRHINRHON,FRJCA,19:33,FRAIE
155,2023-06-12,AIX EN PROVENCE TGV,NON,5537,22:30,EST,NICE VILLE,JCRHINRHON,FRNIC,19:33,FRAIE
156,2023-06-12,AIX EN PROVENCE TGV,NON,5537,21:17,EST,LES ARCS DRAGUIGNAN,JCRHINRHON,FRXRS,19:33,FRAIE
157,2023-06-12,NANCY,NON,5537,21:59,EST,CANNES,JCRHINRHON,FRJCA,12:26,FRENC
158,2023-06-12,NANCY,NON,5537,21:34,EST,ST RAPHAEL VALESCURE,JCRHINRHON,FRXSK,12:26,FRENC
159,2023-06-12,CANNES,OUI,5537,22:30,EST,NICE VILLE,JCRHINRHON,FRNIC,22:03,FRJCA
160,2023-06-12,LYON (intramuros),NON,5537,21:17,EST,LES ARCS DRAGUIGNAN,JCRHINRHON,FRXRS,18:04,FRLPD
161,2023-06-12,MARSEILLE ST CHARLES,OUI,5537,20:41,EST,TOULON,JCRHINRHON,FRTLN,19:57,FRMSC
162,2023-06-12,MARSEILLE ST CHARLES,OUI,5537,22:11,EST,ANTIBES,JCRHINRHON,FRXAT,19:57,FRMSC
163,2023-06-12,MARSEILLE ST CHARLES,OUI,5537,21:17,EST,LES ARCS DRAGUIGNAN,JCRHINRHON,FRXRS,19:57,FRMSC
164,2023-06-12,BELFORT-MONTBELIARD TGV,NON,5537,19:31,EST,AIX EN PROVENCE TGV,JCRHINRHON,FRAIE,15:06,FRTJA
165,2023-06-12,BELFORT-MONTBELIARD TGV,NON,5537,19:10,EST,AVIGNON TGV,JCRHINRHON,FRAVG,15:06,FRTJA
166,2023-06-12,BELFORT-MONTBELIARD TGV,NON,5537,17:56,EST,LYON (intramuros),JCRHINRHON,FRLPD,15:06,FRTJA
167,2023-06-12,BESANCON - F COMTE TGV,NON,5537,19:31,EST,AIX EN PROVENCE TGV,JCRHINRHON,FRAIE,15:36,FRTJB
168,2023-06-12,TOULON,OUI,5537,21:59,EST,CANNES,JCRHINRHON,FRJCA,20:45,FRTLN
169,2023-06-12,ANTIBES,OUI,5537,22:30,EST,NICE VILLE,JCRHINRHON,FRNIC,22:14,FRXAT
170,2023-06-12,BEAUNE,NON,5537,21:59,EST,CANNES,JCRHINRHON,FRJCA,16:42,FRXBV
171,2023-06-12,BEAUNE,NON,5537,19:45,EST,MARSEILLE ST CHARLES,JCRHINRHON,FRMSC,16:42,FRXBV
172,2023-06-12,BEAUNE,NON,5537,22:11,EST,ANTIBES,JCRHINRHON,FRXAT,16:42,FRXBV
173,2023-06-12,ST RAPHAEL VALESCURE,OUI,5537,22:11,EST,ANTIBES,JCRHINRHON,FRXAT,21:37,FRXSK
174,2023-06-12,BELFORT-MONTBELIARD TGV,NON,5537,22:11,EST,ANTIBES,JCRHINRHON,FRXAT,15:06,FRTJA
175,2023-06-12,BELFORT-MONTBELIARD TGV,NON,5537,20:41,EST,TOULON,JCRHINRHON,FRTLN,15:06,FRTJA
176,2023-06-12,BELFORT-MONTBELIARD TGV,NON,5537,21:59,EST,CANNES,JCRHINRHON,FRJCA,15:06,FRTJA
177,2023-06-12,COLMAR,NON,5537,16:39,EST,BEAUNE,JCRHINRHON,FRXBV,14:05,FRAEJ
178,2023-06-12,MULHOUSE VILLE,NON,5537,16:39,EST,BEAUNE,JCRHINRHON,FRXBV,14:41,FRAEK
179,2023-06-12,BREST,OUI,8604,08:29,ATLANTIQUE,RENNES,BRETAPARIS,FRRNS,06:31,FRBES
180,2023-06-12,BREST,OUI,8604,07:38,ATLANTIQUE,ST BRIEUC,BRETAPARIS,FRSBK,06:31,FRBES
181,2023-06-12,GRENOBLE,NON,6902,06:50,SUD EST,LYON-SAINT EXUPERY TGV,GRENOBLEPA,FRJDQ,05:47,FRGNB
182,2023-06-12,GRENOBLE,NON,6902,08:46,SUD EST,PARIS (intramuros),GRENOBLEPA,FRPLY,05:47,FRGNB
183,2023-06-12,LYON (intramuros),NON,6620,16:08,SUD EST,PARIS (intramuros),RHONEPARIS,FRPLY,13:50,FRLPE
184,2023-06-12,CHARLEVILLE MEZIERES,OUI,2730,13:45,EST,RETHEL,SEDBARPA,FRBDT,13:17,FRXCZ
185,2023-06-12,CHARLEVILLE MEZIERES,OUI,2730,14:09,EST,REIMS,SEDBARPA,FRRHE,13:17,FRXCZ
186,2023-06-12,SEDAN,OUI,2730,13:45,EST,RETHEL,SEDBARPA,FRBDT,12:53,FRXSW
187,2023-06-12,SEDAN,OUI,2730,14:09,EST,REIMS,SEDBARPA,FRRHE,12:53,FRXSW
188,2023-06-12,NANTES,NON,8144,19:14,ATLANTIQUE,PARIS (intramuros),LOIREPARIS,FRPMO,17:09,FRNTE
189,2023-06-12,AGEN,NON,4663,17:27,IC ARO,CARCASSONNE,TJOURSOSE,FRCCF,15:30,FRAGF
190,2023-06-12,AGEN,NON,4663,16:39,IC ARO,TOULOUSE MATABIAU,TJOURSOSE,FRXYT,15:30,FRAGF
191,2023-06-12,BEZIERS,OUI,4663,18:54,IC ARO,MONTPELLIER SAINT-ROCH,TJOURSOSE,FRMPL,18:17,FRBZR
192,2023-06-12,BEZIERS,OUI,4663,20:36,IC ARO,MARSEILLE ST CHARLES,TJOURSOSE,FRMSC,18:17,FRBZR
193,2023-06-12,CARCASSONNE,NON,4663,19:23,IC ARO,NIMES,TJOURSOSE,FRFNI,17:29,FRCCF
194,2023-06-12,CARCASSONNE,NON,4663,18:54,IC ARO,MONTPELLIER SAINT-ROCH,TJOURSOSE,FRMPL,17:29,FRCCF
195,2023-06-12,MONTAUBAN VILLE BOURBON,NON,4663,18:54,IC ARO,MONTPELLIER SAINT-ROCH,TJOURSOSE,FRMPL,16:07,FRXMW
196,2023-06-12,MONTAUBAN VILLE BOURBON,NON,4663,17:58,IC ARO,NARBONNE,TJOURSOSE,FRXNA,16:07,FRXMW
197,2023-06-12,TOULOUSE MATABIAU,NON,4663,18:14,IC ARO,BEZIERS,TJOURSOSE,FRBZR,16:44,FRXYT
198,2023-06-12,QUIMPERLE,OUI,8702,05:54,ATLANTIQUE,LORIENT,BRETAPARIS,FRLRT,05:43,FRECO
199,2023-06-12,LORIENT,OUI,8702,07:25,ATLANTIQUE,RENNES,BRETAPARIS,FRRNS,05:57,FRLRT
200,2023-06-12,RENNES,NON,8702,09:08,ATLANTIQUE,PARIS (intramuros),BRETAPARIS,FRPMO,07:35,FRRNS
201,2023-06-12,ROSPORDEN,OUI,8702,05:54,ATLANTIQUE,LORIENT,BRETAPARIS,FRLRT,05:27,FRRSP
202,2023-06-12,ROSPORDEN,NON,8702,09:08,ATLANTIQUE,PARIS (intramuros),BRETAPARIS,FRPMO,05:27,FRRSP
203,2023-06-12,QUIMPER,OUI,8702,05:54,ATLANTIQUE,LORIENT,BRETAPARIS,FRLRT,05:13,FRUIP
204,2023-06-12,QUIMPER,OUI,8702,06:25,ATLANTIQUE,VANNES,BRETAPARIS,FRVNE,05:13,FRUIP
205,2023-06-12,AURAY,OUI,8702,07:25,ATLANTIQUE,RENNES,BRETAPARIS,FRRNS,06:15,FRXUY
206,2023-06-12,REIMS,OUI,2752,18:01,EST,PARIS (intramuros),SEDBARPA,FRPST,17:15,FRRHE
207,2023-06-12,LAUSANNE,NON,9270,20:04,INTERNATIONAL,PARIS (intramuros),SUISPA,FRPLY,16:23,CHAJF
208,2023-06-12,DIJON VILLE,NON,9270,20:04,INTERNATIONAL,PARIS (intramuros),SUISPA,FRPLY,18:28,FRABA
209,2023-06-12,FRASNE,NON,9270,20:04,INTERNATIONAL,PARIS (intramuros),SUISPA,FRPLY,17:15,FRFRA
210,2023-06-12,TARBES,NON,14151,15:27,IC SRO,LOURDES,SUDOUEST,FRLDE,15:13,FRXTB
211,2023-06-12,ANGOULEME,NON,5260,08:49,NORD,MASSY TGV,JCAQUINORD,FRDJU,06:36,FRANG
212,2023-06-12,ANGOULEME,OUI,5260,07:16,NORD,POITIERS,JCAQUINORD,FRPIS,06:36,FRANG
213,2023-06-12,MARNE LA VALLEE CHESSY,OUI,5260,10:40,NORD,LILLE (intramuros),JCAQUINORD,FRADJ,09:31,FRMLV
214,2023-06-12,POITIERS,NON,5260,10:40,NORD,LILLE (intramuros),JCAQUINORD,FRADJ,07:19,FRPIS
215,2023-06-12,MASSY TGV,OUI,5351,10:39,SUD EST,ANGERS ST LAUD,JCSUDATL,FRACL,08:43,FRDJU
216,2023-06-12,LYON (intramuros),NON,5351,10:39,SUD EST,ANGERS ST LAUD,JCSUDATL,FRACL,06:30,FRLPD
217,2023-06-12,MARSEILLE ST CHARLES,OUI,6128,17:11,SUD EST,AIX EN PROVENCE TGV,PROVENCEPA,FRAIE,17:00,FRMSC
218,2023-06-12,MONTPELLIER SUD DE FRANCE,NON,6050,15:12,SUD EST,NIMES PONT DU GARD,LANGPA,FRXZP,14:50,FRSUF
219,2023-06-12,BEZIERS,NON,4764,18:34,IC ARO,CARCASSONNE,TJOURSESO,FRCCF,17:48,FRBZR
220,2023-06-12,BEZIERS,NON,4764,19:53,IC ARO,MONTAUBAN VILLE BOURBON,TJOURSESO,FRXMW,17:48,FRBZR
221,2023-06-12,BEZIERS,NON,4764,19:18,IC ARO,TOULOUSE MATABIAU,TJOURSESO,FRXYT,17:48,FRBZR
222,2023-06-12,CARCASSONNE,NON,4764,19:53,IC ARO,MONTAUBAN VILLE BOURBON,TJOURSESO,FRXMW,18:36,FRCCF
223,2023-06-12,CARCASSONNE,NON,4764,19:18,IC ARO,TOULOUSE MATABIAU,TJOURSESO,FRXYT,18:36,FRCCF
224,2023-06-12,NIMES,NON,4764,17:45,IC ARO,BEZIERS,TJOURSESO,FRBZR,16:38,FRFNI
225,2023-06-12,NIMES,NON,4764,17:04,IC ARO,MONTPELLIER SAINT-ROCH,TJOURSESO,FRMPL,16:38,FRFNI
226,2023-06-12,NIMES,NON,4764,19:53,IC ARO,MONTAUBAN VILLE BOURBON,TJOURSESO,FRXMW,16:38,FRFNI
227,2023-06-12,NIMES,NON,4764,19:18,IC ARO,TOULOUSE MATABIAU,TJOURSESO,FRXYT,16:38,FRFNI
228,2023-06-12,MONTPELLIER SAINT-ROCH,NON,4764,19:53,IC ARO,MONTAUBAN VILLE BOURBON,TJOURSESO,FRXMW,17:08,FRMPL
229,2023-06-12,MONTPELLIER SAINT-ROCH,NON,4764,18:01,IC ARO,NARBONNE,TJOURSESO,FRXNA,17:08,FRMPL
230,2023-06-12,MARSEILLE ST CHARLES,NON,4764,20:58,IC ARO,MARMANDE,TJOURSESO,FRXMR,15:27,FRMSC
231,2023-06-12,MONTAUBAN VILLE BOURBON,OUI,4764,20:58,IC ARO,MARMANDE,TJOURSESO,FRXMR,19:55,FRXMW
232,2023-06-12,NARBONNE,NON,4764,20:58,IC ARO,MARMANDE,TJOURSESO,FRXMR,18:04,FRXNA
233,2023-06-12,TOULOUSE MATABIAU,OUI,4764,21:39,IC ARO,BORDEAUX ST JEAN,TJOURSESO,FRBOJ,19:24,FRXYT
234,2023-06-12,ANGERS ST LAUD,NON,8913,12:50,ATLANTIQUE,LA BAULE ESCOUBLAC,PARISLOIRE,FRJEE,11:16,FRACL
235,2023-06-12,LE MANS,NON,8913,13:03,ATLANTIQUE,LE CROISIC,PARISLOIRE,FREGU,10:36,FRAET
236,2023-06-12,LA BAULE ESCOUBLAC,OUI,8913,13:03,ATLANTIQUE,LE CROISIC,PARISLOIRE,FREGU,12:54,FRJEE
237,2023-06-12,NANTES,OUI,8913,13:03,ATLANTIQUE,LE CROISIC,PARISLOIRE,FREGU,12:00,FRNTE
238,2023-06-12,PARIS (intramuros),NON,8913,11:13,ATLANTIQUE,ANGERS ST LAUD,PARISLOIRE,FRACL,09:36,FRPMO
239,2023-06-12,PARIS (intramuros),NON,8913,12:50,ATLANTIQUE,LA BAULE ESCOUBLAC,PARISLOIRE,FRJEE,09:36,FRPMO
240,2023-06-12,ST NAZAIRE,OUI,8913,13:03,ATLANTIQUE,LE CROISIC,PARISLOIRE,FREGU,12:36,FRSNR
241,2023-06-12,MILANO P GARIBALDI,NON,9248,20:14,INTERNATIONAL,CHAMBERY CHALLES LES EAUX,ITALIEPA,FRCMF,16:10,ITMPG
242,2023-06-12,OULX CESANA CLAV SESTRIERE,NON,9248,19:06,INTERNATIONAL,MODANE,ITALIEPA,FRAGR,18:36,ITOCS
243,2023-06-12,OULX CESANA CLAV SESTRIERE,NON,9248,23:26,INTERNATIONAL,PARIS (intramuros),ITALIEPA,FRPLY,18:36,ITOCS
244,2023-06-12,ANNECY,NON,6978,16:10,SUD EST,CHAMBERY CHALLES LES EAUX,ALPESPARIS,FRCMF,15:31,FRNCY
245,2023-06-12,CANNES,OUI,6188,09:07,SUD EST,LES ARCS DRAGUIGNAN,AZURPA,FRXRS,08:28,FRJCA
246,2023-06-12,NICE VILLE,OUI,6188,08:24,SUD EST,CANNES,AZURPA,FRJCA,07:57,FRNIC
247,2023-06-12,NICE VILLE,NON,6188,13:50,SUD EST,PARIS (intramuros),AZURPA,FRPLY,07:57,FRNIC
248,2023-06-12,NICE VILLE,OUI,6188,09:07,SUD EST,LES ARCS DRAGUIGNAN,AZURPA,FRXRS,07:57,FRNIC
249,2023-06-12,LES ARCS DRAGUIGNAN,NON,6188,10:33,SUD EST,MARSEILLE ST CHARLES,AZURPA,FRMSC,09:10,FRXRS
250,2023-06-12,PARIS (intramuros),OUI,2707,08:25,EST,REIMS,PABARSED,FRRHE,07:39,FRPST
251,2023-06-12,ANGOULEME,OUI,8455,23:11,ATLANTIQUE,BORDEAUX ST JEAN,PASUDOUEST,FRBOJ,22:29,FRANG
252,2023-06-12,LYON (intramuros),NON,6608,08:46,SUD EST,LE CREUSOT MONTCEAU MONTCHANIN,RHONEPARIS,FRXCC,07:50,FRLPE
253,2023-06-12,BIARRITZ,OUI,8551,22:47,ATLANTIQUE,HENDAYE,PASUDOUEST,FRAEF,22:19,FRBIQ
254,2023-06-12,BIARRITZ,OUI,8551,22:32,ATLANTIQUE,ST JEAN DE LUZ CIBOURE,PASUDOUEST,FRXJZ,22:19,FRBIQ
255,2023-06-12,BORDEAUX ST JEAN,NON,8551,22:16,ATLANTIQUE,BIARRITZ,PASUDOUEST,FRBIQ,20:20,FRBOJ
256,2023-06-12,BORDEAUX ST JEAN,NON,8551,22:32,ATLANTIQUE,ST JEAN DE LUZ CIBOURE,PASUDOUEST,FRXJZ,20:20,FRBOJ
257,2023-06-12,PARIS (intramuros),NON,8551,22:32,ATLANTIQUE,ST JEAN DE LUZ CIBOURE,PASUDOUEST,FRXJZ,18:07,FRPMO
258,2023-06-12,ST MALO,OUI,8080,06:20,ATLANTIQUE,DOL DE BRETAGNE,BRETAPARIS,FRDOL,06:07,FRXSB
259,2023-06-12,TOULOUSE MATABIAU,NON,14141,11:23,IC SRO,LOURDES,SUDOUEST,FRLDE,09:32,FRXYT
260,2023-06-12,MASSY TGV,OUI,8003,09:25,ATLANTIQUE,RENNES,PARISBRETA,FRRNS,07:44,FRDJU
261,2023-06-12,PARIS (intramuros),OUI,8003,08:34,ATLANTIQUE,LE MANS,PARISBRETA,FRAET,07:32,FRPMO
262,2023-06-12,PARIS (intramuros),NON,6221,09:52,SUD EST,VALENCE TGV RHONE-ALPES SUD,PALANG,FRVLA,07:40,FRPLY
263,2023-06-12,VALENCE TGV RHONE-ALPES SUD,NON,6221,10:42,SUD EST,NIMES,PALANG,FRFNI,09:55,FRVLA
264,2023-06-12,MODANE,NON,9251,19:49,INTERNATIONAL,MILANO P GARIBALDI,PAITALIE,ITMPG,17:00,FRAGR
265,2023-06-12,CHAMBERY CHALLES LES EAUX,NON,9251,16:52,INTERNATIONAL,MODANE,PAITALIE,FRAGR,15:44,FRCMF
266,2023-06-12,PARIS (intramuros),NON,9251,16:52,INTERNATIONAL,MODANE,PAITALIE,FRAGR,12:44,FRPLY
267,2023-06-12,PARIS (intramuros),OUI,6669,21:22,SUD EST,LYON (intramuros),PARISRHONE,FRLPD,19:24,FRPLY
268,2023-06-12,DIJON VILLE,NON,9277,20:42,INTERNATIONAL,FRASNE,PASUIS,FRFRA,19:33,FRABA
269,2023-06-12,DOLE VILLE,NON,9277,20:57,INTERNATIONAL,VALLORBE,PASUIS,CHAGL,19:57,FRACE
270,2023-06-12,DOLE VILLE,NON,9277,21:37,INTERNATIONAL,LAUSANNE,PASUIS,CHAJF,19:57,FRACE
271,2023-06-12,FRASNE,NON,9277,20:57,INTERNATIONAL,VALLORBE,PASUIS,CHAGL,20:44,FRFRA
272,2023-06-12,FRASNE,NON,9277,21:37,INTERNATIONAL,LAUSANNE,PASUIS,CHAJF,20:44,FRFRA
273,2023-06-12,PARIS (intramuros),NON,9277,20:57,INTERNATIONAL,VALLORBE,PASUIS,CHAGL,17:54,FRPLY
274,2023-06-12,PARIS (intramuros),NON,9277,19:55,INTERNATIONAL,DOLE VILLE,PASUIS,FRACE,17:54,FRPLY
275,2023-06-12,PARIS (intramuros),NON,9277,20:42,INTERNATIONAL,FRASNE,PASUIS,FRFRA,17:54,FRPLY
276,2023-06-12,NANCY,OUI,2544,17:50,EST,PARIS (intramuros),NANCYPA,FRPST,16:11,FRENC
277,2023-06-12,GENEVE,NON,9768,11:49,INTERNATIONAL,BOURG EN BRESSE,GENEVEPA,FRXBK,10:29,CHGVA
278,2023-06-12,GRENOBLE,OUI,6920,15:55,SUD EST,LYON-SAINT EXUPERY TGV,GRENOBLEPA,FRJDQ,14:46,FRGNB
279,2023-06-12,DAX,NON,8530,09:40,ATLANTIQUE,BORDEAUX ST JEAN,SUDOUESTPA,FRBOJ,08:25,FRACG
280,2023-06-12,HENDAYE,NON,8530,08:20,ATLANTIQUE,DAX,SUDOUESTPA,FRACG,07:10,FRAEF
281,2023-06-12,BAYONNE,NON,8530,09:40,ATLANTIQUE,BORDEAUX ST JEAN,SUDOUESTPA,FRBOJ,07:50,FRXBY
282,2023-06-12,BAYONNE,NON,8530,11:52,ATLANTIQUE,PARIS (intramuros),SUDOUESTPA,FRPMO,07:50,FRXBY
283,2023-06-12,ST JEAN DE LUZ CIBOURE,NON,8530,08:20,ATLANTIQUE,DAX,SUDOUESTPA,FRACG,07:22,FRXJZ
284,2023-06-12,ST MAIXENT DEUX SEVRES,NON,8375,12:22,ATLANTIQUE,LA ROCHELLE VILLE,PAROCHELLE,FRLRH,11:23,FREJC
285,2023-06-12,ST MAIXENT DEUX SEVRES,NON,8375,11:38,ATLANTIQUE,NIORT,PAROCHELLE,FRNIT,11:23,FREJC
286,2023-06-12,NIORT,NON,8375,11:59,ATLANTIQUE,SURGERES,PAROCHELLE,FREIP,11:41,FRNIT
287,2023-06-12,POITIERS,NON,8375,11:59,ATLANTIQUE,SURGERES,PAROCHELLE,FREIP,10:53,FRPIS
288,2023-06-12,PARIS (intramuros),NON,8375,10:50,ATLANTIQUE,POITIERS,PAROCHELLE,FRPIS,09:12,FRPMO
289,2023-06-12,PARIS (intramuros),NON,8375,10:12,ATLANTIQUE,ST PIERRE DES CORPS,PAROCHELLE,FRXSH,09:12,FRPMO
290,2023-06-12,ST PIERRE DES CORPS,NON,8375,11:59,ATLANTIQUE,SURGERES,PAROCHELLE,FREIP,10:16,FRXSH
291,2023-06-12,BRASSAC LES MINES STE FLORINE,NON,15940,16:01,IC SRO,CLERMONT FERRAND,JOUNOREST,FRCFE,15:23,FRHLE
292,2023-06-12,BRASSAC LES MINES STE FLORINE,NON,15940,15:35,IC SRO,ISSOIRE,JOUNOREST,FRHLB,15:23,FRHLE
293,2023-06-12,NEUSSARGUES,NON,15940,15:16,IC SRO,ARVANT,JOUNOREST,FRARV,14:36,FRNEU
294,2023-06-12,MASSIAC BLESLE,NON,15940,15:35,IC SRO,ISSOIRE,JOUNOREST,FRHLB,14:58,FRHMY
295,2023-06-12,DAX,NON,8572,14:30,ATLANTIQUE,PAU,PASUDOUEST,FRAEE,13:41,FRACG
296,2023-06-12,DAX,NON,8572,14:58,ATLANTIQUE,LOURDES,PASUDOUEST,FRLDE,13:41,FRACG
297,2023-06-12,PAU,OUI,8572,15:24,ATLANTIQUE,TARBES,PASUDOUEST,FRXTB,14:33,FRAEE
298,2023-06-12,ORTHEZ,NON,8572,14:58,ATLANTIQUE,LOURDES,PASUDOUEST,FRLDE,14:09,FRGFI
299,2023-06-12,LOURDES,OUI,8572,15:24,ATLANTIQUE,TARBES,PASUDOUEST,FRXTB,15:08,FRLDE
300,2023-06-12,PARIS (intramuros),NON,8572,14:30,ATLANTIQUE,PAU,PASUDOUEST,FRAEE,10:08,FRPMO
301,2023-06-12,PARIS (intramuros),NON,8572,14:58,ATLANTIQUE,LOURDES,PASUDOUEST,FRLDE,10:08,FRPMO
302,2023-06-12,AIX LES BAINS LE REVARD,NON,6937,13:28,SUD EST,ANNECY,PARISALPES,FRNCY,13:02,FRXAI
303,2023-06-12,FRANKFURT MAIN HBF,NON,9568,10:38,INTERNATIONAL,PARIS (intramuros),FRANCPA,FRPST,06:56,DEFRH
304,2023-06-12,MANNHEIM HBF,NON,9568,08:05,INTERNATIONAL,KARLSRUHE HBF,FRANCPA,DEQKA,07:38,DEMHG
305,2023-06-12,MANNHEIM HBF,NON,9568,08:48,INTERNATIONAL,STRASBOURG,FRANCPA,FRAEG,07:38,DEMHG
306,2023-06-12,KARLSRUHE HBF,NON,9568,08:48,INTERNATIONAL,STRASBOURG,FRANCPA,FRAEG,08:06,DEQKA
307,2023-06-12,KARLSRUHE HBF,NON,9568,10:38,INTERNATIONAL,PARIS (intramuros),FRANCPA,FRPST,08:06,DEQKA
308,2023-06-12,LAVAL,OUI,8081,09:54,ATLANTIQUE,ST MALO,PARISBRETA,FRXSB,08:22,FRACR
309,2023-06-12,PARIS (intramuros),NON,8081,09:38,ATLANTIQUE,DOL DE BRETAGNE,PARISBRETA,FRDOL,07:04,FRPMO
310,2023-06-12,DIJON VILLE,NON,9261,10:57,INTERNATIONAL,VALLORBE,PASUIS,CHAGL,09:35,FRABA
311,2023-06-12,PARIS (intramuros),NON,9261,10:42,INTERNATIONAL,FRASNE,PASUIS,FRFRA,07:54,FRPLY
312,2023-06-12,AVIGNON TGV,NON,5386,16:22,SUD EST,LYON (intramuros),JCSUDATL,FRLPD,15:15,FRAVG
313,2023-06-12,MASSY TGV,OUI,5386,19:29,SUD EST,LE MANS,JCSUDATL,FRAET,18:39,FRDJU
314,2023-06-12,MARSEILLE ST CHARLES,NON,5386,20:32,SUD EST,RENNES,JCSUDATL,FRRNS,14:36,FRMSC
315,2023-06-12,LIMOGES BENEDICTINS,OUI,3619,13:40,IC ARO,GOURDON,PALITO,FRFSI,11:56,FRAGQ
316,2023-06-12,BRIVE LA GAILLARDE,OUI,3619,14:34,IC ARO,CAUSSADE TARN ET GARONNE,PALITO,FRFTA,13:00,FRBVE
317,2023-06-12,BRIVE LA GAILLARDE,OUI,3619,14:49,IC ARO,MONTAUBAN VILLE BOURBON,PALITO,FRXMW,13:00,FRBVE
318,2023-06-12,GOURDON,OUI,3619,14:34,IC ARO,CAUSSADE TARN ET GARONNE,PALITO,FRFTA,13:42,FRFSI
319,2023-06-12,CAUSSADE TARN ET GARONNE,OUI,3619,15:23,IC ARO,TOULOUSE MATABIAU,PALITO,FRXYT,14:35,FRFTA
320,2023-06-12,LES AUBRAIS ORLEANS,NON,3619,12:57,IC ARO,BRIVE LA GAILLARDE,PALITO,FRBVE,09:30,FRLAB
321,2023-06-12,LES AUBRAIS ORLEANS,NON,3619,13:40,IC ARO,GOURDON,PALITO,FRFSI,09:30,FRLAB
322,2023-06-12,LES AUBRAIS ORLEANS,NON,3619,11:17,IC ARO,LA SOUTERRAINE,PALITO,FRLST,09:30,FRLAB
323,2023-06-12,LA SOUTERRAINE,NON,3619,13:24,IC ARO,SOUILLAC,PALITO,FRSOU,11:19,FRLST
324,2023-06-12,PARIS (intramuros),NON,3619,12:57,IC ARO,BRIVE LA GAILLARDE,PALITO,FRBVE,08:26,FRPAZ
325,2023-06-12,PARIS (intramuros),NON,3619,13:40,IC ARO,GOURDON,PALITO,FRFSI,08:26,FRPAZ
326,2023-06-12,PARIS (intramuros),NON,3619,15:23,IC ARO,TOULOUSE MATABIAU,PALITO,FRXYT,08:26,FRPAZ
327,2023-06-12,VIERZON VILLE,NON,3619,13:40,IC ARO,GOURDON,PALITO,FRFSI,10:09,FRXVZ
328,2023-06-12,CAHORS,OUI,3619,14:34,IC ARO,CAUSSADE TARN ET GARONNE,PALITO,FRFTA,14:09,FRZAO
329,2023-06-12,VIERZON VILLE,NON,3619,14:34,IC ARO,CAUSSADE TARN ET GARONNE,PALITO,FRFTA,10:09,FRXVZ
330,2023-06-12,RENNES,NON,8030,18:04,ATLANTIQUE,PARIS (intramuros),BRETAPARIS,FRPMO,16:27,FRRNS
331,2023-06-12,AGEN,NON,8516,19:39,ATLANTIQUE,BORDEAUX ST JEAN,SUDOUESTPA,FRBOJ,18:31,FRAGF
332,2023-06-12,PARIS (intramuros),NON,9205,10:03,INTERNATIONAL,MULHOUSE VILLE,PABALZUR,FRAEK,07:20,FRPLY
333,2023-06-12,BORDEAUX ST JEAN,NON,12250,10:52,ATLANTIQUE,PARIS (intramuros),SUDOUESTPA,FRPMO,08:46,FRBOJ
334,2023-06-12,PARIS (intramuros),NON,8701,09:25,ATLANTIQUE,VANNES,PARISBRETA,FRVNE,06:56,FRPMO
335,2023-06-12,RENNES,NON,8701,10:28,ATLANTIQUE,QUIMPER,PARISBRETA,FRUIP,08:29,FRRNS
336,2023-06-12,VANNES,NON,8701,10:28,ATLANTIQUE,QUIMPER,PARISBRETA,FRUIP,09:28,FRVNE
337,2023-06-12,CLERMONT FERRAND,NON,5970,14:04,IC ARO,VICHY,CLERMONTPA,FRVHY,13:31,FRCFE
338,2023-06-12,CLERMONT FERRAND,NON,5970,14:29,IC ARO,MOULINS SUR ALLIER,CLERMONTPA,FRXMU,13:31,FRCFE
339,2023-06-12,NEVERS,NON,5970,16:57,IC ARO,PARIS (intramuros),CLERMONTPA,FRPBE,15:00,FRNVS
340,2023-06-12,RIOM CHATEL GUYON,NON,5970,14:29,IC ARO,MOULINS SUR ALLIER,CLERMONTPA,FRXMU,13:42,FRRIO
341,2023-06-12,DUNKERQUE,OUI,7346,22:47,NORD,PARIS (intramuros),ARRASPA,FRPNO,20:28,FRADI
342,2023-06-12,ARRAS,OUI,7346,22:47,NORD,PARIS (intramuros),ARRASPA,FRPNO,21:58,FRQRV
343,2023-06-12,PARIS (intramuros),OUI,7185,19:58,NORD,DOUAI,PAARRAS,FRXDN,18:52,FRPNO
344,2023-06-12,PARIS (intramuros),OUI,8355,19:17,ATLANTIQUE,POITIERS,PAROCHELLE,FRPIS,17:28,FRPMO
345,2023-06-12,LYON (intramuros),NON,5062,13:55,NORD,ARRAS,JCSUDNORD,FRQRV,11:00,FRLPD
346,2023-06-12,MARNE LA VALLEE CHESSY,NON,5062,13:55,NORD,ARRAS,JCSUDNORD,FRQRV,12:51,FRMLV
347,2023-06-12,VALENCE TGV RHONE-ALPES SUD,NON,5062,10:53,NORD,LYON (intramuros),JCSUDNORD,FRLPD,10:15,FRVLA
348,2023-06-12,VALENCE TGV RHONE-ALPES SUD,NON,5062,13:01,NORD,AEROPORT CDG2 TGV ROISSY,JCSUDNORD,FRMLW,10:15,FRVLA
349,2023-06-12,MONTPELLIER SUD DE FRANCE,NON,5062,10:53,NORD,LYON (intramuros),JCSUDNORD,FRLPD,09:12,FRSUF
350,2023-06-12,NIMES PONT DU GARD,NON,5062,10:10,NORD,VALENCE TGV RHONE-ALPES SUD,JCSUDNORD,FRVLA,09:33,FRXZP
351,2023-06-12,STRASBOURG,NON,2358,16:35,EST,PARIS (intramuros),MULHSTRAPA,FRPST,14:49,FRAEG
352,2023-06-12,COLMAR,OUI,2358,14:43,EST,STRASBOURG,MULHSTRAPA,FRAEG,14:16,FRAEJ
353,2023-06-12,MASSY TGV,NON,9838,20:29,NORD,LE MANS,JCNORDBRET,FRAET,19:39,FRDJU
354,2023-06-12,LILLE (intramuros),NON,9838,19:34,NORD,MASSY TGV,JCNORDBRET,FRDJU,17:42,FRLLE
355,2023-06-12,LILLE (intramuros),NON,9838,18:58,NORD,MARNE LA VALLEE CHESSY,JCNORDBRET,FRMLV,17:42,FRLLE
356,2023-06-12,LILLE (intramuros),NON,9838,21:29,NORD,RENNES,JCNORDBRET,FRRNS,17:42,FRLLE
357,2023-06-12,TGV HAUTE PICARDIE,NON,9838,20:29,NORD,LE MANS,JCNORDBRET,FRAET,18:15,FRTHP
358,2023-06-12,BRUXELLES MIDI BRUSSEL ZUID,NON,9838,21:29,NORD,RENNES,JCNORDBRET,FRRNS,16:54,BEBMI
359,2023-06-12,NIMES,NON,9713,14:07,SUD EST,BEZIERS,PABARCELONE,FRBZR,12:49,FRFNI
360,2023-06-12,NIMES,NON,9713,13:52,SUD EST,AGDE,PABARCELONE,FRXAG,12:49,FRFNI
361,2023-06-12,MONTPELLIER SAINT-ROCH,NON,9713,14:24,SUD EST,NARBONNE,PABARCELONE,FRXNA,13:20,FRMPL
362,2023-06-12,PARIS (intramuros),NON,9713,11:57,SUD EST,VALENCE TGV RHONE-ALPES SUD,PABARCELONE,FRVLA,09:40,FRPLY
363,2023-06-12,VALENCE TGV RHONE-ALPES SUD,NON,9713,14:24,SUD EST,NARBONNE,PABARCELONE,FRXNA,12:00,FRVLA
364,2023-06-12,VALENCE TGV RHONE-ALPES SUD,NON,9713,13:34,SUD EST,SETE,PABARCELONE,FRXSY,12:00,FRVLA
365,2023-06-12,AGDE,NON,9713,14:07,SUD EST,BEZIERS,PABARCELONE,FRBZR,13:55,FRXAG
366,2023-06-12,SETE,NON,9713,16:34,SUD EST,BARCELONA SANTS,PABARCELONE,ESBST,13:37,FRXSY
367,2023-06-12,BEZIERS,NON,9713,15:46,SUD EST,GIRONA,PABARCELONE,ESGRO,14:10,FRBZR
368,2023-06-12,SETE,NON,9713,15:27,SUD EST,FIGUERES VILA TGV,PABARCELONE,ESFIR,13:37,FRXSY
369,2023-06-12,PARIS (intramuros),NON,6153,22:11,SUD EST,TOULON,PAAZUR,FRTLN,18:08,FRPLY
370,2023-06-12,STRASBOURG,NON,9560,20:41,INTERNATIONAL,PARIS (intramuros),FRANCPA,FRPST,18:57,FRAEG
371,2023-06-12,BASEL SBB,NON,9218,15:38,INTERNATIONAL,PARIS (intramuros),ZURBALPA,FRPLY,12:34,CHAJP
372,2023-06-12,PARIS (intramuros),NON,8505,13:14,ATLANTIQUE,BORDEAUX ST JEAN,PASUDOUEST,FRBOJ,11:08,FRPMO
373,2023-06-12,PARIS (intramuros),NON,8505,15:00,ATLANTIQUE,MONTAUBAN VILLE BOURBON,PASUDOUEST,FRXMW,11:08,FRPMO
374,2023-06-12,MONTAUBAN VILLE BOURBON,NON,8505,15:36,ATLANTIQUE,TOULOUSE MATABIAU,PASUDOUEST,FRXYT,15:03,FRXMW
375,2023-06-12,AGEN,OUI,4756,13:37,IC ARO,BORDEAUX ST JEAN,TJOURSESO,FRBOJ,12:33,FRAGF
376,2023-06-12,CARCASSONNE,NON,4756,11:54,IC ARO,MONTAUBAN VILLE BOURBON,TJOURSESO,FRXMW,10:35,FRCCF
377,2023-06-12,ARLES,NON,4756,13:37,IC ARO,BORDEAUX ST JEAN,TJOURSESO,FRBOJ,08:13,FRHZA
378,2023-06-12,ARLES,NON,4756,11:54,IC ARO,MONTAUBAN VILLE BOURBON,TJOURSESO,FRXMW,08:13,FRHZA
379,2023-06-12,ARLES,NON,4756,09:25,IC ARO,SETE,TJOURSESO,FRXSY,08:13,FRHZA
380,2023-06-12,MONTPELLIER SAINT-ROCH,NON,4756,12:31,IC ARO,AGEN,TJOURSESO,FRAGF,09:11,FRMPL
381,2023-06-12,MONTPELLIER SAINT-ROCH,NON,4756,11:18,IC ARO,TOULOUSE MATABIAU,TJOURSESO,FRXYT,09:11,FRMPL
382,2023-06-12,MARSEILLE ST CHARLES,OUI,4756,08:40,IC ARO,NIMES,TJOURSESO,FRFNI,07:22,FRMSC
383,2023-06-12,MARSEILLE ST CHARLES,OUI,4756,08:11,IC ARO,ARLES,TJOURSESO,FRHZA,07:22,FRMSC
384,2023-06-12,NARBONNE,NON,4756,12:31,IC ARO,AGEN,TJOURSESO,FRAGF,10:04,FRXNA
385,2023-06-12,SETE,NON,4756,11:54,IC ARO,MONTAUBAN VILLE BOURBON,TJOURSESO,FRXMW,09:27,FRXSY
386,2023-06-12,TOULOUSE MATABIAU,OUI,4756,12:31,IC ARO,AGEN,TJOURSESO,FRAGF,11:24,FRXYT
387,2023-06-12,TOULOUSE MATABIAU,OUI,4756,13:37,IC ARO,BORDEAUX ST JEAN,TJOURSESO,FRBOJ,11:24,FRXYT
388,2023-06-12,TOULOUSE MATABIAU,OUI,4756,11:54,IC ARO,MONTAUBAN VILLE BOURBON,TJOURSESO,FRXMW,11:24,FRXYT
389,2023-06-12,BEZIERS,OUI,4651,10:33,IC ARO,MARSEILLE ST CHARLES,TJOURSOSE,FRMSC,08:16,FRBZR
390,2023-06-12,CARCASSONNE,OUI,4651,07:57,IC ARO,NARBONNE,TJOURSOSE,FRXNA,07:28,FRCCF
391,2023-06-12,NARBONNE,OUI,4651,08:51,IC ARO,MONTPELLIER SAINT-ROCH,TJOURSOSE,FRMPL,08:00,FRXNA
392,2023-06-12,TOULOUSE MATABIAU,OUI,4651,07:26,IC ARO,CARCASSONNE,TJOURSOSE,FRCCF,06:45,FRXYT
393,2023-06-12,PARIS (intramuros),NON,9777,20:14,INTERNATIONAL,LAUSANNE,PAGENEVE,CHAJF,16:16,FRPLY
394,2023-06-12,PARIS (intramuros),NON,9777,19:00,INTERNATIONAL,BELLEGARDE,PAGENEVE,FRXBF,16:16,FRPLY
395,2023-06-12,BOURG EN BRESSE,NON,9777,19:30,INTERNATIONAL,GENEVE,PAGENEVE,CHGVA,18:12,FRXBK
396,2023-06-12,GENEVE,NON,9777,20:14,INTERNATIONAL,LAUSANNE,PAGENEVE,CHAJF,19:39,CHGVA
397,2023-06-12,FREIBURG BREISGAU HBF,OUI,9590,07:40,EST,STRASBOURG,MULHSTRAPA,FRAEG,06:36,DEFGB
398,2023-06-12,RINGSHEIM/EU-PARK,OUI,9590,07:03,EST,LAHR SCHWARZW,MULHSTRAPA,DEANL,06:56,DERSH
399,2023-06-12,PARIS (intramuros),NON,6601,07:07,SUD EST,LE CREUSOT MONTCEAU MONTCHANIN,PARISRHONE,FRXCC,05:50,FRPLY
400,2023-06-12,LE CREUSOT MONTCEAU MONTCHANIN,NON,6601,07:56,SUD EST,LYON (intramuros),PARISRHONE,FRLPD,07:10,FRXCC
401,2023-06-12,LE CREUSOT MONTCEAU MONTCHANIN,NON,6601,08:10,SUD EST,LYON (intramuros),PARISRHONE,FRLPE,07:10,FRXCC
402,2023-06-12,METZ VILLE,NON,2870,16:31,EST,PARIS (intramuros),LUXMETZPA,FRPST,15:05,FRADE
403,2023-06-12,ANGOULEME,NON,8450,20:35,ATLANTIQUE,ST PIERRE DES CORPS,SUDOUESTPA,FRXSH,19:16,FRANG
404,2023-06-12,BORDEAUX ST JEAN,NON,8450,19:13,ATLANTIQUE,ANGOULEME,SUDOUESTPA,FRANG,18:38,FRBOJ
405,2023-06-12,BORDEAUX ST JEAN,NON,8450,20:35,ATLANTIQUE,ST PIERRE DES CORPS,SUDOUESTPA,FRXSH,18:38,FRBOJ
406,2023-06-12,POITIERS,NON,8450,20:35,ATLANTIQUE,ST PIERRE DES CORPS,SUDOUESTPA,FRXSH,20:04,FRPIS
407,2023-06-12,MACON LOCHE TGV,NON,6931,09:36,SUD EST,CHAMBERY CHALLES LES EAUX,PARISALPES,FRCMF,08:20,FRMLT
408,2023-06-12,LILLE (intramuros),OUI,9844,20:09,NORD,MARNE LA VALLEE CHESSY,JCNORDSUD,FRMLV,19:03,FRLLE
409,2023-06-12,MARNE LA VALLEE CHESSY,OUI,9844,22:00,NORD,LYON (intramuros),JCNORDSUD,FRLPD,20:13,FRMLV
410,2023-06-12,MARNE LA VALLEE CHESSY,OUI,9844,22:18,NORD,LYON (intramuros),JCNORDSUD,FRLPE,20:13,FRMLV
411,2023-06-12,AEROPORT CDG2 TGV ROISSY,OUI,9844,22:00,NORD,LYON (intramuros),JCNORDSUD,FRLPD,20:00,FRMLW
412,2023-06-12,AEROPORT CDG2 TGV ROISSY,OUI,9844,20:09,NORD,MARNE LA VALLEE CHESSY,JCNORDSUD,FRMLV,20:00,FRMLW
413,2023-06-12,BORDEAUX ST JEAN,NON,3856,17:22,IC SRO,LA ROCHE SUR YON,BORDONANTE,FRXRO,13:53,FRBOJ
414,2023-06-12,JONZAC,NON,3856,16:58,IC SRO,LUCON,BORDONANTE,FRLCN,14:41,FREMR
415,2023-06-12,LA ROCHELLE VILLE,NON,3856,16:58,IC SRO,LUCON,BORDONANTE,FRLCN,16:19,FRLRH
416,2023-06-12,LA ROCHELLE VILLE,NON,3856,17:22,IC SRO,LA ROCHE SUR YON,BORDONANTE,FRXRO,16:19,FRLRH
417,2023-06-12,LA ROCHE SUR YON,NON,3856,18:05,IC SRO,NANTES,BORDONANTE,FRNTE,17:24,FRXRO
418,2023-06-12,SAINTES,NON,3856,15:54,IC SRO,ROCHEFORT,BORDONANTE,FRRCO,15:25,FRXST
419,2023-06-12,BOURG EN BRESSE,NON,9781,20:35,INTERNATIONAL,NURIEUX,PAGENEVE,FRHQN,20:10,FRXBK
420,2023-06-12,SURGERES,NON,8374,13:37,ATLANTIQUE,PARIS (intramuros),ROCHELLEPA,FRPMO,11:05,FREIP
421,2023-06-12,LA ROCHELLE VILLE,NON,8374,13:37,ATLANTIQUE,PARIS (intramuros),ROCHELLEPA,FRPMO,10:44,FRLRH
422,2023-06-12,ANGERS ST LAUD,NON,8912,11:25,ATLANTIQUE,PARIS (intramuros),LOIREPARIS,FRPMO,09:44,FRACL
423,2023-06-12,LE MANS,NON,8912,11:25,ATLANTIQUE,PARIS (intramuros),LOIREPARIS,FRPMO,10:26,FRAET
424,2023-06-12,LA BAULE ESCOUBLAC,OUI,8912,09:41,ATLANTIQUE,ANGERS ST LAUD,LOIREPARIS,FRACL,08:07,FRJEE
425,2023-06-12,LA BAULE ESCOUBLAC,OUI,8912,08:59,ATLANTIQUE,NANTES,LOIREPARIS,FRNTE,08:07,FRJEE
426,2023-06-12,BASEL SBB,NON,9234,20:18,INTERNATIONAL,BELFORT-MONTBELIARD TGV,ZURBALPA,FRTJA,19:34,CHAJP
427,2023-06-12,MULHOUSE VILLE,NON,9234,22:42,INTERNATIONAL,PARIS (intramuros),ZURBALPA,FRPLY,19:56,FRAEK
428,2023-06-12,AIX EN PROVENCE TGV,OUI,5054,07:07,NORD,AVIGNON TGV,JCSUDNORD,FRAVG,06:47,FRAIE
429,2023-06-12,MARNE LA VALLEE CHESSY,OUI,5054,10:32,NORD,AEROPORT CDG2 TGV ROISSY,JCSUDNORD,FRMLW,10:23,FRMLV
430,2023-06-12,MARSEILLE ST CHARLES,OUI,5054,06:44,NORD,AIX EN PROVENCE TGV,JCSUDNORD,FRAIE,06:33,FRMSC
431,2023-06-12,LIMOGES BENEDICTINS,NON,3635,18:19,IC ARO,CAHORS,PALITO,FRZAO,16:06,FRAGQ
432,2023-06-12,CHATEAUROUX,NON,3635,17:06,IC ARO,BRIVE LA GAILLARDE,PALITO,FRBVE,14:47,FRCHR
433,2023-06-12,CHATEAUROUX,NON,3635,17:33,IC ARO,SOUILLAC,PALITO,FRSOU,14:47,FRCHR
434,2023-06-12,ARGENTON SUR CREUSE,NON,3635,18:19,IC ARO,CAHORS,PALITO,FRZAO,15:03,FRFMT
435,2023-06-12,LA SOUTERRAINE,NON,3635,18:19,IC ARO,CAHORS,PALITO,FRZAO,15:29,FRLST
436,2023-06-12,PARIS (intramuros),NON,3635,14:13,IC ARO,VIERZON VILLE,PALITO,FRXVZ,12:21,FRPAZ
437,2023-06-12,VIERZON VILLE,NON,3635,15:27,IC ARO,LA SOUTERRAINE,PALITO,FRLST,14:15,FRXVZ
438,2023-06-12,CHAMBERY CHALLES LES EAUX,NON,9252,19:39,INTERNATIONAL,MACON LOCHE TGV,ITALIEPA,FRMLT,18:22,FRCMF
439,2023-06-12,MILANO P GARIBALDI,NON,9252,19:39,INTERNATIONAL,MACON LOCHE TGV,ITALIEPA,FRMLT,14:10,ITMPG
440,2023-06-12,OULX CESANA CLAV SESTRIERE,NON,9252,17:03,INTERNATIONAL,MODANE,ITALIEPA,FRAGR,16:36,ITOCS
441,2023-06-12,OULX CESANA CLAV SESTRIERE,NON,9252,18:15,INTERNATIONAL,CHAMBERY CHALLES LES EAUX,ITALIEPA,FRCMF,16:36,ITOCS
442,2023-06-12,OULX CESANA CLAV SESTRIERE,NON,9252,19:39,INTERNATIONAL,MACON LOCHE TGV,ITALIEPA,FRMLT,16:36,ITOCS
443,2023-06-12,PARIS (intramuros),OUI,7077,20:48,NORD,LILLE (intramuros),PALILLE,FRADJ,19:46,FRPNO
444,2023-06-12,LE MANS,NON,5354,14:09,SUD EST,ANGERS ST LAUD,JCSUDATL,FRACL,13:32,FRAET
445,2023-06-12,LE MANS,NON,5354,14:50,SUD EST,NANTES,JCSUDATL,FRNTE,13:32,FRAET
446,2023-06-12,LYON (intramuros),NON,5354,14:09,SUD EST,ANGERS ST LAUD,JCSUDATL,FRACL,10:30,FRLPD
447,2023-06-12,LYON (intramuros),NON,5354,14:50,SUD EST,NANTES,JCSUDATL,FRNTE,10:30,FRLPD
448,2023-06-12,LYON (intramuros),NON,5354,14:09,SUD EST,ANGERS ST LAUD,JCSUDATL,FRACL,10:16,FRLPE
449,2023-06-12,LYON (intramuros),NON,5354,12:34,SUD EST,MASSY TGV,JCSUDATL,FRDJU,10:16,FRLPE
450,2023-06-12,PARIS (intramuros),OUI,8881,17:33,ATLANTIQUE,LE MANS,PARISLOIRE,FRAET,16:36,FRPMO
451,2023-06-12,AIX LES BAINS LE REVARD,NON,6951,22:30,SUD EST,ANNECY,PARISALPES,FRNCY,22:03,FRXAI
452,2023-06-12,LORIENT,OUI,8715,14:34,ATLANTIQUE,QUIMPER,PARISBRETA,FRUIP,14:00,FRLRT
453,2023-06-12,PARIS (intramuros),NON,8715,14:34,ATLANTIQUE,QUIMPER,PARISBRETA,FRUIP,10:53,FRPMO
454,2023-06-12,PARIS (intramuros),NON,8715,13:25,ATLANTIQUE,VANNES,PARISBRETA,FRVNE,10:53,FRPMO
455,2023-06-12,RENNES,OUI,8715,13:57,ATLANTIQUE,LORIENT,PARISBRETA,FRLRT,12:29,FRRNS
456,2023-06-12,RENNES,OUI,8715,13:25,ATLANTIQUE,VANNES,PARISBRETA,FRVNE,12:29,FRRNS
457,2023-06-12,BORDEAUX ST JEAN,OUI,8592,22:32,ATLANTIQUE,PAU,PASUDOUEST,FRAEE,20:20,FRBOJ
458,2023-06-12,BORDEAUX ST JEAN,OUI,8592,23:00,ATLANTIQUE,LOURDES,PASUDOUEST,FRLDE,20:20,FRBOJ
459,2023-06-12,PARIS (intramuros),NON,8592,20:14,ATLANTIQUE,BORDEAUX ST JEAN,PASUDOUEST,FRBOJ,18:07,FRPMO
460,2023-06-12,PARIS (intramuros),NON,8592,22:08,ATLANTIQUE,ORTHEZ,PASUDOUEST,FRGFI,18:07,FRPMO
461,2023-06-12,DIJON VILLE,NON,6760,08:06,SUD EST,PARIS (intramuros),BOURPA,FRPLY,06:26,FRABA
462,2023-06-12,BESANCON VIOTTE,NON,6760,05:55,SUD EST,DOLE VILLE,BOURPA,FRACE,05:32,FRABG
463,2023-06-12,BREST,OUI,8630,15:38,ATLANTIQUE,LAMBALLE,BRETAPARIS,FRLAM,14:07,FRBES
464,2023-06-12,PLOUARET TREGOR,OUI,8630,15:26,ATLANTIQUE,ST BRIEUC,BRETAPARIS,FRSBK,14:57,FRPLT
465,2023-06-12,AIX EN PROVENCE TGV,NON,6850,19:20,SUD EST,LYON (intramuros),JCSUDPROV,FRLPD,17:47,FRAIE
466,2023-06-12,CANNES,NON,6850,17:44,SUD EST,AIX EN PROVENCE TGV,JCSUDPROV,FRAIE,15:09,FRJCA
467,2023-06-12,CANNES,OUI,6850,16:19,SUD EST,TOULON,JCSUDPROV,FRTLN,15:09,FRJCA
468,2023-06-12,MARSEILLE ST CHARLES,NON,6850,19:20,SUD EST,LYON (intramuros),JCSUDPROV,FRLPD,17:32,FRMSC
469,2023-06-12,NICE VILLE,OUI,6850,17:19,SUD EST,MARSEILLE ST CHARLES,JCSUDPROV,FRMSC,14:40,FRNIC
470,2023-06-12,NICE VILLE,OUI,6850,14:53,SUD EST,ANTIBES,JCSUDPROV,FRXAT,14:40,FRNIC
471,2023-06-12,TOULON,NON,6850,18:06,SUD EST,AVIGNON TGV,JCSUDPROV,FRAVG,16:23,FRTLN
472,2023-06-12,ANTIBES,OUI,6850,15:31,SUD EST,ST RAPHAEL VALESCURE,JCSUDPROV,FRXSK,14:56,FRXAT
473,2023-06-12,ST RAPHAEL VALESCURE,NON,6850,17:44,SUD EST,AIX EN PROVENCE TGV,JCSUDPROV,FRAIE,15:34,FRXSK
474,2023-06-12,ST RAPHAEL VALESCURE,NON,6850,18:06,SUD EST,AVIGNON TGV,JCSUDPROV,FRAVG,15:34,FRXSK
475,2023-06-12,VANNES,NON,8790,08:48,ATLANTIQUE,PARIS (intramuros),BRETAPARIS,FRPMO,05:50,FRVNE
476,2023-06-12,NEVERS,OUI,5983,21:28,IC ARO,MOULINS SUR ALLIER,PACLERMONT,FRXMU,20:59,FRNVS
477,2023-06-12,PARIS (intramuros),OUI,5983,20:57,IC ARO,NEVERS,PACLERMONT,FRNVS,18:57,FRPBE
478,2023-06-12,VICHY,OUI,5983,22:37,IC ARO,CLERMONT FERRAND,PACLERMONT,FRCFE,22:03,FRVHY
479,2023-06-12,PARIS (intramuros),OUI,8619,16:25,ATLANTIQUE,BREST,PARISBRETA,FRBES,12:56,FRPMO
480,2023-06-12,PARIS (intramuros),OUI,8619,15:13,ATLANTIQUE,ST BRIEUC,PARISBRETA,FRSBK,12:56,FRPMO
481,2023-06-12,QUIMPERLE,NON,8710,13:19,ATLANTIQUE,PARIS (intramuros),BRETAPARIS,FRPMO,09:38,FRECO
482,2023-06-12,QUIMPERLE,OUI,8710,10:48,ATLANTIQUE,REDON,BRETAPARIS,FRXRN,09:38,FRECO
483,2023-06-12,LORIENT,NON,8710,12:01,ATLANTIQUE,LAVAL,BRETAPARIS,FRACR,09:52,FRLRT
484,2023-06-12,LORIENT,NON,8710,11:25,ATLANTIQUE,RENNES,BRETAPARIS,FRRNS,09:52,FRLRT
485,2023-06-12,ROSPORDEN,OUI,8710,09:49,ATLANTIQUE,LORIENT,BRETAPARIS,FRLRT,09:23,FRRSP
486,2023-06-12,QUIMPER,NON,8710,11:25,ATLANTIQUE,RENNES,BRETAPARIS,FRRNS,09:09,FRUIP
487,2023-06-12,QUIMPER,OUI,8710,10:48,ATLANTIQUE,REDON,BRETAPARIS,FRXRN,09:09,FRUIP
488,2023-06-12,VANNES,NON,8710,13:19,ATLANTIQUE,PARIS (intramuros),BRETAPARIS,FRPMO,10:23,FRVNE
489,2023-06-12,REDON,NON,8710,11:25,ATLANTIQUE,RENNES,BRETAPARIS,FRRNS,10:51,FRXRN
490,2023-06-12,AURAY,OUI,8710,10:20,ATLANTIQUE,VANNES,BRETAPARIS,FRVNE,10:10,FRXUY
491,2023-06-12,BRUXELLES MIDI BRUSSEL ZUID,NON,9874,15:55,NORD,CHAMPAGNE-ARDENNE,JCNORDEST,FREAH,13:17,BEBMI
492,2023-06-12,MARNE LA VALLEE CHESSY,NON,9874,16:48,NORD,LORRAINE TGV,JCNORDEST,FREAM,15:23,FRMLV
493,2023-06-12,MONTPELLIER SAINT-ROCH,NON,6206,19:18,SUD EST,PARIS (intramuros),LANGPA,FRPLY,15:46,FRMPL
494,2023-06-12,ANGERS ST LAUD,NON,8803,09:54,ATLANTIQUE,NANTES,PARISLOIRE,FRNTE,09:16,FRACL
495,2023-06-12,PARIS (intramuros),NON,8803,08:51,ATLANTIQUE,SABLE SUR SARTHE,PARISLOIRE,FRSAB,07:45,FRPMO
496,2023-06-12,NANCY,NON,2596,09:46,EST,PARIS (intramuros),NANCYPA,FRPST,08:16,FRENC
497,2023-06-12,PARIS (intramuros),NON,2833,19:05,EST,METZ VILLE,PAMETZLUX,FRADE,17:40,FRPST
498,2023-06-12,ANGERS ST LAUD,OUI,8985,22:19,ATLANTIQUE,LES SABLES D'OLONNE,PARISLOIRE,FRLSO,20:19,FRACL
499,2023-06-12,PARIS (intramuros),NON,8985,22:19,ATLANTIQUE,LES SABLES D'OLONNE,PARISLOIRE,FRLSO,18:48,FRPMO
500,2023-06-12,PARIS (intramuros),NON,8985,19:54,ATLANTIQUE,SABLE SUR SARTHE,PARISLOIRE,FRSAB,18:48,FRPMO
501,2023-06-12,PARIS (intramuros),NON,8985,21:50,ATLANTIQUE,LA ROCHE SUR YON,PARISLOIRE,FRXRO,18:48,FRPMO
502,2023-06-12,LIMOGES BENEDICTINS,OUI,3615,11:38,IC ARO,UZERCHE,PALITO,FRAAW,11:01,FRAGQ
503,2023-06-12,LA SOUTERRAINE,OUI,3615,11:38,IC ARO,UZERCHE,PALITO,FRAAW,10:23,FRLST
504,2023-06-12,VIERZON VILLE,OUI,3615,09:43,IC ARO,CHATEAUROUX,PALITO,FRCHR,09:13,FRXVZ
505,2023-06-12,DAX,NON,8550,20:41,ATLANTIQUE,BORDEAUX ST JEAN,SUDOUESTPA,FRBOJ,19:26,FRACG
506,2023-06-12,DAX,NON,8550,23:00,ATLANTIQUE,PARIS (intramuros),SUDOUESTPA,FRPMO,19:26,FRACG
507,2023-06-12,BAYONNE,NON,8550,19:21,ATLANTIQUE,DAX,SUDOUESTPA,FRACG,18:51,FRXBY
508,2023-06-12,ANGERS ST LAUD,NON,4404,12:54,IC SRO,SAUMUR,JOURNTELYN,FRACN,12:33,FRACL
509,2023-06-12,ANGERS ST LAUD,NON,4404,14:56,IC SRO,BOURGES,JOURNTELYN,FRBOU,12:33,FRACL
510,2023-06-12,ANGERS ST LAUD,NON,4404,18:39,IC SRO,LYON (intramuros),JOURNTELYN,FRLPE,12:33,FRACL
511,2023-06-12,ANGERS ST LAUD,NON,4404,16:15,IC SRO,MOULINS SUR ALLIER,JOURNTELYN,FRXMU,12:33,FRACL
512,2023-06-12,ANGERS ST LAUD,NON,4404,14:35,IC SRO,VIERZON VILLE,JOURNTELYN,FRXVZ,12:33,FRACL
513,2023-06-12,SAUMUR,NON,4404,18:26,IC SRO,LYON (intramuros),JOURNTELYN,FRLPD,12:56,FRACN
514,2023-06-12,SAUMUR,NON,4404,16:41,IC SRO,ST GERMAIN DES FOSSES,JOURNTELYN,FRSGF,12:56,FRACN
515,2023-06-12,SAUMUR,NON,4404,16:15,IC SRO,MOULINS SUR ALLIER,JOURNTELYN,FRXMU,12:56,FRACN
516,2023-06-12,BOURGES,NON,4404,18:26,IC SRO,LYON (intramuros),JOURNTELYN,FRLPD,14:58,FRBOU
517,2023-06-12,BOURGES,NON,4404,15:36,IC SRO,NEVERS,JOURNTELYN,FRNVS,14:58,FRBOU
518,2023-06-12,BOURGES,NON,4404,16:15,IC SRO,MOULINS SUR ALLIER,JOURNTELYN,FRXMU,14:58,FRBOU
519,2023-06-12,NANTES,NON,4404,15:36,IC SRO,NEVERS,JOURNTELYN,FRNVS,11:51,FRNTE
520,2023-06-12,NANTES,NON,4404,16:15,IC SRO,MOULINS SUR ALLIER,JOURNTELYN,FRXMU,11:51,FRNTE
521,2023-06-12,NEVERS,NON,4404,18:39,IC SRO,LYON (intramuros),JOURNTELYN,FRLPE,15:47,FRNVS
522,2023-06-12,NEVERS,NON,4404,17:20,IC SRO,ROANNE,JOURNTELYN,FRRNE,15:47,FRNVS
523,2023-06-12,MOULINS SUR ALLIER,NON,4404,18:39,IC SRO,LYON (intramuros),JOURNTELYN,FRLPE,16:17,FRXMU
524,2023-06-12,ST PIERRE DES CORPS,NON,4404,15:36,IC SRO,NEVERS,JOURNTELYN,FRNVS,13:34,FRXSH
525,2023-06-12,ST PIERRE DES CORPS,NON,4404,16:15,IC SRO,MOULINS SUR ALLIER,JOURNTELYN,FRXMU,13:34,FRXSH
526,2023-06-12,VIERZON VILLE,NON,4404,14:56,IC SRO,BOURGES,JOURNTELYN,FRBOU,14:39,FRXVZ
527,2023-06-12,VIERZON VILLE,NON,4404,18:26,IC SRO,LYON (intramuros),JOURNTELYN,FRLPD,14:39,FRXVZ
528,2023-06-12,JONZAC,NON,3831,12:07,IC SRO,BORDEAUX ST JEAN,NANTEBORDO,FRBOJ,11:11,FREMR
529,2023-06-12,LUCON,NON,3831,09:39,IC SRO,LA ROCHELLE VILLE,NANTEBORDO,FRLRH,09:00,FRLCN
530,2023-06-12,LUCON,NON,3831,10:03,IC SRO,ROCHEFORT,NANTEBORDO,FRRCO,09:00,FRLCN
531,2023-06-12,NANTES,NON,3831,11:10,IC SRO,JONZAC,NANTEBORDO,FREMR,07:55,FRNTE
532,2023-06-12,NANTES,NON,3831,08:35,IC SRO,LA ROCHE SUR YON,NANTEBORDO,FRXRO,07:55,FRNTE
533,2023-06-12,ROCHEFORT,NON,3831,11:10,IC SRO,JONZAC,NANTEBORDO,FREMR,10:05,FRRCO
534,2023-06-12,LA ROCHE SUR YON,NON,3831,10:32,IC SRO,SAINTES,NANTEBORDO,FRXST,08:36,FRXRO
535,2023-06-12,AIX EN PROVENCE TGV,NON,9866,16:57,NORD,LILLE (intramuros),JCSUDNORD,FRLLE,12:26,FRAIE
536,2023-06-12,AVIGNON TGV,NON,9866,17:43,NORD,BRUXELLES MIDI BRUSSEL ZUID,JCSUDNORD,BEBMI,12:48,FRAVG
537,2023-06-12,LILLE (intramuros),OUI,9866,17:43,NORD,BRUXELLES MIDI BRUSSEL ZUID,JCSUDNORD,BEBMI,17:08,FRLLE
538,2023-06-12,MARNE LA VALLEE CHESSY,NON,9866,16:57,NORD,LILLE (intramuros),JCSUDNORD,FRLLE,15:50,FRMLV
539,2023-06-12,MARSEILLE ST CHARLES,NON,9866,13:54,NORD,LYON (intramuros),JCSUDNORD,FRLPD,12:12,FRMSC
540,2023-06-12,MONTBARD,NON,6743,17:27,SUD EST,BESANCON VIOTTE,PABOUR,FRABG,15:57,FRGWE
541,2023-06-12,PARIS (intramuros),NON,6743,16:58,SUD EST,DOLE VILLE,PABOUR,FRACE,14:50,FRPLY
542,2023-06-12,PARIS (intramuros),OUI,7391,22:42,NORD,DUNKERQUE,PAARRAS,FRADI,20:25,FRPNO
543,2023-06-12,PARIS (intramuros),OUI,7391,21:37,NORD,LENS,PAARRAS,FRXLE,20:25,FRPNO
544,2023-06-12,SURGERES,NON,8378,15:16,ATLANTIQUE,POITIERS,ROCHELLEPA,FRPIS,14:08,FREIP
545,2023-06-12,LA ROCHELLE VILLE,OUI,8378,14:26,ATLANTIQUE,NIORT,ROCHELLEPA,FRNIT,13:47,FRLRH
546,2023-06-12,LA ROCHELLE VILLE,NON,8378,15:16,ATLANTIQUE,POITIERS,ROCHELLEPA,FRPIS,13:47,FRLRH
547,2023-06-12,NIORT,NON,8378,16:57,ATLANTIQUE,PARIS (intramuros),ROCHELLEPA,FRPMO,14:29,FRNIT
548,2023-06-12,NIORT,NON,8378,15:50,ATLANTIQUE,ST PIERRE DES CORPS,ROCHELLEPA,FRXSH,14:29,FRNIT
549,2023-06-12,POITIERS,NON,8378,15:50,ATLANTIQUE,ST PIERRE DES CORPS,ROCHELLEPA,FRXSH,15:19,FRPIS
550,2023-06-12,BIARRITZ,OUI,8544,17:22,ATLANTIQUE,DAX,SUDOUESTPA,FRACG,16:39,FRBIQ
551,2023-06-12,BIARRITZ,NON,8544,18:40,ATLANTIQUE,BORDEAUX ST JEAN,SUDOUESTPA,FRBOJ,16:39,FRBIQ
552,2023-06-12,AIX EN PROVENCE TGV,NON,6852,21:36,SUD EST,VALENCE TGV RHONE-ALPES SUD,JCSUDPROV,FRVLA,20:32,FRAIE
553,2023-06-12,AVIGNON TGV,OUI,6852,21:36,SUD EST,VALENCE TGV RHONE-ALPES SUD,JCSUDPROV,FRVLA,20:55,FRAVG
554,2023-06-12,CANNES,OUI,6852,19:14,SUD EST,TOULON,JCSUDPROV,FRTLN,17:59,FRJCA
555,2023-06-12,MARSEILLE ST CHARLES,NON,6852,22:18,SUD EST,LYON (intramuros),JCSUDPROV,FRLPD,20:18,FRMSC
556,2023-06-12,MARSEILLE ST CHARLES,NON,6852,21:36,SUD EST,VALENCE TGV RHONE-ALPES SUD,JCSUDPROV,FRVLA,20:18,FRMSC
557,2023-06-12,NICE VILLE,OUI,6852,17:55,SUD EST,CANNES,JCSUDPROV,FRJCA,17:27,FRNIC
558,2023-06-12,TOULON,NON,6852,20:52,SUD EST,AVIGNON TGV,JCSUDPROV,FRAVG,19:18,FRTLN
559,2023-06-12,ANTIBES,NON,6852,20:29,SUD EST,AIX EN PROVENCE TGV,JCSUDPROV,FRAIE,17:45,FRXAT
560,2023-06-12,LES ARCS DRAGUIGNAN,NON,6852,21:36,SUD EST,VALENCE TGV RHONE-ALPES SUD,JCSUDPROV,FRVLA,18:40,FRXRS
561,2023-06-12,ST RAPHAEL VALESCURE,NON,6852,22:18,SUD EST,LYON (intramuros),JCSUDPROV,FRLPD,18:23,FRXSK
562,2023-06-12,BRUXELLES MIDI BRUSSEL ZUID,NON,9870,10:25,NORD,LORRAINE TGV,JCNORDEST,FREAM,07:17,BEBMI
563,2023-06-12,CHAMPAGNE-ARDENNE,NON,9870,11:05,NORD,STRASBOURG,JCNORDEST,FRAEG,09:34,FREAH
564,2023-06-12,MEUSE TGV,NON,9870,10:25,NORD,LORRAINE TGV,JCNORDEST,FREAM,10:07,FREAJ
565,2023-06-12,LILLE (intramuros),NON,9870,10:25,NORD,LORRAINE TGV,JCNORDEST,FREAM,08:02,FRLLE
566,2023-06-12,AVIGNON CENTRE,OUI,6194,08:09,SUD EST,VALENCE VILLE,VDRPA,FRVAF,07:04,FRAES
567,2023-06-12,AVIGNON CENTRE,OUI,6194,07:45,SUD EST,MONTELIMAR GARE SNCF,VDRPA,FRXMK,07:04,FRAES
568,2023-06-12,VALENCE VILLE,NON,6194,10:46,SUD EST,PARIS (intramuros),VDRPA,FRPLY,08:12,FRVAF
569,2023-06-12,MONTELIMAR GARE SNCF,NON,6194,10:46,SUD EST,PARIS (intramuros),VDRPA,FRPLY,07:48,FRXMK
570,2023-06-12,MONTELIMAR GARE SNCF,OUI,6194,08:09,SUD EST,VALENCE VILLE,VDRPA,FRVAF,07:48,FRXMK
571,2023-06-12,ORANGE,OUI,6194,08:09,SUD EST,VALENCE VILLE,VDRPA,FRVAF,07:21,FRXOG
572,2023-06-12,POITIERS,OUI,8485,17:37,ATLANTIQUE,BORDEAUX ST JEAN,PASUDOUEST,FRBOJ,15:57,FRPIS
573,2023-06-12,POITIERS,OUI,8485,17:15,ATLANTIQUE,LIBOURNE,PASUDOUEST,FRXLR,15:57,FRPIS
574,2023-06-12,ST PIERRE DES CORPS,NON,8485,17:37,ATLANTIQUE,BORDEAUX ST JEAN,PASUDOUEST,FRBOJ,15:21,FRXSH
575,2023-06-12,ST PIERRE DES CORPS,NON,8485,17:15,ATLANTIQUE,LIBOURNE,PASUDOUEST,FRXLR,15:21,FRXSH
576,2023-06-12,LES AUBRAIS ORLEANS,NON,3971,06:38,IC NUIT,PAMIERS,PARPALOMBE,FRPMS,22:27,FRLAB
577,2023-06-12,LES AUBRAIS ORLEANS,NON,3971,08:46,IC NUIT,LATOUR DE CAROL ENVEITG,PARPALOMBE,FRXTE,22:27,FRLAB
578,2023-06-12,PARIS (intramuros),NON,3971,08:26,IC NUIT,PORTE PUYMORENS,PARPALOMBE,FRFQF,21:13,FRPAZ
579,2023-06-12,PARIS (intramuros),NON,3971,07:41,IC NUIT,AX LES THERMES,PARPALOMBE,FRXLT,21:13,FRPAZ
580,2023-06-12,LES AUBRAIS ORLEANS,NON,3971,06:24,IC NUIT,SAVERDUN,PARPALOMBE,FRFPU,22:27,FRLAB
581,2023-06-12,BRUXELLES MIDI BRUSSEL ZUID,NON,9826,10:52,NORD,LILLE (intramuros),JCNORDSUD,FRLLE,10:17,BEBMI
582,2023-06-12,LILLE (intramuros),NON,9826,11:53,NORD,AEROPORT CDG2 TGV ROISSY,JCNORDSUD,FRMLW,11:03,FRLLE
583,2023-06-12,LILLE (intramuros),NON,9826,14:48,NORD,VALENCE TGV RHONE-ALPES SUD,JCNORDSUD,FRVLA,11:03,FRLLE
584,2023-06-12,AEROPORT CDG2 TGV ROISSY,NON,9826,14:00,NORD,LYON (intramuros),JCNORDSUD,FRLPD,11:59,FRMLW
585,2023-06-12,VALENCE TGV RHONE-ALPES SUD,OUI,9826,15:51,NORD,MONTPELLIER SUD DE FRANCE,JCNORDSUD,FRSUF,14:53,FRVLA
586,2023-06-12,LILLE (intramuros),NON,9826,15:51,NORD,MONTPELLIER SUD DE FRANCE,JCNORDSUD,FRSUF,11:03,FRLLE
587,2023-06-12,LYON (intramuros),NON,9826,15:51,NORD,MONTPELLIER SUD DE FRANCE,JCNORDSUD,FRSUF,14:10,FRLPD
588,2023-06-12,BRUXELLES MIDI BRUSSEL ZUID,NON,9826,15:51,NORD,MONTPELLIER SUD DE FRANCE,JCNORDSUD,FRSUF,10:17,BEBMI
589,2023-06-12,LILLE (intramuros),NON,9826,15:30,NORD,NIMES PONT DU GARD,JCNORDSUD,FRXZP,11:03,FRLLE
590,2023-06-12,AEROPORT CDG2 TGV ROISSY,NON,9826,15:30,NORD,NIMES PONT DU GARD,JCNORDSUD,FRXZP,11:59,FRMLW
591,2023-06-12,MARSEILLE ST CHARLES,NON,6173,13:12,SUD EST,TOULON,PAAZUR,FRTLN,12:29,FRMSC
592,2023-06-12,PARIS (intramuros),NON,6173,12:15,SUD EST,MARSEILLE ST CHARLES,PAAZUR,FRMSC,09:08,FRPLY
593,2023-06-12,TOULON,NON,6173,14:58,SUD EST,NICE VILLE,PAAZUR,FRNIC,13:17,FRTLN
594,2023-06-12,ANTIBES,OUI,6173,14:58,SUD EST,NICE VILLE,PAAZUR,FRNIC,14:42,FRXAT
595,2023-06-12,ANGOULEME,NON,8486,12:04,ATLANTIQUE,POITIERS,SUDOUESTPA,FRPIS,11:25,FRANG
596,2023-06-12,BORDEAUX ST JEAN,NON,8486,13:37,ATLANTIQUE,PARIS (intramuros),SUDOUESTPA,FRPMO,10:18,FRBOJ
597,2023-06-12,LIBOURNE,OUI,8486,11:22,ATLANTIQUE,ANGOULEME,SUDOUESTPA,FRANG,10:42,FRXLR
598,2023-06-12,AIX EN PROVENCE TGV,OUI,9830,18:56,NORD,MARSEILLE ST CHARLES,JCNORDSUD,FRMSC,18:40,FRAIE
599,2023-06-12,LILLE (intramuros),NON,9830,18:56,NORD,MARSEILLE ST CHARLES,JCNORDSUD,FRMSC,14:03,FRLLE
600,2023-06-12,AEROPORT CDG2 TGV ROISSY,NON,9830,18:13,NORD,AVIGNON TGV,JCNORDSUD,FRAVG,14:59,FRMLW
601,2023-06-12,LILLE (intramuros),NON,5036,20:00,NORD,LYON (intramuros),JCNORDSUD,FRLPD,17:03,FRLLE
602,2023-06-12,LILLE (intramuros),OUI,5036,17:53,NORD,AEROPORT CDG2 TGV ROISSY,JCNORDSUD,FRMLW,17:03,FRLLE
603,2023-06-12,LILLE (intramuros),NON,5036,21:53,NORD,MONTPELLIER SUD DE FRANCE,JCNORDSUD,FRSUF,17:03,FRLLE
604,2023-06-12,LYON (intramuros),OUI,5036,21:53,NORD,MONTPELLIER SUD DE FRANCE,JCNORDSUD,FRSUF,20:10,FRLPD
605,2023-06-12,LYON (intramuros),OUI,5036,21:31,NORD,NIMES PONT DU GARD,JCNORDSUD,FRXZP,20:10,FRLPD
606,2023-06-12,LILLE (intramuros),NON,5036,21:31,NORD,NIMES PONT DU GARD,JCNORDSUD,FRXZP,17:03,FRLLE
607,2023-06-12,AEROPORT CDG2 TGV ROISSY,NON,5036,21:31,NORD,NIMES PONT DU GARD,JCNORDSUD,FRXZP,17:59,FRMLW
608,2023-06-12,BEZIERS,NON,6823,15:31,SUD EST,CARCASSONNE,JCPROVSUD,FRCCF,14:47,FRBZR
609,2023-06-12,CARCASSONNE,OUI,6823,16:19,SUD EST,TOULOUSE MATABIAU,JCPROVSUD,FRXYT,15:34,FRCCF
610,2023-06-12,NIMES,NON,6823,15:31,SUD EST,CARCASSONNE,JCPROVSUD,FRCCF,13:38,FRFNI
611,2023-06-12,VALENCE TGV RHONE-ALPES SUD,NON,6823,14:44,SUD EST,BEZIERS,JCPROVSUD,FRBZR,12:50,FRVLA
612,2023-06-12,GUINGAMP,OUI,8606,09:29,ATLANTIQUE,RENNES,BRETAPARIS,FRRNS,08:22,FRGGP
613,2023-06-12,MORLAIX,NON,8606,11:19,ATLANTIQUE,PARIS (intramuros),BRETAPARIS,FRPMO,07:54,FRMXN
614,2023-06-12,ST BRIEUC,NON,8606,11:19,ATLANTIQUE,PARIS (intramuros),BRETAPARIS,FRPMO,08:40,FRSBK
615,2023-06-12,NICE VILLE,OUI,6074,10:13,SUD EST,ANTIBES,AZURPA,FRXAT,09:57,FRNIC
616,2023-06-12,TOULON,NON,6074,15:50,SUD EST,PARIS (intramuros),AZURPA,FRPLY,11:48,FRTLN
617,2023-06-12,ANTIBES,OUI,6074,10:28,SUD EST,CANNES,AZURPA,FRJCA,10:16,FRXAT
618,2023-06-12,ANTIBES,NON,6074,12:33,SUD EST,MARSEILLE ST CHARLES,AZURPA,FRMSC,10:16,FRXAT
619,2023-06-12,TOURS,NON,8308,09:04,ATLANTIQUE,PARIS (intramuros),ROCHELLEPA,FRPMO,07:55,FRAFW
620,2023-06-12,MARSEILLE ST CHARLES,NON,6124,19:22,SUD EST,PARIS (intramuros),AZURPA,FRPLY,16:04,FRMSC
621,2023-06-12,HYERES,NON,6124,19:22,SUD EST,PARIS (intramuros),AZURPA,FRPLY,14:50,FRXHE
622,2023-06-12,HYERES,OUI,6124,15:03,SUD EST,TOULON,AZURPA,FRTLN,14:50,FRXHE
623,2023-06-12,BORDEAUX ST JEAN,NON,8500,09:19,ATLANTIQUE,PARIS (intramuros),SUDOUESTPA,FRPMO,07:12,FRBOJ
624,2023-06-12,SAUMUR,OUI,5358,22:29,SUD EST,ANGERS ST LAUD,JCSUDATL,FRACL,22:09,FRACN
625,2023-06-12,MASSY TGV,OUI,5358,22:29,SUD EST,ANGERS ST LAUD,JCSUDATL,FRACL,20:35,FRDJU
626,2023-06-12,MASSY TGV,OUI,5358,21:28,SUD EST,ST PIERRE DES CORPS,JCSUDATL,FRXSH,20:35,FRDJU
627,2023-06-12,LYON (intramuros),NON,5358,20:31,SUD EST,MASSY TGV,JCSUDATL,FRDJU,18:30,FRLPD
628,2023-06-12,VALENCE TGV RHONE-ALPES SUD,NON,5358,22:29,SUD EST,ANGERS ST LAUD,JCSUDATL,FRACL,17:42,FRVLA
629,2023-06-12,VALENCE TGV RHONE-ALPES SUD,NON,5358,18:20,SUD EST,LYON (intramuros),JCSUDATL,FRLPD,17:42,FRVLA
630,2023-06-12,VALENCE TGV RHONE-ALPES SUD,NON,5358,23:09,SUD EST,NANTES,JCSUDATL,FRNTE,17:42,FRVLA
631,2023-06-12,VALENCE TGV RHONE-ALPES SUD,NON,5358,21:28,SUD EST,ST PIERRE DES CORPS,JCSUDATL,FRXSH,17:42,FRVLA
632,2023-06-12,ST PIERRE DES CORPS,OUI,5358,22:29,SUD EST,ANGERS ST LAUD,JCSUDATL,FRACL,21:32,FRXSH
633,2023-06-12,ST PIERRE DES CORPS,OUI,5358,23:09,SUD EST,NANTES,JCSUDATL,FRNTE,21:32,FRXSH
634,2023-06-12,NIMES PONT DU GARD,NON,5358,23:09,SUD EST,NANTES,JCSUDATL,FRNTE,17:02,FRXZP
635,2023-06-12,CLERMONT FERRAND,NON,5966,13:57,IC ARO,PARIS (intramuros),CLERMONTPA,FRPBE,10:31,FRCFE
636,2023-06-12,CLERMONT FERRAND,NON,5966,11:26,IC ARO,MOULINS SUR ALLIER,CLERMONTPA,FRXMU,10:31,FRCFE
637,2023-06-12,NEVERS,NON,5966,13:57,IC ARO,PARIS (intramuros),CLERMONTPA,FRPBE,12:00,FRNVS
638,2023-06-12,RIOM CHATEL GUYON,NON,5966,13:57,IC ARO,PARIS (intramuros),CLERMONTPA,FRPBE,10:41,FRRIO
639,2023-06-12,RIOM CHATEL GUYON,NON,5966,11:01,IC ARO,VICHY,CLERMONTPA,FRVHY,10:41,FRRIO
640,2023-06-12,VICHY,NON,5966,11:26,IC ARO,MOULINS SUR ALLIER,CLERMONTPA,FRXMU,11:03,FRVHY
641,2023-06-12,MOULINS SUR ALLIER,NON,5966,13:57,IC ARO,PARIS (intramuros),CLERMONTPA,FRPBE,11:28,FRXMU
642,2023-06-12,ST PIERRE DES CORPS,OUI,8347,22:55,ATLANTIQUE,POITIERS,PAROCHELLE,FRPIS,22:09,FRXSH
643,2023-06-12,REIMS,OUI,2709,09:39,EST,RETHEL,PABARSED,FRBDT,09:19,FRRHE
644,2023-06-12,PAU,OUI,8583,14:14,ATLANTIQUE,DAX,SUDOUESTPA,FRACG,13:24,FRAEE
645,2023-06-12,PAU,NON,8583,17:52,ATLANTIQUE,PARIS (intramuros),SUDOUESTPA,FRPMO,13:24,FRAEE
646,2023-06-12,TOULON,OUI,6150,06:39,SUD EST,AIX EN PROVENCE TGV,AZURPA,FRAIE,05:50,FRTLN
647,2023-06-12,TOULON,NON,6150,07:01,SUD EST,AVIGNON TGV,AZURPA,FRAVG,05:50,FRTLN
648,2023-06-12,NIMES,NON,6225,21:48,SUD EST,AGDE,PALANG,FRXAG,20:46,FRFNI
649,2023-06-12,MONTPELLIER SAINT-ROCH,OUI,6225,22:19,SUD EST,NARBONNE,PALANG,FRXNA,21:17,FRMPL
650,2023-06-12,PARIS (intramuros),NON,6225,22:03,SUD EST,BEZIERS,PALANG,FRBZR,17:40,FRPLY
651,2023-06-12,PARIS (intramuros),NON,6225,21:32,SUD EST,SETE,PALANG,FRXSY,17:40,FRPLY
652,2023-06-12,VALENCE TGV RHONE-ALPES SUD,NON,6225,21:32,SUD EST,SETE,PALANG,FRXSY,19:57,FRVLA
653,2023-06-12,AGDE,OUI,6225,22:03,SUD EST,BEZIERS,PALANG,FRBZR,21:51,FRXAG
654,2023-06-12,EMBRUN,OUI,5790,07:57,IC NUIT,PARIS (intramuros),BRIANCONPA,FRPAZ,20:52,FRIGV
655,2023-06-12,VEYNES DEVOLUY,OUI,5790,07:57,IC NUIT,PARIS (intramuros),BRIANCONPA,FRPAZ,22:07,FRVDY
656,2023-06-12,MASSY TGV,NON,5486,12:36,EST,ANGERS ST LAUD,JCESTATL,FRACL,10:38,FRDJU
657,2023-06-12,CHAMPAGNE-ARDENNE,NON,5486,10:34,EST,MASSY TGV,JCESTATL,FRDJU,08:58,FREAH
658,2023-06-12,CHAMPAGNE-ARDENNE,NON,5486,09:55,EST,MARNE LA VALLEE CHESSY,JCESTATL,FRMLV,08:58,FREAH
659,2023-06-12,LORRAINE TGV,NON,5486,12:36,EST,ANGERS ST LAUD,JCESTATL,FRACL,08:09,FREAM
660,2023-06-12,AEROPORT CDG2 TGV ROISSY,NON,5486,10:34,EST,MASSY TGV,JCESTATL,FRDJU,09:45,FRMLW
661,2023-06-12,STRASBOURG,NON,5454,20:02,EST,BORDEAUX ST JEAN,JCESTATL,FRBOJ,14:01,FRAEG
662,2023-06-12,STRASBOURG,NON,5454,18:06,EST,ST PIERRE DES CORPS,JCESTATL,FRXSH,14:01,FRAEG
663,2023-06-12,MASSY TGV,NON,5454,18:06,EST,ST PIERRE DES CORPS,JCESTATL,FRXSH,17:10,FRDJU
664,2023-06-12,CHAMPAGNE-ARDENNE,NON,5454,16:04,EST,AEROPORT CDG2 TGV ROISSY,JCESTATL,FRMLW,15:34,FREAH
665,2023-06-12,CHAMPAGNE-ARDENNE,NON,5454,18:40,EST,POITIERS,JCESTATL,FRPIS,15:34,FREAH
666,2023-06-12,MEUSE TGV,NON,5454,18:40,EST,POITIERS,JCESTATL,FRPIS,15:05,FREAJ
667,2023-06-12,AEROPORT CDG2 TGV ROISSY,NON,5454,16:27,EST,MARNE LA VALLEE CHESSY,JCESTATL,FRMLV,16:18,FRMLW
668,2023-06-12,ST PIERRE DES CORPS,NON,5454,18:40,EST,POITIERS,JCESTATL,FRPIS,18:10,FRXSH
669,2023-06-12,ANGOULEME,OUI,8437,13:02,ATLANTIQUE,BORDEAUX ST JEAN,PASUDOUEST,FRBOJ,12:24,FRANG
670,2023-06-12,POITIERS,OUI,8437,12:21,ATLANTIQUE,ANGOULEME,PASUDOUEST,FRANG,11:44,FRPIS
671,2023-06-12,PARIS (intramuros),NON,8437,12:21,ATLANTIQUE,ANGOULEME,PASUDOUEST,FRANG,10:03,FRPMO
672,2023-06-12,ANGERS ST LAUD,NON,5300,07:19,SUD EST,MASSY TGV,JCATLSUD,FRDJU,05:27,FRACL
673,2023-06-12,ANGERS ST LAUD,NON,5300,09:30,SUD EST,LYON (intramuros),JCATLSUD,FRLPD,05:27,FRACL
674,2023-06-12,ANGERS ST LAUD,NON,5300,10:17,SUD EST,VALENCE TGV RHONE-ALPES SUD,JCATLSUD,FRVLA,05:27,FRACL
675,2023-06-12,ST PIERRE DES CORPS,NON,5300,10:17,SUD EST,VALENCE TGV RHONE-ALPES SUD,JCATLSUD,FRVLA,06:28,FRXSH
676,2023-06-12,MARNE LA VALLEE CHESSY,OUI,5156,10:40,NORD,LILLE (intramuros),JCSUDNORD,FRADJ,09:22,FRMLV
677,2023-06-12,MONTPELLIER SAINT-ROCH,NON,5156,10:40,NORD,LILLE (intramuros),JCSUDNORD,FRADJ,05:25,FRMPL
678,2023-06-12,MONTPELLIER SAINT-ROCH,OUI,5156,05:49,NORD,NIMES,JCSUDNORD,FRFNI,05:25,FRMPL
679,2023-06-12,VALENCE TGV RHONE-ALPES SUD,NON,5156,07:23,NORD,LYON (intramuros),JCSUDNORD,FRLPD,06:45,FRVLA
680,2023-06-12,HENDAYE,NON,14142,10:39,IC SRO,BIARRITZ,SUDOUEST,FRBIQ,10:19,FRAEF
681,2023-06-12,BIARRITZ,NON,14142,12:09,IC SRO,PAU,SUDOUEST,FRAEE,10:40,FRBIQ
682,2023-06-12,BIARRITZ,NON,14142,12:37,IC SRO,LOURDES,SUDOUEST,FRLDE,10:40,FRBIQ
683,2023-06-12,ORTHEZ,NON,14142,12:09,IC SRO,PAU,SUDOUEST,FRAEE,11:48,FRGFI
684,2023-06-12,ORTHEZ,NON,14142,12:53,IC SRO,TARBES,SUDOUEST,FRXTB,11:48,FRGFI
685,2023-06-12,LOURDES,NON,14142,13:30,IC SRO,MONTREJEAU GOURDAN POLIGNAN,SUDOUEST,FRMTJ,12:40,FRLDE
686,2023-06-12,ST JEAN DE LUZ CIBOURE,NON,14142,11:46,IC SRO,ORTHEZ,SUDOUEST,FRGFI,10:30,FRXJZ
687,2023-06-12,DOL DE BRETAGNE,OUI,8088,18:29,ATLANTIQUE,RENNES,BRETAPARIS,FRRNS,17:58,FRDOL
688,2023-06-12,ST MALO,NON,8088,19:01,ATLANTIQUE,LAVAL,BRETAPARIS,FRACR,17:42,FRXSB
689,2023-06-12,ST MALO,OUI,8088,17:55,ATLANTIQUE,DOL DE BRETAGNE,BRETAPARIS,FRDOL,17:42,FRXSB
690,2023-06-12,ST MALO,OUI,8088,18:29,ATLANTIQUE,RENNES,BRETAPARIS,FRRNS,17:42,FRXSB
691,2023-06-12,AIX LES BAINS LE REVARD,NON,6972,13:10,SUD EST,CHAMBERY CHALLES LES EAUX,ALPESPARIS,FRCMF,12:59,FRXAI
692,2023-06-12,AIX LES BAINS LE REVARD,NON,6972,14:35,SUD EST,MACON LOCHE TGV,ALPESPARIS,FRMLT,12:59,FRXAI
693,2023-06-12,DAX,NON,8571,11:21,ATLANTIQUE,LOURDES,PASUDOUEST,FRLDE,10:08,FRACG
694,2023-06-12,PARIS (intramuros),NON,8571,08:48,ATLANTIQUE,BORDEAUX ST JEAN,PASUDOUEST,FRBOJ,06:36,FRPMO
695,2023-06-12,MASSY TGV,NON,8571,11:21,ATLANTIQUE,LOURDES,PASUDOUEST,FRLDE,06:49,FRDJU
696,2023-06-12,VENDOME VILLIERS SUR LOIR,OUI,8345,19:35,ATLANTIQUE,ST PIERRE DES CORPS,PAROCHELLE,FRXSH,19:15,FRESL
697,2023-06-12,PARIS (intramuros),OUI,8345,20:32,ATLANTIQUE,POITIERS,PAROCHELLE,FRPIS,18:28,FRPMO
698,2023-06-12,PARIS (intramuros),OUI,8345,20:10,ATLANTIQUE,CHATELLERAULT,PAROCHELLE,FRXCX,18:28,FRPMO
699,2023-06-12,PARIS (intramuros),OUI,8345,19:35,ATLANTIQUE,ST PIERRE DES CORPS,PAROCHELLE,FRXSH,18:28,FRPMO
700,2023-06-12,CHATELLERAULT,OUI,8345,20:32,ATLANTIQUE,POITIERS,PAROCHELLE,FRPIS,20:13,FRXCX
701,2023-06-12,LYON (intramuros),OUI,6634,20:57,SUD EST,LYON (intramuros),RHONEPARIS,FRLPD,20:49,FRLPE
702,2023-06-12,AGEN,OUI,4762,19:42,IC ARO,BORDEAUX ST JEAN,TJOURSESO,FRBOJ,18:37,FRAGF
703,2023-06-12,BEZIERS,NON,4762,16:31,IC ARO,CARCASSONNE,TJOURSESO,FRCCF,15:46,FRBZR
704,2023-06-12,BEZIERS,NON,4762,15:59,IC ARO,NARBONNE,TJOURSESO,FRXNA,15:46,FRBZR
705,2023-06-12,NIMES,NON,4762,19:42,IC ARO,BORDEAUX ST JEAN,TJOURSESO,FRBOJ,14:38,FRFNI
706,2023-06-12,MONTPELLIER SAINT-ROCH,NON,4762,18:35,IC ARO,AGEN,TJOURSESO,FRAGF,15:06,FRMPL
707,2023-06-12,MONTPELLIER SAINT-ROCH,NON,4762,19:42,IC ARO,BORDEAUX ST JEAN,TJOURSESO,FRBOJ,15:06,FRMPL
708,2023-06-12,MONTPELLIER SAINT-ROCH,NON,4762,17:57,IC ARO,MONTAUBAN VILLE BOURBON,TJOURSESO,FRXMW,15:06,FRMPL
709,2023-06-12,MARSEILLE ST CHARLES,NON,4762,15:43,IC ARO,BEZIERS,TJOURSESO,FRBZR,13:23,FRMSC
710,2023-06-12,MARSEILLE ST CHARLES,NON,4762,17:57,IC ARO,MONTAUBAN VILLE BOURBON,TJOURSESO,FRXMW,13:23,FRMSC
711,2023-06-12,MARSEILLE ST CHARLES,NON,4762,15:59,IC ARO,NARBONNE,TJOURSESO,FRXNA,13:23,FRMSC
712,2023-06-12,MARSEILLE ST CHARLES,NON,4762,17:18,IC ARO,TOULOUSE MATABIAU,TJOURSESO,FRXYT,13:23,FRMSC
713,2023-06-12,MONTAUBAN VILLE BOURBON,OUI,4762,19:42,IC ARO,BORDEAUX ST JEAN,TJOURSESO,FRBOJ,17:59,FRXMW
714,2023-06-12,NARBONNE,NON,4762,18:35,IC ARO,AGEN,TJOURSESO,FRAGF,16:02,FRXNA
715,2023-06-12,NARBONNE,NON,4762,19:42,IC ARO,BORDEAUX ST JEAN,TJOURSESO,FRBOJ,16:02,FRXNA
716,2023-06-12,NARBONNE,NON,4762,17:57,IC ARO,MONTAUBAN VILLE BOURBON,TJOURSESO,FRXMW,16:02,FRXNA
717,2023-06-12,BOURGES,NON,4504,16:55,IC SRO,ST PIERRE DES CORPS,JOURLYNNTE,FRXSH,15:30,FRBOU
718,2023-06-12,LYON (intramuros),NON,4504,18:01,IC SRO,ANGERS ST LAUD,JOURLYNNTE,FRACL,12:00,FRLPD
719,2023-06-12,LYON (intramuros),NON,4504,17:36,IC SRO,SAUMUR,JOURLYNNTE,FRACN,12:00,FRLPD
720,2023-06-12,LYON (intramuros),NON,4504,15:28,IC SRO,BOURGES,JOURLYNNTE,FRBOU,12:00,FRLPD
721,2023-06-12,LYON (intramuros),NON,4504,16:55,IC SRO,ST PIERRE DES CORPS,JOURLYNNTE,FRXSH,12:00,FRLPD
722,2023-06-12,LYON (intramuros),NON,4504,11:55,IC SRO,LYON (intramuros),JOURLYNNTE,FRLPD,11:47,FRLPE
723,2023-06-12,LYON (intramuros),NON,4504,14:39,IC SRO,NEVERS,JOURLYNNTE,FRNVS,11:47,FRLPE
724,2023-06-12,LYON (intramuros),NON,4504,16:55,IC SRO,ST PIERRE DES CORPS,JOURLYNNTE,FRXSH,11:47,FRLPE
725,2023-06-12,NEVERS,NON,4504,17:36,IC SRO,SAUMUR,JOURLYNNTE,FRACN,14:52,FRNVS
726,2023-06-12,MOULINS SUR ALLIER,NON,4504,16:55,IC SRO,ST PIERRE DES CORPS,JOURLYNNTE,FRXSH,14:10,FRXMU
727,2023-06-12,AIX EN PROVENCE TGV,NON,6132,22:22,SUD EST,PARIS (intramuros),PROVENCEPA,FRPLY,19:18,FRAIE
728,2023-06-12,DAX,NON,8540,17:52,ATLANTIQUE,PARIS (intramuros),SUDOUESTPA,FRPMO,14:24,FRACG
729,2023-06-12,BIARRITZ,NON,8540,14:19,ATLANTIQUE,DAX,SUDOUESTPA,FRACG,13:34,FRBIQ
730,2023-06-12,ST JEAN DE LUZ CIBOURE,OUI,8540,13:31,ATLANTIQUE,BIARRITZ,SUDOUESTPA,FRBIQ,13:21,FRXJZ
731,2023-06-12,ST JEAN DE LUZ CIBOURE,NON,8540,15:40,ATLANTIQUE,BORDEAUX ST JEAN,SUDOUESTPA,FRBOJ,13:21,FRXJZ
732,2023-06-12,ST JEAN DE LUZ CIBOURE,NON,8540,17:52,ATLANTIQUE,PARIS (intramuros),SUDOUESTPA,FRPMO,13:21,FRXJZ
733,2023-06-12,ST JEAN DE LUZ CIBOURE,OUI,8540,13:46,ATLANTIQUE,BAYONNE,SUDOUESTPA,FRXBY,13:21,FRXJZ
734,2023-06-12,PARIS (intramuros),OUI,7069,19:48,NORD,LILLE (intramuros),PALILLE,FRADJ,18:46,FRPNO
735,2023-06-12,BEZIERS,OUI,6875,21:29,SUD EST,VALENCE TGV RHONE-ALPES SUD,JCSUDPROV,FRVLA,19:15,FRBZR
736,2023-06-12,NARBONNE,OUI,6875,19:12,SUD EST,BEZIERS,JCSUDPROV,FRBZR,18:59,FRXNA
737,2023-06-12,NARBONNE,OUI,6875,22:14,SUD EST,LYON (intramuros),JCSUDPROV,FRLPD,18:59,FRXNA
738,2023-06-12,SETE,OUI,6875,21:29,SUD EST,VALENCE TGV RHONE-ALPES SUD,JCSUDPROV,FRVLA,19:39,FRXSY
739,2023-06-12,TOULOUSE MATABIAU,OUI,6875,18:24,SUD EST,CARCASSONNE,JCSUDPROV,FRCCF,17:43,FRXYT
740,2023-06-12,SETE,OUI,6875,20:01,SUD EST,MONTPELLIER SUD DE FRANCE,JCSUDPROV,FRSUF,19:39,FRXSY
741,2023-06-12,BEZIERS,OUI,6875,20:01,SUD EST,MONTPELLIER SUD DE FRANCE,JCSUDPROV,FRSUF,19:15,FRBZR
742,2023-06-12,MONTPELLIER SUD DE FRANCE,OUI,6875,20:33,SUD EST,NIMES PONT DU GARD,JCSUDPROV,FRXZP,20:11,FRSUF
743,2023-06-12,NIMES PONT DU GARD,OUI,6875,22:14,SUD EST,LYON (intramuros),JCSUDPROV,FRLPD,20:36,FRXZP
744,2023-06-12,TOULOUSE MATABIAU,OUI,6875,20:33,SUD EST,NIMES PONT DU GARD,JCSUDPROV,FRXZP,17:43,FRXYT
745,2023-06-12,SETE,OUI,6875,20:33,SUD EST,NIMES PONT DU GARD,JCSUDPROV,FRXZP,19:39,FRXSY
746,2023-06-12,AVIGNON TGV,NON,5376,13:22,SUD EST,ROUEN RIVE DROITE,JCSUDATL,FRURD,08:05,FRAVG
747,2023-06-12,VERSAILLES CHANTIERS,OUI,5376,12:29,SUD EST,MANTES LA JOLIE,JCSUDATL,FRMTE,11:58,FRDHT
748,2023-06-12,LYON (intramuros),NON,5376,11:37,SUD EST,MASSY PALAISEAU,JCSUDATL,FRMPU,09:30,FRLPD
749,2023-06-12,MANTES LA JOLIE,OUI,5376,13:22,SUD EST,ROUEN RIVE DROITE,JCSUDATL,FRURD,12:32,FRMTE
750,2023-06-12,VALENCE TGV RHONE-ALPES SUD,NON,5376,13:22,SUD EST,ROUEN RIVE DROITE,JCSUDATL,FRURD,08:42,FRVLA
751,2023-06-12,VENDOME VILLIERS SUR LOIR,OUI,8303,13:35,ATLANTIQUE,ST PIERRE DES CORPS,PAROCHELLE,FRXSH,13:15,FRESL
752,2023-06-12,MONTAUBAN VILLE BOURBON,OUI,8504,09:32,ATLANTIQUE,AGEN,SUDOUESTPA,FRAGF,08:57,FRXMW
753,2023-06-12,TOULOUSE MATABIAU,OUI,8504,08:54,ATLANTIQUE,MONTAUBAN VILLE BOURBON,SUDOUESTPA,FRXMW,08:23,FRXYT
754,2023-06-12,PARIS (intramuros),NON,9763,11:30,INTERNATIONAL,GENEVE,PAGENEVE,CHGVA,08:16,FRPLY
755,2023-06-12,PARIS (intramuros),NON,9763,11:00,INTERNATIONAL,BELLEGARDE,PAGENEVE,FRXBF,08:16,FRPLY
756,2023-06-12,PARIS (intramuros),NON,9763,10:09,INTERNATIONAL,BOURG EN BRESSE,PAGENEVE,FRXBK,08:16,FRPLY
757,2023-06-12,BOURG EN BRESSE,NON,9763,11:00,INTERNATIONAL,BELLEGARDE,PAGENEVE,FRXBF,10:12,FRXBK
758,2023-06-12,DIJON VILLE,NON,6762,08:02,SUD EST,MONTBARD,BOURPA,FRGWE,07:26,FRABA
759,2023-06-12,BESANCON VIOTTE,NON,6762,07:22,SUD EST,DIJON VILLE,BOURPA,FRABA,06:36,FRABG
760,2023-06-12,BESANCON VIOTTE,NON,6762,08:02,SUD EST,MONTBARD,BOURPA,FRGWE,06:36,FRABG
761,2023-06-12,BESANCON - F COMTE TGV,NON,6762,08:02,SUD EST,MONTBARD,BOURPA,FRGWE,06:53,FRTJB
762,2023-06-12,LES SABLES D'OLONNE,NON,8984,19:14,ATLANTIQUE,PARIS (intramuros),LOIREPARIS,FRPMO,15:44,FRLSO
763,2023-06-12,LA ROCHE SUR YON,OUI,8984,17:45,ATLANTIQUE,ANGERS ST LAUD,LOIREPARIS,FRACL,16:10,FRXRO
764,2023-06-12,DIJON VILLE,NON,9898,14:15,EST,LUXEMBOURG,JCRHONRHIN,LULUX,10:08,FRABA
765,2023-06-12,MULHOUSE VILLE,NON,9898,12:24,EST,STRASBOURG,JCRHONRHIN,FRAEG,11:24,FRAEK
766,2023-06-12,MULHOUSE VILLE,NON,9898,11:49,EST,COLMAR,JCRHONRHIN,FRAEJ,11:24,FRAEK
767,2023-06-12,NIMES,NON,9898,11:49,EST,COLMAR,JCRHONRHIN,FRAEJ,06:53,FRFNI
768,2023-06-12,NIMES,NON,9898,10:34,EST,BESANCON - F COMTE TGV,JCRHONRHIN,FRTJB,06:53,FRFNI
769,2023-06-12,LYON (intramuros),NON,9898,09:58,EST,DIJON VILLE,JCRHONRHIN,FRABA,08:30,FRLPD
770,2023-06-12,LYON (intramuros),NON,9898,10:34,EST,BESANCON - F COMTE TGV,JCRHONRHIN,FRTJB,08:30,FRLPD
771,2023-06-12,MONTPELLIER SAINT-ROCH,NON,9898,10:34,EST,BESANCON - F COMTE TGV,JCRHONRHIN,FRTJB,06:26,FRMPL
772,2023-06-12,MONTPELLIER SAINT-ROCH,NON,9898,07:39,EST,VALENCE TGV RHONE-ALPES SUD,JCRHONRHIN,FRVLA,06:26,FRMPL
773,2023-06-12,BESANCON - F COMTE TGV,NON,9898,14:15,EST,LUXEMBOURG,JCRHONRHIN,LULUX,10:36,FRTJB
774,2023-06-12,VALENCE TGV RHONE-ALPES SUD,NON,9898,09:58,EST,DIJON VILLE,JCRHONRHIN,FRABA,07:44,FRVLA
775,2023-06-12,VALENCE TGV RHONE-ALPES SUD,NON,9898,11:49,EST,COLMAR,JCRHONRHIN,FRAEJ,07:44,FRVLA
776,2023-06-12,JONZAC,NON,3837,22:08,IC SRO,BORDEAUX ST JEAN,NANTEBORDO,FRBOJ,21:11,FREMR
777,2023-06-12,LUCON,NON,3837,21:10,IC SRO,JONZAC,NANTEBORDO,FREMR,19:00,FRLCN
778,2023-06-12,LA ROCHELLE VILLE,NON,3837,22:08,IC SRO,BORDEAUX ST JEAN,NANTEBORDO,FRBOJ,19:43,FRLRH
779,2023-06-12,LA ROCHELLE VILLE,NON,3837,20:03,IC SRO,ROCHEFORT,NANTEBORDO,FRRCO,19:43,FRLRH
780,2023-06-12,LA ROCHE SUR YON,NON,3837,19:39,IC SRO,LA ROCHELLE VILLE,NANTEBORDO,FRLRH,18:36,FRXRO
781,2023-06-12,SAINTES,NON,3837,21:10,IC SRO,JONZAC,NANTEBORDO,FREMR,20:34,FRXST
782,2023-06-12,ST PIERRE DES CORPS,OUI,8318,18:33,ATLANTIQUE,PARIS (intramuros),ROCHELLEPA,FRPMO,17:25,FRXSH
783,2023-06-12,AIX EN PROVENCE TGV,OUI,6103,10:56,SUD EST,MARSEILLE ST CHARLES,PAPROVENCE,FRMSC,10:44,FRAIE
784,2023-06-12,DIJON VILLE,OUI,5516,14:30,EST,BELFORT-MONTBELIARD TGV,JCRHONRHIN,FRTJA,13:37,FRABA
785,2023-06-12,AIX EN PROVENCE TGV,NON,5516,15:54,EST,STRASBOURG,JCRHONRHIN,FRAEG,09:58,FRAIE
786,2023-06-12,AIX EN PROVENCE TGV,NON,5516,17:02,EST,NANCY,JCRHONRHIN,FRENC,09:58,FRAIE
787,2023-06-12,AIX EN PROVENCE TGV,NON,5516,14:30,EST,BELFORT-MONTBELIARD TGV,JCRHONRHIN,FRTJA,09:58,FRAIE
788,2023-06-12,AIX EN PROVENCE TGV,NON,5516,13:03,EST,BEAUNE,JCRHONRHIN,FRXBV,09:58,FRAIE
789,2023-06-12,AVIGNON TGV,NON,5516,12:09,EST,MACON VILLE,JCRHONRHIN,FRHGU,10:20,FRAVG
790,2023-06-12,AVIGNON TGV,NON,5516,11:26,EST,LYON (intramuros),JCRHONRHIN,FRLPD,10:20,FRAVG
791,2023-06-12,AVIGNON TGV,NON,5516,14:06,EST,BESANCON - F COMTE TGV,JCRHONRHIN,FRTJB,10:20,FRAVG
792,2023-06-12,AVIGNON TGV,NON,5516,12:41,EST,CHALON SUR SAONE,JCRHONRHIN,FRXCD,10:20,FRAVG
793,2023-06-12,MACON VILLE,OUI,5516,15:54,EST,STRASBOURG,JCRHONRHIN,FRAEG,12:12,FRHGU
794,2023-06-12,MACON VILLE,OUI,5516,15:24,EST,COLMAR,JCRHONRHIN,FRAEJ,12:12,FRHGU
795,2023-06-12,MACON VILLE,OUI,5516,14:30,EST,BELFORT-MONTBELIARD TGV,JCRHONRHIN,FRTJA,12:12,FRHGU
796,2023-06-12,CANNES,NON,5516,13:25,EST,DIJON VILLE,JCRHONRHIN,FRABA,07:30,FRJCA
797,2023-06-12,CANNES,NON,5516,15:24,EST,COLMAR,JCRHONRHIN,FRAEJ,07:30,FRJCA
798,2023-06-12,CANNES,NON,5516,14:55,EST,MULHOUSE VILLE,JCRHONRHIN,FRAEK,07:30,FRJCA
799,2023-06-12,CANNES,OUI,5516,07:52,EST,ST RAPHAEL VALESCURE,JCRHONRHIN,FRXSK,07:30,FRJCA
800,2023-06-12,LYON (intramuros),NON,5516,15:24,EST,COLMAR,JCRHONRHIN,FRAEJ,11:32,FRLPD
801,2023-06-12,LYON (intramuros),NON,5516,14:06,EST,BESANCON - F COMTE TGV,JCRHONRHIN,FRTJB,11:32,FRLPD
802,2023-06-12,LYON (intramuros),NON,5516,13:03,EST,BEAUNE,JCRHONRHIN,FRXBV,11:32,FRLPD
803,2023-06-12,MARSEILLE ST CHARLES,NON,5516,13:25,EST,DIJON VILLE,JCRHONRHIN,FRABA,09:45,FRMSC
804,2023-06-12,NICE VILLE,NON,5516,15:54,EST,STRASBOURG,JCRHONRHIN,FRAEG,07:00,FRNIC
805,2023-06-12,NICE VILLE,OUI,5516,07:26,EST,CANNES,JCRHONRHIN,FRJCA,07:00,FRNIC
806,2023-06-12,NICE VILLE,OUI,5516,09:33,EST,MARSEILLE ST CHARLES,JCRHONRHIN,FRMSC,07:00,FRNIC
807,2023-06-12,BESANCON - F COMTE TGV,OUI,5516,15:54,EST,STRASBOURG,JCRHONRHIN,FRAEG,14:09,FRTJB
808,2023-06-12,BESANCON - F COMTE TGV,OUI,5516,15:24,EST,COLMAR,JCRHONRHIN,FRAEJ,14:09,FRTJB
809,2023-06-12,BESANCON - F COMTE TGV,OUI,5516,14:30,EST,BELFORT-MONTBELIARD TGV,JCRHONRHIN,FRTJA,14:09,FRTJB
810,2023-06-12,TOULON,NON,5516,14:55,EST,MULHOUSE VILLE,JCRHONRHIN,FRAEK,08:50,FRTLN
811,2023-06-12,TOULON,OUI,5516,09:33,EST,MARSEILLE ST CHARLES,JCRHONRHIN,FRMSC,08:50,FRTLN
812,2023-06-12,ANTIBES,NON,5516,13:25,EST,DIJON VILLE,JCRHONRHIN,FRABA,07:16,FRXAT
813,2023-06-12,ANTIBES,NON,5516,09:55,EST,AIX EN PROVENCE TGV,JCRHONRHIN,FRAIE,07:16,FRXAT
814,2023-06-12,ANTIBES,OUI,5516,07:52,EST,ST RAPHAEL VALESCURE,JCRHONRHIN,FRXSK,07:16,FRXAT
815,2023-06-12,CHALON SUR SAONE,OUI,5516,15:24,EST,COLMAR,JCRHONRHIN,FRAEJ,12:44,FRXCD
816,2023-06-12,CHALON SUR SAONE,OUI,5516,14:06,EST,BESANCON - F COMTE TGV,JCRHONRHIN,FRTJB,12:44,FRXCD
817,2023-06-12,LES ARCS DRAGUIGNAN,NON,5516,10:17,EST,AVIGNON TGV,JCRHONRHIN,FRAVG,08:12,FRXRS
818,2023-06-12,LES ARCS DRAGUIGNAN,NON,5516,12:41,EST,CHALON SUR SAONE,JCRHONRHIN,FRXCD,08:12,FRXRS
819,2023-06-12,ST RAPHAEL VALESCURE,NON,5516,11:26,EST,LYON (intramuros),JCRHONRHIN,FRLPD,07:55,FRXSK
820,2023-06-12,ST RAPHAEL VALESCURE,OUI,5516,08:09,EST,LES ARCS DRAGUIGNAN,JCRHONRHIN,FRXRS,07:55,FRXSK
821,2023-06-12,BEAUNE,OUI,5516,17:02,EST,NANCY,JCRHONRHIN,FRENC,13:06,FRXBV
822,2023-06-12,LES ARCS DRAGUIGNAN,NON,5516,14:06,EST,BESANCON - F COMTE TGV,JCRHONRHIN,FRTJB,08:12,FRXRS
823,2023-06-12,ST RAPHAEL VALESCURE,NON,5516,14:06,EST,BESANCON - F COMTE TGV,JCRHONRHIN,FRTJB,07:55,FRXSK
824,2023-06-12,BEAUNE,OUI,5516,15:54,EST,STRASBOURG,JCRHONRHIN,FRAEG,13:06,FRXBV
825,2023-06-12,AIX LES BAINS LE REVARD,NON,6984,19:09,SUD EST,CHAMBERY CHALLES LES EAUX,ALPESPARIS,FRCMF,18:59,FRXAI
826,2023-06-12,AIX LES BAINS LE REVARD,NON,6984,20:43,SUD EST,MACON LOCHE TGV,ALPESPARIS,FRMLT,18:59,FRXAI
827,2023-06-12,LILLE (intramuros),NON,5224,14:02,NORD,ANGERS ST LAUD,JCNORDBRET,FRACL,09:32,FRADJ
828,2023-06-12,LILLE (intramuros),NON,5224,12:04,NORD,MASSY TGV,JCNORDBRET,FRDJU,09:32,FRADJ
829,2023-06-12,LILLE (intramuros),OUI,5224,09:58,NORD,DOUAI,JCNORDBRET,FRXDN,09:32,FRADJ
830,2023-06-12,MASSY TGV,NON,5224,14:02,NORD,ANGERS ST LAUD,JCNORDBRET,FRACL,12:10,FRDJU
831,2023-06-12,MARNE LA VALLEE CHESSY,NON,5224,14:02,NORD,ANGERS ST LAUD,JCNORDBRET,FRACL,11:32,FRMLV
832,2023-06-12,MARNE LA VALLEE CHESSY,NON,5224,12:04,NORD,MASSY TGV,JCNORDBRET,FRDJU,11:32,FRMLV
833,2023-06-12,TGV HAUTE PICARDIE,NON,5224,14:02,NORD,ANGERS ST LAUD,JCNORDBRET,FRACL,10:45,FRTHP
834,2023-06-12,TGV HAUTE PICARDIE,OUI,5224,11:13,NORD,AEROPORT CDG2 TGV ROISSY,JCNORDBRET,FRMLW,10:45,FRTHP
835,2023-06-12,DOUAI,OUI,5224,10:14,NORD,ARRAS,JCNORDBRET,FRQRV,10:01,FRXDN
836,2023-06-12,ARRAS,NON,5224,14:44,NORD,NANTES,JCNORDBRET,FRNTE,10:19,FRQRV
837,2023-06-12,RENNES,NON,8084,15:06,ATLANTIQUE,PARIS (intramuros),BRETAPARIS,FRPMO,13:35,FRRNS
838,2023-06-12,LE MANS,NON,8871,12:54,ATLANTIQUE,NANTES,PARISLOIRE,FRNTE,11:36,FRAET
839,2023-06-12,PARIS (intramuros),NON,8871,12:13,ATLANTIQUE,ANGERS ST LAUD,PARISLOIRE,FRACL,10:36,FRPMO
840,2023-06-12,PARIS (intramuros),NON,8871,12:54,ATLANTIQUE,NANTES,PARISLOIRE,FRNTE,10:36,FRPMO
841,2023-06-12,LAVAL,NON,8074,18:49,ATLANTIQUE,PARIS (intramuros),BRETAPARIS,FRPMO,17:18,FRACR
842,2023-06-12,LE MANS,NON,8074,18:49,ATLANTIQUE,PARIS (intramuros),BRETAPARIS,FRPMO,17:49,FRAET
843,2023-06-12,VITRE,NON,8074,17:46,ATLANTIQUE,LE MANS,BRETAPARIS,FRAET,16:58,FRXVT
844,2023-06-12,LYON (intramuros),OUI,6663,19:36,SUD EST,LYON (intramuros),PARISRHONE,FRLPE,19:28,FRLPD
845,2023-06-12,LIMOGES BENEDICTINS,OUI,3675,23:08,IC ARO,BRIVE LA GAILLARDE,PALITO,FRBVE,22:05,FRAGQ
846,2023-06-12,CHATEAUROUX,OUI,3675,22:42,IC ARO,UZERCHE,PALITO,FRAAW,20:50,FRCHR
847,2023-06-12,CHATEAUROUX,OUI,3675,23:08,IC ARO,BRIVE LA GAILLARDE,PALITO,FRBVE,20:50,FRCHR
848,2023-06-12,ISSOUDUN,OUI,3675,20:48,IC ARO,CHATEAUROUX,PALITO,FRCHR,20:35,FRFMN
849,2023-06-12,PARIS (intramuros),OUI,3675,22:02,IC ARO,LIMOGES BENEDICTINS,PALITO,FRAGQ,18:38,FRPAZ
850,2023-06-12,VIERZON VILLE,OUI,3675,20:48,IC ARO,CHATEAUROUX,PALITO,FRCHR,20:13,FRXVZ
851,2023-06-12,VIERZON VILLE,OUI,3675,21:26,IC ARO,LA SOUTERRAINE,PALITO,FRLST,20:13,FRXVZ
852,2023-06-12,BAR LE DUC,OUI,2778,07:15,EST,CHAMPAGNE-ARDENNE,SEDBARPA,FREAH,06:10,FRXBD
853,2023-06-12,BAR LE DUC,NON,2778,08:01,EST,PARIS (intramuros),SEDBARPA,FRPST,06:10,FRXBD
854,2023-06-12,CHALONS EN CHAMPAGNE,NON,2778,08:01,EST,PARIS (intramuros),SEDBARPA,FRPST,06:55,FRXCR
855,2023-06-12,MEUSE TGV,NON,2407,09:59,EST,STRASBOURG,PASTRAMULH,FRAEG,09:08,FREAJ
856,2023-06-12,PARIS (intramuros),NON,8371,08:10,ATLANTIQUE,POITIERS,PAROCHELLE,FRPIS,06:49,FRPMO
857,2023-06-12,GENEVE,NON,9764,09:22,INTERNATIONAL,NURIEUX,GENEVEPA,FRHQN,08:29,CHGVA
858,2023-06-12,BELLEGARDE,NON,9764,09:49,INTERNATIONAL,BOURG EN BRESSE,GENEVEPA,FRXBK,09:00,FRXBF
859,2023-06-12,PARIS (intramuros),OUI,7037,14:18,NORD,LILLE (intramuros),PALILLE,FRADJ,13:16,FRPNO
860,2023-06-12,QUIMPERLE,OUI,8730,16:11,ATLANTIQUE,AURAY,BRETAPARIS,FRXUY,15:42,FRECO
861,2023-06-12,ROSPORDEN,OUI,8730,15:53,ATLANTIQUE,LORIENT,BRETAPARIS,FRLRT,15:27,FRRSP
862,2023-06-12,AURAY,OUI,8730,16:24,ATLANTIQUE,VANNES,BRETAPARIS,FRVNE,16:14,FRXUY
863,2023-06-12,PARIS (intramuros),NON,9571,08:41,INTERNATIONAL,STRASBOURG,PASTUTMUN,FRAEG,06:55,FRPST
864,2023-06-12,VALENCE TGV RHONE-ALPES SUD,NON,6223,20:31,SUD EST,MONTPELLIER SAINT-ROCH,PALANG,FRMPL,19:15,FRVLA
865,2023-06-12,AIX EN PROVENCE TGV,OUI,6112,09:39,SUD EST,AVIGNON TGV,PROVENCEPA,FRAVG,09:18,FRAIE
866,2023-06-12,PARIS (intramuros),NON,6613,14:10,SUD EST,LYON (intramuros),PARISRHONE,FRLPE,11:50,FRPLY
867,2023-06-12,LE CREUSOT MONTCEAU MONTCHANIN,NON,6613,14:10,SUD EST,LYON (intramuros),PARISRHONE,FRLPE,13:13,FRXCC
868,2023-06-12,NANCY,NON,2548,19:50,EST,PARIS (intramuros),NANCYPA,FRPST,18:11,FRENC
869,2023-06-12,BOURG EN BRESSE,NON,9775,18:14,INTERNATIONAL,LAUSANNE,PAGENEVE,CHAJF,16:12,FRXBK
870,2023-06-12,BOURG EN BRESSE,NON,9775,17:30,INTERNATIONAL,GENEVE,PAGENEVE,CHGVA,16:12,FRXBK
871,2023-06-12,BOURG EN BRESSE,NON,9775,17:00,INTERNATIONAL,BELLEGARDE,PAGENEVE,FRXBF,16:12,FRXBK
872,2023-06-12,PARIS (intramuros),NON,6689,21:48,SUD EST,ST ETIENNE CHATEAUCREUX,PARISRHONE,FRHHD,18:58,FRPLY
873,2023-06-12,PARIS (intramuros),NON,6689,20:56,SUD EST,LYON (intramuros),PARISRHONE,FRLPD,18:58,FRPLY
874,2023-06-12,ARRAS,OUI,7546,22:47,NORD,PARIS (intramuros),ARRASPA,FRPNO,21:58,FRQRV
875,2023-06-12,DOUAI,OUI,7546,22:47,NORD,PARIS (intramuros),ARRASPA,FRPNO,21:34,FRXDN
876,2023-06-12,POITIERS,OUI,8340,12:43,ATLANTIQUE,VENDOME VILLIERS SUR LOIR,ROCHELLEPA,FRESL,11:19,FRPIS
877,2023-06-12,POITIERS,OUI,8340,11:27,ATLANTIQUE,FUTUROSCOPE,ROCHELLEPA,FRTGO,11:19,FRPIS
878,2023-06-12,POITIERS,OUI,8340,11:42,ATLANTIQUE,CHATELLERAULT,ROCHELLEPA,FRXCX,11:19,FRPIS
879,2023-06-12,FUTUROSCOPE,OUI,8340,12:15,ATLANTIQUE,ST PIERRE DES CORPS,ROCHELLEPA,FRXSH,11:30,FRTGO
880,2023-06-12,ST PIERRE DES CORPS,OUI,8340,13:33,ATLANTIQUE,PARIS (intramuros),ROCHELLEPA,FRPMO,12:25,FRXSH
881,2023-06-12,AVIGNON CENTRE,OUI,6195,21:17,SUD EST,ARLES,PAVDR,FRHZA,21:00,FRAES
882,2023-06-12,LYON-SAINT EXUPERY TGV,OUI,6195,21:17,SUD EST,ARLES,PAVDR,FRHZA,19:13,FRJDQ
883,2023-06-12,PARIS (intramuros),OUI,6195,19:02,SUD EST,LYON-SAINT EXUPERY TGV,PAVDR,FRJDQ,17:12,FRPLY
884,2023-06-12,VALENCE VILLE,OUI,6195,20:10,SUD EST,MONTELIMAR GARE SNCF,PAVDR,FRXMK,19:49,FRVAF
885,2023-06-12,VALENCE VILLE,OUI,6195,20:38,SUD EST,ORANGE,PAVDR,FRXOG,19:49,FRVAF
886,2023-06-12,MONTELIMAR GARE SNCF,OUI,6195,21:40,SUD EST,MIRAMAS,PAVDR,FRMAZ,20:13,FRXMK
887,2023-06-12,MONTELIMAR GARE SNCF,OUI,6195,20:38,SUD EST,ORANGE,PAVDR,FRXOG,20:13,FRXMK
888,2023-06-12,ORANGE,OUI,6195,21:40,SUD EST,MIRAMAS,PAVDR,FRMAZ,20:41,FRXOG
889,2023-06-12,CARCASSONNE,NON,4760,17:32,IC ARO,BORDEAUX ST JEAN,TJOURSESO,FRBOJ,14:30,FRCCF
890,2023-06-12,CARCASSONNE,NON,4760,15:12,IC ARO,TOULOUSE MATABIAU,TJOURSESO,FRXYT,14:30,FRCCF
891,2023-06-12,NIMES,NON,4760,15:48,IC ARO,MONTAUBAN VILLE BOURBON,TJOURSESO,FRXMW,12:39,FRFNI
892,2023-06-12,ARLES,NON,4760,14:28,IC ARO,CARCASSONNE,TJOURSESO,FRCCF,12:10,FRHZA
893,2023-06-12,ARLES,NON,4760,12:36,IC ARO,NIMES,TJOURSESO,FRFNI,12:10,FRHZA
894,2023-06-12,ARLES,NON,4760,13:57,IC ARO,NARBONNE,TJOURSESO,FRXNA,12:10,FRHZA
895,2023-06-12,MONTPELLIER SAINT-ROCH,NON,4760,16:25,IC ARO,AGEN,TJOURSESO,FRAGF,13:06,FRMPL
896,2023-06-12,MONTPELLIER SAINT-ROCH,NON,4760,13:20,IC ARO,SETE,TJOURSESO,FRXSY,13:06,FRMPL
897,2023-06-12,MARSEILLE ST CHARLES,NON,4760,15:48,IC ARO,MONTAUBAN VILLE BOURBON,TJOURSESO,FRXMW,11:24,FRMSC
898,2023-06-12,NARBONNE,NON,4760,16:25,IC ARO,AGEN,TJOURSESO,FRAGF,14:00,FRXNA
899,2023-06-12,SETE,NON,4760,15:48,IC ARO,MONTAUBAN VILLE BOURBON,TJOURSESO,FRXMW,13:22,FRXSY
900,2023-06-12,TOULOUSE MATABIAU,NON,4760,16:25,IC ARO,AGEN,TJOURSESO,FRAGF,15:18,FRXYT
901,2023-06-12,TOULOUSE MATABIAU,NON,4760,17:32,IC ARO,BORDEAUX ST JEAN,TJOURSESO,FRBOJ,15:18,FRXYT
902,2023-06-12,MARSEILLE ST CHARLES,OUI,6106,07:15,SUD EST,AIX EN PROVENCE TGV,PROVENCEPA,FRAIE,07:04,FRMSC
903,2023-06-12,BASEL SBB,NON,9223,22:26,INTERNATIONAL,ZUERICH HB,PABALZUR,CHAJD,21:34,CHAJP
904,2023-06-12,MULHOUSE VILLE,NON,9223,22:26,INTERNATIONAL,ZUERICH HB,PABALZUR,CHAJD,21:06,FRAEK
905,2023-06-12,MASSY TGV,NON,5280,14:27,NORD,MARNE LA VALLEE CHESSY,JCBRETNORD,FRMLV,13:55,FRDJU
906,2023-06-12,MARNE LA VALLEE CHESSY,NON,5280,15:49,NORD,LILLE (intramuros),JCBRETNORD,FRLLE,14:31,FRMLV
907,2023-06-12,MARNE LA VALLEE CHESSY,NON,5280,14:41,NORD,AEROPORT CDG2 TGV ROISSY,JCBRETNORD,FRMLW,14:31,FRMLV
908,2023-06-12,RENNES,OUI,5280,12:25,NORD,LAVAL,JCBRETNORD,FRACR,12:00,FRRNS
909,2023-06-12,RENNES,NON,5280,14:27,NORD,MARNE LA VALLEE CHESSY,JCBRETNORD,FRMLV,12:00,FRRNS
910,2023-06-12,BRIVE LA GAILLARDE,NON,3644,14:32,IC ARO,PARIS (intramuros),TOULOUZECO,FRPAZ,09:50,FRBVE
911,2023-06-12,GOURDON,OUI,3644,09:47,IC ARO,BRIVE LA GAILLARDE,TOULOUZECO,FRBVE,09:03,FRFSI
912,2023-06-12,GOURDON,NON,3644,13:20,IC ARO,LES AUBRAIS ORLEANS,TOULOUZECO,FRLAB,09:03,FRFSI
913,2023-06-12,CAUSSADE TARN ET GARONNE,OUI,3644,09:01,IC ARO,GOURDON,TOULOUZECO,FRFSI,08:07,FRFTA
914,2023-06-12,CAUSSADE TARN ET GARONNE,NON,3644,13:20,IC ARO,LES AUBRAIS ORLEANS,TOULOUZECO,FRLAB,08:07,FRFTA
915,2023-06-12,CAUSSADE TARN ET GARONNE,OUI,3644,08:33,IC ARO,CAHORS,TOULOUZECO,FRZAO,08:07,FRFTA
916,2023-06-12,LA SOUTERRAINE,OUI,3644,12:42,IC ARO,VIERZON VILLE,TOULOUZECO,FRXVZ,11:29,FRLST
917,2023-06-12,SOUILLAC,NON,3644,10:51,IC ARO,LIMOGES BENEDICTINS,TOULOUZECO,FRAGQ,09:20,FRSOU
918,2023-06-12,MONTAUBAN VILLE BOURBON,OUI,3644,08:33,IC ARO,CAHORS,TOULOUZECO,FRZAO,07:53,FRXMW
919,2023-06-12,VIERZON VILLE,OUI,3644,14:32,IC ARO,PARIS (intramuros),TOULOUZECO,FRPAZ,12:44,FRXVZ
920,2023-06-12,TOULOUSE MATABIAU,OUI,3644,09:47,IC ARO,BRIVE LA GAILLARDE,TOULOUZECO,FRBVE,07:18,FRXYT
921,2023-06-12,TOULOUSE MATABIAU,OUI,3644,09:01,IC ARO,GOURDON,TOULOUZECO,FRFSI,07:18,FRXYT
922,2023-06-12,TOULOUSE MATABIAU,NON,3644,13:20,IC ARO,LES AUBRAIS ORLEANS,TOULOUZECO,FRLAB,07:18,FRXYT
923,2023-06-12,CAHORS,OUI,3644,09:01,IC ARO,GOURDON,TOULOUZECO,FRFSI,08:35,FRZAO
924,2023-06-12,CAHORS,NON,3644,11:27,IC ARO,LA SOUTERRAINE,TOULOUZECO,FRLST,08:35,FRZAO
925,2023-06-12,BORDEAUX ST JEAN,OUI,8432,07:33,ATLANTIQUE,ANGOULEME,SUDOUESTPA,FRANG,06:58,FRBOJ
926,2023-06-12,FRANKFURT MAIN HBF,NON,9556,09:39,INTERNATIONAL,MANNHEIM HBF,FRANCPA,DEMHG,08:56,DEFRH
927,2023-06-12,PARIS (intramuros),NON,2785,20:52,EST,VITRY LE FRANCOIS GARE,PABARSED,FRBFO,19:28,FRPST
928,2023-06-12,CHALONS EN CHAMPAGNE,OUI,2785,20:52,EST,VITRY LE FRANCOIS GARE,PABARSED,FRBFO,20:35,FRXCR
929,2023-06-12,MULHOUSE VILLE,NON,9583,14:46,INTERNATIONAL,KARLSRUHE HBF,MRSFRANC,DEQKA,12:54,FRAEK
930,2023-06-12,AIX EN PROVENCE TGV,NON,9583,15:18,INTERNATIONAL,MANNHEIM HBF,MRSFRANC,DEMHG,08:25,FRAIE
931,2023-06-12,BRIVE LA GAILLARDE,OUI,3614,05:16,IC ARO,UZERCHE,TOULOUZECO,FRAAW,04:51,FRBVE
932,2023-06-12,BRIVE LA GAILLARDE,OUI,3614,05:53,IC ARO,LIMOGES BENEDICTINS,TOULOUZECO,FRAGQ,04:51,FRBVE
933,2023-06-12,BRIVE LA GAILLARDE,OUI,3614,06:30,IC ARO,LA SOUTERRAINE,TOULOUZECO,FRLST,04:51,FRBVE
934,2023-06-12,GOURDON,OUI,3750,05:43,IC NUIT,LES AUBRAIS ORLEANS,OCCITANPAR,FRLAB,00:00,FRFSI
935,2023-06-12,AVIGNON TGV,NON,9583,15:18,INTERNATIONAL,MANNHEIM HBF,MRSFRANC,DEMHG,08:47,FRAVG
936,2023-06-12,AVIGNON TGV,NON,9583,14:46,INTERNATIONAL,KARLSRUHE HBF,MRSFRANC,DEQKA,08:47,FRAVG
937,2023-06-12,AVIGNON TGV,NON,9583,13:43,INTERNATIONAL,STRASBOURG,MRSFRANC,FRAEG,08:47,FRAVG
938,2023-06-12,AVIGNON TGV,NON,9583,12:24,INTERNATIONAL,BELFORT-MONTBELIARD TGV,MRSFRANC,FRTJA,08:47,FRAVG
939,2023-06-12,LYON (intramuros),NON,9583,14:23,INTERNATIONAL,BADEN BADEN,MRSFRANC,DEZCC,10:04,FRLPD
940,2023-06-12,LYON (intramuros),NON,9583,12:51,INTERNATIONAL,MULHOUSE VILLE,MRSFRANC,FRAEK,10:04,FRLPD
941,2023-06-12,LYON (intramuros),NON,9583,12:24,INTERNATIONAL,BELFORT-MONTBELIARD TGV,MRSFRANC,FRTJA,10:04,FRLPD
942,2023-06-12,LYON (intramuros),NON,9583,11:03,INTERNATIONAL,CHALON SUR SAONE,MRSFRANC,FRXCD,10:04,FRLPD
943,2023-06-12,MARSEILLE ST CHARLES,NON,9583,15:18,INTERNATIONAL,MANNHEIM HBF,MRSFRANC,DEMHG,08:11,FRMSC
944,2023-06-12,BESANCON - F COMTE TGV,NON,9583,15:18,INTERNATIONAL,MANNHEIM HBF,MRSFRANC,DEMHG,12:03,FRTJB
945,2023-06-12,BESANCON - F COMTE TGV,NON,9583,12:24,INTERNATIONAL,BELFORT-MONTBELIARD TGV,MRSFRANC,FRTJA,12:03,FRTJB
946,2023-06-12,CHALON SUR SAONE,NON,9583,14:23,INTERNATIONAL,BADEN BADEN,MRSFRANC,DEZCC,11:06,FRXCD
947,2023-06-12,AVIGNON TGV,NON,5010,12:24,NORD,MARSEILLE ST CHARLES,JCNORDSUD,FRMSC,11:55,FRAVG
948,2023-06-12,LILLE (intramuros),NON,5010,08:23,NORD,AEROPORT CDG2 TGV ROISSY,JCNORDSUD,FRMLW,07:24,FRLLE
949,2023-06-12,LILLE (intramuros),NON,5010,12:24,NORD,MARSEILLE ST CHARLES,JCNORDSUD,FRMSC,07:24,FRLLE
950,2023-06-12,LILLE (intramuros),NON,5010,07:51,NORD,TGV HAUTE PICARDIE,JCNORDSUD,FRTHP,07:24,FRLLE
951,2023-06-12,TGV HAUTE PICARDIE,NON,5010,10:29,NORD,LYON (intramuros),JCNORDSUD,FRLPD,07:54,FRTHP
952,2023-06-12,TGV HAUTE PICARDIE,NON,5010,08:38,NORD,MARNE LA VALLEE CHESSY,JCNORDSUD,FRMLV,07:54,FRTHP
953,2023-06-12,TGV HAUTE PICARDIE,NON,5010,11:15,NORD,VALENCE TGV RHONE-ALPES SUD,JCNORDSUD,FRVLA,07:54,FRTHP
954,2023-06-12,PARIS (intramuros),OUI,7065,19:18,NORD,LILLE (intramuros),PALILLE,FRADJ,18:16,FRPNO
955,2023-06-12,LA ROCHELLE VILLE,OUI,8364,17:19,ATLANTIQUE,SURGERES,ROCHELLEPA,FREIP,17:01,FRLRH
956,2023-06-12,LA ROCHELLE VILLE,NON,8364,19:37,ATLANTIQUE,PARIS (intramuros),ROCHELLEPA,FRPMO,17:01,FRLRH
957,2023-06-12,NIORT,NON,8364,19:37,ATLANTIQUE,PARIS (intramuros),ROCHELLEPA,FRPMO,17:43,FRNIT
958,2023-06-12,BEZIERS,OUI,6250,07:08,SUD EST,AGDE,LANGPA,FRXAG,06:58,FRBZR
959,2023-06-12,PERPIGNAN,OUI,6250,07:08,SUD EST,AGDE,LANGPA,FRXAG,06:04,FRPGF
960,2023-06-12,PERPIGNAN,OUI,6250,07:24,SUD EST,SETE,LANGPA,FRXSY,06:04,FRPGF
961,2023-06-12,AGDE,NON,6250,11:04,SUD EST,PARIS (intramuros),LANGPA,FRPLY,07:11,FRXAG
962,2023-06-12,PERPIGNAN,OUI,6250,07:43,SUD EST,MONTPELLIER SUD DE FRANCE,LANGPA,FRSUF,06:04,FRPGF
963,2023-06-12,NIMES PONT DU GARD,NON,6250,11:04,SUD EST,PARIS (intramuros),LANGPA,FRPLY,08:13,FRXZP
964,2023-06-12,BEZIERS,NON,6250,08:10,SUD EST,NIMES PONT DU GARD,LANGPA,FRXZP,06:58,FRBZR
965,2023-06-12,SETE,NON,6250,08:10,SUD EST,NIMES PONT DU GARD,LANGPA,FRXZP,07:27,FRXSY
966,2023-06-12,LAVAL,NON,8623,18:37,ATLANTIQUE,BREST,PARISBRETA,FRBES,16:00,FRACR
967,2023-06-12,LAVAL,NON,8623,16:25,ATLANTIQUE,RENNES,PARISBRETA,FRRNS,16:00,FRACR
968,2023-06-12,LAVAL,NON,8623,17:16,ATLANTIQUE,ST BRIEUC,PARISBRETA,FRSBK,16:00,FRACR
969,2023-06-12,ANGERS ST LAUD,NON,4406,17:57,IC SRO,BOURGES,JOURNTELYN,FRBOU,15:28,FRACL
970,2023-06-12,SAUMUR,NON,4406,18:35,IC SRO,NEVERS,JOURNTELYN,FRNVS,15:53,FRACN
971,2023-06-12,NANTES,NON,4406,16:31,IC SRO,ST PIERRE DES CORPS,JOURNTELYN,FRXSH,14:47,FRNTE
972,2023-06-12,NEVERS,NON,4406,21:18,IC SRO,LYON (intramuros),JOURNTELYN,FRLPD,18:42,FRNVS
973,2023-06-12,NEVERS,NON,4406,19:34,IC SRO,ST GERMAIN DES FOSSES,JOURNTELYN,FRSGF,18:42,FRNVS
974,2023-06-12,ST PIERRE DES CORPS,NON,4406,17:57,IC SRO,BOURGES,JOURNTELYN,FRBOU,16:34,FRXSH
975,2023-06-12,ST PIERRE DES CORPS,NON,4406,19:34,IC SRO,ST GERMAIN DES FOSSES,JOURNTELYN,FRSGF,16:34,FRXSH
976,2023-06-12,VIERZON VILLE,NON,4406,17:57,IC SRO,BOURGES,JOURNTELYN,FRBOU,17:40,FRXVZ
977,2023-06-12,VIERZON VILLE,NON,4406,19:09,IC SRO,MOULINS SUR ALLIER,JOURNTELYN,FRXMU,17:40,FRXVZ
978,2023-06-12,ST GAUDENS,NON,14140,10:30,IC SRO,TOULOUSE MATABIAU,SUDOUEST,FRXYT,09:37,FRFPH
979,2023-06-12,BAYONNE,NON,14140,07:45,IC SRO,ORTHEZ,SUDOUEST,FRGFI,07:00,FRXBY
980,2023-06-12,TARBES,NON,14140,10:30,IC SRO,TOULOUSE MATABIAU,SUDOUEST,FRXYT,08:55,FRXTB
981,2023-06-12,TOULOUSE MATABIAU,NON,14143,12:24,IC SRO,ST GAUDENS,SUDOUEST,FRFPH,11:35,FRXYT
982,2023-06-12,TOULOUSE MATABIAU,NON,14143,13:25,IC SRO,LOURDES,SUDOUEST,FRLDE,11:35,FRXYT
983,2023-06-12,TOULOUSE MATABIAU,NON,14143,13:09,IC SRO,TARBES,SUDOUEST,FRXTB,11:35,FRXYT
984,2023-06-12,LA SOUTERRAINE,OUI,3685,00:09,IC ARO,BRIVE LA GAILLARDE,PALITO,FRBVE,22:32,FRLST
985,2023-06-12,PARIS (intramuros),OUI,3685,21:17,IC ARO,VIERZON VILLE,PALITO,FRXVZ,19:36,FRPAZ
986,2023-06-12,VIERZON VILLE,OUI,3685,21:49,IC ARO,CHATEAUROUX,PALITO,FRCHR,21:19,FRXVZ
987,2023-06-12,POITIERS,NON,8431,08:23,ATLANTIQUE,ANGOULEME,PASUDOUEST,FRANG,07:43,FRPIS
988,2023-06-12,PARIS (intramuros),NON,8431,09:02,ATLANTIQUE,BORDEAUX ST JEAN,PASUDOUEST,FRBOJ,06:00,FRPMO
989,2023-06-12,UZERCHE,OUI,3655,21:31,IC ARO,SOUILLAC,PALITO,FRSOU,20:38,FRAAW
990,2023-06-12,LIMOGES BENEDICTINS,OUI,3655,20:37,IC ARO,UZERCHE,PALITO,FRAAW,20:00,FRAGQ
991,2023-06-12,CHATEAUROUX,OUI,3655,20:37,IC ARO,UZERCHE,PALITO,FRAAW,18:50,FRCHR
992,2023-06-12,CHATEAUROUX,OUI,3655,21:46,IC ARO,GOURDON,PALITO,FRFSI,18:50,FRCHR
993,2023-06-12,GOURDON,OUI,3655,22:14,IC ARO,CAHORS,PALITO,FRZAO,21:47,FRFSI
994,2023-06-12,PARIS (intramuros),OUI,3655,21:04,IC ARO,BRIVE LA GAILLARDE,PALITO,FRBVE,16:41,FRPAZ
995,2023-06-12,SOUILLAC,OUI,3655,21:46,IC ARO,GOURDON,PALITO,FRFSI,21:32,FRSOU
996,2023-06-12,ISSOUDUN,OUI,3655,21:31,IC ARO,SOUILLAC,PALITO,FRSOU,18:34,FRFMN
997,2023-06-12,ISSOUDUN,OUI,3655,21:46,IC ARO,GOURDON,PALITO,FRFSI,18:34,FRFMN
998,2023-06-12,COLMAR,OUI,2350,07:13,EST,STRASBOURG,MULHSTRAPA,FRAEG,06:38,FRAEJ
999,2023-06-12,SELESTAT,NON,2350,09:16,EST,PARIS (intramuros),MULHSTRAPA,FRPST,06:52,FRXSQ
1000,2023-06-12,LILLE (intramuros),NON,9862,15:25,NORD,BRUXELLES MIDI BRUSSEL ZUID,JCSUDNORD,BEBMI,14:51,FRLLE
1001,2023-06-12,MARNE LA VALLEE CHESSY,NON,9862,13:34,NORD,TGV HAUTE PICARDIE,JCSUDNORD,FRTHP,12:51,FRMLV
1002,2023-06-12,TGV HAUTE PICARDIE,NON,9862,15:25,NORD,BRUXELLES MIDI BRUSSEL ZUID,JCSUDNORD,BEBMI,13:38,FRTHP
1003,2023-06-12,VALENCE TGV RHONE-ALPES SUD,NON,9862,12:47,NORD,MARNE LA VALLEE CHESSY,JCSUDNORD,FRMLV,10:15,FRVLA
1004,2023-06-12,MONTPELLIER SUD DE FRANCE,NON,9862,13:01,NORD,AEROPORT CDG2 TGV ROISSY,JCSUDNORD,FRMLW,09:12,FRSUF
1005,2023-06-12,MONTPELLIER SUD DE FRANCE,NON,9862,15:25,NORD,BRUXELLES MIDI BRUSSEL ZUID,JCSUDNORD,BEBMI,09:12,FRSUF
1006,2023-06-12,MONTPELLIER SUD DE FRANCE,NON,9862,13:55,NORD,ARRAS,JCSUDNORD,FRQRV,09:12,FRSUF
1007,2023-06-12,NIMES PONT DU GARD,NON,9862,10:53,NORD,LYON (intramuros),JCSUDNORD,FRLPD,09:33,FRXZP
1008,2023-06-12,NIMES PONT DU GARD,NON,9862,12:47,NORD,MARNE LA VALLEE CHESSY,JCSUDNORD,FRMLV,09:33,FRXZP
1009,2023-06-12,ANGERS ST LAUD,NON,8926,19:28,ATLANTIQUE,LE MANS,LOIREPARIS,FRAET,18:44,FRACL
1010,2023-06-12,ANGERS ST LAUD,NON,8926,20:29,ATLANTIQUE,PARIS (intramuros),LOIREPARIS,FRPMO,18:44,FRACL
1011,2023-06-12,LE CROISIC,OUI,8926,17:03,ATLANTIQUE,LA BAULE ESCOUBLAC,LOIREPARIS,FRJEE,16:55,FREGU
1012,2023-06-12,MACON LOCHE TGV,OUI,6621,18:17,SUD EST,LYON (intramuros),PARISRHONE,FRLPE,17:32,FRMLT
1013,2023-06-12,LE CREUSOT MONTCEAU MONTCHANIN,OUI,6621,18:03,SUD EST,LYON (intramuros),PARISRHONE,FRLPD,17:11,FRXCC
1014,2023-06-12,LE CREUSOT MONTCEAU MONTCHANIN,OUI,6621,18:17,SUD EST,LYON (intramuros),PARISRHONE,FRLPE,17:11,FRXCC
1015,2023-06-12,REMIREMONT,OUI,2574,07:05,EST,NANCY,NANCYPA,FRENC,05:56,FRRNT
1016,2023-06-12,MEUSE TGV,OUI,2540,13:55,EST,CHAMPAGNE-ARDENNE,NANCYPA,FREAH,13:32,FREAJ
1017,2023-06-12,NANCY,OUI,2540,13:29,EST,MEUSE TGV,NANCYPA,FREAJ,12:55,FRENC
1018,2023-06-12,PARIS (intramuros),NON,6711,21:05,SUD EST,BESANCON - F COMTE TGV,PABOUR,FRTJB,18:50,FRPLY
1019,2023-06-12,ANGERS ST LAUD,OUI,8879,17:54,ATLANTIQUE,NANTES,PARISLOIRE,FRNTE,17:16,FRACL
1020,2023-06-12,LE MANS,NON,8879,17:54,ATLANTIQUE,NANTES,PARISLOIRE,FRNTE,16:36,FRAET
1021,2023-06-12,PARIS (intramuros),NON,8879,16:33,ATLANTIQUE,LE MANS,PARISLOIRE,FRAET,15:36,FRPMO
1022,2023-06-12,PARIS (intramuros),NON,8879,17:54,ATLANTIQUE,NANTES,PARISLOIRE,FRNTE,15:36,FRPMO
1023,2023-06-12,LE MANS,NON,5460,20:25,EST,LORRAINE TGV,JCATLEST,FREAM,16:57,FRAET
1024,2023-06-12,LE MANS,NON,5460,18:23,EST,MARNE LA VALLEE CHESSY,JCATLEST,FRMLV,16:57,FRAET
1025,2023-06-12,MASSY TGV,NON,5460,20:25,EST,LORRAINE TGV,JCATLEST,FREAM,17:54,FRDJU
1026,2023-06-12,CHAMPAGNE-ARDENNE,OUI,5460,21:04,EST,STRASBOURG,JCATLEST,FRAEG,19:35,FREAH
1027,2023-06-12,LORRAINE TGV,OUI,5460,21:04,EST,STRASBOURG,JCATLEST,FRAEG,20:28,FREAM
1028,2023-06-12,AEROPORT CDG2 TGV ROISSY,NON,5460,19:29,EST,CHAMPAGNE-ARDENNE,JCATLEST,FREAH,18:53,FRMLW
1029,2023-06-12,RENNES,NON,5460,16:51,EST,LE MANS,JCATLEST,FRAET,16:03,FRRNS
1030,2023-06-12,CLERMONT FERRAND,OUI,5982,20:57,IC ARO,PARIS (intramuros),CLERMONTPA,FRPBE,17:31,FRCFE
1031,2023-06-12,NEVERS,OUI,5982,20:57,IC ARO,PARIS (intramuros),CLERMONTPA,FRPBE,19:00,FRNVS
1032,2023-06-12,MOULINS SUR ALLIER,OUI,5982,18:58,IC ARO,NEVERS,CLERMONTPA,FRNVS,18:31,FRXMU
1033,2023-06-12,MOULINS SUR ALLIER,OUI,5982,20:57,IC ARO,PARIS (intramuros),CLERMONTPA,FRPBE,18:31,FRXMU
1034,2023-06-12,ANGERS ST LAUD,NON,4402,13:10,IC SRO,LYON (intramuros),JOURNTELYN,FRLPD,07:10,FRACL
1035,2023-06-12,ANGERS ST LAUD,NON,4402,12:04,IC SRO,ROANNE,JOURNTELYN,FRRNE,07:10,FRACL
1036,2023-06-12,SAUMUR,NON,4402,13:22,IC SRO,LYON (intramuros),JOURNTELYN,FRLPE,07:32,FRACN
1037,2023-06-12,NEVERS,NON,4402,11:25,IC SRO,ST GERMAIN DES FOSSES,JOURNTELYN,FRSGF,10:32,FRNVS
1038,2023-06-12,ST GERMAIN DES FOSSES,NON,4402,13:22,IC SRO,LYON (intramuros),JOURNTELYN,FRLPE,11:27,FRSGF
1039,2023-06-12,ST GERMAIN DES FOSSES,NON,4402,12:04,IC SRO,ROANNE,JOURNTELYN,FRRNE,11:27,FRSGF
1040,2023-06-12,MOULINS SUR ALLIER,NON,4402,11:25,IC SRO,ST GERMAIN DES FOSSES,JOURNTELYN,FRSGF,11:02,FRXMU
1041,2023-06-12,ST PIERRE DES CORPS,NON,4402,13:22,IC SRO,LYON (intramuros),JOURNTELYN,FRLPE,08:08,FRXSH
1042,2023-06-12,ST PIERRE DES CORPS,NON,4402,11:00,IC SRO,MOULINS SUR ALLIER,JOURNTELYN,FRXMU,08:08,FRXSH
1043,2023-06-12,ST PIERRE DES CORPS,NON,4402,09:16,IC SRO,VIERZON VILLE,JOURNTELYN,FRXVZ,08:08,FRXSH
1044,2023-06-12,VIERZON VILLE,NON,4402,09:43,IC SRO,BOURGES,JOURNTELYN,FRBOU,09:20,FRXVZ
1045,2023-06-12,AIX EN PROVENCE TGV,NON,6805,12:39,SUD EST,ANTIBES,JCPROVSUD,FRXAT,09:51,FRAIE
1046,2023-06-12,AVIGNON TGV,NON,6805,12:26,SUD EST,CANNES,JCPROVSUD,FRJCA,09:29,FRAVG
1047,2023-06-12,AVIGNON TGV,NON,6805,12:58,SUD EST,NICE VILLE,JCPROVSUD,FRNIC,09:29,FRAVG
1048,2023-06-12,LYON (intramuros),NON,6805,10:03,SUD EST,MARSEILLE ST CHARLES,JCPROVSUD,FRMSC,08:06,FRLPD
1049,2023-06-12,LYON (intramuros),NON,6805,08:47,SUD EST,VALENCE TGV RHONE-ALPES SUD,JCPROVSUD,FRVLA,08:06,FRLPD
1050,2023-06-12,VALENCE TGV RHONE-ALPES SUD,NON,6805,12:02,SUD EST,ST RAPHAEL VALESCURE,JCPROVSUD,FRXSK,08:53,FRVLA
1051,2023-06-12,ANTIBES,OUI,6805,12:58,SUD EST,NICE VILLE,JCPROVSUD,FRNIC,12:42,FRXAT
1052,2023-06-12,PARIS (intramuros),OUI,7551,08:43,NORD,CALAIS FRETHUN,PAARRAS,FRSTH,06:52,FRPNO
1053,2023-06-12,LIMOGES BENEDICTINS,NON,3605,11:00,IC ARO,BRIVE LA GAILLARDE,PALITO,FRBVE,09:59,FRAGQ
1054,2023-06-12,LIMOGES BENEDICTINS,NON,3605,13:25,IC ARO,TOULOUSE MATABIAU,PALITO,FRXYT,09:59,FRAGQ
1055,2023-06-12,LIMOGES BENEDICTINS,NON,3605,12:10,IC ARO,CAHORS,PALITO,FRZAO,09:59,FRAGQ
1056,2023-06-12,BRIVE LA GAILLARDE,NON,3605,12:51,IC ARO,MONTAUBAN VILLE BOURBON,PALITO,FRXMW,11:03,FRBVE
1057,2023-06-12,CHATEAUROUX,NON,3605,12:51,IC ARO,MONTAUBAN VILLE BOURBON,PALITO,FRXMW,08:44,FRCHR
1058,2023-06-12,CHATEAUROUX,NON,3605,13:25,IC ARO,TOULOUSE MATABIAU,PALITO,FRXYT,08:44,FRCHR
1059,2023-06-12,LES AUBRAIS ORLEANS,NON,3605,11:43,IC ARO,GOURDON,PALITO,FRFSI,07:36,FRLAB
1060,2023-06-12,PARIS (intramuros),NON,3605,12:37,IC ARO,CAUSSADE TARN ET GARONNE,PALITO,FRFTA,06:36,FRPAZ
1061,2023-06-12,PARIS (intramuros),NON,3605,12:10,IC ARO,CAHORS,PALITO,FRZAO,06:36,FRPAZ
1062,2023-06-12,SOUILLAC,NON,3605,13:25,IC ARO,TOULOUSE MATABIAU,PALITO,FRXYT,11:29,FRSOU
1063,2023-06-12,VIERZON VILLE,NON,3605,08:42,IC ARO,CHATEAUROUX,PALITO,FRCHR,08:12,FRXVZ
1064,2023-06-12,VIERZON VILLE,NON,3605,09:20,IC ARO,LA SOUTERRAINE,PALITO,FRLST,08:12,FRXVZ
1065,2023-06-12,VIERZON VILLE,NON,3605,13:25,IC ARO,TOULOUSE MATABIAU,PALITO,FRXYT,08:12,FRXVZ
1066,2023-06-12,LA SOUTERRAINE,NON,3605,12:51,IC ARO,MONTAUBAN VILLE BOURBON,PALITO,FRXMW,09:22,FRLST
1067,2023-06-12,BEZIERS,OUI,4770,22:00,IC ARO,NARBONNE,TJOURSESO,FRXNA,21:47,FRBZR
1068,2023-06-12,CARCASSONNE,OUI,4770,23:18,IC ARO,TOULOUSE MATABIAU,TJOURSESO,FRXYT,22:36,FRCCF
1069,2023-06-12,NIMES,OUI,4770,22:00,IC ARO,NARBONNE,TJOURSESO,FRXNA,20:38,FRFNI
1070,2023-06-12,MARSEILLE ST CHARLES,OUI,4770,22:00,IC ARO,NARBONNE,TJOURSESO,FRXNA,19:23,FRMSC
1071,2023-06-12,RETHEL,OUI,2714,08:09,EST,REIMS,SEDBARPA,FRRHE,07:47,FRBDT
1072,2023-06-12,NIMES,OUI,4752,10:28,IC ARO,AGEN,TJOURSESO,FRAGF,06:38,FRFNI
1073,2023-06-12,NIMES,OUI,4752,07:02,IC ARO,MONTPELLIER SAINT-ROCH,TJOURSESO,FRMPL,06:38,FRFNI
1074,2023-06-12,MONTPELLIER SAINT-ROCH,OUI,4752,07:43,IC ARO,BEZIERS,TJOURSESO,FRBZR,07:06,FRMPL
1075,2023-06-12,MONTAUBAN VILLE BOURBON,OUI,4752,11:32,IC ARO,BORDEAUX ST JEAN,TJOURSESO,FRBOJ,09:53,FRXMW
1076,2023-06-12,NARBONNE,OUI,4752,11:32,IC ARO,BORDEAUX ST JEAN,TJOURSESO,FRBOJ,08:02,FRXNA
1077,2023-06-12,TOULOUSE MATABIAU,OUI,4752,09:51,IC ARO,MONTAUBAN VILLE BOURBON,TJOURSESO,FRXMW,09:22,FRXYT
1078,2023-06-12,LYON (intramuros),OUI,6685,15:48,SUD EST,ST ETIENNE CHATEAUCREUX,PARISRHONE,FRHHD,15:06,FRLPD
1079,2023-06-12,NANTES,NON,8814,16:12,ATLANTIQUE,PARIS (intramuros),LOIREPARIS,FRPMO,14:05,FRNTE
1080,2023-06-12,LAVAL,OUI,8641,21:21,ATLANTIQUE,ST BRIEUC,PARISBRETA,FRSBK,19:58,FRACR
1081,2023-06-12,LAVAL,OUI,8641,22:36,ATLANTIQUE,LANDERNEAU,PARISBRETA,FRXLD,19:58,FRACR
1082,2023-06-12,GUINGAMP,OUI,8641,22:51,ATLANTIQUE,BREST,PARISBRETA,FRBES,21:40,FRGGP
1083,2023-06-12,GUINGAMP,OUI,8641,22:11,ATLANTIQUE,MORLAIX,PARISBRETA,FRMXN,21:40,FRGGP
1084,2023-06-12,GUINGAMP,OUI,8641,21:53,ATLANTIQUE,PLOUARET TREGOR,PARISBRETA,FRPLT,21:40,FRGGP
1085,2023-06-12,LAMBALLE,OUI,8641,21:38,ATLANTIQUE,GUINGAMP,PARISBRETA,FRGGP,21:11,FRLAM
1086,2023-06-12,LAMBALLE,OUI,8641,21:53,ATLANTIQUE,PLOUARET TREGOR,PARISBRETA,FRPLT,21:11,FRLAM
1087,2023-06-12,PARIS (intramuros),NON,8641,20:25,ATLANTIQUE,RENNES,PARISBRETA,FRRNS,18:40,FRPMO
1088,2023-06-12,PARIS (intramuros),NON,8641,21:21,ATLANTIQUE,ST BRIEUC,PARISBRETA,FRSBK,18:40,FRPMO
1089,2023-06-12,ST BRIEUC,OUI,8641,21:38,ATLANTIQUE,GUINGAMP,PARISBRETA,FRGGP,21:24,FRSBK
1090,2023-06-12,ST BRIEUC,OUI,8641,22:36,ATLANTIQUE,LANDERNEAU,PARISBRETA,FRXLD,21:24,FRSBK
1091,2023-06-12,CHAMPAGNE-ARDENNE,NON,2571,13:59,EST,NANCY,PANANCY,FRENC,13:05,FREAH
1092,2023-06-12,NANCY,OUI,2571,14:49,EST,EPINAL,PANANCY,FREPL,14:04,FRENC
1093,2023-06-12,PARIS (intramuros),NON,2571,13:59,EST,NANCY,PANANCY,FRENC,12:21,FRPST
1094,2023-06-12,PARIS (intramuros),NON,2571,15:12,EST,REMIREMONT,PANANCY,FRRNT,12:21,FRPST
1095,2023-06-12,VALENCE TGV RHONE-ALPES SUD,NON,9715,19:56,SUD EST,PERPIGNAN,PABARCELONE,FRPGF,17:09,FRVLA
1096,2023-06-12,AGDE,NON,9715,19:20,SUD EST,NARBONNE,PABARCELONE,FRXNA,18:51,FRXAG
1097,2023-06-12,VALENCE TGV RHONE-ALPES SUD,NON,9715,18:08,SUD EST,MONTPELLIER SUD DE FRANCE,PABARCELONE,FRSUF,17:09,FRVLA
1098,2023-06-12,PERPIGNAN,NON,9715,20:27,SUD EST,FIGUERES VILA TGV,PABARCELONE,ESFIR,20:03,FRPGF
1099,2023-06-12,PERPIGNAN,NON,9715,21:25,SUD EST,BARCELONA SANTS,PABARCELONE,ESBST,20:03,FRPGF
1100,2023-06-12,PARIS (intramuros),NON,9715,20:27,SUD EST,FIGUERES VILA TGV,PABARCELONE,ESFIR,14:54,FRPLY
1101,2023-06-12,PERPIGNAN,NON,9715,20:44,SUD EST,GIRONA,PABARCELONE,ESGRO,20:03,FRPGF
1102,2023-06-12,NARBONNE,NON,9715,20:44,SUD EST,GIRONA,PABARCELONE,ESGRO,19:23,FRXNA
1103,2023-06-12,PARIS (intramuros),NON,6681,10:48,SUD EST,ST ETIENNE CHATEAUCREUX,PARISRHONE,FRHHD,07:50,FRPLY
1104,2023-06-12,PARIS (intramuros),NON,6681,09:56,SUD EST,LYON (intramuros),PARISRHONE,FRLPD,07:50,FRPLY
1105,2023-06-12,REDON,OUI,8707,12:00,ATLANTIQUE,LORIENT,PARISBRETA,FRLRT,11:06,FRXRN
1106,2023-06-12,REDON,OUI,8707,12:38,ATLANTIQUE,QUIMPER,PARISBRETA,FRUIP,11:06,FRXRN
1107,2023-06-12,REDON,OUI,8707,11:29,ATLANTIQUE,VANNES,PARISBRETA,FRVNE,11:06,FRXRN
1108,2023-06-12,LAUSANNE,NON,9264,09:26,INTERNATIONAL,DIJON VILLE,SUISPA,FRABA,07:23,CHAJF
1109,2023-06-12,MOUCHARD,NON,9264,09:26,INTERNATIONAL,DIJON VILLE,SUISPA,FRABA,08:45,FRMCD
1110,2023-06-12,FUTUROSCOPE,NON,8346,19:44,ATLANTIQUE,CHATELLERAULT,ROCHELLEPA,FRXCX,19:33,FRTGO
1111,2023-06-12,FUTUROSCOPE,NON,8346,20:16,ATLANTIQUE,ST PIERRE DES CORPS,ROCHELLEPA,FRXSH,19:33,FRTGO
1112,2023-06-12,CHATELLERAULT,OUI,8346,21:20,ATLANTIQUE,PARIS (intramuros),ROCHELLEPA,FRPMO,19:47,FRXCX
1113,2023-06-12,LILLE (intramuros),NON,9810,08:23,NORD,AEROPORT CDG2 TGV ROISSY,JCNORDSUD,FRMLW,07:24,FRLLE
1114,2023-06-12,LILLE (intramuros),NON,9810,07:51,NORD,TGV HAUTE PICARDIE,JCNORDSUD,FRTHP,07:24,FRLLE
1115,2023-06-12,AEROPORT CDG2 TGV ROISSY,NON,9810,11:15,NORD,VALENCE TGV RHONE-ALPES SUD,JCNORDSUD,FRVLA,08:29,FRMLW
1116,2023-06-12,TGV HAUTE PICARDIE,NON,9810,11:52,NORD,AVIGNON TGV,JCNORDSUD,FRAVG,07:54,FRTHP
1117,2023-06-12,VALENCE TGV RHONE-ALPES SUD,NON,9810,12:24,NORD,MARSEILLE ST CHARLES,JCNORDSUD,FRMSC,11:20,FRVLA
1118,2023-06-12,DIJON VILLE,NON,9879,17:50,EST,VALENCE TGV RHONE-ALPES SUD,JCRHINRHON,FRVLA,15:21,FRABA
1119,2023-06-12,METZ VILLE,NON,9879,13:54,EST,MULHOUSE VILLE,JCRHINRHON,FRAEK,12:12,FRADE
1120,2023-06-12,METZ VILLE,NON,9879,16:18,EST,MACON VILLE,JCRHINRHON,FRHGU,12:12,FRADE
1121,2023-06-12,METZ VILLE,NON,9879,16:56,EST,LYON (intramuros),JCRHINRHON,FRLPD,12:12,FRADE
1122,2023-06-12,METZ VILLE,NON,9879,14:41,EST,BESANCON - F COMTE TGV,JCRHINRHON,FRTJB,12:12,FRADE
1123,2023-06-12,STRASBOURG,NON,9879,16:18,EST,MACON VILLE,JCRHINRHON,FRHGU,13:06,FRAEG
1124,2023-06-12,BESANCON - F COMTE TGV,NON,9879,15:11,EST,DIJON VILLE,JCRHINRHON,FRABA,14:44,FRTJB
1125,2023-06-12,THIONVILLE,NON,9879,16:56,EST,LYON (intramuros),JCRHINRHON,FRLPD,11:47,FRXTH
1126,2023-06-12,LUXEMBOURG,OUI,9879,11:45,EST,THIONVILLE,JCRHINRHON,FRXTH,11:24,LULUX
1127,2023-06-12,LYON (intramuros),NON,9879,18:53,EST,MONTPELLIER SUD DE FRANCE,JCRHINRHON,FRSUF,17:10,FRLPD
1128,2023-06-12,MULHOUSE VILLE,NON,9879,18:53,EST,MONTPELLIER SUD DE FRANCE,JCRHINRHON,FRSUF,13:57,FRAEK
1129,2023-06-12,MULHOUSE VILLE,NON,9879,18:31,EST,NIMES PONT DU GARD,JCRHINRHON,FRXZP,13:57,FRAEK
1130,2023-06-12,METZ VILLE,NON,9879,18:31,EST,NIMES PONT DU GARD,JCRHINRHON,FRXZP,12:12,FRADE
1131,2023-06-12,NIMES PONT DU GARD,OUI,9879,18:53,EST,MONTPELLIER SUD DE FRANCE,JCRHINRHON,FRSUF,18:34,FRXZP
1132,2023-06-12,DAX,OUI,8537,14:48,ATLANTIQUE,HENDAYE,PASUDOUEST,FRAEF,13:37,FRACG
1133,2023-06-12,PARIS (intramuros),NON,8537,14:18,ATLANTIQUE,BIARRITZ,PASUDOUEST,FRBIQ,10:08,FRPMO
1134,2023-06-12,PARIS (intramuros),NON,8537,12:14,ATLANTIQUE,BORDEAUX ST JEAN,PASUDOUEST,FRBOJ,10:08,FRPMO
1135,2023-06-12,MEUSE TGV,NON,2656,10:20,EST,PARIS (intramuros),LUXMETZPA,FRPST,09:20,FREAJ
1136,2023-06-12,MONTPELLIER SAINT-ROCH,NON,6202,10:01,SUD EST,VALENCE TGV RHONE-ALPES SUD,LANGPA,FRVLA,08:46,FRMPL
1137,2023-06-12,PERPIGNAN,NON,6202,12:18,SUD EST,PARIS (intramuros),LANGPA,FRPLY,07:04,FRPGF
1138,2023-06-12,PERPIGNAN,NON,6202,10:01,SUD EST,VALENCE TGV RHONE-ALPES SUD,LANGPA,FRVLA,07:04,FRPGF
1139,2023-06-12,PERPIGNAN,OUI,6202,07:38,SUD EST,NARBONNE,LANGPA,FRXNA,07:04,FRPGF
1140,2023-06-12,PERPIGNAN,OUI,6202,08:23,SUD EST,SETE,LANGPA,FRXSY,07:04,FRPGF
1141,2023-06-12,SETE,NON,6202,10:01,SUD EST,VALENCE TGV RHONE-ALPES SUD,LANGPA,FRVLA,08:26,FRXSY
1142,2023-06-12,ARRAS,NON,7104,08:08,NORD,PARIS (intramuros),ARRASPA,FRPNO,07:18,FRQRV
1143,2023-06-12,VALENCIENNES,NON,7104,08:08,NORD,PARIS (intramuros),ARRASPA,FRPNO,06:15,FRXVS
1144,2023-06-12,NEVERS,OUI,5955,12:34,IC ARO,CLERMONT FERRAND,PACLERMONT,FRCFE,10:59,FRNVS
1145,2023-06-12,NEVERS,OUI,5955,11:28,IC ARO,MOULINS SUR ALLIER,PACLERMONT,FRXMU,10:59,FRNVS
1146,2023-06-12,PARIS (intramuros),OUI,5955,11:28,IC ARO,MOULINS SUR ALLIER,PACLERMONT,FRXMU,09:00,FRPBE
1147,2023-06-12,VICHY,OUI,5955,12:34,IC ARO,CLERMONT FERRAND,PACLERMONT,FRCFE,12:03,FRVHY
1148,2023-06-12,MOULINS SUR ALLIER,OUI,5955,12:34,IC ARO,CLERMONT FERRAND,PACLERMONT,FRCFE,11:30,FRXMU
1149,2023-06-12,DIJON VILLE,OUI,2242,15:54,EST,STRASBOURG,JCRHONRHIN,FRAEG,13:37,FRABA
1150,2023-06-12,DIJON VILLE,OUI,2242,15:24,EST,COLMAR,JCRHONRHIN,FRAEJ,13:37,FRABA
1151,2023-06-12,AIX EN PROVENCE TGV,NON,2242,15:24,EST,COLMAR,JCRHONRHIN,FRAEJ,09:58,FRAIE
1152,2023-06-12,AIX EN PROVENCE TGV,NON,2242,13:03,EST,BEAUNE,JCRHONRHIN,FRXBV,09:58,FRAIE
1153,2023-06-12,AVIGNON TGV,NON,2242,13:25,EST,DIJON VILLE,JCRHONRHIN,FRABA,10:20,FRAVG
1154,2023-06-12,AVIGNON TGV,NON,2242,15:54,EST,STRASBOURG,JCRHONRHIN,FRAEG,10:20,FRAVG
1155,2023-06-12,AVIGNON TGV,NON,2242,12:09,EST,MACON VILLE,JCRHONRHIN,FRHGU,10:20,FRAVG
1156,2023-06-12,AVIGNON TGV,NON,2242,12:41,EST,CHALON SUR SAONE,JCRHONRHIN,FRXCD,10:20,FRAVG
1157,2023-06-12,MACON VILLE,OUI,2242,14:06,EST,BESANCON - F COMTE TGV,JCRHONRHIN,FRTJB,12:12,FRHGU
1158,2023-06-12,MACON VILLE,OUI,2242,13:03,EST,BEAUNE,JCRHONRHIN,FRXBV,12:12,FRHGU
1159,2023-06-12,CANNES,NON,2242,15:24,EST,COLMAR,JCRHONRHIN,FRAEJ,07:30,FRJCA
1160,2023-06-12,CANNES,NON,2242,14:55,EST,MULHOUSE VILLE,JCRHONRHIN,FRAEK,07:30,FRJCA
1161,2023-06-12,CANNES,NON,2242,09:55,EST,AIX EN PROVENCE TGV,JCRHONRHIN,FRAIE,07:30,FRJCA
1162,2023-06-12,LYON (intramuros),NON,2242,14:55,EST,MULHOUSE VILLE,JCRHONRHIN,FRAEK,11:32,FRLPD
1163,2023-06-12,MARSEILLE ST CHARLES,NON,2242,15:24,EST,COLMAR,JCRHONRHIN,FRAEJ,09:45,FRMSC
1164,2023-06-12,NICE VILLE,NON,2242,15:54,EST,STRASBOURG,JCRHONRHIN,FRAEG,07:00,FRNIC
1165,2023-06-12,NICE VILLE,NON,2242,10:17,EST,AVIGNON TGV,JCRHONRHIN,FRAVG,07:00,FRNIC
1166,2023-06-12,NICE VILLE,OUI,2242,07:52,EST,ST RAPHAEL VALESCURE,JCRHONRHIN,FRXSK,07:00,FRNIC
1167,2023-06-12,TOULON,NON,2242,15:54,EST,STRASBOURG,JCRHONRHIN,FRAEG,08:50,FRTLN
1168,2023-06-12,TOULON,NON,2242,15:24,EST,COLMAR,JCRHONRHIN,FRAEJ,08:50,FRTLN
1169,2023-06-12,ANTIBES,NON,2242,15:54,EST,STRASBOURG,JCRHONRHIN,FRAEG,07:16,FRXAT
1170,2023-06-12,ANTIBES,NON,2242,14:55,EST,MULHOUSE VILLE,JCRHONRHIN,FRAEK,07:16,FRXAT
1171,2023-06-12,ANTIBES,NON,2242,11:26,EST,LYON (intramuros),JCRHONRHIN,FRLPD,07:16,FRXAT
1172,2023-06-12,ANTIBES,NON,2242,13:03,EST,BEAUNE,JCRHONRHIN,FRXBV,07:16,FRXAT
1173,2023-06-12,CHALON SUR SAONE,OUI,2242,15:54,EST,STRASBOURG,JCRHONRHIN,FRAEG,12:44,FRXCD
1174,2023-06-12,LES ARCS DRAGUIGNAN,NON,2242,15:24,EST,COLMAR,JCRHONRHIN,FRAEJ,08:12,FRXRS
1175,2023-06-12,LES ARCS DRAGUIGNAN,NON,2242,12:09,EST,MACON VILLE,JCRHONRHIN,FRHGU,08:12,FRXRS
1176,2023-06-12,ST RAPHAEL VALESCURE,NON,2242,15:24,EST,COLMAR,JCRHONRHIN,FRAEJ,07:55,FRXSK
1177,2023-06-12,ST RAPHAEL VALESCURE,NON,2242,09:55,EST,AIX EN PROVENCE TGV,JCRHONRHIN,FRAIE,07:55,FRXSK
1178,2023-06-12,ST RAPHAEL VALESCURE,OUI,2242,09:33,EST,MARSEILLE ST CHARLES,JCRHONRHIN,FRMSC,07:55,FRXSK
1179,2023-06-12,CANNES,NON,2242,14:06,EST,BESANCON - F COMTE TGV,JCRHONRHIN,FRTJB,07:30,FRJCA
1180,2023-06-12,NICE VILLE,NON,2242,14:06,EST,BESANCON - F COMTE TGV,JCRHONRHIN,FRTJB,07:00,FRNIC
1181,2023-06-12,BEAUNE,OUI,2242,15:54,EST,STRASBOURG,JCRHONRHIN,FRAEG,13:06,FRXBV
1182,2023-06-12,BEAUNE,OUI,2242,14:55,EST,MULHOUSE VILLE,JCRHONRHIN,FRAEK,13:06,FRXBV
1183,2023-06-12,BEAUNE,OUI,2242,14:06,EST,BESANCON - F COMTE TGV,JCRHONRHIN,FRTJB,13:06,FRXBV
1184,2023-06-12,AGEN,NON,8512,14:40,ATLANTIQUE,BORDEAUX ST JEAN,SUDOUESTPA,FRBOJ,13:35,FRAGF
1185,2023-06-12,ANGOULEME,NON,8512,17:12,ATLANTIQUE,PARIS (intramuros),SUDOUESTPA,FRPMO,15:23,FRANG
1186,2023-06-12,TOULOUSE MATABIAU,NON,8512,14:40,ATLANTIQUE,BORDEAUX ST JEAN,SUDOUESTPA,FRBOJ,12:27,FRXYT
1187,2023-06-12,TOURS,OUI,8306,07:12,ATLANTIQUE,VENDOME VILLIERS SUR LOIR,ROCHELLEPA,FRESL,06:42,FRAFW
1188,2023-06-12,VENDOME VILLIERS SUR LOIR,OUI,8331,08:35,ATLANTIQUE,ST PIERRE DES CORPS,PAROCHELLE,FRXSH,08:16,FRESL
1189,2023-06-12,PARIS (intramuros),OUI,8331,09:35,ATLANTIQUE,POITIERS,PAROCHELLE,FRPIS,07:28,FRPMO
1190,2023-06-12,FUTUROSCOPE,OUI,8331,09:35,ATLANTIQUE,POITIERS,PAROCHELLE,FRPIS,09:25,FRTGO
1191,2023-06-12,ST PIERRE DES CORPS,OUI,8331,09:35,ATLANTIQUE,POITIERS,PAROCHELLE,FRPIS,08:42,FRXSH
1192,2023-06-12,CHAMPAGNE-ARDENNE,NON,2807,09:43,EST,METZ VILLE,PAMETZLUX,FRADE,08:56,FREAH
1193,2023-06-12,PARIS (intramuros),NON,2807,08:53,EST,CHAMPAGNE-ARDENNE,PAMETZLUX,FREAH,08:14,FRPST
1194,2023-06-12,PARIS (intramuros),NON,2807,10:08,EST,THIONVILLE,PAMETZLUX,FRXTH,08:14,FRPST
1195,2023-06-12,ANGOULEME,NON,5440,12:24,EST,MARNE LA VALLEE CHESSY,JCATLEST,FRMLV,09:35,FRANG
1196,2023-06-12,ANGOULEME,NON,5440,10:16,EST,POITIERS,JCATLEST,FRPIS,09:35,FRANG
1197,2023-06-12,BORDEAUX ST JEAN,NON,5440,12:55,EST,CHAMPAGNE-ARDENNE,JCATLEST,FREAH,08:54,FRBOJ
1198,2023-06-12,MASSY TGV,NON,5440,12:24,EST,MARNE LA VALLEE CHESSY,JCATLEST,FRMLV,11:55,FRDJU
1199,2023-06-12,MARNE LA VALLEE CHESSY,OUI,5440,14:29,EST,STRASBOURG,JCATLEST,FRAEG,12:28,FRMLV
1200,2023-06-12,MARNE LA VALLEE CHESSY,OUI,5440,13:23,EST,MEUSE TGV,JCATLEST,FREAJ,12:28,FRMLV
1201,2023-06-12,LILLE (intramuros),NON,5202,10:41,NORD,POITIERS,JCNORDAQUI,FRPIS,06:15,FRADJ
1202,2023-06-12,MASSY TGV,NON,5202,11:23,NORD,ANGOULEME,JCNORDAQUI,FRANG,09:09,FRDJU
1203,2023-06-12,MASSY TGV,NON,5202,12:04,NORD,BORDEAUX ST JEAN,JCNORDAQUI,FRBOJ,09:09,FRDJU
1204,2023-06-12,MARNE LA VALLEE CHESSY,NON,5202,10:06,NORD,ST PIERRE DES CORPS,JCNORDAQUI,FRXSH,08:35,FRMLV
1205,2023-06-12,AEROPORT CDG2 TGV ROISSY,NON,5202,11:23,NORD,ANGOULEME,JCNORDAQUI,FRANG,08:10,FRMLW
1206,2023-06-12,TGV HAUTE PICARDIE,NON,5202,10:06,NORD,ST PIERRE DES CORPS,JCNORDAQUI,FRXSH,07:25,FRTHP
1207,2023-06-12,ST PIERRE DES CORPS,NON,5202,11:23,NORD,ANGOULEME,JCNORDAQUI,FRANG,10:10,FRXSH
1208,2023-06-12,BELLEGARDE,NON,9770,15:42,INTERNATIONAL,PARIS (intramuros),GENEVEPA,FRPLY,13:02,FRXBF
1209,2023-06-12,BELLEGARDE,NON,9770,13:49,INTERNATIONAL,BOURG EN BRESSE,GENEVEPA,FRXBK,13:02,FRXBF
1210,2023-06-12,VENDOME VILLIERS SUR LOIR,OUI,8315,18:45,ATLANTIQUE,TOURS,PAROCHELLE,FRAFW,18:15,FRESL
1211,2023-06-12,VENDOME VILLIERS SUR LOIR,OUI,8315,18:35,ATLANTIQUE,ST PIERRE DES CORPS,PAROCHELLE,FRXSH,18:15,FRESL
1212,2023-06-12,ST PIERRE DES CORPS,OUI,8315,18:45,ATLANTIQUE,TOURS,PAROCHELLE,FRAFW,18:39,FRXSH
1213,2023-06-12,LIMOGES BENEDICTINS,OUI,3694,21:09,IC ARO,CHATEAUROUX,TOULOUZECO,FRCHR,19:59,FRAGQ
1214,2023-06-12,BRIVE LA GAILLARDE,OUI,3694,23:24,IC ARO,PARIS (intramuros),TOULOUZECO,FRPBE,18:56,FRBVE
1215,2023-06-12,CHATEAUROUX,OUI,3694,22:20,IC ARO,LES AUBRAIS ORLEANS,TOULOUZECO,FRLAB,21:11,FRCHR
1216,2023-06-12,CHATEAUROUX,OUI,3694,21:45,IC ARO,VIERZON VILLE,TOULOUZECO,FRXVZ,21:11,FRCHR
1217,2023-06-12,CAUSSADE TARN ET GARONNE,OUI,3694,19:56,IC ARO,LIMOGES BENEDICTINS,TOULOUZECO,FRAGQ,17:17,FRFTA
1218,2023-06-12,CAUSSADE TARN ET GARONNE,OUI,3694,21:45,IC ARO,VIERZON VILLE,TOULOUZECO,FRXVZ,17:17,FRFTA
1219,2023-06-12,SOUILLAC,OUI,3694,19:56,IC ARO,LIMOGES BENEDICTINS,TOULOUZECO,FRAGQ,18:27,FRSOU
1220,2023-06-12,MONTAUBAN VILLE BOURBON,OUI,3694,18:53,IC ARO,BRIVE LA GAILLARDE,TOULOUZECO,FRBVE,17:03,FRXMW
1221,2023-06-12,MONTAUBAN VILLE BOURBON,OUI,3694,18:08,IC ARO,GOURDON,TOULOUZECO,FRFSI,17:03,FRXMW
1222,2023-06-12,MONTAUBAN VILLE BOURBON,OUI,3694,21:45,IC ARO,VIERZON VILLE,TOULOUZECO,FRXVZ,17:03,FRXMW
1223,2023-06-12,TOULOUSE MATABIAU,OUI,3694,21:09,IC ARO,CHATEAUROUX,TOULOUZECO,FRCHR,16:31,FRXYT
1224,2023-06-12,CAHORS,OUI,3694,20:32,IC ARO,LA SOUTERRAINE,TOULOUZECO,FRLST,17:43,FRZAO
1225,2023-06-12,CAUSSADE TARN ET GARONNE,OUI,3694,20:32,IC ARO,LA SOUTERRAINE,TOULOUZECO,FRLST,17:17,FRFTA
1226,2023-06-12,CAUSSADE TARN ET GARONNE,OUI,3694,23:24,IC ARO,PARIS (intramuros),TOULOUZECO,FRPBE,17:17,FRFTA
1227,2023-06-12,CAHORS,OUI,3694,23:24,IC ARO,PARIS (intramuros),TOULOUZECO,FRPBE,17:43,FRZAO
1228,2023-06-12,VIERZON VILLE,OUI,3694,23:24,IC ARO,PARIS (intramuros),TOULOUZECO,FRPBE,21:47,FRXVZ
1229,2023-06-12,AGEN,NON,4659,13:27,IC ARO,CARCASSONNE,TJOURSOSE,FRCCF,11:31,FRAGF
1230,2023-06-12,AGEN,NON,4659,15:19,IC ARO,NIMES,TJOURSOSE,FRFNI,11:31,FRAGF
1231,2023-06-12,AGEN,NON,4659,14:51,IC ARO,MONTPELLIER SAINT-ROCH,TJOURSOSE,FRMPL,11:31,FRAGF
1232,2023-06-12,NARBONNE,NON,4659,16:37,IC ARO,MARSEILLE ST CHARLES,TJOURSOSE,FRMSC,14:01,FRXNA
1233,2023-06-12,TOULOUSE MATABIAU,NON,4659,14:14,IC ARO,BEZIERS,TJOURSOSE,FRBZR,12:45,FRXYT
1234,2023-06-12,TOULOUSE MATABIAU,NON,4659,15:19,IC ARO,NIMES,TJOURSOSE,FRFNI,12:45,FRXYT
1235,2023-06-12,TOULOUSE MATABIAU,NON,4659,14:51,IC ARO,MONTPELLIER SAINT-ROCH,TJOURSOSE,FRMPL,12:45,FRXYT
1236,2023-06-12,TOULOUSE MATABIAU,NON,4659,16:37,IC ARO,MARSEILLE ST CHARLES,TJOURSOSE,FRMSC,12:45,FRXYT
1237,2023-06-12,PARIS (intramuros),NON,6277,21:56,SUD EST,PERPIGNAN,PALANG,FRPGF,16:54,FRPLY
1238,2023-06-12,VALENCE TGV RHONE-ALPES SUD,NON,6277,20:49,SUD EST,AGDE,PALANG,FRXAG,19:11,FRVLA
1239,2023-06-12,AGDE,OUI,6277,21:56,SUD EST,PERPIGNAN,PALANG,FRPGF,20:52,FRXAG
1240,2023-06-12,AGDE,OUI,6277,21:20,SUD EST,NARBONNE,PALANG,FRXNA,20:52,FRXAG
1241,2023-06-12,SETE,OUI,6277,21:03,SUD EST,BEZIERS,PALANG,FRBZR,20:37,FRXSY
1242,2023-06-12,SETE,OUI,6277,21:56,SUD EST,PERPIGNAN,PALANG,FRPGF,20:37,FRXSY
1243,2023-06-12,PARIS (intramuros),NON,6277,20:11,SUD EST,MONTPELLIER SUD DE FRANCE,PALANG,FRSUF,16:54,FRPLY
1244,2023-06-12,ZUERICH HB,NON,9222,14:53,INTERNATIONAL,MULHOUSE VILLE,ZURBALPA,FRAEK,13:34,CHAJD
1245,2023-06-12,PARIS (intramuros),OUI,6923,20:13,SUD EST,GRENOBLE,PAGRENOBLE,FRGNB,17:12,FRPLY
1246,2023-06-12,CLERMONT FERRAND,OUI,5950,05:36,IC ARO,RIOM CHATEL GUYON,CLERMONTPA,FRRIO,05:27,FRCFE
1247,2023-06-12,ST GERMAIN DES FOSSES,NON,5950,08:57,IC ARO,PARIS (intramuros),CLERMONTPA,FRPBE,06:12,FRSGF
1248,2023-06-12,VICHY,NON,5950,08:57,IC ARO,PARIS (intramuros),CLERMONTPA,FRPBE,06:02,FRVHY
1249,2023-06-12,VALENCE TGV RHONE-ALPES SUD,NON,6033,12:45,SUD EST,NIMES,PALANG,FRFNI,12:00,FRVLA
1250,2023-06-12,DIJON VILLE,NON,2204,18:44,EST,BELFORT-MONTBELIARD TGV,JCRHONRHIN,FRTJA,17:50,FRABA
1251,2023-06-12,DIJON VILLE,NON,2204,18:17,EST,BESANCON - F COMTE TGV,JCRHONRHIN,FRTJB,17:50,FRABA
1252,2023-06-12,MULHOUSE VILLE,OUI,2204,20:18,EST,STRASBOURG,JCRHONRHIN,FRAEG,19:12,FRAEK
1253,2023-06-12,MULHOUSE VILLE,OUI,2204,19:41,EST,COLMAR,JCRHONRHIN,FRAEJ,19:12,FRAEK
1254,2023-06-12,NIMES,NON,2204,17:40,EST,DIJON VILLE,JCRHONRHIN,FRABA,14:21,FRFNI
1255,2023-06-12,NIMES,NON,2204,19:09,EST,MULHOUSE VILLE,JCRHONRHIN,FRAEK,14:21,FRFNI
1256,2023-06-12,NIMES,NON,2204,18:44,EST,BELFORT-MONTBELIARD TGV,JCRHONRHIN,FRTJA,14:21,FRFNI
1257,2023-06-12,NIMES,NON,2204,18:17,EST,BESANCON - F COMTE TGV,JCRHONRHIN,FRTJB,14:21,FRFNI
1258,2023-06-12,MACON VILLE,NON,2204,17:40,EST,DIJON VILLE,JCRHONRHIN,FRABA,16:41,FRHGU
1259,2023-06-12,MACON VILLE,NON,2204,19:41,EST,COLMAR,JCRHONRHIN,FRAEJ,16:41,FRHGU
1260,2023-06-12,LYON (intramuros),NON,2204,18:44,EST,BELFORT-MONTBELIARD TGV,JCRHONRHIN,FRTJA,16:04,FRLPD
1261,2023-06-12,LYON (intramuros),NON,2204,18:17,EST,BESANCON - F COMTE TGV,JCRHONRHIN,FRTJB,16:04,FRLPD
1262,2023-06-12,MONTPELLIER SAINT-ROCH,NON,2204,15:51,EST,LYON (intramuros),JCRHONRHIN,FRLPD,13:53,FRMPL
1263,2023-06-12,MONTPELLIER SAINT-ROCH,NON,2204,15:09,EST,VALENCE TGV RHONE-ALPES SUD,JCRHONRHIN,FRVLA,13:53,FRMPL
1264,2023-06-12,BESANCON - F COMTE TGV,NON,2204,20:18,EST,STRASBOURG,JCRHONRHIN,FRAEG,18:22,FRTJB
1265,2023-06-12,VALENCE TGV RHONE-ALPES SUD,NON,2204,16:39,EST,MACON VILLE,JCRHONRHIN,FRHGU,15:12,FRVLA
1266,2023-06-12,AVIGNON TGV,NON,6111,14:56,SUD EST,MARSEILLE ST CHARLES,PAPROVENCE,FRMSC,14:20,FRAVG
1267,2023-06-12,LYON-SAINT EXUPERY TGV,OUI,6911,13:13,SUD EST,GRENOBLE,PAGRENOBLE,FRGNB,12:05,FRJDQ
1268,2023-06-12,KARLSRUHE HBF,NON,9572,16:13,INTERNATIONAL,STRASBOURG,MUNSTUTPA,FRAEG,15:32,DEQKA
1269,2023-06-12,KARLSRUHE HBF,NON,9572,18:05,INTERNATIONAL,PARIS (intramuros),MUNSTUTPA,FRPST,15:32,DEQKA
1270,2023-06-12,NEVERS,OUI,5971,18:28,IC ARO,MOULINS SUR ALLIER,PACLERMONT,FRXMU,17:59,FRNVS
1271,2023-06-12,MOULINS SUR ALLIER,OUI,5971,19:34,IC ARO,CLERMONT FERRAND,PACLERMONT,FRCFE,18:30,FRXMU
1272,2023-06-12,MOULINS SUR ALLIER,OUI,5971,19:01,IC ARO,VICHY,PACLERMONT,FRVHY,18:30,FRXMU
1273,2023-06-12,LIMOGES BENEDICTINS,NON,3654,18:20,IC ARO,PARIS (intramuros),TOULOUZECO,FRPAZ,15:01,FRAGQ
1274,2023-06-12,LIMOGES BENEDICTINS,NON,3654,16:47,IC ARO,VIERZON VILLE,TOULOUZECO,FRXVZ,15:01,FRAGQ
1275,2023-06-12,BRIVE LA GAILLARDE,OUI,3654,14:21,IC ARO,UZERCHE,TOULOUZECO,FRAAW,13:56,FRBVE
1276,2023-06-12,BRIVE LA GAILLARDE,OUI,3654,14:58,IC ARO,LIMOGES BENEDICTINS,TOULOUZECO,FRAGQ,13:56,FRBVE
1277,2023-06-12,BRIVE LA GAILLARDE,OUI,3654,15:33,IC ARO,LA SOUTERRAINE,TOULOUZECO,FRLST,13:56,FRBVE
1278,2023-06-12,LA SOUTERRAINE,NON,3654,16:47,IC ARO,VIERZON VILLE,TOULOUZECO,FRXVZ,15:35,FRLST
1279,2023-06-12,SOUILLAC,OUI,3654,15:33,IC ARO,LA SOUTERRAINE,TOULOUZECO,FRLST,13:28,FRSOU
1280,2023-06-12,DIJON VILLE,NON,9877,15:06,EST,MARSEILLE ST CHARLES,JCRHINRHON,FRMSC,11:21,FRABA
1281,2023-06-12,DIJON VILLE,NON,9877,13:46,EST,VALENCE TGV RHONE-ALPES SUD,JCRHINRHON,FRVLA,11:21,FRABA
1282,2023-06-12,STRASBOURG,NON,9877,14:49,EST,AIX EN PROVENCE TGV,JCRHINRHON,FRAIE,09:03,FRAEG
1283,2023-06-12,STRASBOURG,NON,9877,14:25,EST,AVIGNON TGV,JCRHINRHON,FRAVG,09:03,FRAEG
1284,2023-06-12,MULHOUSE VILLE,NON,9877,14:25,EST,AVIGNON TGV,JCRHINRHON,FRAVG,09:57,FRAEK
1285,2023-06-12,MULHOUSE VILLE,NON,9877,10:41,EST,BESANCON - F COMTE TGV,JCRHINRHON,FRTJB,09:57,FRAEK
1286,2023-06-12,AVIGNON TGV,OUI,9877,14:49,EST,AIX EN PROVENCE TGV,JCRHINRHON,FRAIE,14:28,FRAVG
1287,2023-06-12,LYON (intramuros),NON,9877,13:46,EST,VALENCE TGV RHONE-ALPES SUD,JCRHINRHON,FRVLA,13:06,FRLPD
1288,2023-06-12,BELFORT-MONTBELIARD TGV,NON,9877,14:49,EST,AIX EN PROVENCE TGV,JCRHINRHON,FRAIE,10:21,FRTJA
1289,2023-06-12,BELFORT-MONTBELIARD TGV,NON,9877,10:41,EST,BESANCON - F COMTE TGV,JCRHINRHON,FRTJB,10:21,FRTJA
1290,2023-06-12,BELFORT-MONTBELIARD TGV,NON,9877,13:46,EST,VALENCE TGV RHONE-ALPES SUD,JCRHINRHON,FRVLA,10:21,FRTJA
1291,2023-06-12,BESANCON - F COMTE TGV,NON,9877,14:49,EST,AIX EN PROVENCE TGV,JCRHINRHON,FRAIE,10:44,FRTJB
1292,2023-06-12,ANGERS ST LAUD,NON,5288,18:37,NORD,AEROPORT CDG2 TGV ROISSY,JCBRETNORD,FRMLW,16:02,FRACL
1293,2023-06-12,LE MANS,NON,5288,18:23,NORD,MARNE LA VALLEE CHESSY,JCBRETNORD,FRMLV,16:57,FRAET
1294,2023-06-12,LE MANS,NON,5288,18:37,NORD,AEROPORT CDG2 TGV ROISSY,JCBRETNORD,FRMLW,16:57,FRAET
1295,2023-06-12,NANTES,NON,5288,17:48,NORD,MASSY TGV,JCBRETNORD,FRDJU,15:18,FRNTE
1296,2023-06-12,NANTES,NON,5288,18:23,NORD,MARNE LA VALLEE CHESSY,JCBRETNORD,FRMLV,15:18,FRNTE
1297,2023-06-12,RENNES,NON,8052,09:46,ATLANTIQUE,PARIS (intramuros),BRETAPARIS,FRPMO,07:47,FRRNS
1298,2023-06-12,LIMOGES BENEDICTINS,OUI,3624,08:25,IC ARO,ISSOUDUN,TOULOUZECO,FRFMN,06:58,FRAGQ
1299,2023-06-12,BRIVE LA GAILLARDE,OUI,3624,06:55,IC ARO,LIMOGES BENEDICTINS,TOULOUZECO,FRAGQ,05:55,FRBVE
1300,2023-06-12,BRIVE LA GAILLARDE,OUI,3624,07:31,IC ARO,LA SOUTERRAINE,TOULOUZECO,FRLST,05:55,FRBVE
1301,2023-06-12,ISSOUDUN,OUI,3624,10:22,IC ARO,PARIS (intramuros),TOULOUZECO,FRPAZ,08:26,FRFMN
1302,2023-06-12,VIERZON VILLE,OUI,3624,10:22,IC ARO,PARIS (intramuros),TOULOUZECO,FRPAZ,08:50,FRXVZ
1303,2023-06-12,LAVAL,OUI,5380,10:30,SUD EST,RENNES,JCSUDATL,FRRNS,10:05,FRACR
1304,2023-06-12,LE MANS,NON,5380,10:02,SUD EST,LAVAL,JCSUDATL,FRACR,09:33,FRAET
1305,2023-06-12,LYON (intramuros),NON,5380,10:02,SUD EST,LAVAL,JCSUDATL,FRACR,06:16,FRLPE
1306,2023-06-12,LYON (intramuros),NON,5380,09:30,SUD EST,LE MANS,JCSUDATL,FRAET,06:16,FRLPE
1307,2023-06-12,LYON (intramuros),NON,5380,08:34,SUD EST,MASSY TGV,JCSUDATL,FRDJU,06:16,FRLPE
1308,2023-06-12,PARIS (intramuros),NON,2513,16:46,EST,CHAMPAGNE-ARDENNE,PANANCY,FREAH,16:07,FRPST
1309,2023-06-12,PARIS (intramuros),NON,2751,20:11,EST,CHARLEVILLE MEZIERES,PABARSED,FRXCZ,18:28,FRPST
1310,2023-06-12,REIMS,OUI,2751,20:35,EST,SEDAN,PABARSED,FRXSW,19:20,FRRHE
1311,2023-06-12,AGEN,OUI,8517,21:03,ATLANTIQUE,MONTAUBAN VILLE BOURBON,PASUDOUEST,FRXMW,20:27,FRAGF
1312,2023-06-12,PARIS (intramuros),NON,8517,20:23,ATLANTIQUE,AGEN,PASUDOUEST,FRAGF,17:06,FRPMO
1313,2023-06-12,MASSY TGV,NON,12265,16:14,ATLANTIQUE,BORDEAUX ST JEAN,PASUDOUEST,FRBOJ,14:15,FRDJU
1314,2023-06-12,PARIS (intramuros),NON,12265,16:14,ATLANTIQUE,BORDEAUX ST JEAN,PASUDOUEST,FRBOJ,14:02,FRPMO
1315,2023-06-12,PARIS (intramuros),OUI,7377,18:39,NORD,HAZEBROUCK,PAARRAS,FRHZK,16:52,FRPNO
1316,2023-06-12,DIJON VILLE,NON,5521,09:54,EST,CHALON SUR SAONE,JCRHINRHON,FRXCD,09:21,FRABA
1317,2023-06-12,METZ VILLE,OUI,5521,07:13,EST,COLMAR,JCRHINRHON,FRAEJ,05:46,FRADE
1318,2023-06-12,METZ VILLE,NON,5521,10:56,EST,LYON (intramuros),JCRHINRHON,FRLPD,05:46,FRADE
1319,2023-06-12,METZ VILLE,NON,5521,09:54,EST,CHALON SUR SAONE,JCRHINRHON,FRXCD,05:46,FRADE
1320,2023-06-12,COLMAR,NON,5521,09:11,EST,DIJON VILLE,JCRHINRHON,FRABA,07:16,FRAEJ
1321,2023-06-12,COLMAR,OUI,5521,08:14,EST,BELFORT-MONTBELIARD TGV,JCRHINRHON,FRTJA,07:16,FRAEJ
1322,2023-06-12,MULHOUSE VILLE,NON,5521,12:24,EST,NIMES,JCRHINRHON,FRFNI,07:52,FRAEK
1323,2023-06-12,BELFORT-MONTBELIARD TGV,NON,5521,12:55,EST,MONTPELLIER SAINT-ROCH,JCRHINRHON,FRMPL,08:17,FRTJA
1324,2023-06-12,BELFORT-MONTBELIARD TGV,NON,5521,09:54,EST,CHALON SUR SAONE,JCRHINRHON,FRXCD,08:17,FRTJA
1325,2023-06-12,BESANCON - F COMTE TGV,NON,5521,09:11,EST,DIJON VILLE,JCRHINRHON,FRABA,08:41,FRTJB
1326,2023-06-12,CHALON SUR SAONE,NON,5521,12:55,EST,MONTPELLIER SAINT-ROCH,JCRHINRHON,FRMPL,09:56,FRXCD
1327,2023-06-12,NANTES,OUI,8868,12:23,ATLANTIQUE,LE MANS,LOIREPARIS,FRAET,11:05,FRNTE
1328,2023-06-12,NANTES,NON,8868,13:25,ATLANTIQUE,PARIS (intramuros),LOIREPARIS,FRPMO,11:05,FRNTE
1329,2023-06-12,LAVAL,NON,8680,08:20,ATLANTIQUE,PARIS (intramuros),BRETAPARIS,FRPMO,07:05,FRACR
1330,2023-06-12,LAMBALLE,NON,8680,08:20,ATLANTIQUE,PARIS (intramuros),BRETAPARIS,FRPMO,05:51,FRLAM
1331,2023-06-12,RENNES,OUI,8680,07:02,ATLANTIQUE,LAVAL,BRETAPARIS,FRACR,06:35,FRRNS
1332,2023-06-12,BESANCON - F COMTE TGV,NON,6703,12:39,SUD EST,MULHOUSE VILLE,PABOUR,FRAEK,11:38,FRTJB
1333,2023-06-12,AIX EN PROVENCE TGV,NON,9896,16:30,EST,AVIGNON TGV,JCRHONRHIN,FRAVG,16:11,FRAIE
1334,2023-06-12,AIX EN PROVENCE TGV,NON,9896,17:08,EST,VALENCE TGV RHONE-ALPES SUD,JCRHONRHIN,FRVLA,16:11,FRAIE
1335,2023-06-12,LYON (intramuros),NON,9896,19:39,EST,DIJON VILLE,JCRHONRHIN,FRABA,18:00,FRLPD
1336,2023-06-12,MARSEILLE ST CHARLES,NON,9896,22:07,EST,STRASBOURG,JCRHONRHIN,FRAEG,15:56,FRMSC
1337,2023-06-12,MARSEILLE ST CHARLES,NON,9896,17:51,EST,LYON (intramuros),JCRHONRHIN,FRLPD,15:56,FRMSC
1338,2023-06-12,BESANCON - F COMTE TGV,OUI,9896,21:09,EST,MULHOUSE VILLE,JCRHONRHIN,FRAEK,20:19,FRTJB
1339,2023-06-12,CANNES,NON,6180,22:38,SUD EST,PARIS (intramuros),AZURPA,FRPLY,17:33,FRJCA
1340,2023-06-12,TOULON,NON,6180,22:38,SUD EST,PARIS (intramuros),AZURPA,FRPLY,18:48,FRTLN
1341,2023-06-12,BEZIERS,NON,6873,19:51,SUD EST,LYON (intramuros),JCSUDPROV,FRLPD,17:14,FRBZR
1342,2023-06-12,CARCASSONNE,OUI,6873,17:11,SUD EST,BEZIERS,JCSUDPROV,FRBZR,16:27,FRCCF
1343,2023-06-12,CARCASSONNE,OUI,6873,17:36,SUD EST,SETE,JCSUDPROV,FRXSY,16:27,FRCCF
1344,2023-06-12,VALENCE TGV RHONE-ALPES SUD,NON,6873,19:51,SUD EST,LYON (intramuros),JCSUDPROV,FRLPD,19:13,FRVLA
1345,2023-06-12,SETE,NON,6873,18:22,SUD EST,NIMES,JCSUDPROV,FRFNI,17:39,FRXSY
1346,2023-06-12,TOULOUSE MATABIAU,OUI,6873,17:36,SUD EST,SETE,JCSUDPROV,FRXSY,15:43,FRXYT
1347,2023-06-12,MANNHEIM HBF,NON,9563,18:59,INTERNATIONAL,FRANKFURT MAIN HBF,PAFRANC,DEFRH,18:21,DEMHG
1348,2023-06-12,MARSEILLE ST CHARLES,NON,6175,15:57,SUD EST,NICE VILLE,PAAZUR,FRNIC,13:28,FRMSC
1349,2023-06-12,PARIS (intramuros),NON,6175,14:11,SUD EST,TOULON,PAAZUR,FRTLN,10:08,FRPLY
1350,2023-06-12,ANGOULEME,NON,5284,14:16,NORD,POITIERS,JCAQUINORD,FRPIS,13:36,FRANG
1351,2023-06-12,ANGOULEME,NON,5284,17:15,NORD,TGV HAUTE PICARDIE,JCAQUINORD,FRTHP,13:36,FRANG
1352,2023-06-12,BORDEAUX ST JEAN,NON,5284,13:33,NORD,ANGOULEME,JCAQUINORD,FRANG,12:58,FRBOJ
1353,2023-06-12,BORDEAUX ST JEAN,NON,5284,17:57,NORD,LILLE (intramuros),JCAQUINORD,FRLLE,12:58,FRBOJ
1354,2023-06-12,MASSY TGV,NON,5284,17:57,NORD,LILLE (intramuros),JCAQUINORD,FRLLE,15:55,FRDJU
1355,2023-06-12,MARNE LA VALLEE CHESSY,NON,5284,17:57,NORD,LILLE (intramuros),JCAQUINORD,FRLLE,16:31,FRMLV
1356,2023-06-12,MARNE LA VALLEE CHESSY,NON,5284,17:15,NORD,TGV HAUTE PICARDIE,JCAQUINORD,FRTHP,16:31,FRMLV
1357,2023-06-12,POITIERS,NON,5284,16:41,NORD,AEROPORT CDG2 TGV ROISSY,JCAQUINORD,FRMLW,14:19,FRPIS
1358,2023-06-12,POITIERS,NON,5284,17:15,NORD,TGV HAUTE PICARDIE,JCAQUINORD,FRTHP,14:19,FRPIS
1359,2023-06-12,ST PIERRE DES CORPS,NON,5284,15:49,NORD,MASSY TGV,JCAQUINORD,FRDJU,14:54,FRXSH
1360,2023-06-12,PARIS (intramuros),NON,6617,16:10,SUD EST,LYON (intramuros),PARISRHONE,FRLPE,13:50,FRPLY
1361,2023-06-12,MACON LOCHE TGV,NON,6941,15:59,SUD EST,AIX LES BAINS LE REVARD,PARISALPES,FRXAI,14:20,FRMLT
1362,2023-06-12,PARIS (intramuros),NON,6941,16:32,SUD EST,ANNECY,PARISALPES,FRNCY,12:44,FRPLY
1363,2023-06-12,PARIS (intramuros),NON,6941,15:59,SUD EST,AIX LES BAINS LE REVARD,PARISALPES,FRXAI,12:44,FRPLY
1364,2023-06-12,LYON (intramuros),NON,5192,19:14,NORD,DOUAI,JCSUDNORD,FRXDN,16:00,FRLPD
1365,2023-06-12,LYON (intramuros),OUI,5192,15:54,NORD,LYON (intramuros),JCSUDNORD,FRLPD,15:46,FRLPE
1366,2023-06-12,LYON (intramuros),NON,5192,18:01,NORD,AEROPORT CDG2 TGV ROISSY,JCSUDNORD,FRMLW,15:46,FRLPE
1367,2023-06-12,AEROPORT CDG2 TGV ROISSY,NON,5192,19:44,NORD,LILLE (intramuros),JCSUDNORD,FRADJ,18:07,FRMLW
1368,2023-06-12,DIJON VILLE,NON,2203,12:55,EST,MONTPELLIER SAINT-ROCH,JCRHINRHON,FRMPL,09:21,FRABA
1369,2023-06-12,MULHOUSE VILLE,NON,2203,12:55,EST,MONTPELLIER SAINT-ROCH,JCRHINRHON,FRMPL,07:52,FRAEK
1370,2023-06-12,BELFORT-MONTBELIARD TGV,NON,2203,12:24,EST,NIMES,JCRHINRHON,FRFNI,08:17,FRTJA
1371,2023-06-12,BELFORT-MONTBELIARD TGV,NON,2203,10:56,EST,LYON (intramuros),JCRHINRHON,FRLPD,08:17,FRTJA
1372,2023-06-12,BESANCON - F COMTE TGV,NON,2203,09:11,EST,DIJON VILLE,JCRHINRHON,FRABA,08:41,FRTJB
1373,2023-06-12,CHALON SUR SAONE,NON,2203,12:24,EST,NIMES,JCRHINRHON,FRFNI,09:56,FRXCD
1374,2023-06-12,ST PIERRE DES CORPS,NON,8310,08:43,ATLANTIQUE,VENDOME VILLIERS SUR LOIR,ROCHELLEPA,FRESL,08:25,FRXSH
1375,2023-06-12,BEZIERS,NON,6260,20:48,SUD EST,VALENCE TGV RHONE-ALPES SUD,LANGPA,FRVLA,18:59,FRBZR
1376,2023-06-12,PERPIGNAN,NON,6260,23:05,SUD EST,PARIS (intramuros),LANGPA,FRPLY,18:04,FRPGF
1377,2023-06-12,PERPIGNAN,OUI,6260,18:40,SUD EST,NARBONNE,LANGPA,FRXNA,18:04,FRPGF
1378,2023-06-12,AGDE,OUI,6260,19:26,SUD EST,SETE,LANGPA,FRXSY,19:13,FRXAG
1379,2023-06-12,NARBONNE,OUI,6260,18:56,SUD EST,BEZIERS,LANGPA,FRBZR,18:43,FRXNA
1380,2023-06-12,SETE,NON,6260,20:48,SUD EST,VALENCE TGV RHONE-ALPES SUD,LANGPA,FRVLA,19:29,FRXSY
1381,2023-06-12,NARBONNE,NON,6260,20:09,SUD EST,NIMES PONT DU GARD,LANGPA,FRXZP,18:43,FRXNA
1382,2023-06-12,AGDE,NON,6260,20:09,SUD EST,NIMES PONT DU GARD,LANGPA,FRXZP,19:13,FRXAG
1383,2023-06-12,JONZAC,NON,3833,16:08,IC SRO,BORDEAUX ST JEAN,NANTEBORDO,FRBOJ,15:11,FREMR
1384,2023-06-12,LUCON,NON,3833,16:08,IC SRO,BORDEAUX ST JEAN,NANTEBORDO,FRBOJ,13:00,FRLCN
1385,2023-06-12,LUCON,NON,3833,13:39,IC SRO,LA ROCHELLE VILLE,NANTEBORDO,FRLRH,13:00,FRLCN
1386,2023-06-12,LUCON,NON,3833,14:03,IC SRO,ROCHEFORT,NANTEBORDO,FRRCO,13:00,FRLCN
1387,2023-06-12,ROCHEFORT,NON,3833,15:10,IC SRO,JONZAC,NANTEBORDO,FREMR,14:05,FRRCO
1388,2023-06-12,LA ROCHE SUR YON,NON,3833,14:32,IC SRO,SAINTES,NANTEBORDO,FRXST,12:36,FRXRO
1389,2023-06-12,MULHOUSE VILLE,NON,6708,18:31,SUD EST,BESANCON - F COMTE TGV,BOURPA,FRTJB,17:46,FRAEK
1390,2023-06-12,AGEN,OUI,4665,20:14,IC ARO,BEZIERS,TJOURSOSE,FRBZR,17:32,FRAGF
1391,2023-06-12,AGEN,OUI,4665,18:07,IC ARO,MONTAUBAN VILLE BOURBON,TJOURSOSE,FRXMW,17:32,FRAGF
1392,2023-06-12,CARCASSONNE,OUI,4665,20:14,IC ARO,BEZIERS,TJOURSOSE,FRBZR,19:29,FRCCF
1393,2023-06-12,MONTAUBAN VILLE BOURBON,OUI,4665,19:58,IC ARO,NARBONNE,TJOURSOSE,FRXNA,18:09,FRXMW
1394,2023-06-12,AVIGNON TGV,NON,6127,21:44,SUD EST,AIX EN PROVENCE TGV,PAPROVENCE,FRAIE,21:24,FRAVG
1395,2023-06-12,MARSEILLE ST CHARLES,OUI,6116,12:15,SUD EST,AIX EN PROVENCE TGV,PROVENCEPA,FRAIE,12:04,FRMSC
1396,2023-06-12,ANGERS ST LAUD,NON,5320,21:30,SUD EST,LYON (intramuros),JCATLSUD,FRLPD,17:44,FRACL
1397,2023-06-12,MASSY TGV,NON,5320,21:47,SUD EST,LYON (intramuros),JCATLSUD,FRLPE,19:26,FRDJU
1398,2023-06-12,PARIS (intramuros),NON,8501,09:21,ATLANTIQUE,AGEN,PASUDOUEST,FRAGF,06:06,FRPMO
1399,2023-06-12,LIMOGES BENEDICTINS,OUI,3674,18:29,IC ARO,LA SOUTERRAINE,TOULOUZECO,FRLST,17:57,FRAGQ
1400,2023-06-12,LIMOGES BENEDICTINS,OUI,3674,21:21,IC ARO,PARIS (intramuros),TOULOUZECO,FRPAZ,17:57,FRAGQ
1401,2023-06-12,CHATEAUROUX,OUI,3674,19:46,IC ARO,VIERZON VILLE,TOULOUZECO,FRXVZ,19:12,FRCHR
1402,2023-06-12,VICHY,OUI,5990,20:09,IC ARO,MOULINS SUR ALLIER,CLERMONTPA,FRXMU,19:40,FRVHY
1403,2023-06-12,PARIS (intramuros),OUI,8895,18:33,ATLANTIQUE,LE MANS,PARISLOIRE,FRAET,17:36,FRPMO
1404,2023-06-12,BELFORT-MONTBELIARD TGV,NON,6706,16:56,SUD EST,DIJON VILLE,BOURPA,FRABA,16:05,FRTJA
1405,2023-06-12,BESANCON - F COMTE TGV,NON,6706,18:42,SUD EST,PARIS (intramuros),BOURPA,FRPLY,16:28,FRTJB
1406,2023-06-12,ST BRIEUC,OUI,8609,13:27,ATLANTIQUE,BREST,PARISBRETA,FRBES,12:17,FRSBK
1407,2023-06-12,LIMOGES BENEDICTINS,OUI,3645,19:46,IC ARO,GOURDON,PALITO,FRFSI,18:05,FRAGQ
1408,2023-06-12,LIMOGES BENEDICTINS,OUI,3645,20:13,IC ARO,CAHORS,PALITO,FRZAO,18:05,FRAGQ
1409,2023-06-12,LES AUBRAIS ORLEANS,OUI,3645,16:48,IC ARO,CHATEAUROUX,PALITO,FRCHR,15:42,FRLAB
1410,2023-06-12,LES AUBRAIS ORLEANS,OUI,3645,16:15,IC ARO,VIERZON VILLE,PALITO,FRXVZ,15:42,FRLAB
1411,2023-06-12,LA SOUTERRAINE,OUI,3645,19:06,IC ARO,BRIVE LA GAILLARDE,PALITO,FRBVE,17:27,FRLST
1412,2023-06-12,LA SOUTERRAINE,OUI,3645,19:31,IC ARO,SOUILLAC,PALITO,FRSOU,17:27,FRLST
1413,2023-06-12,SOUILLAC,OUI,3645,20:39,IC ARO,CAUSSADE TARN ET GARONNE,PALITO,FRFTA,19:32,FRSOU
1414,2023-06-12,VIERZON VILLE,OUI,3645,19:06,IC ARO,BRIVE LA GAILLARDE,PALITO,FRBVE,16:17,FRXVZ
1415,2023-06-12,VIERZON VILLE,OUI,3645,17:25,IC ARO,LA SOUTERRAINE,PALITO,FRLST,16:17,FRXVZ
1416,2023-06-12,VIERZON VILLE,OUI,3645,20:39,IC ARO,CAUSSADE TARN ET GARONNE,PALITO,FRFTA,16:17,FRXVZ
1417,2023-06-12,LA SOUTERRAINE,OUI,3645,20:54,IC ARO,MONTAUBAN VILLE BOURBON,PALITO,FRXMW,17:27,FRLST
1418,2023-06-12,AVIGNON TGV,NON,5102,10:33,NORD,AIX EN PROVENCE TGV,JCNORDSUD,FRAIE,10:14,FRAVG
1419,2023-06-12,LILLE (intramuros),NON,5102,06:50,NORD,AEROPORT CDG2 TGV ROISSY,JCNORDSUD,FRMLW,06:00,FRLLE
1420,2023-06-12,LYON (intramuros),NON,6825,20:48,SUD EST,BEZIERS,JCPROVSUD,FRBZR,18:09,FRLPD
1421,2023-06-12,LYON (intramuros),NON,6825,19:37,SUD EST,NIMES,JCPROVSUD,FRFNI,18:09,FRLPD
1422,2023-06-12,LYON (intramuros),NON,6825,18:48,SUD EST,VALENCE TGV RHONE-ALPES SUD,JCPROVSUD,FRVLA,18:09,FRLPD
1423,2023-06-12,MONTPELLIER SAINT-ROCH,OUI,6825,21:34,SUD EST,CARCASSONNE,JCPROVSUD,FRCCF,20:10,FRMPL
1424,2023-06-12,MONTPELLIER SAINT-ROCH,OUI,6825,20:23,SUD EST,SETE,JCPROVSUD,FRXSY,20:10,FRMPL
1425,2023-06-12,VALENCE TGV RHONE-ALPES SUD,NON,6825,20:48,SUD EST,BEZIERS,JCPROVSUD,FRBZR,18:53,FRVLA
1426,2023-06-12,VALENCE TGV RHONE-ALPES SUD,NON,6825,19:37,SUD EST,NIMES,JCPROVSUD,FRFNI,18:53,FRVLA
1427,2023-06-12,ANGERS ST LAUD,OUI,8931,22:07,ATLANTIQUE,LE CROISIC,PARISLOIRE,FREGU,20:19,FRACL
1428,2023-06-12,ANGERS ST LAUD,OUI,8931,21:55,ATLANTIQUE,LA BAULE ESCOUBLAC,PARISLOIRE,FRJEE,20:19,FRACL
1429,2023-06-12,NANTES,OUI,8931,22:07,ATLANTIQUE,LE CROISIC,PARISLOIRE,FREGU,21:05,FRNTE
1430,2023-06-12,NANTES,OUI,8931,21:39,ATLANTIQUE,ST NAZAIRE,PARISLOIRE,FRSNR,21:05,FRNTE
1431,2023-06-12,ST NAZAIRE,OUI,8931,21:55,ATLANTIQUE,LA BAULE ESCOUBLAC,PARISLOIRE,FRJEE,21:42,FRSNR
1432,2023-06-12,BASEL SBB,NON,9219,20:26,INTERNATIONAL,ZUERICH HB,PABALZUR,CHAJD,19:33,CHAJP
1433,2023-06-12,MULHOUSE VILLE,NON,9219,19:26,INTERNATIONAL,BASEL SBB,PABALZUR,CHAJP,19:06,FRAEK
1434,2023-06-12,PARIS (intramuros),NON,9219,18:38,INTERNATIONAL,BELFORT-MONTBELIARD TGV,PABALZUR,FRTJA,16:20,FRPLY
1435,2023-06-12,LYON (intramuros),NON,6664,18:30,SUD EST,PARIS (intramuros),RHONEPARIS,FRPLY,16:34,FRLPD
1436,2023-06-12,LYON (intramuros),NON,6664,18:30,SUD EST,PARIS (intramuros),RHONEPARIS,FRPLY,16:11,FRLPE
1437,2023-06-12,DAX,NON,8581,13:40,ATLANTIQUE,BORDEAUX ST JEAN,SUDOUESTPA,FRBOJ,12:24,FRACG
1438,2023-06-12,PAU,NON,8581,13:40,ATLANTIQUE,BORDEAUX ST JEAN,SUDOUESTPA,FRBOJ,11:28,FRAEE
1439,2023-06-12,TARBES,OUI,8581,11:25,ATLANTIQUE,PAU,SUDOUESTPA,FRAEE,10:36,FRXTB
1440,2023-06-12,TARBES,NON,8581,15:52,ATLANTIQUE,PARIS (intramuros),SUDOUESTPA,FRPMO,10:36,FRXTB
1441,2023-06-12,PARIS (intramuros),NON,6271,10:31,SUD EST,SETE,PALANG,FRXSY,06:54,FRPLY
1442,2023-06-12,VALENCE TGV RHONE-ALPES SUD,NON,6271,10:31,SUD EST,SETE,PALANG,FRXSY,09:09,FRVLA
1443,2023-06-12,AGDE,OUI,6271,11:56,SUD EST,PERPIGNAN,PALANG,FRPGF,10:51,FRXAG
1444,2023-06-12,AGDE,OUI,6271,11:20,SUD EST,NARBONNE,PALANG,FRXNA,10:51,FRXAG
1445,2023-06-12,SETE,OUI,6271,11:20,SUD EST,NARBONNE,PALANG,FRXNA,10:34,FRXSY
1446,2023-06-12,MONTPELLIER SUD DE FRANCE,OUI,6271,10:31,SUD EST,SETE,PALANG,FRXSY,10:17,FRSUF
1447,2023-06-12,MONTPELLIER SUD DE FRANCE,OUI,6271,10:48,SUD EST,AGDE,PALANG,FRXAG,10:17,FRSUF
1448,2023-06-12,MONTPELLIER SUD DE FRANCE,OUI,6271,11:20,SUD EST,NARBONNE,PALANG,FRXNA,10:17,FRSUF
1449,2023-06-12,MONTPELLIER SUD DE FRANCE,OUI,6271,11:03,SUD EST,BEZIERS,PALANG,FRBZR,10:17,FRSUF
1450,2023-06-12,NIMES PONT DU GARD,NON,6271,11:56,SUD EST,PERPIGNAN,PALANG,FRPGF,09:48,FRXZP
1451,2023-06-12,NIMES PONT DU GARD,NON,6271,11:20,SUD EST,NARBONNE,PALANG,FRXNA,09:48,FRXZP
1452,2023-06-12,PARIS (intramuros),OUI,7369,14:05,NORD,HAZEBROUCK,PAARRAS,FRHZK,12:25,FRPNO
1453,2023-06-12,PARIS (intramuros),OUI,7369,13:42,NORD,BETHUNE,PAARRAS,FRXBH,12:25,FRPNO
1454,2023-06-12,PARIS (intramuros),OUI,7369,13:29,NORD,LENS,PAARRAS,FRXLE,12:25,FRPNO
1455,2023-06-12,NICE VILLE,OUI,6168,18:33,SUD EST,MARSEILLE ST CHARLES,AZURPA,FRMSC,16:01,FRNIC
1456,2023-06-12,TOULON,OUI,6168,18:33,SUD EST,MARSEILLE ST CHARLES,AZURPA,FRMSC,17:48,FRTLN
1457,2023-06-12,TOULON,NON,6168,21:50,SUD EST,PARIS (intramuros),AZURPA,FRPLY,17:48,FRTLN
1458,2023-06-12,ANTIBES,NON,6168,21:50,SUD EST,PARIS (intramuros),AZURPA,FRPLY,16:17,FRXAT
1459,2023-06-12,PARIS (intramuros),OUI,8731,21:28,ATLANTIQUE,QUIMPER,PARISBRETA,FRUIP,17:56,FRPMO
1460,2023-06-12,RENNES,OUI,8731,20:24,ATLANTIQUE,VANNES,PARISBRETA,FRVNE,19:29,FRRNS
1461,2023-06-12,PARIS (intramuros),NON,8435,09:17,ATLANTIQUE,POITIERS,PASUDOUEST,FRPIS,07:58,FRPMO
1462,2023-06-12,BIARRITZ,OUI,8541,16:47,ATLANTIQUE,HENDAYE,PASUDOUEST,FRAEF,16:19,FRBIQ
1463,2023-06-12,BORDEAUX ST JEAN,NON,8541,16:16,ATLANTIQUE,BIARRITZ,PASUDOUEST,FRBIQ,14:21,FRBOJ
1464,2023-06-12,PARIS (intramuros),NON,8541,14:15,ATLANTIQUE,BORDEAUX ST JEAN,PASUDOUEST,FRBOJ,12:08,FRPMO
1465,2023-06-12,BAYONNE,OUI,8541,16:16,ATLANTIQUE,BIARRITZ,PASUDOUEST,FRBIQ,16:08,FRXBY
1466,2023-06-12,DUNKERQUE,OUI,7238,20:08,NORD,PARIS (intramuros),ARRASPA,FRPNO,18:08,FRADI
1467,2023-06-12,BRUXELLES MIDI BRUSSEL ZUID,OUI,9812,08:52,NORD,LILLE (intramuros),JCNORDSUD,FRLLE,08:17,BEBMI
1468,2023-06-12,LYON (intramuros),OUI,9812,13:35,NORD,NIMES,JCNORDSUD,FRFNI,12:06,FRLPD
1469,2023-06-12,AEROPORT CDG2 TGV ROISSY,NON,9812,12:45,NORD,VALENCE TGV RHONE-ALPES SUD,JCNORDSUD,FRVLA,09:59,FRMLW
1470,2023-06-12,AIX EN PROVENCE TGV,NON,9868,20:43,NORD,BRUXELLES MIDI BRUSSEL ZUID,JCSUDNORD,BEBMI,15:24,FRAIE
1471,2023-06-12,AIX EN PROVENCE TGV,NON,9868,19:57,NORD,LILLE (intramuros),JCSUDNORD,FRLLE,15:24,FRAIE
1472,2023-06-12,LYON (intramuros),NON,9868,20:43,NORD,BRUXELLES MIDI BRUSSEL ZUID,JCSUDNORD,BEBMI,17:00,FRLPD
1473,2023-06-12,MARSEILLE ST CHARLES,NON,9868,15:43,NORD,AVIGNON TGV,JCSUDNORD,FRAVG,15:11,FRMSC
1474,2023-06-12,MARSEILLE ST CHARLES,NON,9868,19:57,NORD,LILLE (intramuros),JCSUDNORD,FRLLE,15:11,FRMSC
1475,2023-06-12,PARIS (intramuros),NON,6627,19:56,SUD EST,LYON (intramuros),PARISRHONE,FRLPD,17:50,FRPLY
1476,2023-06-12,LILLE (intramuros),NON,7002,07:44,NORD,PARIS (intramuros),LILLEPA,FRPNO,06:42,FRADJ
1477,2023-06-12,BORDEAUX ST JEAN,OUI,4655,09:27,IC ARO,CARCASSONNE,TJOURSOSE,FRCCF,06:27,FRBOJ
1478,2023-06-12,BORDEAUX ST JEAN,OUI,4655,11:21,IC ARO,NIMES,TJOURSOSE,FRFNI,06:27,FRBOJ
1479,2023-06-12,BEZIERS,OUI,4655,11:21,IC ARO,NIMES,TJOURSOSE,FRFNI,10:18,FRBZR
1480,2023-06-12,BEZIERS,OUI,4655,10:54,IC ARO,MONTPELLIER SAINT-ROCH,TJOURSOSE,FRMPL,10:18,FRBZR
1481,2023-06-12,CARCASSONNE,OUI,4655,10:54,IC ARO,MONTPELLIER SAINT-ROCH,TJOURSOSE,FRMPL,09:29,FRCCF
1482,2023-06-12,NIMES,OUI,4655,12:35,IC ARO,MARSEILLE ST CHARLES,TJOURSOSE,FRMSC,11:24,FRFNI
1483,2023-06-12,NARBONNE,OUI,4655,10:54,IC ARO,MONTPELLIER SAINT-ROCH,TJOURSOSE,FRMPL,10:01,FRXNA
1484,2023-06-12,TOULOUSE MATABIAU,OUI,4655,09:58,IC ARO,NARBONNE,TJOURSOSE,FRXNA,08:45,FRXYT
1485,2023-06-12,SARREBOURG,OUI,2584,06:46,EST,LUNEVILLE,NANCYPA,FRLNE,06:24,FRSBG
1486,2023-06-12,SAVERNE,NON,2584,08:46,EST,PARIS (intramuros),NANCYPA,FRPST,06:06,FRSNE
1487,2023-06-12,SAVERNE,OUI,2584,06:21,EST,SARREBOURG,NANCYPA,FRSBG,06:06,FRSNE
1488,2023-06-12,ORTHEZ,NON,14150,18:52,IC SRO,TARBES,SUDOUEST,FRXTB,17:47,FRGFI
1489,2023-06-12,BAYONNE,NON,14150,20:27,IC SRO,TOULOUSE MATABIAU,SUDOUEST,FRXYT,17:03,FRXBY
1490,2023-06-12,TARBES,NON,14150,20:27,IC SRO,TOULOUSE MATABIAU,SUDOUEST,FRXYT,18:55,FRXTB
1491,2023-06-12,ANGERS ST LAUD,NON,5482,13:12,EST,STRASBOURG,JCATLEST,FRAEG,08:48,FRACL
1492,2023-06-12,LE MANS,NON,5482,13:12,EST,STRASBOURG,JCATLEST,FRAEG,09:30,FRAET
1493,2023-06-12,LE MANS,NON,5482,11:09,EST,AEROPORT CDG2 TGV ROISSY,JCATLEST,FRMLW,09:30,FRAET
1494,2023-06-12,MASSY TGV,NON,5482,11:52,EST,CHAMPAGNE-ARDENNE,JCATLEST,FREAH,10:26,FRDJU
1495,2023-06-12,MASSY TGV,NON,5482,12:32,EST,LORRAINE TGV,JCATLEST,FREAM,10:26,FRDJU
1496,2023-06-12,MASSY TGV,NON,5482,11:09,EST,AEROPORT CDG2 TGV ROISSY,JCATLEST,FRMLW,10:26,FRDJU
1497,2023-06-12,AEROPORT CDG2 TGV ROISSY,NON,5482,13:12,EST,STRASBOURG,JCATLEST,FRAEG,11:22,FRMLW
1498,2023-06-12,NANTES,NON,5482,12:32,EST,LORRAINE TGV,JCATLEST,FREAM,08:09,FRNTE
1499,2023-06-12,AGEN,OUI,8502,08:40,ATLANTIQUE,BORDEAUX ST JEAN,SUDOUESTPA,FRBOJ,07:35,FRAGF
1500,2023-06-12,TOULOUSE MATABIAU,NON,8502,10:52,ATLANTIQUE,PARIS (intramuros),SUDOUESTPA,FRPMO,06:23,FRXYT
1501,2023-06-12,STRASBOURG,NON,2454,20:12,EST,PARIS (intramuros),MULHSTRAPA,FRPST,18:19,FRAEG
1502,2023-06-12,ANGERS ST LAUD,OUI,8874,14:23,ATLANTIQUE,LE MANS,LOIREPARIS,FRAET,13:44,FRACL
1503,2023-06-12,MEUSE TGV,NON,2465,21:46,EST,LORRAINE TGV,PASTRAMULH,FREAM,21:28,FREAJ
1504,2023-06-12,MARSEILLE ST CHARLES,NON,6136,06:38,SUD EST,AVIGNON TGV,PROVENCEPA,FRAVG,06:04,FRMSC
1505,2023-06-12,DIJON VILLE,NON,6702,10:42,SUD EST,PARIS (intramuros),BOURPA,FRPLY,09:06,FRABA
1506,2023-06-12,BESANCON - F COMTE TGV,NON,6702,09:02,SUD EST,DIJON VILLE,BOURPA,FRABA,08:34,FRTJB
1507,2023-06-12,POITIERS,OUI,8391,21:21,ATLANTIQUE,LA ROCHELLE VILLE,PAROCHELLE,FRLRH,19:49,FRPIS
1508,2023-06-12,PARIS (intramuros),OUI,8343,18:13,ATLANTIQUE,CHATELLERAULT,PAROCHELLE,FRXCX,16:57,FRPMO
1509,2023-06-12,AIX EN PROVENCE TGV,OUI,6120,14:37,SUD EST,AVIGNON TGV,PROVENCEPA,FRAVG,14:18,FRAIE
1510,2023-06-12,MARSEILLE ST CHARLES,OUI,6120,14:37,SUD EST,AVIGNON TGV,PROVENCEPA,FRAVG,14:04,FRMSC
1511,2023-06-12,ST PIERRE DES CORPS,OUI,8333,14:43,ATLANTIQUE,POITIERS,PAROCHELLE,FRPIS,13:43,FRXSH
1512,2023-06-12,ZUERICH HB,NON,9206,08:28,INTERNATIONAL,BASEL SBB,ZURBALPA,CHAJP,07:34,CHAJD
1513,2023-06-12,BASEL SBB,NON,9206,09:17,INTERNATIONAL,BELFORT-MONTBELIARD TGV,ZURBALPA,FRTJA,08:34,CHAJP
1514,2023-06-12,MULHOUSE VILLE,NON,9206,11:38,INTERNATIONAL,PARIS (intramuros),ZURBALPA,FRPLY,08:56,FRAEK
1515,2023-06-12,LAVAL,NON,8739,21:28,ATLANTIQUE,VANNES,PARISBRETA,FRVNE,19:58,FRACR
1516,2023-06-12,PARIS (intramuros),NON,8739,21:59,ATLANTIQUE,LORIENT,PARISBRETA,FRLRT,18:40,FRPMO
1517,2023-06-12,PARIS (intramuros),NON,8739,21:03,ATLANTIQUE,REDON,PARISBRETA,FRXRN,18:40,FRPMO
1518,2023-06-12,RENNES,OUI,8739,22:13,ATLANTIQUE,QUIMPERLE,PARISBRETA,FRECO,20:29,FRRNS
1519,2023-06-12,VANNES,OUI,8739,22:13,ATLANTIQUE,QUIMPERLE,PARISBRETA,FRECO,21:31,FRVNE
1520,2023-06-12,AURAY,OUI,8739,22:45,ATLANTIQUE,QUIMPER,PARISBRETA,FRUIP,21:44,FRXUY
1521,2023-06-12,LYON (intramuros),OUI,6603,09:10,SUD EST,LYON (intramuros),PARISRHONE,FRLPE,09:02,FRLPD
1522,2023-06-12,KAISERSLAUTERN HBF,NON,9553,16:59,INTERNATIONAL,FRANKFURT MAIN HBF,PAFRANC,DEFRH,15:37,DEKLT
1523,2023-06-12,KAISERSLAUTERN HBF,NON,9553,16:17,INTERNATIONAL,MANNHEIM HBF,PAFRANC,DEMHG,15:37,DEKLT
1524,2023-06-12,PARIS (intramuros),NON,9553,15:35,INTERNATIONAL,KAISERSLAUTERN HBF,PAFRANC,DEKLT,13:10,FRPST
1525,2023-06-12,CARCASSONNE,OUI,4669,23:23,IC ARO,NIMES,TJOURSOSE,FRFNI,21:34,FRCCF
1526,2023-06-12,MARMANDE,OUI,4669,20:42,IC ARO,TOULOUSE MATABIAU,TJOURSOSE,FRXYT,19:06,FRXMR
1527,2023-06-12,MONTAUBAN VILLE BOURBON,OUI,4669,22:55,IC ARO,MONTPELLIER SAINT-ROCH,TJOURSOSE,FRMPL,20:11,FRXMW
1528,2023-06-12,MONTAUBAN VILLE BOURBON,OUI,4669,22:39,IC ARO,SETE,TJOURSOSE,FRXSY,20:11,FRXMW
1529,2023-06-12,TOULOUSE MATABIAU,OUI,4669,23:23,IC ARO,NIMES,TJOURSOSE,FRFNI,20:50,FRXYT
1530,2023-06-12,TOULOUSE MATABIAU,OUI,4669,22:39,IC ARO,SETE,TJOURSOSE,FRXSY,20:50,FRXYT
1531,2023-06-12,PARIS (intramuros),OUI,7297,23:37,NORD,LILLE (intramuros),PAARRAS,FRLLE,22:25,FRPNO
1532,2023-06-12,BOURG EN BRESSE,NON,9776,19:42,INTERNATIONAL,PARIS (intramuros),GENEVEPA,FRPLY,17:52,FRXBK
1533,2023-06-12,POITIERS,NON,8332,08:43,ATLANTIQUE,VENDOME VILLIERS SUR LOIR,ROCHELLEPA,FRESL,07:27,FRPIS
1534,2023-06-12,POITIERS,OUI,8332,07:43,ATLANTIQUE,CHATELLERAULT,ROCHELLEPA,FRXCX,07:27,FRPIS
1535,2023-06-12,LYON (intramuros),NON,6602,08:14,SUD EST,PARIS (intramuros),RHONEPARIS,FRPLY,06:04,FRLPD
1536,2023-06-12,MONTBARD,OUI,6741,09:19,SUD EST,BESANCON VIOTTE,PABOUR,FRABG,07:57,FRGWE
1537,2023-06-12,PARIS (intramuros),OUI,6741,08:31,SUD EST,DIJON VILLE,PABOUR,FRABA,06:50,FRPLY
1538,2023-06-12,BESANCON - F COMTE TGV,OUI,6741,09:19,SUD EST,BESANCON VIOTTE,PABOUR,FRABG,09:08,FRTJB
1539,2023-06-12,MANNHEIM HBF,NON,9561,10:59,INTERNATIONAL,FRANKFURT MAIN HBF,PAFRANC,DEFRH,10:21,DEMHG
1540,2023-06-12,KARLSRUHE HBF,NON,9561,10:18,INTERNATIONAL,MANNHEIM HBF,PAFRANC,DEMHG,09:55,DEQKA
1541,2023-06-12,PARIS (intramuros),NON,9561,10:18,INTERNATIONAL,MANNHEIM HBF,PAFRANC,DEMHG,07:20,FRPST
1542,2023-06-12,PARIS (intramuros),NON,9561,09:53,INTERNATIONAL,KARLSRUHE HBF,PAFRANC,DEQKA,07:20,FRPST
1543,2023-06-12,BREST,OUI,8610,09:43,ATLANTIQUE,MORLAIX,BRETAPARIS,FRMXN,09:09,FRBES
1544,2023-06-12,BREST,NON,8610,11:29,ATLANTIQUE,RENNES,BRETAPARIS,FRRNS,09:09,FRBES
1545,2023-06-12,LAMBALLE,NON,8610,11:29,ATLANTIQUE,RENNES,BRETAPARIS,FRRNS,10:48,FRLAM
1546,2023-06-12,LANDERNEAU,OUI,8610,10:00,ATLANTIQUE,PLOUARET TREGOR,BRETAPARIS,FRPLT,09:22,FRXLD
1547,2023-06-12,MANNHEIM HBF,NON,9551,12:59,INTERNATIONAL,FRANKFURT MAIN HBF,PAFRANC,DEFRH,12:19,DEMHG
1548,2023-06-12,FORBACH,NON,9551,11:34,INTERNATIONAL,KAISERSLAUTERN HBF,PAFRANC,DEKLT,10:47,FRBQT
1549,2023-06-12,PARIS (intramuros),NON,9551,12:59,INTERNATIONAL,FRANKFURT MAIN HBF,PAFRANC,DEFRH,09:06,FRPST
1550,2023-06-12,PARIS (intramuros),NON,9551,12:17,INTERNATIONAL,MANNHEIM HBF,PAFRANC,DEMHG,09:06,FRPST
1551,2023-06-12,ROUBAIX,NON,7200,07:08,NORD,PARIS (intramuros),ARRASPA,FRPNO,05:26,FRADP
1552,2023-06-12,SAUMUR,NON,4502,16:04,IC SRO,NANTES,JOURLYNNTE,FRNTE,15:01,FRACN
1553,2023-06-12,BOURGES,NON,4502,14:25,IC SRO,ST PIERRE DES CORPS,JOURLYNNTE,FRXSH,13:03,FRBOU
1554,2023-06-12,LYON (intramuros),NON,4502,14:59,IC SRO,SAUMUR,JOURLYNNTE,FRACN,09:34,FRLPD
1555,2023-06-12,LYON (intramuros),NON,4502,13:01,IC SRO,BOURGES,JOURLYNNTE,FRBOU,09:34,FRLPD
1556,2023-06-12,LYON (intramuros),NON,4502,12:14,IC SRO,NEVERS,JOURLYNNTE,FRNVS,09:34,FRLPD
1557,2023-06-12,LYON (intramuros),NON,4502,11:44,IC SRO,MOULINS SUR ALLIER,JOURLYNNTE,FRXMU,09:34,FRLPD
1558,2023-06-12,LYON (intramuros),NON,4502,12:14,IC SRO,NEVERS,JOURLYNNTE,FRNVS,09:20,FRLPE
1559,2023-06-12,NEVERS,NON,4502,15:21,IC SRO,ANGERS ST LAUD,JOURLYNNTE,FRACL,12:25,FRNVS
1560,2023-06-12,NEVERS,NON,4502,13:01,IC SRO,BOURGES,JOURLYNNTE,FRBOU,12:25,FRNVS
1561,2023-06-12,ROANNE,NON,4502,14:59,IC SRO,SAUMUR,JOURLYNNTE,FRACN,10:40,FRRNE
1562,2023-06-12,ROANNE,NON,4502,14:25,IC SRO,ST PIERRE DES CORPS,JOURLYNNTE,FRXSH,10:40,FRRNE
1563,2023-06-12,ST GERMAIN DES FOSSES,NON,4502,15:21,IC SRO,ANGERS ST LAUD,JOURLYNNTE,FRACL,11:19,FRSGF
1564,2023-06-12,ST GERMAIN DES FOSSES,NON,4502,11:44,IC SRO,MOULINS SUR ALLIER,JOURLYNNTE,FRXMU,11:19,FRSGF
1565,2023-06-12,ST GERMAIN DES FOSSES,NON,4502,13:22,IC SRO,VIERZON VILLE,JOURLYNNTE,FRXVZ,11:19,FRSGF
1566,2023-06-12,MOULINS SUR ALLIER,NON,4502,15:21,IC SRO,ANGERS ST LAUD,JOURLYNNTE,FRACL,11:46,FRXMU
1567,2023-06-12,MOULINS SUR ALLIER,NON,4502,13:01,IC SRO,BOURGES,JOURLYNNTE,FRBOU,11:46,FRXMU
1568,2023-06-12,VIERZON VILLE,NON,4502,15:21,IC SRO,ANGERS ST LAUD,JOURLYNNTE,FRACL,13:24,FRXVZ
1569,2023-06-12,POITIERS,OUI,8393,22:25,ATLANTIQUE,LA ROCHELLE VILLE,PAROCHELLE,FRLRH,20:58,FRPIS
1570,2023-06-12,ST PIERRE DES CORPS,OUI,8393,22:25,ATLANTIQUE,LA ROCHELLE VILLE,PAROCHELLE,FRLRH,20:23,FRXSH
1571,2023-06-12,ST PIERRE DES CORPS,OUI,8393,20:55,ATLANTIQUE,POITIERS,PAROCHELLE,FRPIS,20:23,FRXSH
1572,2023-06-12,DIJON VILLE,NON,5500,21:13,EST,METZ VILLE,JCRHONRHIN,FRADE,17:50,FRABA
1573,2023-06-12,DIJON VILLE,NON,5500,20:18,EST,STRASBOURG,JCRHONRHIN,FRAEG,17:50,FRABA
1574,2023-06-12,COLMAR,OUI,5500,20:18,EST,STRASBOURG,JCRHONRHIN,FRAEG,19:44,FRAEJ
1575,2023-06-12,MULHOUSE VILLE,OUI,5500,21:13,EST,METZ VILLE,JCRHONRHIN,FRADE,19:12,FRAEK
1576,2023-06-12,MULHOUSE VILLE,OUI,5500,20:18,EST,STRASBOURG,JCRHONRHIN,FRAEG,19:12,FRAEK
1577,2023-06-12,MULHOUSE VILLE,OUI,5500,19:41,EST,COLMAR,JCRHONRHIN,FRAEJ,19:12,FRAEK
1578,2023-06-12,NIMES,NON,5500,19:41,EST,COLMAR,JCRHONRHIN,FRAEJ,14:21,FRFNI
1579,2023-06-12,MACON VILLE,NON,5500,17:40,EST,DIJON VILLE,JCRHONRHIN,FRABA,16:41,FRHGU
1580,2023-06-12,MACON VILLE,NON,5500,19:41,EST,COLMAR,JCRHONRHIN,FRAEJ,16:41,FRHGU
1581,2023-06-12,MACON VILLE,NON,5500,19:09,EST,MULHOUSE VILLE,JCRHONRHIN,FRAEK,16:41,FRHGU
1582,2023-06-12,MACON VILLE,NON,5500,18:44,EST,BELFORT-MONTBELIARD TGV,JCRHONRHIN,FRTJA,16:41,FRHGU
1583,2023-06-12,MACON VILLE,NON,5500,18:17,EST,BESANCON - F COMTE TGV,JCRHONRHIN,FRTJB,16:41,FRHGU
1584,2023-06-12,LYON (intramuros),NON,5500,19:09,EST,MULHOUSE VILLE,JCRHONRHIN,FRAEK,16:04,FRLPD
1585,2023-06-12,LYON (intramuros),NON,5500,16:39,EST,MACON VILLE,JCRHONRHIN,FRHGU,16:04,FRLPD
1586,2023-06-12,MONTPELLIER SAINT-ROCH,NON,5500,21:13,EST,METZ VILLE,JCRHONRHIN,FRADE,13:53,FRMPL
1587,2023-06-12,MONTPELLIER SAINT-ROCH,NON,5500,14:18,EST,NIMES,JCRHONRHIN,FRFNI,13:53,FRMPL
1588,2023-06-12,MONTPELLIER SAINT-ROCH,NON,5500,15:51,EST,LYON (intramuros),JCRHONRHIN,FRLPD,13:53,FRMPL
1589,2023-06-12,BELFORT-MONTBELIARD TGV,NON,5500,21:13,EST,METZ VILLE,JCRHONRHIN,FRADE,18:47,FRTJA
1590,2023-06-12,BELFORT-MONTBELIARD TGV,NON,5500,19:09,EST,MULHOUSE VILLE,JCRHONRHIN,FRAEK,18:47,FRTJA
1591,2023-06-12,BESANCON - F COMTE TGV,NON,5500,19:09,EST,MULHOUSE VILLE,JCRHONRHIN,FRAEK,18:22,FRTJB
1592,2023-06-12,VALENCE TGV RHONE-ALPES SUD,NON,5500,17:40,EST,DIJON VILLE,JCRHONRHIN,FRABA,15:12,FRVLA
1593,2023-06-12,VALENCE TGV RHONE-ALPES SUD,NON,5500,15:51,EST,LYON (intramuros),JCRHONRHIN,FRLPD,15:12,FRVLA
1594,2023-06-12,MONTPELLIER SAINT-ROCH,OUI,6200,07:03,SUD EST,VALENCE TGV RHONE-ALPES SUD,LANGPA,FRVLA,05:48,FRMPL
1595,2023-06-12,FACTURE BIGANOS,OUI,8478,06:40,ATLANTIQUE,BORDEAUX ST JEAN,SUDOUESTPA,FRBOJ,06:18,FRFAC
1596,2023-06-12,ARCACHON,NON,8478,08:52,ATLANTIQUE,PARIS (intramuros),SUDOUESTPA,FRPMO,06:00,FRXAC
1597,2023-06-12,NANCY,OUI,2530,07:46,EST,PARIS (intramuros),NANCYPA,FRPST,06:12,FRENC
1598,2023-06-12,LORIENT,OUI,8704,08:25,ATLANTIQUE,RENNES,BRETAPARIS,FRRNS,07:01,FRLRT
1599,2023-06-12,RENNES,NON,8704,10:05,ATLANTIQUE,PARIS (intramuros),BRETAPARIS,FRPMO,08:35,FRRNS
1600,2023-06-12,QUIMPER,OUI,8704,06:58,ATLANTIQUE,LORIENT,BRETAPARIS,FRLRT,06:26,FRUIP
1601,2023-06-12,QUIMPER,NON,8704,10:05,ATLANTIQUE,PARIS (intramuros),BRETAPARIS,FRPMO,06:26,FRUIP
1602,2023-06-12,STRASBOURG,OUI,2377,21:19,EST,COLMAR,PASTRAMULH,FRAEJ,20:47,FRAEG
1603,2023-06-12,PARIS (intramuros),NON,2377,20:41,EST,STRASBOURG,PASTRAMULH,FRAEG,18:55,FRPST
1604,2023-06-12,PARIS (intramuros),OUI,2759,21:44,EST,REIMS,PABARSED,FRRHE,20:58,FRPST
1605,2023-06-12,BORDEAUX ST JEAN,NON,8488,19:48,ATLANTIQUE,PARIS (intramuros),SUDOUESTPA,FRPMO,16:19,FRBOJ
1606,2023-06-12,POITIERS,NON,8488,19:48,ATLANTIQUE,PARIS (intramuros),SUDOUESTPA,FRPMO,18:09,FRPIS
1607,2023-06-12,LIBOURNE,NON,8488,17:23,ATLANTIQUE,ANGOULEME,SUDOUESTPA,FRANG,16:42,FRXLR
1608,2023-06-12,ANGOULEME,OUI,8447,18:44,ATLANTIQUE,BORDEAUX ST JEAN,PASUDOUEST,FRBOJ,18:08,FRANG
1609,2023-06-12,ULM HBF,NON,9577,21:04,INTERNATIONAL,AUGSBURG HBF,PASTUTMUN,DEAGB,20:23,DEQUL
1610,2023-06-12,ULM HBF,NON,9577,21:36,INTERNATIONAL,MUENCHEN HBF,PASTUTMUN,DEBEG,20:23,DEQUL
1611,2023-06-12,STUTTGART HBF,NON,9577,21:36,INTERNATIONAL,MUENCHEN HBF,PASTUTMUN,DEBEG,19:04,DESGT
1612,2023-06-12,STRASBOURG,NON,9577,21:36,INTERNATIONAL,MUENCHEN HBF,PASTUTMUN,DEBEG,17:46,FRAEG
1613,2023-06-12,STRASBOURG,NON,9577,19:04,INTERNATIONAL,STUTTGART HBF,PASTUTMUN,DESGT,17:46,FRAEG
1614,2023-06-12,PARIS (intramuros),NON,9577,17:41,INTERNATIONAL,STRASBOURG,PASTUTMUN,FRAEG,15:55,FRPST
1615,2023-06-12,VENDOME VILLIERS SUR LOIR,NON,8313,17:43,ATLANTIQUE,TOURS,PAROCHELLE,FRAFW,17:16,FRESL
1616,2023-06-12,VENDOME VILLIERS SUR LOIR,NON,8313,17:35,ATLANTIQUE,ST PIERRE DES CORPS,PAROCHELLE,FRXSH,17:16,FRESL
1617,2023-06-12,LES AUBRAIS ORLEANS,NON,3741,07:08,IC NUIT,TARBES,PARPALOMBE,FRXTB,22:27,FRLAB
1618,2023-06-12,LES AUBRAIS ORLEANS,NON,3741,06:16,IC NUIT,ST GAUDENS,PARPALOMBE,FRFPH,22:27,FRLAB
1619,2023-06-12,LE MANS,OUI,9832,19:50,NORD,NANTES,JCNORDBRET,FRNTE,18:32,FRAET
1620,2023-06-12,MASSY TGV,NON,9832,18:29,NORD,LE MANS,JCNORDBRET,FRAET,17:39,FRDJU
1621,2023-06-12,POITIERS,OUI,8483,09:45,ATLANTIQUE,LIBOURNE,PASUDOUEST,FRXLR,08:23,FRPIS
1622,2023-06-12,LIBOURNE,OUI,8483,10:12,ATLANTIQUE,BORDEAUX ST JEAN,PASUDOUEST,FRBOJ,09:48,FRXLR
1623,2023-06-12,GUINGAMP,OUI,8615,14:12,ATLANTIQUE,MORLAIX,PARISBRETA,FRMXN,13:40,FRGGP
1624,2023-06-12,GUINGAMP,OUI,8615,13:53,ATLANTIQUE,PLOUARET TREGOR,PARISBRETA,FRPLT,13:40,FRGGP
1625,2023-06-12,PARIS (intramuros),NON,8615,13:53,ATLANTIQUE,PLOUARET TREGOR,PARISBRETA,FRPLT,10:53,FRPMO
1626,2023-06-12,PARIS (intramuros),NON,8615,12:25,ATLANTIQUE,RENNES,PARISBRETA,FRRNS,10:53,FRPMO
1627,2023-06-12,RENNES,NON,8615,13:20,ATLANTIQUE,ST BRIEUC,PARISBRETA,FRSBK,12:32,FRRNS
1628,2023-06-12,ST BRIEUC,OUI,8615,14:47,ATLANTIQUE,BREST,PARISBRETA,FRBES,13:23,FRSBK
1629,2023-06-12,MASSY TGV,NON,5210,11:17,NORD,RENNES,JCNORDBRET,FRRNS,09:39,FRDJU
1630,2023-06-12,LILLE (intramuros),NON,5210,10:29,NORD,LE MANS,JCNORDBRET,FRAET,07:52,FRLLE
1631,2023-06-12,LILLE (intramuros),NON,5210,08:42,NORD,AEROPORT CDG2 TGV ROISSY,JCNORDBRET,FRMLW,07:52,FRLLE
1632,2023-06-12,AIX EN PROVENCE TGV,NON,6122,18:22,SUD EST,PARIS (intramuros),PROVENCEPA,FRPLY,15:16,FRAIE
1633,2023-06-12,MARSEILLE ST CHARLES,OUI,6122,15:13,SUD EST,AIX EN PROVENCE TGV,PROVENCEPA,FRAIE,15:02,FRMSC
1634,2023-06-12,LE MANS,OUI,8603,10:08,ATLANTIQUE,LAMBALLE,PARISBRETA,FRLAM,08:37,FRAET
1635,2023-06-12,LE MANS,OUI,8603,11:07,ATLANTIQUE,MORLAIX,PARISBRETA,FRMXN,08:37,FRAET
1636,2023-06-12,GUINGAMP,OUI,8603,11:42,ATLANTIQUE,BREST,PARISBRETA,FRBES,10:40,FRGGP
1637,2023-06-12,GUINGAMP,OUI,8603,11:07,ATLANTIQUE,MORLAIX,PARISBRETA,FRMXN,10:40,FRGGP
1638,2023-06-12,LAMBALLE,OUI,8603,10:38,ATLANTIQUE,GUINGAMP,PARISBRETA,FRGGP,10:11,FRLAM
1639,2023-06-12,LAMBALLE,OUI,8603,11:07,ATLANTIQUE,MORLAIX,PARISBRETA,FRMXN,10:11,FRLAM
1640,2023-06-12,RENNES,OUI,8603,11:42,ATLANTIQUE,BREST,PARISBRETA,FRBES,09:32,FRRNS
1641,2023-06-12,RENNES,OUI,8603,10:38,ATLANTIQUE,GUINGAMP,PARISBRETA,FRGGP,09:32,FRRNS
1642,2023-06-12,ST BRIEUC,OUI,8603,11:42,ATLANTIQUE,BREST,PARISBRETA,FRBES,10:24,FRSBK
1643,2023-06-12,ST BRIEUC,OUI,8603,10:38,ATLANTIQUE,GUINGAMP,PARISBRETA,FRGGP,10:24,FRSBK
1644,2023-06-12,PARIS (intramuros),NON,5963,17:35,IC ARO,CLERMONT FERRAND,PACLERMONT,FRCFE,14:00,FRPBE
1645,2023-06-12,PARIS (intramuros),NON,5963,16:28,IC ARO,MOULINS SUR ALLIER,PACLERMONT,FRXMU,14:00,FRPBE
1646,2023-06-12,VICHY,NON,5963,17:35,IC ARO,CLERMONT FERRAND,PACLERMONT,FRCFE,17:03,FRVHY
1647,2023-06-12,PARIS (intramuros),NON,3755,05:40,IC NUIT,FIGEAC,PAVERMEIL,FRFIG,19:36,FRPAZ
1648,2023-06-12,PARIS (intramuros),NON,3755,05:22,IC NUIT,ASSIER,PAVERMEIL,FRFSD,19:36,FRPAZ
1649,2023-06-12,PARIS (intramuros),NON,3755,06:15,IC NUIT,AUBIN,PAVERMEIL,FRFSQ,19:36,FRPAZ
1650,2023-06-12,PARIS (intramuros),NON,3755,04:44,IC NUIT,ST DENIS PRES MARTEL,PAVERMEIL,FRSDM,19:36,FRPAZ
1651,2023-06-12,BORDEAUX ST JEAN,NON,8508,14:52,ATLANTIQUE,PARIS (intramuros),SUDOUESTPA,FRPMO,12:46,FRBOJ
1652,2023-06-12,CHAMBERY CHALLES LES EAUX,NON,9241,13:49,INTERNATIONAL,MILANO P GARIBALDI,PAITALIE,ITMPG,09:44,FRCMF
1653,2023-06-12,MACON LOCHE TGV,NON,9241,09:36,INTERNATIONAL,CHAMBERY CHALLES LES EAUX,PAITALIE,FRCMF,08:20,FRMLT
1654,2023-06-12,PARIS (intramuros),NON,9241,09:36,INTERNATIONAL,CHAMBERY CHALLES LES EAUX,PAITALIE,FRCMF,06:44,FRPLY
1655,2023-06-12,PARIS (intramuros),NON,9241,13:49,INTERNATIONAL,MILANO P GARIBALDI,PAITALIE,ITMPG,06:44,FRPLY
1656,2023-06-12,LORIENT,NON,8706,10:01,ATLANTIQUE,LAVAL,BRETAPARIS,FRACR,07:56,FRLRT
1657,2023-06-12,QUIMPER,OUI,8706,07:53,ATLANTIQUE,LORIENT,BRETAPARIS,FRLRT,07:21,FRUIP
1658,2023-06-12,VANNES,NON,8706,10:01,ATLANTIQUE,LAVAL,BRETAPARIS,FRACR,08:27,FRVNE
1659,2023-06-12,VANNES,NON,8706,11:19,ATLANTIQUE,PARIS (intramuros),BRETAPARIS,FRPMO,08:27,FRVNE
1660,2023-06-12,BELFORT-MONTBELIARD TGV,NON,9203,11:26,INTERNATIONAL,ZUERICH HB,PABALZUR,CHAJD,09:41,FRTJA
1661,2023-06-12,BELFORT-MONTBELIARD TGV,NON,9203,10:03,INTERNATIONAL,MULHOUSE VILLE,PABALZUR,FRAEK,09:41,FRTJA
1662,2023-06-12,DIJON VILLE,NON,6709,19:46,SUD EST,BELFORT-MONTBELIARD TGV,PABOUR,FRTJA,18:56,FRABA
1663,2023-06-12,DIJON VILLE,NON,6709,19:22,SUD EST,BESANCON - F COMTE TGV,PABOUR,FRTJB,18:56,FRABA
1664,2023-06-12,PARIS (intramuros),NON,6709,18:52,SUD EST,DIJON VILLE,PABOUR,FRABA,17:16,FRPLY
1665,2023-06-12,PARIS (intramuros),NON,2363,09:06,EST,STRASBOURG,PASTRAMULH,FRAEG,07:20,FRPST
1666,2023-06-12,AIX EN PROVENCE TGV,NON,5066,12:45,NORD,AVIGNON TGV,JCSUDNORD,FRAVG,12:26,FRAIE
1667,2023-06-12,AVIGNON TGV,NON,5066,16:00,NORD,AEROPORT CDG2 TGV ROISSY,JCSUDNORD,FRMLW,12:48,FRAVG
1668,2023-06-12,MARSEILLE ST CHARLES,OUI,5066,12:23,NORD,AIX EN PROVENCE TGV,JCSUDNORD,FRAIE,12:12,FRMSC
1669,2023-06-12,MARSEILLE ST CHARLES,NON,5066,16:57,NORD,LILLE (intramuros),JCSUDNORD,FRLLE,12:12,FRMSC
1670,2023-06-12,PARIS (intramuros),NON,8875,14:29,ATLANTIQUE,LE MANS,PARISLOIRE,FRAET,13:32,FRPMO
1671,2023-06-12,AVIGNON TGV,NON,9882,18:54,NORD,LYON (intramuros),JCSUDNORD,FRLPD,17:45,FRAVG
1672,2023-06-12,AVIGNON TGV,NON,9882,21:01,NORD,AEROPORT CDG2 TGV ROISSY,JCSUDNORD,FRMLW,17:45,FRAVG
1673,2023-06-12,LYON (intramuros),NON,9882,21:01,NORD,AEROPORT CDG2 TGV ROISSY,JCSUDNORD,FRMLW,19:00,FRLPD
1674,2023-06-12,AEROPORT CDG2 TGV ROISSY,OUI,9882,21:57,NORD,LILLE (intramuros),JCSUDNORD,FRLLE,21:07,FRMLW
1675,2023-06-12,ANGOULEME,NON,8480,08:37,ATLANTIQUE,PARIS (intramuros),SUDOUESTPA,FRPMO,06:25,FRANG
1676,2023-06-12,BORDEAUX ST JEAN,OUI,8480,06:22,ATLANTIQUE,ANGOULEME,SUDOUESTPA,FRANG,05:18,FRBOJ
1677,2023-06-12,BORDEAUX ST JEAN,NON,8480,08:37,ATLANTIQUE,PARIS (intramuros),SUDOUESTPA,FRPMO,05:18,FRBOJ
1678,2023-06-12,POITIERS,NON,8480,08:37,ATLANTIQUE,PARIS (intramuros),SUDOUESTPA,FRPMO,07:14,FRPIS
1679,2023-06-12,LIBOURNE,OUI,8480,07:04,ATLANTIQUE,POITIERS,SUDOUESTPA,FRPIS,05:42,FRXLR
1680,2023-06-12,PARIS (intramuros),NON,7569,13:13,NORD,ARRAS,PAARRAS,FRQRV,12:25,FRPNO
1681,2023-06-12,CLERMONT FERRAND,NON,15941,13:48,IC SRO,ARVANT,NORESTJOU,FRARV,13:03,FRCFE
1682,2023-06-12,BRASSAC LES MINES STE FLORINE,NON,15941,13:48,IC SRO,ARVANT,NORESTJOU,FRARV,13:43,FRHLE
1683,2023-06-12,CLERMONT FERRAND,NON,15941,14:30,IC SRO,NEUSSARGUES,NORESTJOU,FRNEU,13:03,FRCFE
1684,2023-06-12,MASSIAC BLESLE,NON,15941,14:30,IC SRO,NEUSSARGUES,NORESTJOU,FRNEU,14:09,FRHMY
1685,2023-06-12,BRASSAC LES MINES STE FLORINE,NON,15941,14:30,IC SRO,NEUSSARGUES,NORESTJOU,FRNEU,13:43,FRHLE
1686,2023-06-12,NEVERS,OUI,5951,10:34,IC ARO,CLERMONT FERRAND,PACLERMONT,FRCFE,08:59,FRNVS
1687,2023-06-12,PARIS (intramuros),OUI,5951,10:22,IC ARO,RIOM CHATEL GUYON,PACLERMONT,FRRIO,06:58,FRPLY
1688,2023-06-12,PARIS (intramuros),OUI,5951,10:00,IC ARO,VICHY,PACLERMONT,FRVHY,06:58,FRPLY
1689,2023-06-12,VICHY,OUI,5951,10:34,IC ARO,CLERMONT FERRAND,PACLERMONT,FRCFE,10:02,FRVHY
1690,2023-06-12,MOULINS SUR ALLIER,OUI,5951,10:22,IC ARO,RIOM CHATEL GUYON,PACLERMONT,FRRIO,09:30,FRXMU
1691,2023-06-12,ST MAIXENT DEUX SEVRES,NON,8370,07:08,ATLANTIQUE,POITIERS,ROCHELLEPA,FRPIS,06:37,FREJC
1692,2023-06-12,ST MAIXENT DEUX SEVRES,NON,8370,08:37,ATLANTIQUE,PARIS (intramuros),ROCHELLEPA,FRPMO,06:37,FREJC
1693,2023-06-12,LA ROCHELLE VILLE,OUI,8370,05:57,ATLANTIQUE,SURGERES,ROCHELLEPA,FREIP,05:39,FRLRH
1694,2023-06-12,LA ROCHELLE VILLE,OUI,8370,06:34,ATLANTIQUE,ST MAIXENT DEUX SEVRES,ROCHELLEPA,FREJC,05:39,FRLRH
1695,2023-06-12,NIORT,NON,8370,07:08,ATLANTIQUE,POITIERS,ROCHELLEPA,FRPIS,06:21,FRNIT
1696,2023-06-12,NIORT,NON,8370,08:37,ATLANTIQUE,PARIS (intramuros),ROCHELLEPA,FRPMO,06:21,FRNIT
1697,2023-06-12,PARIS (intramuros),NON,9761,09:29,INTERNATIONAL,GENEVE,PAGENEVE,CHGVA,06:16,FRPLY
1698,2023-06-12,PARIS (intramuros),NON,9761,08:09,INTERNATIONAL,BOURG EN BRESSE,PAGENEVE,FRXBK,06:16,FRPLY
1699,2023-06-12,BOURG EN BRESSE,NON,9761,10:14,INTERNATIONAL,LAUSANNE,PAGENEVE,CHAJF,08:12,FRXBK
1700,2023-06-12,TOULOUSE MATABIAU,NON,3750,06:50,IC NUIT,PARIS (intramuros),OCCITANPAR,FRPAZ,22:00,FRXYT
1701,2023-06-12,AGEN,NON,4661,14:40,IC ARO,TOULOUSE MATABIAU,TJOURSOSE,FRXYT,13:32,FRAGF
1702,2023-06-12,BORDEAUX ST JEAN,NON,4661,17:47,IC ARO,ARLES,TJOURSOSE,FRHZA,12:28,FRBOJ
1703,2023-06-12,BEZIERS,NON,4661,16:50,IC ARO,MONTPELLIER SAINT-ROCH,TJOURSOSE,FRMPL,16:15,FRBZR
1704,2023-06-12,CARCASSONNE,NON,4661,16:50,IC ARO,MONTPELLIER SAINT-ROCH,TJOURSOSE,FRMPL,15:28,FRCCF
1705,2023-06-12,DUNKERQUE,NON,7304,08:08,NORD,PARIS (intramuros),ARRASPA,FRPNO,05:56,FRADI
1706,2023-06-12,LYON (intramuros),NON,6614,13:00,SUD EST,PARIS (intramuros),RHONEPARIS,FRPLY,11:04,FRLPD
1707,2023-06-12,LYON (intramuros),NON,6614,13:00,SUD EST,PARIS (intramuros),RHONEPARIS,FRPLY,10:50,FRLPE
1708,2023-06-12,NARBONNE,NON,6871,11:07,SUD EST,VALENCE TGV RHONE-ALPES SUD,JCSUDPROV,FRVLA,08:59,FRXNA
1709,2023-06-12,TOULOUSE MATABIAU,NON,6871,11:07,SUD EST,VALENCE TGV RHONE-ALPES SUD,JCSUDPROV,FRVLA,07:43,FRXYT
1710,2023-06-12,TOULOUSE MATABIAU,OUI,6871,08:56,SUD EST,NARBONNE,JCSUDPROV,FRXNA,07:43,FRXYT
1711,2023-06-12,TOULOUSE MATABIAU,NON,6871,09:55,SUD EST,MONTPELLIER SUD DE FRANCE,JCSUDPROV,FRSUF,07:43,FRXYT
1712,2023-06-12,CARCASSONNE,NON,6871,09:55,SUD EST,MONTPELLIER SUD DE FRANCE,JCSUDPROV,FRSUF,08:27,FRCCF
1713,2023-06-12,MONTPELLIER SUD DE FRANCE,NON,6871,11:50,SUD EST,LYON (intramuros),JCSUDPROV,FRLPD,10:05,FRSUF
1714,2023-06-12,NARBONNE,NON,6871,10:24,SUD EST,NIMES PONT DU GARD,JCSUDPROV,FRXZP,08:59,FRXNA
1715,2023-06-12,BEZIERS,NON,9708,13:24,SUD EST,SETE,BARCELONEPA,FRXSY,12:58,FRBZR
1716,2023-06-12,PERPIGNAN,NON,9708,13:41,SUD EST,MONTPELLIER SAINT-ROCH,BARCELONEPA,FRMPL,12:04,FRPGF
1717,2023-06-12,NARBONNE,NON,9708,17:18,SUD EST,PARIS (intramuros),BARCELONEPA,FRPLY,12:42,FRXNA
1718,2023-06-12,NARBONNE,NON,9708,13:09,SUD EST,AGDE,BARCELONEPA,FRXAG,12:42,FRXNA
1719,2023-06-12,NARBONNE,NON,9708,13:24,SUD EST,SETE,BARCELONEPA,FRXSY,12:42,FRXNA
1720,2023-06-12,SETE,NON,9708,15:01,SUD EST,VALENCE TGV RHONE-ALPES SUD,BARCELONEPA,FRVLA,13:27,FRXSY
1721,2023-06-12,FIGUERES VILA TGV,NON,9708,17:18,SUD EST,PARIS (intramuros),BARCELONEPA,FRPLY,11:31,ESFIR
1722,2023-06-12,FIGUERES VILA TGV,NON,9708,14:11,SUD EST,NIMES,BARCELONEPA,FRFNI,11:31,ESFIR
1723,2023-06-12,PARIS (intramuros),NON,6155,13:12,SUD EST,TOULON,PAAZUR,FRTLN,09:08,FRPLY
1724,2023-06-12,LYON-SAINT EXUPERY TGV,NON,6193,15:56,SUD EST,AVIGNON CENTRE,PAVDR,FRAES,14:11,FRJDQ
1725,2023-06-12,LYON-SAINT EXUPERY TGV,NON,6193,16:37,SUD EST,MIRAMAS,PAVDR,FRMAZ,14:11,FRJDQ
1726,2023-06-12,PARIS (intramuros),NON,6193,15:09,SUD EST,MONTELIMAR GARE SNCF,PAVDR,FRXMK,12:12,FRPLY
1727,2023-06-12,VALENCE VILLE,OUI,6193,16:16,SUD EST,ARLES,PAVDR,FRHZA,14:49,FRVAF
1728,2023-06-12,LE MANS,NON,5338,21:47,SUD EST,LYON (intramuros),JCATLSUD,FRLPE,18:30,FRAET
1729,2023-06-12,MASSY TGV,OUI,5338,21:47,SUD EST,LYON (intramuros),JCATLSUD,FRLPE,19:26,FRDJU
1730,2023-06-12,RENNES,OUI,5338,18:20,SUD EST,LE MANS,JCATLSUD,FRAET,17:30,FRRNS
1731,2023-06-12,RENNES,NON,5338,21:30,SUD EST,LYON (intramuros),JCATLSUD,FRLPD,17:30,FRRNS
1732,2023-06-12,PARIS (intramuros),NON,9591,19:11,EST,STRASBOURG,PASTRAMULH,FRAEG,17:25,FRPST
1733,2023-06-12,STRASBOURG,OUI,9591,19:39,EST,OFFENBOURG/OFFENBURG,PASTRAMULH,DEZPA,19:17,FRAEG
1734,2023-06-12,LYON (intramuros),OUI,6618,12:58,SUD EST,LYON (intramuros),RHONEPARIS,FRLPD,12:49,FRLPE
1735,2023-06-12,ANGERS ST LAUD,OUI,5488,22:19,EST,NANTES,JCESTATL,FRNTE,21:43,FRACL
1736,2023-06-12,STRASBOURG,NON,5488,20:04,EST,MASSY TGV,JCESTATL,FRDJU,17:01,FRAEG
1737,2023-06-12,LE MANS,OUI,5488,22:19,EST,NANTES,JCESTATL,FRNTE,21:03,FRAET
1738,2023-06-12,CHAMPAGNE-ARDENNE,NON,5488,21:00,EST,LE MANS,JCESTATL,FRAET,18:35,FREAH
1739,2023-06-12,MEUSE TGV,NON,5488,20:04,EST,MASSY TGV,JCESTATL,FRDJU,18:09,FREAJ
1740,2023-06-12,LORRAINE TGV,NON,5488,22:19,EST,NANTES,JCESTATL,FRNTE,17:42,FREAM
1741,2023-06-12,MARNE LA VALLEE CHESSY,NON,5488,21:40,EST,ANGERS ST LAUD,JCESTATL,FRACL,19:35,FRMLV
1742,2023-06-12,MARNE LA VALLEE CHESSY,NON,5488,20:04,EST,MASSY TGV,JCESTATL,FRDJU,19:35,FRMLV
1743,2023-06-12,AEROPORT CDG2 TGV ROISSY,NON,5488,21:40,EST,ANGERS ST LAUD,JCESTATL,FRACL,19:21,FRMLW
1744,2023-06-12,MEUSE TGV,NON,5488,21:40,EST,ANGERS ST LAUD,JCESTATL,FRACL,18:09,FREAJ
1745,2023-06-12,AUBIN,NON,3756,08:22,IC NUIT,PARIS (intramuros),OCCITANPAR,FRPAZ,23:24,FRFSQ
1746,2023-06-12,RODEZ,NON,3756,08:22,IC NUIT,PARIS (intramuros),OCCITANPAR,FRPAZ,22:38,FRRDZ
1747,2023-06-12,MASSY TGV,NON,8574,18:30,ATLANTIQUE,PAU,PASUDOUEST,FRAEE,14:15,FRDJU
1748,2023-06-12,LOURDES,OUI,8574,19:23,ATLANTIQUE,TARBES,PASUDOUEST,FRXTB,19:08,FRLDE
1749,2023-06-12,PARIS (intramuros),NON,8574,18:58,ATLANTIQUE,LOURDES,PASUDOUEST,FRLDE,14:02,FRPMO
1750,2023-06-12,PARIS (intramuros),NON,8574,19:23,ATLANTIQUE,TARBES,PASUDOUEST,FRXTB,14:02,FRPMO
1751,2023-06-12,LILLE (intramuros),OUI,7060,18:14,NORD,PARIS (intramuros),LILLEPA,FRPNO,17:12,FRADJ
1752,2023-06-12,GENEVE,NON,9760,09:42,INTERNATIONAL,PARIS (intramuros),GENEVEPA,FRPLY,06:29,CHGVA
1753,2023-06-12,LUCON,NON,3835,17:39,IC SRO,LA ROCHELLE VILLE,NANTEBORDO,FRLRH,17:00,FRLCN
1754,2023-06-12,NANTES,NON,3835,16:58,IC SRO,LUCON,NANTEBORDO,FRLCN,15:55,FRNTE
1755,2023-06-12,NANTES,NON,3835,17:39,IC SRO,LA ROCHELLE VILLE,NANTEBORDO,FRLRH,15:55,FRNTE
1756,2023-06-12,NANTES,NON,3835,18:32,IC SRO,SAINTES,NANTEBORDO,FRXST,15:55,FRNTE
1757,2023-06-12,LA ROCHE SUR YON,NON,3835,20:11,IC SRO,BORDEAUX ST JEAN,NANTEBORDO,FRBOJ,16:36,FRXRO
1758,2023-06-12,LA ROCHE SUR YON,NON,3835,18:32,IC SRO,SAINTES,NANTEBORDO,FRXST,16:36,FRXRO
1759,2023-06-12,NANTES,OUI,8970,07:41,ATLANTIQUE,ANGERS ST LAUD,LOIREPARIS,FRACL,07:05,FRNTE
1760,2023-06-12,ANGERS ST LAUD,NON,9886,09:10,NORD,AEROPORT CDG2 TGV ROISSY,JCBRETNORD,FRMLW,06:41,FRACL
1761,2023-06-12,ANGERS ST LAUD,NON,9886,09:45,NORD,TGV HAUTE PICARDIE,JCBRETNORD,FRTHP,06:41,FRACL
1762,2023-06-12,MASSY TGV,NON,9886,09:10,NORD,AEROPORT CDG2 TGV ROISSY,JCBRETNORD,FRMLW,08:26,FRDJU
1763,2023-06-12,LILLE (intramuros),OUI,9886,11:01,NORD,BRUXELLES MIDI BRUSSEL ZUID,JCBRETNORD,BEBMI,10:27,FRLLE
1764,2023-06-12,LE CREUSOT MONTCEAU MONTCHANIN,OUI,6633,23:08,SUD EST,LYON (intramuros),PARISRHONE,FRLPD,22:20,FRXCC
1765,2023-06-12,LE CREUSOT MONTCEAU MONTCHANIN,OUI,6633,23:24,SUD EST,LYON (intramuros),PARISRHONE,FRLPE,22:20,FRXCC
1766,2023-06-12,LE MANS,OUI,8863,08:13,ATLANTIQUE,ANGERS ST LAUD,PARISLOIRE,FRACL,07:36,FRAET
1767,2023-06-12,PARIS (intramuros),NON,2501,07:46,EST,CHAMPAGNE-ARDENNE,PANANCY,FREAH,07:07,FRPST
1768,2023-06-12,PARIS (intramuros),NON,2501,08:44,EST,NANCY,PANANCY,FRENC,07:07,FRPST
1769,2023-06-12,PARIS (intramuros),NON,9773,15:30,INTERNATIONAL,GENEVE,PAGENEVE,CHGVA,12:16,FRPLY
1770,2023-06-12,PARIS (intramuros),NON,9773,15:00,INTERNATIONAL,BELLEGARDE,PAGENEVE,FRXBF,12:16,FRPLY
1771,2023-06-12,BOULOGNE VILLE,NON,7508,08:59,NORD,PARIS (intramuros),ARRASPA,FRPNO,06:29,FRAEB
1772,2023-06-12,LYON (intramuros),NON,6630,21:00,SUD EST,PARIS (intramuros),RHONEPARIS,FRPLY,19:04,FRLPD
1773,2023-06-12,LYON (intramuros),NON,6630,21:00,SUD EST,PARIS (intramuros),RHONEPARIS,FRPLY,18:50,FRLPE
1774,2023-06-12,LAVAL,NON,8723,18:40,ATLANTIQUE,QUIMPER,PARISBRETA,FRUIP,16:00,FRACR
1775,2023-06-12,PARIS (intramuros),NON,8723,18:25,ATLANTIQUE,ROSPORDEN,PARISBRETA,FRRSP,14:41,FRPMO
1776,2023-06-12,REDON,NON,8723,18:09,ATLANTIQUE,QUIMPERLE,PARISBRETA,FRECO,17:05,FRXRN
1777,2023-06-12,REDON,NON,8723,17:55,ATLANTIQUE,LORIENT,PARISBRETA,FRLRT,17:05,FRXRN
1778,2023-06-12,BEZIERS,NON,4766,23:37,IC ARO,BORDEAUX ST JEAN,TJOURSESO,FRBOJ,19:47,FRBZR
1779,2023-06-12,CARCASSONNE,NON,4766,22:31,IC ARO,AGEN,TJOURSESO,FRAGF,20:36,FRCCF
1780,2023-06-12,NIMES,NON,4766,21:54,IC ARO,MONTAUBAN VILLE BOURBON,TJOURSESO,FRXMW,18:41,FRFNI
1781,2023-06-12,MONTPELLIER SAINT-ROCH,NON,4766,22:31,IC ARO,AGEN,TJOURSESO,FRAGF,19:09,FRMPL
1782,2023-06-12,MARSEILLE ST CHARLES,NON,4766,22:31,IC ARO,AGEN,TJOURSESO,FRAGF,17:28,FRMSC
1783,2023-06-12,MARSEILLE ST CHARLES,NON,4766,23:37,IC ARO,BORDEAUX ST JEAN,TJOURSESO,FRBOJ,17:28,FRMSC
1784,2023-06-12,MARSEILLE ST CHARLES,NON,4766,18:38,IC ARO,NIMES,TJOURSESO,FRFNI,17:28,FRMSC
1785,2023-06-12,NARBONNE,NON,4766,22:31,IC ARO,AGEN,TJOURSESO,FRAGF,20:05,FRXNA
1786,2023-06-12,TOULOUSE MATABIAU,OUI,4766,22:31,IC ARO,AGEN,TJOURSESO,FRAGF,21:24,FRXYT
1787,2023-06-12,LILLE (intramuros),NON,5124,23:14,NORD,AVIGNON TGV,JCNORDSUD,FRAVG,18:22,FRLLE
1788,2023-06-12,LILLE (intramuros),NON,5124,22:00,NORD,LYON (intramuros),JCNORDSUD,FRLPD,18:22,FRLLE
1789,2023-06-12,LILLE (intramuros),OUI,5124,20:09,NORD,MARNE LA VALLEE CHESSY,JCNORDSUD,FRMLV,18:22,FRLLE
1790,2023-06-12,AEROPORT CDG2 TGV ROISSY,NON,5124,23:53,NORD,MARSEILLE ST CHARLES,JCNORDSUD,FRMSC,20:00,FRMLW
1791,2023-06-12,STRASBOURG,NON,5470,11:25,EST,CHAMPAGNE-ARDENNE,JCESTATL,FREAH,10:01,FRAEG
1792,2023-06-12,STRASBOURG,NON,5470,12:26,EST,MARNE LA VALLEE CHESSY,JCESTATL,FRMLV,10:01,FRAEG
1793,2023-06-12,STRASBOURG,NON,5470,14:47,EST,RENNES,JCESTATL,FRRNS,10:01,FRAEG
1794,2023-06-12,MEUSE TGV,NON,5470,13:04,EST,MASSY TGV,JCESTATL,FRDJU,11:01,FREAJ
1795,2023-06-12,MEUSE TGV,NON,5470,11:25,EST,CHAMPAGNE-ARDENNE,JCESTATL,FREAH,11:01,FREAJ
1796,2023-06-12,LORRAINE TGV,NON,5470,12:26,EST,MARNE LA VALLEE CHESSY,JCESTATL,FRMLV,10:40,FREAM
1797,2023-06-12,MARNE LA VALLEE CHESSY,NON,5470,13:04,EST,MASSY TGV,JCESTATL,FRDJU,12:30,FRMLV
1798,2023-06-12,PAU,NON,8587,23:00,ATLANTIQUE,PARIS (intramuros),SUDOUESTPA,FRPMO,18:26,FRAEE
1799,2023-06-12,ORTHEZ,OUI,8587,19:17,ATLANTIQUE,DAX,SUDOUESTPA,FRACG,18:49,FRGFI
1800,2023-06-12,ORTHEZ,NON,8587,23:00,ATLANTIQUE,PARIS (intramuros),SUDOUESTPA,FRPMO,18:49,FRGFI
1801,2023-06-12,LOURDES,OUI,8587,19:17,ATLANTIQUE,DAX,SUDOUESTPA,FRACG,17:59,FRLDE
1802,2023-06-12,LOURDES,OUI,8587,20:41,ATLANTIQUE,BORDEAUX ST JEAN,SUDOUESTPA,FRBOJ,17:59,FRLDE
1803,2023-06-12,ORTHEZ,OUI,8560,08:16,ATLANTIQUE,DAX,SUDOUESTPA,FRACG,07:48,FRGFI
1804,2023-06-12,ORTHEZ,NON,8560,11:52,ATLANTIQUE,PARIS (intramuros),SUDOUESTPA,FRPMO,07:48,FRGFI
1805,2023-06-12,LOURDES,OUI,8560,07:45,ATLANTIQUE,ORTHEZ,SUDOUESTPA,FRGFI,06:57,FRLDE
1806,2023-06-12,TARBES,OUI,8560,08:16,ATLANTIQUE,DAX,SUDOUESTPA,FRACG,06:40,FRXTB
1807,2023-06-12,TARBES,OUI,8560,07:45,ATLANTIQUE,ORTHEZ,SUDOUESTPA,FRGFI,06:40,FRXTB
1808,2023-06-12,PARIS (intramuros),NON,6949,20:36,SUD EST,CHAMBERY CHALLES LES EAUX,PARISALPES,FRCMF,17:44,FRPLY
1809,2023-06-12,PARIS (intramuros),NON,6949,21:04,SUD EST,AIX LES BAINS LE REVARD,PARISALPES,FRXAI,17:44,FRPLY
1810,2023-06-12,STRASBOURG,NON,9575,17:04,INTERNATIONAL,STUTTGART HBF,PASTUTMUN,DESGT,15:46,FRAEG
1811,2023-06-12,RENNES,NON,8729,19:24,ATLANTIQUE,VANNES,PARISBRETA,FRVNE,18:29,FRRNS
1812,2023-06-12,AURAY,OUI,8729,19:56,ATLANTIQUE,LORIENT,PARISBRETA,FRLRT,19:40,FRXUY
1813,2023-06-12,PARIS (intramuros),NON,5789,04:42,IC NUIT,CREST,PABRIANCON,FRCRE,20:48,FRPAZ
1814,2023-06-12,PARIS (intramuros),NON,5789,06:53,IC NUIT,GAP,PABRIANCON,FRGAT,20:48,FRPAZ
1815,2023-06-12,PARIS (intramuros),NON,5789,07:11,IC NUIT,CHORGES,PABRIANCON,FRIGS,20:48,FRPAZ
1816,2023-06-12,PARIS (intramuros),NON,5789,07:50,IC NUIT,MONTDAUPHIN GUILLESTRE,PABRIANCON,FRIGZ,20:48,FRPAZ
1817,2023-06-12,PARIS (intramuros),NON,5789,06:27,IC NUIT,VEYNES DEVOLUY,PABRIANCON,FRVDY,20:48,FRPAZ
1818,2023-06-12,PARIS (intramuros),NON,5789,08:26,IC NUIT,BRIANCON,PABRIANCON,FRXBC,20:48,FRPAZ
1819,2023-06-12,NIMES,NON,9864,20:43,NORD,BRUXELLES MIDI BRUSSEL ZUID,JCSUDNORD,BEBMI,15:19,FRFNI
1820,2023-06-12,NIMES,NON,9864,16:49,NORD,LYON (intramuros),JCSUDNORD,FRLPD,15:19,FRFNI
1821,2023-06-12,LYON (intramuros),NON,9864,19:01,NORD,AEROPORT CDG2 TGV ROISSY,JCSUDNORD,FRMLW,17:00,FRLPD
1822,2023-06-12,MARNE LA VALLEE CHESSY,NON,9864,19:01,NORD,AEROPORT CDG2 TGV ROISSY,JCSUDNORD,FRMLW,18:51,FRMLV
1823,2023-06-12,MONTPELLIER SAINT-ROCH,OUI,9864,15:16,NORD,NIMES,JCSUDNORD,FRFNI,14:51,FRMPL
1824,2023-06-12,MONTPELLIER SAINT-ROCH,NON,9864,16:49,NORD,LYON (intramuros),JCSUDNORD,FRLPD,14:51,FRMPL
1825,2023-06-12,VALENCE TGV RHONE-ALPES SUD,NON,9864,18:47,NORD,MARNE LA VALLEE CHESSY,JCSUDNORD,FRMLV,16:10,FRVLA
1826,2023-06-12,LYON-SAINT EXUPERY TGV,NON,6191,10:56,SUD EST,AVIGNON CENTRE,PAVDR,FRAES,09:11,FRJDQ
1827,2023-06-12,PARIS (intramuros),NON,6191,09:01,SUD EST,LYON-SAINT EXUPERY TGV,PAVDR,FRJDQ,07:12,FRPLY
1828,2023-06-12,PARIS (intramuros),NON,6191,10:38,SUD EST,ORANGE,PAVDR,FRXOG,07:12,FRPLY
1829,2023-06-12,VALENCE VILLE,OUI,6191,10:56,SUD EST,AVIGNON CENTRE,PAVDR,FRAES,09:49,FRVAF
1830,2023-06-12,MONTELIMAR GARE SNCF,OUI,6191,10:56,SUD EST,AVIGNON CENTRE,PAVDR,FRAES,10:12,FRXMK
1831,2023-06-12,THIONVILLE,NON,2864,12:20,EST,PARIS (intramuros),LUXMETZPA,FRPST,10:32,FRXTH
1832,2023-06-12,LE HAVRE,OUI,5316,17:29,SUD EST,MANTES LA JOLIE,JCATLSUD,FRMTE,15:41,FRAEZ
1833,2023-06-12,VERSAILLES CHANTIERS,NON,5316,22:01,SUD EST,AVIGNON TGV,JCATLSUD,FRAVG,18:11,FRDHT
1834,2023-06-12,VERSAILLES CHANTIERS,NON,5316,22:35,SUD EST,MARSEILLE ST CHARLES,JCATLSUD,FRMSC,18:11,FRDHT
1835,2023-06-12,MASSY PALAISEAU,NON,5316,21:21,SUD EST,VALENCE TGV RHONE-ALPES SUD,JCATLSUD,FRVLA,18:28,FRMPU
1836,2023-06-12,MANTES LA JOLIE,OUI,5316,18:08,SUD EST,VERSAILLES CHANTIERS,JCATLSUD,FRDHT,17:32,FRMTE
1837,2023-06-12,ROUEN RIVE DROITE,OUI,5316,17:29,SUD EST,MANTES LA JOLIE,JCATLSUD,FRMTE,16:39,FRURD
1838,2023-06-12,ROUEN RIVE DROITE,NON,5316,21:21,SUD EST,VALENCE TGV RHONE-ALPES SUD,JCATLSUD,FRVLA,16:39,FRURD
1839,2023-06-12,MORLAIX,OUI,8629,20:38,ATLANTIQUE,BREST,PARISBRETA,FRBES,20:05,FRMXN
1840,2023-06-12,PARIS (intramuros),NON,8629,19:16,ATLANTIQUE,ST BRIEUC,PARISBRETA,FRSBK,16:53,FRPMO
1841,2023-06-12,RENNES,OUI,8629,20:02,ATLANTIQUE,MORLAIX,PARISBRETA,FRMXN,18:32,FRRNS
1842,2023-06-12,ST BRIEUC,OUI,8629,20:38,ATLANTIQUE,BREST,PARISBRETA,FRBES,19:19,FRSBK
1843,2023-06-12,ST BRIEUC,OUI,8629,19:33,ATLANTIQUE,GUINGAMP,PARISBRETA,FRGGP,19:19,FRSBK
1844,2023-06-12,NIMES,OUI,6821,09:27,SUD EST,BEZIERS,JCPROVSUD,FRBZR,08:07,FRFNI
1845,2023-06-12,LYON (intramuros),OUI,6821,11:02,SUD EST,TOULOUSE MATABIAU,JCPROVSUD,FRXYT,06:37,FRLPD
1846,2023-06-12,SETE,OUI,6821,09:44,SUD EST,NARBONNE,JCPROVSUD,FRXNA,09:03,FRXSY
1847,2023-06-12,SETE,OUI,6821,11:02,SUD EST,TOULOUSE MATABIAU,JCPROVSUD,FRXYT,09:03,FRXSY
1848,2023-06-12,AIX EN PROVENCE TGV,OUI,6117,19:00,SUD EST,MARSEILLE ST CHARLES,PAPROVENCE,FRMSC,18:48,FRAIE
1849,2023-06-12,UZERCHE,OUI,3684,20:46,IC ARO,VIERZON VILLE,TOULOUZECO,FRXVZ,18:11,FRAAW
1850,2023-06-12,LIMOGES BENEDICTINS,OUI,3684,19:26,IC ARO,LA SOUTERRAINE,TOULOUZECO,FRLST,18:51,FRAGQ
1851,2023-06-12,BRIVE LA GAILLARDE,OUI,3684,22:21,IC ARO,PARIS (intramuros),TOULOUZECO,FRPAZ,17:45,FRBVE
1852,2023-06-12,CHATEAUROUX,OUI,3684,20:46,IC ARO,VIERZON VILLE,TOULOUZECO,FRXVZ,20:09,FRCHR
1853,2023-06-12,MARSEILLE ST CHARLES,NON,6866,20:54,SUD EST,LYON (intramuros),JCSUDPROV,FRLPD,19:11,FRMSC
1854,2023-06-12,TOULON,NON,6866,19:23,SUD EST,AIX EN PROVENCE TGV,JCSUDPROV,FRAIE,17:53,FRTLN
1855,2023-06-12,BORDEAUX ST JEAN,NON,3852,09:23,IC SRO,SAINTES,BORDONANTE,FRXST,07:53,FRBOJ
1856,2023-06-12,ROCHEFORT,NON,3852,12:05,IC SRO,NANTES,BORDONANTE,FRNTE,09:55,FRRCO
1857,2023-06-12,ANGERS ST LAUD,NON,5306,17:30,SUD EST,LYON (intramuros),JCATLSUD,FRLPD,13:27,FRACL
1858,2023-06-12,SAUMUR,NON,5306,17:30,SUD EST,LYON (intramuros),JCATLSUD,FRLPD,13:50,FRACN
1859,2023-06-12,NANTES,NON,5306,13:47,SUD EST,SAUMUR,JCATLSUD,FRACN,12:44,FRNTE
1860,2023-06-12,NANTES,NON,5306,14:24,SUD EST,ST PIERRE DES CORPS,JCATLSUD,FRXSH,12:44,FRNTE
1861,2023-06-12,LE MANS,NON,5382,15:40,SUD EST,RENNES,JCSUDATL,FRRNS,14:53,FRAET
1862,2023-06-12,MASSY TGV,NON,5382,15:40,SUD EST,RENNES,JCSUDATL,FRRNS,13:56,FRDJU
1863,2023-06-12,PARIS (intramuros),NON,8319,19:45,ATLANTIQUE,TOURS,PAROCHELLE,FRAFW,18:28,FRPMO
1864,2023-06-12,ST PIERRE DES CORPS,OUI,8319,19:45,ATLANTIQUE,TOURS,PAROCHELLE,FRAFW,19:40,FRXSH
1865,2023-06-12,FRANKFURT MAIN HBF,NON,9558,08:09,INTERNATIONAL,FORBACH,FRANCPA,FRBQT,05:56,DEFRH
1866,2023-06-12,DIJON VILLE,NON,5514,09:32,EST,MULHOUSE VILLE,JCRHONRHIN,FRAEK,08:00,FRABA
1867,2023-06-12,LYON (intramuros),NON,5514,10:27,EST,STRASBOURG,JCRHONRHIN,FRAEG,05:46,FRLPE
1868,2023-06-12,LYON (intramuros),NON,5514,06:38,EST,MACON VILLE,JCRHONRHIN,FRHGU,05:46,FRLPE
1869,2023-06-12,BESANCON - F COMTE TGV,NON,5514,10:27,EST,STRASBOURG,JCRHONRHIN,FRAEG,08:38,FRTJB
1870,2023-06-12,PARIS (intramuros),NON,8531,11:47,ATLANTIQUE,HENDAYE,PASUDOUEST,FRAEF,07:08,FRPMO
1871,2023-06-12,PARIS (intramuros),NON,8531,09:15,ATLANTIQUE,BORDEAUX ST JEAN,PASUDOUEST,FRBOJ,07:08,FRPMO
1872,2023-06-12,BAYONNE,OUI,8531,11:16,ATLANTIQUE,BIARRITZ,PASUDOUEST,FRBIQ,11:08,FRXBY
1873,2023-06-12,MONTPELLIER SUD DE FRANCE,NON,6252,15:04,SUD EST,PARIS (intramuros),LANGPA,FRPLY,11:52,FRSUF
1874,2023-06-12,NIMES PONT DU GARD,NON,6252,12:50,SUD EST,VALENCE TGV RHONE-ALPES SUD,LANGPA,FRVLA,12:14,FRXZP
1875,2023-06-12,NIMES PONT DU GARD,NON,6252,15:04,SUD EST,PARIS (intramuros),LANGPA,FRPLY,12:14,FRXZP
1876,2023-06-12,MONTPELLIER SUD DE FRANCE,OUI,6252,12:11,SUD EST,NIMES PONT DU GARD,LANGPA,FRXZP,11:52,FRSUF
1877,2023-06-12,CHAMBERY CHALLES LES EAUX,NON,6960,07:40,SUD EST,MACON LOCHE TGV,ALPESPARIS,FRMLT,06:22,FRCMF
1878,2023-06-12,CHAMBERY CHALLES LES EAUX,NON,6960,09:14,SUD EST,PARIS (intramuros),ALPESPARIS,FRPLY,06:22,FRCMF
1879,2023-06-12,AIX LES BAINS LE REVARD,NON,6960,06:08,SUD EST,CHAMBERY CHALLES LES EAUX,ALPESPARIS,FRCMF,05:57,FRXAI
1880,2023-06-12,AIX LES BAINS LE REVARD,NON,6960,09:14,SUD EST,PARIS (intramuros),ALPESPARIS,FRPLY,05:57,FRXAI
1881,2023-06-12,LYON (intramuros),NON,6813,15:10,SUD EST,AVIGNON TGV,JCPROVSUD,FRAVG,14:06,FRLPD
1882,2023-06-12,LYON (intramuros),NON,6813,15:46,SUD EST,MARSEILLE ST CHARLES,JCPROVSUD,FRMSC,14:06,FRLPD
1883,2023-06-12,CHATEAUROUX,NON,3625,13:06,IC ARO,LIMOGES BENEDICTINS,PALITO,FRAGQ,11:54,FRCHR
1884,2023-06-12,LA SOUTERRAINE,NON,3625,13:06,IC ARO,LIMOGES BENEDICTINS,PALITO,FRAGQ,12:31,FRLST
1885,2023-06-12,LA SOUTERRAINE,NON,3625,14:14,IC ARO,BRIVE LA GAILLARDE,PALITO,FRBVE,12:31,FRLST
1886,2023-06-12,PARIS (intramuros),NON,6615,15:10,SUD EST,LYON (intramuros),PARISRHONE,FRLPE,12:50,FRPLY
1887,2023-06-12,LYON (intramuros),OUI,6624,15:58,SUD EST,LYON (intramuros),RHONEPARIS,FRLPD,15:50,FRLPE
1888,2023-06-12,LYON (intramuros),NON,6624,18:08,SUD EST,PARIS (intramuros),RHONEPARIS,FRPLY,15:50,FRLPE
1889,2023-06-12,LYON (intramuros),NON,5182,21:01,NORD,AEROPORT CDG2 TGV ROISSY,JCSUDNORD,FRMLW,19:00,FRLPD
1890,2023-06-12,MONTPELLIER SUD DE FRANCE,OUI,5182,17:24,NORD,NIMES PONT DU GARD,JCSUDNORD,FRXZP,17:05,FRSUF
1891,2023-06-12,NIMES PONT DU GARD,NON,5182,18:50,NORD,LYON (intramuros),JCSUDNORD,FRLPD,17:27,FRXZP
1892,2023-06-12,NIMES PONT DU GARD,NON,5182,20:47,NORD,MARNE LA VALLEE CHESSY,JCSUDNORD,FRMLV,17:27,FRXZP
1893,2023-06-12,DIJON VILLE,NON,2239,19:10,EST,AVIGNON TGV,JCRHINRHON,FRAVG,16:20,FRABA
1894,2023-06-12,DIJON VILLE,NON,2239,19:45,EST,MARSEILLE ST CHARLES,JCRHINRHON,FRMSC,16:20,FRABA
1895,2023-06-12,STRASBOURG,NON,2239,19:10,EST,AVIGNON TGV,JCRHINRHON,FRAVG,13:37,FRAEG
1896,2023-06-12,STRASBOURG,NON,2239,22:11,EST,ANTIBES,JCRHINRHON,FRXAT,13:37,FRAEG
1897,2023-06-12,STRASBOURG,NON,2239,21:34,EST,ST RAPHAEL VALESCURE,JCRHINRHON,FRXSK,13:37,FRAEG
1898,2023-06-12,COLMAR,NON,2239,20:41,EST,TOULON,JCRHINRHON,FRTLN,14:05,FRAEJ
1899,2023-06-12,MULHOUSE VILLE,OUI,2239,15:02,EST,BELFORT-MONTBELIARD TGV,JCRHINRHON,FRTJA,14:41,FRAEK
1900,2023-06-12,MULHOUSE VILLE,OUI,2239,15:29,EST,BESANCON - F COMTE TGV,JCRHINRHON,FRTJB,14:41,FRAEK
1901,2023-06-12,MULHOUSE VILLE,NON,2239,20:41,EST,TOULON,JCRHINRHON,FRTLN,14:41,FRAEK
1902,2023-06-12,AIX EN PROVENCE TGV,OUI,2239,19:45,EST,MARSEILLE ST CHARLES,JCRHINRHON,FRMSC,19:33,FRAIE
1903,2023-06-12,CANNES,OUI,2239,22:11,EST,ANTIBES,JCRHINRHON,FRXAT,22:03,FRJCA
1904,2023-06-12,LYON (intramuros),NON,2239,19:45,EST,MARSEILLE ST CHARLES,JCRHINRHON,FRMSC,18:04,FRLPD
1905,2023-06-12,MARSEILLE ST CHARLES,OUI,2239,21:17,EST,LES ARCS DRAGUIGNAN,JCRHINRHON,FRXRS,19:57,FRMSC
1906,2023-06-12,BELFORT-MONTBELIARD TGV,OUI,2239,15:29,EST,BESANCON - F COMTE TGV,JCRHINRHON,FRTJB,15:06,FRTJA
1907,2023-06-12,BESANCON - F COMTE TGV,NON,2239,19:10,EST,AVIGNON TGV,JCRHINRHON,FRAVG,15:36,FRTJB
1908,2023-06-12,TOULON,OUI,2239,21:34,EST,ST RAPHAEL VALESCURE,JCRHINRHON,FRXSK,20:45,FRTLN
1909,2023-06-12,ANTIBES,OUI,2239,22:30,EST,NICE VILLE,JCRHINRHON,FRNIC,22:14,FRXAT
1910,2023-06-12,BEAUNE,NON,2239,21:17,EST,LES ARCS DRAGUIGNAN,JCRHINRHON,FRXRS,16:42,FRXBV
1911,2023-06-12,LES ARCS DRAGUIGNAN,OUI,2239,22:11,EST,ANTIBES,JCRHINRHON,FRXAT,21:20,FRXRS
1912,2023-06-12,ST RAPHAEL VALESCURE,OUI,2239,22:11,EST,ANTIBES,JCRHINRHON,FRXAT,21:37,FRXSK
1913,2023-06-12,BESANCON - F COMTE TGV,NON,2239,22:30,EST,NICE VILLE,JCRHINRHON,FRNIC,15:36,FRTJB
1914,2023-06-12,BESANCON - F COMTE TGV,NON,2239,20:41,EST,TOULON,JCRHINRHON,FRTLN,15:36,FRTJB
1915,2023-06-12,BESANCON - F COMTE TGV,NON,2239,22:11,EST,ANTIBES,JCRHINRHON,FRXAT,15:36,FRTJB
1916,2023-06-12,BESANCON - F COMTE TGV,OUI,2239,16:39,EST,BEAUNE,JCRHINRHON,FRXBV,15:36,FRTJB
1917,2023-06-12,CANNES,OUI,6165,16:39,SUD EST,ANTIBES,PAAZUR,FRXAT,16:30,FRJCA
1918,2023-06-12,TOULON,OUI,6165,16:25,SUD EST,CANNES,PAAZUR,FRJCA,15:15,FRTLN
1919,2023-06-12,GRENOBLE,NON,6910,13:50,SUD EST,LYON-SAINT EXUPERY TGV,GRENOBLEPA,FRJDQ,12:47,FRGNB
1920,2023-06-12,PORTE PUYMORENS,NON,3970,06:33,IC NUIT,PARIS (intramuros),PALOMBEPAR,FRPAZ,19:05,FRFQF
1921,2023-06-12,TARASCON SUR ARIEGE,NON,3970,06:33,IC NUIT,PARIS (intramuros),PALOMBEPAR,FRPAZ,20:17,FRFQM
1922,2023-06-12,FOIX,NON,3970,06:33,IC NUIT,PARIS (intramuros),PALOMBEPAR,FRPAZ,20:34,FRXFX
1923,2023-06-12,LUZENAC GARANOU,NON,3970,05:16,IC NUIT,LES AUBRAIS ORLEANS,PALOMBEPAR,FRLAB,19:56,FRFQI
1924,2023-06-12,AVIGNON CENTRE,NON,6196,15:48,SUD EST,LYON-SAINT EXUPERY TGV,VDRPA,FRJDQ,14:04,FRAES
1925,2023-06-12,AVIGNON CENTRE,NON,6196,17:46,SUD EST,PARIS (intramuros),VDRPA,FRPLY,14:04,FRAES
1926,2023-06-12,AVIGNON CENTRE,OUI,6196,14:46,SUD EST,MONTELIMAR GARE SNCF,VDRPA,FRXMK,14:04,FRAES
1927,2023-06-12,LYON-SAINT EXUPERY TGV,NON,6196,17:46,SUD EST,PARIS (intramuros),VDRPA,FRPLY,15:59,FRJDQ
1928,2023-06-12,ORANGE,NON,6196,15:48,SUD EST,LYON-SAINT EXUPERY TGV,VDRPA,FRJDQ,14:21,FRXOG
1929,2023-06-12,ORANGE,OUI,6196,14:46,SUD EST,MONTELIMAR GARE SNCF,VDRPA,FRXMK,14:21,FRXOG
1930,2023-06-12,MARSEILLE ST CHARLES,OUI,6024,16:16,SUD EST,AIX EN PROVENCE TGV,PROVENCEPA,FRAIE,16:04,FRMSC
1931,2023-06-12,MARSEILLE ST CHARLES,NON,6024,19:22,SUD EST,PARIS (intramuros),PROVENCEPA,FRPLY,16:04,FRMSC
1932,2023-06-12,CALAIS FRETHUN,NON,7520,14:32,NORD,PARIS (intramuros),ARRASPA,FRPNO,12:30,FRSTH
1933,2023-06-12,DOUAI,NON,7520,14:32,NORD,PARIS (intramuros),ARRASPA,FRPNO,13:23,FRXDN
1934,2023-06-12,AIX EN PROVENCE TGV,OUI,6181,23:00,SUD EST,NICE VILLE,PAAZUR,FRNIC,20:20,FRAIE
1935,2023-06-12,CANNES,OUI,6181,22:41,SUD EST,ANTIBES,PAAZUR,FRXAT,22:33,FRJCA
1936,2023-06-12,PARIS (intramuros),NON,6181,22:41,SUD EST,ANTIBES,PAAZUR,FRXAT,17:20,FRPLY
1937,2023-06-12,TOULON,OUI,6181,22:41,SUD EST,ANTIBES,PAAZUR,FRXAT,21:15,FRTLN
1938,2023-06-12,ST RAPHAEL VALESCURE,OUI,6181,22:41,SUD EST,ANTIBES,PAAZUR,FRXAT,22:05,FRXSK
1939,2023-06-12,NICE VILLE,OUI,6176,17:50,SUD EST,PARIS (intramuros),AZURPA,FRPLY,12:02,FRNIC
1940,2023-06-12,TOULON,OUI,6176,14:33,SUD EST,MARSEILLE ST CHARLES,AZURPA,FRMSC,13:48,FRTLN
1941,2023-06-12,CANNES,NON,6174,11:44,SUD EST,TOULON,AZURPA,FRTLN,10:32,FRJCA
1942,2023-06-12,NICE VILLE,NON,6174,11:44,SUD EST,TOULON,AZURPA,FRTLN,09:57,FRNIC
1943,2023-06-12,TOULON,OUI,6174,12:33,SUD EST,MARSEILLE ST CHARLES,AZURPA,FRMSC,11:48,FRTLN
1944,2023-06-12,ANTIBES,NON,6174,15:50,SUD EST,PARIS (intramuros),AZURPA,FRPLY,10:16,FRXAT
1945,2023-06-12,POITIERS,OUI,8344,18:57,ATLANTIQUE,PARIS (intramuros),ROCHELLEPA,FRPMO,17:18,FRPIS
1946,2023-06-12,POITIERS,OUI,8344,17:50,ATLANTIQUE,ST PIERRE DES CORPS,ROCHELLEPA,FRXSH,17:18,FRPIS
1947,2023-06-12,LE MANS,NON,5480,19:29,EST,STRASBOURG,JCATLEST,FRAEG,15:30,FRAET
1948,2023-06-12,LE MANS,NON,5480,18:00,EST,CHAMPAGNE-ARDENNE,JCATLEST,FREAH,15:30,FRAET
1949,2023-06-12,LE MANS,NON,5480,18:48,EST,LORRAINE TGV,JCATLEST,FREAM,15:30,FRAET
1950,2023-06-12,LORRAINE TGV,OUI,5480,19:29,EST,STRASBOURG,JCATLEST,FRAEG,18:51,FREAM
1951,2023-06-12,AEROPORT CDG2 TGV ROISSY,NON,5480,18:48,EST,LORRAINE TGV,JCATLEST,FREAM,17:29,FRMLW
1952,2023-06-12,NANTES,NON,5480,19:29,EST,STRASBOURG,JCATLEST,FRAEG,14:09,FRNTE
1953,2023-06-12,NANTES,NON,5480,16:20,EST,MASSY TGV,JCATLEST,FRDJU,14:09,FRNTE
1954,2023-06-12,NANTES,NON,5480,17:13,EST,AEROPORT CDG2 TGV ROISSY,JCATLEST,FRMLW,14:09,FRNTE
1955,2023-06-12,CANNES,OUI,6177,19:58,SUD EST,NICE VILLE,PAAZUR,FRNIC,19:31,FRJCA
1956,2023-06-12,MARSEILLE ST CHARLES,OUI,6177,19:58,SUD EST,NICE VILLE,PAAZUR,FRNIC,17:28,FRMSC
1957,2023-06-12,MARSEILLE ST CHARLES,OUI,6177,19:39,SUD EST,ANTIBES,PAAZUR,FRXAT,17:28,FRMSC
1958,2023-06-12,PARIS (intramuros),NON,6177,19:01,SUD EST,ST RAPHAEL VALESCURE,PAAZUR,FRXSK,14:08,FRPLY
1959,2023-06-12,TOULON,OUI,6177,19:58,SUD EST,NICE VILLE,PAAZUR,FRNIC,18:15,FRTLN
1960,2023-06-12,TOULON,OUI,6177,19:39,SUD EST,ANTIBES,PAAZUR,FRXAT,18:15,FRTLN
1961,2023-06-12,ST RAPHAEL VALESCURE,OUI,6177,19:26,SUD EST,CANNES,PAAZUR,FRJCA,19:04,FRXSK
1962,2023-06-12,BREST,OUI,8602,07:29,ATLANTIQUE,RENNES,BRETAPARIS,FRRNS,05:23,FRBES
1963,2023-06-12,BREST,OUI,8602,06:38,ATLANTIQUE,ST BRIEUC,BRETAPARIS,FRSBK,05:23,FRBES
1964,2023-06-12,MORLAIX,OUI,8602,06:21,ATLANTIQUE,GUINGAMP,BRETAPARIS,FRGGP,05:55,FRMXN
1965,2023-06-12,MORLAIX,OUI,8602,06:38,ATLANTIQUE,ST BRIEUC,BRETAPARIS,FRSBK,05:55,FRMXN
1966,2023-06-12,CHATEAUROUX,OUI,3665,21:01,IC ARO,LIMOGES BENEDICTINS,PALITO,FRAGQ,19:44,FRCHR
1967,2023-06-12,PARIS (intramuros),OUI,3665,21:01,IC ARO,LIMOGES BENEDICTINS,PALITO,FRAGQ,17:38,FRPAZ
1968,2023-06-12,ST NAZAIRE,OUI,8900,05:59,ATLANTIQUE,NANTES,LOIREPARIS,FRNTE,05:24,FRSNR
1969,2023-06-12,MEUSE TGV,NON,2573,19:48,EST,NANCY,PANANCY,FRENC,19:13,FREAJ
1970,2023-06-12,MEUSE TGV,NON,2573,21:07,EST,REMIREMONT,PANANCY,FRRNT,19:13,FREAJ
1971,2023-06-12,BEZIERS,OUI,6275,16:52,SUD EST,PERPIGNAN,PALANG,FRPGF,15:59,FRBZR
1972,2023-06-12,PARIS (intramuros),NON,6275,13:57,SUD EST,VALENCE TGV RHONE-ALPES SUD,PALANG,FRVLA,11:44,FRPLY
1973,2023-06-12,PARIS (intramuros),NON,6275,15:25,SUD EST,SETE,PALANG,FRXSY,11:44,FRPLY
1974,2023-06-12,SETE,OUI,6275,16:52,SUD EST,PERPIGNAN,PALANG,FRPGF,15:28,FRXSY
1975,2023-06-12,MONTPELLIER SUD DE FRANCE,NON,6275,15:25,SUD EST,SETE,PALANG,FRXSY,15:10,FRSUF
1976,2023-06-12,MONTPELLIER SUD DE FRANCE,NON,6275,15:41,SUD EST,AGDE,PALANG,FRXAG,15:10,FRSUF
1977,2023-06-12,PARIS (intramuros),NON,6275,14:36,SUD EST,NIMES PONT DU GARD,PALANG,FRXZP,11:44,FRPLY
1978,2023-06-12,NIMES PONT DU GARD,NON,6275,15:25,SUD EST,SETE,PALANG,FRXSY,14:39,FRXZP
1979,2023-06-12,ANGERS ST LAUD,OUI,8811,16:50,ATLANTIQUE,NANTES,PARISLOIRE,FRNTE,16:12,FRACL
1980,2023-06-12,ANGERS ST LAUD,NON,4506,22:08,IC SRO,NANTES,JOURLYNNTE,FRNTE,21:28,FRACL
1981,2023-06-12,BOURGES,NON,4506,21:03,IC SRO,SAUMUR,JOURLYNNTE,FRACN,19:07,FRBOU
1982,2023-06-12,LYON (intramuros),NON,4506,18:21,IC SRO,NEVERS,JOURLYNNTE,FRNVS,15:44,FRLPD
1983,2023-06-12,LYON (intramuros),NON,4506,19:05,IC SRO,BOURGES,JOURLYNNTE,FRBOU,15:32,FRLPE
1984,2023-06-12,LYON (intramuros),NON,4506,16:46,IC SRO,ROANNE,JOURLYNNTE,FRRNE,15:32,FRLPE
1985,2023-06-12,NEVERS,NON,4506,19:05,IC SRO,BOURGES,JOURLYNNTE,FRBOU,18:29,FRNVS
1986,2023-06-12,ROANNE,NON,4506,19:05,IC SRO,BOURGES,JOURLYNNTE,FRBOU,16:48,FRRNE
1987,2023-06-12,ROANNE,NON,4506,20:26,IC SRO,ST PIERRE DES CORPS,JOURLYNNTE,FRXSH,16:48,FRRNE
1988,2023-06-12,ST GERMAIN DES FOSSES,NON,4506,21:03,IC SRO,SAUMUR,JOURLYNNTE,FRACN,17:28,FRSGF
1989,2023-06-12,ST GERMAIN DES FOSSES,NON,4506,17:51,IC SRO,MOULINS SUR ALLIER,JOURLYNNTE,FRXMU,17:28,FRSGF
1990,2023-06-12,ST GERMAIN DES FOSSES,NON,4506,20:26,IC SRO,ST PIERRE DES CORPS,JOURLYNNTE,FRXSH,17:28,FRSGF
1991,2023-06-12,ST GERMAIN DES FOSSES,NON,4506,19:26,IC SRO,VIERZON VILLE,JOURLYNNTE,FRXVZ,17:28,FRSGF
1992,2023-06-12,MOULINS SUR ALLIER,NON,4506,21:26,IC SRO,ANGERS ST LAUD,JOURLYNNTE,FRACL,17:53,FRXMU
1993,2023-06-12,MOULINS SUR ALLIER,NON,4506,22:08,IC SRO,NANTES,JOURLYNNTE,FRNTE,17:53,FRXMU
1994,2023-06-12,ST PIERRE DES CORPS,NON,4506,21:03,IC SRO,SAUMUR,JOURLYNNTE,FRACN,20:29,FRXSH
1995,2023-06-12,VIERZON VILLE,NON,4506,22:08,IC SRO,NANTES,JOURLYNNTE,FRNTE,19:28,FRXVZ
1996,2023-06-12,MULHOUSE VILLE,NON,6700,08:42,SUD EST,PARIS (intramuros),BOURPA,FRPLY,05:47,FRAEK
1997,2023-06-12,BELFORT-MONTBELIARD TGV,NON,6700,08:42,SUD EST,PARIS (intramuros),BOURPA,FRPLY,06:11,FRTJA
1998,2023-06-12,VENDOME VILLIERS SUR LOIR,NON,8330,08:33,ATLANTIQUE,PARIS (intramuros),ROCHELLEPA,FRPMO,07:46,FRESL
1999,2023-06-12,POITIERS,OUI,8330,06:49,ATLANTIQUE,CHATELLERAULT,ROCHELLEPA,FRXCX,06:32,FRPIS
2000,2023-06-12,CHATELLERAULT,OUI,8330,07:43,ATLANTIQUE,VENDOME VILLIERS SUR LOIR,ROCHELLEPA,FRESL,06:52,FRXCX
2001,2023-06-12,DAX,NON,8549,20:47,ATLANTIQUE,HENDAYE,PASUDOUEST,FRAEF,19:35,FRACG
2002,2023-06-12,PARIS (intramuros),NON,8549,20:47,ATLANTIQUE,HENDAYE,PASUDOUEST,FRAEF,16:08,FRPMO
2003,2023-06-12,ST JEAN DE LUZ CIBOURE,OUI,8549,20:47,ATLANTIQUE,HENDAYE,PASUDOUEST,FRAEF,20:34,FRXJZ
2004,2023-06-12,PARIS (intramuros),OUI,12273,21:14,ATLANTIQUE,BORDEAUX ST JEAN,PASUDOUEST,FRBOJ,19:08,FRPMO
2005,2023-06-12,LORIENT,NON,8746,23:08,ATLANTIQUE,PARIS (intramuros),BRETAPARIS,FRPMO,19:51,FRLRT
2006,2023-06-12,LORIENT,NON,8746,21:25,ATLANTIQUE,RENNES,BRETAPARIS,FRRNS,19:51,FRLRT
2007,2023-06-12,LORIENT,NON,8746,20:46,ATLANTIQUE,REDON,BRETAPARIS,FRXRN,19:51,FRLRT
2008,2023-06-12,LORIENT,OUI,8746,20:06,ATLANTIQUE,AURAY,BRETAPARIS,FRXUY,19:51,FRLRT
2009,2023-06-12,AURAY,NON,8746,21:25,ATLANTIQUE,RENNES,BRETAPARIS,FRRNS,20:09,FRXUY
2010,2023-06-12,AURAY,OUI,8746,20:19,ATLANTIQUE,VANNES,BRETAPARIS,FRVNE,20:09,FRXUY
2011,2023-06-12,AURAY,NON,8746,20:46,ATLANTIQUE,REDON,BRETAPARIS,FRXRN,20:09,FRXUY
2012,2023-06-12,AIX EN PROVENCE TGV,NON,6131,23:44,SUD EST,MARSEILLE ST CHARLES,PAPROVENCE,FRMSC,23:32,FRAIE
2013,2023-06-12,AVIGNON TGV,NON,6131,23:44,SUD EST,MARSEILLE ST CHARLES,PAPROVENCE,FRMSC,23:08,FRAVG
2014,2023-06-12,STRASBOURG,NON,9890,08:56,NORD,LILLE (intramuros),JCESTNORD,FRLLE,06:01,FRAEG
2015,2023-06-12,CHAMPAGNE-ARDENNE,NON,9890,09:43,NORD,BRUXELLES MIDI BRUSSEL ZUID,JCESTNORD,BEBMI,07:26,FREAH
2016,2023-06-12,MEUSE TGV,NON,9890,07:56,NORD,AEROPORT CDG2 TGV ROISSY,JCESTNORD,FRMLW,06:59,FREAJ
2017,2023-06-12,AEROPORT CDG2 TGV ROISSY,OUI,9890,09:43,NORD,BRUXELLES MIDI BRUSSEL ZUID,JCESTNORD,BEBMI,08:07,FRMLW
2018,2023-06-12,AEROPORT CDG2 TGV ROISSY,OUI,9890,08:56,NORD,LILLE (intramuros),JCESTNORD,FRLLE,08:07,FRMLW
2019,2023-06-12,MEUSE TGV,NON,9890,09:43,NORD,BRUXELLES MIDI BRUSSEL ZUID,JCESTNORD,BEBMI,06:59,FREAJ
2020,2023-06-12,MEUSE TGV,OUI,2593,20:47,EST,ST DIE DES VOSGES,PANANCY,FRXTD,19:13,FREAJ
2021,2023-06-12,PARIS (intramuros),OUI,2593,19:10,EST,MEUSE TGV,PANANCY,FREAJ,18:10,FRPST
2022,2023-06-12,NEVERS,NON,5959,15:28,IC ARO,MOULINS SUR ALLIER,PACLERMONT,FRXMU,14:59,FRNVS
2023,2023-06-12,PARIS (intramuros),NON,5959,16:23,IC ARO,RIOM CHATEL GUYON,PACLERMONT,FRRIO,13:00,FRPBE
2024,2023-06-12,VICHY,NON,5959,16:23,IC ARO,RIOM CHATEL GUYON,PACLERMONT,FRRIO,16:03,FRVHY
2025,2023-06-12,MOULINS SUR ALLIER,NON,5959,16:01,IC ARO,VICHY,PACLERMONT,FRVHY,15:30,FRXMU
2026,2023-06-12,ANGOULEME,OUI,8451,20:06,ATLANTIQUE,BORDEAUX ST JEAN,PASUDOUEST,FRBOJ,19:30,FRANG
2027,2023-06-12,AUGSBURG HBF,NON,9576,09:11,INTERNATIONAL,STUTTGART HBF,MUNSTUTPA,DESGT,07:20,DEAGB
2028,2023-06-12,AUGSBURG HBF,NON,9576,10:37,INTERNATIONAL,STRASBOURG,MUNSTUTPA,FRAEG,07:20,DEAGB
2029,2023-06-12,MUENCHEN HBF,NON,9576,09:51,INTERNATIONAL,KARLSRUHE HBF,MUNSTUTPA,DEQKA,06:51,DEBEG
2030,2023-06-12,MUENCHEN HBF,NON,9576,09:11,INTERNATIONAL,STUTTGART HBF,MUNSTUTPA,DESGT,06:51,DEBEG
2031,2023-06-12,KARLSRUHE HBF,NON,9576,12:31,INTERNATIONAL,PARIS (intramuros),MUNSTUTPA,FRPST,09:53,DEQKA
2032,2023-06-12,STUTTGART HBF,NON,9576,12:31,INTERNATIONAL,PARIS (intramuros),MUNSTUTPA,FRPST,09:11,DESGT
2033,2023-06-12,LAVAL,OUI,8093,20:10,ATLANTIQUE,RENNES,PARISBRETA,FRRNS,19:29,FRACR
2034,2023-06-12,PARIS (intramuros),OUI,8093,20:44,ATLANTIQUE,DOL DE BRETAGNE,PARISBRETA,FRDOL,18:11,FRPMO
2035,2023-06-12,VITRE,OUI,8093,21:01,ATLANTIQUE,ST MALO,PARISBRETA,FRXSB,19:49,FRXVT
2036,2023-06-12,LYON (intramuros),NON,6622,17:00,SUD EST,PARIS (intramuros),RHONEPARIS,FRPLY,15:04,FRLPD
2037,2023-06-12,ORTHEZ,NON,14155,20:00,IC SRO,BAYONNE,SUDOUEST,FRXBY,19:17,FRGFI
2038,2023-06-12,LANNEMEZAN,NON,14155,19:15,IC SRO,ORTHEZ,SUDOUEST,FRGFI,17:44,FRLNZ
2039,2023-06-12,LANNEMEZAN,NON,14155,18:22,IC SRO,LOURDES,SUDOUEST,FRLDE,17:44,FRLNZ
2040,2023-06-12,LANNEMEZAN,NON,14155,18:06,IC SRO,TARBES,SUDOUEST,FRXTB,17:44,FRLNZ
2041,2023-06-12,BAYONNE,NON,14155,20:55,IC SRO,HENDAYE,SUDOUEST,FRAEF,20:18,FRXBY
2042,2023-06-12,ST JEAN DE LUZ CIBOURE,NON,14155,20:55,IC SRO,HENDAYE,SUDOUEST,FRAEF,20:43,FRXJZ
2043,2023-06-12,TARBES,NON,14155,20:27,IC SRO,BIARRITZ,SUDOUEST,FRBIQ,18:09,FRXTB
2044,2023-06-12,TARBES,NON,14155,18:22,IC SRO,LOURDES,SUDOUEST,FRLDE,18:09,FRXTB
2045,2023-06-12,TARBES,NON,14155,20:00,IC SRO,BAYONNE,SUDOUEST,FRXBY,18:09,FRXTB
2046,2023-06-12,LANNEMEZAN,NON,14155,20:42,IC SRO,ST JEAN DE LUZ CIBOURE,SUDOUEST,FRXJZ,17:44,FRLNZ
2047,2023-06-12,LORIENT,NON,8722,15:25,ATLANTIQUE,RENNES,BRETAPARIS,FRRNS,13:50,FRLRT
2048,2023-06-12,LORIENT,OUI,8722,14:19,ATLANTIQUE,VANNES,BRETAPARIS,FRVNE,13:50,FRLRT
2049,2023-06-12,LORIENT,NON,8722,14:48,ATLANTIQUE,REDON,BRETAPARIS,FRXRN,13:50,FRLRT
2050,2023-06-12,LORIENT,OUI,8722,14:06,ATLANTIQUE,AURAY,BRETAPARIS,FRXUY,13:50,FRLRT
2051,2023-06-12,RENNES,NON,8722,17:08,ATLANTIQUE,PARIS (intramuros),BRETAPARIS,FRPMO,15:35,FRRNS
2052,2023-06-12,QUIMPER,OUI,8722,13:47,ATLANTIQUE,LORIENT,BRETAPARIS,FRLRT,13:14,FRUIP
2053,2023-06-12,VANNES,NON,8722,17:08,ATLANTIQUE,PARIS (intramuros),BRETAPARIS,FRPMO,14:22,FRVNE
2054,2023-06-12,AURAY,OUI,8722,14:19,ATLANTIQUE,VANNES,BRETAPARIS,FRVNE,14:09,FRXUY
2055,2023-06-12,AIX EN PROVENCE TGV,OUI,6109,13:56,SUD EST,MARSEILLE ST CHARLES,PAPROVENCE,FRMSC,13:44,FRAIE
2056,2023-06-12,AVIGNON TGV,OUI,6109,13:56,SUD EST,MARSEILLE ST CHARLES,PAPROVENCE,FRMSC,13:21,FRAVG
2057,2023-06-12,PARIS (intramuros),NON,6109,13:56,SUD EST,MARSEILLE ST CHARLES,PAPROVENCE,FRMSC,10:36,FRPLY
2058,2023-06-12,BEZIERS,NON,6258,18:12,SUD EST,PARIS (intramuros),LANGPA,FRPLY,13:58,FRBZR
2059,2023-06-12,PERPIGNAN,OUI,6258,13:55,SUD EST,BEZIERS,LANGPA,FRBZR,13:04,FRPGF
2060,2023-06-12,PERPIGNAN,OUI,6258,14:09,SUD EST,AGDE,LANGPA,FRXAG,13:04,FRPGF
2061,2023-06-12,AGDE,NON,6258,18:12,SUD EST,PARIS (intramuros),LANGPA,FRPLY,14:12,FRXAG
2062,2023-06-12,NARBONNE,NON,6258,18:12,SUD EST,PARIS (intramuros),LANGPA,FRPLY,13:42,FRXNA
2063,2023-06-12,NARBONNE,NON,6258,15:51,SUD EST,VALENCE TGV RHONE-ALPES SUD,LANGPA,FRVLA,13:42,FRXNA
2064,2023-06-12,NARBONNE,OUI,6258,14:09,SUD EST,AGDE,LANGPA,FRXAG,13:42,FRXNA
2065,2023-06-12,MONTPELLIER SUD DE FRANCE,NON,6258,15:51,SUD EST,VALENCE TGV RHONE-ALPES SUD,LANGPA,FRVLA,14:50,FRSUF
2066,2023-06-12,NARBONNE,NON,6258,14:43,SUD EST,MONTPELLIER SUD DE FRANCE,LANGPA,FRSUF,13:42,FRXNA
2067,2023-06-12,BEZIERS,NON,6258,14:43,SUD EST,MONTPELLIER SUD DE FRANCE,LANGPA,FRSUF,13:58,FRBZR
2068,2023-06-12,AVIGNON TGV,OUI,6129,23:10,SUD EST,AIX EN PROVENCE TGV,PAPROVENCE,FRAIE,22:50,FRAVG
2069,2023-06-12,PARIS (intramuros),NON,6129,23:24,SUD EST,MARSEILLE ST CHARLES,PAPROVENCE,FRMSC,20:06,FRPLY
2070,2023-06-12,BOULOGNE VILLE,OUI,7534,19:08,NORD,PARIS (intramuros),ARRASPA,FRPNO,16:41,FRAEB
2071,2023-06-12,CALAIS FRETHUN,OUI,7534,19:08,NORD,PARIS (intramuros),ARRASPA,FRPNO,17:15,FRSTH
2072,2023-06-12,PARIS (intramuros),OUI,8063,22:41,ATLANTIQUE,LAVAL,PARISBRETA,FRACR,21:12,FRPMO
2073,2023-06-12,PARIS (intramuros),OUI,8063,23:09,ATLANTIQUE,RENNES,PARISBRETA,FRRNS,21:12,FRPMO
2074,2023-06-12,PARIS (intramuros),NON,9215,17:26,INTERNATIONAL,BASEL SBB,PABALZUR,CHAJP,14:20,FRPLY
2075,2023-06-12,PARIS (intramuros),NON,9215,17:03,INTERNATIONAL,MULHOUSE VILLE,PABALZUR,FRAEK,14:20,FRPLY
2076,2023-06-12,PARIS (intramuros),NON,9215,16:37,INTERNATIONAL,BELFORT-MONTBELIARD TGV,PABALZUR,FRTJA,14:20,FRPLY
2077,2023-06-12,BELFORT-MONTBELIARD TGV,NON,9215,17:03,INTERNATIONAL,MULHOUSE VILLE,PABALZUR,FRAEK,16:40,FRTJA
2078,2023-06-12,PARIS (intramuros),NON,5771,08:55,IC NUIT,CANNES,PARAZUR,FRJCA,20:48,FRPAZ
2079,2023-06-12,PARIS (intramuros),NON,5771,06:56,IC NUIT,MARSEILLE BLANCARDE,PARAZUR,FRMBC,20:48,FRPAZ
2080,2023-06-12,LE MANS,NON,5332,13:24,SUD EST,MARSEILLE ST CHARLES,JCATLSUD,FRMSC,08:26,FRAET
2081,2023-06-12,MASSY TGV,NON,5332,13:24,SUD EST,MARSEILLE ST CHARLES,JCATLSUD,FRMSC,09:26,FRDJU
2082,2023-06-12,RENNES,NON,5332,13:10,SUD EST,AIX EN PROVENCE TGV,JCATLSUD,FRAIE,07:31,FRRNS
2083,2023-06-12,RENNES,NON,5332,12:45,SUD EST,AVIGNON TGV,JCATLSUD,FRAVG,07:31,FRRNS
2084,2023-06-12,PARIS (intramuros),NON,8377,14:58,ATLANTIQUE,SURGERES,PAROCHELLE,FREIP,12:16,FRPMO
2085,2023-06-12,PARIS (intramuros),NON,8377,14:37,ATLANTIQUE,NIORT,PAROCHELLE,FRNIT,12:16,FRPMO
2086,2023-06-12,PARIS (intramuros),NON,8377,13:52,ATLANTIQUE,POITIERS,PAROCHELLE,FRPIS,12:16,FRPMO
2087,2023-06-12,ST PIERRE DES CORPS,NON,8377,13:52,ATLANTIQUE,POITIERS,PAROCHELLE,FRPIS,13:20,FRXSH
2088,2023-06-12,AVIGNON CENTRE,OUI,6198,19:10,SUD EST,VALENCE VILLE,VDRPA,FRVAF,18:04,FRAES
2089,2023-06-12,ARLES,NON,6198,21:46,SUD EST,PARIS (intramuros),VDRPA,FRPLY,17:36,FRHZA
2090,2023-06-12,MIRAMAS,OUI,6198,18:46,SUD EST,MONTELIMAR GARE SNCF,VDRPA,FRXMK,17:13,FRMAZ
2091,2023-06-12,MONTELIMAR GARE SNCF,NON,6198,19:46,SUD EST,LYON-SAINT EXUPERY TGV,VDRPA,FRJDQ,18:49,FRXMK
2092,2023-06-12,MONTELIMAR GARE SNCF,NON,6198,21:46,SUD EST,PARIS (intramuros),VDRPA,FRPLY,18:49,FRXMK
2093,2023-06-12,ORANGE,OUI,6198,18:46,SUD EST,MONTELIMAR GARE SNCF,VDRPA,FRXMK,18:21,FRXOG
2094,2023-06-12,AIX EN PROVENCE TGV,OUI,6107,12:56,SUD EST,MARSEILLE ST CHARLES,PAPROVENCE,FRMSC,12:44,FRAIE
2095,2023-06-12,AVIGNON TGV,OUI,6107,12:56,SUD EST,MARSEILLE ST CHARLES,PAPROVENCE,FRMSC,12:22,FRAVG
2096,2023-06-12,PARIS (intramuros),NON,6107,12:41,SUD EST,AIX EN PROVENCE TGV,PAPROVENCE,FRAIE,09:36,FRPLY
2097,2023-06-12,METZ VILLE,OUI,2817,15:27,EST,THIONVILLE,PAMETZLUX,FRXTH,15:09,FRADE
2098,2023-06-12,THIONVILLE,OUI,2817,15:52,EST,LUXEMBOURG,PAMETZLUX,LULUX,15:30,FRXTH
2099,2023-06-12,LE MANS,NON,9884,08:20,NORD,MASSY TGV,JCBRETNORD,FRDJU,07:30,FRAET
2100,2023-06-12,LE MANS,NON,9884,10:17,NORD,LILLE (intramuros),JCBRETNORD,FRLLE,07:30,FRAET
2101,2023-06-12,MARNE LA VALLEE CHESSY,NON,9884,09:45,NORD,TGV HAUTE PICARDIE,JCBRETNORD,FRTHP,09:01,FRMLV
2102,2023-06-12,RENNES,NON,9884,08:20,NORD,MASSY TGV,JCBRETNORD,FRDJU,06:23,FRRNS
2103,2023-06-12,RENNES,NON,9884,09:45,NORD,TGV HAUTE PICARDIE,JCBRETNORD,FRTHP,06:23,FRRNS
2104,2023-06-12,RENNES,NON,9884,11:01,NORD,BRUXELLES MIDI BRUSSEL ZUID,JCBRETNORD,BEBMI,06:23,FRRNS
2105,2023-06-12,MARSEILLE BLANCARDE,NON,5772,07:57,IC NUIT,PARIS (intramuros),AZURPAR,FRPAZ,21:38,FRMBC
2106,2023-06-12,TOULON,NON,5772,07:57,IC NUIT,PARIS (intramuros),AZURPAR,FRPAZ,20:56,FRTLN
2107,2023-06-12,JONZAC,NON,3854,12:15,IC SRO,LA ROCHELLE VILLE,BORDONANTE,FRLRH,10:41,FREMR
2108,2023-06-12,JONZAC,NON,3854,13:22,IC SRO,LA ROCHE SUR YON,BORDONANTE,FRXRO,10:41,FREMR
2109,2023-06-12,LUCON,NON,3854,13:22,IC SRO,LA ROCHE SUR YON,BORDONANTE,FRXRO,13:00,FRLCN
2110,2023-06-12,ROCHEFORT,NON,3854,13:22,IC SRO,LA ROCHE SUR YON,BORDONANTE,FRXRO,11:55,FRRCO
2111,2023-06-12,SAINTES,NON,3854,12:15,IC SRO,LA ROCHELLE VILLE,BORDONANTE,FRLRH,11:25,FRXST
2112,2023-06-12,FRANKFURT MAIN HBF,NON,9580,14:37,INTERNATIONAL,MANNHEIM HBF,FRANCMRS,DEMHG,13:56,DEFRH
2113,2023-06-12,FRANKFURT MAIN HBF,NON,9580,15:34,INTERNATIONAL,BADEN BADEN,FRANCMRS,DEZCC,13:56,DEFRH
2114,2023-06-12,FRANKFURT MAIN HBF,NON,9580,17:31,INTERNATIONAL,BELFORT-MONTBELIARD TGV,FRANCMRS,FRTJA,13:56,DEFRH
2115,2023-06-12,FRANKFURT MAIN HBF,NON,9580,18:53,INTERNATIONAL,CHALON SUR SAONE,FRANCMRS,FRXCD,13:56,DEFRH
2116,2023-06-12,MANNHEIM HBF,NON,9580,15:34,INTERNATIONAL,BADEN BADEN,FRANCMRS,DEZCC,14:39,DEMHG
2117,2023-06-12,MANNHEIM HBF,NON,9580,21:34,INTERNATIONAL,AIX EN PROVENCE TGV,FRANCMRS,FRAIE,14:39,DEMHG
2118,2023-06-12,KARLSRUHE HBF,NON,9580,15:34,INTERNATIONAL,BADEN BADEN,FRANCMRS,DEZCC,15:12,DEQKA
2119,2023-06-12,KARLSRUHE HBF,NON,9580,18:53,INTERNATIONAL,CHALON SUR SAONE,FRANCMRS,FRXCD,15:12,DEQKA
2120,2023-06-12,BADEN BADEN,NON,9580,16:02,INTERNATIONAL,STRASBOURG,FRANCMRS,FRAEG,15:35,DEZCC
2121,2023-06-12,STRASBOURG,NON,9580,21:12,INTERNATIONAL,AVIGNON TGV,FRANCMRS,FRAVG,16:15,FRAEG
2122,2023-06-12,STRASBOURG,NON,9580,17:55,INTERNATIONAL,BESANCON - F COMTE TGV,FRANCMRS,FRTJB,16:15,FRAEG
2123,2023-06-12,MULHOUSE VILLE,NON,9580,21:34,INTERNATIONAL,AIX EN PROVENCE TGV,FRANCMRS,FRAIE,17:09,FRAEK
2124,2023-06-12,MULHOUSE VILLE,NON,9580,18:53,INTERNATIONAL,CHALON SUR SAONE,FRANCMRS,FRXCD,17:09,FRAEK
2125,2023-06-12,BELFORT-MONTBELIARD TGV,NON,9580,17:55,INTERNATIONAL,BESANCON - F COMTE TGV,FRANCMRS,FRTJB,17:34,FRTJA
2126,2023-06-12,BESANCON - F COMTE TGV,NON,9580,19:56,INTERNATIONAL,LYON (intramuros),FRANCMRS,FRLPD,17:58,FRTJB
2127,2023-06-12,AEROPORT CDG2 TGV ROISSY,NON,9836,20:00,NORD,LYON (intramuros),JCNORDSUD,FRLPD,17:59,FRMLW
2128,2023-06-12,AEROPORT CDG2 TGV ROISSY,NON,9836,21:53,NORD,MONTPELLIER SUD DE FRANCE,JCNORDSUD,FRSUF,17:59,FRMLW
2129,2023-06-12,LYON (intramuros),OUI,9836,21:31,NORD,NIMES PONT DU GARD,JCNORDSUD,FRXZP,20:10,FRLPD
2130,2023-06-12,BRIVE LA GAILLARDE,OUI,3634,08:54,IC ARO,LIMOGES BENEDICTINS,TOULOUZECO,FRAGQ,07:52,FRBVE
2131,2023-06-12,BRIVE LA GAILLARDE,OUI,3634,10:07,IC ARO,CHATEAUROUX,TOULOUZECO,FRCHR,07:52,FRBVE
2132,2023-06-12,CHATEAUROUX,OUI,3634,12:20,IC ARO,PARIS (intramuros),TOULOUZECO,FRPAZ,10:09,FRCHR
2133,2023-06-12,GOURDON,OUI,3634,12:20,IC ARO,PARIS (intramuros),TOULOUZECO,FRPAZ,07:07,FRFSI
2134,2023-06-12,SOUILLAC,OUI,3634,08:54,IC ARO,LIMOGES BENEDICTINS,TOULOUZECO,FRAGQ,07:24,FRSOU
2135,2023-06-12,CAHORS,OUI,3634,09:51,IC ARO,ARGENTON SUR CREUSE,TOULOUZECO,FRFMT,06:40,FRZAO
2136,2023-06-12,CAHORS,OUI,3634,12:20,IC ARO,PARIS (intramuros),TOULOUZECO,FRPAZ,06:40,FRZAO
2137,2023-06-12,SOUILLAC,OUI,3634,09:51,IC ARO,ARGENTON SUR CREUSE,TOULOUZECO,FRFMT,07:24,FRSOU
2138,2023-06-12,NEVERS,OUI,5973,20:34,IC ARO,CLERMONT FERRAND,PACLERMONT,FRCFE,18:59,FRNVS
2139,2023-06-12,PARIS (intramuros),OUI,5973,20:34,IC ARO,CLERMONT FERRAND,PACLERMONT,FRCFE,16:57,FRPBE
2140,2023-06-12,VICHY,OUI,5973,20:34,IC ARO,CLERMONT FERRAND,PACLERMONT,FRCFE,20:03,FRVHY
2141,2023-06-12,VICHY,OUI,5973,20:23,IC ARO,RIOM CHATEL GUYON,PACLERMONT,FRRIO,20:03,FRVHY
2142,2023-06-12,ANGERS ST LAUD,OUI,8921,15:33,ATLANTIQUE,ST NAZAIRE,PARISLOIRE,FRSNR,14:16,FRACL
2143,2023-06-12,NANTES,OUI,8921,15:33,ATLANTIQUE,ST NAZAIRE,PARISLOIRE,FRSNR,15:00,FRNTE
2144,2023-06-12,PARIS (intramuros),NON,8921,14:13,ATLANTIQUE,ANGERS ST LAUD,PARISLOIRE,FRACL,12:49,FRPMO
2145,2023-06-12,PARIS (intramuros),NON,8921,16:03,ATLANTIQUE,LE CROISIC,PARISLOIRE,FREGU,12:49,FRPMO
2146,2023-06-12,BEZIERS,NON,9704,18:14,SUD EST,NIMES,BARCELONEPA,FRFNI,16:58,FRBZR
2147,2023-06-12,NIMES,NON,9704,21:18,SUD EST,PARIS (intramuros),BARCELONEPA,FRPLY,18:18,FRFNI
2148,2023-06-12,MONTPELLIER SAINT-ROCH,NON,9704,21:18,SUD EST,PARIS (intramuros),BARCELONEPA,FRPLY,17:50,FRMPL
2149,2023-06-12,PERPIGNAN,NON,9704,17:09,SUD EST,AGDE,BARCELONEPA,FRXAG,16:05,FRPGF
2150,2023-06-12,PERPIGNAN,NON,9704,16:39,SUD EST,NARBONNE,BARCELONEPA,FRXNA,16:05,FRPGF
2151,2023-06-12,NARBONNE,NON,9704,17:09,SUD EST,AGDE,BARCELONEPA,FRXAG,16:42,FRXNA
2152,2023-06-12,SETE,NON,9704,18:14,SUD EST,NIMES,BARCELONEPA,FRFNI,17:27,FRXSY
2153,2023-06-12,SETE,NON,9704,21:18,SUD EST,PARIS (intramuros),BARCELONEPA,FRPLY,17:27,FRXSY
2154,2023-06-12,FIGUERES VILA TGV,NON,9704,21:18,SUD EST,PARIS (intramuros),BARCELONEPA,FRPLY,15:30,ESFIR
2155,2023-06-12,GIRONA,NON,9704,17:43,SUD EST,MONTPELLIER SAINT-ROCH,BARCELONEPA,FRMPL,15:13,ESGRO
2156,2023-06-12,FIGUERES VILA TGV,NON,9704,16:39,SUD EST,NARBONNE,BARCELONEPA,FRXNA,15:30,ESFIR
2157,2023-06-12,CHAMBERY CHALLES LES EAUX,NON,9249,21:49,INTERNATIONAL,MILANO P GARIBALDI,PAITALIE,ITMPG,17:44,FRCMF
2158,2023-06-12,ST JEAN DE MAURIENNE ARVAN,NON,9249,21:49,INTERNATIONAL,MILANO P GARIBALDI,PAITALIE,ITMPG,18:25,FRHPN
2159,2023-06-12,ST JEAN DE MAURIENNE ARVAN,NON,9249,20:22,INTERNATIONAL,TORINO PORTA SUSA,PAITALIE,ITTRS,18:25,FRHPN
2160,2023-06-12,PARIS (intramuros),NON,9249,19:23,INTERNATIONAL,OULX CESANA CLAV SESTRIERE,PAITALIE,ITOCS,14:44,FRPLY
2161,2023-06-12,NANTES,OUI,5300,05:27,SUD EST,ANGERS ST LAUD,JCATLSUD,FRACL,04:50,FRNTE
2162,2023-06-12,NANTES,OUI,5300,07:19,SUD EST,MASSY TGV,JCATLSUD,FRDJU,04:50,FRNTE
2163,2023-06-12,NANTES,OUI,5300,06:24,SUD EST,ST PIERRE DES CORPS,JCATLSUD,FRXSH,04:50,FRNTE
2164,2023-06-12,NANTES,OUI,5300,10:58,SUD EST,NIMES PONT DU GARD,JCATLSUD,FRXZP,04:50,FRNTE
2165,2023-06-12,ANGOULEME,OUI,8461,00:42,ATLANTIQUE,BORDEAUX ST JEAN,PASUDOUEST,FRBOJ,00:05,FRANG
2166,2023-06-12,ST BRIEUC,OUI,8657,05:52,ATLANTIQUE,BREST,PARISBRETA,FRBES,04:23,FRSBK
2167,2023-06-12,ST BRIEUC,OUI,8657,05:36,ATLANTIQUE,LANDERNEAU,PARISBRETA,FRXLD,04:23,FRSBK
2168,2023-06-12,ASSIER,NON,3754,05:43,IC NUIT,LES AUBRAIS ORLEANS,OCCITANPAR,FRLAB,00:13,FRFSD
2169,2023-06-12,ROCAMADOUR PADIRAC,NON,3754,05:43,IC NUIT,LES AUBRAIS ORLEANS,OCCITANPAR,FRLAB,00:34,FRFSA
2170,2023-06-12,SOUILLAC,NON,3750,05:43,IC NUIT,LES AUBRAIS ORLEANS,OCCITANPAR,FRLAB,00:17,FRSOU
2171,2023-06-12,LOURDES,NON,3740,06:33,IC NUIT,PARIS (intramuros),PALOMBEPAR,FRPAZ,19:53,FRLDE
2172,2023-06-12,PARIS (intramuros),NON,9555,19:35,INTERNATIONAL,KAISERSLAUTERN HBF,PAFRANC,DEKLT,17:10,FRPST
2173,2023-06-12,PARIS (intramuros),NON,9555,18:57,INTERNATIONAL,SARREBRUCK/SAARBRUECKEN,PAFRANC,DESBK,17:10,FRPST
2174,2023-06-12,STUTTGART HBF,NON,9574,12:13,INTERNATIONAL,STRASBOURG,MUNSTUTPA,FRAEG,10:52,DESGT
2175,2023-06-12,STUTTGART HBF,NON,9574,14:05,INTERNATIONAL,PARIS (intramuros),MUNSTUTPA,FRPST,10:52,DESGT
2176,2023-06-12,ANGOULEME,OUI,5240,22:02,NORD,BORDEAUX ST JEAN,JCNORDAQUI,FRBOJ,21:24,FRANG
2177,2023-06-12,MASSY TGV,NON,5240,20:40,NORD,POITIERS,JCNORDAQUI,FRPIS,19:09,FRDJU
2178,2023-06-12,AEROPORT CDG2 TGV ROISSY,NON,5240,22:02,NORD,BORDEAUX ST JEAN,JCNORDAQUI,FRBOJ,18:18,FRMLW
2179,2023-06-12,POITIERS,OUI,5240,22:02,NORD,BORDEAUX ST JEAN,JCNORDAQUI,FRBOJ,20:43,FRPIS
2180,2023-06-12,KAISERSLAUTERN HBF,NON,9557,23:56,INTERNATIONAL,FRANKFURT MAIN HBF,PAFRANC,DEFRH,21:37,DEKLT
2181,2023-06-12,KAISERSLAUTERN HBF,NON,9557,22:17,INTERNATIONAL,MANNHEIM HBF,PAFRANC,DEMHG,21:37,DEKLT
2182,2023-06-12,SARREBRUCK/SAARBRUECKEN,NON,9557,21:35,INTERNATIONAL,KAISERSLAUTERN HBF,PAFRANC,DEKLT,20:59,DESBK
2183,2023-06-12,SARREBRUCK/SAARBRUECKEN,NON,9557,22:17,INTERNATIONAL,MANNHEIM HBF,PAFRANC,DEMHG,20:59,DESBK
2184,2023-06-12,FORBACH,NON,9557,21:35,INTERNATIONAL,KAISERSLAUTERN HBF,PAFRANC,DEKLT,20:49,FRBQT
2185,2023-06-12,FRANKFURT MAIN HBF,NON,9552,13:38,INTERNATIONAL,MANNHEIM HBF,FRANCPA,DEMHG,12:56,DEFRH
2186,2023-06-12,FRANKFURT MAIN HBF,NON,9552,16:54,INTERNATIONAL,PARIS (intramuros),FRANCPA,FRPST,12:56,DEFRH
2187,2023-06-12,MANNHEIM HBF,NON,9552,14:23,INTERNATIONAL,KAISERSLAUTERN HBF,FRANCPA,DEKLT,13:42,DEMHG
2188,2023-06-12,MILANO P GARIBALDI,NON,9240,11:40,INTERNATIONAL,MACON LOCHE TGV,ITALIEPA,FRMLT,06:00,ITMPG
2189,2023-06-12,OULX CESANA CLAV SESTRIERE,NON,9240,13:14,INTERNATIONAL,PARIS (intramuros),ITALIEPA,FRPLY,08:36,ITOCS
2190,2023-06-12,TORINO PORTA SUSA,NON,9240,09:03,INTERNATIONAL,MODANE,ITALIEPA,FRAGR,07:36,ITTRS
2191,2023-06-12,TORINO PORTA SUSA,NON,9240,11:40,INTERNATIONAL,MACON LOCHE TGV,ITALIEPA,FRMLT,07:36,ITTRS
2192,2023-06-12,STRASBOURG,OUI,9894,21:01,NORD,BRUXELLES MIDI BRUSSEL ZUID,JCESTNORD,BEBMI,17:01,FRAEG
2193,2023-06-12,STRASBOURG,OUI,9894,18:01,NORD,MEUSE TGV,JCESTNORD,FREAJ,17:01,FRAEG
2194,2023-06-12,STRASBOURG,OUI,9894,17:39,NORD,LORRAINE TGV,JCESTNORD,FREAM,17:01,FRAEG
2195,2023-06-12,CHAMPAGNE-ARDENNE,OUI,9894,21:01,NORD,BRUXELLES MIDI BRUSSEL ZUID,JCESTNORD,BEBMI,18:35,FREAH
2196,2023-06-12,MEUSE TGV,OUI,9894,18:32,NORD,CHAMPAGNE-ARDENNE,JCESTNORD,FREAH,18:09,FREAJ
2197,2023-06-12,LORRAINE TGV,OUI,9894,18:32,NORD,CHAMPAGNE-ARDENNE,JCESTNORD,FREAH,17:42,FREAM
2198,2023-06-12,TGV HAUTE PICARDIE,OUI,9894,21:01,NORD,BRUXELLES MIDI BRUSSEL ZUID,JCESTNORD,BEBMI,19:41,FRTHP
2199,2023-06-12,STUTTGART HBF,NON,9578,08:13,INTERNATIONAL,STRASBOURG,MUNSTUTPA,FRAEG,06:52,DESGT
2200,2023-06-12,HENDAYE,NON,8534,14:21,ATLANTIQUE,PARIS (intramuros),SUDOUESTPA,FRPMO,09:36,FRAEF
2201,2023-06-12,HENDAYE,OUI,8534,09:46,ATLANTIQUE,ST JEAN DE LUZ CIBOURE,SUDOUESTPA,FRXJZ,09:36,FRAEF
2202,2023-06-12,BAYONNE,NON,8534,14:21,ATLANTIQUE,PARIS (intramuros),SUDOUESTPA,FRPMO,10:17,FRXBY
2203,2023-06-12,PARIS (intramuros),NON,8321,20:45,ATLANTIQUE,TOURS,PAROCHELLE,FRAFW,19:28,FRPMO
2204,2023-06-12,PARIS (intramuros),NON,8321,20:35,ATLANTIQUE,ST PIERRE DES CORPS,PAROCHELLE,FRXSH,19:28,FRPMO
2205,2023-06-12,ST PIERRE DES CORPS,NON,8321,20:45,ATLANTIQUE,TOURS,PAROCHELLE,FRAFW,20:40,FRXSH
2206,2023-06-12,CLERMONT FERRAND,NON,5962,11:57,IC ARO,PARIS (intramuros),CLERMONTPA,FRPBE,08:31,FRCFE
2207,2023-06-12,CLERMONT FERRAND,NON,5962,09:04,IC ARO,VICHY,CLERMONTPA,FRVHY,08:31,FRCFE
2208,2023-06-12,VICHY,NON,5962,09:59,IC ARO,NEVERS,CLERMONTPA,FRNVS,09:06,FRVHY
2209,2023-06-12,MOULINS SUR ALLIER,NON,5962,09:59,IC ARO,NEVERS,CLERMONTPA,FRNVS,09:31,FRXMU
2210,2023-06-12,LIMOGES BENEDICTINS,NON,3650,15:01,IC ARO,CHATEAUROUX,TOULOUZECO,FRCHR,13:51,FRAGQ
2211,2023-06-12,LIMOGES BENEDICTINS,NON,3650,15:37,IC ARO,VIERZON VILLE,TOULOUZECO,FRXVZ,13:51,FRAGQ
2212,2023-06-12,CHATEAUROUX,NON,3650,16:18,IC ARO,LES AUBRAIS ORLEANS,TOULOUZECO,FRLAB,15:03,FRCHR
2213,2023-06-12,GOURDON,NON,3650,15:01,IC ARO,CHATEAUROUX,TOULOUZECO,FRCHR,12:02,FRFSI
2214,2023-06-12,CAUSSADE TARN ET GARONNE,NON,3650,15:01,IC ARO,CHATEAUROUX,TOULOUZECO,FRCHR,11:08,FRFTA
2215,2023-06-12,CAUSSADE TARN ET GARONNE,NON,3650,17:22,IC ARO,PARIS (intramuros),TOULOUZECO,FRPAZ,11:08,FRFTA
2216,2023-06-12,CAUSSADE TARN ET GARONNE,OUI,3650,12:17,IC ARO,SOUILLAC,TOULOUZECO,FRSOU,11:08,FRFTA
2217,2023-06-12,CAUSSADE TARN ET GARONNE,NON,3650,15:37,IC ARO,VIERZON VILLE,TOULOUZECO,FRXVZ,11:08,FRFTA
2218,2023-06-12,SOUILLAC,OUI,3650,12:45,IC ARO,BRIVE LA GAILLARDE,TOULOUZECO,FRBVE,12:19,FRSOU
2219,2023-06-12,MONTAUBAN VILLE BOURBON,NON,3650,15:01,IC ARO,CHATEAUROUX,TOULOUZECO,FRCHR,10:54,FRXMW
2220,2023-06-12,MONTAUBAN VILLE BOURBON,NON,3650,16:18,IC ARO,LES AUBRAIS ORLEANS,TOULOUZECO,FRLAB,10:54,FRXMW
2221,2023-06-12,MONTAUBAN VILLE BOURBON,OUI,3650,11:33,IC ARO,CAHORS,TOULOUZECO,FRZAO,10:54,FRXMW
2222,2023-06-12,TOULOUSE MATABIAU,OUI,3650,13:48,IC ARO,LIMOGES BENEDICTINS,TOULOUZECO,FRAGQ,10:22,FRXYT
2223,2023-06-12,TOULOUSE MATABIAU,NON,3650,14:24,IC ARO,LA SOUTERRAINE,TOULOUZECO,FRLST,10:22,FRXYT
2224,2023-06-12,TOULOUSE MATABIAU,OUI,3650,12:17,IC ARO,SOUILLAC,TOULOUZECO,FRSOU,10:22,FRXYT
2225,2023-06-12,TOULOUSE MATABIAU,OUI,3650,11:33,IC ARO,CAHORS,TOULOUZECO,FRZAO,10:22,FRXYT
2226,2023-06-12,CAHORS,NON,3650,15:01,IC ARO,CHATEAUROUX,TOULOUZECO,FRCHR,11:35,FRZAO
2227,2023-06-12,CAHORS,NON,3650,17:22,IC ARO,PARIS (intramuros),TOULOUZECO,FRPAZ,11:35,FRZAO
2228,2023-06-12,UZERCHE,OUI,3614,09:22,IC ARO,PARIS (intramuros),TOULOUZECO,FRPAZ,05:17,FRAAW
2229,2023-06-12,LIMOGES BENEDICTINS,OUI,3614,06:55,IC ARO,ARGENTON SUR CREUSE,TOULOUZECO,FRFMT,05:56,FRAGQ
2230,2023-06-12,CHATEAUROUX,OUI,3614,07:48,IC ARO,VIERZON VILLE,TOULOUZECO,FRXVZ,07:13,FRCHR
2231,2023-06-12,LA SOUTERRAINE,OUI,3614,09:22,IC ARO,PARIS (intramuros),TOULOUZECO,FRPAZ,06:32,FRLST
2232,2023-06-12,UZERCHE,OUI,3614,06:55,IC ARO,ARGENTON SUR CREUSE,TOULOUZECO,FRFMT,05:17,FRAAW
2233,2023-06-12,RENNES,OUI,8637,21:29,ATLANTIQUE,BREST,PARISBRETA,FRBES,19:32,FRRNS
2234,2023-06-12,RENNES,OUI,8637,20:16,ATLANTIQUE,ST BRIEUC,PARISBRETA,FRSBK,19:32,FRRNS
2235,2023-06-12,PARIS (intramuros),NON,6665,20:36,SUD EST,LYON (intramuros),PARISRHONE,FRLPD,18:40,FRPLY
2236,2023-06-12,AIX EN PROVENCE TGV,NON,6801,09:11,SUD EST,TOULON,JCPROVSUD,FRTLN,08:03,FRAIE
2237,2023-06-12,AVIGNON TGV,NON,6801,09:11,SUD EST,TOULON,JCPROVSUD,FRTLN,07:38,FRAVG
2238,2023-06-12,LYON (intramuros),NON,6801,10:47,SUD EST,ANTIBES,JCPROVSUD,FRXAT,06:04,FRLPD
2239,2023-06-12,MARSEILLE ST CHARLES,NON,6801,10:47,SUD EST,ANTIBES,JCPROVSUD,FRXAT,08:28,FRMSC
2240,2023-06-12,VALENCE TGV RHONE-ALPES SUD,NON,6801,09:11,SUD EST,TOULON,JCPROVSUD,FRTLN,07:00,FRVLA
2241,2023-06-12,VALENCE TGV RHONE-ALPES SUD,NON,6801,10:06,SUD EST,ST RAPHAEL VALESCURE,JCPROVSUD,FRXSK,07:00,FRVLA
2242,2023-06-12,ANTIBES,NON,6801,11:06,SUD EST,NICE VILLE,JCPROVSUD,FRNIC,10:50,FRXAT
2243,2023-06-12,LES ARCS DRAGUIGNAN,NON,6801,10:35,SUD EST,CANNES,JCPROVSUD,FRJCA,09:52,FRXRS
2244,2023-06-12,LES ARCS DRAGUIGNAN,NON,6801,10:47,SUD EST,ANTIBES,JCPROVSUD,FRXAT,09:52,FRXRS
2245,2023-06-12,ST RAPHAEL VALESCURE,NON,6801,11:06,SUD EST,NICE VILLE,JCPROVSUD,FRNIC,10:09,FRXSK
2246,2023-06-12,PARIS (intramuros),OUI,6901,08:05,SUD EST,LYON-SAINT EXUPERY TGV,PAGRENOBLE,FRJDQ,06:12,FRPLY
2247,2023-06-12,ANGERS ST LAUD,OUI,8973,11:54,ATLANTIQUE,NANTES,PARISLOIRE,FRNTE,11:16,FRACL
2248,2023-06-12,LYON (intramuros),NON,6628,20:08,SUD EST,PARIS (intramuros),RHONEPARIS,FRPLY,17:50,FRLPE
2249,2023-06-12,CANNES,OUI,6077,19:39,SUD EST,ANTIBES,PAAZUR,FRXAT,19:31,FRJCA
2250,2023-06-12,MARSEILLE ST CHARLES,OUI,6077,18:11,SUD EST,TOULON,PAAZUR,FRTLN,17:28,FRMSC
2251,2023-06-12,PARIS (intramuros),NON,6077,19:58,SUD EST,NICE VILLE,PAAZUR,FRNIC,14:08,FRPLY
2252,2023-06-12,PARIS (intramuros),NON,6077,18:11,SUD EST,TOULON,PAAZUR,FRTLN,14:08,FRPLY
2253,2023-06-12,TOULON,OUI,6077,19:26,SUD EST,CANNES,PAAZUR,FRJCA,18:15,FRTLN
2254,2023-06-12,PARIS (intramuros),OUI,3741,07:25,IC NUIT,LOURDES,PARPALOMBE,FRLDE,21:13,FRPAZ
2255,2023-06-12,PARIS (intramuros),OUI,3741,07:08,IC NUIT,TARBES,PARPALOMBE,FRXTB,21:13,FRPAZ
2256,2023-06-12,LES AUBRAIS ORLEANS,OUI,3741,06:16,IC NUIT,ST GAUDENS,PARPALOMBE,FRFPH,22:27,FRLAB
2257,2023-06-12,CLERMONT FERRAND,NON,5978,17:04,IC ARO,VICHY,CLERMONTPA,FRVHY,16:31,FRCFE
2258,2023-06-12,RIOM CHATEL GUYON,NON,5978,17:58,IC ARO,NEVERS,CLERMONTPA,FRNVS,16:42,FRRIO
2259,2023-06-12,RIOM CHATEL GUYON,NON,5978,17:29,IC ARO,MOULINS SUR ALLIER,CLERMONTPA,FRXMU,16:42,FRRIO
2260,2023-06-12,LE CROISIC,OUI,8922,14:01,ATLANTIQUE,LA BAULE ESCOUBLAC,LOIREPARIS,FRJEE,13:53,FREGU
2261,2023-06-12,NANTES,NON,8922,15:41,ATLANTIQUE,ANGERS ST LAUD,LOIREPARIS,FRACL,15:05,FRNTE
2262,2023-06-12,JONZAC,NON,3858,21:22,IC SRO,LA ROCHE SUR YON,BORDONANTE,FRXRO,18:41,FREMR
2263,2023-06-12,ROCHEFORT,NON,3858,20:15,IC SRO,LA ROCHELLE VILLE,BORDONANTE,FRLRH,19:55,FRRCO
2264,2023-06-12,SAINTES,NON,3858,20:15,IC SRO,LA ROCHELLE VILLE,BORDONANTE,FRLRH,19:25,FRXST
2265,2023-06-12,ST ETIENNE CHATEAUCREUX,OUI,6692,07:28,SUD EST,LYON (intramuros),RHONEPARIS,FRLPD,06:42,FRHHD
2266,2023-06-12,ST ETIENNE CHATEAUCREUX,NON,6692,09:30,SUD EST,PARIS (intramuros),RHONEPARIS,FRPLY,06:42,FRHHD
2267,2023-06-12,KARLSRUHE HBF,NON,9579,21:04,INTERNATIONAL,STUTTGART HBF,PASTUTMUN,DESGT,20:28,DEQKA
2268,2023-06-12,STRASBOURG,NON,9579,20:25,INTERNATIONAL,KARLSRUHE HBF,PASTUTMUN,DEQKA,19:46,FRAEG
2269,2023-06-12,PARIS (intramuros),NON,9579,20:25,INTERNATIONAL,KARLSRUHE HBF,PASTUTMUN,DEQKA,17:55,FRPST
2270,2023-06-12,BORDEAUX ST JEAN,OUI,4657,10:40,IC ARO,TOULOUSE MATABIAU,TJOURSOSE,FRXYT,08:26,FRBOJ
2271,2023-06-12,CARCASSONNE,NON,4657,11:58,IC ARO,NARBONNE,TJOURSOSE,FRXNA,11:29,FRCCF
2272,2023-06-12,NIMES,OUI,4657,13:50,IC ARO,ARLES,TJOURSOSE,FRHZA,13:23,FRFNI
2273,2023-06-12,NIMES,OUI,4657,14:38,IC ARO,MARSEILLE ST CHARLES,TJOURSOSE,FRMSC,13:23,FRFNI
2274,2023-06-12,MONTPELLIER SAINT-ROCH,OUI,4657,14:38,IC ARO,MARSEILLE ST CHARLES,TJOURSOSE,FRMSC,12:56,FRMPL
2275,2023-06-12,MARMANDE,NON,4657,11:27,IC ARO,CARCASSONNE,TJOURSOSE,FRCCF,09:04,FRXMR
2276,2023-06-12,MARMANDE,OUI,4657,10:06,IC ARO,MONTAUBAN VILLE BOURBON,TJOURSOSE,FRXMW,09:04,FRXMR
2277,2023-06-12,MARMANDE,OUI,4657,10:40,IC ARO,TOULOUSE MATABIAU,TJOURSOSE,FRXYT,09:04,FRXMR
2278,2023-06-12,MONTAUBAN VILLE BOURBON,NON,4657,11:27,IC ARO,CARCASSONNE,TJOURSOSE,FRCCF,10:08,FRXMW
2279,2023-06-12,MONTAUBAN VILLE BOURBON,NON,4657,12:52,IC ARO,MONTPELLIER SAINT-ROCH,TJOURSOSE,FRMPL,10:08,FRXMW
2280,2023-06-12,TOULOUSE MATABIAU,NON,4657,13:20,IC ARO,NIMES,TJOURSOSE,FRFNI,10:45,FRXYT
2281,2023-06-12,TOULOUSE MATABIAU,NON,4657,13:50,IC ARO,ARLES,TJOURSOSE,FRHZA,10:45,FRXYT
2282,2023-06-12,TOULOUSE MATABIAU,NON,4657,12:52,IC ARO,MONTPELLIER SAINT-ROCH,TJOURSOSE,FRMPL,10:45,FRXYT
2283,2023-06-12,TOULOUSE MATABIAU,NON,4657,11:58,IC ARO,NARBONNE,TJOURSOSE,FRXNA,10:45,FRXYT
2284,2023-06-12,GUINGAMP,NON,8642,21:08,ATLANTIQUE,PARIS (intramuros),BRETAPARIS,FRPMO,18:24,FRGGP
2285,2023-06-12,GUINGAMP,OUI,8642,19:29,ATLANTIQUE,RENNES,BRETAPARIS,FRRNS,18:24,FRGGP
2286,2023-06-12,RENNES,NON,8642,21:08,ATLANTIQUE,PARIS (intramuros),BRETAPARIS,FRPMO,19:35,FRRNS
2287,2023-06-12,AIX EN PROVENCE TGV,NON,9854,08:20,NORD,LYON (intramuros),JCSUDNORD,FRLPD,06:47,FRAIE
2288,2023-06-12,AVIGNON TGV,NON,9854,11:27,NORD,LILLE (intramuros),JCSUDNORD,FRLLE,07:12,FRAVG
2289,2023-06-12,AVIGNON TGV,NON,9854,10:32,NORD,AEROPORT CDG2 TGV ROISSY,JCSUDNORD,FRMLW,07:12,FRAVG
2290,2023-06-12,LYON (intramuros),NON,9854,10:19,NORD,MARNE LA VALLEE CHESSY,JCSUDNORD,FRMLV,08:34,FRLPD
2291,2023-06-12,MARNE LA VALLEE CHESSY,NON,9854,12:11,NORD,BRUXELLES MIDI BRUSSEL ZUID,JCSUDNORD,BEBMI,10:23,FRMLV
2292,2023-06-12,MARNE LA VALLEE CHESSY,NON,9854,11:27,NORD,LILLE (intramuros),JCSUDNORD,FRLLE,10:23,FRMLV
2293,2023-06-12,MARSEILLE ST CHARLES,NON,9854,12:11,NORD,BRUXELLES MIDI BRUSSEL ZUID,JCSUDNORD,BEBMI,06:33,FRMSC
2294,2023-06-12,MARSEILLE ST CHARLES,OUI,9854,06:44,NORD,AIX EN PROVENCE TGV,JCSUDNORD,FRAIE,06:33,FRMSC
2295,2023-06-12,MARSEILLE ST CHARLES,NON,9854,10:19,NORD,MARNE LA VALLEE CHESSY,JCSUDNORD,FRMLV,06:33,FRMSC
2296,2023-06-12,PARIS (intramuros),NON,8317,18:40,ATLANTIQUE,VENDOME VILLIERS SUR LOIR,PAROCHELLE,FRESL,17:52,FRPMO
2297,2023-06-12,BEZIERS,NON,4758,14:59,IC ARO,MARMANDE,TJOURSESO,FRXMR,11:47,FRBZR
2298,2023-06-12,BEZIERS,NON,4758,13:54,IC ARO,MONTAUBAN VILLE BOURBON,TJOURSESO,FRXMW,11:47,FRBZR
2299,2023-06-12,CARCASSONNE,NON,4758,14:59,IC ARO,MARMANDE,TJOURSESO,FRXMR,12:36,FRCCF
2300,2023-06-12,MONTPELLIER SAINT-ROCH,NON,4758,11:44,IC ARO,BEZIERS,TJOURSESO,FRBZR,11:07,FRMPL
2301,2023-06-12,MONTPELLIER SAINT-ROCH,NON,4758,13:54,IC ARO,MONTAUBAN VILLE BOURBON,TJOURSESO,FRXMW,11:07,FRMPL
2302,2023-06-12,MONTPELLIER SAINT-ROCH,NON,4758,13:19,IC ARO,TOULOUSE MATABIAU,TJOURSESO,FRXYT,11:07,FRMPL
2303,2023-06-12,MARSEILLE ST CHARLES,NON,4758,15:38,IC ARO,BORDEAUX ST JEAN,TJOURSESO,FRBOJ,09:27,FRMSC
2304,2023-06-12,MARSEILLE ST CHARLES,NON,4758,12:34,IC ARO,CARCASSONNE,TJOURSESO,FRCCF,09:27,FRMSC
2305,2023-06-12,MARSEILLE ST CHARLES,NON,4758,10:35,IC ARO,NIMES,TJOURSESO,FRFNI,09:27,FRMSC
2306,2023-06-12,NARBONNE,NON,4758,15:38,IC ARO,BORDEAUX ST JEAN,TJOURSESO,FRBOJ,12:04,FRXNA
2307,2023-06-12,NARBONNE,NON,4758,14:59,IC ARO,MARMANDE,TJOURSESO,FRXMR,12:04,FRXNA
2308,2023-06-12,DIJON VILLE,NON,5537,22:30,EST,NICE VILLE,JCRHINRHON,FRNIC,16:20,FRABA
2309,2023-06-12,STRASBOURG,NON,5537,19:10,EST,AVIGNON TGV,JCRHINRHON,FRAVG,13:37,FRAEG
2310,2023-06-12,STRASBOURG,OUI,5537,15:29,EST,BESANCON - F COMTE TGV,JCRHINRHON,FRTJB,13:37,FRAEG
2311,2023-06-12,STRASBOURG,NON,5537,21:17,EST,LES ARCS DRAGUIGNAN,JCRHINRHON,FRXRS,13:37,FRAEG
2312,2023-06-12,COLMAR,NON,5537,22:30,EST,NICE VILLE,JCRHINRHON,FRNIC,14:05,FRAEJ
2313,2023-06-12,COLMAR,OUI,5537,15:02,EST,BELFORT-MONTBELIARD TGV,JCRHINRHON,FRTJA,14:05,FRAEJ
2314,2023-06-12,COLMAR,NON,5537,21:17,EST,LES ARCS DRAGUIGNAN,JCRHINRHON,FRXRS,14:05,FRAEJ
2315,2023-06-12,MULHOUSE VILLE,NON,5537,19:31,EST,AIX EN PROVENCE TGV,JCRHINRHON,FRAIE,14:41,FRAEK
2316,2023-06-12,AIX EN PROVENCE TGV,NON,5537,19:45,EST,MARSEILLE ST CHARLES,JCRHINRHON,FRMSC,19:33,FRAIE
2317,2023-06-12,AVIGNON TGV,NON,5537,22:30,EST,NICE VILLE,JCRHINRHON,FRNIC,19:12,FRAVG
2318,2023-06-12,NANCY,NON,5537,19:31,EST,AIX EN PROVENCE TGV,JCRHINRHON,FRAIE,12:26,FRENC
2319,2023-06-12,NANCY,NON,5537,20:41,EST,TOULON,JCRHINRHON,FRTLN,12:26,FRENC
2320,2023-06-12,CANNES,OUI,5537,22:11,EST,ANTIBES,JCRHINRHON,FRXAT,22:03,FRJCA
2321,2023-06-12,BELFORT-MONTBELIARD TGV,OUI,5537,15:29,EST,BESANCON - F COMTE TGV,JCRHINRHON,FRTJB,15:06,FRTJA
2322,2023-06-12,BESANCON - F COMTE TGV,OUI,5537,16:04,EST,DIJON VILLE,JCRHINRHON,FRABA,15:36,FRTJB
2323,2023-06-12,BESANCON - F COMTE TGV,NON,5537,19:45,EST,MARSEILLE ST CHARLES,JCRHINRHON,FRMSC,15:36,FRTJB
2324,2023-06-12,TOULON,OUI,5537,22:30,EST,NICE VILLE,JCRHINRHON,FRNIC,20:45,FRTLN
2325,2023-06-12,TOULON,OUI,5537,22:11,EST,ANTIBES,JCRHINRHON,FRXAT,20:45,FRTLN
2326,2023-06-12,BEAUNE,NON,5537,17:56,EST,LYON (intramuros),JCRHINRHON,FRLPD,16:42,FRXBV
2327,2023-06-12,BEAUNE,NON,5537,22:30,EST,NICE VILLE,JCRHINRHON,FRNIC,16:42,FRXBV
2328,2023-06-12,BEAUNE,NON,5537,21:17,EST,LES ARCS DRAGUIGNAN,JCRHINRHON,FRXRS,16:42,FRXBV
2329,2023-06-12,NANCY,NON,5537,16:39,EST,BEAUNE,JCRHINRHON,FRXBV,12:26,FRENC
2330,2023-06-12,BESANCON - F COMTE TGV,NON,5537,21:59,EST,CANNES,JCRHINRHON,FRJCA,15:36,FRTJB
2331,2023-06-12,BESANCON - F COMTE TGV,NON,5537,22:30,EST,NICE VILLE,JCRHINRHON,FRNIC,15:36,FRTJB
2332,2023-06-12,BELFORT-MONTBELIARD TGV,NON,5537,21:17,EST,LES ARCS DRAGUIGNAN,JCRHINRHON,FRXRS,15:06,FRTJA
2333,2023-06-12,NANCY,OUI,5537,14:02,EST,COLMAR,JCRHINRHON,FRAEJ,12:26,FRENC
2334,2023-06-12,ST BRIEUC,NON,8604,10:05,ATLANTIQUE,PARIS (intramuros),BRETAPARIS,FRPMO,07:41,FRSBK
2335,2023-06-12,LYON (intramuros),OUI,6620,13:58,SUD EST,LYON (intramuros),RHONEPARIS,FRLPD,13:50,FRLPE
2336,2023-06-12,RETHEL,OUI,2730,15:01,EST,PARIS (intramuros),SEDBARPA,FRPST,13:48,FRBDT
2337,2023-06-12,BORDEAUX ST JEAN,OUI,8477,21:16,ATLANTIQUE,FACTURE BIGANOS,PASUDOUEST,FRFAC,20:57,FRBOJ
2338,2023-06-12,BORDEAUX ST JEAN,OUI,8477,21:34,ATLANTIQUE,ARCACHON,PASUDOUEST,FRXAC,20:57,FRBOJ
2339,2023-06-12,NANTES,OUI,8144,17:45,ATLANTIQUE,ANGERS ST LAUD,LOIREPARIS,FRACL,17:09,FRNTE
2340,2023-06-12,AGEN,NON,4663,18:14,IC ARO,BEZIERS,TJOURSOSE,FRBZR,15:30,FRAGF
2341,2023-06-12,AGEN,NON,4663,18:54,IC ARO,MONTPELLIER SAINT-ROCH,TJOURSOSE,FRMPL,15:30,FRAGF
2342,2023-06-12,AGEN,NON,4663,20:36,IC ARO,MARSEILLE ST CHARLES,TJOURSOSE,FRMSC,15:30,FRAGF
2343,2023-06-12,BORDEAUX ST JEAN,NON,4663,15:28,IC ARO,AGEN,TJOURSOSE,FRAGF,14:26,FRBOJ
2344,2023-06-12,BORDEAUX ST JEAN,NON,4663,17:27,IC ARO,CARCASSONNE,TJOURSOSE,FRCCF,14:26,FRBOJ
2345,2023-06-12,CARCASSONNE,NON,4663,17:58,IC ARO,NARBONNE,TJOURSOSE,FRXNA,17:29,FRCCF
2346,2023-06-12,MONTPELLIER SAINT-ROCH,OUI,4663,20:36,IC ARO,MARSEILLE ST CHARLES,TJOURSOSE,FRMSC,18:58,FRMPL
2347,2023-06-12,MONTAUBAN VILLE BOURBON,NON,4663,17:27,IC ARO,CARCASSONNE,TJOURSOSE,FRCCF,16:07,FRXMW
2348,2023-06-12,MONTAUBAN VILLE BOURBON,NON,4663,16:39,IC ARO,TOULOUSE MATABIAU,TJOURSOSE,FRXYT,16:07,FRXMW
2349,2023-06-12,TOULOUSE MATABIAU,NON,4663,19:23,IC ARO,NIMES,TJOURSOSE,FRFNI,16:44,FRXYT
2350,2023-06-12,TOULOUSE MATABIAU,NON,4663,17:58,IC ARO,NARBONNE,TJOURSOSE,FRXNA,16:44,FRXYT
2351,2023-06-12,LORIENT,NON,8702,09:08,ATLANTIQUE,PARIS (intramuros),BRETAPARIS,FRPMO,05:57,FRLRT
2352,2023-06-12,LORIENT,OUI,8702,06:25,ATLANTIQUE,VANNES,BRETAPARIS,FRVNE,05:57,FRLRT
2353,2023-06-12,ROSPORDEN,OUI,8702,05:40,ATLANTIQUE,QUIMPERLE,BRETAPARIS,FRECO,05:27,FRRSP
2354,2023-06-12,ROSPORDEN,OUI,8702,06:25,ATLANTIQUE,VANNES,BRETAPARIS,FRVNE,05:27,FRRSP
2355,2023-06-12,QUIMPER,OUI,8702,07:25,ATLANTIQUE,RENNES,BRETAPARIS,FRRNS,05:13,FRUIP
2356,2023-06-12,QUIMPER,OUI,8702,06:12,ATLANTIQUE,AURAY,BRETAPARIS,FRXUY,05:13,FRUIP
2357,2023-06-12,VANNES,OUI,8702,07:25,ATLANTIQUE,RENNES,BRETAPARIS,FRRNS,06:28,FRVNE
2358,2023-06-12,AURAY,NON,8702,09:08,ATLANTIQUE,PARIS (intramuros),BRETAPARIS,FRPMO,06:15,FRXUY
2359,2023-06-12,STRASBOURG,NON,2054,08:35,EST,PARIS (intramuros),MULHSTRAPA,FRPST,06:40,FRAEG
2360,2023-06-12,VALLORBE,NON,9270,17:57,INTERNATIONAL,DOLE VILLE,SUISPA,FRACE,17:00,CHAGL
2361,2023-06-12,VALLORBE,NON,9270,17:13,INTERNATIONAL,FRASNE,SUISPA,FRFRA,17:00,CHAGL
2362,2023-06-12,LAUSANNE,NON,9270,18:24,INTERNATIONAL,DIJON VILLE,SUISPA,FRABA,16:23,CHAJF
2363,2023-06-12,TARBES,NON,14151,15:54,IC SRO,PAU,SUDOUEST,FRAEE,15:13,FRXTB
2364,2023-06-12,TOULOUSE MATABIAU,NON,14151,15:10,IC SRO,TARBES,SUDOUEST,FRXTB,13:34,FRXYT
2365,2023-06-12,ANGOULEME,NON,5260,09:41,NORD,AEROPORT CDG2 TGV ROISSY,JCAQUINORD,FRMLW,06:36,FRANG
2366,2023-06-12,BORDEAUX ST JEAN,NON,5260,10:40,NORD,LILLE (intramuros),JCAQUINORD,FRADJ,05:58,FRBOJ
2367,2023-06-12,BORDEAUX ST JEAN,OUI,5260,06:33,NORD,ANGOULEME,JCAQUINORD,FRANG,05:58,FRBOJ
2368,2023-06-12,BORDEAUX ST JEAN,NON,5260,09:27,NORD,MARNE LA VALLEE CHESSY,JCAQUINORD,FRMLV,05:58,FRBOJ
2369,2023-06-12,BORDEAUX ST JEAN,NON,5260,09:41,NORD,AEROPORT CDG2 TGV ROISSY,JCAQUINORD,FRMLW,05:58,FRBOJ
2370,2023-06-12,ST PIERRE DES CORPS,NON,5260,09:41,NORD,AEROPORT CDG2 TGV ROISSY,JCAQUINORD,FRMLW,07:54,FRXSH
2371,2023-06-12,MASSY TGV,OUI,5351,11:19,SUD EST,NANTES,JCSUDATL,FRNTE,08:43,FRDJU
2372,2023-06-12,MASSY TGV,OUI,5351,09:42,SUD EST,ST PIERRE DES CORPS,JCSUDATL,FRXSH,08:43,FRDJU
2373,2023-06-12,LYON (intramuros),NON,5351,08:34,SUD EST,MASSY TGV,JCSUDATL,FRDJU,06:30,FRLPD
2374,2023-06-12,LYON (intramuros),NON,5351,11:19,SUD EST,NANTES,JCSUDATL,FRNTE,06:16,FRLPE
2375,2023-06-12,AIX EN PROVENCE TGV,NON,6128,20:22,SUD EST,PARIS (intramuros),PROVENCEPA,FRPLY,17:14,FRAIE
2376,2023-06-12,CARCASSONNE,NON,4764,21:39,IC ARO,BORDEAUX ST JEAN,TJOURSESO,FRBOJ,18:36,FRCCF
2377,2023-06-12,NIMES,NON,4764,20:58,IC ARO,MARMANDE,TJOURSESO,FRXMR,16:38,FRFNI
2378,2023-06-12,NIMES,NON,4764,18:01,IC ARO,NARBONNE,TJOURSESO,FRXNA,16:38,FRFNI
2379,2023-06-12,MONTPELLIER SAINT-ROCH,NON,4764,17:45,IC ARO,BEZIERS,TJOURSESO,FRBZR,17:08,FRMPL
2380,2023-06-12,MONTAUBAN VILLE BOURBON,OUI,4764,21:39,IC ARO,BORDEAUX ST JEAN,TJOURSESO,FRBOJ,19:55,FRXMW
2381,2023-06-12,ANGERS ST LAUD,NON,8913,11:54,ATLANTIQUE,NANTES,PARISLOIRE,FRNTE,11:16,FRACL
2382,2023-06-12,ANGERS ST LAUD,NON,8913,12:33,ATLANTIQUE,ST NAZAIRE,PARISLOIRE,FRSNR,11:16,FRACL
2383,2023-06-12,PARIS (intramuros),NON,8913,10:33,ATLANTIQUE,LE MANS,PARISLOIRE,FRAET,09:36,FRPMO
2384,2023-06-12,PARIS (intramuros),NON,8913,12:33,ATLANTIQUE,ST NAZAIRE,PARISLOIRE,FRSNR,09:36,FRPMO
2385,2023-06-12,ST NAZAIRE,OUI,8913,12:50,ATLANTIQUE,LA BAULE ESCOUBLAC,PARISLOIRE,FRJEE,12:36,FRSNR
2386,2023-06-12,PARIS (intramuros),NON,6611,13:10,SUD EST,LYON (intramuros),PARISRHONE,FRLPE,10:58,FRPLY
2387,2023-06-12,MODANE,NON,9248,20:14,INTERNATIONAL,CHAMBERY CHALLES LES EAUX,ITALIEPA,FRCMF,19:12,FRAGR
2388,2023-06-12,MODANE,NON,9248,23:26,INTERNATIONAL,PARIS (intramuros),ITALIEPA,FRPLY,19:12,FRAGR
2389,2023-06-12,MILANO P GARIBALDI,NON,9248,19:06,INTERNATIONAL,MODANE,ITALIEPA,FRAGR,16:10,ITMPG
2390,2023-06-12,ANNECY,NON,6978,19:14,SUD EST,PARIS (intramuros),ALPESPARIS,FRPLY,15:31,FRNCY
2391,2023-06-12,CANNES,NON,6188,10:33,SUD EST,MARSEILLE ST CHARLES,AZURPA,FRMSC,08:28,FRJCA
2392,2023-06-12,MARSEILLE ST CHARLES,NON,6188,13:50,SUD EST,PARIS (intramuros),AZURPA,FRPLY,10:47,FRMSC
2393,2023-06-12,NICE VILLE,NON,6188,10:33,SUD EST,MARSEILLE ST CHARLES,AZURPA,FRMSC,07:57,FRNIC
2394,2023-06-12,ANTIBES,OUI,6188,08:50,SUD EST,ST RAPHAEL VALESCURE,AZURPA,FRXSK,08:14,FRXAT
2395,2023-06-12,LES ARCS DRAGUIGNAN,OUI,6188,09:44,SUD EST,TOULON,AZURPA,FRTLN,09:10,FRXRS
2396,2023-06-12,ST RAPHAEL VALESCURE,NON,6188,10:33,SUD EST,MARSEILLE ST CHARLES,AZURPA,FRMSC,08:53,FRXSK
2397,2023-06-12,ST RAPHAEL VALESCURE,OUI,6188,09:07,SUD EST,LES ARCS DRAGUIGNAN,AZURPA,FRXRS,08:53,FRXSK
2398,2023-06-12,BORDEAUX ST JEAN,NON,8519,22:22,ATLANTIQUE,AGEN,PASUDOUEST,FRAGF,21:20,FRBOJ
2399,2023-06-12,PARIS (intramuros),NON,8519,21:14,ATLANTIQUE,BORDEAUX ST JEAN,PASUDOUEST,FRBOJ,19:08,FRPMO
2400,2023-06-12,PARIS (intramuros),NON,8519,23:02,ATLANTIQUE,MONTAUBAN VILLE BOURBON,PASUDOUEST,FRXMW,19:08,FRPMO
2401,2023-06-12,DAX,OUI,8551,22:47,ATLANTIQUE,HENDAYE,PASUDOUEST,FRAEF,21:37,FRACG
2402,2023-06-12,DAX,OUI,8551,22:16,ATLANTIQUE,BIARRITZ,PASUDOUEST,FRBIQ,21:37,FRACG
2403,2023-06-12,PARIS (intramuros),NON,8551,22:47,ATLANTIQUE,HENDAYE,PASUDOUEST,FRAEF,18:07,FRPMO
2404,2023-06-12,LOURDES,OUI,3740,06:33,IC NUIT,PARIS (intramuros),PALOMBEPAR,FRPAZ,19:53,FRLDE
2405,2023-06-12,TARBES,OUI,3740,05:16,IC NUIT,LES AUBRAIS ORLEANS,PALOMBEPAR,FRLAB,20:08,FRXTB
2406,2023-06-12,TARBES,OUI,3740,06:33,IC NUIT,PARIS (intramuros),PALOMBEPAR,FRPAZ,20:08,FRXTB
2407,2023-06-12,RENNES,OUI,8080,07:45,ATLANTIQUE,LE MANS,BRETAPARIS,FRAET,07:00,FRRNS
2408,2023-06-12,ST MALO,OUI,8080,07:45,ATLANTIQUE,LE MANS,BRETAPARIS,FRAET,06:07,FRXSB
2409,2023-06-12,ST MALO,OUI,8080,06:54,ATLANTIQUE,RENNES,BRETAPARIS,FRRNS,06:07,FRXSB
2410,2023-06-12,NANTES,NON,8802,08:41,ATLANTIQUE,PARIS (intramuros),LOIREPARIS,FRPMO,06:40,FRNTE
2411,2023-06-12,LOURDES,NON,14141,11:51,IC SRO,PAU,SUDOUEST,FRAEE,11:26,FRLDE
2412,2023-06-12,LOURDES,NON,14141,13:31,IC SRO,BAYONNE,SUDOUEST,FRXBY,11:26,FRLDE
2413,2023-06-12,MONTREJEAU GOURDAN POLIGNAN,NON,14141,11:06,IC SRO,TARBES,SUDOUEST,FRXTB,10:33,FRMTJ
2414,2023-06-12,TARBES,NON,14141,11:51,IC SRO,PAU,SUDOUEST,FRAEE,11:09,FRXTB
2415,2023-06-12,TARBES,NON,14141,13:31,IC SRO,BAYONNE,SUDOUEST,FRXBY,11:09,FRXTB
2416,2023-06-12,TOULOUSE MATABIAU,NON,14141,13:31,IC SRO,BAYONNE,SUDOUEST,FRXBY,09:32,FRXYT
2417,2023-06-12,TOULOUSE MATABIAU,NON,14141,11:06,IC SRO,TARBES,SUDOUEST,FRXTB,09:32,FRXYT
2418,2023-06-12,LE MANS,OUI,8003,09:25,ATLANTIQUE,RENNES,PARISBRETA,FRRNS,08:37,FRAET
2419,2023-06-12,PARIS (intramuros),OUI,8003,07:41,ATLANTIQUE,MASSY TGV,PARISBRETA,FRDJU,07:32,FRPMO
2420,2023-06-12,PARIS (intramuros),NON,6221,11:12,SUD EST,MONTPELLIER SAINT-ROCH,PALANG,FRMPL,07:40,FRPLY
2421,2023-06-12,DIJON VILLE,NON,9277,20:57,INTERNATIONAL,VALLORBE,PASUIS,CHAGL,19:33,FRABA
2422,2023-06-12,DIJON VILLE,NON,9277,20:13,INTERNATIONAL,MOUCHARD,PASUIS,FRMCD,19:33,FRABA
2423,2023-06-12,DOLE VILLE,NON,9277,20:42,INTERNATIONAL,FRASNE,PASUIS,FRFRA,19:57,FRACE
2424,2023-06-12,MOUCHARD,NON,9277,20:57,INTERNATIONAL,VALLORBE,PASUIS,CHAGL,20:15,FRMCD
2425,2023-06-12,PARIS (intramuros),NON,9277,19:30,INTERNATIONAL,DIJON VILLE,PASUIS,FRABA,17:54,FRPLY
2426,2023-06-12,LAUSANNE,NON,9768,10:21,INTERNATIONAL,GENEVE,GENEVEPA,CHGVA,09:45,CHAJF
2427,2023-06-12,GENEVE,NON,9768,13:42,INTERNATIONAL,PARIS (intramuros),GENEVEPA,FRPLY,10:29,CHGVA
2428,2023-06-12,KARLSRUHE HBF,NON,9573,14:05,INTERNATIONAL,STUTTGART HBF,PASTUTMUN,DESGT,13:28,DEQKA
2429,2023-06-12,PARIS (intramuros),NON,9573,14:05,INTERNATIONAL,STUTTGART HBF,PASTUTMUN,DESGT,10:55,FRPST
2430,2023-06-12,LA ROCHELLE VILLE,OUI,8360,07:40,ATLANTIQUE,NIORT,ROCHELLEPA,FRNIT,07:06,FRLRH
2431,2023-06-12,ST JEAN DE LUZ CIBOURE,NON,8530,11:52,ATLANTIQUE,PARIS (intramuros),SUDOUESTPA,FRPMO,07:22,FRXJZ
2432,2023-06-12,POITIERS,NON,8375,11:21,ATLANTIQUE,ST MAIXENT DEUX SEVRES,PAROCHELLE,FREJC,10:53,FRPIS
2433,2023-06-12,PARIS (intramuros),NON,8375,12:22,ATLANTIQUE,LA ROCHELLE VILLE,PAROCHELLE,FRLRH,09:12,FRPMO
2434,2023-06-12,ST PIERRE DES CORPS,NON,8375,12:22,ATLANTIQUE,LA ROCHELLE VILLE,PAROCHELLE,FRLRH,10:16,FRXSH
2435,2023-06-12,ST PIERRE DES CORPS,NON,8375,10:50,ATLANTIQUE,POITIERS,PAROCHELLE,FRPIS,10:16,FRXSH
2436,2023-06-12,ARVANT,NON,15940,15:35,IC SRO,ISSOIRE,JOUNOREST,FRHLB,15:17,FRARV
2437,2023-06-12,ARVANT,NON,15940,15:22,IC SRO,BRASSAC LES MINES STE FLORINE,JOUNOREST,FRHLE,15:17,FRARV
2438,2023-06-12,ISSOIRE,NON,15940,16:01,IC SRO,CLERMONT FERRAND,JOUNOREST,FRCFE,15:36,FRHLB
2439,2023-06-12,NEUSSARGUES,NON,15940,15:35,IC SRO,ISSOIRE,JOUNOREST,FRHLB,14:36,FRNEU
2440,2023-06-12,BORDEAUX ST JEAN,NON,8572,14:30,ATLANTIQUE,PAU,PASUDOUEST,FRAEE,12:20,FRBOJ
2441,2023-06-12,BORDEAUX ST JEAN,NON,8572,14:07,ATLANTIQUE,ORTHEZ,PASUDOUEST,FRGFI,12:20,FRBOJ
2442,2023-06-12,PARIS (intramuros),NON,8572,15:24,ATLANTIQUE,TARBES,PASUDOUEST,FRXTB,10:08,FRPMO
2443,2023-06-12,MACON LOCHE TGV,NON,6937,12:36,SUD EST,CHAMBERY CHALLES LES EAUX,PARISALPES,FRCMF,11:19,FRMLT
2444,2023-06-12,PARIS (intramuros),NON,7043,15:48,NORD,LILLE (intramuros),PALILLE,FRADJ,14:46,FRPNO
2445,2023-06-12,LYON (intramuros),NON,6612,12:08,SUD EST,PARIS (intramuros),RHONEPARIS,FRPLY,10:04,FRLPD
2446,2023-06-12,LYON (intramuros),NON,6612,12:08,SUD EST,PARIS (intramuros),RHONEPARIS,FRPLY,09:50,FRLPE
2447,2023-06-12,LE CREUSOT MONTCEAU MONTCHANIN,NON,6612,12:08,SUD EST,PARIS (intramuros),RHONEPARIS,FRPLY,10:48,FRXCC
2448,2023-06-12,DOUAI,NON,7106,08:47,NORD,PARIS (intramuros),ARRASPA,FRPNO,07:35,FRXDN
2449,2023-06-12,VALENCIENNES,NON,7106,08:47,NORD,PARIS (intramuros),ARRASPA,FRPNO,06:56,FRXVS
2450,2023-06-12,LAVAL,OUI,8081,08:39,ATLANTIQUE,VITRE,PARISBRETA,FRXVT,08:22,FRACR
2451,2023-06-12,PARIS (intramuros),NON,9261,11:52,INTERNATIONAL,LAUSANNE,PASUIS,CHAJF,07:54,FRPLY
2452,2023-06-12,PARIS (intramuros),NON,9261,09:31,INTERNATIONAL,DIJON VILLE,PASUIS,FRABA,07:54,FRPLY
2453,2023-06-12,GENEVE,NON,9780,21:42,INTERNATIONAL,PARIS (intramuros),GENEVEPA,FRPLY,18:29,CHGVA
2454,2023-06-12,BOURG EN BRESSE,NON,9780,21:42,INTERNATIONAL,PARIS (intramuros),GENEVEPA,FRPLY,19:52,FRXBK
2455,2023-06-12,LE MANS,OUI,5386,20:05,SUD EST,LAVAL,JCSUDATL,FRACR,19:34,FRAET
2456,2023-06-12,AIX EN PROVENCE TGV,NON,5386,20:05,SUD EST,LAVAL,JCSUDATL,FRACR,14:50,FRAIE
2457,2023-06-12,AIX EN PROVENCE TGV,NON,5386,19:29,SUD EST,LE MANS,JCSUDATL,FRAET,14:50,FRAIE
2458,2023-06-12,MASSY TGV,OUI,5386,20:05,SUD EST,LAVAL,JCSUDATL,FRACR,18:39,FRDJU
2459,2023-06-12,LYON (intramuros),NON,5386,20:32,SUD EST,RENNES,JCSUDATL,FRRNS,16:30,FRLPD
2460,2023-06-12,MARSEILLE ST CHARLES,OUI,5386,14:47,SUD EST,AIX EN PROVENCE TGV,JCSUDATL,FRAIE,14:36,FRMSC
2461,2023-06-12,LIMOGES BENEDICTINS,OUI,3619,13:24,IC ARO,SOUILLAC,PALITO,FRSOU,11:56,FRAGQ
2462,2023-06-12,CHATEAUROUX,NON,3619,13:40,IC ARO,GOURDON,PALITO,FRFSI,10:41,FRCHR
2463,2023-06-12,CHATEAUROUX,NON,3619,14:34,IC ARO,CAUSSADE TARN ET GARONNE,PALITO,FRFTA,10:41,FRCHR
2464,2023-06-12,CHATEAUROUX,NON,3619,13:24,IC ARO,SOUILLAC,PALITO,FRSOU,10:41,FRCHR
2465,2023-06-12,GOURDON,OUI,3619,14:49,IC ARO,MONTAUBAN VILLE BOURBON,PALITO,FRXMW,13:42,FRFSI
2466,2023-06-12,GOURDON,OUI,3619,14:07,IC ARO,CAHORS,PALITO,FRZAO,13:42,FRFSI
2467,2023-06-12,CAUSSADE TARN ET GARONNE,OUI,3619,14:49,IC ARO,MONTAUBAN VILLE BOURBON,PALITO,FRXMW,14:35,FRFTA
2468,2023-06-12,LES AUBRAIS ORLEANS,NON,3619,10:39,IC ARO,CHATEAUROUX,PALITO,FRCHR,09:30,FRLAB
2469,2023-06-12,LES AUBRAIS ORLEANS,NON,3619,15:23,IC ARO,TOULOUSE MATABIAU,PALITO,FRXYT,09:30,FRLAB
2470,2023-06-12,LA SOUTERRAINE,NON,3619,12:57,IC ARO,BRIVE LA GAILLARDE,PALITO,FRBVE,11:19,FRLST
2471,2023-06-12,LA SOUTERRAINE,NON,3619,13:40,IC ARO,GOURDON,PALITO,FRFSI,11:19,FRLST
2472,2023-06-12,LA SOUTERRAINE,NON,3619,14:07,IC ARO,CAHORS,PALITO,FRZAO,11:19,FRLST
2473,2023-06-12,PARIS (intramuros),NON,3619,10:39,IC ARO,CHATEAUROUX,PALITO,FRCHR,08:26,FRPAZ
2474,2023-06-12,PARIS (intramuros),NON,3619,14:34,IC ARO,CAUSSADE TARN ET GARONNE,PALITO,FRFTA,08:26,FRPAZ
2475,2023-06-12,PARIS (intramuros),NON,3619,11:17,IC ARO,LA SOUTERRAINE,PALITO,FRLST,08:26,FRPAZ
2476,2023-06-12,PARIS (intramuros),NON,3619,14:49,IC ARO,MONTAUBAN VILLE BOURBON,PALITO,FRXMW,08:26,FRPAZ
2477,2023-06-12,SOUILLAC,OUI,3619,14:07,IC ARO,CAHORS,PALITO,FRZAO,13:26,FRSOU
2478,2023-06-12,VIERZON VILLE,NON,3619,12:57,IC ARO,BRIVE LA GAILLARDE,PALITO,FRBVE,10:09,FRXVZ
2479,2023-06-12,VIERZON VILLE,NON,3619,10:39,IC ARO,CHATEAUROUX,PALITO,FRCHR,10:09,FRXVZ
2480,2023-06-12,VIERZON VILLE,NON,3619,15:23,IC ARO,TOULOUSE MATABIAU,PALITO,FRXYT,10:09,FRXVZ
2481,2023-06-12,VIERZON VILLE,NON,3619,14:07,IC ARO,CAHORS,PALITO,FRZAO,10:09,FRXVZ
2482,2023-06-12,CAHORS,OUI,3619,15:23,IC ARO,TOULOUSE MATABIAU,PALITO,FRXYT,14:09,FRZAO
2483,2023-06-12,MONTAUBAN VILLE BOURBON,OUI,8516,18:28,ATLANTIQUE,AGEN,SUDOUESTPA,FRAGF,17:53,FRXMW
2484,2023-06-12,MONTAUBAN VILLE BOURBON,NON,8516,19:39,ATLANTIQUE,BORDEAUX ST JEAN,SUDOUESTPA,FRBOJ,17:53,FRXMW
2485,2023-06-12,PARIS (intramuros),NON,9205,09:38,INTERNATIONAL,BELFORT-MONTBELIARD TGV,PABALZUR,FRTJA,07:20,FRPLY
2486,2023-06-12,LORIENT,OUI,8701,10:28,ATLANTIQUE,QUIMPER,PARISBRETA,FRUIP,09:54,FRLRT
2487,2023-06-12,PARIS (intramuros),NON,8701,10:28,ATLANTIQUE,QUIMPER,PARISBRETA,FRUIP,06:56,FRPMO
2488,2023-06-12,MOULINS SUR ALLIER,NON,5970,16:57,IC ARO,PARIS (intramuros),CLERMONTPA,FRPBE,14:31,FRXMU
2489,2023-06-12,PARIS (intramuros),NON,6123,20:56,SUD EST,MARSEILLE ST CHARLES,PAPROVENCE,FRMSC,17:38,FRPLY
2490,2023-06-12,VENDOME VILLIERS SUR LOIR,OUI,8355,19:17,ATLANTIQUE,POITIERS,PAROCHELLE,FRPIS,18:15,FRESL
2491,2023-06-12,STRASBOURG,NON,2400,08:16,EST,PARIS (intramuros),MULHSTRAPA,FRPST,06:23,FRAEG
2492,2023-06-12,LYON (intramuros),NON,5062,13:01,NORD,AEROPORT CDG2 TGV ROISSY,JCSUDNORD,FRMLW,11:00,FRLPD
2493,2023-06-12,LYON (intramuros),NON,5062,13:34,NORD,TGV HAUTE PICARDIE,JCSUDNORD,FRTHP,11:00,FRLPD
2494,2023-06-12,MARNE LA VALLEE CHESSY,NON,5062,14:24,NORD,LILLE (intramuros),JCSUDNORD,FRLLE,12:51,FRMLV
2495,2023-06-12,MARNE LA VALLEE CHESSY,NON,5062,13:01,NORD,AEROPORT CDG2 TGV ROISSY,JCSUDNORD,FRMLW,12:51,FRMLV
2496,2023-06-12,ARRAS,OUI,5062,14:24,NORD,LILLE (intramuros),JCSUDNORD,FRLLE,14:03,FRQRV
2497,2023-06-12,TGV HAUTE PICARDIE,NON,5062,14:24,NORD,LILLE (intramuros),JCSUDNORD,FRLLE,13:38,FRTHP
2498,2023-06-12,TGV HAUTE PICARDIE,NON,5062,13:55,NORD,ARRAS,JCSUDNORD,FRQRV,13:38,FRTHP
2499,2023-06-12,MONTPELLIER SUD DE FRANCE,NON,5062,13:01,NORD,AEROPORT CDG2 TGV ROISSY,JCSUDNORD,FRMLW,09:12,FRSUF
2500,2023-06-12,MONTPELLIER SUD DE FRANCE,NON,5062,09:30,NORD,NIMES PONT DU GARD,JCSUDNORD,FRXZP,09:12,FRSUF
2501,2023-06-12,NIMES PONT DU GARD,NON,5062,10:53,NORD,LYON (intramuros),JCSUDNORD,FRLPD,09:33,FRXZP
2502,2023-06-12,BRUXELLES MIDI BRUSSEL ZUID,OUI,9838,17:28,NORD,LILLE (intramuros),JCNORDBRET,FRLLE,16:54,BEBMI
2503,2023-06-12,LAVAL,OUI,9838,21:29,NORD,RENNES,JCNORDBRET,FRRNS,21:04,FRACR
2504,2023-06-12,LE MANS,OUI,9838,21:29,NORD,RENNES,JCNORDBRET,FRRNS,20:32,FRAET
2505,2023-06-12,MASSY TGV,NON,9838,21:01,NORD,LAVAL,JCNORDBRET,FRACR,19:39,FRDJU
2506,2023-06-12,MARNE LA VALLEE CHESSY,NON,9838,19:34,NORD,MASSY TGV,JCNORDBRET,FRDJU,19:02,FRMLV
2507,2023-06-12,MARNE LA VALLEE CHESSY,NON,9838,21:29,NORD,RENNES,JCNORDBRET,FRRNS,19:02,FRMLV
2508,2023-06-12,AEROPORT CDG2 TGV ROISSY,NON,9838,20:29,NORD,LE MANS,JCNORDBRET,FRAET,18:49,FRMLW
2509,2023-06-12,AEROPORT CDG2 TGV ROISSY,NON,9838,19:34,NORD,MASSY TGV,JCNORDBRET,FRDJU,18:49,FRMLW
2510,2023-06-12,TGV HAUTE PICARDIE,NON,9838,18:58,NORD,MARNE LA VALLEE CHESSY,JCNORDBRET,FRMLV,18:15,FRTHP
2511,2023-06-12,TGV HAUTE PICARDIE,NON,9838,21:29,NORD,RENNES,JCNORDBRET,FRRNS,18:15,FRTHP
2512,2023-06-12,BRUXELLES MIDI BRUSSEL ZUID,NON,9838,19:34,NORD,MASSY TGV,JCNORDBRET,FRDJU,16:54,BEBMI
2513,2023-06-12,BEZIERS,NON,9713,14:58,SUD EST,PERPIGNAN,PABARCELONE,FRPGF,14:10,FRBZR
2514,2023-06-12,NIMES,NON,9713,14:24,SUD EST,NARBONNE,PABARCELONE,FRXNA,12:49,FRFNI
2515,2023-06-12,NIMES,NON,9713,13:34,SUD EST,SETE,PABARCELONE,FRXSY,12:49,FRFNI
2516,2023-06-12,PARIS (intramuros),NON,9713,14:24,SUD EST,NARBONNE,PABARCELONE,FRXNA,09:40,FRPLY
2517,2023-06-12,VALENCE TGV RHONE-ALPES SUD,NON,9713,13:15,SUD EST,MONTPELLIER SAINT-ROCH,PABARCELONE,FRMPL,12:00,FRVLA
2518,2023-06-12,AGDE,NON,9713,14:24,SUD EST,NARBONNE,PABARCELONE,FRXNA,13:55,FRXAG
2519,2023-06-12,SETE,NON,9713,14:58,SUD EST,PERPIGNAN,PABARCELONE,FRPGF,13:37,FRXSY
2520,2023-06-12,PARIS (intramuros),NON,9713,16:34,SUD EST,BARCELONA SANTS,PABARCELONE,ESBST,09:40,FRPLY
2521,2023-06-12,PERPIGNAN,NON,9713,15:27,SUD EST,FIGUERES VILA TGV,PABARCELONE,ESFIR,15:04,FRPGF
2522,2023-06-12,BEZIERS,NON,9713,16:34,SUD EST,BARCELONA SANTS,PABARCELONE,ESBST,14:10,FRBZR
2523,2023-06-12,PERPIGNAN,NON,9713,16:34,SUD EST,BARCELONA SANTS,PABARCELONE,ESBST,15:04,FRPGF
2524,2023-06-12,MONTPELLIER SAINT-ROCH,NON,9713,16:34,SUD EST,BARCELONA SANTS,PABARCELONE,ESBST,13:20,FRMPL
2525,2023-06-12,NARBONNE,NON,9713,15:46,SUD EST,GIRONA,PABARCELONE,ESGRO,14:27,FRXNA
2526,2023-06-12,NIMES,NON,9713,15:46,SUD EST,GIRONA,PABARCELONE,ESGRO,12:49,FRFNI
2527,2023-06-12,MONTPELLIER SAINT-ROCH,NON,9713,15:27,SUD EST,FIGUERES VILA TGV,PABARCELONE,ESFIR,13:20,FRMPL
2528,2023-06-12,NIMES,NON,9713,15:27,SUD EST,FIGUERES VILA TGV,PABARCELONE,ESFIR,12:49,FRFNI
2529,2023-06-12,AGDE,NON,9713,15:27,SUD EST,FIGUERES VILA TGV,PABARCELONE,ESFIR,13:55,FRXAG
2530,2023-06-12,MANNHEIM HBF,NON,9560,18:04,INTERNATIONAL,KARLSRUHE HBF,FRANCPA,DEQKA,17:38,DEMHG
2531,2023-06-12,MANNHEIM HBF,NON,9560,20:41,INTERNATIONAL,PARIS (intramuros),FRANCPA,FRPST,17:38,DEMHG
2532,2023-06-12,KARLSRUHE HBF,NON,9560,18:48,INTERNATIONAL,STRASBOURG,FRANCPA,FRAEG,18:05,DEQKA
2533,2023-06-12,LILLE (intramuros),NON,5026,12:08,NORD,MARNE LA VALLEE CHESSY,JCNORDSUD,FRMLV,11:03,FRLLE
2534,2023-06-12,AEROPORT CDG2 TGV ROISSY,NON,5026,12:08,NORD,MARNE LA VALLEE CHESSY,JCNORDSUD,FRMLV,11:59,FRMLW
2535,2023-06-12,BASEL SBB,NON,9218,13:17,INTERNATIONAL,BELFORT-MONTBELIARD TGV,ZURBALPA,FRTJA,12:34,CHAJP
2536,2023-06-12,BELFORT-MONTBELIARD TGV,NON,9218,15:38,INTERNATIONAL,PARIS (intramuros),ZURBALPA,FRPLY,13:20,FRTJA
2537,2023-06-12,AGEN,NON,8505,15:00,ATLANTIQUE,MONTAUBAN VILLE BOURBON,PASUDOUEST,FRXMW,14:23,FRAGF
2538,2023-06-12,AGEN,NON,8505,15:36,ATLANTIQUE,TOULOUSE MATABIAU,PASUDOUEST,FRXYT,14:23,FRAGF
2539,2023-06-12,NIMES,NON,4756,09:25,IC ARO,SETE,TJOURSESO,FRXSY,08:43,FRFNI
2540,2023-06-12,ARLES,NON,4756,12:31,IC ARO,AGEN,TJOURSESO,FRAGF,08:13,FRHZA
2541,2023-06-12,ARLES,NON,4756,10:01,IC ARO,NARBONNE,TJOURSESO,FRXNA,08:13,FRHZA
2542,2023-06-12,MARSEILLE ST CHARLES,NON,4756,11:54,IC ARO,MONTAUBAN VILLE BOURBON,TJOURSESO,FRXMW,07:22,FRMSC
2543,2023-06-12,MARSEILLE ST CHARLES,NON,4756,09:25,IC ARO,SETE,TJOURSESO,FRXSY,07:22,FRMSC
2544,2023-06-12,MARSEILLE ST CHARLES,NON,4756,11:18,IC ARO,TOULOUSE MATABIAU,TJOURSESO,FRXYT,07:22,FRMSC
2545,2023-06-12,NARBONNE,NON,4756,10:33,IC ARO,CARCASSONNE,TJOURSESO,FRCCF,10:04,FRXNA
2546,2023-06-12,NARBONNE,NON,4756,11:54,IC ARO,MONTAUBAN VILLE BOURBON,TJOURSESO,FRXMW,10:04,FRXNA
2547,2023-06-12,SETE,NON,4756,12:31,IC ARO,AGEN,TJOURSESO,FRAGF,09:27,FRXSY
2548,2023-06-12,SETE,NON,4756,11:18,IC ARO,TOULOUSE MATABIAU,TJOURSESO,FRXYT,09:27,FRXSY
2549,2023-06-12,NIMES,OUI,4651,10:33,IC ARO,MARSEILLE ST CHARLES,TJOURSOSE,FRMSC,09:22,FRFNI
2550,2023-06-12,NARBONNE,OUI,4651,10:33,IC ARO,MARSEILLE ST CHARLES,TJOURSOSE,FRMSC,08:00,FRXNA
2551,2023-06-12,TOULOUSE MATABIAU,OUI,4651,08:13,IC ARO,BEZIERS,TJOURSOSE,FRBZR,06:45,FRXYT
2552,2023-06-12,TOULOUSE MATABIAU,OUI,4651,08:51,IC ARO,MONTPELLIER SAINT-ROCH,TJOURSOSE,FRMPL,06:45,FRXYT
2553,2023-06-12,TOULOUSE MATABIAU,OUI,4651,07:57,IC ARO,NARBONNE,TJOURSOSE,FRXNA,06:45,FRXYT
2554,2023-06-12,PARIS (intramuros),NON,9777,19:30,INTERNATIONAL,GENEVE,PAGENEVE,CHGVA,16:16,FRPLY
2555,2023-06-12,PARIS (intramuros),NON,9777,18:09,INTERNATIONAL,BOURG EN BRESSE,PAGENEVE,FRXBK,16:16,FRPLY
2556,2023-06-12,BOURG EN BRESSE,NON,9777,19:00,INTERNATIONAL,BELLEGARDE,PAGENEVE,FRXBF,18:12,FRXBK
2557,2023-06-12,FREIBURG BREISGAU HBF,NON,9590,09:35,EST,PARIS (intramuros),MULHSTRAPA,FRPST,06:36,DEFGB
2558,2023-06-12,LAHR SCHWARZW,NON,9590,09:35,EST,PARIS (intramuros),MULHSTRAPA,FRPST,07:05,DEANL
2559,2023-06-12,LAHR SCHWARZW,OUI,9590,07:16,EST,OFFENBOURG/OFFENBURG,MULHSTRAPA,DEZPA,07:05,DEANL
2560,2023-06-12,FREIBURG BREISGAU HBF,OUI,9590,06:55,EST,RINGSHEIM/EU-PARK,MULHSTRAPA,DERSH,06:36,DEFGB
2561,2023-06-12,LYON-SAINT EXUPERY TGV,OUI,6921,19:13,SUD EST,GRENOBLE,PAGRENOBLE,FRGNB,18:09,FRJDQ
2562,2023-06-12,PARIS (intramuros),OUI,6921,19:13,SUD EST,GRENOBLE,PAGRENOBLE,FRGNB,16:12,FRPLY
2563,2023-06-12,LYON (intramuros),OUI,6601,08:10,SUD EST,LYON (intramuros),PARISRHONE,FRLPE,08:02,FRLPD
2564,2023-06-12,PARIS (intramuros),NON,6601,07:56,SUD EST,LYON (intramuros),PARISRHONE,FRLPD,05:50,FRPLY
2565,2023-06-12,LUXEMBOURG,NON,2870,16:31,EST,PARIS (intramuros),LUXMETZPA,FRPST,14:10,LULUX
2566,2023-06-12,ARRAS,NON,7208,08:59,NORD,PARIS (intramuros),ARRASPA,FRPNO,08:08,FRQRV
2567,2023-06-12,ANGOULEME,NON,8450,21:40,ATLANTIQUE,PARIS (intramuros),SUDOUESTPA,FRPMO,19:16,FRANG
2568,2023-06-12,CHAMBERY CHALLES LES EAUX,NON,6931,09:59,SUD EST,AIX LES BAINS LE REVARD,PARISALPES,FRXAI,09:49,FRCMF
2569,2023-06-12,MACON LOCHE TGV,NON,6931,09:59,SUD EST,AIX LES BAINS LE REVARD,PARISALPES,FRXAI,08:20,FRMLT
2570,2023-06-12,PARIS (intramuros),NON,6931,10:28,SUD EST,ANNECY,PARISALPES,FRNCY,06:44,FRPLY
2571,2023-06-12,AIX LES BAINS LE REVARD,NON,6931,10:28,SUD EST,ANNECY,PARISALPES,FRNCY,10:02,FRXAI
2572,2023-06-12,BRUXELLES MIDI BRUSSEL ZUID,OUI,9844,18:52,NORD,LILLE (intramuros),JCNORDSUD,FRLLE,18:17,BEBMI
2573,2023-06-12,LILLE (intramuros),OUI,9844,22:18,NORD,LYON (intramuros),JCNORDSUD,FRLPE,19:03,FRLLE
2574,2023-06-12,JONZAC,NON,3856,15:54,IC SRO,ROCHEFORT,BORDONANTE,FRRCO,14:41,FREMR
2575,2023-06-12,JONZAC,NON,3856,15:23,IC SRO,SAINTES,BORDONANTE,FRXST,14:41,FREMR
2576,2023-06-12,LA ROCHELLE VILLE,NON,3856,18:05,IC SRO,NANTES,BORDONANTE,FRNTE,16:19,FRLRH
2577,2023-06-12,ROCHEFORT,NON,3856,16:58,IC SRO,LUCON,BORDONANTE,FRLCN,15:56,FRRCO
2578,2023-06-12,NURIEUX,NON,9781,21:30,INTERNATIONAL,GENEVE,PAGENEVE,CHGVA,20:37,FRHQN
2579,2023-06-12,PARIS (intramuros),NON,9781,20:35,INTERNATIONAL,NURIEUX,PAGENEVE,FRHQN,18:16,FRPLY
2580,2023-06-12,LE CROISIC,NON,8912,11:25,ATLANTIQUE,PARIS (intramuros),LOIREPARIS,FRPMO,07:55,FREGU
2581,2023-06-12,LA BAULE ESCOUBLAC,OUI,8912,10:23,ATLANTIQUE,LE MANS,LOIREPARIS,FRAET,08:07,FRJEE
2582,2023-06-12,ANGERS ST LAUD,OUI,8880,17:23,ATLANTIQUE,LE MANS,LOIREPARIS,FRAET,16:44,FRACL
2583,2023-06-12,LE MANS,NON,8880,18:25,ATLANTIQUE,PARIS (intramuros),LOIREPARIS,FRPMO,17:26,FRAET
2584,2023-06-12,ZUERICH HB,NON,9234,19:53,INTERNATIONAL,MULHOUSE VILLE,ZURBALPA,FRAEK,18:34,CHAJD
2585,2023-06-12,BASEL SBB,NON,9234,22:42,INTERNATIONAL,PARIS (intramuros),ZURBALPA,FRPLY,19:34,CHAJP
2586,2023-06-12,AIX EN PROVENCE TGV,NON,5054,08:20,NORD,LYON (intramuros),JCSUDNORD,FRLPD,06:47,FRAIE
2587,2023-06-12,AVIGNON TGV,NON,5054,10:19,NORD,MARNE LA VALLEE CHESSY,JCSUDNORD,FRMLV,07:12,FRAVG
2588,2023-06-12,LYON (intramuros),NON,5054,10:32,NORD,AEROPORT CDG2 TGV ROISSY,JCSUDNORD,FRMLW,08:34,FRLPD
2589,2023-06-12,MARSEILLE ST CHARLES,NON,5054,08:20,NORD,LYON (intramuros),JCSUDNORD,FRLPD,06:33,FRMSC
2590,2023-06-12,BRIVE LA GAILLARDE,OUI,3635,17:50,IC ARO,GOURDON,PALITO,FRFSI,17:09,FRBVE
2591,2023-06-12,BRIVE LA GAILLARDE,OUI,3635,17:33,IC ARO,SOUILLAC,PALITO,FRSOU,17:09,FRBVE
2592,2023-06-12,CHATEAUROUX,NON,3635,16:03,IC ARO,LIMOGES BENEDICTINS,PALITO,FRAGQ,14:47,FRCHR
2593,2023-06-12,ARGENTON SUR CREUSE,NON,3635,15:27,IC ARO,LA SOUTERRAINE,PALITO,FRLST,15:03,FRFMT
2594,2023-06-12,GOURDON,OUI,3635,18:19,IC ARO,CAHORS,PALITO,FRZAO,17:52,FRFSI
2595,2023-06-12,LA SOUTERRAINE,NON,3635,17:06,IC ARO,BRIVE LA GAILLARDE,PALITO,FRBVE,15:29,FRLST
2596,2023-06-12,PARIS (intramuros),NON,3635,15:02,IC ARO,ARGENTON SUR CREUSE,PALITO,FRFMT,12:21,FRPAZ
2597,2023-06-12,PARIS (intramuros),NON,3635,18:19,IC ARO,CAHORS,PALITO,FRZAO,12:21,FRPAZ
2598,2023-06-12,VIERZON VILLE,NON,3635,17:33,IC ARO,SOUILLAC,PALITO,FRSOU,14:15,FRXVZ
2599,2023-06-12,MODANE,NON,9252,19:39,INTERNATIONAL,MACON LOCHE TGV,ITALIEPA,FRMLT,17:12,FRAGR
2600,2023-06-12,MODANE,NON,9252,21:14,INTERNATIONAL,PARIS (intramuros),ITALIEPA,FRPLY,17:12,FRAGR
2601,2023-06-12,MACON LOCHE TGV,NON,9252,21:14,INTERNATIONAL,PARIS (intramuros),ITALIEPA,FRPLY,19:42,FRMLT
2602,2023-06-12,LYON (intramuros),NON,6616,13:30,SUD EST,PARIS (intramuros),RHONEPARIS,FRPLY,11:34,FRLPD
2603,2023-06-12,MACON LOCHE TGV,NON,6964,13:14,SUD EST,PARIS (intramuros),ALPESPARIS,FRPLY,11:43,FRMLT
2604,2023-06-12,AIX LES BAINS LE REVARD,NON,6964,11:40,SUD EST,MACON LOCHE TGV,ALPESPARIS,FRMLT,10:00,FRXAI
2605,2023-06-12,ANGERS ST LAUD,OUI,5354,14:50,SUD EST,NANTES,JCSUDATL,FRNTE,14:12,FRACL
2606,2023-06-12,LYON (intramuros),NON,5354,14:50,SUD EST,NANTES,JCSUDATL,FRNTE,10:16,FRLPE
2607,2023-06-12,PARIS (intramuros),OUI,8881,18:13,ATLANTIQUE,ANGERS ST LAUD,PARISLOIRE,FRACL,16:36,FRPMO
2608,2023-06-12,PARIS (intramuros),OUI,8881,18:54,ATLANTIQUE,NANTES,PARISLOIRE,FRNTE,16:36,FRPMO
2609,2023-06-12,MACON LOCHE TGV,NON,6951,22:00,SUD EST,AIX LES BAINS LE REVARD,PARISALPES,FRXAI,20:19,FRMLT
2610,2023-06-12,PARIS (intramuros),NON,6951,22:00,SUD EST,AIX LES BAINS LE REVARD,PARISALPES,FRXAI,18:44,FRPLY
2611,2023-06-12,DAX,OUI,8592,22:08,ATLANTIQUE,ORTHEZ,PASUDOUEST,FRGFI,21:41,FRACG
2612,2023-06-12,DAX,OUI,8592,23:00,ATLANTIQUE,LOURDES,PASUDOUEST,FRLDE,21:41,FRACG
2613,2023-06-12,ORTHEZ,OUI,8592,23:25,ATLANTIQUE,TARBES,PASUDOUEST,FRXTB,22:11,FRGFI
2614,2023-06-12,DIJON VILLE,NON,6760,07:01,SUD EST,MONTBARD,BOURPA,FRGWE,06:26,FRABA
2615,2023-06-12,BESANCON VIOTTE,NON,6760,06:22,SUD EST,DIJON VILLE,BOURPA,FRABA,05:32,FRABG
2616,2023-06-12,BESANCON VIOTTE,NON,6760,07:01,SUD EST,MONTBARD,BOURPA,FRGWE,05:32,FRABG
2617,2023-06-12,DOLE VILLE,NON,6760,06:22,SUD EST,DIJON VILLE,BOURPA,FRABA,05:58,FRACE
2618,2023-06-12,BREST,NON,8630,18:04,ATLANTIQUE,PARIS (intramuros),BRETAPARIS,FRPMO,14:07,FRBES
2619,2023-06-12,BREST,OUI,8630,16:21,ATLANTIQUE,RENNES,BRETAPARIS,FRRNS,14:07,FRBES
2620,2023-06-12,GUINGAMP,OUI,8630,15:38,ATLANTIQUE,LAMBALLE,BRETAPARIS,FRLAM,15:12,FRGGP
2621,2023-06-12,MORLAIX,OUI,8630,16:21,ATLANTIQUE,RENNES,BRETAPARIS,FRRNS,14:39,FRMXN
2622,2023-06-12,MORLAIX,OUI,8630,15:26,ATLANTIQUE,ST BRIEUC,BRETAPARIS,FRSBK,14:39,FRMXN
2623,2023-06-12,PLOUARET TREGOR,OUI,8630,15:09,ATLANTIQUE,GUINGAMP,BRETAPARIS,FRGGP,14:57,FRPLT
2624,2023-06-12,AIX EN PROVENCE TGV,NON,6850,18:06,SUD EST,AVIGNON TGV,JCSUDPROV,FRAVG,17:47,FRAIE
2625,2023-06-12,NICE VILLE,NON,6850,18:06,SUD EST,AVIGNON TGV,JCSUDPROV,FRAVG,14:40,FRNIC
2626,2023-06-12,NICE VILLE,OUI,6850,15:05,SUD EST,CANNES,JCSUDPROV,FRJCA,14:40,FRNIC
2627,2023-06-12,NICE VILLE,OUI,6850,16:19,SUD EST,TOULON,JCSUDPROV,FRTLN,14:40,FRNIC
2628,2023-06-12,ST RAPHAEL VALESCURE,OUI,6850,17:19,SUD EST,MARSEILLE ST CHARLES,JCSUDPROV,FRMSC,15:34,FRXSK
2629,2023-06-12,LORIENT,NON,8790,08:48,ATLANTIQUE,PARIS (intramuros),BRETAPARIS,FRPMO,05:24,FRLRT
2630,2023-06-12,LORIENT,OUI,8790,05:47,ATLANTIQUE,VANNES,BRETAPARIS,FRVNE,05:24,FRLRT
2631,2023-06-12,RENNES,OUI,8790,07:45,ATLANTIQUE,LE MANS,BRETAPARIS,FRAET,07:00,FRRNS
2632,2023-06-12,NEVERS,OUI,5983,22:37,IC ARO,CLERMONT FERRAND,PACLERMONT,FRCFE,20:59,FRNVS
2633,2023-06-12,PARIS (intramuros),OUI,5983,21:28,IC ARO,MOULINS SUR ALLIER,PACLERMONT,FRXMU,18:57,FRPBE
2634,2023-06-12,RIOM CHATEL GUYON,OUI,5983,22:37,IC ARO,CLERMONT FERRAND,PACLERMONT,FRCFE,22:25,FRRIO
2635,2023-06-12,RENNES,OUI,8619,16:25,ATLANTIQUE,BREST,PARISBRETA,FRBES,14:29,FRRNS
2636,2023-06-12,RENNES,OUI,8619,15:13,ATLANTIQUE,ST BRIEUC,PARISBRETA,FRSBK,14:29,FRRNS
2637,2023-06-12,ST BRIEUC,OUI,8619,16:25,ATLANTIQUE,BREST,PARISBRETA,FRBES,15:16,FRSBK
2638,2023-06-12,PARIS (intramuros),NON,7591,21:40,NORD,LILLE (intramuros),PAARRAS,FRLLE,20:25,FRPNO
2639,2023-06-12,PARIS (intramuros),NON,7591,21:14,NORD,ARRAS,PAARRAS,FRQRV,20:25,FRPNO
2640,2023-06-12,PARIS (intramuros),OUI,6917,14:03,SUD EST,LYON-SAINT EXUPERY TGV,PAGRENOBLE,FRJDQ,12:12,FRPLY
2641,2023-06-12,LAVAL,NON,8710,13:19,ATLANTIQUE,PARIS (intramuros),BRETAPARIS,FRPMO,12:04,FRACR
2642,2023-06-12,QUIMPERLE,OUI,8710,10:20,ATLANTIQUE,VANNES,BRETAPARIS,FRVNE,09:38,FRECO
2643,2023-06-12,LORIENT,OUI,8710,10:20,ATLANTIQUE,VANNES,BRETAPARIS,FRVNE,09:52,FRLRT
2644,2023-06-12,QUIMPER,NON,8710,13:19,ATLANTIQUE,PARIS (intramuros),BRETAPARIS,FRPMO,09:09,FRUIP
2645,2023-06-12,QUIMPER,OUI,8710,10:07,ATLANTIQUE,AURAY,BRETAPARIS,FRXUY,09:09,FRUIP
2646,2023-06-12,AURAY,NON,8710,11:25,ATLANTIQUE,RENNES,BRETAPARIS,FRRNS,10:10,FRXUY
2647,2023-06-12,BRUXELLES MIDI BRUSSEL ZUID,NON,9874,17:37,NORD,STRASBOURG,JCNORDEST,FRAEG,13:17,BEBMI
2648,2023-06-12,BRUXELLES MIDI BRUSSEL ZUID,OUI,9874,13:53,NORD,LILLE (intramuros),JCNORDEST,FRLLE,13:17,BEBMI
2649,2023-06-12,CHAMPAGNE-ARDENNE,NON,9874,17:37,NORD,STRASBOURG,JCNORDEST,FRAEG,16:04,FREAH
2650,2023-06-12,AEROPORT CDG2 TGV ROISSY,NON,9874,15:09,NORD,MARNE LA VALLEE CHESSY,JCNORDEST,FRMLV,14:59,FRMLW
2651,2023-06-12,NIMES,NON,6206,19:18,SUD EST,PARIS (intramuros),LANGPA,FRPLY,16:15,FRFNI
2652,2023-06-12,PARIS (intramuros),NON,8803,09:54,ATLANTIQUE,NANTES,PARISLOIRE,FRNTE,07:45,FRPMO
2653,2023-06-12,METZ VILLE,OUI,2833,19:52,EST,LUXEMBOURG,PAMETZLUX,LULUX,19:10,FRADE
2654,2023-06-12,SABLE SUR SARTHE,NON,8985,20:16,ATLANTIQUE,ANGERS ST LAUD,PARISLOIRE,FRACL,19:56,FRSAB
2655,2023-06-12,SABLE SUR SARTHE,NON,8985,21:50,ATLANTIQUE,LA ROCHE SUR YON,PARISLOIRE,FRXRO,19:56,FRSAB
2656,2023-06-12,LA ROCHE SUR YON,OUI,8985,22:19,ATLANTIQUE,LES SABLES D'OLONNE,PARISLOIRE,FRLSO,21:53,FRXRO
2657,2023-06-12,LIMOGES BENEDICTINS,OUI,3615,12:05,IC ARO,BRIVE LA GAILLARDE,PALITO,FRBVE,11:01,FRAGQ
2658,2023-06-12,CHATEAUROUX,OUI,3615,10:58,IC ARO,LIMOGES BENEDICTINS,PALITO,FRAGQ,09:45,FRCHR
2659,2023-06-12,PARIS (intramuros),OUI,3615,09:11,IC ARO,VIERZON VILLE,PALITO,FRXVZ,07:40,FRPAZ
2660,2023-06-12,VIERZON VILLE,OUI,3615,10:21,IC ARO,LA SOUTERRAINE,PALITO,FRLST,09:13,FRXVZ
2661,2023-06-12,PARIS (intramuros),NON,9765,13:00,INTERNATIONAL,BELLEGARDE,PAGENEVE,FRXBF,10:16,FRPLY
2662,2023-06-12,PARIS (intramuros),NON,9765,12:09,INTERNATIONAL,BOURG EN BRESSE,PAGENEVE,FRXBK,10:16,FRPLY
2663,2023-06-12,BIARRITZ,NON,8550,19:21,ATLANTIQUE,DAX,SUDOUESTPA,FRACG,18:35,FRBIQ
2664,2023-06-12,BIARRITZ,NON,8550,18:48,ATLANTIQUE,BAYONNE,SUDOUESTPA,FRXBY,18:35,FRBIQ
2665,2023-06-12,BAYONNE,NON,8550,23:00,ATLANTIQUE,PARIS (intramuros),SUDOUESTPA,FRPMO,18:51,FRXBY
2666,2023-06-12,ANGERS ST LAUD,NON,4404,18:26,IC SRO,LYON (intramuros),JOURNTELYN,FRLPD,12:33,FRACL
2667,2023-06-12,ANGERS ST LAUD,NON,4404,16:41,IC SRO,ST GERMAIN DES FOSSES,JOURNTELYN,FRSGF,12:33,FRACL
2668,2023-06-12,SAUMUR,NON,4404,18:39,IC SRO,LYON (intramuros),JOURNTELYN,FRLPE,12:56,FRACN
2669,2023-06-12,NANTES,NON,4404,16:41,IC SRO,ST GERMAIN DES FOSSES,JOURNTELYN,FRSGF,11:51,FRNTE
2670,2023-06-12,NEVERS,NON,4404,18:26,IC SRO,LYON (intramuros),JOURNTELYN,FRLPD,15:47,FRNVS
2671,2023-06-12,NEVERS,NON,4404,16:41,IC SRO,ST GERMAIN DES FOSSES,JOURNTELYN,FRSGF,15:47,FRNVS
2672,2023-06-12,MOULINS SUR ALLIER,NON,4404,17:20,IC SRO,ROANNE,JOURNTELYN,FRRNE,16:17,FRXMU
2673,2023-06-12,ST PIERRE DES CORPS,NON,4404,18:26,IC SRO,LYON (intramuros),JOURNTELYN,FRLPD,13:34,FRXSH
2674,2023-06-12,VIERZON VILLE,NON,4404,16:41,IC SRO,ST GERMAIN DES FOSSES,JOURNTELYN,FRSGF,14:39,FRXVZ
2675,2023-06-12,LUCON,NON,3831,11:10,IC SRO,JONZAC,NANTEBORDO,FREMR,09:00,FRLCN
2676,2023-06-12,NANTES,NON,3831,09:39,IC SRO,LA ROCHELLE VILLE,NANTEBORDO,FRLRH,07:55,FRNTE
2677,2023-06-12,AVIGNON TGV,NON,9866,16:57,NORD,LILLE (intramuros),JCSUDNORD,FRLLE,12:48,FRAVG
2678,2023-06-12,LYON (intramuros),NON,9866,15:46,NORD,MARNE LA VALLEE CHESSY,JCSUDNORD,FRMLV,14:00,FRLPD
2679,2023-06-12,MARNE LA VALLEE CHESSY,NON,9866,16:00,NORD,AEROPORT CDG2 TGV ROISSY,JCSUDNORD,FRMLW,15:50,FRMLV
2680,2023-06-12,AEROPORT CDG2 TGV ROISSY,OUI,9866,16:57,NORD,LILLE (intramuros),JCSUDNORD,FRLLE,16:07,FRMLW
2681,2023-06-12,MARSEILLE ST CHARLES,NON,9866,15:46,NORD,MARNE LA VALLEE CHESSY,JCSUDNORD,FRMLV,12:12,FRMSC
2682,2023-06-12,MARSEILLE ST CHARLES,NON,9866,16:00,NORD,AEROPORT CDG2 TGV ROISSY,JCSUDNORD,FRMLW,12:12,FRMSC
2683,2023-06-12,DIJON VILLE,NON,6743,16:58,SUD EST,DOLE VILLE,PABOUR,FRACE,16:35,FRABA
2684,2023-06-12,PARIS (intramuros),NON,6743,15:54,SUD EST,MONTBARD,PABOUR,FRGWE,14:50,FRPLY
2685,2023-06-12,PARIS (intramuros),OUI,7391,22:14,NORD,HAZEBROUCK,PAARRAS,FRHZK,20:25,FRPNO
2686,2023-06-12,PARIS (intramuros),OUI,7391,21:51,NORD,BETHUNE,PAARRAS,FRXBH,20:25,FRPNO
2687,2023-06-12,SURGERES,NON,8378,14:43,ATLANTIQUE,ST MAIXENT DEUX SEVRES,ROCHELLEPA,FREJC,14:08,FREIP
2688,2023-06-12,LA ROCHELLE VILLE,NON,8378,16:57,ATLANTIQUE,PARIS (intramuros),ROCHELLEPA,FRPMO,13:47,FRLRH
2689,2023-06-12,POITIERS,NON,8378,16:57,ATLANTIQUE,PARIS (intramuros),ROCHELLEPA,FRPMO,15:19,FRPIS
2690,2023-06-12,ST MAIXENT DEUX SEVRES,NON,8378,15:50,ATLANTIQUE,ST PIERRE DES CORPS,ROCHELLEPA,FRXSH,14:46,FREJC
2691,2023-06-12,DAX,NON,8544,20:58,ATLANTIQUE,PARIS (intramuros),SUDOUESTPA,FRPMO,17:27,FRACG
2692,2023-06-12,HENDAYE,OUI,8544,16:23,ATLANTIQUE,ST JEAN DE LUZ CIBOURE,SUDOUESTPA,FRXJZ,16:12,FRAEF
2693,2023-06-12,BORDEAUX ST JEAN,NON,8544,20:58,ATLANTIQUE,PARIS (intramuros),SUDOUESTPA,FRPMO,18:46,FRBOJ
2694,2023-06-12,MASSY TGV,NON,8544,20:58,ATLANTIQUE,PARIS (intramuros),SUDOUESTPA,FRPMO,20:47,FRDJU
2695,2023-06-12,BAYONNE,OUI,8544,17:22,ATLANTIQUE,DAX,SUDOUESTPA,FRACG,16:54,FRXBY
2696,2023-06-12,BAYONNE,NON,8544,20:44,ATLANTIQUE,MASSY TGV,SUDOUESTPA,FRDJU,16:54,FRXBY
2697,2023-06-12,HENDAYE,NON,8544,20:44,ATLANTIQUE,MASSY TGV,SUDOUESTPA,FRDJU,16:12,FRAEF
2698,2023-06-12,AIX EN PROVENCE TGV,NON,6852,22:18,SUD EST,LYON (intramuros),JCSUDPROV,FRLPD,20:32,FRAIE
2699,2023-06-12,MARSEILLE ST CHARLES,NON,6852,20:29,SUD EST,AIX EN PROVENCE TGV,JCSUDPROV,FRAIE,20:18,FRMSC
2700,2023-06-12,MARSEILLE ST CHARLES,NON,6852,20:52,SUD EST,AVIGNON TGV,JCSUDPROV,FRAVG,20:18,FRMSC
2701,2023-06-12,NICE VILLE,OUI,6852,20:04,SUD EST,MARSEILLE ST CHARLES,JCSUDPROV,FRMSC,17:27,FRNIC
2702,2023-06-12,TOULON,NON,6852,20:29,SUD EST,AIX EN PROVENCE TGV,JCSUDPROV,FRAIE,19:18,FRTLN
2703,2023-06-12,LES ARCS DRAGUIGNAN,NON,6852,22:18,SUD EST,LYON (intramuros),JCSUDPROV,FRLPD,18:40,FRXRS
2704,2023-06-12,LES ARCS DRAGUIGNAN,OUI,6852,19:14,SUD EST,TOULON,JCSUDPROV,FRTLN,18:40,FRXRS
2705,2023-06-12,LYON (intramuros),NON,9852,07:46,NORD,MARNE LA VALLEE CHESSY,JCSUDNORD,FRMLV,05:37,FRLPE
2706,2023-06-12,LYON (intramuros),NON,9852,06:31,NORD,LE CREUSOT MONTCEAU MONTCHANIN,JCSUDNORD,FRXCC,05:37,FRLPE
2707,2023-06-12,MARNE LA VALLEE CHESSY,NON,9852,09:43,NORD,BRUXELLES MIDI BRUSSEL ZUID,JCSUDNORD,BEBMI,07:50,FRMLV
2708,2023-06-12,LE CREUSOT MONTCEAU MONTCHANIN,NON,9852,07:46,NORD,MARNE LA VALLEE CHESSY,JCSUDNORD,FRMLV,06:34,FRXCC
2709,2023-06-12,BRUXELLES MIDI BRUSSEL ZUID,NON,9870,08:53,NORD,AEROPORT CDG2 TGV ROISSY,JCNORDEST,FRMLW,07:17,BEBMI
2710,2023-06-12,CHAMPAGNE-ARDENNE,NON,9870,10:00,NORD,MEUSE TGV,JCNORDEST,FREAJ,09:34,FREAH
2711,2023-06-12,AEROPORT CDG2 TGV ROISSY,NON,9870,11:05,NORD,STRASBOURG,JCNORDEST,FRAEG,08:59,FRMLW
2712,2023-06-12,AEROPORT CDG2 TGV ROISSY,NON,9870,09:28,NORD,CHAMPAGNE-ARDENNE,JCNORDEST,FREAH,08:59,FRMLW
2713,2023-06-12,ARRAS,OUI,7130,18:08,NORD,PARIS (intramuros),ARRASPA,FRPNO,17:18,FRQRV
2714,2023-06-12,ARLES,NON,6194,10:46,SUD EST,PARIS (intramuros),VDRPA,FRPLY,06:43,FRHZA
2715,2023-06-12,ARLES,OUI,6194,07:18,SUD EST,ORANGE,VDRPA,FRXOG,06:43,FRHZA
2716,2023-06-12,ORANGE,NON,6194,08:46,SUD EST,LYON-SAINT EXUPERY TGV,VDRPA,FRJDQ,07:21,FRXOG
2717,2023-06-12,PARIS (intramuros),OUI,8817,19:20,ATLANTIQUE,NANTES,PARISLOIRE,FRNTE,17:20,FRPMO
2718,2023-06-12,ANGOULEME,OUI,8485,17:37,ATLANTIQUE,BORDEAUX ST JEAN,PASUDOUEST,FRBOJ,16:37,FRANG
2719,2023-06-12,ST PIERRE DES CORPS,NON,8485,16:34,ATLANTIQUE,ANGOULEME,PASUDOUEST,FRANG,15:21,FRXSH
2720,2023-06-12,LES AUBRAIS ORLEANS,NON,3971,08:02,IC NUIT,MERENS LES VALS,PARPALOMBE,FRFQH,22:27,FRLAB
2721,2023-06-12,LES AUBRAIS ORLEANS,NON,3971,07:17,IC NUIT,LES CABANNES,PARPALOMBE,FRFQK,22:27,FRLAB
2722,2023-06-12,LES AUBRAIS ORLEANS,NON,3971,07:08,IC NUIT,TARASCON SUR ARIEGE,PARPALOMBE,FRFQM,22:27,FRLAB
2723,2023-06-12,LES AUBRAIS ORLEANS,NON,3971,06:52,IC NUIT,FOIX,PARPALOMBE,FRXFX,22:27,FRLAB
2724,2023-06-12,LES AUBRAIS ORLEANS,NON,3971,07:41,IC NUIT,AX LES THERMES,PARPALOMBE,FRXLT,22:27,FRLAB
2725,2023-06-12,PARIS (intramuros),NON,3971,06:13,IC NUIT,AUTERIVE,PARPALOMBE,FRFPW,21:13,FRPAZ
2726,2023-06-12,PARIS (intramuros),NON,3971,08:18,IC NUIT,ANDORRE - L'HOSPITALET,PARPALOMBE,FRFQG,21:13,FRPAZ
2727,2023-06-12,BRUXELLES MIDI BRUSSEL ZUID,NON,9826,14:48,NORD,VALENCE TGV RHONE-ALPES SUD,JCNORDSUD,FRVLA,10:17,BEBMI
2728,2023-06-12,LYON (intramuros),NON,9826,14:48,NORD,VALENCE TGV RHONE-ALPES SUD,JCNORDSUD,FRVLA,14:10,FRLPD
2729,2023-06-12,MARNE LA VALLEE CHESSY,NON,9826,15:51,NORD,MONTPELLIER SUD DE FRANCE,JCNORDSUD,FRSUF,12:13,FRMLV
2730,2023-06-12,MARSEILLE ST CHARLES,NON,6173,14:01,SUD EST,ST RAPHAEL VALESCURE,PAAZUR,FRXSK,12:29,FRMSC
2731,2023-06-12,TOULON,NON,6173,14:25,SUD EST,CANNES,PAAZUR,FRJCA,13:17,FRTLN
2732,2023-06-12,ST RAPHAEL VALESCURE,OUI,6173,14:58,SUD EST,NICE VILLE,PAAZUR,FRNIC,14:04,FRXSK
2733,2023-06-12,ST RAPHAEL VALESCURE,OUI,6173,14:39,SUD EST,ANTIBES,PAAZUR,FRXAT,14:04,FRXSK
2734,2023-06-12,ANGOULEME,NON,8486,13:37,ATLANTIQUE,PARIS (intramuros),SUDOUESTPA,FRPMO,11:25,FRANG
2735,2023-06-12,LIBOURNE,NON,8486,13:37,ATLANTIQUE,PARIS (intramuros),SUDOUESTPA,FRPMO,10:42,FRXLR
2736,2023-06-12,BRUXELLES MIDI BRUSSEL ZUID,OUI,9830,13:53,NORD,LILLE (intramuros),JCNORDSUD,FRLLE,13:17,BEBMI
2737,2023-06-12,BRUXELLES MIDI BRUSSEL ZUID,NON,9830,15:09,NORD,MARNE LA VALLEE CHESSY,JCNORDSUD,FRMLV,13:17,BEBMI
2738,2023-06-12,BRUXELLES MIDI BRUSSEL ZUID,NON,9830,18:56,NORD,MARSEILLE ST CHARLES,JCNORDSUD,FRMSC,13:17,BEBMI
2739,2023-06-12,AVIGNON TGV,OUI,9830,18:56,NORD,MARSEILLE ST CHARLES,JCNORDSUD,FRMSC,18:16,FRAVG
2740,2023-06-12,LYON (intramuros),NON,9830,18:37,NORD,AIX EN PROVENCE TGV,JCNORDSUD,FRAIE,17:06,FRLPD
2741,2023-06-12,LYON (intramuros),NON,9830,18:56,NORD,MARSEILLE ST CHARLES,JCNORDSUD,FRMSC,17:06,FRLPD
2742,2023-06-12,MARNE LA VALLEE CHESSY,NON,9830,18:13,NORD,AVIGNON TGV,JCNORDSUD,FRAVG,15:15,FRMLV
2743,2023-06-12,MARNE LA VALLEE CHESSY,NON,9830,17:00,NORD,LYON (intramuros),JCNORDSUD,FRLPD,15:15,FRMLV
2744,2023-06-12,AEROPORT CDG2 TGV ROISSY,NON,9830,18:37,NORD,AIX EN PROVENCE TGV,JCNORDSUD,FRAIE,14:59,FRMLW
2745,2023-06-12,MARNE LA VALLEE CHESSY,NON,5036,21:53,NORD,MONTPELLIER SUD DE FRANCE,JCNORDSUD,FRSUF,18:13,FRMLV
2746,2023-06-12,LYON (intramuros),OUI,6643,09:36,SUD EST,LYON (intramuros),PARISRHONE,FRLPE,09:28,FRLPD
2747,2023-06-12,PARIS (intramuros),NON,6643,09:22,SUD EST,LYON (intramuros),PARISRHONE,FRLPD,07:24,FRPLY
2748,2023-06-12,NIMES,NON,6823,14:44,SUD EST,BEZIERS,JCPROVSUD,FRBZR,13:38,FRFNI
2749,2023-06-12,NIMES,NON,6823,14:03,SUD EST,MONTPELLIER SAINT-ROCH,JCPROVSUD,FRMPL,13:38,FRFNI
2750,2023-06-12,NIMES,NON,6823,16:19,SUD EST,TOULOUSE MATABIAU,JCPROVSUD,FRXYT,13:38,FRFNI
2751,2023-06-12,LYON (intramuros),NON,6823,14:44,SUD EST,BEZIERS,JCPROVSUD,FRBZR,12:06,FRLPD
2752,2023-06-12,MONTPELLIER SAINT-ROCH,NON,6823,15:31,SUD EST,CARCASSONNE,JCPROVSUD,FRCCF,14:09,FRMPL
2753,2023-06-12,MONTPELLIER SAINT-ROCH,NON,6823,15:00,SUD EST,NARBONNE,JCPROVSUD,FRXNA,14:09,FRMPL
2754,2023-06-12,VALENCE TGV RHONE-ALPES SUD,NON,6823,15:00,SUD EST,NARBONNE,JCPROVSUD,FRXNA,12:50,FRVLA
2755,2023-06-12,BREST,OUI,8606,08:20,ATLANTIQUE,GUINGAMP,BRETAPARIS,FRGGP,07:22,FRBES
2756,2023-06-12,BREST,OUI,8606,09:29,ATLANTIQUE,RENNES,BRETAPARIS,FRRNS,07:22,FRBES
2757,2023-06-12,BREST,OUI,8606,08:37,ATLANTIQUE,ST BRIEUC,BRETAPARIS,FRSBK,07:22,FRBES
2758,2023-06-12,ST BRIEUC,OUI,8606,09:29,ATLANTIQUE,RENNES,BRETAPARIS,FRRNS,08:40,FRSBK
2759,2023-06-12,LILLE (intramuros),OUI,9809,07:55,NORD,BRUXELLES MIDI BRUSSEL ZUID,JCSUDNORD,BEBMI,07:20,FRLLE
2760,2023-06-12,CANNES,NON,6074,15:50,SUD EST,PARIS (intramuros),AZURPA,FRPLY,10:32,FRJCA
2761,2023-06-12,ANTIBES,NON,6074,11:44,SUD EST,TOULON,AZURPA,FRTLN,10:16,FRXAT
2762,2023-06-12,ST PIERRE DES CORPS,NON,8308,09:04,ATLANTIQUE,PARIS (intramuros),ROCHELLEPA,FRPMO,08:03,FRXSH
2763,2023-06-12,AVIGNON TGV,NON,6124,19:22,SUD EST,PARIS (intramuros),AZURPA,FRPLY,16:41,FRAVG
2764,2023-06-12,AGEN,NON,8500,09:19,ATLANTIQUE,PARIS (intramuros),SUDOUESTPA,FRPMO,05:58,FRAGF
2765,2023-06-12,SAUMUR,OUI,5358,23:09,SUD EST,NANTES,JCSUDATL,FRNTE,22:09,FRACN
2766,2023-06-12,LYON (intramuros),NON,5358,22:06,SUD EST,SAUMUR,JCSUDATL,FRACN,18:30,FRLPD
2767,2023-06-12,MONTPELLIER SUD DE FRANCE,NON,5358,18:20,SUD EST,LYON (intramuros),JCSUDATL,FRLPD,16:41,FRSUF
2768,2023-06-12,MONTPELLIER SUD DE FRANCE,NON,5358,22:29,SUD EST,ANGERS ST LAUD,JCSUDATL,FRACL,16:41,FRSUF
2769,2023-06-12,NIMES PONT DU GARD,NON,5358,21:28,SUD EST,ST PIERRE DES CORPS,JCSUDATL,FRXSH,17:02,FRXZP
2770,2023-06-12,NIMES PONT DU GARD,NON,5358,20:31,SUD EST,MASSY TGV,JCSUDATL,FRDJU,17:02,FRXZP
2771,2023-06-12,CLERMONT FERRAND,NON,5966,11:58,IC ARO,NEVERS,CLERMONTPA,FRNVS,10:31,FRCFE
2772,2023-06-12,CLERMONT FERRAND,NON,5966,10:39,IC ARO,RIOM CHATEL GUYON,CLERMONTPA,FRRIO,10:31,FRCFE
2773,2023-06-12,CLERMONT FERRAND,NON,5966,11:01,IC ARO,VICHY,CLERMONTPA,FRVHY,10:31,FRCFE
2774,2023-06-12,MOULINS SUR ALLIER,NON,5966,11:58,IC ARO,NEVERS,CLERMONTPA,FRNVS,11:28,FRXMU
2775,2023-06-12,VENDOME VILLIERS SUR LOIR,OUI,8347,22:35,ATLANTIQUE,CHATELLERAULT,PAROCHELLE,FRXCX,21:46,FRESL
2776,2023-06-12,PARIS (intramuros),OUI,8347,21:43,ATLANTIQUE,VENDOME VILLIERS SUR LOIR,PAROCHELLE,FRESL,20:58,FRPMO
2777,2023-06-12,PARIS (intramuros),OUI,8347,22:05,ATLANTIQUE,ST PIERRE DES CORPS,PAROCHELLE,FRXSH,20:58,FRPMO
2778,2023-06-12,GRENOBLE,NON,6906,10:46,SUD EST,PARIS (intramuros),GRENOBLEPA,FRPLY,07:46,FRGNB
2779,2023-06-12,PARIS (intramuros),OUI,2709,09:39,EST,RETHEL,PABARSED,FRBDT,08:28,FRPST
2780,2023-06-12,PARIS (intramuros),OUI,2709,09:14,EST,REIMS,PABARSED,FRRHE,08:28,FRPST
2781,2023-06-12,CHARLEVILLE MEZIERES,OUI,2709,10:35,EST,SEDAN,PABARSED,FRXSW,10:19,FRXCZ
2782,2023-06-12,DAX,OUI,8583,15:40,ATLANTIQUE,BORDEAUX ST JEAN,SUDOUESTPA,FRBOJ,14:24,FRACG
2783,2023-06-12,PAU,OUI,8583,13:44,ATLANTIQUE,ORTHEZ,SUDOUESTPA,FRGFI,13:24,FRAEE
2784,2023-06-12,ORTHEZ,OUI,8583,15:40,ATLANTIQUE,BORDEAUX ST JEAN,SUDOUESTPA,FRBOJ,13:47,FRGFI
2785,2023-06-12,LOURDES,OUI,8583,13:21,ATLANTIQUE,PAU,SUDOUESTPA,FRAEE,12:56,FRLDE
2786,2023-06-12,LOURDES,OUI,8583,13:44,ATLANTIQUE,ORTHEZ,SUDOUESTPA,FRGFI,12:56,FRLDE
2787,2023-06-12,TARBES,OUI,8583,13:44,ATLANTIQUE,ORTHEZ,SUDOUESTPA,FRGFI,12:33,FRXTB
2788,2023-06-12,NIMES,NON,6225,22:03,SUD EST,BEZIERS,PALANG,FRBZR,20:46,FRFNI
2789,2023-06-12,NIMES,NON,6225,22:56,SUD EST,PERPIGNAN,PALANG,FRPGF,20:46,FRFNI
2790,2023-06-12,NIMES,NON,6225,21:32,SUD EST,SETE,PALANG,FRXSY,20:46,FRFNI
2791,2023-06-12,MONTPELLIER SAINT-ROCH,OUI,6225,21:48,SUD EST,AGDE,PALANG,FRXAG,21:17,FRMPL
2792,2023-06-12,PARIS (intramuros),NON,6225,22:19,SUD EST,NARBONNE,PALANG,FRXNA,17:40,FRPLY
2793,2023-06-12,VALENCE TGV RHONE-ALPES SUD,NON,6225,22:56,SUD EST,PERPIGNAN,PALANG,FRPGF,19:57,FRVLA
2794,2023-06-12,AGDE,OUI,6225,22:19,SUD EST,NARBONNE,PALANG,FRXNA,21:51,FRXAG
2795,2023-06-12,SETE,OUI,6225,21:48,SUD EST,AGDE,PALANG,FRXAG,21:35,FRXSY
2796,2023-06-12,STRASBOURG,NON,5486,10:34,EST,MASSY TGV,JCESTATL,FRDJU,07:31,FRAEG
2797,2023-06-12,STRASBOURG,OUI,5486,08:06,EST,LORRAINE TGV,JCESTATL,FREAM,07:31,FRAEG
2798,2023-06-12,STRASBOURG,NON,5486,09:28,EST,AEROPORT CDG2 TGV ROISSY,JCESTATL,FRMLW,07:31,FRAEG
2799,2023-06-12,STRASBOURG,NON,5486,11:32,EST,ST PIERRE DES CORPS,JCESTATL,FRXSH,07:31,FRAEG
2800,2023-06-12,CHAMPAGNE-ARDENNE,NON,5486,11:32,EST,ST PIERRE DES CORPS,JCESTATL,FRXSH,08:58,FREAH
2801,2023-06-12,LORRAINE TGV,NON,5486,09:28,EST,AEROPORT CDG2 TGV ROISSY,JCESTATL,FRMLW,08:09,FREAM
2802,2023-06-12,AEROPORT CDG2 TGV ROISSY,NON,5486,11:32,EST,ST PIERRE DES CORPS,JCESTATL,FRXSH,09:45,FRMLW
2803,2023-06-12,LILLE (intramuros),OUI,7068,19:14,NORD,PARIS (intramuros),LILLEPA,FRPNO,18:12,FRADJ
2804,2023-06-12,STRASBOURG,NON,5454,17:04,EST,MASSY TGV,JCESTATL,FRDJU,14:01,FRAEG
2805,2023-06-12,ANGOULEME,OUI,5454,20:02,EST,BORDEAUX ST JEAN,JCESTATL,FRBOJ,19:25,FRANG
2806,2023-06-12,MASSY TGV,NON,5454,20:02,EST,BORDEAUX ST JEAN,JCESTATL,FRBOJ,17:10,FRDJU
2807,2023-06-12,MASSY TGV,NON,5454,18:40,EST,POITIERS,JCESTATL,FRPIS,17:10,FRDJU
2808,2023-06-12,CHAMPAGNE-ARDENNE,NON,5454,17:04,EST,MASSY TGV,JCESTATL,FRDJU,15:34,FREAH
2809,2023-06-12,LORRAINE TGV,NON,5454,20:02,EST,BORDEAUX ST JEAN,JCESTATL,FRBOJ,14:39,FREAM
2810,2023-06-12,LORRAINE TGV,NON,5454,14:58,EST,MEUSE TGV,JCESTATL,FREAJ,14:39,FREAM
2811,2023-06-12,LORRAINE TGV,NON,5454,16:04,EST,AEROPORT CDG2 TGV ROISSY,JCESTATL,FRMLW,14:39,FREAM
2812,2023-06-12,MARNE LA VALLEE CHESSY,NON,5454,20:02,EST,BORDEAUX ST JEAN,JCESTATL,FRBOJ,16:32,FRMLV
2813,2023-06-12,AEROPORT CDG2 TGV ROISSY,NON,5454,20:02,EST,BORDEAUX ST JEAN,JCESTATL,FRBOJ,16:18,FRMLW
2814,2023-06-12,ST PIERRE DES CORPS,NON,5454,19:22,EST,ANGOULEME,JCESTATL,FRANG,18:10,FRXSH
2815,2023-06-12,ST PIERRE DES CORPS,NON,5454,20:02,EST,BORDEAUX ST JEAN,JCESTATL,FRBOJ,18:10,FRXSH
2816,2023-06-12,PARIS (intramuros),NON,8437,13:02,ATLANTIQUE,BORDEAUX ST JEAN,PASUDOUEST,FRBOJ,10:03,FRPMO
2817,2023-06-12,ST PIERRE DES CORPS,OUI,8437,13:02,ATLANTIQUE,BORDEAUX ST JEAN,PASUDOUEST,FRBOJ,11:10,FRXSH
2818,2023-06-12,ANGERS ST LAUD,OUI,5300,06:24,SUD EST,ST PIERRE DES CORPS,JCATLSUD,FRXSH,05:27,FRACL
2819,2023-06-12,LYON (intramuros),OUI,5300,10:58,SUD EST,NIMES PONT DU GARD,JCATLSUD,FRXZP,09:39,FRLPD
2820,2023-06-12,SAUMUR,NON,5300,10:58,SUD EST,NIMES PONT DU GARD,JCATLSUD,FRXZP,05:50,FRACN
2821,2023-06-12,NIMES PONT DU GARD,OUI,5300,11:21,SUD EST,MONTPELLIER SUD DE FRANCE,JCATLSUD,FRSUF,11:01,FRXZP
2822,2023-06-12,LYON (intramuros),NON,5156,09:17,NORD,MARNE LA VALLEE CHESSY,JCSUDNORD,FRMLV,07:30,FRLPD
2823,2023-06-12,AEROPORT CDG2 TGV ROISSY,OUI,5156,10:40,NORD,LILLE (intramuros),JCSUDNORD,FRADJ,09:48,FRMLW
2824,2023-06-12,MONTPELLIER SAINT-ROCH,NON,5156,06:39,NORD,VALENCE TGV RHONE-ALPES SUD,JCSUDNORD,FRVLA,05:25,FRMPL
2825,2023-06-12,VALENCE TGV RHONE-ALPES SUD,NON,5156,10:40,NORD,LILLE (intramuros),JCSUDNORD,FRADJ,06:45,FRVLA
2826,2023-06-12,PAU,NON,14142,13:30,IC SRO,MONTREJEAU GOURDAN POLIGNAN,SUDOUEST,FRMTJ,12:12,FRAEE
2827,2023-06-12,PAU,NON,14142,14:27,IC SRO,TOULOUSE MATABIAU,SUDOUEST,FRXYT,12:12,FRAEE
2828,2023-06-12,HENDAYE,NON,14142,12:37,IC SRO,LOURDES,SUDOUEST,FRLDE,10:19,FRAEF
2829,2023-06-12,BIARRITZ,NON,14142,13:30,IC SRO,MONTREJEAU GOURDAN POLIGNAN,SUDOUEST,FRMTJ,10:40,FRBIQ
2830,2023-06-12,BIARRITZ,NON,14142,14:27,IC SRO,TOULOUSE MATABIAU,SUDOUEST,FRXYT,10:40,FRBIQ
2831,2023-06-12,ORTHEZ,NON,14142,14:27,IC SRO,TOULOUSE MATABIAU,SUDOUEST,FRXYT,11:48,FRGFI
2832,2023-06-12,BAYONNE,NON,14142,13:30,IC SRO,MONTREJEAU GOURDAN POLIGNAN,SUDOUEST,FRMTJ,11:02,FRXBY
2833,2023-06-12,ST JEAN DE LUZ CIBOURE,NON,14142,12:09,IC SRO,PAU,SUDOUEST,FRAEE,10:30,FRXJZ
2834,2023-06-12,TARBES,NON,14142,14:27,IC SRO,TOULOUSE MATABIAU,SUDOUEST,FRXYT,12:56,FRXTB
2835,2023-06-12,MACON LOCHE TGV,NON,6972,16:14,SUD EST,PARIS (intramuros),ALPESPARIS,FRPLY,14:38,FRMLT
2836,2023-06-12,ANNECY,NON,6972,13:10,SUD EST,CHAMBERY CHALLES LES EAUX,ALPESPARIS,FRCMF,12:30,FRNCY
2837,2023-06-12,ANNECY,NON,6972,12:56,SUD EST,AIX LES BAINS LE REVARD,ALPESPARIS,FRXAI,12:30,FRNCY
2838,2023-06-12,PAU,NON,8571,11:21,ATLANTIQUE,LOURDES,PASUDOUEST,FRLDE,10:55,FRAEE
2839,2023-06-12,BORDEAUX ST JEAN,NON,8571,10:52,ATLANTIQUE,PAU,PASUDOUEST,FRAEE,08:54,FRBOJ
2840,2023-06-12,BORDEAUX ST JEAN,NON,8571,11:47,ATLANTIQUE,TARBES,PASUDOUEST,FRXTB,08:54,FRBOJ
2841,2023-06-12,MASSY TGV,NON,8571,10:52,ATLANTIQUE,PAU,PASUDOUEST,FRAEE,06:49,FRDJU
2842,2023-06-12,MASSY TGV,NON,8571,11:47,ATLANTIQUE,TARBES,PASUDOUEST,FRXTB,06:49,FRDJU
2843,2023-06-12,PARIS (intramuros),NON,8571,06:46,ATLANTIQUE,MASSY TGV,PASUDOUEST,FRDJU,06:36,FRPMO
2844,2023-06-12,PARIS (intramuros),NON,8571,11:21,ATLANTIQUE,LOURDES,PASUDOUEST,FRLDE,06:36,FRPMO
2845,2023-06-12,PARIS (intramuros),NON,8571,11:47,ATLANTIQUE,TARBES,PASUDOUEST,FRXTB,06:36,FRPMO
2846,2023-06-12,VENDOME VILLIERS SUR LOIR,OUI,8345,20:10,ATLANTIQUE,CHATELLERAULT,PAROCHELLE,FRXCX,19:15,FRESL
2847,2023-06-12,ST PIERRE DES CORPS,OUI,8345,20:10,ATLANTIQUE,CHATELLERAULT,PAROCHELLE,FRXCX,19:44,FRXSH
2848,2023-06-12,LYON (intramuros),NON,6634,21:45,SUD EST,LE CREUSOT MONTCEAU MONTCHANIN,RHONEPARIS,FRXCC,21:03,FRLPD
2849,2023-06-12,LYON (intramuros),NON,6634,21:45,SUD EST,LE CREUSOT MONTCEAU MONTCHANIN,RHONEPARIS,FRXCC,20:49,FRLPE
2850,2023-06-12,CARCASSONNE,NON,4762,18:35,IC ARO,AGEN,TJOURSESO,FRAGF,16:33,FRCCF
2851,2023-06-12,MONTPELLIER SAINT-ROCH,NON,4762,15:43,IC ARO,BEZIERS,TJOURSESO,FRBZR,15:06,FRMPL
2852,2023-06-12,MONTPELLIER SAINT-ROCH,NON,4762,16:31,IC ARO,CARCASSONNE,TJOURSESO,FRCCF,15:06,FRMPL
2853,2023-06-12,MONTPELLIER SAINT-ROCH,NON,4762,15:59,IC ARO,NARBONNE,TJOURSESO,FRXNA,15:06,FRMPL
2854,2023-06-12,NARBONNE,NON,4762,17:18,IC ARO,TOULOUSE MATABIAU,TJOURSESO,FRXYT,16:02,FRXNA
2855,2023-06-12,LYON (intramuros),NON,4504,18:46,IC SRO,NANTES,JOURLYNNTE,FRNTE,12:00,FRLPD
2856,2023-06-12,LYON (intramuros),NON,4504,13:03,IC SRO,ROANNE,JOURLYNNTE,FRRNE,11:47,FRLPE
2857,2023-06-12,LYON (intramuros),NON,4504,15:49,IC SRO,VIERZON VILLE,JOURLYNNTE,FRXVZ,11:47,FRLPE
2858,2023-06-12,NEVERS,NON,4504,16:55,IC SRO,ST PIERRE DES CORPS,JOURLYNNTE,FRXSH,14:52,FRNVS
2859,2023-06-12,NEVERS,NON,4504,15:49,IC SRO,VIERZON VILLE,JOURLYNNTE,FRXVZ,14:52,FRNVS
2860,2023-06-12,ROANNE,NON,4504,17:36,IC SRO,SAUMUR,JOURLYNNTE,FRACN,13:06,FRRNE
2861,2023-06-12,ROANNE,NON,4504,15:28,IC SRO,BOURGES,JOURLYNNTE,FRBOU,13:06,FRRNE
2862,2023-06-12,ROANNE,NON,4504,18:46,IC SRO,NANTES,JOURLYNNTE,FRNTE,13:06,FRRNE
2863,2023-06-12,ROANNE,NON,4504,14:39,IC SRO,NEVERS,JOURLYNNTE,FRNVS,13:06,FRRNE
2864,2023-06-12,ST GERMAIN DES FOSSES,NON,4504,18:46,IC SRO,NANTES,JOURLYNNTE,FRNTE,13:45,FRSGF
2865,2023-06-12,ST GERMAIN DES FOSSES,NON,4504,14:39,IC SRO,NEVERS,JOURLYNNTE,FRNVS,13:45,FRSGF
2866,2023-06-12,ST GERMAIN DES FOSSES,NON,4504,16:55,IC SRO,ST PIERRE DES CORPS,JOURLYNNTE,FRXSH,13:45,FRSGF
2867,2023-06-12,MOULINS SUR ALLIER,NON,4504,15:28,IC SRO,BOURGES,JOURLYNNTE,FRBOU,14:10,FRXMU
2868,2023-06-12,MOULINS SUR ALLIER,NON,4504,18:46,IC SRO,NANTES,JOURLYNNTE,FRNTE,14:10,FRXMU
2869,2023-06-12,MOULINS SUR ALLIER,NON,4504,14:39,IC SRO,NEVERS,JOURLYNNTE,FRNVS,14:10,FRXMU
2870,2023-06-12,ST PIERRE DES CORPS,NON,4504,18:46,IC SRO,NANTES,JOURLYNNTE,FRNTE,16:58,FRXSH
2871,2023-06-12,VIERZON VILLE,NON,4504,18:01,IC SRO,ANGERS ST LAUD,JOURLYNNTE,FRACL,15:51,FRXVZ
2872,2023-06-12,VIERZON VILLE,NON,4504,18:46,IC SRO,NANTES,JOURLYNNTE,FRNTE,15:51,FRXVZ
2873,2023-06-12,MARSEILLE ST CHARLES,OUI,6132,19:37,SUD EST,AVIGNON TGV,PROVENCEPA,FRAVG,19:04,FRMSC
2874,2023-06-12,BREST,OUI,8646,19:52,ATLANTIQUE,MORLAIX,BRETAPARIS,FRMXN,19:22,FRBES
2875,2023-06-12,BREST,NON,8646,23:08,ATLANTIQUE,PARIS (intramuros),BRETAPARIS,FRPMO,19:22,FRBES
2876,2023-06-12,BREST,OUI,8646,21:29,ATLANTIQUE,RENNES,BRETAPARIS,FRRNS,19:22,FRBES
2877,2023-06-12,MORLAIX,OUI,8646,21:29,ATLANTIQUE,RENNES,BRETAPARIS,FRRNS,19:55,FRMXN
2878,2023-06-12,RENNES,NON,8646,23:08,ATLANTIQUE,PARIS (intramuros),BRETAPARIS,FRPMO,21:35,FRRNS
2879,2023-06-12,ST BRIEUC,NON,8646,23:08,ATLANTIQUE,PARIS (intramuros),BRETAPARIS,FRPMO,20:41,FRSBK
2880,2023-06-12,PARIS (intramuros),OUI,7057,18:18,NORD,LILLE (intramuros),PALILLE,FRADJ,17:16,FRPNO
2881,2023-06-12,HENDAYE,NON,8540,14:19,ATLANTIQUE,DAX,SUDOUESTPA,FRACG,13:09,FRAEF
2882,2023-06-12,HENDAYE,OUI,8540,13:19,ATLANTIQUE,ST JEAN DE LUZ CIBOURE,SUDOUESTPA,FRXJZ,13:09,FRAEF
2883,2023-06-12,BAYONNE,NON,8540,17:52,ATLANTIQUE,PARIS (intramuros),SUDOUESTPA,FRPMO,13:49,FRXBY
2884,2023-06-12,CARCASSONNE,OUI,6875,18:56,SUD EST,NARBONNE,JCSUDPROV,FRXNA,18:27,FRCCF
2885,2023-06-12,CARCASSONNE,OUI,6875,19:36,SUD EST,SETE,JCSUDPROV,FRXSY,18:27,FRCCF
2886,2023-06-12,MONTPELLIER SUD DE FRANCE,OUI,6875,21:29,SUD EST,VALENCE TGV RHONE-ALPES SUD,JCSUDPROV,FRVLA,20:11,FRSUF
2887,2023-06-12,NARBONNE,OUI,6875,20:01,SUD EST,MONTPELLIER SUD DE FRANCE,JCSUDPROV,FRSUF,18:59,FRXNA
2888,2023-06-12,MONTPELLIER SUD DE FRANCE,OUI,6875,22:14,SUD EST,LYON (intramuros),JCSUDPROV,FRLPD,20:11,FRSUF
2889,2023-06-12,BEZIERS,OUI,6875,20:33,SUD EST,NIMES PONT DU GARD,JCSUDPROV,FRXZP,19:15,FRBZR
2890,2023-06-12,CARCASSONNE,OUI,6875,20:33,SUD EST,NIMES PONT DU GARD,JCSUDPROV,FRXZP,18:27,FRCCF
2891,2023-06-12,AVIGNON TGV,NON,5376,09:20,SUD EST,LYON (intramuros),JCSUDATL,FRLPD,08:05,FRAVG
2892,2023-06-12,AVIGNON TGV,NON,5376,11:37,SUD EST,MASSY PALAISEAU,JCSUDATL,FRMPU,08:05,FRAVG
2893,2023-06-12,MASSY PALAISEAU,OUI,5376,11:55,SUD EST,VERSAILLES CHANTIERS,JCSUDATL,FRDHT,11:40,FRMPU
2894,2023-06-12,MASSY PALAISEAU,OUI,5376,12:29,SUD EST,MANTES LA JOLIE,JCSUDATL,FRMTE,11:40,FRMPU
2895,2023-06-12,MARSEILLE ST CHARLES,NON,5376,11:55,SUD EST,VERSAILLES CHANTIERS,JCSUDATL,FRDHT,07:35,FRMSC
2896,2023-06-12,MARSEILLE ST CHARLES,NON,5376,12:29,SUD EST,MANTES LA JOLIE,JCSUDATL,FRMTE,07:35,FRMSC
2897,2023-06-12,MARSEILLE ST CHARLES,NON,5376,13:22,SUD EST,ROUEN RIVE DROITE,JCSUDATL,FRURD,07:35,FRMSC
2898,2023-06-12,VALENCE TGV RHONE-ALPES SUD,NON,5376,11:55,SUD EST,VERSAILLES CHANTIERS,JCSUDATL,FRDHT,08:42,FRVLA
2899,2023-06-12,PARIS (intramuros),OUI,7015,09:48,NORD,LILLE (intramuros),PALILLE,FRADJ,08:46,FRPNO
2900,2023-06-12,PARIS (intramuros),OUI,8303,13:45,ATLANTIQUE,TOURS,PAROCHELLE,FRAFW,12:28,FRPMO
2901,2023-06-12,PARIS (intramuros),OUI,8303,13:35,ATLANTIQUE,ST PIERRE DES CORPS,PAROCHELLE,FRXSH,12:28,FRPMO
2902,2023-06-12,AGEN,NON,8504,10:40,ATLANTIQUE,BORDEAUX ST JEAN,SUDOUESTPA,FRBOJ,09:35,FRAGF
2903,2023-06-12,BREST,OUI,8622,14:37,ATLANTIQUE,ST BRIEUC,BRETAPARIS,FRSBK,13:31,FRBES
2904,2023-06-12,ST BRIEUC,NON,8622,17:08,ATLANTIQUE,PARIS (intramuros),BRETAPARIS,FRPMO,14:40,FRSBK
2905,2023-06-12,ST BRIEUC,NON,8622,15:29,ATLANTIQUE,RENNES,BRETAPARIS,FRRNS,14:40,FRSBK
2906,2023-06-12,ANGERS ST LAUD,NON,8984,19:14,ATLANTIQUE,PARIS (intramuros),LOIREPARIS,FRPMO,17:48,FRACL
2907,2023-06-12,LA ROCHE SUR YON,NON,8984,19:14,ATLANTIQUE,PARIS (intramuros),LOIREPARIS,FRPMO,16:10,FRXRO
2908,2023-06-12,DIJON VILLE,NON,9898,12:24,EST,STRASBOURG,JCRHONRHIN,FRAEG,10:08,FRABA
2909,2023-06-12,DIJON VILLE,NON,9898,10:34,EST,BESANCON - F COMTE TGV,JCRHONRHIN,FRTJB,10:08,FRABA
2910,2023-06-12,STRASBOURG,OUI,9898,13:48,EST,THIONVILLE,JCRHONRHIN,FRXTH,12:31,FRAEG
2911,2023-06-12,STRASBOURG,OUI,9898,14:15,EST,LUXEMBOURG,JCRHONRHIN,LULUX,12:31,FRAEG
2912,2023-06-12,COLMAR,NON,9898,13:23,EST,METZ VILLE,JCRHONRHIN,FRADE,11:52,FRAEJ
2913,2023-06-12,COLMAR,NON,9898,13:48,EST,THIONVILLE,JCRHONRHIN,FRXTH,11:52,FRAEJ
2914,2023-06-12,NIMES,NON,9898,07:39,EST,VALENCE TGV RHONE-ALPES SUD,JCRHONRHIN,FRVLA,06:53,FRFNI
2915,2023-06-12,NIMES,NON,9898,13:48,EST,THIONVILLE,JCRHONRHIN,FRXTH,06:53,FRFNI
2916,2023-06-12,LYON (intramuros),NON,9898,12:24,EST,STRASBOURG,JCRHONRHIN,FRAEG,08:30,FRLPD
2917,2023-06-12,MONTPELLIER SAINT-ROCH,NON,9898,11:49,EST,COLMAR,JCRHONRHIN,FRAEJ,06:26,FRMPL
2918,2023-06-12,BELFORT-MONTBELIARD TGV,NON,9898,13:48,EST,THIONVILLE,JCRHONRHIN,FRXTH,10:59,FRTJA
2919,2023-06-12,VALENCE TGV RHONE-ALPES SUD,NON,9898,12:24,EST,STRASBOURG,JCRHONRHIN,FRAEG,07:44,FRVLA
2920,2023-06-12,VALENCE TGV RHONE-ALPES SUD,NON,9898,13:48,EST,THIONVILLE,JCRHONRHIN,FRXTH,07:44,FRVLA
2921,2023-06-12,VALENCE TGV RHONE-ALPES SUD,NON,9898,14:15,EST,LUXEMBOURG,JCRHONRHIN,LULUX,07:44,FRVLA
2922,2023-06-12,THIONVILLE,OUI,9898,14:15,EST,LUXEMBOURG,JCRHONRHIN,LULUX,13:51,FRXTH
2923,2023-06-12,LUCON,NON,3837,20:03,IC SRO,ROCHEFORT,NANTEBORDO,FRRCO,19:00,FRLCN
2924,2023-06-12,NANTES,NON,3837,22:08,IC SRO,BORDEAUX ST JEAN,NANTEBORDO,FRBOJ,17:55,FRNTE
2925,2023-06-12,NANTES,NON,3837,20:32,IC SRO,SAINTES,NANTEBORDO,FRXST,17:55,FRNTE
2926,2023-06-12,LA ROCHE SUR YON,NON,3837,22:08,IC SRO,BORDEAUX ST JEAN,NANTEBORDO,FRBOJ,18:36,FRXRO
2927,2023-06-12,LA ROCHE SUR YON,NON,3837,20:03,IC SRO,ROCHEFORT,NANTEBORDO,FRRCO,18:36,FRXRO
2928,2023-06-12,VENDOME VILLIERS SUR LOIR,OUI,8318,18:33,ATLANTIQUE,PARIS (intramuros),ROCHELLEPA,FRPMO,17:46,FRESL
2929,2023-06-12,PARIS (intramuros),NON,6103,10:56,SUD EST,MARSEILLE ST CHARLES,PAPROVENCE,FRMSC,07:36,FRPLY
2930,2023-06-12,DIJON VILLE,OUI,5516,15:54,EST,STRASBOURG,JCRHONRHIN,FRAEG,13:37,FRABA
2931,2023-06-12,COLMAR,OUI,5516,15:54,EST,STRASBOURG,JCRHONRHIN,FRAEG,15:27,FRAEJ
2932,2023-06-12,AIX EN PROVENCE TGV,NON,5516,14:06,EST,BESANCON - F COMTE TGV,JCRHONRHIN,FRTJB,09:58,FRAIE
2933,2023-06-12,AIX EN PROVENCE TGV,NON,5516,12:41,EST,CHALON SUR SAONE,JCRHONRHIN,FRXCD,09:58,FRAIE
2934,2023-06-12,MACON VILLE,OUI,5516,13:25,EST,DIJON VILLE,JCRHONRHIN,FRABA,12:12,FRHGU
2935,2023-06-12,MACON VILLE,OUI,5516,14:55,EST,MULHOUSE VILLE,JCRHONRHIN,FRAEK,12:12,FRHGU
2936,2023-06-12,CANNES,NON,5516,17:02,EST,NANCY,JCRHONRHIN,FRENC,07:30,FRJCA
2937,2023-06-12,CANNES,OUI,5516,08:09,EST,LES ARCS DRAGUIGNAN,JCRHONRHIN,FRXRS,07:30,FRJCA
2938,2023-06-12,LYON (intramuros),NON,5516,15:54,EST,STRASBOURG,JCRHONRHIN,FRAEG,11:32,FRLPD
2939,2023-06-12,MARSEILLE ST CHARLES,NON,5516,14:55,EST,MULHOUSE VILLE,JCRHONRHIN,FRAEK,09:45,FRMSC
2940,2023-06-12,NICE VILLE,NON,5516,10:17,EST,AVIGNON TGV,JCRHONRHIN,FRAVG,07:00,FRNIC
2941,2023-06-12,BELFORT-MONTBELIARD TGV,OUI,5516,15:54,EST,STRASBOURG,JCRHONRHIN,FRAEG,14:33,FRTJA
2942,2023-06-12,BESANCON - F COMTE TGV,OUI,5516,14:55,EST,MULHOUSE VILLE,JCRHONRHIN,FRAEK,14:09,FRTJB
2943,2023-06-12,TOULON,NON,5516,10:17,EST,AVIGNON TGV,JCRHONRHIN,FRAVG,08:50,FRTLN
2944,2023-06-12,TOULON,NON,5516,11:26,EST,LYON (intramuros),JCRHONRHIN,FRLPD,08:50,FRTLN
2945,2023-06-12,ANTIBES,NON,5516,10:17,EST,AVIGNON TGV,JCRHONRHIN,FRAVG,07:16,FRXAT
2946,2023-06-12,ANTIBES,OUI,5516,08:46,EST,TOULON,JCRHONRHIN,FRTLN,07:16,FRXAT
2947,2023-06-12,ANTIBES,NON,5516,13:03,EST,BEAUNE,JCRHONRHIN,FRXBV,07:16,FRXAT
2948,2023-06-12,CHALON SUR SAONE,OUI,5516,14:55,EST,MULHOUSE VILLE,JCRHONRHIN,FRAEK,12:44,FRXCD
2949,2023-06-12,LES ARCS DRAGUIGNAN,NON,5516,15:54,EST,STRASBOURG,JCRHONRHIN,FRAEG,08:12,FRXRS
2950,2023-06-12,LES ARCS DRAGUIGNAN,NON,5516,15:24,EST,COLMAR,JCRHONRHIN,FRAEJ,08:12,FRXRS
2951,2023-06-12,LES ARCS DRAGUIGNAN,NON,5516,17:02,EST,NANCY,JCRHONRHIN,FRENC,08:12,FRXRS
2952,2023-06-12,LES ARCS DRAGUIGNAN,NON,5516,11:26,EST,LYON (intramuros),JCRHONRHIN,FRLPD,08:12,FRXRS
2953,2023-06-12,ST RAPHAEL VALESCURE,NON,5516,09:55,EST,AIX EN PROVENCE TGV,JCRHONRHIN,FRAIE,07:55,FRXSK
2954,2023-06-12,ST RAPHAEL VALESCURE,OUI,5516,09:33,EST,MARSEILLE ST CHARLES,JCRHONRHIN,FRMSC,07:55,FRXSK
2955,2023-06-12,ST RAPHAEL VALESCURE,OUI,5516,08:46,EST,TOULON,JCRHONRHIN,FRTLN,07:55,FRXSK
2956,2023-06-12,ST RAPHAEL VALESCURE,NON,5516,13:03,EST,BEAUNE,JCRHONRHIN,FRXBV,07:55,FRXSK
2957,2023-06-12,COLMAR,OUI,5516,17:02,EST,NANCY,JCRHONRHIN,FRENC,15:27,FRAEJ
2958,2023-06-12,MULHOUSE VILLE,OUI,5516,17:02,EST,NANCY,JCRHONRHIN,FRENC,15:06,FRAEK
2959,2023-06-12,BELFORT-MONTBELIARD TGV,OUI,5516,17:02,EST,NANCY,JCRHONRHIN,FRENC,14:33,FRTJA
2960,2023-06-12,LYON (intramuros),OUI,6609,12:10,SUD EST,LYON (intramuros),PARISRHONE,FRLPE,12:02,FRLPD
2961,2023-06-12,CHAMBERY CHALLES LES EAUX,NON,6984,22:16,SUD EST,PARIS (intramuros),ALPESPARIS,FRPLY,19:22,FRCMF
2962,2023-06-12,LILLE (intramuros),OUI,5224,10:14,NORD,ARRAS,JCNORDBRET,FRQRV,09:32,FRADJ
2963,2023-06-12,MASSY TGV,NON,5224,13:04,NORD,ST PIERRE DES CORPS,JCNORDBRET,FRXSH,12:10,FRDJU
2964,2023-06-12,AEROPORT CDG2 TGV ROISSY,NON,5224,12:04,NORD,MASSY TGV,JCNORDBRET,FRDJU,11:19,FRMLW
2965,2023-06-12,TGV HAUTE PICARDIE,NON,5224,14:44,NORD,NANTES,JCNORDBRET,FRNTE,10:45,FRTHP
2966,2023-06-12,DOUAI,OUI,5224,11:13,NORD,AEROPORT CDG2 TGV ROISSY,JCNORDBRET,FRMLW,10:01,FRXDN
2967,2023-06-12,ST PIERRE DES CORPS,OUI,5224,14:44,NORD,NANTES,JCNORDBRET,FRNTE,13:09,FRXSH
2968,2023-06-12,ST MALO,NON,8084,15:06,ATLANTIQUE,PARIS (intramuros),BRETAPARIS,FRPMO,12:42,FRXSB
2969,2023-06-12,ST MALO,OUI,8084,13:29,ATLANTIQUE,RENNES,BRETAPARIS,FRRNS,12:42,FRXSB
2970,2023-06-12,PARIS (intramuros),OUI,5977,21:19,IC ARO,CLERMONT FERRAND,PACLERMONT,FRCFE,17:57,FRPBE
2971,2023-06-12,PARIS (intramuros),NON,8871,11:33,ATLANTIQUE,LE MANS,PARISLOIRE,FRAET,10:36,FRPMO
2972,2023-06-12,RENNES,NON,8074,18:49,ATLANTIQUE,PARIS (intramuros),BRETAPARIS,FRPMO,16:31,FRRNS
2973,2023-06-12,RENNES,NON,8074,16:55,ATLANTIQUE,VITRE,BRETAPARIS,FRXVT,16:31,FRRNS
2974,2023-06-12,VITRE,OUI,8074,17:15,ATLANTIQUE,LAVAL,BRETAPARIS,FRACR,16:58,FRXVT
2975,2023-06-12,PARIS (intramuros),NON,6663,19:22,SUD EST,LYON (intramuros),PARISRHONE,FRLPD,17:24,FRPLY
2976,2023-06-12,LA SOUTERRAINE,OUI,3675,23:08,IC ARO,BRIVE LA GAILLARDE,PALITO,FRBVE,21:28,FRLST
2977,2023-06-12,PARIS (intramuros),OUI,3675,22:42,IC ARO,UZERCHE,PALITO,FRAAW,18:38,FRPAZ
2978,2023-06-12,PARIS (intramuros),OUI,3675,23:08,IC ARO,BRIVE LA GAILLARDE,PALITO,FRBVE,18:38,FRPAZ
2979,2023-06-12,PARIS (intramuros),OUI,3675,20:33,IC ARO,ISSOUDUN,PALITO,FRFMN,18:38,FRPAZ
2980,2023-06-12,VIERZON VILLE,OUI,3675,22:42,IC ARO,UZERCHE,PALITO,FRAAW,20:13,FRXVZ
2981,2023-06-12,BAR LE DUC,OUI,2778,06:33,EST,VITRY LE FRANCOIS GARE,SEDBARPA,FRBFO,06:10,FRXBD
2982,2023-06-12,POITIERS,NON,8371,09:44,ATLANTIQUE,LA ROCHELLE VILLE,PAROCHELLE,FRLRH,08:14,FRPIS
2983,2023-06-12,PARIS (intramuros),NON,8371,09:21,ATLANTIQUE,SURGERES,PAROCHELLE,FREIP,06:49,FRPMO
2984,2023-06-12,GENEVE,NON,9764,11:42,INTERNATIONAL,PARIS (intramuros),GENEVEPA,FRPLY,08:29,CHGVA
2985,2023-06-12,GENEVE,NON,9764,09:49,INTERNATIONAL,BOURG EN BRESSE,GENEVEPA,FRXBK,08:29,CHGVA
2986,2023-06-12,NURIEUX,NON,9764,09:49,INTERNATIONAL,BOURG EN BRESSE,GENEVEPA,FRXBK,09:25,FRHQN
2987,2023-06-12,QUIMPERLE,NON,8730,17:25,ATLANTIQUE,RENNES,BRETAPARIS,FRRNS,15:42,FRECO
2988,2023-06-12,LORIENT,NON,8730,19:06,ATLANTIQUE,PARIS (intramuros),BRETAPARIS,FRPMO,15:56,FRLRT
2989,2023-06-12,LORIENT,NON,8730,17:25,ATLANTIQUE,RENNES,BRETAPARIS,FRRNS,15:56,FRLRT
2990,2023-06-12,ROSPORDEN,OUI,8730,15:39,ATLANTIQUE,QUIMPERLE,BRETAPARIS,FRECO,15:27,FRRSP
2991,2023-06-12,ROSPORDEN,NON,8730,19:06,ATLANTIQUE,PARIS (intramuros),BRETAPARIS,FRPMO,15:27,FRRSP
2992,2023-06-12,ROSPORDEN,NON,8730,17:25,ATLANTIQUE,RENNES,BRETAPARIS,FRRNS,15:27,FRRSP
2993,2023-06-12,ROSPORDEN,OUI,8730,16:24,ATLANTIQUE,VANNES,BRETAPARIS,FRVNE,15:27,FRRSP
2994,2023-06-12,QUIMPER,OUI,8730,15:39,ATLANTIQUE,QUIMPERLE,BRETAPARIS,FRECO,15:12,FRUIP
2995,2023-06-12,QUIMPER,OUI,8730,15:53,ATLANTIQUE,LORIENT,BRETAPARIS,FRLRT,15:12,FRUIP
2996,2023-06-12,QUIMPER,NON,8730,19:06,ATLANTIQUE,PARIS (intramuros),BRETAPARIS,FRPMO,15:12,FRUIP
2997,2023-06-12,QUIMPER,NON,8730,17:25,ATLANTIQUE,RENNES,BRETAPARIS,FRRNS,15:12,FRUIP
2998,2023-06-12,AURAY,NON,8730,19:06,ATLANTIQUE,PARIS (intramuros),BRETAPARIS,FRPMO,16:14,FRXUY
2999,2023-06-12,STRASBOURG,NON,9571,09:26,INTERNATIONAL,KARLSRUHE HBF,PASTUTMUN,DEQKA,08:46,FRAEG
3000,2023-06-12,STRASBOURG,NON,9571,10:05,INTERNATIONAL,STUTTGART HBF,PASTUTMUN,DESGT,08:46,FRAEG
3001,2023-06-12,PARIS (intramuros),NON,9571,10:05,INTERNATIONAL,STUTTGART HBF,PASTUTMUN,DESGT,06:55,FRPST
3002,2023-06-12,NIMES,OUI,6223,20:31,SUD EST,MONTPELLIER SAINT-ROCH,PALANG,FRMPL,20:03,FRFNI
3003,2023-06-12,AIX EN PROVENCE TGV,NON,6112,12:22,SUD EST,PARIS (intramuros),PROVENCEPA,FRPLY,09:18,FRAIE
3004,2023-06-12,MARSEILLE ST CHARLES,OUI,6112,09:15,SUD EST,AIX EN PROVENCE TGV,PROVENCEPA,FRAIE,09:04,FRMSC
3005,2023-06-12,LYON (intramuros),OUI,6613,14:10,SUD EST,LYON (intramuros),PARISRHONE,FRLPE,14:02,FRLPD
3006,2023-06-12,PARIS (intramuros),NON,6613,13:56,SUD EST,LYON (intramuros),PARISRHONE,FRLPD,11:50,FRPLY
3007,2023-06-12,MEUSE TGV,NON,2548,19:50,EST,PARIS (intramuros),NANCYPA,FRPST,18:48,FREAJ
3008,2023-06-12,LYON (intramuros),NON,6689,21:48,SUD EST,ST ETIENNE CHATEAUCREUX,PARISRHONE,FRHHD,21:06,FRLPD
3009,2023-06-12,PARIS (intramuros),OUI,6919,17:13,SUD EST,GRENOBLE,PAGRENOBLE,FRGNB,14:12,FRPLY
3010,2023-06-12,LILLE (intramuros),OUI,7546,22:47,NORD,PARIS (intramuros),ARRASPA,FRPNO,21:02,FRLLE
3011,2023-06-12,CALAIS FRETHUN,OUI,7546,22:47,NORD,PARIS (intramuros),ARRASPA,FRPNO,20:28,FRSTH
3012,2023-06-12,VENDOME VILLIERS SUR LOIR,OUI,8340,13:33,ATLANTIQUE,PARIS (intramuros),ROCHELLEPA,FRPMO,12:46,FRESL
3013,2023-06-12,FUTUROSCOPE,OUI,8340,11:42,ATLANTIQUE,CHATELLERAULT,ROCHELLEPA,FRXCX,11:30,FRTGO
3014,2023-06-12,CHATELLERAULT,OUI,8340,13:33,ATLANTIQUE,PARIS (intramuros),ROCHELLEPA,FRPMO,11:44,FRXCX
3015,2023-06-12,FUTUROSCOPE,OUI,8340,12:43,ATLANTIQUE,VENDOME VILLIERS SUR LOIR,ROCHELLEPA,FRESL,11:30,FRTGO
3016,2023-06-12,ARLES,OUI,6195,21:40,SUD EST,MIRAMAS,PAVDR,FRMAZ,21:20,FRHZA
3017,2023-06-12,PARIS (intramuros),OUI,6195,19:46,SUD EST,VALENCE VILLE,PAVDR,FRVAF,17:12,FRPLY
3018,2023-06-12,VALENCE VILLE,OUI,6195,21:17,SUD EST,ARLES,PAVDR,FRHZA,19:49,FRVAF
3019,2023-06-12,ORANGE,OUI,6195,20:57,SUD EST,AVIGNON CENTRE,PAVDR,FRAES,20:41,FRXOG
3020,2023-06-12,CARCASSONNE,NON,4760,15:48,IC ARO,MONTAUBAN VILLE BOURBON,TJOURSESO,FRXMW,14:30,FRCCF
3021,2023-06-12,NIMES,NON,4760,17:32,IC ARO,BORDEAUX ST JEAN,TJOURSESO,FRBOJ,12:39,FRFNI
3022,2023-06-12,NIMES,NON,4760,13:57,IC ARO,NARBONNE,TJOURSESO,FRXNA,12:39,FRFNI
3023,2023-06-12,NIMES,NON,4760,13:20,IC ARO,SETE,TJOURSESO,FRXSY,12:39,FRFNI
3024,2023-06-12,ARLES,NON,4760,17:32,IC ARO,BORDEAUX ST JEAN,TJOURSESO,FRBOJ,12:10,FRHZA
3025,2023-06-12,MONTPELLIER SAINT-ROCH,NON,4760,15:12,IC ARO,TOULOUSE MATABIAU,TJOURSESO,FRXYT,13:06,FRMPL
3026,2023-06-12,MARSEILLE ST CHARLES,NON,4760,12:08,IC ARO,ARLES,TJOURSESO,FRHZA,11:24,FRMSC
3027,2023-06-12,MARSEILLE ST CHARLES,NON,4760,13:03,IC ARO,MONTPELLIER SAINT-ROCH,TJOURSESO,FRMPL,11:24,FRMSC
3028,2023-06-12,MARSEILLE ST CHARLES,NON,4760,13:20,IC ARO,SETE,TJOURSESO,FRXSY,11:24,FRMSC
3029,2023-06-12,MONTAUBAN VILLE BOURBON,NON,4760,17:32,IC ARO,BORDEAUX ST JEAN,TJOURSESO,FRBOJ,15:50,FRXMW
3030,2023-06-12,NARBONNE,NON,4760,17:32,IC ARO,BORDEAUX ST JEAN,TJOURSESO,FRBOJ,14:00,FRXNA
3031,2023-06-12,AIX EN PROVENCE TGV,NON,6106,10:22,SUD EST,PARIS (intramuros),PROVENCEPA,FRPLY,07:18,FRAIE
3032,2023-06-12,PARIS (intramuros),OUI,7025,11:18,NORD,LILLE (intramuros),PALILLE,FRADJ,10:16,FRPNO
3033,2023-06-12,STRASBOURG,NON,2404,07:30,EST,MEUSE TGV,MULHSTRAPA,FREAJ,06:40,FRAEG
3034,2023-06-12,MEUSE TGV,NON,2404,08:35,EST,PARIS (intramuros),MULHSTRAPA,FRPST,07:33,FREAJ
3035,2023-06-12,DIJON VILLE,NON,9223,21:26,INTERNATIONAL,BASEL SBB,PABALZUR,CHAJP,20:01,FRABA
3036,2023-06-12,PARIS (intramuros),NON,9223,22:26,INTERNATIONAL,ZUERICH HB,PABALZUR,CHAJD,18:20,FRPLY
3037,2023-06-12,PARIS (intramuros),NON,9223,21:26,INTERNATIONAL,BASEL SBB,PABALZUR,CHAJP,18:20,FRPLY
3038,2023-06-12,PARIS (intramuros),NON,9223,21:03,INTERNATIONAL,MULHOUSE VILLE,PABALZUR,FRAEK,18:20,FRPLY
3039,2023-06-12,LAVAL,OUI,5280,12:57,NORD,LE MANS,JCBRETNORD,FRAET,12:28,FRACR
3040,2023-06-12,MASSY TGV,NON,5280,15:49,NORD,LILLE (intramuros),JCBRETNORD,FRLLE,13:55,FRDJU
3041,2023-06-12,MASSY TGV,NON,5280,14:41,NORD,AEROPORT CDG2 TGV ROISSY,JCBRETNORD,FRMLW,13:55,FRDJU
3042,2023-06-12,AEROPORT CDG2 TGV ROISSY,OUI,5280,15:49,NORD,LILLE (intramuros),JCBRETNORD,FRLLE,14:58,FRMLW
3043,2023-06-12,RENNES,OUI,5280,12:57,NORD,LE MANS,JCBRETNORD,FRAET,12:00,FRRNS
3044,2023-06-12,RENNES,NON,5280,15:49,NORD,LILLE (intramuros),JCBRETNORD,FRLLE,12:00,FRRNS
3045,2023-06-12,RENNES,NON,5280,14:41,NORD,AEROPORT CDG2 TGV ROISSY,JCBRETNORD,FRMLW,12:00,FRRNS
3046,2023-06-12,LIMOGES BENEDICTINS,OUI,3644,11:27,IC ARO,LA SOUTERRAINE,TOULOUZECO,FRLST,10:54,FRAGQ
3047,2023-06-12,LIMOGES BENEDICTINS,OUI,3644,14:32,IC ARO,PARIS (intramuros),TOULOUZECO,FRPAZ,10:54,FRAGQ
3048,2023-06-12,BRIVE LA GAILLARDE,NON,3644,12:42,IC ARO,VIERZON VILLE,TOULOUZECO,FRXVZ,09:50,FRBVE
3049,2023-06-12,GOURDON,NON,3644,14:32,IC ARO,PARIS (intramuros),TOULOUZECO,FRPAZ,09:03,FRFSI
3050,2023-06-12,GOURDON,OUI,3644,09:18,IC ARO,SOUILLAC,TOULOUZECO,FRSOU,09:03,FRFSI
3051,2023-06-12,CAUSSADE TARN ET GARONNE,NON,3644,10:51,IC ARO,LIMOGES BENEDICTINS,TOULOUZECO,FRAGQ,08:07,FRFTA
3052,2023-06-12,LA SOUTERRAINE,OUI,3644,14:32,IC ARO,PARIS (intramuros),TOULOUZECO,FRPAZ,11:29,FRLST
3053,2023-06-12,SOUILLAC,NON,3644,12:06,IC ARO,CHATEAUROUX,TOULOUZECO,FRCHR,09:20,FRSOU
3054,2023-06-12,SOUILLAC,NON,3644,12:42,IC ARO,VIERZON VILLE,TOULOUZECO,FRXVZ,09:20,FRSOU
3055,2023-06-12,MONTAUBAN VILLE BOURBON,NON,3644,14:32,IC ARO,PARIS (intramuros),TOULOUZECO,FRPAZ,07:53,FRXMW
3056,2023-06-12,TOULOUSE MATABIAU,NON,3644,14:32,IC ARO,PARIS (intramuros),TOULOUZECO,FRPAZ,07:18,FRXYT
3057,2023-06-12,TOULOUSE MATABIAU,OUI,3644,07:51,IC ARO,MONTAUBAN VILLE BOURBON,TOULOUZECO,FRXMW,07:18,FRXYT
3058,2023-06-12,TOULOUSE MATABIAU,OUI,3644,08:33,IC ARO,CAHORS,TOULOUZECO,FRZAO,07:18,FRXYT
3059,2023-06-12,SOUILLAC,NON,3644,11:27,IC ARO,LA SOUTERRAINE,TOULOUZECO,FRLST,09:20,FRSOU
3060,2023-06-12,CAUSSADE TARN ET GARONNE,NON,3644,11:27,IC ARO,LA SOUTERRAINE,TOULOUZECO,FRLST,08:07,FRFTA
3061,2023-06-12,FRANKFURT MAIN HBF,NON,9556,10:21,INTERNATIONAL,KAISERSLAUTERN HBF,FRANCPA,DEKLT,08:56,DEFRH
3062,2023-06-12,KAISERSLAUTERN HBF,NON,9556,11:00,INTERNATIONAL,SARREBRUCK/SAARBRUECKEN,FRANCPA,DESBK,10:22,DEKLT
3063,2023-06-12,MANNHEIM HBF,NON,9556,11:00,INTERNATIONAL,SARREBRUCK/SAARBRUECKEN,FRANCPA,DESBK,09:40,DEMHG
3064,2023-06-12,SARREBRUCK/SAARBRUECKEN,NON,9556,12:52,INTERNATIONAL,PARIS (intramuros),FRANCPA,FRPST,11:01,DESBK
3065,2023-06-12,PARIS (intramuros),NON,8887,21:54,ATLANTIQUE,NANTES,PARISLOIRE,FRNTE,19:36,FRPMO
3066,2023-06-12,VITRY LE FRANCOIS GARE,OUI,2785,21:19,EST,BAR LE DUC,PABARSED,FRXBD,20:55,FRBFO
3067,2023-06-12,PARIS (intramuros),NON,2785,20:32,EST,CHALONS EN CHAMPAGNE,PABARSED,FRXCR,19:28,FRPST
3068,2023-06-12,CHALONS EN CHAMPAGNE,OUI,2785,21:19,EST,BAR LE DUC,PABARSED,FRXBD,20:35,FRXCR
3069,2023-06-12,MANNHEIM HBF,NON,9583,15:59,INTERNATIONAL,FRANKFURT MAIN HBF,MRSFRANC,DEFRH,15:21,DEMHG
3070,2023-06-12,STRASBOURG,NON,9583,15:59,INTERNATIONAL,FRANKFURT MAIN HBF,MRSFRANC,DEFRH,13:55,FRAEG
3071,2023-06-12,STRASBOURG,NON,9583,14:46,INTERNATIONAL,KARLSRUHE HBF,MRSFRANC,DEQKA,13:55,FRAEG
3072,2023-06-12,MULHOUSE VILLE,NON,9583,15:59,INTERNATIONAL,FRANKFURT MAIN HBF,MRSFRANC,DEFRH,12:54,FRAEK
3073,2023-06-12,MULHOUSE VILLE,NON,9583,14:23,INTERNATIONAL,BADEN BADEN,MRSFRANC,DEZCC,12:54,FRAEK
3074,2023-06-12,AIX EN PROVENCE TGV,NON,9583,15:59,INTERNATIONAL,FRANKFURT MAIN HBF,MRSFRANC,DEFRH,08:25,FRAIE
3075,2023-06-12,AIX EN PROVENCE TGV,NON,9583,12:51,INTERNATIONAL,MULHOUSE VILLE,MRSFRANC,FRAEK,08:25,FRAIE
3076,2023-06-12,AIX EN PROVENCE TGV,NON,9583,09:54,INTERNATIONAL,LYON (intramuros),MRSFRANC,FRLPD,08:25,FRAIE
3077,2023-06-12,AIX EN PROVENCE TGV,NON,9583,12:24,INTERNATIONAL,BELFORT-MONTBELIARD TGV,MRSFRANC,FRTJA,08:25,FRAIE
3078,2023-06-12,AIX EN PROVENCE TGV,NON,9583,12:00,INTERNATIONAL,BESANCON - F COMTE TGV,MRSFRANC,FRTJB,08:25,FRAIE
3079,2023-06-12,AVIGNON TGV,NON,9583,11:03,INTERNATIONAL,CHALON SUR SAONE,MRSFRANC,FRXCD,08:47,FRAVG
3080,2023-06-12,LYON (intramuros),NON,9583,15:59,INTERNATIONAL,FRANKFURT MAIN HBF,MRSFRANC,DEFRH,10:04,FRLPD
3081,2023-06-12,LYON (intramuros),NON,9583,14:46,INTERNATIONAL,KARLSRUHE HBF,MRSFRANC,DEQKA,10:04,FRLPD
3082,2023-06-12,MARSEILLE ST CHARLES,NON,9583,12:51,INTERNATIONAL,MULHOUSE VILLE,MRSFRANC,FRAEK,08:11,FRMSC
3083,2023-06-12,MARSEILLE ST CHARLES,NON,9583,09:54,INTERNATIONAL,LYON (intramuros),MRSFRANC,FRLPD,08:11,FRMSC
3084,2023-06-12,BELFORT-MONTBELIARD TGV,NON,9583,14:23,INTERNATIONAL,BADEN BADEN,MRSFRANC,DEZCC,12:27,FRTJA
3085,2023-06-12,BELFORT-MONTBELIARD TGV,NON,9583,12:51,INTERNATIONAL,MULHOUSE VILLE,MRSFRANC,FRAEK,12:27,FRTJA
3086,2023-06-12,BESANCON - F COMTE TGV,NON,9583,15:59,INTERNATIONAL,FRANKFURT MAIN HBF,MRSFRANC,DEFRH,12:03,FRTJB
3087,2023-06-12,BESANCON - F COMTE TGV,NON,9583,13:43,INTERNATIONAL,STRASBOURG,MRSFRANC,FRAEG,12:03,FRTJB
3088,2023-06-12,CHALON SUR SAONE,NON,9583,12:00,INTERNATIONAL,BESANCON - F COMTE TGV,MRSFRANC,FRTJB,11:06,FRXCD
3089,2023-06-12,LYON (intramuros),NON,5010,11:52,NORD,AVIGNON TGV,JCNORDSUD,FRAVG,10:35,FRLPD
3090,2023-06-12,MARNE LA VALLEE CHESSY,NON,5010,10:29,NORD,LYON (intramuros),JCNORDSUD,FRLPD,08:43,FRMLV
3091,2023-06-12,AEROPORT CDG2 TGV ROISSY,NON,5010,08:38,NORD,MARNE LA VALLEE CHESSY,JCNORDSUD,FRMLV,08:29,FRMLW
3092,2023-06-12,SURGERES,NON,8364,17:40,ATLANTIQUE,NIORT,ROCHELLEPA,FRNIT,17:22,FREIP
3093,2023-06-12,BEZIERS,OUI,6250,07:24,SUD EST,SETE,LANGPA,FRXSY,06:58,FRBZR
3094,2023-06-12,PERPIGNAN,NON,6250,11:04,SUD EST,PARIS (intramuros),LANGPA,FRPLY,06:04,FRPGF
3095,2023-06-12,SETE,NON,6250,11:04,SUD EST,PARIS (intramuros),LANGPA,FRPLY,07:27,FRXSY
3096,2023-06-12,MONTPELLIER SUD DE FRANCE,NON,6250,11:04,SUD EST,PARIS (intramuros),LANGPA,FRPLY,07:50,FRSUF
3097,2023-06-12,NARBONNE,OUI,6250,07:43,SUD EST,MONTPELLIER SUD DE FRANCE,LANGPA,FRSUF,06:42,FRXNA
3098,2023-06-12,BEZIERS,OUI,6250,07:43,SUD EST,MONTPELLIER SUD DE FRANCE,LANGPA,FRSUF,06:58,FRBZR
3099,2023-06-12,AGDE,OUI,6250,07:43,SUD EST,MONTPELLIER SUD DE FRANCE,LANGPA,FRSUF,07:11,FRXAG
3100,2023-06-12,AGDE,NON,6250,08:10,SUD EST,NIMES PONT DU GARD,LANGPA,FRXZP,07:11,FRXAG
3101,2023-06-12,GUINGAMP,OUI,8623,18:02,ATLANTIQUE,MORLAIX,PARISBRETA,FRMXN,17:35,FRGGP
3102,2023-06-12,MORLAIX,OUI,8623,18:37,ATLANTIQUE,BREST,PARISBRETA,FRBES,18:04,FRMXN
3103,2023-06-12,PARIS (intramuros),NON,8623,18:02,ATLANTIQUE,MORLAIX,PARISBRETA,FRMXN,14:41,FRPMO
3104,2023-06-12,ST BRIEUC,OUI,8623,17:33,ATLANTIQUE,GUINGAMP,PARISBRETA,FRGGP,17:19,FRSBK
3105,2023-06-12,ANGERS ST LAUD,NON,4406,18:35,IC SRO,NEVERS,JOURNTELYN,FRNVS,15:28,FRACL
3106,2023-06-12,SAUMUR,NON,4406,19:34,IC SRO,ST GERMAIN DES FOSSES,JOURNTELYN,FRSGF,15:53,FRACN
3107,2023-06-12,SAUMUR,NON,4406,16:31,IC SRO,ST PIERRE DES CORPS,JOURNTELYN,FRXSH,15:53,FRACN
3108,2023-06-12,BOURGES,NON,4406,21:18,IC SRO,LYON (intramuros),JOURNTELYN,FRLPD,17:59,FRBOU
3109,2023-06-12,BOURGES,NON,4406,21:30,IC SRO,LYON (intramuros),JOURNTELYN,FRLPE,17:59,FRBOU
3110,2023-06-12,BOURGES,NON,4406,19:09,IC SRO,MOULINS SUR ALLIER,JOURNTELYN,FRXMU,17:59,FRBOU
3111,2023-06-12,NANTES,NON,4406,21:18,IC SRO,LYON (intramuros),JOURNTELYN,FRLPD,14:47,FRNTE
3112,2023-06-12,ROANNE,NON,4406,21:30,IC SRO,LYON (intramuros),JOURNTELYN,FRLPE,20:15,FRRNE
3113,2023-06-12,MOULINS SUR ALLIER,NON,4406,21:18,IC SRO,LYON (intramuros),JOURNTELYN,FRLPD,19:11,FRXMU
3114,2023-06-12,MOULINS SUR ALLIER,NON,4406,19:34,IC SRO,ST GERMAIN DES FOSSES,JOURNTELYN,FRSGF,19:11,FRXMU
3115,2023-06-12,ST PIERRE DES CORPS,NON,4406,18:35,IC SRO,NEVERS,JOURNTELYN,FRNVS,16:34,FRXSH
3116,2023-06-12,VIERZON VILLE,NON,4406,21:18,IC SRO,LYON (intramuros),JOURNTELYN,FRLPD,17:40,FRXVZ
3117,2023-06-12,VIERZON VILLE,NON,4406,18:35,IC SRO,NEVERS,JOURNTELYN,FRNVS,17:40,FRXVZ
3118,2023-06-12,PAU,NON,14140,09:35,IC SRO,ST GAUDENS,SUDOUEST,FRFPH,08:11,FRAEE
3119,2023-06-12,ORTHEZ,NON,14140,08:08,IC SRO,PAU,SUDOUEST,FRAEE,07:47,FRGFI
3120,2023-06-12,ORTHEZ,NON,14140,08:36,IC SRO,LOURDES,SUDOUEST,FRLDE,07:47,FRGFI
3121,2023-06-12,LOURDES,NON,14140,08:52,IC SRO,TARBES,SUDOUEST,FRXTB,08:39,FRLDE
3122,2023-06-12,ST GAUDENS,NON,14143,13:09,IC SRO,TARBES,SUDOUEST,FRXTB,12:26,FRFPH
3123,2023-06-12,LIMOGES BENEDICTINS,OUI,3685,00:09,IC ARO,BRIVE LA GAILLARDE,PALITO,FRBVE,23:08,FRAGQ
3124,2023-06-12,CHATEAUROUX,OUI,3685,22:30,IC ARO,LA SOUTERRAINE,PALITO,FRLST,21:51,FRCHR
3125,2023-06-12,ARGENTON SUR CREUSE,OUI,3685,00:09,IC ARO,BRIVE LA GAILLARDE,PALITO,FRBVE,22:07,FRFMT
3126,2023-06-12,PARIS (intramuros),OUI,3685,21:49,IC ARO,CHATEAUROUX,PALITO,FRCHR,19:36,FRPAZ
3127,2023-06-12,ST PIERRE DES CORPS,NON,8431,08:23,ATLANTIQUE,ANGOULEME,PASUDOUEST,FRANG,07:10,FRXSH
3128,2023-06-12,LIMOGES BENEDICTINS,OUI,3655,21:04,IC ARO,BRIVE LA GAILLARDE,PALITO,FRBVE,20:00,FRAGQ
3129,2023-06-12,CHATEAUROUX,OUI,3655,19:57,IC ARO,LIMOGES BENEDICTINS,PALITO,FRAGQ,18:50,FRCHR
3130,2023-06-12,CHATEAUROUX,OUI,3655,21:04,IC ARO,BRIVE LA GAILLARDE,PALITO,FRBVE,18:50,FRCHR
3131,2023-06-12,ISSOUDUN,OUI,3655,21:04,IC ARO,BRIVE LA GAILLARDE,PALITO,FRBVE,18:34,FRFMN
3132,2023-06-12,PARIS (intramuros),OUI,3655,20:37,IC ARO,UZERCHE,PALITO,FRAAW,16:41,FRPAZ
3133,2023-06-12,PARIS (intramuros),OUI,3655,19:57,IC ARO,LIMOGES BENEDICTINS,PALITO,FRAGQ,16:41,FRPAZ
3134,2023-06-12,PARIS (intramuros),OUI,3655,21:46,IC ARO,GOURDON,PALITO,FRFSI,16:41,FRPAZ
3135,2023-06-12,ISSOUDUN,OUI,3655,20:37,IC ARO,UZERCHE,PALITO,FRAAW,18:34,FRFMN
3136,2023-06-12,LORRAINE TGV,NON,2350,09:16,EST,PARIS (intramuros),MULHSTRAPA,FRPST,07:59,FREAM
3137,2023-06-12,LYON (intramuros),NON,9862,13:01,NORD,AEROPORT CDG2 TGV ROISSY,JCSUDNORD,FRMLW,11:00,FRLPD
3138,2023-06-12,MARNE LA VALLEE CHESSY,NON,9862,14:24,NORD,LILLE (intramuros),JCSUDNORD,FRLLE,12:51,FRMLV
3139,2023-06-12,MARNE LA VALLEE CHESSY,NON,9862,13:01,NORD,AEROPORT CDG2 TGV ROISSY,JCSUDNORD,FRMLW,12:51,FRMLV
3140,2023-06-12,ARRAS,NON,9862,14:24,NORD,LILLE (intramuros),JCSUDNORD,FRLLE,14:03,FRQRV
3141,2023-06-12,TGV HAUTE PICARDIE,NON,9862,14:24,NORD,LILLE (intramuros),JCSUDNORD,FRLLE,13:38,FRTHP
3142,2023-06-12,TGV HAUTE PICARDIE,NON,9862,13:55,NORD,ARRAS,JCSUDNORD,FRQRV,13:38,FRTHP
3143,2023-06-12,VALENCE TGV RHONE-ALPES SUD,NON,9862,10:53,NORD,LYON (intramuros),JCSUDNORD,FRLPD,10:15,FRVLA
3144,2023-06-12,VALENCE TGV RHONE-ALPES SUD,NON,9862,13:55,NORD,ARRAS,JCSUDNORD,FRQRV,10:15,FRVLA
3145,2023-06-12,MONTPELLIER SUD DE FRANCE,NON,9862,13:34,NORD,TGV HAUTE PICARDIE,JCSUDNORD,FRTHP,09:12,FRSUF
3146,2023-06-12,NIMES PONT DU GARD,NON,9862,10:10,NORD,VALENCE TGV RHONE-ALPES SUD,JCSUDNORD,FRVLA,09:33,FRXZP
3147,2023-06-12,NIMES PONT DU GARD,NON,9862,14:24,NORD,LILLE (intramuros),JCSUDNORD,FRLLE,09:33,FRXZP
3148,2023-06-12,LE MANS,NON,8926,20:29,ATLANTIQUE,PARIS (intramuros),LOIREPARIS,FRPMO,19:31,FRAET
3149,2023-06-12,LA BAULE ESCOUBLAC,OUI,8926,17:59,ATLANTIQUE,NANTES,LOIREPARIS,FRNTE,17:07,FRJEE
3150,2023-06-12,NANTES,OUI,8926,18:41,ATLANTIQUE,ANGERS ST LAUD,LOIREPARIS,FRACL,18:05,FRNTE
3151,2023-06-12,NANTES,OUI,8926,19:05,ATLANTIQUE,SABLE SUR SARTHE,LOIREPARIS,FRSAB,18:05,FRNTE
3152,2023-06-12,ST NAZAIRE,NON,8926,19:28,ATLANTIQUE,LE MANS,LOIREPARIS,FRAET,17:24,FRSNR
3153,2023-06-12,MACON LOCHE TGV,OUI,6621,18:03,SUD EST,LYON (intramuros),PARISRHONE,FRLPD,17:32,FRMLT
3154,2023-06-12,PARIS (intramuros),OUI,6621,17:08,SUD EST,LE CREUSOT MONTCEAU MONTCHANIN,PARISRHONE,FRXCC,15:50,FRPLY
3155,2023-06-12,MEUSE TGV,OUI,2540,14:42,EST,PARIS (intramuros),NANCYPA,FRPST,13:32,FREAJ
3156,2023-06-12,PARIS (intramuros),NON,6711,19:53,SUD EST,MONTBARD,PABOUR,FRGWE,18:50,FRPLY
3157,2023-06-12,BELFORT-MONTBELIARD TGV,NON,6711,21:55,SUD EST,MULHOUSE VILLE,PABOUR,FRAEK,21:32,FRTJA
3158,2023-06-12,PARIS (intramuros),NON,8879,17:13,ATLANTIQUE,ANGERS ST LAUD,PARISLOIRE,FRACL,15:36,FRPMO
3159,2023-06-12,LE MANS,NON,5460,21:04,EST,STRASBOURG,JCATLEST,FRAEG,16:57,FRAET
3160,2023-06-12,LE MANS,NON,5460,17:48,EST,MASSY TGV,JCATLEST,FRDJU,16:57,FRAET
3161,2023-06-12,LE MANS,NON,5460,19:29,EST,CHAMPAGNE-ARDENNE,JCATLEST,FREAH,16:57,FRAET
3162,2023-06-12,LE MANS,NON,5460,18:37,EST,AEROPORT CDG2 TGV ROISSY,JCATLEST,FRMLW,16:57,FRAET
3163,2023-06-12,MASSY TGV,NON,5460,20:00,EST,MEUSE TGV,JCATLEST,FREAJ,17:54,FRDJU
3164,2023-06-12,MEUSE TGV,OUI,5460,21:04,EST,STRASBOURG,JCATLEST,FRAEG,20:07,FREAJ
3165,2023-06-12,MARNE LA VALLEE CHESSY,NON,5460,19:29,EST,CHAMPAGNE-ARDENNE,JCATLEST,FREAH,18:28,FRMLV
3166,2023-06-12,AEROPORT CDG2 TGV ROISSY,NON,5460,21:04,EST,STRASBOURG,JCATLEST,FRAEG,18:53,FRMLW
3167,2023-06-12,RENNES,NON,5460,19:29,EST,CHAMPAGNE-ARDENNE,JCATLEST,FREAH,16:03,FRRNS
3168,2023-06-12,RENNES,NON,5460,20:00,EST,MEUSE TGV,JCATLEST,FREAJ,16:03,FRRNS
3169,2023-06-12,RIOM CHATEL GUYON,OUI,5982,18:04,IC ARO,VICHY,CLERMONTPA,FRVHY,17:42,FRRIO
3170,2023-06-12,VICHY,OUI,5982,18:58,IC ARO,NEVERS,CLERMONTPA,FRNVS,18:06,FRVHY
3171,2023-06-12,ANGERS ST LAUD,NON,4402,09:43,IC SRO,BOURGES,JOURNTELYN,FRBOU,07:10,FRACL
3172,2023-06-12,ANGERS ST LAUD,NON,4402,11:25,IC SRO,ST GERMAIN DES FOSSES,JOURNTELYN,FRSGF,07:10,FRACL
3173,2023-06-12,ANGERS ST LAUD,NON,4402,09:16,IC SRO,VIERZON VILLE,JOURNTELYN,FRXVZ,07:10,FRACL
3174,2023-06-12,SAUMUR,NON,4402,08:05,IC SRO,ST PIERRE DES CORPS,JOURNTELYN,FRXSH,07:32,FRACN
3175,2023-06-12,BOURGES,NON,4402,11:25,IC SRO,ST GERMAIN DES FOSSES,JOURNTELYN,FRSGF,09:45,FRBOU
3176,2023-06-12,BOURGES,NON,4402,11:00,IC SRO,MOULINS SUR ALLIER,JOURNTELYN,FRXMU,09:45,FRBOU
3177,2023-06-12,LYON (intramuros),NON,4402,13:22,IC SRO,LYON (intramuros),JOURNTELYN,FRLPE,13:14,FRLPD
3178,2023-06-12,NANTES,NON,4402,13:22,IC SRO,LYON (intramuros),JOURNTELYN,FRLPE,06:26,FRNTE
3179,2023-06-12,NANTES,NON,4402,11:25,IC SRO,ST GERMAIN DES FOSSES,JOURNTELYN,FRSGF,06:26,FRNTE
3180,2023-06-12,ST PIERRE DES CORPS,NON,4402,13:10,IC SRO,LYON (intramuros),JOURNTELYN,FRLPD,08:08,FRXSH
3181,2023-06-12,ST PIERRE DES CORPS,NON,4402,12:04,IC SRO,ROANNE,JOURNTELYN,FRRNE,08:08,FRXSH
3182,2023-06-12,ST PIERRE DES CORPS,NON,4402,11:25,IC SRO,ST GERMAIN DES FOSSES,JOURNTELYN,FRSGF,08:08,FRXSH
3183,2023-06-12,VIERZON VILLE,NON,4402,13:10,IC SRO,LYON (intramuros),JOURNTELYN,FRLPD,09:20,FRXVZ
3184,2023-06-12,VIERZON VILLE,NON,4402,11:25,IC SRO,ST GERMAIN DES FOSSES,JOURNTELYN,FRSGF,09:20,FRXVZ
3185,2023-06-12,AIX EN PROVENCE TGV,NON,6805,11:06,SUD EST,TOULON,JCPROVSUD,FRTLN,09:51,FRAIE
3186,2023-06-12,AVIGNON TGV,NON,6805,10:03,SUD EST,MARSEILLE ST CHARLES,JCPROVSUD,FRMSC,09:29,FRAVG
3187,2023-06-12,AVIGNON TGV,NON,6805,11:06,SUD EST,TOULON,JCPROVSUD,FRTLN,09:29,FRAVG
3188,2023-06-12,CANNES,OUI,6805,12:58,SUD EST,NICE VILLE,JCPROVSUD,FRNIC,12:31,FRJCA
3189,2023-06-12,LYON (intramuros),NON,6805,09:48,SUD EST,AIX EN PROVENCE TGV,JCPROVSUD,FRAIE,08:06,FRLPD
3190,2023-06-12,LYON (intramuros),NON,6805,12:02,SUD EST,ST RAPHAEL VALESCURE,JCPROVSUD,FRXSK,08:06,FRLPD
3191,2023-06-12,MARSEILLE ST CHARLES,NON,6805,12:58,SUD EST,NICE VILLE,JCPROVSUD,FRNIC,10:20,FRMSC
3192,2023-06-12,MARSEILLE ST CHARLES,NON,6805,12:39,SUD EST,ANTIBES,JCPROVSUD,FRXAT,10:20,FRMSC
3193,2023-06-12,MARSEILLE ST CHARLES,NON,6805,12:02,SUD EST,ST RAPHAEL VALESCURE,JCPROVSUD,FRXSK,10:20,FRMSC
3194,2023-06-12,TOULON,OUI,6805,12:39,SUD EST,ANTIBES,JCPROVSUD,FRXAT,11:11,FRTLN
3195,2023-06-12,VALENCE TGV RHONE-ALPES SUD,NON,6805,09:26,SUD EST,AVIGNON TGV,JCPROVSUD,FRAVG,08:53,FRVLA
3196,2023-06-12,VALENCE TGV RHONE-ALPES SUD,NON,6805,11:06,SUD EST,TOULON,JCPROVSUD,FRTLN,08:53,FRVLA
3197,2023-06-12,VALENCE TGV RHONE-ALPES SUD,NON,6805,12:39,SUD EST,ANTIBES,JCPROVSUD,FRXAT,08:53,FRVLA
3198,2023-06-12,SURGERES,NON,8362,10:35,ATLANTIQUE,ST PIERRE DES CORPS,ROCHELLEPA,FRXSH,09:08,FREIP
3199,2023-06-12,LA ROCHELLE VILLE,NON,8362,09:26,ATLANTIQUE,NIORT,ROCHELLEPA,FRNIT,08:47,FRLRH
3200,2023-06-12,BRIVE LA GAILLARDE,NON,3605,11:43,IC ARO,GOURDON,PALITO,FRFSI,11:03,FRBVE
3201,2023-06-12,BRIVE LA GAILLARDE,NON,3605,12:10,IC ARO,CAHORS,PALITO,FRZAO,11:03,FRBVE
3202,2023-06-12,LES AUBRAIS ORLEANS,NON,3605,09:56,IC ARO,LIMOGES BENEDICTINS,PALITO,FRAGQ,07:36,FRLAB
3203,2023-06-12,LES AUBRAIS ORLEANS,NON,3605,12:37,IC ARO,CAUSSADE TARN ET GARONNE,PALITO,FRFTA,07:36,FRLAB
3204,2023-06-12,LES AUBRAIS ORLEANS,NON,3605,12:51,IC ARO,MONTAUBAN VILLE BOURBON,PALITO,FRXMW,07:36,FRLAB
3205,2023-06-12,LES AUBRAIS ORLEANS,NON,3605,12:10,IC ARO,CAHORS,PALITO,FRZAO,07:36,FRLAB
3206,2023-06-12,LA SOUTERRAINE,NON,3605,11:43,IC ARO,GOURDON,PALITO,FRFSI,09:22,FRLST
3207,2023-06-12,LA SOUTERRAINE,NON,3605,11:27,IC ARO,SOUILLAC,PALITO,FRSOU,09:22,FRLST
3208,2023-06-12,PARIS (intramuros),NON,3605,07:34,IC ARO,LES AUBRAIS ORLEANS,PALITO,FRLAB,06:36,FRPAZ
3209,2023-06-12,PARIS (intramuros),NON,3605,12:51,IC ARO,MONTAUBAN VILLE BOURBON,PALITO,FRXMW,06:36,FRPAZ
3210,2023-06-12,PARIS (intramuros),NON,3605,08:10,IC ARO,VIERZON VILLE,PALITO,FRXVZ,06:36,FRPAZ
3211,2023-06-12,SOUILLAC,NON,3605,12:51,IC ARO,MONTAUBAN VILLE BOURBON,PALITO,FRXMW,11:29,FRSOU
3212,2023-06-12,LA SOUTERRAINE,NON,3605,12:37,IC ARO,CAUSSADE TARN ET GARONNE,PALITO,FRFTA,09:22,FRLST
3213,2023-06-12,MARSEILLE ST CHARLES,OUI,4770,22:34,IC ARO,CARCASSONNE,TJOURSESO,FRCCF,19:23,FRMSC
3214,2023-06-12,CHARLEVILLE MEZIERES,NON,2714,09:01,EST,PARIS (intramuros),SEDBARPA,FRPST,07:15,FRXCZ
3215,2023-06-12,SEDAN,OUI,2714,08:09,EST,REIMS,SEDBARPA,FRRHE,06:49,FRXSW
3216,2023-06-12,AGEN,OUI,4752,11:32,IC ARO,BORDEAUX ST JEAN,TJOURSESO,FRBOJ,10:30,FRAGF
3217,2023-06-12,BEZIERS,OUI,4752,11:32,IC ARO,BORDEAUX ST JEAN,TJOURSESO,FRBOJ,07:46,FRBZR
3218,2023-06-12,BEZIERS,OUI,4752,08:31,IC ARO,CARCASSONNE,TJOURSESO,FRCCF,07:46,FRBZR
3219,2023-06-12,BEZIERS,OUI,4752,09:16,IC ARO,TOULOUSE MATABIAU,TJOURSESO,FRXYT,07:46,FRBZR
3220,2023-06-12,NIMES,OUI,4752,08:31,IC ARO,CARCASSONNE,TJOURSESO,FRCCF,06:38,FRFNI
3221,2023-06-12,NIMES,OUI,4752,09:51,IC ARO,MONTAUBAN VILLE BOURBON,TJOURSESO,FRXMW,06:38,FRFNI
3222,2023-06-12,NIMES,OUI,4752,09:16,IC ARO,TOULOUSE MATABIAU,TJOURSESO,FRXYT,06:38,FRFNI
3223,2023-06-12,NARBONNE,OUI,4752,09:16,IC ARO,TOULOUSE MATABIAU,TJOURSESO,FRXYT,08:02,FRXNA
3224,2023-06-12,PARIS (intramuros),NON,6685,15:48,SUD EST,ST ETIENNE CHATEAUCREUX,PARISRHONE,FRHHD,12:50,FRPLY
3225,2023-06-12,LAMBALLE,OUI,8641,22:51,ATLANTIQUE,BREST,PARISBRETA,FRBES,21:11,FRLAM
3226,2023-06-12,PLOUARET TREGOR,OUI,8641,22:11,ATLANTIQUE,MORLAIX,PARISBRETA,FRMXN,21:55,FRPLT
3227,2023-06-12,PARIS (intramuros),NON,8641,21:08,ATLANTIQUE,LAMBALLE,PARISBRETA,FRLAM,18:40,FRPMO
3228,2023-06-12,RENNES,OUI,8641,22:11,ATLANTIQUE,MORLAIX,PARISBRETA,FRMXN,20:32,FRRNS
3229,2023-06-12,RENNES,OUI,8641,22:36,ATLANTIQUE,LANDERNEAU,PARISBRETA,FRXLD,20:32,FRRNS
3230,2023-06-12,ST BRIEUC,OUI,8641,22:51,ATLANTIQUE,BREST,PARISBRETA,FRBES,21:24,FRSBK
3231,2023-06-12,LANDERNEAU,OUI,8641,22:51,ATLANTIQUE,BREST,PARISBRETA,FRBES,22:39,FRXLD
3232,2023-06-12,LE MANS,NON,8864,10:25,ATLANTIQUE,PARIS (intramuros),LOIREPARIS,FRPMO,09:26,FRAET
3233,2023-06-12,NANTES,OUI,8864,08:41,ATLANTIQUE,ANGERS ST LAUD,LOIREPARIS,FRACL,08:05,FRNTE
3234,2023-06-12,NANTES,OUI,8864,09:23,ATLANTIQUE,LE MANS,LOIREPARIS,FRAET,08:05,FRNTE
3235,2023-06-12,BEZIERS,NON,9715,19:56,SUD EST,PERPIGNAN,PABARCELONE,FRPGF,19:06,FRBZR
3236,2023-06-12,BEZIERS,NON,9715,19:20,SUD EST,NARBONNE,PABARCELONE,FRXNA,19:06,FRBZR
3237,2023-06-12,SETE,NON,9715,18:48,SUD EST,AGDE,PABARCELONE,FRXAG,18:34,FRXSY
3238,2023-06-12,MONTPELLIER SUD DE FRANCE,NON,9715,18:31,SUD EST,SETE,PABARCELONE,FRXSY,18:17,FRSUF
3239,2023-06-12,MONTPELLIER SUD DE FRANCE,NON,9715,18:48,SUD EST,AGDE,PABARCELONE,FRXAG,18:17,FRSUF
3240,2023-06-12,MONTPELLIER SUD DE FRANCE,NON,9715,19:03,SUD EST,BEZIERS,PABARCELONE,FRBZR,18:17,FRSUF
3241,2023-06-12,NIMES PONT DU GARD,NON,9715,19:56,SUD EST,PERPIGNAN,PABARCELONE,FRPGF,17:49,FRXZP
3242,2023-06-12,PARIS (intramuros),NON,9715,20:44,SUD EST,GIRONA,PABARCELONE,ESGRO,14:54,FRPLY
3243,2023-06-12,NARBONNE,NON,9715,20:27,SUD EST,FIGUERES VILA TGV,PABARCELONE,ESFIR,19:23,FRXNA
3244,2023-06-12,MONTPELLIER SUD DE FRANCE,NON,9715,20:44,SUD EST,GIRONA,PABARCELONE,ESGRO,18:17,FRSUF
3245,2023-06-12,LE CREUSOT MONTCEAU MONTCHANIN,NON,6681,10:48,SUD EST,ST ETIENNE CHATEAUCREUX,PARISRHONE,FRHHD,09:14,FRXCC
3246,2023-06-12,LAVAL,NON,8707,10:25,ATLANTIQUE,RENNES,PARISBRETA,FRRNS,09:58,FRACR
3247,2023-06-12,PARIS (intramuros),NON,8707,11:29,ATLANTIQUE,VANNES,PARISBRETA,FRVNE,08:40,FRPMO
3248,2023-06-12,RENNES,OUI,8707,12:38,ATLANTIQUE,QUIMPER,PARISBRETA,FRUIP,10:29,FRRNS
3249,2023-06-12,REDON,OUI,8707,11:42,ATLANTIQUE,AURAY,PARISBRETA,FRXUY,11:06,FRXRN
3250,2023-06-12,DOLE VILLE,NON,9264,11:08,INTERNATIONAL,PARIS (intramuros),SUISPA,FRPLY,09:02,FRACE
3251,2023-06-12,MOUCHARD,NON,9264,09:00,INTERNATIONAL,DOLE VILLE,SUISPA,FRACE,08:45,FRMCD
3252,2023-06-12,PARIS (intramuros),NON,2369,15:41,EST,STRASBOURG,PASTRAMULH,FRAEG,13:55,FRPST
3253,2023-06-12,PARIS (intramuros),NON,2369,16:26,EST,COLMAR,PASTRAMULH,FRAEJ,13:55,FRPST
3254,2023-06-12,RENNES,NON,8720,15:06,ATLANTIQUE,PARIS (intramuros),BRETAPARIS,FRPMO,13:35,FRRNS
3255,2023-06-12,QUIMPER,NON,8720,13:25,ATLANTIQUE,RENNES,BRETAPARIS,FRRNS,11:27,FRUIP
3256,2023-06-12,VANNES,NON,8720,15:06,ATLANTIQUE,PARIS (intramuros),BRETAPARIS,FRPMO,12:28,FRVNE
3257,2023-06-12,VANNES,NON,8720,13:25,ATLANTIQUE,RENNES,BRETAPARIS,FRRNS,12:28,FRVNE
3258,2023-06-12,POITIERS,NON,8346,21:20,ATLANTIQUE,PARIS (intramuros),ROCHELLEPA,FRPMO,19:22,FRPIS
3259,2023-06-12,CHATELLERAULT,OUI,8346,20:16,ATLANTIQUE,ST PIERRE DES CORPS,ROCHELLEPA,FRXSH,19:47,FRXCX
3260,2023-06-12,BRUXELLES MIDI BRUSSEL ZUID,OUI,9810,07:12,NORD,LILLE (intramuros),JCNORDSUD,FRLLE,06:35,BEBMI
3261,2023-06-12,BRUXELLES MIDI BRUSSEL ZUID,NON,9810,08:23,NORD,AEROPORT CDG2 TGV ROISSY,JCNORDSUD,FRMLW,06:35,BEBMI
3262,2023-06-12,BRUXELLES MIDI BRUSSEL ZUID,NON,9810,11:15,NORD,VALENCE TGV RHONE-ALPES SUD,JCNORDSUD,FRVLA,06:35,BEBMI
3263,2023-06-12,AEROPORT CDG2 TGV ROISSY,NON,9810,08:38,NORD,MARNE LA VALLEE CHESSY,JCNORDSUD,FRMLV,08:29,FRMLW
3264,2023-06-12,TGV HAUTE PICARDIE,NON,9810,10:29,NORD,LYON (intramuros),JCNORDSUD,FRLPD,07:54,FRTHP
3265,2023-06-12,TGV HAUTE PICARDIE,NON,9810,11:15,NORD,VALENCE TGV RHONE-ALPES SUD,JCNORDSUD,FRVLA,07:54,FRTHP
3266,2023-06-12,AIX EN PROVENCE TGV,NON,6102,08:38,SUD EST,PARIS (intramuros),PROVENCEPA,FRPLY,05:28,FRAIE
3267,2023-06-12,MARSEILLE ST CHARLES,OUI,6102,05:25,SUD EST,AIX EN PROVENCE TGV,PROVENCEPA,FRAIE,05:14,FRMSC
3268,2023-06-12,DIJON VILLE,OUI,9879,16:18,EST,MACON VILLE,JCRHINRHON,FRHGU,15:21,FRABA
3269,2023-06-12,STRASBOURG,NON,9879,15:11,EST,DIJON VILLE,JCRHINRHON,FRABA,13:06,FRAEG
3270,2023-06-12,STRASBOURG,NON,9879,14:18,EST,BELFORT-MONTBELIARD TGV,JCRHINRHON,FRTJA,13:06,FRAEG
3271,2023-06-12,MULHOUSE VILLE,NON,9879,14:18,EST,BELFORT-MONTBELIARD TGV,JCRHINRHON,FRTJA,13:57,FRAEK
3272,2023-06-12,MULHOUSE VILLE,NON,9879,17:50,EST,VALENCE TGV RHONE-ALPES SUD,JCRHINRHON,FRVLA,13:57,FRAEK
3273,2023-06-12,BELFORT-MONTBELIARD TGV,NON,9879,17:50,EST,VALENCE TGV RHONE-ALPES SUD,JCRHINRHON,FRVLA,14:21,FRTJA
3274,2023-06-12,BESANCON - F COMTE TGV,NON,9879,16:56,EST,LYON (intramuros),JCRHINRHON,FRLPD,14:44,FRTJB
3275,2023-06-12,THIONVILLE,NON,9879,15:11,EST,DIJON VILLE,JCRHINRHON,FRABA,11:47,FRXTH
3276,2023-06-12,THIONVILLE,OUI,9879,12:07,EST,METZ VILLE,JCRHINRHON,FRADE,11:47,FRXTH
3277,2023-06-12,THIONVILLE,NON,9879,13:54,EST,MULHOUSE VILLE,JCRHINRHON,FRAEK,11:47,FRXTH
3278,2023-06-12,LUXEMBOURG,NON,9879,16:56,EST,LYON (intramuros),JCRHINRHON,FRLPD,11:24,LULUX
3279,2023-06-12,LUXEMBOURG,NON,9879,14:41,EST,BESANCON - F COMTE TGV,JCRHINRHON,FRTJB,11:24,LULUX
3280,2023-06-12,LUXEMBOURG,NON,9879,17:50,EST,VALENCE TGV RHONE-ALPES SUD,JCRHINRHON,FRVLA,11:24,LULUX
3281,2023-06-12,STRASBOURG,NON,9879,18:53,EST,MONTPELLIER SUD DE FRANCE,JCRHINRHON,FRSUF,13:06,FRAEG
3282,2023-06-12,METZ VILLE,NON,9879,18:53,EST,MONTPELLIER SUD DE FRANCE,JCRHINRHON,FRSUF,12:12,FRADE
3283,2023-06-12,THIONVILLE,NON,9879,18:53,EST,MONTPELLIER SUD DE FRANCE,JCRHINRHON,FRSUF,11:47,FRXTH
3284,2023-06-12,VALENCE TGV RHONE-ALPES SUD,OUI,9879,18:31,EST,NIMES PONT DU GARD,JCRHINRHON,FRXZP,17:55,FRVLA
3285,2023-06-12,BESANCON - F COMTE TGV,NON,9879,18:31,EST,NIMES PONT DU GARD,JCRHINRHON,FRXZP,14:44,FRTJB
3286,2023-06-12,LUXEMBOURG,NON,9879,18:31,EST,NIMES PONT DU GARD,JCRHINRHON,FRXZP,11:24,LULUX
3287,2023-06-12,BORDEAUX ST JEAN,NON,8537,14:18,ATLANTIQUE,BIARRITZ,PASUDOUEST,FRBIQ,12:20,FRBOJ
3288,2023-06-12,PARIS (intramuros),NON,8537,14:48,ATLANTIQUE,HENDAYE,PASUDOUEST,FRAEF,10:08,FRPMO
3289,2023-06-12,BAYONNE,OUI,8537,14:48,ATLANTIQUE,HENDAYE,PASUDOUEST,FRAEF,14:09,FRXBY
3290,2023-06-12,METZ VILLE,NON,2656,09:17,EST,MEUSE TGV,LUXMETZPA,FREAJ,08:50,FRADE
3291,2023-06-12,BEZIERS,OUI,6202,08:41,SUD EST,MONTPELLIER SAINT-ROCH,LANGPA,FRMPL,07:57,FRBZR
3292,2023-06-12,BEZIERS,NON,6202,10:01,SUD EST,VALENCE TGV RHONE-ALPES SUD,LANGPA,FRVLA,07:57,FRBZR
3293,2023-06-12,BEZIERS,OUI,6202,08:07,SUD EST,AGDE,LANGPA,FRXAG,07:57,FRBZR
3294,2023-06-12,AGDE,NON,6202,12:18,SUD EST,PARIS (intramuros),LANGPA,FRPLY,08:10,FRXAG
3295,2023-06-12,AGDE,NON,6202,10:01,SUD EST,VALENCE TGV RHONE-ALPES SUD,LANGPA,FRVLA,08:10,FRXAG
3296,2023-06-12,DOUAI,NON,7104,08:08,NORD,PARIS (intramuros),ARRASPA,FRPNO,06:51,FRXDN
3297,2023-06-12,PARIS (intramuros),OUI,6631,21:56,SUD EST,LYON (intramuros),PARISRHONE,FRLPD,19:58,FRPLY
3298,2023-06-12,NEVERS,OUI,5955,12:01,IC ARO,VICHY,PACLERMONT,FRVHY,10:59,FRNVS
3299,2023-06-12,PARIS (intramuros),OUI,5955,10:57,IC ARO,NEVERS,PACLERMONT,FRNVS,09:00,FRPBE
3300,2023-06-12,RIOM CHATEL GUYON,OUI,5955,12:34,IC ARO,CLERMONT FERRAND,PACLERMONT,FRCFE,12:25,FRRIO
3301,2023-06-12,MOULINS SUR ALLIER,OUI,5955,12:01,IC ARO,VICHY,PACLERMONT,FRVHY,11:30,FRXMU
3302,2023-06-12,MULHOUSE VILLE,OUI,2242,15:54,EST,STRASBOURG,JCRHONRHIN,FRAEG,15:06,FRAEK
3303,2023-06-12,AIX EN PROVENCE TGV,NON,2242,13:25,EST,DIJON VILLE,JCRHONRHIN,FRABA,09:58,FRAIE
3304,2023-06-12,AIX EN PROVENCE TGV,NON,2242,11:26,EST,LYON (intramuros),JCRHONRHIN,FRLPD,09:58,FRAIE
3305,2023-06-12,AVIGNON TGV,NON,2242,11:26,EST,LYON (intramuros),JCRHONRHIN,FRLPD,10:20,FRAVG
3306,2023-06-12,AVIGNON TGV,NON,2242,14:30,EST,BELFORT-MONTBELIARD TGV,JCRHONRHIN,FRTJA,10:20,FRAVG
3307,2023-06-12,CANNES,OUI,2242,09:33,EST,MARSEILLE ST CHARLES,JCRHONRHIN,FRMSC,07:30,FRJCA
3308,2023-06-12,CANNES,NON,2242,12:41,EST,CHALON SUR SAONE,JCRHONRHIN,FRXCD,07:30,FRJCA
3309,2023-06-12,MARSEILLE ST CHARLES,NON,2242,15:54,EST,STRASBOURG,JCRHONRHIN,FRAEG,09:45,FRMSC
3310,2023-06-12,MARSEILLE ST CHARLES,NON,2242,14:55,EST,MULHOUSE VILLE,JCRHONRHIN,FRAEK,09:45,FRMSC
3311,2023-06-12,MARSEILLE ST CHARLES,NON,2242,12:41,EST,CHALON SUR SAONE,JCRHONRHIN,FRXCD,09:45,FRMSC
3312,2023-06-12,NICE VILLE,OUI,2242,07:26,EST,CANNES,JCRHONRHIN,FRJCA,07:00,FRNIC
3313,2023-06-12,NICE VILLE,OUI,2242,09:33,EST,MARSEILLE ST CHARLES,JCRHONRHIN,FRMSC,07:00,FRNIC
3314,2023-06-12,NICE VILLE,OUI,2242,07:13,EST,ANTIBES,JCRHONRHIN,FRXAT,07:00,FRNIC
3315,2023-06-12,NICE VILLE,NON,2242,13:03,EST,BEAUNE,JCRHONRHIN,FRXBV,07:00,FRNIC
3316,2023-06-12,BELFORT-MONTBELIARD TGV,OUI,2242,15:24,EST,COLMAR,JCRHONRHIN,FRAEJ,14:33,FRTJA
3317,2023-06-12,BELFORT-MONTBELIARD TGV,OUI,2242,14:55,EST,MULHOUSE VILLE,JCRHONRHIN,FRAEK,14:33,FRTJA
3318,2023-06-12,TOULON,NON,2242,13:03,EST,BEAUNE,JCRHONRHIN,FRXBV,08:50,FRTLN
3319,2023-06-12,ANTIBES,NON,2242,10:17,EST,AVIGNON TGV,JCRHONRHIN,FRAVG,07:16,FRXAT
3320,2023-06-12,ANTIBES,NON,2242,12:09,EST,MACON VILLE,JCRHONRHIN,FRHGU,07:16,FRXAT
3321,2023-06-12,CHALON SUR SAONE,OUI,2242,13:25,EST,DIJON VILLE,JCRHONRHIN,FRABA,12:44,FRXCD
3322,2023-06-12,CHALON SUR SAONE,OUI,2242,14:55,EST,MULHOUSE VILLE,JCRHONRHIN,FRAEK,12:44,FRXCD
3323,2023-06-12,LES ARCS DRAGUIGNAN,NON,2242,09:55,EST,AIX EN PROVENCE TGV,JCRHONRHIN,FRAIE,08:12,FRXRS
3324,2023-06-12,ST RAPHAEL VALESCURE,NON,2242,11:26,EST,LYON (intramuros),JCRHONRHIN,FRLPD,07:55,FRXSK
3325,2023-06-12,ST RAPHAEL VALESCURE,OUI,2242,08:46,EST,TOULON,JCRHONRHIN,FRTLN,07:55,FRXSK
3326,2023-06-12,ST RAPHAEL VALESCURE,NON,2242,13:03,EST,BEAUNE,JCRHONRHIN,FRXBV,07:55,FRXSK
3327,2023-06-12,ST RAPHAEL VALESCURE,OUI,2242,08:09,EST,LES ARCS DRAGUIGNAN,JCRHONRHIN,FRXRS,07:55,FRXSK
3328,2023-06-12,ANTIBES,NON,2242,14:30,EST,BELFORT-MONTBELIARD TGV,JCRHONRHIN,FRTJA,07:16,FRXAT
3329,2023-06-12,ST RAPHAEL VALESCURE,NON,2242,14:06,EST,BESANCON - F COMTE TGV,JCRHONRHIN,FRTJB,07:55,FRXSK
3330,2023-06-12,ANTIBES,NON,2242,14:06,EST,BESANCON - F COMTE TGV,JCRHONRHIN,FRTJB,07:16,FRXAT
3331,2023-06-12,BEAUNE,OUI,2242,15:24,EST,COLMAR,JCRHONRHIN,FRAEJ,13:06,FRXBV
3332,2023-06-12,REMIREMONT,OUI,2580,16:18,EST,EPINAL,NANCYPA,FREPL,15:58,FRRNT
3333,2023-06-12,BORDEAUX ST JEAN,NON,8512,17:12,ATLANTIQUE,PARIS (intramuros),SUDOUESTPA,FRPMO,14:46,FRBOJ
3334,2023-06-12,ST PIERRE DES CORPS,OUI,8306,07:12,ATLANTIQUE,VENDOME VILLIERS SUR LOIR,ROCHELLEPA,FRESL,06:54,FRXSH
3335,2023-06-12,PARIS (intramuros),OUI,8331,09:07,ATLANTIQUE,CHATELLERAULT,PAROCHELLE,FRXCX,07:28,FRPMO
3336,2023-06-12,CALAIS FRETHUN,NON,7516,12:08,NORD,PARIS (intramuros),ARRASPA,FRPNO,10:09,FRSTH
3337,2023-06-12,PARIS (intramuros),OUI,7173,15:17,NORD,ARRAS,PAARRAS,FRQRV,14:28,FRPNO
3338,2023-06-12,PARIS (intramuros),OUI,7173,16:03,NORD,DOUAI,PAARRAS,FRXDN,14:28,FRPNO
3339,2023-06-12,PARIS (intramuros),OUI,7173,15:32,NORD,LENS,PAARRAS,FRXLE,14:28,FRPNO
3340,2023-06-12,ANGOULEME,NON,5440,11:48,EST,MASSY TGV,JCATLEST,FRDJU,09:35,FRANG
3341,2023-06-12,ANGOULEME,NON,5440,10:50,EST,ST PIERRE DES CORPS,JCATLEST,FRXSH,09:35,FRANG
3342,2023-06-12,BORDEAUX ST JEAN,NON,5440,13:49,EST,LORRAINE TGV,JCATLEST,FREAM,08:54,FRBOJ
3343,2023-06-12,BORDEAUX ST JEAN,NON,5440,10:50,EST,ST PIERRE DES CORPS,JCATLEST,FRXSH,08:54,FRBOJ
3344,2023-06-12,MASSY TGV,NON,5440,12:55,EST,CHAMPAGNE-ARDENNE,JCATLEST,FREAH,11:55,FRDJU
3345,2023-06-12,CHAMPAGNE-ARDENNE,OUI,5440,13:49,EST,LORRAINE TGV,JCATLEST,FREAM,12:58,FREAH
3346,2023-06-12,MEUSE TGV,OUI,5440,14:29,EST,STRASBOURG,JCATLEST,FRAEG,13:30,FREAJ
3347,2023-06-12,POITIERS,NON,5440,12:55,EST,CHAMPAGNE-ARDENNE,JCATLEST,FREAH,10:19,FRPIS
3348,2023-06-12,POITIERS,NON,5440,13:23,EST,MEUSE TGV,JCATLEST,FREAJ,10:19,FRPIS
3349,2023-06-12,ST PIERRE DES CORPS,NON,5440,13:23,EST,MEUSE TGV,JCATLEST,FREAJ,10:54,FRXSH
3350,2023-06-12,MARNE LA VALLEE CHESSY,NON,5202,12:04,NORD,BORDEAUX ST JEAN,JCNORDAQUI,FRBOJ,08:35,FRMLV
3351,2023-06-12,ARRAS,OUI,5202,08:22,NORD,MARNE LA VALLEE CHESSY,JCNORDAQUI,FRMLV,07:00,FRQRV
3352,2023-06-12,ARRAS,NON,5202,10:41,NORD,POITIERS,JCNORDAQUI,FRPIS,07:00,FRQRV
3353,2023-06-12,TGV HAUTE PICARDIE,NON,5202,11:23,NORD,ANGOULEME,JCNORDAQUI,FRANG,07:25,FRTHP
3354,2023-06-12,TGV HAUTE PICARDIE,OUI,5202,08:22,NORD,MARNE LA VALLEE CHESSY,JCNORDAQUI,FRMLV,07:25,FRTHP
3355,2023-06-12,TGV HAUTE PICARDIE,OUI,5202,07:54,NORD,AEROPORT CDG2 TGV ROISSY,JCNORDAQUI,FRMLW,07:25,FRTHP
3356,2023-06-12,TGV HAUTE PICARDIE,NON,5202,10:41,NORD,POITIERS,JCNORDAQUI,FRPIS,07:25,FRTHP
3357,2023-06-12,DOUAI,OUI,5202,09:04,NORD,MASSY TGV,JCNORDAQUI,FRDJU,06:37,FRXDN
3358,2023-06-12,DOUAI,OUI,5202,06:55,NORD,ARRAS,JCNORDAQUI,FRQRV,06:37,FRXDN
3359,2023-06-12,GENEVE,NON,9770,15:42,INTERNATIONAL,PARIS (intramuros),GENEVEPA,FRPLY,12:29,CHGVA
3360,2023-06-12,LIMOGES BENEDICTINS,OUI,3694,22:20,IC ARO,LES AUBRAIS ORLEANS,TOULOUZECO,FRLAB,19:59,FRAGQ
3361,2023-06-12,BRIVE LA GAILLARDE,OUI,3694,19:56,IC ARO,LIMOGES BENEDICTINS,TOULOUZECO,FRAGQ,18:56,FRBVE
3362,2023-06-12,GOURDON,OUI,3694,19:56,IC ARO,LIMOGES BENEDICTINS,TOULOUZECO,FRAGQ,18:10,FRFSI
3363,2023-06-12,GOURDON,OUI,3694,21:45,IC ARO,VIERZON VILLE,TOULOUZECO,FRXVZ,18:10,FRFSI
3364,2023-06-12,CAUSSADE TARN ET GARONNE,OUI,3694,18:08,IC ARO,GOURDON,TOULOUZECO,FRFSI,17:17,FRFTA
3365,2023-06-12,CAUSSADE TARN ET GARONNE,OUI,3694,17:41,IC ARO,CAHORS,TOULOUZECO,FRZAO,17:17,FRFTA
3366,2023-06-12,MONTAUBAN VILLE BOURBON,OUI,3694,17:16,IC ARO,CAUSSADE TARN ET GARONNE,TOULOUZECO,FRFTA,17:03,FRXMW
3367,2023-06-12,TOULOUSE MATABIAU,OUI,3694,19:56,IC ARO,LIMOGES BENEDICTINS,TOULOUZECO,FRAGQ,16:31,FRXYT
3368,2023-06-12,CAHORS,OUI,3694,21:09,IC ARO,CHATEAUROUX,TOULOUZECO,FRCHR,17:43,FRZAO
3369,2023-06-12,CAHORS,OUI,3694,18:08,IC ARO,GOURDON,TOULOUZECO,FRFSI,17:43,FRZAO
3370,2023-06-12,CAHORS,OUI,3694,21:45,IC ARO,VIERZON VILLE,TOULOUZECO,FRXVZ,17:43,FRZAO
3371,2023-06-12,AGEN,NON,4659,14:14,IC ARO,BEZIERS,TJOURSOSE,FRBZR,11:31,FRAGF
3372,2023-06-12,AGEN,NON,4659,13:58,IC ARO,NARBONNE,TJOURSOSE,FRXNA,11:31,FRAGF
3373,2023-06-12,BORDEAUX ST JEAN,NON,4659,13:58,IC ARO,NARBONNE,TJOURSOSE,FRXNA,10:27,FRBOJ
3374,2023-06-12,BEZIERS,NON,4659,15:19,IC ARO,NIMES,TJOURSOSE,FRFNI,14:17,FRBZR
3375,2023-06-12,NIMES,NON,4659,16:37,IC ARO,MARSEILLE ST CHARLES,TJOURSOSE,FRMSC,15:22,FRFNI
3376,2023-06-12,MONTAUBAN VILLE BOURBON,NON,4659,14:14,IC ARO,BEZIERS,TJOURSOSE,FRBZR,12:08,FRXMW
3377,2023-06-12,MONTAUBAN VILLE BOURBON,NON,4659,14:51,IC ARO,MONTPELLIER SAINT-ROCH,TJOURSOSE,FRMPL,12:08,FRXMW
3378,2023-06-12,MONTAUBAN VILLE BOURBON,NON,4659,13:58,IC ARO,NARBONNE,TJOURSOSE,FRXNA,12:08,FRXMW
3379,2023-06-12,NARBONNE,NON,4659,14:14,IC ARO,BEZIERS,TJOURSOSE,FRBZR,14:01,FRXNA
3380,2023-06-12,PARIS (intramuros),NON,6277,21:03,SUD EST,BEZIERS,PALANG,FRBZR,16:54,FRPLY
3381,2023-06-12,VALENCE TGV RHONE-ALPES SUD,NON,6277,21:20,SUD EST,NARBONNE,PALANG,FRXNA,19:11,FRVLA
3382,2023-06-12,SETE,OUI,6277,21:20,SUD EST,NARBONNE,PALANG,FRXNA,20:37,FRXSY
3383,2023-06-12,MONTPELLIER SUD DE FRANCE,OUI,6277,21:20,SUD EST,NARBONNE,PALANG,FRXNA,20:20,FRSUF
3384,2023-06-12,MONTPELLIER SUD DE FRANCE,OUI,6277,21:56,SUD EST,PERPIGNAN,PALANG,FRPGF,20:20,FRSUF
3385,2023-06-12,PARIS (intramuros),NON,6277,19:48,SUD EST,NIMES PONT DU GARD,PALANG,FRXZP,16:54,FRPLY
3386,2023-06-12,NIMES PONT DU GARD,NON,6277,20:11,SUD EST,MONTPELLIER SUD DE FRANCE,PALANG,FRSUF,19:53,FRXZP
3387,2023-06-12,ZUERICH HB,NON,9222,14:28,INTERNATIONAL,BASEL SBB,ZURBALPA,CHAJP,13:34,CHAJD
3388,2023-06-12,BASEL SBB,NON,9222,14:53,INTERNATIONAL,MULHOUSE VILLE,ZURBALPA,FRAEK,14:34,CHAJP
3389,2023-06-12,MULHOUSE VILLE,NON,9222,15:58,INTERNATIONAL,DIJON VILLE,ZURBALPA,FRABA,14:56,FRAEK
3390,2023-06-12,RIOM CHATEL GUYON,NON,5950,08:57,IC ARO,PARIS (intramuros),CLERMONTPA,FRPBE,05:38,FRRIO
3391,2023-06-12,PARIS (intramuros),NON,6033,13:15,SUD EST,MONTPELLIER SAINT-ROCH,PALANG,FRMPL,09:40,FRPLY
3392,2023-06-12,COLMAR,OUI,2204,20:18,EST,STRASBOURG,JCRHONRHIN,FRAEG,19:44,FRAEJ
3393,2023-06-12,NIMES,NON,2204,19:41,EST,COLMAR,JCRHONRHIN,FRAEJ,14:21,FRFNI
3394,2023-06-12,NIMES,NON,2204,16:39,EST,MACON VILLE,JCRHONRHIN,FRHGU,14:21,FRFNI
3395,2023-06-12,MACON VILLE,NON,2204,20:18,EST,STRASBOURG,JCRHONRHIN,FRAEG,16:41,FRHGU
3396,2023-06-12,LYON (intramuros),NON,2204,19:41,EST,COLMAR,JCRHONRHIN,FRAEJ,16:04,FRLPD
3397,2023-06-12,LYON (intramuros),NON,2204,16:39,EST,MACON VILLE,JCRHONRHIN,FRHGU,16:04,FRLPD
3398,2023-06-12,MONTPELLIER SAINT-ROCH,NON,2204,18:44,EST,BELFORT-MONTBELIARD TGV,JCRHONRHIN,FRTJA,13:53,FRMPL
3399,2023-06-12,BELFORT-MONTBELIARD TGV,NON,2204,19:41,EST,COLMAR,JCRHONRHIN,FRAEJ,18:47,FRTJA
3400,2023-06-12,VALENCE TGV RHONE-ALPES SUD,NON,2204,17:40,EST,DIJON VILLE,JCRHONRHIN,FRABA,15:12,FRVLA
3401,2023-06-12,VALENCE TGV RHONE-ALPES SUD,NON,2204,19:09,EST,MULHOUSE VILLE,JCRHONRHIN,FRAEK,15:12,FRVLA
3402,2023-06-12,BORDEAUX ST JEAN,NON,12244,20:44,ATLANTIQUE,MASSY TGV,SUDOUESTPA,FRDJU,18:46,FRBOJ
3403,2023-06-12,MEUSE TGV,OUI,2509,15:44,EST,NANCY,PANANCY,FRENC,15:08,FREAJ
3404,2023-06-12,PARIS (intramuros),OUI,2509,14:38,EST,CHAMPAGNE-ARDENNE,PANANCY,FREAH,13:58,FRPST
3405,2023-06-12,PARIS (intramuros),OUI,2509,15:05,EST,MEUSE TGV,PANANCY,FREAJ,13:58,FRPST
3406,2023-06-12,PARIS (intramuros),OUI,2509,15:44,EST,NANCY,PANANCY,FRENC,13:58,FRPST
3407,2023-06-12,DUNKERQUE,OUI,7320,14:32,NORD,PARIS (intramuros),ARRASPA,FRPNO,12:11,FRADI
3408,2023-06-12,BETHUNE,OUI,7320,14:32,NORD,PARIS (intramuros),ARRASPA,FRPNO,12:57,FRXBH
3409,2023-06-12,MONTPELLIER SUD DE FRANCE,OUI,6367,23:23,SUD EST,MONTPELLIER SAINT-ROCH,PALANG,FRMPL,22:34,FRSUF
3410,2023-06-12,NIMES PONT DU GARD,OUI,6367,22:27,SUD EST,MONTPELLIER SUD DE FRANCE,PALANG,FRSUF,22:04,FRXZP
3411,2023-06-12,STUTTGART HBF,NON,9572,15:30,INTERNATIONAL,KARLSRUHE HBF,MUNSTUTPA,DEQKA,14:52,DESGT
3412,2023-06-12,NEVERS,OUI,5971,19:23,IC ARO,RIOM CHATEL GUYON,PACLERMONT,FRRIO,17:59,FRNVS
3413,2023-06-12,PARIS (intramuros),OUI,5971,19:34,IC ARO,CLERMONT FERRAND,PACLERMONT,FRCFE,16:00,FRPBE
3414,2023-06-12,RIOM CHATEL GUYON,OUI,5971,19:34,IC ARO,CLERMONT FERRAND,PACLERMONT,FRCFE,19:25,FRRIO
3415,2023-06-12,VICHY,OUI,5971,19:23,IC ARO,RIOM CHATEL GUYON,PACLERMONT,FRRIO,19:03,FRVHY
3416,2023-06-12,MOULINS SUR ALLIER,OUI,5971,19:23,IC ARO,RIOM CHATEL GUYON,PACLERMONT,FRRIO,18:30,FRXMU
3417,2023-06-12,UZERCHE,OUI,3654,15:33,IC ARO,LA SOUTERRAINE,TOULOUZECO,FRLST,14:22,FRAAW
3418,2023-06-12,LIMOGES BENEDICTINS,NON,3654,16:11,IC ARO,CHATEAUROUX,TOULOUZECO,FRCHR,15:01,FRAGQ
3419,2023-06-12,LIMOGES BENEDICTINS,OUI,3654,15:33,IC ARO,LA SOUTERRAINE,TOULOUZECO,FRLST,15:01,FRAGQ
3420,2023-06-12,CHATEAUROUX,NON,3654,18:20,IC ARO,PARIS (intramuros),TOULOUZECO,FRPAZ,16:13,FRCHR
3421,2023-06-12,CHATEAUROUX,NON,3654,16:47,IC ARO,VIERZON VILLE,TOULOUZECO,FRXVZ,16:13,FRCHR
3422,2023-06-12,LA SOUTERRAINE,NON,3654,16:11,IC ARO,CHATEAUROUX,TOULOUZECO,FRCHR,15:35,FRLST
3423,2023-06-12,SOUILLAC,OUI,3654,13:53,IC ARO,BRIVE LA GAILLARDE,TOULOUZECO,FRBVE,13:28,FRSOU
3424,2023-06-12,CAHORS,OUI,3654,14:21,IC ARO,UZERCHE,TOULOUZECO,FRAAW,12:44,FRZAO
3425,2023-06-12,CAHORS,NON,3654,16:11,IC ARO,CHATEAUROUX,TOULOUZECO,FRCHR,12:44,FRZAO
3426,2023-06-12,CAHORS,NON,3654,18:20,IC ARO,PARIS (intramuros),TOULOUZECO,FRPAZ,12:44,FRZAO
3427,2023-06-12,DIJON VILLE,NON,9877,12:19,EST,MACON VILLE,JCRHINRHON,FRHGU,11:21,FRABA
3428,2023-06-12,METZ VILLE,NON,9877,11:11,EST,DIJON VILLE,JCRHINRHON,FRABA,08:11,FRADE
3429,2023-06-12,METZ VILLE,NON,9877,13:46,EST,VALENCE TGV RHONE-ALPES SUD,JCRHINRHON,FRVLA,08:11,FRADE
3430,2023-06-12,STRASBOURG,NON,9877,13:00,EST,LYON (intramuros),JCRHINRHON,FRLPD,09:03,FRAEG
3431,2023-06-12,STRASBOURG,NON,9877,15:06,EST,MARSEILLE ST CHARLES,JCRHINRHON,FRMSC,09:03,FRAEG
3432,2023-06-12,MACON VILLE,NON,9877,13:00,EST,LYON (intramuros),JCRHINRHON,FRLPD,12:22,FRHGU
3433,2023-06-12,MACON VILLE,NON,9877,15:06,EST,MARSEILLE ST CHARLES,JCRHINRHON,FRMSC,12:22,FRHGU
3434,2023-06-12,BESANCON - F COMTE TGV,NON,9877,11:11,EST,DIJON VILLE,JCRHINRHON,FRABA,10:44,FRTJB
3435,2023-06-12,BESANCON - F COMTE TGV,NON,9877,14:25,EST,AVIGNON TGV,JCRHINRHON,FRAVG,10:44,FRTJB
3436,2023-06-12,VALENCE TGV RHONE-ALPES SUD,NON,9877,15:06,EST,MARSEILLE ST CHARLES,JCRHINRHON,FRMSC,13:51,FRVLA
3437,2023-06-12,MASSY TGV,NON,5288,18:23,NORD,MARNE LA VALLEE CHESSY,JCBRETNORD,FRMLV,17:54,FRDJU
3438,2023-06-12,MARNE LA VALLEE CHESSY,NON,5288,19:35,NORD,LILLE (intramuros),JCBRETNORD,FRLLE,18:28,FRMLV
3439,2023-06-12,NANTES,OUI,5288,15:59,NORD,ANGERS ST LAUD,JCBRETNORD,FRACL,15:18,FRNTE
3440,2023-06-12,BRIVE LA GAILLARDE,OUI,3624,08:25,IC ARO,ISSOUDUN,TOULOUZECO,FRFMN,05:55,FRBVE
3441,2023-06-12,CHATEAUROUX,OUI,3624,08:25,IC ARO,ISSOUDUN,TOULOUZECO,FRFMN,08:10,FRCHR
3442,2023-06-12,CHATEAUROUX,OUI,3624,08:48,IC ARO,VIERZON VILLE,TOULOUZECO,FRXVZ,08:10,FRCHR
3443,2023-06-12,LA SOUTERRAINE,OUI,3624,08:08,IC ARO,CHATEAUROUX,TOULOUZECO,FRCHR,07:33,FRLST
3444,2023-06-12,MASSY TGV,NON,5380,10:30,SUD EST,RENNES,JCSUDATL,FRRNS,08:39,FRDJU
3445,2023-06-12,LYON (intramuros),NON,5380,09:30,SUD EST,LE MANS,JCSUDATL,FRAET,06:30,FRLPD
3446,2023-06-12,LYON (intramuros),OUI,5380,06:24,SUD EST,LYON (intramuros),JCSUDATL,FRLPD,06:16,FRLPE
3447,2023-06-12,AGEN,OUI,8517,21:36,ATLANTIQUE,TOULOUSE MATABIAU,PASUDOUEST,FRXYT,20:27,FRAGF
3448,2023-06-12,BORDEAUX ST JEAN,NON,8517,21:03,ATLANTIQUE,MONTAUBAN VILLE BOURBON,PASUDOUEST,FRXMW,19:20,FRBOJ
3449,2023-06-12,BORDEAUX ST JEAN,NON,8517,21:36,ATLANTIQUE,TOULOUSE MATABIAU,PASUDOUEST,FRXYT,19:20,FRBOJ
3450,2023-06-12,PARIS (intramuros),NON,8517,19:14,ATLANTIQUE,BORDEAUX ST JEAN,PASUDOUEST,FRBOJ,17:06,FRPMO
3451,2023-06-12,BEDARIEUX,NON,15945,19:34,IC SRO,MAGALAS,NORESTJOU,FRIMK,19:15,FRIMH
3452,2023-06-12,PARIS (intramuros),OUI,7377,19:04,NORD,DUNKERQUE,PAARRAS,FRADI,16:52,FRPNO
3453,2023-06-12,PARIS (intramuros),OUI,7377,18:02,NORD,LENS,PAARRAS,FRXLE,16:52,FRPNO
3454,2023-06-12,DIJON VILLE,NON,5521,10:56,EST,LYON (intramuros),JCRHINRHON,FRLPD,09:21,FRABA
3455,2023-06-12,METZ VILLE,OUI,5521,06:40,EST,STRASBOURG,JCRHINRHON,FRAEG,05:46,FRADE
3456,2023-06-12,METZ VILLE,OUI,5521,07:48,EST,MULHOUSE VILLE,JCRHINRHON,FRAEK,05:46,FRADE
3457,2023-06-12,METZ VILLE,NON,5521,12:24,EST,NIMES,JCRHINRHON,FRFNI,05:46,FRADE
3458,2023-06-12,STRASBOURG,OUI,5521,07:48,EST,MULHOUSE VILLE,JCRHINRHON,FRAEK,06:47,FRAEG
3459,2023-06-12,STRASBOURG,NON,5521,12:24,EST,NIMES,JCRHINRHON,FRFNI,06:47,FRAEG
3460,2023-06-12,STRASBOURG,OUI,5521,08:14,EST,BELFORT-MONTBELIARD TGV,JCRHINRHON,FRTJA,06:47,FRAEG
3461,2023-06-12,STRASBOURG,NON,5521,09:54,EST,CHALON SUR SAONE,JCRHINRHON,FRXCD,06:47,FRAEG
3462,2023-06-12,COLMAR,NON,5521,12:24,EST,NIMES,JCRHINRHON,FRFNI,07:16,FRAEJ
3463,2023-06-12,MULHOUSE VILLE,NON,5521,09:54,EST,CHALON SUR SAONE,JCRHINRHON,FRXCD,07:52,FRAEK
3464,2023-06-12,NIMES,NON,5521,12:55,EST,MONTPELLIER SAINT-ROCH,JCRHINRHON,FRMPL,12:27,FRFNI
3465,2023-06-12,BELFORT-MONTBELIARD TGV,NON,5521,08:38,EST,BESANCON - F COMTE TGV,JCRHINRHON,FRTJB,08:17,FRTJA
3466,2023-06-12,BESANCON - F COMTE TGV,NON,5521,12:24,EST,NIMES,JCRHINRHON,FRFNI,08:41,FRTJB
3467,2023-06-12,LE MANS,NON,8868,13:25,ATLANTIQUE,PARIS (intramuros),LOIREPARIS,FRPMO,12:26,FRAET
3468,2023-06-12,NANTES,OUI,8868,11:41,ATLANTIQUE,ANGERS ST LAUD,LOIREPARIS,FRACL,11:05,FRNTE
3469,2023-06-12,ST BRIEUC,OUI,8680,05:48,ATLANTIQUE,LAMBALLE,BRETAPARIS,FRLAM,05:38,FRSBK
3470,2023-06-12,DIJON VILLE,NON,6703,11:31,SUD EST,BESANCON - F COMTE TGV,PABOUR,FRTJB,11:04,FRABA
3471,2023-06-12,PARIS (intramuros),NON,6703,12:03,SUD EST,BELFORT-MONTBELIARD TGV,PABOUR,FRTJA,09:20,FRPLY
3472,2023-06-12,MULHOUSE VILLE,OUI,9896,22:07,EST,STRASBOURG,JCRHONRHIN,FRAEG,21:12,FRAEK
3473,2023-06-12,LYON (intramuros),NON,9896,22:07,EST,STRASBOURG,JCRHONRHIN,FRAEG,18:00,FRLPD
3474,2023-06-12,BELFORT-MONTBELIARD TGV,OUI,9896,22:07,EST,STRASBOURG,JCRHONRHIN,FRAEG,20:45,FRTJA
3475,2023-06-12,VALENCE TGV RHONE-ALPES SUD,NON,9896,20:40,EST,BELFORT-MONTBELIARD TGV,JCRHONRHIN,FRTJA,17:13,FRVLA
3476,2023-06-12,CANNES,OUI,6180,18:07,SUD EST,LES ARCS DRAGUIGNAN,AZURPA,FRXRS,17:33,FRJCA
3477,2023-06-12,NICE VILLE,OUI,6180,17:15,SUD EST,ANTIBES,AZURPA,FRXAT,16:57,FRNIC
3478,2023-06-12,NICE VILLE,OUI,6180,18:07,SUD EST,LES ARCS DRAGUIGNAN,AZURPA,FRXRS,16:57,FRNIC
3479,2023-06-12,LES ARCS DRAGUIGNAN,NON,6180,22:38,SUD EST,PARIS (intramuros),AZURPA,FRPLY,18:10,FRXRS
3480,2023-06-12,BEZIERS,OUI,6873,17:53,SUD EST,MONTPELLIER SAINT-ROCH,JCSUDPROV,FRMPL,17:14,FRBZR
3481,2023-06-12,BEZIERS,OUI,6873,17:36,SUD EST,SETE,JCSUDPROV,FRXSY,17:14,FRBZR
3482,2023-06-12,CARCASSONNE,NON,6873,19:51,SUD EST,LYON (intramuros),JCSUDPROV,FRLPD,16:27,FRCCF
3483,2023-06-12,CARCASSONNE,NON,6873,19:10,SUD EST,VALENCE TGV RHONE-ALPES SUD,JCSUDPROV,FRVLA,16:27,FRCCF
3484,2023-06-12,CARCASSONNE,OUI,6873,16:55,SUD EST,NARBONNE,JCSUDPROV,FRXNA,16:27,FRCCF
3485,2023-06-12,NARBONNE,NON,6873,18:22,SUD EST,NIMES,JCSUDPROV,FRFNI,16:58,FRXNA
3486,2023-06-12,SETE,NON,6873,19:51,SUD EST,LYON (intramuros),JCSUDPROV,FRLPD,17:39,FRXSY
3487,2023-06-12,TOULOUSE MATABIAU,NON,6873,19:10,SUD EST,VALENCE TGV RHONE-ALPES SUD,JCSUDPROV,FRVLA,15:43,FRXYT
3488,2023-06-12,KARLSRUHE HBF,NON,9563,18:59,INTERNATIONAL,FRANKFURT MAIN HBF,PAFRANC,DEFRH,17:55,DEQKA
3489,2023-06-12,KARLSRUHE HBF,NON,9563,18:18,INTERNATIONAL,MANNHEIM HBF,PAFRANC,DEMHG,17:55,DEQKA
3490,2023-06-12,STRASBOURG,NON,9563,18:59,INTERNATIONAL,FRANKFURT MAIN HBF,PAFRANC,DEFRH,17:13,FRAEG
3491,2023-06-12,PARIS (intramuros),NON,9563,18:59,INTERNATIONAL,FRANKFURT MAIN HBF,PAFRANC,DEFRH,15:21,FRPST
3492,2023-06-12,MARSEILLE ST CHARLES,NON,6175,15:38,SUD EST,ANTIBES,PAAZUR,FRXAT,13:28,FRMSC
3493,2023-06-12,PARIS (intramuros),NON,6175,15:25,SUD EST,CANNES,PAAZUR,FRJCA,10:08,FRPLY
3494,2023-06-12,TOULON,OUI,6175,15:25,SUD EST,CANNES,PAAZUR,FRJCA,14:15,FRTLN
3495,2023-06-12,LES ARCS DRAGUIGNAN,OUI,6175,15:25,SUD EST,CANNES,PAAZUR,FRJCA,14:51,FRXRS
3496,2023-06-12,LES ARCS DRAGUIGNAN,OUI,6175,15:38,SUD EST,ANTIBES,PAAZUR,FRXAT,14:51,FRXRS
3497,2023-06-12,LILLE (intramuros),NON,7400,07:08,NORD,PARIS (intramuros),ARRASPA,FRPNO,05:52,FRADJ
3498,2023-06-12,NANTES,NON,8140,09:12,ATLANTIQUE,PARIS (intramuros),LOIREPARIS,FRPMO,07:05,FRNTE
3499,2023-06-12,ANGOULEME,NON,5284,15:49,NORD,MASSY TGV,JCAQUINORD,FRDJU,13:36,FRANG
3500,2023-06-12,ANGOULEME,NON,5284,17:57,NORD,LILLE (intramuros),JCAQUINORD,FRLLE,13:36,FRANG
3501,2023-06-12,BORDEAUX ST JEAN,NON,5284,15:49,NORD,MASSY TGV,JCAQUINORD,FRDJU,12:58,FRBOJ
3502,2023-06-12,BORDEAUX ST JEAN,NON,5284,17:15,NORD,TGV HAUTE PICARDIE,JCAQUINORD,FRTHP,12:58,FRBOJ
3503,2023-06-12,AEROPORT CDG2 TGV ROISSY,NON,5284,17:57,NORD,LILLE (intramuros),JCAQUINORD,FRLLE,16:47,FRMLW
3504,2023-06-12,POITIERS,NON,5284,17:57,NORD,LILLE (intramuros),JCAQUINORD,FRLLE,14:19,FRPIS
3505,2023-06-12,POITIERS,NON,5284,16:27,NORD,MARNE LA VALLEE CHESSY,JCAQUINORD,FRMLV,14:19,FRPIS
3506,2023-06-12,POITIERS,NON,5284,14:50,NORD,ST PIERRE DES CORPS,JCAQUINORD,FRXSH,14:19,FRPIS
3507,2023-06-12,ST PIERRE DES CORPS,NON,5284,17:15,NORD,TGV HAUTE PICARDIE,JCAQUINORD,FRTHP,14:54,FRXSH
3508,2023-06-12,LYON (intramuros),OUI,6617,16:10,SUD EST,LYON (intramuros),PARISRHONE,FRLPE,16:02,FRLPD
3509,2023-06-12,PARIS (intramuros),NON,6617,15:56,SUD EST,LYON (intramuros),PARISRHONE,FRLPD,13:50,FRPLY
3510,2023-06-12,LE CREUSOT MONTCEAU MONTCHANIN,NON,6617,15:56,SUD EST,LYON (intramuros),PARISRHONE,FRLPD,15:13,FRXCC
3511,2023-06-12,PARIS (intramuros),NON,2365,11:11,EST,STRASBOURG,PASTRAMULH,FRAEG,09:25,FRPST
3512,2023-06-12,NIMES PONT DU GARD,NON,6047,10:08,SUD EST,MONTPELLIER SUD DE FRANCE,PALANG,FRSUF,09:48,FRXZP
3513,2023-06-12,CHAMBERY CHALLES LES EAUX,NON,6941,15:59,SUD EST,AIX LES BAINS LE REVARD,PARISALPES,FRXAI,15:49,FRCMF
3514,2023-06-12,LYON (intramuros),NON,5192,18:34,NORD,TGV HAUTE PICARDIE,JCSUDNORD,FRTHP,16:00,FRLPD
3515,2023-06-12,ARRAS,OUI,5192,19:14,NORD,DOUAI,JCSUDNORD,FRXDN,18:59,FRQRV
3516,2023-06-12,TGV HAUTE PICARDIE,NON,5192,19:14,NORD,DOUAI,JCSUDNORD,FRXDN,18:39,FRTHP
3517,2023-06-12,DIJON VILLE,NON,2203,10:56,EST,LYON (intramuros),JCRHINRHON,FRLPD,09:21,FRABA
3518,2023-06-12,STRASBOURG,NON,2203,09:11,EST,DIJON VILLE,JCRHINRHON,FRABA,06:47,FRAEG
3519,2023-06-12,STRASBOURG,NON,2203,12:24,EST,NIMES,JCRHINRHON,FRFNI,06:47,FRAEG
3520,2023-06-12,COLMAR,OUI,2203,07:48,EST,MULHOUSE VILLE,JCRHINRHON,FRAEK,07:16,FRAEJ
3521,2023-06-12,COLMAR,NON,2203,08:14,EST,BELFORT-MONTBELIARD TGV,JCRHINRHON,FRTJA,07:16,FRAEJ
3522,2023-06-12,COLMAR,NON,2203,09:54,EST,CHALON SUR SAONE,JCRHINRHON,FRXCD,07:16,FRAEJ
3523,2023-06-12,MULHOUSE VILLE,NON,2203,09:54,EST,CHALON SUR SAONE,JCRHINRHON,FRXCD,07:52,FRAEK
3524,2023-06-12,BELFORT-MONTBELIARD TGV,NON,2203,09:11,EST,DIJON VILLE,JCRHINRHON,FRABA,08:17,FRTJA
3525,2023-06-12,BESANCON - F COMTE TGV,NON,2203,10:56,EST,LYON (intramuros),JCRHINRHON,FRLPD,08:41,FRTJB
3526,2023-06-12,CHALON SUR SAONE,NON,2203,10:56,EST,LYON (intramuros),JCRHINRHON,FRLPD,09:56,FRXCD
3527,2023-06-12,BEZIERS,OUI,6260,19:26,SUD EST,SETE,LANGPA,FRXSY,18:59,FRBZR
3528,2023-06-12,PERPIGNAN,OUI,6260,18:56,SUD EST,BEZIERS,LANGPA,FRBZR,18:04,FRPGF
3529,2023-06-12,AGDE,NON,6260,23:05,SUD EST,PARIS (intramuros),LANGPA,FRPLY,19:13,FRXAG
3530,2023-06-12,AGDE,NON,6260,20:48,SUD EST,VALENCE TGV RHONE-ALPES SUD,LANGPA,FRVLA,19:13,FRXAG
3531,2023-06-12,NARBONNE,OUI,6260,19:10,SUD EST,AGDE,LANGPA,FRXAG,18:43,FRXNA
3532,2023-06-12,NARBONNE,OUI,6260,19:26,SUD EST,SETE,LANGPA,FRXSY,18:43,FRXNA
3533,2023-06-12,NARBONNE,OUI,6260,19:43,SUD EST,MONTPELLIER SUD DE FRANCE,LANGPA,FRSUF,18:43,FRXNA
3534,2023-06-12,NIMES PONT DU GARD,NON,6260,23:05,SUD EST,PARIS (intramuros),LANGPA,FRPLY,20:12,FRXZP
3535,2023-06-12,BEZIERS,NON,6260,20:09,SUD EST,NIMES PONT DU GARD,LANGPA,FRXZP,18:59,FRBZR
3536,2023-06-12,LE MANS,NON,5336,14:20,SUD EST,MASSY TGV,JCATLSUD,FRDJU,13:30,FRAET
3537,2023-06-12,RENNES,NON,5336,14:20,SUD EST,MASSY TGV,JCATLSUD,FRDJU,12:30,FRRNS
3538,2023-06-12,NANTES,NON,3833,14:03,IC SRO,ROCHEFORT,NANTEBORDO,FRRCO,11:55,FRNTE
3539,2023-06-12,ROCHEFORT,NON,3833,16:08,IC SRO,BORDEAUX ST JEAN,NANTEBORDO,FRBOJ,14:05,FRRCO
3540,2023-06-12,LA ROCHE SUR YON,NON,3833,16:08,IC SRO,BORDEAUX ST JEAN,NANTEBORDO,FRBOJ,12:36,FRXRO
3541,2023-06-12,LA ROCHE SUR YON,NON,3833,12:58,IC SRO,LUCON,NANTEBORDO,FRLCN,12:36,FRXRO
3542,2023-06-12,DIJON VILLE,NON,6708,20:42,SUD EST,PARIS (intramuros),BOURPA,FRPLY,19:06,FRABA
3543,2023-06-12,MULHOUSE VILLE,NON,6708,18:08,SUD EST,BELFORT-MONTBELIARD TGV,BOURPA,FRTJA,17:46,FRAEK
3544,2023-06-12,BORDEAUX ST JEAN,OUI,4665,20:14,IC ARO,BEZIERS,TJOURSOSE,FRBZR,16:28,FRBOJ
3545,2023-06-12,BORDEAUX ST JEAN,OUI,4665,18:40,IC ARO,TOULOUSE MATABIAU,TJOURSOSE,FRXYT,16:28,FRBOJ
3546,2023-06-12,CARCASSONNE,OUI,4665,19:58,IC ARO,NARBONNE,TJOURSOSE,FRXNA,19:29,FRCCF
3547,2023-06-12,AVIGNON TGV,NON,6127,21:59,SUD EST,MARSEILLE ST CHARLES,PAPROVENCE,FRMSC,21:24,FRAVG
3548,2023-06-12,MARSEILLE ST CHARLES,NON,6116,15:22,SUD EST,PARIS (intramuros),PROVENCEPA,FRPLY,12:04,FRMSC
3549,2023-06-12,ANGERS ST LAUD,NON,5320,19:19,SUD EST,MASSY TGV,JCATLSUD,FRDJU,17:44,FRACL
3550,2023-06-12,LE MANS,NON,5320,19:19,SUD EST,MASSY TGV,JCATLSUD,FRDJU,18:30,FRAET
3551,2023-06-12,LE MANS,NON,5320,21:47,SUD EST,LYON (intramuros),JCATLSUD,FRLPE,18:30,FRAET
3552,2023-06-12,NANTES,NON,5320,19:19,SUD EST,MASSY TGV,JCATLSUD,FRDJU,17:05,FRNTE
3553,2023-06-12,BRIVE LA GAILLARDE,OUI,3674,19:46,IC ARO,VIERZON VILLE,TOULOUZECO,FRXVZ,16:54,FRBVE
3554,2023-06-12,CHATEAUROUX,OUI,3674,21:21,IC ARO,PARIS (intramuros),TOULOUZECO,FRPAZ,19:12,FRCHR
3555,2023-06-12,VIERZON VILLE,OUI,3674,21:21,IC ARO,PARIS (intramuros),TOULOUZECO,FRPAZ,19:48,FRXVZ
3556,2023-06-12,CLERMONT FERRAND,OUI,5990,20:09,IC ARO,MOULINS SUR ALLIER,CLERMONTPA,FRXMU,19:05,FRCFE
3557,2023-06-12,NEVERS,OUI,5990,22:57,IC ARO,PARIS (intramuros),CLERMONTPA,FRPBE,20:39,FRNVS
3558,2023-06-12,RIOM CHATEL GUYON,OUI,5990,20:37,IC ARO,NEVERS,CLERMONTPA,FRNVS,19:15,FRRIO
3559,2023-06-12,RIOM CHATEL GUYON,OUI,5990,19:38,IC ARO,VICHY,CLERMONTPA,FRVHY,19:15,FRRIO
3560,2023-06-12,VICHY,OUI,5990,20:37,IC ARO,NEVERS,CLERMONTPA,FRNVS,19:40,FRVHY
3561,2023-06-12,MONTBARD,NON,6745,19:01,SUD EST,DOLE VILLE,PABOUR,FRACE,17:57,FRGWE
3562,2023-06-12,MULHOUSE VILLE,NON,6706,17:35,SUD EST,MONTBARD,BOURPA,FRGWE,15:40,FRAEK
3563,2023-06-12,MULHOUSE VILLE,NON,6706,16:25,SUD EST,BESANCON - F COMTE TGV,BOURPA,FRTJB,15:40,FRAEK
3564,2023-06-12,PARIS (intramuros),NON,8609,11:25,ATLANTIQUE,RENNES,PARISBRETA,FRRNS,09:55,FRPMO
3565,2023-06-12,RENNES,OUI,8609,13:27,ATLANTIQUE,BREST,PARISBRETA,FRBES,11:30,FRRNS
3566,2023-06-12,BRIVE LA GAILLARDE,OUI,3645,19:31,IC ARO,SOUILLAC,PALITO,FRSOU,19:08,FRBVE
3567,2023-06-12,BRIVE LA GAILLARDE,OUI,3645,20:54,IC ARO,MONTAUBAN VILLE BOURBON,PALITO,FRXMW,19:08,FRBVE
3568,2023-06-12,BRIVE LA GAILLARDE,OUI,3645,20:13,IC ARO,CAHORS,PALITO,FRZAO,19:08,FRBVE
3569,2023-06-12,CHATEAUROUX,OUI,3645,18:02,IC ARO,LIMOGES BENEDICTINS,PALITO,FRAGQ,16:50,FRCHR
3570,2023-06-12,GOURDON,OUI,3645,20:54,IC ARO,MONTAUBAN VILLE BOURBON,PALITO,FRXMW,19:47,FRFSI
3571,2023-06-12,CAUSSADE TARN ET GARONNE,OUI,3645,20:54,IC ARO,MONTAUBAN VILLE BOURBON,PALITO,FRXMW,20:40,FRFTA
3572,2023-06-12,CAUSSADE TARN ET GARONNE,OUI,3645,21:27,IC ARO,TOULOUSE MATABIAU,PALITO,FRXYT,20:40,FRFTA
3573,2023-06-12,LES AUBRAIS ORLEANS,OUI,3645,20:13,IC ARO,CAHORS,PALITO,FRZAO,15:42,FRLAB
3574,2023-06-12,LA SOUTERRAINE,OUI,3645,19:46,IC ARO,GOURDON,PALITO,FRFSI,17:27,FRLST
3575,2023-06-12,PARIS (intramuros),OUI,3645,20:39,IC ARO,CAUSSADE TARN ET GARONNE,PALITO,FRFTA,14:39,FRPAZ
3576,2023-06-12,SOUILLAC,OUI,3645,19:46,IC ARO,GOURDON,PALITO,FRFSI,19:32,FRSOU
3577,2023-06-12,MONTAUBAN VILLE BOURBON,OUI,3645,21:27,IC ARO,TOULOUSE MATABIAU,PALITO,FRXYT,20:55,FRXMW
3578,2023-06-12,VIERZON VILLE,OUI,3645,16:48,IC ARO,CHATEAUROUX,PALITO,FRCHR,16:17,FRXVZ
3579,2023-06-12,VIERZON VILLE,OUI,3645,19:46,IC ARO,GOURDON,PALITO,FRFSI,16:17,FRXVZ
3580,2023-06-12,VIERZON VILLE,OUI,3645,20:13,IC ARO,CAHORS,PALITO,FRZAO,16:17,FRXVZ
3581,2023-06-12,CAHORS,OUI,3645,20:54,IC ARO,MONTAUBAN VILLE BOURBON,PALITO,FRXMW,20:15,FRZAO
3582,2023-06-12,VIERZON VILLE,OUI,3645,20:54,IC ARO,MONTAUBAN VILLE BOURBON,PALITO,FRXMW,16:17,FRXVZ
3583,2023-06-12,PARIS (intramuros),OUI,8087,15:25,ATLANTIQUE,RENNES,PARISBRETA,FRRNS,13:53,FRPMO
3584,2023-06-12,LILLE (intramuros),NON,5102,10:48,NORD,MARSEILLE ST CHARLES,JCNORDSUD,FRMSC,06:00,FRLLE
3585,2023-06-12,LYON (intramuros),NON,5102,10:33,NORD,AIX EN PROVENCE TGV,JCNORDSUD,FRAIE,09:06,FRLPD
3586,2023-06-12,MARNE LA VALLEE CHESSY,NON,5102,10:48,NORD,MARSEILLE ST CHARLES,JCNORDSUD,FRMSC,07:13,FRMLV
3587,2023-06-12,PARIS (intramuros),NON,6051,13:57,SUD EST,VALENCE TGV RHONE-ALPES SUD,PALANG,FRVLA,11:44,FRPLY
3588,2023-06-12,VALENCE TGV RHONE-ALPES SUD,NON,6051,14:59,SUD EST,MONTPELLIER SUD DE FRANCE,PALANG,FRSUF,14:00,FRVLA
3589,2023-06-12,PARIS (intramuros),NON,6051,14:36,SUD EST,NIMES PONT DU GARD,PALANG,FRXZP,11:44,FRPLY
3590,2023-06-12,NIMES PONT DU GARD,NON,6051,14:59,SUD EST,MONTPELLIER SUD DE FRANCE,PALANG,FRSUF,14:39,FRXZP
3591,2023-06-12,BEZIERS,OUI,6825,21:34,SUD EST,CARCASSONNE,JCPROVSUD,FRCCF,20:51,FRBZR
3592,2023-06-12,NIMES,OUI,6825,21:34,SUD EST,CARCASSONNE,JCPROVSUD,FRCCF,19:40,FRFNI
3593,2023-06-12,NIMES,OUI,6825,22:19,SUD EST,TOULOUSE MATABIAU,JCPROVSUD,FRXYT,19:40,FRFNI
3594,2023-06-12,LYON (intramuros),NON,6825,21:34,SUD EST,CARCASSONNE,JCPROVSUD,FRCCF,18:09,FRLPD
3595,2023-06-12,LYON (intramuros),NON,6825,20:23,SUD EST,SETE,JCPROVSUD,FRXSY,18:09,FRLPD
3596,2023-06-12,MONTPELLIER SAINT-ROCH,OUI,6825,20:48,SUD EST,BEZIERS,JCPROVSUD,FRBZR,20:10,FRMPL
3597,2023-06-12,VALENCE TGV RHONE-ALPES SUD,NON,6825,21:04,SUD EST,NARBONNE,JCPROVSUD,FRXNA,18:53,FRVLA
3598,2023-06-12,VALENCE TGV RHONE-ALPES SUD,NON,6825,22:19,SUD EST,TOULOUSE MATABIAU,JCPROVSUD,FRXYT,18:53,FRVLA
3599,2023-06-12,NARBONNE,OUI,6825,21:34,SUD EST,CARCASSONNE,JCPROVSUD,FRCCF,21:07,FRXNA
3600,2023-06-12,ANGERS ST LAUD,OUI,8931,20:59,ATLANTIQUE,NANTES,PARISLOIRE,FRNTE,20:19,FRACL
3601,2023-06-12,SABLE SUR SARTHE,OUI,8931,21:55,ATLANTIQUE,LA BAULE ESCOUBLAC,PARISLOIRE,FRJEE,19:56,FRSAB
3602,2023-06-12,SABLE SUR SARTHE,OUI,8931,20:59,ATLANTIQUE,NANTES,PARISLOIRE,FRNTE,19:56,FRSAB
3603,2023-06-12,ST NAZAIRE,OUI,8931,22:07,ATLANTIQUE,LE CROISIC,PARISLOIRE,FREGU,21:42,FRSNR
3604,2023-06-12,PARIS (intramuros),NON,9219,19:26,INTERNATIONAL,BASEL SBB,PABALZUR,CHAJP,16:20,FRPLY
3605,2023-06-12,PAU,OUI,8581,12:15,ATLANTIQUE,DAX,SUDOUESTPA,FRACG,11:28,FRAEE
3606,2023-06-12,LOURDES,OUI,8581,12:15,ATLANTIQUE,DAX,SUDOUESTPA,FRACG,11:00,FRLDE
3607,2023-06-12,TARBES,OUI,8581,10:50,ATLANTIQUE,LOURDES,SUDOUESTPA,FRLDE,10:36,FRXTB
3608,2023-06-12,PARIS (intramuros),NON,6271,11:56,SUD EST,PERPIGNAN,PALANG,FRPGF,06:54,FRPLY
3609,2023-06-12,VALENCE TGV RHONE-ALPES SUD,NON,6271,11:03,SUD EST,BEZIERS,PALANG,FRBZR,09:09,FRVLA
3610,2023-06-12,VALENCE TGV RHONE-ALPES SUD,NON,6271,11:56,SUD EST,PERPIGNAN,PALANG,FRPGF,09:09,FRVLA
3611,2023-06-12,VALENCE TGV RHONE-ALPES SUD,NON,6271,11:20,SUD EST,NARBONNE,PALANG,FRXNA,09:09,FRVLA
3612,2023-06-12,AGDE,OUI,6271,11:03,SUD EST,BEZIERS,PALANG,FRBZR,10:51,FRXAG
3613,2023-06-12,PARIS (intramuros),NON,6271,10:08,SUD EST,MONTPELLIER SUD DE FRANCE,PALANG,FRSUF,06:54,FRPLY
3614,2023-06-12,PARIS (intramuros),NON,6271,09:45,SUD EST,NIMES PONT DU GARD,PALANG,FRXZP,06:54,FRPLY
3615,2023-06-12,VALENCE TGV RHONE-ALPES SUD,NON,6271,09:45,SUD EST,NIMES PONT DU GARD,PALANG,FRXZP,09:09,FRVLA
3616,2023-06-12,MARSEILLE ST CHARLES,NON,6168,21:50,SUD EST,PARIS (intramuros),AZURPA,FRPLY,18:47,FRMSC
3617,2023-06-12,NICE VILLE,OUI,6168,16:55,SUD EST,ST RAPHAEL VALESCURE,AZURPA,FRXSK,16:01,FRNIC
3618,2023-06-12,ANTIBES,OUI,6168,18:33,SUD EST,MARSEILLE ST CHARLES,AZURPA,FRMSC,16:17,FRXAT
3619,2023-06-12,PARIS (intramuros),OUI,8731,19:25,ATLANTIQUE,RENNES,PARISBRETA,FRRNS,17:56,FRPMO
3620,2023-06-12,POITIERS,NON,8435,10:18,ATLANTIQUE,BORDEAUX ST JEAN,PASUDOUEST,FRBOJ,09:20,FRPIS
3621,2023-06-12,DAX,OUI,8541,16:32,ATLANTIQUE,ST JEAN DE LUZ CIBOURE,PASUDOUEST,FRXJZ,15:37,FRACG
3622,2023-06-12,PARIS (intramuros),NON,8541,15:33,ATLANTIQUE,DAX,PASUDOUEST,FRACG,12:08,FRPMO
3623,2023-06-12,BAYONNE,OUI,8541,16:47,ATLANTIQUE,HENDAYE,PASUDOUEST,FRAEF,16:08,FRXBY
3624,2023-06-12,LILLE (intramuros),OUI,7238,20:08,NORD,PARIS (intramuros),ARRASPA,FRPNO,18:51,FRLLE
3625,2023-06-12,ANGERS ST LAUD,NON,8886,21:23,ATLANTIQUE,LE MANS,LOIREPARIS,FRAET,20:44,FRACL
3626,2023-06-12,BRUXELLES MIDI BRUSSEL ZUID,NON,9812,13:35,NORD,NIMES,JCNORDSUD,FRFNI,08:17,BEBMI
3627,2023-06-12,MARNE LA VALLEE CHESSY,NON,9812,13:35,NORD,NIMES,JCNORDSUD,FRFNI,10:13,FRMLV
3628,2023-06-12,MARNE LA VALLEE CHESSY,NON,9812,14:03,NORD,MONTPELLIER SAINT-ROCH,JCNORDSUD,FRMPL,10:13,FRMLV
3629,2023-06-12,AEROPORT CDG2 TGV ROISSY,NON,9812,14:03,NORD,MONTPELLIER SAINT-ROCH,JCNORDSUD,FRMPL,09:59,FRMLW
3630,2023-06-12,VALENCE TGV RHONE-ALPES SUD,OUI,9812,13:35,NORD,NIMES,JCNORDSUD,FRFNI,12:50,FRVLA
3631,2023-06-12,AIX EN PROVENCE TGV,NON,9868,15:43,NORD,AVIGNON TGV,JCSUDNORD,FRAVG,15:24,FRAIE
3632,2023-06-12,AVIGNON TGV,NON,9868,20:43,NORD,BRUXELLES MIDI BRUSSEL ZUID,JCSUDNORD,BEBMI,15:46,FRAVG
3633,2023-06-12,AVIGNON TGV,NON,9868,18:47,NORD,MARNE LA VALLEE CHESSY,JCSUDNORD,FRMLV,15:46,FRAVG
3634,2023-06-12,LILLE (intramuros),OUI,9868,20:43,NORD,BRUXELLES MIDI BRUSSEL ZUID,JCSUDNORD,BEBMI,20:09,FRLLE
3635,2023-06-12,LYON (intramuros),NON,9868,19:57,NORD,LILLE (intramuros),JCSUDNORD,FRLLE,17:00,FRLPD
3636,2023-06-12,LYON (intramuros),NON,9868,19:01,NORD,AEROPORT CDG2 TGV ROISSY,JCSUDNORD,FRMLW,17:00,FRLPD
3637,2023-06-12,MARNE LA VALLEE CHESSY,OUI,9868,20:43,NORD,BRUXELLES MIDI BRUSSEL ZUID,JCSUDNORD,BEBMI,18:51,FRMLV
3638,2023-06-12,MARSEILLE ST CHARLES,NON,9868,19:01,NORD,AEROPORT CDG2 TGV ROISSY,JCSUDNORD,FRMLW,15:11,FRMSC
3639,2023-06-12,LYON (intramuros),OUI,6627,20:10,SUD EST,LYON (intramuros),PARISRHONE,FRLPE,20:02,FRLPD
3640,2023-06-12,PARIS (intramuros),NON,6627,19:09,SUD EST,LE CREUSOT MONTCEAU MONTCHANIN,PARISRHONE,FRXCC,17:50,FRPLY
3641,2023-06-12,LE CREUSOT MONTCEAU MONTCHANIN,NON,6627,19:56,SUD EST,LYON (intramuros),PARISRHONE,FRLPD,19:12,FRXCC
3642,2023-06-12,AGEN,OUI,4655,12:35,IC ARO,MARSEILLE ST CHARLES,TJOURSOSE,FRMSC,07:31,FRAGF
3643,2023-06-12,AGEN,OUI,4655,09:58,IC ARO,NARBONNE,TJOURSOSE,FRXNA,07:31,FRAGF
3644,2023-06-12,BORDEAUX ST JEAN,OUI,4655,08:06,IC ARO,MONTAUBAN VILLE BOURBON,TJOURSOSE,FRXMW,06:27,FRBOJ
3645,2023-06-12,BORDEAUX ST JEAN,OUI,4655,09:58,IC ARO,NARBONNE,TJOURSOSE,FRXNA,06:27,FRBOJ
3646,2023-06-12,BEZIERS,OUI,4655,12:35,IC ARO,MARSEILLE ST CHARLES,TJOURSOSE,FRMSC,10:18,FRBZR
3647,2023-06-12,MONTPELLIER SAINT-ROCH,OUI,4655,11:21,IC ARO,NIMES,TJOURSOSE,FRFNI,10:57,FRMPL
3648,2023-06-12,MONTAUBAN VILLE BOURBON,OUI,4655,09:27,IC ARO,CARCASSONNE,TJOURSOSE,FRCCF,08:08,FRXMW
3649,2023-06-12,MONTAUBAN VILLE BOURBON,OUI,4655,11:21,IC ARO,NIMES,TJOURSOSE,FRFNI,08:08,FRXMW
3650,2023-06-12,MONTAUBAN VILLE BOURBON,OUI,4655,08:40,IC ARO,TOULOUSE MATABIAU,TJOURSOSE,FRXYT,08:08,FRXMW
3651,2023-06-12,NARBONNE,OUI,4655,12:35,IC ARO,MARSEILLE ST CHARLES,TJOURSOSE,FRMSC,10:01,FRXNA
3652,2023-06-12,TOULOUSE MATABIAU,OUI,4655,10:54,IC ARO,MONTPELLIER SAINT-ROCH,TJOURSOSE,FRMPL,08:45,FRXYT
3653,2023-06-12,TOULOUSE MATABIAU,OUI,4655,12:35,IC ARO,MARSEILLE ST CHARLES,TJOURSOSE,FRMSC,08:45,FRXYT
3654,2023-06-12,STRASBOURG,OUI,2584,07:09,EST,NANCY,NANCYPA,FRENC,05:41,FRAEG
3655,2023-06-12,NANCY,NON,2584,08:46,EST,PARIS (intramuros),NANCYPA,FRPST,07:16,FRENC
3656,2023-06-12,LUNEVILLE,OUI,2584,07:09,EST,NANCY,NANCYPA,FRENC,06:49,FRLNE
3657,2023-06-12,PARIS (intramuros),OUI,7047,16:48,NORD,LILLE (intramuros),PALILLE,FRADJ,15:46,FRPNO
3658,2023-06-12,ST GAUDENS,NON,14150,20:27,IC SRO,TOULOUSE MATABIAU,SUDOUEST,FRXYT,19:36,FRFPH
3659,2023-06-12,ORTHEZ,NON,14150,18:08,IC SRO,PAU,SUDOUEST,FRAEE,17:47,FRGFI
3660,2023-06-12,ORTHEZ,NON,14150,19:34,IC SRO,ST GAUDENS,SUDOUEST,FRFPH,17:47,FRGFI
3661,2023-06-12,LOURDES,NON,14150,19:34,IC SRO,ST GAUDENS,SUDOUEST,FRFPH,18:39,FRLDE
3662,2023-06-12,BAYONNE,NON,14150,19:34,IC SRO,ST GAUDENS,SUDOUEST,FRFPH,17:03,FRXBY
3663,2023-06-12,BAYONNE,NON,14150,17:45,IC SRO,ORTHEZ,SUDOUEST,FRGFI,17:03,FRXBY
3664,2023-06-12,BAYONNE,NON,14150,18:52,IC SRO,TARBES,SUDOUEST,FRXTB,17:03,FRXBY
3665,2023-06-12,ANGERS ST LAUD,NON,5482,11:52,EST,CHAMPAGNE-ARDENNE,JCATLEST,FREAH,08:48,FRACL
3666,2023-06-12,ANGERS ST LAUD,NON,5482,12:32,EST,LORRAINE TGV,JCATLEST,FREAM,08:48,FRACL
3667,2023-06-12,LE MANS,NON,5482,11:52,EST,CHAMPAGNE-ARDENNE,JCATLEST,FREAH,09:30,FRAET
3668,2023-06-12,CHAMPAGNE-ARDENNE,NON,5482,13:12,EST,STRASBOURG,JCATLEST,FRAEG,11:55,FREAH
3669,2023-06-12,AEROPORT CDG2 TGV ROISSY,NON,5482,11:52,EST,CHAMPAGNE-ARDENNE,JCATLEST,FREAH,11:22,FRMLW
3670,2023-06-12,NANTES,NON,5482,11:52,EST,CHAMPAGNE-ARDENNE,JCATLEST,FREAH,08:09,FRNTE
3671,2023-06-12,LYON (intramuros),OUI,6641,08:36,SUD EST,LYON (intramuros),PARISRHONE,FRLPE,08:28,FRLPD
3672,2023-06-12,CHAMPAGNE-ARDENNE,NON,2454,20:12,EST,PARIS (intramuros),MULHSTRAPA,FRPST,19:30,FREAH
3673,2023-06-12,LE MANS,NON,8874,15:25,ATLANTIQUE,PARIS (intramuros),LOIREPARIS,FRPMO,14:26,FRAET
3674,2023-06-12,PARIS (intramuros),NON,2465,21:25,EST,MEUSE TGV,PASTRAMULH,FREAJ,20:25,FRPST
3675,2023-06-12,MARSEILLE ST CHARLES,OUI,6136,06:15,SUD EST,AIX EN PROVENCE TGV,PROVENCEPA,FRAIE,06:04,FRMSC
3676,2023-06-12,GRENOBLE,NON,6922,19:46,SUD EST,PARIS (intramuros),GRENOBLEPA,FRPLY,16:47,FRGNB
3677,2023-06-12,NIORT,OUI,8391,20:58,ATLANTIQUE,SURGERES,PAROCHELLE,FREIP,20:40,FRNIT
3678,2023-06-12,NIORT,OUI,8391,21:21,ATLANTIQUE,LA ROCHELLE VILLE,PAROCHELLE,FRLRH,20:40,FRNIT
3679,2023-06-12,CHATELLERAULT,OUI,8343,18:34,ATLANTIQUE,POITIERS,PAROCHELLE,FRPIS,18:16,FRXCX
3680,2023-06-12,AVIGNON TGV,NON,6120,17:30,SUD EST,PARIS (intramuros),PROVENCEPA,FRPLY,14:40,FRAVG
3681,2023-06-12,MARSEILLE ST CHARLES,NON,6120,17:30,SUD EST,PARIS (intramuros),PROVENCEPA,FRPLY,14:04,FRMSC
3682,2023-06-12,VENDOME VILLIERS SUR LOIR,OUI,8333,14:43,ATLANTIQUE,POITIERS,PAROCHELLE,FRPIS,13:15,FRESL
3683,2023-06-12,VENDOME VILLIERS SUR LOIR,OUI,8333,14:11,ATLANTIQUE,CHATELLERAULT,PAROCHELLE,FRXCX,13:15,FRESL
3684,2023-06-12,VENDOME VILLIERS SUR LOIR,OUI,8333,13:35,ATLANTIQUE,ST PIERRE DES CORPS,PAROCHELLE,FRXSH,13:15,FRESL
3685,2023-06-12,PARIS (intramuros),OUI,8333,14:29,ATLANTIQUE,FUTUROSCOPE,PAROCHELLE,FRTGO,12:28,FRPMO
3686,2023-06-12,PARIS (intramuros),OUI,8333,14:11,ATLANTIQUE,CHATELLERAULT,PAROCHELLE,FRXCX,12:28,FRPMO
3687,2023-06-12,FUTUROSCOPE,OUI,8333,14:43,ATLANTIQUE,POITIERS,PAROCHELLE,FRPIS,14:33,FRTGO
3688,2023-06-12,CHATELLERAULT,OUI,8333,14:43,ATLANTIQUE,POITIERS,PAROCHELLE,FRPIS,14:14,FRXCX
3689,2023-06-12,ZUERICH HB,NON,9206,09:17,INTERNATIONAL,BELFORT-MONTBELIARD TGV,ZURBALPA,FRTJA,07:34,CHAJD
3690,2023-06-12,LAVAL,NON,8739,22:30,ATLANTIQUE,ROSPORDEN,PARISBRETA,FRRSP,19:58,FRACR
3691,2023-06-12,LAVAL,NON,8739,22:45,ATLANTIQUE,QUIMPER,PARISBRETA,FRUIP,19:58,FRACR
3692,2023-06-12,LAVAL,NON,8739,21:03,ATLANTIQUE,REDON,PARISBRETA,FRXRN,19:58,FRACR
3693,2023-06-12,LORIENT,OUI,8739,22:30,ATLANTIQUE,ROSPORDEN,PARISBRETA,FRRSP,22:02,FRLRT
3694,2023-06-12,PARIS (intramuros),NON,8739,22:13,ATLANTIQUE,QUIMPERLE,PARISBRETA,FRECO,18:40,FRPMO
3695,2023-06-12,PARIS (intramuros),NON,8739,20:25,ATLANTIQUE,RENNES,PARISBRETA,FRRNS,18:40,FRPMO
3696,2023-06-12,RENNES,OUI,8739,22:45,ATLANTIQUE,QUIMPER,PARISBRETA,FRUIP,20:29,FRRNS
3697,2023-06-12,VANNES,OUI,8739,22:30,ATLANTIQUE,ROSPORDEN,PARISBRETA,FRRSP,21:31,FRVNE
3698,2023-06-12,VANNES,OUI,8739,21:41,ATLANTIQUE,AURAY,PARISBRETA,FRXUY,21:31,FRVNE
3699,2023-06-12,REDON,OUI,8739,22:30,ATLANTIQUE,ROSPORDEN,PARISBRETA,FRRSP,21:05,FRXRN
3700,2023-06-12,REDON,OUI,8739,21:28,ATLANTIQUE,VANNES,PARISBRETA,FRVNE,21:05,FRXRN
3701,2023-06-12,AURAY,OUI,8739,22:13,ATLANTIQUE,QUIMPERLE,PARISBRETA,FRECO,21:44,FRXUY
3702,2023-06-12,AURAY,OUI,8739,22:30,ATLANTIQUE,ROSPORDEN,PARISBRETA,FRRSP,21:44,FRXUY
3703,2023-06-12,SARREBRUCK/SAARBRUECKEN,NON,9553,16:17,INTERNATIONAL,MANNHEIM HBF,PAFRANC,DEMHG,14:59,DESBK
3704,2023-06-12,PARIS (intramuros),NON,9553,14:57,INTERNATIONAL,SARREBRUCK/SAARBRUECKEN,PAFRANC,DESBK,13:10,FRPST
3705,2023-06-12,METZ VILLE,NON,2801,09:16,EST,THIONVILLE,PAMETZLUX,FRXTH,08:57,FRADE
3706,2023-06-12,METZ VILLE,NON,2801,09:44,EST,LUXEMBOURG,PAMETZLUX,LULUX,08:57,FRADE
3707,2023-06-12,BORDEAUX ST JEAN,OUI,4669,23:23,IC ARO,NIMES,TJOURSOSE,FRFNI,18:28,FRBOJ
3708,2023-06-12,BORDEAUX ST JEAN,OUI,4669,19:04,IC ARO,MARMANDE,TJOURSOSE,FRXMR,18:28,FRBOJ
3709,2023-06-12,BORDEAUX ST JEAN,OUI,4669,22:39,IC ARO,SETE,TJOURSOSE,FRXSY,18:28,FRBOJ
3710,2023-06-12,MARMANDE,OUI,4669,22:55,IC ARO,MONTPELLIER SAINT-ROCH,TJOURSOSE,FRMPL,19:06,FRXMR
3711,2023-06-12,NARBONNE,OUI,4669,22:55,IC ARO,MONTPELLIER SAINT-ROCH,TJOURSOSE,FRMPL,22:05,FRXNA
3712,2023-06-12,POITIERS,OUI,8491,21:44,ATLANTIQUE,BORDEAUX ST JEAN,PASUDOUEST,FRBOJ,19:54,FRPIS
3713,2023-06-12,PARIS (intramuros),OUI,8491,21:44,ATLANTIQUE,BORDEAUX ST JEAN,PASUDOUEST,FRBOJ,18:24,FRPMO
3714,2023-06-12,PARIS (intramuros),OUI,8491,21:16,ATLANTIQUE,LIBOURNE,PASUDOUEST,FRXLR,18:24,FRPMO
3715,2023-06-12,LIBOURNE,OUI,8491,21:44,ATLANTIQUE,BORDEAUX ST JEAN,PASUDOUEST,FRBOJ,21:19,FRXLR
3716,2023-06-12,GENEVE,NON,9776,19:42,INTERNATIONAL,PARIS (intramuros),GENEVEPA,FRPLY,16:29,CHGVA
3717,2023-06-12,ANGERS ST LAUD,OUI,8122,16:23,ATLANTIQUE,LE MANS,LOIREPARIS,FRAET,15:44,FRACL
3718,2023-06-12,ANGERS ST LAUD,NON,8122,17:25,ATLANTIQUE,PARIS (intramuros),LOIREPARIS,FRPMO,15:44,FRACL
3719,2023-06-12,LE MANS,NON,8122,17:25,ATLANTIQUE,PARIS (intramuros),LOIREPARIS,FRPMO,16:26,FRAET
3720,2023-06-12,NANTES,OUI,8122,16:23,ATLANTIQUE,LE MANS,LOIREPARIS,FRAET,15:05,FRNTE
3721,2023-06-12,POITIERS,NON,8332,08:15,ATLANTIQUE,ST PIERRE DES CORPS,ROCHELLEPA,FRXSH,07:27,FRPIS
3722,2023-06-12,ST PIERRE DES CORPS,NON,8332,08:43,ATLANTIQUE,VENDOME VILLIERS SUR LOIR,ROCHELLEPA,FRESL,08:25,FRXSH
3723,2023-06-12,MACON LOCHE TGV,OUI,6602,06:53,SUD EST,LE CREUSOT MONTCEAU MONTCHANIN,RHONEPARIS,FRXCC,06:34,FRMLT
3724,2023-06-12,LE CREUSOT MONTCEAU MONTCHANIN,NON,6602,08:14,SUD EST,PARIS (intramuros),RHONEPARIS,FRPLY,06:56,FRXCC
3725,2023-06-12,MONTBARD,OUI,6741,08:31,SUD EST,DIJON VILLE,PABOUR,FRABA,07:57,FRGWE
3726,2023-06-12,KARLSRUHE HBF,NON,9561,10:59,INTERNATIONAL,FRANKFURT MAIN HBF,PAFRANC,DEFRH,09:55,DEQKA
3727,2023-06-12,STRASBOURG,NON,9561,09:53,INTERNATIONAL,KARLSRUHE HBF,PAFRANC,DEQKA,09:12,FRAEG
3728,2023-06-12,PARIS (intramuros),NON,9561,09:06,INTERNATIONAL,STRASBOURG,PAFRANC,FRAEG,07:20,FRPST
3729,2023-06-12,BREST,OUI,8610,10:00,ATLANTIQUE,PLOUARET TREGOR,BRETAPARIS,FRPLT,09:09,FRBES
3730,2023-06-12,BREST,NON,8610,13:19,ATLANTIQUE,PARIS (intramuros),BRETAPARIS,FRPMO,09:09,FRBES
3731,2023-06-12,GUINGAMP,NON,8610,13:19,ATLANTIQUE,PARIS (intramuros),BRETAPARIS,FRPMO,10:18,FRGGP
3732,2023-06-12,MORLAIX,NON,8610,11:29,ATLANTIQUE,RENNES,BRETAPARIS,FRRNS,09:45,FRMXN
3733,2023-06-12,MORLAIX,OUI,8610,10:33,ATLANTIQUE,ST BRIEUC,BRETAPARIS,FRSBK,09:45,FRMXN
3734,2023-06-12,PLOUARET TREGOR,NON,8610,11:29,ATLANTIQUE,RENNES,BRETAPARIS,FRRNS,10:03,FRPLT
3735,2023-06-12,PLOUARET TREGOR,OUI,8610,10:33,ATLANTIQUE,ST BRIEUC,BRETAPARIS,FRSBK,10:03,FRPLT
3736,2023-06-12,LANDERNEAU,OUI,8610,09:43,ATLANTIQUE,MORLAIX,BRETAPARIS,FRMXN,09:22,FRXLD
3737,2023-06-12,LANDERNEAU,OUI,8610,10:33,ATLANTIQUE,ST BRIEUC,BRETAPARIS,FRSBK,09:22,FRXLD
3738,2023-06-12,SARREBRUCK/SAARBRUECKEN,NON,9551,12:59,INTERNATIONAL,FRANKFURT MAIN HBF,PAFRANC,DEFRH,10:58,DESBK
3739,2023-06-12,ANGERS ST LAUD,NON,4502,16:04,IC SRO,NANTES,JOURLYNNTE,FRNTE,15:23,FRACL
3740,2023-06-12,SAUMUR,NON,4502,15:21,IC SRO,ANGERS ST LAUD,JOURLYNNTE,FRACL,15:01,FRACN
3741,2023-06-12,BOURGES,NON,4502,15:21,IC SRO,ANGERS ST LAUD,JOURLYNNTE,FRACL,13:03,FRBOU
3742,2023-06-12,BOURGES,NON,4502,16:04,IC SRO,NANTES,JOURLYNNTE,FRNTE,13:03,FRBOU
3743,2023-06-12,LYON (intramuros),NON,4502,10:37,IC SRO,ROANNE,JOURLYNNTE,FRRNE,09:34,FRLPD
3744,2023-06-12,ROANNE,NON,4502,15:21,IC SRO,ANGERS ST LAUD,JOURLYNNTE,FRACL,10:40,FRRNE
3745,2023-06-12,ROANNE,NON,4502,12:14,IC SRO,NEVERS,JOURLYNNTE,FRNVS,10:40,FRRNE
3746,2023-06-12,ST GERMAIN DES FOSSES,NON,4502,16:04,IC SRO,NANTES,JOURLYNNTE,FRNTE,11:19,FRSGF
3747,2023-06-12,ST GERMAIN DES FOSSES,NON,4502,12:14,IC SRO,NEVERS,JOURLYNNTE,FRNVS,11:19,FRSGF
3748,2023-06-12,ST GERMAIN DES FOSSES,NON,4502,14:25,IC SRO,ST PIERRE DES CORPS,JOURLYNNTE,FRXSH,11:19,FRSGF
3749,2023-06-12,MOULINS SUR ALLIER,NON,4502,12:14,IC SRO,NEVERS,JOURLYNNTE,FRNVS,11:46,FRXMU
3750,2023-06-12,MOULINS SUR ALLIER,NON,4502,13:22,IC SRO,VIERZON VILLE,JOURLYNNTE,FRXVZ,11:46,FRXMU
3751,2023-06-12,ST PIERRE DES CORPS,NON,4502,14:59,IC SRO,SAUMUR,JOURLYNNTE,FRACN,14:28,FRXSH
3752,2023-06-12,ST PIERRE DES CORPS,NON,4502,16:04,IC SRO,NANTES,JOURLYNNTE,FRNTE,14:28,FRXSH
3753,2023-06-12,NIORT,OUI,8393,22:25,ATLANTIQUE,LA ROCHELLE VILLE,PAROCHELLE,FRLRH,21:44,FRNIT
3754,2023-06-12,PARIS (intramuros),OUI,8393,21:41,ATLANTIQUE,NIORT,PAROCHELLE,FRNIT,19:16,FRPMO
3755,2023-06-12,PARIS (intramuros),OUI,8393,20:55,ATLANTIQUE,POITIERS,PAROCHELLE,FRPIS,19:16,FRPMO
3756,2023-06-12,PARIS (intramuros),OUI,8393,20:19,ATLANTIQUE,ST PIERRE DES CORPS,PAROCHELLE,FRXSH,19:16,FRPMO
3757,2023-06-12,DIJON VILLE,NON,5500,19:41,EST,COLMAR,JCRHONRHIN,FRAEJ,17:50,FRABA
3758,2023-06-12,DIJON VILLE,NON,5500,19:09,EST,MULHOUSE VILLE,JCRHONRHIN,FRAEK,17:50,FRABA
3759,2023-06-12,DIJON VILLE,NON,5500,18:17,EST,BESANCON - F COMTE TGV,JCRHONRHIN,FRTJB,17:50,FRABA
3760,2023-06-12,NIMES,NON,5500,19:09,EST,MULHOUSE VILLE,JCRHONRHIN,FRAEK,14:21,FRFNI
3761,2023-06-12,NIMES,NON,5500,15:51,EST,LYON (intramuros),JCRHONRHIN,FRLPD,14:21,FRFNI
3762,2023-06-12,MACON VILLE,NON,5500,21:13,EST,METZ VILLE,JCRHONRHIN,FRADE,16:41,FRHGU
3763,2023-06-12,LYON (intramuros),NON,5500,21:13,EST,METZ VILLE,JCRHONRHIN,FRADE,16:04,FRLPD
3764,2023-06-12,MONTPELLIER SAINT-ROCH,NON,5500,18:44,EST,BELFORT-MONTBELIARD TGV,JCRHONRHIN,FRTJA,13:53,FRMPL
3765,2023-06-12,BELFORT-MONTBELIARD TGV,NON,5500,20:18,EST,STRASBOURG,JCRHONRHIN,FRAEG,18:47,FRTJA
3766,2023-06-12,BESANCON - F COMTE TGV,NON,5500,20:18,EST,STRASBOURG,JCRHONRHIN,FRAEG,18:22,FRTJB
3767,2023-06-12,BESANCON - F COMTE TGV,NON,5500,18:44,EST,BELFORT-MONTBELIARD TGV,JCRHONRHIN,FRTJA,18:22,FRTJB
3768,2023-06-12,VALENCE TGV RHONE-ALPES SUD,NON,5500,20:18,EST,STRASBOURG,JCRHONRHIN,FRAEG,15:12,FRVLA
3769,2023-06-12,VALENCE TGV RHONE-ALPES SUD,NON,5500,19:41,EST,COLMAR,JCRHONRHIN,FRAEJ,15:12,FRVLA
3770,2023-06-12,VALENCE TGV RHONE-ALPES SUD,NON,5500,16:39,EST,MACON VILLE,JCRHONRHIN,FRHGU,15:12,FRVLA
3771,2023-06-12,ARCACHON,OUI,8478,06:40,ATLANTIQUE,BORDEAUX ST JEAN,SUDOUESTPA,FRBOJ,06:00,FRXAC
3772,2023-06-12,ARCACHON,OUI,8478,06:15,ATLANTIQUE,FACTURE BIGANOS,SUDOUESTPA,FRFAC,06:00,FRXAC
3773,2023-06-12,QUIMPER,OUI,8704,07:24,ATLANTIQUE,VANNES,BRETAPARIS,FRVNE,06:26,FRUIP
3774,2023-06-12,VANNES,NON,8704,10:05,ATLANTIQUE,PARIS (intramuros),BRETAPARIS,FRPMO,07:27,FRVNE
3775,2023-06-12,SELESTAT,OUI,2377,21:19,EST,COLMAR,PASTRAMULH,FRAEJ,21:08,FRXSQ
3776,2023-06-12,ANGERS ST LAUD,OUI,8860,06:31,ATLANTIQUE,LE MANS,LOIREPARIS,FRAET,05:48,FRACL
3777,2023-06-12,ANGERS ST LAUD,NON,8860,07:33,ATLANTIQUE,PARIS (intramuros),LOIREPARIS,FRPMO,05:48,FRACL
3778,2023-06-12,NANTES,OUI,8860,06:31,ATLANTIQUE,LE MANS,LOIREPARIS,FRAET,05:09,FRNTE
3779,2023-06-12,ANGOULEME,NON,8488,19:48,ATLANTIQUE,PARIS (intramuros),SUDOUESTPA,FRPMO,17:26,FRANG
3780,2023-06-12,PARIS (intramuros),NON,12259,14:15,ATLANTIQUE,BORDEAUX ST JEAN,PASUDOUEST,FRBOJ,12:08,FRPMO
3781,2023-06-12,PARIS (intramuros),NON,8447,18:05,ATLANTIQUE,ANGOULEME,PASUDOUEST,FRANG,16:03,FRPMO
3782,2023-06-12,STRASBOURG,NON,9577,20:21,INTERNATIONAL,ULM HBF,PASTUTMUN,DEQUL,17:46,FRAEG
3783,2023-06-12,PARIS (intramuros),NON,9577,21:36,INTERNATIONAL,MUENCHEN HBF,PASTUTMUN,DEBEG,15:55,FRPST
3784,2023-06-12,PARIS (intramuros),NON,9577,18:24,INTERNATIONAL,KARLSRUHE HBF,PASTUTMUN,DEQKA,15:55,FRPST
3785,2023-06-12,PARIS (intramuros),NON,9577,20:21,INTERNATIONAL,ULM HBF,PASTUTMUN,DEQUL,15:55,FRPST
3786,2023-06-12,PARIS (intramuros),NON,9577,19:04,INTERNATIONAL,STUTTGART HBF,PASTUTMUN,DESGT,15:55,FRPST
3787,2023-06-12,LYON (intramuros),NON,6632,22:00,SUD EST,PARIS (intramuros),RHONEPARIS,FRPLY,19:50,FRLPE
3788,2023-06-12,PARIS (intramuros),NON,8313,17:43,ATLANTIQUE,TOURS,PAROCHELLE,FRAFW,16:28,FRPMO
3789,2023-06-12,PARIS (intramuros),NON,8313,17:13,ATLANTIQUE,VENDOME VILLIERS SUR LOIR,PAROCHELLE,FRESL,16:28,FRPMO
3790,2023-06-12,ANGERS ST LAUD,OUI,9832,19:50,NORD,NANTES,JCNORDBRET,FRNTE,19:12,FRACL
3791,2023-06-12,MASSY TGV,NON,9832,19:09,NORD,ANGERS ST LAUD,JCNORDBRET,FRACL,17:39,FRDJU
3792,2023-06-12,LILLE (intramuros),NON,9832,16:43,NORD,AEROPORT CDG2 TGV ROISSY,JCNORDBRET,FRMLW,15:52,FRLLE
3793,2023-06-12,BRUXELLES MIDI BRUSSEL ZUID,NON,9832,19:50,NORD,NANTES,JCNORDBRET,FRNTE,15:03,BEBMI
3794,2023-06-12,ANGOULEME,OUI,8483,09:45,ATLANTIQUE,LIBOURNE,PASUDOUEST,FRXLR,09:06,FRANG
3795,2023-06-12,POITIERS,OUI,8483,09:03,ATLANTIQUE,ANGOULEME,PASUDOUEST,FRANG,08:23,FRPIS
3796,2023-06-12,GUINGAMP,OUI,8615,14:47,ATLANTIQUE,BREST,PARISBRETA,FRBES,13:40,FRGGP
3797,2023-06-12,LAMBALLE,OUI,8615,14:12,ATLANTIQUE,MORLAIX,PARISBRETA,FRMXN,13:10,FRLAM
3798,2023-06-12,LAMBALLE,OUI,8615,13:20,ATLANTIQUE,ST BRIEUC,PARISBRETA,FRSBK,13:10,FRLAM
3799,2023-06-12,PARIS (intramuros),NON,8615,13:08,ATLANTIQUE,LAMBALLE,PARISBRETA,FRLAM,10:53,FRPMO
3800,2023-06-12,RENNES,NON,8615,13:53,ATLANTIQUE,PLOUARET TREGOR,PARISBRETA,FRPLT,12:32,FRRNS
3801,2023-06-12,LE MANS,NON,5210,11:17,NORD,RENNES,JCNORDBRET,FRRNS,10:32,FRAET
3802,2023-06-12,MASSY TGV,NON,5210,10:29,NORD,LE MANS,JCNORDBRET,FRAET,09:39,FRDJU
3803,2023-06-12,LILLE (intramuros),NON,5210,09:34,NORD,MASSY TGV,JCNORDBRET,FRDJU,07:52,FRLLE
3804,2023-06-12,LILLE (intramuros),NON,5210,08:57,NORD,MARNE LA VALLEE CHESSY,JCNORDBRET,FRMLV,07:52,FRLLE
3805,2023-06-12,AEROPORT CDG2 TGV ROISSY,NON,5210,09:34,NORD,MASSY TGV,JCNORDBRET,FRDJU,08:48,FRMLW
3806,2023-06-12,AEROPORT CDG2 TGV ROISSY,NON,5210,08:57,NORD,MARNE LA VALLEE CHESSY,JCNORDBRET,FRMLV,08:48,FRMLW
3807,2023-06-12,PARIS (intramuros),OUI,8651,22:17,ATLANTIQUE,ST BRIEUC,PARISBRETA,FRSBK,19:54,FRPMO
3808,2023-06-12,MARSEILLE ST CHARLES,NON,6122,18:22,SUD EST,PARIS (intramuros),PROVENCEPA,FRPLY,15:02,FRMSC
3809,2023-06-12,LE MANS,OUI,8603,11:42,ATLANTIQUE,BREST,PARISBRETA,FRBES,08:37,FRAET
3810,2023-06-12,LE MANS,OUI,8603,09:25,ATLANTIQUE,RENNES,PARISBRETA,FRRNS,08:37,FRAET
3811,2023-06-12,MORLAIX,OUI,8603,11:42,ATLANTIQUE,BREST,PARISBRETA,FRBES,11:10,FRMXN
3812,2023-06-12,PARIS (intramuros),OUI,8603,10:08,ATLANTIQUE,LAMBALLE,PARISBRETA,FRLAM,07:32,FRPMO
3813,2023-06-12,PARIS (intramuros),OUI,8603,11:07,ATLANTIQUE,MORLAIX,PARISBRETA,FRMXN,07:32,FRPMO
3814,2023-06-12,MASSY TGV,OUI,8603,11:07,ATLANTIQUE,MORLAIX,PARISBRETA,FRMXN,07:44,FRDJU
3815,2023-06-12,MASSY TGV,OUI,8603,10:38,ATLANTIQUE,GUINGAMP,PARISBRETA,FRGGP,07:44,FRDJU
3816,2023-06-12,PARIS (intramuros),NON,5963,17:23,IC ARO,RIOM CHATEL GUYON,PACLERMONT,FRRIO,14:00,FRPBE
3817,2023-06-12,MOULINS SUR ALLIER,NON,5963,17:35,IC ARO,CLERMONT FERRAND,PACLERMONT,FRCFE,16:30,FRXMU
3818,2023-06-12,GRENOBLE,NON,6924,19:53,SUD EST,LYON-SAINT EXUPERY TGV,GRENOBLEPA,FRJDQ,18:46,FRGNB
3819,2023-06-12,PARIS (intramuros),NON,3755,06:33,IC NUIT,ST CHRISTOPHE,PAVERMEIL,FRFST,19:36,FRPAZ
3820,2023-06-12,TOULOUSE MATABIAU,NON,8508,12:40,ATLANTIQUE,BORDEAUX ST JEAN,SUDOUESTPA,FRBOJ,10:35,FRXYT
3821,2023-06-12,MODANE,NON,9241,11:23,INTERNATIONAL,OULX CESANA CLAV SESTRIERE,PAITALIE,ITOCS,10:55,FRAGR
3822,2023-06-12,CHAMBERY CHALLES LES EAUX,NON,9241,10:52,INTERNATIONAL,MODANE,PAITALIE,FRAGR,09:44,FRCMF
3823,2023-06-12,CHAMBERY CHALLES LES EAUX,NON,9241,11:23,INTERNATIONAL,OULX CESANA CLAV SESTRIERE,PAITALIE,ITOCS,09:44,FRCMF
3824,2023-06-12,CHAMBERY CHALLES LES EAUX,NON,9241,12:23,INTERNATIONAL,TORINO PORTA SUSA,PAITALIE,ITTRS,09:44,FRCMF
3825,2023-06-12,PARIS (intramuros),NON,9241,10:52,INTERNATIONAL,MODANE,PAITALIE,FRAGR,06:44,FRPLY
3826,2023-06-12,PARIS (intramuros),NON,9241,08:17,INTERNATIONAL,MACON LOCHE TGV,PAITALIE,FRMLT,06:44,FRPLY
3827,2023-06-12,LORIENT,OUI,8706,08:24,ATLANTIQUE,VANNES,BRETAPARIS,FRVNE,07:56,FRLRT
3828,2023-06-12,RENNES,NON,8706,11:19,ATLANTIQUE,PARIS (intramuros),BRETAPARIS,FRPMO,09:35,FRRNS
3829,2023-06-12,QUIMPER,NON,8706,10:01,ATLANTIQUE,LAVAL,BRETAPARIS,FRACR,07:21,FRUIP
3830,2023-06-12,AURAY,NON,8706,11:19,ATLANTIQUE,PARIS (intramuros),BRETAPARIS,FRPMO,08:14,FRXUY
3831,2023-06-12,AURAY,OUI,8706,09:25,ATLANTIQUE,RENNES,BRETAPARIS,FRRNS,08:14,FRXUY
3832,2023-06-12,AURAY,OUI,8706,08:24,ATLANTIQUE,VANNES,BRETAPARIS,FRVNE,08:14,FRXUY
3833,2023-06-12,MULHOUSE VILLE,NON,9203,11:26,INTERNATIONAL,ZUERICH HB,PABALZUR,CHAJD,10:06,FRAEK
3834,2023-06-12,PARIS (intramuros),NON,6709,20:12,SUD EST,MULHOUSE VILLE,PABOUR,FRAEK,17:16,FRPLY
3835,2023-06-12,AIX EN PROVENCE TGV,NON,5066,16:57,NORD,LILLE (intramuros),JCSUDNORD,FRLLE,12:26,FRAIE
3836,2023-06-12,AIX EN PROVENCE TGV,NON,5066,13:54,NORD,LYON (intramuros),JCSUDNORD,FRLPD,12:26,FRAIE
3837,2023-06-12,AVIGNON TGV,NON,5066,16:57,NORD,LILLE (intramuros),JCSUDNORD,FRLLE,12:48,FRAVG
3838,2023-06-12,MARSEILLE ST CHARLES,NON,5066,16:00,NORD,AEROPORT CDG2 TGV ROISSY,JCSUDNORD,FRMLW,12:12,FRMSC
3839,2023-06-12,LE MANS,NON,8875,15:14,ATLANTIQUE,ANGERS ST LAUD,PARISLOIRE,FRACL,14:32,FRAET
3840,2023-06-12,LE MANS,NON,8875,15:54,ATLANTIQUE,NANTES,PARISLOIRE,FRNTE,14:32,FRAET
3841,2023-06-12,SABLE SUR SARTHE,NON,8875,15:54,ATLANTIQUE,NANTES,PARISLOIRE,FRNTE,14:54,FRSAB
3842,2023-06-12,AIX EN PROVENCE TGV,NON,9882,21:01,NORD,AEROPORT CDG2 TGV ROISSY,JCSUDNORD,FRMLW,17:22,FRAIE
3843,2023-06-12,MARSEILLE ST CHARLES,NON,9882,17:19,NORD,AIX EN PROVENCE TGV,JCSUDNORD,FRAIE,17:08,FRMSC
3844,2023-06-12,MARSEILLE ST CHARLES,NON,9882,21:57,NORD,LILLE (intramuros),JCSUDNORD,FRLLE,17:08,FRMSC
3845,2023-06-12,MARSEILLE ST CHARLES,NON,9882,20:47,NORD,MARNE LA VALLEE CHESSY,JCSUDNORD,FRMLV,17:08,FRMSC
3846,2023-06-12,ANGOULEME,OUI,8480,07:04,ATLANTIQUE,POITIERS,SUDOUESTPA,FRPIS,06:25,FRANG
3847,2023-06-12,PARIS (intramuros),NON,7569,14:44,NORD,BOULOGNE VILLE,PAARRAS,FRAEB,12:25,FRPNO
3848,2023-06-12,PARIS (intramuros),NON,7569,13:40,NORD,LILLE (intramuros),PAARRAS,FRLLE,12:25,FRPNO
3849,2023-06-12,PARIS (intramuros),NON,7569,14:13,NORD,CALAIS FRETHUN,PAARRAS,FRSTH,12:25,FRPNO
3850,2023-06-12,CLERMONT FERRAND,NON,15941,13:42,IC SRO,BRASSAC LES MINES STE FLORINE,NORESTJOU,FRHLE,13:03,FRCFE
3851,2023-06-12,ISSOIRE,NON,15941,13:48,IC SRO,ARVANT,NORESTJOU,FRARV,13:29,FRHLB
3852,2023-06-12,ISSOIRE,NON,15941,14:08,IC SRO,MASSIAC BLESLE,NORESTJOU,FRHMY,13:29,FRHLB
3853,2023-06-12,PARIS (intramuros),OUI,6715,21:58,SUD EST,DIJON VILLE,PABOUR,FRABA,20:20,FRPLY
3854,2023-06-12,NEVERS,OUI,5951,10:22,IC ARO,RIOM CHATEL GUYON,PACLERMONT,FRRIO,08:59,FRNVS
3855,2023-06-12,NEVERS,OUI,5951,09:28,IC ARO,MOULINS SUR ALLIER,PACLERMONT,FRXMU,08:59,FRNVS
3856,2023-06-12,PARIS (intramuros),OUI,5951,10:34,IC ARO,CLERMONT FERRAND,PACLERMONT,FRCFE,06:58,FRPLY
3857,2023-06-12,SURGERES,NON,8370,08:37,ATLANTIQUE,PARIS (intramuros),ROCHELLEPA,FRPMO,06:00,FREIP
3858,2023-06-12,LA ROCHELLE VILLE,OUI,8370,06:18,ATLANTIQUE,NIORT,ROCHELLEPA,FRNIT,05:39,FRLRH
3859,2023-06-12,LYON (intramuros),NON,6626,19:00,SUD EST,PARIS (intramuros),RHONEPARIS,FRPLY,17:04,FRLPD
3860,2023-06-12,LYON (intramuros),OUI,6626,16:58,SUD EST,LYON (intramuros),RHONEPARIS,FRLPD,16:50,FRLPE
3861,2023-06-12,LYON (intramuros),NON,6626,19:00,SUD EST,PARIS (intramuros),RHONEPARIS,FRPLY,16:50,FRLPE
3862,2023-06-12,PARIS (intramuros),NON,9761,10:14,INTERNATIONAL,LAUSANNE,PAGENEVE,CHAJF,06:16,FRPLY
3863,2023-06-12,GENEVE,NON,9761,10:14,INTERNATIONAL,LAUSANNE,PAGENEVE,CHAJF,09:39,CHGVA
3864,2023-06-12,MONTAUBAN VILLE BOURBON,NON,3750,06:50,IC NUIT,PARIS (intramuros),OCCITANPAR,FRPAZ,22:42,FRXMW
3865,2023-06-12,PARIS (intramuros),OUI,12263,18:14,ATLANTIQUE,BORDEAUX ST JEAN,PASUDOUEST,FRBOJ,16:08,FRPMO
3866,2023-06-12,AGEN,NON,4661,17:17,IC ARO,NIMES,TJOURSOSE,FRFNI,13:32,FRAGF
3867,2023-06-12,AGEN,NON,4661,16:50,IC ARO,MONTPELLIER SAINT-ROCH,TJOURSOSE,FRMPL,13:32,FRAGF
3868,2023-06-12,BORDEAUX ST JEAN,NON,4661,18:35,IC ARO,MARSEILLE ST CHARLES,TJOURSOSE,FRMSC,12:28,FRBOJ
3869,2023-06-12,BORDEAUX ST JEAN,NON,4661,14:07,IC ARO,MONTAUBAN VILLE BOURBON,TJOURSOSE,FRXMW,12:28,FRBOJ
3870,2023-06-12,CARCASSONNE,NON,4661,15:56,IC ARO,NARBONNE,TJOURSOSE,FRXNA,15:28,FRCCF
3871,2023-06-12,ARLES,OUI,4661,18:35,IC ARO,MARSEILLE ST CHARLES,TJOURSOSE,FRMSC,17:49,FRHZA
3872,2023-06-12,MONTPELLIER SAINT-ROCH,OUI,4661,17:47,IC ARO,ARLES,TJOURSOSE,FRHZA,16:53,FRMPL
3873,2023-06-12,MONTPELLIER SAINT-ROCH,OUI,4661,18:35,IC ARO,MARSEILLE ST CHARLES,TJOURSOSE,FRMSC,16:53,FRMPL
3874,2023-06-12,MONTAUBAN VILLE BOURBON,NON,4661,15:26,IC ARO,CARCASSONNE,TJOURSOSE,FRCCF,14:09,FRXMW
3875,2023-06-12,MONTAUBAN VILLE BOURBON,NON,4661,16:50,IC ARO,MONTPELLIER SAINT-ROCH,TJOURSOSE,FRMPL,14:09,FRXMW
3876,2023-06-12,NARBONNE,NON,4661,17:17,IC ARO,NIMES,TJOURSOSE,FRFNI,15:59,FRXNA
3877,2023-06-12,NARBONNE,NON,4661,18:35,IC ARO,MARSEILLE ST CHARLES,TJOURSOSE,FRMSC,15:59,FRXNA
3878,2023-06-12,TOULOUSE MATABIAU,NON,4661,16:12,IC ARO,BEZIERS,TJOURSOSE,FRBZR,14:45,FRXYT
3879,2023-06-12,TOULOUSE MATABIAU,NON,4661,17:47,IC ARO,ARLES,TJOURSOSE,FRHZA,14:45,FRXYT
3880,2023-06-12,TOULOUSE MATABIAU,NON,4661,16:50,IC ARO,MONTPELLIER SAINT-ROCH,TJOURSOSE,FRMPL,14:45,FRXYT
3881,2023-06-12,TOULOUSE MATABIAU,NON,4661,18:35,IC ARO,MARSEILLE ST CHARLES,TJOURSOSE,FRMSC,14:45,FRXYT
3882,2023-06-12,TOULOUSE MATABIAU,NON,4661,15:56,IC ARO,NARBONNE,TJOURSOSE,FRXNA,14:45,FRXYT
3883,2023-06-12,ARRAS,NON,7304,08:08,NORD,PARIS (intramuros),ARRASPA,FRPNO,07:18,FRQRV
3884,2023-06-12,EMBRUN,NON,5790,07:57,IC NUIT,PARIS (intramuros),BRIANCONPA,FRPAZ,20:52,FRIGV
3885,2023-06-12,TOURS,NON,8320,19:22,ATLANTIQUE,VENDOME VILLIERS SUR LOIR,ROCHELLEPA,FRESL,18:56,FRAFW
3886,2023-06-12,TOURS,NON,8320,20:12,ATLANTIQUE,PARIS (intramuros),ROCHELLEPA,FRPMO,18:56,FRAFW
3887,2023-06-12,TOURS,OUI,8320,19:01,ATLANTIQUE,ST PIERRE DES CORPS,ROCHELLEPA,FRXSH,18:56,FRAFW
3888,2023-06-12,VENDOME VILLIERS SUR LOIR,OUI,8320,20:12,ATLANTIQUE,PARIS (intramuros),ROCHELLEPA,FRPMO,19:25,FRESL
3889,2023-06-12,BEZIERS,NON,6871,11:50,SUD EST,LYON (intramuros),JCSUDPROV,FRLPD,09:15,FRBZR
3890,2023-06-12,BEZIERS,OUI,6871,09:36,SUD EST,SETE,JCSUDPROV,FRXSY,09:15,FRBZR
3891,2023-06-12,CARCASSONNE,OUI,6871,09:12,SUD EST,BEZIERS,JCSUDPROV,FRBZR,08:27,FRCCF
3892,2023-06-12,CARCASSONNE,NON,6871,11:50,SUD EST,LYON (intramuros),JCSUDPROV,FRLPD,08:27,FRCCF
3893,2023-06-12,CARCASSONNE,OUI,6871,09:36,SUD EST,SETE,JCSUDPROV,FRXSY,08:27,FRCCF
3894,2023-06-12,TOULOUSE MATABIAU,OUI,6871,08:24,SUD EST,CARCASSONNE,JCSUDPROV,FRCCF,07:43,FRXYT
3895,2023-06-12,MONTPELLIER SUD DE FRANCE,NON,6871,11:07,SUD EST,VALENCE TGV RHONE-ALPES SUD,JCSUDPROV,FRVLA,10:05,FRSUF
3896,2023-06-12,MONTPELLIER SUD DE FRANCE,NON,6871,10:24,SUD EST,NIMES PONT DU GARD,JCSUDPROV,FRXZP,10:05,FRSUF
3897,2023-06-12,NIMES,NON,9708,15:01,SUD EST,VALENCE TGV RHONE-ALPES SUD,BARCELONEPA,FRVLA,14:15,FRFNI
3898,2023-06-12,MONTPELLIER SAINT-ROCH,NON,9708,17:18,SUD EST,PARIS (intramuros),BARCELONEPA,FRPLY,13:46,FRMPL
3899,2023-06-12,MONTPELLIER SAINT-ROCH,NON,9708,15:01,SUD EST,VALENCE TGV RHONE-ALPES SUD,BARCELONEPA,FRVLA,13:46,FRMPL
3900,2023-06-12,PERPIGNAN,NON,9708,14:11,SUD EST,NIMES,BARCELONEPA,FRFNI,12:04,FRPGF
3901,2023-06-12,PERPIGNAN,NON,9708,17:18,SUD EST,PARIS (intramuros),BARCELONEPA,FRPLY,12:04,FRPGF
3902,2023-06-12,PERPIGNAN,NON,9708,15:01,SUD EST,VALENCE TGV RHONE-ALPES SUD,BARCELONEPA,FRVLA,12:04,FRPGF
3903,2023-06-12,PERPIGNAN,NON,9708,13:09,SUD EST,AGDE,BARCELONEPA,FRXAG,12:04,FRPGF
3904,2023-06-12,AGDE,NON,9708,13:24,SUD EST,SETE,BARCELONEPA,FRXSY,13:12,FRXAG
3905,2023-06-12,NARBONNE,NON,9708,12:55,SUD EST,BEZIERS,BARCELONEPA,FRBZR,12:42,FRXNA
3906,2023-06-12,BARCELONA SANTS,NON,9708,17:18,SUD EST,PARIS (intramuros),BARCELONEPA,FRPLY,10:33,ESBST
3907,2023-06-12,GIRONA,NON,9708,14:11,SUD EST,NIMES,BARCELONEPA,FRFNI,11:14,ESGRO
3908,2023-06-12,FIGUERES VILA TGV,NON,9708,12:39,SUD EST,NARBONNE,BARCELONEPA,FRXNA,11:31,ESFIR
3909,2023-06-12,MARSEILLE ST CHARLES,NON,6155,13:12,SUD EST,TOULON,PAAZUR,FRTLN,12:29,FRMSC
3910,2023-06-12,PARIS (intramuros),NON,6155,13:40,SUD EST,HYERES,PAAZUR,FRXHE,09:08,FRPLY
3911,2023-06-12,MARSEILLE ST CHARLES,NON,6155,13:40,SUD EST,HYERES,PAAZUR,FRXHE,12:29,FRMSC
3912,2023-06-12,AVIGNON CENTRE,OUI,6193,16:37,SUD EST,MIRAMAS,PAVDR,FRMAZ,15:59,FRAES
3913,2023-06-12,LYON-SAINT EXUPERY TGV,NON,6193,15:09,SUD EST,MONTELIMAR GARE SNCF,PAVDR,FRXMK,14:11,FRJDQ
3914,2023-06-12,PARIS (intramuros),NON,6193,16:37,SUD EST,MIRAMAS,PAVDR,FRMAZ,12:12,FRPLY
3915,2023-06-12,VALENCE VILLE,OUI,6193,15:09,SUD EST,MONTELIMAR GARE SNCF,PAVDR,FRXMK,14:49,FRVAF
3916,2023-06-12,ORANGE,OUI,6193,16:16,SUD EST,ARLES,PAVDR,FRHZA,15:41,FRXOG
3917,2023-06-12,LE MANS,NON,5338,21:30,SUD EST,LYON (intramuros),JCATLSUD,FRLPD,18:30,FRAET
3918,2023-06-12,MASSY TGV,OUI,5338,21:30,SUD EST,LYON (intramuros),JCATLSUD,FRLPD,19:26,FRDJU
3919,2023-06-12,STRASBOURG,OUI,9591,19:54,EST,LAHR SCHWARZW,PASTRAMULH,DEANL,19:17,FRAEG
3920,2023-06-12,OFFENBOURG/OFFENBURG,OUI,9591,19:54,EST,LAHR SCHWARZW,PASTRAMULH,DEANL,19:44,DEZPA
3921,2023-06-12,PARIS (intramuros),NON,9591,20:02,EST,RINGSHEIM/EU-PARK,PASTRAMULH,DERSH,17:25,FRPST
3922,2023-06-12,STRASBOURG,OUI,9591,20:02,EST,RINGSHEIM/EU-PARK,PASTRAMULH,DERSH,19:17,FRAEG
3923,2023-06-12,STRASBOURG,OUI,5488,18:01,EST,MEUSE TGV,JCESTATL,FREAJ,17:01,FRAEG
3924,2023-06-12,STRASBOURG,NON,5488,19:31,EST,MARNE LA VALLEE CHESSY,JCESTATL,FRMLV,17:01,FRAEG
3925,2023-06-12,STRASBOURG,OUI,5488,19:06,EST,AEROPORT CDG2 TGV ROISSY,JCESTATL,FRMLW,17:01,FRAEG
3926,2023-06-12,MASSY TGV,NON,5488,22:19,EST,NANTES,JCESTATL,FRNTE,20:10,FRDJU
3927,2023-06-12,MEUSE TGV,NON,5488,19:31,EST,MARNE LA VALLEE CHESSY,JCESTATL,FRMLV,18:09,FREAJ
3928,2023-06-12,MEUSE TGV,OUI,5488,19:06,EST,AEROPORT CDG2 TGV ROISSY,JCESTATL,FRMLW,18:09,FREAJ
3929,2023-06-12,MARNE LA VALLEE CHESSY,NON,5488,21:00,EST,LE MANS,JCESTATL,FRAET,19:35,FRMLV
3930,2023-06-12,AEROPORT CDG2 TGV ROISSY,NON,5488,19:31,EST,MARNE LA VALLEE CHESSY,JCESTATL,FRMLV,19:21,FRMLW
3931,2023-06-12,MEUSE TGV,NON,5488,22:19,EST,NANTES,JCESTATL,FRNTE,18:09,FREAJ
3932,2023-06-12,CRANSAC,NON,3756,08:22,IC NUIT,PARIS (intramuros),OCCITANPAR,FRPAZ,23:20,FRFSR
3933,2023-06-12,DAX,OUI,8574,18:30,ATLANTIQUE,PAU,PASUDOUEST,FRAEE,17:41,FRACG
3934,2023-06-12,DAX,OUI,8574,18:07,ATLANTIQUE,ORTHEZ,PASUDOUEST,FRGFI,17:41,FRACG
3935,2023-06-12,DAX,OUI,8574,18:58,ATLANTIQUE,LOURDES,PASUDOUEST,FRLDE,17:41,FRACG
3936,2023-06-12,BORDEAUX ST JEAN,NON,8574,18:58,ATLANTIQUE,LOURDES,PASUDOUEST,FRLDE,16:20,FRBOJ
3937,2023-06-12,BORDEAUX ST JEAN,NON,8574,19:23,ATLANTIQUE,TARBES,PASUDOUEST,FRXTB,16:20,FRBOJ
3938,2023-06-12,PARIS (intramuros),NON,8574,18:07,ATLANTIQUE,ORTHEZ,PASUDOUEST,FRGFI,14:02,FRPMO
3939,2023-06-12,MASSY TGV,NON,8574,18:58,ATLANTIQUE,LOURDES,PASUDOUEST,FRLDE,14:15,FRDJU
3940,2023-06-12,BREST,NON,8634,19:06,ATLANTIQUE,PARIS (intramuros),BRETAPARIS,FRPMO,15:32,FRBES
3941,2023-06-12,BREST,OUI,8634,17:29,ATLANTIQUE,RENNES,BRETAPARIS,FRRNS,15:32,FRBES
3942,2023-06-12,ST BRIEUC,NON,8634,19:06,ATLANTIQUE,PARIS (intramuros),BRETAPARIS,FRPMO,16:41,FRSBK
3943,2023-06-12,GENEVE,NON,9760,07:49,INTERNATIONAL,BOURG EN BRESSE,GENEVEPA,FRXBK,06:29,CHGVA
3944,2023-06-12,LUCON,NON,3835,18:03,IC SRO,ROCHEFORT,NANTEBORDO,FRRCO,17:00,FRLCN
3945,2023-06-12,NANTES,NON,3835,20:11,IC SRO,BORDEAUX ST JEAN,NANTEBORDO,FRBOJ,15:55,FRNTE
3946,2023-06-12,NANTES,NON,3835,19:10,IC SRO,JONZAC,NANTEBORDO,FREMR,15:55,FRNTE
3947,2023-06-12,ROCHEFORT,NON,3835,19:10,IC SRO,JONZAC,NANTEBORDO,FREMR,18:05,FRRCO
3948,2023-06-12,SAINTES,NON,3835,19:10,IC SRO,JONZAC,NANTEBORDO,FREMR,18:34,FRXST
3949,2023-06-12,LES SABLES D'OLONNE,OUI,8970,07:41,ATLANTIQUE,ANGERS ST LAUD,LOIREPARIS,FRACL,05:44,FRLSO
3950,2023-06-12,LES SABLES D'OLONNE,NON,8970,09:12,ATLANTIQUE,PARIS (intramuros),LOIREPARIS,FRPMO,05:44,FRLSO
3951,2023-06-12,LES SABLES D'OLONNE,OUI,8970,06:08,ATLANTIQUE,LA ROCHE SUR YON,LOIREPARIS,FRXRO,05:44,FRLSO
3952,2023-06-12,LE MANS,NON,9886,09:45,NORD,TGV HAUTE PICARDIE,JCBRETNORD,FRTHP,07:30,FRAET
3953,2023-06-12,MARNE LA VALLEE CHESSY,NON,9886,11:01,NORD,BRUXELLES MIDI BRUSSEL ZUID,JCBRETNORD,BEBMI,09:01,FRMLV
3954,2023-06-12,AEROPORT CDG2 TGV ROISSY,OUI,9886,11:01,NORD,BRUXELLES MIDI BRUSSEL ZUID,JCBRETNORD,BEBMI,09:16,FRMLW
3955,2023-06-12,TGV HAUTE PICARDIE,OUI,9886,10:17,NORD,LILLE (intramuros),JCBRETNORD,FRLLE,09:50,FRTHP
3956,2023-06-12,ANGERS ST LAUD,NON,9886,11:01,NORD,BRUXELLES MIDI BRUSSEL ZUID,JCBRETNORD,BEBMI,06:41,FRACL
3957,2023-06-12,LYON (intramuros),OUI,6633,23:24,SUD EST,LYON (intramuros),PARISRHONE,FRLPE,23:13,FRLPD
3958,2023-06-12,MACON LOCHE TGV,OUI,6633,23:08,SUD EST,LYON (intramuros),PARISRHONE,FRLPD,22:41,FRMLT
3959,2023-06-12,ANGERS ST LAUD,OUI,8863,08:54,ATLANTIQUE,NANTES,PARISLOIRE,FRNTE,08:16,FRACL
3960,2023-06-12,MASSY TGV,OUI,8863,08:13,ATLANTIQUE,ANGERS ST LAUD,PARISLOIRE,FRACL,06:41,FRDJU
3961,2023-06-12,PARIS (intramuros),OUI,8863,08:13,ATLANTIQUE,ANGERS ST LAUD,PARISLOIRE,FRACL,06:29,FRPMO
3962,2023-06-12,PARIS (intramuros),OUI,8863,08:54,ATLANTIQUE,NANTES,PARISLOIRE,FRNTE,06:29,FRPMO
3963,2023-06-12,LAVAL,NON,8723,17:55,ATLANTIQUE,LORIENT,PARISBRETA,FRLRT,16:00,FRACR
3964,2023-06-12,LAVAL,NON,8723,18:25,ATLANTIQUE,ROSPORDEN,PARISBRETA,FRRSP,16:00,FRACR
3965,2023-06-12,LORIENT,OUI,8723,18:09,ATLANTIQUE,QUIMPERLE,PARISBRETA,FRECO,17:58,FRLRT
3966,2023-06-12,PARIS (intramuros),NON,8723,17:28,ATLANTIQUE,VANNES,PARISBRETA,FRVNE,14:41,FRPMO
3967,2023-06-12,RENNES,NON,8723,18:09,ATLANTIQUE,QUIMPERLE,PARISBRETA,FRECO,16:29,FRRNS
3968,2023-06-12,RENNES,NON,8723,17:55,ATLANTIQUE,LORIENT,PARISBRETA,FRLRT,16:29,FRRNS
3969,2023-06-12,RENNES,NON,8723,17:03,ATLANTIQUE,REDON,PARISBRETA,FRXRN,16:29,FRRNS
3970,2023-06-12,VANNES,OUI,8723,17:55,ATLANTIQUE,LORIENT,PARISBRETA,FRLRT,17:31,FRVNE
3971,2023-06-12,VANNES,OUI,8723,18:25,ATLANTIQUE,ROSPORDEN,PARISBRETA,FRRSP,17:31,FRVNE
3972,2023-06-12,NIMES,NON,4766,19:44,IC ARO,BEZIERS,TJOURSESO,FRBZR,18:41,FRFNI
3973,2023-06-12,MONTPELLIER SAINT-ROCH,NON,4766,19:44,IC ARO,BEZIERS,TJOURSESO,FRBZR,19:09,FRMPL
3974,2023-06-12,MONTPELLIER SAINT-ROCH,NON,4766,21:54,IC ARO,MONTAUBAN VILLE BOURBON,TJOURSESO,FRXMW,19:09,FRMPL
3975,2023-06-12,MARSEILLE ST CHARLES,NON,4766,21:54,IC ARO,MONTAUBAN VILLE BOURBON,TJOURSESO,FRXMW,17:28,FRMSC
3976,2023-06-12,MARSEILLE ST CHARLES,NON,4766,21:18,IC ARO,TOULOUSE MATABIAU,TJOURSESO,FRXYT,17:28,FRMSC
3977,2023-06-12,MONTAUBAN VILLE BOURBON,OUI,4766,22:31,IC ARO,AGEN,TJOURSESO,FRAGF,21:56,FRXMW
3978,2023-06-12,NARBONNE,NON,4766,21:18,IC ARO,TOULOUSE MATABIAU,TJOURSESO,FRXYT,20:05,FRXNA
3979,2023-06-12,LILLE (intramuros),NON,5124,23:53,NORD,MARSEILLE ST CHARLES,JCNORDSUD,FRMSC,18:22,FRLLE
3980,2023-06-12,LYON (intramuros),OUI,5124,23:14,NORD,AVIGNON TGV,JCNORDSUD,FRAVG,22:06,FRLPD
3981,2023-06-12,MARNE LA VALLEE CHESSY,NON,5124,22:00,NORD,LYON (intramuros),JCNORDSUD,FRLPD,20:13,FRMLV
3982,2023-06-12,AEROPORT CDG2 TGV ROISSY,NON,5124,23:14,NORD,AVIGNON TGV,JCNORDSUD,FRAVG,20:00,FRMLW
3983,2023-06-12,ARRAS,NON,5124,23:38,NORD,AIX EN PROVENCE TGV,JCNORDSUD,FRAIE,18:46,FRQRV
3984,2023-06-12,ARRAS,NON,5124,23:14,NORD,AVIGNON TGV,JCNORDSUD,FRAVG,18:46,FRQRV
3985,2023-06-12,ARRAS,NON,5124,22:00,NORD,LYON (intramuros),JCNORDSUD,FRLPD,18:46,FRQRV
3986,2023-06-12,ARRAS,OUI,5124,20:09,NORD,MARNE LA VALLEE CHESSY,JCNORDSUD,FRMLV,18:46,FRQRV
3987,2023-06-12,MASSY TGV,NON,5470,13:59,EST,LE MANS,JCESTATL,FRAET,13:10,FRDJU
3988,2023-06-12,CHAMPAGNE-ARDENNE,NON,5470,13:04,EST,MASSY TGV,JCESTATL,FRDJU,11:28,FREAH
3989,2023-06-12,CHAMPAGNE-ARDENNE,NON,5470,12:26,EST,MARNE LA VALLEE CHESSY,JCESTATL,FRMLV,11:28,FREAH
3990,2023-06-12,CHAMPAGNE-ARDENNE,NON,5470,12:01,EST,AEROPORT CDG2 TGV ROISSY,JCESTATL,FRMLW,11:28,FREAH
3991,2023-06-12,MEUSE TGV,NON,5470,12:26,EST,MARNE LA VALLEE CHESSY,JCESTATL,FRMLV,11:01,FREAJ
3992,2023-06-12,LORRAINE TGV,NON,5470,12:01,EST,AEROPORT CDG2 TGV ROISSY,JCESTATL,FRMLW,10:40,FREAM
3993,2023-06-12,MARNE LA VALLEE CHESSY,NON,5470,13:59,EST,LE MANS,JCESTATL,FRAET,12:30,FRMLV
3994,2023-06-12,MARNE LA VALLEE CHESSY,NON,5470,14:47,EST,RENNES,JCESTATL,FRRNS,12:30,FRMLV
3995,2023-06-12,DAX,NON,8587,23:00,ATLANTIQUE,PARIS (intramuros),SUDOUESTPA,FRPMO,19:26,FRACG
3996,2023-06-12,PAU,OUI,8587,20:41,ATLANTIQUE,BORDEAUX ST JEAN,SUDOUESTPA,FRBOJ,18:26,FRAEE
3997,2023-06-12,TARBES,OUI,8587,18:24,ATLANTIQUE,PAU,SUDOUESTPA,FRAEE,17:35,FRXTB
3998,2023-06-12,TARBES,NON,8587,23:00,ATLANTIQUE,PARIS (intramuros),SUDOUESTPA,FRPMO,17:35,FRXTB
3999,2023-06-12,LOURDES,OUI,8560,08:16,ATLANTIQUE,DAX,SUDOUESTPA,FRACG,06:57,FRLDE
4000,2023-06-12,MACON LOCHE TGV,NON,6949,20:36,SUD EST,CHAMBERY CHALLES LES EAUX,PARISALPES,FRCMF,19:20,FRMLT
4001,2023-06-12,PARIS (intramuros),NON,6949,21:34,SUD EST,ANNECY,PARISALPES,FRNCY,17:44,FRPLY
4002,2023-06-12,PARIS (intramuros),NON,9575,16:26,INTERNATIONAL,KARLSRUHE HBF,PASTUTMUN,DEQKA,13:55,FRPST
4003,2023-06-12,PARIS (intramuros),NON,9575,17:04,INTERNATIONAL,STUTTGART HBF,PASTUTMUN,DESGT,13:55,FRPST
4004,2023-06-12,LORIENT,OUI,8729,20:33,ATLANTIQUE,QUIMPER,PARISBRETA,FRUIP,19:59,FRLRT
4005,2023-06-12,PARIS (intramuros),NON,8729,19:56,ATLANTIQUE,LORIENT,PARISBRETA,FRLRT,16:53,FRPMO
4006,2023-06-12,PARIS (intramuros),NON,8729,19:24,ATLANTIQUE,VANNES,PARISBRETA,FRVNE,16:53,FRPMO
4007,2023-06-12,RENNES,NON,8729,19:56,ATLANTIQUE,LORIENT,PARISBRETA,FRLRT,18:29,FRRNS
4008,2023-06-12,AURAY,OUI,8729,20:33,ATLANTIQUE,QUIMPER,PARISBRETA,FRUIP,19:40,FRXUY
4009,2023-06-12,DIJON VILLE,NON,9226,19:38,INTERNATIONAL,PARIS (intramuros),ZURBALPA,FRPLY,18:02,FRABA
4010,2023-06-12,MULHOUSE VILLE,NON,9226,17:58,INTERNATIONAL,DIJON VILLE,ZURBALPA,FRABA,16:56,FRAEK
4011,2023-06-12,MULHOUSE VILLE,NON,9226,19:38,INTERNATIONAL,PARIS (intramuros),ZURBALPA,FRPLY,16:56,FRAEK
4012,2023-06-12,PARIS (intramuros),NON,5789,05:20,IC NUIT,DIE,PABRIANCON,FRDIE,20:48,FRPAZ
4013,2023-06-12,LYON (intramuros),NON,9864,19:57,NORD,LILLE (intramuros),JCSUDNORD,FRLLE,17:00,FRLPD
4014,2023-06-12,LYON (intramuros),NON,9864,18:47,NORD,MARNE LA VALLEE CHESSY,JCSUDNORD,FRMLV,17:00,FRLPD
4015,2023-06-12,MONTPELLIER SAINT-ROCH,NON,9864,20:43,NORD,BRUXELLES MIDI BRUSSEL ZUID,JCSUDNORD,BEBMI,14:51,FRMPL
4016,2023-06-12,LYON-SAINT EXUPERY TGV,NON,6191,10:38,SUD EST,ORANGE,PAVDR,FRXOG,09:11,FRJDQ
4017,2023-06-12,PARIS (intramuros),NON,6191,10:56,SUD EST,AVIGNON CENTRE,PAVDR,FRAES,07:12,FRPLY
4018,2023-06-12,PARIS (intramuros),NON,6191,10:09,SUD EST,MONTELIMAR GARE SNCF,PAVDR,FRXMK,07:12,FRPLY
4019,2023-06-12,THIONVILLE,OUI,2864,10:52,EST,METZ VILLE,LUXMETZPA,FRADE,10:32,FRXTH
4020,2023-06-12,LUXEMBOURG,OUI,2864,10:30,EST,THIONVILLE,LUXMETZPA,FRXTH,10:10,LULUX
4021,2023-06-12,LE HAVRE,OUI,5316,18:08,SUD EST,VERSAILLES CHANTIERS,JCATLSUD,FRDHT,15:41,FRAEZ
4022,2023-06-12,LE HAVRE,OUI,5316,18:25,SUD EST,MASSY PALAISEAU,JCATLSUD,FRMPU,15:41,FRAEZ
4023,2023-06-12,LE HAVRE,NON,5316,21:21,SUD EST,VALENCE TGV RHONE-ALPES SUD,JCATLSUD,FRVLA,15:41,FRAEZ
4024,2023-06-12,VERSAILLES CHANTIERS,OUI,5316,18:25,SUD EST,MASSY PALAISEAU,JCATLSUD,FRMPU,18:11,FRDHT
4025,2023-06-12,VERSAILLES CHANTIERS,NON,5316,21:21,SUD EST,VALENCE TGV RHONE-ALPES SUD,JCATLSUD,FRVLA,18:11,FRDHT
4026,2023-06-12,LYON (intramuros),OUI,5316,21:21,SUD EST,VALENCE TGV RHONE-ALPES SUD,JCATLSUD,FRVLA,20:41,FRLPD
4027,2023-06-12,MASSY PALAISEAU,NON,5316,20:31,SUD EST,LYON (intramuros),JCATLSUD,FRLPD,18:28,FRMPU
4028,2023-06-12,MANTES LA JOLIE,NON,5316,20:31,SUD EST,LYON (intramuros),JCATLSUD,FRLPD,17:32,FRMTE
4029,2023-06-12,ROUEN RIVE DROITE,OUI,5316,18:08,SUD EST,VERSAILLES CHANTIERS,JCATLSUD,FRDHT,16:39,FRURD
4030,2023-06-12,VALENCE TGV RHONE-ALPES SUD,OUI,5316,22:01,SUD EST,AVIGNON TGV,JCATLSUD,FRAVG,21:24,FRVLA
4031,2023-06-12,GUINGAMP,OUI,8629,20:38,ATLANTIQUE,BREST,PARISBRETA,FRBES,19:36,FRGGP
4032,2023-06-12,PARIS (intramuros),NON,8629,20:02,ATLANTIQUE,MORLAIX,PARISBRETA,FRMXN,16:53,FRPMO
4033,2023-06-12,RENNES,OUI,8629,20:38,ATLANTIQUE,BREST,PARISBRETA,FRBES,18:32,FRRNS
4034,2023-06-12,BEZIERS,OUI,6821,10:17,SUD EST,CARCASSONNE,JCPROVSUD,FRCCF,09:30,FRBZR
4035,2023-06-12,BEZIERS,OUI,6821,11:02,SUD EST,TOULOUSE MATABIAU,JCPROVSUD,FRXYT,09:30,FRBZR
4036,2023-06-12,NIMES,OUI,6821,10:17,SUD EST,CARCASSONNE,JCPROVSUD,FRCCF,08:07,FRFNI
4037,2023-06-12,NIMES,OUI,6821,09:44,SUD EST,NARBONNE,JCPROVSUD,FRXNA,08:07,FRFNI
4038,2023-06-12,LYON (intramuros),OUI,6821,09:27,SUD EST,BEZIERS,JCPROVSUD,FRBZR,06:37,FRLPD
4039,2023-06-12,LYON (intramuros),OUI,6821,08:04,SUD EST,NIMES,JCPROVSUD,FRFNI,06:37,FRLPD
4040,2023-06-12,LYON (intramuros),OUI,6821,09:44,SUD EST,NARBONNE,JCPROVSUD,FRXNA,06:37,FRLPD
4041,2023-06-12,MONTPELLIER SAINT-ROCH,OUI,6821,09:27,SUD EST,BEZIERS,JCPROVSUD,FRBZR,08:44,FRMPL
4042,2023-06-12,MONTPELLIER SAINT-ROCH,OUI,6821,09:44,SUD EST,NARBONNE,JCPROVSUD,FRXNA,08:44,FRMPL
4043,2023-06-12,MONTPELLIER SAINT-ROCH,OUI,6821,09:00,SUD EST,SETE,JCPROVSUD,FRXSY,08:44,FRMPL
4044,2023-06-12,MONTPELLIER SAINT-ROCH,OUI,6821,11:02,SUD EST,TOULOUSE MATABIAU,JCPROVSUD,FRXYT,08:44,FRMPL
4045,2023-06-12,VALENCE TGV RHONE-ALPES SUD,OUI,6821,08:37,SUD EST,MONTPELLIER SAINT-ROCH,JCPROVSUD,FRMPL,07:18,FRVLA
4046,2023-06-12,VALENCE TGV RHONE-ALPES SUD,OUI,6821,11:02,SUD EST,TOULOUSE MATABIAU,JCPROVSUD,FRXYT,07:18,FRVLA
4047,2023-06-12,SETE,OUI,6821,10:17,SUD EST,CARCASSONNE,JCPROVSUD,FRCCF,09:03,FRXSY
4048,2023-06-12,AVIGNON TGV,OUI,6117,18:45,SUD EST,AIX EN PROVENCE TGV,PAPROVENCE,FRAIE,18:25,FRAVG
4049,2023-06-12,AVIGNON TGV,OUI,6117,19:00,SUD EST,MARSEILLE ST CHARLES,PAPROVENCE,FRMSC,18:25,FRAVG
4050,2023-06-12,REIMS,NON,2712,08:31,EST,PARIS (intramuros),SEDBARPA,FRPST,07:45,FRRHE
4051,2023-06-12,UZERCHE,OUI,3684,18:48,IC ARO,LIMOGES BENEDICTINS,TOULOUZECO,FRAGQ,18:11,FRAAW
4052,2023-06-12,UZERCHE,OUI,3684,19:26,IC ARO,LA SOUTERRAINE,TOULOUZECO,FRLST,18:11,FRAAW
4053,2023-06-12,BRIVE LA GAILLARDE,OUI,3684,20:23,IC ARO,ISSOUDUN,TOULOUZECO,FRFMN,17:45,FRBVE
4054,2023-06-12,BRIVE LA GAILLARDE,OUI,3684,20:46,IC ARO,VIERZON VILLE,TOULOUZECO,FRXVZ,17:45,FRBVE
4055,2023-06-12,ISSOUDUN,OUI,3684,22:21,IC ARO,PARIS (intramuros),TOULOUZECO,FRPAZ,20:24,FRFMN
4056,2023-06-12,LA SOUTERRAINE,OUI,3684,20:23,IC ARO,ISSOUDUN,TOULOUZECO,FRFMN,19:28,FRLST
4057,2023-06-12,LA SOUTERRAINE,OUI,3684,22:21,IC ARO,PARIS (intramuros),TOULOUZECO,FRPAZ,19:28,FRLST
4058,2023-06-12,TOULON,NON,6866,19:45,SUD EST,AVIGNON TGV,JCSUDPROV,FRAVG,17:53,FRTLN
4059,2023-06-12,LYON (intramuros),NON,6690,09:06,SUD EST,PARIS (intramuros),RHONEPARIS,FRPLY,07:04,FRLPD
4060,2023-06-12,BORDEAUX ST JEAN,NON,3852,08:40,IC SRO,JONZAC,BORDONANTE,FREMR,07:53,FRBOJ
4061,2023-06-12,BORDEAUX ST JEAN,NON,3852,12:05,IC SRO,NANTES,BORDONANTE,FRNTE,07:53,FRBOJ
4062,2023-06-12,BORDEAUX ST JEAN,NON,3852,09:53,IC SRO,ROCHEFORT,BORDONANTE,FRRCO,07:53,FRBOJ
4063,2023-06-12,BORDEAUX ST JEAN,NON,3852,11:22,IC SRO,LA ROCHE SUR YON,BORDONANTE,FRXRO,07:53,FRBOJ
4064,2023-06-12,JONZAC,NON,3852,10:58,IC SRO,LUCON,BORDONANTE,FRLCN,08:41,FREMR
4065,2023-06-12,JONZAC,NON,3852,10:15,IC SRO,LA ROCHELLE VILLE,BORDONANTE,FRLRH,08:41,FREMR
4066,2023-06-12,JONZAC,NON,3852,12:05,IC SRO,NANTES,BORDONANTE,FRNTE,08:41,FREMR
4067,2023-06-12,JONZAC,NON,3852,09:53,IC SRO,ROCHEFORT,BORDONANTE,FRRCO,08:41,FREMR
4068,2023-06-12,ROCHEFORT,NON,3852,10:58,IC SRO,LUCON,BORDONANTE,FRLCN,09:55,FRRCO
4069,2023-06-12,ROCHEFORT,NON,3852,11:22,IC SRO,LA ROCHE SUR YON,BORDONANTE,FRXRO,09:55,FRRCO
4070,2023-06-12,SAINTES,NON,3852,10:58,IC SRO,LUCON,BORDONANTE,FRLCN,09:25,FRXST
4071,2023-06-12,SAINTES,NON,3852,10:15,IC SRO,LA ROCHELLE VILLE,BORDONANTE,FRLRH,09:25,FRXST
4072,2023-06-12,ANGERS ST LAUD,NON,5306,13:47,SUD EST,SAUMUR,JCATLSUD,FRACN,13:27,FRACL
4073,2023-06-12,ANGERS ST LAUD,NON,5306,15:20,SUD EST,MASSY TGV,JCATLSUD,FRDJU,13:27,FRACL
4074,2023-06-12,SAUMUR,NON,5306,17:49,SUD EST,LYON (intramuros),JCATLSUD,FRLPE,13:50,FRACN
4075,2023-06-12,NANTES,NON,5306,17:30,SUD EST,LYON (intramuros),JCATLSUD,FRLPD,12:44,FRNTE
4076,2023-06-12,ST PIERRE DES CORPS,NON,5306,15:20,SUD EST,MASSY TGV,JCATLSUD,FRDJU,14:28,FRXSH
4077,2023-06-12,ST PIERRE DES CORPS,NON,5306,17:30,SUD EST,LYON (intramuros),JCATLSUD,FRLPD,14:28,FRXSH
4078,2023-06-12,ST PIERRE DES CORPS,NON,5306,17:49,SUD EST,LYON (intramuros),JCATLSUD,FRLPE,14:28,FRXSH
4079,2023-06-12,VENDOME VILLIERS SUR LOIR,OUI,8319,19:45,ATLANTIQUE,TOURS,PAROCHELLE,FRAFW,19:15,FRESL
4080,2023-06-12,PARIS (intramuros),NON,8319,19:13,ATLANTIQUE,VENDOME VILLIERS SUR LOIR,PAROCHELLE,FRESL,18:28,FRPMO
4081,2023-06-12,FRANKFURT MAIN HBF,NON,9558,08:00,INTERNATIONAL,SARREBRUCK/SAARBRUECKEN,FRANCPA,DESBK,05:56,DEFRH
4082,2023-06-12,KAISERSLAUTERN HBF,NON,9558,08:00,INTERNATIONAL,SARREBRUCK/SAARBRUECKEN,FRANCPA,DESBK,07:22,DEKLT
4083,2023-06-12,MANNHEIM HBF,NON,9558,07:21,INTERNATIONAL,KAISERSLAUTERN HBF,FRANCPA,DEKLT,06:40,DEMHG
4084,2023-06-12,MACON VILLE,NON,5514,09:00,EST,BELFORT-MONTBELIARD TGV,JCRHONRHIN,FRTJA,06:41,FRHGU
4085,2023-06-12,MACON VILLE,NON,5514,08:33,EST,BESANCON - F COMTE TGV,JCRHONRHIN,FRTJB,06:41,FRHGU
4086,2023-06-12,LYON (intramuros),NON,5514,09:32,EST,MULHOUSE VILLE,JCRHONRHIN,FRAEK,06:04,FRLPD
4087,2023-06-12,LYON (intramuros),NON,5514,07:40,EST,DIJON VILLE,JCRHONRHIN,FRABA,05:46,FRLPE
4088,2023-06-12,LYON (intramuros),NON,5514,08:33,EST,BESANCON - F COMTE TGV,JCRHONRHIN,FRTJB,05:46,FRLPE
4089,2023-06-12,BESANCON - F COMTE TGV,NON,5514,09:32,EST,MULHOUSE VILLE,JCRHONRHIN,FRAEK,08:38,FRTJB
4090,2023-06-12,METZ VILLE,OUI,2872,18:20,EST,PARIS (intramuros),LUXMETZPA,FRPST,16:57,FRADE
4091,2023-06-12,DAX,NON,8531,11:32,ATLANTIQUE,ST JEAN DE LUZ CIBOURE,PASUDOUEST,FRXJZ,10:37,FRACG
4092,2023-06-12,BORDEAUX ST JEAN,NON,8531,11:16,ATLANTIQUE,BIARRITZ,PASUDOUEST,FRBIQ,09:21,FRBOJ
4093,2023-06-12,BAYONNE,OUI,8531,11:47,ATLANTIQUE,HENDAYE,PASUDOUEST,FRAEF,11:08,FRXBY
4094,2023-06-12,BAYONNE,OUI,8531,11:32,ATLANTIQUE,ST JEAN DE LUZ CIBOURE,PASUDOUEST,FRXJZ,11:08,FRXBY
4095,2023-06-12,REIMS,OUI,2722,12:47,EST,PARIS (intramuros),SEDBARPA,FRPST,12:01,FRRHE
4096,2023-06-12,BESANCON VIOTTE,NON,6766,20:23,SUD EST,DIJON VILLE,BOURPA,FRABA,19:32,FRABG
4097,2023-06-12,BESANCON VIOTTE,NON,6766,22:04,SUD EST,PARIS (intramuros),BOURPA,FRPLY,19:32,FRABG
4098,2023-06-12,MACON LOCHE TGV,NON,6960,09:14,SUD EST,PARIS (intramuros),ALPESPARIS,FRPLY,07:43,FRMLT
4099,2023-06-12,ANNECY,NON,6960,05:54,SUD EST,AIX LES BAINS LE REVARD,ALPESPARIS,FRXAI,05:29,FRNCY
4100,2023-06-12,LYON (intramuros),NON,6813,15:32,SUD EST,AIX EN PROVENCE TGV,JCPROVSUD,FRAIE,14:06,FRLPD
4101,2023-06-12,LYON (intramuros),NON,6813,16:43,SUD EST,TOULON,JCPROVSUD,FRTLN,14:06,FRLPD
4102,2023-06-12,UZERCHE,OUI,3625,14:14,IC ARO,BRIVE LA GAILLARDE,PALITO,FRBVE,13:48,FRAAW
4103,2023-06-12,LIMOGES BENEDICTINS,OUI,3625,14:14,IC ARO,BRIVE LA GAILLARDE,PALITO,FRBVE,13:09,FRAGQ
4104,2023-06-12,LA SOUTERRAINE,NON,3625,13:47,IC ARO,UZERCHE,PALITO,FRAAW,12:31,FRLST
4105,2023-06-12,PARIS (intramuros),NON,3625,13:47,IC ARO,UZERCHE,PALITO,FRAAW,09:38,FRPAZ
4106,2023-06-12,VIERZON VILLE,NON,3625,14:14,IC ARO,BRIVE LA GAILLARDE,PALITO,FRBVE,11:17,FRXVZ
4107,2023-06-12,PARIS (intramuros),NON,6615,14:56,SUD EST,LYON (intramuros),PARISRHONE,FRLPD,12:50,FRPLY
4108,2023-06-12,LYON (intramuros),NON,6624,18:08,SUD EST,PARIS (intramuros),RHONEPARIS,FRPLY,16:04,FRLPD
4109,2023-06-12,VALENCE TGV RHONE-ALPES SUD,NON,5182,21:57,NORD,LILLE (intramuros),JCSUDNORD,FRLLE,18:10,FRVLA
4110,2023-06-12,VALENCE TGV RHONE-ALPES SUD,NON,5182,18:50,NORD,LYON (intramuros),JCSUDNORD,FRLPD,18:10,FRVLA
4111,2023-06-12,MONTPELLIER SUD DE FRANCE,NON,5182,18:05,NORD,VALENCE TGV RHONE-ALPES SUD,JCSUDNORD,FRVLA,17:05,FRSUF
4112,2023-06-12,NIMES PONT DU GARD,NON,5182,18:05,NORD,VALENCE TGV RHONE-ALPES SUD,JCSUDNORD,FRVLA,17:27,FRXZP
4113,2023-06-12,STRASBOURG,OUI,2239,14:02,EST,COLMAR,JCRHINRHON,FRAEJ,13:37,FRAEG
4114,2023-06-12,STRASBOURG,NON,2239,17:56,EST,LYON (intramuros),JCRHINRHON,FRLPD,13:37,FRAEG
4115,2023-06-12,STRASBOURG,OUI,2239,15:02,EST,BELFORT-MONTBELIARD TGV,JCRHINRHON,FRTJA,13:37,FRAEG
4116,2023-06-12,COLMAR,NON,2239,19:45,EST,MARSEILLE ST CHARLES,JCRHINRHON,FRMSC,14:05,FRAEJ
4117,2023-06-12,MULHOUSE VILLE,NON,2239,21:59,EST,CANNES,JCRHINRHON,FRJCA,14:41,FRAEK
4118,2023-06-12,AIX EN PROVENCE TGV,OUI,2239,21:59,EST,CANNES,JCRHINRHON,FRJCA,19:33,FRAIE
4119,2023-06-12,AIX EN PROVENCE TGV,OUI,2239,20:41,EST,TOULON,JCRHINRHON,FRTLN,19:33,FRAIE
4120,2023-06-12,AIX EN PROVENCE TGV,OUI,2239,21:34,EST,ST RAPHAEL VALESCURE,JCRHINRHON,FRXSK,19:33,FRAIE
4121,2023-06-12,AVIGNON TGV,NON,2239,20:41,EST,TOULON,JCRHINRHON,FRTLN,19:12,FRAVG
4122,2023-06-12,LYON (intramuros),NON,2239,19:10,EST,AVIGNON TGV,JCRHINRHON,FRAVG,18:04,FRLPD
4123,2023-06-12,LYON (intramuros),NON,2239,21:59,EST,CANNES,JCRHINRHON,FRJCA,18:04,FRLPD
4124,2023-06-12,LYON (intramuros),NON,2239,20:41,EST,TOULON,JCRHINRHON,FRTLN,18:04,FRLPD
4125,2023-06-12,LYON (intramuros),NON,2239,22:11,EST,ANTIBES,JCRHINRHON,FRXAT,18:04,FRLPD
4126,2023-06-12,LYON (intramuros),NON,2239,21:17,EST,LES ARCS DRAGUIGNAN,JCRHINRHON,FRXRS,18:04,FRLPD
4127,2023-06-12,MARSEILLE ST CHARLES,OUI,2239,21:34,EST,ST RAPHAEL VALESCURE,JCRHINRHON,FRXSK,19:57,FRMSC
4128,2023-06-12,BELFORT-MONTBELIARD TGV,NON,2239,17:56,EST,LYON (intramuros),JCRHINRHON,FRLPD,15:06,FRTJA
4129,2023-06-12,BESANCON - F COMTE TGV,NON,2239,19:31,EST,AIX EN PROVENCE TGV,JCRHINRHON,FRAIE,15:36,FRTJB
4130,2023-06-12,BESANCON - F COMTE TGV,NON,2239,17:56,EST,LYON (intramuros),JCRHINRHON,FRLPD,15:36,FRTJB
4131,2023-06-12,TOULON,OUI,2239,22:11,EST,ANTIBES,JCRHINRHON,FRXAT,20:45,FRTLN
4132,2023-06-12,TOULON,OUI,2239,21:17,EST,LES ARCS DRAGUIGNAN,JCRHINRHON,FRXRS,20:45,FRTLN
4133,2023-06-12,BEAUNE,NON,2239,21:59,EST,CANNES,JCRHINRHON,FRJCA,16:42,FRXBV
4134,2023-06-12,BEAUNE,NON,2239,19:45,EST,MARSEILLE ST CHARLES,JCRHINRHON,FRMSC,16:42,FRXBV
4135,2023-06-12,BEAUNE,NON,2239,21:34,EST,ST RAPHAEL VALESCURE,JCRHINRHON,FRXSK,16:42,FRXBV
4136,2023-06-12,LES ARCS DRAGUIGNAN,OUI,2239,21:59,EST,CANNES,JCRHINRHON,FRJCA,21:20,FRXRS
4137,2023-06-12,BELFORT-MONTBELIARD TGV,NON,2239,21:59,EST,CANNES,JCRHINRHON,FRJCA,15:06,FRTJA
4138,2023-06-12,PARIS (intramuros),OUI,7577,19:13,NORD,BOULOGNE VILLE,PAARRAS,FRAEB,16:52,FRPNO
4139,2023-06-12,PARIS (intramuros),OUI,8301,08:13,ATLANTIQUE,VENDOME VILLIERS SUR LOIR,PAROCHELLE,FRESL,07:28,FRPMO
4140,2023-06-12,LOURDES,NON,14148,16:44,IC SRO,TARBES,SUDOUEST,FRXTB,16:28,FRLDE
4141,2023-06-12,LANNEMEZAN,NON,14148,18:27,IC SRO,TOULOUSE MATABIAU,SUDOUEST,FRXYT,17:14,FRLNZ
4142,2023-06-12,AVIGNON TGV,NON,6165,16:39,SUD EST,ANTIBES,PAAZUR,FRXAT,14:04,FRAVG
4143,2023-06-12,PARIS (intramuros),NON,6165,15:11,SUD EST,TOULON,PAAZUR,FRTLN,11:20,FRPLY
4144,2023-06-12,TOULON,OUI,6165,16:58,SUD EST,NICE VILLE,PAAZUR,FRNIC,15:15,FRTLN
4145,2023-06-12,ST RAPHAEL VALESCURE,OUI,6165,16:25,SUD EST,CANNES,PAAZUR,FRJCA,16:04,FRXSK
4146,2023-06-12,LE MANS,OUI,8067,18:42,ATLANTIQUE,LAVAL,PARISBRETA,FRACR,18:13,FRAET
4147,2023-06-12,PARIS (intramuros),OUI,8067,18:10,ATLANTIQUE,LE MANS,PARISBRETA,FRAET,17:12,FRPMO
4148,2023-06-12,AUTERIVE,NON,3970,05:16,IC NUIT,LES AUBRAIS ORLEANS,PALOMBEPAR,FRLAB,21:20,FRFPW
4149,2023-06-12,MERENS LES VALS,NON,3970,06:33,IC NUIT,PARIS (intramuros),PALOMBEPAR,FRPAZ,19:32,FRFQH
4150,2023-06-12,LES CABANNES,NON,3970,06:33,IC NUIT,PARIS (intramuros),PALOMBEPAR,FRPAZ,20:04,FRFQK
4151,2023-06-12,MONTELIMAR GARE SNCF,NON,6196,15:48,SUD EST,LYON-SAINT EXUPERY TGV,VDRPA,FRJDQ,14:49,FRXMK
4152,2023-06-12,ORANGE,OUI,6196,15:10,SUD EST,VALENCE VILLE,VDRPA,FRVAF,14:21,FRXOG
4153,2023-06-12,AIX EN PROVENCE TGV,NON,6024,19:22,SUD EST,PARIS (intramuros),PROVENCEPA,FRPLY,16:19,FRAIE
4154,2023-06-12,LAUSANNE,NON,9774,17:42,INTERNATIONAL,PARIS (intramuros),GENEVEPA,FRPLY,13:45,CHAJF
4155,2023-06-12,GENEVE,NON,9774,17:42,INTERNATIONAL,PARIS (intramuros),GENEVEPA,FRPLY,14:29,CHGVA
4156,2023-06-12,AIX EN PROVENCE TGV,OUI,6181,22:41,SUD EST,ANTIBES,PAAZUR,FRXAT,20:20,FRAIE
4157,2023-06-12,PARIS (intramuros),NON,6181,20:17,SUD EST,AIX EN PROVENCE TGV,PAAZUR,FRAIE,17:20,FRPLY
4158,2023-06-12,PARIS (intramuros),NON,6181,22:02,SUD EST,ST RAPHAEL VALESCURE,PAAZUR,FRXSK,17:20,FRPLY
4159,2023-06-12,TOULON,OUI,6181,22:28,SUD EST,CANNES,PAAZUR,FRJCA,21:15,FRTLN
4160,2023-06-12,TOULON,OUI,6181,23:00,SUD EST,NICE VILLE,PAAZUR,FRNIC,21:15,FRTLN
4161,2023-06-12,TOULON,OUI,6181,22:02,SUD EST,ST RAPHAEL VALESCURE,PAAZUR,FRXSK,21:15,FRTLN
4162,2023-06-12,ANTIBES,OUI,6181,23:00,SUD EST,NICE VILLE,PAAZUR,FRNIC,22:44,FRXAT
4163,2023-06-12,ST RAPHAEL VALESCURE,OUI,6181,22:28,SUD EST,CANNES,PAAZUR,FRJCA,22:05,FRXSK
4164,2023-06-12,ST RAPHAEL VALESCURE,OUI,6181,23:00,SUD EST,NICE VILLE,PAAZUR,FRNIC,22:05,FRXSK
4165,2023-06-12,CANNES,OUI,6176,17:50,SUD EST,PARIS (intramuros),AZURPA,FRPLY,12:33,FRJCA
4166,2023-06-12,NICE VILLE,OUI,6176,12:29,SUD EST,CANNES,AZURPA,FRJCA,12:02,FRNIC
4167,2023-06-12,TOULON,OUI,6176,17:50,SUD EST,PARIS (intramuros),AZURPA,FRPLY,13:48,FRTLN
4168,2023-06-12,ANTIBES,OUI,6176,17:50,SUD EST,PARIS (intramuros),AZURPA,FRPLY,12:19,FRXAT
4169,2023-06-12,ST RAPHAEL VALESCURE,OUI,6176,13:44,SUD EST,TOULON,AZURPA,FRTLN,12:58,FRXSK
4170,2023-06-12,CANNES,NON,6174,15:50,SUD EST,PARIS (intramuros),AZURPA,FRPLY,10:32,FRJCA
4171,2023-06-12,ST RAPHAEL VALESCURE,NON,6174,11:44,SUD EST,TOULON,AZURPA,FRTLN,10:58,FRXSK
4172,2023-06-12,ST PIERRE DES CORPS,OUI,8344,18:57,ATLANTIQUE,PARIS (intramuros),ROCHELLEPA,FRPMO,17:54,FRXSH
4173,2023-06-12,PARIS (intramuros),NON,8509,17:15,ATLANTIQUE,BORDEAUX ST JEAN,PASUDOUEST,FRBOJ,15:08,FRPMO
4174,2023-06-12,ANGERS ST LAUD,NON,5480,15:27,EST,LE MANS,JCATLEST,FRAET,14:49,FRACL
4175,2023-06-12,LE MANS,NON,5480,16:20,EST,MASSY TGV,JCATLEST,FRDJU,15:30,FRAET
4176,2023-06-12,MASSY TGV,NON,5480,19:29,EST,STRASBOURG,JCATLEST,FRAEG,16:26,FRDJU
4177,2023-06-12,MASSY TGV,NON,5480,18:48,EST,LORRAINE TGV,JCATLEST,FREAM,16:26,FRDJU
4178,2023-06-12,CHAMPAGNE-ARDENNE,NON,5480,18:48,EST,LORRAINE TGV,JCATLEST,FREAM,18:10,FREAH
4179,2023-06-12,MARNE LA VALLEE CHESSY,NON,5480,18:00,EST,CHAMPAGNE-ARDENNE,JCATLEST,FREAH,17:03,FRMLV
4180,2023-06-12,CANNES,OUI,6177,19:39,SUD EST,ANTIBES,PAAZUR,FRXAT,19:31,FRJCA
4181,2023-06-12,MARSEILLE ST CHARLES,OUI,6177,19:26,SUD EST,CANNES,PAAZUR,FRJCA,17:28,FRMSC
4182,2023-06-12,PARIS (intramuros),NON,6177,19:26,SUD EST,CANNES,PAAZUR,FRJCA,14:08,FRPLY
4183,2023-06-12,PARIS (intramuros),NON,6177,19:58,SUD EST,NICE VILLE,PAAZUR,FRNIC,14:08,FRPLY
4184,2023-06-12,MORLAIX,NON,8602,09:08,ATLANTIQUE,PARIS (intramuros),BRETAPARIS,FRPMO,05:55,FRMXN
4185,2023-06-12,RENNES,NON,8602,09:08,ATLANTIQUE,PARIS (intramuros),BRETAPARIS,FRPMO,07:35,FRRNS
4186,2023-06-12,ST BRIEUC,NON,8602,09:08,ATLANTIQUE,PARIS (intramuros),BRETAPARIS,FRPMO,06:41,FRSBK
4187,2023-06-12,LA SOUTERRAINE,OUI,3665,22:04,IC ARO,BRIVE LA GAILLARDE,PALITO,FRBVE,20:26,FRLST
4188,2023-06-12,VIERZON VILLE,OUI,3665,21:01,IC ARO,LIMOGES BENEDICTINS,PALITO,FRAGQ,19:12,FRXVZ
4189,2023-06-12,VIERZON VILLE,OUI,3665,20:24,IC ARO,LA SOUTERRAINE,PALITO,FRLST,19:12,FRXVZ
4190,2023-06-12,BEZIERS,OUI,6275,16:13,SUD EST,NARBONNE,PALANG,FRXNA,15:59,FRBZR
4191,2023-06-12,SETE,OUI,6275,16:13,SUD EST,NARBONNE,PALANG,FRXNA,15:28,FRXSY
4192,2023-06-12,LYON (intramuros),NON,4506,19:26,IC SRO,VIERZON VILLE,JOURLYNNTE,FRXVZ,15:44,FRLPD
4193,2023-06-12,PARIS (intramuros),NON,2613,17:04,EST,METZ VILLE,PAMETZLUX,FRADE,15:40,FRPST
4194,2023-06-12,DIJON VILLE,NON,6700,08:42,SUD EST,PARIS (intramuros),BOURPA,FRPLY,07:06,FRABA
4195,2023-06-12,BELFORT-MONTBELIARD TGV,NON,6700,07:02,SUD EST,DIJON VILLE,BOURPA,FRABA,06:11,FRTJA
4196,2023-06-12,BESANCON - F COMTE TGV,NON,6700,07:02,SUD EST,DIJON VILLE,BOURPA,FRABA,06:35,FRTJB
4197,2023-06-12,POITIERS,OUI,8330,07:43,ATLANTIQUE,VENDOME VILLIERS SUR LOIR,ROCHELLEPA,FRESL,06:32,FRPIS
4198,2023-06-12,POITIERS,OUI,8330,07:22,ATLANTIQUE,ST PIERRE DES CORPS,ROCHELLEPA,FRXSH,06:32,FRPIS
4199,2023-06-12,BIARRITZ,OUI,8549,20:47,ATLANTIQUE,HENDAYE,PASUDOUEST,FRAEF,20:18,FRBIQ
4200,2023-06-12,LES AUBRAIS ORLEANS,NON,3751,07:07,IC NUIT,TOULOUSE MATABIAU,PAVERMEIL,FRXYT,23:00,FRLAB
4201,2023-06-12,PARIS (intramuros),NON,3751,07:07,IC NUIT,TOULOUSE MATABIAU,PAVERMEIL,FRXYT,21:42,FRPAZ
4202,2023-06-12,RENNES,NON,8746,23:08,ATLANTIQUE,PARIS (intramuros),BRETAPARIS,FRPMO,21:35,FRRNS
4203,2023-06-12,QUIMPER,NON,8746,23:08,ATLANTIQUE,PARIS (intramuros),BRETAPARIS,FRPMO,19:16,FRUIP
4204,2023-06-12,QUIMPER,OUI,8746,20:19,ATLANTIQUE,VANNES,BRETAPARIS,FRVNE,19:16,FRUIP
4205,2023-06-12,VANNES,NON,8746,20:46,ATLANTIQUE,REDON,BRETAPARIS,FRXRN,20:22,FRVNE
4206,2023-06-12,REDON,NON,8746,23:08,ATLANTIQUE,PARIS (intramuros),BRETAPARIS,FRPMO,20:49,FRXRN
4207,2023-06-12,AVIGNON TGV,NON,6131,23:29,SUD EST,AIX EN PROVENCE TGV,PAPROVENCE,FRAIE,23:08,FRAVG
4208,2023-06-12,STRASBOURG,OUI,9890,06:56,NORD,MEUSE TGV,JCESTNORD,FREAJ,06:01,FRAEG
4209,2023-06-12,MEUSE TGV,NON,9890,08:56,NORD,LILLE (intramuros),JCESTNORD,FRLLE,06:59,FREAJ
4210,2023-06-12,LORRAINE TGV,NON,9890,07:23,NORD,CHAMPAGNE-ARDENNE,JCESTNORD,FREAH,06:38,FREAM
4211,2023-06-12,LORRAINE TGV,OUI,9890,06:56,NORD,MEUSE TGV,JCESTNORD,FREAJ,06:38,FREAM
4212,2023-06-12,PARIS (intramuros),OUI,5789,07:11,IC NUIT,CHORGES,PABRIANCON,FRIGS,20:48,FRPAZ
4213,2023-06-12,ST PIERRE DES CORPS,NON,8314,13:33,ATLANTIQUE,PARIS (intramuros),ROCHELLEPA,FRPMO,12:25,FRXSH
4214,2023-06-12,NANCY,OUI,2593,20:47,EST,ST DIE DES VOSGES,PANANCY,FRXTD,19:54,FRENC
4215,2023-06-12,PARIS (intramuros),OUI,2593,19:48,EST,NANCY,PANANCY,FRENC,18:10,FRPST
4216,2023-06-12,NEVERS,NON,5959,16:35,IC ARO,CLERMONT FERRAND,PACLERMONT,FRCFE,14:59,FRNVS
4217,2023-06-12,PARIS (intramuros),NON,5959,14:57,IC ARO,NEVERS,PACLERMONT,FRNVS,13:00,FRPBE
4218,2023-06-12,MOULINS SUR ALLIER,NON,5959,16:23,IC ARO,RIOM CHATEL GUYON,PACLERMONT,FRRIO,15:30,FRXMU
4219,2023-06-12,PARIS (intramuros),NON,8451,20:06,ATLANTIQUE,BORDEAUX ST JEAN,PASUDOUEST,FRBOJ,17:40,FRPMO
4220,2023-06-12,AUGSBURG HBF,NON,9576,08:02,INTERNATIONAL,ULM HBF,MUNSTUTPA,DEQUL,07:20,DEAGB
4221,2023-06-12,STRASBOURG,NON,9576,12:31,INTERNATIONAL,PARIS (intramuros),MUNSTUTPA,FRPST,10:44,FRAEG
4222,2023-06-12,LAVAL,OUI,8093,19:46,ATLANTIQUE,VITRE,PARISBRETA,FRXVT,19:29,FRACR
4223,2023-06-12,PARIS (intramuros),OUI,8093,19:26,ATLANTIQUE,LAVAL,PARISBRETA,FRACR,18:11,FRPMO
4224,2023-06-12,PARIS (intramuros),OUI,8093,19:46,ATLANTIQUE,VITRE,PARISBRETA,FRXVT,18:11,FRPMO
4225,2023-06-12,RENNES,OUI,8093,21:01,ATLANTIQUE,ST MALO,PARISBRETA,FRXSB,20:14,FRRNS
4226,2023-06-12,PAU,NON,14155,19:15,IC SRO,ORTHEZ,SUDOUEST,FRGFI,18:54,FRAEE
4227,2023-06-12,LOURDES,NON,14155,20:42,IC SRO,ST JEAN DE LUZ CIBOURE,SUDOUEST,FRXJZ,18:25,FRLDE
4228,2023-06-12,TARBES,NON,14155,20:55,IC SRO,HENDAYE,SUDOUEST,FRAEF,18:09,FRXTB
4229,2023-06-12,TARBES,NON,14155,19:15,IC SRO,ORTHEZ,SUDOUEST,FRGFI,18:09,FRXTB
4230,2023-06-12,TARBES,NON,14155,20:42,IC SRO,ST JEAN DE LUZ CIBOURE,SUDOUEST,FRXJZ,18:09,FRXTB
4231,2023-06-12,TOULOUSE MATABIAU,NON,14155,20:42,IC SRO,ST JEAN DE LUZ CIBOURE,SUDOUEST,FRXJZ,16:34,FRXYT
4232,2023-06-12,QUIMPER,NON,8722,15:25,ATLANTIQUE,RENNES,BRETAPARIS,FRRNS,13:14,FRUIP
4233,2023-06-12,QUIMPER,OUI,8722,14:19,ATLANTIQUE,VANNES,BRETAPARIS,FRVNE,13:14,FRUIP
4234,2023-06-12,AURAY,NON,8722,17:08,ATLANTIQUE,PARIS (intramuros),BRETAPARIS,FRPMO,14:09,FRXUY
4235,2023-06-12,MONTPELLIER SUD DE FRANCE,OUI,6046,08:10,SUD EST,NIMES PONT DU GARD,LANGPA,FRXZP,07:50,FRSUF
4236,2023-06-12,GRENOBLE,NON,6908,12:46,SUD EST,PARIS (intramuros),GRENOBLEPA,FRPLY,09:47,FRGNB
4237,2023-06-12,AVIGNON TGV,OUI,6109,13:41,SUD EST,AIX EN PROVENCE TGV,PAPROVENCE,FRAIE,13:21,FRAVG
4238,2023-06-12,PARIS (intramuros),NON,6109,13:41,SUD EST,AIX EN PROVENCE TGV,PAPROVENCE,FRAIE,10:36,FRPLY
4239,2023-06-12,PERPIGNAN,NON,6258,18:12,SUD EST,PARIS (intramuros),LANGPA,FRPLY,13:04,FRPGF
4240,2023-06-12,AGDE,NON,6258,15:51,SUD EST,VALENCE TGV RHONE-ALPES SUD,LANGPA,FRVLA,14:12,FRXAG
4241,2023-06-12,SETE,NON,6258,18:12,SUD EST,PARIS (intramuros),LANGPA,FRPLY,14:28,FRXSY
4242,2023-06-12,MONTPELLIER SUD DE FRANCE,NON,6258,18:12,SUD EST,PARIS (intramuros),LANGPA,FRPLY,14:50,FRSUF
4243,2023-06-12,SETE,NON,6258,14:43,SUD EST,MONTPELLIER SUD DE FRANCE,LANGPA,FRSUF,14:28,FRXSY
4244,2023-06-12,AGDE,NON,6258,14:43,SUD EST,MONTPELLIER SUD DE FRANCE,LANGPA,FRSUF,14:12,FRXAG
4245,2023-06-12,BEZIERS,NON,6258,15:12,SUD EST,NIMES PONT DU GARD,LANGPA,FRXZP,13:58,FRBZR
4246,2023-06-12,PARIS (intramuros),NON,6129,23:10,SUD EST,AIX EN PROVENCE TGV,PAPROVENCE,FRAIE,20:06,FRPLY
4247,2023-06-12,PARIS (intramuros),NON,6129,22:47,SUD EST,AVIGNON TGV,PAPROVENCE,FRAVG,20:06,FRPLY
4248,2023-06-12,LILLE (intramuros),OUI,7534,19:08,NORD,PARIS (intramuros),ARRASPA,FRPNO,17:51,FRLLE
4249,2023-06-12,LAVAL,OUI,8063,23:09,ATLANTIQUE,RENNES,PARISBRETA,FRRNS,22:44,FRACR
4250,2023-06-12,PARIS (intramuros),NON,5771,07:37,IC NUIT,TOULON,PARAZUR,FRTLN,20:48,FRPAZ
4251,2023-06-12,LE MANS,NON,5332,12:45,SUD EST,AVIGNON TGV,JCATLSUD,FRAVG,08:26,FRAET
4252,2023-06-12,MASSY TGV,NON,5332,12:45,SUD EST,AVIGNON TGV,JCATLSUD,FRAVG,09:26,FRDJU
4253,2023-06-12,LYON (intramuros),NON,5332,13:24,SUD EST,MARSEILLE ST CHARLES,JCATLSUD,FRMSC,11:38,FRLPD
4254,2023-06-12,TOURS,OUI,8300,06:33,ATLANTIQUE,VENDOME VILLIERS SUR LOIR,ROCHELLEPA,FRESL,06:06,FRAFW
4255,2023-06-12,TOURS,OUI,8300,06:11,ATLANTIQUE,ST PIERRE DES CORPS,ROCHELLEPA,FRXSH,06:06,FRAFW
4256,2023-06-12,SURGERES,OUI,8377,15:21,ATLANTIQUE,LA ROCHELLE VILLE,PAROCHELLE,FRLRH,15:00,FREIP
4257,2023-06-12,POITIERS,NON,8377,14:58,ATLANTIQUE,SURGERES,PAROCHELLE,FREIP,13:55,FRPIS
4258,2023-06-12,AVIGNON CENTRE,NON,6198,19:46,SUD EST,LYON-SAINT EXUPERY TGV,VDRPA,FRJDQ,18:04,FRAES
4259,2023-06-12,ARLES,OUI,6198,19:10,SUD EST,VALENCE VILLE,VDRPA,FRVAF,17:36,FRHZA
4260,2023-06-12,ARLES,OUI,6198,18:46,SUD EST,MONTELIMAR GARE SNCF,VDRPA,FRXMK,17:36,FRHZA
4261,2023-06-12,MIRAMAS,NON,6198,21:46,SUD EST,PARIS (intramuros),VDRPA,FRPLY,17:13,FRMAZ
4262,2023-06-12,LAVAL,NON,9884,10:17,NORD,LILLE (intramuros),JCBRETNORD,FRLLE,06:52,FRACR
4263,2023-06-12,LE MANS,NON,9884,08:57,NORD,MARNE LA VALLEE CHESSY,JCBRETNORD,FRMLV,07:30,FRAET
4264,2023-06-12,LE MANS,NON,9884,09:45,NORD,TGV HAUTE PICARDIE,JCBRETNORD,FRTHP,07:30,FRAET
4265,2023-06-12,MASSY TGV,NON,9884,10:17,NORD,LILLE (intramuros),JCBRETNORD,FRLLE,08:26,FRDJU
4266,2023-06-12,MASSY TGV,NON,9884,08:57,NORD,MARNE LA VALLEE CHESSY,JCBRETNORD,FRMLV,08:26,FRDJU
4267,2023-06-12,MASSY TGV,NON,9884,09:45,NORD,TGV HAUTE PICARDIE,JCBRETNORD,FRTHP,08:26,FRDJU
4268,2023-06-12,AEROPORT CDG2 TGV ROISSY,OUI,9884,10:17,NORD,LILLE (intramuros),JCBRETNORD,FRLLE,09:16,FRMLW
4269,2023-06-12,RENNES,OUI,9884,07:20,NORD,LE MANS,JCBRETNORD,FRAET,06:23,FRRNS
4270,2023-06-12,RENNES,NON,9884,09:10,NORD,AEROPORT CDG2 TGV ROISSY,JCBRETNORD,FRMLW,06:23,FRRNS
4271,2023-06-12,LE MANS,NON,9884,11:01,NORD,BRUXELLES MIDI BRUSSEL ZUID,JCBRETNORD,BEBMI,07:30,FRAET
4272,2023-06-12,ANTIBES,NON,5772,07:57,IC NUIT,PARIS (intramuros),AZURPAR,FRPAZ,19:24,FRXAT
4273,2023-06-12,LES ARCS DRAGUIGNAN,NON,5772,07:57,IC NUIT,PARIS (intramuros),AZURPAR,FRPAZ,20:19,FRXRS
4274,2023-06-12,CHAMPAGNE-ARDENNE,OUI,2680,19:01,EST,PARIS (intramuros),LUXMETZPA,FRPST,18:20,FREAH
4275,2023-06-12,BORDEAUX ST JEAN,NON,3854,12:58,IC SRO,LUCON,BORDONANTE,FRLCN,09:53,FRBOJ
4276,2023-06-12,BORDEAUX ST JEAN,NON,3854,11:23,IC SRO,SAINTES,BORDONANTE,FRXST,09:53,FRBOJ
4277,2023-06-12,JONZAC,NON,3854,11:53,IC SRO,ROCHEFORT,BORDONANTE,FRRCO,10:41,FREMR
4278,2023-06-12,JONZAC,NON,3854,11:23,IC SRO,SAINTES,BORDONANTE,FRXST,10:41,FREMR
4279,2023-06-12,LUCON,NON,3854,14:05,IC SRO,NANTES,BORDONANTE,FRNTE,13:00,FRLCN
4280,2023-06-12,LA ROCHELLE VILLE,NON,3854,12:58,IC SRO,LUCON,BORDONANTE,FRLCN,12:19,FRLRH
4281,2023-06-12,LA ROCHELLE VILLE,NON,3854,13:22,IC SRO,LA ROCHE SUR YON,BORDONANTE,FRXRO,12:19,FRLRH
4282,2023-06-12,ROCHEFORT,NON,3854,12:15,IC SRO,LA ROCHELLE VILLE,BORDONANTE,FRLRH,11:55,FRRCO
4283,2023-06-12,ROCHEFORT,NON,3854,14:05,IC SRO,NANTES,BORDONANTE,FRNTE,11:55,FRRCO
4284,2023-06-12,SAINTES,NON,3854,13:22,IC SRO,LA ROCHE SUR YON,BORDONANTE,FRXRO,11:25,FRXST
4285,2023-06-12,MANNHEIM HBF,NON,9580,16:02,INTERNATIONAL,STRASBOURG,FRANCMRS,FRAEG,14:39,DEMHG
4286,2023-06-12,MANNHEIM HBF,NON,9580,17:05,INTERNATIONAL,MULHOUSE VILLE,FRANCMRS,FRAEK,14:39,DEMHG
4287,2023-06-12,MANNHEIM HBF,NON,9580,21:48,INTERNATIONAL,MARSEILLE ST CHARLES,FRANCMRS,FRMSC,14:39,DEMHG
4288,2023-06-12,MANNHEIM HBF,NON,9580,17:31,INTERNATIONAL,BELFORT-MONTBELIARD TGV,FRANCMRS,FRTJA,14:39,DEMHG
4289,2023-06-12,MANNHEIM HBF,NON,9580,18:53,INTERNATIONAL,CHALON SUR SAONE,FRANCMRS,FRXCD,14:39,DEMHG
4290,2023-06-12,KARLSRUHE HBF,NON,9580,21:34,INTERNATIONAL,AIX EN PROVENCE TGV,FRANCMRS,FRAIE,15:12,DEQKA
4291,2023-06-12,KARLSRUHE HBF,NON,9580,17:31,INTERNATIONAL,BELFORT-MONTBELIARD TGV,FRANCMRS,FRTJA,15:12,DEQKA
4292,2023-06-12,AIX EN PROVENCE TGV,NON,9580,21:48,INTERNATIONAL,MARSEILLE ST CHARLES,FRANCMRS,FRMSC,21:37,FRAIE
4293,2023-06-12,LYON (intramuros),NON,9580,21:12,INTERNATIONAL,AVIGNON TGV,FRANCMRS,FRAVG,20:06,FRLPD
4294,2023-06-12,BELFORT-MONTBELIARD TGV,NON,9580,21:34,INTERNATIONAL,AIX EN PROVENCE TGV,FRANCMRS,FRAIE,17:34,FRTJA
4295,2023-06-12,BELFORT-MONTBELIARD TGV,NON,9580,18:53,INTERNATIONAL,CHALON SUR SAONE,FRANCMRS,FRXCD,17:34,FRTJA
4296,2023-06-12,BESANCON - F COMTE TGV,NON,9580,21:12,INTERNATIONAL,AVIGNON TGV,FRANCMRS,FRAVG,17:58,FRTJB
4297,2023-06-12,BESANCON - F COMTE TGV,NON,9580,21:48,INTERNATIONAL,MARSEILLE ST CHARLES,FRANCMRS,FRMSC,17:58,FRTJB
4298,2023-06-12,BRUXELLES MIDI BRUSSEL ZUID,NON,9836,16:53,NORD,LILLE (intramuros),JCNORDSUD,FRLLE,16:17,BEBMI
4299,2023-06-12,BRUXELLES MIDI BRUSSEL ZUID,NON,9836,20:00,NORD,LYON (intramuros),JCNORDSUD,FRLPD,16:17,BEBMI
4300,2023-06-12,BRUXELLES MIDI BRUSSEL ZUID,NON,9836,20:49,NORD,VALENCE TGV RHONE-ALPES SUD,JCNORDSUD,FRVLA,16:17,BEBMI
4301,2023-06-12,LILLE (intramuros),NON,9836,18:08,NORD,MARNE LA VALLEE CHESSY,JCNORDSUD,FRMLV,17:03,FRLLE
4302,2023-06-12,LILLE (intramuros),OUI,9836,17:53,NORD,AEROPORT CDG2 TGV ROISSY,JCNORDSUD,FRMLW,17:03,FRLLE
4303,2023-06-12,LILLE (intramuros),NON,9836,20:49,NORD,VALENCE TGV RHONE-ALPES SUD,JCNORDSUD,FRVLA,17:03,FRLLE
4304,2023-06-12,MARNE LA VALLEE CHESSY,NON,9836,20:49,NORD,VALENCE TGV RHONE-ALPES SUD,JCNORDSUD,FRVLA,18:13,FRMLV
4305,2023-06-12,AEROPORT CDG2 TGV ROISSY,NON,9836,18:08,NORD,MARNE LA VALLEE CHESSY,JCNORDSUD,FRMLV,17:59,FRMLW
4306,2023-06-12,LILLE (intramuros),NON,9836,21:53,NORD,MONTPELLIER SUD DE FRANCE,JCNORDSUD,FRSUF,17:03,FRLLE
4307,2023-06-12,VALENCE TGV RHONE-ALPES SUD,OUI,9836,21:31,NORD,NIMES PONT DU GARD,JCNORDSUD,FRXZP,20:54,FRVLA
4308,2023-06-12,BRUXELLES MIDI BRUSSEL ZUID,NON,9836,21:31,NORD,NIMES PONT DU GARD,JCNORDSUD,FRXZP,16:17,BEBMI
4309,2023-06-12,MARNE LA VALLEE CHESSY,NON,9836,21:31,NORD,NIMES PONT DU GARD,JCNORDSUD,FRXZP,18:13,FRMLV
4310,2023-06-12,UZERCHE,OUI,3634,08:54,IC ARO,LIMOGES BENEDICTINS,TOULOUZECO,FRAGQ,08:17,FRAAW
4311,2023-06-12,LIMOGES BENEDICTINS,OUI,3634,12:20,IC ARO,PARIS (intramuros),TOULOUZECO,FRPAZ,08:58,FRAGQ
4312,2023-06-12,BRIVE LA GAILLARDE,OUI,3634,09:51,IC ARO,ARGENTON SUR CREUSE,TOULOUZECO,FRFMT,07:52,FRBVE
4313,2023-06-12,BRIVE LA GAILLARDE,OUI,3634,12:20,IC ARO,PARIS (intramuros),TOULOUZECO,FRPAZ,07:52,FRBVE
4314,2023-06-12,SOUILLAC,OUI,3634,07:48,IC ARO,BRIVE LA GAILLARDE,TOULOUZECO,FRBVE,07:24,FRSOU
4315,2023-06-12,CAHORS,OUI,3634,08:16,IC ARO,UZERCHE,TOULOUZECO,FRAAW,06:40,FRZAO
4316,2023-06-12,CAHORS,OUI,3634,10:07,IC ARO,CHATEAUROUX,TOULOUZECO,FRCHR,06:40,FRZAO
4317,2023-06-12,GOURDON,OUI,3634,08:16,IC ARO,UZERCHE,TOULOUZECO,FRAAW,07:07,FRFSI
4318,2023-06-12,NEVERS,OUI,5973,20:23,IC ARO,RIOM CHATEL GUYON,PACLERMONT,FRRIO,18:59,FRNVS
4319,2023-06-12,MOULINS SUR ALLIER,OUI,5973,20:01,IC ARO,VICHY,PACLERMONT,FRVHY,19:30,FRXMU
4320,2023-06-12,ANGERS ST LAUD,OUI,8921,15:50,ATLANTIQUE,LA BAULE ESCOUBLAC,PARISLOIRE,FRJEE,14:16,FRACL
4321,2023-06-12,ANGERS ST LAUD,OUI,8921,14:54,ATLANTIQUE,NANTES,PARISLOIRE,FRNTE,14:16,FRACL
4322,2023-06-12,LA BAULE ESCOUBLAC,OUI,8921,16:03,ATLANTIQUE,LE CROISIC,PARISLOIRE,FREGU,15:54,FRJEE
4323,2023-06-12,ST NAZAIRE,OUI,8921,15:50,ATLANTIQUE,LA BAULE ESCOUBLAC,PARISLOIRE,FRJEE,15:36,FRSNR
4324,2023-06-12,BEZIERS,NON,9704,17:43,SUD EST,MONTPELLIER SAINT-ROCH,BARCELONEPA,FRMPL,16:58,FRBZR
4325,2023-06-12,BEZIERS,NON,9704,17:09,SUD EST,AGDE,BARCELONEPA,FRXAG,16:58,FRBZR
4326,2023-06-12,BEZIERS,NON,9704,17:24,SUD EST,SETE,BARCELONEPA,FRXSY,16:58,FRBZR
4327,2023-06-12,PERPIGNAN,NON,9704,17:24,SUD EST,SETE,BARCELONEPA,FRXSY,16:05,FRPGF
4328,2023-06-12,AGDE,NON,9704,18:14,SUD EST,NIMES,BARCELONEPA,FRFNI,17:12,FRXAG
4329,2023-06-12,NARBONNE,NON,9704,16:55,SUD EST,BEZIERS,BARCELONEPA,FRBZR,16:42,FRXNA
4330,2023-06-12,NARBONNE,NON,9704,18:14,SUD EST,NIMES,BARCELONEPA,FRFNI,16:42,FRXNA
4331,2023-06-12,NARBONNE,NON,9704,17:43,SUD EST,MONTPELLIER SAINT-ROCH,BARCELONEPA,FRMPL,16:42,FRXNA
4332,2023-06-12,NARBONNE,NON,9704,21:18,SUD EST,PARIS (intramuros),BARCELONEPA,FRPLY,16:42,FRXNA
4333,2023-06-12,NARBONNE,NON,9704,19:03,SUD EST,VALENCE TGV RHONE-ALPES SUD,BARCELONEPA,FRVLA,16:42,FRXNA
4334,2023-06-12,NARBONNE,NON,9704,17:24,SUD EST,SETE,BARCELONEPA,FRXSY,16:42,FRXNA
4335,2023-06-12,BARCELONA SANTS,NON,9704,21:18,SUD EST,PARIS (intramuros),BARCELONEPA,FRPLY,14:32,ESBST
4336,2023-06-12,FIGUERES VILA TGV,NON,9704,15:53,SUD EST,PERPIGNAN,BARCELONEPA,FRPGF,15:30,ESFIR
4337,2023-06-12,BARCELONA SANTS,NON,9704,17:43,SUD EST,MONTPELLIER SAINT-ROCH,BARCELONEPA,FRMPL,14:32,ESBST
4338,2023-06-12,BARCELONA SANTS,NON,9704,16:39,SUD EST,NARBONNE,BARCELONEPA,FRXNA,14:32,ESBST
4339,2023-06-12,BARCELONA SANTS,NON,9704,18:14,SUD EST,NIMES,BARCELONEPA,FRFNI,14:32,ESBST
4340,2023-06-12,BARCELONA SANTS,NON,9704,17:24,SUD EST,SETE,BARCELONEPA,FRXSY,14:32,ESBST
4341,2023-06-12,FIGUERES VILA TGV,NON,9704,17:43,SUD EST,MONTPELLIER SAINT-ROCH,BARCELONEPA,FRMPL,15:30,ESFIR
4342,2023-06-12,MODANE,NON,9249,20:22,INTERNATIONAL,TORINO PORTA SUSA,PAITALIE,ITTRS,18:55,FRAGR
4343,2023-06-12,CHAMBERY CHALLES LES EAUX,NON,9249,19:23,INTERNATIONAL,OULX CESANA CLAV SESTRIERE,PAITALIE,ITOCS,17:44,FRCMF
4344,2023-06-12,CHAMBERY CHALLES LES EAUX,NON,9249,20:22,INTERNATIONAL,TORINO PORTA SUSA,PAITALIE,ITTRS,17:44,FRCMF
4345,2023-06-12,LYON (intramuros),NON,9583,15:18,INTERNATIONAL,MANNHEIM HBF,MRSFRANC,DEMHG,10:04,FRLPD
4346,2023-06-12,MARSEILLE ST CHARLES,NON,9583,14:46,INTERNATIONAL,KARLSRUHE HBF,MRSFRANC,DEQKA,08:11,FRMSC
4347,2023-06-12,MARSEILLE ST CHARLES,NON,9583,14:23,INTERNATIONAL,BADEN BADEN,MRSFRANC,DEZCC,08:11,FRMSC
4348,2023-06-12,MARSEILLE ST CHARLES,NON,9583,08:22,INTERNATIONAL,AIX EN PROVENCE TGV,MRSFRANC,FRAIE,08:11,FRMSC
4349,2023-06-12,MARSEILLE ST CHARLES,NON,9583,12:24,INTERNATIONAL,BELFORT-MONTBELIARD TGV,MRSFRANC,FRTJA,08:11,FRMSC
4350,2023-06-12,BELFORT-MONTBELIARD TGV,NON,9583,15:59,INTERNATIONAL,FRANKFURT MAIN HBF,MRSFRANC,DEFRH,12:27,FRTJA
4351,2023-06-12,BELFORT-MONTBELIARD TGV,NON,9583,15:18,INTERNATIONAL,MANNHEIM HBF,MRSFRANC,DEMHG,12:27,FRTJA
4352,2023-06-12,CHALON SUR SAONE,NON,9583,15:59,INTERNATIONAL,FRANKFURT MAIN HBF,MRSFRANC,DEFRH,11:06,FRXCD
4353,2023-06-12,CHALON SUR SAONE,NON,9583,12:51,INTERNATIONAL,MULHOUSE VILLE,MRSFRANC,FRAEK,11:06,FRXCD
4354,2023-06-12,LILLE (intramuros),NON,5010,11:52,NORD,AVIGNON TGV,JCNORDSUD,FRAVG,07:24,FRLLE
4355,2023-06-12,LYON (intramuros),NON,5010,11:15,NORD,VALENCE TGV RHONE-ALPES SUD,JCNORDSUD,FRVLA,10:35,FRLPD
4356,2023-06-12,MARNE LA VALLEE CHESSY,NON,5010,12:24,NORD,MARSEILLE ST CHARLES,JCNORDSUD,FRMSC,08:43,FRMLV
4357,2023-06-12,AEROPORT CDG2 TGV ROISSY,NON,5010,12:24,NORD,MARSEILLE ST CHARLES,JCNORDSUD,FRMSC,08:29,FRMLW
4358,2023-06-12,TGV HAUTE PICARDIE,NON,5010,08:23,NORD,AEROPORT CDG2 TGV ROISSY,JCNORDSUD,FRMLW,07:54,FRTHP
4359,2023-06-12,SURGERES,NON,8364,19:37,ATLANTIQUE,PARIS (intramuros),ROCHELLEPA,FRPMO,17:22,FREIP
4360,2023-06-12,PERPIGNAN,OUI,6250,06:55,SUD EST,BEZIERS,LANGPA,FRBZR,06:04,FRPGF
4361,2023-06-12,AGDE,OUI,6250,07:24,SUD EST,SETE,LANGPA,FRXSY,07:11,FRXAG
4362,2023-06-12,NARBONNE,OUI,6250,06:55,SUD EST,BEZIERS,LANGPA,FRBZR,06:42,FRXNA
4363,2023-06-12,SETE,NON,6250,08:50,SUD EST,VALENCE TGV RHONE-ALPES SUD,LANGPA,FRVLA,07:27,FRXSY
4364,2023-06-12,MONTPELLIER SUD DE FRANCE,NON,6250,08:50,SUD EST,VALENCE TGV RHONE-ALPES SUD,LANGPA,FRVLA,07:50,FRSUF
4365,2023-06-12,SETE,OUI,6250,07:43,SUD EST,MONTPELLIER SUD DE FRANCE,LANGPA,FRSUF,07:27,FRXSY
4366,2023-06-12,NIMES PONT DU GARD,NON,6250,08:50,SUD EST,VALENCE TGV RHONE-ALPES SUD,LANGPA,FRVLA,08:13,FRXZP
4367,2023-06-12,MONTPELLIER SUD DE FRANCE,NON,6250,08:10,SUD EST,NIMES PONT DU GARD,LANGPA,FRXZP,07:50,FRSUF
4368,2023-06-12,PERPIGNAN,NON,6250,08:10,SUD EST,NIMES PONT DU GARD,LANGPA,FRXZP,06:04,FRPGF
4369,2023-06-12,LAVAL,NON,8623,18:02,ATLANTIQUE,MORLAIX,PARISBRETA,FRMXN,16:00,FRACR
4370,2023-06-12,PARIS (intramuros),NON,8623,16:25,ATLANTIQUE,RENNES,PARISBRETA,FRRNS,14:41,FRPMO
4371,2023-06-12,RENNES,NON,8623,18:37,ATLANTIQUE,BREST,PARISBRETA,FRBES,16:32,FRRNS
4372,2023-06-12,ANGERS ST LAUD,NON,4406,15:51,IC SRO,SAUMUR,JOURNTELYN,FRACN,15:28,FRACL
4373,2023-06-12,ANGERS ST LAUD,NON,4406,21:18,IC SRO,LYON (intramuros),JOURNTELYN,FRLPD,15:28,FRACL
4374,2023-06-12,ANGERS ST LAUD,NON,4406,20:13,IC SRO,ROANNE,JOURNTELYN,FRRNE,15:28,FRACL
4375,2023-06-12,ANGERS ST LAUD,NON,4406,19:34,IC SRO,ST GERMAIN DES FOSSES,JOURNTELYN,FRSGF,15:28,FRACL
4376,2023-06-12,ANGERS ST LAUD,NON,4406,19:09,IC SRO,MOULINS SUR ALLIER,JOURNTELYN,FRXMU,15:28,FRACL
4377,2023-06-12,ANGERS ST LAUD,NON,4406,16:31,IC SRO,ST PIERRE DES CORPS,JOURNTELYN,FRXSH,15:28,FRACL
4378,2023-06-12,NANTES,NON,4406,15:51,IC SRO,SAUMUR,JOURNTELYN,FRACN,14:47,FRNTE
4379,2023-06-12,NANTES,NON,4406,17:57,IC SRO,BOURGES,JOURNTELYN,FRBOU,14:47,FRNTE
4380,2023-06-12,NANTES,NON,4406,17:38,IC SRO,VIERZON VILLE,JOURNTELYN,FRXVZ,14:47,FRNTE
4381,2023-06-12,NEVERS,NON,4406,20:13,IC SRO,ROANNE,JOURNTELYN,FRRNE,18:42,FRNVS
4382,2023-06-12,ROANNE,NON,4406,21:18,IC SRO,LYON (intramuros),JOURNTELYN,FRLPD,20:15,FRRNE
4383,2023-06-12,ST GERMAIN DES FOSSES,NON,4406,21:18,IC SRO,LYON (intramuros),JOURNTELYN,FRLPD,19:36,FRSGF
4384,2023-06-12,MOULINS SUR ALLIER,NON,4406,21:30,IC SRO,LYON (intramuros),JOURNTELYN,FRLPE,19:11,FRXMU
4385,2023-06-12,ST PIERRE DES CORPS,NON,4406,21:18,IC SRO,LYON (intramuros),JOURNTELYN,FRLPD,16:34,FRXSH
4386,2023-06-12,ST PIERRE DES CORPS,NON,4406,21:30,IC SRO,LYON (intramuros),JOURNTELYN,FRLPE,16:34,FRXSH
4387,2023-06-12,ORTHEZ,NON,14140,09:35,IC SRO,ST GAUDENS,SUDOUEST,FRFPH,07:47,FRGFI
4388,2023-06-12,ORTHEZ,NON,14140,10:30,IC SRO,TOULOUSE MATABIAU,SUDOUEST,FRXYT,07:47,FRGFI
4389,2023-06-12,LOURDES,NON,14140,10:30,IC SRO,TOULOUSE MATABIAU,SUDOUEST,FRXYT,08:39,FRLDE
4390,2023-06-12,BAYONNE,NON,14140,08:36,IC SRO,LOURDES,SUDOUEST,FRLDE,07:00,FRXBY
4391,2023-06-12,ARGENTON SUR CREUSE,OUI,3685,22:30,IC ARO,LA SOUTERRAINE,PALITO,FRLST,22:07,FRFMT
4392,2023-06-12,PARIS (intramuros),OUI,3685,23:05,IC ARO,LIMOGES BENEDICTINS,PALITO,FRAGQ,19:36,FRPAZ
4393,2023-06-12,PARIS (intramuros),OUI,3685,22:30,IC ARO,LA SOUTERRAINE,PALITO,FRLST,19:36,FRPAZ
4394,2023-06-12,PARIS (intramuros),OUI,3655,21:31,IC ARO,SOUILLAC,PALITO,FRSOU,16:41,FRPAZ
4395,2023-06-12,COLMAR,OUI,2350,06:49,EST,SELESTAT,MULHSTRAPA,FRXSQ,06:38,FRAEJ
4396,2023-06-12,COLMAR,NON,2350,07:56,EST,LORRAINE TGV,MULHSTRAPA,FREAM,06:38,FRAEJ
4397,2023-06-12,SELESTAT,NON,2350,07:56,EST,LORRAINE TGV,MULHSTRAPA,FREAM,06:52,FRXSQ
4398,2023-06-12,LYON (intramuros),NON,9862,12:47,NORD,MARNE LA VALLEE CHESSY,JCSUDNORD,FRMLV,11:00,FRLPD
4399,2023-06-12,MARNE LA VALLEE CHESSY,NON,9862,13:55,NORD,ARRAS,JCSUDNORD,FRQRV,12:51,FRMLV
4400,2023-06-12,AEROPORT CDG2 TGV ROISSY,NON,9862,14:24,NORD,LILLE (intramuros),JCSUDNORD,FRLLE,13:07,FRMLW
4401,2023-06-12,VALENCE TGV RHONE-ALPES SUD,NON,9862,13:34,NORD,TGV HAUTE PICARDIE,JCSUDNORD,FRTHP,10:15,FRVLA
4402,2023-06-12,MONTPELLIER SUD DE FRANCE,NON,9862,14:24,NORD,LILLE (intramuros),JCSUDNORD,FRLLE,09:12,FRSUF
4403,2023-06-12,MONTPELLIER SUD DE FRANCE,OUI,9862,09:30,NORD,NIMES PONT DU GARD,JCSUDNORD,FRXZP,09:12,FRSUF
4404,2023-06-12,NIMES PONT DU GARD,NON,9862,13:34,NORD,TGV HAUTE PICARDIE,JCSUDNORD,FRTHP,09:33,FRXZP
4405,2023-06-12,ANGERS ST LAUD,OUI,8926,19:05,ATLANTIQUE,SABLE SUR SARTHE,LOIREPARIS,FRSAB,18:44,FRACL
4406,2023-06-12,LE CROISIC,OUI,8926,18:41,ATLANTIQUE,ANGERS ST LAUD,LOIREPARIS,FRACL,16:55,FREGU
4407,2023-06-12,LE CROISIC,OUI,8926,17:21,ATLANTIQUE,ST NAZAIRE,LOIREPARIS,FRSNR,16:55,FREGU
4408,2023-06-12,LA BAULE ESCOUBLAC,OUI,8926,18:41,ATLANTIQUE,ANGERS ST LAUD,LOIREPARIS,FRACL,17:07,FRJEE
4409,2023-06-12,ST NAZAIRE,OUI,8926,18:41,ATLANTIQUE,ANGERS ST LAUD,LOIREPARIS,FRACL,17:24,FRSNR
4410,2023-06-12,PARIS (intramuros),OUI,6621,18:03,SUD EST,LYON (intramuros),PARISRHONE,FRLPD,15:50,FRPLY
4411,2023-06-12,PARIS (intramuros),OUI,6621,17:29,SUD EST,MACON LOCHE TGV,PARISRHONE,FRMLT,15:50,FRPLY
4412,2023-06-12,LE CREUSOT MONTCEAU MONTCHANIN,OUI,6621,17:29,SUD EST,MACON LOCHE TGV,PARISRHONE,FRMLT,17:11,FRXCC
4413,2023-06-12,CHAMPAGNE-ARDENNE,OUI,2540,14:42,EST,PARIS (intramuros),NANCYPA,FRPST,14:01,FREAH
4414,2023-06-12,NANCY,OUI,2540,14:42,EST,PARIS (intramuros),NANCYPA,FRPST,12:55,FRENC
4415,2023-06-12,LYON (intramuros),NON,6610,11:00,SUD EST,PARIS (intramuros),RHONEPARIS,FRPLY,08:50,FRLPE
4416,2023-06-12,DIJON VILLE,NON,6711,21:05,SUD EST,BESANCON - F COMTE TGV,PABOUR,FRTJB,20:35,FRABA
4417,2023-06-12,MONTBARD,NON,6711,21:55,SUD EST,MULHOUSE VILLE,PABOUR,FRAEK,19:56,FRGWE
4418,2023-06-12,PARIS (intramuros),NON,6711,20:31,SUD EST,DIJON VILLE,PABOUR,FRABA,18:50,FRPLY
4419,2023-06-12,PARIS (intramuros),NON,6711,21:29,SUD EST,BELFORT-MONTBELIARD TGV,PABOUR,FRTJA,18:50,FRPLY
4420,2023-06-12,BESANCON - F COMTE TGV,NON,6711,21:29,SUD EST,BELFORT-MONTBELIARD TGV,PABOUR,FRTJA,21:08,FRTJB
4421,2023-06-12,RENNES,NON,5460,21:04,EST,STRASBOURG,JCATLEST,FRAEG,16:03,FRRNS
4422,2023-06-12,CLERMONT FERRAND,OUI,5982,18:58,IC ARO,NEVERS,CLERMONTPA,FRNVS,17:31,FRCFE
4423,2023-06-12,CLERMONT FERRAND,OUI,5982,17:40,IC ARO,RIOM CHATEL GUYON,CLERMONTPA,FRRIO,17:31,FRCFE
4424,2023-06-12,VICHY,OUI,5982,20:57,IC ARO,PARIS (intramuros),CLERMONTPA,FRPBE,18:06,FRVHY
4425,2023-06-12,ANGERS ST LAUD,NON,4402,07:30,IC SRO,SAUMUR,JOURNTELYN,FRACN,07:10,FRACL
4426,2023-06-12,SAUMUR,NON,4402,12:04,IC SRO,ROANNE,JOURNTELYN,FRRNE,07:32,FRACN
4427,2023-06-12,SAUMUR,NON,4402,11:25,IC SRO,ST GERMAIN DES FOSSES,JOURNTELYN,FRSGF,07:32,FRACN
4428,2023-06-12,BOURGES,NON,4402,13:10,IC SRO,LYON (intramuros),JOURNTELYN,FRLPD,09:45,FRBOU
4429,2023-06-12,BOURGES,NON,4402,13:22,IC SRO,LYON (intramuros),JOURNTELYN,FRLPE,09:45,FRBOU
4430,2023-06-12,BOURGES,NON,4402,12:04,IC SRO,ROANNE,JOURNTELYN,FRRNE,09:45,FRBOU
4431,2023-06-12,NANTES,NON,4402,12:04,IC SRO,ROANNE,JOURNTELYN,FRRNE,06:26,FRNTE
4432,2023-06-12,NEVERS,NON,4402,13:22,IC SRO,LYON (intramuros),JOURNTELYN,FRLPE,10:32,FRNVS
4433,2023-06-12,ROANNE,NON,4402,13:10,IC SRO,LYON (intramuros),JOURNTELYN,FRLPD,12:06,FRRNE
4434,2023-06-12,ROANNE,NON,4402,13:22,IC SRO,LYON (intramuros),JOURNTELYN,FRLPE,12:06,FRRNE
4435,2023-06-12,ST GERMAIN DES FOSSES,NON,4402,13:10,IC SRO,LYON (intramuros),JOURNTELYN,FRLPD,11:27,FRSGF
4436,2023-06-12,MOULINS SUR ALLIER,NON,4402,12:04,IC SRO,ROANNE,JOURNTELYN,FRRNE,11:02,FRXMU
4437,2023-06-12,VIERZON VILLE,NON,4402,13:22,IC SRO,LYON (intramuros),JOURNTELYN,FRLPE,09:20,FRXVZ
4438,2023-06-12,VIERZON VILLE,NON,4402,10:22,IC SRO,NEVERS,JOURNTELYN,FRNVS,09:20,FRXVZ
4439,2023-06-12,AVIGNON TGV,NON,6805,12:02,SUD EST,ST RAPHAEL VALESCURE,JCPROVSUD,FRXSK,09:29,FRAVG
4440,2023-06-12,LYON (intramuros),NON,6805,12:58,SUD EST,NICE VILLE,JCPROVSUD,FRNIC,08:06,FRLPD
4441,2023-06-12,MARSEILLE ST CHARLES,NON,6805,11:06,SUD EST,TOULON,JCPROVSUD,FRTLN,10:20,FRMSC
4442,2023-06-12,TOULON,OUI,6805,12:26,SUD EST,CANNES,JCPROVSUD,FRJCA,11:11,FRTLN
4443,2023-06-12,TOULON,OUI,6805,12:02,SUD EST,ST RAPHAEL VALESCURE,JCPROVSUD,FRXSK,11:11,FRTLN
4444,2023-06-12,VALENCE TGV RHONE-ALPES SUD,NON,6805,09:48,SUD EST,AIX EN PROVENCE TGV,JCPROVSUD,FRAIE,08:53,FRVLA
4445,2023-06-12,VALENCE TGV RHONE-ALPES SUD,NON,6805,10:03,SUD EST,MARSEILLE ST CHARLES,JCPROVSUD,FRMSC,08:53,FRVLA
4446,2023-06-12,VALENCE TGV RHONE-ALPES SUD,NON,6805,12:58,SUD EST,NICE VILLE,JCPROVSUD,FRNIC,08:53,FRVLA
4447,2023-06-12,ST RAPHAEL VALESCURE,OUI,6805,12:26,SUD EST,CANNES,JCPROVSUD,FRJCA,12:05,FRXSK
4448,2023-06-12,ST RAPHAEL VALESCURE,OUI,6805,12:39,SUD EST,ANTIBES,JCPROVSUD,FRXAT,12:05,FRXSK
4449,2023-06-12,PARIS (intramuros),OUI,7551,09:15,NORD,BOULOGNE VILLE,PAARRAS,FRAEB,06:52,FRPNO
4450,2023-06-12,PARIS (intramuros),OUI,7551,07:41,NORD,ARRAS,PAARRAS,FRQRV,06:52,FRPNO
4451,2023-06-12,SURGERES,NON,8362,11:40,ATLANTIQUE,PARIS (intramuros),ROCHELLEPA,FRPMO,09:08,FREIP
4452,2023-06-12,LA ROCHELLE VILLE,OUI,8362,09:05,ATLANTIQUE,SURGERES,ROCHELLEPA,FREIP,08:47,FRLRH
4453,2023-06-12,LA ROCHELLE VILLE,NON,8362,10:35,ATLANTIQUE,ST PIERRE DES CORPS,ROCHELLEPA,FRXSH,08:47,FRLRH
4454,2023-06-12,NIORT,NON,8362,11:40,ATLANTIQUE,PARIS (intramuros),ROCHELLEPA,FRPMO,09:29,FRNIT
4455,2023-06-12,ST PIERRE DES CORPS,NON,8362,11:40,ATLANTIQUE,PARIS (intramuros),ROCHELLEPA,FRPMO,10:39,FRXSH
4456,2023-06-12,LIMOGES BENEDICTINS,NON,3605,11:43,IC ARO,GOURDON,PALITO,FRFSI,09:59,FRAGQ
4457,2023-06-12,LIMOGES BENEDICTINS,NON,3605,11:27,IC ARO,SOUILLAC,PALITO,FRSOU,09:59,FRAGQ
4458,2023-06-12,CHATEAUROUX,NON,3605,09:20,IC ARO,LA SOUTERRAINE,PALITO,FRLST,08:44,FRCHR
4459,2023-06-12,CHATEAUROUX,NON,3605,11:27,IC ARO,SOUILLAC,PALITO,FRSOU,08:44,FRCHR
4460,2023-06-12,CAUSSADE TARN ET GARONNE,OUI,3605,13:25,IC ARO,TOULOUSE MATABIAU,PALITO,FRXYT,12:38,FRFTA
4461,2023-06-12,LES AUBRAIS ORLEANS,NON,3605,08:42,IC ARO,CHATEAUROUX,PALITO,FRCHR,07:36,FRLAB
4462,2023-06-12,LES AUBRAIS ORLEANS,NON,3605,11:27,IC ARO,SOUILLAC,PALITO,FRSOU,07:36,FRLAB
4463,2023-06-12,LES AUBRAIS ORLEANS,NON,3605,08:10,IC ARO,VIERZON VILLE,PALITO,FRXVZ,07:36,FRLAB
4464,2023-06-12,LA SOUTERRAINE,NON,3605,09:56,IC ARO,LIMOGES BENEDICTINS,PALITO,FRAGQ,09:22,FRLST
4465,2023-06-12,PARIS (intramuros),NON,3605,11:27,IC ARO,SOUILLAC,PALITO,FRSOU,06:36,FRPAZ
4466,2023-06-12,SOUILLAC,NON,3605,12:37,IC ARO,CAUSSADE TARN ET GARONNE,PALITO,FRFTA,11:29,FRSOU
4467,2023-06-12,MONTAUBAN VILLE BOURBON,OUI,3605,13:25,IC ARO,TOULOUSE MATABIAU,PALITO,FRXYT,12:53,FRXMW
4468,2023-06-12,VIERZON VILLE,NON,3605,11:43,IC ARO,GOURDON,PALITO,FRFSI,08:12,FRXVZ
4469,2023-06-12,VIERZON VILLE,NON,3605,11:27,IC ARO,SOUILLAC,PALITO,FRSOU,08:12,FRXVZ
4470,2023-06-12,NIMES,OUI,4770,21:44,IC ARO,BEZIERS,TJOURSESO,FRBZR,20:38,FRFNI
4471,2023-06-12,NIMES,OUI,4770,23:18,IC ARO,TOULOUSE MATABIAU,TJOURSESO,FRXYT,20:38,FRFNI
4472,2023-06-12,MARSEILLE ST CHARLES,OUI,4770,21:44,IC ARO,BEZIERS,TJOURSESO,FRBZR,19:23,FRMSC
4473,2023-06-12,MARSEILLE ST CHARLES,OUI,4770,20:35,IC ARO,NIMES,TJOURSESO,FRFNI,19:23,FRMSC
4474,2023-06-12,MARSEILLE ST CHARLES,OUI,4770,21:03,IC ARO,MONTPELLIER SAINT-ROCH,TJOURSESO,FRMPL,19:23,FRMSC
4475,2023-06-12,MARSEILLE ST CHARLES,OUI,4770,23:18,IC ARO,TOULOUSE MATABIAU,TJOURSESO,FRXYT,19:23,FRMSC
4476,2023-06-12,NARBONNE,OUI,4770,22:34,IC ARO,CARCASSONNE,TJOURSESO,FRCCF,22:03,FRXNA
4477,2023-06-12,RETHEL,NON,2714,09:01,EST,PARIS (intramuros),SEDBARPA,FRPST,07:47,FRBDT
4478,2023-06-12,SEDAN,OUI,2714,07:44,EST,RETHEL,SEDBARPA,FRBDT,06:49,FRXSW
4479,2023-06-12,SEDAN,NON,2714,09:01,EST,PARIS (intramuros),SEDBARPA,FRPST,06:49,FRXSW
4480,2023-06-12,SEDAN,OUI,2714,07:03,EST,CHARLEVILLE MEZIERES,SEDBARPA,FRXCZ,06:49,FRXSW
4481,2023-06-12,BEZIERS,OUI,4752,07:59,IC ARO,NARBONNE,TJOURSESO,FRXNA,07:46,FRBZR
4482,2023-06-12,NIMES,OUI,4752,07:59,IC ARO,NARBONNE,TJOURSESO,FRXNA,06:38,FRFNI
4483,2023-06-12,MONTPELLIER SAINT-ROCH,OUI,4752,10:28,IC ARO,AGEN,TJOURSESO,FRAGF,07:06,FRMPL
4484,2023-06-12,MONTPELLIER SAINT-ROCH,OUI,4752,11:32,IC ARO,BORDEAUX ST JEAN,TJOURSESO,FRBOJ,07:06,FRMPL
4485,2023-06-12,MONTPELLIER SAINT-ROCH,OUI,4752,07:59,IC ARO,NARBONNE,TJOURSESO,FRXNA,07:06,FRMPL
4486,2023-06-12,MONTPELLIER SAINT-ROCH,OUI,4752,09:16,IC ARO,TOULOUSE MATABIAU,TJOURSESO,FRXYT,07:06,FRMPL
4487,2023-06-12,NARBONNE,OUI,4752,08:31,IC ARO,CARCASSONNE,TJOURSESO,FRCCF,08:02,FRXNA
4488,2023-06-12,PARIS (intramuros),NON,12255,13:14,ATLANTIQUE,BORDEAUX ST JEAN,PASUDOUEST,FRBOJ,11:08,FRPMO
4489,2023-06-12,LAVAL,OUI,8641,22:51,ATLANTIQUE,BREST,PARISBRETA,FRBES,19:58,FRACR
4490,2023-06-12,LAVAL,OUI,8641,21:08,ATLANTIQUE,LAMBALLE,PARISBRETA,FRLAM,19:58,FRACR
4491,2023-06-12,LAVAL,OUI,8641,20:25,ATLANTIQUE,RENNES,PARISBRETA,FRRNS,19:58,FRACR
4492,2023-06-12,LAMBALLE,OUI,8641,21:21,ATLANTIQUE,ST BRIEUC,PARISBRETA,FRSBK,21:11,FRLAM
4493,2023-06-12,MORLAIX,OUI,8641,22:51,ATLANTIQUE,BREST,PARISBRETA,FRBES,22:14,FRMXN
4494,2023-06-12,PLOUARET TREGOR,OUI,8641,22:51,ATLANTIQUE,BREST,PARISBRETA,FRBES,21:55,FRPLT
4495,2023-06-12,PARIS (intramuros),NON,8641,21:38,ATLANTIQUE,GUINGAMP,PARISBRETA,FRGGP,18:40,FRPMO
4496,2023-06-12,PARIS (intramuros),NON,8641,21:53,ATLANTIQUE,PLOUARET TREGOR,PARISBRETA,FRPLT,18:40,FRPMO
4497,2023-06-12,RENNES,OUI,8641,21:08,ATLANTIQUE,LAMBALLE,PARISBRETA,FRLAM,20:32,FRRNS
4498,2023-06-12,RENNES,OUI,8641,21:21,ATLANTIQUE,ST BRIEUC,PARISBRETA,FRSBK,20:32,FRRNS
4499,2023-06-12,PARIS (intramuros),NON,2571,14:49,EST,EPINAL,PANANCY,FREPL,12:21,FRPST
4500,2023-06-12,CHAMPAGNE-ARDENNE,NON,2571,14:49,EST,EPINAL,PANANCY,FREPL,13:05,FREAH
4501,2023-06-12,PARIS (intramuros),NON,9715,17:06,SUD EST,VALENCE TGV RHONE-ALPES SUD,PABARCELONE,FRVLA,14:54,FRPLY
4502,2023-06-12,PARIS (intramuros),NON,9715,19:20,SUD EST,NARBONNE,PABARCELONE,FRXNA,14:54,FRPLY
4503,2023-06-12,AGDE,NON,9715,19:56,SUD EST,PERPIGNAN,PABARCELONE,FRPGF,18:51,FRXAG
4504,2023-06-12,SETE,NON,9715,19:03,SUD EST,BEZIERS,PABARCELONE,FRBZR,18:34,FRXSY
4505,2023-06-12,SETE,NON,9715,19:20,SUD EST,NARBONNE,PABARCELONE,FRXNA,18:34,FRXSY
4506,2023-06-12,NIMES PONT DU GARD,NON,9715,19:20,SUD EST,NARBONNE,PABARCELONE,FRXNA,17:49,FRXZP
4507,2023-06-12,NIMES PONT DU GARD,NON,9715,18:08,SUD EST,MONTPELLIER SUD DE FRANCE,PABARCELONE,FRSUF,17:49,FRXZP
4508,2023-06-12,BEZIERS,NON,9715,21:25,SUD EST,BARCELONA SANTS,PABARCELONE,ESBST,19:06,FRBZR
4509,2023-06-12,NIMES PONT DU GARD,NON,9715,18:31,SUD EST,SETE,PABARCELONE,FRXSY,17:49,FRXZP
4510,2023-06-12,NIMES PONT DU GARD,NON,9715,21:25,SUD EST,BARCELONA SANTS,PABARCELONE,ESBST,17:49,FRXZP
4511,2023-06-12,MONTPELLIER SUD DE FRANCE,NON,9715,21:25,SUD EST,BARCELONA SANTS,PABARCELONE,ESBST,18:17,FRSUF
4512,2023-06-12,AGDE,NON,9715,21:25,SUD EST,BARCELONA SANTS,PABARCELONE,ESBST,18:51,FRXAG
4513,2023-06-12,SETE,NON,9715,20:27,SUD EST,FIGUERES VILA TGV,PABARCELONE,ESFIR,18:34,FRXSY
4514,2023-06-12,AGDE,NON,9715,20:27,SUD EST,FIGUERES VILA TGV,PABARCELONE,ESFIR,18:51,FRXAG
4515,2023-06-12,MONTPELLIER SUD DE FRANCE,NON,9715,20:27,SUD EST,FIGUERES VILA TGV,PABARCELONE,ESFIR,18:17,FRSUF
4516,2023-06-12,LYON (intramuros),NON,6681,10:48,SUD EST,ST ETIENNE CHATEAUCREUX,PARISRHONE,FRHHD,10:06,FRLPD
4517,2023-06-12,LE CREUSOT MONTCEAU MONTCHANIN,NON,6681,09:56,SUD EST,LYON (intramuros),PARISRHONE,FRLPD,09:14,FRXCC
4518,2023-06-12,LAVAL,NON,8707,12:38,ATLANTIQUE,QUIMPER,PARISBRETA,FRUIP,09:58,FRACR
4519,2023-06-12,LAVAL,NON,8707,11:04,ATLANTIQUE,REDON,PARISBRETA,FRXRN,09:58,FRACR
4520,2023-06-12,PARIS (intramuros),NON,8707,12:38,ATLANTIQUE,QUIMPER,PARISBRETA,FRUIP,08:40,FRPMO
4521,2023-06-12,PARIS (intramuros),NON,8707,11:42,ATLANTIQUE,AURAY,PARISBRETA,FRXUY,08:40,FRPMO
4522,2023-06-12,RENNES,OUI,8707,11:29,ATLANTIQUE,VANNES,PARISBRETA,FRVNE,10:29,FRRNS
4523,2023-06-12,RENNES,OUI,8707,11:42,ATLANTIQUE,AURAY,PARISBRETA,FRXUY,10:29,FRRNS
4524,2023-06-12,VANNES,OUI,8707,12:00,ATLANTIQUE,LORIENT,PARISBRETA,FRLRT,11:32,FRVNE
4525,2023-06-12,VANNES,OUI,8707,12:38,ATLANTIQUE,QUIMPER,PARISBRETA,FRUIP,11:32,FRVNE
4526,2023-06-12,AURAY,OUI,8707,12:00,ATLANTIQUE,LORIENT,PARISBRETA,FRLRT,11:45,FRXUY
4527,2023-06-12,VALLORBE,NON,9264,11:08,INTERNATIONAL,PARIS (intramuros),SUISPA,FRPLY,08:00,CHAGL
4528,2023-06-12,LAUSANNE,NON,9264,08:43,INTERNATIONAL,MOUCHARD,SUISPA,FRMCD,07:23,CHAJF
4529,2023-06-12,DIJON VILLE,NON,9264,11:08,INTERNATIONAL,PARIS (intramuros),SUISPA,FRPLY,09:30,FRABA
4530,2023-06-12,FRASNE,NON,9264,09:00,INTERNATIONAL,DOLE VILLE,SUISPA,FRACE,08:15,FRFRA
4531,2023-06-12,FRASNE,NON,9264,11:08,INTERNATIONAL,PARIS (intramuros),SUISPA,FRPLY,08:15,FRFRA
4532,2023-06-12,LORIENT,NON,8720,15:06,ATLANTIQUE,PARIS (intramuros),BRETAPARIS,FRPMO,12:02,FRLRT
4533,2023-06-12,FUTUROSCOPE,NON,8346,21:20,ATLANTIQUE,PARIS (intramuros),ROCHELLEPA,FRPMO,19:33,FRTGO
4534,2023-06-12,ST PIERRE DES CORPS,OUI,8346,21:20,ATLANTIQUE,PARIS (intramuros),ROCHELLEPA,FRPMO,20:19,FRXSH
4535,2023-06-12,BRUXELLES MIDI BRUSSEL ZUID,NON,9810,11:52,NORD,AVIGNON TGV,JCNORDSUD,FRAVG,06:35,BEBMI
4536,2023-06-12,BRUXELLES MIDI BRUSSEL ZUID,NON,9810,10:29,NORD,LYON (intramuros),JCNORDSUD,FRLPD,06:35,BEBMI
4537,2023-06-12,AVIGNON TGV,NON,9810,12:24,NORD,MARSEILLE ST CHARLES,JCNORDSUD,FRMSC,11:55,FRAVG
4538,2023-06-12,LILLE (intramuros),NON,9810,11:15,NORD,VALENCE TGV RHONE-ALPES SUD,JCNORDSUD,FRVLA,07:24,FRLLE
4539,2023-06-12,LYON (intramuros),NON,9810,12:24,NORD,MARSEILLE ST CHARLES,JCNORDSUD,FRMSC,10:35,FRLPD
4540,2023-06-12,LYON (intramuros),NON,9810,11:15,NORD,VALENCE TGV RHONE-ALPES SUD,JCNORDSUD,FRVLA,10:35,FRLPD
4541,2023-06-12,MARNE LA VALLEE CHESSY,NON,9810,11:52,NORD,AVIGNON TGV,JCNORDSUD,FRAVG,08:43,FRMLV
4542,2023-06-12,AEROPORT CDG2 TGV ROISSY,NON,9810,12:24,NORD,MARSEILLE ST CHARLES,JCNORDSUD,FRMSC,08:29,FRMLW
4543,2023-06-12,TGV HAUTE PICARDIE,NON,9810,08:38,NORD,MARNE LA VALLEE CHESSY,JCNORDSUD,FRMLV,07:54,FRTHP
4544,2023-06-12,BRUXELLES MIDI BRUSSEL ZUID,NON,9810,07:51,NORD,TGV HAUTE PICARDIE,JCNORDSUD,FRTHP,06:35,BEBMI
4545,2023-06-12,AVIGNON TGV,NON,6102,08:38,SUD EST,PARIS (intramuros),PROVENCEPA,FRPLY,05:50,FRAVG
4546,2023-06-12,MARSEILLE ST CHARLES,NON,6102,05:47,SUD EST,AVIGNON TGV,PROVENCEPA,FRAVG,05:14,FRMSC
4547,2023-06-12,METZ VILLE,NON,9879,17:50,EST,VALENCE TGV RHONE-ALPES SUD,JCRHINRHON,FRVLA,12:12,FRADE
4548,2023-06-12,STRASBOURG,NON,9879,16:56,EST,LYON (intramuros),JCRHINRHON,FRLPD,13:06,FRAEG
4549,2023-06-12,MULHOUSE VILLE,NON,9879,15:11,EST,DIJON VILLE,JCRHINRHON,FRABA,13:57,FRAEK
4550,2023-06-12,MACON VILLE,NON,9879,16:56,EST,LYON (intramuros),JCRHINRHON,FRLPD,16:21,FRHGU
4551,2023-06-12,BELFORT-MONTBELIARD TGV,NON,9879,15:11,EST,DIJON VILLE,JCRHINRHON,FRABA,14:21,FRTJA
4552,2023-06-12,BELFORT-MONTBELIARD TGV,NON,9879,14:41,EST,BESANCON - F COMTE TGV,JCRHINRHON,FRTJB,14:21,FRTJA
4553,2023-06-12,BESANCON - F COMTE TGV,NON,9879,16:18,EST,MACON VILLE,JCRHINRHON,FRHGU,14:44,FRTJB
4554,2023-06-12,THIONVILLE,OUI,9879,13:00,EST,STRASBOURG,JCRHINRHON,FRAEG,11:47,FRXTH
4555,2023-06-12,THIONVILLE,NON,9879,16:18,EST,MACON VILLE,JCRHINRHON,FRHGU,11:47,FRXTH
4556,2023-06-12,THIONVILLE,NON,9879,14:18,EST,BELFORT-MONTBELIARD TGV,JCRHINRHON,FRTJA,11:47,FRXTH
4557,2023-06-12,THIONVILLE,NON,9879,14:41,EST,BESANCON - F COMTE TGV,JCRHINRHON,FRTJB,11:47,FRXTH
4558,2023-06-12,THIONVILLE,NON,9879,17:50,EST,VALENCE TGV RHONE-ALPES SUD,JCRHINRHON,FRVLA,11:47,FRXTH
4559,2023-06-12,LUXEMBOURG,OUI,9879,13:00,EST,STRASBOURG,JCRHINRHON,FRAEG,11:24,LULUX
4560,2023-06-12,LUXEMBOURG,NON,9879,14:18,EST,BELFORT-MONTBELIARD TGV,JCRHINRHON,FRTJA,11:24,LULUX
4561,2023-06-12,DIJON VILLE,NON,9879,18:53,EST,MONTPELLIER SUD DE FRANCE,JCRHINRHON,FRSUF,15:21,FRABA
4562,2023-06-12,BESANCON - F COMTE TGV,NON,9879,18:53,EST,MONTPELLIER SUD DE FRANCE,JCRHINRHON,FRSUF,14:44,FRTJB
4563,2023-06-12,LYON (intramuros),NON,9879,18:31,EST,NIMES PONT DU GARD,JCRHINRHON,FRXZP,17:10,FRLPD
4564,2023-06-12,THIONVILLE,NON,9879,18:31,EST,NIMES PONT DU GARD,JCRHINRHON,FRXZP,11:47,FRXTH
4565,2023-06-12,DIJON VILLE,NON,9879,18:31,EST,NIMES PONT DU GARD,JCRHINRHON,FRXZP,15:21,FRABA
4566,2023-06-12,BORDEAUX ST JEAN,NON,8537,14:06,ATLANTIQUE,BAYONNE,PASUDOUEST,FRXBY,12:20,FRBOJ
4567,2023-06-12,BAYONNE,OUI,8537,14:18,ATLANTIQUE,BIARRITZ,PASUDOUEST,FRBIQ,14:09,FRXBY
4568,2023-06-12,ST JEAN DE LUZ CIBOURE,OUI,8537,14:48,ATLANTIQUE,HENDAYE,PASUDOUEST,FRAEF,14:36,FRXJZ
4569,2023-06-12,METZ VILLE,NON,2656,10:20,EST,PARIS (intramuros),LUXMETZPA,FRPST,08:50,FRADE
4570,2023-06-12,NIMES,NON,6202,10:01,SUD EST,VALENCE TGV RHONE-ALPES SUD,LANGPA,FRVLA,09:15,FRFNI
4571,2023-06-12,PERPIGNAN,OUI,6202,07:54,SUD EST,BEZIERS,LANGPA,FRBZR,07:04,FRPGF
4572,2023-06-12,PERPIGNAN,OUI,6202,08:07,SUD EST,AGDE,LANGPA,FRXAG,07:04,FRPGF
4573,2023-06-12,VALENCE TGV RHONE-ALPES SUD,NON,6202,12:18,SUD EST,PARIS (intramuros),LANGPA,FRPLY,10:04,FRVLA
4574,2023-06-12,SETE,OUI,6202,09:11,SUD EST,NIMES,LANGPA,FRFNI,08:26,FRXSY
4575,2023-06-12,LYON (intramuros),OUI,6631,22:10,SUD EST,LYON (intramuros),PARISRHONE,FRLPE,22:02,FRLPD
4576,2023-06-12,PARIS (intramuros),OUI,6631,22:10,SUD EST,LYON (intramuros),PARISRHONE,FRLPE,19:58,FRPLY
4577,2023-06-12,LYON (intramuros),NON,6644,08:50,SUD EST,PARIS (intramuros),RHONEPARIS,FRPLY,06:52,FRLPD
4578,2023-06-12,LYON-SAINT EXUPERY TGV,OUI,6927,22:13,SUD EST,GRENOBLE,PAGRENOBLE,FRGNB,21:09,FRJDQ
4579,2023-06-12,PARIS (intramuros),OUI,6927,22:13,SUD EST,GRENOBLE,PAGRENOBLE,FRGNB,19:12,FRPLY
4580,2023-06-12,LILLE (intramuros),OUI,7044,15:44,NORD,PARIS (intramuros),LILLEPA,FRPNO,14:42,FRADJ
4581,2023-06-12,VICHY,OUI,5955,12:23,IC ARO,RIOM CHATEL GUYON,PACLERMONT,FRRIO,12:03,FRVHY
4582,2023-06-12,MULHOUSE VILLE,OUI,2242,15:24,EST,COLMAR,JCRHONRHIN,FRAEJ,15:06,FRAEK
4583,2023-06-12,AIX EN PROVENCE TGV,NON,2242,15:54,EST,STRASBOURG,JCRHONRHIN,FRAEG,09:58,FRAIE
4584,2023-06-12,AIX EN PROVENCE TGV,NON,2242,14:55,EST,MULHOUSE VILLE,JCRHONRHIN,FRAEK,09:58,FRAIE
4585,2023-06-12,AIX EN PROVENCE TGV,NON,2242,10:17,EST,AVIGNON TGV,JCRHONRHIN,FRAVG,09:58,FRAIE
4586,2023-06-12,AIX EN PROVENCE TGV,NON,2242,12:09,EST,MACON VILLE,JCRHONRHIN,FRHGU,09:58,FRAIE
4587,2023-06-12,AIX EN PROVENCE TGV,NON,2242,14:06,EST,BESANCON - F COMTE TGV,JCRHONRHIN,FRTJB,09:58,FRAIE
4588,2023-06-12,MACON VILLE,OUI,2242,15:24,EST,COLMAR,JCRHONRHIN,FRAEJ,12:12,FRHGU
4589,2023-06-12,MACON VILLE,OUI,2242,14:55,EST,MULHOUSE VILLE,JCRHONRHIN,FRAEK,12:12,FRHGU
4590,2023-06-12,CANNES,NON,2242,13:25,EST,DIJON VILLE,JCRHONRHIN,FRABA,07:30,FRJCA
4591,2023-06-12,CANNES,OUI,2242,08:46,EST,TOULON,JCRHONRHIN,FRTLN,07:30,FRJCA
4592,2023-06-12,LYON (intramuros),NON,2242,14:30,EST,BELFORT-MONTBELIARD TGV,JCRHONRHIN,FRTJA,11:32,FRLPD
4593,2023-06-12,LYON (intramuros),NON,2242,13:03,EST,BEAUNE,JCRHONRHIN,FRXBV,11:32,FRLPD
4594,2023-06-12,LYON (intramuros),NON,2242,12:41,EST,CHALON SUR SAONE,JCRHONRHIN,FRXCD,11:32,FRLPD
4595,2023-06-12,MARSEILLE ST CHARLES,NON,2242,13:25,EST,DIJON VILLE,JCRHONRHIN,FRABA,09:45,FRMSC
4596,2023-06-12,MARSEILLE ST CHARLES,NON,2242,10:17,EST,AVIGNON TGV,JCRHONRHIN,FRAVG,09:45,FRMSC
4597,2023-06-12,NICE VILLE,NON,2242,09:55,EST,AIX EN PROVENCE TGV,JCRHONRHIN,FRAIE,07:00,FRNIC
4598,2023-06-12,NICE VILLE,OUI,2242,08:09,EST,LES ARCS DRAGUIGNAN,JCRHONRHIN,FRXRS,07:00,FRNIC
4599,2023-06-12,BESANCON - F COMTE TGV,OUI,2242,14:30,EST,BELFORT-MONTBELIARD TGV,JCRHONRHIN,FRTJA,14:09,FRTJB
4600,2023-06-12,TOULON,NON,2242,14:55,EST,MULHOUSE VILLE,JCRHONRHIN,FRAEK,08:50,FRTLN
4601,2023-06-12,ANTIBES,NON,2242,15:24,EST,COLMAR,JCRHONRHIN,FRAEJ,07:16,FRXAT
4602,2023-06-12,ANTIBES,OUI,2242,07:26,EST,CANNES,JCRHONRHIN,FRJCA,07:16,FRXAT
4603,2023-06-12,ANTIBES,OUI,2242,09:33,EST,MARSEILLE ST CHARLES,JCRHONRHIN,FRMSC,07:16,FRXAT
4604,2023-06-12,BEAUNE,OUI,2242,13:25,EST,DIJON VILLE,JCRHONRHIN,FRABA,13:06,FRXBV
4605,2023-06-12,CHALON SUR SAONE,OUI,2242,15:24,EST,COLMAR,JCRHONRHIN,FRAEJ,12:44,FRXCD
4606,2023-06-12,CHALON SUR SAONE,OUI,2242,14:06,EST,BESANCON - F COMTE TGV,JCRHONRHIN,FRTJB,12:44,FRXCD
4607,2023-06-12,LES ARCS DRAGUIGNAN,NON,2242,11:26,EST,LYON (intramuros),JCRHONRHIN,FRLPD,08:12,FRXRS
4608,2023-06-12,LES ARCS DRAGUIGNAN,OUI,2242,08:46,EST,TOULON,JCRHONRHIN,FRTLN,08:12,FRXRS
4609,2023-06-12,ST RAPHAEL VALESCURE,NON,2242,10:17,EST,AVIGNON TGV,JCRHONRHIN,FRAVG,07:55,FRXSK
4610,2023-06-12,ST RAPHAEL VALESCURE,NON,2242,12:09,EST,MACON VILLE,JCRHONRHIN,FRHGU,07:55,FRXSK
4611,2023-06-12,BEAUNE,OUI,2242,14:30,EST,BELFORT-MONTBELIARD TGV,JCRHONRHIN,FRTJA,13:06,FRXBV
4612,2023-06-12,BORDEAUX ST JEAN,NON,8512,15:20,ATLANTIQUE,ANGOULEME,SUDOUESTPA,FRANG,14:46,FRBOJ
4613,2023-06-12,TOURS,NON,8306,08:02,ATLANTIQUE,PARIS (intramuros),ROCHELLEPA,FRPMO,06:42,FRAFW
4614,2023-06-12,TOURS,OUI,8306,06:48,ATLANTIQUE,ST PIERRE DES CORPS,ROCHELLEPA,FRXSH,06:42,FRAFW
4615,2023-06-12,ST PIERRE DES CORPS,NON,8306,08:02,ATLANTIQUE,PARIS (intramuros),ROCHELLEPA,FRPMO,06:54,FRXSH
4616,2023-06-12,VENDOME VILLIERS SUR LOIR,OUI,8331,09:07,ATLANTIQUE,CHATELLERAULT,PAROCHELLE,FRXCX,08:16,FRESL
4617,2023-06-12,PARIS (intramuros),OUI,8331,08:13,ATLANTIQUE,VENDOME VILLIERS SUR LOIR,PAROCHELLE,FRESL,07:28,FRPMO
4618,2023-06-12,PARIS (intramuros),OUI,8331,09:22,ATLANTIQUE,FUTUROSCOPE,PAROCHELLE,FRTGO,07:28,FRPMO
4619,2023-06-12,PARIS (intramuros),OUI,8331,08:35,ATLANTIQUE,ST PIERRE DES CORPS,PAROCHELLE,FRXSH,07:28,FRPMO
4620,2023-06-12,CHATELLERAULT,OUI,8331,09:35,ATLANTIQUE,POITIERS,PAROCHELLE,FRPIS,09:10,FRXCX
4621,2023-06-12,ST PIERRE DES CORPS,OUI,8331,09:22,ATLANTIQUE,FUTUROSCOPE,PAROCHELLE,FRTGO,08:42,FRXSH
4622,2023-06-12,ST PIERRE DES CORPS,OUI,8331,09:07,ATLANTIQUE,CHATELLERAULT,PAROCHELLE,FRXCX,08:42,FRXSH
4623,2023-06-12,CHAMPAGNE-ARDENNE,NON,2807,10:32,EST,LUXEMBOURG,PAMETZLUX,LULUX,08:56,FREAH
4624,2023-06-12,PARIS (intramuros),OUI,7173,16:31,NORD,VALENCIENNES,PAARRAS,FRXVS,14:28,FRPNO
4625,2023-06-12,DOUAI,OUI,7173,16:31,NORD,VALENCIENNES,PAARRAS,FRXVS,16:06,FRXDN
4626,2023-06-12,MASSY TGV,NON,5440,13:49,EST,LORRAINE TGV,JCATLEST,FREAM,11:55,FRDJU
4627,2023-06-12,CHAMPAGNE-ARDENNE,OUI,5440,14:29,EST,STRASBOURG,JCATLEST,FRAEG,12:58,FREAH
4628,2023-06-12,MARNE LA VALLEE CHESSY,OUI,5440,12:55,EST,CHAMPAGNE-ARDENNE,JCATLEST,FREAH,12:28,FRMLV
4629,2023-06-12,POITIERS,NON,5440,13:49,EST,LORRAINE TGV,JCATLEST,FREAM,10:19,FRPIS
4630,2023-06-12,LILLE (intramuros),OUI,5202,07:18,NORD,TGV HAUTE PICARDIE,JCNORDAQUI,FRTHP,06:15,FRADJ
4631,2023-06-12,LILLE (intramuros),OUI,5202,06:34,NORD,DOUAI,JCNORDAQUI,FRXDN,06:15,FRADJ
4632,2023-06-12,MASSY TGV,NON,5202,10:41,NORD,POITIERS,JCNORDAQUI,FRPIS,09:09,FRDJU
4633,2023-06-12,MASSY TGV,NON,5202,10:06,NORD,ST PIERRE DES CORPS,JCNORDAQUI,FRXSH,09:09,FRDJU
4634,2023-06-12,MARNE LA VALLEE CHESSY,NON,5202,11:23,NORD,ANGOULEME,JCNORDAQUI,FRANG,08:35,FRMLV
4635,2023-06-12,AEROPORT CDG2 TGV ROISSY,OUI,5202,09:04,NORD,MASSY TGV,JCNORDAQUI,FRDJU,08:10,FRMLW
4636,2023-06-12,ARRAS,OUI,5202,07:54,NORD,AEROPORT CDG2 TGV ROISSY,JCNORDAQUI,FRMLW,07:00,FRQRV
4637,2023-06-12,TGV HAUTE PICARDIE,NON,5202,12:04,NORD,BORDEAUX ST JEAN,JCNORDAQUI,FRBOJ,07:25,FRTHP
4638,2023-06-12,BOURG EN BRESSE,NON,9770,15:42,INTERNATIONAL,PARIS (intramuros),GENEVEPA,FRPLY,13:52,FRXBK
4639,2023-06-12,PARIS (intramuros),NON,8315,18:45,ATLANTIQUE,TOURS,PAROCHELLE,FRAFW,17:28,FRPMO
4640,2023-06-12,BRIVE LA GAILLARDE,OUI,3694,20:32,IC ARO,LA SOUTERRAINE,TOULOUZECO,FRLST,18:56,FRBVE
4641,2023-06-12,BRIVE LA GAILLARDE,OUI,3694,21:45,IC ARO,VIERZON VILLE,TOULOUZECO,FRXVZ,18:56,FRBVE
4642,2023-06-12,GOURDON,OUI,3694,21:09,IC ARO,CHATEAUROUX,TOULOUZECO,FRCHR,18:10,FRFSI
4643,2023-06-12,GOURDON,OUI,3694,22:20,IC ARO,LES AUBRAIS ORLEANS,TOULOUZECO,FRLAB,18:10,FRFSI
4644,2023-06-12,GOURDON,OUI,3694,18:25,IC ARO,SOUILLAC,TOULOUZECO,FRSOU,18:10,FRFSI
4645,2023-06-12,CAUSSADE TARN ET GARONNE,OUI,3694,21:09,IC ARO,CHATEAUROUX,TOULOUZECO,FRCHR,17:17,FRFTA
4646,2023-06-12,CAUSSADE TARN ET GARONNE,OUI,3694,18:25,IC ARO,SOUILLAC,TOULOUZECO,FRSOU,17:17,FRFTA
4647,2023-06-12,LA SOUTERRAINE,OUI,3694,21:09,IC ARO,CHATEAUROUX,TOULOUZECO,FRCHR,20:34,FRLST
4648,2023-06-12,LA SOUTERRAINE,OUI,3694,21:45,IC ARO,VIERZON VILLE,TOULOUZECO,FRXVZ,20:34,FRLST
4649,2023-06-12,MONTAUBAN VILLE BOURBON,OUI,3694,21:09,IC ARO,CHATEAUROUX,TOULOUZECO,FRCHR,17:03,FRXMW
4650,2023-06-12,TOULOUSE MATABIAU,OUI,3694,17:16,IC ARO,CAUSSADE TARN ET GARONNE,TOULOUZECO,FRFTA,16:31,FRXYT
4651,2023-06-12,TOULOUSE MATABIAU,OUI,3694,17:01,IC ARO,MONTAUBAN VILLE BOURBON,TOULOUZECO,FRXMW,16:31,FRXYT
4652,2023-06-12,CAHORS,OUI,3694,18:53,IC ARO,BRIVE LA GAILLARDE,TOULOUZECO,FRBVE,17:43,FRZAO
4653,2023-06-12,GOURDON,OUI,3694,20:32,IC ARO,LA SOUTERRAINE,TOULOUZECO,FRLST,18:10,FRFSI
4654,2023-06-12,LIMOGES BENEDICTINS,OUI,3694,23:24,IC ARO,PARIS (intramuros),TOULOUZECO,FRPBE,19:59,FRAGQ
4655,2023-06-12,GOURDON,OUI,3694,23:24,IC ARO,PARIS (intramuros),TOULOUZECO,FRPBE,18:10,FRFSI
4656,2023-06-12,LES AUBRAIS ORLEANS,OUI,3694,23:24,IC ARO,PARIS (intramuros),TOULOUZECO,FRPBE,22:22,FRLAB
4657,2023-06-12,LA SOUTERRAINE,OUI,3694,23:24,IC ARO,PARIS (intramuros),TOULOUZECO,FRPBE,20:34,FRLST
4658,2023-06-12,SOUILLAC,OUI,3694,23:24,IC ARO,PARIS (intramuros),TOULOUZECO,FRPBE,18:27,FRSOU
4659,2023-06-12,BORDEAUX ST JEAN,NON,4659,13:27,IC ARO,CARCASSONNE,TJOURSOSE,FRCCF,10:27,FRBOJ
4660,2023-06-12,BEZIERS,NON,4659,14:51,IC ARO,MONTPELLIER SAINT-ROCH,TJOURSOSE,FRMPL,14:17,FRBZR
4661,2023-06-12,MONTPELLIER SAINT-ROCH,OUI,4659,15:19,IC ARO,NIMES,TJOURSOSE,FRFNI,14:55,FRMPL
4662,2023-06-12,MONTAUBAN VILLE BOURBON,NON,4659,13:27,IC ARO,CARCASSONNE,TJOURSOSE,FRCCF,12:08,FRXMW
4663,2023-06-12,NARBONNE,NON,4659,15:19,IC ARO,NIMES,TJOURSOSE,FRFNI,14:01,FRXNA
4664,2023-06-12,TOULOUSE MATABIAU,NON,4659,13:27,IC ARO,CARCASSONNE,TJOURSOSE,FRCCF,12:45,FRXYT
4665,2023-06-12,VALENCE TGV RHONE-ALPES SUD,NON,6277,21:56,SUD EST,PERPIGNAN,PALANG,FRPGF,19:11,FRVLA
4666,2023-06-12,AGDE,OUI,6277,21:03,SUD EST,BEZIERS,PALANG,FRBZR,20:52,FRXAG
4667,2023-06-12,MONTPELLIER SUD DE FRANCE,OUI,6277,20:34,SUD EST,SETE,PALANG,FRXSY,20:20,FRSUF
4668,2023-06-12,MONTPELLIER SUD DE FRANCE,OUI,6277,21:03,SUD EST,BEZIERS,PALANG,FRBZR,20:20,FRSUF
4669,2023-06-12,NIMES PONT DU GARD,NON,6277,21:20,SUD EST,NARBONNE,PALANG,FRXNA,19:53,FRXZP
4670,2023-06-12,NIMES PONT DU GARD,NON,6277,20:34,SUD EST,SETE,PALANG,FRXSY,19:53,FRXZP
4671,2023-06-12,ZUERICH HB,NON,9222,15:58,INTERNATIONAL,DIJON VILLE,ZURBALPA,FRABA,13:34,CHAJD
4672,2023-06-12,BASEL SBB,NON,9222,15:58,INTERNATIONAL,DIJON VILLE,ZURBALPA,FRABA,14:34,CHAJP
4673,2023-06-12,MULHOUSE VILLE,NON,9222,17:38,INTERNATIONAL,PARIS (intramuros),ZURBALPA,FRPLY,14:56,FRAEK
4674,2023-06-12,LYON-SAINT EXUPERY TGV,OUI,6923,20:13,SUD EST,GRENOBLE,PAGRENOBLE,FRGNB,19:06,FRJDQ
4675,2023-06-12,PARIS (intramuros),OUI,6923,19:02,SUD EST,LYON-SAINT EXUPERY TGV,PAGRENOBLE,FRJDQ,17:12,FRPLY
4676,2023-06-12,PARIS (intramuros),OUI,7385,20:02,NORD,LENS,PAARRAS,FRXLE,18:52,FRPNO
4677,2023-06-12,NEVERS,NON,5950,08:57,IC ARO,PARIS (intramuros),CLERMONTPA,FRPBE,07:00,FRNVS
4678,2023-06-12,RIOM CHATEL GUYON,OUI,5950,06:58,IC ARO,NEVERS,CLERMONTPA,FRNVS,05:38,FRRIO
4679,2023-06-12,RIOM CHATEL GUYON,OUI,5950,06:00,IC ARO,VICHY,CLERMONTPA,FRVHY,05:38,FRRIO
4680,2023-06-12,VICHY,OUI,5950,06:29,IC ARO,MOULINS SUR ALLIER,CLERMONTPA,FRXMU,06:02,FRVHY
4681,2023-06-12,MOULINS SUR ALLIER,OUI,5950,06:58,IC ARO,NEVERS,CLERMONTPA,FRNVS,06:31,FRXMU
4682,2023-06-12,MOULINS SUR ALLIER,NON,5950,08:57,IC ARO,PARIS (intramuros),CLERMONTPA,FRPBE,06:31,FRXMU
4683,2023-06-12,RIOM CHATEL GUYON,OUI,5950,06:10,IC ARO,ST GERMAIN DES FOSSES,CLERMONTPA,FRSGF,05:38,FRRIO
4684,2023-06-12,NIMES,OUI,6033,13:15,SUD EST,MONTPELLIER SAINT-ROCH,PALANG,FRMPL,12:49,FRFNI
4685,2023-06-12,PARIS (intramuros),NON,6033,12:45,SUD EST,NIMES,PALANG,FRFNI,09:40,FRPLY
4686,2023-06-12,DIJON VILLE,NON,2204,19:41,EST,COLMAR,JCRHONRHIN,FRAEJ,17:50,FRABA
4687,2023-06-12,DIJON VILLE,NON,2204,19:09,EST,MULHOUSE VILLE,JCRHONRHIN,FRAEK,17:50,FRABA
4688,2023-06-12,NIMES,NON,2204,15:09,EST,VALENCE TGV RHONE-ALPES SUD,JCRHONRHIN,FRVLA,14:21,FRFNI
4689,2023-06-12,MACON VILLE,NON,2204,19:09,EST,MULHOUSE VILLE,JCRHONRHIN,FRAEK,16:41,FRHGU
4690,2023-06-12,MACON VILLE,NON,2204,18:17,EST,BESANCON - F COMTE TGV,JCRHONRHIN,FRTJB,16:41,FRHGU
4691,2023-06-12,LYON (intramuros),NON,2204,20:18,EST,STRASBOURG,JCRHONRHIN,FRAEG,16:04,FRLPD
4692,2023-06-12,MONTPELLIER SAINT-ROCH,NON,2204,17:40,EST,DIJON VILLE,JCRHONRHIN,FRABA,13:53,FRMPL
4693,2023-06-12,MONTPELLIER SAINT-ROCH,OUI,2204,14:18,EST,NIMES,JCRHONRHIN,FRFNI,13:53,FRMPL
4694,2023-06-12,BELFORT-MONTBELIARD TGV,NON,2204,19:09,EST,MULHOUSE VILLE,JCRHONRHIN,FRAEK,18:47,FRTJA
4695,2023-06-12,BESANCON - F COMTE TGV,NON,2204,19:41,EST,COLMAR,JCRHONRHIN,FRAEJ,18:22,FRTJB
4696,2023-06-12,VALENCE TGV RHONE-ALPES SUD,NON,2204,19:41,EST,COLMAR,JCRHONRHIN,FRAEJ,15:12,FRVLA
4697,2023-06-12,VALENCE TGV RHONE-ALPES SUD,NON,2204,15:51,EST,LYON (intramuros),JCRHONRHIN,FRLPD,15:12,FRVLA
4698,2023-06-12,VALENCE TGV RHONE-ALPES SUD,NON,2204,18:44,EST,BELFORT-MONTBELIARD TGV,JCRHONRHIN,FRTJA,15:12,FRVLA
4699,2023-06-12,BORDEAUX ST JEAN,NON,12244,20:58,ATLANTIQUE,PARIS (intramuros),SUDOUESTPA,FRPMO,18:46,FRBOJ
4700,2023-06-12,CHAMPAGNE-ARDENNE,OUI,2509,15:05,EST,MEUSE TGV,PANANCY,FREAJ,14:41,FREAH
4701,2023-06-12,PARIS (intramuros),NON,6111,14:41,SUD EST,AIX EN PROVENCE TGV,PAPROVENCE,FRAIE,11:36,FRPLY
4702,2023-06-12,PARIS (intramuros),NON,6911,12:01,SUD EST,LYON-SAINT EXUPERY TGV,PAGRENOBLE,FRJDQ,10:12,FRPLY
4703,2023-06-12,ARRAS,OUI,7320,14:32,NORD,PARIS (intramuros),ARRASPA,FRPNO,13:41,FRQRV
4704,2023-06-12,STRASBOURG,NON,9572,18:05,INTERNATIONAL,PARIS (intramuros),MUNSTUTPA,FRPST,16:19,FRAEG
4705,2023-06-12,NEVERS,OUI,5971,19:01,IC ARO,VICHY,PACLERMONT,FRVHY,17:59,FRNVS
4706,2023-06-12,PARIS (intramuros),OUI,5971,17:57,IC ARO,NEVERS,PACLERMONT,FRNVS,16:00,FRPBE
4707,2023-06-12,PARIS (intramuros),OUI,5971,19:23,IC ARO,RIOM CHATEL GUYON,PACLERMONT,FRRIO,16:00,FRPBE
4708,2023-06-12,BRIVE LA GAILLARDE,NON,3654,16:47,IC ARO,VIERZON VILLE,TOULOUZECO,FRXVZ,13:56,FRBVE
4709,2023-06-12,GOURDON,OUI,3654,14:58,IC ARO,LIMOGES BENEDICTINS,TOULOUZECO,FRAGQ,13:11,FRFSI
4710,2023-06-12,GOURDON,NON,3654,18:20,IC ARO,PARIS (intramuros),TOULOUZECO,FRPAZ,13:11,FRFSI
4711,2023-06-12,SOUILLAC,OUI,3654,14:58,IC ARO,LIMOGES BENEDICTINS,TOULOUZECO,FRAGQ,13:28,FRSOU
4712,2023-06-12,VIERZON VILLE,NON,3654,18:20,IC ARO,PARIS (intramuros),TOULOUZECO,FRPAZ,16:49,FRXVZ
4713,2023-06-12,CAHORS,OUI,3654,14:58,IC ARO,LIMOGES BENEDICTINS,TOULOUZECO,FRAGQ,12:44,FRZAO
4714,2023-06-12,CAHORS,OUI,3654,13:53,IC ARO,BRIVE LA GAILLARDE,TOULOUZECO,FRBVE,12:44,FRZAO
4715,2023-06-12,CAHORS,OUI,3654,13:09,IC ARO,GOURDON,TOULOUZECO,FRFSI,12:44,FRZAO
4716,2023-06-12,DIJON VILLE,NON,9877,14:49,EST,AIX EN PROVENCE TGV,JCRHINRHON,FRAIE,11:21,FRABA
4717,2023-06-12,DIJON VILLE,NON,9877,14:25,EST,AVIGNON TGV,JCRHINRHON,FRAVG,11:21,FRABA
4718,2023-06-12,METZ VILLE,OUI,9877,08:58,EST,STRASBOURG,JCRHINRHON,FRAEG,08:11,FRADE
4719,2023-06-12,METZ VILLE,OUI,9877,09:54,EST,MULHOUSE VILLE,JCRHINRHON,FRAEK,08:11,FRADE
4720,2023-06-12,STRASBOURG,NON,9877,11:11,EST,DIJON VILLE,JCRHINRHON,FRABA,09:03,FRAEG
4721,2023-06-12,STRASBOURG,OUI,9877,09:54,EST,MULHOUSE VILLE,JCRHINRHON,FRAEK,09:03,FRAEG
4722,2023-06-12,STRASBOURG,NON,9877,10:18,EST,BELFORT-MONTBELIARD TGV,JCRHINRHON,FRTJA,09:03,FRAEG
4723,2023-06-12,STRASBOURG,NON,9877,13:46,EST,VALENCE TGV RHONE-ALPES SUD,JCRHINRHON,FRVLA,09:03,FRAEG
4724,2023-06-12,MULHOUSE VILLE,NON,9877,11:11,EST,DIJON VILLE,JCRHINRHON,FRABA,09:57,FRAEK
4725,2023-06-12,MULHOUSE VILLE,NON,9877,14:49,EST,AIX EN PROVENCE TGV,JCRHINRHON,FRAIE,09:57,FRAEK
4726,2023-06-12,MULHOUSE VILLE,NON,9877,13:46,EST,VALENCE TGV RHONE-ALPES SUD,JCRHINRHON,FRVLA,09:57,FRAEK
4727,2023-06-12,MACON VILLE,NON,9877,13:46,EST,VALENCE TGV RHONE-ALPES SUD,JCRHINRHON,FRVLA,12:22,FRHGU
4728,2023-06-12,LYON (intramuros),NON,9877,14:49,EST,AIX EN PROVENCE TGV,JCRHINRHON,FRAIE,13:06,FRLPD
4729,2023-06-12,BELFORT-MONTBELIARD TGV,NON,9877,11:11,EST,DIJON VILLE,JCRHINRHON,FRABA,10:21,FRTJA
4730,2023-06-12,BELFORT-MONTBELIARD TGV,NON,9877,13:00,EST,LYON (intramuros),JCRHINRHON,FRLPD,10:21,FRTJA
4731,2023-06-12,BESANCON - F COMTE TGV,NON,9877,15:06,EST,MARSEILLE ST CHARLES,JCRHINRHON,FRMSC,10:44,FRTJB
4732,2023-06-12,BESANCON - F COMTE TGV,NON,9877,13:46,EST,VALENCE TGV RHONE-ALPES SUD,JCRHINRHON,FRVLA,10:44,FRTJB
4733,2023-06-12,ANGERS ST LAUD,NON,5288,19:35,NORD,LILLE (intramuros),JCBRETNORD,FRLLE,16:02,FRACL
4734,2023-06-12,ANGERS ST LAUD,NON,5288,18:23,NORD,MARNE LA VALLEE CHESSY,JCBRETNORD,FRMLV,16:02,FRACL
4735,2023-06-12,MASSY TGV,NON,5288,18:37,NORD,AEROPORT CDG2 TGV ROISSY,JCBRETNORD,FRMLW,17:54,FRDJU
4736,2023-06-12,MARNE LA VALLEE CHESSY,NON,5288,18:37,NORD,AEROPORT CDG2 TGV ROISSY,JCBRETNORD,FRMLW,18:28,FRMLV
4737,2023-06-12,AEROPORT CDG2 TGV ROISSY,OUI,5288,19:35,NORD,LILLE (intramuros),JCBRETNORD,FRLLE,18:43,FRMLW
4738,2023-06-12,NANTES,OUI,5288,16:46,NORD,LE MANS,JCBRETNORD,FRAET,15:18,FRNTE
4739,2023-06-12,LE MANS,NON,8052,09:46,ATLANTIQUE,PARIS (intramuros),BRETAPARIS,FRPMO,08:48,FRAET
4740,2023-06-12,RENNES,OUI,8052,08:45,ATLANTIQUE,LE MANS,BRETAPARIS,FRAET,07:47,FRRNS
4741,2023-06-12,LIMOGES BENEDICTINS,OUI,3624,07:31,IC ARO,LA SOUTERRAINE,TOULOUZECO,FRLST,06:58,FRAGQ
4742,2023-06-12,LIMOGES BENEDICTINS,OUI,3624,10:22,IC ARO,PARIS (intramuros),TOULOUZECO,FRPAZ,06:58,FRAGQ
4743,2023-06-12,BRIVE LA GAILLARDE,OUI,3624,08:08,IC ARO,CHATEAUROUX,TOULOUZECO,FRCHR,05:55,FRBVE
4744,2023-06-12,CHATEAUROUX,OUI,3624,10:22,IC ARO,PARIS (intramuros),TOULOUZECO,FRPAZ,08:10,FRCHR
4745,2023-06-12,ISSOUDUN,OUI,3624,08:48,IC ARO,VIERZON VILLE,TOULOUZECO,FRXVZ,08:26,FRFMN
4746,2023-06-12,LA SOUTERRAINE,OUI,3624,10:22,IC ARO,PARIS (intramuros),TOULOUZECO,FRPAZ,07:33,FRLST
4747,2023-06-12,LA SOUTERRAINE,OUI,3624,08:48,IC ARO,VIERZON VILLE,TOULOUZECO,FRXVZ,07:33,FRLST
4748,2023-06-12,PARIS (intramuros),NON,2421,14:38,EST,STRASBOURG,PASTRAMULH,FRAEG,12:52,FRPST
4749,2023-06-12,MASSY TGV,NON,5380,09:30,SUD EST,LE MANS,JCSUDATL,FRAET,08:39,FRDJU
4750,2023-06-12,LYON (intramuros),NON,5380,10:02,SUD EST,LAVAL,JCSUDATL,FRACR,06:30,FRLPD
4751,2023-06-12,PARIS (intramuros),NON,2513,17:44,EST,NANCY,PANANCY,FRENC,16:07,FRPST
4752,2023-06-12,RETHEL,OUI,2751,20:11,EST,CHARLEVILLE MEZIERES,PABARSED,FRXCZ,19:43,FRBDT
4753,2023-06-12,REIMS,OUI,2751,20:11,EST,CHARLEVILLE MEZIERES,PABARSED,FRXCZ,19:20,FRRHE
4754,2023-06-12,BORDEAUX ST JEAN,NON,8517,20:23,ATLANTIQUE,AGEN,PASUDOUEST,FRAGF,19:20,FRBOJ
4755,2023-06-12,PARIS (intramuros),NON,8517,21:36,ATLANTIQUE,TOULOUSE MATABIAU,PASUDOUEST,FRXYT,17:06,FRPMO
4756,2023-06-12,PARIS (intramuros),OUI,7377,17:40,NORD,ARRAS,PAARRAS,FRQRV,16:52,FRPNO
4757,2023-06-12,METZ VILLE,OUI,5521,08:14,EST,BELFORT-MONTBELIARD TGV,JCRHINRHON,FRTJA,05:46,FRADE
4758,2023-06-12,METZ VILLE,NON,5521,08:38,EST,BESANCON - F COMTE TGV,JCRHINRHON,FRTJB,05:46,FRADE
4759,2023-06-12,COLMAR,NON,5521,10:56,EST,LYON (intramuros),JCRHINRHON,FRLPD,07:16,FRAEJ
4760,2023-06-12,MULHOUSE VILLE,NON,5521,10:56,EST,LYON (intramuros),JCRHINRHON,FRLPD,07:52,FRAEK
4761,2023-06-12,MULHOUSE VILLE,NON,5521,08:38,EST,BESANCON - F COMTE TGV,JCRHINRHON,FRTJB,07:52,FRAEK
4762,2023-06-12,LYON (intramuros),NON,5521,12:24,EST,NIMES,JCRHINRHON,FRFNI,11:02,FRLPD
4763,2023-06-12,BESANCON - F COMTE TGV,NON,5521,12:55,EST,MONTPELLIER SAINT-ROCH,JCRHINRHON,FRMPL,08:41,FRTJB
4764,2023-06-12,BESANCON - F COMTE TGV,NON,5521,09:54,EST,CHALON SUR SAONE,JCRHINRHON,FRXCD,08:41,FRTJB
4765,2023-06-12,ANGERS ST LAUD,NON,8868,13:25,ATLANTIQUE,PARIS (intramuros),LOIREPARIS,FRPMO,11:44,FRACL
4766,2023-06-12,ST BRIEUC,OUI,8680,07:02,ATLANTIQUE,LAVAL,BRETAPARIS,FRACR,05:38,FRSBK
4767,2023-06-12,ST BRIEUC,NON,8680,08:20,ATLANTIQUE,PARIS (intramuros),BRETAPARIS,FRPMO,05:38,FRSBK
4768,2023-06-12,DIJON VILLE,NON,6703,12:39,SUD EST,MULHOUSE VILLE,PABOUR,FRAEK,11:04,FRABA
4769,2023-06-12,BELFORT-MONTBELIARD TGV,NON,6703,12:39,SUD EST,MULHOUSE VILLE,PABOUR,FRAEK,12:10,FRTJA
4770,2023-06-12,DIJON VILLE,OUI,9896,20:16,EST,BESANCON - F COMTE TGV,JCRHONRHIN,FRTJB,19:49,FRABA
4771,2023-06-12,AIX EN PROVENCE TGV,NON,9896,22:07,EST,STRASBOURG,JCRHONRHIN,FRAEG,16:11,FRAIE
4772,2023-06-12,AVIGNON TGV,NON,9896,19:39,EST,DIJON VILLE,JCRHONRHIN,FRABA,16:33,FRAVG
4773,2023-06-12,AVIGNON TGV,NON,9896,20:40,EST,BELFORT-MONTBELIARD TGV,JCRHONRHIN,FRTJA,16:33,FRAVG
4774,2023-06-12,AVIGNON TGV,NON,9896,20:16,EST,BESANCON - F COMTE TGV,JCRHONRHIN,FRTJB,16:33,FRAVG
4775,2023-06-12,LYON (intramuros),NON,9896,20:16,EST,BESANCON - F COMTE TGV,JCRHONRHIN,FRTJB,18:00,FRLPD
4776,2023-06-12,MARSEILLE ST CHARLES,NON,9896,20:40,EST,BELFORT-MONTBELIARD TGV,JCRHONRHIN,FRTJA,15:56,FRMSC
4777,2023-06-12,MARSEILLE ST CHARLES,NON,9896,20:16,EST,BESANCON - F COMTE TGV,JCRHONRHIN,FRTJB,15:56,FRMSC
4778,2023-06-12,BESANCON - F COMTE TGV,OUI,9896,22:07,EST,STRASBOURG,JCRHONRHIN,FRAEG,20:19,FRTJB
4779,2023-06-12,VALENCE TGV RHONE-ALPES SUD,NON,9896,19:39,EST,DIJON VILLE,JCRHONRHIN,FRABA,17:13,FRVLA
4780,2023-06-12,VALENCE TGV RHONE-ALPES SUD,NON,9896,22:07,EST,STRASBOURG,JCRHONRHIN,FRAEG,17:13,FRVLA
4781,2023-06-12,VALENCE TGV RHONE-ALPES SUD,NON,9896,17:51,EST,LYON (intramuros),JCRHONRHIN,FRLPD,17:13,FRVLA
4782,2023-06-12,NICE VILLE,NON,6180,19:55,SUD EST,AVIGNON TGV,AZURPA,FRAVG,16:57,FRNIC
4783,2023-06-12,NICE VILLE,OUI,6180,18:44,SUD EST,TOULON,AZURPA,FRTLN,16:57,FRNIC
4784,2023-06-12,ANTIBES,NON,6180,22:38,SUD EST,PARIS (intramuros),AZURPA,FRPLY,17:18,FRXAT
4785,2023-06-12,NIMES,NON,6873,19:51,SUD EST,LYON (intramuros),JCSUDPROV,FRLPD,18:25,FRFNI
4786,2023-06-12,MONTPELLIER SAINT-ROCH,NON,6873,18:22,SUD EST,NIMES,JCSUDPROV,FRFNI,17:58,FRMPL
4787,2023-06-12,MONTPELLIER SAINT-ROCH,NON,6873,19:51,SUD EST,LYON (intramuros),JCSUDPROV,FRLPD,17:58,FRMPL
4788,2023-06-12,NARBONNE,OUI,6873,17:11,SUD EST,BEZIERS,JCSUDPROV,FRBZR,16:58,FRXNA
4789,2023-06-12,NARBONNE,NON,6873,19:10,SUD EST,VALENCE TGV RHONE-ALPES SUD,JCSUDPROV,FRVLA,16:58,FRXNA
4790,2023-06-12,TOULOUSE MATABIAU,OUI,6873,16:24,SUD EST,CARCASSONNE,JCSUDPROV,FRCCF,15:43,FRXYT
4791,2023-06-12,TOULOUSE MATABIAU,OUI,6873,16:55,SUD EST,NARBONNE,JCSUDPROV,FRXNA,15:43,FRXYT
4792,2023-06-12,STRASBOURG,NON,9563,18:18,INTERNATIONAL,MANNHEIM HBF,PAFRANC,DEMHG,17:13,FRAEG
4793,2023-06-12,STRASBOURG,NON,9563,17:53,INTERNATIONAL,KARLSRUHE HBF,PAFRANC,DEQKA,17:13,FRAEG
4794,2023-06-12,CANNES,OUI,6175,15:38,SUD EST,ANTIBES,PAAZUR,FRXAT,15:30,FRJCA
4795,2023-06-12,MARSEILLE ST CHARLES,NON,6175,14:11,SUD EST,TOULON,PAAZUR,FRTLN,13:28,FRMSC
4796,2023-06-12,MARSEILLE ST CHARLES,NON,6175,14:48,SUD EST,LES ARCS DRAGUIGNAN,PAAZUR,FRXRS,13:28,FRMSC
4797,2023-06-12,PARIS (intramuros),NON,6175,13:14,SUD EST,MARSEILLE ST CHARLES,PAAZUR,FRMSC,10:08,FRPLY
4798,2023-06-12,PARIS (intramuros),NON,6175,14:48,SUD EST,LES ARCS DRAGUIGNAN,PAAZUR,FRXRS,10:08,FRPLY
4799,2023-06-12,TOULON,OUI,6175,14:48,SUD EST,LES ARCS DRAGUIGNAN,PAAZUR,FRXRS,14:15,FRTLN
4800,2023-06-12,ANTIBES,OUI,6175,15:57,SUD EST,NICE VILLE,PAAZUR,FRNIC,15:41,FRXAT
4801,2023-06-12,ANGERS ST LAUD,NON,8140,09:12,ATLANTIQUE,PARIS (intramuros),LOIREPARIS,FRPMO,07:44,FRACL
4802,2023-06-12,ANGOULEME,NON,5284,16:27,NORD,MARNE LA VALLEE CHESSY,JCAQUINORD,FRMLV,13:36,FRANG
4803,2023-06-12,BORDEAUX ST JEAN,NON,5284,16:41,NORD,AEROPORT CDG2 TGV ROISSY,JCAQUINORD,FRMLW,12:58,FRBOJ
4804,2023-06-12,BORDEAUX ST JEAN,NON,5284,14:50,NORD,ST PIERRE DES CORPS,JCAQUINORD,FRXSH,12:58,FRBOJ
4805,2023-06-12,AEROPORT CDG2 TGV ROISSY,NON,5284,17:15,NORD,TGV HAUTE PICARDIE,JCAQUINORD,FRTHP,16:47,FRMLW
4806,2023-06-12,POITIERS,NON,5284,15:49,NORD,MASSY TGV,JCAQUINORD,FRDJU,14:19,FRPIS
4807,2023-06-12,TGV HAUTE PICARDIE,OUI,5284,17:57,NORD,LILLE (intramuros),JCAQUINORD,FRLLE,17:31,FRTHP
4808,2023-06-12,ST PIERRE DES CORPS,NON,5284,16:41,NORD,AEROPORT CDG2 TGV ROISSY,JCAQUINORD,FRMLW,14:54,FRXSH
4809,2023-06-12,PARIS (intramuros),OUI,7355,10:04,NORD,DUNKERQUE,PAARRAS,FRADI,07:52,FRPNO
4810,2023-06-12,PARIS (intramuros),OUI,7355,09:39,NORD,HAZEBROUCK,PAARRAS,FRHZK,07:52,FRPNO
4811,2023-06-12,PARIS (intramuros),OUI,7355,08:40,NORD,ARRAS,PAARRAS,FRQRV,07:52,FRPNO
4812,2023-06-12,PARIS (intramuros),OUI,7355,09:02,NORD,LENS,PAARRAS,FRXLE,07:52,FRPNO
4813,2023-06-12,PARIS (intramuros),NON,6047,09:45,SUD EST,NIMES PONT DU GARD,PALANG,FRXZP,06:54,FRPLY
4814,2023-06-12,MACON LOCHE TGV,NON,6941,15:36,SUD EST,CHAMBERY CHALLES LES EAUX,PARISALPES,FRCMF,14:20,FRMLT
4815,2023-06-12,MACON LOCHE TGV,NON,6941,16:32,SUD EST,ANNECY,PARISALPES,FRNCY,14:20,FRMLT
4816,2023-06-12,PARIS (intramuros),NON,6941,15:36,SUD EST,CHAMBERY CHALLES LES EAUX,PARISALPES,FRCMF,12:44,FRPLY
4817,2023-06-12,LYON (intramuros),NON,5192,17:47,NORD,MARNE LA VALLEE CHESSY,JCSUDNORD,FRMLV,16:00,FRLPD
4818,2023-06-12,LYON (intramuros),NON,5192,19:44,NORD,LILLE (intramuros),JCSUDNORD,FRADJ,15:46,FRLPE
4819,2023-06-12,MARNE LA VALLEE CHESSY,NON,5192,19:14,NORD,DOUAI,JCSUDNORD,FRXDN,17:51,FRMLV
4820,2023-06-12,TGV HAUTE PICARDIE,NON,5192,19:44,NORD,LILLE (intramuros),JCSUDNORD,FRADJ,18:39,FRTHP
4821,2023-06-12,DIJON VILLE,NON,2203,12:24,EST,NIMES,JCRHINRHON,FRFNI,09:21,FRABA
4822,2023-06-12,STRASBOURG,OUI,2203,07:13,EST,COLMAR,JCRHINRHON,FRAEJ,06:47,FRAEG
4823,2023-06-12,COLMAR,NON,2203,12:24,EST,NIMES,JCRHINRHON,FRFNI,07:16,FRAEJ
4824,2023-06-12,MULHOUSE VILLE,NON,2203,12:24,EST,NIMES,JCRHINRHON,FRFNI,07:52,FRAEK
4825,2023-06-12,MULHOUSE VILLE,NON,2203,10:56,EST,LYON (intramuros),JCRHINRHON,FRLPD,07:52,FRAEK
4826,2023-06-12,MULHOUSE VILLE,NON,2203,08:14,EST,BELFORT-MONTBELIARD TGV,JCRHINRHON,FRTJA,07:52,FRAEK
4827,2023-06-12,MULHOUSE VILLE,NON,2203,08:38,EST,BESANCON - F COMTE TGV,JCRHINRHON,FRTJB,07:52,FRAEK
4828,2023-06-12,BELFORT-MONTBELIARD TGV,NON,2203,08:38,EST,BESANCON - F COMTE TGV,JCRHINRHON,FRTJB,08:17,FRTJA
4829,2023-06-12,BESANCON - F COMTE TGV,NON,2203,12:55,EST,MONTPELLIER SAINT-ROCH,JCRHINRHON,FRMPL,08:41,FRTJB
4830,2023-06-12,BESANCON - F COMTE TGV,NON,2203,09:54,EST,CHALON SUR SAONE,JCRHINRHON,FRXCD,08:41,FRTJB
4831,2023-06-12,CHALON SUR SAONE,NON,2203,12:55,EST,MONTPELLIER SAINT-ROCH,JCRHINRHON,FRMPL,09:56,FRXCD
4832,2023-06-12,TOURS,OUI,8310,08:19,ATLANTIQUE,ST PIERRE DES CORPS,ROCHELLEPA,FRXSH,08:13,FRAFW
4833,2023-06-12,ST PIERRE DES CORPS,NON,8310,09:33,ATLANTIQUE,PARIS (intramuros),ROCHELLEPA,FRPMO,08:25,FRXSH
4834,2023-06-12,PERPIGNAN,OUI,6260,19:26,SUD EST,SETE,LANGPA,FRXSY,18:04,FRPGF
4835,2023-06-12,NARBONNE,NON,6260,23:05,SUD EST,PARIS (intramuros),LANGPA,FRPLY,18:43,FRXNA
4836,2023-06-12,MONTPELLIER SUD DE FRANCE,NON,6260,23:05,SUD EST,PARIS (intramuros),LANGPA,FRPLY,19:50,FRSUF
4837,2023-06-12,NIMES PONT DU GARD,NON,6260,20:48,SUD EST,VALENCE TGV RHONE-ALPES SUD,LANGPA,FRVLA,20:12,FRXZP
4838,2023-06-12,PERPIGNAN,NON,6260,20:09,SUD EST,NIMES PONT DU GARD,LANGPA,FRXZP,18:04,FRPGF
4839,2023-06-12,LAVAL,OUI,5336,13:27,SUD EST,LE MANS,JCATLSUD,FRAET,12:58,FRACR
4840,2023-06-12,LAVAL,NON,5336,16:30,SUD EST,LYON (intramuros),JCATLSUD,FRLPD,12:58,FRACR
4841,2023-06-12,MASSY TGV,NON,5336,16:30,SUD EST,LYON (intramuros),JCATLSUD,FRLPD,14:26,FRDJU
4842,2023-06-12,RENNES,NON,5336,16:30,SUD EST,LYON (intramuros),JCATLSUD,FRLPD,12:30,FRRNS
4843,2023-06-12,LA ROCHELLE VILLE,NON,3833,14:03,IC SRO,ROCHEFORT,NANTEBORDO,FRRCO,13:43,FRLRH
4844,2023-06-12,NANTES,NON,3833,14:32,IC SRO,SAINTES,NANTEBORDO,FRXST,11:55,FRNTE
4845,2023-06-12,ROCHEFORT,NON,3833,14:32,IC SRO,SAINTES,NANTEBORDO,FRXST,14:05,FRRCO
4846,2023-06-12,LA ROCHE SUR YON,NON,3833,14:03,IC SRO,ROCHEFORT,NANTEBORDO,FRRCO,12:36,FRXRO
4847,2023-06-12,SAINTES,NON,3833,16:08,IC SRO,BORDEAUX ST JEAN,NANTEBORDO,FRBOJ,14:34,FRXST
4848,2023-06-12,SAINTES,NON,3833,15:10,IC SRO,JONZAC,NANTEBORDO,FREMR,14:34,FRXST
4849,2023-06-12,BELFORT-MONTBELIARD TGV,NON,6708,19:02,SUD EST,DIJON VILLE,BOURPA,FRABA,18:11,FRTJA
4850,2023-06-12,BELFORT-MONTBELIARD TGV,NON,6708,20:42,SUD EST,PARIS (intramuros),BOURPA,FRPLY,18:11,FRTJA
4851,2023-06-12,BESANCON - F COMTE TGV,NON,6708,19:02,SUD EST,DIJON VILLE,BOURPA,FRABA,18:34,FRTJB
4852,2023-06-12,BORDEAUX ST JEAN,OUI,4665,19:58,IC ARO,NARBONNE,TJOURSOSE,FRXNA,16:28,FRBOJ
4853,2023-06-12,MONTAUBAN VILLE BOURBON,OUI,4665,18:40,IC ARO,TOULOUSE MATABIAU,TJOURSOSE,FRXYT,18:09,FRXMW
4854,2023-06-12,AIX EN PROVENCE TGV,OUI,6127,21:59,SUD EST,MARSEILLE ST CHARLES,PAPROVENCE,FRMSC,21:47,FRAIE
4855,2023-06-12,AIX EN PROVENCE TGV,OUI,6116,12:37,SUD EST,AVIGNON TGV,PROVENCEPA,FRAVG,12:18,FRAIE
4856,2023-06-12,AIX EN PROVENCE TGV,NON,6116,15:22,SUD EST,PARIS (intramuros),PROVENCEPA,FRPLY,12:18,FRAIE
4857,2023-06-12,MARSEILLE ST CHARLES,OUI,6116,12:37,SUD EST,AVIGNON TGV,PROVENCEPA,FRAVG,12:04,FRMSC
4858,2023-06-12,ANGERS ST LAUD,NON,5320,21:47,SUD EST,LYON (intramuros),JCATLSUD,FRLPE,17:44,FRACL
4859,2023-06-12,LE MANS,NON,5320,21:30,SUD EST,LYON (intramuros),JCATLSUD,FRLPD,18:30,FRAET
4860,2023-06-12,NANTES,NON,5320,17:41,SUD EST,ANGERS ST LAUD,JCATLSUD,FRACL,17:05,FRNTE
4861,2023-06-12,NANTES,NON,5320,18:24,SUD EST,LE MANS,JCATLSUD,FRAET,17:05,FRNTE
4862,2023-06-12,AGEN,NON,8501,10:29,ATLANTIQUE,TOULOUSE MATABIAU,PASUDOUEST,FRXYT,09:24,FRAGF
4863,2023-06-12,LIMOGES BENEDICTINS,OUI,3674,19:46,IC ARO,VIERZON VILLE,TOULOUZECO,FRXVZ,17:57,FRAGQ
4864,2023-06-12,BRIVE LA GAILLARDE,OUI,3674,18:54,IC ARO,ARGENTON SUR CREUSE,TOULOUZECO,FRFMT,16:54,FRBVE
4865,2023-06-12,BRIVE LA GAILLARDE,OUI,3674,21:21,IC ARO,PARIS (intramuros),TOULOUZECO,FRPAZ,16:54,FRBVE
4866,2023-06-12,ARGENTON SUR CREUSE,OUI,3674,19:46,IC ARO,VIERZON VILLE,TOULOUZECO,FRXVZ,18:55,FRFMT
4867,2023-06-12,LA SOUTERRAINE,OUI,3674,19:10,IC ARO,CHATEAUROUX,TOULOUZECO,FRCHR,18:31,FRLST
4868,2023-06-12,CLERMONT FERRAND,OUI,5990,22:57,IC ARO,PARIS (intramuros),CLERMONTPA,FRPBE,19:05,FRCFE
4869,2023-06-12,RIOM CHATEL GUYON,OUI,5990,20:09,IC ARO,MOULINS SUR ALLIER,CLERMONTPA,FRXMU,19:15,FRRIO
4870,2023-06-12,DIJON VILLE,NON,6745,19:27,SUD EST,BESANCON VIOTTE,PABOUR,FRABG,18:39,FRABA
4871,2023-06-12,PARIS (intramuros),NON,6745,19:01,SUD EST,DOLE VILLE,PABOUR,FRACE,16:50,FRPLY
4872,2023-06-12,MULHOUSE VILLE,NON,6706,18:42,SUD EST,PARIS (intramuros),BOURPA,FRPLY,15:40,FRAEK
4873,2023-06-12,BELFORT-MONTBELIARD TGV,NON,6706,16:25,SUD EST,BESANCON - F COMTE TGV,BOURPA,FRTJB,16:05,FRTJA
4874,2023-06-12,BESANCON - F COMTE TGV,NON,6706,16:56,SUD EST,DIJON VILLE,BOURPA,FRABA,16:28,FRTJB
4875,2023-06-12,LIMOGES BENEDICTINS,OUI,3645,19:31,IC ARO,SOUILLAC,PALITO,FRSOU,18:05,FRAGQ
4876,2023-06-12,LIMOGES BENEDICTINS,OUI,3645,20:54,IC ARO,MONTAUBAN VILLE BOURBON,PALITO,FRXMW,18:05,FRAGQ
4877,2023-06-12,CHATEAUROUX,OUI,3645,19:46,IC ARO,GOURDON,PALITO,FRFSI,16:50,FRCHR
4878,2023-06-12,CHATEAUROUX,OUI,3645,19:31,IC ARO,SOUILLAC,PALITO,FRSOU,16:50,FRCHR
4879,2023-06-12,CHATEAUROUX,OUI,3645,20:13,IC ARO,CAHORS,PALITO,FRZAO,16:50,FRCHR
4880,2023-06-12,GOURDON,OUI,3645,20:39,IC ARO,CAUSSADE TARN ET GARONNE,PALITO,FRFTA,19:47,FRFSI
4881,2023-06-12,GOURDON,OUI,3645,20:13,IC ARO,CAHORS,PALITO,FRZAO,19:47,FRFSI
4882,2023-06-12,LES AUBRAIS ORLEANS,OUI,3645,19:06,IC ARO,BRIVE LA GAILLARDE,PALITO,FRBVE,15:42,FRLAB
4883,2023-06-12,LES AUBRAIS ORLEANS,OUI,3645,19:46,IC ARO,GOURDON,PALITO,FRFSI,15:42,FRLAB
4884,2023-06-12,LES AUBRAIS ORLEANS,OUI,3645,21:27,IC ARO,TOULOUSE MATABIAU,PALITO,FRXYT,15:42,FRLAB
4885,2023-06-12,LA SOUTERRAINE,OUI,3645,21:27,IC ARO,TOULOUSE MATABIAU,PALITO,FRXYT,17:27,FRLST
4886,2023-06-12,PARIS (intramuros),OUI,3645,16:48,IC ARO,CHATEAUROUX,PALITO,FRCHR,14:39,FRPAZ
4887,2023-06-12,PARIS (intramuros),OUI,3645,17:25,IC ARO,LA SOUTERRAINE,PALITO,FRLST,14:39,FRPAZ
4888,2023-06-12,PARIS (intramuros),OUI,3645,20:54,IC ARO,MONTAUBAN VILLE BOURBON,PALITO,FRXMW,14:39,FRPAZ
4889,2023-06-12,SOUILLAC,OUI,3645,21:27,IC ARO,TOULOUSE MATABIAU,PALITO,FRXYT,19:32,FRSOU
4890,2023-06-12,SOUILLAC,OUI,3645,20:13,IC ARO,CAHORS,PALITO,FRZAO,19:32,FRSOU
4891,2023-06-12,VIERZON VILLE,OUI,3645,18:02,IC ARO,LIMOGES BENEDICTINS,PALITO,FRAGQ,16:17,FRXVZ
4892,2023-06-12,VIERZON VILLE,OUI,3645,19:31,IC ARO,SOUILLAC,PALITO,FRSOU,16:17,FRXVZ
4893,2023-06-12,CAHORS,OUI,3645,20:39,IC ARO,CAUSSADE TARN ET GARONNE,PALITO,FRFTA,20:15,FRZAO
4894,2023-06-12,CAHORS,OUI,3645,21:27,IC ARO,TOULOUSE MATABIAU,PALITO,FRXYT,20:15,FRZAO
4895,2023-06-12,LA SOUTERRAINE,OUI,3645,20:39,IC ARO,CAUSSADE TARN ET GARONNE,PALITO,FRFTA,17:27,FRLST
4896,2023-06-12,RENNES,OUI,8087,16:14,ATLANTIQUE,ST MALO,PARISBRETA,FRXSB,15:32,FRRNS
4897,2023-06-12,LILLE (intramuros),NON,5102,10:33,NORD,AIX EN PROVENCE TGV,JCNORDSUD,FRAIE,06:00,FRLLE
4898,2023-06-12,LILLE (intramuros),NON,5102,09:00,NORD,LYON (intramuros),JCNORDSUD,FRLPD,06:00,FRLLE
4899,2023-06-12,LILLE (intramuros),NON,5102,07:06,NORD,MARNE LA VALLEE CHESSY,JCNORDSUD,FRMLV,06:00,FRLLE
4900,2023-06-12,LYON (intramuros),NON,5102,10:11,NORD,AVIGNON TGV,JCNORDSUD,FRAVG,09:06,FRLPD
4901,2023-06-12,AEROPORT CDG2 TGV ROISSY,NON,5102,10:33,NORD,AIX EN PROVENCE TGV,JCNORDSUD,FRAIE,06:56,FRMLW
4902,2023-06-12,AEROPORT CDG2 TGV ROISSY,NON,5102,09:00,NORD,LYON (intramuros),JCNORDSUD,FRLPD,06:56,FRMLW
4903,2023-06-12,AEROPORT CDG2 TGV ROISSY,OUI,5102,07:06,NORD,MARNE LA VALLEE CHESSY,JCNORDSUD,FRMLV,06:56,FRMLW
4904,2023-06-12,PARIS (intramuros),NON,6051,14:59,SUD EST,MONTPELLIER SUD DE FRANCE,PALANG,FRSUF,11:44,FRPLY
4905,2023-06-12,VALENCE TGV RHONE-ALPES SUD,NON,6051,14:36,SUD EST,NIMES PONT DU GARD,PALANG,FRXZP,14:00,FRVLA
4906,2023-06-12,CARCASSONNE,OUI,6825,22:19,SUD EST,TOULOUSE MATABIAU,JCPROVSUD,FRXYT,21:37,FRCCF
4907,2023-06-12,NIMES,OUI,6825,21:04,SUD EST,NARBONNE,JCPROVSUD,FRXNA,19:40,FRFNI
4908,2023-06-12,NIMES,OUI,6825,20:23,SUD EST,SETE,JCPROVSUD,FRXSY,19:40,FRFNI
4909,2023-06-12,VALENCE TGV RHONE-ALPES SUD,NON,6825,20:05,SUD EST,MONTPELLIER SAINT-ROCH,JCPROVSUD,FRMPL,18:53,FRVLA
4910,2023-06-12,NARBONNE,OUI,6825,22:19,SUD EST,TOULOUSE MATABIAU,JCPROVSUD,FRXYT,21:07,FRXNA
4911,2023-06-12,PARIS (intramuros),OUI,8931,20:16,ATLANTIQUE,ANGERS ST LAUD,PARISLOIRE,FRACL,18:48,FRPMO
4912,2023-06-12,PARIS (intramuros),OUI,8931,21:55,ATLANTIQUE,LA BAULE ESCOUBLAC,PARISLOIRE,FRJEE,18:48,FRPMO
4913,2023-06-12,PARIS (intramuros),OUI,8931,19:54,ATLANTIQUE,SABLE SUR SARTHE,PARISLOIRE,FRSAB,18:48,FRPMO
4914,2023-06-12,SABLE SUR SARTHE,OUI,8931,20:16,ATLANTIQUE,ANGERS ST LAUD,PARISLOIRE,FRACL,19:56,FRSAB
4915,2023-06-12,SABLE SUR SARTHE,OUI,8931,21:39,ATLANTIQUE,ST NAZAIRE,PARISLOIRE,FRSNR,19:56,FRSAB
4916,2023-06-12,MULHOUSE VILLE,NON,9219,20:26,INTERNATIONAL,ZUERICH HB,PABALZUR,CHAJD,19:06,FRAEK
4917,2023-06-12,PARIS (intramuros),NON,9219,20:26,INTERNATIONAL,ZUERICH HB,PABALZUR,CHAJD,16:20,FRPLY
4918,2023-06-12,PARIS (intramuros),NON,9219,19:03,INTERNATIONAL,MULHOUSE VILLE,PABALZUR,FRAEK,16:20,FRPLY
4919,2023-06-12,BELFORT-MONTBELIARD TGV,NON,9219,20:26,INTERNATIONAL,ZUERICH HB,PABALZUR,CHAJD,18:41,FRTJA
4920,2023-06-12,TARBES,NON,8581,13:40,ATLANTIQUE,BORDEAUX ST JEAN,SUDOUESTPA,FRBOJ,10:36,FRXTB
4921,2023-06-12,BEZIERS,OUI,6271,11:56,SUD EST,PERPIGNAN,PALANG,FRPGF,11:06,FRBZR
4922,2023-06-12,SETE,OUI,6271,11:03,SUD EST,BEZIERS,PALANG,FRBZR,10:34,FRXSY
4923,2023-06-12,SETE,OUI,6271,11:56,SUD EST,PERPIGNAN,PALANG,FRPGF,10:34,FRXSY
4924,2023-06-12,MONTPELLIER SUD DE FRANCE,OUI,6271,11:56,SUD EST,PERPIGNAN,PALANG,FRPGF,10:17,FRSUF
4925,2023-06-12,NIMES PONT DU GARD,NON,6271,11:03,SUD EST,BEZIERS,PALANG,FRBZR,09:48,FRXZP
4926,2023-06-12,NICE VILLE,OUI,6168,17:44,SUD EST,TOULON,AZURPA,FRTLN,16:01,FRNIC
4927,2023-06-12,ANTIBES,OUI,6168,16:28,SUD EST,CANNES,AZURPA,FRJCA,16:17,FRXAT
4928,2023-06-12,ST RAPHAEL VALESCURE,OUI,6168,18:33,SUD EST,MARSEILLE ST CHARLES,AZURPA,FRMSC,16:58,FRXSK
4929,2023-06-12,ST RAPHAEL VALESCURE,NON,6168,21:50,SUD EST,PARIS (intramuros),AZURPA,FRPLY,16:58,FRXSK
4930,2023-06-12,ST RAPHAEL VALESCURE,OUI,6168,17:44,SUD EST,TOULON,AZURPA,FRTLN,16:58,FRXSK
4931,2023-06-12,RENNES,OUI,8731,21:28,ATLANTIQUE,QUIMPER,PARISBRETA,FRUIP,19:29,FRRNS
4932,2023-06-12,VANNES,OUI,8731,21:28,ATLANTIQUE,QUIMPER,PARISBRETA,FRUIP,20:27,FRVNE
4933,2023-06-12,MASSY TGV,NON,8418,19:24,ATLANTIQUE,PARIS (intramuros),SUDOUESTPA,FRPMO,19:12,FRDJU
4934,2023-06-12,DAX,OUI,8541,16:05,ATLANTIQUE,BAYONNE,PASUDOUEST,FRXBY,15:37,FRACG
4935,2023-06-12,BORDEAUX ST JEAN,NON,8541,16:47,ATLANTIQUE,HENDAYE,PASUDOUEST,FRAEF,14:21,FRBOJ
4936,2023-06-12,PARIS (intramuros),NON,8541,16:05,ATLANTIQUE,BAYONNE,PASUDOUEST,FRXBY,12:08,FRPMO
4937,2023-06-12,NANTES,NON,8886,21:23,ATLANTIQUE,LE MANS,LOIREPARIS,FRAET,20:05,FRNTE
4938,2023-06-12,NANTES,NON,8886,22:25,ATLANTIQUE,PARIS (intramuros),LOIREPARIS,FRPMO,20:05,FRNTE
4939,2023-06-12,BRUXELLES MIDI BRUSSEL ZUID,NON,9812,12:00,NORD,LYON (intramuros),JCNORDSUD,FRLPD,08:17,BEBMI
4940,2023-06-12,BRUXELLES MIDI BRUSSEL ZUID,NON,9812,10:08,NORD,MARNE LA VALLEE CHESSY,JCNORDSUD,FRMLV,08:17,BEBMI
4941,2023-06-12,BRUXELLES MIDI BRUSSEL ZUID,NON,9812,12:45,NORD,VALENCE TGV RHONE-ALPES SUD,JCNORDSUD,FRVLA,08:17,BEBMI
4942,2023-06-12,LILLE (intramuros),NON,9812,13:35,NORD,NIMES,JCNORDSUD,FRFNI,09:03,FRLLE
4943,2023-06-12,LILLE (intramuros),NON,9812,14:03,NORD,MONTPELLIER SAINT-ROCH,JCNORDSUD,FRMPL,09:03,FRLLE
4944,2023-06-12,LYON (intramuros),OUI,9812,14:03,NORD,MONTPELLIER SAINT-ROCH,JCNORDSUD,FRMPL,12:06,FRLPD
4945,2023-06-12,MARNE LA VALLEE CHESSY,NON,9812,12:45,NORD,VALENCE TGV RHONE-ALPES SUD,JCNORDSUD,FRVLA,10:13,FRMLV
4946,2023-06-12,AEROPORT CDG2 TGV ROISSY,OUI,9868,19:57,NORD,LILLE (intramuros),JCSUDNORD,FRLLE,19:07,FRMLW
4947,2023-06-12,MARSEILLE ST CHARLES,OUI,9868,15:21,NORD,AIX EN PROVENCE TGV,JCSUDNORD,FRAIE,15:11,FRMSC
4948,2023-06-12,AGEN,OUI,4655,10:15,IC ARO,BEZIERS,TJOURSOSE,FRBZR,07:31,FRAGF
4949,2023-06-12,AGEN,OUI,4655,08:06,IC ARO,MONTAUBAN VILLE BOURBON,TJOURSOSE,FRXMW,07:31,FRAGF
4950,2023-06-12,AGEN,OUI,4655,08:40,IC ARO,TOULOUSE MATABIAU,TJOURSOSE,FRXYT,07:31,FRAGF
4951,2023-06-12,BORDEAUX ST JEAN,OUI,4655,07:29,IC ARO,AGEN,TJOURSOSE,FRAGF,06:27,FRBOJ
4952,2023-06-12,BORDEAUX ST JEAN,OUI,4655,10:15,IC ARO,BEZIERS,TJOURSOSE,FRBZR,06:27,FRBOJ
4953,2023-06-12,BORDEAUX ST JEAN,OUI,4655,10:54,IC ARO,MONTPELLIER SAINT-ROCH,TJOURSOSE,FRMPL,06:27,FRBOJ
4954,2023-06-12,BORDEAUX ST JEAN,OUI,4655,12:35,IC ARO,MARSEILLE ST CHARLES,TJOURSOSE,FRMSC,06:27,FRBOJ
4955,2023-06-12,CARCASSONNE,OUI,4655,11:21,IC ARO,NIMES,TJOURSOSE,FRFNI,09:29,FRCCF
4956,2023-06-12,NARBONNE,OUI,4655,11:21,IC ARO,NIMES,TJOURSOSE,FRFNI,10:01,FRXNA
4957,2023-06-12,STRASBOURG,OUI,2584,06:46,EST,LUNEVILLE,NANCYPA,FRLNE,05:41,FRAEG
4958,2023-06-12,STRASBOURG,NON,2584,08:46,EST,PARIS (intramuros),NANCYPA,FRPST,05:41,FRAEG
4959,2023-06-12,LUNEVILLE,NON,2584,08:46,EST,PARIS (intramuros),NANCYPA,FRPST,06:49,FRLNE
4960,2023-06-12,SARREBOURG,OUI,2584,07:09,EST,NANCY,NANCYPA,FRENC,06:24,FRSBG
4961,2023-06-12,SARREBOURG,NON,2584,08:46,EST,PARIS (intramuros),NANCYPA,FRPST,06:24,FRSBG
4962,2023-06-12,MONTPELLIER SAINT-ROCH,OUI,6036,18:14,SUD EST,NIMES,LANGPA,FRFNI,17:50,FRMPL
4963,2023-06-12,PAU,NON,14150,18:36,IC SRO,LOURDES,SUDOUEST,FRLDE,18:11,FRAEE
4964,2023-06-12,PAU,NON,14150,18:52,IC SRO,TARBES,SUDOUEST,FRXTB,18:11,FRAEE
4965,2023-06-12,ORTHEZ,NON,14150,18:36,IC SRO,LOURDES,SUDOUEST,FRLDE,17:47,FRGFI
4966,2023-06-12,ANGERS ST LAUD,NON,5482,10:55,EST,MARNE LA VALLEE CHESSY,JCATLEST,FRMLV,08:48,FRACL
4967,2023-06-12,LE MANS,NON,5482,12:32,EST,LORRAINE TGV,JCATLEST,FREAM,09:30,FRAET
4968,2023-06-12,LE MANS,NON,5482,10:55,EST,MARNE LA VALLEE CHESSY,JCATLEST,FRMLV,09:30,FRAET
4969,2023-06-12,CHAMPAGNE-ARDENNE,NON,5482,12:32,EST,LORRAINE TGV,JCATLEST,FREAM,11:55,FREAH
4970,2023-06-12,LORRAINE TGV,OUI,5482,13:12,EST,STRASBOURG,JCATLEST,FRAEG,12:35,FREAM
4971,2023-06-12,MARNE LA VALLEE CHESSY,NON,5482,11:09,EST,AEROPORT CDG2 TGV ROISSY,JCATLEST,FRMLW,11:00,FRMLV
4972,2023-06-12,NANTES,NON,5482,10:55,EST,MARNE LA VALLEE CHESSY,JCATLEST,FRMLV,08:09,FRNTE
4973,2023-06-12,AGEN,NON,8502,10:52,ATLANTIQUE,PARIS (intramuros),SUDOUESTPA,FRPMO,07:35,FRAGF
4974,2023-06-12,TOULOUSE MATABIAU,OUI,8502,06:54,ATLANTIQUE,MONTAUBAN VILLE BOURBON,SUDOUESTPA,FRXMW,06:23,FRXYT
4975,2023-06-12,STRASBOURG,NON,2454,19:27,EST,CHAMPAGNE-ARDENNE,MULHSTRAPA,FREAH,18:19,FRAEG
4976,2023-06-12,NANTES,OUI,8874,13:41,ATLANTIQUE,ANGERS ST LAUD,LOIREPARIS,FRACL,13:05,FRNTE
4977,2023-06-12,NANTES,OUI,8874,14:23,ATLANTIQUE,LE MANS,LOIREPARIS,FRAET,13:05,FRNTE
4978,2023-06-12,AVIGNON TGV,NON,6136,09:22,SUD EST,PARIS (intramuros),PROVENCEPA,FRPLY,06:41,FRAVG
4979,2023-06-12,MARSEILLE ST CHARLES,NON,6136,09:22,SUD EST,PARIS (intramuros),PROVENCEPA,FRPLY,06:04,FRMSC
4980,2023-06-12,LYON-SAINT EXUPERY TGV,NON,6922,19:46,SUD EST,PARIS (intramuros),GRENOBLEPA,FRPLY,17:54,FRJDQ
4981,2023-06-12,SURGERES,OUI,8391,21:21,ATLANTIQUE,LA ROCHELLE VILLE,PAROCHELLE,FRLRH,21:00,FREIP
4982,2023-06-12,POITIERS,OUI,8391,20:37,ATLANTIQUE,NIORT,PAROCHELLE,FRNIT,19:49,FRPIS
4983,2023-06-12,PARIS (intramuros),OUI,8391,20:58,ATLANTIQUE,SURGERES,PAROCHELLE,FREIP,18:24,FRPMO
4984,2023-06-12,PARIS (intramuros),OUI,8391,20:18,ATLANTIQUE,ST MAIXENT DEUX SEVRES,PAROCHELLE,FREJC,18:24,FRPMO
4985,2023-06-12,PARIS (intramuros),OUI,8391,21:21,ATLANTIQUE,LA ROCHELLE VILLE,PAROCHELLE,FRLRH,18:24,FRPMO
4986,2023-06-12,PARIS (intramuros),OUI,8343,18:34,ATLANTIQUE,POITIERS,PAROCHELLE,FRPIS,16:57,FRPMO
4987,2023-06-12,LYON (intramuros),NON,6696,19:34,SUD EST,PARIS (intramuros),RHONEPARIS,FRPLY,17:38,FRLPD
4988,2023-06-12,BORDEAUX ST JEAN,NON,8404,09:43,ATLANTIQUE,MASSY TGV,SUDOUESTPA,FRDJU,07:45,FRBOJ
4989,2023-06-12,MASSY TGV,OUI,8404,09:57,ATLANTIQUE,PARIS (intramuros),SUDOUESTPA,FRPMO,09:46,FRDJU
4990,2023-06-12,BASEL SBB,NON,9206,11:38,INTERNATIONAL,PARIS (intramuros),ZURBALPA,FRPLY,08:34,CHAJP
4991,2023-06-12,MULHOUSE VILLE,NON,9206,09:17,INTERNATIONAL,BELFORT-MONTBELIARD TGV,ZURBALPA,FRTJA,08:56,FRAEK
4992,2023-06-12,BELFORT-MONTBELIARD TGV,NON,9206,11:38,INTERNATIONAL,PARIS (intramuros),ZURBALPA,FRPLY,09:20,FRTJA
4993,2023-06-12,LORIENT,OUI,8739,22:13,ATLANTIQUE,QUIMPERLE,PARISBRETA,FRECO,22:02,FRLRT
4994,2023-06-12,LORIENT,OUI,8739,22:45,ATLANTIQUE,QUIMPER,PARISBRETA,FRUIP,22:02,FRLRT
4995,2023-06-12,PARIS (intramuros),NON,8739,19:55,ATLANTIQUE,LAVAL,PARISBRETA,FRACR,18:40,FRPMO
4996,2023-06-12,PARIS (intramuros),NON,8739,21:28,ATLANTIQUE,VANNES,PARISBRETA,FRVNE,18:40,FRPMO
4997,2023-06-12,RENNES,OUI,8739,22:30,ATLANTIQUE,ROSPORDEN,PARISBRETA,FRRSP,20:29,FRRNS
4998,2023-06-12,REDON,OUI,8739,21:59,ATLANTIQUE,LORIENT,PARISBRETA,FRLRT,21:05,FRXRN
4999,2023-06-12,PARIS (intramuros),NON,2801,08:51,EST,METZ VILLE,PAMETZLUX,FRADE,07:28,FRPST
5000,2023-06-12,THIONVILLE,NON,2801,09:44,EST,LUXEMBOURG,PAMETZLUX,LULUX,09:20,FRXTH
5001,2023-06-12,COLMAR,NON,2356,12:31,EST,PARIS (intramuros),MULHSTRAPA,FRPST,10:01,FRAEJ
5002,2023-06-12,BORDEAUX ST JEAN,OUI,4669,21:32,IC ARO,CARCASSONNE,TJOURSOSE,FRCCF,18:28,FRBOJ
5003,2023-06-12,BORDEAUX ST JEAN,OUI,4669,20:42,IC ARO,TOULOUSE MATABIAU,TJOURSOSE,FRXYT,18:28,FRBOJ
5004,2023-06-12,CARCASSONNE,OUI,4669,22:55,IC ARO,MONTPELLIER SAINT-ROCH,TJOURSOSE,FRMPL,21:34,FRCCF
5005,2023-06-12,CARCASSONNE,OUI,4669,22:02,IC ARO,NARBONNE,TJOURSOSE,FRXNA,21:34,FRCCF
5006,2023-06-12,MARMANDE,OUI,4669,23:23,IC ARO,NIMES,TJOURSOSE,FRFNI,19:06,FRXMR
5007,2023-06-12,MARMANDE,OUI,4669,20:09,IC ARO,MONTAUBAN VILLE BOURBON,TJOURSOSE,FRXMW,19:06,FRXMR
5008,2023-06-12,MONTAUBAN VILLE BOURBON,OUI,4669,20:42,IC ARO,TOULOUSE MATABIAU,TJOURSOSE,FRXYT,20:11,FRXMW
5009,2023-06-12,NARBONNE,OUI,4669,23:23,IC ARO,NIMES,TJOURSOSE,FRFNI,22:05,FRXNA
5010,2023-06-12,SETE,OUI,4669,23:23,IC ARO,NIMES,TJOURSOSE,FRFNI,22:41,FRXSY
5011,2023-06-12,TOULOUSE MATABIAU,OUI,4669,22:02,IC ARO,NARBONNE,TJOURSOSE,FRXNA,20:50,FRXYT
5012,2023-06-12,ANGOULEME,OUI,8491,21:44,ATLANTIQUE,BORDEAUX ST JEAN,PASUDOUEST,FRBOJ,20:37,FRANG
5013,2023-06-12,BELLEGARDE,NON,9776,19:42,INTERNATIONAL,PARIS (intramuros),GENEVEPA,FRPLY,17:02,FRXBF
5014,2023-06-12,NANTES,OUI,8122,15:41,ATLANTIQUE,ANGERS ST LAUD,LOIREPARIS,FRACL,15:05,FRNTE
5015,2023-06-12,VENDOME VILLIERS SUR LOIR,NON,8332,09:33,ATLANTIQUE,PARIS (intramuros),ROCHELLEPA,FRPMO,08:46,FRESL
5016,2023-06-12,CHATELLERAULT,NON,8332,09:33,ATLANTIQUE,PARIS (intramuros),ROCHELLEPA,FRPMO,07:46,FRXCX
5017,2023-06-12,LYON (intramuros),OUI,6602,06:31,SUD EST,MACON LOCHE TGV,RHONEPARIS,FRMLT,06:04,FRLPD
5018,2023-06-12,LYON (intramuros),OUI,6602,06:53,SUD EST,LE CREUSOT MONTCEAU MONTCHANIN,RHONEPARIS,FRXCC,06:04,FRLPD
5019,2023-06-12,LYON (intramuros),OUI,6602,05:58,SUD EST,LYON (intramuros),RHONEPARIS,FRLPD,05:50,FRLPE
5020,2023-06-12,LYON (intramuros),NON,6602,08:14,SUD EST,PARIS (intramuros),RHONEPARIS,FRPLY,05:50,FRLPE
5021,2023-06-12,PARIS (intramuros),NON,9561,10:59,INTERNATIONAL,FRANKFURT MAIN HBF,PAFRANC,DEFRH,07:20,FRPST
5022,2023-06-12,BREST,OUI,8610,10:33,ATLANTIQUE,ST BRIEUC,BRETAPARIS,FRSBK,09:09,FRBES
5023,2023-06-12,BREST,OUI,8610,09:20,ATLANTIQUE,LANDERNEAU,BRETAPARIS,FRXLD,09:09,FRBES
5024,2023-06-12,LAMBALLE,NON,8610,13:19,ATLANTIQUE,PARIS (intramuros),BRETAPARIS,FRPMO,10:48,FRLAM
5025,2023-06-12,MORLAIX,OUI,8610,10:45,ATLANTIQUE,LAMBALLE,BRETAPARIS,FRLAM,09:45,FRMXN
5026,2023-06-12,MORLAIX,NON,8610,13:19,ATLANTIQUE,PARIS (intramuros),BRETAPARIS,FRPMO,09:45,FRMXN
5027,2023-06-12,PLOUARET TREGOR,NON,8610,12:01,ATLANTIQUE,LAVAL,BRETAPARIS,FRACR,10:03,FRPLT
5028,2023-06-12,PLOUARET TREGOR,OUI,8610,10:45,ATLANTIQUE,LAMBALLE,BRETAPARIS,FRLAM,10:03,FRPLT
5029,2023-06-12,PLOUARET TREGOR,NON,8610,13:19,ATLANTIQUE,PARIS (intramuros),BRETAPARIS,FRPMO,10:03,FRPLT
5030,2023-06-12,RENNES,NON,8610,12:01,ATLANTIQUE,LAVAL,BRETAPARIS,FRACR,11:35,FRRNS
5031,2023-06-12,RENNES,NON,8610,13:19,ATLANTIQUE,PARIS (intramuros),BRETAPARIS,FRPMO,11:35,FRRNS
5032,2023-06-12,ST BRIEUC,NON,8610,11:29,ATLANTIQUE,RENNES,BRETAPARIS,FRRNS,10:36,FRSBK
5033,2023-06-12,LANDERNEAU,NON,8610,13:19,ATLANTIQUE,PARIS (intramuros),BRETAPARIS,FRPMO,09:22,FRXLD
5034,2023-06-12,KAISERSLAUTERN HBF,NON,9551,12:59,INTERNATIONAL,FRANKFURT MAIN HBF,PAFRANC,DEFRH,11:36,DEKLT
5035,2023-06-12,FORBACH,NON,9551,10:56,INTERNATIONAL,SARREBRUCK/SAARBRUECKEN,PAFRANC,DESBK,10:47,FRBQT
5036,2023-06-12,PARIS (intramuros),NON,9551,10:45,INTERNATIONAL,FORBACH,PAFRANC,FRBQT,09:06,FRPST
5037,2023-06-12,MONTPELLIER SAINT-ROCH,OUI,6034,14:11,SUD EST,NIMES,LANGPA,FRFNI,13:46,FRMPL
5038,2023-06-12,LYON (intramuros),NON,4502,16:04,IC SRO,NANTES,JOURLYNNTE,FRNTE,09:34,FRLPD
5039,2023-06-12,LYON (intramuros),NON,4502,13:22,IC SRO,VIERZON VILLE,JOURLYNNTE,FRXVZ,09:34,FRLPD
5040,2023-06-12,LYON (intramuros),NON,4502,14:59,IC SRO,SAUMUR,JOURLYNNTE,FRACN,09:20,FRLPE
5041,2023-06-12,LYON (intramuros),NON,4502,16:04,IC SRO,NANTES,JOURLYNNTE,FRNTE,09:20,FRLPE
5042,2023-06-12,LYON (intramuros),NON,4502,11:44,IC SRO,MOULINS SUR ALLIER,JOURLYNNTE,FRXMU,09:20,FRLPE
5043,2023-06-12,NEVERS,NON,4502,14:59,IC SRO,SAUMUR,JOURLYNNTE,FRACN,12:25,FRNVS
5044,2023-06-12,NEVERS,NON,4502,13:22,IC SRO,VIERZON VILLE,JOURLYNNTE,FRXVZ,12:25,FRNVS
5045,2023-06-12,ROANNE,NON,4502,13:01,IC SRO,BOURGES,JOURLYNNTE,FRBOU,10:40,FRRNE
5046,2023-06-12,ROANNE,NON,4502,11:17,IC SRO,ST GERMAIN DES FOSSES,JOURLYNNTE,FRSGF,10:40,FRRNE
5047,2023-06-12,ROANNE,NON,4502,13:22,IC SRO,VIERZON VILLE,JOURLYNNTE,FRXVZ,10:40,FRRNE
5048,2023-06-12,MOULINS SUR ALLIER,NON,4502,14:59,IC SRO,SAUMUR,JOURLYNNTE,FRACN,11:46,FRXMU
5049,2023-06-12,MOULINS SUR ALLIER,NON,4502,16:04,IC SRO,NANTES,JOURLYNNTE,FRNTE,11:46,FRXMU
5050,2023-06-12,ST PIERRE DES CORPS,NON,4502,15:21,IC SRO,ANGERS ST LAUD,JOURLYNNTE,FRACL,14:28,FRXSH
5051,2023-06-12,VIERZON VILLE,NON,4502,14:59,IC SRO,SAUMUR,JOURLYNNTE,FRACN,13:24,FRXVZ
5052,2023-06-12,VIERZON VILLE,NON,4502,14:25,IC SRO,ST PIERRE DES CORPS,JOURLYNNTE,FRXSH,13:24,FRXVZ
5053,2023-06-12,POITIERS,OUI,8393,22:02,ATLANTIQUE,SURGERES,PAROCHELLE,FREIP,20:58,FRPIS
5054,2023-06-12,PARIS (intramuros),OUI,8393,22:02,ATLANTIQUE,SURGERES,PAROCHELLE,FREIP,19:16,FRPMO
5055,2023-06-12,PARIS (intramuros),OUI,8393,22:25,ATLANTIQUE,LA ROCHELLE VILLE,PAROCHELLE,FRLRH,19:16,FRPMO
5056,2023-06-12,ST PIERRE DES CORPS,OUI,8393,21:41,ATLANTIQUE,NIORT,PAROCHELLE,FRNIT,20:23,FRXSH
5057,2023-06-12,MACON VILLE,NON,5500,20:18,EST,STRASBOURG,JCRHONRHIN,FRAEG,16:41,FRHGU
5058,2023-06-12,LYON (intramuros),NON,5500,17:40,EST,DIJON VILLE,JCRHONRHIN,FRABA,16:04,FRLPD
5059,2023-06-12,LYON (intramuros),NON,5500,19:41,EST,COLMAR,JCRHONRHIN,FRAEJ,16:04,FRLPD
5060,2023-06-12,LYON (intramuros),NON,5500,18:17,EST,BESANCON - F COMTE TGV,JCRHONRHIN,FRTJB,16:04,FRLPD
5061,2023-06-12,MONTPELLIER SAINT-ROCH,NON,5500,19:41,EST,COLMAR,JCRHONRHIN,FRAEJ,13:53,FRMPL
5062,2023-06-12,MONTPELLIER SAINT-ROCH,NON,5500,19:09,EST,MULHOUSE VILLE,JCRHONRHIN,FRAEK,13:53,FRMPL
5063,2023-06-12,BESANCON - F COMTE TGV,NON,5500,19:41,EST,COLMAR,JCRHONRHIN,FRAEJ,18:22,FRTJB
5064,2023-06-12,VALENCE TGV RHONE-ALPES SUD,NON,5500,18:17,EST,BESANCON - F COMTE TGV,JCRHONRHIN,FRTJB,15:12,FRVLA
5065,2023-06-12,NIMES,NON,6200,09:18,SUD EST,PARIS (intramuros),LANGPA,FRPLY,06:17,FRFNI
5066,2023-06-12,MONTPELLIER SAINT-ROCH,OUI,6200,06:13,SUD EST,NIMES,LANGPA,FRFNI,05:48,FRMPL
5067,2023-06-12,VALENCE TGV RHONE-ALPES SUD,NON,6200,09:18,SUD EST,PARIS (intramuros),LANGPA,FRPLY,07:06,FRVLA
5068,2023-06-12,FACTURE BIGANOS,NON,8478,08:52,ATLANTIQUE,PARIS (intramuros),SUDOUESTPA,FRPMO,06:18,FRFAC
5069,2023-06-12,PARIS (intramuros),NON,2377,21:06,EST,SELESTAT,PASTRAMULH,FRXSQ,18:55,FRPST
5070,2023-06-12,ANGERS ST LAUD,OUI,8860,06:08,ATLANTIQUE,SABLE SUR SARTHE,LOIREPARIS,FRSAB,05:48,FRACL
5071,2023-06-12,ANGOULEME,NON,8488,18:06,ATLANTIQUE,POITIERS,SUDOUESTPA,FRPIS,17:26,FRANG
5072,2023-06-12,BORDEAUX ST JEAN,NON,8488,17:23,ATLANTIQUE,ANGOULEME,SUDOUESTPA,FRANG,16:19,FRBOJ
5073,2023-06-12,LIBOURNE,NON,8488,19:48,ATLANTIQUE,PARIS (intramuros),SUDOUESTPA,FRPMO,16:42,FRXLR
5074,2023-06-12,KARLSRUHE HBF,NON,9577,21:04,INTERNATIONAL,AUGSBURG HBF,PASTUTMUN,DEAGB,18:27,DEQKA
5075,2023-06-12,KARLSRUHE HBF,NON,9577,20:21,INTERNATIONAL,ULM HBF,PASTUTMUN,DEQUL,18:27,DEQKA
5076,2023-06-12,STUTTGART HBF,NON,9577,21:04,INTERNATIONAL,AUGSBURG HBF,PASTUTMUN,DEAGB,19:04,DESGT
5077,2023-06-12,STUTTGART HBF,NON,9577,20:21,INTERNATIONAL,ULM HBF,PASTUTMUN,DEQUL,19:04,DESGT
5078,2023-06-12,STRASBOURG,NON,9577,18:24,INTERNATIONAL,KARLSRUHE HBF,PASTUTMUN,DEQKA,17:46,FRAEG
5079,2023-06-12,LYON (intramuros),OUI,6632,19:58,SUD EST,LYON (intramuros),RHONEPARIS,FRLPD,19:50,FRLPE
5080,2023-06-12,PARIS (intramuros),NON,3741,07:25,IC NUIT,LOURDES,PARPALOMBE,FRLDE,21:13,FRPAZ
5081,2023-06-12,BRUXELLES MIDI BRUSSEL ZUID,OUI,9832,15:38,NORD,LILLE (intramuros),JCNORDBRET,FRLLE,15:03,BEBMI
5082,2023-06-12,LE MANS,OUI,9832,19:09,NORD,ANGERS ST LAUD,JCNORDBRET,FRACL,18:32,FRAET
5083,2023-06-12,LILLE (intramuros),NON,9832,19:09,NORD,ANGERS ST LAUD,JCNORDBRET,FRACL,15:52,FRLLE
5084,2023-06-12,LILLE (intramuros),NON,9832,19:50,NORD,NANTES,JCNORDBRET,FRNTE,15:52,FRLLE
5085,2023-06-12,MARNE LA VALLEE CHESSY,NON,9832,19:09,NORD,ANGERS ST LAUD,JCNORDBRET,FRACL,17:02,FRMLV
5086,2023-06-12,MARNE LA VALLEE CHESSY,OUI,9832,17:33,NORD,MASSY TGV,JCNORDBRET,FRDJU,17:02,FRMLV
5087,2023-06-12,AEROPORT CDG2 TGV ROISSY,NON,9832,18:29,NORD,LE MANS,JCNORDBRET,FRAET,16:49,FRMLW
5088,2023-06-12,AEROPORT CDG2 TGV ROISSY,NON,9832,19:50,NORD,NANTES,JCNORDBRET,FRNTE,16:49,FRMLW
5089,2023-06-12,PARIS (intramuros),NON,8483,09:03,ATLANTIQUE,ANGOULEME,PASUDOUEST,FRANG,06:49,FRPMO
5090,2023-06-12,PARIS (intramuros),NON,8483,09:45,ATLANTIQUE,LIBOURNE,PASUDOUEST,FRXLR,06:49,FRPMO
5091,2023-06-12,LAMBALLE,OUI,8615,14:47,ATLANTIQUE,BREST,PARISBRETA,FRBES,13:10,FRLAM
5092,2023-06-12,PARIS (intramuros),NON,8615,13:37,ATLANTIQUE,GUINGAMP,PARISBRETA,FRGGP,10:53,FRPMO
5093,2023-06-12,PARIS (intramuros),NON,8615,13:20,ATLANTIQUE,ST BRIEUC,PARISBRETA,FRSBK,10:53,FRPMO
5094,2023-06-12,RENNES,NON,8615,13:08,ATLANTIQUE,LAMBALLE,PARISBRETA,FRLAM,12:32,FRRNS
5095,2023-06-12,ST BRIEUC,OUI,8615,14:12,ATLANTIQUE,MORLAIX,PARISBRETA,FRMXN,13:23,FRSBK
5096,2023-06-12,LILLE (intramuros),NON,5210,11:17,NORD,RENNES,JCNORDBRET,FRRNS,07:52,FRLLE
5097,2023-06-12,MARNE LA VALLEE CHESSY,NON,5210,10:29,NORD,LE MANS,JCNORDBRET,FRAET,09:02,FRMLV
5098,2023-06-12,MARNE LA VALLEE CHESSY,NON,5210,11:17,NORD,RENNES,JCNORDBRET,FRRNS,09:02,FRMLV
5099,2023-06-12,AEROPORT CDG2 TGV ROISSY,NON,5210,10:29,NORD,LE MANS,JCNORDBRET,FRAET,08:48,FRMLW
5100,2023-06-12,ST ETIENNE CHATEAUCREUX,NON,6694,15:00,SUD EST,PARIS (intramuros),RHONEPARIS,FRPLY,12:12,FRHHD
5101,2023-06-12,RENNES,OUI,8651,22:17,ATLANTIQUE,ST BRIEUC,PARISBRETA,FRSBK,21:32,FRRNS
5102,2023-06-12,PARIS (intramuros),NON,2583,21:16,EST,NANCY,PANANCY,FRENC,19:43,FRPST
5103,2023-06-12,LYON-SAINT EXUPERY TGV,OUI,6925,21:13,SUD EST,GRENOBLE,PAGRENOBLE,FRGNB,20:09,FRJDQ
5104,2023-06-12,PARIS (intramuros),OUI,8365,19:18,ATLANTIQUE,NIORT,PAROCHELLE,FRNIT,17:24,FRPMO
5105,2023-06-12,LE MANS,OUI,8603,10:21,ATLANTIQUE,ST BRIEUC,PARISBRETA,FRSBK,08:37,FRAET
5106,2023-06-12,MASSY TGV,OUI,8603,10:21,ATLANTIQUE,ST BRIEUC,PARISBRETA,FRSBK,07:44,FRDJU
5107,2023-06-12,LAMBALLE,OUI,8603,11:42,ATLANTIQUE,BREST,PARISBRETA,FRBES,10:11,FRLAM
5108,2023-06-12,PARIS (intramuros),OUI,8603,08:34,ATLANTIQUE,LE MANS,PARISBRETA,FRAET,07:32,FRPMO
5109,2023-06-12,PARIS (intramuros),OUI,8603,09:25,ATLANTIQUE,RENNES,PARISBRETA,FRRNS,07:32,FRPMO
5110,2023-06-12,ST BRIEUC,OUI,8603,11:07,ATLANTIQUE,MORLAIX,PARISBRETA,FRMXN,10:24,FRSBK
5111,2023-06-12,VICHY,NON,5963,17:23,IC ARO,RIOM CHATEL GUYON,PACLERMONT,FRRIO,17:03,FRVHY
5112,2023-06-12,LYON-SAINT EXUPERY TGV,NON,6924,21:46,SUD EST,PARIS (intramuros),GRENOBLEPA,FRPLY,19:57,FRJDQ
5113,2023-06-12,PARIS (intramuros),NON,3755,05:49,IC NUIT,CAPDENAC,PAVERMEIL,FRCDC,19:36,FRPAZ
5114,2023-06-12,PARIS (intramuros),NON,3755,05:01,IC NUIT,ROCAMADOUR PADIRAC,PAVERMEIL,FRFSA,19:36,FRPAZ
5115,2023-06-12,PARIS (intramuros),NON,3755,05:08,IC NUIT,GRAMAT,PAVERMEIL,FRFSB,19:36,FRPAZ
5116,2023-06-12,PARIS (intramuros),NON,3755,07:06,IC NUIT,RODEZ,PAVERMEIL,FRRDZ,19:36,FRPAZ
5117,2023-06-12,MACON LOCHE TGV,NON,9241,11:23,INTERNATIONAL,OULX CESANA CLAV SESTRIERE,PAITALIE,ITOCS,08:20,FRMLT
5118,2023-06-12,PARIS (intramuros),NON,9241,12:23,INTERNATIONAL,TORINO PORTA SUSA,PAITALIE,ITTRS,06:44,FRPLY
5119,2023-06-12,LAVAL,NON,8706,11:19,ATLANTIQUE,PARIS (intramuros),BRETAPARIS,FRPMO,10:04,FRACR
5120,2023-06-12,LORIENT,OUI,8706,08:11,ATLANTIQUE,AURAY,BRETAPARIS,FRXUY,07:56,FRLRT
5121,2023-06-12,QUIMPER,OUI,8706,08:11,ATLANTIQUE,AURAY,BRETAPARIS,FRXUY,07:21,FRUIP
5122,2023-06-12,PARIS (intramuros),NON,9203,11:26,INTERNATIONAL,ZUERICH HB,PABALZUR,CHAJD,07:20,FRPLY
5123,2023-06-12,PARIS (intramuros),NON,9203,10:26,INTERNATIONAL,BASEL SBB,PABALZUR,CHAJP,07:20,FRPLY
5124,2023-06-12,PARIS (intramuros),NON,9203,10:03,INTERNATIONAL,MULHOUSE VILLE,PABALZUR,FRAEK,07:20,FRPLY
5125,2023-06-12,METZ VILLE,OUI,2815,12:52,EST,LUXEMBOURG,PAMETZLUX,LULUX,12:10,FRADE
5126,2023-06-12,PARIS (intramuros),NON,2815,12:28,EST,THIONVILLE,PAMETZLUX,FRXTH,10:40,FRPST
5127,2023-06-12,THIONVILLE,OUI,2815,12:52,EST,LUXEMBOURG,PAMETZLUX,LULUX,12:31,FRXTH
5128,2023-06-12,DIJON VILLE,NON,6709,20:12,SUD EST,MULHOUSE VILLE,PABOUR,FRAEK,18:56,FRABA
5129,2023-06-12,PARIS (intramuros),NON,6709,19:22,SUD EST,BESANCON - F COMTE TGV,PABOUR,FRTJB,17:16,FRPLY
5130,2023-06-12,STRASBOURG,OUI,2363,09:42,EST,COLMAR,PASTRAMULH,FRAEJ,09:16,FRAEG
5131,2023-06-12,AIX EN PROVENCE TGV,NON,5066,15:46,NORD,MARNE LA VALLEE CHESSY,JCSUDNORD,FRMLV,12:26,FRAIE
5132,2023-06-12,AIX EN PROVENCE TGV,NON,5066,16:00,NORD,AEROPORT CDG2 TGV ROISSY,JCSUDNORD,FRMLW,12:26,FRAIE
5133,2023-06-12,AEROPORT CDG2 TGV ROISSY,OUI,5066,16:57,NORD,LILLE (intramuros),JCSUDNORD,FRLLE,16:07,FRMLW
5134,2023-06-12,MARSEILLE ST CHARLES,NON,5066,12:45,NORD,AVIGNON TGV,JCSUDNORD,FRAVG,12:12,FRMSC
5135,2023-06-12,MARSEILLE ST CHARLES,NON,5066,13:54,NORD,LYON (intramuros),JCSUDNORD,FRLPD,12:12,FRMSC
5136,2023-06-12,ANGERS ST LAUD,OUI,8875,15:54,ATLANTIQUE,NANTES,PARISLOIRE,FRNTE,15:17,FRACL
5137,2023-06-12,PARIS (intramuros),NON,8875,15:14,ATLANTIQUE,ANGERS ST LAUD,PARISLOIRE,FRACL,13:32,FRPMO
5138,2023-06-12,PARIS (intramuros),NON,8875,15:54,ATLANTIQUE,NANTES,PARISLOIRE,FRNTE,13:32,FRPMO
5139,2023-06-12,AIX EN PROVENCE TGV,NON,9882,22:43,NORD,BRUXELLES MIDI BRUSSEL ZUID,JCSUDNORD,BEBMI,17:22,FRAIE
5140,2023-06-12,AIX EN PROVENCE TGV,NON,9882,21:57,NORD,LILLE (intramuros),JCSUDNORD,FRLLE,17:22,FRAIE
5141,2023-06-12,AIX EN PROVENCE TGV,NON,9882,18:54,NORD,LYON (intramuros),JCSUDNORD,FRLPD,17:22,FRAIE
5142,2023-06-12,AIX EN PROVENCE TGV,NON,9882,20:47,NORD,MARNE LA VALLEE CHESSY,JCSUDNORD,FRMLV,17:22,FRAIE
5143,2023-06-12,AVIGNON TGV,NON,9882,21:57,NORD,LILLE (intramuros),JCSUDNORD,FRLLE,17:45,FRAVG
5144,2023-06-12,LYON (intramuros),NON,9882,22:43,NORD,BRUXELLES MIDI BRUSSEL ZUID,JCSUDNORD,BEBMI,19:00,FRLPD
5145,2023-06-12,LYON (intramuros),NON,9882,20:47,NORD,MARNE LA VALLEE CHESSY,JCSUDNORD,FRMLV,19:00,FRLPD
5146,2023-06-12,MARNE LA VALLEE CHESSY,OUI,9882,22:43,NORD,BRUXELLES MIDI BRUSSEL ZUID,JCSUDNORD,BEBMI,20:51,FRMLV
5147,2023-06-12,AEROPORT CDG2 TGV ROISSY,OUI,9882,22:43,NORD,BRUXELLES MIDI BRUSSEL ZUID,JCSUDNORD,BEBMI,21:07,FRMLW
5148,2023-06-12,MARSEILLE ST CHARLES,NON,9882,21:01,NORD,AEROPORT CDG2 TGV ROISSY,JCSUDNORD,FRMLW,17:08,FRMSC
5149,2023-06-12,BORDEAUX ST JEAN,OUI,8480,07:04,ATLANTIQUE,POITIERS,SUDOUESTPA,FRPIS,05:18,FRBOJ
5150,2023-06-12,ST NAZAIRE,OUI,8904,11:59,ATLANTIQUE,NANTES,LOIREPARIS,FRNTE,11:24,FRSNR
5151,2023-06-12,ST NAZAIRE,NON,8904,14:09,ATLANTIQUE,PARIS (intramuros),LOIREPARIS,FRPMO,11:24,FRSNR
5152,2023-06-12,PARIS (intramuros),NON,7569,15:12,NORD,RANG DU FLIERS VERTON,PAARRAS,FRCVU,12:25,FRPNO
5153,2023-06-12,ISSOIRE,NON,15941,13:42,IC SRO,BRASSAC LES MINES STE FLORINE,NORESTJOU,FRHLE,13:29,FRHLB
5154,2023-06-12,ARVANT,NON,15941,14:30,IC SRO,NEUSSARGUES,NORESTJOU,FRNEU,13:49,FRARV
5155,2023-06-12,PARIS (intramuros),OUI,5951,09:28,IC ARO,MOULINS SUR ALLIER,PACLERMONT,FRXMU,06:58,FRPLY
5156,2023-06-12,MOULINS SUR ALLIER,OUI,5951,10:00,IC ARO,VICHY,PACLERMONT,FRVHY,09:30,FRXMU
5157,2023-06-12,LA ROCHELLE VILLE,NON,8370,08:37,ATLANTIQUE,PARIS (intramuros),ROCHELLEPA,FRPMO,05:39,FRLRH
5158,2023-06-12,PARIS (intramuros),NON,9761,08:59,INTERNATIONAL,BELLEGARDE,PAGENEVE,FRXBF,06:16,FRPLY
5159,2023-06-12,MONTAUBAN VILLE BOURBON,NON,3750,05:35,IC NUIT,LES AUBRAIS ORLEANS,OCCITANPAR,FRLAB,22:42,FRXMW
5160,2023-06-12,TOULOUSE MATABIAU,NON,3750,05:35,IC NUIT,LES AUBRAIS ORLEANS,OCCITANPAR,FRLAB,22:00,FRXYT
5161,2023-06-12,BORDEAUX ST JEAN,NON,4661,16:50,IC ARO,MONTPELLIER SAINT-ROCH,TJOURSOSE,FRMPL,12:28,FRBOJ
5162,2023-06-12,BORDEAUX ST JEAN,NON,4661,14:40,IC ARO,TOULOUSE MATABIAU,TJOURSOSE,FRXYT,12:28,FRBOJ
5163,2023-06-12,BEZIERS,NON,4661,17:17,IC ARO,NIMES,TJOURSOSE,FRFNI,16:15,FRBZR
5164,2023-06-12,CARCASSONNE,NON,4661,17:17,IC ARO,NIMES,TJOURSOSE,FRFNI,15:28,FRCCF
5165,2023-06-12,CARCASSONNE,NON,4661,17:47,IC ARO,ARLES,TJOURSOSE,FRHZA,15:28,FRCCF
5166,2023-06-12,NIMES,OUI,4661,17:47,IC ARO,ARLES,TJOURSOSE,FRHZA,17:20,FRFNI
5167,2023-06-12,NIMES,OUI,4661,18:35,IC ARO,MARSEILLE ST CHARLES,TJOURSOSE,FRMSC,17:20,FRFNI
5168,2023-06-12,MONTAUBAN VILLE BOURBON,NON,4661,16:12,IC ARO,BEZIERS,TJOURSOSE,FRBZR,14:09,FRXMW
5169,2023-06-12,MONTAUBAN VILLE BOURBON,NON,4661,17:17,IC ARO,NIMES,TJOURSOSE,FRFNI,14:09,FRXMW
5170,2023-06-12,MONTAUBAN VILLE BOURBON,NON,4661,15:56,IC ARO,NARBONNE,TJOURSOSE,FRXNA,14:09,FRXMW
5171,2023-06-12,NARBONNE,NON,4661,17:47,IC ARO,ARLES,TJOURSOSE,FRHZA,15:59,FRXNA
5172,2023-06-12,CHORGES,NON,5790,07:57,IC NUIT,PARIS (intramuros),BRIANCONPA,FRPAZ,21:15,FRIGS
5173,2023-06-12,L'ARGENTIERE LES ECRINS   (05),NON,5790,07:57,IC NUIT,PARIS (intramuros),BRIANCONPA,FRPAZ,20:19,FRIHC
5174,2023-06-12,VEYNES DEVOLUY,NON,5790,07:57,IC NUIT,PARIS (intramuros),BRIANCONPA,FRPAZ,22:07,FRVDY
5175,2023-06-12,BRIANCON,NON,5790,07:57,IC NUIT,PARIS (intramuros),BRIANCONPA,FRPAZ,20:03,FRXBC
5176,2023-06-12,CARCASSONNE,OUI,6871,08:56,SUD EST,NARBONNE,JCSUDPROV,FRXNA,08:27,FRCCF
5177,2023-06-12,NARBONNE,NON,6871,11:50,SUD EST,LYON (intramuros),JCSUDPROV,FRLPD,08:59,FRXNA
5178,2023-06-12,NIMES PONT DU GARD,NON,6871,11:50,SUD EST,LYON (intramuros),JCSUDPROV,FRLPD,10:27,FRXZP
5179,2023-06-12,CARCASSONNE,NON,6871,10:24,SUD EST,NIMES PONT DU GARD,JCSUDPROV,FRXZP,08:27,FRCCF
5180,2023-06-12,BEZIERS,NON,9708,13:41,SUD EST,MONTPELLIER SAINT-ROCH,BARCELONEPA,FRMPL,12:58,FRBZR
5181,2023-06-12,AGDE,NON,9708,14:11,SUD EST,NIMES,BARCELONEPA,FRFNI,13:12,FRXAG
5182,2023-06-12,AGDE,NON,9708,17:18,SUD EST,PARIS (intramuros),BARCELONEPA,FRPLY,13:12,FRXAG
5183,2023-06-12,AGDE,NON,9708,15:01,SUD EST,VALENCE TGV RHONE-ALPES SUD,BARCELONEPA,FRVLA,13:12,FRXAG
5184,2023-06-12,NARBONNE,NON,9708,14:11,SUD EST,NIMES,BARCELONEPA,FRFNI,12:42,FRXNA
5185,2023-06-12,NARBONNE,NON,9708,13:41,SUD EST,MONTPELLIER SAINT-ROCH,BARCELONEPA,FRMPL,12:42,FRXNA
5186,2023-06-12,NARBONNE,NON,9708,15:01,SUD EST,VALENCE TGV RHONE-ALPES SUD,BARCELONEPA,FRVLA,12:42,FRXNA
5187,2023-06-12,SETE,NON,9708,13:41,SUD EST,MONTPELLIER SAINT-ROCH,BARCELONEPA,FRMPL,13:27,FRXSY
5188,2023-06-12,BARCELONA SANTS,NON,9708,12:55,SUD EST,BEZIERS,BARCELONEPA,FRBZR,10:33,ESBST
5189,2023-06-12,BARCELONA SANTS,NON,9708,11:55,SUD EST,PERPIGNAN,BARCELONEPA,FRPGF,10:33,ESBST
5190,2023-06-12,GIRONA,NON,9708,17:18,SUD EST,PARIS (intramuros),BARCELONEPA,FRPLY,11:14,ESGRO
5191,2023-06-12,BARCELONA SANTS,NON,9708,13:41,SUD EST,MONTPELLIER SAINT-ROCH,BARCELONEPA,FRMPL,10:33,ESBST
5192,2023-06-12,FIGUERES VILA TGV,NON,9708,12:55,SUD EST,BEZIERS,BARCELONEPA,FRBZR,11:31,ESFIR
5193,2023-06-12,GIRONA,NON,9708,13:24,SUD EST,SETE,BARCELONEPA,FRXSY,11:14,ESGRO
5194,2023-06-12,PARIS (intramuros),NON,6193,15:56,SUD EST,AVIGNON CENTRE,PAVDR,FRAES,12:12,FRPLY
5195,2023-06-12,PARIS (intramuros),NON,6193,14:03,SUD EST,LYON-SAINT EXUPERY TGV,PAVDR,FRJDQ,12:12,FRPLY
5196,2023-06-12,VALENCE VILLE,OUI,6193,15:56,SUD EST,AVIGNON CENTRE,PAVDR,FRAES,14:49,FRVAF
5197,2023-06-12,VALENCE VILLE,OUI,6193,15:38,SUD EST,ORANGE,PAVDR,FRXOG,14:49,FRVAF
5198,2023-06-12,ORANGE,OUI,6193,16:37,SUD EST,MIRAMAS,PAVDR,FRMAZ,15:41,FRXOG
5199,2023-06-12,LE MANS,NON,5338,19:19,SUD EST,MASSY TGV,JCATLSUD,FRDJU,18:30,FRAET
5200,2023-06-12,RENNES,NON,5338,19:19,SUD EST,MASSY TGV,JCATLSUD,FRDJU,17:30,FRRNS
5201,2023-06-12,PARIS (intramuros),NON,9591,20:26,EST,FREIBURG BREISGAU HBF,PASTRAMULH,DEFGB,17:25,FRPST
5202,2023-06-12,PARIS (intramuros),NON,9591,19:39,EST,OFFENBOURG/OFFENBURG,PASTRAMULH,DEZPA,17:25,FRPST
5203,2023-06-12,STRASBOURG,OUI,9591,20:26,EST,FREIBURG BREISGAU HBF,PASTRAMULH,DEFGB,19:17,FRAEG
5204,2023-06-12,LAHR SCHWARZW,OUI,9591,20:02,EST,RINGSHEIM/EU-PARK,PASTRAMULH,DERSH,19:55,DEANL
5205,2023-06-12,LYON (intramuros),NON,6618,15:00,SUD EST,PARIS (intramuros),RHONEPARIS,FRPLY,13:04,FRLPD
5206,2023-06-12,STRASBOURG,OUI,5488,18:32,EST,CHAMPAGNE-ARDENNE,JCESTATL,FREAH,17:01,FRAEG
5207,2023-06-12,MASSY TGV,NON,5488,21:40,EST,ANGERS ST LAUD,JCESTATL,FRACL,20:10,FRDJU
5208,2023-06-12,CHAMPAGNE-ARDENNE,OUI,5488,19:06,EST,AEROPORT CDG2 TGV ROISSY,JCESTATL,FRMLW,18:35,FREAH
5209,2023-06-12,CHAMPAGNE-ARDENNE,NON,5488,22:19,EST,NANTES,JCESTATL,FRNTE,18:35,FREAH
5210,2023-06-12,MEUSE TGV,OUI,5488,18:32,EST,CHAMPAGNE-ARDENNE,JCESTATL,FREAH,18:09,FREAJ
5211,2023-06-12,LORRAINE TGV,NON,5488,21:40,EST,ANGERS ST LAUD,JCESTATL,FRACL,17:42,FREAM
5212,2023-06-12,LORRAINE TGV,NON,5488,19:31,EST,MARNE LA VALLEE CHESSY,JCESTATL,FRMLV,17:42,FREAM
5213,2023-06-12,VIVIEZ DECAZEVILLE,NON,3756,08:22,IC NUIT,PARIS (intramuros),OCCITANPAR,FRPAZ,23:29,FRVZD
5214,2023-06-12,DAX,OUI,8574,19:23,ATLANTIQUE,TARBES,PASUDOUEST,FRXTB,17:41,FRACG
5215,2023-06-12,PAU,OUI,8574,18:58,ATLANTIQUE,LOURDES,PASUDOUEST,FRLDE,18:32,FRAEE
5216,2023-06-12,PAU,OUI,8574,19:23,ATLANTIQUE,TARBES,PASUDOUEST,FRXTB,18:32,FRAEE
5217,2023-06-12,MASSY TGV,NON,8574,17:33,ATLANTIQUE,DAX,PASUDOUEST,FRACG,14:15,FRDJU
5218,2023-06-12,MASSY TGV,NON,8574,19:23,ATLANTIQUE,TARBES,PASUDOUEST,FRXTB,14:15,FRDJU
5219,2023-06-12,PARIS (intramuros),NON,8574,17:33,ATLANTIQUE,DAX,PASUDOUEST,FRACG,14:02,FRPMO
5220,2023-06-12,PARIS (intramuros),NON,8574,14:12,ATLANTIQUE,MASSY TGV,PASUDOUEST,FRDJU,14:02,FRPMO
5221,2023-06-12,MASSY TGV,NON,8574,18:07,ATLANTIQUE,ORTHEZ,PASUDOUEST,FRGFI,14:15,FRDJU
5222,2023-06-12,BETHUNE,OUI,7330,18:08,NORD,PARIS (intramuros),ARRASPA,FRPNO,16:43,FRXBH
5223,2023-06-12,BELLEGARDE,NON,9760,07:49,INTERNATIONAL,BOURG EN BRESSE,GENEVEPA,FRXBK,07:02,FRXBF
5224,2023-06-12,BOURG EN BRESSE,NON,9760,09:42,INTERNATIONAL,PARIS (intramuros),GENEVEPA,FRPLY,07:52,FRXBK
5225,2023-06-12,JONZAC,NON,3835,20:11,IC SRO,BORDEAUX ST JEAN,NANTEBORDO,FRBOJ,19:11,FREMR
5226,2023-06-12,LUCON,NON,3835,20:11,IC SRO,BORDEAUX ST JEAN,NANTEBORDO,FRBOJ,17:00,FRLCN
5227,2023-06-12,LUCON,NON,3835,19:10,IC SRO,JONZAC,NANTEBORDO,FREMR,17:00,FRLCN
5228,2023-06-12,LA ROCHELLE VILLE,NON,3835,18:03,IC SRO,ROCHEFORT,NANTEBORDO,FRRCO,17:43,FRLRH
5229,2023-06-12,ROCHEFORT,NON,3835,20:11,IC SRO,BORDEAUX ST JEAN,NANTEBORDO,FRBOJ,18:05,FRRCO
5230,2023-06-12,ROCHEFORT,NON,3835,18:32,IC SRO,SAINTES,NANTEBORDO,FRXST,18:05,FRRCO
5231,2023-06-12,LA ROCHE SUR YON,NON,3835,18:03,IC SRO,ROCHEFORT,NANTEBORDO,FRRCO,16:36,FRXRO
5232,2023-06-12,NANTES,NON,8970,09:12,ATLANTIQUE,PARIS (intramuros),LOIREPARIS,FRPMO,07:05,FRNTE
5233,2023-06-12,LA ROCHE SUR YON,OUI,8970,07:41,ATLANTIQUE,ANGERS ST LAUD,LOIREPARIS,FRACL,06:10,FRXRO
5234,2023-06-12,LA ROCHE SUR YON,NON,8970,09:12,ATLANTIQUE,PARIS (intramuros),LOIREPARIS,FRPMO,06:10,FRXRO
5235,2023-06-12,ANGERS ST LAUD,NON,9886,08:20,NORD,MASSY TGV,JCBRETNORD,FRDJU,06:41,FRACL
5236,2023-06-12,ANGERS ST LAUD,NON,9886,10:17,NORD,LILLE (intramuros),JCBRETNORD,FRLLE,06:41,FRACL
5237,2023-06-12,MASSY TGV,NON,9886,08:57,NORD,MARNE LA VALLEE CHESSY,JCBRETNORD,FRMLV,08:26,FRDJU
5238,2023-06-12,MASSY TGV,NON,9886,09:45,NORD,TGV HAUTE PICARDIE,JCBRETNORD,FRTHP,08:26,FRDJU
5239,2023-06-12,MARNE LA VALLEE CHESSY,NON,9886,10:17,NORD,LILLE (intramuros),JCBRETNORD,FRLLE,09:01,FRMLV
5240,2023-06-12,AEROPORT CDG2 TGV ROISSY,OUI,9886,10:17,NORD,LILLE (intramuros),JCBRETNORD,FRLLE,09:16,FRMLW
5241,2023-06-12,AEROPORT CDG2 TGV ROISSY,OUI,9886,09:45,NORD,TGV HAUTE PICARDIE,JCBRETNORD,FRTHP,09:16,FRMLW
5242,2023-06-12,NANTES,OUI,9886,06:38,NORD,ANGERS ST LAUD,JCBRETNORD,FRACL,06:01,FRNTE
5243,2023-06-12,NANTES,NON,9886,10:17,NORD,LILLE (intramuros),JCBRETNORD,FRLLE,06:01,FRNTE
5244,2023-06-12,LE MANS,NON,9886,11:01,NORD,BRUXELLES MIDI BRUSSEL ZUID,JCBRETNORD,BEBMI,07:30,FRAET
5245,2023-06-12,MASSY TGV,OUI,8863,07:33,ATLANTIQUE,LE MANS,PARISLOIRE,FRAET,06:41,FRDJU
5246,2023-06-12,CHAMPAGNE-ARDENNE,NON,2501,08:44,EST,NANCY,PANANCY,FRENC,07:49,FREAH
5247,2023-06-12,PARIS (intramuros),NON,9773,14:09,INTERNATIONAL,BOURG EN BRESSE,PAGENEVE,FRXBK,12:16,FRPLY
5248,2023-06-12,LILLE (intramuros),NON,7508,08:59,NORD,PARIS (intramuros),ARRASPA,FRPNO,07:40,FRLLE
5249,2023-06-12,ARRAS,NON,7508,08:59,NORD,PARIS (intramuros),ARRASPA,FRPNO,08:08,FRQRV
5250,2023-06-12,CALAIS FRETHUN,NON,7508,08:59,NORD,PARIS (intramuros),ARRASPA,FRPNO,07:04,FRSTH
5251,2023-06-12,LAVAL,OUI,8723,16:25,ATLANTIQUE,RENNES,PARISBRETA,FRRNS,16:00,FRACR
5252,2023-06-12,LORIENT,OUI,8723,18:25,ATLANTIQUE,ROSPORDEN,PARISBRETA,FRRSP,17:58,FRLRT
5253,2023-06-12,LORIENT,OUI,8723,18:40,ATLANTIQUE,QUIMPER,PARISBRETA,FRUIP,17:58,FRLRT
5254,2023-06-12,PARIS (intramuros),NON,8723,17:03,ATLANTIQUE,REDON,PARISBRETA,FRXRN,14:41,FRPMO
5255,2023-06-12,ROSPORDEN,OUI,8723,18:40,ATLANTIQUE,QUIMPER,PARISBRETA,FRUIP,18:28,FRRSP
5256,2023-06-12,VANNES,OUI,8723,18:09,ATLANTIQUE,QUIMPERLE,PARISBRETA,FRECO,17:31,FRVNE
5257,2023-06-12,REDON,NON,8723,18:40,ATLANTIQUE,QUIMPER,PARISBRETA,FRUIP,17:05,FRXRN
5258,2023-06-12,BEZIERS,NON,4766,21:54,IC ARO,MONTAUBAN VILLE BOURBON,TJOURSESO,FRXMW,19:47,FRBZR
5259,2023-06-12,BEZIERS,NON,4766,21:18,IC ARO,TOULOUSE MATABIAU,TJOURSESO,FRXYT,19:47,FRBZR
5260,2023-06-12,CARCASSONNE,NON,4766,21:18,IC ARO,TOULOUSE MATABIAU,TJOURSESO,FRXYT,20:36,FRCCF
5261,2023-06-12,MONTPELLIER SAINT-ROCH,NON,4766,20:02,IC ARO,NARBONNE,TJOURSESO,FRXNA,19:09,FRMPL
5262,2023-06-12,MONTPELLIER SAINT-ROCH,NON,4766,21:18,IC ARO,TOULOUSE MATABIAU,TJOURSESO,FRXYT,19:09,FRMPL
5263,2023-06-12,MARSEILLE ST CHARLES,NON,4766,19:44,IC ARO,BEZIERS,TJOURSESO,FRBZR,17:28,FRMSC
5264,2023-06-12,MARSEILLE ST CHARLES,NON,4766,19:05,IC ARO,MONTPELLIER SAINT-ROCH,TJOURSESO,FRMPL,17:28,FRMSC
5265,2023-06-12,NARBONNE,NON,4766,23:37,IC ARO,BORDEAUX ST JEAN,TJOURSESO,FRBOJ,20:05,FRXNA
5266,2023-06-12,NARBONNE,NON,4766,20:34,IC ARO,CARCASSONNE,TJOURSESO,FRCCF,20:05,FRXNA
5267,2023-06-12,LILLE (intramuros),OUI,5124,18:41,NORD,ARRAS,JCNORDSUD,FRQRV,18:22,FRLLE
5268,2023-06-12,MARNE LA VALLEE CHESSY,NON,5124,23:14,NORD,AVIGNON TGV,JCNORDSUD,FRAVG,20:13,FRMLV
5269,2023-06-12,AEROPORT CDG2 TGV ROISSY,OUI,5124,20:09,NORD,MARNE LA VALLEE CHESSY,JCNORDSUD,FRMLV,20:00,FRMLW
5270,2023-06-12,ARRAS,OUI,5124,19:43,NORD,AEROPORT CDG2 TGV ROISSY,JCNORDSUD,FRMLW,18:46,FRQRV
5271,2023-06-12,ARRAS,OUI,5124,19:06,NORD,TGV HAUTE PICARDIE,JCNORDSUD,FRTHP,18:46,FRQRV
5272,2023-06-12,TGV HAUTE PICARDIE,NON,5124,23:14,NORD,AVIGNON TGV,JCNORDSUD,FRAVG,19:15,FRTHP
5273,2023-06-12,TGV HAUTE PICARDIE,NON,5124,22:00,NORD,LYON (intramuros),JCNORDSUD,FRLPD,19:15,FRTHP
5274,2023-06-12,TGV HAUTE PICARDIE,OUI,5124,20:09,NORD,MARNE LA VALLEE CHESSY,JCNORDSUD,FRMLV,19:15,FRTHP
5275,2023-06-12,STRASBOURG,NON,5470,13:04,EST,MASSY TGV,JCESTATL,FRDJU,10:01,FRAEG
5276,2023-06-12,STRASBOURG,NON,5470,10:37,EST,LORRAINE TGV,JCESTATL,FREAM,10:01,FRAEG
5277,2023-06-12,MEUSE TGV,NON,5470,12:01,EST,AEROPORT CDG2 TGV ROISSY,JCESTATL,FRMLW,11:01,FREAJ
5278,2023-06-12,AEROPORT CDG2 TGV ROISSY,NON,5470,13:04,EST,MASSY TGV,JCESTATL,FRDJU,12:16,FRMLW
5279,2023-06-12,AEROPORT CDG2 TGV ROISSY,NON,5470,14:47,EST,RENNES,JCESTATL,FRRNS,12:16,FRMLW
5280,2023-06-12,ORTHEZ,OUI,8587,20:41,ATLANTIQUE,BORDEAUX ST JEAN,SUDOUESTPA,FRBOJ,18:49,FRGFI
5281,2023-06-12,LOURDES,OUI,8587,18:24,ATLANTIQUE,PAU,SUDOUESTPA,FRAEE,17:59,FRLDE
5282,2023-06-12,LOURDES,NON,8587,23:00,ATLANTIQUE,PARIS (intramuros),SUDOUESTPA,FRPMO,17:59,FRLDE
5283,2023-06-12,TARBES,OUI,8587,18:47,ATLANTIQUE,ORTHEZ,SUDOUESTPA,FRGFI,17:35,FRXTB
5284,2023-06-12,DAX,OUI,8560,09:40,ATLANTIQUE,BORDEAUX ST JEAN,SUDOUESTPA,FRBOJ,08:25,FRACG
5285,2023-06-12,PAU,OUI,8560,09:40,ATLANTIQUE,BORDEAUX ST JEAN,SUDOUESTPA,FRBOJ,07:25,FRAEE
5286,2023-06-12,BORDEAUX ST JEAN,NON,8560,11:52,ATLANTIQUE,PARIS (intramuros),SUDOUESTPA,FRPMO,09:46,FRBOJ
5287,2023-06-12,LOURDES,NON,8560,11:52,ATLANTIQUE,PARIS (intramuros),SUDOUESTPA,FRPMO,06:57,FRLDE
5288,2023-06-12,TARBES,OUI,8560,09:40,ATLANTIQUE,BORDEAUX ST JEAN,SUDOUESTPA,FRBOJ,06:40,FRXTB
5289,2023-06-12,CHAMBERY CHALLES LES EAUX,NON,6949,21:04,SUD EST,AIX LES BAINS LE REVARD,PARISALPES,FRXAI,20:52,FRCMF
5290,2023-06-12,MACON LOCHE TGV,NON,6949,21:04,SUD EST,AIX LES BAINS LE REVARD,PARISALPES,FRXAI,19:20,FRMLT
5291,2023-06-12,STRASBOURG,NON,9575,16:26,INTERNATIONAL,KARLSRUHE HBF,PASTUTMUN,DEQKA,15:46,FRAEG
5292,2023-06-12,RENNES,NON,8729,19:37,ATLANTIQUE,AURAY,PARISBRETA,FRXUY,18:29,FRRNS
5293,2023-06-12,VANNES,OUI,8729,19:56,ATLANTIQUE,LORIENT,PARISBRETA,FRLRT,19:27,FRVNE
5294,2023-06-12,ZUERICH HB,NON,9226,16:28,INTERNATIONAL,BASEL SBB,ZURBALPA,CHAJP,15:34,CHAJD
5295,2023-06-12,ZUERICH HB,NON,9226,16:53,INTERNATIONAL,MULHOUSE VILLE,ZURBALPA,FRAEK,15:34,CHAJD
5296,2023-06-12,BASEL SBB,NON,9226,19:38,INTERNATIONAL,PARIS (intramuros),ZURBALPA,FRPLY,16:34,CHAJP
5297,2023-06-12,PARIS (intramuros),NON,5789,07:33,IC NUIT,EMBRUN,PABRIANCON,FRIGV,20:48,FRPAZ
5298,2023-06-12,PARIS (intramuros),NON,5789,08:04,IC NUIT,L'ARGENTIERE LES ECRINS   (05),PABRIANCON,FRIHC,20:48,FRPAZ
5299,2023-06-12,NIMES,NON,9864,18:47,NORD,MARNE LA VALLEE CHESSY,JCSUDNORD,FRMLV,15:19,FRFNI
5300,2023-06-12,NIMES,NON,9864,19:01,NORD,AEROPORT CDG2 TGV ROISSY,JCSUDNORD,FRMLW,15:19,FRFNI
5301,2023-06-12,MONTPELLIER SAINT-ROCH,NON,9864,19:57,NORD,LILLE (intramuros),JCSUDNORD,FRLLE,14:51,FRMPL
5302,2023-06-12,VALENCE TGV RHONE-ALPES SUD,NON,9864,16:49,NORD,LYON (intramuros),JCSUDNORD,FRLPD,16:10,FRVLA
5303,2023-06-12,VALENCE TGV RHONE-ALPES SUD,NON,9864,19:01,NORD,AEROPORT CDG2 TGV ROISSY,JCSUDNORD,FRMLW,16:10,FRVLA
5304,2023-06-12,LYON-SAINT EXUPERY TGV,NON,6191,10:09,SUD EST,MONTELIMAR GARE SNCF,PAVDR,FRXMK,09:11,FRJDQ
5305,2023-06-12,PARIS (intramuros),NON,6191,09:46,SUD EST,VALENCE VILLE,PAVDR,FRVAF,07:12,FRPLY
5306,2023-06-12,ORANGE,OUI,6191,10:56,SUD EST,AVIGNON CENTRE,PAVDR,FRAES,10:41,FRXOG
5307,2023-06-12,METZ VILLE,NON,2864,12:20,EST,PARIS (intramuros),LUXMETZPA,FRPST,10:57,FRADE
5308,2023-06-12,LE HAVRE,NON,5316,22:01,SUD EST,AVIGNON TGV,JCATLSUD,FRAVG,15:41,FRAEZ
5309,2023-06-12,LE HAVRE,NON,5316,22:35,SUD EST,MARSEILLE ST CHARLES,JCATLSUD,FRMSC,15:41,FRAEZ
5310,2023-06-12,LE HAVRE,OUI,5316,16:34,SUD EST,ROUEN RIVE DROITE,JCATLSUD,FRURD,15:41,FRAEZ
5311,2023-06-12,AVIGNON TGV,OUI,5316,22:35,SUD EST,MARSEILLE ST CHARLES,JCATLSUD,FRMSC,22:04,FRAVG
5312,2023-06-12,LYON (intramuros),OUI,5316,22:35,SUD EST,MARSEILLE ST CHARLES,JCATLSUD,FRMSC,20:41,FRLPD
5313,2023-06-12,MANTES LA JOLIE,NON,5316,22:01,SUD EST,AVIGNON TGV,JCATLSUD,FRAVG,17:32,FRMTE
5314,2023-06-12,MANTES LA JOLIE,OUI,5316,18:25,SUD EST,MASSY PALAISEAU,JCATLSUD,FRMPU,17:32,FRMTE
5315,2023-06-12,PARIS (intramuros),NON,8629,20:38,ATLANTIQUE,BREST,PARISBRETA,FRBES,16:53,FRPMO
5316,2023-06-12,RENNES,OUI,8629,19:33,ATLANTIQUE,GUINGAMP,PARISBRETA,FRGGP,18:32,FRRNS
5317,2023-06-12,BEZIERS,OUI,6821,09:44,SUD EST,NARBONNE,JCPROVSUD,FRXNA,09:30,FRBZR
5318,2023-06-12,NIMES,OUI,6821,09:00,SUD EST,SETE,JCPROVSUD,FRXSY,08:07,FRFNI
5319,2023-06-12,NIMES,OUI,6821,11:02,SUD EST,TOULOUSE MATABIAU,JCPROVSUD,FRXYT,08:07,FRFNI
5320,2023-06-12,LYON (intramuros),OUI,6821,10:17,SUD EST,CARCASSONNE,JCPROVSUD,FRCCF,06:37,FRLPD
5321,2023-06-12,VALENCE TGV RHONE-ALPES SUD,OUI,6821,10:17,SUD EST,CARCASSONNE,JCPROVSUD,FRCCF,07:18,FRVLA
5322,2023-06-12,VALENCE TGV RHONE-ALPES SUD,OUI,6821,09:44,SUD EST,NARBONNE,JCPROVSUD,FRXNA,07:18,FRVLA
5323,2023-06-12,NARBONNE,OUI,6821,11:02,SUD EST,TOULOUSE MATABIAU,JCPROVSUD,FRXYT,09:47,FRXNA
5324,2023-06-12,PARIS (intramuros),NON,6117,19:00,SUD EST,MARSEILLE ST CHARLES,PAPROVENCE,FRMSC,15:36,FRPLY
5325,2023-06-12,AIX EN PROVENCE TGV,OUI,6121,19:57,SUD EST,MARSEILLE ST CHARLES,PAPROVENCE,FRMSC,19:45,FRAIE
5326,2023-06-12,AVIGNON TGV,OUI,6121,19:42,SUD EST,AIX EN PROVENCE TGV,PAPROVENCE,FRAIE,19:23,FRAVG
5327,2023-06-12,UZERCHE,OUI,3684,22:21,IC ARO,PARIS (intramuros),TOULOUZECO,FRPAZ,18:11,FRAAW
5328,2023-06-12,LIMOGES BENEDICTINS,OUI,3684,20:46,IC ARO,VIERZON VILLE,TOULOUZECO,FRXVZ,18:51,FRAGQ
5329,2023-06-12,LA SOUTERRAINE,OUI,3684,20:46,IC ARO,VIERZON VILLE,TOULOUZECO,FRXVZ,19:28,FRLST
5330,2023-06-12,AVIGNON TGV,NON,6866,20:54,SUD EST,LYON (intramuros),JCSUDPROV,FRLPD,19:48,FRAVG
5331,2023-06-12,TOULON,NON,6866,18:53,SUD EST,MARSEILLE ST CHARLES,JCSUDPROV,FRMSC,17:53,FRTLN
5332,2023-06-12,JONZAC,NON,3852,09:23,IC SRO,SAINTES,BORDONANTE,FRXST,08:41,FREMR
5333,2023-06-12,ROCHEFORT,NON,3852,10:15,IC SRO,LA ROCHELLE VILLE,BORDONANTE,FRLRH,09:55,FRRCO
5334,2023-06-12,SAINTES,NON,3852,09:53,IC SRO,ROCHEFORT,BORDONANTE,FRRCO,09:25,FRXST
5335,2023-06-12,ANGERS ST LAUD,NON,5306,17:49,SUD EST,LYON (intramuros),JCATLSUD,FRLPE,13:27,FRACL
5336,2023-06-12,MASSY TGV,NON,5306,17:30,SUD EST,LYON (intramuros),JCATLSUD,FRLPD,15:26,FRDJU
5337,2023-06-12,MASSY TGV,NON,5306,17:49,SUD EST,LYON (intramuros),JCATLSUD,FRLPE,15:26,FRDJU
5338,2023-06-12,NANTES,NON,5306,17:49,SUD EST,LYON (intramuros),JCATLSUD,FRLPE,12:44,FRNTE
5339,2023-06-12,AIX EN PROVENCE TGV,NON,6101,09:56,SUD EST,MARSEILLE ST CHARLES,PAPROVENCE,FRMSC,09:44,FRAIE
5340,2023-06-12,AVIGNON TGV,NON,6101,09:56,SUD EST,MARSEILLE ST CHARLES,PAPROVENCE,FRMSC,09:22,FRAVG
5341,2023-06-12,LYON (intramuros),NON,5382,14:50,SUD EST,LE MANS,JCSUDATL,FRAET,11:50,FRLPD
5342,2023-06-12,LYON (intramuros),OUI,5382,11:44,SUD EST,LYON (intramuros),JCSUDATL,FRLPD,11:36,FRLPE
5343,2023-06-12,LYON (intramuros),NON,5382,15:40,SUD EST,RENNES,JCSUDATL,FRRNS,11:36,FRLPE
5344,2023-06-12,PARIS (intramuros),NON,8319,19:35,ATLANTIQUE,ST PIERRE DES CORPS,PAROCHELLE,FRXSH,18:28,FRPMO
5345,2023-06-12,FRANKFURT MAIN HBF,NON,9558,07:21,INTERNATIONAL,KAISERSLAUTERN HBF,FRANCPA,DEKLT,05:56,DEFRH
5346,2023-06-12,FRANKFURT MAIN HBF,NON,9558,06:39,INTERNATIONAL,MANNHEIM HBF,FRANCPA,DEMHG,05:56,DEFRH
5347,2023-06-12,MANNHEIM HBF,NON,9558,08:00,INTERNATIONAL,SARREBRUCK/SAARBRUECKEN,FRANCPA,DESBK,06:40,DEMHG
5348,2023-06-12,MANNHEIM HBF,NON,9558,08:09,INTERNATIONAL,FORBACH,FRANCPA,FRBQT,06:40,DEMHG
5349,2023-06-12,SARREBRUCK/SAARBRUECKEN,NON,9558,08:09,INTERNATIONAL,FORBACH,FRANCPA,FRBQT,08:01,DESBK
5350,2023-06-12,FORBACH,NON,9558,09:51,INTERNATIONAL,PARIS (intramuros),FRANCPA,FRPST,08:11,FRBQT
5351,2023-06-12,DIJON VILLE,NON,5514,10:27,EST,STRASBOURG,JCRHONRHIN,FRAEG,08:00,FRABA
5352,2023-06-12,DIJON VILLE,NON,5514,08:33,EST,BESANCON - F COMTE TGV,JCRHONRHIN,FRTJB,08:00,FRABA
5353,2023-06-12,MULHOUSE VILLE,NON,5514,10:27,EST,STRASBOURG,JCRHONRHIN,FRAEG,09:35,FRAEK
5354,2023-06-12,MACON VILLE,NON,5514,09:32,EST,MULHOUSE VILLE,JCRHONRHIN,FRAEK,06:41,FRHGU
5355,2023-06-12,LYON (intramuros),NON,5514,10:27,EST,STRASBOURG,JCRHONRHIN,FRAEG,06:04,FRLPD
5356,2023-06-12,LYON (intramuros),NON,5514,09:00,EST,BELFORT-MONTBELIARD TGV,JCRHONRHIN,FRTJA,06:04,FRLPD
5357,2023-06-12,LYON (intramuros),OUI,5514,05:54,EST,LYON (intramuros),JCRHONRHIN,FRLPD,05:46,FRLPE
5358,2023-06-12,LYON (intramuros),NON,5514,09:00,EST,BELFORT-MONTBELIARD TGV,JCRHONRHIN,FRTJA,05:46,FRLPE
5359,2023-06-12,BESANCON - F COMTE TGV,NON,5514,09:00,EST,BELFORT-MONTBELIARD TGV,JCRHONRHIN,FRTJA,08:38,FRTJB
5360,2023-06-12,LUXEMBOURG,OUI,2872,16:52,EST,METZ VILLE,LUXMETZPA,FRADE,16:10,LULUX
5361,2023-06-12,LUXEMBOURG,OUI,2872,18:20,EST,PARIS (intramuros),LUXMETZPA,FRPST,16:10,LULUX
5362,2023-06-12,DAX,NON,8531,11:47,ATLANTIQUE,HENDAYE,PASUDOUEST,FRAEF,10:37,FRACG
5363,2023-06-12,BESANCON VIOTTE,NON,6766,19:56,SUD EST,DOLE VILLE,BOURPA,FRACE,19:32,FRABG
5364,2023-06-12,ANNECY,NON,6960,07:40,SUD EST,MACON LOCHE TGV,ALPESPARIS,FRMLT,05:29,FRNCY
5365,2023-06-12,AVIGNON TGV,NON,6813,15:46,SUD EST,MARSEILLE ST CHARLES,JCPROVSUD,FRMSC,15:13,FRAVG
5366,2023-06-12,ISSOUDUN,NON,3625,11:52,IC ARO,CHATEAUROUX,PALITO,FRCHR,11:38,FRFMN
5367,2023-06-12,ISSOUDUN,NON,3625,12:29,IC ARO,LA SOUTERRAINE,PALITO,FRLST,11:38,FRFMN
5368,2023-06-12,PARIS (intramuros),NON,3625,14:14,IC ARO,BRIVE LA GAILLARDE,PALITO,FRBVE,09:38,FRPAZ
5369,2023-06-12,VIERZON VILLE,NON,3625,13:06,IC ARO,LIMOGES BENEDICTINS,PALITO,FRAGQ,11:17,FRXVZ
5370,2023-06-12,VIERZON VILLE,NON,3625,12:29,IC ARO,LA SOUTERRAINE,PALITO,FRLST,11:17,FRXVZ
5371,2023-06-12,ISSOUDUN,NON,3625,13:47,IC ARO,UZERCHE,PALITO,FRAAW,11:38,FRFMN
5372,2023-06-12,LYON (intramuros),OUI,6615,15:10,SUD EST,LYON (intramuros),PARISRHONE,FRLPE,15:02,FRLPD
5373,2023-06-12,PARIS (intramuros),NON,7581,20:45,NORD,RANG DU FLIERS VERTON,PAARRAS,FRCVU,17:52,FRPNO
5374,2023-06-12,PARIS (intramuros),NON,7581,19:08,NORD,LILLE (intramuros),PAARRAS,FRLLE,17:52,FRPNO
5375,2023-06-12,PARIS (intramuros),NON,7581,18:40,NORD,ARRAS,PAARRAS,FRQRV,17:52,FRPNO
5376,2023-06-12,PARIS (intramuros),NON,7581,19:43,NORD,CALAIS FRETHUN,PAARRAS,FRSTH,17:52,FRPNO
5377,2023-06-12,LE CREUSOT MONTCEAU MONTCHANIN,NON,6624,18:08,SUD EST,PARIS (intramuros),RHONEPARIS,FRPLY,16:51,FRXCC
5378,2023-06-12,LYON (intramuros),NON,5182,20:47,NORD,MARNE LA VALLEE CHESSY,JCSUDNORD,FRMLV,19:00,FRLPD
5379,2023-06-12,VALENCE TGV RHONE-ALPES SUD,NON,5182,20:47,NORD,MARNE LA VALLEE CHESSY,JCSUDNORD,FRMLV,18:10,FRVLA
5380,2023-06-12,NIMES PONT DU GARD,NON,5182,21:57,NORD,LILLE (intramuros),JCSUDNORD,FRLLE,17:27,FRXZP
5381,2023-06-12,DIJON VILLE,NON,2239,20:41,EST,TOULON,JCRHINRHON,FRTLN,16:20,FRABA
5382,2023-06-12,DIJON VILLE,NON,2239,21:17,EST,LES ARCS DRAGUIGNAN,JCRHINRHON,FRXRS,16:20,FRABA
5383,2023-06-12,STRASBOURG,OUI,2239,14:30,EST,MULHOUSE VILLE,JCRHINRHON,FRAEK,13:37,FRAEG
5384,2023-06-12,STRASBOURG,NON,2239,22:30,EST,NICE VILLE,JCRHINRHON,FRNIC,13:37,FRAEG
5385,2023-06-12,STRASBOURG,NON,2239,20:41,EST,TOULON,JCRHINRHON,FRTLN,13:37,FRAEG
5386,2023-06-12,COLMAR,OUI,2239,14:30,EST,MULHOUSE VILLE,JCRHINRHON,FRAEK,14:05,FRAEJ
5387,2023-06-12,COLMAR,NON,2239,19:10,EST,AVIGNON TGV,JCRHINRHON,FRAVG,14:05,FRAEJ
5388,2023-06-12,COLMAR,NON,2239,21:59,EST,CANNES,JCRHINRHON,FRJCA,14:05,FRAEJ
5389,2023-06-12,COLMAR,NON,2239,17:56,EST,LYON (intramuros),JCRHINRHON,FRLPD,14:05,FRAEJ
5390,2023-06-12,COLMAR,NON,2239,21:17,EST,LES ARCS DRAGUIGNAN,JCRHINRHON,FRXRS,14:05,FRAEJ
5391,2023-06-12,MULHOUSE VILLE,OUI,2239,16:04,EST,DIJON VILLE,JCRHINRHON,FRABA,14:41,FRAEK
5392,2023-06-12,MULHOUSE VILLE,NON,2239,19:10,EST,AVIGNON TGV,JCRHINRHON,FRAVG,14:41,FRAEK
5393,2023-06-12,MULHOUSE VILLE,NON,2239,19:45,EST,MARSEILLE ST CHARLES,JCRHINRHON,FRMSC,14:41,FRAEK
5394,2023-06-12,MULHOUSE VILLE,NON,2239,21:34,EST,ST RAPHAEL VALESCURE,JCRHINRHON,FRXSK,14:41,FRAEK
5395,2023-06-12,AIX EN PROVENCE TGV,OUI,2239,22:11,EST,ANTIBES,JCRHINRHON,FRXAT,19:33,FRAIE
5396,2023-06-12,AIX EN PROVENCE TGV,OUI,2239,21:17,EST,LES ARCS DRAGUIGNAN,JCRHINRHON,FRXRS,19:33,FRAIE
5397,2023-06-12,AVIGNON TGV,NON,2239,21:59,EST,CANNES,JCRHINRHON,FRJCA,19:12,FRAVG
5398,2023-06-12,AVIGNON TGV,NON,2239,19:45,EST,MARSEILLE ST CHARLES,JCRHINRHON,FRMSC,19:12,FRAVG
5399,2023-06-12,AVIGNON TGV,NON,2239,22:11,EST,ANTIBES,JCRHINRHON,FRXAT,19:12,FRAVG
5400,2023-06-12,AVIGNON TGV,NON,2239,21:34,EST,ST RAPHAEL VALESCURE,JCRHINRHON,FRXSK,19:12,FRAVG
5401,2023-06-12,CANNES,OUI,2239,22:30,EST,NICE VILLE,JCRHINRHON,FRNIC,22:03,FRJCA
5402,2023-06-12,BELFORT-MONTBELIARD TGV,OUI,2239,16:04,EST,DIJON VILLE,JCRHINRHON,FRABA,15:06,FRTJA
5403,2023-06-12,BESANCON - F COMTE TGV,OUI,2239,16:04,EST,DIJON VILLE,JCRHINRHON,FRABA,15:36,FRTJB
5404,2023-06-12,TOULON,OUI,2239,21:59,EST,CANNES,JCRHINRHON,FRJCA,20:45,FRTLN
5405,2023-06-12,BEAUNE,NON,2239,22:30,EST,NICE VILLE,JCRHINRHON,FRNIC,16:42,FRXBV
5406,2023-06-12,BEAUNE,NON,2239,20:41,EST,TOULON,JCRHINRHON,FRTLN,16:42,FRXBV
5407,2023-06-12,BEAUNE,NON,2239,22:11,EST,ANTIBES,JCRHINRHON,FRXAT,16:42,FRXBV
5408,2023-06-12,LES ARCS DRAGUIGNAN,OUI,2239,22:30,EST,NICE VILLE,JCRHINRHON,FRNIC,21:20,FRXRS
5409,2023-06-12,LES ARCS DRAGUIGNAN,OUI,2239,21:34,EST,ST RAPHAEL VALESCURE,JCRHINRHON,FRXSK,21:20,FRXRS
5410,2023-06-12,ST RAPHAEL VALESCURE,OUI,2239,22:30,EST,NICE VILLE,JCRHINRHON,FRNIC,21:37,FRXSK
5411,2023-06-12,BESANCON - F COMTE TGV,NON,2239,21:59,EST,CANNES,JCRHINRHON,FRJCA,15:36,FRTJB
5412,2023-06-12,STRASBOURG,OUI,2239,16:39,EST,BEAUNE,JCRHINRHON,FRXBV,13:37,FRAEG
5413,2023-06-12,MULHOUSE VILLE,OUI,2239,16:39,EST,BEAUNE,JCRHINRHON,FRXBV,14:41,FRAEK
5414,2023-06-12,PARIS (intramuros),OUI,7577,17:40,NORD,ARRAS,PAARRAS,FRQRV,16:52,FRPNO
5415,2023-06-12,PARIS (intramuros),OUI,7577,18:41,NORD,CALAIS FRETHUN,PAARRAS,FRSTH,16:52,FRPNO
5416,2023-06-12,VENDOME VILLIERS SUR LOIR,OUI,8301,08:45,ATLANTIQUE,TOURS,PAROCHELLE,FRAFW,08:16,FRESL
5417,2023-06-12,PARIS (intramuros),OUI,8301,08:45,ATLANTIQUE,TOURS,PAROCHELLE,FRAFW,07:28,FRPMO
5418,2023-06-12,LOURDES,NON,14148,17:12,IC SRO,LANNEMEZAN,SUDOUEST,FRLNZ,16:28,FRLDE
5419,2023-06-12,TARBES,NON,14148,17:12,IC SRO,LANNEMEZAN,SUDOUEST,FRLNZ,16:47,FRXTB
5420,2023-06-12,TARBES,NON,14148,18:27,IC SRO,TOULOUSE MATABIAU,SUDOUEST,FRXYT,16:47,FRXTB
5421,2023-06-12,AVIGNON TGV,NON,6165,16:58,SUD EST,NICE VILLE,PAAZUR,FRNIC,14:04,FRAVG
5422,2023-06-12,AVIGNON TGV,NON,6165,16:01,SUD EST,ST RAPHAEL VALESCURE,PAAZUR,FRXSK,14:04,FRAVG
5423,2023-06-12,CANNES,OUI,6165,16:58,SUD EST,NICE VILLE,PAAZUR,FRNIC,16:30,FRJCA
5424,2023-06-12,ANTIBES,OUI,6165,16:58,SUD EST,NICE VILLE,PAAZUR,FRNIC,16:42,FRXAT
5425,2023-06-12,ST RAPHAEL VALESCURE,OUI,6165,16:58,SUD EST,NICE VILLE,PAAZUR,FRNIC,16:04,FRXSK
5426,2023-06-12,ST RAPHAEL VALESCURE,OUI,6165,16:39,SUD EST,ANTIBES,PAAZUR,FRXAT,16:04,FRXSK
5427,2023-06-12,PARIS (intramuros),OUI,8067,19:10,ATLANTIQUE,RENNES,PARISBRETA,FRRNS,17:12,FRPMO
5428,2023-06-12,PARIS (intramuros),OUI,8019,14:25,ATLANTIQUE,RENNES,PARISBRETA,FRRNS,12:56,FRPMO
5429,2023-06-12,AUTERIVE,NON,3970,06:33,IC NUIT,PARIS (intramuros),PALOMBEPAR,FRPAZ,21:20,FRFPW
5430,2023-06-12,LATOUR DE CAROL ENVEITG,NON,3970,05:16,IC NUIT,LES AUBRAIS ORLEANS,PALOMBEPAR,FRLAB,18:49,FRXTE
5431,2023-06-12,LUZENAC GARANOU,NON,3970,06:33,IC NUIT,PARIS (intramuros),PALOMBEPAR,FRPAZ,19:56,FRFQI
5432,2023-06-12,AVIGNON CENTRE,OUI,6196,14:18,SUD EST,ORANGE,VDRPA,FRXOG,14:04,FRAES
5433,2023-06-12,VALENCE VILLE,NON,6196,17:46,SUD EST,PARIS (intramuros),VDRPA,FRPLY,15:13,FRVAF
5434,2023-06-12,MONTELIMAR GARE SNCF,NON,6196,17:46,SUD EST,PARIS (intramuros),VDRPA,FRPLY,14:49,FRXMK
5435,2023-06-12,AIX EN PROVENCE TGV,OUI,6024,16:38,SUD EST,AVIGNON TGV,PROVENCEPA,FRAVG,16:19,FRAIE
5436,2023-06-12,AVIGNON TGV,NON,6024,19:22,SUD EST,PARIS (intramuros),PROVENCEPA,FRPLY,16:41,FRAVG
5437,2023-06-12,LAUSANNE,NON,9774,14:21,INTERNATIONAL,GENEVE,GENEVEPA,CHGVA,13:45,CHAJF
5438,2023-06-12,LAUSANNE,NON,9774,15:49,INTERNATIONAL,BOURG EN BRESSE,GENEVEPA,FRXBK,13:45,CHAJF
5439,2023-06-12,BELLEGARDE,NON,9774,17:42,INTERNATIONAL,PARIS (intramuros),GENEVEPA,FRPLY,15:02,FRXBF
5440,2023-06-12,AIX EN PROVENCE TGV,OUI,6181,22:02,SUD EST,ST RAPHAEL VALESCURE,PAAZUR,FRXSK,20:20,FRAIE
5441,2023-06-12,PARIS (intramuros),NON,6181,22:28,SUD EST,CANNES,PAAZUR,FRJCA,17:20,FRPLY
5442,2023-06-12,CANNES,OUI,6176,14:33,SUD EST,MARSEILLE ST CHARLES,AZURPA,FRMSC,12:33,FRJCA
5443,2023-06-12,CANNES,OUI,6176,13:44,SUD EST,TOULON,AZURPA,FRTLN,12:33,FRJCA
5444,2023-06-12,CANNES,OUI,6176,12:55,SUD EST,ST RAPHAEL VALESCURE,AZURPA,FRXSK,12:33,FRJCA
5445,2023-06-12,MARSEILLE ST CHARLES,OUI,6176,17:50,SUD EST,PARIS (intramuros),AZURPA,FRPLY,14:47,FRMSC
5446,2023-06-12,ANTIBES,OUI,6176,14:33,SUD EST,MARSEILLE ST CHARLES,AZURPA,FRMSC,12:19,FRXAT
5447,2023-06-12,ST RAPHAEL VALESCURE,OUI,6176,17:50,SUD EST,PARIS (intramuros),AZURPA,FRPLY,12:58,FRXSK
5448,2023-06-12,NICE VILLE,OUI,6174,10:28,SUD EST,CANNES,AZURPA,FRJCA,09:57,FRNIC
5449,2023-06-12,NICE VILLE,NON,6174,12:33,SUD EST,MARSEILLE ST CHARLES,AZURPA,FRMSC,09:57,FRNIC
5450,2023-06-12,NICE VILLE,OUI,6174,10:55,SUD EST,ST RAPHAEL VALESCURE,AZURPA,FRXSK,09:57,FRNIC
5451,2023-06-12,ANTIBES,NON,6174,12:33,SUD EST,MARSEILLE ST CHARLES,AZURPA,FRMSC,10:16,FRXAT
5452,2023-06-12,ST RAPHAEL VALESCURE,NON,6174,12:33,SUD EST,MARSEILLE ST CHARLES,AZURPA,FRMSC,10:58,FRXSK
5453,2023-06-12,ST RAPHAEL VALESCURE,NON,6174,15:50,SUD EST,PARIS (intramuros),AZURPA,FRPLY,10:58,FRXSK
5454,2023-06-12,MASSY TGV,NON,5480,18:00,EST,CHAMPAGNE-ARDENNE,JCATLEST,FREAH,16:26,FRDJU
5455,2023-06-12,MARNE LA VALLEE CHESSY,NON,5480,17:13,EST,AEROPORT CDG2 TGV ROISSY,JCATLEST,FRMLW,17:03,FRMLV
5456,2023-06-12,AEROPORT CDG2 TGV ROISSY,NON,5480,18:00,EST,CHAMPAGNE-ARDENNE,JCATLEST,FREAH,17:29,FRMLW
5457,2023-06-12,NANTES,NON,5480,18:48,EST,LORRAINE TGV,JCATLEST,FREAM,14:09,FRNTE
5458,2023-06-12,MARSEILLE ST CHARLES,OUI,6177,19:01,SUD EST,ST RAPHAEL VALESCURE,PAAZUR,FRXSK,17:28,FRMSC
5459,2023-06-12,ST RAPHAEL VALESCURE,OUI,6177,19:58,SUD EST,NICE VILLE,PAAZUR,FRNIC,19:04,FRXSK
5460,2023-06-12,ST BRIEUC,OUI,8602,07:29,ATLANTIQUE,RENNES,BRETAPARIS,FRRNS,06:41,FRSBK
5461,2023-06-12,CHATEAUROUX,OUI,3665,19:59,IC ARO,ARGENTON SUR CREUSE,PALITO,FRFMT,19:44,FRCHR
5462,2023-06-12,CHATEAUROUX,OUI,3665,20:24,IC ARO,LA SOUTERRAINE,PALITO,FRLST,19:44,FRCHR
5463,2023-06-12,ARGENTON SUR CREUSE,OUI,3665,22:04,IC ARO,BRIVE LA GAILLARDE,PALITO,FRBVE,20:00,FRFMT
5464,2023-06-12,PARIS (intramuros),OUI,3665,22:04,IC ARO,BRIVE LA GAILLARDE,PALITO,FRBVE,17:38,FRPAZ
5465,2023-06-12,PARIS (intramuros),OUI,3665,19:42,IC ARO,CHATEAUROUX,PALITO,FRCHR,17:38,FRPAZ
5466,2023-06-12,PARIS (intramuros),OUI,3665,19:10,IC ARO,VIERZON VILLE,PALITO,FRXVZ,17:38,FRPAZ
5467,2023-06-12,VIERZON VILLE,OUI,3665,19:42,IC ARO,CHATEAUROUX,PALITO,FRCHR,19:12,FRXVZ
5468,2023-06-12,VIERZON VILLE,OUI,3665,19:59,IC ARO,ARGENTON SUR CREUSE,PALITO,FRFMT,19:12,FRXVZ
5469,2023-06-12,LILLE (intramuros),NON,7052,17:14,NORD,PARIS (intramuros),LILLEPA,FRPNO,16:12,FRADJ
5470,2023-06-12,NANTES,NON,8816,19:41,ATLANTIQUE,PARIS (intramuros),LOIREPARIS,FRPMO,17:40,FRNTE
5471,2023-06-12,ANGERS ST LAUD,NON,8900,08:12,ATLANTIQUE,PARIS (intramuros),LOIREPARIS,FRPMO,06:46,FRACL
5472,2023-06-12,NANTES,NON,8900,08:12,ATLANTIQUE,PARIS (intramuros),LOIREPARIS,FRPMO,06:05,FRNTE
5473,2023-06-12,MEUSE TGV,NON,2573,20:43,EST,EPINAL,PANANCY,FREPL,19:13,FREAJ
5474,2023-06-12,NANCY,OUI,2573,20:43,EST,EPINAL,PANANCY,FREPL,19:58,FRENC
5475,2023-06-12,PARIS (intramuros),NON,2573,19:10,EST,MEUSE TGV,PANANCY,FREAJ,18:10,FRPST
5476,2023-06-12,CLERMONT FERRAND,OUI,5954,09:02,IC ARO,PARIS (intramuros),CLERMONTPA,FRPBE,05:55,FRCFE
5477,2023-06-12,VALENCE TGV RHONE-ALPES SUD,NON,6275,15:25,SUD EST,SETE,PALANG,FRXSY,14:00,FRVLA
5478,2023-06-12,AGDE,OUI,6275,15:56,SUD EST,BEZIERS,PALANG,FRBZR,15:44,FRXAG
5479,2023-06-12,SETE,OUI,6275,15:56,SUD EST,BEZIERS,PALANG,FRBZR,15:28,FRXSY
5480,2023-06-12,PARIS (intramuros),NON,6275,14:59,SUD EST,MONTPELLIER SUD DE FRANCE,PALANG,FRSUF,11:44,FRPLY
5481,2023-06-12,VALENCE TGV RHONE-ALPES SUD,NON,6275,14:59,SUD EST,MONTPELLIER SUD DE FRANCE,PALANG,FRSUF,14:00,FRVLA
5482,2023-06-12,MONTPELLIER SUD DE FRANCE,NON,6275,16:13,SUD EST,NARBONNE,PALANG,FRXNA,15:10,FRSUF
5483,2023-06-12,NIMES PONT DU GARD,NON,6275,16:52,SUD EST,PERPIGNAN,PALANG,FRPGF,14:39,FRXZP
5484,2023-06-12,NIMES PONT DU GARD,NON,6275,16:13,SUD EST,NARBONNE,PALANG,FRXNA,14:39,FRXZP
5485,2023-06-12,NIMES PONT DU GARD,NON,6275,15:41,SUD EST,AGDE,PALANG,FRXAG,14:39,FRXZP
5486,2023-06-12,PARIS (intramuros),OUI,8811,16:09,ATLANTIQUE,ANGERS ST LAUD,PARISLOIRE,FRACL,14:45,FRPMO
5487,2023-06-12,SAUMUR,NON,4506,21:26,IC SRO,ANGERS ST LAUD,JOURLYNNTE,FRACL,21:05,FRACN
5488,2023-06-12,LYON (intramuros),NON,4506,21:03,IC SRO,SAUMUR,JOURLYNNTE,FRACN,15:44,FRLPD
5489,2023-06-12,LYON (intramuros),NON,4506,17:26,IC SRO,ST GERMAIN DES FOSSES,JOURLYNNTE,FRSGF,15:44,FRLPD
5490,2023-06-12,LYON (intramuros),NON,4506,17:51,IC SRO,MOULINS SUR ALLIER,JOURLYNNTE,FRXMU,15:44,FRLPD
5491,2023-06-12,LYON (intramuros),NON,4506,18:21,IC SRO,NEVERS,JOURLYNNTE,FRNVS,15:32,FRLPE
5492,2023-06-12,LYON (intramuros),NON,4506,17:51,IC SRO,MOULINS SUR ALLIER,JOURLYNNTE,FRXMU,15:32,FRLPE
5493,2023-06-12,LYON (intramuros),NON,4506,19:26,IC SRO,VIERZON VILLE,JOURLYNNTE,FRXVZ,15:32,FRLPE
5494,2023-06-12,NEVERS,NON,4506,19:26,IC SRO,VIERZON VILLE,JOURLYNNTE,FRXVZ,18:29,FRNVS
5495,2023-06-12,ROANNE,NON,4506,22:08,IC SRO,NANTES,JOURLYNNTE,FRNTE,16:48,FRRNE
5496,2023-06-12,ROANNE,NON,4506,17:26,IC SRO,ST GERMAIN DES FOSSES,JOURLYNNTE,FRSGF,16:48,FRRNE
5497,2023-06-12,ROANNE,NON,4506,17:51,IC SRO,MOULINS SUR ALLIER,JOURLYNNTE,FRXMU,16:48,FRRNE
5498,2023-06-12,MOULINS SUR ALLIER,NON,4506,20:26,IC SRO,ST PIERRE DES CORPS,JOURLYNNTE,FRXSH,17:53,FRXMU
5499,2023-06-12,ST PIERRE DES CORPS,NON,4506,21:26,IC SRO,ANGERS ST LAUD,JOURLYNNTE,FRACL,20:29,FRXSH
5500,2023-06-12,VIERZON VILLE,NON,4506,21:03,IC SRO,SAUMUR,JOURLYNNTE,FRACN,19:28,FRXVZ
5501,2023-06-12,PARIS (intramuros),OUI,8807,14:19,ATLANTIQUE,NANTES,PARISLOIRE,FRNTE,12:20,FRPMO
5502,2023-06-12,PARIS (intramuros),NON,7181,19:35,NORD,VALENCIENNES,PAARRAS,FRXVS,17:52,FRPNO
5503,2023-06-12,MULHOUSE VILLE,NON,6700,07:02,SUD EST,DIJON VILLE,BOURPA,FRABA,05:47,FRAEK
5504,2023-06-12,BELFORT-MONTBELIARD TGV,NON,6700,06:32,SUD EST,BESANCON - F COMTE TGV,BOURPA,FRTJB,06:11,FRTJA
5505,2023-06-12,CHATELLERAULT,NON,8330,08:33,ATLANTIQUE,PARIS (intramuros),ROCHELLEPA,FRPMO,06:52,FRXCX
5506,2023-06-12,CHATELLERAULT,OUI,8330,07:22,ATLANTIQUE,ST PIERRE DES CORPS,ROCHELLEPA,FRXSH,06:52,FRXCX
5507,2023-06-12,ST PIERRE DES CORPS,NON,8330,08:33,ATLANTIQUE,PARIS (intramuros),ROCHELLEPA,FRPMO,07:25,FRXSH
5508,2023-06-12,DAX,NON,8549,20:03,ATLANTIQUE,BAYONNE,PASUDOUEST,FRXBY,19:35,FRACG
5509,2023-06-12,BIARRITZ,OUI,8549,20:31,ATLANTIQUE,ST JEAN DE LUZ CIBOURE,PASUDOUEST,FRXJZ,20:18,FRBIQ
5510,2023-06-12,BORDEAUX ST JEAN,NON,8549,20:47,ATLANTIQUE,HENDAYE,PASUDOUEST,FRAEF,18:20,FRBOJ
5511,2023-06-12,BORDEAUX ST JEAN,NON,8549,20:31,ATLANTIQUE,ST JEAN DE LUZ CIBOURE,PASUDOUEST,FRXJZ,18:20,FRBOJ
5512,2023-06-12,PARIS (intramuros),NON,8549,18:14,ATLANTIQUE,BORDEAUX ST JEAN,PASUDOUEST,FRBOJ,16:08,FRPMO
5513,2023-06-12,BAYONNE,OUI,8549,20:47,ATLANTIQUE,HENDAYE,PASUDOUEST,FRAEF,20:06,FRXBY
5514,2023-06-12,BAYONNE,OUI,8549,20:15,ATLANTIQUE,BIARRITZ,PASUDOUEST,FRBIQ,20:06,FRXBY
5515,2023-06-12,QUIMPER,NON,8746,20:46,ATLANTIQUE,REDON,BRETAPARIS,FRXRN,19:16,FRUIP
5516,2023-06-12,REDON,NON,8746,21:25,ATLANTIQUE,RENNES,BRETAPARIS,FRRNS,20:49,FRXRN
5517,2023-06-12,AURAY,NON,8746,23:08,ATLANTIQUE,PARIS (intramuros),BRETAPARIS,FRPMO,20:09,FRXUY
5518,2023-06-12,PARIS (intramuros),NON,6131,23:05,SUD EST,AVIGNON TGV,PAPROVENCE,FRAVG,20:26,FRPLY
5519,2023-06-12,PARIS (intramuros),NON,6131,23:44,SUD EST,MARSEILLE ST CHARLES,PAPROVENCE,FRMSC,20:26,FRPLY
5520,2023-06-12,ANGERS ST LAUD,OUI,8905,20:34,ATLANTIQUE,ST NAZAIRE,PARISLOIRE,FRSNR,19:16,FRACL
5521,2023-06-12,PARIS (intramuros),OUI,8905,20:34,ATLANTIQUE,ST NAZAIRE,PARISLOIRE,FRSNR,17:48,FRPMO
5522,2023-06-12,STRASBOURG,OUI,9890,06:35,NORD,LORRAINE TGV,JCESTNORD,FREAM,06:01,FRAEG
5523,2023-06-12,PARIS (intramuros),OUI,5789,04:42,IC NUIT,CREST,PABRIANCON,FRCRE,20:48,FRPAZ
5524,2023-06-12,PARIS (intramuros),OUI,5789,05:20,IC NUIT,DIE,PABRIANCON,FRDIE,20:48,FRPAZ
5525,2023-06-12,PARIS (intramuros),OUI,5789,06:53,IC NUIT,GAP,PABRIANCON,FRGAT,20:48,FRPAZ
5526,2023-06-12,PARIS (intramuros),OUI,5789,06:27,IC NUIT,VEYNES DEVOLUY,PABRIANCON,FRVDY,20:48,FRPAZ
5527,2023-06-12,TOURS,NON,8314,12:43,ATLANTIQUE,VENDOME VILLIERS SUR LOIR,ROCHELLEPA,FRESL,12:13,FRAFW
5528,2023-06-12,TOURS,NON,8314,12:19,ATLANTIQUE,ST PIERRE DES CORPS,ROCHELLEPA,FRXSH,12:13,FRAFW
5529,2023-06-12,ST PIERRE DES CORPS,NON,8314,12:43,ATLANTIQUE,VENDOME VILLIERS SUR LOIR,ROCHELLEPA,FRESL,12:25,FRXSH
5530,2023-06-12,MEUSE TGV,OUI,2593,19:48,EST,NANCY,PANANCY,FRENC,19:13,FREAJ
5531,2023-06-12,PARIS (intramuros),NON,5959,16:35,IC ARO,CLERMONT FERRAND,PACLERMONT,FRCFE,13:00,FRPBE
5532,2023-06-12,PARIS (intramuros),NON,5959,15:28,IC ARO,MOULINS SUR ALLIER,PACLERMONT,FRXMU,13:00,FRPBE
5533,2023-06-12,RIOM CHATEL GUYON,NON,5959,16:35,IC ARO,CLERMONT FERRAND,PACLERMONT,FRCFE,16:25,FRRIO
5534,2023-06-12,VICHY,NON,5959,16:35,IC ARO,CLERMONT FERRAND,PACLERMONT,FRCFE,16:03,FRVHY
5535,2023-06-12,PARIS (intramuros),NON,8451,19:27,ATLANTIQUE,ANGOULEME,PASUDOUEST,FRANG,17:40,FRPMO
5536,2023-06-12,METZ VILLE,OUI,2886,20:36,EST,PARIS (intramuros),LUXMETZPA,FRPST,18:58,FRADE
5537,2023-06-12,CHAMPAGNE-ARDENNE,OUI,2886,20:36,EST,PARIS (intramuros),LUXMETZPA,FRPST,19:54,FREAH
5538,2023-06-12,MUENCHEN HBF,NON,9576,12:31,INTERNATIONAL,PARIS (intramuros),MUNSTUTPA,FRPST,06:51,DEBEG
5539,2023-06-12,ULM HBF,NON,9576,09:51,INTERNATIONAL,KARLSRUHE HBF,MUNSTUTPA,DEQKA,08:04,DEQUL
5540,2023-06-12,PARIS (intramuros),OUI,8093,21:01,ATLANTIQUE,ST MALO,PARISBRETA,FRXSB,18:11,FRPMO
5541,2023-06-12,VITRE,OUI,8093,20:10,ATLANTIQUE,RENNES,PARISBRETA,FRRNS,19:49,FRXVT
5542,2023-06-12,PAU,NON,14155,20:00,IC SRO,BAYONNE,SUDOUEST,FRXBY,18:54,FRAEE
5543,2023-06-12,ORTHEZ,NON,14155,20:42,IC SRO,ST JEAN DE LUZ CIBOURE,SUDOUEST,FRXJZ,19:17,FRGFI
5544,2023-06-12,LOURDES,NON,14155,18:51,IC SRO,PAU,SUDOUEST,FRAEE,18:25,FRLDE
5545,2023-06-12,LOURDES,NON,14155,20:00,IC SRO,BAYONNE,SUDOUEST,FRXBY,18:25,FRLDE
5546,2023-06-12,LANNEMEZAN,NON,14155,18:51,IC SRO,PAU,SUDOUEST,FRAEE,17:44,FRLNZ
5547,2023-06-12,LANNEMEZAN,NON,14155,20:00,IC SRO,BAYONNE,SUDOUEST,FRXBY,17:44,FRLNZ
5548,2023-06-12,TARBES,NON,14155,18:51,IC SRO,PAU,SUDOUEST,FRAEE,18:09,FRXTB
5549,2023-06-12,TOULOUSE MATABIAU,NON,14155,20:55,IC SRO,HENDAYE,SUDOUEST,FRAEF,16:34,FRXYT
5550,2023-06-12,TOULOUSE MATABIAU,NON,14155,20:27,IC SRO,BIARRITZ,SUDOUEST,FRBIQ,16:34,FRXYT
5551,2023-06-12,TOULOUSE MATABIAU,NON,14155,18:06,IC SRO,TARBES,SUDOUEST,FRXTB,16:34,FRXYT
5552,2023-06-12,LANNEMEZAN,NON,14155,20:55,IC SRO,HENDAYE,SUDOUEST,FRAEF,17:44,FRLNZ
5553,2023-06-12,LANNEMEZAN,NON,14155,20:27,IC SRO,BIARRITZ,SUDOUEST,FRBIQ,17:44,FRLNZ
5554,2023-06-12,VANNES,NON,8722,14:48,ATLANTIQUE,REDON,BRETAPARIS,FRXRN,14:22,FRVNE
5555,2023-06-12,REDON,NON,8722,17:08,ATLANTIQUE,PARIS (intramuros),BRETAPARIS,FRPMO,14:50,FRXRN
5556,2023-06-12,AURAY,NON,8722,15:25,ATLANTIQUE,RENNES,BRETAPARIS,FRRNS,14:09,FRXUY
5557,2023-06-12,MONTPELLIER SUD DE FRANCE,OUI,6046,08:50,SUD EST,VALENCE TGV RHONE-ALPES SUD,LANGPA,FRVLA,07:50,FRSUF
5558,2023-06-12,NIMES PONT DU GARD,OUI,6046,08:50,SUD EST,VALENCE TGV RHONE-ALPES SUD,LANGPA,FRVLA,08:13,FRXZP
5559,2023-06-12,GRENOBLE,NON,6908,10:49,SUD EST,LYON-SAINT EXUPERY TGV,GRENOBLEPA,FRJDQ,09:47,FRGNB
5560,2023-06-12,LYON-SAINT EXUPERY TGV,NON,6908,12:46,SUD EST,PARIS (intramuros),GRENOBLEPA,FRPLY,10:54,FRJDQ
5561,2023-06-12,PARIS (intramuros),NON,6109,13:18,SUD EST,AVIGNON TGV,PAPROVENCE,FRAVG,10:36,FRPLY
5562,2023-06-12,STRASBOURG,NON,2440,17:35,EST,PARIS (intramuros),MULHSTRAPA,FRPST,15:44,FRAEG
5563,2023-06-12,BEZIERS,NON,6258,14:25,SUD EST,SETE,LANGPA,FRXSY,13:58,FRBZR
5564,2023-06-12,PERPIGNAN,OUI,6258,13:39,SUD EST,NARBONNE,LANGPA,FRXNA,13:04,FRPGF
5565,2023-06-12,VALENCE TGV RHONE-ALPES SUD,NON,6258,18:12,SUD EST,PARIS (intramuros),LANGPA,FRPLY,15:54,FRVLA
5566,2023-06-12,NARBONNE,OUI,6258,13:55,SUD EST,BEZIERS,LANGPA,FRBZR,13:42,FRXNA
5567,2023-06-12,PERPIGNAN,NON,6258,15:12,SUD EST,NIMES PONT DU GARD,LANGPA,FRXZP,13:04,FRPGF
5568,2023-06-12,AGDE,NON,6258,15:12,SUD EST,NIMES PONT DU GARD,LANGPA,FRXZP,14:12,FRXAG
5569,2023-06-12,ETAPLES LE TOUQUET,OUI,7534,19:08,NORD,PARIS (intramuros),ARRASPA,FRPNO,16:22,FRETA
5570,2023-06-12,LE MANS,OUI,8063,23:09,ATLANTIQUE,RENNES,PARISBRETA,FRRNS,22:13,FRAET
5571,2023-06-12,PARIS (intramuros),NON,5771,08:15,IC NUIT,LES ARCS DRAGUIGNAN,PARAZUR,FRXRS,20:48,FRPAZ
5572,2023-06-12,LE MANS,NON,5332,11:30,SUD EST,LYON (intramuros),JCATLSUD,FRLPD,08:26,FRAET
5573,2023-06-12,AVIGNON TGV,OUI,5332,13:10,SUD EST,AIX EN PROVENCE TGV,JCATLSUD,FRAIE,12:50,FRAVG
5574,2023-06-12,AVIGNON TGV,OUI,5332,13:24,SUD EST,MARSEILLE ST CHARLES,JCATLSUD,FRMSC,12:50,FRAVG
5575,2023-06-12,MASSY TGV,NON,5332,13:10,SUD EST,AIX EN PROVENCE TGV,JCATLSUD,FRAIE,09:26,FRDJU
5576,2023-06-12,LYON (intramuros),NON,5332,13:10,SUD EST,AIX EN PROVENCE TGV,JCATLSUD,FRAIE,11:38,FRLPD
5577,2023-06-12,RENNES,NON,5332,09:16,SUD EST,MASSY TGV,JCATLSUD,FRDJU,07:31,FRRNS
5578,2023-06-12,ST PIERRE DES CORPS,OUI,8300,06:33,ATLANTIQUE,VENDOME VILLIERS SUR LOIR,ROCHELLEPA,FRESL,06:14,FRXSH
5579,2023-06-12,ST PIERRE DES CORPS,NON,8300,07:23,ATLANTIQUE,PARIS (intramuros),ROCHELLEPA,FRPMO,06:14,FRXSH
5580,2023-06-12,BORDEAUX ST JEAN,NON,12254,12:52,ATLANTIQUE,PARIS (intramuros),SUDOUESTPA,FRPMO,10:46,FRBOJ
5581,2023-06-12,NIORT,OUI,8377,15:21,ATLANTIQUE,LA ROCHELLE VILLE,PAROCHELLE,FRLRH,14:40,FRNIT
5582,2023-06-12,POITIERS,NON,8377,15:21,ATLANTIQUE,LA ROCHELLE VILLE,PAROCHELLE,FRLRH,13:55,FRPIS
5583,2023-06-12,POITIERS,NON,8377,14:37,ATLANTIQUE,NIORT,PAROCHELLE,FRNIT,13:55,FRPIS
5584,2023-06-12,ST PIERRE DES CORPS,NON,8377,14:37,ATLANTIQUE,NIORT,PAROCHELLE,FRNIT,13:20,FRXSH
5585,2023-06-12,ARLES,NON,6198,19:46,SUD EST,LYON-SAINT EXUPERY TGV,VDRPA,FRJDQ,17:36,FRHZA
5586,2023-06-12,MIRAMAS,OUI,6198,18:00,SUD EST,AVIGNON CENTRE,VDRPA,FRAES,17:13,FRMAZ
5587,2023-06-12,VALENCE VILLE,NON,6198,19:46,SUD EST,LYON-SAINT EXUPERY TGV,VDRPA,FRJDQ,19:13,FRVAF
5588,2023-06-12,VALENCE VILLE,NON,6198,21:46,SUD EST,PARIS (intramuros),VDRPA,FRPLY,19:13,FRVAF
5589,2023-06-12,MONTELIMAR GARE SNCF,OUI,6198,19:10,SUD EST,VALENCE VILLE,VDRPA,FRVAF,18:49,FRXMK
5590,2023-06-12,ORANGE,NON,6198,19:46,SUD EST,LYON-SAINT EXUPERY TGV,VDRPA,FRJDQ,18:21,FRXOG
5591,2023-06-12,PARIS (intramuros),NON,6107,12:56,SUD EST,MARSEILLE ST CHARLES,PAPROVENCE,FRMSC,09:36,FRPLY
5592,2023-06-12,PARIS (intramuros),NON,2817,15:03,EST,METZ VILLE,PAMETZLUX,FRADE,13:40,FRPST
5593,2023-06-12,LILLE (intramuros),OUI,9884,11:01,NORD,BRUXELLES MIDI BRUSSEL ZUID,JCBRETNORD,BEBMI,10:27,FRLLE
5594,2023-06-12,MARNE LA VALLEE CHESSY,NON,9884,09:10,NORD,AEROPORT CDG2 TGV ROISSY,JCBRETNORD,FRMLW,09:01,FRMLV
5595,2023-06-12,RENNES,NON,9884,08:57,NORD,MARNE LA VALLEE CHESSY,JCBRETNORD,FRMLV,06:23,FRRNS
5596,2023-06-12,TGV HAUTE PICARDIE,OUI,9884,10:17,NORD,LILLE (intramuros),JCBRETNORD,FRLLE,09:50,FRTHP
5597,2023-06-12,CANNES,NON,5772,07:57,IC NUIT,PARIS (intramuros),AZURPAR,FRPAZ,19:37,FRJCA
5598,2023-06-12,NICE VILLE,NON,5772,07:57,IC NUIT,PARIS (intramuros),AZURPAR,FRPAZ,19:08,FRNIC
5599,2023-06-12,PARIS (intramuros),OUI,12267,19:14,ATLANTIQUE,BORDEAUX ST JEAN,PASUDOUEST,FRBOJ,17:06,FRPMO
5600,2023-06-12,BORDEAUX ST JEAN,NON,3854,10:40,IC SRO,JONZAC,BORDONANTE,FREMR,09:53,FRBOJ
5601,2023-06-12,BORDEAUX ST JEAN,NON,3854,12:15,IC SRO,LA ROCHELLE VILLE,BORDONANTE,FRLRH,09:53,FRBOJ
5602,2023-06-12,BORDEAUX ST JEAN,NON,3854,14:05,IC SRO,NANTES,BORDONANTE,FRNTE,09:53,FRBOJ
5603,2023-06-12,JONZAC,NON,3854,14:05,IC SRO,NANTES,BORDONANTE,FRNTE,10:41,FREMR
5604,2023-06-12,ROCHEFORT,NON,3854,12:58,IC SRO,LUCON,BORDONANTE,FRLCN,11:55,FRRCO
5605,2023-06-12,LA ROCHE SUR YON,NON,3854,14:05,IC SRO,NANTES,BORDONANTE,FRNTE,13:24,FRXRO
5606,2023-06-12,FRANKFURT MAIN HBF,NON,9580,17:05,INTERNATIONAL,MULHOUSE VILLE,FRANCMRS,FRAEK,13:56,DEFRH
5607,2023-06-12,KARLSRUHE HBF,NON,9580,16:02,INTERNATIONAL,STRASBOURG,FRANCMRS,FRAEG,15:12,DEQKA
5608,2023-06-12,KARLSRUHE HBF,NON,9580,17:05,INTERNATIONAL,MULHOUSE VILLE,FRANCMRS,FRAEK,15:12,DEQKA
5609,2023-06-12,BADEN BADEN,NON,9580,21:34,INTERNATIONAL,AIX EN PROVENCE TGV,FRANCMRS,FRAIE,15:35,DEZCC
5610,2023-06-12,BADEN BADEN,NON,9580,17:55,INTERNATIONAL,BESANCON - F COMTE TGV,FRANCMRS,FRTJB,15:35,DEZCC
5611,2023-06-12,BADEN BADEN,NON,9580,18:53,INTERNATIONAL,CHALON SUR SAONE,FRANCMRS,FRXCD,15:35,DEZCC
5612,2023-06-12,STRASBOURG,NON,9580,17:31,INTERNATIONAL,BELFORT-MONTBELIARD TGV,FRANCMRS,FRTJA,16:15,FRAEG
5613,2023-06-12,MULHOUSE VILLE,NON,9580,19:56,INTERNATIONAL,LYON (intramuros),FRANCMRS,FRLPD,17:09,FRAEK
5614,2023-06-12,AVIGNON TGV,NON,9580,21:34,INTERNATIONAL,AIX EN PROVENCE TGV,FRANCMRS,FRAIE,21:15,FRAVG
5615,2023-06-12,LYON (intramuros),NON,9580,21:48,INTERNATIONAL,MARSEILLE ST CHARLES,FRANCMRS,FRMSC,20:06,FRLPD
5616,2023-06-12,BELFORT-MONTBELIARD TGV,NON,9580,21:12,INTERNATIONAL,AVIGNON TGV,FRANCMRS,FRAVG,17:34,FRTJA
5617,2023-06-12,BELFORT-MONTBELIARD TGV,NON,9580,19:56,INTERNATIONAL,LYON (intramuros),FRANCMRS,FRLPD,17:34,FRTJA
5618,2023-06-12,CHALON SUR SAONE,NON,9580,21:48,INTERNATIONAL,MARSEILLE ST CHARLES,FRANCMRS,FRMSC,18:56,FRXCD
5619,2023-06-12,AEROPORT CDG2 TGV ROISSY,NON,9836,20:49,NORD,VALENCE TGV RHONE-ALPES SUD,JCNORDSUD,FRVLA,17:59,FRMLW
5620,2023-06-12,LIMOGES BENEDICTINS,OUI,3634,09:51,IC ARO,ARGENTON SUR CREUSE,TOULOUZECO,FRFMT,08:58,FRAGQ
5621,2023-06-12,GOURDON,OUI,3634,07:48,IC ARO,BRIVE LA GAILLARDE,TOULOUZECO,FRBVE,07:07,FRFSI
5622,2023-06-12,CAHORS,OUI,3634,08:54,IC ARO,LIMOGES BENEDICTINS,TOULOUZECO,FRAGQ,06:40,FRZAO
5623,2023-06-12,SOUILLAC,OUI,3634,08:16,IC ARO,UZERCHE,TOULOUZECO,FRAAW,07:24,FRSOU
5624,2023-06-12,PARIS (intramuros),OUI,5973,20:23,IC ARO,RIOM CHATEL GUYON,PACLERMONT,FRRIO,16:57,FRPBE
5625,2023-06-12,RIOM CHATEL GUYON,OUI,5973,20:34,IC ARO,CLERMONT FERRAND,PACLERMONT,FRCFE,20:25,FRRIO
5626,2023-06-12,ANGERS ST LAUD,OUI,8921,16:03,ATLANTIQUE,LE CROISIC,PARISLOIRE,FREGU,14:16,FRACL
5627,2023-06-12,NANTES,OUI,8921,16:03,ATLANTIQUE,LE CROISIC,PARISLOIRE,FREGU,15:00,FRNTE
5628,2023-06-12,NANTES,OUI,8921,15:50,ATLANTIQUE,LA BAULE ESCOUBLAC,PARISLOIRE,FRJEE,15:00,FRNTE
5629,2023-06-12,ST NAZAIRE,OUI,8921,16:03,ATLANTIQUE,LE CROISIC,PARISLOIRE,FREGU,15:36,FRSNR
5630,2023-06-12,BEZIERS,NON,9704,19:03,SUD EST,VALENCE TGV RHONE-ALPES SUD,BARCELONEPA,FRVLA,16:58,FRBZR
5631,2023-06-12,PERPIGNAN,NON,9704,16:55,SUD EST,BEZIERS,BARCELONEPA,FRBZR,16:05,FRPGF
5632,2023-06-12,PERPIGNAN,NON,9704,17:43,SUD EST,MONTPELLIER SAINT-ROCH,BARCELONEPA,FRMPL,16:05,FRPGF
5633,2023-06-12,PERPIGNAN,NON,9704,19:03,SUD EST,VALENCE TGV RHONE-ALPES SUD,BARCELONEPA,FRVLA,16:05,FRPGF
5634,2023-06-12,AGDE,NON,9704,17:24,SUD EST,SETE,BARCELONEPA,FRXSY,17:12,FRXAG
5635,2023-06-12,BARCELONA SANTS,NON,9704,15:53,SUD EST,PERPIGNAN,BARCELONEPA,FRPGF,14:32,ESBST
5636,2023-06-12,GIRONA,NON,9704,21:18,SUD EST,PARIS (intramuros),BARCELONEPA,FRPLY,15:13,ESGRO
5637,2023-06-12,GIRONA,NON,9704,19:03,SUD EST,VALENCE TGV RHONE-ALPES SUD,BARCELONEPA,FRVLA,15:13,ESGRO
5638,2023-06-12,GIRONA,NON,9704,17:09,SUD EST,AGDE,BARCELONEPA,FRXAG,15:13,ESGRO
5639,2023-06-12,GIRONA,NON,9704,18:14,SUD EST,NIMES,BARCELONEPA,FRFNI,15:13,ESGRO
5640,2023-06-12,BARCELONA SANTS,NON,9704,17:09,SUD EST,AGDE,BARCELONEPA,FRXAG,14:32,ESBST
5641,2023-06-12,FIGUERES VILA TGV,NON,9704,17:24,SUD EST,SETE,BARCELONEPA,FRXSY,15:30,ESFIR
5642,2023-06-12,MODANE,NON,9249,19:23,INTERNATIONAL,OULX CESANA CLAV SESTRIERE,PAITALIE,ITOCS,18:55,FRAGR
5643,2023-06-12,CHAMBERY CHALLES LES EAUX,NON,9249,18:24,INTERNATIONAL,ST JEAN DE MAURIENNE ARVAN,PAITALIE,FRHPN,17:44,FRCMF
5644,2023-06-12,ST JEAN DE MAURIENNE ARVAN,NON,9249,18:49,INTERNATIONAL,MODANE,PAITALIE,FRAGR,18:25,FRHPN
5645,2023-06-12,LILLE (intramuros),NON,7006,08:14,NORD,PARIS (intramuros),LILLEPA,FRPNO,07:12,FRADJ
5646,2023-06-12,GUINGAMP,OUI,8657,05:52,ATLANTIQUE,BREST,PARISBRETA,FRBES,04:40,FRGGP
5647,2023-06-12,GUINGAMP,OUI,8657,05:08,ATLANTIQUE,MORLAIX,PARISBRETA,FRMXN,04:40,FRGGP
5648,2023-06-12,ST BRIEUC,OUI,8657,04:38,ATLANTIQUE,GUINGAMP,PARISBRETA,FRGGP,04:23,FRSBK
5649,2023-06-12,ROCAMADOUR PADIRAC,NON,3754,06:50,IC NUIT,PARIS (intramuros),OCCITANPAR,FRPAZ,00:34,FRFSA
5650,2023-06-12,ST DENIS PRES MARTEL,NON,3754,05:43,IC NUIT,LES AUBRAIS ORLEANS,OCCITANPAR,FRLAB,00:51,FRSDM
5651,2023-06-12,ST DENIS PRES MARTEL,NON,3754,06:50,IC NUIT,PARIS (intramuros),OCCITANPAR,FRPAZ,00:51,FRSDM
5652,2023-06-12,GOURDON,NON,3750,05:43,IC NUIT,LES AUBRAIS ORLEANS,OCCITANPAR,FRLAB,00:00,FRFSI
5653,2023-06-12,ST GAUDENS,NON,3740,06:33,IC NUIT,PARIS (intramuros),PALOMBEPAR,FRPAZ,20:51,FRFPH
5654,2023-06-12,LILLE (intramuros),OUI,5240,18:27,NORD,MARNE LA VALLEE CHESSY,JCNORDAQUI,FRMLV,17:16,FRADJ
5655,2023-06-12,MASSY TGV,NON,5240,20:06,NORD,ST PIERRE DES CORPS,JCNORDAQUI,FRXSH,19:09,FRDJU
5656,2023-06-12,MARNE LA VALLEE CHESSY,NON,5240,21:21,NORD,ANGOULEME,JCNORDAQUI,FRANG,18:32,FRMLV
5657,2023-06-12,MARNE LA VALLEE CHESSY,OUI,5240,19:04,NORD,MASSY TGV,JCNORDAQUI,FRDJU,18:32,FRMLV
5658,2023-06-12,MARNE LA VALLEE CHESSY,NON,5240,20:40,NORD,POITIERS,JCNORDAQUI,FRPIS,18:32,FRMLV
5659,2023-06-12,AEROPORT CDG2 TGV ROISSY,OUI,5240,19:04,NORD,MASSY TGV,JCNORDAQUI,FRDJU,18:18,FRMLW
5660,2023-06-12,AEROPORT CDG2 TGV ROISSY,NON,5240,20:40,NORD,POITIERS,JCNORDAQUI,FRPIS,18:18,FRMLW
5661,2023-06-12,ST PIERRE DES CORPS,OUI,5240,21:21,NORD,ANGOULEME,JCNORDAQUI,FRANG,20:10,FRXSH
5662,2023-06-12,FORBACH,NON,9557,20:57,INTERNATIONAL,SARREBRUCK/SAARBRUECKEN,PAFRANC,DESBK,20:49,FRBQT
5663,2023-06-12,PARIS (intramuros),NON,9557,21:35,INTERNATIONAL,KAISERSLAUTERN HBF,PAFRANC,DEKLT,19:07,FRPST
5664,2023-06-12,PARIS (intramuros),NON,9557,20:57,INTERNATIONAL,SARREBRUCK/SAARBRUECKEN,PAFRANC,DESBK,19:07,FRPST
5665,2023-06-12,FRANKFURT MAIN HBF,NON,9552,15:02,INTERNATIONAL,SARREBRUCK/SAARBRUECKEN,FRANCPA,DESBK,12:56,DEFRH
5666,2023-06-12,CHAMBERY CHALLES LES EAUX,NON,9240,13:14,INTERNATIONAL,PARIS (intramuros),ITALIEPA,FRPLY,10:22,FRCMF
5667,2023-06-12,TGV HAUTE PICARDIE,OUI,9894,20:08,NORD,LILLE (intramuros),JCESTNORD,FRLLE,19:41,FRTHP
5668,2023-06-12,MEUSE TGV,OUI,9894,21:01,NORD,BRUXELLES MIDI BRUSSEL ZUID,JCESTNORD,BEBMI,18:09,FREAJ
5669,2023-06-12,KARLSRUHE HBF,NON,9578,10:05,INTERNATIONAL,PARIS (intramuros),MUNSTUTPA,FRPST,07:32,DEQKA
5670,2023-06-12,STUTTGART HBF,NON,9578,10:05,INTERNATIONAL,PARIS (intramuros),MUNSTUTPA,FRPST,06:52,DESGT
5671,2023-06-12,STRASBOURG,NON,9578,10:05,INTERNATIONAL,PARIS (intramuros),MUNSTUTPA,FRPST,08:20,FRAEG
5672,2023-06-12,DAX,OUI,8534,12:06,ATLANTIQUE,BORDEAUX ST JEAN,SUDOUESTPA,FRBOJ,10:49,FRACG
5673,2023-06-12,ST JEAN DE LUZ CIBOURE,OUI,8534,10:46,ATLANTIQUE,DAX,SUDOUESTPA,FRACG,09:49,FRXJZ
5674,2023-06-12,PARIS (intramuros),NON,2061,19:11,EST,STRASBOURG,PASTRAMULH,FRAEG,17:25,FRPST
5675,2023-06-12,CLERMONT FERRAND,NON,5962,09:59,IC ARO,NEVERS,CLERMONTPA,FRNVS,08:31,FRCFE
5676,2023-06-12,CLERMONT FERRAND,OUI,5962,08:40,IC ARO,RIOM CHATEL GUYON,CLERMONTPA,FRRIO,08:31,FRCFE
5677,2023-06-12,RIOM CHATEL GUYON,NON,5962,11:57,IC ARO,PARIS (intramuros),CLERMONTPA,FRPBE,08:42,FRRIO
5678,2023-06-12,BRIVE LA GAILLARDE,NON,3650,15:01,IC ARO,CHATEAUROUX,TOULOUZECO,FRCHR,12:48,FRBVE
5679,2023-06-12,BRIVE LA GAILLARDE,NON,3650,16:18,IC ARO,LES AUBRAIS ORLEANS,TOULOUZECO,FRLAB,12:48,FRBVE
5680,2023-06-12,BRIVE LA GAILLARDE,NON,3650,14:24,IC ARO,LA SOUTERRAINE,TOULOUZECO,FRLST,12:48,FRBVE
5681,2023-06-12,GOURDON,OUI,3650,12:17,IC ARO,SOUILLAC,TOULOUZECO,FRSOU,12:02,FRFSI
5682,2023-06-12,CAUSSADE TARN ET GARONNE,OUI,3650,12:00,IC ARO,GOURDON,TOULOUZECO,FRFSI,11:08,FRFTA
5683,2023-06-12,LA SOUTERRAINE,NON,3650,17:22,IC ARO,PARIS (intramuros),TOULOUZECO,FRPAZ,14:26,FRLST
5684,2023-06-12,LA SOUTERRAINE,NON,3650,15:37,IC ARO,VIERZON VILLE,TOULOUZECO,FRXVZ,14:26,FRLST
5685,2023-06-12,MONTAUBAN VILLE BOURBON,OUI,3650,12:45,IC ARO,BRIVE LA GAILLARDE,TOULOUZECO,FRBVE,10:54,FRXMW
5686,2023-06-12,MONTAUBAN VILLE BOURBON,OUI,3650,11:07,IC ARO,CAUSSADE TARN ET GARONNE,TOULOUZECO,FRFTA,10:54,FRXMW
5687,2023-06-12,MONTAUBAN VILLE BOURBON,NON,3650,17:22,IC ARO,PARIS (intramuros),TOULOUZECO,FRPAZ,10:54,FRXMW
5688,2023-06-12,MONTAUBAN VILLE BOURBON,NON,3650,15:37,IC ARO,VIERZON VILLE,TOULOUZECO,FRXVZ,10:54,FRXMW
5689,2023-06-12,VIERZON VILLE,NON,3650,17:22,IC ARO,PARIS (intramuros),TOULOUZECO,FRPAZ,15:39,FRXVZ
5690,2023-06-12,TOULOUSE MATABIAU,NON,3650,16:18,IC ARO,LES AUBRAIS ORLEANS,TOULOUZECO,FRLAB,10:22,FRXYT
5691,2023-06-12,CAHORS,NON,3650,16:18,IC ARO,LES AUBRAIS ORLEANS,TOULOUZECO,FRLAB,11:35,FRZAO
5692,2023-06-12,CAHORS,NON,3650,14:24,IC ARO,LA SOUTERRAINE,TOULOUZECO,FRLST,11:35,FRZAO
5693,2023-06-12,UZERCHE,OUI,3614,06:30,IC ARO,LA SOUTERRAINE,TOULOUZECO,FRLST,05:17,FRAAW
5694,2023-06-12,LIMOGES BENEDICTINS,OUI,3614,09:22,IC ARO,PARIS (intramuros),TOULOUZECO,FRPAZ,05:56,FRAGQ
5695,2023-06-12,LIMOGES BENEDICTINS,OUI,3614,07:48,IC ARO,VIERZON VILLE,TOULOUZECO,FRXVZ,05:56,FRAGQ
5696,2023-06-12,LA SOUTERRAINE,OUI,3614,07:11,IC ARO,CHATEAUROUX,TOULOUZECO,FRCHR,06:32,FRLST
5697,2023-06-12,LA SOUTERRAINE,OUI,3614,06:55,IC ARO,ARGENTON SUR CREUSE,TOULOUZECO,FRFMT,06:32,FRLST
5698,2023-06-12,LA SOUTERRAINE,OUI,3614,07:48,IC ARO,VIERZON VILLE,TOULOUZECO,FRXVZ,06:32,FRLST
5699,2023-06-12,LAVAL,OUI,8072,06:45,ATLANTIQUE,LE MANS,BRETAPARIS,FRAET,06:15,FRACR
5700,2023-06-12,RENNES,OUI,8072,06:12,ATLANTIQUE,LAVAL,BRETAPARIS,FRACR,05:32,FRRNS
5701,2023-06-12,PARIS (intramuros),NON,6665,20:50,SUD EST,LYON (intramuros),PARISRHONE,FRLPE,18:40,FRPLY
5702,2023-06-12,BORDEAUX ST JEAN,NON,12258,15:52,ATLANTIQUE,PARIS (intramuros),SUDOUESTPA,FRPMO,13:46,FRBOJ
5703,2023-06-12,AIX EN PROVENCE TGV,NON,6801,11:06,SUD EST,NICE VILLE,JCPROVSUD,FRNIC,08:03,FRAIE
5704,2023-06-12,AVIGNON TGV,NON,6801,10:47,SUD EST,ANTIBES,JCPROVSUD,FRXAT,07:38,FRAVG
5705,2023-06-12,AVIGNON TGV,NON,6801,09:49,SUD EST,LES ARCS DRAGUIGNAN,JCPROVSUD,FRXRS,07:38,FRAVG
5706,2023-06-12,LYON (intramuros),NON,6801,10:35,SUD EST,CANNES,JCPROVSUD,FRJCA,06:04,FRLPD
5707,2023-06-12,LYON (intramuros),NON,6801,08:14,SUD EST,MARSEILLE ST CHARLES,JCPROVSUD,FRMSC,06:04,FRLPD
5708,2023-06-12,LYON (intramuros),NON,6801,09:11,SUD EST,TOULON,JCPROVSUD,FRTLN,06:04,FRLPD
5709,2023-06-12,MARSEILLE ST CHARLES,NON,6801,10:35,SUD EST,CANNES,JCPROVSUD,FRJCA,08:28,FRMSC
5710,2023-06-12,MARSEILLE ST CHARLES,NON,6801,11:06,SUD EST,NICE VILLE,JCPROVSUD,FRNIC,08:28,FRMSC
5711,2023-06-12,MARSEILLE ST CHARLES,NON,6801,09:11,SUD EST,TOULON,JCPROVSUD,FRTLN,08:28,FRMSC
5712,2023-06-12,TOULON,NON,6801,10:47,SUD EST,ANTIBES,JCPROVSUD,FRXAT,09:15,FRTLN
5713,2023-06-12,TOULON,NON,6801,10:06,SUD EST,ST RAPHAEL VALESCURE,JCPROVSUD,FRXSK,09:15,FRTLN
5714,2023-06-12,VALENCE TGV RHONE-ALPES SUD,NON,6801,07:35,SUD EST,AVIGNON TGV,JCPROVSUD,FRAVG,07:00,FRVLA
5715,2023-06-12,VALENCE TGV RHONE-ALPES SUD,NON,6801,08:14,SUD EST,MARSEILLE ST CHARLES,JCPROVSUD,FRMSC,07:00,FRVLA
5716,2023-06-12,PARIS (intramuros),OUI,6901,09:14,SUD EST,GRENOBLE,PAGRENOBLE,FRGNB,06:12,FRPLY
5717,2023-06-12,LE MANS,NON,8973,11:54,ATLANTIQUE,NANTES,PARISLOIRE,FRNTE,10:36,FRAET
5718,2023-06-12,NANTES,OUI,8973,12:45,ATLANTIQUE,LA ROCHE SUR YON,PARISLOIRE,FRXRO,12:05,FRNTE
5719,2023-06-12,PARIS (intramuros),NON,8973,13:14,ATLANTIQUE,LES SABLES D'OLONNE,PARISLOIRE,FRLSO,09:36,FRPMO
5720,2023-06-12,LA ROCHE SUR YON,OUI,8973,13:14,ATLANTIQUE,LES SABLES D'OLONNE,PARISLOIRE,FRLSO,12:48,FRXRO
5721,2023-06-12,POITIERS,OUI,8350,06:54,ATLANTIQUE,PARIS (intramuros),ROCHELLEPA,FRPMO,05:18,FRPIS
5722,2023-06-12,ST RAPHAEL VALESCURE,OUI,6077,19:26,SUD EST,CANNES,PAAZUR,FRJCA,19:04,FRXSK
5723,2023-06-12,ST RAPHAEL VALESCURE,OUI,6077,19:58,SUD EST,NICE VILLE,PAAZUR,FRNIC,19:04,FRXSK
5724,2023-06-12,LES AUBRAIS ORLEANS,OUI,3741,07:25,IC NUIT,LOURDES,PARPALOMBE,FRLDE,22:27,FRLAB
5725,2023-06-12,PARIS (intramuros),OUI,8901,09:59,ATLANTIQUE,ST NAZAIRE,PARISLOIRE,FRSNR,07:20,FRPMO
5726,2023-06-12,CLERMONT FERRAND,NON,5978,19:57,IC ARO,PARIS (intramuros),CLERMONTPA,FRPBE,16:31,FRCFE
5727,2023-06-12,CLERMONT FERRAND,OUI,5978,16:40,IC ARO,RIOM CHATEL GUYON,CLERMONTPA,FRRIO,16:31,FRCFE
5728,2023-06-12,LE MANS,NON,8922,17:25,ATLANTIQUE,PARIS (intramuros),LOIREPARIS,FRPMO,16:26,FRAET
5729,2023-06-12,LE CROISIC,NON,8922,17:25,ATLANTIQUE,PARIS (intramuros),LOIREPARIS,FRPMO,13:53,FREGU
5730,2023-06-12,LE CROISIC,OUI,8922,14:21,ATLANTIQUE,ST NAZAIRE,LOIREPARIS,FRSNR,13:53,FREGU
5731,2023-06-12,LA BAULE ESCOUBLAC,OUI,8922,14:59,ATLANTIQUE,NANTES,LOIREPARIS,FRNTE,14:07,FRJEE
5732,2023-06-12,ST NAZAIRE,NON,8922,16:23,ATLANTIQUE,LE MANS,LOIREPARIS,FRAET,14:24,FRSNR
5733,2023-06-12,BORDEAUX ST JEAN,NON,3858,18:40,IC SRO,JONZAC,BORDONANTE,FREMR,17:53,FRBOJ
5734,2023-06-12,BORDEAUX ST JEAN,NON,3858,20:58,IC SRO,LUCON,BORDONANTE,FRLCN,17:53,FRBOJ
5735,2023-06-12,BORDEAUX ST JEAN,NON,3858,19:23,IC SRO,SAINTES,BORDONANTE,FRXST,17:53,FRBOJ
5736,2023-06-12,JONZAC,NON,3858,20:58,IC SRO,LUCON,BORDONANTE,FRLCN,18:41,FREMR
5737,2023-06-12,LA ROCHELLE VILLE,NON,3858,20:58,IC SRO,LUCON,BORDONANTE,FRLCN,20:19,FRLRH
5738,2023-06-12,SAINTES,NON,3858,22:05,IC SRO,NANTES,BORDONANTE,FRNTE,19:25,FRXST
5739,2023-06-12,LYON (intramuros),NON,6692,09:30,SUD EST,PARIS (intramuros),RHONEPARIS,FRPLY,07:34,FRLPD
5740,2023-06-12,PARIS (intramuros),NON,9579,21:04,INTERNATIONAL,STUTTGART HBF,PASTUTMUN,DESGT,17:55,FRPST
5741,2023-06-12,BORDEAUX ST JEAN,NON,4657,11:27,IC ARO,CARCASSONNE,TJOURSOSE,FRCCF,08:26,FRBOJ
5742,2023-06-12,BORDEAUX ST JEAN,NON,4657,13:50,IC ARO,ARLES,TJOURSOSE,FRHZA,08:26,FRBOJ
5743,2023-06-12,BORDEAUX ST JEAN,OUI,4657,10:06,IC ARO,MONTAUBAN VILLE BOURBON,TJOURSOSE,FRXMW,08:26,FRBOJ
5744,2023-06-12,BORDEAUX ST JEAN,NON,4657,11:58,IC ARO,NARBONNE,TJOURSOSE,FRXNA,08:26,FRBOJ
5745,2023-06-12,BORDEAUX ST JEAN,NON,4657,12:34,IC ARO,SETE,TJOURSOSE,FRXSY,08:26,FRBOJ
5746,2023-06-12,CARCASSONNE,NON,4657,13:50,IC ARO,ARLES,TJOURSOSE,FRHZA,11:29,FRCCF
5747,2023-06-12,MONTPELLIER SAINT-ROCH,OUI,4657,13:50,IC ARO,ARLES,TJOURSOSE,FRHZA,12:56,FRMPL
5748,2023-06-12,MARMANDE,NON,4657,13:50,IC ARO,ARLES,TJOURSOSE,FRHZA,09:04,FRXMR
5749,2023-06-12,MARMANDE,NON,4657,14:38,IC ARO,MARSEILLE ST CHARLES,TJOURSOSE,FRMSC,09:04,FRXMR
5750,2023-06-12,MARMANDE,NON,4657,11:58,IC ARO,NARBONNE,TJOURSOSE,FRXNA,09:04,FRXMR
5751,2023-06-12,MONTAUBAN VILLE BOURBON,NON,4657,14:38,IC ARO,MARSEILLE ST CHARLES,TJOURSOSE,FRMSC,10:08,FRXMW
5752,2023-06-12,NARBONNE,NON,4657,13:50,IC ARO,ARLES,TJOURSOSE,FRHZA,12:01,FRXNA
5753,2023-06-12,SETE,NON,4657,14:38,IC ARO,MARSEILLE ST CHARLES,TJOURSOSE,FRMSC,12:36,FRXSY
5754,2023-06-12,TOULOUSE MATABIAU,NON,4657,14:38,IC ARO,MARSEILLE ST CHARLES,TJOURSOSE,FRMSC,10:45,FRXYT
5755,2023-06-12,BREST,OUI,8642,18:21,ATLANTIQUE,GUINGAMP,BRETAPARIS,FRGGP,17:22,FRBES
5756,2023-06-12,BREST,OUI,8642,18:38,ATLANTIQUE,ST BRIEUC,BRETAPARIS,FRSBK,17:22,FRBES
5757,2023-06-12,AIX EN PROVENCE TGV,NON,9854,10:32,NORD,AEROPORT CDG2 TGV ROISSY,JCSUDNORD,FRMLW,06:47,FRAIE
5758,2023-06-12,LYON (intramuros),NON,9854,11:27,NORD,LILLE (intramuros),JCSUDNORD,FRLLE,08:34,FRLPD
5759,2023-06-12,MARSEILLE ST CHARLES,NON,9854,10:32,NORD,AEROPORT CDG2 TGV ROISSY,JCSUDNORD,FRMLW,06:33,FRMSC
5760,2023-06-12,BEZIERS,NON,4758,15:38,IC ARO,BORDEAUX ST JEAN,TJOURSESO,FRBOJ,11:47,FRBZR
5761,2023-06-12,CARCASSONNE,NON,4758,15:38,IC ARO,BORDEAUX ST JEAN,TJOURSESO,FRBOJ,12:36,FRCCF
5762,2023-06-12,CARCASSONNE,NON,4758,13:19,IC ARO,TOULOUSE MATABIAU,TJOURSESO,FRXYT,12:36,FRCCF
5763,2023-06-12,NIMES,NON,4758,11:44,IC ARO,BEZIERS,TJOURSESO,FRBZR,10:38,FRFNI
5764,2023-06-12,NIMES,NON,4758,14:59,IC ARO,MARMANDE,TJOURSESO,FRXMR,10:38,FRFNI
5765,2023-06-12,NIMES,NON,4758,13:19,IC ARO,TOULOUSE MATABIAU,TJOURSESO,FRXYT,10:38,FRFNI
5766,2023-06-12,MONTPELLIER SAINT-ROCH,NON,4758,15:38,IC ARO,BORDEAUX ST JEAN,TJOURSESO,FRBOJ,11:07,FRMPL
5767,2023-06-12,MARSEILLE ST CHARLES,NON,4758,11:03,IC ARO,MONTPELLIER SAINT-ROCH,TJOURSESO,FRMPL,09:27,FRMSC
5768,2023-06-12,MARSEILLE ST CHARLES,NON,4758,14:59,IC ARO,MARMANDE,TJOURSESO,FRXMR,09:27,FRMSC
5769,2023-06-12,MARSEILLE ST CHARLES,NON,4758,12:01,IC ARO,NARBONNE,TJOURSESO,FRXNA,09:27,FRMSC
5770,2023-06-12,MARSEILLE ST CHARLES,NON,4758,13:19,IC ARO,TOULOUSE MATABIAU,TJOURSESO,FRXYT,09:27,FRMSC
5771,2023-06-12,NARBONNE,NON,4758,12:34,IC ARO,CARCASSONNE,TJOURSESO,FRCCF,12:04,FRXNA
5772,2023-06-12,NARBONNE,NON,4758,13:19,IC ARO,TOULOUSE MATABIAU,TJOURSESO,FRXYT,12:04,FRXNA
5773,2023-06-12,DIJON VILLE,NON,5537,19:45,EST,MARSEILLE ST CHARLES,JCRHINRHON,FRMSC,16:20,FRABA
5774,2023-06-12,DIJON VILLE,NON,5537,22:11,EST,ANTIBES,JCRHINRHON,FRXAT,16:20,FRABA
5775,2023-06-12,DIJON VILLE,NON,5537,16:39,EST,BEAUNE,JCRHINRHON,FRXBV,16:20,FRABA
5776,2023-06-12,DIJON VILLE,NON,5537,21:34,EST,ST RAPHAEL VALESCURE,JCRHINRHON,FRXSK,16:20,FRABA
5777,2023-06-12,STRASBOURG,OUI,5537,14:02,EST,COLMAR,JCRHINRHON,FRAEJ,13:37,FRAEG
5778,2023-06-12,STRASBOURG,NON,5537,19:45,EST,MARSEILLE ST CHARLES,JCRHINRHON,FRMSC,13:37,FRAEG
5779,2023-06-12,STRASBOURG,OUI,5537,15:02,EST,BELFORT-MONTBELIARD TGV,JCRHINRHON,FRTJA,13:37,FRAEG
5780,2023-06-12,STRASBOURG,NON,5537,20:41,EST,TOULON,JCRHINRHON,FRTLN,13:37,FRAEG
5781,2023-06-12,COLMAR,OUI,5537,14:30,EST,MULHOUSE VILLE,JCRHINRHON,FRAEK,14:05,FRAEJ
5782,2023-06-12,COLMAR,NON,5537,19:31,EST,AIX EN PROVENCE TGV,JCRHINRHON,FRAIE,14:05,FRAEJ
5783,2023-06-12,COLMAR,NON,5537,22:11,EST,ANTIBES,JCRHINRHON,FRXAT,14:05,FRAEJ
5784,2023-06-12,MULHOUSE VILLE,OUI,5537,16:04,EST,DIJON VILLE,JCRHINRHON,FRABA,14:41,FRAEK
5785,2023-06-12,MULHOUSE VILLE,NON,5537,17:56,EST,LYON (intramuros),JCRHINRHON,FRLPD,14:41,FRAEK
5786,2023-06-12,AIX EN PROVENCE TGV,NON,5537,21:34,EST,ST RAPHAEL VALESCURE,JCRHINRHON,FRXSK,19:33,FRAIE
5787,2023-06-12,AVIGNON TGV,NON,5537,19:31,EST,AIX EN PROVENCE TGV,JCRHINRHON,FRAIE,19:12,FRAVG
5788,2023-06-12,AVIGNON TGV,NON,5537,19:45,EST,MARSEILLE ST CHARLES,JCRHINRHON,FRMSC,19:12,FRAVG
5789,2023-06-12,AVIGNON TGV,NON,5537,20:41,EST,TOULON,JCRHINRHON,FRTLN,19:12,FRAVG
5790,2023-06-12,NANCY,OUI,5537,13:29,EST,STRASBOURG,JCRHINRHON,FRAEG,12:26,FRENC
5791,2023-06-12,NANCY,NON,5537,19:45,EST,MARSEILLE ST CHARLES,JCRHINRHON,FRMSC,12:26,FRENC
5792,2023-06-12,NANCY,NON,5537,22:30,EST,NICE VILLE,JCRHINRHON,FRNIC,12:26,FRENC
5793,2023-06-12,NANCY,NON,5537,22:11,EST,ANTIBES,JCRHINRHON,FRXAT,12:26,FRENC
5794,2023-06-12,NANCY,NON,5537,21:17,EST,LES ARCS DRAGUIGNAN,JCRHINRHON,FRXRS,12:26,FRENC
5795,2023-06-12,LYON (intramuros),NON,5537,21:59,EST,CANNES,JCRHINRHON,FRJCA,18:04,FRLPD
5796,2023-06-12,MARSEILLE ST CHARLES,OUI,5537,21:59,EST,CANNES,JCRHINRHON,FRJCA,19:57,FRMSC
5797,2023-06-12,MARSEILLE ST CHARLES,OUI,5537,21:34,EST,ST RAPHAEL VALESCURE,JCRHINRHON,FRXSK,19:57,FRMSC
5798,2023-06-12,BELFORT-MONTBELIARD TGV,OUI,5537,16:04,EST,DIJON VILLE,JCRHINRHON,FRABA,15:06,FRTJA
5799,2023-06-12,TOULON,OUI,5537,21:34,EST,ST RAPHAEL VALESCURE,JCRHINRHON,FRXSK,20:45,FRTLN
5800,2023-06-12,BESANCON - F COMTE TGV,NON,5537,21:34,EST,ST RAPHAEL VALESCURE,JCRHINRHON,FRXSK,15:36,FRTJB
5801,2023-06-12,BESANCON - F COMTE TGV,NON,5537,20:41,EST,TOULON,JCRHINRHON,FRTLN,15:36,FRTJB
5802,2023-06-12,BREST,NON,8604,10:05,ATLANTIQUE,PARIS (intramuros),BRETAPARIS,FRPMO,06:31,FRBES
5803,2023-06-12,RENNES,NON,8604,10:05,ATLANTIQUE,PARIS (intramuros),BRETAPARIS,FRPMO,08:35,FRRNS
5804,2023-06-12,LYON (intramuros),NON,6620,16:08,SUD EST,PARIS (intramuros),RHONEPARIS,FRPLY,14:04,FRLPD
5805,2023-06-12,LE CREUSOT MONTCEAU MONTCHANIN,NON,6620,16:08,SUD EST,PARIS (intramuros),RHONEPARIS,FRPLY,14:49,FRXCC
5806,2023-06-12,CHARLEVILLE MEZIERES,OUI,2730,15:01,EST,PARIS (intramuros),SEDBARPA,FRPST,13:17,FRXCZ
5807,2023-06-12,FACTURE BIGANOS,OUI,8477,21:34,ATLANTIQUE,ARCACHON,PASUDOUEST,FRXAC,21:19,FRFAC
5808,2023-06-12,PARIS (intramuros),OUI,8477,20:51,ATLANTIQUE,BORDEAUX ST JEAN,PASUDOUEST,FRBOJ,18:44,FRPMO
5809,2023-06-12,PARIS (intramuros),OUI,8477,21:16,ATLANTIQUE,FACTURE BIGANOS,PASUDOUEST,FRFAC,18:44,FRPMO
5810,2023-06-12,AGEN,NON,4663,17:58,IC ARO,NARBONNE,TJOURSOSE,FRXNA,15:30,FRAGF
5811,2023-06-12,BORDEAUX ST JEAN,NON,4663,18:14,IC ARO,BEZIERS,TJOURSOSE,FRBZR,14:26,FRBOJ
5812,2023-06-12,BORDEAUX ST JEAN,NON,4663,19:23,IC ARO,NIMES,TJOURSOSE,FRFNI,14:26,FRBOJ
5813,2023-06-12,BEZIERS,OUI,4663,19:23,IC ARO,NIMES,TJOURSOSE,FRFNI,18:17,FRBZR
5814,2023-06-12,NIMES,OUI,4663,20:36,IC ARO,MARSEILLE ST CHARLES,TJOURSOSE,FRMSC,19:26,FRFNI
5815,2023-06-12,MONTAUBAN VILLE BOURBON,NON,4663,20:36,IC ARO,MARSEILLE ST CHARLES,TJOURSOSE,FRMSC,16:07,FRXMW
5816,2023-06-12,NARBONNE,NON,4663,18:54,IC ARO,MONTPELLIER SAINT-ROCH,TJOURSOSE,FRMPL,18:01,FRXNA
5817,2023-06-12,PARIS (intramuros),NON,2505,10:16,EST,NANCY,PANANCY,FRENC,08:44,FRPST
5818,2023-06-12,PARIS (intramuros),NON,6687,19:48,SUD EST,ST ETIENNE CHATEAUCREUX,PARISRHONE,FRHHD,16:58,FRPLY
5819,2023-06-12,QUIMPERLE,OUI,8702,06:12,ATLANTIQUE,AURAY,BRETAPARIS,FRXUY,05:43,FRECO
5820,2023-06-12,ROSPORDEN,OUI,8702,06:12,ATLANTIQUE,AURAY,BRETAPARIS,FRXUY,05:27,FRRSP
5821,2023-06-12,AURAY,OUI,8702,06:25,ATLANTIQUE,VANNES,BRETAPARIS,FRVNE,06:15,FRXUY
5822,2023-06-12,PARIS (intramuros),NON,7265,12:51,NORD,DUNKERQUE,PAARRAS,FRADI,10:52,FRPNO
5823,2023-06-12,LAUSANNE,NON,9270,17:13,INTERNATIONAL,FRASNE,SUISPA,FRFRA,16:23,CHAJF
5824,2023-06-12,DOLE VILLE,NON,9270,20:04,INTERNATIONAL,PARIS (intramuros),SUISPA,FRPLY,18:00,FRACE
5825,2023-06-12,FRASNE,NON,9270,17:57,INTERNATIONAL,DOLE VILLE,SUISPA,FRACE,17:15,FRFRA
5826,2023-06-12,PAU,NON,14151,17:26,IC SRO,BAYONNE,SUDOUEST,FRXBY,15:57,FRAEE
5827,2023-06-12,ST GAUDENS,NON,14151,15:54,IC SRO,PAU,SUDOUEST,FRAEE,14:28,FRFPH
5828,2023-06-12,LOURDES,NON,14151,15:54,IC SRO,PAU,SUDOUEST,FRAEE,15:30,FRLDE
5829,2023-06-12,LOURDES,NON,14151,16:18,IC SRO,ORTHEZ,SUDOUEST,FRGFI,15:30,FRLDE
5830,2023-06-12,TOULOUSE MATABIAU,NON,14151,16:18,IC SRO,ORTHEZ,SUDOUEST,FRGFI,13:34,FRXYT
5831,2023-06-12,ANGOULEME,NON,5260,10:40,NORD,LILLE (intramuros),JCAQUINORD,FRADJ,06:36,FRANG
5832,2023-06-12,ANGOULEME,NON,5260,07:50,NORD,ST PIERRE DES CORPS,JCAQUINORD,FRXSH,06:36,FRANG
5833,2023-06-12,BORDEAUX ST JEAN,OUI,5260,07:16,NORD,POITIERS,JCAQUINORD,FRPIS,05:58,FRBOJ
5834,2023-06-12,AEROPORT CDG2 TGV ROISSY,OUI,5260,10:40,NORD,LILLE (intramuros),JCAQUINORD,FRADJ,09:48,FRMLW
5835,2023-06-12,ST PIERRE DES CORPS,NON,5260,08:49,NORD,MASSY TGV,JCAQUINORD,FRDJU,07:54,FRXSH
5836,2023-06-12,ST PIERRE DES CORPS,NON,5260,09:27,NORD,MARNE LA VALLEE CHESSY,JCAQUINORD,FRMLV,07:54,FRXSH
5837,2023-06-12,ANGERS ST LAUD,OUI,5351,11:19,SUD EST,NANTES,JCSUDATL,FRNTE,10:42,FRACL
5838,2023-06-12,LYON (intramuros),OUI,5351,06:24,SUD EST,LYON (intramuros),JCSUDATL,FRLPD,06:16,FRLPE
5839,2023-06-12,ST PIERRE DES CORPS,OUI,5351,10:39,SUD EST,ANGERS ST LAUD,JCSUDATL,FRACL,09:46,FRXSH
5840,2023-06-12,ST PIERRE DES CORPS,OUI,5351,11:19,SUD EST,NANTES,JCSUDATL,FRNTE,09:46,FRXSH
5841,2023-06-12,AVIGNON TGV,NON,6128,20:22,SUD EST,PARIS (intramuros),PROVENCEPA,FRPLY,17:37,FRAVG
5842,2023-06-12,NIMES PONT DU GARD,NON,6050,15:51,SUD EST,VALENCE TGV RHONE-ALPES SUD,LANGPA,FRVLA,15:15,FRXZP
5843,2023-06-12,NIMES,NON,4764,21:39,IC ARO,BORDEAUX ST JEAN,TJOURSESO,FRBOJ,16:38,FRFNI
5844,2023-06-12,MONTPELLIER SAINT-ROCH,NON,4764,20:58,IC ARO,MARMANDE,TJOURSESO,FRXMR,17:08,FRMPL
5845,2023-06-12,MARSEILLE ST CHARLES,NON,4764,21:39,IC ARO,BORDEAUX ST JEAN,TJOURSESO,FRBOJ,15:27,FRMSC
5846,2023-06-12,MARMANDE,OUI,4764,21:39,IC ARO,BORDEAUX ST JEAN,TJOURSESO,FRBOJ,21:00,FRXMR
5847,2023-06-12,TOULOUSE MATABIAU,OUI,4764,20:58,IC ARO,MARMANDE,TJOURSESO,FRXMR,19:24,FRXYT
5848,2023-06-12,TOULOUSE MATABIAU,OUI,4764,19:53,IC ARO,MONTAUBAN VILLE BOURBON,TJOURSESO,FRXMW,19:24,FRXYT
5849,2023-06-12,LE MANS,NON,8913,12:50,ATLANTIQUE,LA BAULE ESCOUBLAC,PARISLOIRE,FRJEE,10:36,FRAET
5850,2023-06-12,LE MANS,NON,8913,11:54,ATLANTIQUE,NANTES,PARISLOIRE,FRNTE,10:36,FRAET
5851,2023-06-12,LE MANS,NON,8913,12:33,ATLANTIQUE,ST NAZAIRE,PARISLOIRE,FRSNR,10:36,FRAET
5852,2023-06-12,NANTES,OUI,8913,12:50,ATLANTIQUE,LA BAULE ESCOUBLAC,PARISLOIRE,FRJEE,12:00,FRNTE
5853,2023-06-12,PARIS (intramuros),NON,8913,11:54,ATLANTIQUE,NANTES,PARISLOIRE,FRNTE,09:36,FRPMO
5854,2023-06-12,PARIS (intramuros),NON,6611,12:56,SUD EST,LYON (intramuros),PARISRHONE,FRLPD,10:58,FRPLY
5855,2023-06-12,PARIS (intramuros),NON,12251,09:15,ATLANTIQUE,BORDEAUX ST JEAN,PASUDOUEST,FRBOJ,07:08,FRPMO
5856,2023-06-12,CANNES,NON,6188,13:50,SUD EST,PARIS (intramuros),AZURPA,FRPLY,08:28,FRJCA
5857,2023-06-12,CANNES,OUI,6188,09:44,SUD EST,TOULON,AZURPA,FRTLN,08:28,FRJCA
5858,2023-06-12,NICE VILLE,OUI,6188,09:44,SUD EST,TOULON,AZURPA,FRTLN,07:57,FRNIC
5859,2023-06-12,TOULON,NON,6188,13:50,SUD EST,PARIS (intramuros),AZURPA,FRPLY,09:48,FRTLN
5860,2023-06-12,ANTIBES,OUI,6188,09:44,SUD EST,TOULON,AZURPA,FRTLN,08:14,FRXAT
5861,2023-06-12,PARIS (intramuros),OUI,8455,20:46,ATLANTIQUE,MASSY TGV,PASUDOUEST,FRDJU,20:36,FRPMO
5862,2023-06-12,LYON (intramuros),OUI,6608,07:58,SUD EST,LYON (intramuros),RHONEPARIS,FRLPD,07:50,FRLPE
5863,2023-06-12,AGEN,OUI,8519,23:02,ATLANTIQUE,MONTAUBAN VILLE BOURBON,PASUDOUEST,FRXMW,22:25,FRAGF
5864,2023-06-12,AGEN,OUI,8519,23:36,ATLANTIQUE,TOULOUSE MATABIAU,PASUDOUEST,FRXYT,22:25,FRAGF
5865,2023-06-12,BORDEAUX ST JEAN,NON,8519,23:02,ATLANTIQUE,MONTAUBAN VILLE BOURBON,PASUDOUEST,FRXMW,21:20,FRBOJ
5866,2023-06-12,DAX,OUI,8551,22:32,ATLANTIQUE,ST JEAN DE LUZ CIBOURE,PASUDOUEST,FRXJZ,21:37,FRACG
5867,2023-06-12,BORDEAUX ST JEAN,NON,8551,22:05,ATLANTIQUE,BAYONNE,PASUDOUEST,FRXBY,20:20,FRBOJ
5868,2023-06-12,PARIS (intramuros),NON,8551,21:33,ATLANTIQUE,DAX,PASUDOUEST,FRACG,18:07,FRPMO
5869,2023-06-12,PARIS (intramuros),NON,8551,22:16,ATLANTIQUE,BIARRITZ,PASUDOUEST,FRBIQ,18:07,FRPMO
5870,2023-06-12,BAYONNE,OUI,8551,22:47,ATLANTIQUE,HENDAYE,PASUDOUEST,FRAEF,22:08,FRXBY
5871,2023-06-12,BAYONNE,OUI,8551,22:16,ATLANTIQUE,BIARRITZ,PASUDOUEST,FRBIQ,22:08,FRXBY
5872,2023-06-12,ST JEAN DE LUZ CIBOURE,OUI,8551,22:47,ATLANTIQUE,HENDAYE,PASUDOUEST,FRAEF,22:35,FRXJZ
5873,2023-06-12,ST GAUDENS,OUI,3740,06:33,IC NUIT,PARIS (intramuros),PALOMBEPAR,FRPAZ,20:51,FRFPH
5874,2023-06-12,DOL DE BRETAGNE,OUI,8080,06:54,ATLANTIQUE,RENNES,BRETAPARIS,FRRNS,06:22,FRDOL
5875,2023-06-12,ST MALO,NON,8080,08:48,ATLANTIQUE,PARIS (intramuros),BRETAPARIS,FRPMO,06:07,FRXSB
5876,2023-06-12,PAU,NON,14141,12:15,IC SRO,ORTHEZ,SUDOUEST,FRGFI,11:54,FRAEE
5877,2023-06-12,MONTREJEAU GOURDAN POLIGNAN,NON,14141,11:51,IC SRO,PAU,SUDOUEST,FRAEE,10:33,FRMTJ
5878,2023-06-12,MONTREJEAU GOURDAN POLIGNAN,NON,14141,13:31,IC SRO,BAYONNE,SUDOUEST,FRXBY,10:33,FRMTJ
5879,2023-06-12,TOULOUSE MATABIAU,NON,14141,12:15,IC SRO,ORTHEZ,SUDOUEST,FRGFI,09:32,FRXYT
5880,2023-06-12,VALENCE TGV RHONE-ALPES SUD,NON,6221,11:12,SUD EST,MONTPELLIER SAINT-ROCH,PALANG,FRMPL,09:55,FRVLA
5881,2023-06-12,PARIS (intramuros),NON,9251,15:36,INTERNATIONAL,CHAMBERY CHALLES LES EAUX,PAITALIE,FRCMF,12:44,FRPLY
5882,2023-06-12,PARIS (intramuros),NON,9251,18:15,INTERNATIONAL,TORINO PORTA SUSA,PAITALIE,ITTRS,12:44,FRPLY
5883,2023-06-12,MOUCHARD,NON,9277,20:42,INTERNATIONAL,FRASNE,PASUIS,FRFRA,20:15,FRMCD
5884,2023-06-12,PARIS (intramuros),NON,9277,21:37,INTERNATIONAL,LAUSANNE,PASUIS,CHAJF,17:54,FRPLY
5885,2023-06-12,CHAMPAGNE-ARDENNE,OUI,2544,17:50,EST,PARIS (intramuros),NANCYPA,FRPST,17:08,FREAH
5886,2023-06-12,BELLEGARDE,NON,9768,13:42,INTERNATIONAL,PARIS (intramuros),GENEVEPA,FRPLY,11:02,FRXBF
5887,2023-06-12,BELLEGARDE,NON,9768,11:49,INTERNATIONAL,BOURG EN BRESSE,GENEVEPA,FRXBK,11:02,FRXBF
5888,2023-06-12,GRENOBLE,NON,6920,17:46,SUD EST,PARIS (intramuros),GRENOBLEPA,FRPLY,14:46,FRGNB
5889,2023-06-12,LA ROCHELLE VILLE,NON,8360,09:37,ATLANTIQUE,PARIS (intramuros),ROCHELLEPA,FRPMO,07:06,FRLRH
5890,2023-06-12,HENDAYE,NON,8530,11:52,ATLANTIQUE,PARIS (intramuros),SUDOUESTPA,FRPMO,07:10,FRAEF
5891,2023-06-12,BIARRITZ,NON,8530,08:20,ATLANTIQUE,DAX,SUDOUESTPA,FRACG,07:35,FRBIQ
5892,2023-06-12,BIARRITZ,OUI,8530,07:47,ATLANTIQUE,BAYONNE,SUDOUESTPA,FRXBY,07:35,FRBIQ
5893,2023-06-12,ST MAIXENT DEUX SEVRES,NON,8375,11:59,ATLANTIQUE,SURGERES,PAROCHELLE,FREIP,11:23,FREJC
5894,2023-06-12,NEUSSARGUES,NON,15940,14:57,IC SRO,MASSIAC BLESLE,JOUNOREST,FRHMY,14:36,FRNEU
5895,2023-06-12,MASSIAC BLESLE,NON,15940,15:22,IC SRO,BRASSAC LES MINES STE FLORINE,JOUNOREST,FRHLE,14:58,FRHMY
5896,2023-06-12,PAU,OUI,8572,14:58,ATLANTIQUE,LOURDES,PASUDOUEST,FRLDE,14:33,FRAEE
5897,2023-06-12,BORDEAUX ST JEAN,NON,8572,14:58,ATLANTIQUE,LOURDES,PASUDOUEST,FRLDE,12:20,FRBOJ
5898,2023-06-12,BORDEAUX ST JEAN,NON,8572,15:24,ATLANTIQUE,TARBES,PASUDOUEST,FRXTB,12:20,FRBOJ
5899,2023-06-12,PARIS (intramuros),NON,8572,13:33,ATLANTIQUE,DAX,PASUDOUEST,FRACG,10:08,FRPMO
5900,2023-06-12,MACON LOCHE TGV,NON,6937,12:59,SUD EST,AIX LES BAINS LE REVARD,PARISALPES,FRXAI,11:19,FRMLT
5901,2023-06-12,PARIS (intramuros),NON,6937,12:36,SUD EST,CHAMBERY CHALLES LES EAUX,PARISALPES,FRCMF,09:44,FRPLY
5902,2023-06-12,PARIS (intramuros),NON,2515,18:44,EST,NANCY,PANANCY,FRENC,17:13,FRPST
5903,2023-06-12,LYON (intramuros),NON,6612,10:45,SUD EST,LE CREUSOT MONTCEAU MONTCHANIN,RHONEPARIS,FRXCC,10:04,FRLPD
5904,2023-06-12,FRANKFURT MAIN HBF,NON,9568,08:05,INTERNATIONAL,KARLSRUHE HBF,FRANCPA,DEQKA,06:56,DEFRH
5905,2023-06-12,ARRAS,NON,7106,08:47,NORD,PARIS (intramuros),ARRASPA,FRPNO,07:56,FRQRV
5906,2023-06-12,LAVAL,OUI,8081,09:38,ATLANTIQUE,DOL DE BRETAGNE,PARISBRETA,FRDOL,08:22,FRACR
5907,2023-06-12,PARIS (intramuros),NON,8081,09:03,ATLANTIQUE,RENNES,PARISBRETA,FRRNS,07:04,FRPMO
5908,2023-06-12,RENNES,OUI,8081,09:38,ATLANTIQUE,DOL DE BRETAGNE,PARISBRETA,FRDOL,09:07,FRRNS
5909,2023-06-12,RENNES,OUI,8081,09:54,ATLANTIQUE,ST MALO,PARISBRETA,FRXSB,09:07,FRRNS
5910,2023-06-12,VITRE,OUI,8081,09:03,ATLANTIQUE,RENNES,PARISBRETA,FRRNS,08:42,FRXVT
5911,2023-06-12,VITRE,OUI,8081,09:54,ATLANTIQUE,ST MALO,PARISBRETA,FRXSB,08:42,FRXVT
5912,2023-06-12,DOLE VILLE,NON,9261,11:52,INTERNATIONAL,LAUSANNE,PASUIS,CHAJF,10:00,FRACE
5913,2023-06-12,PARIS (intramuros),NON,9261,10:57,INTERNATIONAL,VALLORBE,PASUIS,CHAGL,07:54,FRPLY
5914,2023-06-12,PARIS (intramuros),NON,9261,09:58,INTERNATIONAL,DOLE VILLE,PASUIS,FRACE,07:54,FRPLY
5915,2023-06-12,BELLEGARDE,NON,9780,21:42,INTERNATIONAL,PARIS (intramuros),GENEVEPA,FRPLY,19:02,FRXBF
5916,2023-06-12,AIX EN PROVENCE TGV,NON,5386,18:34,SUD EST,MASSY TGV,JCSUDATL,FRDJU,14:50,FRAIE
5917,2023-06-12,AIX EN PROVENCE TGV,NON,5386,20:32,SUD EST,RENNES,JCSUDATL,FRRNS,14:50,FRAIE
5918,2023-06-12,MASSY TGV,OUI,5386,20:32,SUD EST,RENNES,JCSUDATL,FRRNS,18:39,FRDJU
5919,2023-06-12,MARSEILLE ST CHARLES,NON,5386,19:29,SUD EST,LE MANS,JCSUDATL,FRAET,14:36,FRMSC
5920,2023-06-12,MARSEILLE ST CHARLES,NON,5386,16:22,SUD EST,LYON (intramuros),JCSUDATL,FRLPD,14:36,FRMSC
5921,2023-06-12,LIMOGES BENEDICTINS,OUI,3619,12:57,IC ARO,BRIVE LA GAILLARDE,PALITO,FRBVE,11:56,FRAGQ
5922,2023-06-12,LIMOGES BENEDICTINS,OUI,3619,14:34,IC ARO,CAUSSADE TARN ET GARONNE,PALITO,FRFTA,11:56,FRAGQ
5923,2023-06-12,LIMOGES BENEDICTINS,OUI,3619,14:49,IC ARO,MONTAUBAN VILLE BOURBON,PALITO,FRXMW,11:56,FRAGQ
5924,2023-06-12,CHATEAUROUX,NON,3619,11:53,IC ARO,LIMOGES BENEDICTINS,PALITO,FRAGQ,10:41,FRCHR
5925,2023-06-12,CHATEAUROUX,NON,3619,12:57,IC ARO,BRIVE LA GAILLARDE,PALITO,FRBVE,10:41,FRCHR
5926,2023-06-12,CHATEAUROUX,NON,3619,15:23,IC ARO,TOULOUSE MATABIAU,PALITO,FRXYT,10:41,FRCHR
5927,2023-06-12,CHATEAUROUX,NON,3619,14:07,IC ARO,CAHORS,PALITO,FRZAO,10:41,FRCHR
5928,2023-06-12,LES AUBRAIS ORLEANS,NON,3619,11:53,IC ARO,LIMOGES BENEDICTINS,PALITO,FRAGQ,09:30,FRLAB
5929,2023-06-12,LES AUBRAIS ORLEANS,NON,3619,10:07,IC ARO,VIERZON VILLE,PALITO,FRXVZ,09:30,FRLAB
5930,2023-06-12,PARIS (intramuros),NON,3619,13:24,IC ARO,SOUILLAC,PALITO,FRSOU,08:26,FRPAZ
5931,2023-06-12,PARIS (intramuros),NON,3619,14:07,IC ARO,CAHORS,PALITO,FRZAO,08:26,FRPAZ
5932,2023-06-12,SOUILLAC,OUI,3619,14:34,IC ARO,CAUSSADE TARN ET GARONNE,PALITO,FRFTA,13:26,FRSOU
5933,2023-06-12,SOUILLAC,OUI,3619,14:49,IC ARO,MONTAUBAN VILLE BOURBON,PALITO,FRXMW,13:26,FRSOU
5934,2023-06-12,VIERZON VILLE,NON,3619,13:24,IC ARO,SOUILLAC,PALITO,FRSOU,10:09,FRXVZ
5935,2023-06-12,CAHORS,OUI,3619,14:49,IC ARO,MONTAUBAN VILLE BOURBON,PALITO,FRXMW,14:09,FRZAO
5936,2023-06-12,ARRAS,OUI,7116,12:08,NORD,PARIS (intramuros),ARRASPA,FRPNO,11:18,FRQRV
5937,2023-06-12,AGEN,NON,8516,21:52,ATLANTIQUE,PARIS (intramuros),SUDOUESTPA,FRPMO,18:31,FRAGF
5938,2023-06-12,BORDEAUX ST JEAN,NON,8516,21:52,ATLANTIQUE,PARIS (intramuros),SUDOUESTPA,FRPMO,19:45,FRBOJ
5939,2023-06-12,MONTAUBAN VILLE BOURBON,NON,8516,21:52,ATLANTIQUE,PARIS (intramuros),SUDOUESTPA,FRPMO,17:53,FRXMW
5940,2023-06-12,TOULOUSE MATABIAU,OUI,8516,18:28,ATLANTIQUE,AGEN,SUDOUESTPA,FRAGF,17:19,FRXYT
5941,2023-06-12,TOULOUSE MATABIAU,OUI,8516,17:50,ATLANTIQUE,MONTAUBAN VILLE BOURBON,SUDOUESTPA,FRXMW,17:19,FRXYT
5942,2023-06-12,BELFORT-MONTBELIARD TGV,NON,9205,10:03,INTERNATIONAL,MULHOUSE VILLE,PABALZUR,FRAEK,09:41,FRTJA
5943,2023-06-12,PARIS (intramuros),NON,8701,08:25,ATLANTIQUE,RENNES,PARISBRETA,FRRNS,06:56,FRPMO
5944,2023-06-12,RENNES,NON,8701,09:51,ATLANTIQUE,LORIENT,PARISBRETA,FRLRT,08:29,FRRNS
5945,2023-06-12,LYON (intramuros),NON,6642,08:34,SUD EST,PARIS (intramuros),RHONEPARIS,FRPLY,06:24,FRLPE
5946,2023-06-12,PARIS (intramuros),OUI,7155,08:58,NORD,DOUAI,PAARRAS,FRXDN,07:52,FRPNO
5947,2023-06-12,CLERMONT FERRAND,NON,5970,14:58,IC ARO,NEVERS,CLERMONTPA,FRNVS,13:31,FRCFE
5948,2023-06-12,CLERMONT FERRAND,NON,5970,13:40,IC ARO,RIOM CHATEL GUYON,CLERMONTPA,FRRIO,13:31,FRCFE
5949,2023-06-12,RIOM CHATEL GUYON,NON,5970,14:04,IC ARO,VICHY,CLERMONTPA,FRVHY,13:42,FRRIO
5950,2023-06-12,VICHY,NON,5970,14:58,IC ARO,NEVERS,CLERMONTPA,FRNVS,14:06,FRVHY
5951,2023-06-12,DOUAI,OUI,7185,20:35,NORD,VALENCIENNES,PAARRAS,FRXVS,20:09,FRXDN
5952,2023-06-12,PARIS (intramuros),OUI,8355,18:13,ATLANTIQUE,VENDOME VILLIERS SUR LOIR,PAROCHELLE,FRESL,17:28,FRPMO
5953,2023-06-12,MARNE LA VALLEE CHESSY,NON,5062,13:34,NORD,TGV HAUTE PICARDIE,JCSUDNORD,FRTHP,12:51,FRMLV
5954,2023-06-12,VALENCE TGV RHONE-ALPES SUD,NON,5062,13:55,NORD,ARRAS,JCSUDNORD,FRQRV,10:15,FRVLA
5955,2023-06-12,MONTPELLIER SUD DE FRANCE,NON,5062,10:10,NORD,VALENCE TGV RHONE-ALPES SUD,JCSUDNORD,FRVLA,09:12,FRSUF
5956,2023-06-12,MONTPELLIER SUD DE FRANCE,NON,5062,14:24,NORD,LILLE (intramuros),JCSUDNORD,FRLLE,09:12,FRSUF
5957,2023-06-12,MONTPELLIER SUD DE FRANCE,NON,5062,13:55,NORD,ARRAS,JCSUDNORD,FRQRV,09:12,FRSUF
5958,2023-06-12,NIMES PONT DU GARD,NON,5062,12:47,NORD,MARNE LA VALLEE CHESSY,JCSUDNORD,FRMLV,09:33,FRXZP
5959,2023-06-12,NIMES PONT DU GARD,NON,5062,14:24,NORD,LILLE (intramuros),JCSUDNORD,FRLLE,09:33,FRXZP
5960,2023-06-12,NIMES PONT DU GARD,NON,5062,13:01,NORD,AEROPORT CDG2 TGV ROISSY,JCSUDNORD,FRMLW,09:33,FRXZP
5961,2023-06-12,NIMES PONT DU GARD,NON,5062,13:55,NORD,ARRAS,JCSUDNORD,FRQRV,09:33,FRXZP
5962,2023-06-12,BRUXELLES MIDI BRUSSEL ZUID,NON,9838,18:58,NORD,MARNE LA VALLEE CHESSY,JCNORDBRET,FRMLV,16:54,BEBMI
5963,2023-06-12,MASSY TGV,NON,9838,21:29,NORD,RENNES,JCNORDBRET,FRRNS,19:39,FRDJU
5964,2023-06-12,LILLE (intramuros),NON,9838,20:29,NORD,LE MANS,JCNORDBRET,FRAET,17:42,FRLLE
5965,2023-06-12,LILLE (intramuros),OUI,9838,18:10,NORD,TGV HAUTE PICARDIE,JCNORDBRET,FRTHP,17:42,FRLLE
5966,2023-06-12,MARNE LA VALLEE CHESSY,NON,9838,20:29,NORD,LE MANS,JCNORDBRET,FRAET,19:02,FRMLV
5967,2023-06-12,AEROPORT CDG2 TGV ROISSY,NON,9838,18:58,NORD,MARNE LA VALLEE CHESSY,JCNORDBRET,FRMLV,18:49,FRMLW
5968,2023-06-12,TGV HAUTE PICARDIE,NON,9838,19:34,NORD,MASSY TGV,JCNORDBRET,FRDJU,18:15,FRTHP
5969,2023-06-12,BEZIERS,NON,9713,14:24,SUD EST,NARBONNE,PABARCELONE,FRXNA,14:10,FRBZR
5970,2023-06-12,MONTPELLIER SAINT-ROCH,NON,9713,13:52,SUD EST,AGDE,PABARCELONE,FRXAG,13:20,FRMPL
5971,2023-06-12,VALENCE TGV RHONE-ALPES SUD,NON,9713,13:52,SUD EST,AGDE,PABARCELONE,FRXAG,12:00,FRVLA
5972,2023-06-12,SETE,NON,9713,14:07,SUD EST,BEZIERS,PABARCELONE,FRBZR,13:37,FRXSY
5973,2023-06-12,MONTPELLIER SAINT-ROCH,NON,9713,15:46,SUD EST,GIRONA,PABARCELONE,ESGRO,13:20,FRMPL
5974,2023-06-12,PARIS (intramuros),NON,9713,15:46,SUD EST,GIRONA,PABARCELONE,ESGRO,09:40,FRPLY
5975,2023-06-12,PERPIGNAN,NON,9713,15:46,SUD EST,GIRONA,PABARCELONE,ESGRO,15:04,FRPGF
5976,2023-06-12,NIMES,NON,9713,16:34,SUD EST,BARCELONA SANTS,PABARCELONE,ESBST,12:49,FRFNI
5977,2023-06-12,AGDE,NON,9713,16:34,SUD EST,BARCELONA SANTS,PABARCELONE,ESBST,13:55,FRXAG
5978,2023-06-12,VALENCE TGV RHONE-ALPES SUD,NON,9713,15:27,SUD EST,FIGUERES VILA TGV,PABARCELONE,ESFIR,12:00,FRVLA
5979,2023-06-12,BEZIERS,NON,9713,15:27,SUD EST,FIGUERES VILA TGV,PABARCELONE,ESFIR,14:10,FRBZR
5980,2023-06-12,FRANKFURT MAIN HBF,NON,9560,17:36,INTERNATIONAL,MANNHEIM HBF,FRANCPA,DEMHG,16:56,DEFRH
5981,2023-06-12,FRANKFURT MAIN HBF,NON,9560,18:04,INTERNATIONAL,KARLSRUHE HBF,FRANCPA,DEQKA,16:56,DEFRH
5982,2023-06-12,FRANKFURT MAIN HBF,NON,9560,18:48,INTERNATIONAL,STRASBOURG,FRANCPA,FRAEG,16:56,DEFRH
5983,2023-06-12,FRANKFURT MAIN HBF,NON,9560,20:41,INTERNATIONAL,PARIS (intramuros),FRANCPA,FRPST,16:56,DEFRH
5984,2023-06-12,KARLSRUHE HBF,NON,9560,20:41,INTERNATIONAL,PARIS (intramuros),FRANCPA,FRPST,18:05,DEQKA
5985,2023-06-12,LILLE (intramuros),NON,5026,14:00,NORD,LYON (intramuros),JCNORDSUD,FRLPD,11:03,FRLLE
5986,2023-06-12,ZUERICH HB,NON,9218,12:53,INTERNATIONAL,MULHOUSE VILLE,ZURBALPA,FRAEK,11:34,CHAJD
5987,2023-06-12,BASEL SBB,NON,9218,12:53,INTERNATIONAL,MULHOUSE VILLE,ZURBALPA,FRAEK,12:34,CHAJP
5988,2023-06-12,BORDEAUX ST JEAN,NON,8505,14:21,ATLANTIQUE,AGEN,PASUDOUEST,FRAGF,13:20,FRBOJ
5989,2023-06-12,BORDEAUX ST JEAN,NON,8505,15:36,ATLANTIQUE,TOULOUSE MATABIAU,PASUDOUEST,FRXYT,13:20,FRBOJ
5990,2023-06-12,PARIS (intramuros),NON,8505,14:21,ATLANTIQUE,AGEN,PASUDOUEST,FRAGF,11:08,FRPMO
5991,2023-06-12,PARIS (intramuros),NON,8505,15:36,ATLANTIQUE,TOULOUSE MATABIAU,PASUDOUEST,FRXYT,11:08,FRPMO
5992,2023-06-12,CARCASSONNE,NON,4756,13:37,IC ARO,BORDEAUX ST JEAN,TJOURSESO,FRBOJ,10:35,FRCCF
5993,2023-06-12,NIMES,OUI,4756,09:07,IC ARO,MONTPELLIER SAINT-ROCH,TJOURSESO,FRMPL,08:43,FRFNI
5994,2023-06-12,ARLES,NON,4756,10:33,IC ARO,CARCASSONNE,TJOURSESO,FRCCF,08:13,FRHZA
5995,2023-06-12,ARLES,OUI,4756,08:40,IC ARO,NIMES,TJOURSESO,FRFNI,08:13,FRHZA
5996,2023-06-12,MARSEILLE ST CHARLES,OUI,4756,09:07,IC ARO,MONTPELLIER SAINT-ROCH,TJOURSESO,FRMPL,07:22,FRMSC
5997,2023-06-12,MARSEILLE ST CHARLES,NON,4756,10:01,IC ARO,NARBONNE,TJOURSESO,FRXNA,07:22,FRMSC
5998,2023-06-12,BEZIERS,OUI,4651,09:19,IC ARO,NIMES,TJOURSOSE,FRFNI,08:16,FRBZR
5999,2023-06-12,CARCASSONNE,OUI,4651,08:13,IC ARO,BEZIERS,TJOURSOSE,FRBZR,07:28,FRCCF
6000,2023-06-12,CARCASSONNE,OUI,4651,10:33,IC ARO,MARSEILLE ST CHARLES,TJOURSOSE,FRMSC,07:28,FRCCF
6001,2023-06-12,MONTPELLIER SAINT-ROCH,OUI,4651,09:19,IC ARO,NIMES,TJOURSOSE,FRFNI,08:55,FRMPL
6002,2023-06-12,OFFENBOURG/OFFENBURG,OUI,9590,07:40,EST,STRASBOURG,MULHSTRAPA,FRAEG,07:17,DEZPA
6003,2023-06-12,RINGSHEIM/EU-PARK,OUI,9590,07:16,EST,OFFENBOURG/OFFENBURG,MULHSTRAPA,DEZPA,06:56,DERSH
6004,2023-06-12,PARIS (intramuros),OUI,6921,18:05,SUD EST,LYON-SAINT EXUPERY TGV,PAGRENOBLE,FRJDQ,16:12,FRPLY
6005,2023-06-12,PARIS (intramuros),NON,6931,09:36,SUD EST,CHAMBERY CHALLES LES EAUX,PARISALPES,FRCMF,06:44,FRPLY
6006,2023-06-12,BRUXELLES MIDI BRUSSEL ZUID,OUI,9844,22:00,NORD,LYON (intramuros),JCNORDSUD,FRLPD,18:17,BEBMI
6007,2023-06-12,LILLE (intramuros),OUI,9844,22:00,NORD,LYON (intramuros),JCNORDSUD,FRLPD,19:03,FRLLE
6008,2023-06-12,LILLE (intramuros),OUI,9844,19:54,NORD,AEROPORT CDG2 TGV ROISSY,JCNORDSUD,FRMLW,19:03,FRLLE
6009,2023-06-12,AEROPORT CDG2 TGV ROISSY,OUI,9844,22:18,NORD,LYON (intramuros),JCNORDSUD,FRLPE,20:00,FRMLW
6010,2023-06-12,ROCHEFORT,NON,3856,16:15,IC SRO,LA ROCHELLE VILLE,BORDONANTE,FRLRH,15:56,FRRCO
6011,2023-06-12,ROCHEFORT,NON,3856,17:22,IC SRO,LA ROCHE SUR YON,BORDONANTE,FRXRO,15:56,FRRCO
6012,2023-06-12,SAINTES,NON,3856,16:58,IC SRO,LUCON,BORDONANTE,FRLCN,15:25,FRXST
6013,2023-06-12,PARIS (intramuros),NON,9781,21:30,INTERNATIONAL,GENEVE,PAGENEVE,CHGVA,18:16,FRPLY
6014,2023-06-12,BOURG EN BRESSE,NON,9781,21:00,INTERNATIONAL,BELLEGARDE,PAGENEVE,FRXBF,20:10,FRXBK
6015,2023-06-12,SURGERES,NON,8374,12:09,ATLANTIQUE,POITIERS,ROCHELLEPA,FRPIS,11:05,FREIP
6016,2023-06-12,POITIERS,NON,8374,13:37,ATLANTIQUE,PARIS (intramuros),ROCHELLEPA,FRPMO,12:15,FRPIS
6017,2023-06-12,ANGERS ST LAUD,OUI,8912,10:23,ATLANTIQUE,LE MANS,LOIREPARIS,FRAET,09:44,FRACL
6018,2023-06-12,LE CROISIC,OUI,8912,08:03,ATLANTIQUE,LA BAULE ESCOUBLAC,LOIREPARIS,FRJEE,07:55,FREGU
6019,2023-06-12,LE CROISIC,OUI,8912,08:21,ATLANTIQUE,ST NAZAIRE,LOIREPARIS,FRSNR,07:55,FREGU
6020,2023-06-12,ST NAZAIRE,OUI,8912,08:59,ATLANTIQUE,NANTES,LOIREPARIS,FRNTE,08:24,FRSNR
6021,2023-06-12,ST NAZAIRE,NON,8912,11:25,ATLANTIQUE,PARIS (intramuros),LOIREPARIS,FRPMO,08:24,FRSNR
6022,2023-06-12,NANTES,OUI,8880,17:23,ATLANTIQUE,LE MANS,LOIREPARIS,FRAET,16:05,FRNTE
6023,2023-06-12,ZUERICH HB,NON,9234,19:28,INTERNATIONAL,BASEL SBB,ZURBALPA,CHAJP,18:34,CHAJD
6024,2023-06-12,ZUERICH HB,NON,9234,20:18,INTERNATIONAL,BELFORT-MONTBELIARD TGV,ZURBALPA,FRTJA,18:34,CHAJD
6025,2023-06-12,MULHOUSE VILLE,NON,9234,20:18,INTERNATIONAL,BELFORT-MONTBELIARD TGV,ZURBALPA,FRTJA,19:56,FRAEK
6026,2023-06-12,AIX EN PROVENCE TGV,NON,5054,10:19,NORD,MARNE LA VALLEE CHESSY,JCSUDNORD,FRMLV,06:47,FRAIE
6027,2023-06-12,AIX EN PROVENCE TGV,NON,5054,10:32,NORD,AEROPORT CDG2 TGV ROISSY,JCSUDNORD,FRMLW,06:47,FRAIE
6028,2023-06-12,MARSEILLE ST CHARLES,OUI,5054,07:07,NORD,AVIGNON TGV,JCSUDNORD,FRAVG,06:33,FRMSC
6029,2023-06-12,CHATEAUROUX,NON,3635,17:50,IC ARO,GOURDON,PALITO,FRFSI,14:47,FRCHR
6030,2023-06-12,CHATEAUROUX,NON,3635,18:19,IC ARO,CAHORS,PALITO,FRZAO,14:47,FRCHR
6031,2023-06-12,LA SOUTERRAINE,OUI,3635,16:03,IC ARO,LIMOGES BENEDICTINS,PALITO,FRAGQ,15:29,FRLST
6032,2023-06-12,PARIS (intramuros),NON,3635,17:06,IC ARO,BRIVE LA GAILLARDE,PALITO,FRBVE,12:21,FRPAZ
6033,2023-06-12,PARIS (intramuros),NON,3635,17:50,IC ARO,GOURDON,PALITO,FRFSI,12:21,FRPAZ
6034,2023-06-12,PARIS (intramuros),NON,3635,15:27,IC ARO,LA SOUTERRAINE,PALITO,FRLST,12:21,FRPAZ
6035,2023-06-12,PARIS (intramuros),NON,3635,17:33,IC ARO,SOUILLAC,PALITO,FRSOU,12:21,FRPAZ
6036,2023-06-12,SOUILLAC,OUI,3635,17:50,IC ARO,GOURDON,PALITO,FRFSI,17:35,FRSOU
6037,2023-06-12,VIERZON VILLE,NON,3635,14:45,IC ARO,CHATEAUROUX,PALITO,FRCHR,14:15,FRXVZ
6038,2023-06-12,VIERZON VILLE,NON,3635,15:02,IC ARO,ARGENTON SUR CREUSE,PALITO,FRFMT,14:15,FRXVZ
6039,2023-06-12,CHAMBERY CHALLES LES EAUX,NON,9252,21:14,INTERNATIONAL,PARIS (intramuros),ITALIEPA,FRPLY,18:22,FRCMF
6040,2023-06-12,MILANO P GARIBALDI,NON,9252,17:03,INTERNATIONAL,MODANE,ITALIEPA,FRAGR,14:10,ITMPG
6041,2023-06-12,MILANO P GARIBALDI,NON,9252,18:15,INTERNATIONAL,CHAMBERY CHALLES LES EAUX,ITALIEPA,FRCMF,14:10,ITMPG
6042,2023-06-12,MILANO P GARIBALDI,NON,9252,21:14,INTERNATIONAL,PARIS (intramuros),ITALIEPA,FRPLY,14:10,ITMPG
6043,2023-06-12,TORINO PORTA SUSA,NON,9252,19:39,INTERNATIONAL,MACON LOCHE TGV,ITALIEPA,FRMLT,15:41,ITTRS
6044,2023-06-12,TORINO PORTA SUSA,NON,9252,21:14,INTERNATIONAL,PARIS (intramuros),ITALIEPA,FRPLY,15:41,ITTRS
6045,2023-06-12,CHAMBERY CHALLES LES EAUX,NON,6964,11:40,SUD EST,MACON LOCHE TGV,ALPESPARIS,FRMLT,10:22,FRCMF
6046,2023-06-12,ANNECY,NON,6964,13:14,SUD EST,PARIS (intramuros),ALPESPARIS,FRPLY,09:29,FRNCY
6047,2023-06-12,AIX LES BAINS LE REVARD,NON,6964,10:09,SUD EST,CHAMBERY CHALLES LES EAUX,ALPESPARIS,FRCMF,10:00,FRXAI
6048,2023-06-12,LYON (intramuros),NON,5354,13:29,SUD EST,LE MANS,JCSUDATL,FRAET,10:16,FRLPE
6049,2023-06-12,MACON LOCHE TGV,NON,6951,22:30,SUD EST,ANNECY,PARISALPES,FRNCY,20:19,FRMLT
6050,2023-06-12,PARIS (intramuros),NON,6951,21:35,SUD EST,CHAMBERY CHALLES LES EAUX,PARISALPES,FRCMF,18:44,FRPLY
6051,2023-06-12,LILLE (intramuros),NON,7082,21:14,NORD,PARIS (intramuros),LILLEPA,FRPNO,20:12,FRADJ
6052,2023-06-12,METZ VILLE,NON,68409,22:40,AUTOCAR SNCF,LUXEMBOURG,AUTOCAR SNCF,LULUX,21:30,FRADE
6053,2023-06-12,PARIS (intramuros),NON,8715,13:57,ATLANTIQUE,LORIENT,PARISBRETA,FRLRT,10:53,FRPMO
6054,2023-06-12,PARIS (intramuros),NON,8715,12:25,ATLANTIQUE,RENNES,PARISBRETA,FRRNS,10:53,FRPMO
6055,2023-06-12,RENNES,OUI,8715,13:38,ATLANTIQUE,AURAY,PARISBRETA,FRXUY,12:29,FRRNS
6056,2023-06-12,VANNES,OUI,8715,13:57,ATLANTIQUE,LORIENT,PARISBRETA,FRLRT,13:28,FRVNE
6057,2023-06-12,VANNES,OUI,8715,13:38,ATLANTIQUE,AURAY,PARISBRETA,FRXUY,13:28,FRVNE
6058,2023-06-12,AURAY,OUI,8715,13:57,ATLANTIQUE,LORIENT,PARISBRETA,FRLRT,13:41,FRXUY
6059,2023-06-12,AURAY,OUI,8715,14:34,ATLANTIQUE,QUIMPER,PARISBRETA,FRUIP,13:41,FRXUY
6060,2023-06-12,DAX,OUI,8592,23:25,ATLANTIQUE,TARBES,PASUDOUEST,FRXTB,21:41,FRACG
6061,2023-06-12,PAU,OUI,8592,23:25,ATLANTIQUE,TARBES,PASUDOUEST,FRXTB,22:35,FRAEE
6062,2023-06-12,BESANCON VIOTTE,NON,6760,08:06,SUD EST,PARIS (intramuros),BOURPA,FRPLY,05:32,FRABG
6063,2023-06-12,BREST,OUI,8630,15:09,ATLANTIQUE,GUINGAMP,BRETAPARIS,FRGGP,14:07,FRBES
6064,2023-06-12,GUINGAMP,OUI,8630,16:21,ATLANTIQUE,RENNES,BRETAPARIS,FRRNS,15:12,FRGGP
6065,2023-06-12,LAMBALLE,NON,8630,18:04,ATLANTIQUE,PARIS (intramuros),BRETAPARIS,FRPMO,15:41,FRLAM
6066,2023-06-12,MORLAIX,OUI,8630,15:38,ATLANTIQUE,LAMBALLE,BRETAPARIS,FRLAM,14:39,FRMXN
6067,2023-06-12,MORLAIX,NON,8630,18:04,ATLANTIQUE,PARIS (intramuros),BRETAPARIS,FRPMO,14:39,FRMXN
6068,2023-06-12,PLOUARET TREGOR,OUI,8630,16:21,ATLANTIQUE,RENNES,BRETAPARIS,FRRNS,14:57,FRPLT
6069,2023-06-12,ST BRIEUC,OUI,8630,15:38,ATLANTIQUE,LAMBALLE,BRETAPARIS,FRLAM,15:29,FRSBK
6070,2023-06-12,ST BRIEUC,NON,8630,18:04,ATLANTIQUE,PARIS (intramuros),BRETAPARIS,FRPMO,15:29,FRSBK
6071,2023-06-12,CANNES,NON,6850,18:06,SUD EST,AVIGNON TGV,JCSUDPROV,FRAVG,15:09,FRJCA
6072,2023-06-12,CANNES,NON,6850,19:20,SUD EST,LYON (intramuros),JCSUDPROV,FRLPD,15:09,FRJCA
6073,2023-06-12,CANNES,OUI,6850,17:19,SUD EST,MARSEILLE ST CHARLES,JCSUDPROV,FRMSC,15:09,FRJCA
6074,2023-06-12,NICE VILLE,NON,6850,19:20,SUD EST,LYON (intramuros),JCSUDPROV,FRLPD,14:40,FRNIC
6075,2023-06-12,NICE VILLE,OUI,6850,15:31,SUD EST,ST RAPHAEL VALESCURE,JCSUDPROV,FRXSK,14:40,FRNIC
6076,2023-06-12,TOULON,NON,6850,17:44,SUD EST,AIX EN PROVENCE TGV,JCSUDPROV,FRAIE,16:23,FRTLN
6077,2023-06-12,ANTIBES,OUI,6850,15:05,SUD EST,CANNES,JCSUDPROV,FRJCA,14:56,FRXAT
6078,2023-06-12,ANTIBES,OUI,6850,16:19,SUD EST,TOULON,JCSUDPROV,FRTLN,14:56,FRXAT
6079,2023-06-12,ST RAPHAEL VALESCURE,NON,6850,19:20,SUD EST,LYON (intramuros),JCSUDPROV,FRLPD,15:34,FRXSK
6080,2023-06-12,ST RAPHAEL VALESCURE,OUI,6850,16:19,SUD EST,TOULON,JCSUDPROV,FRTLN,15:34,FRXSK
6081,2023-06-12,LORIENT,OUI,8790,07:45,ATLANTIQUE,LE MANS,BRETAPARIS,FRAET,05:24,FRLRT
6082,2023-06-12,VANNES,OUI,8790,07:45,ATLANTIQUE,LE MANS,BRETAPARIS,FRAET,05:50,FRVNE
6083,2023-06-12,REDON,OUI,8790,07:45,ATLANTIQUE,LE MANS,BRETAPARIS,FRAET,06:16,FRXRN
6084,2023-06-12,REDON,NON,8790,08:48,ATLANTIQUE,PARIS (intramuros),BRETAPARIS,FRPMO,06:16,FRXRN
6085,2023-06-12,REDON,OUI,8790,06:50,ATLANTIQUE,RENNES,BRETAPARIS,FRRNS,06:16,FRXRN
6086,2023-06-12,NEVERS,OUI,5983,22:01,IC ARO,VICHY,PACLERMONT,FRVHY,20:59,FRNVS
6087,2023-06-12,MOULINS SUR ALLIER,OUI,5983,22:01,IC ARO,VICHY,PACLERMONT,FRVHY,21:30,FRXMU
6088,2023-06-12,PARIS (intramuros),NON,7591,22:33,NORD,CALAIS VILLE,PAARRAS,FRAEA,20:25,FRPNO
6089,2023-06-12,RENNES,NON,8710,13:19,ATLANTIQUE,PARIS (intramuros),BRETAPARIS,FRPMO,11:35,FRRNS
6090,2023-06-12,ROSPORDEN,OUI,8710,09:35,ATLANTIQUE,QUIMPERLE,BRETAPARIS,FRECO,09:23,FRRSP
6091,2023-06-12,ROSPORDEN,NON,8710,11:25,ATLANTIQUE,RENNES,BRETAPARIS,FRRNS,09:23,FRRSP
6092,2023-06-12,QUIMPER,NON,8710,12:01,ATLANTIQUE,LAVAL,BRETAPARIS,FRACR,09:09,FRUIP
6093,2023-06-12,QUIMPER,OUI,8710,09:20,ATLANTIQUE,ROSPORDEN,BRETAPARIS,FRRSP,09:09,FRUIP
6094,2023-06-12,VANNES,NON,8710,12:01,ATLANTIQUE,LAVAL,BRETAPARIS,FRACR,10:23,FRVNE
6095,2023-06-12,REDON,NON,8710,13:19,ATLANTIQUE,PARIS (intramuros),BRETAPARIS,FRPMO,10:51,FRXRN
6096,2023-06-12,AURAY,NON,8710,13:19,ATLANTIQUE,PARIS (intramuros),BRETAPARIS,FRPMO,10:10,FRXUY
6097,2023-06-12,PARIS (intramuros),NON,6905,10:13,SUD EST,GRENOBLE,PAGRENOBLE,FRGNB,07:12,FRPLY
6098,2023-06-12,BRUXELLES MIDI BRUSSEL ZUID,NON,9874,16:48,NORD,LORRAINE TGV,JCNORDEST,FREAM,13:17,BEBMI
6099,2023-06-12,BRUXELLES MIDI BRUSSEL ZUID,NON,9874,15:09,NORD,MARNE LA VALLEE CHESSY,JCNORDEST,FRMLV,13:17,BEBMI
6100,2023-06-12,LILLE (intramuros),NON,9874,17:37,NORD,STRASBOURG,JCNORDEST,FRAEG,14:03,FRLLE
6101,2023-06-12,LILLE (intramuros),NON,9874,15:55,NORD,CHAMPAGNE-ARDENNE,JCNORDEST,FREAH,14:03,FRLLE
6102,2023-06-12,LILLE (intramuros),NON,9874,16:48,NORD,LORRAINE TGV,JCNORDEST,FREAM,14:03,FRLLE
6103,2023-06-12,LILLE (intramuros),NON,9874,14:53,NORD,AEROPORT CDG2 TGV ROISSY,JCNORDEST,FRMLW,14:03,FRLLE
6104,2023-06-12,MARNE LA VALLEE CHESSY,NON,9874,17:37,NORD,STRASBOURG,JCNORDEST,FRAEG,15:23,FRMLV
6105,2023-06-12,AEROPORT CDG2 TGV ROISSY,NON,9874,15:55,NORD,CHAMPAGNE-ARDENNE,JCNORDEST,FREAH,14:59,FRMLW
6106,2023-06-12,MONTPELLIER SAINT-ROCH,NON,6206,17:00,SUD EST,VALENCE TGV RHONE-ALPES SUD,LANGPA,FRVLA,15:46,FRMPL
6107,2023-06-12,SABLE SUR SARTHE,NON,8803,09:13,ATLANTIQUE,ANGERS ST LAUD,PARISLOIRE,FRACL,08:54,FRSAB
6108,2023-06-12,SABLE SUR SARTHE,NON,8803,09:54,ATLANTIQUE,NANTES,PARISLOIRE,FRNTE,08:54,FRSAB
6109,2023-06-12,ST DIE DES VOSGES,NON,2596,09:46,EST,PARIS (intramuros),NANCYPA,FRPST,07:15,FRXTD
6110,2023-06-12,METZ VILLE,OUI,2833,19:27,EST,THIONVILLE,PAMETZLUX,FRXTH,19:10,FRADE
6111,2023-06-12,THIONVILLE,OUI,2833,19:52,EST,LUXEMBOURG,PAMETZLUX,LULUX,19:30,FRXTH
6112,2023-06-12,ANGERS ST LAUD,OUI,8985,20:59,ATLANTIQUE,NANTES,PARISLOIRE,FRNTE,20:19,FRACL
6113,2023-06-12,SABLE SUR SARTHE,NON,8985,20:59,ATLANTIQUE,NANTES,PARISLOIRE,FRNTE,19:56,FRSAB
6114,2023-06-12,CHATEAUROUX,OUI,3615,10:21,IC ARO,LA SOUTERRAINE,PALITO,FRLST,09:45,FRCHR
6115,2023-06-12,PARIS (intramuros),OUI,3615,12:05,IC ARO,BRIVE LA GAILLARDE,PALITO,FRBVE,07:40,FRPAZ
6116,2023-06-12,VIERZON VILLE,OUI,3615,10:58,IC ARO,LIMOGES BENEDICTINS,PALITO,FRAGQ,09:13,FRXVZ
6117,2023-06-12,HENDAYE,OUI,8550,18:32,ATLANTIQUE,BIARRITZ,SUDOUESTPA,FRBIQ,18:10,FRAEF
6118,2023-06-12,HENDAYE,NON,8550,20:41,ATLANTIQUE,BORDEAUX ST JEAN,SUDOUESTPA,FRBOJ,18:10,FRAEF
6119,2023-06-12,HENDAYE,NON,8550,23:00,ATLANTIQUE,PARIS (intramuros),SUDOUESTPA,FRPMO,18:10,FRAEF
6120,2023-06-12,BIARRITZ,NON,8550,20:41,ATLANTIQUE,BORDEAUX ST JEAN,SUDOUESTPA,FRBOJ,18:35,FRBIQ
6121,2023-06-12,BIARRITZ,NON,8550,23:00,ATLANTIQUE,PARIS (intramuros),SUDOUESTPA,FRPMO,18:35,FRBIQ
6122,2023-06-12,ST JEAN DE LUZ CIBOURE,OUI,8550,18:32,ATLANTIQUE,BIARRITZ,SUDOUESTPA,FRBIQ,18:23,FRXJZ
6123,2023-06-12,ST JEAN DE LUZ CIBOURE,NON,8550,23:00,ATLANTIQUE,PARIS (intramuros),SUDOUESTPA,FRPMO,18:23,FRXJZ
6124,2023-06-12,ANGERS ST LAUD,NON,4404,15:36,IC SRO,NEVERS,JOURNTELYN,FRNVS,12:33,FRACL
6125,2023-06-12,SAUMUR,NON,4404,17:20,IC SRO,ROANNE,JOURNTELYN,FRRNE,12:56,FRACN
6126,2023-06-12,SAUMUR,NON,4404,13:31,IC SRO,ST PIERRE DES CORPS,JOURNTELYN,FRXSH,12:56,FRACN
6127,2023-06-12,BOURGES,NON,4404,16:41,IC SRO,ST GERMAIN DES FOSSES,JOURNTELYN,FRSGF,14:58,FRBOU
6128,2023-06-12,LYON (intramuros),NON,4404,18:39,IC SRO,LYON (intramuros),JOURNTELYN,FRLPE,18:31,FRLPD
6129,2023-06-12,NANTES,NON,4404,14:56,IC SRO,BOURGES,JOURNTELYN,FRBOU,11:51,FRNTE
6130,2023-06-12,NANTES,NON,4404,17:20,IC SRO,ROANNE,JOURNTELYN,FRRNE,11:51,FRNTE
6131,2023-06-12,ST GERMAIN DES FOSSES,NON,4404,18:26,IC SRO,LYON (intramuros),JOURNTELYN,FRLPD,16:43,FRSGF
6132,2023-06-12,ST GERMAIN DES FOSSES,NON,4404,18:39,IC SRO,LYON (intramuros),JOURNTELYN,FRLPE,16:43,FRSGF
6133,2023-06-12,MOULINS SUR ALLIER,NON,4404,18:26,IC SRO,LYON (intramuros),JOURNTELYN,FRLPD,16:17,FRXMU
6134,2023-06-12,ST PIERRE DES CORPS,NON,4404,18:39,IC SRO,LYON (intramuros),JOURNTELYN,FRLPE,13:34,FRXSH
6135,2023-06-12,ST PIERRE DES CORPS,NON,4404,14:35,IC SRO,VIERZON VILLE,JOURNTELYN,FRXVZ,13:34,FRXSH
6136,2023-06-12,VIERZON VILLE,NON,4404,18:39,IC SRO,LYON (intramuros),JOURNTELYN,FRLPE,14:39,FRXVZ
6137,2023-06-12,VIERZON VILLE,NON,4404,15:36,IC SRO,NEVERS,JOURNTELYN,FRNVS,14:39,FRXVZ
6138,2023-06-12,VIERZON VILLE,NON,4404,17:20,IC SRO,ROANNE,JOURNTELYN,FRRNE,14:39,FRXVZ
6139,2023-06-12,VIERZON VILLE,NON,4404,16:15,IC SRO,MOULINS SUR ALLIER,JOURNTELYN,FRXMU,14:39,FRXVZ
6140,2023-06-12,LUCON,NON,3831,12:07,IC SRO,BORDEAUX ST JEAN,NANTEBORDO,FRBOJ,09:00,FRLCN
6141,2023-06-12,LA ROCHELLE VILLE,NON,3831,11:10,IC SRO,JONZAC,NANTEBORDO,FREMR,09:43,FRLRH
6142,2023-06-12,NANTES,NON,3831,10:03,IC SRO,ROCHEFORT,NANTEBORDO,FRRCO,07:55,FRNTE
6143,2023-06-12,ROCHEFORT,NON,3831,12:07,IC SRO,BORDEAUX ST JEAN,NANTEBORDO,FRBOJ,10:05,FRRCO
6144,2023-06-12,LA ROCHE SUR YON,NON,3831,11:10,IC SRO,JONZAC,NANTEBORDO,FREMR,08:36,FRXRO
6145,2023-06-12,LA ROCHE SUR YON,NON,3831,08:58,IC SRO,LUCON,NANTEBORDO,FRLCN,08:36,FRXRO
6146,2023-06-12,LA ROCHE SUR YON,NON,3831,09:39,IC SRO,LA ROCHELLE VILLE,NANTEBORDO,FRLRH,08:36,FRXRO
6147,2023-06-12,AIX EN PROVENCE TGV,NON,9866,12:45,NORD,AVIGNON TGV,JCSUDNORD,FRAVG,12:26,FRAIE
6148,2023-06-12,LYON (intramuros),NON,9866,16:57,NORD,LILLE (intramuros),JCSUDNORD,FRLLE,14:00,FRLPD
6149,2023-06-12,MARNE LA VALLEE CHESSY,NON,9866,17:43,NORD,BRUXELLES MIDI BRUSSEL ZUID,JCSUDNORD,BEBMI,15:50,FRMLV
6150,2023-06-12,MARSEILLE ST CHARLES,NON,9866,17:43,NORD,BRUXELLES MIDI BRUSSEL ZUID,JCSUDNORD,BEBMI,12:12,FRMSC
6151,2023-06-12,MARSEILLE ST CHARLES,OUI,9866,12:23,NORD,AIX EN PROVENCE TGV,JCSUDNORD,FRAIE,12:12,FRMSC
6152,2023-06-12,DOLE VILLE,NON,6743,17:27,SUD EST,BESANCON VIOTTE,PABOUR,FRABG,17:01,FRACE
6153,2023-06-12,PARIS (intramuros),NON,6743,16:31,SUD EST,DIJON VILLE,PABOUR,FRABA,14:50,FRPLY
6154,2023-06-12,PARIS (intramuros),OUI,7391,21:14,NORD,ARRAS,PAARRAS,FRQRV,20:25,FRPNO
6155,2023-06-12,LA ROCHELLE VILLE,OUI,8378,14:05,ATLANTIQUE,SURGERES,ROCHELLEPA,FREIP,13:47,FRLRH
6156,2023-06-12,LA ROCHELLE VILLE,NON,8378,15:50,ATLANTIQUE,ST PIERRE DES CORPS,ROCHELLEPA,FRXSH,13:47,FRLRH
6157,2023-06-12,NIORT,NON,8378,15:16,ATLANTIQUE,POITIERS,ROCHELLEPA,FRPIS,14:29,FRNIT
6158,2023-06-12,ST PIERRE DES CORPS,NON,8378,16:57,ATLANTIQUE,PARIS (intramuros),ROCHELLEPA,FRPMO,15:54,FRXSH
6159,2023-06-12,HENDAYE,NON,8544,20:58,ATLANTIQUE,PARIS (intramuros),SUDOUESTPA,FRPMO,16:12,FRAEF
6160,2023-06-12,BIARRITZ,NON,8544,20:58,ATLANTIQUE,PARIS (intramuros),SUDOUESTPA,FRPMO,16:39,FRBIQ
6161,2023-06-12,BIARRITZ,OUI,8544,16:51,ATLANTIQUE,BAYONNE,SUDOUESTPA,FRXBY,16:39,FRBIQ
6162,2023-06-12,NICE VILLE,OUI,6852,19:14,SUD EST,TOULON,JCSUDPROV,FRTLN,17:27,FRNIC
6163,2023-06-12,NICE VILLE,OUI,6852,17:42,SUD EST,ANTIBES,JCSUDPROV,FRXAT,17:27,FRNIC
6164,2023-06-12,TOULON,OUI,6852,20:04,SUD EST,MARSEILLE ST CHARLES,JCSUDPROV,FRMSC,19:18,FRTLN
6165,2023-06-12,ANTIBES,OUI,6852,17:55,SUD EST,CANNES,JCSUDPROV,FRJCA,17:45,FRXAT
6166,2023-06-12,ANTIBES,OUI,6852,19:14,SUD EST,TOULON,JCSUDPROV,FRTLN,17:45,FRXAT
6167,2023-06-12,ANTIBES,OUI,6852,18:21,SUD EST,ST RAPHAEL VALESCURE,JCSUDPROV,FRXSK,17:45,FRXAT
6168,2023-06-12,ST RAPHAEL VALESCURE,OUI,6852,19:14,SUD EST,TOULON,JCSUDPROV,FRTLN,18:23,FRXSK
6169,2023-06-12,LILLE (intramuros),OUI,9852,09:43,NORD,BRUXELLES MIDI BRUSSEL ZUID,JCSUDNORD,BEBMI,09:09,FRLLE
6170,2023-06-12,LYON (intramuros),NON,9852,09:43,NORD,BRUXELLES MIDI BRUSSEL ZUID,JCSUDNORD,BEBMI,05:50,FRLPD
6171,2023-06-12,LYON (intramuros),NON,9852,08:56,NORD,LILLE (intramuros),JCSUDNORD,FRLLE,05:50,FRLPD
6172,2023-06-12,LYON (intramuros),NON,9852,08:56,NORD,LILLE (intramuros),JCSUDNORD,FRLLE,05:37,FRLPE
6173,2023-06-12,BRUXELLES MIDI BRUSSEL ZUID,NON,9870,11:05,NORD,STRASBOURG,JCNORDEST,FRAEG,07:17,BEBMI
6174,2023-06-12,CHAMPAGNE-ARDENNE,NON,9870,10:25,NORD,LORRAINE TGV,JCNORDEST,FREAM,09:34,FREAH
6175,2023-06-12,BRUXELLES MIDI BRUSSEL ZUID,NON,9870,10:00,NORD,MEUSE TGV,JCNORDEST,FREAJ,07:17,BEBMI
6176,2023-06-12,DOUAI,OUI,7130,18:08,NORD,PARIS (intramuros),ARRASPA,FRPNO,16:51,FRXDN
6177,2023-06-12,AVIGNON CENTRE,OUI,6194,07:18,SUD EST,ORANGE,VDRPA,FRXOG,07:04,FRAES
6178,2023-06-12,ARLES,OUI,6194,07:00,SUD EST,AVIGNON CENTRE,VDRPA,FRAES,06:43,FRHZA
6179,2023-06-12,ARLES,OUI,6194,08:09,SUD EST,VALENCE VILLE,VDRPA,FRVAF,06:43,FRHZA
6180,2023-06-12,MIRAMAS,OUI,6194,07:18,SUD EST,ORANGE,VDRPA,FRXOG,06:20,FRMAZ
6181,2023-06-12,ORANGE,NON,6194,10:46,SUD EST,PARIS (intramuros),VDRPA,FRPLY,07:21,FRXOG
6182,2023-06-12,PARIS (intramuros),NON,8485,17:15,ATLANTIQUE,LIBOURNE,PASUDOUEST,FRXLR,14:15,FRPMO
6183,2023-06-12,PARIS (intramuros),NON,8485,15:17,ATLANTIQUE,ST PIERRE DES CORPS,PASUDOUEST,FRXSH,14:15,FRPMO
6184,2023-06-12,LES AUBRAIS ORLEANS,NON,3971,07:25,IC NUIT,LUZENAC GARANOU,PARPALOMBE,FRFQI,22:27,FRLAB
6185,2023-06-12,PARIS (intramuros),NON,3971,07:08,IC NUIT,TARASCON SUR ARIEGE,PARPALOMBE,FRFQM,21:13,FRPAZ
6186,2023-06-12,BRUXELLES MIDI BRUSSEL ZUID,NON,9826,12:08,NORD,MARNE LA VALLEE CHESSY,JCNORDSUD,FRMLV,10:17,BEBMI
6187,2023-06-12,MARNE LA VALLEE CHESSY,NON,9826,14:00,NORD,LYON (intramuros),JCNORDSUD,FRLPD,12:13,FRMLV
6188,2023-06-12,AEROPORT CDG2 TGV ROISSY,NON,9826,12:08,NORD,MARNE LA VALLEE CHESSY,JCNORDSUD,FRMLV,11:59,FRMLW
6189,2023-06-12,AEROPORT CDG2 TGV ROISSY,NON,9826,14:48,NORD,VALENCE TGV RHONE-ALPES SUD,JCNORDSUD,FRVLA,11:59,FRMLW
6190,2023-06-12,VALENCE TGV RHONE-ALPES SUD,OUI,9826,15:30,NORD,NIMES PONT DU GARD,JCNORDSUD,FRXZP,14:53,FRVLA
6191,2023-06-12,MARSEILLE ST CHARLES,NON,6173,14:58,SUD EST,NICE VILLE,PAAZUR,FRNIC,12:29,FRMSC
6192,2023-06-12,MARSEILLE ST CHARLES,NON,6173,14:39,SUD EST,ANTIBES,PAAZUR,FRXAT,12:29,FRMSC
6193,2023-06-12,PARIS (intramuros),NON,6173,14:25,SUD EST,CANNES,PAAZUR,FRJCA,09:08,FRPLY
6194,2023-06-12,PARIS (intramuros),NON,6173,14:58,SUD EST,NICE VILLE,PAAZUR,FRNIC,09:08,FRPLY
6195,2023-06-12,PARIS (intramuros),NON,6173,14:01,SUD EST,ST RAPHAEL VALESCURE,PAAZUR,FRXSK,09:08,FRPLY
6196,2023-06-12,TOULON,NON,6173,14:39,SUD EST,ANTIBES,PAAZUR,FRXAT,13:17,FRTLN
6197,2023-06-12,BORDEAUX ST JEAN,OUI,8486,11:22,ATLANTIQUE,ANGOULEME,SUDOUESTPA,FRANG,10:18,FRBOJ
6198,2023-06-12,BORDEAUX ST JEAN,NON,8486,12:04,ATLANTIQUE,POITIERS,SUDOUESTPA,FRPIS,10:18,FRBOJ
6199,2023-06-12,BORDEAUX ST JEAN,OUI,8486,10:39,ATLANTIQUE,LIBOURNE,SUDOUESTPA,FRXLR,10:18,FRBOJ
6200,2023-06-12,POITIERS,NON,8486,13:37,ATLANTIQUE,PARIS (intramuros),SUDOUESTPA,FRPMO,12:15,FRPIS
6201,2023-06-12,BRUXELLES MIDI BRUSSEL ZUID,NON,9830,17:00,NORD,LYON (intramuros),JCNORDSUD,FRLPD,13:17,BEBMI
6202,2023-06-12,BRUXELLES MIDI BRUSSEL ZUID,NON,9830,14:53,NORD,AEROPORT CDG2 TGV ROISSY,JCNORDSUD,FRMLW,13:17,BEBMI
6203,2023-06-12,LILLE (intramuros),NON,9830,18:13,NORD,AVIGNON TGV,JCNORDSUD,FRAVG,14:03,FRLLE
6204,2023-06-12,LILLE (intramuros),NON,9830,14:53,NORD,AEROPORT CDG2 TGV ROISSY,JCNORDSUD,FRMLW,14:03,FRLLE
6205,2023-06-12,LYON (intramuros),NON,9830,18:13,NORD,AVIGNON TGV,JCNORDSUD,FRAVG,17:06,FRLPD
6206,2023-06-12,MARNE LA VALLEE CHESSY,NON,9830,18:37,NORD,AIX EN PROVENCE TGV,JCNORDSUD,FRAIE,15:15,FRMLV
6207,2023-06-12,LILLE (intramuros),NON,5036,18:08,NORD,MARNE LA VALLEE CHESSY,JCNORDSUD,FRMLV,17:03,FRLLE
6208,2023-06-12,AEROPORT CDG2 TGV ROISSY,NON,5036,20:00,NORD,LYON (intramuros),JCNORDSUD,FRLPD,17:59,FRMLW
6209,2023-06-12,AEROPORT CDG2 TGV ROISSY,NON,5036,20:49,NORD,VALENCE TGV RHONE-ALPES SUD,JCNORDSUD,FRVLA,17:59,FRMLW
6210,2023-06-12,NIMES PONT DU GARD,OUI,5036,21:53,NORD,MONTPELLIER SUD DE FRANCE,JCNORDSUD,FRSUF,21:34,FRXZP
6211,2023-06-12,BEZIERS,NON,6823,16:19,SUD EST,TOULOUSE MATABIAU,JCPROVSUD,FRXYT,14:47,FRBZR
6212,2023-06-12,LYON (intramuros),NON,6823,13:35,SUD EST,NIMES,JCPROVSUD,FRFNI,12:06,FRLPD
6213,2023-06-12,LYON (intramuros),NON,6823,14:03,SUD EST,MONTPELLIER SAINT-ROCH,JCPROVSUD,FRMPL,12:06,FRLPD
6214,2023-06-12,LYON (intramuros),NON,6823,15:00,SUD EST,NARBONNE,JCPROVSUD,FRXNA,12:06,FRLPD
6215,2023-06-12,LYON (intramuros),NON,6823,16:19,SUD EST,TOULOUSE MATABIAU,JCPROVSUD,FRXYT,12:06,FRLPD
6216,2023-06-12,VALENCE TGV RHONE-ALPES SUD,NON,6823,14:03,SUD EST,MONTPELLIER SAINT-ROCH,JCPROVSUD,FRMPL,12:50,FRVLA
6217,2023-06-12,VALENCE TGV RHONE-ALPES SUD,NON,6823,16:19,SUD EST,TOULOUSE MATABIAU,JCPROVSUD,FRXYT,12:50,FRVLA
6218,2023-06-12,BREST,NON,8606,11:19,ATLANTIQUE,PARIS (intramuros),BRETAPARIS,FRPMO,07:22,FRBES
6219,2023-06-12,GUINGAMP,OUI,8606,08:37,ATLANTIQUE,ST BRIEUC,BRETAPARIS,FRSBK,08:22,FRGGP
6220,2023-06-12,MORLAIX,OUI,8606,08:20,ATLANTIQUE,GUINGAMP,BRETAPARIS,FRGGP,07:54,FRMXN
6221,2023-06-12,MORLAIX,OUI,8606,09:29,ATLANTIQUE,RENNES,BRETAPARIS,FRRNS,07:54,FRMXN
6222,2023-06-12,MORLAIX,OUI,8606,08:37,ATLANTIQUE,ST BRIEUC,BRETAPARIS,FRSBK,07:54,FRMXN
6223,2023-06-12,RENNES,NON,8606,11:19,ATLANTIQUE,PARIS (intramuros),BRETAPARIS,FRPMO,09:35,FRRNS
6224,2023-06-12,CANNES,OUI,6074,10:55,SUD EST,ST RAPHAEL VALESCURE,AZURPA,FRXSK,10:32,FRJCA
6225,2023-06-12,NICE VILLE,NON,6074,15:50,SUD EST,PARIS (intramuros),AZURPA,FRPLY,09:57,FRNIC
6226,2023-06-12,NICE VILLE,OUI,6074,10:55,SUD EST,ST RAPHAEL VALESCURE,AZURPA,FRXSK,09:57,FRNIC
6227,2023-06-12,TOULON,NON,6074,12:33,SUD EST,MARSEILLE ST CHARLES,AZURPA,FRMSC,11:48,FRTLN
6228,2023-06-12,ST RAPHAEL VALESCURE,NON,6074,15:50,SUD EST,PARIS (intramuros),AZURPA,FRPLY,10:58,FRXSK
6229,2023-06-12,TOURS,OUI,8308,08:00,ATLANTIQUE,ST PIERRE DES CORPS,ROCHELLEPA,FRXSH,07:55,FRAFW
6230,2023-06-12,HYERES,NON,6124,16:38,SUD EST,AVIGNON TGV,AZURPA,FRAVG,14:50,FRXHE
6231,2023-06-12,ANGERS ST LAUD,OUI,5358,23:09,SUD EST,NANTES,JCSUDATL,FRNTE,22:32,FRACL
6232,2023-06-12,LYON (intramuros),NON,5358,22:29,SUD EST,ANGERS ST LAUD,JCSUDATL,FRACL,18:30,FRLPD
6233,2023-06-12,LYON (intramuros),NON,5358,21:28,SUD EST,ST PIERRE DES CORPS,JCSUDATL,FRXSH,18:30,FRLPD
6234,2023-06-12,ST PIERRE DES CORPS,OUI,5358,22:06,SUD EST,SAUMUR,JCSUDATL,FRACN,21:32,FRXSH
6235,2023-06-12,MONTPELLIER SUD DE FRANCE,NON,5358,20:31,SUD EST,MASSY TGV,JCSUDATL,FRDJU,16:41,FRSUF
6236,2023-06-12,MONTPELLIER SUD DE FRANCE,NON,5358,22:06,SUD EST,SAUMUR,JCSUDATL,FRACN,16:41,FRSUF
6237,2023-06-12,MONTPELLIER SUD DE FRANCE,OUI,5358,16:59,SUD EST,NIMES PONT DU GARD,JCSUDATL,FRXZP,16:41,FRSUF
6238,2023-06-12,NIMES PONT DU GARD,NON,5358,22:06,SUD EST,SAUMUR,JCSUDATL,FRACN,17:02,FRXZP
6239,2023-06-12,PARIS (intramuros),OUI,8347,22:35,ATLANTIQUE,CHATELLERAULT,PAROCHELLE,FRXCX,20:58,FRPMO
6240,2023-06-12,ST PIERRE DES CORPS,OUI,8347,22:35,ATLANTIQUE,CHATELLERAULT,PAROCHELLE,FRXCX,22:09,FRXSH
6241,2023-06-12,GRENOBLE,NON,6906,08:54,SUD EST,LYON-SAINT EXUPERY TGV,GRENOBLEPA,FRJDQ,07:46,FRGNB
6242,2023-06-12,LYON-SAINT EXUPERY TGV,NON,6906,10:46,SUD EST,PARIS (intramuros),GRENOBLEPA,FRPLY,08:58,FRJDQ
6243,2023-06-12,RETHEL,OUI,2709,10:10,EST,CHARLEVILLE MEZIERES,PABARSED,FRXCZ,09:42,FRBDT
6244,2023-06-12,PARIS (intramuros),OUI,2709,10:35,EST,SEDAN,PABARSED,FRXSW,08:28,FRPST
6245,2023-06-12,PAU,OUI,8583,15:40,ATLANTIQUE,BORDEAUX ST JEAN,SUDOUESTPA,FRBOJ,13:24,FRAEE
6246,2023-06-12,BORDEAUX ST JEAN,NON,8583,17:52,ATLANTIQUE,PARIS (intramuros),SUDOUESTPA,FRPMO,15:46,FRBOJ
6247,2023-06-12,ORTHEZ,NON,8583,17:52,ATLANTIQUE,PARIS (intramuros),SUDOUESTPA,FRPMO,13:47,FRGFI
6248,2023-06-12,LOURDES,OUI,8583,14:14,ATLANTIQUE,DAX,SUDOUESTPA,FRACG,12:56,FRLDE
6249,2023-06-12,LOURDES,NON,8583,17:52,ATLANTIQUE,PARIS (intramuros),SUDOUESTPA,FRPMO,12:56,FRLDE
6250,2023-06-12,AIX EN PROVENCE TGV,NON,6150,07:01,SUD EST,AVIGNON TGV,AZURPA,FRAVG,06:42,FRAIE
6251,2023-06-12,AVIGNON TGV,NON,6150,09:46,SUD EST,PARIS (intramuros),AZURPA,FRPLY,07:04,FRAVG
6252,2023-06-12,NIMES,NON,6225,21:11,SUD EST,MONTPELLIER SAINT-ROCH,PALANG,FRMPL,20:46,FRFNI
6253,2023-06-12,NIMES,NON,6225,22:19,SUD EST,NARBONNE,PALANG,FRXNA,20:46,FRFNI
6254,2023-06-12,PARIS (intramuros),NON,6225,22:56,SUD EST,PERPIGNAN,PALANG,FRPGF,17:40,FRPLY
6255,2023-06-12,PARIS (intramuros),NON,6225,21:48,SUD EST,AGDE,PALANG,FRXAG,17:40,FRPLY
6256,2023-06-12,VALENCE TGV RHONE-ALPES SUD,NON,6225,22:19,SUD EST,NARBONNE,PALANG,FRXNA,19:57,FRVLA
6257,2023-06-12,NARBONNE,OUI,6225,22:56,SUD EST,PERPIGNAN,PALANG,FRPGF,22:22,FRXNA
6258,2023-06-12,SETE,OUI,6225,22:56,SUD EST,PERPIGNAN,PALANG,FRPGF,21:35,FRXSY
6259,2023-06-12,SETE,OUI,6225,22:19,SUD EST,NARBONNE,PALANG,FRXNA,21:35,FRXSY
6260,2023-06-12,DIE,OUI,5790,07:57,IC NUIT,PARIS (intramuros),BRIANCONPA,FRPAZ,23:12,FRDIE
6261,2023-06-12,GAP,OUI,5790,07:57,IC NUIT,PARIS (intramuros),BRIANCONPA,FRPAZ,21:34,FRGAT
6262,2023-06-12,BRIANCON,OUI,5790,07:57,IC NUIT,PARIS (intramuros),BRIANCONPA,FRPAZ,20:03,FRXBC
6263,2023-06-12,STRASBOURG,NON,5486,12:36,EST,ANGERS ST LAUD,JCESTATL,FRACL,07:31,FRAEG
6264,2023-06-12,CHAMPAGNE-ARDENNE,NON,5486,09:28,EST,AEROPORT CDG2 TGV ROISSY,JCESTATL,FRMLW,08:58,FREAH
6265,2023-06-12,LORRAINE TGV,NON,5486,09:55,EST,MARNE LA VALLEE CHESSY,JCESTATL,FRMLV,08:09,FREAM
6266,2023-06-12,LORRAINE TGV,NON,5486,11:32,EST,ST PIERRE DES CORPS,JCESTATL,FRXSH,08:09,FREAM
6267,2023-06-12,MARNE LA VALLEE CHESSY,NON,5486,10:34,EST,MASSY TGV,JCESTATL,FRDJU,10:02,FRMLV
6268,2023-06-12,AEROPORT CDG2 TGV ROISSY,NON,5486,12:36,EST,ANGERS ST LAUD,JCESTATL,FRACL,09:45,FRMLW
6269,2023-06-12,AEROPORT CDG2 TGV ROISSY,NON,5486,09:55,EST,MARNE LA VALLEE CHESSY,JCESTATL,FRMLV,09:45,FRMLW
6270,2023-06-12,STRASBOURG,NON,5454,19:22,EST,ANGOULEME,JCESTATL,FRANG,14:01,FRAEG
6271,2023-06-12,STRASBOURG,NON,5454,14:58,EST,MEUSE TGV,JCESTATL,FREAJ,14:01,FRAEG
6272,2023-06-12,STRASBOURG,NON,5454,16:04,EST,AEROPORT CDG2 TGV ROISSY,JCESTATL,FRMLW,14:01,FRAEG
6273,2023-06-12,CHAMPAGNE-ARDENNE,NON,5454,20:02,EST,BORDEAUX ST JEAN,JCESTATL,FRBOJ,15:34,FREAH
6274,2023-06-12,CHAMPAGNE-ARDENNE,NON,5454,16:27,EST,MARNE LA VALLEE CHESSY,JCESTATL,FRMLV,15:34,FREAH
6275,2023-06-12,CHAMPAGNE-ARDENNE,NON,5454,18:06,EST,ST PIERRE DES CORPS,JCESTATL,FRXSH,15:34,FREAH
6276,2023-06-12,MEUSE TGV,NON,5454,20:02,EST,BORDEAUX ST JEAN,JCESTATL,FRBOJ,15:05,FREAJ
6277,2023-06-12,MEUSE TGV,NON,5454,16:04,EST,AEROPORT CDG2 TGV ROISSY,JCESTATL,FRMLW,15:05,FREAJ
6278,2023-06-12,LORRAINE TGV,NON,5454,17:04,EST,MASSY TGV,JCESTATL,FRDJU,14:39,FREAM
6279,2023-06-12,LORRAINE TGV,NON,5454,15:31,EST,CHAMPAGNE-ARDENNE,JCESTATL,FREAH,14:39,FREAM
6280,2023-06-12,LORRAINE TGV,NON,5454,18:40,EST,POITIERS,JCESTATL,FRPIS,14:39,FREAM
6281,2023-06-12,LORRAINE TGV,NON,5454,18:06,EST,ST PIERRE DES CORPS,JCESTATL,FRXSH,14:39,FREAM
6282,2023-06-12,POITIERS,OUI,5454,20:02,EST,BORDEAUX ST JEAN,JCESTATL,FRBOJ,18:43,FRPIS
6283,2023-06-12,PARIS (intramuros),NON,8437,11:06,ATLANTIQUE,ST PIERRE DES CORPS,PASUDOUEST,FRXSH,10:03,FRPMO
6284,2023-06-12,ANGERS ST LAUD,OUI,5300,05:47,SUD EST,SAUMUR,JCATLSUD,FRACN,05:27,FRACL
6285,2023-06-12,SAUMUR,NON,5300,07:19,SUD EST,MASSY TGV,JCATLSUD,FRDJU,05:50,FRACN
6286,2023-06-12,SAUMUR,NON,5300,10:17,SUD EST,VALENCE TGV RHONE-ALPES SUD,JCATLSUD,FRVLA,05:50,FRACN
6287,2023-06-12,MASSY TGV,NON,5300,10:17,SUD EST,VALENCE TGV RHONE-ALPES SUD,JCATLSUD,FRVLA,07:26,FRDJU
6288,2023-06-12,ST PIERRE DES CORPS,NON,5300,09:30,SUD EST,LYON (intramuros),JCATLSUD,FRLPD,06:28,FRXSH
6289,2023-06-12,VALENCE TGV RHONE-ALPES SUD,OUI,5300,10:58,SUD EST,NIMES PONT DU GARD,JCATLSUD,FRXZP,10:22,FRVLA
6290,2023-06-12,NIMES,NON,5156,07:23,NORD,LYON (intramuros),JCSUDNORD,FRLPD,05:52,FRFNI
6291,2023-06-12,NIMES,NON,5156,09:17,NORD,MARNE LA VALLEE CHESSY,JCSUDNORD,FRMLV,05:52,FRFNI
6292,2023-06-12,PAU,NON,14142,12:37,IC SRO,LOURDES,SUDOUEST,FRLDE,12:12,FRAEE
6293,2023-06-12,PAU,NON,14142,12:53,IC SRO,TARBES,SUDOUEST,FRXTB,12:12,FRAEE
6294,2023-06-12,HENDAYE,NON,14142,12:09,IC SRO,PAU,SUDOUEST,FRAEE,10:19,FRAEF
6295,2023-06-12,HENDAYE,NON,14142,11:46,IC SRO,ORTHEZ,SUDOUEST,FRGFI,10:19,FRAEF
6296,2023-06-12,HENDAYE,NON,14142,10:52,IC SRO,BAYONNE,SUDOUEST,FRXBY,10:19,FRAEF
6297,2023-06-12,HENDAYE,NON,14142,10:29,IC SRO,ST JEAN DE LUZ CIBOURE,SUDOUEST,FRXJZ,10:19,FRAEF
6298,2023-06-12,HENDAYE,NON,14142,12:53,IC SRO,TARBES,SUDOUEST,FRXTB,10:19,FRAEF
6299,2023-06-12,BIARRITZ,NON,14142,11:46,IC SRO,ORTHEZ,SUDOUEST,FRGFI,10:40,FRBIQ
6300,2023-06-12,BAYONNE,NON,14142,12:53,IC SRO,TARBES,SUDOUEST,FRXTB,11:02,FRXBY
6301,2023-06-12,ST JEAN DE LUZ CIBOURE,NON,14142,14:27,IC SRO,TOULOUSE MATABIAU,SUDOUEST,FRXYT,10:30,FRXJZ
6302,2023-06-12,TARBES,NON,14142,13:30,IC SRO,MONTREJEAU GOURDAN POLIGNAN,SUDOUEST,FRMTJ,12:56,FRXTB
6303,2023-06-12,MONTREJEAU GOURDAN POLIGNAN,NON,14142,14:27,IC SRO,TOULOUSE MATABIAU,SUDOUEST,FRXYT,13:32,FRMTJ
6304,2023-06-12,ST JEAN DE LUZ CIBOURE,NON,14142,13:30,IC SRO,MONTREJEAU GOURDAN POLIGNAN,SUDOUEST,FRMTJ,10:30,FRXJZ
6305,2023-06-12,LAVAL,NON,8088,20:20,ATLANTIQUE,PARIS (intramuros),BRETAPARIS,FRPMO,19:04,FRACR
6306,2023-06-12,DOL DE BRETAGNE,NON,8088,19:01,ATLANTIQUE,LAVAL,BRETAPARIS,FRACR,17:58,FRDOL
6307,2023-06-12,CHAMBERY CHALLES LES EAUX,NON,6972,14:35,SUD EST,MACON LOCHE TGV,ALPESPARIS,FRMLT,13:24,FRCMF
6308,2023-06-12,AIX LES BAINS LE REVARD,NON,6972,16:14,SUD EST,PARIS (intramuros),ALPESPARIS,FRPLY,12:59,FRXAI
6309,2023-06-12,LOURDES,OUI,8571,11:47,ATLANTIQUE,TARBES,PASUDOUEST,FRXTB,11:31,FRLDE
6310,2023-06-12,ST PIERRE DES CORPS,OUI,8345,20:32,ATLANTIQUE,POITIERS,PAROCHELLE,FRPIS,19:44,FRXSH
6311,2023-06-12,LYON (intramuros),NON,6634,23:09,SUD EST,PARIS (intramuros),RHONEPARIS,FRPLY,21:03,FRLPD
6312,2023-06-12,LYON (intramuros),NON,6634,23:09,SUD EST,PARIS (intramuros),RHONEPARIS,FRPLY,20:49,FRLPE
6313,2023-06-12,LE CREUSOT MONTCEAU MONTCHANIN,NON,6634,23:09,SUD EST,PARIS (intramuros),RHONEPARIS,FRPLY,21:51,FRXCC
6314,2023-06-12,BEZIERS,NON,4762,17:57,IC ARO,MONTAUBAN VILLE BOURBON,TJOURSESO,FRXMW,15:46,FRBZR
6315,2023-06-12,NIMES,NON,4762,18:35,IC ARO,AGEN,TJOURSESO,FRAGF,14:38,FRFNI
6316,2023-06-12,NIMES,NON,4762,15:43,IC ARO,BEZIERS,TJOURSESO,FRBZR,14:38,FRFNI
6317,2023-06-12,NIMES,NON,4762,16:31,IC ARO,CARCASSONNE,TJOURSESO,FRCCF,14:38,FRFNI
6318,2023-06-12,MONTPELLIER SAINT-ROCH,NON,4762,17:18,IC ARO,TOULOUSE MATABIAU,TJOURSESO,FRXYT,15:06,FRMPL
6319,2023-06-12,MARSEILLE ST CHARLES,NON,4762,19:42,IC ARO,BORDEAUX ST JEAN,TJOURSESO,FRBOJ,13:23,FRMSC
6320,2023-06-12,MARSEILLE ST CHARLES,NON,4762,15:02,IC ARO,MONTPELLIER SAINT-ROCH,TJOURSESO,FRMPL,13:23,FRMSC
6321,2023-06-12,MONTAUBAN VILLE BOURBON,OUI,4762,18:35,IC ARO,AGEN,TJOURSESO,FRAGF,17:59,FRXMW
6322,2023-06-12,LYON (intramuros),NON,4504,14:39,IC SRO,NEVERS,JOURLYNNTE,FRNVS,12:00,FRLPD
6323,2023-06-12,LYON (intramuros),NON,4504,13:43,IC SRO,ST GERMAIN DES FOSSES,JOURLYNNTE,FRSGF,12:00,FRLPD
6324,2023-06-12,LYON (intramuros),NON,4504,18:01,IC SRO,ANGERS ST LAUD,JOURLYNNTE,FRACL,11:47,FRLPE
6325,2023-06-12,LYON (intramuros),NON,4504,17:36,IC SRO,SAUMUR,JOURLYNNTE,FRACN,11:47,FRLPE
6326,2023-06-12,ROANNE,NON,4504,18:01,IC SRO,ANGERS ST LAUD,JOURLYNNTE,FRACL,13:06,FRRNE
6327,2023-06-12,ROANNE,NON,4504,13:43,IC SRO,ST GERMAIN DES FOSSES,JOURLYNNTE,FRSGF,13:06,FRRNE
6328,2023-06-12,ROANNE,NON,4504,16:55,IC SRO,ST PIERRE DES CORPS,JOURLYNNTE,FRXSH,13:06,FRRNE
6329,2023-06-12,ROANNE,NON,4504,15:49,IC SRO,VIERZON VILLE,JOURLYNNTE,FRXVZ,13:06,FRRNE
6330,2023-06-12,ST GERMAIN DES FOSSES,NON,4504,17:36,IC SRO,SAUMUR,JOURLYNNTE,FRACN,13:45,FRSGF
6331,2023-06-12,MOULINS SUR ALLIER,NON,4504,15:49,IC SRO,VIERZON VILLE,JOURLYNNTE,FRXVZ,14:10,FRXMU
6332,2023-06-12,ST PIERRE DES CORPS,NON,4504,18:01,IC SRO,ANGERS ST LAUD,JOURLYNNTE,FRACL,16:58,FRXSH
6333,2023-06-12,AVIGNON TGV,NON,6132,22:22,SUD EST,PARIS (intramuros),PROVENCEPA,FRPLY,19:40,FRAVG
6334,2023-06-12,MARSEILLE ST CHARLES,NON,6132,22:22,SUD EST,PARIS (intramuros),PROVENCEPA,FRPLY,19:04,FRMSC
6335,2023-06-12,MORLAIX,OUI,8646,20:21,ATLANTIQUE,GUINGAMP,BRETAPARIS,FRGGP,19:55,FRMXN
6336,2023-06-12,MORLAIX,OUI,8646,20:38,ATLANTIQUE,ST BRIEUC,BRETAPARIS,FRSBK,19:55,FRMXN
6337,2023-06-12,DAX,NON,8540,15:40,ATLANTIQUE,BORDEAUX ST JEAN,SUDOUESTPA,FRBOJ,14:24,FRACG
6338,2023-06-12,HENDAYE,OUI,8540,13:31,ATLANTIQUE,BIARRITZ,SUDOUESTPA,FRBIQ,13:09,FRAEF
6339,2023-06-12,HENDAYE,NON,8540,17:52,ATLANTIQUE,PARIS (intramuros),SUDOUESTPA,FRPMO,13:09,FRAEF
6340,2023-06-12,HENDAYE,OUI,8540,13:46,ATLANTIQUE,BAYONNE,SUDOUESTPA,FRXBY,13:09,FRAEF
6341,2023-06-12,BAYONNE,NON,8540,14:19,ATLANTIQUE,DAX,SUDOUESTPA,FRACG,13:49,FRXBY
6342,2023-06-12,ST JEAN DE LUZ CIBOURE,NON,8540,14:19,ATLANTIQUE,DAX,SUDOUESTPA,FRACG,13:21,FRXJZ
6343,2023-06-12,VALENCE TGV RHONE-ALPES SUD,OUI,6875,22:14,SUD EST,LYON (intramuros),JCSUDPROV,FRLPD,21:32,FRVLA
6344,2023-06-12,SETE,OUI,6875,22:14,SUD EST,LYON (intramuros),JCSUDPROV,FRLPD,19:39,FRXSY
6345,2023-06-12,TOULOUSE MATABIAU,OUI,6875,22:14,SUD EST,LYON (intramuros),JCSUDPROV,FRLPD,17:43,FRXYT
6346,2023-06-12,TOULOUSE MATABIAU,OUI,6875,18:56,SUD EST,NARBONNE,JCSUDPROV,FRXNA,17:43,FRXYT
6347,2023-06-12,TOULOUSE MATABIAU,OUI,6875,19:36,SUD EST,SETE,JCSUDPROV,FRXSY,17:43,FRXYT
6348,2023-06-12,NIMES PONT DU GARD,OUI,6875,21:29,SUD EST,VALENCE TGV RHONE-ALPES SUD,JCSUDPROV,FRVLA,20:36,FRXZP
6349,2023-06-12,AVIGNON TGV,NON,5376,14:31,SUD EST,LE HAVRE,JCSUDATL,FRAEZ,08:05,FRAVG
6350,2023-06-12,AVIGNON TGV,NON,5376,08:37,SUD EST,VALENCE TGV RHONE-ALPES SUD,JCSUDATL,FRVLA,08:05,FRAVG
6351,2023-06-12,LYON (intramuros),NON,5376,11:55,SUD EST,VERSAILLES CHANTIERS,JCSUDATL,FRDHT,09:30,FRLPD
6352,2023-06-12,MASSY PALAISEAU,OUI,5376,14:31,SUD EST,LE HAVRE,JCSUDATL,FRAEZ,11:40,FRMPU
6353,2023-06-12,MASSY PALAISEAU,OUI,5376,13:22,SUD EST,ROUEN RIVE DROITE,JCSUDATL,FRURD,11:40,FRMPU
6354,2023-06-12,MARSEILLE ST CHARLES,NON,5376,14:31,SUD EST,LE HAVRE,JCSUDATL,FRAEZ,07:35,FRMSC
6355,2023-06-12,MARSEILLE ST CHARLES,NON,5376,08:37,SUD EST,VALENCE TGV RHONE-ALPES SUD,JCSUDATL,FRVLA,07:35,FRMSC
6356,2023-06-12,MANTES LA JOLIE,OUI,5376,14:31,SUD EST,LE HAVRE,JCSUDATL,FRAEZ,12:32,FRMTE
6357,2023-06-12,ROUEN RIVE DROITE,OUI,5376,14:31,SUD EST,LE HAVRE,JCSUDATL,FRAEZ,13:27,FRURD
6358,2023-06-12,VALENCE TGV RHONE-ALPES SUD,NON,5376,14:31,SUD EST,LE HAVRE,JCSUDATL,FRAEZ,08:42,FRVLA
6359,2023-06-12,VENDOME VILLIERS SUR LOIR,OUI,8303,13:45,ATLANTIQUE,TOURS,PAROCHELLE,FRAFW,13:15,FRESL
6360,2023-06-12,PARIS (intramuros),OUI,8303,13:13,ATLANTIQUE,VENDOME VILLIERS SUR LOIR,PAROCHELLE,FRESL,12:28,FRPMO
6361,2023-06-12,MONTAUBAN VILLE BOURBON,NON,8504,10:40,ATLANTIQUE,BORDEAUX ST JEAN,SUDOUESTPA,FRBOJ,08:57,FRXMW
6362,2023-06-12,BREST,NON,8622,17:08,ATLANTIQUE,PARIS (intramuros),BRETAPARIS,FRPMO,13:31,FRBES
6363,2023-06-12,BESANCON - F COMTE TGV,NON,6762,07:22,SUD EST,DIJON VILLE,BOURPA,FRABA,06:53,FRTJB
6364,2023-06-12,CHATEAUROUX,OUI,3604,06:20,IC ARO,ISSOUDUN,TOULOUZECO,FRFMN,06:06,FRCHR
6365,2023-06-12,LA SOUTERRAINE,OUI,3604,06:20,IC ARO,ISSOUDUN,TOULOUZECO,FRFMN,05:30,FRLST
6366,2023-06-12,LES SABLES D'OLONNE,OUI,8984,16:56,ATLANTIQUE,NANTES,LOIREPARIS,FRNTE,15:44,FRLSO
6367,2023-06-12,LA ROCHE SUR YON,OUI,8984,16:56,ATLANTIQUE,NANTES,LOIREPARIS,FRNTE,16:10,FRXRO
6368,2023-06-12,DIJON VILLE,NON,9898,11:49,EST,COLMAR,JCRHONRHIN,FRAEJ,10:08,FRABA
6369,2023-06-12,DIJON VILLE,NON,9898,11:21,EST,MULHOUSE VILLE,JCRHONRHIN,FRAEK,10:08,FRABA
6370,2023-06-12,DIJON VILLE,NON,9898,13:48,EST,THIONVILLE,JCRHONRHIN,FRXTH,10:08,FRABA
6371,2023-06-12,METZ VILLE,OUI,9898,13:48,EST,THIONVILLE,JCRHONRHIN,FRXTH,13:28,FRADE
6372,2023-06-12,COLMAR,NON,9898,14:15,EST,LUXEMBOURG,JCRHONRHIN,LULUX,11:52,FRAEJ
6373,2023-06-12,MULHOUSE VILLE,NON,9898,13:48,EST,THIONVILLE,JCRHONRHIN,FRXTH,11:24,FRAEK
6374,2023-06-12,NIMES,NON,9898,09:58,EST,DIJON VILLE,JCRHONRHIN,FRABA,06:53,FRFNI
6375,2023-06-12,NIMES,NON,9898,12:24,EST,STRASBOURG,JCRHONRHIN,FRAEG,06:53,FRFNI
6376,2023-06-12,NIMES,NON,9898,14:15,EST,LUXEMBOURG,JCRHONRHIN,LULUX,06:53,FRFNI
6377,2023-06-12,LYON (intramuros),NON,9898,10:57,EST,BELFORT-MONTBELIARD TGV,JCRHONRHIN,FRTJA,08:30,FRLPD
6378,2023-06-12,LYON (intramuros),NON,9898,13:48,EST,THIONVILLE,JCRHONRHIN,FRXTH,08:30,FRLPD
6379,2023-06-12,MONTPELLIER SAINT-ROCH,NON,9898,11:21,EST,MULHOUSE VILLE,JCRHONRHIN,FRAEK,06:26,FRMPL
6380,2023-06-12,MONTPELLIER SAINT-ROCH,NON,9898,14:15,EST,LUXEMBOURG,JCRHONRHIN,LULUX,06:26,FRMPL
6381,2023-06-12,BESANCON - F COMTE TGV,NON,9898,12:24,EST,STRASBOURG,JCRHONRHIN,FRAEG,10:36,FRTJB
6382,2023-06-12,PARIS (intramuros),NON,6607,10:56,SUD EST,LYON (intramuros),PARISRHONE,FRLPD,08:58,FRPLY
6383,2023-06-12,LUCON,NON,3837,19:39,IC SRO,LA ROCHELLE VILLE,NANTEBORDO,FRLRH,19:00,FRLCN
6384,2023-06-12,NANTES,NON,3837,20:03,IC SRO,ROCHEFORT,NANTEBORDO,FRRCO,17:55,FRNTE
6385,2023-06-12,NANTES,NON,3837,18:35,IC SRO,LA ROCHE SUR YON,NANTEBORDO,FRXRO,17:55,FRNTE
6386,2023-06-12,ROCHEFORT,NON,3837,21:10,IC SRO,JONZAC,NANTEBORDO,FREMR,20:05,FRRCO
6387,2023-06-12,SAINTES,NON,3837,22:08,IC SRO,BORDEAUX ST JEAN,NANTEBORDO,FRBOJ,20:34,FRXST
6388,2023-06-12,TOURS,OUI,8318,17:22,ATLANTIQUE,ST PIERRE DES CORPS,ROCHELLEPA,FRXSH,17:17,FRAFW
6389,2023-06-12,ST PIERRE DES CORPS,OUI,8318,17:43,ATLANTIQUE,VENDOME VILLIERS SUR LOIR,ROCHELLEPA,FRESL,17:25,FRXSH
6390,2023-06-12,DIJON VILLE,OUI,5516,17:02,EST,NANCY,JCRHONRHIN,FRENC,13:37,FRABA
6391,2023-06-12,MULHOUSE VILLE,OUI,5516,15:24,EST,COLMAR,JCRHONRHIN,FRAEJ,15:06,FRAEK
6392,2023-06-12,AIX EN PROVENCE TGV,NON,5516,13:25,EST,DIJON VILLE,JCRHONRHIN,FRABA,09:58,FRAIE
6393,2023-06-12,AIX EN PROVENCE TGV,NON,5516,14:55,EST,MULHOUSE VILLE,JCRHONRHIN,FRAEK,09:58,FRAIE
6394,2023-06-12,AIX EN PROVENCE TGV,NON,5516,11:26,EST,LYON (intramuros),JCRHONRHIN,FRLPD,09:58,FRAIE
6395,2023-06-12,AVIGNON TGV,NON,5516,14:55,EST,MULHOUSE VILLE,JCRHONRHIN,FRAEK,10:20,FRAVG
6396,2023-06-12,AVIGNON TGV,NON,5516,14:30,EST,BELFORT-MONTBELIARD TGV,JCRHONRHIN,FRTJA,10:20,FRAVG
6397,2023-06-12,MACON VILLE,OUI,5516,14:06,EST,BESANCON - F COMTE TGV,JCRHONRHIN,FRTJB,12:12,FRHGU
6398,2023-06-12,CANNES,NON,5516,12:41,EST,CHALON SUR SAONE,JCRHONRHIN,FRXCD,07:30,FRJCA
6399,2023-06-12,LYON (intramuros),NON,5516,13:25,EST,DIJON VILLE,JCRHONRHIN,FRABA,11:32,FRLPD
6400,2023-06-12,LYON (intramuros),NON,5516,17:02,EST,NANCY,JCRHONRHIN,FRENC,11:32,FRLPD
6401,2023-06-12,LYON (intramuros),NON,5516,12:41,EST,CHALON SUR SAONE,JCRHONRHIN,FRXCD,11:32,FRLPD
6402,2023-06-12,MARSEILLE ST CHARLES,NON,5516,09:55,EST,AIX EN PROVENCE TGV,JCRHONRHIN,FRAIE,09:45,FRMSC
6403,2023-06-12,MARSEILLE ST CHARLES,NON,5516,11:26,EST,LYON (intramuros),JCRHONRHIN,FRLPD,09:45,FRMSC
6404,2023-06-12,NICE VILLE,NON,5516,13:25,EST,DIJON VILLE,JCRHONRHIN,FRABA,07:00,FRNIC
6405,2023-06-12,NICE VILLE,NON,5516,11:26,EST,LYON (intramuros),JCRHONRHIN,FRLPD,07:00,FRNIC
6406,2023-06-12,NICE VILLE,OUI,5516,07:13,EST,ANTIBES,JCRHONRHIN,FRXAT,07:00,FRNIC
6407,2023-06-12,NICE VILLE,NON,5516,12:41,EST,CHALON SUR SAONE,JCRHONRHIN,FRXCD,07:00,FRNIC
6408,2023-06-12,TOULON,NON,5516,15:54,EST,STRASBOURG,JCRHONRHIN,FRAEG,08:50,FRTLN
6409,2023-06-12,TOULON,NON,5516,09:55,EST,AIX EN PROVENCE TGV,JCRHONRHIN,FRAIE,08:50,FRTLN
6410,2023-06-12,TOULON,NON,5516,12:41,EST,CHALON SUR SAONE,JCRHONRHIN,FRXCD,08:50,FRTLN
6411,2023-06-12,ANTIBES,NON,5516,15:24,EST,COLMAR,JCRHONRHIN,FRAEJ,07:16,FRXAT
6412,2023-06-12,ANTIBES,NON,5516,14:55,EST,MULHOUSE VILLE,JCRHONRHIN,FRAEK,07:16,FRXAT
6413,2023-06-12,ANTIBES,OUI,5516,08:09,EST,LES ARCS DRAGUIGNAN,JCRHONRHIN,FRXRS,07:16,FRXAT
6414,2023-06-12,CHALON SUR SAONE,OUI,5516,17:02,EST,NANCY,JCRHONRHIN,FRENC,12:44,FRXCD
6415,2023-06-12,CHALON SUR SAONE,OUI,5516,14:30,EST,BELFORT-MONTBELIARD TGV,JCRHONRHIN,FRTJA,12:44,FRXCD
6416,2023-06-12,CHALON SUR SAONE,OUI,5516,13:03,EST,BEAUNE,JCRHONRHIN,FRXBV,12:44,FRXCD
6417,2023-06-12,LES ARCS DRAGUIGNAN,NON,5516,13:25,EST,DIJON VILLE,JCRHONRHIN,FRABA,08:12,FRXRS
6418,2023-06-12,LES ARCS DRAGUIGNAN,NON,5516,12:09,EST,MACON VILLE,JCRHONRHIN,FRHGU,08:12,FRXRS
6419,2023-06-12,LES ARCS DRAGUIGNAN,OUI,5516,08:46,EST,TOULON,JCRHONRHIN,FRTLN,08:12,FRXRS
6420,2023-06-12,LES ARCS DRAGUIGNAN,NON,5516,13:03,EST,BEAUNE,JCRHONRHIN,FRXBV,08:12,FRXRS
6421,2023-06-12,ST RAPHAEL VALESCURE,NON,5516,13:25,EST,DIJON VILLE,JCRHONRHIN,FRABA,07:55,FRXSK
6422,2023-06-12,ST RAPHAEL VALESCURE,NON,5516,17:02,EST,NANCY,JCRHONRHIN,FRENC,07:55,FRXSK
6423,2023-06-12,CANNES,NON,5516,14:30,EST,BELFORT-MONTBELIARD TGV,JCRHONRHIN,FRTJA,07:30,FRJCA
6424,2023-06-12,CANNES,NON,5516,14:06,EST,BESANCON - F COMTE TGV,JCRHONRHIN,FRTJB,07:30,FRJCA
6425,2023-06-12,ANTIBES,NON,5516,14:06,EST,BESANCON - F COMTE TGV,JCRHONRHIN,FRTJB,07:16,FRXAT
6426,2023-06-12,BEAUNE,OUI,5516,15:24,EST,COLMAR,JCRHONRHIN,FRAEJ,13:06,FRXBV
6427,2023-06-12,BEAUNE,OUI,5516,14:30,EST,BELFORT-MONTBELIARD TGV,JCRHONRHIN,FRTJA,13:06,FRXBV
6428,2023-06-12,PARIS (intramuros),NON,6609,11:56,SUD EST,LYON (intramuros),PARISRHONE,FRLPD,09:58,FRPLY
6429,2023-06-12,CHAMBERY CHALLES LES EAUX,NON,6984,20:43,SUD EST,MACON LOCHE TGV,ALPESPARIS,FRMLT,19:22,FRCMF
6430,2023-06-12,MACON LOCHE TGV,NON,6984,22:16,SUD EST,PARIS (intramuros),ALPESPARIS,FRPLY,20:46,FRMLT
6431,2023-06-12,ANNECY,NON,6984,22:16,SUD EST,PARIS (intramuros),ALPESPARIS,FRPLY,18:31,FRNCY
6432,2023-06-12,LILLE (intramuros),NON,5224,11:28,NORD,MARNE LA VALLEE CHESSY,JCNORDBRET,FRMLV,09:32,FRADJ
6433,2023-06-12,LILLE (intramuros),OUI,5224,11:13,NORD,AEROPORT CDG2 TGV ROISSY,JCNORDBRET,FRMLW,09:32,FRADJ
6434,2023-06-12,LILLE (intramuros),NON,5224,14:44,NORD,NANTES,JCNORDBRET,FRNTE,09:32,FRADJ
6435,2023-06-12,AEROPORT CDG2 TGV ROISSY,NON,5224,14:02,NORD,ANGERS ST LAUD,JCNORDBRET,FRACL,11:19,FRMLW
6436,2023-06-12,AEROPORT CDG2 TGV ROISSY,NON,5224,13:04,NORD,ST PIERRE DES CORPS,JCNORDBRET,FRXSH,11:19,FRMLW
6437,2023-06-12,ARRAS,OUI,5224,11:13,NORD,AEROPORT CDG2 TGV ROISSY,JCNORDBRET,FRMLW,10:19,FRQRV
6438,2023-06-12,ARRAS,NON,5224,13:04,NORD,ST PIERRE DES CORPS,JCNORDBRET,FRXSH,10:19,FRQRV
6439,2023-06-12,TGV HAUTE PICARDIE,NON,5224,12:04,NORD,MASSY TGV,JCNORDBRET,FRDJU,10:45,FRTHP
6440,2023-06-12,DOUAI,NON,5224,12:04,NORD,MASSY TGV,JCNORDBRET,FRDJU,10:01,FRXDN
6441,2023-06-12,ST PIERRE DES CORPS,OUI,5224,14:02,NORD,ANGERS ST LAUD,JCNORDBRET,FRACL,13:09,FRXSH
6442,2023-06-12,VITRE,NON,8074,18:49,ATLANTIQUE,PARIS (intramuros),BRETAPARIS,FRPMO,16:58,FRXVT
6443,2023-06-12,PARIS (intramuros),NON,6663,19:36,SUD EST,LYON (intramuros),PARISRHONE,FRLPE,17:24,FRPLY
6444,2023-06-12,UZERCHE,OUI,3675,23:08,IC ARO,BRIVE LA GAILLARDE,PALITO,FRBVE,22:43,FRAAW
6445,2023-06-12,LIMOGES BENEDICTINS,OUI,3675,22:42,IC ARO,UZERCHE,PALITO,FRAAW,22:05,FRAGQ
6446,2023-06-12,LA SOUTERRAINE,OUI,3675,22:42,IC ARO,UZERCHE,PALITO,FRAAW,21:28,FRLST
6447,2023-06-12,PARIS (intramuros),OUI,3675,21:26,IC ARO,LA SOUTERRAINE,PALITO,FRLST,18:38,FRPAZ
6448,2023-06-12,VITRY LE FRANCOIS GARE,OUI,2778,06:52,EST,CHALONS EN CHAMPAGNE,SEDBARPA,FRXCR,06:36,FRBFO
6449,2023-06-12,CHAMPAGNE-ARDENNE,NON,2778,08:01,EST,PARIS (intramuros),SEDBARPA,FRPST,07:18,FREAH
6450,2023-06-12,CHALONS EN CHAMPAGNE,OUI,2778,07:15,EST,CHAMPAGNE-ARDENNE,SEDBARPA,FREAH,06:55,FRXCR
6451,2023-06-12,PARIS (intramuros),NON,2407,08:38,EST,CHAMPAGNE-ARDENNE,PASTRAMULH,FREAH,07:58,FRPST
6452,2023-06-12,PARIS (intramuros),NON,2407,09:05,EST,MEUSE TGV,PASTRAMULH,FREAJ,07:58,FRPST
6453,2023-06-12,PARIS (intramuros),NON,8371,09:00,ATLANTIQUE,NIORT,PAROCHELLE,FRNIT,06:49,FRPMO
6454,2023-06-12,BELLEGARDE,NON,9764,11:42,INTERNATIONAL,PARIS (intramuros),GENEVEPA,FRPLY,09:00,FRXBF
6455,2023-06-12,QUIMPERLE,NON,8730,19:06,ATLANTIQUE,PARIS (intramuros),BRETAPARIS,FRPMO,15:42,FRECO
6456,2023-06-12,LORIENT,OUI,8730,16:11,ATLANTIQUE,AURAY,BRETAPARIS,FRXUY,15:56,FRLRT
6457,2023-06-12,RENNES,NON,8730,19:06,ATLANTIQUE,PARIS (intramuros),BRETAPARIS,FRPMO,17:35,FRRNS
6458,2023-06-12,ROSPORDEN,OUI,8730,16:11,ATLANTIQUE,AURAY,BRETAPARIS,FRXUY,15:27,FRRSP
6459,2023-06-12,QUIMPER,OUI,8730,15:24,ATLANTIQUE,ROSPORDEN,BRETAPARIS,FRRSP,15:12,FRUIP
6460,2023-06-12,PARIS (intramuros),NON,6223,20:31,SUD EST,MONTPELLIER SAINT-ROCH,PALANG,FRMPL,16:54,FRPLY
6461,2023-06-12,VALENCE TGV RHONE-ALPES SUD,NON,6223,19:59,SUD EST,NIMES,PALANG,FRFNI,19:15,FRVLA
6462,2023-06-12,NANCY,NON,2548,18:45,EST,MEUSE TGV,NANCYPA,FREAJ,18:11,FRENC
6463,2023-06-12,PARIS (intramuros),NON,9775,18:14,INTERNATIONAL,LAUSANNE,PAGENEVE,CHAJF,14:16,FRPLY
6464,2023-06-12,PARIS (intramuros),NON,9775,16:09,INTERNATIONAL,BOURG EN BRESSE,PAGENEVE,FRXBK,14:16,FRPLY
6465,2023-06-12,PARIS (intramuros),OUI,6919,16:05,SUD EST,LYON-SAINT EXUPERY TGV,PAGRENOBLE,FRJDQ,14:12,FRPLY
6466,2023-06-12,BOULOGNE VILLE,OUI,7546,22:47,NORD,PARIS (intramuros),ARRASPA,FRPNO,19:53,FRAEB
6467,2023-06-12,POITIERS,OUI,8340,13:33,ATLANTIQUE,PARIS (intramuros),ROCHELLEPA,FRPMO,11:19,FRPIS
6468,2023-06-12,POITIERS,OUI,8340,12:15,ATLANTIQUE,ST PIERRE DES CORPS,ROCHELLEPA,FRXSH,11:19,FRPIS
6469,2023-06-12,LYON-SAINT EXUPERY TGV,OUI,6195,20:10,SUD EST,MONTELIMAR GARE SNCF,PAVDR,FRXMK,19:13,FRJDQ
6470,2023-06-12,PARIS (intramuros),OUI,6195,20:57,SUD EST,AVIGNON CENTRE,PAVDR,FRAES,17:12,FRPLY
6471,2023-06-12,PARIS (intramuros),OUI,6195,21:40,SUD EST,MIRAMAS,PAVDR,FRMAZ,17:12,FRPLY
6472,2023-06-12,ORANGE,OUI,6195,21:17,SUD EST,ARLES,PAVDR,FRHZA,20:41,FRXOG
6473,2023-06-12,NIMES,NON,4760,14:28,IC ARO,CARCASSONNE,TJOURSESO,FRCCF,12:39,FRFNI
6474,2023-06-12,ARLES,NON,4760,13:20,IC ARO,SETE,TJOURSESO,FRXSY,12:10,FRHZA
6475,2023-06-12,MONTPELLIER SAINT-ROCH,NON,4760,17:32,IC ARO,BORDEAUX ST JEAN,TJOURSESO,FRBOJ,13:06,FRMPL
6476,2023-06-12,MONTPELLIER SAINT-ROCH,NON,4760,15:48,IC ARO,MONTAUBAN VILLE BOURBON,TJOURSESO,FRXMW,13:06,FRMPL
6477,2023-06-12,MONTPELLIER SAINT-ROCH,NON,4760,13:57,IC ARO,NARBONNE,TJOURSESO,FRXNA,13:06,FRMPL
6478,2023-06-12,MARSEILLE ST CHARLES,NON,4760,14:28,IC ARO,CARCASSONNE,TJOURSESO,FRCCF,11:24,FRMSC
6479,2023-06-12,SETE,NON,4760,16:25,IC ARO,AGEN,TJOURSESO,FRAGF,13:22,FRXSY
6480,2023-06-12,SETE,NON,4760,17:32,IC ARO,BORDEAUX ST JEAN,TJOURSESO,FRBOJ,13:22,FRXSY
6481,2023-06-12,TOULOUSE MATABIAU,NON,4760,15:48,IC ARO,MONTAUBAN VILLE BOURBON,TJOURSESO,FRXMW,15:18,FRXYT
6482,2023-06-12,AIX EN PROVENCE TGV,NON,6106,07:38,SUD EST,AVIGNON TGV,PROVENCEPA,FRAVG,07:18,FRAIE
6483,2023-06-12,MARSEILLE ST CHARLES,NON,6106,07:38,SUD EST,AVIGNON TGV,PROVENCEPA,FRAVG,07:04,FRMSC
6484,2023-06-12,MARSEILLE ST CHARLES,NON,6106,10:22,SUD EST,PARIS (intramuros),PROVENCEPA,FRPLY,07:04,FRMSC
6485,2023-06-12,LE MANS,NON,5280,13:49,NORD,MASSY TGV,JCBRETNORD,FRDJU,13:00,FRAET
6486,2023-06-12,LIMOGES BENEDICTINS,OUI,3644,12:06,IC ARO,CHATEAUROUX,TOULOUZECO,FRCHR,10:54,FRAGQ
6487,2023-06-12,LIMOGES BENEDICTINS,OUI,3644,12:42,IC ARO,VIERZON VILLE,TOULOUZECO,FRXVZ,10:54,FRAGQ
6488,2023-06-12,CHATEAUROUX,OUI,3644,13:20,IC ARO,LES AUBRAIS ORLEANS,TOULOUZECO,FRLAB,12:08,FRCHR
6489,2023-06-12,CHATEAUROUX,OUI,3644,12:42,IC ARO,VIERZON VILLE,TOULOUZECO,FRXVZ,12:08,FRCHR
6490,2023-06-12,GOURDON,NON,3644,10:51,IC ARO,LIMOGES BENEDICTINS,TOULOUZECO,FRAGQ,09:03,FRFSI
6491,2023-06-12,GOURDON,NON,3644,12:42,IC ARO,VIERZON VILLE,TOULOUZECO,FRXVZ,09:03,FRFSI
6492,2023-06-12,CAUSSADE TARN ET GARONNE,NON,3644,14:32,IC ARO,PARIS (intramuros),TOULOUZECO,FRPAZ,08:07,FRFTA
6493,2023-06-12,MONTAUBAN VILLE BOURBON,NON,3644,10:51,IC ARO,LIMOGES BENEDICTINS,TOULOUZECO,FRAGQ,07:53,FRXMW
6494,2023-06-12,MONTAUBAN VILLE BOURBON,OUI,3644,09:47,IC ARO,BRIVE LA GAILLARDE,TOULOUZECO,FRBVE,07:53,FRXMW
6495,2023-06-12,MONTAUBAN VILLE BOURBON,OUI,3644,09:01,IC ARO,GOURDON,TOULOUZECO,FRFSI,07:53,FRXMW
6496,2023-06-12,MONTAUBAN VILLE BOURBON,OUI,3644,08:06,IC ARO,CAUSSADE TARN ET GARONNE,TOULOUZECO,FRFTA,07:53,FRXMW
6497,2023-06-12,VIERZON VILLE,OUI,3644,13:20,IC ARO,LES AUBRAIS ORLEANS,TOULOUZECO,FRLAB,12:44,FRXVZ
6498,2023-06-12,TOULOUSE MATABIAU,OUI,3644,09:18,IC ARO,SOUILLAC,TOULOUZECO,FRSOU,07:18,FRXYT
6499,2023-06-12,TOULOUSE MATABIAU,NON,3644,12:42,IC ARO,VIERZON VILLE,TOULOUZECO,FRXVZ,07:18,FRXYT
6500,2023-06-12,CAHORS,NON,3644,13:20,IC ARO,LES AUBRAIS ORLEANS,TOULOUZECO,FRLAB,08:35,FRZAO
6501,2023-06-12,BORDEAUX ST JEAN,NON,8432,08:16,ATLANTIQUE,POITIERS,SUDOUESTPA,FRPIS,06:58,FRBOJ
6502,2023-06-12,FRANKFURT MAIN HBF,NON,9556,12:52,INTERNATIONAL,PARIS (intramuros),FRANCPA,FRPST,08:56,DEFRH
6503,2023-06-12,MANNHEIM HBF,NON,9556,12:52,INTERNATIONAL,PARIS (intramuros),FRANCPA,FRPST,09:40,DEMHG
6504,2023-06-12,ANGERS ST LAUD,OUI,8887,21:54,ATLANTIQUE,NANTES,PARISLOIRE,FRNTE,21:16,FRACL
6505,2023-06-12,LE MANS,OUI,8887,21:54,ATLANTIQUE,NANTES,PARISLOIRE,FRNTE,20:36,FRAET
6506,2023-06-12,PARIS (intramuros),NON,8887,20:33,ATLANTIQUE,LE MANS,PARISLOIRE,FRAET,19:36,FRPMO
6507,2023-06-12,CHAMPAGNE-ARDENNE,OUI,2785,21:19,EST,BAR LE DUC,PABARSED,FRXBD,20:11,FREAH
6508,2023-06-12,PARIS (intramuros),NON,2785,21:19,EST,BAR LE DUC,PABARSED,FRXBD,19:28,FRPST
6509,2023-06-12,KARLSRUHE HBF,NON,9583,15:59,INTERNATIONAL,FRANKFURT MAIN HBF,MRSFRANC,DEFRH,14:54,DEQKA
6510,2023-06-12,KARLSRUHE HBF,NON,9583,15:18,INTERNATIONAL,MANNHEIM HBF,MRSFRANC,DEMHG,14:54,DEQKA
6511,2023-06-12,BADEN BADEN,NON,9583,15:18,INTERNATIONAL,MANNHEIM HBF,MRSFRANC,DEMHG,14:25,DEZCC
6512,2023-06-12,STRASBOURG,NON,9583,14:23,INTERNATIONAL,BADEN BADEN,MRSFRANC,DEZCC,13:55,FRAEG
6513,2023-06-12,MULHOUSE VILLE,NON,9583,15:18,INTERNATIONAL,MANNHEIM HBF,MRSFRANC,DEMHG,12:54,FRAEK
6514,2023-06-12,MULHOUSE VILLE,NON,9583,13:43,INTERNATIONAL,STRASBOURG,MRSFRANC,FRAEG,12:54,FRAEK
6515,2023-06-12,AIX EN PROVENCE TGV,NON,9583,08:44,INTERNATIONAL,AVIGNON TGV,MRSFRANC,FRAVG,08:25,FRAIE
6516,2023-06-12,BRIVE LA GAILLARDE,OUI,3614,07:11,IC ARO,CHATEAUROUX,TOULOUZECO,FRCHR,04:51,FRBVE
6517,2023-06-12,BRIVE LA GAILLARDE,OUI,3614,09:22,IC ARO,PARIS (intramuros),TOULOUZECO,FRPAZ,04:51,FRBVE
6518,2023-06-12,AVIGNON TGV,NON,6137,00:44,SUD EST,AIX EN PROVENCE TGV,PAPROVENCE,FRAIE,00:23,FRAVG
6519,2023-06-12,AVIGNON TGV,NON,6137,00:59,SUD EST,MARSEILLE ST CHARLES,PAPROVENCE,FRMSC,00:23,FRAVG
6520,2023-06-12,NANTES,OUI,5300,09:30,SUD EST,LYON (intramuros),JCATLSUD,FRLPD,04:50,FRNTE
6521,2023-06-12,NANTES,OUI,5300,10:17,SUD EST,VALENCE TGV RHONE-ALPES SUD,JCATLSUD,FRVLA,04:50,FRNTE
6522,2023-06-12,GOURDON,OUI,3750,06:50,IC NUIT,PARIS (intramuros),OCCITANPAR,FRPAZ,00:00,FRFSI
6523,2023-06-12,SOUILLAC,OUI,3750,05:43,IC NUIT,LES AUBRAIS ORLEANS,OCCITANPAR,FRLAB,00:17,FRSOU
6524,2023-06-12,MARSEILLE ST CHARLES,NON,9583,15:59,INTERNATIONAL,FRANKFURT MAIN HBF,MRSFRANC,DEFRH,08:11,FRMSC
6525,2023-06-12,MARSEILLE ST CHARLES,NON,9583,08:44,INTERNATIONAL,AVIGNON TGV,MRSFRANC,FRAVG,08:11,FRMSC
6526,2023-06-12,MARSEILLE ST CHARLES,NON,9583,11:03,INTERNATIONAL,CHALON SUR SAONE,MRSFRANC,FRXCD,08:11,FRMSC
6527,2023-06-12,BELFORT-MONTBELIARD TGV,NON,9583,13:43,INTERNATIONAL,STRASBOURG,MRSFRANC,FRAEG,12:27,FRTJA
6528,2023-06-12,BESANCON - F COMTE TGV,NON,9583,14:23,INTERNATIONAL,BADEN BADEN,MRSFRANC,DEZCC,12:03,FRTJB
6529,2023-06-12,BESANCON - F COMTE TGV,NON,9583,12:51,INTERNATIONAL,MULHOUSE VILLE,MRSFRANC,FRAEK,12:03,FRTJB
6530,2023-06-12,CHALON SUR SAONE,NON,9583,15:18,INTERNATIONAL,MANNHEIM HBF,MRSFRANC,DEMHG,11:06,FRXCD
6531,2023-06-12,CHALON SUR SAONE,NON,9583,14:46,INTERNATIONAL,KARLSRUHE HBF,MRSFRANC,DEQKA,11:06,FRXCD
6532,2023-06-12,CHALON SUR SAONE,NON,9583,12:24,INTERNATIONAL,BELFORT-MONTBELIARD TGV,MRSFRANC,FRTJA,11:06,FRXCD
6533,2023-06-12,LILLE (intramuros),NON,5010,08:38,NORD,MARNE LA VALLEE CHESSY,JCNORDSUD,FRMLV,07:24,FRLLE
6534,2023-06-12,LYON (intramuros),NON,5010,12:24,NORD,MARSEILLE ST CHARLES,JCNORDSUD,FRMSC,10:35,FRLPD
6535,2023-06-12,MARNE LA VALLEE CHESSY,NON,5010,11:52,NORD,AVIGNON TGV,JCNORDSUD,FRAVG,08:43,FRMLV
6536,2023-06-12,AEROPORT CDG2 TGV ROISSY,NON,5010,11:52,NORD,AVIGNON TGV,JCNORDSUD,FRAVG,08:29,FRMLW
6537,2023-06-12,AEROPORT CDG2 TGV ROISSY,NON,5010,11:15,NORD,VALENCE TGV RHONE-ALPES SUD,JCNORDSUD,FRVLA,08:29,FRMLW
6538,2023-06-12,VALENCE TGV RHONE-ALPES SUD,NON,5010,11:52,NORD,AVIGNON TGV,JCNORDSUD,FRAVG,11:20,FRVLA
6539,2023-06-12,LA ROCHELLE VILLE,NON,8364,17:40,ATLANTIQUE,NIORT,ROCHELLEPA,FRNIT,17:01,FRLRH
6540,2023-06-12,BEZIERS,NON,6250,11:04,SUD EST,PARIS (intramuros),LANGPA,FRPLY,06:58,FRBZR
6541,2023-06-12,AGDE,NON,6250,08:50,SUD EST,VALENCE TGV RHONE-ALPES SUD,LANGPA,FRVLA,07:11,FRXAG
6542,2023-06-12,NARBONNE,NON,6250,11:04,SUD EST,PARIS (intramuros),LANGPA,FRPLY,06:42,FRXNA
6543,2023-06-12,NARBONNE,OUI,6250,07:08,SUD EST,AGDE,LANGPA,FRXAG,06:42,FRXNA
6544,2023-06-12,NARBONNE,OUI,6250,07:24,SUD EST,SETE,LANGPA,FRXSY,06:42,FRXNA
6545,2023-06-12,LAVAL,NON,8623,17:33,ATLANTIQUE,GUINGAMP,PARISBRETA,FRGGP,16:00,FRACR
6546,2023-06-12,PARIS (intramuros),NON,8623,15:57,ATLANTIQUE,LAVAL,PARISBRETA,FRACR,14:41,FRPMO
6547,2023-06-12,PARIS (intramuros),NON,8623,17:33,ATLANTIQUE,GUINGAMP,PARISBRETA,FRGGP,14:41,FRPMO
6548,2023-06-12,RENNES,NON,8623,18:02,ATLANTIQUE,MORLAIX,PARISBRETA,FRMXN,16:32,FRRNS
6549,2023-06-12,RENNES,NON,8623,17:16,ATLANTIQUE,ST BRIEUC,PARISBRETA,FRSBK,16:32,FRRNS
6550,2023-06-12,ST BRIEUC,OUI,8623,18:02,ATLANTIQUE,MORLAIX,PARISBRETA,FRMXN,17:19,FRSBK
6551,2023-06-12,ANGERS ST LAUD,NON,4406,21:30,IC SRO,LYON (intramuros),JOURNTELYN,FRLPE,15:28,FRACL
6552,2023-06-12,SAUMUR,NON,4406,17:57,IC SRO,BOURGES,JOURNTELYN,FRBOU,15:53,FRACN
6553,2023-06-12,SAUMUR,NON,4406,21:18,IC SRO,LYON (intramuros),JOURNTELYN,FRLPD,15:53,FRACN
6554,2023-06-12,BOURGES,NON,4406,18:35,IC SRO,NEVERS,JOURNTELYN,FRNVS,17:59,FRBOU
6555,2023-06-12,LYON (intramuros),NON,4406,21:30,IC SRO,LYON (intramuros),JOURNTELYN,FRLPE,21:22,FRLPD
6556,2023-06-12,NANTES,NON,4406,20:13,IC SRO,ROANNE,JOURNTELYN,FRRNE,14:47,FRNTE
6557,2023-06-12,NANTES,NON,4406,19:34,IC SRO,ST GERMAIN DES FOSSES,JOURNTELYN,FRSGF,14:47,FRNTE
6558,2023-06-12,NANTES,NON,4406,19:09,IC SRO,MOULINS SUR ALLIER,JOURNTELYN,FRXMU,14:47,FRNTE
6559,2023-06-12,NEVERS,NON,4406,19:09,IC SRO,MOULINS SUR ALLIER,JOURNTELYN,FRXMU,18:42,FRNVS
6560,2023-06-12,ST GERMAIN DES FOSSES,NON,4406,21:30,IC SRO,LYON (intramuros),JOURNTELYN,FRLPE,19:36,FRSGF
6561,2023-06-12,ST GERMAIN DES FOSSES,NON,4406,20:13,IC SRO,ROANNE,JOURNTELYN,FRRNE,19:36,FRSGF
6562,2023-06-12,ST PIERRE DES CORPS,NON,4406,20:13,IC SRO,ROANNE,JOURNTELYN,FRRNE,16:34,FRXSH
6563,2023-06-12,ST PIERRE DES CORPS,NON,4406,17:38,IC SRO,VIERZON VILLE,JOURNTELYN,FRXVZ,16:34,FRXSH
6564,2023-06-12,VIERZON VILLE,NON,4406,19:34,IC SRO,ST GERMAIN DES FOSSES,JOURNTELYN,FRSGF,17:40,FRXVZ
6565,2023-06-12,PAU,NON,14140,08:36,IC SRO,LOURDES,SUDOUEST,FRLDE,08:11,FRAEE
6566,2023-06-12,PAU,NON,14140,08:52,IC SRO,TARBES,SUDOUEST,FRXTB,08:11,FRAEE
6567,2023-06-12,PAU,NON,14140,10:30,IC SRO,TOULOUSE MATABIAU,SUDOUEST,FRXYT,08:11,FRAEE
6568,2023-06-12,TARBES,NON,14140,09:35,IC SRO,ST GAUDENS,SUDOUEST,FRFPH,08:55,FRXTB
6569,2023-06-12,TARBES,NON,14143,13:25,IC SRO,LOURDES,SUDOUEST,FRLDE,13:12,FRXTB
6570,2023-06-12,CHATEAUROUX,OUI,3685,00:09,IC ARO,BRIVE LA GAILLARDE,PALITO,FRBVE,21:51,FRCHR
6571,2023-06-12,ARGENTON SUR CREUSE,OUI,3685,23:05,IC ARO,LIMOGES BENEDICTINS,PALITO,FRAGQ,22:07,FRFMT
6572,2023-06-12,VIERZON VILLE,OUI,3685,23:05,IC ARO,LIMOGES BENEDICTINS,PALITO,FRAGQ,21:19,FRXVZ
6573,2023-06-12,POITIERS,NON,8431,09:02,ATLANTIQUE,BORDEAUX ST JEAN,PASUDOUEST,FRBOJ,07:43,FRPIS
6574,2023-06-12,PARIS (intramuros),NON,8431,07:40,ATLANTIQUE,POITIERS,PASUDOUEST,FRPIS,06:00,FRPMO
6575,2023-06-12,ST PIERRE DES CORPS,NON,8431,07:40,ATLANTIQUE,POITIERS,PASUDOUEST,FRPIS,07:10,FRXSH
6576,2023-06-12,UZERCHE,OUI,3655,21:04,IC ARO,BRIVE LA GAILLARDE,PALITO,FRBVE,20:38,FRAAW
6577,2023-06-12,LIMOGES BENEDICTINS,OUI,3655,21:31,IC ARO,SOUILLAC,PALITO,FRSOU,20:00,FRAGQ
6578,2023-06-12,BRIVE LA GAILLARDE,OUI,3655,21:46,IC ARO,GOURDON,PALITO,FRFSI,21:06,FRBVE
6579,2023-06-12,BRIVE LA GAILLARDE,OUI,3655,21:31,IC ARO,SOUILLAC,PALITO,FRSOU,21:06,FRBVE
6580,2023-06-12,BRIVE LA GAILLARDE,OUI,3655,22:14,IC ARO,CAHORS,PALITO,FRZAO,21:06,FRBVE
6581,2023-06-12,CHATEAUROUX,OUI,3655,21:31,IC ARO,SOUILLAC,PALITO,FRSOU,18:50,FRCHR
6582,2023-06-12,CHATEAUROUX,OUI,3655,22:14,IC ARO,CAHORS,PALITO,FRZAO,18:50,FRCHR
6583,2023-06-12,ISSOUDUN,OUI,3655,19:57,IC ARO,LIMOGES BENEDICTINS,PALITO,FRAGQ,18:34,FRFMN
6584,2023-06-12,ISSOUDUN,OUI,3655,18:48,IC ARO,CHATEAUROUX,PALITO,FRCHR,18:34,FRFMN
6585,2023-06-12,PARIS (intramuros),OUI,3655,18:48,IC ARO,CHATEAUROUX,PALITO,FRCHR,16:41,FRPAZ
6586,2023-06-12,SOUILLAC,OUI,3655,22:14,IC ARO,CAHORS,PALITO,FRZAO,21:32,FRSOU
6587,2023-06-12,STRASBOURG,NON,2350,09:16,EST,PARIS (intramuros),MULHSTRAPA,FRPST,07:19,FRAEG
6588,2023-06-12,LYON (intramuros),NON,9862,15:25,NORD,BRUXELLES MIDI BRUSSEL ZUID,JCSUDNORD,BEBMI,11:00,FRLPD
6589,2023-06-12,LYON (intramuros),NON,9862,13:34,NORD,TGV HAUTE PICARDIE,JCSUDNORD,FRTHP,11:00,FRLPD
6590,2023-06-12,AEROPORT CDG2 TGV ROISSY,NON,9862,13:55,NORD,ARRAS,JCSUDNORD,FRQRV,13:07,FRMLW
6591,2023-06-12,ARRAS,NON,9862,15:25,NORD,BRUXELLES MIDI BRUSSEL ZUID,JCSUDNORD,BEBMI,14:03,FRQRV
6592,2023-06-12,VALENCE TGV RHONE-ALPES SUD,NON,9862,14:24,NORD,LILLE (intramuros),JCSUDNORD,FRLLE,10:15,FRVLA
6593,2023-06-12,VALENCE TGV RHONE-ALPES SUD,NON,9862,13:01,NORD,AEROPORT CDG2 TGV ROISSY,JCSUDNORD,FRMLW,10:15,FRVLA
6594,2023-06-12,MONTPELLIER SUD DE FRANCE,NON,9862,10:10,NORD,VALENCE TGV RHONE-ALPES SUD,JCSUDNORD,FRVLA,09:12,FRSUF
6595,2023-06-12,NIMES PONT DU GARD,NON,9862,13:01,NORD,AEROPORT CDG2 TGV ROISSY,JCSUDNORD,FRMLW,09:33,FRXZP
6596,2023-06-12,NIMES PONT DU GARD,NON,9862,13:55,NORD,ARRAS,JCSUDNORD,FRQRV,09:33,FRXZP
6597,2023-06-12,NIMES PONT DU GARD,NON,9862,15:25,NORD,BRUXELLES MIDI BRUSSEL ZUID,JCSUDNORD,BEBMI,09:33,FRXZP
6598,2023-06-12,LE CROISIC,OUI,8926,17:59,ATLANTIQUE,NANTES,LOIREPARIS,FRNTE,16:55,FREGU
6599,2023-06-12,LE CROISIC,OUI,8926,19:05,ATLANTIQUE,SABLE SUR SARTHE,LOIREPARIS,FRSAB,16:55,FREGU
6600,2023-06-12,LA BAULE ESCOUBLAC,NON,8926,19:28,ATLANTIQUE,LE MANS,LOIREPARIS,FRAET,17:07,FRJEE
6601,2023-06-12,LA BAULE ESCOUBLAC,NON,8926,20:29,ATLANTIQUE,PARIS (intramuros),LOIREPARIS,FRPMO,17:07,FRJEE
6602,2023-06-12,NANTES,NON,8926,19:28,ATLANTIQUE,LE MANS,LOIREPARIS,FRAET,18:05,FRNTE
6603,2023-06-12,NANTES,NON,8926,20:29,ATLANTIQUE,PARIS (intramuros),LOIREPARIS,FRPMO,18:05,FRNTE
6604,2023-06-12,SABLE SUR SARTHE,NON,8926,19:28,ATLANTIQUE,LE MANS,LOIREPARIS,FRAET,19:07,FRSAB
6605,2023-06-12,SABLE SUR SARTHE,NON,8926,20:29,ATLANTIQUE,PARIS (intramuros),LOIREPARIS,FRPMO,19:07,FRSAB
6606,2023-06-12,ST NAZAIRE,NON,8926,20:29,ATLANTIQUE,PARIS (intramuros),LOIREPARIS,FRPMO,17:24,FRSNR
6607,2023-06-12,LA BAULE ESCOUBLAC,OUI,8926,19:05,ATLANTIQUE,SABLE SUR SARTHE,LOIREPARIS,FRSAB,17:07,FRJEE
6608,2023-06-12,EPINAL,NON,2574,08:46,EST,PARIS (intramuros),NANCYPA,FRPST,06:20,FREPL
6609,2023-06-12,REMIREMONT,OUI,2574,06:17,EST,EPINAL,NANCYPA,FREPL,05:56,FRRNT
6610,2023-06-12,DIJON VILLE,NON,6711,21:29,SUD EST,BELFORT-MONTBELIARD TGV,PABOUR,FRTJA,20:35,FRABA
6611,2023-06-12,MONTBARD,NON,6711,21:05,SUD EST,BESANCON - F COMTE TGV,PABOUR,FRTJB,19:56,FRGWE
6612,2023-06-12,BESANCON - F COMTE TGV,NON,6711,21:55,SUD EST,MULHOUSE VILLE,PABOUR,FRAEK,21:08,FRTJB
6613,2023-06-12,LE MANS,NON,8879,17:13,ATLANTIQUE,ANGERS ST LAUD,PARISLOIRE,FRACL,16:36,FRAET
6614,2023-06-12,MASSY TGV,NON,5460,21:04,EST,STRASBOURG,JCATLEST,FRAEG,17:54,FRDJU
6615,2023-06-12,MASSY TGV,NON,5460,19:29,EST,CHAMPAGNE-ARDENNE,JCATLEST,FREAH,17:54,FRDJU
6616,2023-06-12,MASSY TGV,NON,5460,18:37,EST,AEROPORT CDG2 TGV ROISSY,JCATLEST,FRMLW,17:54,FRDJU
6617,2023-06-12,CHAMPAGNE-ARDENNE,OUI,5460,20:25,EST,LORRAINE TGV,JCATLEST,FREAM,19:35,FREAH
6618,2023-06-12,AEROPORT CDG2 TGV ROISSY,NON,5460,20:00,EST,MEUSE TGV,JCATLEST,FREAJ,18:53,FRMLW
6619,2023-06-12,RENNES,NON,5460,17:48,EST,MASSY TGV,JCATLEST,FRDJU,16:03,FRRNS
6620,2023-06-12,RENNES,NON,5460,20:25,EST,LORRAINE TGV,JCATLEST,FREAM,16:03,FRRNS
6621,2023-06-12,LE MANS,NON,5460,20:00,EST,MEUSE TGV,JCATLEST,FREAJ,16:57,FRAET
6622,2023-06-12,CLERMONT FERRAND,OUI,5982,18:04,IC ARO,VICHY,CLERMONTPA,FRVHY,17:31,FRCFE
6623,2023-06-12,RIOM CHATEL GUYON,OUI,5982,18:58,IC ARO,NEVERS,CLERMONTPA,FRNVS,17:42,FRRIO
6624,2023-06-12,RIOM CHATEL GUYON,OUI,5982,20:57,IC ARO,PARIS (intramuros),CLERMONTPA,FRPBE,17:42,FRRIO
6625,2023-06-12,RIOM CHATEL GUYON,OUI,5982,18:29,IC ARO,MOULINS SUR ALLIER,CLERMONTPA,FRXMU,17:42,FRRIO
6626,2023-06-12,VICHY,OUI,5982,18:29,IC ARO,MOULINS SUR ALLIER,CLERMONTPA,FRXMU,18:06,FRVHY
6627,2023-06-12,ANGERS ST LAUD,NON,4402,13:22,IC SRO,LYON (intramuros),JOURNTELYN,FRLPE,07:10,FRACL
6628,2023-06-12,SAUMUR,NON,4402,13:10,IC SRO,LYON (intramuros),JOURNTELYN,FRLPD,07:32,FRACN
6629,2023-06-12,SAUMUR,NON,4402,10:22,IC SRO,NEVERS,JOURNTELYN,FRNVS,07:32,FRACN
6630,2023-06-12,NANTES,NON,4402,07:08,IC SRO,ANGERS ST LAUD,JOURNTELYN,FRACL,06:26,FRNTE
6631,2023-06-12,NANTES,NON,4402,13:10,IC SRO,LYON (intramuros),JOURNTELYN,FRLPD,06:26,FRNTE
6632,2023-06-12,NANTES,NON,4402,10:22,IC SRO,NEVERS,JOURNTELYN,FRNVS,06:26,FRNTE
6633,2023-06-12,NANTES,NON,4402,08:05,IC SRO,ST PIERRE DES CORPS,JOURNTELYN,FRXSH,06:26,FRNTE
6634,2023-06-12,NEVERS,NON,4402,12:04,IC SRO,ROANNE,JOURNTELYN,FRRNE,10:32,FRNVS
6635,2023-06-12,NEVERS,NON,4402,11:00,IC SRO,MOULINS SUR ALLIER,JOURNTELYN,FRXMU,10:32,FRNVS
6636,2023-06-12,MOULINS SUR ALLIER,NON,4402,13:22,IC SRO,LYON (intramuros),JOURNTELYN,FRLPE,11:02,FRXMU
6637,2023-06-12,ST PIERRE DES CORPS,NON,4402,10:22,IC SRO,NEVERS,JOURNTELYN,FRNVS,08:08,FRXSH
6638,2023-06-12,AIX EN PROVENCE TGV,NON,6805,12:26,SUD EST,CANNES,JCPROVSUD,FRJCA,09:51,FRAIE
6639,2023-06-12,AIX EN PROVENCE TGV,NON,6805,12:58,SUD EST,NICE VILLE,JCPROVSUD,FRNIC,09:51,FRAIE
6640,2023-06-12,AVIGNON TGV,NON,6805,12:39,SUD EST,ANTIBES,JCPROVSUD,FRXAT,09:29,FRAVG
6641,2023-06-12,CANNES,OUI,6805,12:39,SUD EST,ANTIBES,JCPROVSUD,FRXAT,12:31,FRJCA
6642,2023-06-12,LYON (intramuros),NON,6805,09:26,SUD EST,AVIGNON TGV,JCPROVSUD,FRAVG,08:06,FRLPD
6643,2023-06-12,LYON (intramuros),NON,6805,12:26,SUD EST,CANNES,JCPROVSUD,FRJCA,08:06,FRLPD
6644,2023-06-12,TOULON,OUI,6805,12:58,SUD EST,NICE VILLE,JCPROVSUD,FRNIC,11:11,FRTLN
6645,2023-06-12,VALENCE TGV RHONE-ALPES SUD,NON,6805,12:26,SUD EST,CANNES,JCPROVSUD,FRJCA,08:53,FRVLA
6646,2023-06-12,ST RAPHAEL VALESCURE,OUI,6805,12:58,SUD EST,NICE VILLE,JCPROVSUD,FRNIC,12:05,FRXSK
6647,2023-06-12,PARIS (intramuros),OUI,7551,08:07,NORD,LILLE (intramuros),PAARRAS,FRLLE,06:52,FRPNO
6648,2023-06-12,SURGERES,NON,8362,09:26,ATLANTIQUE,NIORT,ROCHELLEPA,FRNIT,09:08,FREIP
6649,2023-06-12,LA ROCHELLE VILLE,NON,8362,11:40,ATLANTIQUE,PARIS (intramuros),ROCHELLEPA,FRPMO,08:47,FRLRH
6650,2023-06-12,LIMOGES BENEDICTINS,NON,3605,12:37,IC ARO,CAUSSADE TARN ET GARONNE,PALITO,FRFTA,09:59,FRAGQ
6651,2023-06-12,LIMOGES BENEDICTINS,NON,3605,12:51,IC ARO,MONTAUBAN VILLE BOURBON,PALITO,FRXMW,09:59,FRAGQ
6652,2023-06-12,BRIVE LA GAILLARDE,NON,3605,12:37,IC ARO,CAUSSADE TARN ET GARONNE,PALITO,FRFTA,11:03,FRBVE
6653,2023-06-12,CHATEAUROUX,NON,3605,09:56,IC ARO,LIMOGES BENEDICTINS,PALITO,FRAGQ,08:44,FRCHR
6654,2023-06-12,CHATEAUROUX,NON,3605,12:37,IC ARO,CAUSSADE TARN ET GARONNE,PALITO,FRFTA,08:44,FRCHR
6655,2023-06-12,CHATEAUROUX,NON,3605,12:10,IC ARO,CAHORS,PALITO,FRZAO,08:44,FRCHR
6656,2023-06-12,GOURDON,NON,3605,12:51,IC ARO,MONTAUBAN VILLE BOURBON,PALITO,FRXMW,11:45,FRFSI
6657,2023-06-12,CAUSSADE TARN ET GARONNE,OUI,3605,12:51,IC ARO,MONTAUBAN VILLE BOURBON,PALITO,FRXMW,12:38,FRFTA
6658,2023-06-12,LES AUBRAIS ORLEANS,NON,3605,09:20,IC ARO,LA SOUTERRAINE,PALITO,FRLST,07:36,FRLAB
6659,2023-06-12,LES AUBRAIS ORLEANS,NON,3605,13:25,IC ARO,TOULOUSE MATABIAU,PALITO,FRXYT,07:36,FRLAB
6660,2023-06-12,LA SOUTERRAINE,NON,3605,11:00,IC ARO,BRIVE LA GAILLARDE,PALITO,FRBVE,09:22,FRLST
6661,2023-06-12,LA SOUTERRAINE,NON,3605,12:10,IC ARO,CAHORS,PALITO,FRZAO,09:22,FRLST
6662,2023-06-12,PARIS (intramuros),NON,3605,08:42,IC ARO,CHATEAUROUX,PALITO,FRCHR,06:36,FRPAZ
6663,2023-06-12,PARIS (intramuros),NON,3605,09:20,IC ARO,LA SOUTERRAINE,PALITO,FRLST,06:36,FRPAZ
6664,2023-06-12,SOUILLAC,NON,3605,12:10,IC ARO,CAHORS,PALITO,FRZAO,11:29,FRSOU
6665,2023-06-12,CAHORS,OUI,3605,13:25,IC ARO,TOULOUSE MATABIAU,PALITO,FRXYT,12:12,FRZAO
6666,2023-06-12,BEZIERS,OUI,4770,23:18,IC ARO,TOULOUSE MATABIAU,TJOURSESO,FRXYT,21:47,FRBZR
6667,2023-06-12,MONTPELLIER SAINT-ROCH,OUI,4770,22:34,IC ARO,CARCASSONNE,TJOURSESO,FRCCF,21:07,FRMPL
6668,2023-06-12,MONTPELLIER SAINT-ROCH,OUI,4770,22:00,IC ARO,NARBONNE,TJOURSESO,FRXNA,21:07,FRMPL
6669,2023-06-12,MONTPELLIER SAINT-ROCH,OUI,4770,23:18,IC ARO,TOULOUSE MATABIAU,TJOURSESO,FRXYT,21:07,FRMPL
6670,2023-06-12,NARBONNE,OUI,4770,23:18,IC ARO,TOULOUSE MATABIAU,TJOURSESO,FRXYT,22:03,FRXNA
6671,2023-06-12,CHARLEVILLE MEZIERES,OUI,2714,08:09,EST,REIMS,SEDBARPA,FRRHE,07:15,FRXCZ
6672,2023-06-12,BEZIERS,OUI,4752,10:28,IC ARO,AGEN,TJOURSESO,FRAGF,07:46,FRBZR
6673,2023-06-12,BEZIERS,OUI,4752,09:51,IC ARO,MONTAUBAN VILLE BOURBON,TJOURSESO,FRXMW,07:46,FRBZR
6674,2023-06-12,CARCASSONNE,OUI,4752,11:32,IC ARO,BORDEAUX ST JEAN,TJOURSESO,FRBOJ,08:33,FRCCF
6675,2023-06-12,NIMES,OUI,4752,11:32,IC ARO,BORDEAUX ST JEAN,TJOURSESO,FRBOJ,06:38,FRFNI
6676,2023-06-12,MONTPELLIER SAINT-ROCH,OUI,4752,08:31,IC ARO,CARCASSONNE,TJOURSESO,FRCCF,07:06,FRMPL
6677,2023-06-12,NARBONNE,OUI,4752,10:28,IC ARO,AGEN,TJOURSESO,FRAGF,08:02,FRXNA
6678,2023-06-12,ANGERS ST LAUD,NON,8814,16:12,ATLANTIQUE,PARIS (intramuros),LOIREPARIS,FRPMO,14:45,FRACL
6679,2023-06-12,LAVAL,OUI,8641,21:38,ATLANTIQUE,GUINGAMP,PARISBRETA,FRGGP,19:58,FRACR
6680,2023-06-12,LAVAL,OUI,8641,22:11,ATLANTIQUE,MORLAIX,PARISBRETA,FRMXN,19:58,FRACR
6681,2023-06-12,LAVAL,OUI,8641,21:53,ATLANTIQUE,PLOUARET TREGOR,PARISBRETA,FRPLT,19:58,FRACR
6682,2023-06-12,LAMBALLE,OUI,8641,22:36,ATLANTIQUE,LANDERNEAU,PARISBRETA,FRXLD,21:11,FRLAM
6683,2023-06-12,PARIS (intramuros),NON,8641,22:51,ATLANTIQUE,BREST,PARISBRETA,FRBES,18:40,FRPMO
6684,2023-06-12,PARIS (intramuros),NON,8641,22:11,ATLANTIQUE,MORLAIX,PARISBRETA,FRMXN,18:40,FRPMO
6685,2023-06-12,PARIS (intramuros),NON,8641,22:36,ATLANTIQUE,LANDERNEAU,PARISBRETA,FRXLD,18:40,FRPMO
6686,2023-06-12,RENNES,OUI,8641,22:51,ATLANTIQUE,BREST,PARISBRETA,FRBES,20:32,FRRNS
6687,2023-06-12,RENNES,OUI,8641,21:53,ATLANTIQUE,PLOUARET TREGOR,PARISBRETA,FRPLT,20:32,FRRNS
6688,2023-06-12,ST BRIEUC,OUI,8641,22:11,ATLANTIQUE,MORLAIX,PARISBRETA,FRMXN,21:24,FRSBK
6689,2023-06-12,ST BRIEUC,OUI,8641,21:53,ATLANTIQUE,PLOUARET TREGOR,PARISBRETA,FRPLT,21:24,FRSBK
6690,2023-06-12,NANTES,NON,8864,10:25,ATLANTIQUE,PARIS (intramuros),LOIREPARIS,FRPMO,08:05,FRNTE
6691,2023-06-12,NANCY,OUI,2571,15:12,EST,REMIREMONT,PANANCY,FRRNT,14:04,FRENC
6692,2023-06-12,CHAMPAGNE-ARDENNE,NON,2571,15:12,EST,REMIREMONT,PANANCY,FRRNT,13:05,FREAH
6693,2023-06-12,PARIS (intramuros),NON,9715,18:48,SUD EST,AGDE,PABARCELONE,FRXAG,14:54,FRPLY
6694,2023-06-12,PARIS (intramuros),NON,9715,18:31,SUD EST,SETE,PABARCELONE,FRXSY,14:54,FRPLY
6695,2023-06-12,VALENCE TGV RHONE-ALPES SUD,NON,9715,18:48,SUD EST,AGDE,PABARCELONE,FRXAG,17:09,FRVLA
6696,2023-06-12,VALENCE TGV RHONE-ALPES SUD,NON,9715,19:20,SUD EST,NARBONNE,PABARCELONE,FRXNA,17:09,FRVLA
6697,2023-06-12,PARIS (intramuros),NON,9715,18:08,SUD EST,MONTPELLIER SUD DE FRANCE,PABARCELONE,FRSUF,14:54,FRPLY
6698,2023-06-12,PARIS (intramuros),NON,9715,17:46,SUD EST,NIMES PONT DU GARD,PABARCELONE,FRXZP,14:54,FRPLY
6699,2023-06-12,NIMES PONT DU GARD,NON,9715,18:48,SUD EST,AGDE,PABARCELONE,FRXAG,17:49,FRXZP
6700,2023-06-12,VALENCE TGV RHONE-ALPES SUD,NON,9715,20:44,SUD EST,GIRONA,PABARCELONE,ESGRO,17:09,FRVLA
6701,2023-06-12,VALENCE TGV RHONE-ALPES SUD,NON,9715,20:27,SUD EST,FIGUERES VILA TGV,PABARCELONE,ESFIR,17:09,FRVLA
6702,2023-06-12,BEZIERS,NON,9715,20:44,SUD EST,GIRONA,PABARCELONE,ESGRO,19:06,FRBZR
6703,2023-06-12,NIMES PONT DU GARD,NON,9715,20:44,SUD EST,GIRONA,PABARCELONE,ESGRO,17:49,FRXZP
6704,2023-06-12,PARIS (intramuros),NON,6681,09:11,SUD EST,LE CREUSOT MONTCEAU MONTCHANIN,PARISRHONE,FRXCC,07:50,FRPLY
6705,2023-06-12,LAVAL,NON,8707,12:00,ATLANTIQUE,LORIENT,PARISBRETA,FRLRT,09:58,FRACR
6706,2023-06-12,LAVAL,NON,8707,11:42,ATLANTIQUE,AURAY,PARISBRETA,FRXUY,09:58,FRACR
6707,2023-06-12,PARIS (intramuros),NON,8707,09:55,ATLANTIQUE,LAVAL,PARISBRETA,FRACR,08:40,FRPMO
6708,2023-06-12,PARIS (intramuros),NON,8707,10:25,ATLANTIQUE,RENNES,PARISBRETA,FRRNS,08:40,FRPMO
6709,2023-06-12,RENNES,OUI,8707,12:00,ATLANTIQUE,LORIENT,PARISBRETA,FRLRT,10:29,FRRNS
6710,2023-06-12,VANNES,OUI,8707,11:42,ATLANTIQUE,AURAY,PARISBRETA,FRXUY,11:32,FRVNE
6711,2023-06-12,VALLORBE,NON,9264,09:26,INTERNATIONAL,DIJON VILLE,SUISPA,FRABA,08:00,CHAGL
6712,2023-06-12,VALLORBE,NON,9264,09:00,INTERNATIONAL,DOLE VILLE,SUISPA,FRACE,08:00,CHAGL
6713,2023-06-12,VALLORBE,NON,9264,08:13,INTERNATIONAL,FRASNE,SUISPA,FRFRA,08:00,CHAGL
6714,2023-06-12,LAUSANNE,NON,9264,09:00,INTERNATIONAL,DOLE VILLE,SUISPA,FRACE,07:23,CHAJF
6715,2023-06-12,LAUSANNE,NON,9264,08:13,INTERNATIONAL,FRASNE,SUISPA,FRFRA,07:23,CHAJF
6716,2023-06-12,FRASNE,NON,9264,09:26,INTERNATIONAL,DIJON VILLE,SUISPA,FRABA,08:15,FRFRA
6717,2023-06-12,FRASNE,NON,9264,08:43,INTERNATIONAL,MOUCHARD,SUISPA,FRMCD,08:15,FRFRA
6718,2023-06-12,STRASBOURG,OUI,2369,16:26,EST,COLMAR,PASTRAMULH,FRAEJ,15:56,FRAEG
6719,2023-06-12,QUIMPER,OUI,8720,12:25,ATLANTIQUE,VANNES,BRETAPARIS,FRVNE,11:27,FRUIP
6720,2023-06-12,POITIERS,NON,8346,19:44,ATLANTIQUE,CHATELLERAULT,ROCHELLEPA,FRXCX,19:22,FRPIS
6721,2023-06-12,BRUXELLES MIDI BRUSSEL ZUID,NON,9810,08:38,NORD,MARNE LA VALLEE CHESSY,JCNORDSUD,FRMLV,06:35,BEBMI
6722,2023-06-12,BRUXELLES MIDI BRUSSEL ZUID,NON,9810,12:24,NORD,MARSEILLE ST CHARLES,JCNORDSUD,FRMSC,06:35,BEBMI
6723,2023-06-12,LILLE (intramuros),NON,9810,12:24,NORD,MARSEILLE ST CHARLES,JCNORDSUD,FRMSC,07:24,FRLLE
6724,2023-06-12,MARNE LA VALLEE CHESSY,NON,9810,10:29,NORD,LYON (intramuros),JCNORDSUD,FRLPD,08:43,FRMLV
6725,2023-06-12,MARNE LA VALLEE CHESSY,NON,9810,12:24,NORD,MARSEILLE ST CHARLES,JCNORDSUD,FRMSC,08:43,FRMLV
6726,2023-06-12,MARNE LA VALLEE CHESSY,NON,9810,11:15,NORD,VALENCE TGV RHONE-ALPES SUD,JCNORDSUD,FRVLA,08:43,FRMLV
6727,2023-06-12,AEROPORT CDG2 TGV ROISSY,NON,9810,11:52,NORD,AVIGNON TGV,JCNORDSUD,FRAVG,08:29,FRMLW
6728,2023-06-12,VALENCE TGV RHONE-ALPES SUD,NON,9810,11:52,NORD,AVIGNON TGV,JCNORDSUD,FRAVG,11:20,FRVLA
6729,2023-06-12,AIX EN PROVENCE TGV,NON,6102,05:47,SUD EST,AVIGNON TGV,PROVENCEPA,FRAVG,05:28,FRAIE
6730,2023-06-12,DIJON VILLE,NON,9879,16:56,EST,LYON (intramuros),JCRHINRHON,FRLPD,15:21,FRABA
6731,2023-06-12,METZ VILLE,NON,9879,15:11,EST,DIJON VILLE,JCRHINRHON,FRABA,12:12,FRADE
6732,2023-06-12,STRASBOURG,NON,9879,13:54,EST,MULHOUSE VILLE,JCRHINRHON,FRAEK,13:06,FRAEG
6733,2023-06-12,MULHOUSE VILLE,NON,9879,16:18,EST,MACON VILLE,JCRHINRHON,FRHGU,13:57,FRAEK
6734,2023-06-12,MULHOUSE VILLE,NON,9879,16:56,EST,LYON (intramuros),JCRHINRHON,FRLPD,13:57,FRAEK
6735,2023-06-12,MULHOUSE VILLE,NON,9879,14:41,EST,BESANCON - F COMTE TGV,JCRHINRHON,FRTJB,13:57,FRAEK
6736,2023-06-12,MACON VILLE,NON,9879,17:50,EST,VALENCE TGV RHONE-ALPES SUD,JCRHINRHON,FRVLA,16:21,FRHGU
6737,2023-06-12,LYON (intramuros),NON,9879,17:50,EST,VALENCE TGV RHONE-ALPES SUD,JCRHINRHON,FRVLA,17:10,FRLPD
6738,2023-06-12,BELFORT-MONTBELIARD TGV,NON,9879,16:18,EST,MACON VILLE,JCRHINRHON,FRHGU,14:21,FRTJA
6739,2023-06-12,LUXEMBOURG,NON,9879,15:11,EST,DIJON VILLE,JCRHINRHON,FRABA,11:24,LULUX
6740,2023-06-12,LUXEMBOURG,OUI,9879,12:07,EST,METZ VILLE,JCRHINRHON,FRADE,11:24,LULUX
6741,2023-06-12,LUXEMBOURG,NON,9879,13:54,EST,MULHOUSE VILLE,JCRHINRHON,FRAEK,11:24,LULUX
6742,2023-06-12,MACON VILLE,NON,9879,18:53,EST,MONTPELLIER SUD DE FRANCE,JCRHINRHON,FRSUF,16:21,FRHGU
6743,2023-06-12,BELFORT-MONTBELIARD TGV,NON,9879,18:53,EST,MONTPELLIER SUD DE FRANCE,JCRHINRHON,FRSUF,14:21,FRTJA
6744,2023-06-12,LUXEMBOURG,NON,9879,18:53,EST,MONTPELLIER SUD DE FRANCE,JCRHINRHON,FRSUF,11:24,LULUX
6745,2023-06-12,STRASBOURG,NON,9879,18:31,EST,NIMES PONT DU GARD,JCRHINRHON,FRXZP,13:06,FRAEG
6746,2023-06-12,DAX,OUI,8537,14:33,ATLANTIQUE,ST JEAN DE LUZ CIBOURE,PASUDOUEST,FRXJZ,13:37,FRACG
6747,2023-06-12,BIARRITZ,OUI,8537,14:48,ATLANTIQUE,HENDAYE,PASUDOUEST,FRAEF,14:21,FRBIQ
6748,2023-06-12,BIARRITZ,OUI,8537,14:33,ATLANTIQUE,ST JEAN DE LUZ CIBOURE,PASUDOUEST,FRXJZ,14:21,FRBIQ
6749,2023-06-12,BORDEAUX ST JEAN,NON,8537,14:48,ATLANTIQUE,HENDAYE,PASUDOUEST,FRAEF,12:20,FRBOJ
6750,2023-06-12,BORDEAUX ST JEAN,NON,8537,14:33,ATLANTIQUE,ST JEAN DE LUZ CIBOURE,PASUDOUEST,FRXJZ,12:20,FRBOJ
6751,2023-06-12,BEZIERS,OUI,6202,09:11,SUD EST,NIMES,LANGPA,FRFNI,07:57,FRBZR
6752,2023-06-12,BEZIERS,NON,6202,12:18,SUD EST,PARIS (intramuros),LANGPA,FRPLY,07:57,FRBZR
6753,2023-06-12,MONTPELLIER SAINT-ROCH,NON,6202,12:18,SUD EST,PARIS (intramuros),LANGPA,FRPLY,08:46,FRMPL
6754,2023-06-12,PERPIGNAN,OUI,6202,09:11,SUD EST,NIMES,LANGPA,FRFNI,07:04,FRPGF
6755,2023-06-12,PERPIGNAN,OUI,6202,08:41,SUD EST,MONTPELLIER SAINT-ROCH,LANGPA,FRMPL,07:04,FRPGF
6756,2023-06-12,NARBONNE,OUI,6202,07:54,SUD EST,BEZIERS,LANGPA,FRBZR,07:41,FRXNA
6757,2023-06-12,SETE,OUI,6202,08:41,SUD EST,MONTPELLIER SAINT-ROCH,LANGPA,FRMPL,08:26,FRXSY
6758,2023-06-12,SETE,NON,6202,12:18,SUD EST,PARIS (intramuros),LANGPA,FRPLY,08:26,FRXSY
6759,2023-06-12,LYON (intramuros),NON,6644,08:50,SUD EST,PARIS (intramuros),RHONEPARIS,FRPLY,06:39,FRLPE
6760,2023-06-12,PARIS (intramuros),OUI,5955,12:34,IC ARO,CLERMONT FERRAND,PACLERMONT,FRCFE,09:00,FRPBE
6761,2023-06-12,COLMAR,OUI,2242,15:54,EST,STRASBOURG,JCRHONRHIN,FRAEG,15:27,FRAEJ
6762,2023-06-12,AIX EN PROVENCE TGV,NON,2242,12:41,EST,CHALON SUR SAONE,JCRHONRHIN,FRXCD,09:58,FRAIE
6763,2023-06-12,MACON VILLE,OUI,2242,12:41,EST,CHALON SUR SAONE,JCRHONRHIN,FRXCD,12:12,FRHGU
6764,2023-06-12,CANNES,NON,2242,11:26,EST,LYON (intramuros),JCRHONRHIN,FRLPD,07:30,FRJCA
6765,2023-06-12,CANNES,NON,2242,13:03,EST,BEAUNE,JCRHONRHIN,FRXBV,07:30,FRJCA
6766,2023-06-12,LYON (intramuros),NON,2242,15:54,EST,STRASBOURG,JCRHONRHIN,FRAEG,11:32,FRLPD
6767,2023-06-12,LYON (intramuros),NON,2242,15:24,EST,COLMAR,JCRHONRHIN,FRAEJ,11:32,FRLPD
6768,2023-06-12,LYON (intramuros),NON,2242,14:06,EST,BESANCON - F COMTE TGV,JCRHONRHIN,FRTJB,11:32,FRLPD
6769,2023-06-12,MARSEILLE ST CHARLES,NON,2242,14:30,EST,BELFORT-MONTBELIARD TGV,JCRHONRHIN,FRTJA,09:45,FRMSC
6770,2023-06-12,NICE VILLE,NON,2242,15:24,EST,COLMAR,JCRHONRHIN,FRAEJ,07:00,FRNIC
6771,2023-06-12,NICE VILLE,NON,2242,14:55,EST,MULHOUSE VILLE,JCRHONRHIN,FRAEK,07:00,FRNIC
6772,2023-06-12,BESANCON - F COMTE TGV,OUI,2242,15:54,EST,STRASBOURG,JCRHONRHIN,FRAEG,14:09,FRTJB
6773,2023-06-12,BESANCON - F COMTE TGV,OUI,2242,15:24,EST,COLMAR,JCRHONRHIN,FRAEJ,14:09,FRTJB
6774,2023-06-12,BESANCON - F COMTE TGV,OUI,2242,14:55,EST,MULHOUSE VILLE,JCRHONRHIN,FRAEK,14:09,FRTJB
6775,2023-06-12,TOULON,NON,2242,09:55,EST,AIX EN PROVENCE TGV,JCRHONRHIN,FRAIE,08:50,FRTLN
6776,2023-06-12,TOULON,NON,2242,12:09,EST,MACON VILLE,JCRHONRHIN,FRHGU,08:50,FRTLN
6777,2023-06-12,ANTIBES,OUI,2242,08:46,EST,TOULON,JCRHONRHIN,FRTLN,07:16,FRXAT
6778,2023-06-12,ANTIBES,OUI,2242,07:52,EST,ST RAPHAEL VALESCURE,JCRHONRHIN,FRXSK,07:16,FRXAT
6779,2023-06-12,LES ARCS DRAGUIGNAN,NON,2242,13:25,EST,DIJON VILLE,JCRHONRHIN,FRABA,08:12,FRXRS
6780,2023-06-12,LES ARCS DRAGUIGNAN,OUI,2242,09:33,EST,MARSEILLE ST CHARLES,JCRHONRHIN,FRMSC,08:12,FRXRS
6781,2023-06-12,LES ARCS DRAGUIGNAN,NON,2242,13:03,EST,BEAUNE,JCRHONRHIN,FRXBV,08:12,FRXRS
6782,2023-06-12,ST RAPHAEL VALESCURE,NON,2242,13:25,EST,DIJON VILLE,JCRHONRHIN,FRABA,07:55,FRXSK
6783,2023-06-12,ST RAPHAEL VALESCURE,NON,2242,15:54,EST,STRASBOURG,JCRHONRHIN,FRAEG,07:55,FRXSK
6784,2023-06-12,AVIGNON TGV,NON,2242,13:03,EST,BEAUNE,JCRHONRHIN,FRXBV,10:20,FRAVG
6785,2023-06-12,CANNES,NON,2242,14:30,EST,BELFORT-MONTBELIARD TGV,JCRHONRHIN,FRTJA,07:30,FRJCA
6786,2023-06-12,TOULON,NON,2242,14:30,EST,BELFORT-MONTBELIARD TGV,JCRHONRHIN,FRTJA,08:50,FRTLN
6787,2023-06-12,TOULON,NON,2242,14:06,EST,BESANCON - F COMTE TGV,JCRHONRHIN,FRTJB,08:50,FRTLN
6788,2023-06-12,NANCY,NON,2580,18:46,EST,PARIS (intramuros),NANCYPA,FRPST,17:16,FRENC
6789,2023-06-12,EPINAL,OUI,2580,17:06,EST,NANCY,NANCYPA,FRENC,16:21,FREPL
6790,2023-06-12,EPINAL,NON,2580,18:46,EST,PARIS (intramuros),NANCYPA,FRPST,16:21,FREPL
6791,2023-06-12,AGEN,NON,8512,17:12,ATLANTIQUE,PARIS (intramuros),SUDOUESTPA,FRPMO,13:35,FRAGF
6792,2023-06-12,TOULOUSE MATABIAU,NON,8512,13:32,ATLANTIQUE,AGEN,SUDOUESTPA,FRAGF,12:27,FRXYT
6793,2023-06-12,TOULOUSE MATABIAU,NON,8512,17:12,ATLANTIQUE,PARIS (intramuros),SUDOUESTPA,FRPMO,12:27,FRXYT
6794,2023-06-12,VENDOME VILLIERS SUR LOIR,NON,8306,08:02,ATLANTIQUE,PARIS (intramuros),ROCHELLEPA,FRPMO,07:15,FRESL
6795,2023-06-12,VENDOME VILLIERS SUR LOIR,OUI,8331,09:35,ATLANTIQUE,POITIERS,PAROCHELLE,FRPIS,08:16,FRESL
6796,2023-06-12,METZ VILLE,OUI,2807,10:08,EST,THIONVILLE,PAMETZLUX,FRXTH,09:49,FRADE
6797,2023-06-12,PARIS (intramuros),NON,2807,09:43,EST,METZ VILLE,PAMETZLUX,FRADE,08:14,FRPST
6798,2023-06-12,PARIS (intramuros),NON,2807,10:32,EST,LUXEMBOURG,PAMETZLUX,LULUX,08:14,FRPST
6799,2023-06-12,THIONVILLE,OUI,2807,10:32,EST,LUXEMBOURG,PAMETZLUX,LULUX,10:11,FRXTH
6800,2023-06-12,BORDEAUX ST JEAN,NON,5440,14:29,EST,STRASBOURG,JCATLEST,FRAEG,08:54,FRBOJ
6801,2023-06-12,BORDEAUX ST JEAN,OUI,5440,09:30,EST,ANGOULEME,JCATLEST,FRANG,08:54,FRBOJ
6802,2023-06-12,BORDEAUX ST JEAN,NON,5440,12:24,EST,MARNE LA VALLEE CHESSY,JCATLEST,FRMLV,08:54,FRBOJ
6803,2023-06-12,MASSY TGV,NON,5440,14:29,EST,STRASBOURG,JCATLEST,FRAEG,11:55,FRDJU
6804,2023-06-12,MEUSE TGV,OUI,5440,13:49,EST,LORRAINE TGV,JCATLEST,FREAM,13:30,FREAJ
6805,2023-06-12,LORRAINE TGV,OUI,5440,14:29,EST,STRASBOURG,JCATLEST,FRAEG,13:52,FREAM
6806,2023-06-12,MARNE LA VALLEE CHESSY,OUI,5440,13:49,EST,LORRAINE TGV,JCATLEST,FREAM,12:28,FRMLV
6807,2023-06-12,POITIERS,NON,5440,14:29,EST,STRASBOURG,JCATLEST,FRAEG,10:19,FRPIS
6808,2023-06-12,ST PIERRE DES CORPS,NON,5440,14:29,EST,STRASBOURG,JCATLEST,FRAEG,10:54,FRXSH
6809,2023-06-12,ST PIERRE DES CORPS,NON,5440,11:48,EST,MASSY TGV,JCATLEST,FRDJU,10:54,FRXSH
6810,2023-06-12,ST PIERRE DES CORPS,NON,5440,13:49,EST,LORRAINE TGV,JCATLEST,FREAM,10:54,FRXSH
6811,2023-06-12,LILLE (intramuros),OUI,5202,08:22,NORD,MARNE LA VALLEE CHESSY,JCNORDAQUI,FRMLV,06:15,FRADJ
6812,2023-06-12,LILLE (intramuros),OUI,5202,07:54,NORD,AEROPORT CDG2 TGV ROISSY,JCNORDAQUI,FRMLW,06:15,FRADJ
6813,2023-06-12,LILLE (intramuros),OUI,5202,06:55,NORD,ARRAS,JCNORDAQUI,FRQRV,06:15,FRADJ
6814,2023-06-12,LILLE (intramuros),NON,5202,10:06,NORD,ST PIERRE DES CORPS,JCNORDAQUI,FRXSH,06:15,FRADJ
6815,2023-06-12,ANGOULEME,NON,5202,12:04,NORD,BORDEAUX ST JEAN,JCNORDAQUI,FRBOJ,11:28,FRANG
6816,2023-06-12,MARNE LA VALLEE CHESSY,NON,5202,10:41,NORD,POITIERS,JCNORDAQUI,FRPIS,08:35,FRMLV
6817,2023-06-12,AEROPORT CDG2 TGV ROISSY,NON,5202,12:04,NORD,BORDEAUX ST JEAN,JCNORDAQUI,FRBOJ,08:10,FRMLW
6818,2023-06-12,AEROPORT CDG2 TGV ROISSY,OUI,5202,08:22,NORD,MARNE LA VALLEE CHESSY,JCNORDAQUI,FRMLV,08:10,FRMLW
6819,2023-06-12,AEROPORT CDG2 TGV ROISSY,NON,5202,10:06,NORD,ST PIERRE DES CORPS,JCNORDAQUI,FRXSH,08:10,FRMLW
6820,2023-06-12,ARRAS,NON,5202,12:04,NORD,BORDEAUX ST JEAN,JCNORDAQUI,FRBOJ,07:00,FRQRV
6821,2023-06-12,ARRAS,OUI,5202,09:04,NORD,MASSY TGV,JCNORDAQUI,FRDJU,07:00,FRQRV
6822,2023-06-12,ARRAS,NON,5202,10:06,NORD,ST PIERRE DES CORPS,JCNORDAQUI,FRXSH,07:00,FRQRV
6823,2023-06-12,TGV HAUTE PICARDIE,OUI,5202,09:04,NORD,MASSY TGV,JCNORDAQUI,FRDJU,07:25,FRTHP
6824,2023-06-12,DOUAI,OUI,5202,08:22,NORD,MARNE LA VALLEE CHESSY,JCNORDAQUI,FRMLV,06:37,FRXDN
6825,2023-06-12,DOUAI,NON,5202,10:41,NORD,POITIERS,JCNORDAQUI,FRPIS,06:37,FRXDN
6826,2023-06-12,DOUAI,OUI,5202,07:18,NORD,TGV HAUTE PICARDIE,JCNORDAQUI,FRTHP,06:37,FRXDN
6827,2023-06-12,DOUAI,NON,5202,10:06,NORD,ST PIERRE DES CORPS,JCNORDAQUI,FRXSH,06:37,FRXDN
6828,2023-06-12,ST PIERRE DES CORPS,NON,5202,12:04,NORD,BORDEAUX ST JEAN,JCNORDAQUI,FRBOJ,10:10,FRXSH
6829,2023-06-12,ST PIERRE DES CORPS,NON,5202,10:41,NORD,POITIERS,JCNORDAQUI,FRPIS,10:10,FRXSH
6830,2023-06-12,PARIS (intramuros),NON,8315,18:35,ATLANTIQUE,ST PIERRE DES CORPS,PAROCHELLE,FRXSH,17:28,FRPMO
6831,2023-06-12,LIMOGES BENEDICTINS,OUI,3694,20:32,IC ARO,LA SOUTERRAINE,TOULOUZECO,FRLST,19:59,FRAGQ
6832,2023-06-12,LIMOGES BENEDICTINS,OUI,3694,21:45,IC ARO,VIERZON VILLE,TOULOUZECO,FRXVZ,19:59,FRAGQ
6833,2023-06-12,BRIVE LA GAILLARDE,OUI,3694,21:09,IC ARO,CHATEAUROUX,TOULOUZECO,FRCHR,18:56,FRBVE
6834,2023-06-12,BRIVE LA GAILLARDE,OUI,3694,22:20,IC ARO,LES AUBRAIS ORLEANS,TOULOUZECO,FRLAB,18:56,FRBVE
6835,2023-06-12,CAUSSADE TARN ET GARONNE,OUI,3694,18:53,IC ARO,BRIVE LA GAILLARDE,TOULOUZECO,FRBVE,17:17,FRFTA
6836,2023-06-12,SOUILLAC,OUI,3694,18:53,IC ARO,BRIVE LA GAILLARDE,TOULOUZECO,FRBVE,18:27,FRSOU
6837,2023-06-12,SOUILLAC,OUI,3694,22:20,IC ARO,LES AUBRAIS ORLEANS,TOULOUZECO,FRLAB,18:27,FRSOU
6838,2023-06-12,SOUILLAC,OUI,3694,21:45,IC ARO,VIERZON VILLE,TOULOUZECO,FRXVZ,18:27,FRSOU
6839,2023-06-12,MONTAUBAN VILLE BOURBON,OUI,3694,22:20,IC ARO,LES AUBRAIS ORLEANS,TOULOUZECO,FRLAB,17:03,FRXMW
6840,2023-06-12,TOULOUSE MATABIAU,OUI,3694,18:53,IC ARO,BRIVE LA GAILLARDE,TOULOUZECO,FRBVE,16:31,FRXYT
6841,2023-06-12,TOULOUSE MATABIAU,OUI,3694,23:24,IC ARO,PARIS (intramuros),TOULOUZECO,FRPBE,16:31,FRXYT
6842,2023-06-12,TOULOUSE MATABIAU,OUI,3694,21:45,IC ARO,VIERZON VILLE,TOULOUZECO,FRXVZ,16:31,FRXYT
6843,2023-06-12,CAHORS,OUI,3694,19:56,IC ARO,LIMOGES BENEDICTINS,TOULOUZECO,FRAGQ,17:43,FRZAO
6844,2023-06-12,SOUILLAC,OUI,3694,20:32,IC ARO,LA SOUTERRAINE,TOULOUZECO,FRLST,18:27,FRSOU
6845,2023-06-12,AGEN,NON,4659,16:37,IC ARO,MARSEILLE ST CHARLES,TJOURSOSE,FRMSC,11:31,FRAGF
6846,2023-06-12,BORDEAUX ST JEAN,NON,4659,11:29,IC ARO,AGEN,TJOURSOSE,FRAGF,10:27,FRBOJ
6847,2023-06-12,BORDEAUX ST JEAN,NON,4659,14:51,IC ARO,MONTPELLIER SAINT-ROCH,TJOURSOSE,FRMPL,10:27,FRBOJ
6848,2023-06-12,BORDEAUX ST JEAN,NON,4659,16:37,IC ARO,MARSEILLE ST CHARLES,TJOURSOSE,FRMSC,10:27,FRBOJ
6849,2023-06-12,BORDEAUX ST JEAN,NON,4659,12:06,IC ARO,MONTAUBAN VILLE BOURBON,TJOURSOSE,FRXMW,10:27,FRBOJ
6850,2023-06-12,CARCASSONNE,NON,4659,14:51,IC ARO,MONTPELLIER SAINT-ROCH,TJOURSOSE,FRMPL,13:29,FRCCF
6851,2023-06-12,CARCASSONNE,NON,4659,13:58,IC ARO,NARBONNE,TJOURSOSE,FRXNA,13:29,FRCCF
6852,2023-06-12,MONTPELLIER SAINT-ROCH,NON,4659,16:37,IC ARO,MARSEILLE ST CHARLES,TJOURSOSE,FRMSC,14:55,FRMPL
6853,2023-06-12,MONTAUBAN VILLE BOURBON,NON,4659,15:19,IC ARO,NIMES,TJOURSOSE,FRFNI,12:08,FRXMW
6854,2023-06-12,MONTAUBAN VILLE BOURBON,NON,4659,12:40,IC ARO,TOULOUSE MATABIAU,TJOURSOSE,FRXYT,12:08,FRXMW
6855,2023-06-12,BEZIERS,OUI,6277,21:56,SUD EST,PERPIGNAN,PALANG,FRPGF,21:06,FRBZR
6856,2023-06-12,BEZIERS,OUI,6277,21:20,SUD EST,NARBONNE,PALANG,FRXNA,21:06,FRBZR
6857,2023-06-12,PARIS (intramuros),NON,6277,19:06,SUD EST,VALENCE TGV RHONE-ALPES SUD,PALANG,FRVLA,16:54,FRPLY
6858,2023-06-12,PARIS (intramuros),NON,6277,21:20,SUD EST,NARBONNE,PALANG,FRXNA,16:54,FRPLY
6859,2023-06-12,VALENCE TGV RHONE-ALPES SUD,NON,6277,21:03,SUD EST,BEZIERS,PALANG,FRBZR,19:11,FRVLA
6860,2023-06-12,VALENCE TGV RHONE-ALPES SUD,NON,6277,20:34,SUD EST,SETE,PALANG,FRXSY,19:11,FRVLA
6861,2023-06-12,NARBONNE,OUI,6277,21:56,SUD EST,PERPIGNAN,PALANG,FRPGF,21:23,FRXNA
6862,2023-06-12,SETE,OUI,6277,20:49,SUD EST,AGDE,PALANG,FRXAG,20:37,FRXSY
6863,2023-06-12,VALENCE TGV RHONE-ALPES SUD,NON,6277,20:11,SUD EST,MONTPELLIER SUD DE FRANCE,PALANG,FRSUF,19:11,FRVLA
6864,2023-06-12,MONTPELLIER SUD DE FRANCE,OUI,6277,20:49,SUD EST,AGDE,PALANG,FRXAG,20:20,FRSUF
6865,2023-06-12,NIMES PONT DU GARD,NON,6277,20:49,SUD EST,AGDE,PALANG,FRXAG,19:53,FRXZP
6866,2023-06-12,BASEL SBB,NON,9222,17:38,INTERNATIONAL,PARIS (intramuros),ZURBALPA,FRPLY,14:34,CHAJP
6867,2023-06-12,PARIS (intramuros),OUI,7385,21:04,NORD,DUNKERQUE,PAARRAS,FRADI,18:52,FRPNO
6868,2023-06-12,PARIS (intramuros),OUI,7385,20:16,NORD,BETHUNE,PAARRAS,FRXBH,18:52,FRPNO
6869,2023-06-12,CLERMONT FERRAND,NON,5950,08:57,IC ARO,PARIS (intramuros),CLERMONTPA,FRPBE,05:27,FRCFE
6870,2023-06-12,VICHY,OUI,5950,06:58,IC ARO,NEVERS,CLERMONTPA,FRNVS,06:02,FRVHY
6871,2023-06-12,VICHY,OUI,5950,06:10,IC ARO,ST GERMAIN DES FOSSES,CLERMONTPA,FRSGF,06:02,FRVHY
6872,2023-06-12,DIJON VILLE,NON,2204,20:18,EST,STRASBOURG,JCRHONRHIN,FRAEG,17:50,FRABA
6873,2023-06-12,NIMES,NON,2204,20:18,EST,STRASBOURG,JCRHONRHIN,FRAEG,14:21,FRFNI
6874,2023-06-12,MACON VILLE,NON,2204,18:44,EST,BELFORT-MONTBELIARD TGV,JCRHONRHIN,FRTJA,16:41,FRHGU
6875,2023-06-12,LYON (intramuros),NON,2204,17:40,EST,DIJON VILLE,JCRHONRHIN,FRABA,16:04,FRLPD
6876,2023-06-12,MONTPELLIER SAINT-ROCH,NON,2204,19:41,EST,COLMAR,JCRHONRHIN,FRAEJ,13:53,FRMPL
6877,2023-06-12,MONTPELLIER SAINT-ROCH,NON,2204,16:39,EST,MACON VILLE,JCRHONRHIN,FRHGU,13:53,FRMPL
6878,2023-06-12,BESANCON - F COMTE TGV,NON,2204,19:09,EST,MULHOUSE VILLE,JCRHONRHIN,FRAEK,18:22,FRTJB
6879,2023-06-12,BESANCON - F COMTE TGV,NON,2204,18:44,EST,BELFORT-MONTBELIARD TGV,JCRHONRHIN,FRTJA,18:22,FRTJB
6880,2023-06-12,PARIS (intramuros),NON,6111,14:17,SUD EST,AVIGNON TGV,PAPROVENCE,FRAVG,11:36,FRPLY
6881,2023-06-12,PARIS (intramuros),NON,6111,14:56,SUD EST,MARSEILLE ST CHARLES,PAPROVENCE,FRMSC,11:36,FRPLY
6882,2023-06-12,VALENCE TGV RHONE-ALPES SUD,OUI,6367,23:23,SUD EST,MONTPELLIER SAINT-ROCH,PALANG,FRMPL,21:16,FRVLA
6883,2023-06-12,PARIS (intramuros),OUI,6367,22:27,SUD EST,MONTPELLIER SUD DE FRANCE,PALANG,FRSUF,19:02,FRPLY
6884,2023-06-12,VALENCE TGV RHONE-ALPES SUD,OUI,6367,22:27,SUD EST,MONTPELLIER SUD DE FRANCE,PALANG,FRSUF,21:16,FRVLA
6885,2023-06-12,STUTTGART HBF,NON,9572,16:13,INTERNATIONAL,STRASBOURG,MUNSTUTPA,FRAEG,14:52,DESGT
6886,2023-06-12,NEVERS,OUI,5971,19:34,IC ARO,CLERMONT FERRAND,PACLERMONT,FRCFE,17:59,FRNVS
6887,2023-06-12,PARIS (intramuros),OUI,5971,19:01,IC ARO,VICHY,PACLERMONT,FRVHY,16:00,FRPBE
6888,2023-06-12,VICHY,OUI,5971,19:34,IC ARO,CLERMONT FERRAND,PACLERMONT,FRCFE,19:03,FRVHY
6889,2023-06-12,UZERCHE,OUI,3654,14:58,IC ARO,LIMOGES BENEDICTINS,TOULOUZECO,FRAGQ,14:22,FRAAW
6890,2023-06-12,UZERCHE,NON,3654,16:47,IC ARO,VIERZON VILLE,TOULOUZECO,FRXVZ,14:22,FRAAW
6891,2023-06-12,BRIVE LA GAILLARDE,NON,3654,16:11,IC ARO,CHATEAUROUX,TOULOUZECO,FRCHR,13:56,FRBVE
6892,2023-06-12,BRIVE LA GAILLARDE,NON,3654,18:20,IC ARO,PARIS (intramuros),TOULOUZECO,FRPAZ,13:56,FRBVE
6893,2023-06-12,GOURDON,OUI,3654,13:53,IC ARO,BRIVE LA GAILLARDE,TOULOUZECO,FRBVE,13:11,FRFSI
6894,2023-06-12,GOURDON,NON,3654,16:47,IC ARO,VIERZON VILLE,TOULOUZECO,FRXVZ,13:11,FRFSI
6895,2023-06-12,LA SOUTERRAINE,NON,3654,18:20,IC ARO,PARIS (intramuros),TOULOUZECO,FRPAZ,15:35,FRLST
6896,2023-06-12,SOUILLAC,NON,3654,18:20,IC ARO,PARIS (intramuros),TOULOUZECO,FRPAZ,13:28,FRSOU
6897,2023-06-12,CAHORS,OUI,3654,15:33,IC ARO,LA SOUTERRAINE,TOULOUZECO,FRLST,12:44,FRZAO
6898,2023-06-12,CAHORS,OUI,3654,13:26,IC ARO,SOUILLAC,TOULOUZECO,FRSOU,12:44,FRZAO
6899,2023-06-12,CAHORS,NON,3654,16:47,IC ARO,VIERZON VILLE,TOULOUZECO,FRXVZ,12:44,FRZAO
6900,2023-06-12,SOUILLAC,OUI,3654,14:21,IC ARO,UZERCHE,TOULOUZECO,FRAAW,13:28,FRSOU
6901,2023-06-12,METZ VILLE,NON,9877,14:25,EST,AVIGNON TGV,JCRHINRHON,FRAVG,08:11,FRADE
6902,2023-06-12,METZ VILLE,NON,9877,12:19,EST,MACON VILLE,JCRHINRHON,FRHGU,08:11,FRADE
6903,2023-06-12,METZ VILLE,NON,9877,13:00,EST,LYON (intramuros),JCRHINRHON,FRLPD,08:11,FRADE
6904,2023-06-12,METZ VILLE,NON,9877,15:06,EST,MARSEILLE ST CHARLES,JCRHINRHON,FRMSC,08:11,FRADE
6905,2023-06-12,STRASBOURG,NON,9877,12:19,EST,MACON VILLE,JCRHINRHON,FRHGU,09:03,FRAEG
6906,2023-06-12,STRASBOURG,NON,9877,10:41,EST,BESANCON - F COMTE TGV,JCRHINRHON,FRTJB,09:03,FRAEG
6907,2023-06-12,MULHOUSE VILLE,NON,9877,12:19,EST,MACON VILLE,JCRHINRHON,FRHGU,09:57,FRAEK
6908,2023-06-12,MULHOUSE VILLE,NON,9877,15:06,EST,MARSEILLE ST CHARLES,JCRHINRHON,FRMSC,09:57,FRAEK
6909,2023-06-12,MULHOUSE VILLE,NON,9877,10:18,EST,BELFORT-MONTBELIARD TGV,JCRHINRHON,FRTJA,09:57,FRAEK
6910,2023-06-12,AIX EN PROVENCE TGV,OUI,9877,15:06,EST,MARSEILLE ST CHARLES,JCRHINRHON,FRMSC,14:52,FRAIE
6911,2023-06-12,MACON VILLE,NON,9877,14:49,EST,AIX EN PROVENCE TGV,JCRHINRHON,FRAIE,12:22,FRHGU
6912,2023-06-12,LYON (intramuros),NON,9877,14:25,EST,AVIGNON TGV,JCRHINRHON,FRAVG,13:06,FRLPD
6913,2023-06-12,BELFORT-MONTBELIARD TGV,NON,9877,14:25,EST,AVIGNON TGV,JCRHINRHON,FRAVG,10:21,FRTJA
6914,2023-06-12,BELFORT-MONTBELIARD TGV,NON,9877,12:19,EST,MACON VILLE,JCRHINRHON,FRHGU,10:21,FRTJA
6915,2023-06-12,BELFORT-MONTBELIARD TGV,NON,9877,15:06,EST,MARSEILLE ST CHARLES,JCRHINRHON,FRMSC,10:21,FRTJA
6916,2023-06-12,BESANCON - F COMTE TGV,NON,9877,12:19,EST,MACON VILLE,JCRHINRHON,FRHGU,10:44,FRTJB
6917,2023-06-12,VALENCE TGV RHONE-ALPES SUD,NON,9877,14:25,EST,AVIGNON TGV,JCRHINRHON,FRAVG,13:51,FRVLA
6918,2023-06-12,ANGERS ST LAUD,OUI,5288,16:46,NORD,LE MANS,JCBRETNORD,FRAET,16:02,FRACL
6919,2023-06-12,ANGERS ST LAUD,NON,5288,17:48,NORD,MASSY TGV,JCBRETNORD,FRDJU,16:02,FRACL
6920,2023-06-12,LE MANS,NON,5288,19:35,NORD,LILLE (intramuros),JCBRETNORD,FRLLE,16:57,FRAET
6921,2023-06-12,MASSY TGV,NON,5288,19:35,NORD,LILLE (intramuros),JCBRETNORD,FRLLE,17:54,FRDJU
6922,2023-06-12,NANTES,NON,5288,19:35,NORD,LILLE (intramuros),JCBRETNORD,FRLLE,15:18,FRNTE
6923,2023-06-12,LAVAL,NON,8052,09:46,ATLANTIQUE,PARIS (intramuros),BRETAPARIS,FRPMO,08:15,FRACR
6924,2023-06-12,RENNES,OUI,8052,08:12,ATLANTIQUE,LAVAL,BRETAPARIS,FRACR,07:47,FRRNS
6925,2023-06-12,BRIVE LA GAILLARDE,OUI,3624,08:48,IC ARO,VIERZON VILLE,TOULOUZECO,FRXVZ,05:55,FRBVE
6926,2023-06-12,MASSY TGV,NON,5380,10:02,SUD EST,LAVAL,JCSUDATL,FRACR,08:39,FRDJU
6927,2023-06-12,LYON (intramuros),NON,5380,08:34,SUD EST,MASSY TGV,JCSUDATL,FRDJU,06:30,FRLPD
6928,2023-06-12,LYON (intramuros),NON,5380,10:30,SUD EST,RENNES,JCSUDATL,FRRNS,06:30,FRLPD
6929,2023-06-12,PARIS (intramuros),NON,2751,19:40,EST,RETHEL,PABARSED,FRBDT,18:28,FRPST
6930,2023-06-12,CHARLEVILLE MEZIERES,OUI,2751,20:35,EST,SEDAN,PABARSED,FRXSW,20:20,FRXCZ
6931,2023-06-12,PARIS (intramuros),NON,12265,14:12,ATLANTIQUE,MASSY TGV,PASUDOUEST,FRDJU,14:02,FRPMO
6932,2023-06-12,PARIS (intramuros),OUI,7377,18:16,NORD,BETHUNE,PAARRAS,FRXBH,16:52,FRPNO
6933,2023-06-12,DIJON VILLE,NON,5521,12:24,EST,NIMES,JCRHINRHON,FRFNI,09:21,FRABA
6934,2023-06-12,METZ VILLE,NON,5521,12:55,EST,MONTPELLIER SAINT-ROCH,JCRHINRHON,FRMPL,05:46,FRADE
6935,2023-06-12,STRASBOURG,NON,5521,12:55,EST,MONTPELLIER SAINT-ROCH,JCRHINRHON,FRMPL,06:47,FRAEG
6936,2023-06-12,STRASBOURG,NON,5521,08:38,EST,BESANCON - F COMTE TGV,JCRHINRHON,FRTJB,06:47,FRAEG
6937,2023-06-12,COLMAR,NON,5521,12:55,EST,MONTPELLIER SAINT-ROCH,JCRHINRHON,FRMPL,07:16,FRAEJ
6938,2023-06-12,COLMAR,NON,5521,08:38,EST,BESANCON - F COMTE TGV,JCRHINRHON,FRTJB,07:16,FRAEJ
6939,2023-06-12,MULHOUSE VILLE,NON,5521,09:11,EST,DIJON VILLE,JCRHINRHON,FRABA,07:52,FRAEK
6940,2023-06-12,MULHOUSE VILLE,NON,5521,12:55,EST,MONTPELLIER SAINT-ROCH,JCRHINRHON,FRMPL,07:52,FRAEK
6941,2023-06-12,MULHOUSE VILLE,OUI,5521,08:14,EST,BELFORT-MONTBELIARD TGV,JCRHINRHON,FRTJA,07:52,FRAEK
6942,2023-06-12,LYON (intramuros),NON,5521,12:55,EST,MONTPELLIER SAINT-ROCH,JCRHINRHON,FRMPL,11:02,FRLPD
6943,2023-06-12,BELFORT-MONTBELIARD TGV,NON,5521,09:11,EST,DIJON VILLE,JCRHINRHON,FRABA,08:17,FRTJA
6944,2023-06-12,BELFORT-MONTBELIARD TGV,NON,5521,12:24,EST,NIMES,JCRHINRHON,FRFNI,08:17,FRTJA
6945,2023-06-12,BESANCON - F COMTE TGV,NON,5521,10:56,EST,LYON (intramuros),JCRHINRHON,FRLPD,08:41,FRTJB
6946,2023-06-12,CHALON SUR SAONE,NON,5521,10:56,EST,LYON (intramuros),JCRHINRHON,FRLPD,09:56,FRXCD
6947,2023-06-12,LAMBALLE,OUI,8680,06:29,ATLANTIQUE,RENNES,BRETAPARIS,FRRNS,05:51,FRLAM
6948,2023-06-12,RENNES,NON,8680,08:20,ATLANTIQUE,PARIS (intramuros),BRETAPARIS,FRPMO,06:35,FRRNS
6949,2023-06-12,DIJON VILLE,NON,6703,12:03,SUD EST,BELFORT-MONTBELIARD TGV,PABOUR,FRTJA,11:04,FRABA
6950,2023-06-12,PARIS (intramuros),NON,6703,11:31,SUD EST,BESANCON - F COMTE TGV,PABOUR,FRTJB,09:20,FRPLY
6951,2023-06-12,DIJON VILLE,OUI,9896,22:07,EST,STRASBOURG,JCRHONRHIN,FRAEG,19:49,FRABA
6952,2023-06-12,DIJON VILLE,OUI,9896,21:09,EST,MULHOUSE VILLE,JCRHONRHIN,FRAEK,19:49,FRABA
6953,2023-06-12,DIJON VILLE,OUI,9896,20:40,EST,BELFORT-MONTBELIARD TGV,JCRHONRHIN,FRTJA,19:49,FRABA
6954,2023-06-12,AIX EN PROVENCE TGV,NON,9896,21:09,EST,MULHOUSE VILLE,JCRHONRHIN,FRAEK,16:11,FRAIE
6955,2023-06-12,AVIGNON TGV,NON,9896,22:07,EST,STRASBOURG,JCRHONRHIN,FRAEG,16:33,FRAVG
6956,2023-06-12,AVIGNON TGV,NON,9896,17:51,EST,LYON (intramuros),JCRHONRHIN,FRLPD,16:33,FRAVG
6957,2023-06-12,AVIGNON TGV,NON,9896,17:08,EST,VALENCE TGV RHONE-ALPES SUD,JCRHONRHIN,FRVLA,16:33,FRAVG
6958,2023-06-12,MARSEILLE ST CHARLES,NON,9896,19:39,EST,DIJON VILLE,JCRHONRHIN,FRABA,15:56,FRMSC
6959,2023-06-12,MARSEILLE ST CHARLES,NON,9896,21:09,EST,MULHOUSE VILLE,JCRHONRHIN,FRAEK,15:56,FRMSC
6960,2023-06-12,MARSEILLE ST CHARLES,NON,9896,16:30,EST,AVIGNON TGV,JCRHONRHIN,FRAVG,15:56,FRMSC
6961,2023-06-12,MARSEILLE ST CHARLES,NON,9896,17:08,EST,VALENCE TGV RHONE-ALPES SUD,JCRHONRHIN,FRVLA,15:56,FRMSC
6962,2023-06-12,BELFORT-MONTBELIARD TGV,OUI,9896,21:09,EST,MULHOUSE VILLE,JCRHONRHIN,FRAEK,20:45,FRTJA
6963,2023-06-12,BESANCON - F COMTE TGV,OUI,9896,20:40,EST,BELFORT-MONTBELIARD TGV,JCRHONRHIN,FRTJA,20:19,FRTJB
6964,2023-06-12,VALENCE TGV RHONE-ALPES SUD,NON,9896,21:09,EST,MULHOUSE VILLE,JCRHONRHIN,FRAEK,17:13,FRVLA
6965,2023-06-12,PARIS (intramuros),NON,2719,11:14,EST,REIMS,PABARSED,FRRHE,10:28,FRPST
6966,2023-06-12,AVIGNON TGV,NON,6180,22:38,SUD EST,PARIS (intramuros),AZURPA,FRPLY,19:58,FRAVG
6967,2023-06-12,CANNES,OUI,6180,18:44,SUD EST,TOULON,AZURPA,FRTLN,17:33,FRJCA
6968,2023-06-12,NICE VILLE,OUI,6180,17:29,SUD EST,CANNES,AZURPA,FRJCA,16:57,FRNIC
6969,2023-06-12,NICE VILLE,NON,6180,22:38,SUD EST,PARIS (intramuros),AZURPA,FRPLY,16:57,FRNIC
6970,2023-06-12,ANTIBES,NON,6180,19:55,SUD EST,AVIGNON TGV,AZURPA,FRAVG,17:18,FRXAT
6971,2023-06-12,ANTIBES,OUI,6180,17:29,SUD EST,CANNES,AZURPA,FRJCA,17:18,FRXAT
6972,2023-06-12,LES ARCS DRAGUIGNAN,OUI,6180,18:44,SUD EST,TOULON,AZURPA,FRTLN,18:10,FRXRS
6973,2023-06-12,BEZIERS,NON,6873,19:10,SUD EST,VALENCE TGV RHONE-ALPES SUD,JCSUDPROV,FRVLA,17:14,FRBZR
6974,2023-06-12,CARCASSONNE,OUI,6873,17:53,SUD EST,MONTPELLIER SAINT-ROCH,JCSUDPROV,FRMPL,16:27,FRCCF
6975,2023-06-12,MONTPELLIER SAINT-ROCH,NON,6873,19:10,SUD EST,VALENCE TGV RHONE-ALPES SUD,JCSUDPROV,FRVLA,17:58,FRMPL
6976,2023-06-12,NARBONNE,NON,6873,19:51,SUD EST,LYON (intramuros),JCSUDPROV,FRLPD,16:58,FRXNA
6977,2023-06-12,NARBONNE,OUI,6873,17:36,SUD EST,SETE,JCSUDPROV,FRXSY,16:58,FRXNA
6978,2023-06-12,SETE,OUI,6873,17:53,SUD EST,MONTPELLIER SAINT-ROCH,JCSUDPROV,FRMPL,17:39,FRXSY
6979,2023-06-12,TOULOUSE MATABIAU,NON,6873,19:51,SUD EST,LYON (intramuros),JCSUDPROV,FRLPD,15:43,FRXYT
6980,2023-06-12,TOULOUSE MATABIAU,OUI,6873,17:53,SUD EST,MONTPELLIER SAINT-ROCH,JCSUDPROV,FRMPL,15:43,FRXYT
6981,2023-06-12,NANTES,OUI,8818,19:41,ATLANTIQUE,ANGERS ST LAUD,LOIREPARIS,FRACL,19:05,FRNTE
6982,2023-06-12,NANTES,NON,8818,21:12,ATLANTIQUE,PARIS (intramuros),LOIREPARIS,FRPMO,19:05,FRNTE
6983,2023-06-12,PARIS (intramuros),NON,9563,18:18,INTERNATIONAL,MANNHEIM HBF,PAFRANC,DEMHG,15:21,FRPST
6984,2023-06-12,PARIS (intramuros),NON,6175,15:57,SUD EST,NICE VILLE,PAAZUR,FRNIC,10:08,FRPLY
6985,2023-06-12,TOULON,OUI,6175,15:38,SUD EST,ANTIBES,PAAZUR,FRXAT,14:15,FRTLN
6986,2023-06-12,ARRAS,NON,7400,07:08,NORD,PARIS (intramuros),ARRASPA,FRPNO,06:18,FRQRV
6987,2023-06-12,NANTES,OUI,8140,07:41,ATLANTIQUE,ANGERS ST LAUD,LOIREPARIS,FRACL,07:05,FRNTE
6988,2023-06-12,ANGOULEME,NON,5284,16:41,NORD,AEROPORT CDG2 TGV ROISSY,JCAQUINORD,FRMLW,13:36,FRANG
6989,2023-06-12,BORDEAUX ST JEAN,NON,5284,16:27,NORD,MARNE LA VALLEE CHESSY,JCAQUINORD,FRMLV,12:58,FRBOJ
6990,2023-06-12,BORDEAUX ST JEAN,NON,5284,14:16,NORD,POITIERS,JCAQUINORD,FRPIS,12:58,FRBOJ
6991,2023-06-12,MASSY TGV,NON,5284,16:27,NORD,MARNE LA VALLEE CHESSY,JCAQUINORD,FRMLV,15:55,FRDJU
6992,2023-06-12,MARNE LA VALLEE CHESSY,NON,5284,16:41,NORD,AEROPORT CDG2 TGV ROISSY,JCAQUINORD,FRMLW,16:31,FRMLV
6993,2023-06-12,ST PIERRE DES CORPS,NON,5284,17:57,NORD,LILLE (intramuros),JCAQUINORD,FRLLE,14:54,FRXSH
6994,2023-06-12,PARIS (intramuros),NON,6617,15:10,SUD EST,LE CREUSOT MONTCEAU MONTCHANIN,PARISRHONE,FRXCC,13:50,FRPLY
6995,2023-06-12,LE CREUSOT MONTCEAU MONTCHANIN,NON,6617,16:10,SUD EST,LYON (intramuros),PARISRHONE,FRLPE,15:13,FRXCC
6996,2023-06-12,STRASBOURG,OUI,2365,11:44,EST,COLMAR,PASTRAMULH,FRAEJ,11:17,FRAEG
6997,2023-06-12,PARIS (intramuros),NON,2365,11:44,EST,COLMAR,PASTRAMULH,FRAEJ,09:25,FRPST
6998,2023-06-12,PARIS (intramuros),NON,6047,09:06,SUD EST,VALENCE TGV RHONE-ALPES SUD,PALANG,FRVLA,06:54,FRPLY
6999,2023-06-12,VALENCE TGV RHONE-ALPES SUD,NON,6047,09:45,SUD EST,NIMES PONT DU GARD,PALANG,FRXZP,09:09,FRVLA
7000,2023-06-12,CHAMBERY CHALLES LES EAUX,NON,6941,16:32,SUD EST,ANNECY,PARISALPES,FRNCY,15:49,FRCMF
7001,2023-06-12,PARIS (intramuros),NON,6941,14:17,SUD EST,MACON LOCHE TGV,PARISALPES,FRMLT,12:44,FRPLY
7002,2023-06-12,AIX LES BAINS LE REVARD,NON,6941,16:32,SUD EST,ANNECY,PARISALPES,FRNCY,16:02,FRXAI
7003,2023-06-12,LYON (intramuros),NON,5192,19:44,NORD,LILLE (intramuros),JCSUDNORD,FRADJ,16:00,FRLPD
7004,2023-06-12,LYON (intramuros),NON,5192,18:56,NORD,ARRAS,JCSUDNORD,FRQRV,16:00,FRLPD
7005,2023-06-12,LYON (intramuros),NON,5192,17:47,NORD,MARNE LA VALLEE CHESSY,JCSUDNORD,FRMLV,15:46,FRLPE
7006,2023-06-12,MARNE LA VALLEE CHESSY,NON,5192,18:56,NORD,ARRAS,JCSUDNORD,FRQRV,17:51,FRMLV
7007,2023-06-12,MARNE LA VALLEE CHESSY,NON,5192,18:34,NORD,TGV HAUTE PICARDIE,JCSUDNORD,FRTHP,17:51,FRMLV
7008,2023-06-12,AEROPORT CDG2 TGV ROISSY,OUI,5192,18:34,NORD,TGV HAUTE PICARDIE,JCSUDNORD,FRTHP,18:07,FRMLW
7009,2023-06-12,AEROPORT CDG2 TGV ROISSY,NON,5192,19:14,NORD,DOUAI,JCSUDNORD,FRXDN,18:07,FRMLW
7010,2023-06-12,TGV HAUTE PICARDIE,NON,5192,18:56,NORD,ARRAS,JCSUDNORD,FRQRV,18:39,FRTHP
7011,2023-06-12,DOUAI,OUI,5192,19:44,NORD,LILLE (intramuros),JCSUDNORD,FRADJ,19:19,FRXDN
7012,2023-06-12,LYON (intramuros),NON,5192,19:14,NORD,DOUAI,JCSUDNORD,FRXDN,15:46,FRLPE
7013,2023-06-12,DIJON VILLE,NON,2203,09:54,EST,CHALON SUR SAONE,JCRHINRHON,FRXCD,09:21,FRABA
7014,2023-06-12,STRASBOURG,NON,2203,12:55,EST,MONTPELLIER SAINT-ROCH,JCRHINRHON,FRMPL,06:47,FRAEG
7015,2023-06-12,STRASBOURG,NON,2203,08:14,EST,BELFORT-MONTBELIARD TGV,JCRHINRHON,FRTJA,06:47,FRAEG
7016,2023-06-12,STRASBOURG,NON,2203,08:38,EST,BESANCON - F COMTE TGV,JCRHINRHON,FRTJB,06:47,FRAEG
7017,2023-06-12,COLMAR,NON,2203,09:11,EST,DIJON VILLE,JCRHINRHON,FRABA,07:16,FRAEJ
7018,2023-06-12,COLMAR,NON,2203,10:56,EST,LYON (intramuros),JCRHINRHON,FRLPD,07:16,FRAEJ
7019,2023-06-12,COLMAR,NON,2203,12:55,EST,MONTPELLIER SAINT-ROCH,JCRHINRHON,FRMPL,07:16,FRAEJ
7020,2023-06-12,NIMES,NON,2203,12:55,EST,MONTPELLIER SAINT-ROCH,JCRHINRHON,FRMPL,12:27,FRFNI
7021,2023-06-12,LYON (intramuros),NON,2203,12:24,EST,NIMES,JCRHINRHON,FRFNI,11:02,FRLPD
7022,2023-06-12,BELFORT-MONTBELIARD TGV,NON,2203,09:54,EST,CHALON SUR SAONE,JCRHINRHON,FRXCD,08:17,FRTJA
7023,2023-06-12,TOURS,NON,8310,09:33,ATLANTIQUE,PARIS (intramuros),ROCHELLEPA,FRPMO,08:13,FRAFW
7024,2023-06-12,VENDOME VILLIERS SUR LOIR,NON,8310,09:33,ATLANTIQUE,PARIS (intramuros),ROCHELLEPA,FRPMO,08:46,FRESL
7025,2023-06-12,BEZIERS,OUI,6260,19:10,SUD EST,AGDE,LANGPA,FRXAG,18:59,FRBZR
7026,2023-06-12,PERPIGNAN,NON,6260,20:48,SUD EST,VALENCE TGV RHONE-ALPES SUD,LANGPA,FRVLA,18:04,FRPGF
7027,2023-06-12,VALENCE TGV RHONE-ALPES SUD,NON,6260,23:05,SUD EST,PARIS (intramuros),LANGPA,FRPLY,20:51,FRVLA
7028,2023-06-12,MONTPELLIER SUD DE FRANCE,NON,6260,20:48,SUD EST,VALENCE TGV RHONE-ALPES SUD,LANGPA,FRVLA,19:50,FRSUF
7029,2023-06-12,SETE,OUI,6260,19:43,SUD EST,MONTPELLIER SUD DE FRANCE,LANGPA,FRSUF,19:29,FRXSY
7030,2023-06-12,AGDE,OUI,6260,19:43,SUD EST,MONTPELLIER SUD DE FRANCE,LANGPA,FRSUF,19:13,FRXAG
7031,2023-06-12,PERPIGNAN,OUI,6260,19:43,SUD EST,MONTPELLIER SUD DE FRANCE,LANGPA,FRSUF,18:04,FRPGF
7032,2023-06-12,LE MANS,NON,5336,16:30,SUD EST,LYON (intramuros),JCATLSUD,FRLPD,13:30,FRAET
7033,2023-06-12,RENNES,OUI,5336,12:55,SUD EST,LAVAL,JCATLSUD,FRACR,12:30,FRRNS
7034,2023-06-12,LUCON,NON,3833,15:10,IC SRO,JONZAC,NANTEBORDO,FREMR,13:00,FRLCN
7035,2023-06-12,LUCON,NON,3833,14:32,IC SRO,SAINTES,NANTEBORDO,FRXST,13:00,FRLCN
7036,2023-06-12,LA ROCHELLE VILLE,NON,3833,14:32,IC SRO,SAINTES,NANTEBORDO,FRXST,13:43,FRLRH
7037,2023-06-12,NANTES,NON,3833,12:35,IC SRO,LA ROCHE SUR YON,NANTEBORDO,FRXRO,11:55,FRNTE
7038,2023-06-12,MULHOUSE VILLE,NON,6708,19:02,SUD EST,DIJON VILLE,BOURPA,FRABA,17:46,FRAEK
7039,2023-06-12,BELFORT-MONTBELIARD TGV,NON,6708,18:31,SUD EST,BESANCON - F COMTE TGV,BOURPA,FRTJB,18:11,FRTJA
7040,2023-06-12,BESANCON - F COMTE TGV,NON,6708,20:42,SUD EST,PARIS (intramuros),BOURPA,FRPLY,18:34,FRTJB
7041,2023-06-12,AGEN,OUI,4665,19:58,IC ARO,NARBONNE,TJOURSOSE,FRXNA,17:32,FRAGF
7042,2023-06-12,AGEN,OUI,4665,18:40,IC ARO,TOULOUSE MATABIAU,TJOURSOSE,FRXYT,17:32,FRAGF
7043,2023-06-12,NARBONNE,OUI,4665,20:14,IC ARO,BEZIERS,TJOURSOSE,FRBZR,20:01,FRXNA
7044,2023-06-12,TOULOUSE MATABIAU,OUI,4665,19:27,IC ARO,CARCASSONNE,TJOURSOSE,FRCCF,18:45,FRXYT
7045,2023-06-12,PARIS (intramuros),NON,6127,21:59,SUD EST,MARSEILLE ST CHARLES,PAPROVENCE,FRMSC,18:36,FRPLY
7046,2023-06-12,AVIGNON TGV,NON,6116,15:22,SUD EST,PARIS (intramuros),PROVENCEPA,FRPLY,12:40,FRAVG
7047,2023-06-12,LYON (intramuros),OUI,5320,21:47,SUD EST,LYON (intramuros),JCATLSUD,FRLPE,21:39,FRLPD
7048,2023-06-12,BORDEAUX ST JEAN,NON,8501,09:21,ATLANTIQUE,AGEN,PASUDOUEST,FRAGF,08:20,FRBOJ
7049,2023-06-12,PARIS (intramuros),NON,8501,08:14,ATLANTIQUE,BORDEAUX ST JEAN,PASUDOUEST,FRBOJ,06:06,FRPMO
7050,2023-06-12,BRIVE LA GAILLARDE,OUI,3674,17:54,IC ARO,LIMOGES BENEDICTINS,TOULOUZECO,FRAGQ,16:54,FRBVE
7051,2023-06-12,LA SOUTERRAINE,OUI,3674,18:54,IC ARO,ARGENTON SUR CREUSE,TOULOUZECO,FRFMT,18:31,FRLST
7052,2023-06-12,CLERMONT FERRAND,OUI,5990,20:37,IC ARO,NEVERS,CLERMONTPA,FRNVS,19:05,FRCFE
7053,2023-06-12,CLERMONT FERRAND,OUI,5990,19:13,IC ARO,RIOM CHATEL GUYON,CLERMONTPA,FRRIO,19:05,FRCFE
7054,2023-06-12,RIOM CHATEL GUYON,OUI,5990,22:57,IC ARO,PARIS (intramuros),CLERMONTPA,FRPBE,19:15,FRRIO
7055,2023-06-12,VICHY,OUI,5990,22:57,IC ARO,PARIS (intramuros),CLERMONTPA,FRPBE,19:40,FRVHY
7056,2023-06-12,MOULINS SUR ALLIER,OUI,5990,22:57,IC ARO,PARIS (intramuros),CLERMONTPA,FRPBE,20:11,FRXMU
7057,2023-06-12,DIJON VILLE,NON,6745,19:01,SUD EST,DOLE VILLE,PABOUR,FRACE,18:39,FRABA
7058,2023-06-12,DOLE VILLE,NON,6745,19:27,SUD EST,BESANCON VIOTTE,PABOUR,FRABG,19:04,FRACE
7059,2023-06-12,PARIS (intramuros),NON,6745,18:35,SUD EST,DIJON VILLE,PABOUR,FRABA,16:50,FRPLY
7060,2023-06-12,PARIS (intramuros),NON,6745,19:27,SUD EST,BESANCON VIOTTE,PABOUR,FRABG,16:50,FRPLY
7061,2023-06-12,MULHOUSE VILLE,NON,6706,16:02,SUD EST,BELFORT-MONTBELIARD TGV,BOURPA,FRTJA,15:40,FRAEK
7062,2023-06-12,BESANCON - F COMTE TGV,NON,6706,17:35,SUD EST,MONTBARD,BOURPA,FRGWE,16:28,FRTJB
7063,2023-06-12,PARIS (intramuros),NON,8609,13:27,ATLANTIQUE,BREST,PARISBRETA,FRBES,09:55,FRPMO
7064,2023-06-12,PARIS (intramuros),NON,8609,12:14,ATLANTIQUE,ST BRIEUC,PARISBRETA,FRSBK,09:55,FRPMO
7065,2023-06-12,BRIVE LA GAILLARDE,OUI,3645,21:27,IC ARO,TOULOUSE MATABIAU,PALITO,FRXYT,19:08,FRBVE
7066,2023-06-12,CHATEAUROUX,OUI,3645,17:25,IC ARO,LA SOUTERRAINE,PALITO,FRLST,16:50,FRCHR
7067,2023-06-12,CHATEAUROUX,OUI,3645,20:54,IC ARO,MONTAUBAN VILLE BOURBON,PALITO,FRXMW,16:50,FRCHR
7068,2023-06-12,LES AUBRAIS ORLEANS,OUI,3645,18:02,IC ARO,LIMOGES BENEDICTINS,PALITO,FRAGQ,15:42,FRLAB
7069,2023-06-12,LES AUBRAIS ORLEANS,OUI,3645,19:31,IC ARO,SOUILLAC,PALITO,FRSOU,15:42,FRLAB
7070,2023-06-12,LA SOUTERRAINE,OUI,3645,18:02,IC ARO,LIMOGES BENEDICTINS,PALITO,FRAGQ,17:27,FRLST
7071,2023-06-12,LA SOUTERRAINE,OUI,3645,20:13,IC ARO,CAHORS,PALITO,FRZAO,17:27,FRLST
7072,2023-06-12,PARIS (intramuros),OUI,3645,18:02,IC ARO,LIMOGES BENEDICTINS,PALITO,FRAGQ,14:39,FRPAZ
7073,2023-06-12,PARIS (intramuros),OUI,3645,19:06,IC ARO,BRIVE LA GAILLARDE,PALITO,FRBVE,14:39,FRPAZ
7074,2023-06-12,PARIS (intramuros),OUI,3645,19:46,IC ARO,GOURDON,PALITO,FRFSI,14:39,FRPAZ
7075,2023-06-12,PARIS (intramuros),OUI,3645,19:31,IC ARO,SOUILLAC,PALITO,FRSOU,14:39,FRPAZ
7076,2023-06-12,PARIS (intramuros),OUI,3645,16:15,IC ARO,VIERZON VILLE,PALITO,FRXVZ,14:39,FRPAZ
7077,2023-06-12,PARIS (intramuros),OUI,3645,21:27,IC ARO,TOULOUSE MATABIAU,PALITO,FRXYT,14:39,FRPAZ
7078,2023-06-12,PARIS (intramuros),OUI,3645,20:13,IC ARO,CAHORS,PALITO,FRZAO,14:39,FRPAZ
7079,2023-06-12,SOUILLAC,OUI,3645,20:54,IC ARO,MONTAUBAN VILLE BOURBON,PALITO,FRXMW,19:32,FRSOU
7080,2023-06-12,VIERZON VILLE,OUI,3645,21:27,IC ARO,TOULOUSE MATABIAU,PALITO,FRXYT,16:17,FRXVZ
7081,2023-06-12,AVIGNON TGV,NON,5102,10:48,NORD,MARSEILLE ST CHARLES,JCNORDSUD,FRMSC,10:14,FRAVG
7082,2023-06-12,LYON (intramuros),NON,5102,10:48,NORD,MARSEILLE ST CHARLES,JCNORDSUD,FRMSC,09:06,FRLPD
7083,2023-06-12,MARNE LA VALLEE CHESSY,NON,5102,09:00,NORD,LYON (intramuros),JCNORDSUD,FRLPD,07:13,FRMLV
7084,2023-06-12,AEROPORT CDG2 TGV ROISSY,NON,5102,10:48,NORD,MARSEILLE ST CHARLES,JCNORDSUD,FRMSC,06:56,FRMLW
7085,2023-06-12,NIMES,OUI,6825,20:48,SUD EST,BEZIERS,JCPROVSUD,FRBZR,19:40,FRFNI
7086,2023-06-12,VALENCE TGV RHONE-ALPES SUD,NON,6825,21:34,SUD EST,CARCASSONNE,JCPROVSUD,FRCCF,18:53,FRVLA
7087,2023-06-12,VALENCE TGV RHONE-ALPES SUD,NON,6825,20:23,SUD EST,SETE,JCPROVSUD,FRXSY,18:53,FRVLA
7088,2023-06-12,SETE,OUI,6825,21:34,SUD EST,CARCASSONNE,JCPROVSUD,FRCCF,20:26,FRXSY
7089,2023-06-12,NANTES,OUI,8931,21:55,ATLANTIQUE,LA BAULE ESCOUBLAC,PARISLOIRE,FRJEE,21:05,FRNTE
7090,2023-06-12,PARIS (intramuros),OUI,8931,22:07,ATLANTIQUE,LE CROISIC,PARISLOIRE,FREGU,18:48,FRPMO
7091,2023-06-12,PARIS (intramuros),OUI,8931,20:59,ATLANTIQUE,NANTES,PARISLOIRE,FRNTE,18:48,FRPMO
7092,2023-06-12,PARIS (intramuros),OUI,8931,21:39,ATLANTIQUE,ST NAZAIRE,PARISLOIRE,FRSNR,18:48,FRPMO
7093,2023-06-12,BELFORT-MONTBELIARD TGV,NON,9219,19:03,INTERNATIONAL,MULHOUSE VILLE,PABALZUR,FRAEK,18:41,FRTJA
7094,2023-06-12,PAU,NON,8581,15:52,ATLANTIQUE,PARIS (intramuros),SUDOUESTPA,FRPMO,11:28,FRAEE
7095,2023-06-12,LOURDES,OUI,8581,11:25,ATLANTIQUE,PAU,SUDOUESTPA,FRAEE,11:00,FRLDE
7096,2023-06-12,LOURDES,NON,8581,15:52,ATLANTIQUE,PARIS (intramuros),SUDOUESTPA,FRPMO,11:00,FRLDE
7097,2023-06-12,TARBES,OUI,8581,12:15,ATLANTIQUE,DAX,SUDOUESTPA,FRACG,10:36,FRXTB
7098,2023-06-12,PARIS (intramuros),OUI,6271,09:06,SUD EST,VALENCE TGV RHONE-ALPES SUD,PALANG,FRVLA,06:54,FRPLY
7099,2023-06-12,PARIS (intramuros),NON,6271,10:48,SUD EST,AGDE,PALANG,FRXAG,06:54,FRPLY
7100,2023-06-12,PARIS (intramuros),NON,6271,11:20,SUD EST,NARBONNE,PALANG,FRXNA,06:54,FRPLY
7101,2023-06-12,NARBONNE,OUI,6271,11:56,SUD EST,PERPIGNAN,PALANG,FRPGF,11:23,FRXNA
7102,2023-06-12,NIMES PONT DU GARD,NON,6271,10:08,SUD EST,MONTPELLIER SUD DE FRANCE,PALANG,FRSUF,09:48,FRXZP
7103,2023-06-12,NIMES PONT DU GARD,NON,6271,10:31,SUD EST,SETE,PALANG,FRXSY,09:48,FRXZP
7104,2023-06-12,PARIS (intramuros),OUI,7369,14:30,NORD,DUNKERQUE,PAARRAS,FRADI,12:25,FRPNO
7105,2023-06-12,PARIS (intramuros),OUI,7369,13:13,NORD,ARRAS,PAARRAS,FRQRV,12:25,FRPNO
7106,2023-06-12,CANNES,OUI,6168,18:33,SUD EST,MARSEILLE ST CHARLES,AZURPA,FRMSC,16:32,FRJCA
7107,2023-06-12,CANNES,OUI,6168,17:44,SUD EST,TOULON,AZURPA,FRTLN,16:32,FRJCA
7108,2023-06-12,NICE VILLE,OUI,6168,16:28,SUD EST,CANNES,AZURPA,FRJCA,16:01,FRNIC
7109,2023-06-12,NICE VILLE,NON,6168,21:50,SUD EST,PARIS (intramuros),AZURPA,FRPLY,16:01,FRNIC
7110,2023-06-12,ANTIBES,OUI,6168,17:44,SUD EST,TOULON,AZURPA,FRTLN,16:17,FRXAT
7111,2023-06-12,LORIENT,OUI,8731,21:28,ATLANTIQUE,QUIMPER,PARISBRETA,FRUIP,20:54,FRLRT
7112,2023-06-12,PARIS (intramuros),OUI,8731,20:24,ATLANTIQUE,VANNES,PARISBRETA,FRVNE,17:56,FRPMO
7113,2023-06-12,RENNES,OUI,8731,20:51,ATLANTIQUE,LORIENT,PARISBRETA,FRLRT,19:29,FRRNS
7114,2023-06-12,VANNES,OUI,8731,20:51,ATLANTIQUE,LORIENT,PARISBRETA,FRLRT,20:27,FRVNE
7115,2023-06-12,BORDEAUX ST JEAN,NON,8418,19:09,ATLANTIQUE,MASSY TGV,SUDOUESTPA,FRDJU,17:08,FRBOJ
7116,2023-06-12,BORDEAUX ST JEAN,NON,8418,19:24,ATLANTIQUE,PARIS (intramuros),SUDOUESTPA,FRPMO,17:08,FRBOJ
7117,2023-06-12,DAX,OUI,8541,16:47,ATLANTIQUE,HENDAYE,PASUDOUEST,FRAEF,15:37,FRACG
7118,2023-06-12,DAX,OUI,8541,16:16,ATLANTIQUE,BIARRITZ,PASUDOUEST,FRBIQ,15:37,FRACG
7119,2023-06-12,BORDEAUX ST JEAN,NON,8541,15:33,ATLANTIQUE,DAX,PASUDOUEST,FRACG,14:21,FRBOJ
7120,2023-06-12,BORDEAUX ST JEAN,NON,8541,16:05,ATLANTIQUE,BAYONNE,PASUDOUEST,FRXBY,14:21,FRBOJ
7121,2023-06-12,PARIS (intramuros),NON,8541,16:16,ATLANTIQUE,BIARRITZ,PASUDOUEST,FRBIQ,12:08,FRPMO
7122,2023-06-12,BAYONNE,OUI,8541,16:32,ATLANTIQUE,ST JEAN DE LUZ CIBOURE,PASUDOUEST,FRXJZ,16:08,FRXBY
7123,2023-06-12,ARRAS,OUI,7238,20:08,NORD,PARIS (intramuros),ARRASPA,FRPNO,19:18,FRQRV
7124,2023-06-12,LE MANS,NON,8886,22:25,ATLANTIQUE,PARIS (intramuros),LOIREPARIS,FRPMO,21:26,FRAET
7125,2023-06-12,NANTES,OUI,8886,20:41,ATLANTIQUE,ANGERS ST LAUD,LOIREPARIS,FRACL,20:05,FRNTE
7126,2023-06-12,BRUXELLES MIDI BRUSSEL ZUID,NON,9812,14:03,NORD,MONTPELLIER SAINT-ROCH,JCNORDSUD,FRMPL,08:17,BEBMI
7127,2023-06-12,NIMES,OUI,9812,14:03,NORD,MONTPELLIER SAINT-ROCH,JCNORDSUD,FRMPL,13:38,FRFNI
7128,2023-06-12,MARNE LA VALLEE CHESSY,NON,9812,12:00,NORD,LYON (intramuros),JCNORDSUD,FRLPD,10:13,FRMLV
7129,2023-06-12,AEROPORT CDG2 TGV ROISSY,NON,9812,12:00,NORD,LYON (intramuros),JCNORDSUD,FRLPD,09:59,FRMLW
7130,2023-06-12,VALENCE TGV RHONE-ALPES SUD,OUI,9812,14:03,NORD,MONTPELLIER SAINT-ROCH,JCNORDSUD,FRMPL,12:50,FRVLA
7131,2023-06-12,AIX EN PROVENCE TGV,NON,9868,16:53,NORD,LYON (intramuros),JCSUDNORD,FRLPD,15:24,FRAIE
7132,2023-06-12,AVIGNON TGV,NON,9868,19:57,NORD,LILLE (intramuros),JCSUDNORD,FRLLE,15:46,FRAVG
7133,2023-06-12,MARNE LA VALLEE CHESSY,OUI,9868,19:57,NORD,LILLE (intramuros),JCSUDNORD,FRLLE,18:51,FRMLV
7134,2023-06-12,MARNE LA VALLEE CHESSY,OUI,9868,19:01,NORD,AEROPORT CDG2 TGV ROISSY,JCSUDNORD,FRMLW,18:51,FRMLV
7135,2023-06-12,AEROPORT CDG2 TGV ROISSY,OUI,9868,20:43,NORD,BRUXELLES MIDI BRUSSEL ZUID,JCSUDNORD,BEBMI,19:07,FRMLW
7136,2023-06-12,MARSEILLE ST CHARLES,NON,9868,20:43,NORD,BRUXELLES MIDI BRUSSEL ZUID,JCSUDNORD,BEBMI,15:11,FRMSC
7137,2023-06-12,MARSEILLE ST CHARLES,NON,9868,16:53,NORD,LYON (intramuros),JCSUDNORD,FRLPD,15:11,FRMSC
7138,2023-06-12,PARIS (intramuros),NON,6627,20:10,SUD EST,LYON (intramuros),PARISRHONE,FRLPE,17:50,FRPLY
7139,2023-06-12,LE CREUSOT MONTCEAU MONTCHANIN,NON,6627,20:10,SUD EST,LYON (intramuros),PARISRHONE,FRLPE,19:12,FRXCC
7140,2023-06-12,AGEN,OUI,4655,11:21,IC ARO,NIMES,TJOURSOSE,FRFNI,07:31,FRAGF
7141,2023-06-12,BORDEAUX ST JEAN,OUI,4655,08:40,IC ARO,TOULOUSE MATABIAU,TJOURSOSE,FRXYT,06:27,FRBOJ
7142,2023-06-12,CARCASSONNE,OUI,4655,12:35,IC ARO,MARSEILLE ST CHARLES,TJOURSOSE,FRMSC,09:29,FRCCF
7143,2023-06-12,CARCASSONNE,OUI,4655,09:58,IC ARO,NARBONNE,TJOURSOSE,FRXNA,09:29,FRCCF
7144,2023-06-12,MONTPELLIER SAINT-ROCH,OUI,4655,12:35,IC ARO,MARSEILLE ST CHARLES,TJOURSOSE,FRMSC,10:57,FRMPL
7145,2023-06-12,MONTAUBAN VILLE BOURBON,OUI,4655,12:35,IC ARO,MARSEILLE ST CHARLES,TJOURSOSE,FRMSC,08:08,FRXMW
7146,2023-06-12,NARBONNE,OUI,4655,10:15,IC ARO,BEZIERS,TJOURSOSE,FRBZR,10:01,FRXNA
7147,2023-06-12,TOULOUSE MATABIAU,OUI,4655,09:27,IC ARO,CARCASSONNE,TJOURSOSE,FRCCF,08:45,FRXYT
7148,2023-06-12,TOULOUSE MATABIAU,OUI,4655,11:21,IC ARO,NIMES,TJOURSOSE,FRFNI,08:45,FRXYT
7149,2023-06-12,STRASBOURG,OUI,2584,06:03,EST,SAVERNE,NANCYPA,FRSNE,05:41,FRAEG
7150,2023-06-12,SAVERNE,OUI,2584,07:09,EST,NANCY,NANCYPA,FRENC,06:06,FRSNE
7151,2023-06-12,SAVERNE,OUI,2584,06:46,EST,LUNEVILLE,NANCYPA,FRLNE,06:06,FRSNE
7152,2023-06-12,NIMES,NON,6036,21:18,SUD EST,PARIS (intramuros),LANGPA,FRPLY,18:18,FRFNI
7153,2023-06-12,NIMES,NON,6036,19:03,SUD EST,VALENCE TGV RHONE-ALPES SUD,LANGPA,FRVLA,18:18,FRFNI
7154,2023-06-12,MONTPELLIER SAINT-ROCH,NON,6036,19:03,SUD EST,VALENCE TGV RHONE-ALPES SUD,LANGPA,FRVLA,17:50,FRMPL
7155,2023-06-12,PAU,NON,14150,19:34,IC SRO,ST GAUDENS,SUDOUEST,FRFPH,18:11,FRAEE
7156,2023-06-12,ORTHEZ,NON,14150,20:27,IC SRO,TOULOUSE MATABIAU,SUDOUEST,FRXYT,17:47,FRGFI
7157,2023-06-12,LOURDES,NON,14150,20:27,IC SRO,TOULOUSE MATABIAU,SUDOUEST,FRXYT,18:39,FRLDE
7158,2023-06-12,BAYONNE,NON,14150,18:36,IC SRO,LOURDES,SUDOUEST,FRLDE,17:03,FRXBY
7159,2023-06-12,BORDEAUX ST JEAN,NON,12260,17:12,ATLANTIQUE,PARIS (intramuros),SUDOUESTPA,FRPMO,14:46,FRBOJ
7160,2023-06-12,PARIS (intramuros),OUI,2839,21:04,EST,METZ VILLE,PAMETZLUX,FRADE,19:40,FRPST
7161,2023-06-12,ANGERS ST LAUD,OUI,5482,09:27,EST,LE MANS,JCATLEST,FRAET,08:48,FRACL
7162,2023-06-12,ANGERS ST LAUD,NON,5482,11:09,EST,AEROPORT CDG2 TGV ROISSY,JCATLEST,FRMLW,08:48,FRACL
7163,2023-06-12,MASSY TGV,NON,5482,13:12,EST,STRASBOURG,JCATLEST,FRAEG,10:26,FRDJU
7164,2023-06-12,MARNE LA VALLEE CHESSY,NON,5482,12:32,EST,LORRAINE TGV,JCATLEST,FREAM,11:00,FRMLV
7165,2023-06-12,AEROPORT CDG2 TGV ROISSY,NON,5482,12:32,EST,LORRAINE TGV,JCATLEST,FREAM,11:22,FRMLW
7166,2023-06-12,NANTES,OUI,5482,08:45,EST,ANGERS ST LAUD,JCATLEST,FRACL,08:09,FRNTE
7167,2023-06-12,NANTES,OUI,5482,09:27,EST,LE MANS,JCATLEST,FRAET,08:09,FRNTE
7168,2023-06-12,NANTES,NON,5482,11:09,EST,AEROPORT CDG2 TGV ROISSY,JCATLEST,FRMLW,08:09,FRNTE
7169,2023-06-12,MONTAUBAN VILLE BOURBON,NON,8502,07:32,ATLANTIQUE,AGEN,SUDOUESTPA,FRAGF,06:57,FRXMW
7170,2023-06-12,MONTAUBAN VILLE BOURBON,NON,8502,10:52,ATLANTIQUE,PARIS (intramuros),SUDOUESTPA,FRPMO,06:57,FRXMW
7171,2023-06-12,TOULOUSE MATABIAU,NON,8502,07:32,ATLANTIQUE,AGEN,SUDOUESTPA,FRAGF,06:23,FRXYT
7172,2023-06-12,TOULOUSE MATABIAU,NON,8502,08:40,ATLANTIQUE,BORDEAUX ST JEAN,SUDOUESTPA,FRBOJ,06:23,FRXYT
7173,2023-06-12,PARIS (intramuros),NON,6641,08:22,SUD EST,LYON (intramuros),PARISRHONE,FRLPD,06:24,FRPLY
7174,2023-06-12,MEUSE TGV,NON,2465,22:25,EST,STRASBOURG,PASTRAMULH,FRAEG,21:28,FREAJ
7175,2023-06-12,AIX EN PROVENCE TGV,NON,6136,09:22,SUD EST,PARIS (intramuros),PROVENCEPA,FRPLY,06:18,FRAIE
7176,2023-06-12,MULHOUSE VILLE,NON,6702,10:42,SUD EST,PARIS (intramuros),BOURPA,FRPLY,07:46,FRAEK
7177,2023-06-12,MULHOUSE VILLE,NON,6702,08:31,SUD EST,BESANCON - F COMTE TGV,BOURPA,FRTJB,07:46,FRAEK
7178,2023-06-12,BELFORT-MONTBELIARD TGV,NON,6702,09:02,SUD EST,DIJON VILLE,BOURPA,FRABA,08:11,FRTJA
7179,2023-06-12,BELFORT-MONTBELIARD TGV,NON,6702,10:42,SUD EST,PARIS (intramuros),BOURPA,FRPLY,08:11,FRTJA
7180,2023-06-12,BELFORT-MONTBELIARD TGV,NON,6702,08:31,SUD EST,BESANCON - F COMTE TGV,BOURPA,FRTJB,08:11,FRTJA
7181,2023-06-12,BESANCON - F COMTE TGV,NON,6702,10:42,SUD EST,PARIS (intramuros),BOURPA,FRPLY,08:34,FRTJB
7182,2023-06-12,GRENOBLE,NON,6922,17:50,SUD EST,LYON-SAINT EXUPERY TGV,GRENOBLEPA,FRJDQ,16:47,FRGNB
7183,2023-06-12,ST MAIXENT DEUX SEVRES,OUI,8391,20:37,ATLANTIQUE,NIORT,PAROCHELLE,FRNIT,20:21,FREJC
7184,2023-06-12,POITIERS,OUI,8391,20:18,ATLANTIQUE,ST MAIXENT DEUX SEVRES,PAROCHELLE,FREJC,19:49,FRPIS
7185,2023-06-12,PARIS (intramuros),OUI,8391,20:37,ATLANTIQUE,NIORT,PAROCHELLE,FRNIT,18:24,FRPMO
7186,2023-06-12,PARIS (intramuros),OUI,8391,19:45,ATLANTIQUE,POITIERS,PAROCHELLE,FRPIS,18:24,FRPMO
7187,2023-06-12,ST ETIENNE CHATEAUCREUX,NON,6696,17:25,SUD EST,LYON (intramuros),RHONEPARIS,FRLPD,16:44,FRHHD
7188,2023-06-12,ST ETIENNE CHATEAUCREUX,NON,6696,19:34,SUD EST,PARIS (intramuros),RHONEPARIS,FRPLY,16:44,FRHHD
7189,2023-06-12,BORDEAUX ST JEAN,NON,8404,09:57,ATLANTIQUE,PARIS (intramuros),SUDOUESTPA,FRPMO,07:45,FRBOJ
7190,2023-06-12,PARIS (intramuros),OUI,7165,12:35,NORD,VALENCIENNES,PAARRAS,FRXVS,10:52,FRPNO
7191,2023-06-12,DOUAI,OUI,7165,12:35,NORD,VALENCIENNES,PAARRAS,FRXVS,12:10,FRXDN
7192,2023-06-12,PARIS (intramuros),OUI,8333,14:43,ATLANTIQUE,POITIERS,PAROCHELLE,FRPIS,12:28,FRPMO
7193,2023-06-12,CHATELLERAULT,OUI,8333,14:29,ATLANTIQUE,FUTUROSCOPE,PAROCHELLE,FRTGO,14:14,FRXCX
7194,2023-06-12,LAVAL,NON,8739,22:13,ATLANTIQUE,QUIMPERLE,PARISBRETA,FRECO,19:58,FRACR
7195,2023-06-12,QUIMPERLE,OUI,8739,22:45,ATLANTIQUE,QUIMPER,PARISBRETA,FRUIP,22:16,FRECO
7196,2023-06-12,RENNES,OUI,8739,21:28,ATLANTIQUE,VANNES,PARISBRETA,FRVNE,20:29,FRRNS
7197,2023-06-12,ROSPORDEN,OUI,8739,22:45,ATLANTIQUE,QUIMPER,PARISBRETA,FRUIP,22:33,FRRSP
7198,2023-06-12,VANNES,OUI,8739,22:45,ATLANTIQUE,QUIMPER,PARISBRETA,FRUIP,21:31,FRVNE
7199,2023-06-12,REDON,OUI,8739,22:13,ATLANTIQUE,QUIMPERLE,PARISBRETA,FRECO,21:05,FRXRN
7200,2023-06-12,REDON,OUI,8739,22:45,ATLANTIQUE,QUIMPER,PARISBRETA,FRUIP,21:05,FRXRN
7201,2023-06-12,REDON,OUI,8739,21:41,ATLANTIQUE,AURAY,PARISBRETA,FRXUY,21:05,FRXRN
7202,2023-06-12,AURAY,OUI,8739,21:59,ATLANTIQUE,LORIENT,PARISBRETA,FRLRT,21:44,FRXUY
7203,2023-06-12,PARIS (intramuros),NON,6603,08:56,SUD EST,LYON (intramuros),PARISRHONE,FRLPD,06:58,FRPLY
7204,2023-06-12,PARIS (intramuros),NON,6603,09:10,SUD EST,LYON (intramuros),PARISRHONE,FRLPE,06:58,FRPLY
7205,2023-06-12,MANNHEIM HBF,NON,9553,16:59,INTERNATIONAL,FRANKFURT MAIN HBF,PAFRANC,DEFRH,16:17,DEMHG
7206,2023-06-12,PARIS (intramuros),NON,9553,16:59,INTERNATIONAL,FRANKFURT MAIN HBF,PAFRANC,DEFRH,13:10,FRPST
7207,2023-06-12,PARIS (intramuros),NON,2801,09:44,EST,LUXEMBOURG,PAMETZLUX,LULUX,07:28,FRPST
7208,2023-06-12,STRASBOURG,NON,2356,12:31,EST,PARIS (intramuros),MULHSTRAPA,FRPST,10:44,FRAEG
7209,2023-06-12,BORDEAUX ST JEAN,OUI,4669,20:09,IC ARO,MONTAUBAN VILLE BOURBON,TJOURSOSE,FRXMW,18:28,FRBOJ
7210,2023-06-12,BORDEAUX ST JEAN,OUI,4669,22:02,IC ARO,NARBONNE,TJOURSOSE,FRXNA,18:28,FRBOJ
7211,2023-06-12,MARMANDE,OUI,4669,21:32,IC ARO,CARCASSONNE,TJOURSOSE,FRCCF,19:06,FRXMR
7212,2023-06-12,MARMANDE,OUI,4669,22:02,IC ARO,NARBONNE,TJOURSOSE,FRXNA,19:06,FRXMR
7213,2023-06-12,MARMANDE,OUI,4669,22:39,IC ARO,SETE,TJOURSOSE,FRXSY,19:06,FRXMR
7214,2023-06-12,NARBONNE,OUI,4669,22:39,IC ARO,SETE,TJOURSOSE,FRXSY,22:05,FRXNA
7215,2023-06-12,PARIS (intramuros),OUI,7297,23:14,NORD,ARRAS,PAARRAS,FRQRV,22:25,FRPNO
7216,2023-06-12,ARRAS,OUI,7297,23:37,NORD,LILLE (intramuros),PAARRAS,FRLLE,23:17,FRQRV
7217,2023-06-12,ANGOULEME,OUI,8491,21:16,ATLANTIQUE,LIBOURNE,PASUDOUEST,FRXLR,20:37,FRANG
7218,2023-06-12,POITIERS,OUI,8491,21:16,ATLANTIQUE,LIBOURNE,PASUDOUEST,FRXLR,19:54,FRPIS
7219,2023-06-12,GENEVE,NON,9776,17:49,INTERNATIONAL,BOURG EN BRESSE,GENEVEPA,FRXBK,16:29,CHGVA
7220,2023-06-12,BELLEGARDE,NON,9776,17:49,INTERNATIONAL,BOURG EN BRESSE,GENEVEPA,FRXBK,17:02,FRXBF
7221,2023-06-12,NANTES,NON,8122,17:25,ATLANTIQUE,PARIS (intramuros),LOIREPARIS,FRPMO,15:05,FRNTE
7222,2023-06-12,CHATELLERAULT,NON,8332,08:15,ATLANTIQUE,ST PIERRE DES CORPS,ROCHELLEPA,FRXSH,07:46,FRXCX
7223,2023-06-12,PARIS (intramuros),OUI,6741,09:19,SUD EST,BESANCON VIOTTE,PABOUR,FRABG,06:50,FRPLY
7224,2023-06-12,PARIS (intramuros),OUI,6741,07:54,SUD EST,MONTBARD,PABOUR,FRGWE,06:50,FRPLY
7225,2023-06-12,PARIS (intramuros),OUI,6741,09:05,SUD EST,BESANCON - F COMTE TGV,PABOUR,FRTJB,06:50,FRPLY
7226,2023-06-12,LAVAL,NON,8610,13:19,ATLANTIQUE,PARIS (intramuros),BRETAPARIS,FRPMO,12:04,FRACR
7227,2023-06-12,BREST,NON,8610,12:01,ATLANTIQUE,LAVAL,BRETAPARIS,FRACR,09:09,FRBES
7228,2023-06-12,BREST,OUI,8610,10:16,ATLANTIQUE,GUINGAMP,BRETAPARIS,FRGGP,09:09,FRBES
7229,2023-06-12,BREST,OUI,8610,10:45,ATLANTIQUE,LAMBALLE,BRETAPARIS,FRLAM,09:09,FRBES
7230,2023-06-12,LAMBALLE,NON,8610,12:01,ATLANTIQUE,LAVAL,BRETAPARIS,FRACR,10:48,FRLAM
7231,2023-06-12,MORLAIX,NON,8610,12:01,ATLANTIQUE,LAVAL,BRETAPARIS,FRACR,09:45,FRMXN
7232,2023-06-12,MORLAIX,OUI,8610,10:00,ATLANTIQUE,PLOUARET TREGOR,BRETAPARIS,FRPLT,09:45,FRMXN
7233,2023-06-12,ST BRIEUC,OUI,8610,10:45,ATLANTIQUE,LAMBALLE,BRETAPARIS,FRLAM,10:36,FRSBK
7234,2023-06-12,LANDERNEAU,OUI,8610,10:16,ATLANTIQUE,GUINGAMP,BRETAPARIS,FRGGP,09:22,FRXLD
7235,2023-06-12,LANDERNEAU,NON,8610,11:29,ATLANTIQUE,RENNES,BRETAPARIS,FRRNS,09:22,FRXLD
7236,2023-06-12,KAISERSLAUTERN HBF,NON,9551,12:17,INTERNATIONAL,MANNHEIM HBF,PAFRANC,DEMHG,11:36,DEKLT
7237,2023-06-12,SARREBRUCK/SAARBRUECKEN,NON,9551,11:34,INTERNATIONAL,KAISERSLAUTERN HBF,PAFRANC,DEKLT,10:58,DESBK
7238,2023-06-12,PARIS (intramuros),NON,9551,11:34,INTERNATIONAL,KAISERSLAUTERN HBF,PAFRANC,DEKLT,09:06,FRPST
7239,2023-06-12,NIMES,NON,6034,17:18,SUD EST,PARIS (intramuros),LANGPA,FRPLY,14:15,FRFNI
7240,2023-06-12,MONTPELLIER SAINT-ROCH,NON,6034,17:18,SUD EST,PARIS (intramuros),LANGPA,FRPLY,13:46,FRMPL
7241,2023-06-12,VALENCE TGV RHONE-ALPES SUD,NON,6034,17:18,SUD EST,PARIS (intramuros),LANGPA,FRPLY,15:04,FRVLA
7242,2023-06-12,LILLE (intramuros),NON,7200,07:08,NORD,PARIS (intramuros),ARRASPA,FRPNO,05:52,FRADJ
7243,2023-06-12,CROIX WASQUEHAL,NON,7200,07:08,NORD,PARIS (intramuros),ARRASPA,FRPNO,05:31,FRCKH
7244,2023-06-12,ARRAS,NON,7200,07:08,NORD,PARIS (intramuros),ARRASPA,FRPNO,06:18,FRQRV
7245,2023-06-12,BOURGES,NON,4502,13:22,IC SRO,VIERZON VILLE,JOURLYNNTE,FRXVZ,13:03,FRBOU
7246,2023-06-12,LYON (intramuros),NON,4502,15:21,IC SRO,ANGERS ST LAUD,JOURLYNNTE,FRACL,09:34,FRLPD
7247,2023-06-12,LYON (intramuros),NON,4502,11:17,IC SRO,ST GERMAIN DES FOSSES,JOURLYNNTE,FRSGF,09:34,FRLPD
7248,2023-06-12,LYON (intramuros),NON,4502,14:25,IC SRO,ST PIERRE DES CORPS,JOURLYNNTE,FRXSH,09:34,FRLPD
7249,2023-06-12,LYON (intramuros),NON,4502,09:28,IC SRO,LYON (intramuros),JOURLYNNTE,FRLPD,09:20,FRLPE
7250,2023-06-12,LYON (intramuros),NON,4502,13:22,IC SRO,VIERZON VILLE,JOURLYNNTE,FRXVZ,09:20,FRLPE
7251,2023-06-12,NEVERS,NON,4502,16:04,IC SRO,NANTES,JOURLYNNTE,FRNTE,12:25,FRNVS
7252,2023-06-12,NEVERS,NON,4502,14:25,IC SRO,ST PIERRE DES CORPS,JOURLYNNTE,FRXSH,12:25,FRNVS
7253,2023-06-12,SURGERES,OUI,8393,22:25,ATLANTIQUE,LA ROCHELLE VILLE,PAROCHELLE,FRLRH,22:04,FREIP
7254,2023-06-12,POITIERS,OUI,8393,21:41,ATLANTIQUE,NIORT,PAROCHELLE,FRNIT,20:58,FRPIS
7255,2023-06-12,STRASBOURG,OUI,5500,21:13,EST,METZ VILLE,JCRHONRHIN,FRADE,20:24,FRAEG
7256,2023-06-12,NIMES,NON,5500,17:40,EST,DIJON VILLE,JCRHONRHIN,FRABA,14:21,FRFNI
7257,2023-06-12,NIMES,NON,5500,21:13,EST,METZ VILLE,JCRHONRHIN,FRADE,14:21,FRFNI
7258,2023-06-12,NIMES,NON,5500,20:18,EST,STRASBOURG,JCRHONRHIN,FRAEG,14:21,FRFNI
7259,2023-06-12,NIMES,NON,5500,16:39,EST,MACON VILLE,JCRHONRHIN,FRHGU,14:21,FRFNI
7260,2023-06-12,NIMES,NON,5500,18:17,EST,BESANCON - F COMTE TGV,JCRHONRHIN,FRTJB,14:21,FRFNI
7261,2023-06-12,NIMES,NON,5500,15:09,EST,VALENCE TGV RHONE-ALPES SUD,JCRHONRHIN,FRVLA,14:21,FRFNI
7262,2023-06-12,LYON (intramuros),NON,5500,20:18,EST,STRASBOURG,JCRHONRHIN,FRAEG,16:04,FRLPD
7263,2023-06-12,MONTPELLIER SAINT-ROCH,NON,5500,20:18,EST,STRASBOURG,JCRHONRHIN,FRAEG,13:53,FRMPL
7264,2023-06-12,MONTPELLIER SAINT-ROCH,NON,5500,16:39,EST,MACON VILLE,JCRHONRHIN,FRHGU,13:53,FRMPL
7265,2023-06-12,VALENCE TGV RHONE-ALPES SUD,NON,5500,21:13,EST,METZ VILLE,JCRHONRHIN,FRADE,15:12,FRVLA
7266,2023-06-12,VALENCE TGV RHONE-ALPES SUD,NON,5500,19:09,EST,MULHOUSE VILLE,JCRHONRHIN,FRAEK,15:12,FRVLA
7267,2023-06-12,VALENCE TGV RHONE-ALPES SUD,NON,5500,18:44,EST,BELFORT-MONTBELIARD TGV,JCRHONRHIN,FRTJA,15:12,FRVLA
7268,2023-06-12,NIMES,OUI,6200,07:03,SUD EST,VALENCE TGV RHONE-ALPES SUD,LANGPA,FRVLA,06:17,FRFNI
7269,2023-06-12,BORDEAUX ST JEAN,NON,8478,08:52,ATLANTIQUE,PARIS (intramuros),SUDOUESTPA,FRPMO,06:46,FRBOJ
7270,2023-06-12,PARIS (intramuros),OUI,12271,20:51,ATLANTIQUE,BORDEAUX ST JEAN,PASUDOUEST,FRBOJ,18:44,FRPMO
7271,2023-06-12,LORIENT,NON,8704,10:05,ATLANTIQUE,PARIS (intramuros),BRETAPARIS,FRPMO,07:01,FRLRT
7272,2023-06-12,LORIENT,OUI,8704,07:24,ATLANTIQUE,VANNES,BRETAPARIS,FRVNE,07:01,FRLRT
7273,2023-06-12,STRASBOURG,OUI,2377,21:06,EST,SELESTAT,PASTRAMULH,FRXSQ,20:47,FRAEG
7274,2023-06-12,PARIS (intramuros),NON,2377,21:19,EST,COLMAR,PASTRAMULH,FRAEJ,18:55,FRPST
7275,2023-06-12,NANTES,NON,8860,07:33,ATLANTIQUE,PARIS (intramuros),LOIREPARIS,FRPMO,05:09,FRNTE
7276,2023-06-12,SABLE SUR SARTHE,OUI,8860,06:31,ATLANTIQUE,LE MANS,LOIREPARIS,FRAET,06:10,FRSAB
7277,2023-06-12,BORDEAUX ST JEAN,OUI,8488,16:39,ATLANTIQUE,LIBOURNE,SUDOUESTPA,FRXLR,16:19,FRBOJ
7278,2023-06-12,POITIERS,NON,8488,18:25,ATLANTIQUE,CHATELLERAULT,SUDOUESTPA,FRXCX,18:09,FRPIS
7279,2023-06-12,CHATELLERAULT,NON,8488,19:48,ATLANTIQUE,PARIS (intramuros),SUDOUESTPA,FRPMO,18:28,FRXCX
7280,2023-06-12,PARIS (intramuros),OUI,7011,09:18,NORD,LILLE (intramuros),PALILLE,FRADJ,08:16,FRPNO
7281,2023-06-12,POITIERS,NON,8447,18:05,ATLANTIQUE,ANGOULEME,PASUDOUEST,FRANG,17:27,FRPIS
7282,2023-06-12,POITIERS,NON,8447,18:44,ATLANTIQUE,BORDEAUX ST JEAN,PASUDOUEST,FRBOJ,17:27,FRPIS
7283,2023-06-12,AUGSBURG HBF,NON,9577,21:36,INTERNATIONAL,MUENCHEN HBF,PASTUTMUN,DEBEG,21:07,DEAGB
7284,2023-06-12,STRASBOURG,NON,9577,21:04,INTERNATIONAL,AUGSBURG HBF,PASTUTMUN,DEAGB,17:46,FRAEG
7285,2023-06-12,PARIS (intramuros),NON,8313,17:35,ATLANTIQUE,ST PIERRE DES CORPS,PAROCHELLE,FRXSH,16:28,FRPMO
7286,2023-06-12,ST PIERRE DES CORPS,OUI,8313,17:43,ATLANTIQUE,TOURS,PAROCHELLE,FRAFW,17:38,FRXSH
7287,2023-06-12,PARIS (intramuros),NON,3741,06:16,IC NUIT,ST GAUDENS,PARPALOMBE,FRFPH,21:13,FRPAZ
7288,2023-06-12,BRUXELLES MIDI BRUSSEL ZUID,NON,9832,16:43,NORD,AEROPORT CDG2 TGV ROISSY,JCNORDBRET,FRMLW,15:03,BEBMI
7289,2023-06-12,MASSY TGV,NON,9832,19:50,NORD,NANTES,JCNORDBRET,FRNTE,17:39,FRDJU
7290,2023-06-12,LILLE (intramuros),NON,9832,17:33,NORD,MASSY TGV,JCNORDBRET,FRDJU,15:52,FRLLE
7291,2023-06-12,MARNE LA VALLEE CHESSY,NON,9832,19:50,NORD,NANTES,JCNORDBRET,FRNTE,17:02,FRMLV
7292,2023-06-12,AEROPORT CDG2 TGV ROISSY,NON,9832,19:09,NORD,ANGERS ST LAUD,JCNORDBRET,FRACL,16:49,FRMLW
7293,2023-06-12,LAMBALLE,OUI,8615,13:53,ATLANTIQUE,PLOUARET TREGOR,PARISBRETA,FRPLT,13:10,FRLAM
7294,2023-06-12,MORLAIX,OUI,8615,14:47,ATLANTIQUE,BREST,PARISBRETA,FRBES,14:14,FRMXN
7295,2023-06-12,PLOUARET TREGOR,OUI,8615,14:47,ATLANTIQUE,BREST,PARISBRETA,FRBES,13:56,FRPLT
7296,2023-06-12,PARIS (intramuros),NON,8615,14:12,ATLANTIQUE,MORLAIX,PARISBRETA,FRMXN,10:53,FRPMO
7297,2023-06-12,RENNES,NON,8615,14:47,ATLANTIQUE,BREST,PARISBRETA,FRBES,12:32,FRRNS
7298,2023-06-12,RENNES,NON,8615,14:12,ATLANTIQUE,MORLAIX,PARISBRETA,FRMXN,12:32,FRRNS
7299,2023-06-12,ST BRIEUC,OUI,8615,13:37,ATLANTIQUE,GUINGAMP,PARISBRETA,FRGGP,13:23,FRSBK
7300,2023-06-12,ST ETIENNE CHATEAUCREUX,OUI,6694,12:54,SUD EST,LYON (intramuros),RHONEPARIS,FRLPD,12:12,FRHHD
7301,2023-06-12,AIX EN PROVENCE TGV,OUI,6122,15:35,SUD EST,AVIGNON TGV,PROVENCEPA,FRAVG,15:16,FRAIE
7302,2023-06-12,AVIGNON TGV,NON,6122,18:22,SUD EST,PARIS (intramuros),PROVENCEPA,FRPLY,15:38,FRAVG
7303,2023-06-12,MARSEILLE ST CHARLES,OUI,6122,15:35,SUD EST,AVIGNON TGV,PROVENCEPA,FRAVG,15:02,FRMSC
7304,2023-06-12,PARIS (intramuros),OUI,6925,20:05,SUD EST,LYON-SAINT EXUPERY TGV,PAGRENOBLE,FRJDQ,18:12,FRPLY
7305,2023-06-12,NIORT,OUI,8365,19:59,ATLANTIQUE,LA ROCHELLE VILLE,PAROCHELLE,FRLRH,19:21,FRNIT
7306,2023-06-12,PARIS (intramuros),OUI,8365,19:59,ATLANTIQUE,LA ROCHELLE VILLE,PAROCHELLE,FRLRH,17:24,FRPMO
7307,2023-06-12,MASSY TGV,OUI,8603,08:34,ATLANTIQUE,LE MANS,PARISBRETA,FRAET,07:44,FRDJU
7308,2023-06-12,MASSY TGV,OUI,8603,11:42,ATLANTIQUE,BREST,PARISBRETA,FRBES,07:44,FRDJU
7309,2023-06-12,MASSY TGV,OUI,8603,09:25,ATLANTIQUE,RENNES,PARISBRETA,FRRNS,07:44,FRDJU
7310,2023-06-12,LAMBALLE,OUI,8603,10:21,ATLANTIQUE,ST BRIEUC,PARISBRETA,FRSBK,10:11,FRLAM
7311,2023-06-12,PARIS (intramuros),OUI,8603,10:21,ATLANTIQUE,ST BRIEUC,PARISBRETA,FRSBK,07:32,FRPMO
7312,2023-06-12,RENNES,OUI,8603,10:21,ATLANTIQUE,ST BRIEUC,PARISBRETA,FRSBK,09:32,FRRNS
7313,2023-06-12,NEVERS,NON,5963,17:23,IC ARO,RIOM CHATEL GUYON,PACLERMONT,FRRIO,15:59,FRNVS
7314,2023-06-12,NEVERS,NON,5963,17:01,IC ARO,VICHY,PACLERMONT,FRVHY,15:59,FRNVS
7315,2023-06-12,NEVERS,NON,5963,16:28,IC ARO,MOULINS SUR ALLIER,PACLERMONT,FRXMU,15:59,FRNVS
7316,2023-06-12,PARIS (intramuros),NON,5963,15:57,IC ARO,NEVERS,PACLERMONT,FRNVS,14:00,FRPBE
7317,2023-06-12,MOULINS SUR ALLIER,NON,5963,17:23,IC ARO,RIOM CHATEL GUYON,PACLERMONT,FRRIO,16:30,FRXMU
7318,2023-06-12,PARIS (intramuros),NON,3755,06:19,IC NUIT,CRANSAC,PAVERMEIL,FRFSR,19:36,FRPAZ
7319,2023-06-12,MODANE,NON,9241,12:23,INTERNATIONAL,TORINO PORTA SUSA,PAITALIE,ITTRS,10:55,FRAGR
7320,2023-06-12,PARIS (intramuros),NON,9241,11:23,INTERNATIONAL,OULX CESANA CLAV SESTRIERE,PAITALIE,ITOCS,06:44,FRPLY
7321,2023-06-12,LORIENT,NON,8706,11:19,ATLANTIQUE,PARIS (intramuros),BRETAPARIS,FRPMO,07:56,FRLRT
7322,2023-06-12,LORIENT,OUI,8706,09:25,ATLANTIQUE,RENNES,BRETAPARIS,FRRNS,07:56,FRLRT
7323,2023-06-12,QUIMPER,OUI,8706,09:25,ATLANTIQUE,RENNES,BRETAPARIS,FRRNS,07:21,FRUIP
7324,2023-06-12,AURAY,NON,8706,10:01,ATLANTIQUE,LAVAL,BRETAPARIS,FRACR,08:14,FRXUY
7325,2023-06-12,BASEL SBB,NON,9203,11:26,INTERNATIONAL,ZUERICH HB,PABALZUR,CHAJD,10:33,CHAJP
7326,2023-06-12,MULHOUSE VILLE,NON,9203,10:26,INTERNATIONAL,BASEL SBB,PABALZUR,CHAJP,10:06,FRAEK
7327,2023-06-12,PARIS (intramuros),NON,9203,09:38,INTERNATIONAL,BELFORT-MONTBELIARD TGV,PABALZUR,FRTJA,07:20,FRPLY
7328,2023-06-12,BELFORT-MONTBELIARD TGV,NON,9203,10:26,INTERNATIONAL,BASEL SBB,PABALZUR,CHAJP,09:41,FRTJA
7329,2023-06-12,PARIS (intramuros),NON,2815,12:04,EST,METZ VILLE,PAMETZLUX,FRADE,10:40,FRPST
7330,2023-06-12,PARIS (intramuros),NON,2815,12:52,EST,LUXEMBOURG,PAMETZLUX,LULUX,10:40,FRPST
7331,2023-06-12,LYON (intramuros),NON,5066,15:46,NORD,MARNE LA VALLEE CHESSY,JCSUDNORD,FRMLV,14:00,FRLPD
7332,2023-06-12,LYON (intramuros),NON,5066,16:00,NORD,AEROPORT CDG2 TGV ROISSY,JCSUDNORD,FRMLW,14:00,FRLPD
7333,2023-06-12,MARNE LA VALLEE CHESSY,OUI,5066,16:57,NORD,LILLE (intramuros),JCSUDNORD,FRLLE,15:50,FRMLV
7334,2023-06-12,MARNE LA VALLEE CHESSY,OUI,5066,16:00,NORD,AEROPORT CDG2 TGV ROISSY,JCSUDNORD,FRMLW,15:50,FRMLV
7335,2023-06-12,PARIS (intramuros),NON,8875,14:52,ATLANTIQUE,SABLE SUR SARTHE,PARISLOIRE,FRSAB,13:32,FRPMO
7336,2023-06-12,LILLE (intramuros),OUI,7072,19:44,NORD,PARIS (intramuros),LILLEPA,FRPNO,18:42,FRADJ
7337,2023-06-12,AIX EN PROVENCE TGV,NON,9882,17:42,NORD,AVIGNON TGV,JCSUDNORD,FRAVG,17:22,FRAIE
7338,2023-06-12,AVIGNON TGV,NON,9882,22:43,NORD,BRUXELLES MIDI BRUSSEL ZUID,JCSUDNORD,BEBMI,17:45,FRAVG
7339,2023-06-12,LYON (intramuros),NON,9882,21:57,NORD,LILLE (intramuros),JCSUDNORD,FRLLE,19:00,FRLPD
7340,2023-06-12,MARSEILLE ST CHARLES,NON,9882,17:42,NORD,AVIGNON TGV,JCSUDNORD,FRAVG,17:08,FRMSC
7341,2023-06-12,MARSEILLE ST CHARLES,NON,9882,18:54,NORD,LYON (intramuros),JCSUDNORD,FRLPD,17:08,FRMSC
7342,2023-06-12,BORDEAUX ST JEAN,OUI,8480,05:39,ATLANTIQUE,LIBOURNE,SUDOUESTPA,FRXLR,05:18,FRBOJ
7343,2023-06-12,LIBOURNE,NON,8480,08:37,ATLANTIQUE,PARIS (intramuros),SUDOUESTPA,FRPMO,05:42,FRXLR
7344,2023-06-12,PARIS (intramuros),NON,7569,15:01,NORD,ETAPLES LE TOUQUET,PAARRAS,FRETA,12:25,FRPNO
7345,2023-06-12,CLERMONT FERRAND,NON,15941,13:28,IC SRO,ISSOIRE,NORESTJOU,FRHLB,13:03,FRCFE
7346,2023-06-12,CLERMONT FERRAND,NON,15941,14:08,IC SRO,MASSIAC BLESLE,NORESTJOU,FRHMY,13:03,FRCFE
7347,2023-06-12,ISSOIRE,NON,15941,14:30,IC SRO,NEUSSARGUES,NORESTJOU,FRNEU,13:29,FRHLB
7348,2023-06-12,DIJON VILLE,OUI,6715,23:20,SUD EST,MULHOUSE VILLE,PABOUR,FRAEK,22:02,FRABA
7349,2023-06-12,DIJON VILLE,OUI,6715,22:52,SUD EST,BELFORT-MONTBELIARD TGV,PABOUR,FRTJA,22:02,FRABA
7350,2023-06-12,DIJON VILLE,OUI,6715,22:28,SUD EST,BESANCON - F COMTE TGV,PABOUR,FRTJB,22:02,FRABA
7351,2023-06-12,PARIS (intramuros),OUI,6715,22:52,SUD EST,BELFORT-MONTBELIARD TGV,PABOUR,FRTJA,20:20,FRPLY
7352,2023-06-12,BELFORT-MONTBELIARD TGV,OUI,6715,23:20,SUD EST,MULHOUSE VILLE,PABOUR,FRAEK,22:55,FRTJA
7353,2023-06-12,PARIS (intramuros),OUI,5951,08:57,IC ARO,NEVERS,PACLERMONT,FRNVS,06:58,FRPLY
7354,2023-06-12,RIOM CHATEL GUYON,OUI,5951,10:34,IC ARO,CLERMONT FERRAND,PACLERMONT,FRCFE,10:24,FRRIO
7355,2023-06-12,VICHY,OUI,5951,10:22,IC ARO,RIOM CHATEL GUYON,PACLERMONT,FRRIO,10:02,FRVHY
7356,2023-06-12,SURGERES,OUI,8370,06:18,ATLANTIQUE,NIORT,ROCHELLEPA,FRNIT,06:00,FREIP
7357,2023-06-12,LA ROCHELLE VILLE,NON,8370,07:08,ATLANTIQUE,POITIERS,ROCHELLEPA,FRPIS,05:39,FRLRH
7358,2023-06-12,POITIERS,NON,8370,08:37,ATLANTIQUE,PARIS (intramuros),ROCHELLEPA,FRPMO,07:14,FRPIS
7359,2023-06-12,BOURG EN BRESSE,NON,9761,09:29,INTERNATIONAL,GENEVE,PAGENEVE,CHGVA,08:12,FRXBK
7360,2023-06-12,AGEN,NON,4661,16:12,IC ARO,BEZIERS,TJOURSOSE,FRBZR,13:32,FRAGF
7361,2023-06-12,AGEN,NON,4661,15:26,IC ARO,CARCASSONNE,TJOURSOSE,FRCCF,13:32,FRAGF
7362,2023-06-12,AGEN,NON,4661,17:47,IC ARO,ARLES,TJOURSOSE,FRHZA,13:32,FRAGF
7363,2023-06-12,AGEN,NON,4661,15:56,IC ARO,NARBONNE,TJOURSOSE,FRXNA,13:32,FRAGF
7364,2023-06-12,BORDEAUX ST JEAN,NON,4661,13:30,IC ARO,AGEN,TJOURSOSE,FRAGF,12:28,FRBOJ
7365,2023-06-12,BORDEAUX ST JEAN,NON,4661,16:12,IC ARO,BEZIERS,TJOURSOSE,FRBZR,12:28,FRBOJ
7366,2023-06-12,BORDEAUX ST JEAN,NON,4661,15:26,IC ARO,CARCASSONNE,TJOURSOSE,FRCCF,12:28,FRBOJ
7367,2023-06-12,BORDEAUX ST JEAN,NON,4661,17:17,IC ARO,NIMES,TJOURSOSE,FRFNI,12:28,FRBOJ
7368,2023-06-12,BEZIERS,NON,4661,17:47,IC ARO,ARLES,TJOURSOSE,FRHZA,16:15,FRBZR
7369,2023-06-12,BEZIERS,NON,4661,18:35,IC ARO,MARSEILLE ST CHARLES,TJOURSOSE,FRMSC,16:15,FRBZR
7370,2023-06-12,CARCASSONNE,NON,4661,16:12,IC ARO,BEZIERS,TJOURSOSE,FRBZR,15:28,FRCCF
7371,2023-06-12,CARCASSONNE,NON,4661,18:35,IC ARO,MARSEILLE ST CHARLES,TJOURSOSE,FRMSC,15:28,FRCCF
7372,2023-06-12,MONTPELLIER SAINT-ROCH,OUI,4661,17:17,IC ARO,NIMES,TJOURSOSE,FRFNI,16:53,FRMPL
7373,2023-06-12,MONTAUBAN VILLE BOURBON,NON,4661,17:47,IC ARO,ARLES,TJOURSOSE,FRHZA,14:09,FRXMW
7374,2023-06-12,MONTAUBAN VILLE BOURBON,NON,4661,18:35,IC ARO,MARSEILLE ST CHARLES,TJOURSOSE,FRMSC,14:09,FRXMW
7375,2023-06-12,TOULOUSE MATABIAU,NON,4661,15:26,IC ARO,CARCASSONNE,TJOURSOSE,FRCCF,14:45,FRXYT
7376,2023-06-12,TOULOUSE MATABIAU,NON,4661,17:17,IC ARO,NIMES,TJOURSOSE,FRFNI,14:45,FRXYT
7377,2023-06-12,HAZEBROUCK,NON,7304,08:08,NORD,PARIS (intramuros),ARRASPA,FRPNO,06:20,FRHZK
7378,2023-06-12,BETHUNE,NON,7304,08:08,NORD,PARIS (intramuros),ARRASPA,FRPNO,06:43,FRXBH
7379,2023-06-12,CREST,NON,5790,07:57,IC NUIT,PARIS (intramuros),BRIANCONPA,FRPAZ,23:48,FRCRE
7380,2023-06-12,DIE,NON,5790,07:57,IC NUIT,PARIS (intramuros),BRIANCONPA,FRPAZ,23:12,FRDIE
7381,2023-06-12,GAP,NON,5790,07:57,IC NUIT,PARIS (intramuros),BRIANCONPA,FRPAZ,21:34,FRGAT
7382,2023-06-12,ST PIERRE DES CORPS,NON,8320,19:22,ATLANTIQUE,VENDOME VILLIERS SUR LOIR,ROCHELLEPA,FRESL,19:04,FRXSH
7383,2023-06-12,LYON (intramuros),OUI,6614,10:58,SUD EST,LYON (intramuros),RHONEPARIS,FRLPD,10:50,FRLPE
7384,2023-06-12,BEZIERS,NON,6871,11:07,SUD EST,VALENCE TGV RHONE-ALPES SUD,JCSUDPROV,FRVLA,09:15,FRBZR
7385,2023-06-12,CARCASSONNE,NON,6871,11:07,SUD EST,VALENCE TGV RHONE-ALPES SUD,JCSUDPROV,FRVLA,08:27,FRCCF
7386,2023-06-12,VALENCE TGV RHONE-ALPES SUD,NON,6871,11:50,SUD EST,LYON (intramuros),JCSUDPROV,FRLPD,11:12,FRVLA
7387,2023-06-12,TOULOUSE MATABIAU,OUI,6871,09:12,SUD EST,BEZIERS,JCSUDPROV,FRBZR,07:43,FRXYT
7388,2023-06-12,SETE,NON,6871,09:55,SUD EST,MONTPELLIER SUD DE FRANCE,JCSUDPROV,FRSUF,09:39,FRXSY
7389,2023-06-12,NIMES PONT DU GARD,NON,6871,11:07,SUD EST,VALENCE TGV RHONE-ALPES SUD,JCSUDPROV,FRVLA,10:27,FRXZP
7390,2023-06-12,TOULOUSE MATABIAU,NON,6871,10:24,SUD EST,NIMES PONT DU GARD,JCSUDPROV,FRXZP,07:43,FRXYT
7391,2023-06-12,BEZIERS,NON,9708,15:01,SUD EST,VALENCE TGV RHONE-ALPES SUD,BARCELONEPA,FRVLA,12:58,FRBZR
7392,2023-06-12,BEZIERS,NON,9708,13:09,SUD EST,AGDE,BARCELONEPA,FRXAG,12:58,FRBZR
7393,2023-06-12,PERPIGNAN,NON,9708,12:39,SUD EST,NARBONNE,BARCELONEPA,FRXNA,12:04,FRPGF
7394,2023-06-12,AGDE,NON,9708,13:41,SUD EST,MONTPELLIER SAINT-ROCH,BARCELONEPA,FRMPL,13:12,FRXAG
7395,2023-06-12,SETE,NON,9708,14:11,SUD EST,NIMES,BARCELONEPA,FRFNI,13:27,FRXSY
7396,2023-06-12,FIGUERES VILA TGV,NON,9708,11:55,SUD EST,PERPIGNAN,BARCELONEPA,FRPGF,11:31,ESFIR
7397,2023-06-12,GIRONA,NON,9708,13:41,SUD EST,MONTPELLIER SAINT-ROCH,BARCELONEPA,FRMPL,11:14,ESGRO
7398,2023-06-12,GIRONA,NON,9708,12:39,SUD EST,NARBONNE,BARCELONEPA,FRXNA,11:14,ESGRO
7399,2023-06-12,GIRONA,NON,9708,11:55,SUD EST,PERPIGNAN,BARCELONEPA,FRPGF,11:14,ESGRO
7400,2023-06-12,GIRONA,NON,9708,12:55,SUD EST,BEZIERS,BARCELONEPA,FRBZR,11:14,ESGRO
7401,2023-06-12,BARCELONA SANTS,NON,9708,13:09,SUD EST,AGDE,BARCELONEPA,FRXAG,10:33,ESBST
7402,2023-06-12,FIGUERES VILA TGV,NON,9708,13:41,SUD EST,MONTPELLIER SAINT-ROCH,BARCELONEPA,FRMPL,11:31,ESFIR
7403,2023-06-12,PARIS (intramuros),NON,6155,12:15,SUD EST,MARSEILLE ST CHARLES,PAAZUR,FRMSC,09:08,FRPLY
7404,2023-06-12,ARLES,OUI,6193,16:37,SUD EST,MIRAMAS,PAVDR,FRMAZ,16:18,FRHZA
7405,2023-06-12,LYON-SAINT EXUPERY TGV,NON,6193,15:38,SUD EST,ORANGE,PAVDR,FRXOG,14:11,FRJDQ
7406,2023-06-12,PARIS (intramuros),NON,6193,16:16,SUD EST,ARLES,PAVDR,FRHZA,12:12,FRPLY
7407,2023-06-12,PARIS (intramuros),NON,6193,14:46,SUD EST,VALENCE VILLE,PAVDR,FRVAF,12:12,FRPLY
7408,2023-06-12,PARIS (intramuros),NON,6193,15:38,SUD EST,ORANGE,PAVDR,FRXOG,12:12,FRPLY
7409,2023-06-12,MONTELIMAR GARE SNCF,OUI,6193,15:38,SUD EST,ORANGE,PAVDR,FRXOG,15:12,FRXMK
7410,2023-06-12,LYON (intramuros),OUI,5338,21:47,SUD EST,LYON (intramuros),JCATLSUD,FRLPE,21:39,FRLPD
7411,2023-06-12,RENNES,NON,5338,21:47,SUD EST,LYON (intramuros),JCATLSUD,FRLPE,17:30,FRRNS
7412,2023-06-12,LAHR SCHWARZW,OUI,9591,20:26,EST,FREIBURG BREISGAU HBF,PASTRAMULH,DEFGB,19:55,DEANL
7413,2023-06-12,OFFENBOURG/OFFENBURG,OUI,9591,20:26,EST,FREIBURG BREISGAU HBF,PASTRAMULH,DEFGB,19:44,DEZPA
7414,2023-06-12,RINGSHEIM/EU-PARK,OUI,9591,20:26,EST,FREIBURG BREISGAU HBF,PASTRAMULH,DEFGB,20:03,DERSH
7415,2023-06-12,OFFENBOURG/OFFENBURG,OUI,9591,20:02,EST,RINGSHEIM/EU-PARK,PASTRAMULH,DERSH,19:44,DEZPA
7416,2023-06-12,LYON (intramuros),NON,6618,15:00,SUD EST,PARIS (intramuros),RHONEPARIS,FRPLY,12:49,FRLPE
7417,2023-06-12,STRASBOURG,OUI,5488,17:39,EST,LORRAINE TGV,JCESTATL,FREAM,17:01,FRAEG
7418,2023-06-12,MASSY TGV,NON,5488,21:00,EST,LE MANS,JCESTATL,FRAET,20:10,FRDJU
7419,2023-06-12,CHAMPAGNE-ARDENNE,NON,5488,19:31,EST,MARNE LA VALLEE CHESSY,JCESTATL,FRMLV,18:35,FREAH
7420,2023-06-12,LORRAINE TGV,NON,5488,21:00,EST,LE MANS,JCESTATL,FRAET,17:42,FREAM
7421,2023-06-12,LORRAINE TGV,OUI,5488,18:01,EST,MEUSE TGV,JCESTATL,FREAJ,17:42,FREAM
7422,2023-06-12,LORRAINE TGV,OUI,5488,19:06,EST,AEROPORT CDG2 TGV ROISSY,JCESTATL,FRMLW,17:42,FREAM
7423,2023-06-12,MARNE LA VALLEE CHESSY,NON,5488,22:19,EST,NANTES,JCESTATL,FRNTE,19:35,FRMLV
7424,2023-06-12,AEROPORT CDG2 TGV ROISSY,NON,5488,21:00,EST,LE MANS,JCESTATL,FRAET,19:21,FRMLW
7425,2023-06-12,AEROPORT CDG2 TGV ROISSY,NON,5488,22:19,EST,NANTES,JCESTATL,FRNTE,19:21,FRMLW
7426,2023-06-12,CAPDENAC,NON,3756,08:22,IC NUIT,PARIS (intramuros),OCCITANPAR,FRPAZ,23:47,FRCDC
7427,2023-06-12,FIGEAC,NON,3756,08:22,IC NUIT,PARIS (intramuros),OCCITANPAR,FRPAZ,23:56,FRFIG
7428,2023-06-12,ST CHRISTOPHE,NON,3756,08:22,IC NUIT,PARIS (intramuros),OCCITANPAR,FRPAZ,23:06,FRFST
7429,2023-06-12,BORDEAUX ST JEAN,NON,8574,17:33,ATLANTIQUE,DAX,PASUDOUEST,FRACG,16:20,FRBOJ
7430,2023-06-12,MASSY TGV,NON,8574,16:14,ATLANTIQUE,BORDEAUX ST JEAN,PASUDOUEST,FRBOJ,14:15,FRDJU
7431,2023-06-12,ORTHEZ,OUI,8574,18:30,ATLANTIQUE,PAU,PASUDOUEST,FRAEE,18:09,FRGFI
7432,2023-06-12,PARIS (intramuros),NON,8574,18:30,ATLANTIQUE,PAU,PASUDOUEST,FRAEE,14:02,FRPMO
7433,2023-06-12,PARIS (intramuros),NON,8574,16:14,ATLANTIQUE,BORDEAUX ST JEAN,PASUDOUEST,FRBOJ,14:02,FRPMO
7434,2023-06-12,BREST,OUI,8634,16:38,ATLANTIQUE,ST BRIEUC,BRETAPARIS,FRSBK,15:32,FRBES
7435,2023-06-12,RENNES,NON,8634,19:06,ATLANTIQUE,PARIS (intramuros),BRETAPARIS,FRPMO,17:35,FRRNS
7436,2023-06-12,HAZEBROUCK,OUI,7330,18:08,NORD,PARIS (intramuros),ARRASPA,FRPNO,16:20,FRHZK
7437,2023-06-12,ARRAS,OUI,7330,18:08,NORD,PARIS (intramuros),ARRASPA,FRPNO,17:18,FRQRV
7438,2023-06-12,BELLEGARDE,NON,9760,09:42,INTERNATIONAL,PARIS (intramuros),GENEVEPA,FRPLY,07:02,FRXBF
7439,2023-06-12,LUCON,NON,3835,18:32,IC SRO,SAINTES,NANTEBORDO,FRXST,17:00,FRLCN
7440,2023-06-12,LA ROCHELLE VILLE,NON,3835,20:11,IC SRO,BORDEAUX ST JEAN,NANTEBORDO,FRBOJ,17:43,FRLRH
7441,2023-06-12,LA ROCHELLE VILLE,NON,3835,19:10,IC SRO,JONZAC,NANTEBORDO,FREMR,17:43,FRLRH
7442,2023-06-12,NANTES,NON,3835,16:35,IC SRO,LA ROCHE SUR YON,NANTEBORDO,FRXRO,15:55,FRNTE
7443,2023-06-12,LA ROCHE SUR YON,NON,3835,17:39,IC SRO,LA ROCHELLE VILLE,NANTEBORDO,FRLRH,16:36,FRXRO
7444,2023-06-12,ANGERS ST LAUD,NON,8970,09:12,ATLANTIQUE,PARIS (intramuros),LOIREPARIS,FRPMO,07:44,FRACL
7445,2023-06-12,LES SABLES D'OLONNE,OUI,8970,06:54,ATLANTIQUE,NANTES,LOIREPARIS,FRNTE,05:44,FRLSO
7446,2023-06-12,LE MANS,NON,9886,08:20,NORD,MASSY TGV,JCBRETNORD,FRDJU,07:30,FRAET
7447,2023-06-12,LE MANS,NON,9886,08:57,NORD,MARNE LA VALLEE CHESSY,JCBRETNORD,FRMLV,07:30,FRAET
7448,2023-06-12,NANTES,NON,9886,08:20,NORD,MASSY TGV,JCBRETNORD,FRDJU,06:01,FRNTE
7449,2023-06-12,NANTES,NON,9886,09:45,NORD,TGV HAUTE PICARDIE,JCBRETNORD,FRTHP,06:01,FRNTE
7450,2023-06-12,NANTES,NON,9886,11:01,NORD,BRUXELLES MIDI BRUSSEL ZUID,JCBRETNORD,BEBMI,06:01,FRNTE
7451,2023-06-12,PARIS (intramuros),OUI,6633,22:38,SUD EST,MACON LOCHE TGV,PARISRHONE,FRMLT,20:58,FRPLY
7452,2023-06-12,MASSY TGV,OUI,8863,08:54,ATLANTIQUE,NANTES,PARISLOIRE,FRNTE,06:41,FRDJU
7453,2023-06-12,LILLE (intramuros),NON,7402,07:44,NORD,PARIS (intramuros),LILLEPA,FRPNO,06:42,FRADJ
7454,2023-06-12,PARIS (intramuros),OUI,6619,17:10,SUD EST,LYON (intramuros),PARISRHONE,FRLPE,14:58,FRPLY
7455,2023-06-12,LYON (intramuros),OUI,6630,18:58,SUD EST,LYON (intramuros),RHONEPARIS,FRLPD,18:50,FRLPE
7456,2023-06-12,LAVAL,NON,8723,18:09,ATLANTIQUE,QUIMPERLE,PARISBRETA,FRECO,16:00,FRACR
7457,2023-06-12,LAVAL,NON,8723,17:28,ATLANTIQUE,VANNES,PARISBRETA,FRVNE,16:00,FRACR
7458,2023-06-12,QUIMPERLE,OUI,8723,18:40,ATLANTIQUE,QUIMPER,PARISBRETA,FRUIP,18:11,FRECO
7459,2023-06-12,PARIS (intramuros),NON,8723,18:09,ATLANTIQUE,QUIMPERLE,PARISBRETA,FRECO,14:41,FRPMO
7460,2023-06-12,PARIS (intramuros),NON,8723,16:25,ATLANTIQUE,RENNES,PARISBRETA,FRRNS,14:41,FRPMO
7461,2023-06-12,PARIS (intramuros),NON,8723,18:40,ATLANTIQUE,QUIMPER,PARISBRETA,FRUIP,14:41,FRPMO
7462,2023-06-12,RENNES,NON,8723,18:25,ATLANTIQUE,ROSPORDEN,PARISBRETA,FRRSP,16:29,FRRNS
7463,2023-06-12,RENNES,NON,8723,18:40,ATLANTIQUE,QUIMPER,PARISBRETA,FRUIP,16:29,FRRNS
7464,2023-06-12,VANNES,OUI,8723,18:40,ATLANTIQUE,QUIMPER,PARISBRETA,FRUIP,17:31,FRVNE
7465,2023-06-12,REDON,NON,8723,17:28,ATLANTIQUE,VANNES,PARISBRETA,FRVNE,17:05,FRXRN
7466,2023-06-12,AGEN,OUI,4766,23:37,IC ARO,BORDEAUX ST JEAN,TJOURSESO,FRBOJ,22:33,FRAGF
7467,2023-06-12,NIMES,NON,4766,19:05,IC ARO,MONTPELLIER SAINT-ROCH,TJOURSESO,FRMPL,18:41,FRFNI
7468,2023-06-12,MONTPELLIER SAINT-ROCH,NON,4766,23:37,IC ARO,BORDEAUX ST JEAN,TJOURSESO,FRBOJ,19:09,FRMPL
7469,2023-06-12,MONTPELLIER SAINT-ROCH,NON,4766,20:34,IC ARO,CARCASSONNE,TJOURSESO,FRCCF,19:09,FRMPL
7470,2023-06-12,MARSEILLE ST CHARLES,NON,4766,20:02,IC ARO,NARBONNE,TJOURSESO,FRXNA,17:28,FRMSC
7471,2023-06-12,NARBONNE,NON,4766,21:54,IC ARO,MONTAUBAN VILLE BOURBON,TJOURSESO,FRXMW,20:05,FRXNA
7472,2023-06-12,TOULOUSE MATABIAU,OUI,4766,21:54,IC ARO,MONTAUBAN VILLE BOURBON,TJOURSESO,FRXMW,21:24,FRXYT
7473,2023-06-12,AIX EN PROVENCE TGV,OUI,5124,23:53,NORD,MARSEILLE ST CHARLES,JCNORDSUD,FRMSC,23:41,FRAIE
7474,2023-06-12,LILLE (intramuros),OUI,5124,19:43,NORD,AEROPORT CDG2 TGV ROISSY,JCNORDSUD,FRMLW,18:22,FRLLE
7475,2023-06-12,LILLE (intramuros),OUI,5124,19:06,NORD,TGV HAUTE PICARDIE,JCNORDSUD,FRTHP,18:22,FRLLE
7476,2023-06-12,AEROPORT CDG2 TGV ROISSY,NON,5124,23:38,NORD,AIX EN PROVENCE TGV,JCNORDSUD,FRAIE,20:00,FRMLW
7477,2023-06-12,AEROPORT CDG2 TGV ROISSY,NON,5124,22:00,NORD,LYON (intramuros),JCNORDSUD,FRLPD,20:00,FRMLW
7478,2023-06-12,ARRAS,NON,5124,23:53,NORD,MARSEILLE ST CHARLES,JCNORDSUD,FRMSC,18:46,FRQRV
7479,2023-06-12,TGV HAUTE PICARDIE,OUI,5124,19:43,NORD,AEROPORT CDG2 TGV ROISSY,JCNORDSUD,FRMLW,19:15,FRTHP
7480,2023-06-12,TGV HAUTE PICARDIE,NON,5124,23:53,NORD,MARSEILLE ST CHARLES,JCNORDSUD,FRMSC,19:15,FRTHP
7481,2023-06-12,STRASBOURG,NON,5470,13:59,EST,LE MANS,JCESTATL,FRAET,10:01,FRAEG
7482,2023-06-12,CHAMPAGNE-ARDENNE,NON,5470,13:59,EST,LE MANS,JCESTATL,FRAET,11:28,FREAH
7483,2023-06-12,LORRAINE TGV,NON,5470,10:58,EST,MEUSE TGV,JCESTATL,FREAJ,10:40,FREAM
7484,2023-06-12,LORRAINE TGV,NON,5470,14:47,EST,RENNES,JCESTATL,FRRNS,10:40,FREAM
7485,2023-06-12,AEROPORT CDG2 TGV ROISSY,NON,5470,13:59,EST,LE MANS,JCESTATL,FRAET,12:16,FRMLW
7486,2023-06-12,MEUSE TGV,NON,5470,13:59,EST,LE MANS,JCESTATL,FRAET,11:01,FREAJ
7487,2023-06-12,MEUSE TGV,NON,5470,14:47,EST,RENNES,JCESTATL,FRRNS,11:01,FREAJ
7488,2023-06-12,DAX,OUI,8587,20:41,ATLANTIQUE,BORDEAUX ST JEAN,SUDOUESTPA,FRBOJ,19:26,FRACG
7489,2023-06-12,PAU,OUI,8587,19:17,ATLANTIQUE,DAX,SUDOUESTPA,FRACG,18:26,FRAEE
7490,2023-06-12,LOURDES,OUI,8587,18:47,ATLANTIQUE,ORTHEZ,SUDOUESTPA,FRGFI,17:59,FRLDE
7491,2023-06-12,TARBES,OUI,8587,19:17,ATLANTIQUE,DAX,SUDOUESTPA,FRACG,17:35,FRXTB
7492,2023-06-12,TARBES,OUI,8587,20:41,ATLANTIQUE,BORDEAUX ST JEAN,SUDOUESTPA,FRBOJ,17:35,FRXTB
7493,2023-06-12,DAX,NON,8560,11:52,ATLANTIQUE,PARIS (intramuros),SUDOUESTPA,FRPMO,08:25,FRACG
7494,2023-06-12,LOURDES,OUI,8560,07:22,ATLANTIQUE,PAU,SUDOUESTPA,FRAEE,06:57,FRLDE
7495,2023-06-12,TARBES,OUI,8560,06:54,ATLANTIQUE,LOURDES,SUDOUESTPA,FRLDE,06:40,FRXTB
7496,2023-06-12,TARBES,NON,8560,11:52,ATLANTIQUE,PARIS (intramuros),SUDOUESTPA,FRPMO,06:40,FRXTB
7497,2023-06-12,MACON LOCHE TGV,NON,6949,21:34,SUD EST,ANNECY,PARISALPES,FRNCY,19:20,FRMLT
7498,2023-06-12,AIX LES BAINS LE REVARD,NON,6949,21:34,SUD EST,ANNECY,PARISALPES,FRNCY,21:07,FRXAI
7499,2023-06-12,KARLSRUHE HBF,NON,9575,17:04,INTERNATIONAL,STUTTGART HBF,PASTUTMUN,DESGT,16:28,DEQKA
7500,2023-06-12,PARIS (intramuros),NON,9575,15:41,INTERNATIONAL,STRASBOURG,PASTUTMUN,FRAEG,13:55,FRPST
7501,2023-06-12,VANNES,OUI,8729,19:37,ATLANTIQUE,AURAY,PARISBRETA,FRXUY,19:27,FRVNE
7502,2023-06-12,ZUERICH HB,NON,9226,19:38,INTERNATIONAL,PARIS (intramuros),ZURBALPA,FRPLY,15:34,CHAJD
7503,2023-06-12,NIMES,NON,9864,19:57,NORD,LILLE (intramuros),JCSUDNORD,FRLLE,15:19,FRFNI
7504,2023-06-12,NIMES,OUI,9864,16:05,NORD,VALENCE TGV RHONE-ALPES SUD,JCSUDNORD,FRVLA,15:19,FRFNI
7505,2023-06-12,MARNE LA VALLEE CHESSY,NON,9864,20:43,NORD,BRUXELLES MIDI BRUSSEL ZUID,JCSUDNORD,BEBMI,18:51,FRMLV
7506,2023-06-12,MARNE LA VALLEE CHESSY,NON,9864,19:57,NORD,LILLE (intramuros),JCSUDNORD,FRLLE,18:51,FRMLV
7507,2023-06-12,AEROPORT CDG2 TGV ROISSY,NON,9864,19:57,NORD,LILLE (intramuros),JCSUDNORD,FRLLE,19:07,FRMLW
7508,2023-06-12,MONTPELLIER SAINT-ROCH,NON,9864,18:47,NORD,MARNE LA VALLEE CHESSY,JCSUDNORD,FRMLV,14:51,FRMPL
7509,2023-06-12,VALENCE TGV RHONE-ALPES SUD,NON,9864,19:57,NORD,LILLE (intramuros),JCSUDNORD,FRLLE,16:10,FRVLA
7510,2023-06-12,LYON-SAINT EXUPERY TGV,NON,6191,09:46,SUD EST,VALENCE VILLE,PAVDR,FRVAF,09:11,FRJDQ
7511,2023-06-12,VALENCE VILLE,OUI,6191,10:38,SUD EST,ORANGE,PAVDR,FRXOG,09:49,FRVAF
7512,2023-06-12,LUXEMBOURG,OUI,2864,10:52,EST,METZ VILLE,LUXMETZPA,FRADE,10:10,LULUX
7513,2023-06-12,LUXEMBOURG,NON,2864,12:20,EST,PARIS (intramuros),LUXMETZPA,FRPST,10:10,LULUX
7514,2023-06-12,LE HAVRE,NON,5316,20:31,SUD EST,LYON (intramuros),JCATLSUD,FRLPD,15:41,FRAEZ
7515,2023-06-12,LYON (intramuros),OUI,5316,22:01,SUD EST,AVIGNON TGV,JCATLSUD,FRAVG,20:41,FRLPD
7516,2023-06-12,MANTES LA JOLIE,NON,5316,21:21,SUD EST,VALENCE TGV RHONE-ALPES SUD,JCATLSUD,FRVLA,17:32,FRMTE
7517,2023-06-12,ROUEN RIVE DROITE,OUI,5316,18:25,SUD EST,MASSY PALAISEAU,JCATLSUD,FRMPU,16:39,FRURD
7518,2023-06-12,ROUEN RIVE DROITE,NON,5316,22:35,SUD EST,MARSEILLE ST CHARLES,JCATLSUD,FRMSC,16:39,FRURD
7519,2023-06-12,VALENCE TGV RHONE-ALPES SUD,OUI,5316,22:35,SUD EST,MARSEILLE ST CHARLES,JCATLSUD,FRMSC,21:24,FRVLA
7520,2023-06-12,PARIS (intramuros),NON,8629,19:33,ATLANTIQUE,GUINGAMP,PARISBRETA,FRGGP,16:53,FRPMO
7521,2023-06-12,RENNES,OUI,8629,19:16,ATLANTIQUE,ST BRIEUC,PARISBRETA,FRSBK,18:32,FRRNS
7522,2023-06-12,CARCASSONNE,OUI,6821,11:02,SUD EST,TOULOUSE MATABIAU,JCPROVSUD,FRXYT,10:20,FRCCF
7523,2023-06-12,NIMES,OUI,6821,08:37,SUD EST,MONTPELLIER SAINT-ROCH,JCPROVSUD,FRMPL,08:07,FRFNI
7524,2023-06-12,LYON (intramuros),OUI,6821,09:00,SUD EST,SETE,JCPROVSUD,FRXSY,06:37,FRLPD
7525,2023-06-12,MONTPELLIER SAINT-ROCH,OUI,6821,10:17,SUD EST,CARCASSONNE,JCPROVSUD,FRCCF,08:44,FRMPL
7526,2023-06-12,NARBONNE,OUI,6821,10:17,SUD EST,CARCASSONNE,JCPROVSUD,FRCCF,09:47,FRXNA
7527,2023-06-12,PARIS (intramuros),NON,6121,19:42,SUD EST,AIX EN PROVENCE TGV,PAPROVENCE,FRAIE,16:36,FRPLY
7528,2023-06-12,PARIS (intramuros),NON,6121,19:57,SUD EST,MARSEILLE ST CHARLES,PAPROVENCE,FRMSC,16:36,FRPLY
7529,2023-06-12,UZERCHE,OUI,3684,20:23,IC ARO,ISSOUDUN,TOULOUZECO,FRFMN,18:11,FRAAW
7530,2023-06-12,LIMOGES BENEDICTINS,OUI,3684,20:23,IC ARO,ISSOUDUN,TOULOUZECO,FRFMN,18:51,FRAGQ
7531,2023-06-12,BRIVE LA GAILLARDE,OUI,3684,18:10,IC ARO,UZERCHE,TOULOUZECO,FRAAW,17:45,FRBVE
7532,2023-06-12,BRIVE LA GAILLARDE,OUI,3684,18:48,IC ARO,LIMOGES BENEDICTINS,TOULOUZECO,FRAGQ,17:45,FRBVE
7533,2023-06-12,BRIVE LA GAILLARDE,OUI,3684,20:07,IC ARO,CHATEAUROUX,TOULOUZECO,FRCHR,17:45,FRBVE
7534,2023-06-12,CHATEAUROUX,OUI,3684,20:23,IC ARO,ISSOUDUN,TOULOUZECO,FRFMN,20:09,FRCHR
7535,2023-06-12,CHATEAUROUX,OUI,3684,22:21,IC ARO,PARIS (intramuros),TOULOUZECO,FRPAZ,20:09,FRCHR
7536,2023-06-12,ISSOUDUN,OUI,3684,20:46,IC ARO,VIERZON VILLE,TOULOUZECO,FRXVZ,20:24,FRFMN
7537,2023-06-12,VIERZON VILLE,OUI,3684,22:21,IC ARO,PARIS (intramuros),TOULOUZECO,FRPAZ,20:48,FRXVZ
7538,2023-06-12,AIX EN PROVENCE TGV,NON,6866,19:45,SUD EST,AVIGNON TGV,JCSUDPROV,FRAVG,19:26,FRAIE
7539,2023-06-12,AIX EN PROVENCE TGV,NON,6866,20:54,SUD EST,LYON (intramuros),JCSUDPROV,FRLPD,19:26,FRAIE
7540,2023-06-12,MARSEILLE ST CHARLES,NON,6866,19:45,SUD EST,AVIGNON TGV,JCSUDPROV,FRAVG,19:11,FRMSC
7541,2023-06-12,BORDEAUX ST JEAN,NON,3852,10:15,IC SRO,LA ROCHELLE VILLE,BORDONANTE,FRLRH,07:53,FRBOJ
7542,2023-06-12,LUCON,NON,3852,12:05,IC SRO,NANTES,BORDONANTE,FRNTE,11:00,FRLCN
7543,2023-06-12,LUCON,NON,3852,11:22,IC SRO,LA ROCHE SUR YON,BORDONANTE,FRXRO,11:00,FRLCN
7544,2023-06-12,LA ROCHELLE VILLE,NON,3852,10:58,IC SRO,LUCON,BORDONANTE,FRLCN,10:19,FRLRH
7545,2023-06-12,LA ROCHELLE VILLE,NON,3852,12:05,IC SRO,NANTES,BORDONANTE,FRNTE,10:19,FRLRH
7546,2023-06-12,LA ROCHELLE VILLE,NON,3852,11:22,IC SRO,LA ROCHE SUR YON,BORDONANTE,FRXRO,10:19,FRLRH
7547,2023-06-12,ANGERS ST LAUD,NON,5306,14:24,SUD EST,ST PIERRE DES CORPS,JCATLSUD,FRXSH,13:27,FRACL
7548,2023-06-12,SAUMUR,NON,5306,15:20,SUD EST,MASSY TGV,JCATLSUD,FRDJU,13:50,FRACN
7549,2023-06-12,LYON (intramuros),OUI,5306,17:49,SUD EST,LYON (intramuros),JCATLSUD,FRLPE,17:40,FRLPD
7550,2023-06-12,PARIS (intramuros),NON,6101,09:41,SUD EST,AIX EN PROVENCE TGV,PAPROVENCE,FRAIE,06:36,FRPLY
7551,2023-06-12,PARIS (intramuros),NON,6101,09:19,SUD EST,AVIGNON TGV,PAPROVENCE,FRAVG,06:36,FRPLY
7552,2023-06-12,PARIS (intramuros),NON,6101,09:56,SUD EST,MARSEILLE ST CHARLES,PAPROVENCE,FRMSC,06:36,FRPLY
7553,2023-06-12,LYON (intramuros),NON,5382,15:40,SUD EST,RENNES,JCSUDATL,FRRNS,11:50,FRLPD
7554,2023-06-12,FRANKFURT MAIN HBF,NON,9558,09:51,INTERNATIONAL,PARIS (intramuros),FRANCPA,FRPST,05:56,DEFRH
7555,2023-06-12,MACON VILLE,NON,5514,07:40,EST,DIJON VILLE,JCRHONRHIN,FRABA,06:41,FRHGU
7556,2023-06-12,MACON VILLE,NON,5514,10:27,EST,STRASBOURG,JCRHONRHIN,FRAEG,06:41,FRHGU
7557,2023-06-12,LYON (intramuros),NON,5514,07:40,EST,DIJON VILLE,JCRHONRHIN,FRABA,06:04,FRLPD
7558,2023-06-12,LYON (intramuros),NON,5514,06:38,EST,MACON VILLE,JCRHONRHIN,FRHGU,06:04,FRLPD
7559,2023-06-12,THIONVILLE,OUI,2872,16:52,EST,METZ VILLE,LUXMETZPA,FRADE,16:34,FRXTH
7560,2023-06-12,DAX,NON,8531,11:05,ATLANTIQUE,BAYONNE,PASUDOUEST,FRXBY,10:37,FRACG
7561,2023-06-12,BIARRITZ,OUI,8531,11:47,ATLANTIQUE,HENDAYE,PASUDOUEST,FRAEF,11:19,FRBIQ
7562,2023-06-12,BORDEAUX ST JEAN,NON,8531,11:47,ATLANTIQUE,HENDAYE,PASUDOUEST,FRAEF,09:21,FRBOJ
7563,2023-06-12,PARIS (intramuros),NON,8531,10:33,ATLANTIQUE,DAX,PASUDOUEST,FRACG,07:08,FRPMO
7564,2023-06-12,PARIS (intramuros),NON,8531,11:16,ATLANTIQUE,BIARRITZ,PASUDOUEST,FRBIQ,07:08,FRPMO
7565,2023-06-12,PARIS (intramuros),NON,8531,11:05,ATLANTIQUE,BAYONNE,PASUDOUEST,FRXBY,07:08,FRPMO
7566,2023-06-12,PARIS (intramuros),NON,8531,11:32,ATLANTIQUE,ST JEAN DE LUZ CIBOURE,PASUDOUEST,FRXJZ,07:08,FRPMO
7567,2023-06-12,ST JEAN DE LUZ CIBOURE,OUI,8531,11:47,ATLANTIQUE,HENDAYE,PASUDOUEST,FRAEF,11:34,FRXJZ
7568,2023-06-12,DOLE VILLE,NON,6766,22:04,SUD EST,PARIS (intramuros),BOURPA,FRPLY,19:59,FRACE
7569,2023-06-12,VALENCE TGV RHONE-ALPES SUD,NON,6252,15:04,SUD EST,PARIS (intramuros),LANGPA,FRPLY,12:53,FRVLA
7570,2023-06-12,MONTPELLIER SUD DE FRANCE,NON,6252,12:50,SUD EST,VALENCE TGV RHONE-ALPES SUD,LANGPA,FRVLA,11:52,FRSUF
7571,2023-06-12,ANNECY,NON,6960,06:08,SUD EST,CHAMBERY CHALLES LES EAUX,ALPESPARIS,FRCMF,05:29,FRNCY
7572,2023-06-12,ANNECY,NON,6960,09:14,SUD EST,PARIS (intramuros),ALPESPARIS,FRPLY,05:29,FRNCY
7573,2023-06-12,AIX LES BAINS LE REVARD,NON,6960,07:40,SUD EST,MACON LOCHE TGV,ALPESPARIS,FRMLT,05:57,FRXAI
7574,2023-06-12,AIX EN PROVENCE TGV,OUI,6813,15:46,SUD EST,MARSEILLE ST CHARLES,JCPROVSUD,FRMSC,15:35,FRAIE
7575,2023-06-12,AVIGNON TGV,NON,6813,15:32,SUD EST,AIX EN PROVENCE TGV,JCPROVSUD,FRAIE,15:13,FRAVG
7576,2023-06-12,AVIGNON TGV,NON,6813,16:43,SUD EST,TOULON,JCPROVSUD,FRTLN,15:13,FRAVG
7577,2023-06-12,LIMOGES BENEDICTINS,OUI,3625,13:47,IC ARO,UZERCHE,PALITO,FRAAW,13:09,FRAGQ
7578,2023-06-12,PARIS (intramuros),NON,3625,13:06,IC ARO,LIMOGES BENEDICTINS,PALITO,FRAGQ,09:38,FRPAZ
7579,2023-06-12,PARIS (intramuros),NON,3625,11:52,IC ARO,CHATEAUROUX,PALITO,FRCHR,09:38,FRPAZ
7580,2023-06-12,PARIS (intramuros),NON,3625,12:29,IC ARO,LA SOUTERRAINE,PALITO,FRLST,09:38,FRPAZ
7581,2023-06-12,LILLE (intramuros),NON,7026,11:14,NORD,PARIS (intramuros),LILLEPA,FRPNO,10:12,FRADJ
7582,2023-06-12,MARNE LA VALLEE CHESSY,NON,5182,21:57,NORD,LILLE (intramuros),JCSUDNORD,FRLLE,20:51,FRMLV
7583,2023-06-12,AEROPORT CDG2 TGV ROISSY,NON,5182,21:57,NORD,LILLE (intramuros),JCSUDNORD,FRLLE,21:07,FRMLW
7584,2023-06-12,MONTPELLIER SUD DE FRANCE,NON,5182,21:01,NORD,AEROPORT CDG2 TGV ROISSY,JCSUDNORD,FRMLW,17:05,FRSUF
7585,2023-06-12,DIJON VILLE,NON,2239,21:59,EST,CANNES,JCRHINRHON,FRJCA,16:20,FRABA
7586,2023-06-12,DIJON VILLE,NON,2239,17:56,EST,LYON (intramuros),JCRHINRHON,FRLPD,16:20,FRABA
7587,2023-06-12,DIJON VILLE,NON,2239,22:30,EST,NICE VILLE,JCRHINRHON,FRNIC,16:20,FRABA
7588,2023-06-12,DIJON VILLE,NON,2239,22:11,EST,ANTIBES,JCRHINRHON,FRXAT,16:20,FRABA
7589,2023-06-12,DIJON VILLE,NON,2239,21:34,EST,ST RAPHAEL VALESCURE,JCRHINRHON,FRXSK,16:20,FRABA
7590,2023-06-12,STRASBOURG,OUI,2239,16:04,EST,DIJON VILLE,JCRHINRHON,FRABA,13:37,FRAEG
7591,2023-06-12,STRASBOURG,NON,2239,19:31,EST,AIX EN PROVENCE TGV,JCRHINRHON,FRAIE,13:37,FRAEG
7592,2023-06-12,STRASBOURG,NON,2239,19:45,EST,MARSEILLE ST CHARLES,JCRHINRHON,FRMSC,13:37,FRAEG
7593,2023-06-12,COLMAR,NON,2239,21:34,EST,ST RAPHAEL VALESCURE,JCRHINRHON,FRXSK,14:05,FRAEJ
7594,2023-06-12,MULHOUSE VILLE,NON,2239,22:30,EST,NICE VILLE,JCRHINRHON,FRNIC,14:41,FRAEK
7595,2023-06-12,MULHOUSE VILLE,NON,2239,22:11,EST,ANTIBES,JCRHINRHON,FRXAT,14:41,FRAEK
7596,2023-06-12,AVIGNON TGV,NON,2239,21:17,EST,LES ARCS DRAGUIGNAN,JCRHINRHON,FRXRS,19:12,FRAVG
7597,2023-06-12,LYON (intramuros),NON,2239,19:31,EST,AIX EN PROVENCE TGV,JCRHINRHON,FRAIE,18:04,FRLPD
7598,2023-06-12,LYON (intramuros),NON,2239,22:30,EST,NICE VILLE,JCRHINRHON,FRNIC,18:04,FRLPD
7599,2023-06-12,MARSEILLE ST CHARLES,OUI,2239,21:59,EST,CANNES,JCRHINRHON,FRJCA,19:57,FRMSC
7600,2023-06-12,MARSEILLE ST CHARLES,OUI,2239,22:30,EST,NICE VILLE,JCRHINRHON,FRNIC,19:57,FRMSC
7601,2023-06-12,BELFORT-MONTBELIARD TGV,NON,2239,19:10,EST,AVIGNON TGV,JCRHINRHON,FRAVG,15:06,FRTJA
7602,2023-06-12,BESANCON - F COMTE TGV,NON,2239,19:45,EST,MARSEILLE ST CHARLES,JCRHINRHON,FRMSC,15:36,FRTJB
7603,2023-06-12,TOULON,OUI,2239,22:30,EST,NICE VILLE,JCRHINRHON,FRNIC,20:45,FRTLN
7604,2023-06-12,BEAUNE,NON,2239,19:31,EST,AIX EN PROVENCE TGV,JCRHINRHON,FRAIE,16:42,FRXBV
7605,2023-06-12,ST RAPHAEL VALESCURE,OUI,2239,21:59,EST,CANNES,JCRHINRHON,FRJCA,21:37,FRXSK
7606,2023-06-12,BESANCON - F COMTE TGV,NON,2239,21:34,EST,ST RAPHAEL VALESCURE,JCRHINRHON,FRXSK,15:36,FRTJB
7607,2023-06-12,BELFORT-MONTBELIARD TGV,NON,2239,21:34,EST,ST RAPHAEL VALESCURE,JCRHINRHON,FRXSK,15:06,FRTJA
7608,2023-06-12,BESANCON - F COMTE TGV,NON,2239,21:17,EST,LES ARCS DRAGUIGNAN,JCRHINRHON,FRXRS,15:36,FRTJB
7609,2023-06-12,BELFORT-MONTBELIARD TGV,NON,2239,21:17,EST,LES ARCS DRAGUIGNAN,JCRHINRHON,FRXRS,15:06,FRTJA
7610,2023-06-12,BELFORT-MONTBELIARD TGV,NON,2239,20:41,EST,TOULON,JCRHINRHON,FRTLN,15:06,FRTJA
7611,2023-06-12,COLMAR,OUI,2239,16:39,EST,BEAUNE,JCRHINRHON,FRXBV,14:05,FRAEJ
7612,2023-06-12,PARIS (intramuros),OUI,7577,18:05,NORD,LILLE (intramuros),PAARRAS,FRLLE,16:52,FRPNO
7613,2023-06-12,ST PIERRE DES CORPS,OUI,8301,08:45,ATLANTIQUE,TOURS,PAROCHELLE,FRAFW,08:39,FRXSH
7614,2023-06-12,LOURDES,NON,14148,18:27,IC SRO,TOULOUSE MATABIAU,SUDOUEST,FRXYT,16:28,FRLDE
7615,2023-06-12,AVIGNON TGV,NON,6165,15:11,SUD EST,TOULON,PAAZUR,FRTLN,14:04,FRAVG
7616,2023-06-12,PARIS (intramuros),NON,6165,16:25,SUD EST,CANNES,PAAZUR,FRJCA,11:20,FRPLY
7617,2023-06-12,GRENOBLE,NON,6910,15:46,SUD EST,PARIS (intramuros),GRENOBLEPA,FRPLY,12:47,FRGNB
7618,2023-06-12,LYON-SAINT EXUPERY TGV,NON,6910,15:46,SUD EST,PARIS (intramuros),GRENOBLEPA,FRPLY,13:54,FRJDQ
7619,2023-06-12,LAVAL,OUI,8067,19:10,ATLANTIQUE,RENNES,PARISBRETA,FRRNS,18:45,FRACR
7620,2023-06-12,PARIS (intramuros),OUI,8067,18:42,ATLANTIQUE,LAVAL,PARISBRETA,FRACR,17:12,FRPMO
7621,2023-06-12,ANDORRE - L'HOSPITALET,NON,3970,05:16,IC NUIT,LES AUBRAIS ORLEANS,PALOMBEPAR,FRLAB,19:15,FRFQG
7622,2023-06-12,ANDORRE - L'HOSPITALET,NON,3970,06:33,IC NUIT,PARIS (intramuros),PALOMBEPAR,FRPAZ,19:15,FRFQG
7623,2023-06-12,MERENS LES VALS,NON,3970,05:16,IC NUIT,LES AUBRAIS ORLEANS,PALOMBEPAR,FRLAB,19:32,FRFQH
7624,2023-06-12,TARASCON SUR ARIEGE,NON,3970,05:16,IC NUIT,LES AUBRAIS ORLEANS,PALOMBEPAR,FRLAB,20:17,FRFQM
7625,2023-06-12,PAMIERS,NON,3970,06:33,IC NUIT,PARIS (intramuros),PALOMBEPAR,FRPAZ,20:47,FRPMS
7626,2023-06-12,FOIX,NON,3970,05:16,IC NUIT,LES AUBRAIS ORLEANS,PALOMBEPAR,FRLAB,20:34,FRXFX
7627,2023-06-12,LATOUR DE CAROL ENVEITG,NON,3970,06:33,IC NUIT,PARIS (intramuros),PALOMBEPAR,FRPAZ,18:49,FRXTE
7628,2023-06-12,AVIGNON CENTRE,OUI,6196,15:10,SUD EST,VALENCE VILLE,VDRPA,FRVAF,14:04,FRAES
7629,2023-06-12,CHAMPAGNE-ARDENNE,NON,2536,11:50,EST,PARIS (intramuros),NANCYPA,FRPST,11:08,FREAH
7630,2023-06-12,NANCY,NON,2536,11:50,EST,PARIS (intramuros),NANCYPA,FRPST,10:11,FRENC
7631,2023-06-12,ARRAS,NON,7520,14:32,NORD,PARIS (intramuros),ARRASPA,FRPNO,13:41,FRQRV
7632,2023-06-12,GENEVE,NON,9774,15:49,INTERNATIONAL,BOURG EN BRESSE,GENEVEPA,FRXBK,14:29,CHGVA
7633,2023-06-12,BELLEGARDE,NON,9774,15:49,INTERNATIONAL,BOURG EN BRESSE,GENEVEPA,FRXBK,15:02,FRXBF
7634,2023-06-12,ANGERS ST LAUD,OUI,8827,23:42,ATLANTIQUE,NANTES,PARISLOIRE,FRNTE,22:59,FRACL
7635,2023-06-12,PARIS (intramuros),OUI,8827,22:56,ATLANTIQUE,ANGERS ST LAUD,PARISLOIRE,FRACL,21:21,FRPMO
7636,2023-06-12,AIX EN PROVENCE TGV,OUI,6181,22:28,SUD EST,CANNES,PAAZUR,FRJCA,20:20,FRAIE
7637,2023-06-12,AIX EN PROVENCE TGV,OUI,6181,21:11,SUD EST,TOULON,PAAZUR,FRTLN,20:20,FRAIE
7638,2023-06-12,PARIS (intramuros),NON,6181,23:00,SUD EST,NICE VILLE,PAAZUR,FRNIC,17:20,FRPLY
7639,2023-06-12,NICE VILLE,OUI,6176,13:44,SUD EST,TOULON,AZURPA,FRTLN,12:02,FRNIC
7640,2023-06-12,NICE VILLE,OUI,6176,12:16,SUD EST,ANTIBES,AZURPA,FRXAT,12:02,FRNIC
7641,2023-06-12,NICE VILLE,OUI,6176,12:55,SUD EST,ST RAPHAEL VALESCURE,AZURPA,FRXSK,12:02,FRNIC
7642,2023-06-12,ANTIBES,OUI,6176,12:55,SUD EST,ST RAPHAEL VALESCURE,AZURPA,FRXSK,12:19,FRXAT
7643,2023-06-12,ST RAPHAEL VALESCURE,OUI,6176,14:33,SUD EST,MARSEILLE ST CHARLES,AZURPA,FRMSC,12:58,FRXSK
7644,2023-06-12,CANNES,NON,6174,12:33,SUD EST,MARSEILLE ST CHARLES,AZURPA,FRMSC,10:32,FRJCA
7645,2023-06-12,CANNES,OUI,6174,10:55,SUD EST,ST RAPHAEL VALESCURE,AZURPA,FRXSK,10:32,FRJCA
7646,2023-06-12,MARSEILLE ST CHARLES,NON,6174,15:50,SUD EST,PARIS (intramuros),AZURPA,FRPLY,12:47,FRMSC
7647,2023-06-12,NICE VILLE,OUI,6174,10:13,SUD EST,ANTIBES,AZURPA,FRXAT,09:57,FRNIC
7648,2023-06-12,TOULON,NON,6174,15:50,SUD EST,PARIS (intramuros),AZURPA,FRPLY,11:48,FRTLN
7649,2023-06-12,ANTIBES,NON,6174,11:44,SUD EST,TOULON,AZURPA,FRTLN,10:16,FRXAT
7650,2023-06-12,BORDEAUX ST JEAN,OUI,8509,19:26,ATLANTIQUE,TOULOUSE MATABIAU,PASUDOUEST,FRXYT,17:21,FRBOJ
7651,2023-06-12,ANGERS ST LAUD,NON,5480,19:29,EST,STRASBOURG,JCATLEST,FRAEG,14:49,FRACL
7652,2023-06-12,ANGERS ST LAUD,NON,5480,16:20,EST,MASSY TGV,JCATLEST,FRDJU,14:49,FRACL
7653,2023-06-12,ANGERS ST LAUD,NON,5480,18:48,EST,LORRAINE TGV,JCATLEST,FREAM,14:49,FRACL
7654,2023-06-12,ANGERS ST LAUD,NON,5480,16:57,EST,MARNE LA VALLEE CHESSY,JCATLEST,FRMLV,14:49,FRACL
7655,2023-06-12,LE MANS,NON,5480,16:57,EST,MARNE LA VALLEE CHESSY,JCATLEST,FRMLV,15:30,FRAET
7656,2023-06-12,LE MANS,NON,5480,17:13,EST,AEROPORT CDG2 TGV ROISSY,JCATLEST,FRMLW,15:30,FRAET
7657,2023-06-12,MASSY TGV,NON,5480,16:57,EST,MARNE LA VALLEE CHESSY,JCATLEST,FRMLV,16:26,FRDJU
7658,2023-06-12,MARNE LA VALLEE CHESSY,NON,5480,19:29,EST,STRASBOURG,JCATLEST,FRAEG,17:03,FRMLV
7659,2023-06-12,AEROPORT CDG2 TGV ROISSY,NON,5480,19:29,EST,STRASBOURG,JCATLEST,FRAEG,17:29,FRMLW
7660,2023-06-12,NANTES,OUI,5480,14:46,EST,ANGERS ST LAUD,JCATLEST,FRACL,14:09,FRNTE
7661,2023-06-12,NANTES,NON,5480,15:27,EST,LE MANS,JCATLEST,FRAET,14:09,FRNTE
7662,2023-06-12,METZ VILLE,OUI,2650,07:50,EST,PARIS (intramuros),LUXMETZPA,FRPST,06:23,FRADE
7663,2023-06-12,PARIS (intramuros),NON,6177,19:39,SUD EST,ANTIBES,PAAZUR,FRXAT,14:08,FRPLY
7664,2023-06-12,ANTIBES,OUI,6177,19:58,SUD EST,NICE VILLE,PAAZUR,FRNIC,19:42,FRXAT
7665,2023-06-12,BREST,OUI,8602,06:21,ATLANTIQUE,GUINGAMP,BRETAPARIS,FRGGP,05:23,FRBES
7666,2023-06-12,GUINGAMP,NON,8602,09:08,ATLANTIQUE,PARIS (intramuros),BRETAPARIS,FRPMO,06:24,FRGGP
7667,2023-06-12,GUINGAMP,OUI,8602,06:38,ATLANTIQUE,ST BRIEUC,BRETAPARIS,FRSBK,06:24,FRGGP
7668,2023-06-12,LIMOGES BENEDICTINS,OUI,3665,22:04,IC ARO,BRIVE LA GAILLARDE,PALITO,FRBVE,21:04,FRAGQ
7669,2023-06-12,ARGENTON SUR CREUSE,OUI,3665,21:01,IC ARO,LIMOGES BENEDICTINS,PALITO,FRAGQ,20:00,FRFMT
7670,2023-06-12,ARGENTON SUR CREUSE,OUI,3665,20:24,IC ARO,LA SOUTERRAINE,PALITO,FRLST,20:00,FRFMT
7671,2023-06-12,LA SOUTERRAINE,OUI,3665,21:01,IC ARO,LIMOGES BENEDICTINS,PALITO,FRAGQ,20:26,FRLST
7672,2023-06-12,PARIS (intramuros),OUI,3665,19:59,IC ARO,ARGENTON SUR CREUSE,PALITO,FRFMT,17:38,FRPAZ
7673,2023-06-12,PARIS (intramuros),OUI,3665,20:24,IC ARO,LA SOUTERRAINE,PALITO,FRLST,17:38,FRPAZ
7674,2023-06-12,NANCY,OUI,2573,21:07,EST,REMIREMONT,PANANCY,FRRNT,19:58,FRENC
7675,2023-06-12,EPINAL,OUI,2573,21:07,EST,REMIREMONT,PANANCY,FRRNT,20:46,FREPL
7676,2023-06-12,PARIS (intramuros),NON,2573,19:48,EST,NANCY,PANANCY,FRENC,18:10,FRPST
7677,2023-06-12,PARIS (intramuros),NON,2573,20:43,EST,EPINAL,PANANCY,FREPL,18:10,FRPST
7678,2023-06-12,VALENCE TGV RHONE-ALPES SUD,NON,6275,15:41,SUD EST,AGDE,PALANG,FRXAG,14:00,FRVLA
7679,2023-06-12,VALENCE TGV RHONE-ALPES SUD,NON,6275,16:13,SUD EST,NARBONNE,PALANG,FRXNA,14:00,FRVLA
7680,2023-06-12,AGDE,OUI,6275,16:52,SUD EST,PERPIGNAN,PALANG,FRPGF,15:44,FRXAG
7681,2023-06-12,AGDE,OUI,6275,16:13,SUD EST,NARBONNE,PALANG,FRXNA,15:44,FRXAG
7682,2023-06-12,NARBONNE,OUI,6275,16:52,SUD EST,PERPIGNAN,PALANG,FRPGF,16:16,FRXNA
7683,2023-06-12,MONTPELLIER SUD DE FRANCE,NON,6275,16:52,SUD EST,PERPIGNAN,PALANG,FRPGF,15:10,FRSUF
7684,2023-06-12,MONTPELLIER SUD DE FRANCE,NON,6275,15:56,SUD EST,BEZIERS,PALANG,FRBZR,15:10,FRSUF
7685,2023-06-12,NIMES PONT DU GARD,NON,6275,15:56,SUD EST,BEZIERS,PALANG,FRBZR,14:39,FRXZP
7686,2023-06-12,PARIS (intramuros),OUI,8811,16:50,ATLANTIQUE,NANTES,PARISLOIRE,FRNTE,14:45,FRPMO
7687,2023-06-12,BOURGES,NON,4506,21:26,IC SRO,ANGERS ST LAUD,JOURLYNNTE,FRACL,19:07,FRBOU
7688,2023-06-12,BOURGES,NON,4506,22:08,IC SRO,NANTES,JOURLYNNTE,FRNTE,19:07,FRBOU
7689,2023-06-12,BOURGES,NON,4506,20:26,IC SRO,ST PIERRE DES CORPS,JOURLYNNTE,FRXSH,19:07,FRBOU
7690,2023-06-12,LYON (intramuros),NON,4506,19:05,IC SRO,BOURGES,JOURLYNNTE,FRBOU,15:44,FRLPD
7691,2023-06-12,LYON (intramuros),NON,4506,22:08,IC SRO,NANTES,JOURLYNNTE,FRNTE,15:44,FRLPD
7692,2023-06-12,LYON (intramuros),NON,4506,16:46,IC SRO,ROANNE,JOURLYNNTE,FRRNE,15:44,FRLPD
7693,2023-06-12,LYON (intramuros),NON,4506,21:26,IC SRO,ANGERS ST LAUD,JOURLYNNTE,FRACL,15:32,FRLPE
7694,2023-06-12,LYON (intramuros),NON,4506,22:08,IC SRO,NANTES,JOURLYNNTE,FRNTE,15:32,FRLPE
7695,2023-06-12,LYON (intramuros),NON,4506,20:26,IC SRO,ST PIERRE DES CORPS,JOURLYNNTE,FRXSH,15:32,FRLPE
7696,2023-06-12,NEVERS,NON,4506,21:26,IC SRO,ANGERS ST LAUD,JOURLYNNTE,FRACL,18:29,FRNVS
7697,2023-06-12,NEVERS,NON,4506,21:03,IC SRO,SAUMUR,JOURLYNNTE,FRACN,18:29,FRNVS
7698,2023-06-12,NEVERS,NON,4506,22:08,IC SRO,NANTES,JOURLYNNTE,FRNTE,18:29,FRNVS
7699,2023-06-12,NEVERS,NON,4506,20:26,IC SRO,ST PIERRE DES CORPS,JOURLYNNTE,FRXSH,18:29,FRNVS
7700,2023-06-12,ROANNE,NON,4506,21:26,IC SRO,ANGERS ST LAUD,JOURLYNNTE,FRACL,16:48,FRRNE
7701,2023-06-12,ROANNE,NON,4506,19:26,IC SRO,VIERZON VILLE,JOURLYNNTE,FRXVZ,16:48,FRRNE
7702,2023-06-12,ST GERMAIN DES FOSSES,NON,4506,21:26,IC SRO,ANGERS ST LAUD,JOURLYNNTE,FRACL,17:28,FRSGF
7703,2023-06-12,ST GERMAIN DES FOSSES,NON,4506,19:05,IC SRO,BOURGES,JOURLYNNTE,FRBOU,17:28,FRSGF
7704,2023-06-12,MOULINS SUR ALLIER,NON,4506,21:03,IC SRO,SAUMUR,JOURLYNNTE,FRACN,17:53,FRXMU
7705,2023-06-12,MOULINS SUR ALLIER,NON,4506,19:26,IC SRO,VIERZON VILLE,JOURLYNNTE,FRXVZ,17:53,FRXMU
7706,2023-06-12,ST PIERRE DES CORPS,NON,4506,22:08,IC SRO,NANTES,JOURLYNNTE,FRNTE,20:29,FRXSH
7707,2023-06-12,PARIS (intramuros),NON,7181,18:58,NORD,DOUAI,PAARRAS,FRXDN,17:52,FRPNO
7708,2023-06-12,DOUAI,OUI,7181,19:35,NORD,VALENCIENNES,PAARRAS,FRXVS,19:09,FRXDN
7709,2023-06-12,MULHOUSE VILLE,NON,6700,06:32,SUD EST,BESANCON - F COMTE TGV,BOURPA,FRTJB,05:47,FRAEK
7710,2023-06-12,POITIERS,NON,8330,08:33,ATLANTIQUE,PARIS (intramuros),ROCHELLEPA,FRPMO,06:32,FRPIS
7711,2023-06-12,ST PIERRE DES CORPS,OUI,8330,07:43,ATLANTIQUE,VENDOME VILLIERS SUR LOIR,ROCHELLEPA,FRESL,07:25,FRXSH
7712,2023-06-12,DAX,NON,8549,20:15,ATLANTIQUE,BIARRITZ,PASUDOUEST,FRBIQ,19:35,FRACG
7713,2023-06-12,BORDEAUX ST JEAN,NON,8549,19:31,ATLANTIQUE,DAX,PASUDOUEST,FRACG,18:20,FRBOJ
7714,2023-06-12,BORDEAUX ST JEAN,NON,8549,20:03,ATLANTIQUE,BAYONNE,PASUDOUEST,FRXBY,18:20,FRBOJ
7715,2023-06-12,PARIS (intramuros),NON,8549,19:31,ATLANTIQUE,DAX,PASUDOUEST,FRACG,16:08,FRPMO
7716,2023-06-12,PARIS (intramuros),NON,8549,20:15,ATLANTIQUE,BIARRITZ,PASUDOUEST,FRBIQ,16:08,FRPMO
7717,2023-06-12,PARIS (intramuros),NON,3751,06:19,IC NUIT,MONTAUBAN VILLE BOURBON,PAVERMEIL,FRXMW,21:42,FRPAZ
7718,2023-06-12,LORIENT,OUI,8746,20:19,ATLANTIQUE,VANNES,BRETAPARIS,FRVNE,19:51,FRLRT
7719,2023-06-12,VANNES,NON,8746,23:08,ATLANTIQUE,PARIS (intramuros),BRETAPARIS,FRPMO,20:22,FRVNE
7720,2023-06-12,PARIS (intramuros),NON,6131,23:29,SUD EST,AIX EN PROVENCE TGV,PAPROVENCE,FRAIE,20:26,FRPLY
7721,2023-06-12,ANGERS ST LAUD,OUI,8905,19:54,ATLANTIQUE,NANTES,PARISLOIRE,FRNTE,19:16,FRACL
7722,2023-06-12,PARIS (intramuros),OUI,8905,19:13,ATLANTIQUE,ANGERS ST LAUD,PARISLOIRE,FRACL,17:48,FRPMO
7723,2023-06-12,STRASBOURG,NON,9890,09:43,NORD,BRUXELLES MIDI BRUSSEL ZUID,JCESTNORD,BEBMI,06:01,FRAEG
7724,2023-06-12,LORRAINE TGV,NON,9890,09:43,NORD,BRUXELLES MIDI BRUSSEL ZUID,JCESTNORD,BEBMI,06:38,FREAM
7725,2023-06-12,LORRAINE TGV,NON,9890,08:56,NORD,LILLE (intramuros),JCESTNORD,FRLLE,06:38,FREAM
7726,2023-06-12,LORRAINE TGV,NON,9890,07:56,NORD,AEROPORT CDG2 TGV ROISSY,JCESTNORD,FRMLW,06:38,FREAM
7727,2023-06-12,PARIS (intramuros),OUI,5789,07:33,IC NUIT,EMBRUN,PABRIANCON,FRIGV,20:48,FRPAZ
7728,2023-06-12,PARIS (intramuros),OUI,5789,07:50,IC NUIT,MONTDAUPHIN GUILLESTRE,PABRIANCON,FRIGZ,20:48,FRPAZ
7729,2023-06-12,PARIS (intramuros),OUI,5789,08:04,IC NUIT,L'ARGENTIERE LES ECRINS   (05),PABRIANCON,FRIHC,20:48,FRPAZ
7730,2023-06-12,PARIS (intramuros),OUI,2593,20:47,EST,ST DIE DES VOSGES,PANANCY,FRXTD,18:10,FRPST
7731,2023-06-12,NEVERS,NON,5959,16:23,IC ARO,RIOM CHATEL GUYON,PACLERMONT,FRRIO,14:59,FRNVS
7732,2023-06-12,NEVERS,NON,5959,16:01,IC ARO,VICHY,PACLERMONT,FRVHY,14:59,FRNVS
7733,2023-06-12,MOULINS SUR ALLIER,NON,5959,16:35,IC ARO,CLERMONT FERRAND,PACLERMONT,FRCFE,15:30,FRXMU
7734,2023-06-12,AUGSBURG HBF,NON,9576,12:31,INTERNATIONAL,PARIS (intramuros),MUNSTUTPA,FRPST,07:20,DEAGB
7735,2023-06-12,MUENCHEN HBF,NON,9576,10:37,INTERNATIONAL,STRASBOURG,MUNSTUTPA,FRAEG,06:51,DEBEG
7736,2023-06-12,ULM HBF,NON,9576,09:11,INTERNATIONAL,STUTTGART HBF,MUNSTUTPA,DESGT,08:04,DEQUL
7737,2023-06-12,STUTTGART HBF,NON,9576,10:37,INTERNATIONAL,STRASBOURG,MUNSTUTPA,FRAEG,09:11,DESGT
7738,2023-06-12,LAVAL,OUI,8093,20:44,ATLANTIQUE,DOL DE BRETAGNE,PARISBRETA,FRDOL,19:29,FRACR
7739,2023-06-12,LAVAL,OUI,8093,21:01,ATLANTIQUE,ST MALO,PARISBRETA,FRXSB,19:29,FRACR
7740,2023-06-12,PAU,NON,14155,20:27,IC SRO,BIARRITZ,SUDOUEST,FRBIQ,18:54,FRAEE
7741,2023-06-12,PAU,NON,14155,20:42,IC SRO,ST JEAN DE LUZ CIBOURE,SUDOUEST,FRXJZ,18:54,FRAEE
7742,2023-06-12,BIARRITZ,NON,14155,20:55,IC SRO,HENDAYE,SUDOUEST,FRAEF,20:28,FRBIQ
7743,2023-06-12,ORTHEZ,NON,14155,20:55,IC SRO,HENDAYE,SUDOUEST,FRAEF,19:17,FRGFI
7744,2023-06-12,LOURDES,NON,14155,20:55,IC SRO,HENDAYE,SUDOUEST,FRAEF,18:25,FRLDE
7745,2023-06-12,LOURDES,NON,14155,20:27,IC SRO,BIARRITZ,SUDOUEST,FRBIQ,18:25,FRLDE
7746,2023-06-12,TOULOUSE MATABIAU,NON,14155,19:15,IC SRO,ORTHEZ,SUDOUEST,FRGFI,16:34,FRXYT
7747,2023-06-12,TOULOUSE MATABIAU,NON,14155,18:22,IC SRO,LOURDES,SUDOUEST,FRLDE,16:34,FRXYT
7748,2023-06-12,TOULOUSE MATABIAU,NON,14155,17:42,IC SRO,LANNEMEZAN,SUDOUEST,FRLNZ,16:34,FRXYT
7749,2023-06-12,TOULOUSE MATABIAU,NON,14155,20:00,IC SRO,BAYONNE,SUDOUEST,FRXBY,16:34,FRXYT
7750,2023-06-12,QUIMPER,NON,8722,14:48,ATLANTIQUE,REDON,BRETAPARIS,FRXRN,13:14,FRUIP
7751,2023-06-12,VANNES,NON,8722,15:25,ATLANTIQUE,RENNES,BRETAPARIS,FRRNS,14:22,FRVNE
7752,2023-06-12,REDON,NON,8722,15:25,ATLANTIQUE,RENNES,BRETAPARIS,FRRNS,14:50,FRXRN
7753,2023-06-12,AURAY,NON,8722,14:48,ATLANTIQUE,REDON,BRETAPARIS,FRXRN,14:09,FRXUY
7754,2023-06-12,BEZIERS,NON,6258,15:51,SUD EST,VALENCE TGV RHONE-ALPES SUD,LANGPA,FRVLA,13:58,FRBZR
7755,2023-06-12,PERPIGNAN,NON,6258,14:43,SUD EST,MONTPELLIER SUD DE FRANCE,LANGPA,FRSUF,13:04,FRPGF
7756,2023-06-12,NIMES PONT DU GARD,NON,6258,15:51,SUD EST,VALENCE TGV RHONE-ALPES SUD,LANGPA,FRVLA,15:15,FRXZP
7757,2023-06-12,AIX EN PROVENCE TGV,OUI,6129,23:24,SUD EST,MARSEILLE ST CHARLES,PAPROVENCE,FRMSC,23:13,FRAIE
7758,2023-06-12,AVIGNON TGV,OUI,6129,23:24,SUD EST,MARSEILLE ST CHARLES,PAPROVENCE,FRMSC,22:50,FRAVG
7759,2023-06-12,RANG DU FLIERS VERTON,OUI,7534,19:08,NORD,PARIS (intramuros),ARRASPA,FRPNO,16:11,FRCVU
7760,2023-06-12,ARRAS,OUI,7534,19:08,NORD,PARIS (intramuros),ARRASPA,FRPNO,18:18,FRQRV
7761,2023-06-12,LE MANS,OUI,8063,22:41,ATLANTIQUE,LAVAL,PARISBRETA,FRACR,22:13,FRAET
7762,2023-06-12,PARIS (intramuros),OUI,8063,22:10,ATLANTIQUE,LE MANS,PARISBRETA,FRAET,21:12,FRPMO
7763,2023-06-12,MULHOUSE VILLE,NON,9215,17:26,INTERNATIONAL,BASEL SBB,PABALZUR,CHAJP,17:06,FRAEK
7764,2023-06-12,BELFORT-MONTBELIARD TGV,NON,9215,17:26,INTERNATIONAL,BASEL SBB,PABALZUR,CHAJP,16:40,FRTJA
7765,2023-06-12,PARIS (intramuros),NON,5771,09:25,IC NUIT,NICE VILLE,PARAZUR,FRNIC,20:48,FRPAZ
7766,2023-06-12,PARIS (intramuros),NON,5771,08:32,IC NUIT,ST RAPHAEL VALESCURE,PARAZUR,FRXSK,20:48,FRPAZ
7767,2023-06-12,LYON (intramuros),NON,5332,12:45,SUD EST,AVIGNON TGV,JCATLSUD,FRAVG,11:38,FRLPD
7768,2023-06-12,RENNES,OUI,5332,08:22,SUD EST,LE MANS,JCATLSUD,FRAET,07:31,FRRNS
7769,2023-06-12,RENNES,NON,5332,11:30,SUD EST,LYON (intramuros),JCATLSUD,FRLPD,07:31,FRRNS
7770,2023-06-12,VENDOME VILLIERS SUR LOIR,NON,8300,07:23,ATLANTIQUE,PARIS (intramuros),ROCHELLEPA,FRPMO,06:35,FRESL
7771,2023-06-12,PARIS (intramuros),NON,8377,15:21,ATLANTIQUE,LA ROCHELLE VILLE,PAROCHELLE,FRLRH,12:16,FRPMO
7772,2023-06-12,PARIS (intramuros),NON,8377,13:17,ATLANTIQUE,ST PIERRE DES CORPS,PAROCHELLE,FRXSH,12:16,FRPMO
7773,2023-06-12,AVIGNON CENTRE,NON,6198,21:46,SUD EST,PARIS (intramuros),VDRPA,FRPLY,18:04,FRAES
7774,2023-06-12,AVIGNON CENTRE,OUI,6198,18:18,SUD EST,ORANGE,VDRPA,FRXOG,18:04,FRAES
7775,2023-06-12,ARLES,OUI,6198,18:18,SUD EST,ORANGE,VDRPA,FRXOG,17:36,FRHZA
7776,2023-06-12,LYON-SAINT EXUPERY TGV,NON,6198,21:46,SUD EST,PARIS (intramuros),VDRPA,FRPLY,19:57,FRJDQ
7777,2023-06-12,MIRAMAS,OUI,6198,19:10,SUD EST,VALENCE VILLE,VDRPA,FRVAF,17:13,FRMAZ
7778,2023-06-12,MIRAMAS,OUI,6198,18:18,SUD EST,ORANGE,VDRPA,FRXOG,17:13,FRMAZ
7779,2023-06-12,ORANGE,NON,6198,21:46,SUD EST,PARIS (intramuros),VDRPA,FRPLY,18:21,FRXOG
7780,2023-06-12,ORANGE,OUI,6198,19:10,SUD EST,VALENCE VILLE,VDRPA,FRVAF,18:21,FRXOG
7781,2023-06-12,PARIS (intramuros),NON,6107,12:19,SUD EST,AVIGNON TGV,PAPROVENCE,FRAVG,09:36,FRPLY
7782,2023-06-12,PARIS (intramuros),NON,2817,15:27,EST,THIONVILLE,PAMETZLUX,FRXTH,13:40,FRPST
7783,2023-06-12,LAVAL,OUI,9884,07:20,NORD,LE MANS,JCBRETNORD,FRAET,06:52,FRACR
7784,2023-06-12,LAVAL,NON,9884,08:20,NORD,MASSY TGV,JCBRETNORD,FRDJU,06:52,FRACR
7785,2023-06-12,LE MANS,NON,9884,09:10,NORD,AEROPORT CDG2 TGV ROISSY,JCBRETNORD,FRMLW,07:30,FRAET
7786,2023-06-12,MASSY TGV,NON,9884,09:10,NORD,AEROPORT CDG2 TGV ROISSY,JCBRETNORD,FRMLW,08:26,FRDJU
7787,2023-06-12,RENNES,NON,9884,10:17,NORD,LILLE (intramuros),JCBRETNORD,FRLLE,06:23,FRRNS
7788,2023-06-12,LAVAL,NON,9884,09:45,NORD,TGV HAUTE PICARDIE,JCBRETNORD,FRTHP,06:52,FRACR
7789,2023-06-12,METZ VILLE,OUI,2680,18:17,EST,CHAMPAGNE-ARDENNE,LUXMETZPA,FREAH,17:28,FRADE
7790,2023-06-12,METZ VILLE,OUI,2680,19:01,EST,PARIS (intramuros),LUXMETZPA,FRPST,17:28,FRADE
7791,2023-06-12,BORDEAUX ST JEAN,NON,3854,13:22,IC SRO,LA ROCHE SUR YON,BORDONANTE,FRXRO,09:53,FRBOJ
7792,2023-06-12,SAINTES,NON,3854,12:58,IC SRO,LUCON,BORDONANTE,FRLCN,11:25,FRXST
7793,2023-06-12,SAINTES,NON,3854,14:05,IC SRO,NANTES,BORDONANTE,FRNTE,11:25,FRXST
7794,2023-06-12,FRANKFURT MAIN HBF,NON,9580,15:05,INTERNATIONAL,KARLSRUHE HBF,FRANCMRS,DEQKA,13:56,DEFRH
7795,2023-06-12,FRANKFURT MAIN HBF,NON,9580,16:02,INTERNATIONAL,STRASBOURG,FRANCMRS,FRAEG,13:56,DEFRH
7796,2023-06-12,FRANKFURT MAIN HBF,NON,9580,19:56,INTERNATIONAL,LYON (intramuros),FRANCMRS,FRLPD,13:56,DEFRH
7797,2023-06-12,MANNHEIM HBF,NON,9580,15:05,INTERNATIONAL,KARLSRUHE HBF,FRANCMRS,DEQKA,14:39,DEMHG
7798,2023-06-12,MANNHEIM HBF,NON,9580,21:12,INTERNATIONAL,AVIGNON TGV,FRANCMRS,FRAVG,14:39,DEMHG
7799,2023-06-12,MANNHEIM HBF,NON,9580,19:56,INTERNATIONAL,LYON (intramuros),FRANCMRS,FRLPD,14:39,DEMHG
7800,2023-06-12,KARLSRUHE HBF,NON,9580,21:12,INTERNATIONAL,AVIGNON TGV,FRANCMRS,FRAVG,15:12,DEQKA
7801,2023-06-12,KARLSRUHE HBF,NON,9580,19:56,INTERNATIONAL,LYON (intramuros),FRANCMRS,FRLPD,15:12,DEQKA
7802,2023-06-12,KARLSRUHE HBF,NON,9580,21:48,INTERNATIONAL,MARSEILLE ST CHARLES,FRANCMRS,FRMSC,15:12,DEQKA
7803,2023-06-12,KARLSRUHE HBF,NON,9580,17:55,INTERNATIONAL,BESANCON - F COMTE TGV,FRANCMRS,FRTJB,15:12,DEQKA
7804,2023-06-12,BADEN BADEN,NON,9580,21:12,INTERNATIONAL,AVIGNON TGV,FRANCMRS,FRAVG,15:35,DEZCC
7805,2023-06-12,STRASBOURG,NON,9580,21:34,INTERNATIONAL,AIX EN PROVENCE TGV,FRANCMRS,FRAIE,16:15,FRAEG
7806,2023-06-12,STRASBOURG,NON,9580,19:56,INTERNATIONAL,LYON (intramuros),FRANCMRS,FRLPD,16:15,FRAEG
7807,2023-06-12,STRASBOURG,NON,9580,21:48,INTERNATIONAL,MARSEILLE ST CHARLES,FRANCMRS,FRMSC,16:15,FRAEG
7808,2023-06-12,MULHOUSE VILLE,NON,9580,21:12,INTERNATIONAL,AVIGNON TGV,FRANCMRS,FRAVG,17:09,FRAEK
7809,2023-06-12,MULHOUSE VILLE,NON,9580,21:48,INTERNATIONAL,MARSEILLE ST CHARLES,FRANCMRS,FRMSC,17:09,FRAEK
7810,2023-06-12,CHALON SUR SAONE,NON,9580,21:34,INTERNATIONAL,AIX EN PROVENCE TGV,FRANCMRS,FRAIE,18:56,FRXCD
7811,2023-06-12,LILLE (intramuros),NON,9836,20:00,NORD,LYON (intramuros),JCNORDSUD,FRLPD,17:03,FRLLE
7812,2023-06-12,LYON (intramuros),OUI,9836,20:49,NORD,VALENCE TGV RHONE-ALPES SUD,JCNORDSUD,FRVLA,20:10,FRLPD
7813,2023-06-12,MARNE LA VALLEE CHESSY,NON,9836,20:00,NORD,LYON (intramuros),JCNORDSUD,FRLPD,18:13,FRMLV
7814,2023-06-12,VALENCE TGV RHONE-ALPES SUD,OUI,9836,21:53,NORD,MONTPELLIER SUD DE FRANCE,JCNORDSUD,FRSUF,20:54,FRVLA
7815,2023-06-12,MARNE LA VALLEE CHESSY,NON,9836,21:53,NORD,MONTPELLIER SUD DE FRANCE,JCNORDSUD,FRSUF,18:13,FRMLV
7816,2023-06-12,LYON (intramuros),OUI,9836,21:53,NORD,MONTPELLIER SUD DE FRANCE,JCNORDSUD,FRSUF,20:10,FRLPD
7817,2023-06-12,UZERCHE,OUI,3634,10:07,IC ARO,CHATEAUROUX,TOULOUZECO,FRCHR,08:17,FRAAW
7818,2023-06-12,UZERCHE,OUI,3634,12:20,IC ARO,PARIS (intramuros),TOULOUZECO,FRPAZ,08:17,FRAAW
7819,2023-06-12,LIMOGES BENEDICTINS,OUI,3634,10:07,IC ARO,CHATEAUROUX,TOULOUZECO,FRCHR,08:58,FRAGQ
7820,2023-06-12,BRIVE LA GAILLARDE,OUI,3634,08:16,IC ARO,UZERCHE,TOULOUZECO,FRAAW,07:52,FRBVE
7821,2023-06-12,ARGENTON SUR CREUSE,OUI,3634,12:20,IC ARO,PARIS (intramuros),TOULOUZECO,FRPAZ,09:52,FRFMT
7822,2023-06-12,GOURDON,OUI,3634,08:54,IC ARO,LIMOGES BENEDICTINS,TOULOUZECO,FRAGQ,07:07,FRFSI
7823,2023-06-12,GOURDON,OUI,3634,10:07,IC ARO,CHATEAUROUX,TOULOUZECO,FRCHR,07:07,FRFSI
7824,2023-06-12,GOURDON,OUI,3634,07:22,IC ARO,SOUILLAC,TOULOUZECO,FRSOU,07:07,FRFSI
7825,2023-06-12,SOUILLAC,OUI,3634,12:20,IC ARO,PARIS (intramuros),TOULOUZECO,FRPAZ,07:24,FRSOU
7826,2023-06-12,CAHORS,OUI,3634,07:48,IC ARO,BRIVE LA GAILLARDE,TOULOUZECO,FRBVE,06:40,FRZAO
7827,2023-06-12,CAHORS,OUI,3634,07:22,IC ARO,SOUILLAC,TOULOUZECO,FRSOU,06:40,FRZAO
7828,2023-06-12,GOURDON,OUI,3634,09:51,IC ARO,ARGENTON SUR CREUSE,TOULOUZECO,FRFMT,07:07,FRFSI
7829,2023-06-12,UZERCHE,OUI,3634,09:51,IC ARO,ARGENTON SUR CREUSE,TOULOUZECO,FRFMT,08:17,FRAAW
7830,2023-06-12,NEVERS,OUI,5973,19:28,IC ARO,MOULINS SUR ALLIER,PACLERMONT,FRXMU,18:59,FRNVS
7831,2023-06-12,PARIS (intramuros),OUI,5973,18:57,IC ARO,NEVERS,PACLERMONT,FRNVS,16:57,FRPBE
7832,2023-06-12,PARIS (intramuros),OUI,5973,19:28,IC ARO,MOULINS SUR ALLIER,PACLERMONT,FRXMU,16:57,FRPBE
7833,2023-06-12,PARIS (intramuros),NON,8921,15:50,ATLANTIQUE,LA BAULE ESCOUBLAC,PARISLOIRE,FRJEE,12:49,FRPMO
7834,2023-06-12,PARIS (intramuros),NON,8921,14:54,ATLANTIQUE,NANTES,PARISLOIRE,FRNTE,12:49,FRPMO
7835,2023-06-12,PARIS (intramuros),NON,8921,15:33,ATLANTIQUE,ST NAZAIRE,PARISLOIRE,FRSNR,12:49,FRPMO
7836,2023-06-12,BEZIERS,NON,9704,21:18,SUD EST,PARIS (intramuros),BARCELONEPA,FRPLY,16:58,FRBZR
7837,2023-06-12,MONTPELLIER SAINT-ROCH,NON,9704,18:14,SUD EST,NIMES,BARCELONEPA,FRFNI,17:50,FRMPL
7838,2023-06-12,MONTPELLIER SAINT-ROCH,NON,9704,19:03,SUD EST,VALENCE TGV RHONE-ALPES SUD,BARCELONEPA,FRVLA,17:50,FRMPL
7839,2023-06-12,VALENCE TGV RHONE-ALPES SUD,NON,9704,21:18,SUD EST,PARIS (intramuros),BARCELONEPA,FRPLY,19:06,FRVLA
7840,2023-06-12,AGDE,NON,9704,17:43,SUD EST,MONTPELLIER SAINT-ROCH,BARCELONEPA,FRMPL,17:12,FRXAG
7841,2023-06-12,GIRONA,NON,9704,16:39,SUD EST,NARBONNE,BARCELONEPA,FRXNA,15:13,ESGRO
7842,2023-06-12,FIGUERES VILA TGV,NON,9704,18:14,SUD EST,NIMES,BARCELONEPA,FRFNI,15:30,ESFIR
7843,2023-06-12,FIGUERES VILA TGV,NON,9704,19:03,SUD EST,VALENCE TGV RHONE-ALPES SUD,BARCELONEPA,FRVLA,15:30,ESFIR
7844,2023-06-12,FIGUERES VILA TGV,NON,9704,16:55,SUD EST,BEZIERS,BARCELONEPA,FRBZR,15:30,ESFIR
7845,2023-06-12,GIRONA,NON,9704,17:24,SUD EST,SETE,BARCELONEPA,FRXSY,15:13,ESGRO
7846,2023-06-12,MODANE,NON,9249,21:49,INTERNATIONAL,MILANO P GARIBALDI,PAITALIE,ITMPG,18:55,FRAGR
7847,2023-06-12,ST JEAN DE MAURIENNE ARVAN,NON,9249,19:23,INTERNATIONAL,OULX CESANA CLAV SESTRIERE,PAITALIE,ITOCS,18:25,FRHPN
7848,2023-06-12,PARIS (intramuros),NON,9249,18:49,INTERNATIONAL,MODANE,PAITALIE,FRAGR,14:44,FRPLY
7849,2023-06-12,PARIS (intramuros),NON,9249,18:24,INTERNATIONAL,ST JEAN DE MAURIENNE ARVAN,PAITALIE,FRHPN,14:44,FRPLY
7850,2023-06-12,PARIS (intramuros),NON,9249,20:22,INTERNATIONAL,TORINO PORTA SUSA,PAITALIE,ITTRS,14:44,FRPLY
7851,2023-06-12,ASSIER,NON,3754,06:50,IC NUIT,PARIS (intramuros),OCCITANPAR,FRPAZ,00:13,FRFSD
7852,2023-06-12,SOUILLAC,NON,3750,06:50,IC NUIT,PARIS (intramuros),OCCITANPAR,FRPAZ,00:17,FRSOU
7853,2023-06-12,LOURDES,NON,3740,05:16,IC NUIT,LES AUBRAIS ORLEANS,PALOMBEPAR,FRLAB,19:53,FRLDE
7854,2023-06-12,TARBES,NON,3740,06:33,IC NUIT,PARIS (intramuros),PALOMBEPAR,FRPAZ,20:08,FRXTB
7855,2023-06-12,SARREBRUCK/SAARBRUECKEN,NON,9555,19:35,INTERNATIONAL,KAISERSLAUTERN HBF,PAFRANC,DEKLT,18:59,DESBK
7856,2023-06-12,SARREBRUCK/SAARBRUECKEN,NON,9555,20:17,INTERNATIONAL,MANNHEIM HBF,PAFRANC,DEMHG,18:59,DESBK
7857,2023-06-12,STUTTGART HBF,NON,9574,11:30,INTERNATIONAL,KARLSRUHE HBF,MUNSTUTPA,DEQKA,10:52,DESGT
7858,2023-06-12,LILLE (intramuros),NON,5240,21:21,NORD,ANGOULEME,JCNORDAQUI,FRANG,17:16,FRADJ
7859,2023-06-12,MASSY TGV,NON,5240,22:02,NORD,BORDEAUX ST JEAN,JCNORDAQUI,FRBOJ,19:09,FRDJU
7860,2023-06-12,MARNE LA VALLEE CHESSY,NON,5240,20:06,NORD,ST PIERRE DES CORPS,JCNORDAQUI,FRXSH,18:32,FRMLV
7861,2023-06-12,ST PIERRE DES CORPS,OUI,5240,20:40,NORD,POITIERS,JCNORDAQUI,FRPIS,20:10,FRXSH
7862,2023-06-12,FORBACH,NON,9557,22:17,INTERNATIONAL,MANNHEIM HBF,PAFRANC,DEMHG,20:49,FRBQT
7863,2023-06-12,PARIS (intramuros),NON,9557,20:47,INTERNATIONAL,FORBACH,PAFRANC,FRBQT,19:07,FRPST
7864,2023-06-12,KAISERSLAUTERN HBF,NON,9552,16:54,INTERNATIONAL,PARIS (intramuros),FRANCPA,FRPST,14:24,DEKLT
7865,2023-06-12,MANNHEIM HBF,NON,9552,16:54,INTERNATIONAL,PARIS (intramuros),FRANCPA,FRPST,13:42,DEMHG
7866,2023-06-12,SARREBRUCK/SAARBRUECKEN,NON,9552,16:54,INTERNATIONAL,PARIS (intramuros),FRANCPA,FRPST,15:03,DESBK
7867,2023-06-12,MODANE,NON,9240,09:36,INTERNATIONAL,ST JEAN DE MAURIENNE ARVAN,ITALIEPA,FRHPN,09:13,FRAGR
7868,2023-06-12,MODANE,NON,9240,13:14,INTERNATIONAL,PARIS (intramuros),ITALIEPA,FRPLY,09:13,FRAGR
7869,2023-06-12,MACON LOCHE TGV,NON,9240,13:14,INTERNATIONAL,PARIS (intramuros),ITALIEPA,FRPLY,11:43,FRMLT
7870,2023-06-12,MILANO P GARIBALDI,NON,9240,09:03,INTERNATIONAL,MODANE,ITALIEPA,FRAGR,06:00,ITMPG
7871,2023-06-12,OULX CESANA CLAV SESTRIERE,NON,9240,09:03,INTERNATIONAL,MODANE,ITALIEPA,FRAGR,08:36,ITOCS
7872,2023-06-12,TORINO PORTA SUSA,NON,9240,13:14,INTERNATIONAL,PARIS (intramuros),ITALIEPA,FRPLY,07:36,ITTRS
7873,2023-06-12,CHAMPAGNE-ARDENNE,OUI,9894,20:08,NORD,LILLE (intramuros),JCESTNORD,FRLLE,18:35,FREAH
7874,2023-06-12,MEUSE TGV,OUI,9894,19:06,NORD,AEROPORT CDG2 TGV ROISSY,JCESTNORD,FRMLW,18:09,FREAJ
7875,2023-06-12,LORRAINE TGV,OUI,9894,21:01,NORD,BRUXELLES MIDI BRUSSEL ZUID,JCESTNORD,BEBMI,17:42,FREAM
7876,2023-06-12,LORRAINE TGV,OUI,9894,18:01,NORD,MEUSE TGV,JCESTNORD,FREAJ,17:42,FREAM
7877,2023-06-12,MEUSE TGV,OUI,9894,19:38,NORD,TGV HAUTE PICARDIE,JCESTNORD,FRTHP,18:09,FREAJ
7878,2023-06-12,STUTTGART HBF,NON,9578,07:30,INTERNATIONAL,KARLSRUHE HBF,MUNSTUTPA,DEQKA,06:52,DESGT
7879,2023-06-12,HENDAYE,OUI,8534,10:46,ATLANTIQUE,DAX,SUDOUESTPA,FRACG,09:36,FRAEF
7880,2023-06-12,HENDAYE,OUI,8534,09:59,ATLANTIQUE,BIARRITZ,SUDOUESTPA,FRBIQ,09:36,FRAEF
7881,2023-06-12,BIARRITZ,OUI,8534,10:46,ATLANTIQUE,DAX,SUDOUESTPA,FRACG,10:02,FRBIQ
7882,2023-06-12,BIARRITZ,OUI,8534,10:14,ATLANTIQUE,BAYONNE,SUDOUESTPA,FRXBY,10:02,FRBIQ
7883,2023-06-12,BAYONNE,OUI,8534,10:46,ATLANTIQUE,DAX,SUDOUESTPA,FRACG,10:17,FRXBY
7884,2023-06-12,ST JEAN DE LUZ CIBOURE,OUI,8534,12:06,ATLANTIQUE,BORDEAUX ST JEAN,SUDOUESTPA,FRBOJ,09:49,FRXJZ
7885,2023-06-12,ST JEAN DE LUZ CIBOURE,OUI,8534,10:14,ATLANTIQUE,BAYONNE,SUDOUESTPA,FRXBY,09:49,FRXJZ
7886,2023-06-12,VENDOME VILLIERS SUR LOIR,NON,8321,20:45,ATLANTIQUE,TOURS,PAROCHELLE,FRAFW,20:16,FRESL
7887,2023-06-12,VENDOME VILLIERS SUR LOIR,NON,8321,20:35,ATLANTIQUE,ST PIERRE DES CORPS,PAROCHELLE,FRXSH,20:16,FRESL
7888,2023-06-12,MOULINS SUR ALLIER,NON,5962,11:57,IC ARO,PARIS (intramuros),CLERMONTPA,FRPBE,09:31,FRXMU
7889,2023-06-12,LIMOGES BENEDICTINS,NON,3650,16:18,IC ARO,LES AUBRAIS ORLEANS,TOULOUZECO,FRLAB,13:51,FRAGQ
7890,2023-06-12,LIMOGES BENEDICTINS,NON,3650,14:24,IC ARO,LA SOUTERRAINE,TOULOUZECO,FRLST,13:51,FRAGQ
7891,2023-06-12,CHATEAUROUX,NON,3650,17:22,IC ARO,PARIS (intramuros),TOULOUZECO,FRPAZ,15:03,FRCHR
7892,2023-06-12,GOURDON,OUI,3650,12:45,IC ARO,BRIVE LA GAILLARDE,TOULOUZECO,FRBVE,12:02,FRFSI
7893,2023-06-12,LA SOUTERRAINE,NON,3650,15:01,IC ARO,CHATEAUROUX,TOULOUZECO,FRCHR,14:26,FRLST
7894,2023-06-12,LA SOUTERRAINE,NON,3650,16:18,IC ARO,LES AUBRAIS ORLEANS,TOULOUZECO,FRLAB,14:26,FRLST
7895,2023-06-12,SOUILLAC,NON,3650,15:37,IC ARO,VIERZON VILLE,TOULOUZECO,FRXVZ,12:19,FRSOU
7896,2023-06-12,MONTAUBAN VILLE BOURBON,OUI,3650,13:48,IC ARO,LIMOGES BENEDICTINS,TOULOUZECO,FRAGQ,10:54,FRXMW
7897,2023-06-12,TOULOUSE MATABIAU,NON,3650,17:22,IC ARO,PARIS (intramuros),TOULOUZECO,FRPAZ,10:22,FRXYT
7898,2023-06-12,CAHORS,OUI,3650,12:00,IC ARO,GOURDON,TOULOUZECO,FRFSI,11:35,FRZAO
7899,2023-06-12,CAHORS,OUI,3650,12:17,IC ARO,SOUILLAC,TOULOUZECO,FRSOU,11:35,FRZAO
7900,2023-06-12,SOUILLAC,NON,3650,14:24,IC ARO,LA SOUTERRAINE,TOULOUZECO,FRLST,12:19,FRSOU
7901,2023-06-12,GOURDON,NON,3650,14:24,IC ARO,LA SOUTERRAINE,TOULOUZECO,FRLST,12:02,FRFSI
7902,2023-06-12,LIMOGES BENEDICTINS,OUI,3614,06:30,IC ARO,LA SOUTERRAINE,TOULOUZECO,FRLST,05:56,FRAGQ
7903,2023-06-12,ARGENTON SUR CREUSE,OUI,3614,07:11,IC ARO,CHATEAUROUX,TOULOUZECO,FRCHR,06:56,FRFMT
7904,2023-06-12,ARGENTON SUR CREUSE,OUI,3614,09:22,IC ARO,PARIS (intramuros),TOULOUZECO,FRPAZ,06:56,FRFMT
7905,2023-06-12,ARGENTON SUR CREUSE,OUI,3614,07:48,IC ARO,VIERZON VILLE,TOULOUZECO,FRXVZ,06:56,FRFMT
7906,2023-06-12,PARIS (intramuros),NON,8637,21:29,ATLANTIQUE,BREST,PARISBRETA,FRBES,17:56,FRPMO
7907,2023-06-12,PARIS (intramuros),NON,8637,19:25,ATLANTIQUE,RENNES,PARISBRETA,FRRNS,17:56,FRPMO
7908,2023-06-12,ST BRIEUC,OUI,8637,21:29,ATLANTIQUE,BREST,PARISBRETA,FRBES,20:19,FRSBK
7909,2023-06-12,RENNES,OUI,8072,06:45,ATLANTIQUE,LE MANS,BRETAPARIS,FRAET,05:32,FRRNS
7910,2023-06-12,RENNES,NON,8072,07:48,ATLANTIQUE,PARIS (intramuros),BRETAPARIS,FRPMO,05:32,FRRNS
7911,2023-06-12,RENNES,OUI,8072,05:52,ATLANTIQUE,VITRE,BRETAPARIS,FRXVT,05:32,FRRNS
7912,2023-06-12,AIX EN PROVENCE TGV,NON,6801,08:14,SUD EST,MARSEILLE ST CHARLES,JCPROVSUD,FRMSC,08:03,FRAIE
7913,2023-06-12,AIX EN PROVENCE TGV,NON,6801,09:49,SUD EST,LES ARCS DRAGUIGNAN,JCPROVSUD,FRXRS,08:03,FRAIE
7914,2023-06-12,AVIGNON TGV,NON,6801,08:14,SUD EST,MARSEILLE ST CHARLES,JCPROVSUD,FRMSC,07:38,FRAVG
7915,2023-06-12,CANNES,NON,6801,11:06,SUD EST,NICE VILLE,JCPROVSUD,FRNIC,10:39,FRJCA
7916,2023-06-12,CANNES,NON,6801,10:47,SUD EST,ANTIBES,JCPROVSUD,FRXAT,10:39,FRJCA
7917,2023-06-12,LYON (intramuros),NON,6801,11:06,SUD EST,NICE VILLE,JCPROVSUD,FRNIC,06:04,FRLPD
7918,2023-06-12,LYON (intramuros),NON,6801,09:49,SUD EST,LES ARCS DRAGUIGNAN,JCPROVSUD,FRXRS,06:04,FRLPD
7919,2023-06-12,TOULON,NON,6801,10:35,SUD EST,CANNES,JCPROVSUD,FRJCA,09:15,FRTLN
7920,2023-06-12,TOULON,NON,6801,09:49,SUD EST,LES ARCS DRAGUIGNAN,JCPROVSUD,FRXRS,09:15,FRTLN
7921,2023-06-12,VALENCE TGV RHONE-ALPES SUD,NON,6801,08:00,SUD EST,AIX EN PROVENCE TGV,JCPROVSUD,FRAIE,07:00,FRVLA
7922,2023-06-12,VALENCE TGV RHONE-ALPES SUD,NON,6801,10:47,SUD EST,ANTIBES,JCPROVSUD,FRXAT,07:00,FRVLA
7923,2023-06-12,ST RAPHAEL VALESCURE,NON,6801,10:35,SUD EST,CANNES,JCPROVSUD,FRJCA,10:09,FRXSK
7924,2023-06-12,ANGERS ST LAUD,OUI,8973,13:14,ATLANTIQUE,LES SABLES D'OLONNE,PARISLOIRE,FRLSO,11:16,FRACL
7925,2023-06-12,LE MANS,NON,8973,11:13,ATLANTIQUE,ANGERS ST LAUD,PARISLOIRE,FRACL,10:36,FRAET
7926,2023-06-12,LE MANS,NON,8973,13:14,ATLANTIQUE,LES SABLES D'OLONNE,PARISLOIRE,FRLSO,10:36,FRAET
7927,2023-06-12,NANTES,OUI,8973,13:14,ATLANTIQUE,LES SABLES D'OLONNE,PARISLOIRE,FRLSO,12:05,FRNTE
7928,2023-06-12,PARIS (intramuros),NON,8973,11:13,ATLANTIQUE,ANGERS ST LAUD,PARISLOIRE,FRACL,09:36,FRPMO
7929,2023-06-12,LYON (intramuros),NON,6628,18:46,SUD EST,LE CREUSOT MONTCEAU MONTCHANIN,RHONEPARIS,FRXCC,18:04,FRLPD
7930,2023-06-12,LYON (intramuros),OUI,6628,17:58,SUD EST,LYON (intramuros),RHONEPARIS,FRLPD,17:50,FRLPE
7931,2023-06-12,LYON (intramuros),NON,6628,18:46,SUD EST,LE CREUSOT MONTCEAU MONTCHANIN,RHONEPARIS,FRXCC,17:50,FRLPE
7932,2023-06-12,PARIS (intramuros),NON,6077,19:26,SUD EST,CANNES,PAAZUR,FRJCA,14:08,FRPLY
7933,2023-06-12,ANTIBES,OUI,6077,19:58,SUD EST,NICE VILLE,PAAZUR,FRNIC,19:42,FRXAT
7934,2023-06-12,NEVERS,NON,5978,19:57,IC ARO,PARIS (intramuros),CLERMONTPA,FRPBE,18:00,FRNVS
7935,2023-06-12,VICHY,NON,5978,17:29,IC ARO,MOULINS SUR ALLIER,CLERMONTPA,FRXMU,17:06,FRVHY
7936,2023-06-12,LE CROISIC,NON,8922,16:23,ATLANTIQUE,LE MANS,LOIREPARIS,FRAET,13:53,FREGU
7937,2023-06-12,LA BAULE ESCOUBLAC,OUI,8922,14:21,ATLANTIQUE,ST NAZAIRE,LOIREPARIS,FRSNR,14:07,FRJEE
7938,2023-06-12,ST NAZAIRE,NON,8922,15:41,ATLANTIQUE,ANGERS ST LAUD,LOIREPARIS,FRACL,14:24,FRSNR
7939,2023-06-12,ST NAZAIRE,OUI,8922,14:59,ATLANTIQUE,NANTES,LOIREPARIS,FRNTE,14:24,FRSNR
7940,2023-06-12,BORDEAUX ST JEAN,NON,3858,19:53,IC SRO,ROCHEFORT,BORDONANTE,FRRCO,17:53,FRBOJ
7941,2023-06-12,JONZAC,NON,3858,20:15,IC SRO,LA ROCHELLE VILLE,BORDONANTE,FRLRH,18:41,FREMR
7942,2023-06-12,JONZAC,NON,3858,19:23,IC SRO,SAINTES,BORDONANTE,FRXST,18:41,FREMR
7943,2023-06-12,ROCHEFORT,NON,3858,21:22,IC SRO,LA ROCHE SUR YON,BORDONANTE,FRXRO,19:55,FRRCO
7944,2023-06-12,SAINTES,NON,3858,21:22,IC SRO,LA ROCHE SUR YON,BORDONANTE,FRXRO,19:25,FRXST
7945,2023-06-12,PARIS (intramuros),NON,2747,18:14,EST,REIMS,PABARSED,FRRHE,17:28,FRPST
7946,2023-06-12,STRASBOURG,NON,9579,21:04,INTERNATIONAL,STUTTGART HBF,PASTUTMUN,DESGT,19:46,FRAEG
7947,2023-06-12,BORDEAUX ST JEAN,NON,4657,12:52,IC ARO,MONTPELLIER SAINT-ROCH,TJOURSOSE,FRMPL,08:26,FRBOJ
7948,2023-06-12,BORDEAUX ST JEAN,NON,4657,14:38,IC ARO,MARSEILLE ST CHARLES,TJOURSOSE,FRMSC,08:26,FRBOJ
7949,2023-06-12,MARMANDE,NON,4657,12:52,IC ARO,MONTPELLIER SAINT-ROCH,TJOURSOSE,FRMPL,09:04,FRXMR
7950,2023-06-12,MONTAUBAN VILLE BOURBON,NON,4657,13:20,IC ARO,NIMES,TJOURSOSE,FRFNI,10:08,FRXMW
7951,2023-06-12,MONTAUBAN VILLE BOURBON,NON,4657,12:34,IC ARO,SETE,TJOURSOSE,FRXSY,10:08,FRXMW
7952,2023-06-12,NARBONNE,NON,4657,12:34,IC ARO,SETE,TJOURSOSE,FRXSY,12:01,FRXNA
7953,2023-06-12,TOULOUSE MATABIAU,NON,4657,11:27,IC ARO,CARCASSONNE,TJOURSOSE,FRCCF,10:45,FRXYT
7954,2023-06-12,STRASBOURG,NON,2362,19:05,EST,PARIS (intramuros),MULHSTRAPA,FRPST,17:19,FRAEG
7955,2023-06-12,GUINGAMP,OUI,8642,18:38,ATLANTIQUE,ST BRIEUC,BRETAPARIS,FRSBK,18:24,FRGGP
7956,2023-06-12,MORLAIX,OUI,8642,19:29,ATLANTIQUE,RENNES,BRETAPARIS,FRRNS,17:55,FRMXN
7957,2023-06-12,ST BRIEUC,NON,8642,21:08,ATLANTIQUE,PARIS (intramuros),BRETAPARIS,FRPMO,18:41,FRSBK
7958,2023-06-12,AIX EN PROVENCE TGV,NON,9854,07:07,NORD,AVIGNON TGV,JCSUDNORD,FRAVG,06:47,FRAIE
7959,2023-06-12,AIX EN PROVENCE TGV,NON,9854,11:27,NORD,LILLE (intramuros),JCSUDNORD,FRLLE,06:47,FRAIE
7960,2023-06-12,AVIGNON TGV,NON,9854,12:11,NORD,BRUXELLES MIDI BRUSSEL ZUID,JCSUDNORD,BEBMI,07:12,FRAVG
7961,2023-06-12,AVIGNON TGV,NON,9854,08:20,NORD,LYON (intramuros),JCSUDNORD,FRLPD,07:12,FRAVG
7962,2023-06-12,MARNE LA VALLEE CHESSY,NON,9854,10:32,NORD,AEROPORT CDG2 TGV ROISSY,JCSUDNORD,FRMLW,10:23,FRMLV
7963,2023-06-12,AEROPORT CDG2 TGV ROISSY,NON,9854,12:11,NORD,BRUXELLES MIDI BRUSSEL ZUID,JCSUDNORD,BEBMI,10:38,FRMLW
7964,2023-06-12,BEZIERS,NON,4758,12:01,IC ARO,NARBONNE,TJOURSESO,FRXNA,11:47,FRBZR
7965,2023-06-12,NIMES,NON,4758,12:34,IC ARO,CARCASSONNE,TJOURSESO,FRCCF,10:38,FRFNI
7966,2023-06-12,NIMES,NON,4758,13:54,IC ARO,MONTAUBAN VILLE BOURBON,TJOURSESO,FRXMW,10:38,FRFNI
7967,2023-06-12,MONTPELLIER SAINT-ROCH,NON,4758,14:59,IC ARO,MARMANDE,TJOURSESO,FRXMR,11:07,FRMPL
7968,2023-06-12,MARSEILLE ST CHARLES,NON,4758,11:44,IC ARO,BEZIERS,TJOURSESO,FRBZR,09:27,FRMSC
7969,2023-06-12,DIJON VILLE,NON,5537,21:59,EST,CANNES,JCRHINRHON,FRJCA,16:20,FRABA
7970,2023-06-12,DIJON VILLE,NON,5537,20:41,EST,TOULON,JCRHINRHON,FRTLN,16:20,FRABA
7971,2023-06-12,STRASBOURG,OUI,5537,16:04,EST,DIJON VILLE,JCRHINRHON,FRABA,13:37,FRAEG
7972,2023-06-12,STRASBOURG,NON,5537,21:59,EST,CANNES,JCRHINRHON,FRJCA,13:37,FRAEG
7973,2023-06-12,STRASBOURG,NON,5537,22:30,EST,NICE VILLE,JCRHINRHON,FRNIC,13:37,FRAEG
7974,2023-06-12,STRASBOURG,NON,5537,21:34,EST,ST RAPHAEL VALESCURE,JCRHINRHON,FRXSK,13:37,FRAEG
7975,2023-06-12,COLMAR,NON,5537,19:10,EST,AVIGNON TGV,JCRHINRHON,FRAVG,14:05,FRAEJ
7976,2023-06-12,COLMAR,NON,5537,19:45,EST,MARSEILLE ST CHARLES,JCRHINRHON,FRMSC,14:05,FRAEJ
7977,2023-06-12,COLMAR,NON,5537,20:41,EST,TOULON,JCRHINRHON,FRTLN,14:05,FRAEJ
7978,2023-06-12,MULHOUSE VILLE,OUI,5537,15:02,EST,BELFORT-MONTBELIARD TGV,JCRHINRHON,FRTJA,14:41,FRAEK
7979,2023-06-12,MULHOUSE VILLE,OUI,5537,15:29,EST,BESANCON - F COMTE TGV,JCRHINRHON,FRTJB,14:41,FRAEK
7980,2023-06-12,MULHOUSE VILLE,NON,5537,22:11,EST,ANTIBES,JCRHINRHON,FRXAT,14:41,FRAEK
7981,2023-06-12,MULHOUSE VILLE,NON,5537,21:17,EST,LES ARCS DRAGUIGNAN,JCRHINRHON,FRXRS,14:41,FRAEK
7982,2023-06-12,AIX EN PROVENCE TGV,NON,5537,20:41,EST,TOULON,JCRHINRHON,FRTLN,19:33,FRAIE
7983,2023-06-12,AVIGNON TGV,NON,5537,21:59,EST,CANNES,JCRHINRHON,FRJCA,19:12,FRAVG
7984,2023-06-12,AVIGNON TGV,NON,5537,22:11,EST,ANTIBES,JCRHINRHON,FRXAT,19:12,FRAVG
7985,2023-06-12,NANCY,OUI,5537,16:04,EST,DIJON VILLE,JCRHINRHON,FRABA,12:26,FRENC
7986,2023-06-12,LYON (intramuros),NON,5537,19:10,EST,AVIGNON TGV,JCRHINRHON,FRAVG,18:04,FRLPD
7987,2023-06-12,LYON (intramuros),NON,5537,19:45,EST,MARSEILLE ST CHARLES,JCRHINRHON,FRMSC,18:04,FRLPD
7988,2023-06-12,LYON (intramuros),NON,5537,22:30,EST,NICE VILLE,JCRHINRHON,FRNIC,18:04,FRLPD
7989,2023-06-12,LYON (intramuros),NON,5537,20:41,EST,TOULON,JCRHINRHON,FRTLN,18:04,FRLPD
7990,2023-06-12,LYON (intramuros),NON,5537,21:34,EST,ST RAPHAEL VALESCURE,JCRHINRHON,FRXSK,18:04,FRLPD
7991,2023-06-12,MARSEILLE ST CHARLES,OUI,5537,22:30,EST,NICE VILLE,JCRHINRHON,FRNIC,19:57,FRMSC
7992,2023-06-12,BELFORT-MONTBELIARD TGV,NON,5537,19:45,EST,MARSEILLE ST CHARLES,JCRHINRHON,FRMSC,15:06,FRTJA
7993,2023-06-12,BESANCON - F COMTE TGV,NON,5537,17:56,EST,LYON (intramuros),JCRHINRHON,FRLPD,15:36,FRTJB
7994,2023-06-12,BEAUNE,NON,5537,19:10,EST,AVIGNON TGV,JCRHINRHON,FRAVG,16:42,FRXBV
7995,2023-06-12,BEAUNE,NON,5537,20:41,EST,TOULON,JCRHINRHON,FRTLN,16:42,FRXBV
7996,2023-06-12,LES ARCS DRAGUIGNAN,OUI,5537,22:30,EST,NICE VILLE,JCRHINRHON,FRNIC,21:20,FRXRS
7997,2023-06-12,LES ARCS DRAGUIGNAN,OUI,5537,21:34,EST,ST RAPHAEL VALESCURE,JCRHINRHON,FRXSK,21:20,FRXRS
7998,2023-06-12,ST RAPHAEL VALESCURE,OUI,5537,21:59,EST,CANNES,JCRHINRHON,FRJCA,21:37,FRXSK
7999,2023-06-12,ST RAPHAEL VALESCURE,OUI,5537,22:30,EST,NICE VILLE,JCRHINRHON,FRNIC,21:37,FRXSK
8000,2023-06-12,BESANCON - F COMTE TGV,NON,5537,21:17,EST,LES ARCS DRAGUIGNAN,JCRHINRHON,FRXRS,15:36,FRTJB
8001,2023-06-12,NANCY,OUI,5537,14:30,EST,MULHOUSE VILLE,JCRHINRHON,FRAEK,12:26,FRENC
8002,2023-06-12,BELFORT-MONTBELIARD TGV,NON,5537,22:30,EST,NICE VILLE,JCRHINRHON,FRNIC,15:06,FRTJA
8003,2023-06-12,STRASBOURG,NON,5537,16:39,EST,BEAUNE,JCRHINRHON,FRXBV,13:37,FRAEG
8004,2023-06-12,ST BRIEUC,OUI,8604,08:29,ATLANTIQUE,RENNES,BRETAPARIS,FRRNS,07:41,FRSBK
8005,2023-06-12,LYON-SAINT EXUPERY TGV,OUI,6902,08:46,SUD EST,PARIS (intramuros),GRENOBLEPA,FRPLY,06:55,FRJDQ
8006,2023-06-12,LYON (intramuros),NON,6620,14:46,SUD EST,LE CREUSOT MONTCEAU MONTCHANIN,RHONEPARIS,FRXCC,14:04,FRLPD
8007,2023-06-12,SEDAN,OUI,2730,15:01,EST,PARIS (intramuros),SEDBARPA,FRPST,12:53,FRXSW
8008,2023-06-12,SEDAN,OUI,2730,13:07,EST,CHARLEVILLE MEZIERES,SEDBARPA,FRXCZ,12:53,FRXSW
8009,2023-06-12,AGEN,NON,4663,19:23,IC ARO,NIMES,TJOURSOSE,FRFNI,15:30,FRAGF
8010,2023-06-12,AGEN,NON,4663,16:05,IC ARO,MONTAUBAN VILLE BOURBON,TJOURSOSE,FRXMW,15:30,FRAGF
8011,2023-06-12,BORDEAUX ST JEAN,NON,4663,16:39,IC ARO,TOULOUSE MATABIAU,TJOURSOSE,FRXYT,14:26,FRBOJ
8012,2023-06-12,CARCASSONNE,NON,4663,18:14,IC ARO,BEZIERS,TJOURSOSE,FRBZR,17:29,FRCCF
8013,2023-06-12,MONTAUBAN VILLE BOURBON,NON,4663,19:23,IC ARO,NIMES,TJOURSOSE,FRFNI,16:07,FRXMW
8014,2023-06-12,NARBONNE,NON,4663,20:36,IC ARO,MARSEILLE ST CHARLES,TJOURSOSE,FRMSC,18:01,FRXNA
8015,2023-06-12,TOULOUSE MATABIAU,NON,4663,18:54,IC ARO,MONTPELLIER SAINT-ROCH,TJOURSOSE,FRMPL,16:44,FRXYT
8016,2023-06-12,PARIS (intramuros),NON,6687,18:56,SUD EST,LYON (intramuros),PARISRHONE,FRLPD,16:58,FRPLY
8017,2023-06-12,QUIMPERLE,NON,8702,09:08,ATLANTIQUE,PARIS (intramuros),BRETAPARIS,FRPMO,05:43,FRECO
8018,2023-06-12,LORIENT,OUI,8702,06:12,ATLANTIQUE,AURAY,BRETAPARIS,FRXUY,05:57,FRLRT
8019,2023-06-12,ROSPORDEN,OUI,8702,07:25,ATLANTIQUE,RENNES,BRETAPARIS,FRRNS,05:27,FRRSP
8020,2023-06-12,QUIMPER,OUI,8702,05:40,ATLANTIQUE,QUIMPERLE,BRETAPARIS,FRECO,05:13,FRUIP
8021,2023-06-12,QUIMPER,NON,8702,09:08,ATLANTIQUE,PARIS (intramuros),BRETAPARIS,FRPMO,05:13,FRUIP
8022,2023-06-12,QUIMPER,OUI,8702,05:25,ATLANTIQUE,ROSPORDEN,BRETAPARIS,FRRSP,05:13,FRUIP
8023,2023-06-12,VANNES,NON,8702,09:08,ATLANTIQUE,PARIS (intramuros),BRETAPARIS,FRPMO,06:28,FRVNE
8024,2023-06-12,STRASBOURG,NON,2054,07:30,EST,MEUSE TGV,MULHSTRAPA,FREAJ,06:40,FRAEG
8025,2023-06-12,MEUSE TGV,NON,2054,08:35,EST,PARIS (intramuros),MULHSTRAPA,FRPST,07:33,FREAJ
8026,2023-06-12,PARIS (intramuros),NON,7265,11:41,NORD,ARRAS,PAARRAS,FRQRV,10:52,FRPNO
8027,2023-06-12,DOUAI,OUI,7134,19:08,NORD,PARIS (intramuros),ARRASPA,FRPNO,17:51,FRXDN
8028,2023-06-12,LAUSANNE,NON,9270,17:57,INTERNATIONAL,DOLE VILLE,SUISPA,FRACE,16:23,CHAJF
8029,2023-06-12,ST GAUDENS,NON,14151,15:10,IC SRO,TARBES,SUDOUEST,FRXTB,14:28,FRFPH
8030,2023-06-12,ORTHEZ,NON,14151,17:26,IC SRO,BAYONNE,SUDOUEST,FRXBY,16:20,FRGFI
8031,2023-06-12,TARBES,NON,14151,17:26,IC SRO,BAYONNE,SUDOUEST,FRXBY,15:13,FRXTB
8032,2023-06-12,ANGOULEME,NON,5260,09:27,NORD,MARNE LA VALLEE CHESSY,JCAQUINORD,FRMLV,06:36,FRANG
8033,2023-06-12,BORDEAUX ST JEAN,NON,5260,08:49,NORD,MASSY TGV,JCAQUINORD,FRDJU,05:58,FRBOJ
8034,2023-06-12,MASSY TGV,OUI,5260,10:40,NORD,LILLE (intramuros),JCAQUINORD,FRADJ,08:55,FRDJU
8035,2023-06-12,MASSY TGV,OUI,5260,09:41,NORD,AEROPORT CDG2 TGV ROISSY,JCAQUINORD,FRMLW,08:55,FRDJU
8036,2023-06-12,POITIERS,NON,5260,08:49,NORD,MASSY TGV,JCAQUINORD,FRDJU,07:19,FRPIS
8037,2023-06-12,VALENCE TGV RHONE-ALPES SUD,NON,6050,18:12,SUD EST,PARIS (intramuros),LANGPA,FRPLY,15:54,FRVLA
8038,2023-06-12,MONTPELLIER SUD DE FRANCE,NON,6050,15:51,SUD EST,VALENCE TGV RHONE-ALPES SUD,LANGPA,FRVLA,14:50,FRSUF
8039,2023-06-12,MONTPELLIER SUD DE FRANCE,NON,6050,18:12,SUD EST,PARIS (intramuros),LANGPA,FRPLY,14:50,FRSUF
8040,2023-06-12,NIMES PONT DU GARD,NON,6050,18:12,SUD EST,PARIS (intramuros),LANGPA,FRPLY,15:15,FRXZP
8041,2023-06-12,BEZIERS,NON,4764,18:01,IC ARO,NARBONNE,TJOURSESO,FRXNA,17:48,FRBZR
8042,2023-06-12,CARCASSONNE,NON,4764,20:58,IC ARO,MARMANDE,TJOURSESO,FRXMR,18:36,FRCCF
8043,2023-06-12,NIMES,NON,4764,18:34,IC ARO,CARCASSONNE,TJOURSESO,FRCCF,16:38,FRFNI
8044,2023-06-12,MONTPELLIER SAINT-ROCH,NON,4764,18:34,IC ARO,CARCASSONNE,TJOURSESO,FRCCF,17:08,FRMPL
8045,2023-06-12,MONTPELLIER SAINT-ROCH,NON,4764,19:18,IC ARO,TOULOUSE MATABIAU,TJOURSESO,FRXYT,17:08,FRMPL
8046,2023-06-12,MARSEILLE ST CHARLES,NON,4764,17:45,IC ARO,BEZIERS,TJOURSESO,FRBZR,15:27,FRMSC
8047,2023-06-12,MARSEILLE ST CHARLES,NON,4764,16:35,IC ARO,NIMES,TJOURSESO,FRFNI,15:27,FRMSC
8048,2023-06-12,MARSEILLE ST CHARLES,NON,4764,18:01,IC ARO,NARBONNE,TJOURSESO,FRXNA,15:27,FRMSC
8049,2023-06-12,NARBONNE,NON,4764,21:39,IC ARO,BORDEAUX ST JEAN,TJOURSESO,FRBOJ,18:04,FRXNA
8050,2023-06-12,NARBONNE,NON,4764,19:53,IC ARO,MONTAUBAN VILLE BOURBON,TJOURSESO,FRXMW,18:04,FRXNA
8051,2023-06-12,NANTES,OUI,8913,12:33,ATLANTIQUE,ST NAZAIRE,PARISLOIRE,FRSNR,12:00,FRNTE
8052,2023-06-12,PARIS (intramuros),NON,8913,13:03,ATLANTIQUE,LE CROISIC,PARISLOIRE,FREGU,09:36,FRPMO
8053,2023-06-12,LYON (intramuros),OUI,6611,13:10,SUD EST,LYON (intramuros),PARISRHONE,FRLPE,13:02,FRLPD
8054,2023-06-12,CHAMBERY CHALLES LES EAUX,NON,9248,23:26,INTERNATIONAL,PARIS (intramuros),ITALIEPA,FRPLY,20:18,FRCMF
8055,2023-06-12,MILANO P GARIBALDI,NON,9248,23:26,INTERNATIONAL,PARIS (intramuros),ITALIEPA,FRPLY,16:10,ITMPG
8056,2023-06-12,TORINO PORTA SUSA,NON,9248,23:26,INTERNATIONAL,PARIS (intramuros),ITALIEPA,FRPLY,17:38,ITTRS
8057,2023-06-12,CHAMBERY CHALLES LES EAUX,NON,6978,17:38,SUD EST,MACON LOCHE TGV,ALPESPARIS,FRMLT,16:23,FRCMF
8058,2023-06-12,CHAMBERY CHALLES LES EAUX,NON,6978,19:14,SUD EST,PARIS (intramuros),ALPESPARIS,FRPLY,16:23,FRCMF
8059,2023-06-12,MACON LOCHE TGV,NON,6978,19:14,SUD EST,PARIS (intramuros),ALPESPARIS,FRPLY,17:41,FRMLT
8060,2023-06-12,ANNECY,NON,6978,17:38,SUD EST,MACON LOCHE TGV,ALPESPARIS,FRMLT,15:31,FRNCY
8061,2023-06-12,AIX LES BAINS LE REVARD,NON,6978,16:10,SUD EST,CHAMBERY CHALLES LES EAUX,ALPESPARIS,FRCMF,15:59,FRXAI
8062,2023-06-12,AIX LES BAINS LE REVARD,NON,6978,19:14,SUD EST,PARIS (intramuros),ALPESPARIS,FRPLY,15:59,FRXAI
8063,2023-06-12,CANNES,OUI,6188,08:50,SUD EST,ST RAPHAEL VALESCURE,AZURPA,FRXSK,08:28,FRJCA
8064,2023-06-12,ST RAPHAEL VALESCURE,NON,6188,13:50,SUD EST,PARIS (intramuros),AZURPA,FRPLY,08:53,FRXSK
8065,2023-06-12,ST RAPHAEL VALESCURE,OUI,6188,09:44,SUD EST,TOULON,AZURPA,FRTLN,08:53,FRXSK
8066,2023-06-12,PARIS (intramuros),OUI,8455,22:26,ATLANTIQUE,ANGOULEME,PASUDOUEST,FRANG,20:36,FRPMO
8067,2023-06-12,LYON (intramuros),NON,6608,10:08,SUD EST,PARIS (intramuros),RHONEPARIS,FRPLY,07:50,FRLPE
8068,2023-06-12,PARIS (intramuros),NON,8519,23:36,ATLANTIQUE,TOULOUSE MATABIAU,PASUDOUEST,FRXYT,19:08,FRPMO
8069,2023-06-12,MONTAUBAN VILLE BOURBON,OUI,8519,23:36,ATLANTIQUE,TOULOUSE MATABIAU,PASUDOUEST,FRXYT,23:05,FRXMW
8070,2023-06-12,REIMS,NON,2706,07:31,EST,PARIS (intramuros),SEDBARPA,FRPST,06:45,FRRHE
8071,2023-06-12,BORDEAUX ST JEAN,NON,8551,21:33,ATLANTIQUE,DAX,PASUDOUEST,FRACG,20:20,FRBOJ
8072,2023-06-12,PARIS (intramuros),NON,8551,22:05,ATLANTIQUE,BAYONNE,PASUDOUEST,FRXBY,18:07,FRPMO
8073,2023-06-12,LOURDES,OUI,3740,05:16,IC NUIT,LES AUBRAIS ORLEANS,PALOMBEPAR,FRLAB,19:53,FRLDE
8074,2023-06-12,ST GAUDENS,OUI,3740,05:16,IC NUIT,LES AUBRAIS ORLEANS,PALOMBEPAR,FRLAB,20:51,FRFPH
8075,2023-06-12,LE MANS,NON,8080,08:48,ATLANTIQUE,PARIS (intramuros),BRETAPARIS,FRPMO,07:48,FRAET
8076,2023-06-12,DOL DE BRETAGNE,NON,8080,08:48,ATLANTIQUE,PARIS (intramuros),BRETAPARIS,FRPMO,06:22,FRDOL
8077,2023-06-12,ORTHEZ,NON,14141,13:31,IC SRO,BAYONNE,SUDOUEST,FRXBY,12:17,FRGFI
8078,2023-06-12,LOURDES,NON,14141,12:15,IC SRO,ORTHEZ,SUDOUEST,FRGFI,11:26,FRLDE
8079,2023-06-12,MONTREJEAU GOURDAN POLIGNAN,NON,14141,11:23,IC SRO,LOURDES,SUDOUEST,FRLDE,10:33,FRMTJ
8080,2023-06-12,TOULOUSE MATABIAU,NON,14141,11:51,IC SRO,PAU,SUDOUEST,FRAEE,09:32,FRXYT
8081,2023-06-12,TOULOUSE MATABIAU,NON,14141,10:31,IC SRO,MONTREJEAU GOURDAN POLIGNAN,SUDOUEST,FRMTJ,09:32,FRXYT
8082,2023-06-12,MASSY TGV,OUI,8003,08:34,ATLANTIQUE,LE MANS,PARISBRETA,FRAET,07:44,FRDJU
8083,2023-06-12,NIMES,NON,6221,11:12,SUD EST,MONTPELLIER SAINT-ROCH,PALANG,FRMPL,10:46,FRFNI
8084,2023-06-12,MODANE,NON,9251,18:15,INTERNATIONAL,TORINO PORTA SUSA,PAITALIE,ITTRS,17:00,FRAGR
8085,2023-06-12,CHAMBERY CHALLES LES EAUX,NON,9251,17:28,INTERNATIONAL,OULX CESANA CLAV SESTRIERE,PAITALIE,ITOCS,15:44,FRCMF
8086,2023-06-12,MACON LOCHE TGV,NON,9251,17:28,INTERNATIONAL,OULX CESANA CLAV SESTRIERE,PAITALIE,ITOCS,14:20,FRMLT
8087,2023-06-12,MACON LOCHE TGV,NON,9251,18:15,INTERNATIONAL,TORINO PORTA SUSA,PAITALIE,ITTRS,14:20,FRMLT
8088,2023-06-12,PARIS (intramuros),NON,9251,19:49,INTERNATIONAL,MILANO P GARIBALDI,PAITALIE,ITMPG,12:44,FRPLY
8089,2023-06-12,PARIS (intramuros),NON,9251,17:28,INTERNATIONAL,OULX CESANA CLAV SESTRIERE,PAITALIE,ITOCS,12:44,FRPLY
8090,2023-06-12,LYON (intramuros),OUI,6669,21:36,SUD EST,LYON (intramuros),PARISRHONE,FRLPE,21:28,FRLPD
8091,2023-06-12,DIJON VILLE,NON,9277,21:37,INTERNATIONAL,LAUSANNE,PASUIS,CHAJF,19:33,FRABA
8092,2023-06-12,DOLE VILLE,NON,9277,20:13,INTERNATIONAL,MOUCHARD,PASUIS,FRMCD,19:57,FRACE
8093,2023-06-12,MOUCHARD,NON,9277,21:37,INTERNATIONAL,LAUSANNE,PASUIS,CHAJF,20:15,FRMCD
8094,2023-06-12,NANCY,OUI,2544,17:05,EST,CHAMPAGNE-ARDENNE,NANCYPA,FREAH,16:11,FRENC
8095,2023-06-12,BOURG EN BRESSE,NON,9768,13:42,INTERNATIONAL,PARIS (intramuros),GENEVEPA,FRPLY,11:52,FRXBK
8096,2023-06-12,LYON-SAINT EXUPERY TGV,NON,6920,17:46,SUD EST,PARIS (intramuros),GRENOBLEPA,FRPLY,15:59,FRJDQ
8097,2023-06-12,STRASBOURG,NON,9573,14:05,INTERNATIONAL,STUTTGART HBF,PASTUTMUN,DESGT,12:46,FRAEG
8098,2023-06-12,HENDAYE,OUI,8530,07:32,ATLANTIQUE,BIARRITZ,SUDOUESTPA,FRBIQ,07:10,FRAEF
8099,2023-06-12,BIARRITZ,NON,8530,11:52,ATLANTIQUE,PARIS (intramuros),SUDOUESTPA,FRPMO,07:35,FRBIQ
8100,2023-06-12,BORDEAUX ST JEAN,NON,8530,11:52,ATLANTIQUE,PARIS (intramuros),SUDOUESTPA,FRPMO,09:46,FRBOJ
8101,2023-06-12,BAYONNE,NON,8530,08:20,ATLANTIQUE,DAX,SUDOUESTPA,FRACG,07:50,FRXBY
8102,2023-06-12,ST JEAN DE LUZ CIBOURE,OUI,8530,07:32,ATLANTIQUE,BIARRITZ,SUDOUESTPA,FRBIQ,07:22,FRXJZ
8103,2023-06-12,ST JEAN DE LUZ CIBOURE,NON,8530,09:40,ATLANTIQUE,BORDEAUX ST JEAN,SUDOUESTPA,FRBOJ,07:22,FRXJZ
8104,2023-06-12,ST JEAN DE LUZ CIBOURE,OUI,8530,07:47,ATLANTIQUE,BAYONNE,SUDOUESTPA,FRXBY,07:22,FRXJZ
8105,2023-06-12,SURGERES,OUI,8375,12:22,ATLANTIQUE,LA ROCHELLE VILLE,PAROCHELLE,FRLRH,12:02,FREIP
8106,2023-06-12,NIORT,NON,8375,12:22,ATLANTIQUE,LA ROCHELLE VILLE,PAROCHELLE,FRLRH,11:41,FRNIT
8107,2023-06-12,POITIERS,NON,8375,12:22,ATLANTIQUE,LA ROCHELLE VILLE,PAROCHELLE,FRLRH,10:53,FRPIS
8108,2023-06-12,POITIERS,NON,8375,11:38,ATLANTIQUE,NIORT,PAROCHELLE,FRNIT,10:53,FRPIS
8109,2023-06-12,PARIS (intramuros),NON,8375,11:59,ATLANTIQUE,SURGERES,PAROCHELLE,FREIP,09:12,FRPMO
8110,2023-06-12,PARIS (intramuros),NON,8375,11:38,ATLANTIQUE,NIORT,PAROCHELLE,FRNIT,09:12,FRPMO
8111,2023-06-12,ST PIERRE DES CORPS,NON,8375,11:21,ATLANTIQUE,ST MAIXENT DEUX SEVRES,PAROCHELLE,FREJC,10:16,FRXSH
8112,2023-06-12,ST PIERRE DES CORPS,NON,8375,11:38,ATLANTIQUE,NIORT,PAROCHELLE,FRNIT,10:16,FRXSH
8113,2023-06-12,ARVANT,NON,15940,16:01,IC SRO,CLERMONT FERRAND,JOUNOREST,FRCFE,15:17,FRARV
8114,2023-06-12,NEUSSARGUES,NON,15940,16:01,IC SRO,CLERMONT FERRAND,JOUNOREST,FRCFE,14:36,FRNEU
8115,2023-06-12,BORDEAUX ST JEAN,NON,8572,13:33,ATLANTIQUE,DAX,PASUDOUEST,FRACG,12:20,FRBOJ
8116,2023-06-12,PARIS (intramuros),NON,8572,12:14,ATLANTIQUE,BORDEAUX ST JEAN,PASUDOUEST,FRBOJ,10:08,FRPMO
8117,2023-06-12,CHAMBERY CHALLES LES EAUX,NON,6937,13:28,SUD EST,ANNECY,PARISALPES,FRNCY,12:49,FRCMF
8118,2023-06-12,PARIS (intramuros),NON,6937,11:16,SUD EST,MACON LOCHE TGV,PARISALPES,FRMLT,09:44,FRPLY
8119,2023-06-12,PARIS (intramuros),NON,6937,13:28,SUD EST,ANNECY,PARISALPES,FRNCY,09:44,FRPLY
8120,2023-06-12,PARIS (intramuros),NON,6937,12:59,SUD EST,AIX LES BAINS LE REVARD,PARISALPES,FRXAI,09:44,FRPLY
8121,2023-06-12,LYON (intramuros),OUI,6612,09:58,SUD EST,LYON (intramuros),RHONEPARIS,FRLPD,09:50,FRLPE
8122,2023-06-12,FRANKFURT MAIN HBF,NON,9568,07:36,INTERNATIONAL,MANNHEIM HBF,FRANCPA,DEMHG,06:56,DEFRH
8123,2023-06-12,FRANKFURT MAIN HBF,NON,9568,08:48,INTERNATIONAL,STRASBOURG,FRANCPA,FRAEG,06:56,DEFRH
8124,2023-06-12,MANNHEIM HBF,NON,9568,10:38,INTERNATIONAL,PARIS (intramuros),FRANCPA,FRPST,07:38,DEMHG
8125,2023-06-12,PARIS (intramuros),NON,2743,16:14,EST,REIMS,PABARSED,FRRHE,15:28,FRPST
8126,2023-06-12,LAVAL,OUI,8081,09:03,ATLANTIQUE,RENNES,PARISBRETA,FRRNS,08:22,FRACR
8127,2023-06-12,PARIS (intramuros),NON,8081,08:19,ATLANTIQUE,LAVAL,PARISBRETA,FRACR,07:04,FRPMO
8128,2023-06-12,DIJON VILLE,NON,9261,11:52,INTERNATIONAL,LAUSANNE,PASUIS,CHAJF,09:35,FRABA
8129,2023-06-12,DOLE VILLE,NON,9261,10:57,INTERNATIONAL,VALLORBE,PASUIS,CHAGL,10:00,FRACE
8130,2023-06-12,DOLE VILLE,NON,9261,10:42,INTERNATIONAL,FRASNE,PASUIS,FRFRA,10:00,FRACE
8131,2023-06-12,FRASNE,NON,9261,10:57,INTERNATIONAL,VALLORBE,PASUIS,CHAGL,10:44,FRFRA
8132,2023-06-12,FRASNE,NON,9261,11:52,INTERNATIONAL,LAUSANNE,PASUIS,CHAJF,10:44,FRFRA
8133,2023-06-12,GENEVE,NON,9780,19:49,INTERNATIONAL,BOURG EN BRESSE,GENEVEPA,FRXBK,18:29,CHGVA
8134,2023-06-12,AIX EN PROVENCE TGV,NON,5386,16:22,SUD EST,LYON (intramuros),JCSUDATL,FRLPD,14:50,FRAIE
8135,2023-06-12,AVIGNON TGV,NON,5386,19:29,SUD EST,LE MANS,JCSUDATL,FRAET,15:15,FRAVG
8136,2023-06-12,LYON (intramuros),NON,5386,20:05,SUD EST,LAVAL,JCSUDATL,FRACR,16:30,FRLPD
8137,2023-06-12,LYON (intramuros),NON,5386,18:34,SUD EST,MASSY TGV,JCSUDATL,FRDJU,16:30,FRLPD
8138,2023-06-12,MARSEILLE ST CHARLES,NON,5386,20:05,SUD EST,LAVAL,JCSUDATL,FRACR,14:36,FRMSC
8139,2023-06-12,MARSEILLE ST CHARLES,NON,5386,15:10,SUD EST,AVIGNON TGV,JCSUDATL,FRAVG,14:36,FRMSC
8140,2023-06-12,BRIVE LA GAILLARDE,OUI,3619,13:40,IC ARO,GOURDON,PALITO,FRFSI,13:00,FRBVE
8141,2023-06-12,CHATEAUROUX,NON,3619,14:49,IC ARO,MONTAUBAN VILLE BOURBON,PALITO,FRXMW,10:41,FRCHR
8142,2023-06-12,LES AUBRAIS ORLEANS,NON,3619,14:34,IC ARO,CAUSSADE TARN ET GARONNE,PALITO,FRFTA,09:30,FRLAB
8143,2023-06-12,SOUILLAC,OUI,3619,15:23,IC ARO,TOULOUSE MATABIAU,PALITO,FRXYT,13:26,FRSOU
8144,2023-06-12,MONTAUBAN VILLE BOURBON,OUI,3619,15:23,IC ARO,TOULOUSE MATABIAU,PALITO,FRXYT,14:51,FRXMW
8145,2023-06-12,VIERZON VILLE,NON,3619,11:53,IC ARO,LIMOGES BENEDICTINS,PALITO,FRAGQ,10:09,FRXVZ
8146,2023-06-12,VIERZON VILLE,NON,3619,11:17,IC ARO,LA SOUTERRAINE,PALITO,FRLST,10:09,FRXVZ
8147,2023-06-12,LA SOUTERRAINE,NON,3619,14:49,IC ARO,MONTAUBAN VILLE BOURBON,PALITO,FRXMW,11:19,FRLST
8148,2023-06-12,LA SOUTERRAINE,NON,3619,14:34,IC ARO,CAUSSADE TARN ET GARONNE,PALITO,FRFTA,11:19,FRLST
8149,2023-06-12,DOUAI,OUI,7116,12:08,NORD,PARIS (intramuros),ARRASPA,FRPNO,10:51,FRXDN
8150,2023-06-12,TOULOUSE MATABIAU,NON,8516,19:39,ATLANTIQUE,BORDEAUX ST JEAN,SUDOUESTPA,FRBOJ,17:19,FRXYT
8151,2023-06-12,TOULOUSE MATABIAU,NON,8516,21:52,ATLANTIQUE,PARIS (intramuros),SUDOUESTPA,FRPMO,17:19,FRXYT
8152,2023-06-12,PARIS (intramuros),NON,9205,10:26,INTERNATIONAL,BASEL SBB,PABALZUR,CHAJP,07:20,FRPLY
8153,2023-06-12,RENNES,NON,8701,09:25,ATLANTIQUE,VANNES,PARISBRETA,FRVNE,08:29,FRRNS
8154,2023-06-12,LYON (intramuros),OUI,6642,06:32,SUD EST,LYON (intramuros),RHONEPARIS,FRLPD,06:24,FRLPE
8155,2023-06-12,PARIS (intramuros),OUI,7155,09:35,NORD,VALENCIENNES,PAARRAS,FRXVS,07:52,FRPNO
8156,2023-06-12,RIOM CHATEL GUYON,NON,5970,14:58,IC ARO,NEVERS,CLERMONTPA,FRNVS,13:42,FRRIO
8157,2023-06-12,RIOM CHATEL GUYON,NON,5970,16:57,IC ARO,PARIS (intramuros),CLERMONTPA,FRPBE,13:42,FRRIO
8158,2023-06-12,VICHY,NON,5970,14:29,IC ARO,MOULINS SUR ALLIER,CLERMONTPA,FRXMU,14:06,FRVHY
8159,2023-06-12,MOULINS SUR ALLIER,NON,5970,14:58,IC ARO,NEVERS,CLERMONTPA,FRNVS,14:31,FRXMU
8160,2023-06-12,BETHUNE,OUI,7346,22:47,NORD,PARIS (intramuros),ARRASPA,FRPNO,21:20,FRXBH
8161,2023-06-12,AIX EN PROVENCE TGV,OUI,6123,20:56,SUD EST,MARSEILLE ST CHARLES,PAPROVENCE,FRMSC,20:44,FRAIE
8162,2023-06-12,PARIS (intramuros),NON,6123,20:41,SUD EST,AIX EN PROVENCE TGV,PAPROVENCE,FRAIE,17:38,FRPLY
8163,2023-06-12,PARIS (intramuros),OUI,7185,20:35,NORD,VALENCIENNES,PAARRAS,FRXVS,18:52,FRPNO
8164,2023-06-12,ST PIERRE DES CORPS,OUI,8355,19:17,ATLANTIQUE,POITIERS,PAROCHELLE,FRPIS,18:42,FRXSH
8165,2023-06-12,AEROPORT CDG2 TGV ROISSY,NON,5062,14:24,NORD,LILLE (intramuros),JCSUDNORD,FRLLE,13:07,FRMLW
8166,2023-06-12,VALENCE TGV RHONE-ALPES SUD,NON,5062,14:24,NORD,LILLE (intramuros),JCSUDNORD,FRLLE,10:15,FRVLA
8167,2023-06-12,VALENCE TGV RHONE-ALPES SUD,NON,5062,12:47,NORD,MARNE LA VALLEE CHESSY,JCSUDNORD,FRMLV,10:15,FRVLA
8168,2023-06-12,MONTPELLIER SUD DE FRANCE,NON,5062,12:47,NORD,MARNE LA VALLEE CHESSY,JCSUDNORD,FRMLV,09:12,FRSUF
8169,2023-06-12,COLMAR,NON,2358,16:35,EST,PARIS (intramuros),MULHSTRAPA,FRPST,14:16,FRAEJ
8170,2023-06-12,MARNE LA VALLEE CHESSY,NON,9838,21:01,NORD,LAVAL,JCNORDBRET,FRACR,19:02,FRMLV
8171,2023-06-12,TGV HAUTE PICARDIE,NON,9838,21:01,NORD,LAVAL,JCNORDBRET,FRACR,18:15,FRTHP
8172,2023-06-12,NIMES,NON,9713,14:58,SUD EST,PERPIGNAN,PABARCELONE,FRPGF,12:49,FRFNI
8173,2023-06-12,MONTPELLIER SAINT-ROCH,NON,9713,14:07,SUD EST,BEZIERS,PABARCELONE,FRBZR,13:20,FRMPL
8174,2023-06-12,MONTPELLIER SAINT-ROCH,NON,9713,14:58,SUD EST,PERPIGNAN,PABARCELONE,FRPGF,13:20,FRMPL
8175,2023-06-12,PARIS (intramuros),NON,9713,14:07,SUD EST,BEZIERS,PABARCELONE,FRBZR,09:40,FRPLY
8176,2023-06-12,PARIS (intramuros),NON,9713,12:45,SUD EST,NIMES,PABARCELONE,FRFNI,09:40,FRPLY
8177,2023-06-12,PARIS (intramuros),NON,9713,14:58,SUD EST,PERPIGNAN,PABARCELONE,FRPGF,09:40,FRPLY
8178,2023-06-12,PARIS (intramuros),NON,9713,13:34,SUD EST,SETE,PABARCELONE,FRXSY,09:40,FRPLY
8179,2023-06-12,VALENCE TGV RHONE-ALPES SUD,NON,9713,14:58,SUD EST,PERPIGNAN,PABARCELONE,FRPGF,12:00,FRVLA
8180,2023-06-12,AGDE,NON,9713,14:58,SUD EST,PERPIGNAN,PABARCELONE,FRPGF,13:55,FRXAG
8181,2023-06-12,NARBONNE,NON,9713,14:58,SUD EST,PERPIGNAN,PABARCELONE,FRPGF,14:27,FRXNA
8182,2023-06-12,PARIS (intramuros),NON,9713,15:27,SUD EST,FIGUERES VILA TGV,PABARCELONE,ESFIR,09:40,FRPLY
8183,2023-06-12,NARBONNE,NON,9713,16:34,SUD EST,BARCELONA SANTS,PABARCELONE,ESBST,14:27,FRXNA
8184,2023-06-12,VALENCE TGV RHONE-ALPES SUD,NON,9713,16:34,SUD EST,BARCELONA SANTS,PABARCELONE,ESBST,12:00,FRVLA
8185,2023-06-12,VALENCE TGV RHONE-ALPES SUD,NON,9713,15:46,SUD EST,GIRONA,PABARCELONE,ESGRO,12:00,FRVLA
8186,2023-06-12,AGDE,NON,9713,15:46,SUD EST,GIRONA,PABARCELONE,ESGRO,13:55,FRXAG
8187,2023-06-12,NARBONNE,NON,9713,15:27,SUD EST,FIGUERES VILA TGV,PABARCELONE,ESFIR,14:27,FRXNA
8188,2023-06-12,MARSEILLE ST CHARLES,OUI,6153,22:11,SUD EST,TOULON,PAAZUR,FRTLN,21:28,FRMSC
8189,2023-06-12,LILLE (intramuros),NON,5026,11:53,NORD,AEROPORT CDG2 TGV ROISSY,JCNORDSUD,FRMLW,11:03,FRLLE
8190,2023-06-12,PARIS (intramuros),OUI,8751,21:25,ATLANTIQUE,RENNES,PARISBRETA,FRRNS,19:54,FRPMO
8191,2023-06-12,ZUERICH HB,NON,9218,12:28,INTERNATIONAL,BASEL SBB,ZURBALPA,CHAJP,11:34,CHAJD
8192,2023-06-12,ZUERICH HB,NON,9218,15:38,INTERNATIONAL,PARIS (intramuros),ZURBALPA,FRPLY,11:34,CHAJD
8193,2023-06-12,MULHOUSE VILLE,NON,9218,15:38,INTERNATIONAL,PARIS (intramuros),ZURBALPA,FRPLY,12:56,FRAEK
8194,2023-06-12,MULHOUSE VILLE,NON,9218,13:17,INTERNATIONAL,BELFORT-MONTBELIARD TGV,ZURBALPA,FRTJA,12:56,FRAEK
8195,2023-06-12,BORDEAUX ST JEAN,NON,8505,15:00,ATLANTIQUE,MONTAUBAN VILLE BOURBON,PASUDOUEST,FRXMW,13:20,FRBOJ
8196,2023-06-12,NIMES,NON,4756,10:33,IC ARO,CARCASSONNE,TJOURSESO,FRCCF,08:43,FRFNI
8197,2023-06-12,NIMES,NON,4756,11:54,IC ARO,MONTAUBAN VILLE BOURBON,TJOURSESO,FRXMW,08:43,FRFNI
8198,2023-06-12,MONTPELLIER SAINT-ROCH,NON,4756,13:37,IC ARO,BORDEAUX ST JEAN,TJOURSESO,FRBOJ,09:11,FRMPL
8199,2023-06-12,MONTPELLIER SAINT-ROCH,NON,4756,11:54,IC ARO,MONTAUBAN VILLE BOURBON,TJOURSESO,FRXMW,09:11,FRMPL
8200,2023-06-12,MONTPELLIER SAINT-ROCH,NON,4756,10:01,IC ARO,NARBONNE,TJOURSESO,FRXNA,09:11,FRMPL
8201,2023-06-12,MARSEILLE ST CHARLES,NON,4756,12:31,IC ARO,AGEN,TJOURSESO,FRAGF,07:22,FRMSC
8202,2023-06-12,MARSEILLE ST CHARLES,NON,4756,13:37,IC ARO,BORDEAUX ST JEAN,TJOURSESO,FRBOJ,07:22,FRMSC
8203,2023-06-12,MONTAUBAN VILLE BOURBON,OUI,4756,13:37,IC ARO,BORDEAUX ST JEAN,TJOURSESO,FRBOJ,11:56,FRXMW
8204,2023-06-12,NARBONNE,NON,4756,13:37,IC ARO,BORDEAUX ST JEAN,TJOURSESO,FRBOJ,10:04,FRXNA
8205,2023-06-12,SETE,NON,4756,13:37,IC ARO,BORDEAUX ST JEAN,TJOURSESO,FRBOJ,09:27,FRXSY
8206,2023-06-12,SETE,NON,4756,10:33,IC ARO,CARCASSONNE,TJOURSESO,FRCCF,09:27,FRXSY
8207,2023-06-12,BEZIERS,OUI,4651,08:51,IC ARO,MONTPELLIER SAINT-ROCH,TJOURSOSE,FRMPL,08:16,FRBZR
8208,2023-06-12,CARCASSONNE,OUI,4651,08:51,IC ARO,MONTPELLIER SAINT-ROCH,TJOURSOSE,FRMPL,07:28,FRCCF
8209,2023-06-12,MONTPELLIER SAINT-ROCH,OUI,4651,10:33,IC ARO,MARSEILLE ST CHARLES,TJOURSOSE,FRMSC,08:55,FRMPL
8210,2023-06-12,NARBONNE,OUI,4651,08:13,IC ARO,BEZIERS,TJOURSOSE,FRBZR,08:00,FRXNA
8211,2023-06-12,TOULOUSE MATABIAU,OUI,4651,09:19,IC ARO,NIMES,TJOURSOSE,FRFNI,06:45,FRXYT
8212,2023-06-12,TOULOUSE MATABIAU,OUI,4651,10:33,IC ARO,MARSEILLE ST CHARLES,TJOURSOSE,FRMSC,06:45,FRXYT
8213,2023-06-12,BOURG EN BRESSE,NON,9777,20:14,INTERNATIONAL,LAUSANNE,PAGENEVE,CHAJF,18:12,FRXBK
8214,2023-06-12,STRASBOURG,NON,9590,09:35,EST,PARIS (intramuros),MULHSTRAPA,FRPST,07:49,FRAEG
8215,2023-06-12,FREIBURG BREISGAU HBF,OUI,9590,07:03,EST,LAHR SCHWARZW,MULHSTRAPA,DEANL,06:36,DEFGB
8216,2023-06-12,RINGSHEIM/EU-PARK,NON,9590,09:35,EST,PARIS (intramuros),MULHSTRAPA,FRPST,06:56,DERSH
8217,2023-06-12,RINGSHEIM/EU-PARK,OUI,9590,07:40,EST,STRASBOURG,MULHSTRAPA,FRAEG,06:56,DERSH
8218,2023-06-12,LUXEMBOURG,OUI,2870,14:31,EST,THIONVILLE,LUXMETZPA,FRXTH,14:10,LULUX
8219,2023-06-12,LILLE (intramuros),NON,7208,08:59,NORD,PARIS (intramuros),ARRASPA,FRPNO,07:40,FRLLE
8220,2023-06-12,ANGOULEME,NON,8450,19:54,ATLANTIQUE,POITIERS,SUDOUESTPA,FRPIS,19:16,FRANG
8221,2023-06-12,POITIERS,NON,8450,21:40,ATLANTIQUE,PARIS (intramuros),SUDOUESTPA,FRPMO,20:04,FRPIS
8222,2023-06-12,ST PIERRE DES CORPS,NON,8450,21:40,ATLANTIQUE,PARIS (intramuros),SUDOUESTPA,FRPMO,20:39,FRXSH
8223,2023-06-12,PARIS (intramuros),NON,6931,08:17,SUD EST,MACON LOCHE TGV,PARISALPES,FRMLT,06:44,FRPLY
8224,2023-06-12,BRUXELLES MIDI BRUSSEL ZUID,OUI,9844,20:09,NORD,MARNE LA VALLEE CHESSY,JCNORDSUD,FRMLV,18:17,BEBMI
8225,2023-06-12,LILLE (intramuros),NON,7020,10:14,NORD,PARIS (intramuros),LILLEPA,FRPNO,09:12,FRADJ
8226,2023-06-12,PARIS (intramuros),OUI,8821,20:19,ATLANTIQUE,NANTES,PARISLOIRE,FRNTE,18:20,FRPMO
8227,2023-06-12,BORDEAUX ST JEAN,NON,3856,18:05,IC SRO,NANTES,BORDONANTE,FRNTE,13:53,FRBOJ
8228,2023-06-12,BORDEAUX ST JEAN,NON,3856,15:23,IC SRO,SAINTES,BORDONANTE,FRXST,13:53,FRBOJ
8229,2023-06-12,LUCON,NON,3856,18:05,IC SRO,NANTES,BORDONANTE,FRNTE,17:00,FRLCN
8230,2023-06-12,SAINTES,NON,3856,16:15,IC SRO,LA ROCHELLE VILLE,BORDONANTE,FRLRH,15:25,FRXST
8231,2023-06-12,SAINTES,NON,3856,18:05,IC SRO,NANTES,BORDONANTE,FRNTE,15:25,FRXST
8232,2023-06-12,SAINTES,NON,3856,17:22,IC SRO,LA ROCHE SUR YON,BORDONANTE,FRXRO,15:25,FRXST
8233,2023-06-12,PARIS (intramuros),NON,9781,21:00,INTERNATIONAL,BELLEGARDE,PAGENEVE,FRXBF,18:16,FRPLY
8234,2023-06-12,PARIS (intramuros),NON,9781,20:07,INTERNATIONAL,BOURG EN BRESSE,PAGENEVE,FRXBK,18:16,FRPLY
8235,2023-06-12,BOURG EN BRESSE,NON,9781,21:30,INTERNATIONAL,GENEVE,PAGENEVE,CHGVA,20:10,FRXBK
8236,2023-06-12,LA ROCHELLE VILLE,OUI,8374,11:02,ATLANTIQUE,SURGERES,ROCHELLEPA,FREIP,10:44,FRLRH
8237,2023-06-12,LA ROCHELLE VILLE,NON,8374,11:23,ATLANTIQUE,NIORT,ROCHELLEPA,FRNIT,10:44,FRLRH
8238,2023-06-12,NIORT,NON,8374,12:09,ATLANTIQUE,POITIERS,ROCHELLEPA,FRPIS,11:26,FRNIT
8239,2023-06-12,NIORT,NON,8374,13:37,ATLANTIQUE,PARIS (intramuros),ROCHELLEPA,FRPMO,11:26,FRNIT
8240,2023-06-12,LE CROISIC,OUI,8912,09:41,ATLANTIQUE,ANGERS ST LAUD,LOIREPARIS,FRACL,07:55,FREGU
8241,2023-06-12,LE CROISIC,OUI,8912,08:59,ATLANTIQUE,NANTES,LOIREPARIS,FRNTE,07:55,FREGU
8242,2023-06-12,LA BAULE ESCOUBLAC,NON,8912,11:25,ATLANTIQUE,PARIS (intramuros),LOIREPARIS,FRPMO,08:07,FRJEE
8243,2023-06-12,NANTES,OUI,8912,09:41,ATLANTIQUE,ANGERS ST LAUD,LOIREPARIS,FRACL,09:05,FRNTE
8244,2023-06-12,ANGERS ST LAUD,NON,8880,18:25,ATLANTIQUE,PARIS (intramuros),LOIREPARIS,FRPMO,16:44,FRACL
8245,2023-06-12,NANTES,NON,8880,18:25,ATLANTIQUE,PARIS (intramuros),LOIREPARIS,FRPMO,16:05,FRNTE
8246,2023-06-12,BASEL SBB,NON,9234,19:53,INTERNATIONAL,MULHOUSE VILLE,ZURBALPA,FRAEK,19:34,CHAJP
8247,2023-06-12,AVIGNON TGV,NON,5054,08:20,NORD,LYON (intramuros),JCSUDNORD,FRLPD,07:12,FRAVG
8248,2023-06-12,AVIGNON TGV,NON,5054,10:32,NORD,AEROPORT CDG2 TGV ROISSY,JCSUDNORD,FRMLW,07:12,FRAVG
8249,2023-06-12,LYON (intramuros),NON,5054,10:19,NORD,MARNE LA VALLEE CHESSY,JCSUDNORD,FRMLV,08:34,FRLPD
8250,2023-06-12,MARSEILLE ST CHARLES,NON,5054,10:19,NORD,MARNE LA VALLEE CHESSY,JCSUDNORD,FRMLV,06:33,FRMSC
8251,2023-06-12,LIMOGES BENEDICTINS,NON,3635,17:50,IC ARO,GOURDON,PALITO,FRFSI,16:06,FRAGQ
8252,2023-06-12,LIMOGES BENEDICTINS,NON,3635,17:33,IC ARO,SOUILLAC,PALITO,FRSOU,16:06,FRAGQ
8253,2023-06-12,BRIVE LA GAILLARDE,OUI,3635,18:19,IC ARO,CAHORS,PALITO,FRZAO,17:09,FRBVE
8254,2023-06-12,CHATEAUROUX,NON,3635,15:02,IC ARO,ARGENTON SUR CREUSE,PALITO,FRFMT,14:47,FRCHR
8255,2023-06-12,LA SOUTERRAINE,NON,3635,17:50,IC ARO,GOURDON,PALITO,FRFSI,15:29,FRLST
8256,2023-06-12,VIERZON VILLE,NON,3635,16:03,IC ARO,LIMOGES BENEDICTINS,PALITO,FRAGQ,14:15,FRXVZ
8257,2023-06-12,VIERZON VILLE,NON,3635,17:06,IC ARO,BRIVE LA GAILLARDE,PALITO,FRBVE,14:15,FRXVZ
8258,2023-06-12,VIERZON VILLE,NON,3635,17:50,IC ARO,GOURDON,PALITO,FRFSI,14:15,FRXVZ
8259,2023-06-12,ARGENTON SUR CREUSE,NON,3635,17:33,IC ARO,SOUILLAC,PALITO,FRSOU,15:03,FRFMT
8260,2023-06-12,ARGENTON SUR CREUSE,NON,3635,17:50,IC ARO,GOURDON,PALITO,FRFSI,15:03,FRFMT
8261,2023-06-12,OULX CESANA CLAV SESTRIERE,NON,9252,21:14,INTERNATIONAL,PARIS (intramuros),ITALIEPA,FRPLY,16:36,ITOCS
8262,2023-06-12,TORINO PORTA SUSA,NON,9252,17:03,INTERNATIONAL,MODANE,ITALIEPA,FRAGR,15:41,ITTRS
8263,2023-06-12,CHAMBERY CHALLES LES EAUX,NON,6964,13:14,SUD EST,PARIS (intramuros),ALPESPARIS,FRPLY,10:22,FRCMF
8264,2023-06-12,ANNECY,NON,6964,10:09,SUD EST,CHAMBERY CHALLES LES EAUX,ALPESPARIS,FRCMF,09:29,FRNCY
8265,2023-06-12,ANNECY,NON,6964,11:40,SUD EST,MACON LOCHE TGV,ALPESPARIS,FRMLT,09:29,FRNCY
8266,2023-06-12,MASSY TGV,NON,5354,14:50,SUD EST,NANTES,JCSUDATL,FRNTE,12:39,FRDJU
8267,2023-06-12,ANGERS ST LAUD,OUI,8881,18:54,ATLANTIQUE,NANTES,PARISLOIRE,FRNTE,18:16,FRACL
8268,2023-06-12,LE MANS,OUI,8881,18:13,ATLANTIQUE,ANGERS ST LAUD,PARISLOIRE,FRACL,17:36,FRAET
8269,2023-06-12,CHAMBERY CHALLES LES EAUX,NON,6951,22:30,SUD EST,ANNECY,PARISALPES,FRNCY,21:49,FRCMF
8270,2023-06-12,CHAMBERY CHALLES LES EAUX,NON,6951,22:00,SUD EST,AIX LES BAINS LE REVARD,PARISALPES,FRXAI,21:49,FRCMF
8271,2023-06-12,PARIS (intramuros),NON,6951,20:16,SUD EST,MACON LOCHE TGV,PARISALPES,FRMLT,18:44,FRPLY
8272,2023-06-12,PAU,OUI,8592,23:00,ATLANTIQUE,LOURDES,PASUDOUEST,FRLDE,22:35,FRAEE
8273,2023-06-12,BORDEAUX ST JEAN,OUI,8592,22:08,ATLANTIQUE,ORTHEZ,PASUDOUEST,FRGFI,20:20,FRBOJ
8274,2023-06-12,PARIS (intramuros),NON,8592,21:33,ATLANTIQUE,DAX,PASUDOUEST,FRACG,18:07,FRPMO
8275,2023-06-12,DOLE VILLE,NON,6760,07:01,SUD EST,MONTBARD,BOURPA,FRGWE,05:58,FRACE
8276,2023-06-12,BREST,OUI,8630,14:37,ATLANTIQUE,MORLAIX,BRETAPARIS,FRMXN,14:07,FRBES
8277,2023-06-12,BREST,OUI,8630,14:54,ATLANTIQUE,PLOUARET TREGOR,BRETAPARIS,FRPLT,14:07,FRBES
8278,2023-06-12,GUINGAMP,NON,8630,18:04,ATLANTIQUE,PARIS (intramuros),BRETAPARIS,FRPMO,15:12,FRGGP
8279,2023-06-12,MORLAIX,OUI,8630,15:09,ATLANTIQUE,GUINGAMP,BRETAPARIS,FRGGP,14:39,FRMXN
8280,2023-06-12,MORLAIX,OUI,8630,14:54,ATLANTIQUE,PLOUARET TREGOR,BRETAPARIS,FRPLT,14:39,FRMXN
8281,2023-06-12,PLOUARET TREGOR,NON,8630,18:04,ATLANTIQUE,PARIS (intramuros),BRETAPARIS,FRPMO,14:57,FRPLT
8282,2023-06-12,CANNES,OUI,6850,15:31,SUD EST,ST RAPHAEL VALESCURE,JCSUDPROV,FRXSK,15:09,FRJCA
8283,2023-06-12,MARSEILLE ST CHARLES,NON,6850,17:44,SUD EST,AIX EN PROVENCE TGV,JCSUDPROV,FRAIE,17:32,FRMSC
8284,2023-06-12,MARSEILLE ST CHARLES,NON,6850,18:06,SUD EST,AVIGNON TGV,JCSUDPROV,FRAVG,17:32,FRMSC
8285,2023-06-12,TOULON,NON,6850,19:20,SUD EST,LYON (intramuros),JCSUDPROV,FRLPD,16:23,FRTLN
8286,2023-06-12,TOULON,OUI,6850,17:19,SUD EST,MARSEILLE ST CHARLES,JCSUDPROV,FRMSC,16:23,FRTLN
8287,2023-06-12,ANTIBES,NON,6850,17:44,SUD EST,AIX EN PROVENCE TGV,JCSUDPROV,FRAIE,14:56,FRXAT
8288,2023-06-12,ANTIBES,NON,6850,18:06,SUD EST,AVIGNON TGV,JCSUDPROV,FRAVG,14:56,FRXAT
8289,2023-06-12,ANTIBES,OUI,6850,17:19,SUD EST,MARSEILLE ST CHARLES,JCSUDPROV,FRMSC,14:56,FRXAT
8290,2023-06-12,LE MANS,NON,8790,08:48,ATLANTIQUE,PARIS (intramuros),BRETAPARIS,FRPMO,07:48,FRAET
8291,2023-06-12,LORIENT,OUI,8790,06:13,ATLANTIQUE,REDON,BRETAPARIS,FRXRN,05:24,FRLRT
8292,2023-06-12,RENNES,NON,8790,08:48,ATLANTIQUE,PARIS (intramuros),BRETAPARIS,FRPMO,07:00,FRRNS
8293,2023-06-12,VANNES,OUI,8790,06:50,ATLANTIQUE,RENNES,BRETAPARIS,FRRNS,05:50,FRVNE
8294,2023-06-12,NEVERS,OUI,5983,22:23,IC ARO,RIOM CHATEL GUYON,PACLERMONT,FRRIO,20:59,FRNVS
8295,2023-06-12,PARIS (intramuros),OUI,5983,22:23,IC ARO,RIOM CHATEL GUYON,PACLERMONT,FRRIO,18:57,FRPBE
8296,2023-06-12,PARIS (intramuros),OUI,5983,22:01,IC ARO,VICHY,PACLERMONT,FRVHY,18:57,FRPBE
8297,2023-06-12,MOULINS SUR ALLIER,OUI,5983,22:37,IC ARO,CLERMONT FERRAND,PACLERMONT,FRCFE,21:30,FRXMU
8298,2023-06-12,PARIS (intramuros),NON,7591,22:13,NORD,CALAIS FRETHUN,PAARRAS,FRSTH,20:25,FRPNO
8299,2023-06-12,LYON-SAINT EXUPERY TGV,OUI,6917,15:13,SUD EST,GRENOBLE,PAGRENOBLE,FRGNB,14:07,FRJDQ
8300,2023-06-12,PARIS (intramuros),OUI,6917,15:13,SUD EST,GRENOBLE,PAGRENOBLE,FRGNB,12:12,FRPLY
8301,2023-06-12,QUIMPERLE,NON,8710,12:01,ATLANTIQUE,LAVAL,BRETAPARIS,FRACR,09:38,FRECO
8302,2023-06-12,QUIMPERLE,OUI,8710,09:49,ATLANTIQUE,LORIENT,BRETAPARIS,FRLRT,09:38,FRECO
8303,2023-06-12,QUIMPERLE,OUI,8710,10:07,ATLANTIQUE,AURAY,BRETAPARIS,FRXUY,09:38,FRECO
8304,2023-06-12,LORIENT,OUI,8710,10:07,ATLANTIQUE,AURAY,BRETAPARIS,FRXUY,09:52,FRLRT
8305,2023-06-12,ROSPORDEN,NON,8710,12:01,ATLANTIQUE,LAVAL,BRETAPARIS,FRACR,09:23,FRRSP
8306,2023-06-12,ROSPORDEN,NON,8710,13:19,ATLANTIQUE,PARIS (intramuros),BRETAPARIS,FRPMO,09:23,FRRSP
8307,2023-06-12,ROSPORDEN,OUI,8710,10:20,ATLANTIQUE,VANNES,BRETAPARIS,FRVNE,09:23,FRRSP
8308,2023-06-12,ROSPORDEN,OUI,8710,10:48,ATLANTIQUE,REDON,BRETAPARIS,FRXRN,09:23,FRRSP
8309,2023-06-12,QUIMPER,OUI,8710,09:49,ATLANTIQUE,LORIENT,BRETAPARIS,FRLRT,09:09,FRUIP
8310,2023-06-12,VANNES,OUI,8710,10:48,ATLANTIQUE,REDON,BRETAPARIS,FRXRN,10:23,FRVNE
8311,2023-06-12,REDON,NON,8710,12:01,ATLANTIQUE,LAVAL,BRETAPARIS,FRACR,10:51,FRXRN
8312,2023-06-12,PARIS (intramuros),NON,6905,09:01,SUD EST,LYON-SAINT EXUPERY TGV,PAGRENOBLE,FRJDQ,07:12,FRPLY
8313,2023-06-12,BRUXELLES MIDI BRUSSEL ZUID,NON,9874,14:53,NORD,AEROPORT CDG2 TGV ROISSY,JCNORDEST,FRMLW,13:17,BEBMI
8314,2023-06-12,LORRAINE TGV,NON,9874,17:37,NORD,STRASBOURG,JCNORDEST,FRAEG,16:51,FREAM
8315,2023-06-12,MARNE LA VALLEE CHESSY,NON,9874,15:55,NORD,CHAMPAGNE-ARDENNE,JCNORDEST,FREAH,15:23,FRMLV
8316,2023-06-12,AEROPORT CDG2 TGV ROISSY,NON,9874,17:37,NORD,STRASBOURG,JCNORDEST,FRAEG,14:59,FRMLW
8317,2023-06-12,MONTPELLIER SAINT-ROCH,OUI,6206,16:11,SUD EST,NIMES,LANGPA,FRFNI,15:46,FRMPL
8318,2023-06-12,VALENCE TGV RHONE-ALPES SUD,NON,6206,19:18,SUD EST,PARIS (intramuros),LANGPA,FRPLY,17:03,FRVLA
8319,2023-06-12,PARIS (intramuros),NON,8803,09:13,ATLANTIQUE,ANGERS ST LAUD,PARISLOIRE,FRACL,07:45,FRPMO
8320,2023-06-12,ST DIE DES VOSGES,OUI,2596,08:09,EST,NANCY,NANCYPA,FRENC,07:15,FRXTD
8321,2023-06-12,PARIS (intramuros),NON,2833,19:27,EST,THIONVILLE,PAMETZLUX,FRXTH,17:40,FRPST
8322,2023-06-12,PARIS (intramuros),NON,2833,19:52,EST,LUXEMBOURG,PAMETZLUX,LULUX,17:40,FRPST
8323,2023-06-12,ANGERS ST LAUD,OUI,8985,21:50,ATLANTIQUE,LA ROCHE SUR YON,PARISLOIRE,FRXRO,20:19,FRACL
8324,2023-06-12,PARIS (intramuros),NON,8985,20:16,ATLANTIQUE,ANGERS ST LAUD,PARISLOIRE,FRACL,18:48,FRPMO
8325,2023-06-12,SABLE SUR SARTHE,NON,8985,22:19,ATLANTIQUE,LES SABLES D'OLONNE,PARISLOIRE,FRLSO,19:56,FRSAB
8326,2023-06-12,UZERCHE,OUI,3615,12:05,IC ARO,BRIVE LA GAILLARDE,PALITO,FRBVE,11:39,FRAAW
8327,2023-06-12,CHATEAUROUX,OUI,3615,11:38,IC ARO,UZERCHE,PALITO,FRAAW,09:45,FRCHR
8328,2023-06-12,CHATEAUROUX,OUI,3615,12:05,IC ARO,BRIVE LA GAILLARDE,PALITO,FRBVE,09:45,FRCHR
8329,2023-06-12,LA SOUTERRAINE,OUI,3615,12:05,IC ARO,BRIVE LA GAILLARDE,PALITO,FRBVE,10:23,FRLST
8330,2023-06-12,PARIS (intramuros),OUI,3615,11:38,IC ARO,UZERCHE,PALITO,FRAAW,07:40,FRPAZ
8331,2023-06-12,VIERZON VILLE,OUI,3615,11:38,IC ARO,UZERCHE,PALITO,FRAAW,09:13,FRXVZ
8332,2023-06-12,PARIS (intramuros),NON,9765,13:30,INTERNATIONAL,GENEVE,PAGENEVE,CHGVA,10:16,FRPLY
8333,2023-06-12,BOURG EN BRESSE,NON,9765,13:00,INTERNATIONAL,BELLEGARDE,PAGENEVE,FRXBF,12:12,FRXBK
8334,2023-06-12,HENDAYE,NON,8550,19:21,ATLANTIQUE,DAX,SUDOUESTPA,FRACG,18:10,FRAEF
8335,2023-06-12,ST JEAN DE LUZ CIBOURE,NON,8550,20:41,ATLANTIQUE,BORDEAUX ST JEAN,SUDOUESTPA,FRBOJ,18:23,FRXJZ
8336,2023-06-12,ANGERS ST LAUD,NON,4404,17:20,IC SRO,ROANNE,JOURNTELYN,FRRNE,12:33,FRACL
8337,2023-06-12,ANGERS ST LAUD,NON,4404,13:31,IC SRO,ST PIERRE DES CORPS,JOURNTELYN,FRXSH,12:33,FRACL
8338,2023-06-12,BOURGES,NON,4404,18:39,IC SRO,LYON (intramuros),JOURNTELYN,FRLPE,14:58,FRBOU
8339,2023-06-12,NANTES,NON,4404,12:31,IC SRO,ANGERS ST LAUD,JOURNTELYN,FRACL,11:51,FRNTE
8340,2023-06-12,NANTES,NON,4404,12:54,IC SRO,SAUMUR,JOURNTELYN,FRACN,11:51,FRNTE
8341,2023-06-12,NANTES,NON,4404,13:31,IC SRO,ST PIERRE DES CORPS,JOURNTELYN,FRXSH,11:51,FRNTE
8342,2023-06-12,NANTES,NON,4404,14:35,IC SRO,VIERZON VILLE,JOURNTELYN,FRXVZ,11:51,FRNTE
8343,2023-06-12,NEVERS,NON,4404,16:15,IC SRO,MOULINS SUR ALLIER,JOURNTELYN,FRXMU,15:47,FRNVS
8344,2023-06-12,ROANNE,NON,4404,18:26,IC SRO,LYON (intramuros),JOURNTELYN,FRLPD,17:22,FRRNE
8345,2023-06-12,ROANNE,NON,4404,18:39,IC SRO,LYON (intramuros),JOURNTELYN,FRLPE,17:22,FRRNE
8346,2023-06-12,MOULINS SUR ALLIER,NON,4404,16:41,IC SRO,ST GERMAIN DES FOSSES,JOURNTELYN,FRSGF,16:17,FRXMU
8347,2023-06-12,ST PIERRE DES CORPS,NON,4404,14:56,IC SRO,BOURGES,JOURNTELYN,FRBOU,13:34,FRXSH
8348,2023-06-12,ST PIERRE DES CORPS,NON,4404,17:20,IC SRO,ROANNE,JOURNTELYN,FRRNE,13:34,FRXSH
8349,2023-06-12,LA ROCHELLE VILLE,NON,3831,10:32,IC SRO,SAINTES,NANTEBORDO,FRXST,09:43,FRLRH
8350,2023-06-12,NANTES,NON,3831,08:58,IC SRO,LUCON,NANTEBORDO,FRLCN,07:55,FRNTE
8351,2023-06-12,LA ROCHE SUR YON,NON,3831,12:07,IC SRO,BORDEAUX ST JEAN,NANTEBORDO,FRBOJ,08:36,FRXRO
8352,2023-06-12,AIX EN PROVENCE TGV,NON,9866,17:43,NORD,BRUXELLES MIDI BRUSSEL ZUID,JCSUDNORD,BEBMI,12:26,FRAIE
8353,2023-06-12,AIX EN PROVENCE TGV,NON,9866,16:00,NORD,AEROPORT CDG2 TGV ROISSY,JCSUDNORD,FRMLW,12:26,FRAIE
8354,2023-06-12,AVIGNON TGV,NON,9866,13:54,NORD,LYON (intramuros),JCSUDNORD,FRLPD,12:48,FRAVG
8355,2023-06-12,AVIGNON TGV,NON,9866,15:46,NORD,MARNE LA VALLEE CHESSY,JCSUDNORD,FRMLV,12:48,FRAVG
8356,2023-06-12,LYON (intramuros),NON,9866,17:43,NORD,BRUXELLES MIDI BRUSSEL ZUID,JCSUDNORD,BEBMI,14:00,FRLPD
8357,2023-06-12,LYON (intramuros),NON,9866,16:00,NORD,AEROPORT CDG2 TGV ROISSY,JCSUDNORD,FRMLW,14:00,FRLPD
8358,2023-06-12,AEROPORT CDG2 TGV ROISSY,OUI,9866,17:43,NORD,BRUXELLES MIDI BRUSSEL ZUID,JCSUDNORD,BEBMI,16:07,FRMLW
8359,2023-06-12,MARSEILLE ST CHARLES,NON,9866,12:45,NORD,AVIGNON TGV,JCSUDNORD,FRAVG,12:12,FRMSC
8360,2023-06-12,MARSEILLE ST CHARLES,NON,9866,16:57,NORD,LILLE (intramuros),JCSUDNORD,FRLLE,12:12,FRMSC
8361,2023-06-12,SURGERES,OUI,8378,14:26,ATLANTIQUE,NIORT,ROCHELLEPA,FRNIT,14:08,FREIP
8362,2023-06-12,NIORT,NON,8378,14:43,ATLANTIQUE,ST MAIXENT DEUX SEVRES,ROCHELLEPA,FREJC,14:29,FRNIT
8363,2023-06-12,HENDAYE,OUI,8544,17:22,ATLANTIQUE,DAX,SUDOUESTPA,FRACG,16:12,FRAEF
8364,2023-06-12,HENDAYE,OUI,8544,16:36,ATLANTIQUE,BIARRITZ,SUDOUESTPA,FRBIQ,16:12,FRAEF
8365,2023-06-12,HENDAYE,OUI,8544,16:51,ATLANTIQUE,BAYONNE,SUDOUESTPA,FRXBY,16:12,FRAEF
8366,2023-06-12,BORDEAUX ST JEAN,NON,8544,20:44,ATLANTIQUE,MASSY TGV,SUDOUESTPA,FRDJU,18:46,FRBOJ
8367,2023-06-12,BAYONNE,NON,8544,18:40,ATLANTIQUE,BORDEAUX ST JEAN,SUDOUESTPA,FRBOJ,16:54,FRXBY
8368,2023-06-12,ST JEAN DE LUZ CIBOURE,NON,8544,20:58,ATLANTIQUE,PARIS (intramuros),SUDOUESTPA,FRPMO,16:26,FRXJZ
8369,2023-06-12,AVIGNON TGV,OUI,6852,22:18,SUD EST,LYON (intramuros),JCSUDPROV,FRLPD,20:55,FRAVG
8370,2023-06-12,CANNES,NON,6852,20:29,SUD EST,AIX EN PROVENCE TGV,JCSUDPROV,FRAIE,17:59,FRJCA
8371,2023-06-12,CANNES,NON,6852,22:18,SUD EST,LYON (intramuros),JCSUDPROV,FRLPD,17:59,FRJCA
8372,2023-06-12,CANNES,OUI,6852,20:04,SUD EST,MARSEILLE ST CHARLES,JCSUDPROV,FRMSC,17:59,FRJCA
8373,2023-06-12,CANNES,OUI,6852,18:37,SUD EST,LES ARCS DRAGUIGNAN,JCSUDPROV,FRXRS,17:59,FRJCA
8374,2023-06-12,NICE VILLE,NON,6852,20:29,SUD EST,AIX EN PROVENCE TGV,JCSUDPROV,FRAIE,17:27,FRNIC
8375,2023-06-12,NICE VILLE,NON,6852,20:52,SUD EST,AVIGNON TGV,JCSUDPROV,FRAVG,17:27,FRNIC
8376,2023-06-12,NICE VILLE,NON,6852,21:36,SUD EST,VALENCE TGV RHONE-ALPES SUD,JCSUDPROV,FRVLA,17:27,FRNIC
8377,2023-06-12,NICE VILLE,OUI,6852,18:37,SUD EST,LES ARCS DRAGUIGNAN,JCSUDPROV,FRXRS,17:27,FRNIC
8378,2023-06-12,NICE VILLE,OUI,6852,18:21,SUD EST,ST RAPHAEL VALESCURE,JCSUDPROV,FRXSK,17:27,FRNIC
8379,2023-06-12,TOULON,NON,6852,21:36,SUD EST,VALENCE TGV RHONE-ALPES SUD,JCSUDPROV,FRVLA,19:18,FRTLN
8380,2023-06-12,VALENCE TGV RHONE-ALPES SUD,OUI,6852,22:18,SUD EST,LYON (intramuros),JCSUDPROV,FRLPD,21:39,FRVLA
8381,2023-06-12,ANTIBES,NON,6852,22:18,SUD EST,LYON (intramuros),JCSUDPROV,FRLPD,17:45,FRXAT
8382,2023-06-12,ANTIBES,OUI,6852,20:04,SUD EST,MARSEILLE ST CHARLES,JCSUDPROV,FRMSC,17:45,FRXAT
8383,2023-06-12,LES ARCS DRAGUIGNAN,NON,6852,20:52,SUD EST,AVIGNON TGV,JCSUDPROV,FRAVG,18:40,FRXRS
8384,2023-06-12,LES ARCS DRAGUIGNAN,OUI,6852,20:04,SUD EST,MARSEILLE ST CHARLES,JCSUDPROV,FRMSC,18:40,FRXRS
8385,2023-06-12,ST RAPHAEL VALESCURE,NON,6852,20:29,SUD EST,AIX EN PROVENCE TGV,JCSUDPROV,FRAIE,18:23,FRXSK
8386,2023-06-12,ST RAPHAEL VALESCURE,NON,6852,21:36,SUD EST,VALENCE TGV RHONE-ALPES SUD,JCSUDPROV,FRVLA,18:23,FRXSK
8387,2023-06-12,PARIS (intramuros),NON,2625,20:10,EST,METZ VILLE,PAMETZLUX,FRADE,18:40,FRPST
8388,2023-06-12,PARIS (intramuros),NON,2625,19:19,EST,CHAMPAGNE-ARDENNE,PAMETZLUX,FREAH,18:40,FRPST
8389,2023-06-12,LYON (intramuros),NON,9852,07:46,NORD,MARNE LA VALLEE CHESSY,JCSUDNORD,FRMLV,05:50,FRLPD
8390,2023-06-12,LYON (intramuros),NON,9852,06:31,NORD,LE CREUSOT MONTCEAU MONTCHANIN,JCSUDNORD,FRXCC,05:50,FRLPD
8391,2023-06-12,LYON (intramuros),NON,9852,09:43,NORD,BRUXELLES MIDI BRUSSEL ZUID,JCSUDNORD,BEBMI,05:37,FRLPE
8392,2023-06-12,MARNE LA VALLEE CHESSY,NON,9852,08:56,NORD,LILLE (intramuros),JCSUDNORD,FRLLE,07:50,FRMLV
8393,2023-06-12,MARNE LA VALLEE CHESSY,NON,9852,08:01,NORD,AEROPORT CDG2 TGV ROISSY,JCSUDNORD,FRMLW,07:50,FRMLV
8394,2023-06-12,AEROPORT CDG2 TGV ROISSY,OUI,9852,09:43,NORD,BRUXELLES MIDI BRUSSEL ZUID,JCSUDNORD,BEBMI,08:07,FRMLW
8395,2023-06-12,LE CREUSOT MONTCEAU MONTCHANIN,NON,9852,09:43,NORD,BRUXELLES MIDI BRUSSEL ZUID,JCSUDNORD,BEBMI,06:34,FRXCC
8396,2023-06-12,LE CREUSOT MONTCEAU MONTCHANIN,NON,9852,08:01,NORD,AEROPORT CDG2 TGV ROISSY,JCSUDNORD,FRMLW,06:34,FRXCC
8397,2023-06-12,LORRAINE TGV,NON,9870,11:05,NORD,STRASBOURG,JCNORDEST,FRAEG,10:28,FREAM
8398,2023-06-12,LILLE (intramuros),NON,9870,11:05,NORD,STRASBOURG,JCNORDEST,FRAEG,08:02,FRLLE
8399,2023-06-12,AVIGNON CENTRE,NON,6194,08:46,SUD EST,LYON-SAINT EXUPERY TGV,VDRPA,FRJDQ,07:04,FRAES
8400,2023-06-12,AVIGNON CENTRE,NON,6194,10:46,SUD EST,PARIS (intramuros),VDRPA,FRPLY,07:04,FRAES
8401,2023-06-12,ARLES,OUI,6194,07:45,SUD EST,MONTELIMAR GARE SNCF,VDRPA,FRXMK,06:43,FRHZA
8402,2023-06-12,MIRAMAS,NON,6194,08:46,SUD EST,LYON-SAINT EXUPERY TGV,VDRPA,FRJDQ,06:20,FRMAZ
8403,2023-06-12,MIRAMAS,NON,6194,10:46,SUD EST,PARIS (intramuros),VDRPA,FRPLY,06:20,FRMAZ
8404,2023-06-12,MIRAMAS,OUI,6194,07:45,SUD EST,MONTELIMAR GARE SNCF,VDRPA,FRXMK,06:20,FRMAZ
8405,2023-06-12,ORANGE,OUI,6194,07:45,SUD EST,MONTELIMAR GARE SNCF,VDRPA,FRXMK,07:21,FRXOG
8406,2023-06-12,PARIS (intramuros),NON,8485,17:37,ATLANTIQUE,BORDEAUX ST JEAN,PASUDOUEST,FRBOJ,14:15,FRPMO
8407,2023-06-12,LIBOURNE,OUI,8485,17:37,ATLANTIQUE,BORDEAUX ST JEAN,PASUDOUEST,FRBOJ,17:18,FRXLR
8408,2023-06-12,ST PIERRE DES CORPS,NON,8485,15:54,ATLANTIQUE,POITIERS,PASUDOUEST,FRPIS,15:21,FRXSH
8409,2023-06-12,PARIS (intramuros),NON,3971,08:02,IC NUIT,MERENS LES VALS,PARPALOMBE,FRFQH,21:13,FRPAZ
8410,2023-06-12,PARIS (intramuros),NON,3971,07:25,IC NUIT,LUZENAC GARANOU,PARPALOMBE,FRFQI,21:13,FRPAZ
8411,2023-06-12,PARIS (intramuros),NON,3971,07:17,IC NUIT,LES CABANNES,PARPALOMBE,FRFQK,21:13,FRPAZ
8412,2023-06-12,PARIS (intramuros),NON,3971,06:52,IC NUIT,FOIX,PARPALOMBE,FRXFX,21:13,FRPAZ
8413,2023-06-12,LES AUBRAIS ORLEANS,NON,3971,06:13,IC NUIT,AUTERIVE,PARPALOMBE,FRFPW,22:27,FRLAB
8414,2023-06-12,LILLE (intramuros),NON,9826,14:00,NORD,LYON (intramuros),JCNORDSUD,FRLPD,11:03,FRLLE
8415,2023-06-12,MARNE LA VALLEE CHESSY,NON,9826,14:48,NORD,VALENCE TGV RHONE-ALPES SUD,JCNORDSUD,FRVLA,12:13,FRMLV
8416,2023-06-12,AEROPORT CDG2 TGV ROISSY,NON,9826,15:51,NORD,MONTPELLIER SUD DE FRANCE,JCNORDSUD,FRSUF,11:59,FRMLW
8417,2023-06-12,LYON (intramuros),NON,9826,15:30,NORD,NIMES PONT DU GARD,JCNORDSUD,FRXZP,14:10,FRLPD
8418,2023-06-12,MARNE LA VALLEE CHESSY,NON,9826,15:30,NORD,NIMES PONT DU GARD,JCNORDSUD,FRXZP,12:13,FRMLV
8419,2023-06-12,NIMES PONT DU GARD,OUI,9826,15:51,NORD,MONTPELLIER SUD DE FRANCE,JCNORDSUD,FRSUF,15:33,FRXZP
8420,2023-06-12,CANNES,OUI,6173,14:58,SUD EST,NICE VILLE,PAAZUR,FRNIC,14:30,FRJCA
8421,2023-06-12,PARIS (intramuros),NON,6173,14:39,SUD EST,ANTIBES,PAAZUR,FRXAT,09:08,FRPLY
8422,2023-06-12,TOULON,NON,6173,14:01,SUD EST,ST RAPHAEL VALESCURE,PAAZUR,FRXSK,13:17,FRTLN
8423,2023-06-12,BRUXELLES MIDI BRUSSEL ZUID,NON,9830,18:13,NORD,AVIGNON TGV,JCNORDSUD,FRAVG,13:17,BEBMI
8424,2023-06-12,AVIGNON TGV,OUI,9830,18:37,NORD,AIX EN PROVENCE TGV,JCNORDSUD,FRAIE,18:16,FRAVG
8425,2023-06-12,LILLE (intramuros),NON,9830,18:37,NORD,AIX EN PROVENCE TGV,JCNORDSUD,FRAIE,14:03,FRLLE
8426,2023-06-12,LILLE (intramuros),NON,9830,15:09,NORD,MARNE LA VALLEE CHESSY,JCNORDSUD,FRMLV,14:03,FRLLE
8427,2023-06-12,LILLE (intramuros),NON,5036,20:49,NORD,VALENCE TGV RHONE-ALPES SUD,JCNORDSUD,FRVLA,17:03,FRLLE
8428,2023-06-12,MARNE LA VALLEE CHESSY,NON,5036,20:49,NORD,VALENCE TGV RHONE-ALPES SUD,JCNORDSUD,FRVLA,18:13,FRMLV
8429,2023-06-12,VALENCE TGV RHONE-ALPES SUD,OUI,5036,21:31,NORD,NIMES PONT DU GARD,JCNORDSUD,FRXZP,20:54,FRVLA
8430,2023-06-12,BEZIERS,NON,6823,15:00,SUD EST,NARBONNE,JCPROVSUD,FRXNA,14:47,FRBZR
8431,2023-06-12,VALENCE TGV RHONE-ALPES SUD,NON,6823,13:35,SUD EST,NIMES,JCPROVSUD,FRFNI,12:50,FRVLA
8432,2023-06-12,NARBONNE,OUI,6823,15:31,SUD EST,CARCASSONNE,JCPROVSUD,FRCCF,15:03,FRXNA
8433,2023-06-12,NARBONNE,OUI,6823,16:19,SUD EST,TOULOUSE MATABIAU,JCPROVSUD,FRXYT,15:03,FRXNA
8434,2023-06-12,GUINGAMP,NON,8606,11:19,ATLANTIQUE,PARIS (intramuros),BRETAPARIS,FRPMO,08:22,FRGGP
8435,2023-06-12,RENNES,NON,8606,10:01,ATLANTIQUE,LAVAL,BRETAPARIS,FRACR,09:35,FRRNS
8436,2023-06-12,ST BRIEUC,NON,8606,10:01,ATLANTIQUE,LAVAL,BRETAPARIS,FRACR,08:40,FRSBK
8437,2023-06-12,MARSEILLE ST CHARLES,NON,6074,15:50,SUD EST,PARIS (intramuros),AZURPA,FRPLY,12:47,FRMSC
8438,2023-06-12,ANTIBES,NON,6074,15:50,SUD EST,PARIS (intramuros),AZURPA,FRPLY,10:16,FRXAT
8439,2023-06-12,ANTIBES,OUI,6074,10:55,SUD EST,ST RAPHAEL VALESCURE,AZURPA,FRXSK,10:16,FRXAT
8440,2023-06-12,ST RAPHAEL VALESCURE,NON,6074,12:33,SUD EST,MARSEILLE ST CHARLES,AZURPA,FRMSC,10:58,FRXSK
8441,2023-06-12,ST RAPHAEL VALESCURE,NON,6074,11:44,SUD EST,TOULON,AZURPA,FRTLN,10:58,FRXSK
8442,2023-06-12,AIX EN PROVENCE TGV,NON,6124,16:38,SUD EST,AVIGNON TGV,AZURPA,FRAVG,16:19,FRAIE
8443,2023-06-12,MARSEILLE ST CHARLES,NON,6124,16:16,SUD EST,AIX EN PROVENCE TGV,AZURPA,FRAIE,16:04,FRMSC
8444,2023-06-12,MARSEILLE ST CHARLES,NON,6124,16:38,SUD EST,AVIGNON TGV,AZURPA,FRAVG,16:04,FRMSC
8445,2023-06-12,TOULON,NON,6124,16:16,SUD EST,AIX EN PROVENCE TGV,AZURPA,FRAIE,15:07,FRTLN
8446,2023-06-12,HYERES,NON,6124,16:16,SUD EST,AIX EN PROVENCE TGV,AZURPA,FRAIE,14:50,FRXHE
8447,2023-06-12,HYERES,NON,6124,15:50,SUD EST,MARSEILLE ST CHARLES,AZURPA,FRMSC,14:50,FRXHE
8448,2023-06-12,METZ VILLE,NON,2202,08:51,EST,PARIS (intramuros),LUXMETZPA,FRPST,07:27,FRADE
8449,2023-06-12,MASSY TGV,OUI,5358,22:06,SUD EST,SAUMUR,JCSUDATL,FRACN,20:35,FRDJU
8450,2023-06-12,MASSY TGV,OUI,5358,23:09,SUD EST,NANTES,JCSUDATL,FRNTE,20:35,FRDJU
8451,2023-06-12,MONTPELLIER SUD DE FRANCE,OUI,5358,17:39,SUD EST,VALENCE TGV RHONE-ALPES SUD,JCSUDATL,FRVLA,16:41,FRSUF
8452,2023-06-12,MONTPELLIER SUD DE FRANCE,NON,5358,21:28,SUD EST,ST PIERRE DES CORPS,JCSUDATL,FRXSH,16:41,FRSUF
8453,2023-06-12,NIMES PONT DU GARD,NON,5358,18:20,SUD EST,LYON (intramuros),JCSUDATL,FRLPD,17:02,FRXZP
8454,2023-06-12,NIMES PONT DU GARD,NON,5358,22:29,SUD EST,ANGERS ST LAUD,JCSUDATL,FRACL,17:02,FRXZP
8455,2023-06-12,RIOM CHATEL GUYON,NON,5966,11:58,IC ARO,NEVERS,CLERMONTPA,FRNVS,10:41,FRRIO
8456,2023-06-12,RIOM CHATEL GUYON,NON,5966,11:26,IC ARO,MOULINS SUR ALLIER,CLERMONTPA,FRXMU,10:41,FRRIO
8457,2023-06-12,VICHY,NON,5966,11:58,IC ARO,NEVERS,CLERMONTPA,FRNVS,11:03,FRVHY
8458,2023-06-12,VENDOME VILLIERS SUR LOIR,OUI,8347,22:05,ATLANTIQUE,ST PIERRE DES CORPS,PAROCHELLE,FRXSH,21:46,FRESL
8459,2023-06-12,CHATELLERAULT,OUI,8347,22:55,ATLANTIQUE,POITIERS,PAROCHELLE,FRPIS,22:37,FRXCX
8460,2023-06-12,DAX,NON,8583,17:52,ATLANTIQUE,PARIS (intramuros),SUDOUESTPA,FRPMO,14:24,FRACG
8461,2023-06-12,TARBES,OUI,8583,14:14,ATLANTIQUE,DAX,SUDOUESTPA,FRACG,12:33,FRXTB
8462,2023-06-12,TARBES,OUI,8583,13:21,ATLANTIQUE,PAU,SUDOUESTPA,FRAEE,12:33,FRXTB
8463,2023-06-12,TARBES,OUI,8583,12:46,ATLANTIQUE,LOURDES,SUDOUESTPA,FRLDE,12:33,FRXTB
8464,2023-06-12,TARBES,NON,8583,17:52,ATLANTIQUE,PARIS (intramuros),SUDOUESTPA,FRPMO,12:33,FRXTB
8465,2023-06-12,TOULON,NON,6150,09:46,SUD EST,PARIS (intramuros),AZURPA,FRPLY,05:50,FRTLN
8466,2023-06-12,BEZIERS,OUI,6225,22:56,SUD EST,PERPIGNAN,PALANG,FRPGF,22:06,FRBZR
8467,2023-06-12,MONTPELLIER SAINT-ROCH,OUI,6225,21:32,SUD EST,SETE,PALANG,FRXSY,21:17,FRMPL
8468,2023-06-12,PARIS (intramuros),NON,6225,21:11,SUD EST,MONTPELLIER SAINT-ROCH,PALANG,FRMPL,17:40,FRPLY
8469,2023-06-12,PARIS (intramuros),NON,6225,19:54,SUD EST,VALENCE TGV RHONE-ALPES SUD,PALANG,FRVLA,17:40,FRPLY
8470,2023-06-12,VALENCE TGV RHONE-ALPES SUD,NON,6225,20:42,SUD EST,NIMES,PALANG,FRFNI,19:57,FRVLA
8471,2023-06-12,SETE,OUI,6225,22:03,SUD EST,BEZIERS,PALANG,FRBZR,21:35,FRXSY
8472,2023-06-12,CREST,OUI,5790,07:57,IC NUIT,PARIS (intramuros),BRIANCONPA,FRPAZ,23:48,FRCRE
8473,2023-06-12,CHORGES,OUI,5790,07:57,IC NUIT,PARIS (intramuros),BRIANCONPA,FRPAZ,21:15,FRIGS
8474,2023-06-12,ANGERS ST LAUD,OUI,5486,13:19,EST,NANTES,JCESTATL,FRNTE,12:39,FRACL
8475,2023-06-12,STRASBOURG,NON,5486,08:47,EST,CHAMPAGNE-ARDENNE,JCESTATL,FREAH,07:31,FRAEG
8476,2023-06-12,STRASBOURG,NON,5486,09:55,EST,MARNE LA VALLEE CHESSY,JCESTATL,FRMLV,07:31,FRAEG
8477,2023-06-12,MARNE LA VALLEE CHESSY,NON,5486,12:36,EST,ANGERS ST LAUD,JCESTATL,FRACL,10:02,FRMLV
8478,2023-06-12,AEROPORT CDG2 TGV ROISSY,NON,5486,13:19,EST,NANTES,JCESTATL,FRNTE,09:45,FRMLW
8479,2023-06-12,ST PIERRE DES CORPS,OUI,5486,13:19,EST,NANTES,JCESTATL,FRNTE,11:40,FRXSH
8480,2023-06-12,STRASBOURG,OUI,5454,14:36,EST,LORRAINE TGV,JCESTATL,FREAM,14:01,FRAEG
8481,2023-06-12,MEUSE TGV,NON,5454,19:22,EST,ANGOULEME,JCESTATL,FRANG,15:05,FREAJ
8482,2023-06-12,MEUSE TGV,NON,5454,17:04,EST,MASSY TGV,JCESTATL,FRDJU,15:05,FREAJ
8483,2023-06-12,MEUSE TGV,NON,5454,16:27,EST,MARNE LA VALLEE CHESSY,JCESTATL,FRMLV,15:05,FREAJ
8484,2023-06-12,MEUSE TGV,NON,5454,18:06,EST,ST PIERRE DES CORPS,JCESTATL,FRXSH,15:05,FREAJ
8485,2023-06-12,LORRAINE TGV,NON,5454,19:22,EST,ANGOULEME,JCESTATL,FRANG,14:39,FREAM
8486,2023-06-12,MARNE LA VALLEE CHESSY,NON,5454,19:22,EST,ANGOULEME,JCESTATL,FRANG,16:32,FRMLV
8487,2023-06-12,MARNE LA VALLEE CHESSY,NON,5454,17:04,EST,MASSY TGV,JCESTATL,FRDJU,16:32,FRMLV
8488,2023-06-12,AEROPORT CDG2 TGV ROISSY,NON,5454,19:22,EST,ANGOULEME,JCESTATL,FRANG,16:18,FRMLW
8489,2023-06-12,AEROPORT CDG2 TGV ROISSY,NON,5454,18:40,EST,POITIERS,JCESTATL,FRPIS,16:18,FRMLW
8490,2023-06-12,POITIERS,OUI,5454,19:22,EST,ANGOULEME,JCESTATL,FRANG,18:43,FRPIS
8491,2023-06-12,POITIERS,OUI,8437,13:02,ATLANTIQUE,BORDEAUX ST JEAN,PASUDOUEST,FRBOJ,11:44,FRPIS
8492,2023-06-12,PARIS (intramuros),NON,8437,11:41,ATLANTIQUE,POITIERS,PASUDOUEST,FRPIS,10:03,FRPMO
8493,2023-06-12,ST PIERRE DES CORPS,OUI,8437,11:41,ATLANTIQUE,POITIERS,PASUDOUEST,FRPIS,11:10,FRXSH
8494,2023-06-12,SAUMUR,NON,5300,09:30,SUD EST,LYON (intramuros),JCATLSUD,FRLPD,05:50,FRACN
8495,2023-06-12,SAUMUR,OUI,5300,06:24,SUD EST,ST PIERRE DES CORPS,JCATLSUD,FRXSH,05:50,FRACN
8496,2023-06-12,LYON (intramuros),OUI,5300,10:17,SUD EST,VALENCE TGV RHONE-ALPES SUD,JCATLSUD,FRVLA,09:39,FRLPD
8497,2023-06-12,ST PIERRE DES CORPS,NON,5300,07:19,SUD EST,MASSY TGV,JCATLSUD,FRDJU,06:28,FRXSH
8498,2023-06-12,VALENCE TGV RHONE-ALPES SUD,OUI,5300,11:21,SUD EST,MONTPELLIER SUD DE FRANCE,JCATLSUD,FRSUF,10:22,FRVLA
8499,2023-06-12,ANGERS ST LAUD,NON,5300,11:21,SUD EST,MONTPELLIER SUD DE FRANCE,JCATLSUD,FRSUF,05:27,FRACL
8500,2023-06-12,MASSY TGV,NON,5300,11:21,SUD EST,MONTPELLIER SUD DE FRANCE,JCATLSUD,FRSUF,07:26,FRDJU
8501,2023-06-12,MASSY TGV,NON,5300,10:58,SUD EST,NIMES PONT DU GARD,JCATLSUD,FRXZP,07:26,FRDJU
8502,2023-06-12,ST PIERRE DES CORPS,NON,5300,10:58,SUD EST,NIMES PONT DU GARD,JCATLSUD,FRXZP,06:28,FRXSH
8503,2023-06-12,NIMES,NON,5156,10:40,NORD,LILLE (intramuros),JCSUDNORD,FRADJ,05:52,FRFNI
8504,2023-06-12,LYON (intramuros),NON,5156,10:40,NORD,LILLE (intramuros),JCSUDNORD,FRADJ,07:30,FRLPD
8505,2023-06-12,MARNE LA VALLEE CHESSY,OUI,5156,09:33,NORD,AEROPORT CDG2 TGV ROISSY,JCSUDNORD,FRMLW,09:22,FRMLV
8506,2023-06-12,MONTPELLIER SAINT-ROCH,NON,5156,07:23,NORD,LYON (intramuros),JCSUDNORD,FRLPD,05:25,FRMPL
8507,2023-06-12,VALENCE TGV RHONE-ALPES SUD,NON,5156,09:17,NORD,MARNE LA VALLEE CHESSY,JCSUDNORD,FRMLV,06:45,FRVLA
8508,2023-06-12,HENDAYE,NON,14142,13:30,IC SRO,MONTREJEAU GOURDAN POLIGNAN,SUDOUEST,FRMTJ,10:19,FRAEF
8509,2023-06-12,HENDAYE,NON,14142,14:27,IC SRO,TOULOUSE MATABIAU,SUDOUEST,FRXYT,10:19,FRAEF
8510,2023-06-12,ORTHEZ,NON,14142,12:37,IC SRO,LOURDES,SUDOUEST,FRLDE,11:48,FRGFI
8511,2023-06-12,LOURDES,NON,14142,12:53,IC SRO,TARBES,SUDOUEST,FRXTB,12:40,FRLDE
8512,2023-06-12,LOURDES,NON,14142,14:27,IC SRO,TOULOUSE MATABIAU,SUDOUEST,FRXYT,12:40,FRLDE
8513,2023-06-12,BAYONNE,NON,14142,12:09,IC SRO,PAU,SUDOUEST,FRAEE,11:02,FRXBY
8514,2023-06-12,BAYONNE,NON,14142,11:46,IC SRO,ORTHEZ,SUDOUEST,FRGFI,11:02,FRXBY
8515,2023-06-12,BAYONNE,NON,14142,12:37,IC SRO,LOURDES,SUDOUEST,FRLDE,11:02,FRXBY
8516,2023-06-12,ST JEAN DE LUZ CIBOURE,NON,14142,10:39,IC SRO,BIARRITZ,SUDOUEST,FRBIQ,10:30,FRXJZ
8517,2023-06-12,ST JEAN DE LUZ CIBOURE,NON,14142,12:37,IC SRO,LOURDES,SUDOUEST,FRLDE,10:30,FRXJZ
8518,2023-06-12,ST JEAN DE LUZ CIBOURE,NON,14142,12:53,IC SRO,TARBES,SUDOUEST,FRXTB,10:30,FRXJZ
8519,2023-06-12,DOL DE BRETAGNE,NON,8088,20:20,ATLANTIQUE,PARIS (intramuros),BRETAPARIS,FRPMO,17:58,FRDOL
8520,2023-06-12,ST MALO,NON,8088,20:20,ATLANTIQUE,PARIS (intramuros),BRETAPARIS,FRPMO,17:42,FRXSB
8521,2023-06-12,ANNECY,NON,6972,14:35,SUD EST,MACON LOCHE TGV,ALPESPARIS,FRMLT,12:30,FRNCY
8522,2023-06-12,ANNECY,NON,6972,16:14,SUD EST,PARIS (intramuros),ALPESPARIS,FRPLY,12:30,FRNCY
8523,2023-06-12,DAX,NON,8571,10:52,ATLANTIQUE,PAU,PASUDOUEST,FRAEE,10:08,FRACG
8524,2023-06-12,DAX,NON,8571,11:47,ATLANTIQUE,TARBES,PASUDOUEST,FRXTB,10:08,FRACG
8525,2023-06-12,PAU,NON,8571,11:47,ATLANTIQUE,TARBES,PASUDOUEST,FRXTB,10:55,FRAEE
8526,2023-06-12,PARIS (intramuros),NON,8571,10:05,ATLANTIQUE,DAX,PASUDOUEST,FRACG,06:36,FRPMO
8527,2023-06-12,VENDOME VILLIERS SUR LOIR,OUI,8345,20:32,ATLANTIQUE,POITIERS,PAROCHELLE,FRPIS,19:15,FRESL
8528,2023-06-12,BEZIERS,NON,4762,18:35,IC ARO,AGEN,TJOURSESO,FRAGF,15:46,FRBZR
8529,2023-06-12,BEZIERS,NON,4762,17:18,IC ARO,TOULOUSE MATABIAU,TJOURSESO,FRXYT,15:46,FRBZR
8530,2023-06-12,NIMES,NON,4762,15:02,IC ARO,MONTPELLIER SAINT-ROCH,TJOURSESO,FRMPL,14:38,FRFNI
8531,2023-06-12,NIMES,NON,4762,17:57,IC ARO,MONTAUBAN VILLE BOURBON,TJOURSESO,FRXMW,14:38,FRFNI
8532,2023-06-12,NIMES,NON,4762,15:59,IC ARO,NARBONNE,TJOURSESO,FRXNA,14:38,FRFNI
8533,2023-06-12,MARSEILLE ST CHARLES,NON,4762,18:35,IC ARO,AGEN,TJOURSESO,FRAGF,13:23,FRMSC
8534,2023-06-12,MARSEILLE ST CHARLES,NON,4762,16:31,IC ARO,CARCASSONNE,TJOURSESO,FRCCF,13:23,FRMSC
8535,2023-06-12,NARBONNE,NON,4762,16:31,IC ARO,CARCASSONNE,TJOURSESO,FRCCF,16:02,FRXNA
8536,2023-06-12,TOULOUSE MATABIAU,OUI,4762,18:35,IC ARO,AGEN,TJOURSESO,FRAGF,17:26,FRXYT
8537,2023-06-12,BOURGES,NON,4504,15:49,IC SRO,VIERZON VILLE,JOURLYNNTE,FRXVZ,15:30,FRBOU
8538,2023-06-12,LYON (intramuros),NON,4504,13:03,IC SRO,ROANNE,JOURLYNNTE,FRRNE,12:00,FRLPD
8539,2023-06-12,LYON (intramuros),NON,4504,14:08,IC SRO,MOULINS SUR ALLIER,JOURLYNNTE,FRXMU,12:00,FRLPD
8540,2023-06-12,LYON (intramuros),NON,4504,15:49,IC SRO,VIERZON VILLE,JOURLYNNTE,FRXVZ,12:00,FRLPD
8541,2023-06-12,LYON (intramuros),NON,4504,18:46,IC SRO,NANTES,JOURLYNNTE,FRNTE,11:47,FRLPE
8542,2023-06-12,NEVERS,NON,4504,15:28,IC SRO,BOURGES,JOURLYNNTE,FRBOU,14:52,FRNVS
8543,2023-06-12,ROANNE,NON,4504,14:08,IC SRO,MOULINS SUR ALLIER,JOURLYNNTE,FRXMU,13:06,FRRNE
8544,2023-06-12,ST GERMAIN DES FOSSES,NON,4504,18:01,IC SRO,ANGERS ST LAUD,JOURLYNNTE,FRACL,13:45,FRSGF
8545,2023-06-12,ST GERMAIN DES FOSSES,NON,4504,15:49,IC SRO,VIERZON VILLE,JOURLYNNTE,FRXVZ,13:45,FRSGF
8546,2023-06-12,VIERZON VILLE,NON,4504,17:36,IC SRO,SAUMUR,JOURLYNNTE,FRACN,15:51,FRXVZ
8547,2023-06-12,AIX EN PROVENCE TGV,OUI,6132,19:37,SUD EST,AVIGNON TGV,PROVENCEPA,FRAVG,19:18,FRAIE
8548,2023-06-12,REIMS,OUI,2760,20:01,EST,PARIS (intramuros),SEDBARPA,FRPST,19:15,FRRHE
8549,2023-06-12,GUINGAMP,NON,8646,23:08,ATLANTIQUE,PARIS (intramuros),BRETAPARIS,FRPMO,20:24,FRGGP
8550,2023-06-12,MORLAIX,NON,8646,23:08,ATLANTIQUE,PARIS (intramuros),BRETAPARIS,FRPMO,19:55,FRMXN
8551,2023-06-12,ST BRIEUC,OUI,8646,21:29,ATLANTIQUE,RENNES,BRETAPARIS,FRRNS,20:41,FRSBK
8552,2023-06-12,BIARRITZ,NON,8540,17:52,ATLANTIQUE,PARIS (intramuros),SUDOUESTPA,FRPMO,13:34,FRBIQ
8553,2023-06-12,BIARRITZ,OUI,8540,13:46,ATLANTIQUE,BAYONNE,SUDOUESTPA,FRXBY,13:34,FRBIQ
8554,2023-06-12,BORDEAUX ST JEAN,NON,8540,17:52,ATLANTIQUE,PARIS (intramuros),SUDOUESTPA,FRPMO,15:46,FRBOJ
8555,2023-06-12,BEZIERS,OUI,6875,22:14,SUD EST,LYON (intramuros),JCSUDPROV,FRLPD,19:15,FRBZR
8556,2023-06-12,CARCASSONNE,OUI,6875,19:12,SUD EST,BEZIERS,JCSUDPROV,FRBZR,18:27,FRCCF
8557,2023-06-12,CARCASSONNE,OUI,6875,21:29,SUD EST,VALENCE TGV RHONE-ALPES SUD,JCSUDPROV,FRVLA,18:27,FRCCF
8558,2023-06-12,NARBONNE,OUI,6875,21:29,SUD EST,VALENCE TGV RHONE-ALPES SUD,JCSUDPROV,FRVLA,18:59,FRXNA
8559,2023-06-12,NARBONNE,OUI,6875,19:36,SUD EST,SETE,JCSUDPROV,FRXSY,18:59,FRXNA
8560,2023-06-12,TOULOUSE MATABIAU,OUI,6875,19:12,SUD EST,BEZIERS,JCSUDPROV,FRBZR,17:43,FRXYT
8561,2023-06-12,TOULOUSE MATABIAU,OUI,6875,21:29,SUD EST,VALENCE TGV RHONE-ALPES SUD,JCSUDPROV,FRVLA,17:43,FRXYT
8562,2023-06-12,VERSAILLES CHANTIERS,OUI,5376,14:31,SUD EST,LE HAVRE,JCSUDATL,FRAEZ,11:58,FRDHT
8563,2023-06-12,LYON (intramuros),NON,5376,12:29,SUD EST,MANTES LA JOLIE,JCSUDATL,FRMTE,09:30,FRLPD
8564,2023-06-12,MARSEILLE ST CHARLES,NON,5376,08:02,SUD EST,AVIGNON TGV,JCSUDATL,FRAVG,07:35,FRMSC
8565,2023-06-12,VALENCE TGV RHONE-ALPES SUD,NON,5376,09:20,SUD EST,LYON (intramuros),JCSUDATL,FRLPD,08:42,FRVLA
8566,2023-06-12,VALENCE TGV RHONE-ALPES SUD,NON,5376,11:37,SUD EST,MASSY PALAISEAU,JCSUDATL,FRMPU,08:42,FRVLA
8567,2023-06-12,ST PIERRE DES CORPS,OUI,8303,13:45,ATLANTIQUE,TOURS,PAROCHELLE,FRAFW,13:39,FRXSH
8568,2023-06-12,BORDEAUX ST JEAN,NON,8504,12:52,ATLANTIQUE,PARIS (intramuros),SUDOUESTPA,FRPMO,10:46,FRBOJ
8569,2023-06-12,MONTAUBAN VILLE BOURBON,NON,8504,12:52,ATLANTIQUE,PARIS (intramuros),SUDOUESTPA,FRPMO,08:57,FRXMW
8570,2023-06-12,TOULOUSE MATABIAU,OUI,8504,09:32,ATLANTIQUE,AGEN,SUDOUESTPA,FRAGF,08:23,FRXYT
8571,2023-06-12,TOULOUSE MATABIAU,NON,8504,10:40,ATLANTIQUE,BORDEAUX ST JEAN,SUDOUESTPA,FRBOJ,08:23,FRXYT
8572,2023-06-12,TOULOUSE MATABIAU,NON,8504,12:52,ATLANTIQUE,PARIS (intramuros),SUDOUESTPA,FRPMO,08:23,FRXYT
8573,2023-06-12,BOURG EN BRESSE,NON,9763,11:30,INTERNATIONAL,GENEVE,PAGENEVE,CHGVA,10:12,FRXBK
8574,2023-06-12,BREST,NON,8622,15:29,ATLANTIQUE,RENNES,BRETAPARIS,FRRNS,13:31,FRBES
8575,2023-06-12,DIJON VILLE,NON,6762,09:10,SUD EST,PARIS (intramuros),BOURPA,FRPLY,07:26,FRABA
8576,2023-06-12,BESANCON VIOTTE,NON,6762,09:10,SUD EST,PARIS (intramuros),BOURPA,FRPLY,06:36,FRABG
8577,2023-06-12,BESANCON VIOTTE,NON,6762,06:50,SUD EST,BESANCON - F COMTE TGV,BOURPA,FRTJB,06:36,FRABG
8578,2023-06-12,MONTBARD,NON,6762,09:10,SUD EST,PARIS (intramuros),BOURPA,FRPLY,08:05,FRGWE
8579,2023-06-12,BESANCON - F COMTE TGV,NON,6762,09:10,SUD EST,PARIS (intramuros),BOURPA,FRPLY,06:53,FRTJB
8580,2023-06-12,CHATEAUROUX,OUI,3604,08:22,IC ARO,PARIS (intramuros),TOULOUZECO,FRPAZ,06:06,FRCHR
8581,2023-06-12,CHATEAUROUX,OUI,3604,06:42,IC ARO,VIERZON VILLE,TOULOUZECO,FRXVZ,06:06,FRCHR
8582,2023-06-12,ISSOUDUN,OUI,3604,08:22,IC ARO,PARIS (intramuros),TOULOUZECO,FRPAZ,06:21,FRFMN
8583,2023-06-12,LA SOUTERRAINE,OUI,3604,06:04,IC ARO,CHATEAUROUX,TOULOUZECO,FRCHR,05:30,FRLST
8584,2023-06-12,VIERZON VILLE,OUI,3604,08:22,IC ARO,PARIS (intramuros),TOULOUZECO,FRPAZ,06:44,FRXVZ
8585,2023-06-12,LES SABLES D'OLONNE,OUI,8984,17:45,ATLANTIQUE,ANGERS ST LAUD,LOIREPARIS,FRACL,15:44,FRLSO
8586,2023-06-12,LES SABLES D'OLONNE,OUI,8984,16:08,ATLANTIQUE,LA ROCHE SUR YON,LOIREPARIS,FRXRO,15:44,FRLSO
8587,2023-06-12,NANTES,OUI,8984,17:45,ATLANTIQUE,ANGERS ST LAUD,LOIREPARIS,FRACL,17:09,FRNTE
8588,2023-06-12,NANTES,NON,8984,19:14,ATLANTIQUE,PARIS (intramuros),LOIREPARIS,FRPMO,17:09,FRNTE
8589,2023-06-12,DIJON VILLE,NON,9898,13:23,EST,METZ VILLE,JCRHONRHIN,FRADE,10:08,FRABA
8590,2023-06-12,DIJON VILLE,NON,9898,10:57,EST,BELFORT-MONTBELIARD TGV,JCRHONRHIN,FRTJA,10:08,FRABA
8591,2023-06-12,STRASBOURG,OUI,9898,13:23,EST,METZ VILLE,JCRHONRHIN,FRADE,12:31,FRAEG
8592,2023-06-12,COLMAR,NON,9898,12:24,EST,STRASBOURG,JCRHONRHIN,FRAEG,11:52,FRAEJ
8593,2023-06-12,NIMES,NON,9898,11:21,EST,MULHOUSE VILLE,JCRHONRHIN,FRAEK,06:53,FRFNI
8594,2023-06-12,NIMES,NON,9898,08:24,EST,LYON (intramuros),JCRHONRHIN,FRLPD,06:53,FRFNI
8595,2023-06-12,NIMES,NON,9898,10:57,EST,BELFORT-MONTBELIARD TGV,JCRHONRHIN,FRTJA,06:53,FRFNI
8596,2023-06-12,LYON (intramuros),NON,9898,11:49,EST,COLMAR,JCRHONRHIN,FRAEJ,08:30,FRLPD
8597,2023-06-12,LYON (intramuros),NON,9898,14:15,EST,LUXEMBOURG,JCRHONRHIN,LULUX,08:30,FRLPD
8598,2023-06-12,MONTPELLIER SAINT-ROCH,NON,9898,09:58,EST,DIJON VILLE,JCRHONRHIN,FRABA,06:26,FRMPL
8599,2023-06-12,MONTPELLIER SAINT-ROCH,OUI,9898,06:50,EST,NIMES,JCRHONRHIN,FRFNI,06:26,FRMPL
8600,2023-06-12,MONTPELLIER SAINT-ROCH,NON,9898,13:48,EST,THIONVILLE,JCRHONRHIN,FRXTH,06:26,FRMPL
8601,2023-06-12,BELFORT-MONTBELIARD TGV,NON,9898,11:49,EST,COLMAR,JCRHONRHIN,FRAEJ,10:59,FRTJA
8602,2023-06-12,BESANCON - F COMTE TGV,NON,9898,13:23,EST,METZ VILLE,JCRHONRHIN,FRADE,10:36,FRTJB
8603,2023-06-12,BESANCON - F COMTE TGV,NON,9898,11:21,EST,MULHOUSE VILLE,JCRHONRHIN,FRAEK,10:36,FRTJB
8604,2023-06-12,BESANCON - F COMTE TGV,NON,9898,13:48,EST,THIONVILLE,JCRHONRHIN,FRXTH,10:36,FRTJB
8605,2023-06-12,VALENCE TGV RHONE-ALPES SUD,NON,9898,13:23,EST,METZ VILLE,JCRHONRHIN,FRADE,07:44,FRVLA
8606,2023-06-12,VALENCE TGV RHONE-ALPES SUD,NON,9898,11:21,EST,MULHOUSE VILLE,JCRHONRHIN,FRAEK,07:44,FRVLA
8607,2023-06-12,NANTES,NON,3837,21:10,IC SRO,JONZAC,NANTEBORDO,FREMR,17:55,FRNTE
8608,2023-06-12,LA ROCHE SUR YON,NON,3837,18:58,IC SRO,LUCON,NANTEBORDO,FRLCN,18:36,FRXRO
8609,2023-06-12,LA ROCHE SUR YON,NON,3837,20:32,IC SRO,SAINTES,NANTEBORDO,FRXST,18:36,FRXRO
8610,2023-06-12,TOURS,OUI,8318,17:43,ATLANTIQUE,VENDOME VILLIERS SUR LOIR,ROCHELLEPA,FRESL,17:17,FRAFW
8611,2023-06-12,TOURS,OUI,8318,18:33,ATLANTIQUE,PARIS (intramuros),ROCHELLEPA,FRPMO,17:17,FRAFW
8612,2023-06-12,AVIGNON TGV,OUI,6103,10:41,SUD EST,AIX EN PROVENCE TGV,PAPROVENCE,FRAIE,10:20,FRAVG
8613,2023-06-12,PARIS (intramuros),NON,6103,10:41,SUD EST,AIX EN PROVENCE TGV,PAPROVENCE,FRAIE,07:36,FRPLY
8614,2023-06-12,DIJON VILLE,OUI,5516,14:55,EST,MULHOUSE VILLE,JCRHONRHIN,FRAEK,13:37,FRABA
8615,2023-06-12,STRASBOURG,OUI,5516,17:02,EST,NANCY,JCRHONRHIN,FRENC,16:00,FRAEG
8616,2023-06-12,MULHOUSE VILLE,OUI,5516,15:54,EST,STRASBOURG,JCRHONRHIN,FRAEG,15:06,FRAEK
8617,2023-06-12,AIX EN PROVENCE TGV,NON,5516,10:17,EST,AVIGNON TGV,JCRHONRHIN,FRAVG,09:58,FRAIE
8618,2023-06-12,AVIGNON TGV,NON,5516,15:24,EST,COLMAR,JCRHONRHIN,FRAEJ,10:20,FRAVG
8619,2023-06-12,AVIGNON TGV,NON,5516,17:02,EST,NANCY,JCRHONRHIN,FRENC,10:20,FRAVG
8620,2023-06-12,MACON VILLE,OUI,5516,12:41,EST,CHALON SUR SAONE,JCRHONRHIN,FRXCD,12:12,FRHGU
8621,2023-06-12,CANNES,NON,5516,15:54,EST,STRASBOURG,JCRHONRHIN,FRAEG,07:30,FRJCA
8622,2023-06-12,CANNES,NON,5516,09:55,EST,AIX EN PROVENCE TGV,JCRHONRHIN,FRAIE,07:30,FRJCA
8623,2023-06-12,CANNES,OUI,5516,09:33,EST,MARSEILLE ST CHARLES,JCRHONRHIN,FRMSC,07:30,FRJCA
8624,2023-06-12,CANNES,NON,5516,13:03,EST,BEAUNE,JCRHONRHIN,FRXBV,07:30,FRJCA
8625,2023-06-12,LYON (intramuros),NON,5516,12:09,EST,MACON VILLE,JCRHONRHIN,FRHGU,11:32,FRLPD
8626,2023-06-12,LYON (intramuros),NON,5516,14:30,EST,BELFORT-MONTBELIARD TGV,JCRHONRHIN,FRTJA,11:32,FRLPD
8627,2023-06-12,MARSEILLE ST CHARLES,NON,5516,15:54,EST,STRASBOURG,JCRHONRHIN,FRAEG,09:45,FRMSC
8628,2023-06-12,MARSEILLE ST CHARLES,NON,5516,10:17,EST,AVIGNON TGV,JCRHONRHIN,FRAVG,09:45,FRMSC
8629,2023-06-12,MARSEILLE ST CHARLES,NON,5516,17:02,EST,NANCY,JCRHONRHIN,FRENC,09:45,FRMSC
8630,2023-06-12,MARSEILLE ST CHARLES,NON,5516,14:30,EST,BELFORT-MONTBELIARD TGV,JCRHONRHIN,FRTJA,09:45,FRMSC
8631,2023-06-12,MARSEILLE ST CHARLES,NON,5516,14:06,EST,BESANCON - F COMTE TGV,JCRHONRHIN,FRTJB,09:45,FRMSC
8632,2023-06-12,MARSEILLE ST CHARLES,NON,5516,12:41,EST,CHALON SUR SAONE,JCRHONRHIN,FRXCD,09:45,FRMSC
8633,2023-06-12,NICE VILLE,NON,5516,09:55,EST,AIX EN PROVENCE TGV,JCRHONRHIN,FRAIE,07:00,FRNIC
8634,2023-06-12,NICE VILLE,NON,5516,13:03,EST,BEAUNE,JCRHONRHIN,FRXBV,07:00,FRNIC
8635,2023-06-12,NICE VILLE,OUI,5516,08:09,EST,LES ARCS DRAGUIGNAN,JCRHONRHIN,FRXRS,07:00,FRNIC
8636,2023-06-12,TOULON,NON,5516,13:03,EST,BEAUNE,JCRHONRHIN,FRXBV,08:50,FRTLN
8637,2023-06-12,ANTIBES,OUI,5516,07:26,EST,CANNES,JCRHONRHIN,FRJCA,07:16,FRXAT
8638,2023-06-12,ANTIBES,NON,5516,11:26,EST,LYON (intramuros),JCRHONRHIN,FRLPD,07:16,FRXAT
8639,2023-06-12,ANTIBES,OUI,5516,09:33,EST,MARSEILLE ST CHARLES,JCRHONRHIN,FRMSC,07:16,FRXAT
8640,2023-06-12,ANTIBES,NON,5516,12:41,EST,CHALON SUR SAONE,JCRHONRHIN,FRXCD,07:16,FRXAT
8641,2023-06-12,BEAUNE,OUI,5516,13:25,EST,DIJON VILLE,JCRHONRHIN,FRABA,13:06,FRXBV
8642,2023-06-12,CHALON SUR SAONE,OUI,5516,13:25,EST,DIJON VILLE,JCRHONRHIN,FRABA,12:44,FRXCD
8643,2023-06-12,ST RAPHAEL VALESCURE,NON,5516,15:54,EST,STRASBOURG,JCRHONRHIN,FRAEG,07:55,FRXSK
8644,2023-06-12,ST RAPHAEL VALESCURE,NON,5516,15:24,EST,COLMAR,JCRHONRHIN,FRAEJ,07:55,FRXSK
8645,2023-06-12,ST RAPHAEL VALESCURE,NON,5516,14:55,EST,MULHOUSE VILLE,JCRHONRHIN,FRAEK,07:55,FRXSK
8646,2023-06-12,ST RAPHAEL VALESCURE,NON,5516,10:17,EST,AVIGNON TGV,JCRHONRHIN,FRAVG,07:55,FRXSK
8647,2023-06-12,AVIGNON TGV,NON,5516,13:03,EST,BEAUNE,JCRHONRHIN,FRXBV,10:20,FRAVG
8648,2023-06-12,NICE VILLE,NON,5516,14:30,EST,BELFORT-MONTBELIARD TGV,JCRHONRHIN,FRTJA,07:00,FRNIC
8649,2023-06-12,NICE VILLE,NON,5516,14:06,EST,BESANCON - F COMTE TGV,JCRHONRHIN,FRTJB,07:00,FRNIC
8650,2023-06-12,ANTIBES,NON,5516,14:30,EST,BELFORT-MONTBELIARD TGV,JCRHONRHIN,FRTJA,07:16,FRXAT
8651,2023-06-12,BEAUNE,OUI,5516,14:06,EST,BESANCON - F COMTE TGV,JCRHONRHIN,FRTJB,13:06,FRXBV
8652,2023-06-12,PARIS (intramuros),NON,6609,12:10,SUD EST,LYON (intramuros),PARISRHONE,FRLPE,09:58,FRPLY
8653,2023-06-12,ANNECY,NON,6984,19:09,SUD EST,CHAMBERY CHALLES LES EAUX,ALPESPARIS,FRCMF,18:31,FRNCY
8654,2023-06-12,ANNECY,NON,6984,18:56,SUD EST,AIX LES BAINS LE REVARD,ALPESPARIS,FRXAI,18:31,FRNCY
8655,2023-06-12,AIX LES BAINS LE REVARD,NON,6984,22:16,SUD EST,PARIS (intramuros),ALPESPARIS,FRPLY,18:59,FRXAI
8656,2023-06-12,ANGERS ST LAUD,OUI,5224,14:44,NORD,NANTES,JCNORDBRET,FRNTE,14:05,FRACL
8657,2023-06-12,LILLE (intramuros),OUI,5224,10:37,NORD,TGV HAUTE PICARDIE,JCNORDBRET,FRTHP,09:32,FRADJ
8658,2023-06-12,MARNE LA VALLEE CHESSY,NON,5224,13:04,NORD,ST PIERRE DES CORPS,JCNORDBRET,FRXSH,11:32,FRMLV
8659,2023-06-12,AEROPORT CDG2 TGV ROISSY,NON,5224,14:44,NORD,NANTES,JCNORDBRET,FRNTE,11:19,FRMLW
8660,2023-06-12,ARRAS,NON,5224,11:28,NORD,MARNE LA VALLEE CHESSY,JCNORDBRET,FRMLV,10:19,FRQRV
8661,2023-06-12,ARRAS,OUI,5224,10:37,NORD,TGV HAUTE PICARDIE,JCNORDBRET,FRTHP,10:19,FRQRV
8662,2023-06-12,TGV HAUTE PICARDIE,NON,5224,11:28,NORD,MARNE LA VALLEE CHESSY,JCNORDBRET,FRMLV,10:45,FRTHP
8663,2023-06-12,DOUAI,NON,5224,11:28,NORD,MARNE LA VALLEE CHESSY,JCNORDBRET,FRMLV,10:01,FRXDN
8664,2023-06-12,DOUAI,NON,5224,13:04,NORD,ST PIERRE DES CORPS,JCNORDBRET,FRXSH,10:01,FRXDN
8665,2023-06-12,ARRAS,NON,5224,14:02,NORD,ANGERS ST LAUD,JCNORDBRET,FRACL,10:19,FRQRV
8666,2023-06-12,LE MANS,NON,8871,12:13,ATLANTIQUE,ANGERS ST LAUD,PARISLOIRE,FRACL,11:36,FRAET
8667,2023-06-12,LAVAL,NON,8074,17:46,ATLANTIQUE,LE MANS,BRETAPARIS,FRAET,17:18,FRACR
8668,2023-06-12,RENNES,NON,8074,17:46,ATLANTIQUE,LE MANS,BRETAPARIS,FRAET,16:31,FRRNS
8669,2023-06-12,ISSOUDUN,OUI,3675,22:02,IC ARO,LIMOGES BENEDICTINS,PALITO,FRAGQ,20:35,FRFMN
8670,2023-06-12,ISSOUDUN,OUI,3675,23:08,IC ARO,BRIVE LA GAILLARDE,PALITO,FRBVE,20:35,FRFMN
8671,2023-06-12,LA SOUTERRAINE,OUI,3675,22:02,IC ARO,LIMOGES BENEDICTINS,PALITO,FRAGQ,21:28,FRLST
8672,2023-06-12,PARIS (intramuros),OUI,3675,20:48,IC ARO,CHATEAUROUX,PALITO,FRCHR,18:38,FRPAZ
8673,2023-06-12,VIERZON VILLE,OUI,3675,23:08,IC ARO,BRIVE LA GAILLARDE,PALITO,FRBVE,20:13,FRXVZ
8674,2023-06-12,VIERZON VILLE,OUI,3675,20:33,IC ARO,ISSOUDUN,PALITO,FRFMN,20:13,FRXVZ
8675,2023-06-12,ISSOUDUN,OUI,3675,22:42,IC ARO,UZERCHE,PALITO,FRAAW,20:35,FRFMN
8676,2023-06-12,BAR LE DUC,OUI,2778,06:52,EST,CHALONS EN CHAMPAGNE,SEDBARPA,FRXCR,06:10,FRXBD
8677,2023-06-12,CHAMPAGNE-ARDENNE,NON,2407,09:59,EST,STRASBOURG,PASTRAMULH,FRAEG,08:41,FREAH
8678,2023-06-12,NIORT,NON,8371,09:44,ATLANTIQUE,LA ROCHELLE VILLE,PAROCHELLE,FRLRH,09:03,FRNIT
8679,2023-06-12,POITIERS,NON,8371,09:21,ATLANTIQUE,SURGERES,PAROCHELLE,FREIP,08:14,FRPIS
8680,2023-06-12,PARIS (intramuros),NON,8371,09:44,ATLANTIQUE,LA ROCHELLE VILLE,PAROCHELLE,FRLRH,06:49,FRPMO
8681,2023-06-12,NURIEUX,NON,9764,11:42,INTERNATIONAL,PARIS (intramuros),GENEVEPA,FRPLY,09:25,FRHQN
8682,2023-06-12,BELLEGARDE,NON,9764,09:22,INTERNATIONAL,NURIEUX,GENEVEPA,FRHQN,09:00,FRXBF
8683,2023-06-12,BOURG EN BRESSE,NON,9764,11:42,INTERNATIONAL,PARIS (intramuros),GENEVEPA,FRPLY,09:52,FRXBK
8684,2023-06-12,QUIMPERLE,OUI,8730,15:53,ATLANTIQUE,LORIENT,BRETAPARIS,FRLRT,15:42,FRECO
8685,2023-06-12,LORIENT,OUI,8730,16:24,ATLANTIQUE,VANNES,BRETAPARIS,FRVNE,15:56,FRLRT
8686,2023-06-12,VANNES,NON,8730,17:25,ATLANTIQUE,RENNES,BRETAPARIS,FRRNS,16:27,FRVNE
8687,2023-06-12,KARLSRUHE HBF,NON,9571,10:05,INTERNATIONAL,STUTTGART HBF,PASTUTMUN,DESGT,09:28,DEQKA
8688,2023-06-12,PARIS (intramuros),NON,9571,09:26,INTERNATIONAL,KARLSRUHE HBF,PASTUTMUN,DEQKA,06:55,FRPST
8689,2023-06-12,PARIS (intramuros),NON,6223,19:59,SUD EST,NIMES,PALANG,FRFNI,16:54,FRPLY
8690,2023-06-12,PARIS (intramuros),NON,6613,13:10,SUD EST,LE CREUSOT MONTCEAU MONTCHANIN,PARISRHONE,FRXCC,11:50,FRPLY
8691,2023-06-12,LYON-SAINT EXUPERY TGV,OUI,6919,17:13,SUD EST,GRENOBLE,PAGRENOBLE,FRGNB,16:09,FRJDQ
8692,2023-06-12,FUTUROSCOPE,OUI,8340,13:33,ATLANTIQUE,PARIS (intramuros),ROCHELLEPA,FRPMO,11:30,FRTGO
8693,2023-06-12,CHATELLERAULT,OUI,8340,12:43,ATLANTIQUE,VENDOME VILLIERS SUR LOIR,ROCHELLEPA,FRESL,11:44,FRXCX
8694,2023-06-12,CHATELLERAULT,OUI,8340,12:15,ATLANTIQUE,ST PIERRE DES CORPS,ROCHELLEPA,FRXSH,11:44,FRXCX
8695,2023-06-12,ST PIERRE DES CORPS,OUI,8340,12:43,ATLANTIQUE,VENDOME VILLIERS SUR LOIR,ROCHELLEPA,FRESL,12:25,FRXSH
8696,2023-06-12,AVIGNON CENTRE,OUI,6195,21:40,SUD EST,MIRAMAS,PAVDR,FRMAZ,21:00,FRAES
8697,2023-06-12,LYON-SAINT EXUPERY TGV,OUI,6195,21:40,SUD EST,MIRAMAS,PAVDR,FRMAZ,19:13,FRJDQ
8698,2023-06-12,PARIS (intramuros),OUI,6195,21:17,SUD EST,ARLES,PAVDR,FRHZA,17:12,FRPLY
8699,2023-06-12,PARIS (intramuros),OUI,6195,20:10,SUD EST,MONTELIMAR GARE SNCF,PAVDR,FRXMK,17:12,FRPLY
8700,2023-06-12,VALENCE VILLE,OUI,6195,20:57,SUD EST,AVIGNON CENTRE,PAVDR,FRAES,19:49,FRVAF
8701,2023-06-12,MONTELIMAR GARE SNCF,OUI,6195,21:17,SUD EST,ARLES,PAVDR,FRHZA,20:13,FRXMK
8702,2023-06-12,ANGOULEME,NON,8430,08:08,ATLANTIQUE,PARIS (intramuros),SUDOUESTPA,FRPMO,06:18,FRANG
8703,2023-06-12,BORDEAUX ST JEAN,NON,8430,08:08,ATLANTIQUE,PARIS (intramuros),SUDOUESTPA,FRPMO,05:40,FRBOJ
8704,2023-06-12,AGEN,OUI,4760,17:32,IC ARO,BORDEAUX ST JEAN,TJOURSESO,FRBOJ,16:27,FRAGF
8705,2023-06-12,NIMES,NON,4760,15:12,IC ARO,TOULOUSE MATABIAU,TJOURSESO,FRXYT,12:39,FRFNI
8706,2023-06-12,ARLES,NON,4760,16:25,IC ARO,AGEN,TJOURSESO,FRAGF,12:10,FRHZA
8707,2023-06-12,ARLES,NON,4760,13:03,IC ARO,MONTPELLIER SAINT-ROCH,TJOURSESO,FRMPL,12:10,FRHZA
8708,2023-06-12,ARLES,NON,4760,15:48,IC ARO,MONTAUBAN VILLE BOURBON,TJOURSESO,FRXMW,12:10,FRHZA
8709,2023-06-12,MARSEILLE ST CHARLES,NON,4760,16:25,IC ARO,AGEN,TJOURSESO,FRAGF,11:24,FRMSC
8710,2023-06-12,MARSEILLE ST CHARLES,NON,4760,17:32,IC ARO,BORDEAUX ST JEAN,TJOURSESO,FRBOJ,11:24,FRMSC
8711,2023-06-12,MARSEILLE ST CHARLES,NON,4760,12:36,IC ARO,NIMES,TJOURSESO,FRFNI,11:24,FRMSC
8712,2023-06-12,MARSEILLE ST CHARLES,NON,4760,13:57,IC ARO,NARBONNE,TJOURSESO,FRXNA,11:24,FRMSC
8713,2023-06-12,MARSEILLE ST CHARLES,NON,4760,15:12,IC ARO,TOULOUSE MATABIAU,TJOURSESO,FRXYT,11:24,FRMSC
8714,2023-06-12,NARBONNE,NON,4760,15:12,IC ARO,TOULOUSE MATABIAU,TJOURSESO,FRXYT,14:00,FRXNA
8715,2023-06-12,SETE,NON,4760,14:28,IC ARO,CARCASSONNE,TJOURSESO,FRCCF,13:22,FRXSY
8716,2023-06-12,SETE,NON,4760,13:57,IC ARO,NARBONNE,TJOURSESO,FRXNA,13:22,FRXSY
8717,2023-06-12,STRASBOURG,NON,2404,08:35,EST,PARIS (intramuros),MULHSTRAPA,FRPST,06:40,FRAEG
8718,2023-06-12,DIJON VILLE,NON,9223,21:03,INTERNATIONAL,MULHOUSE VILLE,PABALZUR,FRAEK,20:01,FRABA
8719,2023-06-12,PARIS (intramuros),NON,9223,19:57,INTERNATIONAL,DIJON VILLE,PABALZUR,FRABA,18:20,FRPLY
8720,2023-06-12,LAVAL,NON,5280,13:49,NORD,MASSY TGV,JCBRETNORD,FRDJU,12:28,FRACR
8721,2023-06-12,LAVAL,NON,5280,14:27,NORD,MARNE LA VALLEE CHESSY,JCBRETNORD,FRMLV,12:28,FRACR
8722,2023-06-12,LE MANS,NON,5280,14:27,NORD,MARNE LA VALLEE CHESSY,JCBRETNORD,FRMLV,13:00,FRAET
8723,2023-06-12,GOURDON,NON,3644,12:06,IC ARO,CHATEAUROUX,TOULOUZECO,FRCHR,09:03,FRFSI
8724,2023-06-12,CAUSSADE TARN ET GARONNE,NON,3644,12:06,IC ARO,CHATEAUROUX,TOULOUZECO,FRCHR,08:07,FRFTA
8725,2023-06-12,CAUSSADE TARN ET GARONNE,OUI,3644,09:18,IC ARO,SOUILLAC,TOULOUZECO,FRSOU,08:07,FRFTA
8726,2023-06-12,LA SOUTERRAINE,OUI,3644,13:20,IC ARO,LES AUBRAIS ORLEANS,TOULOUZECO,FRLAB,11:29,FRLST
8727,2023-06-12,SOUILLAC,NON,3644,13:20,IC ARO,LES AUBRAIS ORLEANS,TOULOUZECO,FRLAB,09:20,FRSOU
8728,2023-06-12,MONTAUBAN VILLE BOURBON,NON,3644,12:06,IC ARO,CHATEAUROUX,TOULOUZECO,FRCHR,07:53,FRXMW
8729,2023-06-12,MONTAUBAN VILLE BOURBON,OUI,3644,09:18,IC ARO,SOUILLAC,TOULOUZECO,FRSOU,07:53,FRXMW
8730,2023-06-12,TOULOUSE MATABIAU,NON,3644,10:51,IC ARO,LIMOGES BENEDICTINS,TOULOUZECO,FRAGQ,07:18,FRXYT
8731,2023-06-12,TOULOUSE MATABIAU,NON,3644,12:06,IC ARO,CHATEAUROUX,TOULOUZECO,FRCHR,07:18,FRXYT
8732,2023-06-12,TOULOUSE MATABIAU,OUI,3644,08:06,IC ARO,CAUSSADE TARN ET GARONNE,TOULOUZECO,FRFTA,07:18,FRXYT
8733,2023-06-12,TOULOUSE MATABIAU,NON,3644,11:27,IC ARO,LA SOUTERRAINE,TOULOUZECO,FRLST,07:18,FRXYT
8734,2023-06-12,CAHORS,OUI,3644,09:47,IC ARO,BRIVE LA GAILLARDE,TOULOUZECO,FRBVE,08:35,FRZAO
8735,2023-06-12,CAHORS,NON,3644,12:06,IC ARO,CHATEAUROUX,TOULOUZECO,FRCHR,08:35,FRZAO
8736,2023-06-12,ANGOULEME,NON,8432,08:16,ATLANTIQUE,POITIERS,SUDOUESTPA,FRPIS,07:36,FRANG
8737,2023-06-12,ANGOULEME,NON,8432,08:50,ATLANTIQUE,ST PIERRE DES CORPS,SUDOUESTPA,FRXSH,07:36,FRANG
8738,2023-06-12,BORDEAUX ST JEAN,NON,8432,08:50,ATLANTIQUE,ST PIERRE DES CORPS,SUDOUESTPA,FRXSH,06:58,FRBOJ
8739,2023-06-12,POITIERS,NON,8432,10:01,ATLANTIQUE,PARIS (intramuros),SUDOUESTPA,FRPMO,08:19,FRPIS
8740,2023-06-12,FRANKFURT MAIN HBF,NON,9556,11:00,INTERNATIONAL,SARREBRUCK/SAARBRUECKEN,FRANCPA,DESBK,08:56,DEFRH
8741,2023-06-12,KAISERSLAUTERN HBF,NON,9556,12:52,INTERNATIONAL,PARIS (intramuros),FRANCPA,FRPST,10:22,DEKLT
8742,2023-06-12,LE MANS,OUI,8887,21:13,ATLANTIQUE,ANGERS ST LAUD,PARISLOIRE,FRACL,20:36,FRAET
8743,2023-06-12,CHAMPAGNE-ARDENNE,OUI,2785,20:52,EST,VITRY LE FRANCOIS GARE,PABARSED,FRBFO,20:11,FREAH
8744,2023-06-12,CHAMPAGNE-ARDENNE,OUI,2785,20:32,EST,CHALONS EN CHAMPAGNE,PABARSED,FRXCR,20:11,FREAH
8745,2023-06-12,REIMS,NON,2716,09:31,EST,PARIS (intramuros),SEDBARPA,FRPST,08:45,FRRHE
8746,2023-06-12,STRASBOURG,NON,9583,15:18,INTERNATIONAL,MANNHEIM HBF,MRSFRANC,DEMHG,13:55,FRAEG
8747,2023-06-12,AIX EN PROVENCE TGV,NON,9583,13:43,INTERNATIONAL,STRASBOURG,MRSFRANC,FRAEG,08:25,FRAIE
8748,2023-06-12,BRIVE LA GAILLARDE,OUI,3614,06:55,IC ARO,ARGENTON SUR CREUSE,TOULOUZECO,FRFMT,04:51,FRBVE
8749,2023-06-12,BRIVE LA GAILLARDE,OUI,3614,07:48,IC ARO,VIERZON VILLE,TOULOUZECO,FRXVZ,04:51,FRBVE
8750,2023-06-12,SOUILLAC,OUI,3750,06:50,IC NUIT,PARIS (intramuros),OCCITANPAR,FRPAZ,00:17,FRSOU
8751,2023-06-12,AVIGNON TGV,NON,9583,14:23,INTERNATIONAL,BADEN BADEN,MRSFRANC,DEZCC,08:47,FRAVG
8752,2023-06-12,AVIGNON TGV,NON,9583,12:51,INTERNATIONAL,MULHOUSE VILLE,MRSFRANC,FRAEK,08:47,FRAVG
8753,2023-06-12,AVIGNON TGV,NON,9583,09:54,INTERNATIONAL,LYON (intramuros),MRSFRANC,FRLPD,08:47,FRAVG
8754,2023-06-12,AVIGNON TGV,NON,9583,12:00,INTERNATIONAL,BESANCON - F COMTE TGV,MRSFRANC,FRTJB,08:47,FRAVG
8755,2023-06-12,LYON (intramuros),NON,9583,13:43,INTERNATIONAL,STRASBOURG,MRSFRANC,FRAEG,10:04,FRLPD
8756,2023-06-12,LYON (intramuros),NON,9583,12:00,INTERNATIONAL,BESANCON - F COMTE TGV,MRSFRANC,FRTJB,10:04,FRLPD
8757,2023-06-12,MARSEILLE ST CHARLES,NON,9583,13:43,INTERNATIONAL,STRASBOURG,MRSFRANC,FRAEG,08:11,FRMSC
8758,2023-06-12,MARSEILLE ST CHARLES,NON,9583,12:00,INTERNATIONAL,BESANCON - F COMTE TGV,MRSFRANC,FRTJB,08:11,FRMSC
8759,2023-06-12,BELFORT-MONTBELIARD TGV,NON,9583,14:46,INTERNATIONAL,KARLSRUHE HBF,MRSFRANC,DEQKA,12:27,FRTJA
8760,2023-06-12,BESANCON - F COMTE TGV,NON,9583,14:46,INTERNATIONAL,KARLSRUHE HBF,MRSFRANC,DEQKA,12:03,FRTJB
8761,2023-06-12,CHALON SUR SAONE,NON,9583,13:43,INTERNATIONAL,STRASBOURG,MRSFRANC,FRAEG,11:06,FRXCD
8762,2023-06-12,LILLE (intramuros),NON,5010,10:29,NORD,LYON (intramuros),JCNORDSUD,FRLPD,07:24,FRLLE
8763,2023-06-12,LILLE (intramuros),NON,5010,11:15,NORD,VALENCE TGV RHONE-ALPES SUD,JCNORDSUD,FRVLA,07:24,FRLLE
8764,2023-06-12,MARNE LA VALLEE CHESSY,NON,5010,11:15,NORD,VALENCE TGV RHONE-ALPES SUD,JCNORDSUD,FRVLA,08:43,FRMLV
8765,2023-06-12,AEROPORT CDG2 TGV ROISSY,NON,5010,10:29,NORD,LYON (intramuros),JCNORDSUD,FRLPD,08:29,FRMLW
8766,2023-06-12,TGV HAUTE PICARDIE,NON,5010,11:52,NORD,AVIGNON TGV,JCNORDSUD,FRAVG,07:54,FRTHP
8767,2023-06-12,TGV HAUTE PICARDIE,NON,5010,12:24,NORD,MARSEILLE ST CHARLES,JCNORDSUD,FRMSC,07:54,FRTHP
8768,2023-06-12,VALENCE TGV RHONE-ALPES SUD,NON,5010,12:24,NORD,MARSEILLE ST CHARLES,JCNORDSUD,FRMSC,11:20,FRVLA
8769,2023-06-12,BEZIERS,NON,6250,08:50,SUD EST,VALENCE TGV RHONE-ALPES SUD,LANGPA,FRVLA,06:58,FRBZR
8770,2023-06-12,PERPIGNAN,NON,6250,08:50,SUD EST,VALENCE TGV RHONE-ALPES SUD,LANGPA,FRVLA,06:04,FRPGF
8771,2023-06-12,PERPIGNAN,OUI,6250,06:39,SUD EST,NARBONNE,LANGPA,FRXNA,06:04,FRPGF
8772,2023-06-12,VALENCE TGV RHONE-ALPES SUD,NON,6250,11:04,SUD EST,PARIS (intramuros),LANGPA,FRPLY,08:53,FRVLA
8773,2023-06-12,NARBONNE,NON,6250,08:50,SUD EST,VALENCE TGV RHONE-ALPES SUD,LANGPA,FRVLA,06:42,FRXNA
8774,2023-06-12,NARBONNE,NON,6250,08:10,SUD EST,NIMES PONT DU GARD,LANGPA,FRXZP,06:42,FRXNA
8775,2023-06-12,GUINGAMP,OUI,8623,18:37,ATLANTIQUE,BREST,PARISBRETA,FRBES,17:35,FRGGP
8776,2023-06-12,PARIS (intramuros),NON,8623,18:37,ATLANTIQUE,BREST,PARISBRETA,FRBES,14:41,FRPMO
8777,2023-06-12,PARIS (intramuros),NON,8623,17:16,ATLANTIQUE,ST BRIEUC,PARISBRETA,FRSBK,14:41,FRPMO
8778,2023-06-12,RENNES,NON,8623,17:33,ATLANTIQUE,GUINGAMP,PARISBRETA,FRGGP,16:32,FRRNS
8779,2023-06-12,ST BRIEUC,OUI,8623,18:37,ATLANTIQUE,BREST,PARISBRETA,FRBES,17:19,FRSBK
8780,2023-06-12,ANGERS ST LAUD,NON,4406,17:38,IC SRO,VIERZON VILLE,JOURNTELYN,FRXVZ,15:28,FRACL
8781,2023-06-12,SAUMUR,NON,4406,21:30,IC SRO,LYON (intramuros),JOURNTELYN,FRLPE,15:53,FRACN
8782,2023-06-12,SAUMUR,NON,4406,20:13,IC SRO,ROANNE,JOURNTELYN,FRRNE,15:53,FRACN
8783,2023-06-12,SAUMUR,NON,4406,19:09,IC SRO,MOULINS SUR ALLIER,JOURNTELYN,FRXMU,15:53,FRACN
8784,2023-06-12,SAUMUR,NON,4406,17:38,IC SRO,VIERZON VILLE,JOURNTELYN,FRXVZ,15:53,FRACN
8785,2023-06-12,BOURGES,NON,4406,20:13,IC SRO,ROANNE,JOURNTELYN,FRRNE,17:59,FRBOU
8786,2023-06-12,BOURGES,NON,4406,19:34,IC SRO,ST GERMAIN DES FOSSES,JOURNTELYN,FRSGF,17:59,FRBOU
8787,2023-06-12,NANTES,NON,4406,15:26,IC SRO,ANGERS ST LAUD,JOURNTELYN,FRACL,14:47,FRNTE
8788,2023-06-12,NANTES,NON,4406,21:30,IC SRO,LYON (intramuros),JOURNTELYN,FRLPE,14:47,FRNTE
8789,2023-06-12,NANTES,NON,4406,18:35,IC SRO,NEVERS,JOURNTELYN,FRNVS,14:47,FRNTE
8790,2023-06-12,NEVERS,NON,4406,21:30,IC SRO,LYON (intramuros),JOURNTELYN,FRLPE,18:42,FRNVS
8791,2023-06-12,MOULINS SUR ALLIER,NON,4406,20:13,IC SRO,ROANNE,JOURNTELYN,FRRNE,19:11,FRXMU
8792,2023-06-12,ST PIERRE DES CORPS,NON,4406,19:09,IC SRO,MOULINS SUR ALLIER,JOURNTELYN,FRXMU,16:34,FRXSH
8793,2023-06-12,VIERZON VILLE,NON,4406,21:30,IC SRO,LYON (intramuros),JOURNTELYN,FRLPE,17:40,FRXVZ
8794,2023-06-12,VIERZON VILLE,NON,4406,20:13,IC SRO,ROANNE,JOURNTELYN,FRRNE,17:40,FRXVZ
8795,2023-06-12,ORTHEZ,NON,14140,08:52,IC SRO,TARBES,SUDOUEST,FRXTB,07:47,FRGFI
8796,2023-06-12,LOURDES,NON,14140,09:35,IC SRO,ST GAUDENS,SUDOUEST,FRFPH,08:39,FRLDE
8797,2023-06-12,BAYONNE,NON,14140,08:08,IC SRO,PAU,SUDOUEST,FRAEE,07:00,FRXBY
8798,2023-06-12,BAYONNE,NON,14140,09:35,IC SRO,ST GAUDENS,SUDOUEST,FRFPH,07:00,FRXBY
8799,2023-06-12,BAYONNE,NON,14140,08:52,IC SRO,TARBES,SUDOUEST,FRXTB,07:00,FRXBY
8800,2023-06-12,BAYONNE,NON,14140,10:30,IC SRO,TOULOUSE MATABIAU,SUDOUEST,FRXYT,07:00,FRXBY
8801,2023-06-12,ST GAUDENS,NON,14143,13:25,IC SRO,LOURDES,SUDOUEST,FRLDE,12:26,FRFPH
8802,2023-06-12,CHATEAUROUX,OUI,3685,23:05,IC ARO,LIMOGES BENEDICTINS,PALITO,FRAGQ,21:51,FRCHR
8803,2023-06-12,CHATEAUROUX,OUI,3685,22:06,IC ARO,ARGENTON SUR CREUSE,PALITO,FRFMT,21:51,FRCHR
8804,2023-06-12,LA SOUTERRAINE,OUI,3685,23:05,IC ARO,LIMOGES BENEDICTINS,PALITO,FRAGQ,22:32,FRLST
8805,2023-06-12,PARIS (intramuros),OUI,3685,00:09,IC ARO,BRIVE LA GAILLARDE,PALITO,FRBVE,19:36,FRPAZ
8806,2023-06-12,PARIS (intramuros),OUI,3685,22:06,IC ARO,ARGENTON SUR CREUSE,PALITO,FRFMT,19:36,FRPAZ
8807,2023-06-12,VIERZON VILLE,OUI,3685,00:09,IC ARO,BRIVE LA GAILLARDE,PALITO,FRBVE,21:19,FRXVZ
8808,2023-06-12,VIERZON VILLE,OUI,3685,22:06,IC ARO,ARGENTON SUR CREUSE,PALITO,FRFMT,21:19,FRXVZ
8809,2023-06-12,VIERZON VILLE,OUI,3685,22:30,IC ARO,LA SOUTERRAINE,PALITO,FRLST,21:19,FRXVZ
8810,2023-06-12,ANGOULEME,NON,8431,09:02,ATLANTIQUE,BORDEAUX ST JEAN,PASUDOUEST,FRBOJ,08:26,FRANG
8811,2023-06-12,PARIS (intramuros),NON,8431,08:23,ATLANTIQUE,ANGOULEME,PASUDOUEST,FRANG,06:00,FRPMO
8812,2023-06-12,PARIS (intramuros),NON,8431,07:06,ATLANTIQUE,ST PIERRE DES CORPS,PASUDOUEST,FRXSH,06:00,FRPMO
8813,2023-06-12,ST PIERRE DES CORPS,NON,8431,09:02,ATLANTIQUE,BORDEAUX ST JEAN,PASUDOUEST,FRBOJ,07:10,FRXSH
8814,2023-06-12,UZERCHE,OUI,3655,21:46,IC ARO,GOURDON,PALITO,FRFSI,20:38,FRAAW
8815,2023-06-12,UZERCHE,OUI,3655,22:14,IC ARO,CAHORS,PALITO,FRZAO,20:38,FRAAW
8816,2023-06-12,LIMOGES BENEDICTINS,OUI,3655,21:46,IC ARO,GOURDON,PALITO,FRFSI,20:00,FRAGQ
8817,2023-06-12,LIMOGES BENEDICTINS,OUI,3655,22:14,IC ARO,CAHORS,PALITO,FRZAO,20:00,FRAGQ
8818,2023-06-12,PARIS (intramuros),OUI,3655,18:33,IC ARO,ISSOUDUN,PALITO,FRFMN,16:41,FRPAZ
8819,2023-06-12,PARIS (intramuros),OUI,3655,22:14,IC ARO,CAHORS,PALITO,FRZAO,16:41,FRPAZ
8820,2023-06-12,ISSOUDUN,OUI,3655,22:14,IC ARO,CAHORS,PALITO,FRZAO,18:34,FRFMN
8821,2023-06-12,STRASBOURG,NON,2350,07:56,EST,LORRAINE TGV,MULHSTRAPA,FREAM,07:19,FRAEG
8822,2023-06-12,COLMAR,NON,2350,09:16,EST,PARIS (intramuros),MULHSTRAPA,FRPST,06:38,FRAEJ
8823,2023-06-12,SELESTAT,OUI,2350,07:13,EST,STRASBOURG,MULHSTRAPA,FRAEG,06:52,FRXSQ
8824,2023-06-12,LYON (intramuros),NON,9862,14:24,NORD,LILLE (intramuros),JCSUDNORD,FRLLE,11:00,FRLPD
8825,2023-06-12,LYON (intramuros),NON,9862,13:55,NORD,ARRAS,JCSUDNORD,FRQRV,11:00,FRLPD
8826,2023-06-12,MARNE LA VALLEE CHESSY,NON,9862,15:25,NORD,BRUXELLES MIDI BRUSSEL ZUID,JCSUDNORD,BEBMI,12:51,FRMLV
8827,2023-06-12,AEROPORT CDG2 TGV ROISSY,NON,9862,15:25,NORD,BRUXELLES MIDI BRUSSEL ZUID,JCSUDNORD,BEBMI,13:07,FRMLW
8828,2023-06-12,AEROPORT CDG2 TGV ROISSY,NON,9862,13:34,NORD,TGV HAUTE PICARDIE,JCSUDNORD,FRTHP,13:07,FRMLW
8829,2023-06-12,VALENCE TGV RHONE-ALPES SUD,NON,9862,15:25,NORD,BRUXELLES MIDI BRUSSEL ZUID,JCSUDNORD,BEBMI,10:15,FRVLA
8830,2023-06-12,MONTPELLIER SUD DE FRANCE,NON,9862,12:47,NORD,MARNE LA VALLEE CHESSY,JCSUDNORD,FRMLV,09:12,FRSUF
8831,2023-06-12,MONTPELLIER SUD DE FRANCE,NON,9862,10:53,NORD,LYON (intramuros),JCSUDNORD,FRLPD,09:12,FRSUF
8832,2023-06-12,LE CROISIC,NON,8926,19:28,ATLANTIQUE,LE MANS,LOIREPARIS,FRAET,16:55,FREGU
8833,2023-06-12,LE CROISIC,NON,8926,20:29,ATLANTIQUE,PARIS (intramuros),LOIREPARIS,FRPMO,16:55,FREGU
8834,2023-06-12,LA BAULE ESCOUBLAC,OUI,8926,17:21,ATLANTIQUE,ST NAZAIRE,LOIREPARIS,FRSNR,17:07,FRJEE
8835,2023-06-12,ST NAZAIRE,OUI,8926,17:59,ATLANTIQUE,NANTES,LOIREPARIS,FRNTE,17:24,FRSNR
8836,2023-06-12,ST NAZAIRE,OUI,8926,19:05,ATLANTIQUE,SABLE SUR SARTHE,LOIREPARIS,FRSAB,17:24,FRSNR
8837,2023-06-12,LYON (intramuros),OUI,6621,18:17,SUD EST,LYON (intramuros),PARISRHONE,FRLPE,18:09,FRLPD
8838,2023-06-12,PARIS (intramuros),OUI,6621,18:17,SUD EST,LYON (intramuros),PARISRHONE,FRLPE,15:50,FRPLY
8839,2023-06-12,NANCY,NON,2574,08:46,EST,PARIS (intramuros),NANCYPA,FRPST,07:16,FRENC
8840,2023-06-12,EPINAL,OUI,2574,07:05,EST,NANCY,NANCYPA,FRENC,06:20,FREPL
8841,2023-06-12,REMIREMONT,NON,2574,08:46,EST,PARIS (intramuros),NANCYPA,FRPST,05:56,FRRNT
8842,2023-06-12,NANCY,OUI,2540,13:55,EST,CHAMPAGNE-ARDENNE,NANCYPA,FREAH,12:55,FRENC
8843,2023-06-12,LYON (intramuros),NON,6610,11:00,SUD EST,PARIS (intramuros),RHONEPARIS,FRPLY,09:04,FRLPD
8844,2023-06-12,LYON (intramuros),OUI,6610,08:58,SUD EST,LYON (intramuros),RHONEPARIS,FRLPD,08:50,FRLPE
8845,2023-06-12,DIJON VILLE,NON,6711,21:55,SUD EST,MULHOUSE VILLE,PABOUR,FRAEK,20:35,FRABA
8846,2023-06-12,MONTBARD,NON,6711,20:31,SUD EST,DIJON VILLE,PABOUR,FRABA,19:56,FRGWE
8847,2023-06-12,MONTBARD,NON,6711,21:29,SUD EST,BELFORT-MONTBELIARD TGV,PABOUR,FRTJA,19:56,FRGWE
8848,2023-06-12,PARIS (intramuros),NON,6711,21:55,SUD EST,MULHOUSE VILLE,PABOUR,FRAEK,18:50,FRPLY
8849,2023-06-12,MASSY TGV,NON,5460,18:23,EST,MARNE LA VALLEE CHESSY,JCATLEST,FRMLV,17:54,FRDJU
8850,2023-06-12,CHAMPAGNE-ARDENNE,OUI,5460,20:00,EST,MEUSE TGV,JCATLEST,FREAJ,19:35,FREAH
8851,2023-06-12,MEUSE TGV,OUI,5460,20:25,EST,LORRAINE TGV,JCATLEST,FREAM,20:07,FREAJ
8852,2023-06-12,MARNE LA VALLEE CHESSY,NON,5460,21:04,EST,STRASBOURG,JCATLEST,FRAEG,18:28,FRMLV
8853,2023-06-12,MARNE LA VALLEE CHESSY,NON,5460,20:00,EST,MEUSE TGV,JCATLEST,FREAJ,18:28,FRMLV
8854,2023-06-12,MARNE LA VALLEE CHESSY,NON,5460,20:25,EST,LORRAINE TGV,JCATLEST,FREAM,18:28,FRMLV
8855,2023-06-12,MARNE LA VALLEE CHESSY,NON,5460,18:37,EST,AEROPORT CDG2 TGV ROISSY,JCATLEST,FRMLW,18:28,FRMLV
8856,2023-06-12,AEROPORT CDG2 TGV ROISSY,NON,5460,20:25,EST,LORRAINE TGV,JCATLEST,FREAM,18:53,FRMLW
8857,2023-06-12,RENNES,NON,5460,18:23,EST,MARNE LA VALLEE CHESSY,JCATLEST,FRMLV,16:03,FRRNS
8858,2023-06-12,RENNES,NON,5460,18:37,EST,AEROPORT CDG2 TGV ROISSY,JCATLEST,FRMLW,16:03,FRRNS
8859,2023-06-12,CLERMONT FERRAND,OUI,5982,18:29,IC ARO,MOULINS SUR ALLIER,CLERMONTPA,FRXMU,17:31,FRCFE
8860,2023-06-12,ANGERS ST LAUD,NON,4402,10:22,IC SRO,NEVERS,JOURNTELYN,FRNVS,07:10,FRACL
8861,2023-06-12,ANGERS ST LAUD,NON,4402,11:00,IC SRO,MOULINS SUR ALLIER,JOURNTELYN,FRXMU,07:10,FRACL
8862,2023-06-12,ANGERS ST LAUD,NON,4402,08:05,IC SRO,ST PIERRE DES CORPS,JOURNTELYN,FRXSH,07:10,FRACL
8863,2023-06-12,SAUMUR,NON,4402,09:43,IC SRO,BOURGES,JOURNTELYN,FRBOU,07:32,FRACN
8864,2023-06-12,SAUMUR,NON,4402,11:00,IC SRO,MOULINS SUR ALLIER,JOURNTELYN,FRXMU,07:32,FRACN
8865,2023-06-12,SAUMUR,NON,4402,09:16,IC SRO,VIERZON VILLE,JOURNTELYN,FRXVZ,07:32,FRACN
8866,2023-06-12,BOURGES,NON,4402,10:22,IC SRO,NEVERS,JOURNTELYN,FRNVS,09:45,FRBOU
8867,2023-06-12,NANTES,NON,4402,07:30,IC SRO,SAUMUR,JOURNTELYN,FRACN,06:26,FRNTE
8868,2023-06-12,NANTES,NON,4402,09:43,IC SRO,BOURGES,JOURNTELYN,FRBOU,06:26,FRNTE
8869,2023-06-12,NANTES,NON,4402,11:00,IC SRO,MOULINS SUR ALLIER,JOURNTELYN,FRXMU,06:26,FRNTE
8870,2023-06-12,NANTES,NON,4402,09:16,IC SRO,VIERZON VILLE,JOURNTELYN,FRXVZ,06:26,FRNTE
8871,2023-06-12,NEVERS,NON,4402,13:10,IC SRO,LYON (intramuros),JOURNTELYN,FRLPD,10:32,FRNVS
8872,2023-06-12,MOULINS SUR ALLIER,NON,4402,13:10,IC SRO,LYON (intramuros),JOURNTELYN,FRLPD,11:02,FRXMU
8873,2023-06-12,ST PIERRE DES CORPS,NON,4402,09:43,IC SRO,BOURGES,JOURNTELYN,FRBOU,08:08,FRXSH
8874,2023-06-12,VIERZON VILLE,NON,4402,12:04,IC SRO,ROANNE,JOURNTELYN,FRRNE,09:20,FRXVZ
8875,2023-06-12,VIERZON VILLE,NON,4402,11:00,IC SRO,MOULINS SUR ALLIER,JOURNTELYN,FRXMU,09:20,FRXVZ
8876,2023-06-12,AIX EN PROVENCE TGV,NON,6805,10:03,SUD EST,MARSEILLE ST CHARLES,JCPROVSUD,FRMSC,09:51,FRAIE
8877,2023-06-12,AIX EN PROVENCE TGV,NON,6805,12:02,SUD EST,ST RAPHAEL VALESCURE,JCPROVSUD,FRXSK,09:51,FRAIE
8878,2023-06-12,AVIGNON TGV,NON,6805,09:48,SUD EST,AIX EN PROVENCE TGV,JCPROVSUD,FRAIE,09:29,FRAVG
8879,2023-06-12,LYON (intramuros),NON,6805,11:06,SUD EST,TOULON,JCPROVSUD,FRTLN,08:06,FRLPD
8880,2023-06-12,LYON (intramuros),NON,6805,12:39,SUD EST,ANTIBES,JCPROVSUD,FRXAT,08:06,FRLPD
8881,2023-06-12,MARSEILLE ST CHARLES,NON,6805,12:26,SUD EST,CANNES,JCPROVSUD,FRJCA,10:20,FRMSC
8882,2023-06-12,NIORT,NON,8362,10:35,ATLANTIQUE,ST PIERRE DES CORPS,ROCHELLEPA,FRXSH,09:29,FRNIT
8883,2023-06-12,BRIVE LA GAILLARDE,NON,3605,11:27,IC ARO,SOUILLAC,PALITO,FRSOU,11:03,FRBVE
8884,2023-06-12,BRIVE LA GAILLARDE,NON,3605,13:25,IC ARO,TOULOUSE MATABIAU,PALITO,FRXYT,11:03,FRBVE
8885,2023-06-12,CHATEAUROUX,NON,3605,11:00,IC ARO,BRIVE LA GAILLARDE,PALITO,FRBVE,08:44,FRCHR
8886,2023-06-12,CHATEAUROUX,NON,3605,11:43,IC ARO,GOURDON,PALITO,FRFSI,08:44,FRCHR
8887,2023-06-12,GOURDON,NON,3605,12:37,IC ARO,CAUSSADE TARN ET GARONNE,PALITO,FRFTA,11:45,FRFSI
8888,2023-06-12,GOURDON,NON,3605,13:25,IC ARO,TOULOUSE MATABIAU,PALITO,FRXYT,11:45,FRFSI
8889,2023-06-12,GOURDON,NON,3605,12:10,IC ARO,CAHORS,PALITO,FRZAO,11:45,FRFSI
8890,2023-06-12,LES AUBRAIS ORLEANS,NON,3605,11:00,IC ARO,BRIVE LA GAILLARDE,PALITO,FRBVE,07:36,FRLAB
8891,2023-06-12,LA SOUTERRAINE,NON,3605,13:25,IC ARO,TOULOUSE MATABIAU,PALITO,FRXYT,09:22,FRLST
8892,2023-06-12,PARIS (intramuros),NON,3605,09:56,IC ARO,LIMOGES BENEDICTINS,PALITO,FRAGQ,06:36,FRPAZ
8893,2023-06-12,PARIS (intramuros),NON,3605,11:00,IC ARO,BRIVE LA GAILLARDE,PALITO,FRBVE,06:36,FRPAZ
8894,2023-06-12,PARIS (intramuros),NON,3605,11:43,IC ARO,GOURDON,PALITO,FRFSI,06:36,FRPAZ
8895,2023-06-12,PARIS (intramuros),NON,3605,13:25,IC ARO,TOULOUSE MATABIAU,PALITO,FRXYT,06:36,FRPAZ
8896,2023-06-12,SOUILLAC,NON,3605,11:43,IC ARO,GOURDON,PALITO,FRFSI,11:29,FRSOU
8897,2023-06-12,VIERZON VILLE,NON,3605,09:56,IC ARO,LIMOGES BENEDICTINS,PALITO,FRAGQ,08:12,FRXVZ
8898,2023-06-12,VIERZON VILLE,NON,3605,11:00,IC ARO,BRIVE LA GAILLARDE,PALITO,FRBVE,08:12,FRXVZ
8899,2023-06-12,VIERZON VILLE,NON,3605,12:10,IC ARO,CAHORS,PALITO,FRZAO,08:12,FRXVZ
8900,2023-06-12,CAHORS,OUI,3605,12:37,IC ARO,CAUSSADE TARN ET GARONNE,PALITO,FRFTA,12:12,FRZAO
8901,2023-06-12,CAHORS,OUI,3605,12:51,IC ARO,MONTAUBAN VILLE BOURBON,PALITO,FRXMW,12:12,FRZAO
8902,2023-06-12,VIERZON VILLE,NON,3605,12:37,IC ARO,CAUSSADE TARN ET GARONNE,PALITO,FRFTA,08:12,FRXVZ
8903,2023-06-12,VIERZON VILLE,NON,3605,12:51,IC ARO,MONTAUBAN VILLE BOURBON,PALITO,FRXMW,08:12,FRXVZ
8904,2023-06-12,BEZIERS,OUI,4770,22:34,IC ARO,CARCASSONNE,TJOURSESO,FRCCF,21:47,FRBZR
8905,2023-06-12,NIMES,OUI,4770,22:34,IC ARO,CARCASSONNE,TJOURSESO,FRCCF,20:38,FRFNI
8906,2023-06-12,NIMES,OUI,4770,21:03,IC ARO,MONTPELLIER SAINT-ROCH,TJOURSESO,FRMPL,20:38,FRFNI
8907,2023-06-12,MONTPELLIER SAINT-ROCH,OUI,4770,21:44,IC ARO,BEZIERS,TJOURSESO,FRBZR,21:07,FRMPL
8908,2023-06-12,REIMS,NON,2714,09:01,EST,PARIS (intramuros),SEDBARPA,FRPST,08:15,FRRHE
8909,2023-06-12,CHARLEVILLE MEZIERES,OUI,2714,07:44,EST,RETHEL,SEDBARPA,FRBDT,07:15,FRXCZ
8910,2023-06-12,CARCASSONNE,OUI,4752,10:28,IC ARO,AGEN,TJOURSESO,FRAGF,08:33,FRCCF
8911,2023-06-12,CARCASSONNE,OUI,4752,09:51,IC ARO,MONTAUBAN VILLE BOURBON,TJOURSESO,FRXMW,08:33,FRCCF
8912,2023-06-12,CARCASSONNE,OUI,4752,09:16,IC ARO,TOULOUSE MATABIAU,TJOURSESO,FRXYT,08:33,FRCCF
8913,2023-06-12,NIMES,OUI,4752,07:43,IC ARO,BEZIERS,TJOURSESO,FRBZR,06:38,FRFNI
8914,2023-06-12,MONTPELLIER SAINT-ROCH,OUI,4752,09:51,IC ARO,MONTAUBAN VILLE BOURBON,TJOURSESO,FRXMW,07:06,FRMPL
8915,2023-06-12,MONTAUBAN VILLE BOURBON,OUI,4752,10:28,IC ARO,AGEN,TJOURSESO,FRAGF,09:53,FRXMW
8916,2023-06-12,NARBONNE,OUI,4752,09:51,IC ARO,MONTAUBAN VILLE BOURBON,TJOURSESO,FRXMW,08:02,FRXNA
8917,2023-06-12,TOULOUSE MATABIAU,OUI,4752,10:28,IC ARO,AGEN,TJOURSESO,FRAGF,09:22,FRXYT
8918,2023-06-12,TOULOUSE MATABIAU,OUI,4752,11:32,IC ARO,BORDEAUX ST JEAN,TJOURSESO,FRBOJ,09:22,FRXYT
8919,2023-06-12,PARIS (intramuros),NON,6685,14:56,SUD EST,LYON (intramuros),PARISRHONE,FRLPD,12:50,FRPLY
8920,2023-06-12,NANTES,OUI,8814,14:42,ATLANTIQUE,ANGERS ST LAUD,LOIREPARIS,FRACL,14:05,FRNTE
8921,2023-06-12,GUINGAMP,OUI,8641,22:36,ATLANTIQUE,LANDERNEAU,PARISBRETA,FRXLD,21:40,FRGGP
8922,2023-06-12,LAMBALLE,OUI,8641,22:11,ATLANTIQUE,MORLAIX,PARISBRETA,FRMXN,21:11,FRLAM
8923,2023-06-12,MORLAIX,OUI,8641,22:36,ATLANTIQUE,LANDERNEAU,PARISBRETA,FRXLD,22:14,FRMXN
8924,2023-06-12,PLOUARET TREGOR,OUI,8641,22:36,ATLANTIQUE,LANDERNEAU,PARISBRETA,FRXLD,21:55,FRPLT
8925,2023-06-12,PARIS (intramuros),NON,8641,19:55,ATLANTIQUE,LAVAL,PARISBRETA,FRACR,18:40,FRPMO
8926,2023-06-12,RENNES,OUI,8641,21:38,ATLANTIQUE,GUINGAMP,PARISBRETA,FRGGP,20:32,FRRNS
8927,2023-06-12,ANGERS ST LAUD,OUI,8864,09:23,ATLANTIQUE,LE MANS,LOIREPARIS,FRAET,08:44,FRACL
8928,2023-06-12,ANGERS ST LAUD,NON,8864,10:25,ATLANTIQUE,PARIS (intramuros),LOIREPARIS,FRPMO,08:44,FRACL
8929,2023-06-12,EPINAL,OUI,2571,15:12,EST,REMIREMONT,PANANCY,FRRNT,14:51,FREPL
8930,2023-06-12,PARIS (intramuros),NON,2571,13:03,EST,CHAMPAGNE-ARDENNE,PANANCY,FREAH,12:21,FRPST
8931,2023-06-12,PARIS (intramuros),NON,9715,19:03,SUD EST,BEZIERS,PABARCELONE,FRBZR,14:54,FRPLY
8932,2023-06-12,PARIS (intramuros),NON,9715,19:56,SUD EST,PERPIGNAN,PABARCELONE,FRPGF,14:54,FRPLY
8933,2023-06-12,VALENCE TGV RHONE-ALPES SUD,NON,9715,19:03,SUD EST,BEZIERS,PABARCELONE,FRBZR,17:09,FRVLA
8934,2023-06-12,VALENCE TGV RHONE-ALPES SUD,NON,9715,18:31,SUD EST,SETE,PABARCELONE,FRXSY,17:09,FRVLA
8935,2023-06-12,AGDE,NON,9715,19:03,SUD EST,BEZIERS,PABARCELONE,FRBZR,18:51,FRXAG
8936,2023-06-12,NARBONNE,NON,9715,19:56,SUD EST,PERPIGNAN,PABARCELONE,FRPGF,19:23,FRXNA
8937,2023-06-12,SETE,NON,9715,19:56,SUD EST,PERPIGNAN,PABARCELONE,FRPGF,18:34,FRXSY
8938,2023-06-12,MONTPELLIER SUD DE FRANCE,NON,9715,19:20,SUD EST,NARBONNE,PABARCELONE,FRXNA,18:17,FRSUF
8939,2023-06-12,MONTPELLIER SUD DE FRANCE,NON,9715,19:56,SUD EST,PERPIGNAN,PABARCELONE,FRPGF,18:17,FRSUF
8940,2023-06-12,PARIS (intramuros),NON,9715,21:25,SUD EST,BARCELONA SANTS,PABARCELONE,ESBST,14:54,FRPLY
8941,2023-06-12,VALENCE TGV RHONE-ALPES SUD,NON,9715,17:46,SUD EST,NIMES PONT DU GARD,PABARCELONE,FRXZP,17:09,FRVLA
8942,2023-06-12,NIMES PONT DU GARD,NON,9715,19:03,SUD EST,BEZIERS,PABARCELONE,FRBZR,17:49,FRXZP
8943,2023-06-12,NARBONNE,NON,9715,21:25,SUD EST,BARCELONA SANTS,PABARCELONE,ESBST,19:23,FRXNA
8944,2023-06-12,VALENCE TGV RHONE-ALPES SUD,NON,9715,21:25,SUD EST,BARCELONA SANTS,PABARCELONE,ESBST,17:09,FRVLA
8945,2023-06-12,SETE,NON,9715,21:25,SUD EST,BARCELONA SANTS,PABARCELONE,ESBST,18:34,FRXSY
8946,2023-06-12,AGDE,NON,9715,20:44,SUD EST,GIRONA,PABARCELONE,ESGRO,18:51,FRXAG
8947,2023-06-12,BEZIERS,NON,9715,20:27,SUD EST,FIGUERES VILA TGV,PABARCELONE,ESFIR,19:06,FRBZR
8948,2023-06-12,NIMES PONT DU GARD,NON,9715,20:27,SUD EST,FIGUERES VILA TGV,PABARCELONE,ESFIR,17:49,FRXZP
8949,2023-06-12,SETE,NON,9715,20:44,SUD EST,GIRONA,PABARCELONE,ESGRO,18:34,FRXSY
8950,2023-06-12,LAVAL,NON,8707,11:29,ATLANTIQUE,VANNES,PARISBRETA,FRVNE,09:58,FRACR
8951,2023-06-12,LORIENT,OUI,8707,12:38,ATLANTIQUE,QUIMPER,PARISBRETA,FRUIP,12:03,FRLRT
8952,2023-06-12,PARIS (intramuros),NON,8707,12:00,ATLANTIQUE,LORIENT,PARISBRETA,FRLRT,08:40,FRPMO
8953,2023-06-12,PARIS (intramuros),NON,8707,11:04,ATLANTIQUE,REDON,PARISBRETA,FRXRN,08:40,FRPMO
8954,2023-06-12,RENNES,OUI,8707,11:04,ATLANTIQUE,REDON,PARISBRETA,FRXRN,10:29,FRRNS
8955,2023-06-12,AURAY,OUI,8707,12:38,ATLANTIQUE,QUIMPER,PARISBRETA,FRUIP,11:45,FRXUY
8956,2023-06-12,VALLORBE,NON,9264,08:43,INTERNATIONAL,MOUCHARD,SUISPA,FRMCD,08:00,CHAGL
8957,2023-06-12,LAUSANNE,NON,9264,11:08,INTERNATIONAL,PARIS (intramuros),SUISPA,FRPLY,07:23,CHAJF
8958,2023-06-12,MOUCHARD,NON,9264,11:08,INTERNATIONAL,PARIS (intramuros),SUISPA,FRPLY,08:45,FRMCD
8959,2023-06-12,LORIENT,NON,8720,13:25,ATLANTIQUE,RENNES,BRETAPARIS,FRRNS,12:02,FRLRT
8960,2023-06-12,LORIENT,OUI,8720,12:25,ATLANTIQUE,VANNES,BRETAPARIS,FRVNE,12:02,FRLRT
8961,2023-06-12,QUIMPER,OUI,8720,11:59,ATLANTIQUE,LORIENT,BRETAPARIS,FRLRT,11:27,FRUIP
8962,2023-06-12,QUIMPER,NON,8720,15:06,ATLANTIQUE,PARIS (intramuros),BRETAPARIS,FRPMO,11:27,FRUIP
8963,2023-06-12,POITIERS,NON,8346,19:30,ATLANTIQUE,FUTUROSCOPE,ROCHELLEPA,FRTGO,19:22,FRPIS
8964,2023-06-12,POITIERS,NON,8346,20:16,ATLANTIQUE,ST PIERRE DES CORPS,ROCHELLEPA,FRXSH,19:22,FRPIS
8965,2023-06-12,LILLE (intramuros),NON,9810,11:52,NORD,AVIGNON TGV,JCNORDSUD,FRAVG,07:24,FRLLE
8966,2023-06-12,LILLE (intramuros),NON,9810,10:29,NORD,LYON (intramuros),JCNORDSUD,FRLPD,07:24,FRLLE
8967,2023-06-12,LILLE (intramuros),NON,9810,08:38,NORD,MARNE LA VALLEE CHESSY,JCNORDSUD,FRMLV,07:24,FRLLE
8968,2023-06-12,LYON (intramuros),NON,9810,11:52,NORD,AVIGNON TGV,JCNORDSUD,FRAVG,10:35,FRLPD
8969,2023-06-12,AEROPORT CDG2 TGV ROISSY,NON,9810,10:29,NORD,LYON (intramuros),JCNORDSUD,FRLPD,08:29,FRMLW
8970,2023-06-12,TGV HAUTE PICARDIE,NON,9810,08:23,NORD,AEROPORT CDG2 TGV ROISSY,JCNORDSUD,FRMLW,07:54,FRTHP
8971,2023-06-12,TGV HAUTE PICARDIE,NON,9810,12:24,NORD,MARSEILLE ST CHARLES,JCNORDSUD,FRMSC,07:54,FRTHP
8972,2023-06-12,MARSEILLE ST CHARLES,NON,6102,08:38,SUD EST,PARIS (intramuros),PROVENCEPA,FRPLY,05:14,FRMSC
8973,2023-06-12,METZ VILLE,OUI,9879,13:00,EST,STRASBOURG,JCRHINRHON,FRAEG,12:12,FRADE
8974,2023-06-12,METZ VILLE,NON,9879,14:18,EST,BELFORT-MONTBELIARD TGV,JCRHINRHON,FRTJA,12:12,FRADE
8975,2023-06-12,STRASBOURG,NON,9879,14:41,EST,BESANCON - F COMTE TGV,JCRHINRHON,FRTJB,13:06,FRAEG
8976,2023-06-12,STRASBOURG,NON,9879,17:50,EST,VALENCE TGV RHONE-ALPES SUD,JCRHINRHON,FRVLA,13:06,FRAEG
8977,2023-06-12,BELFORT-MONTBELIARD TGV,NON,9879,16:56,EST,LYON (intramuros),JCRHINRHON,FRLPD,14:21,FRTJA
8978,2023-06-12,BESANCON - F COMTE TGV,NON,9879,17:50,EST,VALENCE TGV RHONE-ALPES SUD,JCRHINRHON,FRVLA,14:44,FRTJB
8979,2023-06-12,LUXEMBOURG,NON,9879,16:18,EST,MACON VILLE,JCRHINRHON,FRHGU,11:24,LULUX
8980,2023-06-12,VALENCE TGV RHONE-ALPES SUD,OUI,9879,18:53,EST,MONTPELLIER SUD DE FRANCE,JCRHINRHON,FRSUF,17:55,FRVLA
8981,2023-06-12,BELFORT-MONTBELIARD TGV,NON,9879,18:31,EST,NIMES PONT DU GARD,JCRHINRHON,FRXZP,14:21,FRTJA
8982,2023-06-12,MACON VILLE,NON,9879,18:31,EST,NIMES PONT DU GARD,JCRHINRHON,FRXZP,16:21,FRHGU
8983,2023-06-12,DAX,OUI,8537,14:18,ATLANTIQUE,BIARRITZ,PASUDOUEST,FRBIQ,13:37,FRACG
8984,2023-06-12,DAX,OUI,8537,14:06,ATLANTIQUE,BAYONNE,PASUDOUEST,FRXBY,13:37,FRACG
8985,2023-06-12,BORDEAUX ST JEAN,NON,8537,13:33,ATLANTIQUE,DAX,PASUDOUEST,FRACG,12:20,FRBOJ
8986,2023-06-12,PARIS (intramuros),NON,8537,13:33,ATLANTIQUE,DAX,PASUDOUEST,FRACG,10:08,FRPMO
8987,2023-06-12,PARIS (intramuros),NON,8537,14:06,ATLANTIQUE,BAYONNE,PASUDOUEST,FRXBY,10:08,FRPMO
8988,2023-06-12,PARIS (intramuros),NON,8537,14:33,ATLANTIQUE,ST JEAN DE LUZ CIBOURE,PASUDOUEST,FRXJZ,10:08,FRPMO
8989,2023-06-12,BAYONNE,OUI,8537,14:33,ATLANTIQUE,ST JEAN DE LUZ CIBOURE,PASUDOUEST,FRXJZ,14:09,FRXBY
8990,2023-06-12,BEZIERS,OUI,6202,08:23,SUD EST,SETE,LANGPA,FRXSY,07:57,FRBZR
8991,2023-06-12,NIMES,NON,6202,12:18,SUD EST,PARIS (intramuros),LANGPA,FRPLY,09:15,FRFNI
8992,2023-06-12,MONTPELLIER SAINT-ROCH,OUI,6202,09:11,SUD EST,NIMES,LANGPA,FRFNI,08:46,FRMPL
8993,2023-06-12,AGDE,OUI,6202,09:11,SUD EST,NIMES,LANGPA,FRFNI,08:10,FRXAG
8994,2023-06-12,AGDE,OUI,6202,08:41,SUD EST,MONTPELLIER SAINT-ROCH,LANGPA,FRMPL,08:10,FRXAG
8995,2023-06-12,AGDE,OUI,6202,08:23,SUD EST,SETE,LANGPA,FRXSY,08:10,FRXAG
8996,2023-06-12,NARBONNE,OUI,6202,09:11,SUD EST,NIMES,LANGPA,FRFNI,07:41,FRXNA
8997,2023-06-12,NARBONNE,OUI,6202,08:41,SUD EST,MONTPELLIER SAINT-ROCH,LANGPA,FRMPL,07:41,FRXNA
8998,2023-06-12,NARBONNE,NON,6202,12:18,SUD EST,PARIS (intramuros),LANGPA,FRPLY,07:41,FRXNA
8999,2023-06-12,NARBONNE,NON,6202,10:01,SUD EST,VALENCE TGV RHONE-ALPES SUD,LANGPA,FRVLA,07:41,FRXNA
9000,2023-06-12,NARBONNE,OUI,6202,08:07,SUD EST,AGDE,LANGPA,FRXAG,07:41,FRXNA
9001,2023-06-12,NARBONNE,OUI,6202,08:23,SUD EST,SETE,LANGPA,FRXSY,07:41,FRXNA
9002,2023-06-12,LYON (intramuros),OUI,6644,06:47,SUD EST,LYON (intramuros),RHONEPARIS,FRLPD,06:39,FRLPE
9003,2023-06-12,PARIS (intramuros),OUI,6927,21:05,SUD EST,LYON-SAINT EXUPERY TGV,PAGRENOBLE,FRJDQ,19:12,FRPLY
9004,2023-06-12,NEVERS,OUI,5955,12:23,IC ARO,RIOM CHATEL GUYON,PACLERMONT,FRRIO,10:59,FRNVS
9005,2023-06-12,PARIS (intramuros),OUI,5955,12:23,IC ARO,RIOM CHATEL GUYON,PACLERMONT,FRRIO,09:00,FRPBE
9006,2023-06-12,PARIS (intramuros),OUI,5955,12:01,IC ARO,VICHY,PACLERMONT,FRVHY,09:00,FRPBE
9007,2023-06-12,MOULINS SUR ALLIER,OUI,5955,12:23,IC ARO,RIOM CHATEL GUYON,PACLERMONT,FRRIO,11:30,FRXMU
9008,2023-06-12,DIJON VILLE,OUI,2242,14:55,EST,MULHOUSE VILLE,JCRHONRHIN,FRAEK,13:37,FRABA
9009,2023-06-12,DIJON VILLE,OUI,2242,14:30,EST,BELFORT-MONTBELIARD TGV,JCRHONRHIN,FRTJA,13:37,FRABA
9010,2023-06-12,DIJON VILLE,OUI,2242,14:06,EST,BESANCON - F COMTE TGV,JCRHONRHIN,FRTJB,13:37,FRABA
9011,2023-06-12,AIX EN PROVENCE TGV,NON,2242,14:30,EST,BELFORT-MONTBELIARD TGV,JCRHONRHIN,FRTJA,09:58,FRAIE
9012,2023-06-12,AVIGNON TGV,NON,2242,15:24,EST,COLMAR,JCRHONRHIN,FRAEJ,10:20,FRAVG
9013,2023-06-12,AVIGNON TGV,NON,2242,14:55,EST,MULHOUSE VILLE,JCRHONRHIN,FRAEK,10:20,FRAVG
9014,2023-06-12,AVIGNON TGV,NON,2242,14:06,EST,BESANCON - F COMTE TGV,JCRHONRHIN,FRTJB,10:20,FRAVG
9015,2023-06-12,MACON VILLE,OUI,2242,13:25,EST,DIJON VILLE,JCRHONRHIN,FRABA,12:12,FRHGU
9016,2023-06-12,MACON VILLE,OUI,2242,15:54,EST,STRASBOURG,JCRHONRHIN,FRAEG,12:12,FRHGU
9017,2023-06-12,MACON VILLE,OUI,2242,14:30,EST,BELFORT-MONTBELIARD TGV,JCRHONRHIN,FRTJA,12:12,FRHGU
9018,2023-06-12,CANNES,NON,2242,15:54,EST,STRASBOURG,JCRHONRHIN,FRAEG,07:30,FRJCA
9019,2023-06-12,CANNES,NON,2242,10:17,EST,AVIGNON TGV,JCRHONRHIN,FRAVG,07:30,FRJCA
9020,2023-06-12,CANNES,NON,2242,12:09,EST,MACON VILLE,JCRHONRHIN,FRHGU,07:30,FRJCA
9021,2023-06-12,CANNES,OUI,2242,08:09,EST,LES ARCS DRAGUIGNAN,JCRHONRHIN,FRXRS,07:30,FRJCA
9022,2023-06-12,CANNES,OUI,2242,07:52,EST,ST RAPHAEL VALESCURE,JCRHONRHIN,FRXSK,07:30,FRJCA
9023,2023-06-12,LYON (intramuros),NON,2242,13:25,EST,DIJON VILLE,JCRHONRHIN,FRABA,11:32,FRLPD
9024,2023-06-12,LYON (intramuros),NON,2242,12:09,EST,MACON VILLE,JCRHONRHIN,FRHGU,11:32,FRLPD
9025,2023-06-12,MARSEILLE ST CHARLES,NON,2242,09:55,EST,AIX EN PROVENCE TGV,JCRHONRHIN,FRAIE,09:45,FRMSC
9026,2023-06-12,MARSEILLE ST CHARLES,NON,2242,12:09,EST,MACON VILLE,JCRHONRHIN,FRHGU,09:45,FRMSC
9027,2023-06-12,MARSEILLE ST CHARLES,NON,2242,11:26,EST,LYON (intramuros),JCRHONRHIN,FRLPD,09:45,FRMSC
9028,2023-06-12,MARSEILLE ST CHARLES,NON,2242,14:06,EST,BESANCON - F COMTE TGV,JCRHONRHIN,FRTJB,09:45,FRMSC
9029,2023-06-12,MARSEILLE ST CHARLES,NON,2242,13:03,EST,BEAUNE,JCRHONRHIN,FRXBV,09:45,FRMSC
9030,2023-06-12,NICE VILLE,NON,2242,13:25,EST,DIJON VILLE,JCRHONRHIN,FRABA,07:00,FRNIC
9031,2023-06-12,NICE VILLE,NON,2242,12:09,EST,MACON VILLE,JCRHONRHIN,FRHGU,07:00,FRNIC
9032,2023-06-12,NICE VILLE,NON,2242,11:26,EST,LYON (intramuros),JCRHONRHIN,FRLPD,07:00,FRNIC
9033,2023-06-12,NICE VILLE,OUI,2242,08:46,EST,TOULON,JCRHONRHIN,FRTLN,07:00,FRNIC
9034,2023-06-12,NICE VILLE,NON,2242,12:41,EST,CHALON SUR SAONE,JCRHONRHIN,FRXCD,07:00,FRNIC
9035,2023-06-12,BELFORT-MONTBELIARD TGV,OUI,2242,15:54,EST,STRASBOURG,JCRHONRHIN,FRAEG,14:33,FRTJA
9036,2023-06-12,TOULON,NON,2242,13:25,EST,DIJON VILLE,JCRHONRHIN,FRABA,08:50,FRTLN
9037,2023-06-12,TOULON,NON,2242,10:17,EST,AVIGNON TGV,JCRHONRHIN,FRAVG,08:50,FRTLN
9038,2023-06-12,TOULON,NON,2242,11:26,EST,LYON (intramuros),JCRHONRHIN,FRLPD,08:50,FRTLN
9039,2023-06-12,TOULON,OUI,2242,09:33,EST,MARSEILLE ST CHARLES,JCRHONRHIN,FRMSC,08:50,FRTLN
9040,2023-06-12,TOULON,NON,2242,12:41,EST,CHALON SUR SAONE,JCRHONRHIN,FRXCD,08:50,FRTLN
9041,2023-06-12,ANTIBES,NON,2242,13:25,EST,DIJON VILLE,JCRHONRHIN,FRABA,07:16,FRXAT
9042,2023-06-12,ANTIBES,NON,2242,09:55,EST,AIX EN PROVENCE TGV,JCRHONRHIN,FRAIE,07:16,FRXAT
9043,2023-06-12,ANTIBES,NON,2242,12:41,EST,CHALON SUR SAONE,JCRHONRHIN,FRXCD,07:16,FRXAT
9044,2023-06-12,ANTIBES,OUI,2242,08:09,EST,LES ARCS DRAGUIGNAN,JCRHONRHIN,FRXRS,07:16,FRXAT
9045,2023-06-12,CHALON SUR SAONE,OUI,2242,14:30,EST,BELFORT-MONTBELIARD TGV,JCRHONRHIN,FRTJA,12:44,FRXCD
9046,2023-06-12,CHALON SUR SAONE,OUI,2242,13:03,EST,BEAUNE,JCRHONRHIN,FRXBV,12:44,FRXCD
9047,2023-06-12,LES ARCS DRAGUIGNAN,NON,2242,15:54,EST,STRASBOURG,JCRHONRHIN,FRAEG,08:12,FRXRS
9048,2023-06-12,LES ARCS DRAGUIGNAN,NON,2242,14:55,EST,MULHOUSE VILLE,JCRHONRHIN,FRAEK,08:12,FRXRS
9049,2023-06-12,LES ARCS DRAGUIGNAN,NON,2242,10:17,EST,AVIGNON TGV,JCRHONRHIN,FRAVG,08:12,FRXRS
9050,2023-06-12,LES ARCS DRAGUIGNAN,NON,2242,12:41,EST,CHALON SUR SAONE,JCRHONRHIN,FRXCD,08:12,FRXRS
9051,2023-06-12,ST RAPHAEL VALESCURE,NON,2242,14:55,EST,MULHOUSE VILLE,JCRHONRHIN,FRAEK,07:55,FRXSK
9052,2023-06-12,ST RAPHAEL VALESCURE,NON,2242,12:41,EST,CHALON SUR SAONE,JCRHONRHIN,FRXCD,07:55,FRXSK
9053,2023-06-12,NICE VILLE,NON,2242,14:30,EST,BELFORT-MONTBELIARD TGV,JCRHONRHIN,FRTJA,07:00,FRNIC
9054,2023-06-12,LES ARCS DRAGUIGNAN,NON,2242,14:30,EST,BELFORT-MONTBELIARD TGV,JCRHONRHIN,FRTJA,08:12,FRXRS
9055,2023-06-12,ST RAPHAEL VALESCURE,NON,2242,14:30,EST,BELFORT-MONTBELIARD TGV,JCRHONRHIN,FRTJA,07:55,FRXSK
9056,2023-06-12,LES ARCS DRAGUIGNAN,NON,2242,14:06,EST,BESANCON - F COMTE TGV,JCRHONRHIN,FRTJB,08:12,FRXRS
9057,2023-06-12,REMIREMONT,OUI,2580,17:06,EST,NANCY,NANCYPA,FRENC,15:58,FRRNT
9058,2023-06-12,REMIREMONT,NON,2580,18:46,EST,PARIS (intramuros),NANCYPA,FRPST,15:58,FRRNT
9059,2023-06-12,TOULOUSE MATABIAU,NON,8512,15:20,ATLANTIQUE,ANGOULEME,SUDOUESTPA,FRANG,12:27,FRXYT
9060,2023-06-12,AGEN,NON,8512,15:20,ATLANTIQUE,ANGOULEME,SUDOUESTPA,FRANG,13:35,FRAGF
9061,2023-06-12,VENDOME VILLIERS SUR LOIR,OUI,8331,09:22,ATLANTIQUE,FUTUROSCOPE,PAROCHELLE,FRTGO,08:16,FRESL
9062,2023-06-12,CHATELLERAULT,OUI,8331,09:22,ATLANTIQUE,FUTUROSCOPE,PAROCHELLE,FRTGO,09:10,FRXCX
9063,2023-06-12,METZ VILLE,OUI,2807,10:32,EST,LUXEMBOURG,PAMETZLUX,LULUX,09:49,FRADE
9064,2023-06-12,CHAMPAGNE-ARDENNE,NON,2807,10:08,EST,THIONVILLE,PAMETZLUX,FRXTH,08:56,FREAH
9065,2023-06-12,BOULOGNE VILLE,NON,7516,12:08,NORD,PARIS (intramuros),ARRASPA,FRPNO,09:34,FRAEB
9066,2023-06-12,LILLE (intramuros),NON,7516,12:08,NORD,PARIS (intramuros),ARRASPA,FRPNO,10:51,FRLLE
9067,2023-06-12,ARRAS,NON,7516,12:08,NORD,PARIS (intramuros),ARRASPA,FRPNO,11:18,FRQRV
9068,2023-06-12,ANGOULEME,NON,5440,14:29,EST,STRASBOURG,JCATLEST,FRAEG,09:35,FRANG
9069,2023-06-12,ANGOULEME,NON,5440,12:55,EST,CHAMPAGNE-ARDENNE,JCATLEST,FREAH,09:35,FRANG
9070,2023-06-12,ANGOULEME,NON,5440,13:23,EST,MEUSE TGV,JCATLEST,FREAJ,09:35,FRANG
9071,2023-06-12,ANGOULEME,NON,5440,13:49,EST,LORRAINE TGV,JCATLEST,FREAM,09:35,FRANG
9072,2023-06-12,BORDEAUX ST JEAN,NON,5440,11:48,EST,MASSY TGV,JCATLEST,FRDJU,08:54,FRBOJ
9073,2023-06-12,BORDEAUX ST JEAN,NON,5440,13:23,EST,MEUSE TGV,JCATLEST,FREAJ,08:54,FRBOJ
9074,2023-06-12,BORDEAUX ST JEAN,NON,5440,10:16,EST,POITIERS,JCATLEST,FRPIS,08:54,FRBOJ
9075,2023-06-12,MASSY TGV,NON,5440,13:23,EST,MEUSE TGV,JCATLEST,FREAJ,11:55,FRDJU
9076,2023-06-12,CHAMPAGNE-ARDENNE,OUI,5440,13:23,EST,MEUSE TGV,JCATLEST,FREAJ,12:58,FREAH
9077,2023-06-12,POITIERS,NON,5440,11:48,EST,MASSY TGV,JCATLEST,FRDJU,10:19,FRPIS
9078,2023-06-12,POITIERS,NON,5440,12:24,EST,MARNE LA VALLEE CHESSY,JCATLEST,FRMLV,10:19,FRPIS
9079,2023-06-12,POITIERS,NON,5440,10:50,EST,ST PIERRE DES CORPS,JCATLEST,FRXSH,10:19,FRPIS
9080,2023-06-12,ST PIERRE DES CORPS,NON,5440,12:55,EST,CHAMPAGNE-ARDENNE,JCATLEST,FREAH,10:54,FRXSH
9081,2023-06-12,ST PIERRE DES CORPS,NON,5440,12:24,EST,MARNE LA VALLEE CHESSY,JCATLEST,FRMLV,10:54,FRXSH
9082,2023-06-12,LILLE (intramuros),NON,5202,11:23,NORD,ANGOULEME,JCNORDAQUI,FRANG,06:15,FRADJ
9083,2023-06-12,LILLE (intramuros),NON,5202,12:04,NORD,BORDEAUX ST JEAN,JCNORDAQUI,FRBOJ,06:15,FRADJ
9084,2023-06-12,LILLE (intramuros),OUI,5202,09:04,NORD,MASSY TGV,JCNORDAQUI,FRDJU,06:15,FRADJ
9085,2023-06-12,MARNE LA VALLEE CHESSY,OUI,5202,09:04,NORD,MASSY TGV,JCNORDAQUI,FRDJU,08:35,FRMLV
9086,2023-06-12,AEROPORT CDG2 TGV ROISSY,NON,5202,10:41,NORD,POITIERS,JCNORDAQUI,FRPIS,08:10,FRMLW
9087,2023-06-12,POITIERS,NON,5202,11:23,NORD,ANGOULEME,JCNORDAQUI,FRANG,10:44,FRPIS
9088,2023-06-12,POITIERS,NON,5202,12:04,NORD,BORDEAUX ST JEAN,JCNORDAQUI,FRBOJ,10:44,FRPIS
9089,2023-06-12,ARRAS,NON,5202,11:23,NORD,ANGOULEME,JCNORDAQUI,FRANG,07:00,FRQRV
9090,2023-06-12,ARRAS,OUI,5202,07:18,NORD,TGV HAUTE PICARDIE,JCNORDAQUI,FRTHP,07:00,FRQRV
9091,2023-06-12,DOUAI,NON,5202,11:23,NORD,ANGOULEME,JCNORDAQUI,FRANG,06:37,FRXDN
9092,2023-06-12,DOUAI,NON,5202,12:04,NORD,BORDEAUX ST JEAN,JCNORDAQUI,FRBOJ,06:37,FRXDN
9093,2023-06-12,DOUAI,OUI,5202,07:54,NORD,AEROPORT CDG2 TGV ROISSY,JCNORDAQUI,FRMLW,06:37,FRXDN
9094,2023-06-12,GENEVE,NON,9770,13:49,INTERNATIONAL,BOURG EN BRESSE,GENEVEPA,FRXBK,12:29,CHGVA
9095,2023-06-12,PARIS (intramuros),NON,8315,18:13,ATLANTIQUE,VENDOME VILLIERS SUR LOIR,PAROCHELLE,FRESL,17:28,FRPMO
9096,2023-06-12,GOURDON,OUI,3694,18:53,IC ARO,BRIVE LA GAILLARDE,TOULOUZECO,FRBVE,18:10,FRFSI
9097,2023-06-12,CAUSSADE TARN ET GARONNE,OUI,3694,22:20,IC ARO,LES AUBRAIS ORLEANS,TOULOUZECO,FRLAB,17:17,FRFTA
9098,2023-06-12,LA SOUTERRAINE,OUI,3694,22:20,IC ARO,LES AUBRAIS ORLEANS,TOULOUZECO,FRLAB,20:34,FRLST
9099,2023-06-12,SOUILLAC,OUI,3694,21:09,IC ARO,CHATEAUROUX,TOULOUZECO,FRCHR,18:27,FRSOU
9100,2023-06-12,MONTAUBAN VILLE BOURBON,OUI,3694,19:56,IC ARO,LIMOGES BENEDICTINS,TOULOUZECO,FRAGQ,17:03,FRXMW
9101,2023-06-12,MONTAUBAN VILLE BOURBON,OUI,3694,20:32,IC ARO,LA SOUTERRAINE,TOULOUZECO,FRLST,17:03,FRXMW
9102,2023-06-12,MONTAUBAN VILLE BOURBON,OUI,3694,18:25,IC ARO,SOUILLAC,TOULOUZECO,FRSOU,17:03,FRXMW
9103,2023-06-12,MONTAUBAN VILLE BOURBON,OUI,3694,17:41,IC ARO,CAHORS,TOULOUZECO,FRZAO,17:03,FRXMW
9104,2023-06-12,VIERZON VILLE,OUI,3694,22:20,IC ARO,LES AUBRAIS ORLEANS,TOULOUZECO,FRLAB,21:47,FRXVZ
9105,2023-06-12,TOULOUSE MATABIAU,OUI,3694,18:08,IC ARO,GOURDON,TOULOUZECO,FRFSI,16:31,FRXYT
9106,2023-06-12,TOULOUSE MATABIAU,OUI,3694,22:20,IC ARO,LES AUBRAIS ORLEANS,TOULOUZECO,FRLAB,16:31,FRXYT
9107,2023-06-12,TOULOUSE MATABIAU,OUI,3694,20:32,IC ARO,LA SOUTERRAINE,TOULOUZECO,FRLST,16:31,FRXYT
9108,2023-06-12,TOULOUSE MATABIAU,OUI,3694,18:25,IC ARO,SOUILLAC,TOULOUZECO,FRSOU,16:31,FRXYT
9109,2023-06-12,TOULOUSE MATABIAU,OUI,3694,17:41,IC ARO,CAHORS,TOULOUZECO,FRZAO,16:31,FRXYT
9110,2023-06-12,CAHORS,OUI,3694,22:20,IC ARO,LES AUBRAIS ORLEANS,TOULOUZECO,FRLAB,17:43,FRZAO
9111,2023-06-12,CAHORS,OUI,3694,18:25,IC ARO,SOUILLAC,TOULOUZECO,FRSOU,17:43,FRZAO
9112,2023-06-12,CHATEAUROUX,OUI,3694,23:24,IC ARO,PARIS (intramuros),TOULOUZECO,FRPBE,21:11,FRCHR
9113,2023-06-12,MONTAUBAN VILLE BOURBON,OUI,3694,23:24,IC ARO,PARIS (intramuros),TOULOUZECO,FRPBE,17:03,FRXMW
9114,2023-06-12,AGEN,NON,4659,12:06,IC ARO,MONTAUBAN VILLE BOURBON,TJOURSOSE,FRXMW,11:31,FRAGF
9115,2023-06-12,AGEN,NON,4659,12:40,IC ARO,TOULOUSE MATABIAU,TJOURSOSE,FRXYT,11:31,FRAGF
9116,2023-06-12,BORDEAUX ST JEAN,NON,4659,14:14,IC ARO,BEZIERS,TJOURSOSE,FRBZR,10:27,FRBOJ
9117,2023-06-12,BORDEAUX ST JEAN,NON,4659,15:19,IC ARO,NIMES,TJOURSOSE,FRFNI,10:27,FRBOJ
9118,2023-06-12,BORDEAUX ST JEAN,NON,4659,12:40,IC ARO,TOULOUSE MATABIAU,TJOURSOSE,FRXYT,10:27,FRBOJ
9119,2023-06-12,BEZIERS,NON,4659,16:37,IC ARO,MARSEILLE ST CHARLES,TJOURSOSE,FRMSC,14:17,FRBZR
9120,2023-06-12,CARCASSONNE,NON,4659,14:14,IC ARO,BEZIERS,TJOURSOSE,FRBZR,13:29,FRCCF
9121,2023-06-12,CARCASSONNE,NON,4659,15:19,IC ARO,NIMES,TJOURSOSE,FRFNI,13:29,FRCCF
9122,2023-06-12,CARCASSONNE,NON,4659,16:37,IC ARO,MARSEILLE ST CHARLES,TJOURSOSE,FRMSC,13:29,FRCCF
9123,2023-06-12,MONTAUBAN VILLE BOURBON,NON,4659,16:37,IC ARO,MARSEILLE ST CHARLES,TJOURSOSE,FRMSC,12:08,FRXMW
9124,2023-06-12,NARBONNE,NON,4659,14:51,IC ARO,MONTPELLIER SAINT-ROCH,TJOURSOSE,FRMPL,14:01,FRXNA
9125,2023-06-12,TOULOUSE MATABIAU,NON,4659,13:58,IC ARO,NARBONNE,TJOURSOSE,FRXNA,12:45,FRXYT
9126,2023-06-12,PARIS (intramuros),NON,6277,20:49,SUD EST,AGDE,PALANG,FRXAG,16:54,FRPLY
9127,2023-06-12,PARIS (intramuros),NON,6277,20:34,SUD EST,SETE,PALANG,FRXSY,16:54,FRPLY
9128,2023-06-12,VALENCE TGV RHONE-ALPES SUD,NON,6277,19:48,SUD EST,NIMES PONT DU GARD,PALANG,FRXZP,19:11,FRVLA
9129,2023-06-12,NIMES PONT DU GARD,NON,6277,21:56,SUD EST,PERPIGNAN,PALANG,FRPGF,19:53,FRXZP
9130,2023-06-12,NIMES PONT DU GARD,NON,6277,21:03,SUD EST,BEZIERS,PALANG,FRBZR,19:53,FRXZP
9131,2023-06-12,ZUERICH HB,NON,9222,17:38,INTERNATIONAL,PARIS (intramuros),ZURBALPA,FRPLY,13:34,CHAJD
9132,2023-06-12,DIJON VILLE,NON,9222,17:38,INTERNATIONAL,PARIS (intramuros),ZURBALPA,FRPLY,16:02,FRABA
9133,2023-06-12,PARIS (intramuros),OUI,7385,20:39,NORD,HAZEBROUCK,PAARRAS,FRHZK,18:52,FRPNO
9134,2023-06-12,PARIS (intramuros),OUI,7385,19:40,NORD,ARRAS,PAARRAS,FRQRV,18:52,FRPNO
9135,2023-06-12,CLERMONT FERRAND,OUI,5950,06:58,IC ARO,NEVERS,CLERMONTPA,FRNVS,05:27,FRCFE
9136,2023-06-12,CLERMONT FERRAND,OUI,5950,06:00,IC ARO,VICHY,CLERMONTPA,FRVHY,05:27,FRCFE
9137,2023-06-12,CLERMONT FERRAND,OUI,5950,06:29,IC ARO,MOULINS SUR ALLIER,CLERMONTPA,FRXMU,05:27,FRCFE
9138,2023-06-12,RIOM CHATEL GUYON,OUI,5950,06:29,IC ARO,MOULINS SUR ALLIER,CLERMONTPA,FRXMU,05:38,FRRIO
9139,2023-06-12,ST GERMAIN DES FOSSES,OUI,5950,06:58,IC ARO,NEVERS,CLERMONTPA,FRNVS,06:12,FRSGF
9140,2023-06-12,ST GERMAIN DES FOSSES,OUI,5950,06:29,IC ARO,MOULINS SUR ALLIER,CLERMONTPA,FRXMU,06:12,FRSGF
9141,2023-06-12,CLERMONT FERRAND,OUI,5950,06:10,IC ARO,ST GERMAIN DES FOSSES,CLERMONTPA,FRSGF,05:27,FRCFE
9142,2023-06-12,PARIS (intramuros),NON,6033,11:57,SUD EST,VALENCE TGV RHONE-ALPES SUD,PALANG,FRVLA,09:40,FRPLY
9143,2023-06-12,VALENCE TGV RHONE-ALPES SUD,NON,6033,13:15,SUD EST,MONTPELLIER SAINT-ROCH,PALANG,FRMPL,12:00,FRVLA
9144,2023-06-12,NIMES,NON,2204,15:51,EST,LYON (intramuros),JCRHONRHIN,FRLPD,14:21,FRFNI
9145,2023-06-12,LYON (intramuros),NON,2204,19:09,EST,MULHOUSE VILLE,JCRHONRHIN,FRAEK,16:04,FRLPD
9146,2023-06-12,MONTPELLIER SAINT-ROCH,NON,2204,20:18,EST,STRASBOURG,JCRHONRHIN,FRAEG,13:53,FRMPL
9147,2023-06-12,MONTPELLIER SAINT-ROCH,NON,2204,19:09,EST,MULHOUSE VILLE,JCRHONRHIN,FRAEK,13:53,FRMPL
9148,2023-06-12,MONTPELLIER SAINT-ROCH,NON,2204,18:17,EST,BESANCON - F COMTE TGV,JCRHONRHIN,FRTJB,13:53,FRMPL
9149,2023-06-12,BELFORT-MONTBELIARD TGV,NON,2204,20:18,EST,STRASBOURG,JCRHONRHIN,FRAEG,18:47,FRTJA
9150,2023-06-12,VALENCE TGV RHONE-ALPES SUD,NON,2204,20:18,EST,STRASBOURG,JCRHONRHIN,FRAEG,15:12,FRVLA
9151,2023-06-12,VALENCE TGV RHONE-ALPES SUD,NON,2204,18:17,EST,BESANCON - F COMTE TGV,JCRHONRHIN,FRTJB,15:12,FRVLA
9152,2023-06-12,MASSY TGV,NON,12244,20:58,ATLANTIQUE,PARIS (intramuros),SUDOUESTPA,FRPMO,20:47,FRDJU
9153,2023-06-12,CHAMPAGNE-ARDENNE,OUI,2509,15:44,EST,NANCY,PANANCY,FRENC,14:41,FREAH
9154,2023-06-12,AIX EN PROVENCE TGV,OUI,6111,14:56,SUD EST,MARSEILLE ST CHARLES,PAPROVENCE,FRMSC,14:44,FRAIE
9155,2023-06-12,AVIGNON TGV,NON,6111,14:41,SUD EST,AIX EN PROVENCE TGV,PAPROVENCE,FRAIE,14:20,FRAVG
9156,2023-06-12,PARIS (intramuros),NON,6911,13:13,SUD EST,GRENOBLE,PAGRENOBLE,FRGNB,10:12,FRPLY
9157,2023-06-12,HAZEBROUCK,OUI,7320,14:32,NORD,PARIS (intramuros),ARRASPA,FRPNO,12:34,FRHZK
9158,2023-06-12,LENS,OUI,7320,14:32,NORD,PARIS (intramuros),ARRASPA,FRPNO,13:13,FRXLE
9159,2023-06-12,PARIS (intramuros),OUI,6367,23:23,SUD EST,MONTPELLIER SAINT-ROCH,PALANG,FRMPL,19:02,FRPLY
9160,2023-06-12,PARIS (intramuros),OUI,6367,21:13,SUD EST,VALENCE TGV RHONE-ALPES SUD,PALANG,FRVLA,19:02,FRPLY
9161,2023-06-12,PARIS (intramuros),OUI,6367,22:01,SUD EST,NIMES PONT DU GARD,PALANG,FRXZP,19:02,FRPLY
9162,2023-06-12,VALENCE TGV RHONE-ALPES SUD,OUI,6367,22:01,SUD EST,NIMES PONT DU GARD,PALANG,FRXZP,21:16,FRVLA
9163,2023-06-12,NIMES PONT DU GARD,OUI,6367,23:23,SUD EST,MONTPELLIER SAINT-ROCH,PALANG,FRMPL,22:04,FRXZP
9164,2023-06-12,STUTTGART HBF,NON,9572,18:05,INTERNATIONAL,PARIS (intramuros),MUNSTUTPA,FRPST,14:52,DESGT
9165,2023-06-12,PARIS (intramuros),OUI,5971,18:28,IC ARO,MOULINS SUR ALLIER,PACLERMONT,FRXMU,16:00,FRPBE
9166,2023-06-12,UZERCHE,NON,3654,16:11,IC ARO,CHATEAUROUX,TOULOUZECO,FRCHR,14:22,FRAAW
9167,2023-06-12,UZERCHE,NON,3654,18:20,IC ARO,PARIS (intramuros),TOULOUZECO,FRPAZ,14:22,FRAAW
9168,2023-06-12,GOURDON,NON,3654,16:11,IC ARO,CHATEAUROUX,TOULOUZECO,FRCHR,13:11,FRFSI
9169,2023-06-12,GOURDON,OUI,3654,13:26,IC ARO,SOUILLAC,TOULOUZECO,FRSOU,13:11,FRFSI
9170,2023-06-12,SOUILLAC,NON,3654,16:11,IC ARO,CHATEAUROUX,TOULOUZECO,FRCHR,13:28,FRSOU
9171,2023-06-12,SOUILLAC,NON,3654,16:47,IC ARO,VIERZON VILLE,TOULOUZECO,FRXVZ,13:28,FRSOU
9172,2023-06-12,GOURDON,OUI,3654,15:33,IC ARO,LA SOUTERRAINE,TOULOUZECO,FRLST,13:11,FRFSI
9173,2023-06-12,GOURDON,OUI,3654,14:21,IC ARO,UZERCHE,TOULOUZECO,FRAAW,13:11,FRFSI
9174,2023-06-12,DIJON VILLE,NON,9877,13:00,EST,LYON (intramuros),JCRHINRHON,FRLPD,11:21,FRABA
9175,2023-06-12,METZ VILLE,NON,9877,14:49,EST,AIX EN PROVENCE TGV,JCRHINRHON,FRAIE,08:11,FRADE
9176,2023-06-12,METZ VILLE,NON,9877,10:18,EST,BELFORT-MONTBELIARD TGV,JCRHINRHON,FRTJA,08:11,FRADE
9177,2023-06-12,METZ VILLE,NON,9877,10:41,EST,BESANCON - F COMTE TGV,JCRHINRHON,FRTJB,08:11,FRADE
9178,2023-06-12,MULHOUSE VILLE,NON,9877,13:00,EST,LYON (intramuros),JCRHINRHON,FRLPD,09:57,FRAEK
9179,2023-06-12,AVIGNON TGV,OUI,9877,15:06,EST,MARSEILLE ST CHARLES,JCRHINRHON,FRMSC,14:28,FRAVG
9180,2023-06-12,MACON VILLE,NON,9877,14:25,EST,AVIGNON TGV,JCRHINRHON,FRAVG,12:22,FRHGU
9181,2023-06-12,LYON (intramuros),NON,9877,15:06,EST,MARSEILLE ST CHARLES,JCRHINRHON,FRMSC,13:06,FRLPD
9182,2023-06-12,BESANCON - F COMTE TGV,NON,9877,13:00,EST,LYON (intramuros),JCRHINRHON,FRLPD,10:44,FRTJB
9183,2023-06-12,VALENCE TGV RHONE-ALPES SUD,NON,9877,14:49,EST,AIX EN PROVENCE TGV,JCRHINRHON,FRAIE,13:51,FRVLA
9184,2023-06-12,LE MANS,NON,5288,17:48,NORD,MASSY TGV,JCBRETNORD,FRDJU,16:57,FRAET
9185,2023-06-12,NANTES,NON,5288,18:37,NORD,AEROPORT CDG2 TGV ROISSY,JCBRETNORD,FRMLW,15:18,FRNTE
9186,2023-06-12,LAVAL,OUI,8052,08:45,ATLANTIQUE,LE MANS,BRETAPARIS,FRAET,08:15,FRACR
9187,2023-06-12,LIMOGES BENEDICTINS,OUI,3624,08:08,IC ARO,CHATEAUROUX,TOULOUZECO,FRCHR,06:58,FRAGQ
9188,2023-06-12,LIMOGES BENEDICTINS,OUI,3624,08:48,IC ARO,VIERZON VILLE,TOULOUZECO,FRXVZ,06:58,FRAGQ
9189,2023-06-12,BRIVE LA GAILLARDE,OUI,3624,10:22,IC ARO,PARIS (intramuros),TOULOUZECO,FRPAZ,05:55,FRBVE
9190,2023-06-12,LA SOUTERRAINE,OUI,3624,08:25,IC ARO,ISSOUDUN,TOULOUZECO,FRFMN,07:33,FRLST
9191,2023-06-12,LE MANS,NON,5380,10:30,SUD EST,RENNES,JCSUDATL,FRRNS,09:33,FRAET
9192,2023-06-12,LYON (intramuros),NON,5380,10:30,SUD EST,RENNES,JCSUDATL,FRRNS,06:16,FRLPE
9193,2023-06-12,CHAMPAGNE-ARDENNE,NON,2513,17:44,EST,NANCY,PANANCY,FRENC,16:49,FREAH
9194,2023-06-12,RETHEL,OUI,2751,20:35,EST,SEDAN,PABARSED,FRXSW,19:43,FRBDT
9195,2023-06-12,PARIS (intramuros),NON,2751,19:14,EST,REIMS,PABARSED,FRRHE,18:28,FRPST
9196,2023-06-12,PARIS (intramuros),NON,2751,20:35,EST,SEDAN,PABARSED,FRXSW,18:28,FRPST
9197,2023-06-12,REIMS,OUI,2751,19:40,EST,RETHEL,PABARSED,FRBDT,19:20,FRRHE
9198,2023-06-12,PARIS (intramuros),NON,8517,21:03,ATLANTIQUE,MONTAUBAN VILLE BOURBON,PASUDOUEST,FRXMW,17:06,FRPMO
9199,2023-06-12,MONTAUBAN VILLE BOURBON,OUI,8517,21:36,ATLANTIQUE,TOULOUSE MATABIAU,PASUDOUEST,FRXYT,21:06,FRXMW
9200,2023-06-12,BEDARIEUX,NON,15945,19:49,IC SRO,BEZIERS,NORESTJOU,FRBZR,19:15,FRIMH
9201,2023-06-12,MAGALAS,NON,15945,19:49,IC SRO,BEZIERS,NORESTJOU,FRBZR,19:35,FRIMK
9202,2023-06-12,DIJON VILLE,NON,5521,12:55,EST,MONTPELLIER SAINT-ROCH,JCRHINRHON,FRMPL,09:21,FRABA
9203,2023-06-12,METZ VILLE,NON,5521,09:11,EST,DIJON VILLE,JCRHINRHON,FRABA,05:46,FRADE
9204,2023-06-12,STRASBOURG,NON,5521,09:11,EST,DIJON VILLE,JCRHINRHON,FRABA,06:47,FRAEG
9205,2023-06-12,STRASBOURG,OUI,5521,07:13,EST,COLMAR,JCRHINRHON,FRAEJ,06:47,FRAEG
9206,2023-06-12,STRASBOURG,NON,5521,10:56,EST,LYON (intramuros),JCRHINRHON,FRLPD,06:47,FRAEG
9207,2023-06-12,COLMAR,OUI,5521,07:48,EST,MULHOUSE VILLE,JCRHINRHON,FRAEK,07:16,FRAEJ
9208,2023-06-12,COLMAR,NON,5521,09:54,EST,CHALON SUR SAONE,JCRHINRHON,FRXCD,07:16,FRAEJ
9209,2023-06-12,BELFORT-MONTBELIARD TGV,NON,5521,10:56,EST,LYON (intramuros),JCRHINRHON,FRLPD,08:17,FRTJA
9210,2023-06-12,CHALON SUR SAONE,NON,5521,12:24,EST,NIMES,JCRHINRHON,FRFNI,09:56,FRXCD
9211,2023-06-12,ANGERS ST LAUD,OUI,8868,12:23,ATLANTIQUE,LE MANS,LOIREPARIS,FRAET,11:44,FRACL
9212,2023-06-12,LAMBALLE,OUI,8680,07:02,ATLANTIQUE,LAVAL,BRETAPARIS,FRACR,05:51,FRLAM
9213,2023-06-12,ST BRIEUC,OUI,8680,06:29,ATLANTIQUE,RENNES,BRETAPARIS,FRRNS,05:38,FRSBK
9214,2023-06-12,PARIS (intramuros),NON,6703,10:57,SUD EST,DIJON VILLE,PABOUR,FRABA,09:20,FRPLY
9215,2023-06-12,PARIS (intramuros),NON,6703,12:39,SUD EST,MULHOUSE VILLE,PABOUR,FRAEK,09:20,FRPLY
9216,2023-06-12,BESANCON - F COMTE TGV,NON,6703,12:03,SUD EST,BELFORT-MONTBELIARD TGV,PABOUR,FRTJA,11:38,FRTJB
9217,2023-06-12,AIX EN PROVENCE TGV,NON,9896,19:39,EST,DIJON VILLE,JCRHONRHIN,FRABA,16:11,FRAIE
9218,2023-06-12,AIX EN PROVENCE TGV,NON,9896,17:51,EST,LYON (intramuros),JCRHONRHIN,FRLPD,16:11,FRAIE
9219,2023-06-12,AIX EN PROVENCE TGV,NON,9896,20:40,EST,BELFORT-MONTBELIARD TGV,JCRHONRHIN,FRTJA,16:11,FRAIE
9220,2023-06-12,AIX EN PROVENCE TGV,NON,9896,20:16,EST,BESANCON - F COMTE TGV,JCRHONRHIN,FRTJB,16:11,FRAIE
9221,2023-06-12,AVIGNON TGV,NON,9896,21:09,EST,MULHOUSE VILLE,JCRHONRHIN,FRAEK,16:33,FRAVG
9222,2023-06-12,LYON (intramuros),NON,9896,21:09,EST,MULHOUSE VILLE,JCRHONRHIN,FRAEK,18:00,FRLPD
9223,2023-06-12,LYON (intramuros),NON,9896,20:40,EST,BELFORT-MONTBELIARD TGV,JCRHONRHIN,FRTJA,18:00,FRLPD
9224,2023-06-12,MARSEILLE ST CHARLES,NON,9896,16:08,EST,AIX EN PROVENCE TGV,JCRHONRHIN,FRAIE,15:56,FRMSC
9225,2023-06-12,VALENCE TGV RHONE-ALPES SUD,NON,9896,20:16,EST,BESANCON - F COMTE TGV,JCRHONRHIN,FRTJB,17:13,FRVLA
9226,2023-06-12,CANNES,NON,6180,19:55,SUD EST,AVIGNON TGV,AZURPA,FRAVG,17:33,FRJCA
9227,2023-06-12,TOULON,NON,6180,19:55,SUD EST,AVIGNON TGV,AZURPA,FRAVG,18:48,FRTLN
9228,2023-06-12,ANTIBES,OUI,6180,18:44,SUD EST,TOULON,AZURPA,FRTLN,17:18,FRXAT
9229,2023-06-12,ANTIBES,OUI,6180,18:07,SUD EST,LES ARCS DRAGUIGNAN,AZURPA,FRXRS,17:18,FRXAT
9230,2023-06-12,LES ARCS DRAGUIGNAN,NON,6180,19:55,SUD EST,AVIGNON TGV,AZURPA,FRAVG,18:10,FRXRS
9231,2023-06-12,BEZIERS,NON,6873,18:22,SUD EST,NIMES,JCSUDPROV,FRFNI,17:14,FRBZR
9232,2023-06-12,CARCASSONNE,NON,6873,18:22,SUD EST,NIMES,JCSUDPROV,FRFNI,16:27,FRCCF
9233,2023-06-12,NIMES,NON,6873,19:10,SUD EST,VALENCE TGV RHONE-ALPES SUD,JCSUDPROV,FRVLA,18:25,FRFNI
9234,2023-06-12,NARBONNE,OUI,6873,17:53,SUD EST,MONTPELLIER SAINT-ROCH,JCSUDPROV,FRMPL,16:58,FRXNA
9235,2023-06-12,SETE,NON,6873,19:10,SUD EST,VALENCE TGV RHONE-ALPES SUD,JCSUDPROV,FRVLA,17:39,FRXSY
9236,2023-06-12,TOULOUSE MATABIAU,OUI,6873,17:11,SUD EST,BEZIERS,JCSUDPROV,FRBZR,15:43,FRXYT
9237,2023-06-12,TOULOUSE MATABIAU,NON,6873,18:22,SUD EST,NIMES,JCSUDPROV,FRFNI,15:43,FRXYT
9238,2023-06-12,ANGERS ST LAUD,NON,8818,21:12,ATLANTIQUE,PARIS (intramuros),LOIREPARIS,FRPMO,19:44,FRACL
9239,2023-06-12,PARIS (intramuros),NON,9563,17:53,INTERNATIONAL,KARLSRUHE HBF,PAFRANC,DEQKA,15:21,FRPST
9240,2023-06-12,PARIS (intramuros),NON,9563,17:07,INTERNATIONAL,STRASBOURG,PAFRANC,FRAEG,15:21,FRPST
9241,2023-06-12,CANNES,OUI,6175,15:57,SUD EST,NICE VILLE,PAAZUR,FRNIC,15:30,FRJCA
9242,2023-06-12,MARSEILLE ST CHARLES,NON,6175,15:25,SUD EST,CANNES,PAAZUR,FRJCA,13:28,FRMSC
9243,2023-06-12,PARIS (intramuros),NON,6175,15:38,SUD EST,ANTIBES,PAAZUR,FRXAT,10:08,FRPLY
9244,2023-06-12,TOULON,OUI,6175,15:57,SUD EST,NICE VILLE,PAAZUR,FRNIC,14:15,FRTLN
9245,2023-06-12,LES ARCS DRAGUIGNAN,OUI,6175,15:57,SUD EST,NICE VILLE,PAAZUR,FRNIC,14:51,FRXRS
9246,2023-06-12,ANGOULEME,NON,5284,14:50,NORD,ST PIERRE DES CORPS,JCAQUINORD,FRXSH,13:36,FRANG
9247,2023-06-12,MASSY TGV,NON,5284,16:41,NORD,AEROPORT CDG2 TGV ROISSY,JCAQUINORD,FRMLW,15:55,FRDJU
9248,2023-06-12,MASSY TGV,NON,5284,17:15,NORD,TGV HAUTE PICARDIE,JCAQUINORD,FRTHP,15:55,FRDJU
9249,2023-06-12,ST PIERRE DES CORPS,NON,5284,16:27,NORD,MARNE LA VALLEE CHESSY,JCAQUINORD,FRMLV,14:54,FRXSH
9250,2023-06-12,PARIS (intramuros),OUI,7355,09:16,NORD,BETHUNE,PAARRAS,FRXBH,07:52,FRPNO
9251,2023-06-12,PARIS (intramuros),NON,6047,10:08,SUD EST,MONTPELLIER SUD DE FRANCE,PALANG,FRSUF,06:54,FRPLY
9252,2023-06-12,VALENCE TGV RHONE-ALPES SUD,NON,6047,10:08,SUD EST,MONTPELLIER SUD DE FRANCE,PALANG,FRSUF,09:09,FRVLA
9253,2023-06-12,LYON (intramuros),NON,5192,18:01,NORD,AEROPORT CDG2 TGV ROISSY,JCSUDNORD,FRMLW,16:00,FRLPD
9254,2023-06-12,LYON (intramuros),NON,5192,18:56,NORD,ARRAS,JCSUDNORD,FRQRV,15:46,FRLPE
9255,2023-06-12,LYON (intramuros),NON,5192,18:34,NORD,TGV HAUTE PICARDIE,JCSUDNORD,FRTHP,15:46,FRLPE
9256,2023-06-12,MARNE LA VALLEE CHESSY,NON,5192,19:44,NORD,LILLE (intramuros),JCSUDNORD,FRADJ,17:51,FRMLV
9257,2023-06-12,MARNE LA VALLEE CHESSY,NON,5192,18:01,NORD,AEROPORT CDG2 TGV ROISSY,JCSUDNORD,FRMLW,17:51,FRMLV
9258,2023-06-12,AEROPORT CDG2 TGV ROISSY,NON,5192,18:56,NORD,ARRAS,JCSUDNORD,FRQRV,18:07,FRMLW
9259,2023-06-12,ARRAS,OUI,5192,19:44,NORD,LILLE (intramuros),JCSUDNORD,FRADJ,18:59,FRQRV
9260,2023-06-12,STRASBOURG,OUI,2203,07:48,EST,MULHOUSE VILLE,JCRHINRHON,FRAEK,06:47,FRAEG
9261,2023-06-12,STRASBOURG,NON,2203,10:56,EST,LYON (intramuros),JCRHINRHON,FRLPD,06:47,FRAEG
9262,2023-06-12,STRASBOURG,NON,2203,09:54,EST,CHALON SUR SAONE,JCRHINRHON,FRXCD,06:47,FRAEG
9263,2023-06-12,COLMAR,NON,2203,08:38,EST,BESANCON - F COMTE TGV,JCRHINRHON,FRTJB,07:16,FRAEJ
9264,2023-06-12,MULHOUSE VILLE,NON,2203,09:11,EST,DIJON VILLE,JCRHINRHON,FRABA,07:52,FRAEK
9265,2023-06-12,LYON (intramuros),NON,2203,12:55,EST,MONTPELLIER SAINT-ROCH,JCRHINRHON,FRMPL,11:02,FRLPD
9266,2023-06-12,BELFORT-MONTBELIARD TGV,NON,2203,12:55,EST,MONTPELLIER SAINT-ROCH,JCRHINRHON,FRMPL,08:17,FRTJA
9267,2023-06-12,BESANCON - F COMTE TGV,NON,2203,12:24,EST,NIMES,JCRHINRHON,FRFNI,08:41,FRTJB
9268,2023-06-12,TOURS,NON,8310,08:43,ATLANTIQUE,VENDOME VILLIERS SUR LOIR,ROCHELLEPA,FRESL,08:13,FRAFW
9269,2023-06-12,BEZIERS,NON,6260,23:05,SUD EST,PARIS (intramuros),LANGPA,FRPLY,18:59,FRBZR
9270,2023-06-12,PERPIGNAN,OUI,6260,19:10,SUD EST,AGDE,LANGPA,FRXAG,18:04,FRPGF
9271,2023-06-12,NARBONNE,NON,6260,20:48,SUD EST,VALENCE TGV RHONE-ALPES SUD,LANGPA,FRVLA,18:43,FRXNA
9272,2023-06-12,SETE,NON,6260,23:05,SUD EST,PARIS (intramuros),LANGPA,FRPLY,19:29,FRXSY
9273,2023-06-12,BEZIERS,OUI,6260,19:43,SUD EST,MONTPELLIER SUD DE FRANCE,LANGPA,FRSUF,18:59,FRBZR
9274,2023-06-12,MONTPELLIER SUD DE FRANCE,NON,6260,20:09,SUD EST,NIMES PONT DU GARD,LANGPA,FRXZP,19:50,FRSUF
9275,2023-06-12,SETE,NON,6260,20:09,SUD EST,NIMES PONT DU GARD,LANGPA,FRXZP,19:29,FRXSY
9276,2023-06-12,LAVAL,NON,5336,14:20,SUD EST,MASSY TGV,JCATLSUD,FRDJU,12:58,FRACR
9277,2023-06-12,RENNES,OUI,5336,13:27,SUD EST,LE MANS,JCATLSUD,FRAET,12:30,FRRNS
9278,2023-06-12,LA ROCHELLE VILLE,NON,3833,16:08,IC SRO,BORDEAUX ST JEAN,NANTEBORDO,FRBOJ,13:43,FRLRH
9279,2023-06-12,LA ROCHELLE VILLE,NON,3833,15:10,IC SRO,JONZAC,NANTEBORDO,FREMR,13:43,FRLRH
9280,2023-06-12,NANTES,NON,3833,16:08,IC SRO,BORDEAUX ST JEAN,NANTEBORDO,FRBOJ,11:55,FRNTE
9281,2023-06-12,NANTES,NON,3833,15:10,IC SRO,JONZAC,NANTEBORDO,FREMR,11:55,FRNTE
9282,2023-06-12,NANTES,NON,3833,12:58,IC SRO,LUCON,NANTEBORDO,FRLCN,11:55,FRNTE
9283,2023-06-12,NANTES,NON,3833,13:39,IC SRO,LA ROCHELLE VILLE,NANTEBORDO,FRLRH,11:55,FRNTE
9284,2023-06-12,LA ROCHE SUR YON,NON,3833,15:10,IC SRO,JONZAC,NANTEBORDO,FREMR,12:36,FRXRO
9285,2023-06-12,LA ROCHE SUR YON,NON,3833,13:39,IC SRO,LA ROCHELLE VILLE,NANTEBORDO,FRLRH,12:36,FRXRO
9286,2023-06-12,MULHOUSE VILLE,NON,6708,20:42,SUD EST,PARIS (intramuros),BOURPA,FRPLY,17:46,FRAEK
9287,2023-06-12,AGEN,OUI,4665,19:27,IC ARO,CARCASSONNE,TJOURSOSE,FRCCF,17:32,FRAGF
9288,2023-06-12,BORDEAUX ST JEAN,OUI,4665,17:30,IC ARO,AGEN,TJOURSOSE,FRAGF,16:28,FRBOJ
9289,2023-06-12,BORDEAUX ST JEAN,OUI,4665,19:27,IC ARO,CARCASSONNE,TJOURSOSE,FRCCF,16:28,FRBOJ
9290,2023-06-12,BORDEAUX ST JEAN,OUI,4665,18:07,IC ARO,MONTAUBAN VILLE BOURBON,TJOURSOSE,FRXMW,16:28,FRBOJ
9291,2023-06-12,MONTAUBAN VILLE BOURBON,OUI,4665,20:14,IC ARO,BEZIERS,TJOURSOSE,FRBZR,18:09,FRXMW
9292,2023-06-12,MONTAUBAN VILLE BOURBON,OUI,4665,19:27,IC ARO,CARCASSONNE,TJOURSOSE,FRCCF,18:09,FRXMW
9293,2023-06-12,TOULOUSE MATABIAU,OUI,4665,20:14,IC ARO,BEZIERS,TJOURSOSE,FRBZR,18:45,FRXYT
9294,2023-06-12,TOULOUSE MATABIAU,OUI,4665,19:58,IC ARO,NARBONNE,TJOURSOSE,FRXNA,18:45,FRXYT
9295,2023-06-12,PARIS (intramuros),NON,6127,21:44,SUD EST,AIX EN PROVENCE TGV,PAPROVENCE,FRAIE,18:36,FRPLY
9296,2023-06-12,PARIS (intramuros),NON,6127,21:21,SUD EST,AVIGNON TGV,PAPROVENCE,FRAVG,18:36,FRPLY
9297,2023-06-12,ANGERS ST LAUD,NON,5320,18:24,SUD EST,LE MANS,JCATLSUD,FRAET,17:44,FRACL
9298,2023-06-12,MASSY TGV,NON,5320,21:30,SUD EST,LYON (intramuros),JCATLSUD,FRLPD,19:26,FRDJU
9299,2023-06-12,NANTES,NON,5320,21:30,SUD EST,LYON (intramuros),JCATLSUD,FRLPD,17:05,FRNTE
9300,2023-06-12,NANTES,NON,5320,21:47,SUD EST,LYON (intramuros),JCATLSUD,FRLPE,17:05,FRNTE
9301,2023-06-12,BORDEAUX ST JEAN,NON,12270,21:52,ATLANTIQUE,PARIS (intramuros),SUDOUESTPA,FRPMO,19:45,FRBOJ
9302,2023-06-12,BORDEAUX ST JEAN,NON,8501,10:29,ATLANTIQUE,TOULOUSE MATABIAU,PASUDOUEST,FRXYT,08:20,FRBOJ
9303,2023-06-12,PARIS (intramuros),NON,8501,10:29,ATLANTIQUE,TOULOUSE MATABIAU,PASUDOUEST,FRXYT,06:06,FRPMO
9304,2023-06-12,LIMOGES BENEDICTINS,OUI,3674,19:10,IC ARO,CHATEAUROUX,TOULOUZECO,FRCHR,17:57,FRAGQ
9305,2023-06-12,LIMOGES BENEDICTINS,OUI,3674,18:54,IC ARO,ARGENTON SUR CREUSE,TOULOUZECO,FRFMT,17:57,FRAGQ
9306,2023-06-12,BRIVE LA GAILLARDE,OUI,3674,19:10,IC ARO,CHATEAUROUX,TOULOUZECO,FRCHR,16:54,FRBVE
9307,2023-06-12,BRIVE LA GAILLARDE,OUI,3674,18:29,IC ARO,LA SOUTERRAINE,TOULOUZECO,FRLST,16:54,FRBVE
9308,2023-06-12,ARGENTON SUR CREUSE,OUI,3674,19:10,IC ARO,CHATEAUROUX,TOULOUZECO,FRCHR,18:55,FRFMT
9309,2023-06-12,ARGENTON SUR CREUSE,OUI,3674,21:21,IC ARO,PARIS (intramuros),TOULOUZECO,FRPAZ,18:55,FRFMT
9310,2023-06-12,LA SOUTERRAINE,OUI,3674,21:21,IC ARO,PARIS (intramuros),TOULOUZECO,FRPAZ,18:31,FRLST
9311,2023-06-12,LA SOUTERRAINE,OUI,3674,19:46,IC ARO,VIERZON VILLE,TOULOUZECO,FRXVZ,18:31,FRLST
9312,2023-06-12,CLERMONT FERRAND,OUI,5990,19:38,IC ARO,VICHY,CLERMONTPA,FRVHY,19:05,FRCFE
9313,2023-06-12,MOULINS SUR ALLIER,OUI,5990,20:37,IC ARO,NEVERS,CLERMONTPA,FRNVS,20:11,FRXMU
9314,2023-06-12,MONTBARD,NON,6745,18:35,SUD EST,DIJON VILLE,PABOUR,FRABA,17:57,FRGWE
9315,2023-06-12,MONTBARD,NON,6745,19:27,SUD EST,BESANCON VIOTTE,PABOUR,FRABG,17:57,FRGWE
9316,2023-06-12,PARIS (intramuros),NON,6745,17:54,SUD EST,MONTBARD,PABOUR,FRGWE,16:50,FRPLY
9317,2023-06-12,DIJON VILLE,NON,6706,17:35,SUD EST,MONTBARD,BOURPA,FRGWE,17:00,FRABA
9318,2023-06-12,DIJON VILLE,NON,6706,18:42,SUD EST,PARIS (intramuros),BOURPA,FRPLY,17:00,FRABA
9319,2023-06-12,MULHOUSE VILLE,NON,6706,16:56,SUD EST,DIJON VILLE,BOURPA,FRABA,15:40,FRAEK
9320,2023-06-12,MONTBARD,NON,6706,18:42,SUD EST,PARIS (intramuros),BOURPA,FRPLY,17:38,FRGWE
9321,2023-06-12,BELFORT-MONTBELIARD TGV,NON,6706,17:35,SUD EST,MONTBARD,BOURPA,FRGWE,16:05,FRTJA
9322,2023-06-12,BELFORT-MONTBELIARD TGV,NON,6706,18:42,SUD EST,PARIS (intramuros),BOURPA,FRPLY,16:05,FRTJA
9323,2023-06-12,RENNES,OUI,8609,12:14,ATLANTIQUE,ST BRIEUC,PARISBRETA,FRSBK,11:30,FRRNS
9324,2023-06-12,LIMOGES BENEDICTINS,OUI,3645,19:06,IC ARO,BRIVE LA GAILLARDE,PALITO,FRBVE,18:05,FRAGQ
9325,2023-06-12,LIMOGES BENEDICTINS,OUI,3645,20:39,IC ARO,CAUSSADE TARN ET GARONNE,PALITO,FRFTA,18:05,FRAGQ
9326,2023-06-12,LIMOGES BENEDICTINS,OUI,3645,21:27,IC ARO,TOULOUSE MATABIAU,PALITO,FRXYT,18:05,FRAGQ
9327,2023-06-12,BRIVE LA GAILLARDE,OUI,3645,19:46,IC ARO,GOURDON,PALITO,FRFSI,19:08,FRBVE
9328,2023-06-12,BRIVE LA GAILLARDE,OUI,3645,20:39,IC ARO,CAUSSADE TARN ET GARONNE,PALITO,FRFTA,19:08,FRBVE
9329,2023-06-12,CHATEAUROUX,OUI,3645,19:06,IC ARO,BRIVE LA GAILLARDE,PALITO,FRBVE,16:50,FRCHR
9330,2023-06-12,CHATEAUROUX,OUI,3645,20:39,IC ARO,CAUSSADE TARN ET GARONNE,PALITO,FRFTA,16:50,FRCHR
9331,2023-06-12,CHATEAUROUX,OUI,3645,21:27,IC ARO,TOULOUSE MATABIAU,PALITO,FRXYT,16:50,FRCHR
9332,2023-06-12,GOURDON,OUI,3645,21:27,IC ARO,TOULOUSE MATABIAU,PALITO,FRXYT,19:47,FRFSI
9333,2023-06-12,LES AUBRAIS ORLEANS,OUI,3645,20:39,IC ARO,CAUSSADE TARN ET GARONNE,PALITO,FRFTA,15:42,FRLAB
9334,2023-06-12,LES AUBRAIS ORLEANS,OUI,3645,17:25,IC ARO,LA SOUTERRAINE,PALITO,FRLST,15:42,FRLAB
9335,2023-06-12,LES AUBRAIS ORLEANS,OUI,3645,20:54,IC ARO,MONTAUBAN VILLE BOURBON,PALITO,FRXMW,15:42,FRLAB
9336,2023-06-12,PARIS (intramuros),OUI,8087,16:14,ATLANTIQUE,ST MALO,PARISBRETA,FRXSB,13:53,FRPMO
9337,2023-06-12,AIX EN PROVENCE TGV,OUI,5102,10:48,NORD,MARSEILLE ST CHARLES,JCNORDSUD,FRMSC,10:36,FRAIE
9338,2023-06-12,LILLE (intramuros),NON,5102,10:11,NORD,AVIGNON TGV,JCNORDSUD,FRAVG,06:00,FRLLE
9339,2023-06-12,MARNE LA VALLEE CHESSY,NON,5102,10:33,NORD,AIX EN PROVENCE TGV,JCNORDSUD,FRAIE,07:13,FRMLV
9340,2023-06-12,MARNE LA VALLEE CHESSY,NON,5102,10:11,NORD,AVIGNON TGV,JCNORDSUD,FRAVG,07:13,FRMLV
9341,2023-06-12,AEROPORT CDG2 TGV ROISSY,NON,5102,10:11,NORD,AVIGNON TGV,JCNORDSUD,FRAVG,06:56,FRMLW
9342,2023-06-12,BEZIERS,OUI,6825,21:04,SUD EST,NARBONNE,JCPROVSUD,FRXNA,20:51,FRBZR
9343,2023-06-12,BEZIERS,OUI,6825,22:19,SUD EST,TOULOUSE MATABIAU,JCPROVSUD,FRXYT,20:51,FRBZR
9344,2023-06-12,NIMES,OUI,6825,20:05,SUD EST,MONTPELLIER SAINT-ROCH,JCPROVSUD,FRMPL,19:40,FRFNI
9345,2023-06-12,LYON (intramuros),NON,6825,20:05,SUD EST,MONTPELLIER SAINT-ROCH,JCPROVSUD,FRMPL,18:09,FRLPD
9346,2023-06-12,LYON (intramuros),NON,6825,21:04,SUD EST,NARBONNE,JCPROVSUD,FRXNA,18:09,FRLPD
9347,2023-06-12,LYON (intramuros),NON,6825,22:19,SUD EST,TOULOUSE MATABIAU,JCPROVSUD,FRXYT,18:09,FRLPD
9348,2023-06-12,MONTPELLIER SAINT-ROCH,OUI,6825,21:04,SUD EST,NARBONNE,JCPROVSUD,FRXNA,20:10,FRMPL
9349,2023-06-12,MONTPELLIER SAINT-ROCH,OUI,6825,22:19,SUD EST,TOULOUSE MATABIAU,JCPROVSUD,FRXYT,20:10,FRMPL
9350,2023-06-12,SETE,OUI,6825,20:48,SUD EST,BEZIERS,JCPROVSUD,FRBZR,20:26,FRXSY
9351,2023-06-12,SETE,OUI,6825,21:04,SUD EST,NARBONNE,JCPROVSUD,FRXNA,20:26,FRXSY
9352,2023-06-12,SETE,OUI,6825,22:19,SUD EST,TOULOUSE MATABIAU,JCPROVSUD,FRXYT,20:26,FRXSY
9353,2023-06-12,ANGERS ST LAUD,OUI,8931,21:39,ATLANTIQUE,ST NAZAIRE,PARISLOIRE,FRSNR,20:19,FRACL
9354,2023-06-12,LA BAULE ESCOUBLAC,OUI,8931,22:07,ATLANTIQUE,LE CROISIC,PARISLOIRE,FREGU,21:59,FRJEE
9355,2023-06-12,SABLE SUR SARTHE,OUI,8931,22:07,ATLANTIQUE,LE CROISIC,PARISLOIRE,FREGU,19:56,FRSAB
9356,2023-06-12,BELFORT-MONTBELIARD TGV,NON,9219,19:26,INTERNATIONAL,BASEL SBB,PABALZUR,CHAJP,18:41,FRTJA
9357,2023-06-12,LYON (intramuros),OUI,6664,16:19,SUD EST,LYON (intramuros),RHONEPARIS,FRLPD,16:11,FRLPE
9358,2023-06-12,DAX,NON,8581,15:52,ATLANTIQUE,PARIS (intramuros),SUDOUESTPA,FRPMO,12:24,FRACG
9359,2023-06-12,BORDEAUX ST JEAN,NON,8581,15:52,ATLANTIQUE,PARIS (intramuros),SUDOUESTPA,FRPMO,13:46,FRBOJ
9360,2023-06-12,LOURDES,NON,8581,13:40,ATLANTIQUE,BORDEAUX ST JEAN,SUDOUESTPA,FRBOJ,11:00,FRLDE
9361,2023-06-12,BEZIERS,OUI,6271,11:20,SUD EST,NARBONNE,PALANG,FRXNA,11:06,FRBZR
9362,2023-06-12,PARIS (intramuros),NON,6271,11:03,SUD EST,BEZIERS,PALANG,FRBZR,06:54,FRPLY
9363,2023-06-12,VALENCE TGV RHONE-ALPES SUD,NON,6271,10:48,SUD EST,AGDE,PALANG,FRXAG,09:09,FRVLA
9364,2023-06-12,SETE,OUI,6271,10:48,SUD EST,AGDE,PALANG,FRXAG,10:34,FRXSY
9365,2023-06-12,VALENCE TGV RHONE-ALPES SUD,NON,6271,10:08,SUD EST,MONTPELLIER SUD DE FRANCE,PALANG,FRSUF,09:09,FRVLA
9366,2023-06-12,NIMES PONT DU GARD,NON,6271,10:48,SUD EST,AGDE,PALANG,FRXAG,09:48,FRXZP
9367,2023-06-12,CANNES,NON,6168,21:50,SUD EST,PARIS (intramuros),AZURPA,FRPLY,16:32,FRJCA
9368,2023-06-12,CANNES,OUI,6168,16:55,SUD EST,ST RAPHAEL VALESCURE,AZURPA,FRXSK,16:32,FRJCA
9369,2023-06-12,NICE VILLE,OUI,6168,16:14,SUD EST,ANTIBES,AZURPA,FRXAT,16:01,FRNIC
9370,2023-06-12,ANTIBES,OUI,6168,16:55,SUD EST,ST RAPHAEL VALESCURE,AZURPA,FRXSK,16:17,FRXAT
9371,2023-06-12,PARIS (intramuros),OUI,8731,20:51,ATLANTIQUE,LORIENT,PARISBRETA,FRLRT,17:56,FRPMO
9372,2023-06-12,PARIS (intramuros),NON,8435,10:18,ATLANTIQUE,BORDEAUX ST JEAN,PASUDOUEST,FRBOJ,07:58,FRPMO
9373,2023-06-12,BIARRITZ,OUI,8541,16:32,ATLANTIQUE,ST JEAN DE LUZ CIBOURE,PASUDOUEST,FRXJZ,16:19,FRBIQ
9374,2023-06-12,BORDEAUX ST JEAN,NON,8541,16:32,ATLANTIQUE,ST JEAN DE LUZ CIBOURE,PASUDOUEST,FRXJZ,14:21,FRBOJ
9375,2023-06-12,PARIS (intramuros),NON,8541,16:47,ATLANTIQUE,HENDAYE,PASUDOUEST,FRAEF,12:08,FRPMO
9376,2023-06-12,PARIS (intramuros),NON,8541,16:32,ATLANTIQUE,ST JEAN DE LUZ CIBOURE,PASUDOUEST,FRXJZ,12:08,FRPMO
9377,2023-06-12,ST JEAN DE LUZ CIBOURE,OUI,8541,16:47,ATLANTIQUE,HENDAYE,PASUDOUEST,FRAEF,16:35,FRXJZ
9378,2023-06-12,PARIS (intramuros),NON,2253,19:14,EST,REIMS,PABARSED,FRRHE,18:28,FRPST
9379,2023-06-12,ANGERS ST LAUD,NON,8886,22:25,ATLANTIQUE,PARIS (intramuros),LOIREPARIS,FRPMO,20:44,FRACL
9380,2023-06-12,BRUXELLES MIDI BRUSSEL ZUID,NON,9812,09:53,NORD,AEROPORT CDG2 TGV ROISSY,JCNORDSUD,FRMLW,08:17,BEBMI
9381,2023-06-12,LILLE (intramuros),NON,9812,12:00,NORD,LYON (intramuros),JCNORDSUD,FRLPD,09:03,FRLLE
9382,2023-06-12,LILLE (intramuros),NON,9812,10:08,NORD,MARNE LA VALLEE CHESSY,JCNORDSUD,FRMLV,09:03,FRLLE
9383,2023-06-12,LILLE (intramuros),NON,9812,09:53,NORD,AEROPORT CDG2 TGV ROISSY,JCNORDSUD,FRMLW,09:03,FRLLE
9384,2023-06-12,LILLE (intramuros),NON,9812,12:45,NORD,VALENCE TGV RHONE-ALPES SUD,JCNORDSUD,FRVLA,09:03,FRLLE
9385,2023-06-12,LYON (intramuros),OUI,9812,12:45,NORD,VALENCE TGV RHONE-ALPES SUD,JCNORDSUD,FRVLA,12:06,FRLPD
9386,2023-06-12,AEROPORT CDG2 TGV ROISSY,NON,9812,13:35,NORD,NIMES,JCNORDSUD,FRFNI,09:59,FRMLW
9387,2023-06-12,AEROPORT CDG2 TGV ROISSY,NON,9812,10:08,NORD,MARNE LA VALLEE CHESSY,JCNORDSUD,FRMLV,09:59,FRMLW
9388,2023-06-12,AIX EN PROVENCE TGV,NON,9868,18:47,NORD,MARNE LA VALLEE CHESSY,JCSUDNORD,FRMLV,15:24,FRAIE
9389,2023-06-12,AIX EN PROVENCE TGV,NON,9868,19:01,NORD,AEROPORT CDG2 TGV ROISSY,JCSUDNORD,FRMLW,15:24,FRAIE
9390,2023-06-12,AVIGNON TGV,NON,9868,16:53,NORD,LYON (intramuros),JCSUDNORD,FRLPD,15:46,FRAVG
9391,2023-06-12,AVIGNON TGV,NON,9868,19:01,NORD,AEROPORT CDG2 TGV ROISSY,JCSUDNORD,FRMLW,15:46,FRAVG
9392,2023-06-12,LYON (intramuros),NON,9868,18:47,NORD,MARNE LA VALLEE CHESSY,JCSUDNORD,FRMLV,17:00,FRLPD
9393,2023-06-12,MARSEILLE ST CHARLES,NON,9868,18:47,NORD,MARNE LA VALLEE CHESSY,JCSUDNORD,FRMLV,15:11,FRMSC
9394,2023-06-12,PARIS (intramuros),NON,8897,19:36,ATLANTIQUE,LE MANS,PARISLOIRE,FRAET,18:36,FRPMO
9395,2023-06-12,AGEN,OUI,4655,09:27,IC ARO,CARCASSONNE,TJOURSOSE,FRCCF,07:31,FRAGF
9396,2023-06-12,AGEN,OUI,4655,10:54,IC ARO,MONTPELLIER SAINT-ROCH,TJOURSOSE,FRMPL,07:31,FRAGF
9397,2023-06-12,CARCASSONNE,OUI,4655,10:15,IC ARO,BEZIERS,TJOURSOSE,FRBZR,09:29,FRCCF
9398,2023-06-12,MONTAUBAN VILLE BOURBON,OUI,4655,10:15,IC ARO,BEZIERS,TJOURSOSE,FRBZR,08:08,FRXMW
9399,2023-06-12,MONTAUBAN VILLE BOURBON,OUI,4655,10:54,IC ARO,MONTPELLIER SAINT-ROCH,TJOURSOSE,FRMPL,08:08,FRXMW
9400,2023-06-12,MONTAUBAN VILLE BOURBON,OUI,4655,09:58,IC ARO,NARBONNE,TJOURSOSE,FRXNA,08:08,FRXMW
9401,2023-06-12,TOULOUSE MATABIAU,OUI,4655,10:15,IC ARO,BEZIERS,TJOURSOSE,FRBZR,08:45,FRXYT
9402,2023-06-12,STRASBOURG,OUI,2584,06:21,EST,SARREBOURG,NANCYPA,FRSBG,05:41,FRAEG
9403,2023-06-12,MONTPELLIER SAINT-ROCH,NON,6036,21:18,SUD EST,PARIS (intramuros),LANGPA,FRPLY,17:50,FRMPL
9404,2023-06-12,VALENCE TGV RHONE-ALPES SUD,NON,6036,21:18,SUD EST,PARIS (intramuros),LANGPA,FRPLY,19:06,FRVLA
9405,2023-06-12,PAU,NON,14150,20:27,IC SRO,TOULOUSE MATABIAU,SUDOUEST,FRXYT,18:11,FRAEE
9406,2023-06-12,LOURDES,NON,14150,18:52,IC SRO,TARBES,SUDOUEST,FRXTB,18:39,FRLDE
9407,2023-06-12,BAYONNE,NON,14150,18:08,IC SRO,PAU,SUDOUEST,FRAEE,17:03,FRXBY
9408,2023-06-12,TARBES,NON,14150,19:34,IC SRO,ST GAUDENS,SUDOUEST,FRFPH,18:55,FRXTB
9409,2023-06-12,ANGOULEME,NON,12260,17:12,ATLANTIQUE,PARIS (intramuros),SUDOUESTPA,FRPMO,15:23,FRANG
9410,2023-06-12,BORDEAUX ST JEAN,NON,12260,15:20,ATLANTIQUE,ANGOULEME,SUDOUESTPA,FRANG,14:46,FRBOJ
9411,2023-06-12,ANGERS ST LAUD,NON,5482,10:20,EST,MASSY TGV,JCATLEST,FRDJU,08:48,FRACL
9412,2023-06-12,LE MANS,NON,5482,10:20,EST,MASSY TGV,JCATLEST,FRDJU,09:30,FRAET
9413,2023-06-12,MASSY TGV,NON,5482,10:55,EST,MARNE LA VALLEE CHESSY,JCATLEST,FRMLV,10:26,FRDJU
9414,2023-06-12,MARNE LA VALLEE CHESSY,NON,5482,13:12,EST,STRASBOURG,JCATLEST,FRAEG,11:00,FRMLV
9415,2023-06-12,MARNE LA VALLEE CHESSY,NON,5482,11:52,EST,CHAMPAGNE-ARDENNE,JCATLEST,FREAH,11:00,FRMLV
9416,2023-06-12,NANTES,NON,5482,13:12,EST,STRASBOURG,JCATLEST,FRAEG,08:09,FRNTE
9417,2023-06-12,NANTES,NON,5482,10:20,EST,MASSY TGV,JCATLEST,FRDJU,08:09,FRNTE
9418,2023-06-12,BORDEAUX ST JEAN,NON,8502,10:52,ATLANTIQUE,PARIS (intramuros),SUDOUESTPA,FRPMO,08:46,FRBOJ
9419,2023-06-12,MONTAUBAN VILLE BOURBON,NON,8502,08:40,ATLANTIQUE,BORDEAUX ST JEAN,SUDOUESTPA,FRBOJ,06:57,FRXMW
9420,2023-06-12,PARIS (intramuros),NON,6641,08:36,SUD EST,LYON (intramuros),PARISRHONE,FRLPE,06:24,FRPLY
9421,2023-06-12,ANGERS ST LAUD,NON,8874,15:25,ATLANTIQUE,PARIS (intramuros),LOIREPARIS,FRPMO,13:44,FRACL
9422,2023-06-12,NANTES,NON,8874,15:25,ATLANTIQUE,PARIS (intramuros),LOIREPARIS,FRPMO,13:05,FRNTE
9423,2023-06-12,LORRAINE TGV,NON,2465,22:25,EST,STRASBOURG,PASTRAMULH,FRAEG,21:49,FREAM
9424,2023-06-12,PARIS (intramuros),NON,2465,22:25,EST,STRASBOURG,PASTRAMULH,FRAEG,20:25,FRPST
9425,2023-06-12,PARIS (intramuros),NON,2465,21:46,EST,LORRAINE TGV,PASTRAMULH,FREAM,20:25,FRPST
9426,2023-06-12,AIX EN PROVENCE TGV,NON,6136,06:38,SUD EST,AVIGNON TGV,PROVENCEPA,FRAVG,06:18,FRAIE
9427,2023-06-12,MULHOUSE VILLE,NON,6702,09:02,SUD EST,DIJON VILLE,BOURPA,FRABA,07:46,FRAEK
9428,2023-06-12,MULHOUSE VILLE,NON,6702,08:08,SUD EST,BELFORT-MONTBELIARD TGV,BOURPA,FRTJA,07:46,FRAEK
9429,2023-06-12,ST MAIXENT DEUX SEVRES,OUI,8391,20:58,ATLANTIQUE,SURGERES,PAROCHELLE,FREIP,20:21,FREJC
9430,2023-06-12,ST MAIXENT DEUX SEVRES,OUI,8391,21:21,ATLANTIQUE,LA ROCHELLE VILLE,PAROCHELLE,FRLRH,20:21,FREJC
9431,2023-06-12,POITIERS,OUI,8391,20:58,ATLANTIQUE,SURGERES,PAROCHELLE,FREIP,19:49,FRPIS
9432,2023-06-12,AIX EN PROVENCE TGV,NON,6120,17:30,SUD EST,PARIS (intramuros),PROVENCEPA,FRPLY,14:18,FRAIE
9433,2023-06-12,MARSEILLE ST CHARLES,OUI,6120,14:15,SUD EST,AIX EN PROVENCE TGV,PROVENCEPA,FRAIE,14:04,FRMSC
9434,2023-06-12,PARIS (intramuros),OUI,7165,11:41,NORD,ARRAS,PAARRAS,FRQRV,10:52,FRPNO
9435,2023-06-12,PARIS (intramuros),OUI,7165,11:59,NORD,DOUAI,PAARRAS,FRXDN,10:52,FRPNO
9436,2023-06-12,PARIS (intramuros),OUI,8333,13:13,ATLANTIQUE,VENDOME VILLIERS SUR LOIR,PAROCHELLE,FRESL,12:28,FRPMO
9437,2023-06-12,PARIS (intramuros),OUI,8333,13:35,ATLANTIQUE,ST PIERRE DES CORPS,PAROCHELLE,FRXSH,12:28,FRPMO
9438,2023-06-12,ST PIERRE DES CORPS,OUI,8333,14:29,ATLANTIQUE,FUTUROSCOPE,PAROCHELLE,FRTGO,13:43,FRXSH
9439,2023-06-12,ST PIERRE DES CORPS,OUI,8333,14:11,ATLANTIQUE,CHATELLERAULT,PAROCHELLE,FRXCX,13:43,FRXSH
9440,2023-06-12,VENDOME VILLIERS SUR LOIR,OUI,8333,14:29,ATLANTIQUE,FUTUROSCOPE,PAROCHELLE,FRTGO,13:15,FRESL
9441,2023-06-12,ZUERICH HB,NON,9206,08:53,INTERNATIONAL,MULHOUSE VILLE,ZURBALPA,FRAEK,07:34,CHAJD
9442,2023-06-12,ZUERICH HB,NON,9206,11:38,INTERNATIONAL,PARIS (intramuros),ZURBALPA,FRPLY,07:34,CHAJD
9443,2023-06-12,BASEL SBB,NON,9206,08:53,INTERNATIONAL,MULHOUSE VILLE,ZURBALPA,FRAEK,08:34,CHAJP
9444,2023-06-12,LAVAL,NON,8739,21:59,ATLANTIQUE,LORIENT,PARISBRETA,FRLRT,19:58,FRACR
9445,2023-06-12,LAVAL,NON,8739,20:25,ATLANTIQUE,RENNES,PARISBRETA,FRRNS,19:58,FRACR
9446,2023-06-12,LAVAL,NON,8739,21:41,ATLANTIQUE,AURAY,PARISBRETA,FRXUY,19:58,FRACR
9447,2023-06-12,QUIMPERLE,OUI,8739,22:30,ATLANTIQUE,ROSPORDEN,PARISBRETA,FRRSP,22:16,FRECO
9448,2023-06-12,PARIS (intramuros),NON,8739,22:30,ATLANTIQUE,ROSPORDEN,PARISBRETA,FRRSP,18:40,FRPMO
9449,2023-06-12,PARIS (intramuros),NON,8739,22:45,ATLANTIQUE,QUIMPER,PARISBRETA,FRUIP,18:40,FRPMO
9450,2023-06-12,PARIS (intramuros),NON,8739,21:41,ATLANTIQUE,AURAY,PARISBRETA,FRXUY,18:40,FRPMO
9451,2023-06-12,RENNES,OUI,8739,21:59,ATLANTIQUE,LORIENT,PARISBRETA,FRLRT,20:29,FRRNS
9452,2023-06-12,RENNES,OUI,8739,21:03,ATLANTIQUE,REDON,PARISBRETA,FRXRN,20:29,FRRNS
9453,2023-06-12,RENNES,OUI,8739,21:41,ATLANTIQUE,AURAY,PARISBRETA,FRXUY,20:29,FRRNS
9454,2023-06-12,VANNES,OUI,8739,21:59,ATLANTIQUE,LORIENT,PARISBRETA,FRLRT,21:31,FRVNE
9455,2023-06-12,SARREBRUCK/SAARBRUECKEN,NON,9553,16:59,INTERNATIONAL,FRANKFURT MAIN HBF,PAFRANC,DEFRH,14:59,DESBK
9456,2023-06-12,SARREBRUCK/SAARBRUECKEN,NON,9553,15:35,INTERNATIONAL,KAISERSLAUTERN HBF,PAFRANC,DEKLT,14:59,DESBK
9457,2023-06-12,PARIS (intramuros),NON,9553,16:17,INTERNATIONAL,MANNHEIM HBF,PAFRANC,DEMHG,13:10,FRPST
9458,2023-06-12,PARIS (intramuros),NON,2801,09:16,EST,THIONVILLE,PAMETZLUX,FRXTH,07:28,FRPST
9459,2023-06-12,COLMAR,OUI,2356,10:31,EST,STRASBOURG,MULHSTRAPA,FRAEG,10:01,FRAEJ
9460,2023-06-12,BORDEAUX ST JEAN,OUI,4669,22:55,IC ARO,MONTPELLIER SAINT-ROCH,TJOURSOSE,FRMPL,18:28,FRBOJ
9461,2023-06-12,CARCASSONNE,OUI,4669,22:39,IC ARO,SETE,TJOURSOSE,FRXSY,21:34,FRCCF
9462,2023-06-12,MONTPELLIER SAINT-ROCH,OUI,4669,23:23,IC ARO,NIMES,TJOURSOSE,FRFNI,22:59,FRMPL
9463,2023-06-12,MONTAUBAN VILLE BOURBON,OUI,4669,21:32,IC ARO,CARCASSONNE,TJOURSOSE,FRCCF,20:11,FRXMW
9464,2023-06-12,MONTAUBAN VILLE BOURBON,OUI,4669,23:23,IC ARO,NIMES,TJOURSOSE,FRFNI,20:11,FRXMW
9465,2023-06-12,MONTAUBAN VILLE BOURBON,OUI,4669,22:02,IC ARO,NARBONNE,TJOURSOSE,FRXNA,20:11,FRXMW
9466,2023-06-12,SETE,OUI,4669,22:55,IC ARO,MONTPELLIER SAINT-ROCH,TJOURSOSE,FRMPL,22:41,FRXSY
9467,2023-06-12,TOULOUSE MATABIAU,OUI,4669,21:32,IC ARO,CARCASSONNE,TJOURSOSE,FRCCF,20:50,FRXYT
9468,2023-06-12,TOULOUSE MATABIAU,OUI,4669,22:55,IC ARO,MONTPELLIER SAINT-ROCH,TJOURSOSE,FRMPL,20:50,FRXYT
9469,2023-06-12,POITIERS,OUI,8491,20:34,ATLANTIQUE,ANGOULEME,PASUDOUEST,FRANG,19:54,FRPIS
9470,2023-06-12,PARIS (intramuros),OUI,8491,20:34,ATLANTIQUE,ANGOULEME,PASUDOUEST,FRANG,18:24,FRPMO
9471,2023-06-12,PARIS (intramuros),OUI,8491,19:45,ATLANTIQUE,POITIERS,PASUDOUEST,FRPIS,18:24,FRPMO
9472,2023-06-12,POITIERS,NON,8332,09:33,ATLANTIQUE,PARIS (intramuros),ROCHELLEPA,FRPMO,07:27,FRPIS
9473,2023-06-12,CHATELLERAULT,NON,8332,08:43,ATLANTIQUE,VENDOME VILLIERS SUR LOIR,ROCHELLEPA,FRESL,07:46,FRXCX
9474,2023-06-12,ST PIERRE DES CORPS,NON,8332,09:33,ATLANTIQUE,PARIS (intramuros),ROCHELLEPA,FRPMO,08:25,FRXSH
9475,2023-06-12,LYON (intramuros),OUI,6602,06:31,SUD EST,MACON LOCHE TGV,RHONEPARIS,FRMLT,05:50,FRLPE
9476,2023-06-12,LYON (intramuros),OUI,6602,06:53,SUD EST,LE CREUSOT MONTCEAU MONTCHANIN,RHONEPARIS,FRXCC,05:50,FRLPE
9477,2023-06-12,MACON LOCHE TGV,NON,6602,08:14,SUD EST,PARIS (intramuros),RHONEPARIS,FRPLY,06:34,FRMLT
9478,2023-06-12,DIJON VILLE,OUI,6741,09:19,SUD EST,BESANCON VIOTTE,PABOUR,FRABG,08:35,FRABA
9479,2023-06-12,DIJON VILLE,OUI,6741,09:05,SUD EST,BESANCON - F COMTE TGV,PABOUR,FRTJB,08:35,FRABA
9480,2023-06-12,MONTBARD,OUI,6741,09:05,SUD EST,BESANCON - F COMTE TGV,PABOUR,FRTJB,07:57,FRGWE
9481,2023-06-12,STRASBOURG,NON,9561,10:59,INTERNATIONAL,FRANKFURT MAIN HBF,PAFRANC,DEFRH,09:12,FRAEG
9482,2023-06-12,STRASBOURG,NON,9561,10:18,INTERNATIONAL,MANNHEIM HBF,PAFRANC,DEMHG,09:12,FRAEG
9483,2023-06-12,GUINGAMP,NON,8610,12:01,ATLANTIQUE,LAVAL,BRETAPARIS,FRACR,10:18,FRGGP
9484,2023-06-12,GUINGAMP,OUI,8610,10:45,ATLANTIQUE,LAMBALLE,BRETAPARIS,FRLAM,10:18,FRGGP
9485,2023-06-12,GUINGAMP,NON,8610,11:29,ATLANTIQUE,RENNES,BRETAPARIS,FRRNS,10:18,FRGGP
9486,2023-06-12,GUINGAMP,OUI,8610,10:33,ATLANTIQUE,ST BRIEUC,BRETAPARIS,FRSBK,10:18,FRGGP
9487,2023-06-12,MORLAIX,OUI,8610,10:16,ATLANTIQUE,GUINGAMP,BRETAPARIS,FRGGP,09:45,FRMXN
9488,2023-06-12,PLOUARET TREGOR,OUI,8610,10:16,ATLANTIQUE,GUINGAMP,BRETAPARIS,FRGGP,10:03,FRPLT
9489,2023-06-12,ST BRIEUC,NON,8610,12:01,ATLANTIQUE,LAVAL,BRETAPARIS,FRACR,10:36,FRSBK
9490,2023-06-12,ST BRIEUC,NON,8610,13:19,ATLANTIQUE,PARIS (intramuros),BRETAPARIS,FRPMO,10:36,FRSBK
9491,2023-06-12,LANDERNEAU,OUI,8610,10:45,ATLANTIQUE,LAMBALLE,BRETAPARIS,FRLAM,09:22,FRXLD
9492,2023-06-12,LANDERNEAU,NON,8610,12:01,ATLANTIQUE,LAVAL,BRETAPARIS,FRACR,09:22,FRXLD
9493,2023-06-12,SARREBRUCK/SAARBRUECKEN,NON,9551,12:17,INTERNATIONAL,MANNHEIM HBF,PAFRANC,DEMHG,10:58,DESBK
9494,2023-06-12,FORBACH,NON,9551,12:59,INTERNATIONAL,FRANKFURT MAIN HBF,PAFRANC,DEFRH,10:47,FRBQT
9495,2023-06-12,FORBACH,NON,9551,12:17,INTERNATIONAL,MANNHEIM HBF,PAFRANC,DEMHG,10:47,FRBQT
9496,2023-06-12,PARIS (intramuros),NON,9551,10:56,INTERNATIONAL,SARREBRUCK/SAARBRUECKEN,PAFRANC,DESBK,09:06,FRPST
9497,2023-06-12,NIMES,NON,6034,15:01,SUD EST,VALENCE TGV RHONE-ALPES SUD,LANGPA,FRVLA,14:15,FRFNI
9498,2023-06-12,MONTPELLIER SAINT-ROCH,NON,6034,15:01,SUD EST,VALENCE TGV RHONE-ALPES SUD,LANGPA,FRVLA,13:46,FRMPL
9499,2023-06-12,LILLE (intramuros),NON,7032,12:44,NORD,PARIS (intramuros),LILLEPA,FRPNO,11:42,FRADJ
9500,2023-06-12,TOURCOING,NON,7200,07:08,NORD,PARIS (intramuros),ARRASPA,FRPNO,05:21,FRADM
9501,2023-06-12,BOURGES,NON,4502,14:59,IC SRO,SAUMUR,JOURLYNNTE,FRACN,13:03,FRBOU
9502,2023-06-12,LYON (intramuros),NON,4502,15:21,IC SRO,ANGERS ST LAUD,JOURLYNNTE,FRACL,09:20,FRLPE
9503,2023-06-12,LYON (intramuros),NON,4502,13:01,IC SRO,BOURGES,JOURLYNNTE,FRBOU,09:20,FRLPE
9504,2023-06-12,LYON (intramuros),NON,4502,10:37,IC SRO,ROANNE,JOURLYNNTE,FRRNE,09:20,FRLPE
9505,2023-06-12,LYON (intramuros),NON,4502,11:17,IC SRO,ST GERMAIN DES FOSSES,JOURLYNNTE,FRSGF,09:20,FRLPE
9506,2023-06-12,LYON (intramuros),NON,4502,14:25,IC SRO,ST PIERRE DES CORPS,JOURLYNNTE,FRXSH,09:20,FRLPE
9507,2023-06-12,ROANNE,NON,4502,16:04,IC SRO,NANTES,JOURLYNNTE,FRNTE,10:40,FRRNE
9508,2023-06-12,ROANNE,NON,4502,11:44,IC SRO,MOULINS SUR ALLIER,JOURLYNNTE,FRXMU,10:40,FRRNE
9509,2023-06-12,ST GERMAIN DES FOSSES,NON,4502,14:59,IC SRO,SAUMUR,JOURLYNNTE,FRACN,11:19,FRSGF
9510,2023-06-12,ST GERMAIN DES FOSSES,NON,4502,13:01,IC SRO,BOURGES,JOURLYNNTE,FRBOU,11:19,FRSGF
9511,2023-06-12,MOULINS SUR ALLIER,NON,4502,14:25,IC SRO,ST PIERRE DES CORPS,JOURLYNNTE,FRXSH,11:46,FRXMU
9512,2023-06-12,VIERZON VILLE,NON,4502,16:04,IC SRO,NANTES,JOURLYNNTE,FRNTE,13:24,FRXVZ
9513,2023-06-12,NIORT,OUI,8393,22:02,ATLANTIQUE,SURGERES,PAROCHELLE,FREIP,21:44,FRNIT
9514,2023-06-12,ST PIERRE DES CORPS,OUI,8393,22:02,ATLANTIQUE,SURGERES,PAROCHELLE,FREIP,20:23,FRXSH
9515,2023-06-12,DIJON VILLE,NON,5500,18:44,EST,BELFORT-MONTBELIARD TGV,JCRHONRHIN,FRTJA,17:50,FRABA
9516,2023-06-12,COLMAR,OUI,5500,21:13,EST,METZ VILLE,JCRHONRHIN,FRADE,19:44,FRAEJ
9517,2023-06-12,NIMES,NON,5500,18:44,EST,BELFORT-MONTBELIARD TGV,JCRHONRHIN,FRTJA,14:21,FRFNI
9518,2023-06-12,LYON (intramuros),NON,5500,18:44,EST,BELFORT-MONTBELIARD TGV,JCRHONRHIN,FRTJA,16:04,FRLPD
9519,2023-06-12,MONTPELLIER SAINT-ROCH,NON,5500,17:40,EST,DIJON VILLE,JCRHONRHIN,FRABA,13:53,FRMPL
9520,2023-06-12,MONTPELLIER SAINT-ROCH,NON,5500,18:17,EST,BESANCON - F COMTE TGV,JCRHONRHIN,FRTJB,13:53,FRMPL
9521,2023-06-12,MONTPELLIER SAINT-ROCH,NON,5500,15:09,EST,VALENCE TGV RHONE-ALPES SUD,JCRHONRHIN,FRVLA,13:53,FRMPL
9522,2023-06-12,BELFORT-MONTBELIARD TGV,NON,5500,19:41,EST,COLMAR,JCRHONRHIN,FRAEJ,18:47,FRTJA
9523,2023-06-12,BESANCON - F COMTE TGV,NON,5500,21:13,EST,METZ VILLE,JCRHONRHIN,FRADE,18:22,FRTJB
9524,2023-06-12,MONTPELLIER SAINT-ROCH,NON,6200,09:18,SUD EST,PARIS (intramuros),LANGPA,FRPLY,05:48,FRMPL
9525,2023-06-12,QUIMPER,OUI,8704,08:25,ATLANTIQUE,RENNES,BRETAPARIS,FRRNS,06:26,FRUIP
9526,2023-06-12,VANNES,OUI,8704,08:25,ATLANTIQUE,RENNES,BRETAPARIS,FRRNS,07:27,FRVNE
9527,2023-06-12,LE MANS,NON,8860,07:33,ATLANTIQUE,PARIS (intramuros),LOIREPARIS,FRPMO,06:34,FRAET
9528,2023-06-12,NANTES,OUI,8860,05:45,ATLANTIQUE,ANGERS ST LAUD,LOIREPARIS,FRACL,05:09,FRNTE
9529,2023-06-12,NANTES,OUI,8860,06:08,ATLANTIQUE,SABLE SUR SARTHE,LOIREPARIS,FRSAB,05:09,FRNTE
9530,2023-06-12,SABLE SUR SARTHE,NON,8860,07:33,ATLANTIQUE,PARIS (intramuros),LOIREPARIS,FRPMO,06:10,FRSAB
9531,2023-06-12,ANGOULEME,NON,8488,18:25,ATLANTIQUE,CHATELLERAULT,SUDOUESTPA,FRXCX,17:26,FRANG
9532,2023-06-12,BORDEAUX ST JEAN,NON,8488,18:06,ATLANTIQUE,POITIERS,SUDOUESTPA,FRPIS,16:19,FRBOJ
9533,2023-06-12,BORDEAUX ST JEAN,NON,8488,18:25,ATLANTIQUE,CHATELLERAULT,SUDOUESTPA,FRXCX,16:19,FRBOJ
9534,2023-06-12,LIBOURNE,NON,8488,18:06,ATLANTIQUE,POITIERS,SUDOUESTPA,FRPIS,16:42,FRXLR
9535,2023-06-12,LIBOURNE,NON,8488,18:25,ATLANTIQUE,CHATELLERAULT,SUDOUESTPA,FRXCX,16:42,FRXLR
9536,2023-06-12,PARIS (intramuros),NON,8447,18:44,ATLANTIQUE,BORDEAUX ST JEAN,PASUDOUEST,FRBOJ,16:03,FRPMO
9537,2023-06-12,PARIS (intramuros),NON,8447,17:24,ATLANTIQUE,POITIERS,PASUDOUEST,FRPIS,16:03,FRPMO
9538,2023-06-12,KARLSRUHE HBF,NON,9577,21:36,INTERNATIONAL,MUENCHEN HBF,PASTUTMUN,DEBEG,18:27,DEQKA
9539,2023-06-12,KARLSRUHE HBF,NON,9577,19:04,INTERNATIONAL,STUTTGART HBF,PASTUTMUN,DESGT,18:27,DEQKA
9540,2023-06-12,PARIS (intramuros),NON,9577,21:04,INTERNATIONAL,AUGSBURG HBF,PASTUTMUN,DEAGB,15:55,FRPST
9541,2023-06-12,LYON (intramuros),NON,6632,22:00,SUD EST,PARIS (intramuros),RHONEPARIS,FRPLY,20:04,FRLPD
9542,2023-06-12,LES AUBRAIS ORLEANS,NON,3741,07:25,IC NUIT,LOURDES,PARPALOMBE,FRLDE,22:27,FRLAB
9543,2023-06-12,PARIS (intramuros),NON,3741,07:08,IC NUIT,TARBES,PARPALOMBE,FRXTB,21:13,FRPAZ
9544,2023-06-12,BRUXELLES MIDI BRUSSEL ZUID,NON,9832,16:58,NORD,MARNE LA VALLEE CHESSY,JCNORDBRET,FRMLV,15:03,BEBMI
9545,2023-06-12,LILLE (intramuros),NON,9832,18:29,NORD,LE MANS,JCNORDBRET,FRAET,15:52,FRLLE
9546,2023-06-12,LILLE (intramuros),NON,9832,16:58,NORD,MARNE LA VALLEE CHESSY,JCNORDBRET,FRMLV,15:52,FRLLE
9547,2023-06-12,MARNE LA VALLEE CHESSY,NON,9832,18:29,NORD,LE MANS,JCNORDBRET,FRAET,17:02,FRMLV
9548,2023-06-12,AEROPORT CDG2 TGV ROISSY,NON,9832,17:33,NORD,MASSY TGV,JCNORDBRET,FRDJU,16:49,FRMLW
9549,2023-06-12,AEROPORT CDG2 TGV ROISSY,NON,9832,16:58,NORD,MARNE LA VALLEE CHESSY,JCNORDBRET,FRMLV,16:49,FRMLW
9550,2023-06-12,BRUXELLES MIDI BRUSSEL ZUID,NON,9832,18:29,NORD,LE MANS,JCNORDBRET,FRAET,15:03,BEBMI
9551,2023-06-12,BRUXELLES MIDI BRUSSEL ZUID,NON,9832,19:09,NORD,ANGERS ST LAUD,JCNORDBRET,FRACL,15:03,BEBMI
9552,2023-06-12,BRUXELLES MIDI BRUSSEL ZUID,NON,9832,17:33,NORD,MASSY TGV,JCNORDBRET,FRDJU,15:03,BEBMI
9553,2023-06-12,ANGOULEME,OUI,8483,10:12,ATLANTIQUE,BORDEAUX ST JEAN,PASUDOUEST,FRBOJ,09:06,FRANG
9554,2023-06-12,POITIERS,OUI,8483,10:12,ATLANTIQUE,BORDEAUX ST JEAN,PASUDOUEST,FRBOJ,08:23,FRPIS
9555,2023-06-12,PARIS (intramuros),NON,8483,10:12,ATLANTIQUE,BORDEAUX ST JEAN,PASUDOUEST,FRBOJ,06:49,FRPMO
9556,2023-06-12,PARIS (intramuros),NON,8483,08:10,ATLANTIQUE,POITIERS,PASUDOUEST,FRPIS,06:49,FRPMO
9557,2023-06-12,LAMBALLE,OUI,8615,13:37,ATLANTIQUE,GUINGAMP,PARISBRETA,FRGGP,13:10,FRLAM
9558,2023-06-12,PLOUARET TREGOR,OUI,8615,14:12,ATLANTIQUE,MORLAIX,PARISBRETA,FRMXN,13:56,FRPLT
9559,2023-06-12,PARIS (intramuros),NON,8615,14:47,ATLANTIQUE,BREST,PARISBRETA,FRBES,10:53,FRPMO
9560,2023-06-12,RENNES,NON,8615,13:37,ATLANTIQUE,GUINGAMP,PARISBRETA,FRGGP,12:32,FRRNS
9561,2023-06-12,ST BRIEUC,OUI,8615,13:53,ATLANTIQUE,PLOUARET TREGOR,PARISBRETA,FRPLT,13:23,FRSBK
9562,2023-06-12,MARNE LA VALLEE CHESSY,NON,5210,09:34,NORD,MASSY TGV,JCNORDBRET,FRDJU,09:02,FRMLV
9563,2023-06-12,AEROPORT CDG2 TGV ROISSY,NON,5210,11:17,NORD,RENNES,JCNORDBRET,FRRNS,08:48,FRMLW
9564,2023-06-12,LYON (intramuros),NON,6694,15:00,SUD EST,PARIS (intramuros),RHONEPARIS,FRPLY,13:04,FRLPD
9565,2023-06-12,PARIS (intramuros),OUI,8651,21:25,ATLANTIQUE,RENNES,PARISBRETA,FRRNS,19:54,FRPMO
9566,2023-06-12,PARIS (intramuros),OUI,6925,21:13,SUD EST,GRENOBLE,PAGRENOBLE,FRGNB,18:12,FRPLY
9567,2023-06-12,LE MANS,OUI,8603,10:38,ATLANTIQUE,GUINGAMP,PARISBRETA,FRGGP,08:37,FRAET
9568,2023-06-12,MASSY TGV,OUI,8603,10:08,ATLANTIQUE,LAMBALLE,PARISBRETA,FRLAM,07:44,FRDJU
9569,2023-06-12,PARIS (intramuros),OUI,8603,11:42,ATLANTIQUE,BREST,PARISBRETA,FRBES,07:32,FRPMO
9570,2023-06-12,PARIS (intramuros),OUI,8603,07:41,ATLANTIQUE,MASSY TGV,PARISBRETA,FRDJU,07:32,FRPMO
9571,2023-06-12,PARIS (intramuros),OUI,8603,10:38,ATLANTIQUE,GUINGAMP,PARISBRETA,FRGGP,07:32,FRPMO
9572,2023-06-12,RENNES,OUI,8603,10:08,ATLANTIQUE,LAMBALLE,PARISBRETA,FRLAM,09:32,FRRNS
9573,2023-06-12,RENNES,OUI,8603,11:07,ATLANTIQUE,MORLAIX,PARISBRETA,FRMXN,09:32,FRRNS
9574,2023-06-12,NEVERS,NON,5963,17:35,IC ARO,CLERMONT FERRAND,PACLERMONT,FRCFE,15:59,FRNVS
9575,2023-06-12,PARIS (intramuros),NON,5963,17:01,IC ARO,VICHY,PACLERMONT,FRVHY,14:00,FRPBE
9576,2023-06-12,RIOM CHATEL GUYON,OUI,5963,17:35,IC ARO,CLERMONT FERRAND,PACLERMONT,FRCFE,17:25,FRRIO
9577,2023-06-12,MOULINS SUR ALLIER,NON,5963,17:01,IC ARO,VICHY,PACLERMONT,FRVHY,16:30,FRXMU
9578,2023-06-12,GRENOBLE,NON,6924,21:46,SUD EST,PARIS (intramuros),GRENOBLEPA,FRPLY,18:46,FRGNB
9579,2023-06-12,PARIS (intramuros),NON,3755,06:09,IC NUIT,VIVIEZ DECAZEVILLE,PAVERMEIL,FRVZD,19:36,FRPAZ
9580,2023-06-12,TOULOUSE MATABIAU,NON,8508,14:52,ATLANTIQUE,PARIS (intramuros),SUDOUESTPA,FRPMO,10:35,FRXYT
9581,2023-06-12,MODANE,NON,9241,13:49,INTERNATIONAL,MILANO P GARIBALDI,PAITALIE,ITMPG,10:55,FRAGR
9582,2023-06-12,MACON LOCHE TGV,NON,9241,10:52,INTERNATIONAL,MODANE,PAITALIE,FRAGR,08:20,FRMLT
9583,2023-06-12,MACON LOCHE TGV,NON,9241,13:49,INTERNATIONAL,MILANO P GARIBALDI,PAITALIE,ITMPG,08:20,FRMLT
9584,2023-06-12,MACON LOCHE TGV,NON,9241,12:23,INTERNATIONAL,TORINO PORTA SUSA,PAITALIE,ITTRS,08:20,FRMLT
9585,2023-06-12,RENNES,NON,8706,10:01,ATLANTIQUE,LAVAL,BRETAPARIS,FRACR,09:35,FRRNS
9586,2023-06-12,QUIMPER,NON,8706,11:19,ATLANTIQUE,PARIS (intramuros),BRETAPARIS,FRPMO,07:21,FRUIP
9587,2023-06-12,QUIMPER,OUI,8706,08:24,ATLANTIQUE,VANNES,BRETAPARIS,FRVNE,07:21,FRUIP
9588,2023-06-12,VANNES,OUI,8706,09:25,ATLANTIQUE,RENNES,BRETAPARIS,FRRNS,08:27,FRVNE
9589,2023-06-12,METZ VILLE,OUI,2815,12:28,EST,THIONVILLE,PAMETZLUX,FRXTH,12:10,FRADE
9590,2023-06-12,PARIS (intramuros),NON,6709,19:46,SUD EST,BELFORT-MONTBELIARD TGV,PABOUR,FRTJA,17:16,FRPLY
9591,2023-06-12,BELFORT-MONTBELIARD TGV,NON,6709,20:12,SUD EST,MULHOUSE VILLE,PABOUR,FRAEK,19:49,FRTJA
9592,2023-06-12,BESANCON - F COMTE TGV,NON,6709,20:12,SUD EST,MULHOUSE VILLE,PABOUR,FRAEK,19:25,FRTJB
9593,2023-06-12,BESANCON - F COMTE TGV,NON,6709,19:46,SUD EST,BELFORT-MONTBELIARD TGV,PABOUR,FRTJA,19:25,FRTJB
9594,2023-06-12,PARIS (intramuros),NON,2363,09:42,EST,COLMAR,PASTRAMULH,FRAEJ,07:20,FRPST
9595,2023-06-12,AVIGNON TGV,NON,5066,13:54,NORD,LYON (intramuros),JCSUDNORD,FRLPD,12:48,FRAVG
9596,2023-06-12,AVIGNON TGV,NON,5066,15:46,NORD,MARNE LA VALLEE CHESSY,JCSUDNORD,FRMLV,12:48,FRAVG
9597,2023-06-12,LYON (intramuros),NON,5066,16:57,NORD,LILLE (intramuros),JCSUDNORD,FRLLE,14:00,FRLPD
9598,2023-06-12,MARSEILLE ST CHARLES,NON,5066,15:46,NORD,MARNE LA VALLEE CHESSY,JCSUDNORD,FRMLV,12:12,FRMSC
9599,2023-06-12,LE MANS,NON,8875,14:52,ATLANTIQUE,SABLE SUR SARTHE,PARISLOIRE,FRSAB,14:32,FRAET
9600,2023-06-12,SABLE SUR SARTHE,NON,8875,15:14,ATLANTIQUE,ANGERS ST LAUD,PARISLOIRE,FRACL,14:54,FRSAB
9601,2023-06-12,AVIGNON TGV,NON,9882,20:47,NORD,MARNE LA VALLEE CHESSY,JCSUDNORD,FRMLV,17:45,FRAVG
9602,2023-06-12,LILLE (intramuros),OUI,9882,22:43,NORD,BRUXELLES MIDI BRUSSEL ZUID,JCSUDNORD,BEBMI,22:08,FRLLE
9603,2023-06-12,MARNE LA VALLEE CHESSY,OUI,9882,21:57,NORD,LILLE (intramuros),JCSUDNORD,FRLLE,20:51,FRMLV
9604,2023-06-12,MARNE LA VALLEE CHESSY,OUI,9882,21:01,NORD,AEROPORT CDG2 TGV ROISSY,JCSUDNORD,FRMLW,20:51,FRMLV
9605,2023-06-12,MARSEILLE ST CHARLES,NON,9882,22:43,NORD,BRUXELLES MIDI BRUSSEL ZUID,JCSUDNORD,BEBMI,17:08,FRMSC
9606,2023-06-12,LIBOURNE,OUI,8480,06:22,ATLANTIQUE,ANGOULEME,SUDOUESTPA,FRANG,05:42,FRXLR
9607,2023-06-12,NANTES,NON,8904,14:09,ATLANTIQUE,PARIS (intramuros),LOIREPARIS,FRPMO,12:09,FRNTE
9608,2023-06-12,ARVANT,NON,15941,14:08,IC SRO,MASSIAC BLESLE,NORESTJOU,FRHMY,13:49,FRARV
9609,2023-06-12,BRASSAC LES MINES STE FLORINE,NON,15941,14:08,IC SRO,MASSIAC BLESLE,NORESTJOU,FRHMY,13:43,FRHLE
9610,2023-06-12,PARIS (intramuros),OUI,6715,23:20,SUD EST,MULHOUSE VILLE,PABOUR,FRAEK,20:20,FRPLY
9611,2023-06-12,PARIS (intramuros),OUI,6715,22:28,SUD EST,BESANCON - F COMTE TGV,PABOUR,FRTJB,20:20,FRPLY
9612,2023-06-12,BESANCON - F COMTE TGV,OUI,6715,23:20,SUD EST,MULHOUSE VILLE,PABOUR,FRAEK,22:31,FRTJB
9613,2023-06-12,BESANCON - F COMTE TGV,OUI,6715,22:52,SUD EST,BELFORT-MONTBELIARD TGV,PABOUR,FRTJA,22:31,FRTJB
9614,2023-06-12,NEVERS,OUI,5951,10:00,IC ARO,VICHY,PACLERMONT,FRVHY,08:59,FRNVS
9615,2023-06-12,MOULINS SUR ALLIER,OUI,5951,10:34,IC ARO,CLERMONT FERRAND,PACLERMONT,FRCFE,09:30,FRXMU
9616,2023-06-12,SURGERES,OUI,8370,06:34,ATLANTIQUE,ST MAIXENT DEUX SEVRES,ROCHELLEPA,FREJC,06:00,FREIP
9617,2023-06-12,SURGERES,NON,8370,07:08,ATLANTIQUE,POITIERS,ROCHELLEPA,FRPIS,06:00,FREIP
9618,2023-06-12,NIORT,OUI,8370,06:34,ATLANTIQUE,ST MAIXENT DEUX SEVRES,ROCHELLEPA,FREJC,06:21,FRNIT
9619,2023-06-12,BOURG EN BRESSE,NON,9761,08:59,INTERNATIONAL,BELLEGARDE,PAGENEVE,FRXBF,08:12,FRXBK
9620,2023-06-12,AGEN,NON,4661,18:35,IC ARO,MARSEILLE ST CHARLES,TJOURSOSE,FRMSC,13:32,FRAGF
9621,2023-06-12,AGEN,NON,4661,14:07,IC ARO,MONTAUBAN VILLE BOURBON,TJOURSOSE,FRXMW,13:32,FRAGF
9622,2023-06-12,BORDEAUX ST JEAN,NON,4661,15:56,IC ARO,NARBONNE,TJOURSOSE,FRXNA,12:28,FRBOJ
9623,2023-06-12,MONTAUBAN VILLE BOURBON,NON,4661,14:40,IC ARO,TOULOUSE MATABIAU,TJOURSOSE,FRXYT,14:09,FRXMW
9624,2023-06-12,NARBONNE,NON,4661,16:12,IC ARO,BEZIERS,TJOURSOSE,FRBZR,15:59,FRXNA
9625,2023-06-12,NARBONNE,NON,4661,16:50,IC ARO,MONTPELLIER SAINT-ROCH,TJOURSOSE,FRMPL,15:59,FRXNA
9626,2023-06-12,LENS,NON,7304,08:08,NORD,PARIS (intramuros),ARRASPA,FRPNO,06:57,FRXLE
9627,2023-06-12,MONTDAUPHIN GUILLESTRE,NON,5790,07:57,IC NUIT,PARIS (intramuros),BRIANCONPA,FRPAZ,20:33,FRIGZ
9628,2023-06-12,ST PIERRE DES CORPS,NON,8320,20:12,ATLANTIQUE,PARIS (intramuros),ROCHELLEPA,FRPMO,19:04,FRXSH
9629,2023-06-12,NARBONNE,OUI,6871,09:12,SUD EST,BEZIERS,JCSUDPROV,FRBZR,08:59,FRXNA
9630,2023-06-12,NARBONNE,OUI,6871,09:36,SUD EST,SETE,JCSUDPROV,FRXSY,08:59,FRXNA
9631,2023-06-12,SETE,NON,6871,11:50,SUD EST,LYON (intramuros),JCSUDPROV,FRLPD,09:39,FRXSY
9632,2023-06-12,SETE,NON,6871,11:07,SUD EST,VALENCE TGV RHONE-ALPES SUD,JCSUDPROV,FRVLA,09:39,FRXSY
9633,2023-06-12,TOULOUSE MATABIAU,NON,6871,11:50,SUD EST,LYON (intramuros),JCSUDPROV,FRLPD,07:43,FRXYT
9634,2023-06-12,TOULOUSE MATABIAU,OUI,6871,09:36,SUD EST,SETE,JCSUDPROV,FRXSY,07:43,FRXYT
9635,2023-06-12,NARBONNE,NON,6871,09:55,SUD EST,MONTPELLIER SUD DE FRANCE,JCSUDPROV,FRSUF,08:59,FRXNA
9636,2023-06-12,BEZIERS,NON,6871,09:55,SUD EST,MONTPELLIER SUD DE FRANCE,JCSUDPROV,FRSUF,09:15,FRBZR
9637,2023-06-12,BEZIERS,NON,6871,10:24,SUD EST,NIMES PONT DU GARD,JCSUDPROV,FRXZP,09:15,FRBZR
9638,2023-06-12,SETE,NON,6871,10:24,SUD EST,NIMES PONT DU GARD,JCSUDPROV,FRXZP,09:39,FRXSY
9639,2023-06-12,BEZIERS,NON,9708,14:11,SUD EST,NIMES,BARCELONEPA,FRFNI,12:58,FRBZR
9640,2023-06-12,BEZIERS,NON,9708,17:18,SUD EST,PARIS (intramuros),BARCELONEPA,FRPLY,12:58,FRBZR
9641,2023-06-12,NIMES,NON,9708,17:18,SUD EST,PARIS (intramuros),BARCELONEPA,FRPLY,14:15,FRFNI
9642,2023-06-12,MONTPELLIER SAINT-ROCH,NON,9708,14:11,SUD EST,NIMES,BARCELONEPA,FRFNI,13:46,FRMPL
9643,2023-06-12,PERPIGNAN,NON,9708,12:55,SUD EST,BEZIERS,BARCELONEPA,FRBZR,12:04,FRPGF
9644,2023-06-12,PERPIGNAN,NON,9708,13:24,SUD EST,SETE,BARCELONEPA,FRXSY,12:04,FRPGF
9645,2023-06-12,VALENCE TGV RHONE-ALPES SUD,NON,9708,17:18,SUD EST,PARIS (intramuros),BARCELONEPA,FRPLY,15:04,FRVLA
9646,2023-06-12,SETE,NON,9708,17:18,SUD EST,PARIS (intramuros),BARCELONEPA,FRPLY,13:27,FRXSY
9647,2023-06-12,BARCELONA SANTS,NON,9708,12:39,SUD EST,NARBONNE,BARCELONEPA,FRXNA,10:33,ESBST
9648,2023-06-12,BARCELONA SANTS,NON,9708,15:01,SUD EST,VALENCE TGV RHONE-ALPES SUD,BARCELONEPA,FRVLA,10:33,ESBST
9649,2023-06-12,BARCELONA SANTS,NON,9708,14:11,SUD EST,NIMES,BARCELONEPA,FRFNI,10:33,ESBST
9650,2023-06-12,GIRONA,NON,9708,15:01,SUD EST,VALENCE TGV RHONE-ALPES SUD,BARCELONEPA,FRVLA,11:14,ESGRO
9651,2023-06-12,GIRONA,NON,9708,13:09,SUD EST,AGDE,BARCELONEPA,FRXAG,11:14,ESGRO
9652,2023-06-12,BARCELONA SANTS,NON,9708,13:24,SUD EST,SETE,BARCELONEPA,FRXSY,10:33,ESBST
9653,2023-06-12,FIGUERES VILA TGV,NON,9708,15:01,SUD EST,VALENCE TGV RHONE-ALPES SUD,BARCELONEPA,FRVLA,11:31,ESFIR
9654,2023-06-12,FIGUERES VILA TGV,NON,9708,13:24,SUD EST,SETE,BARCELONEPA,FRXSY,11:31,ESFIR
9655,2023-06-12,FIGUERES VILA TGV,NON,9708,13:09,SUD EST,AGDE,BARCELONEPA,FRXAG,11:31,ESFIR
9656,2023-06-12,TOULON,OUI,6155,13:40,SUD EST,HYERES,PAAZUR,FRXHE,13:24,FRTLN
9657,2023-06-12,AVIGNON CENTRE,OUI,6193,16:16,SUD EST,ARLES,PAVDR,FRHZA,15:59,FRAES
9658,2023-06-12,LYON-SAINT EXUPERY TGV,NON,6193,16:16,SUD EST,ARLES,PAVDR,FRHZA,14:11,FRJDQ
9659,2023-06-12,LYON-SAINT EXUPERY TGV,NON,6193,14:46,SUD EST,VALENCE VILLE,PAVDR,FRVAF,14:11,FRJDQ
9660,2023-06-12,VALENCE VILLE,OUI,6193,16:37,SUD EST,MIRAMAS,PAVDR,FRMAZ,14:49,FRVAF
9661,2023-06-12,MONTELIMAR GARE SNCF,OUI,6193,15:56,SUD EST,AVIGNON CENTRE,PAVDR,FRAES,15:12,FRXMK
9662,2023-06-12,MONTELIMAR GARE SNCF,OUI,6193,16:16,SUD EST,ARLES,PAVDR,FRHZA,15:12,FRXMK
9663,2023-06-12,MONTELIMAR GARE SNCF,OUI,6193,16:37,SUD EST,MIRAMAS,PAVDR,FRMAZ,15:12,FRXMK
9664,2023-06-12,ORANGE,OUI,6193,15:56,SUD EST,AVIGNON CENTRE,PAVDR,FRAES,15:41,FRXOG
9665,2023-06-12,PARIS (intramuros),NON,9591,19:54,EST,LAHR SCHWARZW,PASTRAMULH,DEANL,17:25,FRPST
9666,2023-06-12,STRASBOURG,NON,5488,21:40,EST,ANGERS ST LAUD,JCESTATL,FRACL,17:01,FRAEG
9667,2023-06-12,STRASBOURG,NON,5488,21:00,EST,LE MANS,JCESTATL,FRAET,17:01,FRAEG
9668,2023-06-12,STRASBOURG,NON,5488,22:19,EST,NANTES,JCESTATL,FRNTE,17:01,FRAEG
9669,2023-06-12,LE MANS,OUI,5488,21:40,EST,ANGERS ST LAUD,JCESTATL,FRACL,21:03,FRAET
9670,2023-06-12,CHAMPAGNE-ARDENNE,NON,5488,21:40,EST,ANGERS ST LAUD,JCESTATL,FRACL,18:35,FREAH
9671,2023-06-12,CHAMPAGNE-ARDENNE,NON,5488,20:04,EST,MASSY TGV,JCESTATL,FRDJU,18:35,FREAH
9672,2023-06-12,LORRAINE TGV,NON,5488,20:04,EST,MASSY TGV,JCESTATL,FRDJU,17:42,FREAM
9673,2023-06-12,LORRAINE TGV,OUI,5488,18:32,EST,CHAMPAGNE-ARDENNE,JCESTATL,FREAH,17:42,FREAM
9674,2023-06-12,AEROPORT CDG2 TGV ROISSY,NON,5488,20:04,EST,MASSY TGV,JCESTATL,FRDJU,19:21,FRMLW
9675,2023-06-12,MEUSE TGV,NON,5488,21:00,EST,LE MANS,JCESTATL,FRAET,18:09,FREAJ
9676,2023-06-12,BORDEAUX ST JEAN,NON,8574,18:30,ATLANTIQUE,PAU,PASUDOUEST,FRAEE,16:20,FRBOJ
9677,2023-06-12,BORDEAUX ST JEAN,NON,8574,18:07,ATLANTIQUE,ORTHEZ,PASUDOUEST,FRGFI,16:20,FRBOJ
9678,2023-06-12,ORTHEZ,OUI,8574,18:58,ATLANTIQUE,LOURDES,PASUDOUEST,FRLDE,18:09,FRGFI
9679,2023-06-12,ORTHEZ,OUI,8574,19:23,ATLANTIQUE,TARBES,PASUDOUEST,FRXTB,18:09,FRGFI
9680,2023-06-12,ST BRIEUC,OUI,8634,17:29,ATLANTIQUE,RENNES,BRETAPARIS,FRRNS,16:41,FRSBK
9681,2023-06-12,DUNKERQUE,OUI,7330,18:08,NORD,PARIS (intramuros),ARRASPA,FRPNO,15:56,FRADI
9682,2023-06-12,LENS,OUI,7330,18:08,NORD,PARIS (intramuros),ARRASPA,FRPNO,16:57,FRXLE
9683,2023-06-12,PARIS (intramuros),OUI,2507,11:44,EST,NANCY,PANANCY,FRENC,10:12,FRPST
9684,2023-06-12,LA ROCHELLE VILLE,NON,3835,18:32,IC SRO,SAINTES,NANTEBORDO,FRXST,17:43,FRLRH
9685,2023-06-12,NANTES,NON,3835,18:03,IC SRO,ROCHEFORT,NANTEBORDO,FRRCO,15:55,FRNTE
9686,2023-06-12,LA ROCHE SUR YON,NON,3835,19:10,IC SRO,JONZAC,NANTEBORDO,FREMR,16:36,FRXRO
9687,2023-06-12,LA ROCHE SUR YON,NON,3835,16:58,IC SRO,LUCON,NANTEBORDO,FRLCN,16:36,FRXRO
9688,2023-06-12,SAINTES,NON,3835,20:11,IC SRO,BORDEAUX ST JEAN,NANTEBORDO,FRBOJ,18:34,FRXST
9689,2023-06-12,LA ROCHE SUR YON,OUI,8970,06:54,ATLANTIQUE,NANTES,LOIREPARIS,FRNTE,06:10,FRXRO
9690,2023-06-12,ANGERS ST LAUD,OUI,9886,07:24,NORD,LE MANS,JCBRETNORD,FRAET,06:41,FRACL
9691,2023-06-12,ANGERS ST LAUD,NON,9886,08:57,NORD,MARNE LA VALLEE CHESSY,JCBRETNORD,FRMLV,06:41,FRACL
9692,2023-06-12,LE MANS,NON,9886,10:17,NORD,LILLE (intramuros),JCBRETNORD,FRLLE,07:30,FRAET
9693,2023-06-12,LE MANS,NON,9886,09:10,NORD,AEROPORT CDG2 TGV ROISSY,JCBRETNORD,FRMLW,07:30,FRAET
9694,2023-06-12,MASSY TGV,NON,9886,10:17,NORD,LILLE (intramuros),JCBRETNORD,FRLLE,08:26,FRDJU
9695,2023-06-12,MARNE LA VALLEE CHESSY,NON,9886,09:10,NORD,AEROPORT CDG2 TGV ROISSY,JCBRETNORD,FRMLW,09:01,FRMLV
9696,2023-06-12,MARNE LA VALLEE CHESSY,NON,9886,09:45,NORD,TGV HAUTE PICARDIE,JCBRETNORD,FRTHP,09:01,FRMLV
9697,2023-06-12,NANTES,OUI,9886,07:24,NORD,LE MANS,JCBRETNORD,FRAET,06:01,FRNTE
9698,2023-06-12,NANTES,NON,9886,08:57,NORD,MARNE LA VALLEE CHESSY,JCBRETNORD,FRMLV,06:01,FRNTE
9699,2023-06-12,NANTES,NON,9886,09:10,NORD,AEROPORT CDG2 TGV ROISSY,JCBRETNORD,FRMLW,06:01,FRNTE
9700,2023-06-12,TGV HAUTE PICARDIE,OUI,9886,11:01,NORD,BRUXELLES MIDI BRUSSEL ZUID,JCBRETNORD,BEBMI,09:50,FRTHP
9701,2023-06-12,MASSY TGV,NON,9886,11:01,NORD,BRUXELLES MIDI BRUSSEL ZUID,JCBRETNORD,BEBMI,08:26,FRDJU
9702,2023-06-12,MACON LOCHE TGV,OUI,6633,23:24,SUD EST,LYON (intramuros),PARISRHONE,FRLPE,22:41,FRMLT
9703,2023-06-12,PARIS (intramuros),OUI,6633,23:08,SUD EST,LYON (intramuros),PARISRHONE,FRLPD,20:58,FRPLY
9704,2023-06-12,PARIS (intramuros),OUI,6633,23:24,SUD EST,LYON (intramuros),PARISRHONE,FRLPE,20:58,FRPLY
9705,2023-06-12,PARIS (intramuros),OUI,6633,22:17,SUD EST,LE CREUSOT MONTCEAU MONTCHANIN,PARISRHONE,FRXCC,20:58,FRPLY
9706,2023-06-12,LE CREUSOT MONTCEAU MONTCHANIN,OUI,6633,22:38,SUD EST,MACON LOCHE TGV,PARISRHONE,FRMLT,22:20,FRXCC
9707,2023-06-12,LE MANS,OUI,8863,08:54,ATLANTIQUE,NANTES,PARISLOIRE,FRNTE,07:36,FRAET
9708,2023-06-12,PARIS (intramuros),OUI,8863,07:33,ATLANTIQUE,LE MANS,PARISLOIRE,FRAET,06:29,FRPMO
9709,2023-06-12,PARIS (intramuros),OUI,8863,06:38,ATLANTIQUE,MASSY TGV,PARISLOIRE,FRDJU,06:29,FRPMO
9710,2023-06-12,BOURG EN BRESSE,NON,9773,15:30,INTERNATIONAL,GENEVE,PAGENEVE,CHGVA,14:12,FRXBK
9711,2023-06-12,BOURG EN BRESSE,NON,9773,15:00,INTERNATIONAL,BELLEGARDE,PAGENEVE,FRXBF,14:12,FRXBK
9712,2023-06-12,LYON (intramuros),OUI,6619,17:10,SUD EST,LYON (intramuros),PARISRHONE,FRLPE,17:02,FRLPD
9713,2023-06-12,PARIS (intramuros),OUI,6619,16:56,SUD EST,LYON (intramuros),PARISRHONE,FRLPD,14:58,FRPLY
9714,2023-06-12,LAVAL,NON,8723,17:03,ATLANTIQUE,REDON,PARISBRETA,FRXRN,16:00,FRACR
9715,2023-06-12,QUIMPERLE,OUI,8723,18:25,ATLANTIQUE,ROSPORDEN,PARISBRETA,FRRSP,18:11,FRECO
9716,2023-06-12,PARIS (intramuros),NON,8723,15:57,ATLANTIQUE,LAVAL,PARISBRETA,FRACR,14:41,FRPMO
9717,2023-06-12,PARIS (intramuros),NON,8723,17:55,ATLANTIQUE,LORIENT,PARISBRETA,FRLRT,14:41,FRPMO
9718,2023-06-12,RENNES,NON,8723,17:28,ATLANTIQUE,VANNES,PARISBRETA,FRVNE,16:29,FRRNS
9719,2023-06-12,REDON,NON,8723,18:25,ATLANTIQUE,ROSPORDEN,PARISBRETA,FRRSP,17:05,FRXRN
9720,2023-06-12,BEZIERS,NON,4766,22:31,IC ARO,AGEN,TJOURSESO,FRAGF,19:47,FRBZR
9721,2023-06-12,BEZIERS,NON,4766,20:34,IC ARO,CARCASSONNE,TJOURSESO,FRCCF,19:47,FRBZR
9722,2023-06-12,BEZIERS,NON,4766,20:02,IC ARO,NARBONNE,TJOURSESO,FRXNA,19:47,FRBZR
9723,2023-06-12,CARCASSONNE,NON,4766,23:37,IC ARO,BORDEAUX ST JEAN,TJOURSESO,FRBOJ,20:36,FRCCF
9724,2023-06-12,CARCASSONNE,NON,4766,21:54,IC ARO,MONTAUBAN VILLE BOURBON,TJOURSESO,FRXMW,20:36,FRCCF
9725,2023-06-12,NIMES,NON,4766,22:31,IC ARO,AGEN,TJOURSESO,FRAGF,18:41,FRFNI
9726,2023-06-12,NIMES,NON,4766,23:37,IC ARO,BORDEAUX ST JEAN,TJOURSESO,FRBOJ,18:41,FRFNI
9727,2023-06-12,NIMES,NON,4766,20:34,IC ARO,CARCASSONNE,TJOURSESO,FRCCF,18:41,FRFNI
9728,2023-06-12,NIMES,NON,4766,20:02,IC ARO,NARBONNE,TJOURSESO,FRXNA,18:41,FRFNI
9729,2023-06-12,NIMES,NON,4766,21:18,IC ARO,TOULOUSE MATABIAU,TJOURSESO,FRXYT,18:41,FRFNI
9730,2023-06-12,MARSEILLE ST CHARLES,NON,4766,20:34,IC ARO,CARCASSONNE,TJOURSESO,FRCCF,17:28,FRMSC
9731,2023-06-12,MONTAUBAN VILLE BOURBON,OUI,4766,23:37,IC ARO,BORDEAUX ST JEAN,TJOURSESO,FRBOJ,21:56,FRXMW
9732,2023-06-12,TOULOUSE MATABIAU,OUI,4766,23:37,IC ARO,BORDEAUX ST JEAN,TJOURSESO,FRBOJ,21:24,FRXYT
9733,2023-06-12,AVIGNON TGV,OUI,5124,23:38,NORD,AIX EN PROVENCE TGV,JCNORDSUD,FRAIE,23:17,FRAVG
9734,2023-06-12,AVIGNON TGV,OUI,5124,23:53,NORD,MARSEILLE ST CHARLES,JCNORDSUD,FRMSC,23:17,FRAVG
9735,2023-06-12,LILLE (intramuros),NON,5124,23:38,NORD,AIX EN PROVENCE TGV,JCNORDSUD,FRAIE,18:22,FRLLE
9736,2023-06-12,LYON (intramuros),OUI,5124,23:38,NORD,AIX EN PROVENCE TGV,JCNORDSUD,FRAIE,22:06,FRLPD
9737,2023-06-12,LYON (intramuros),OUI,5124,23:53,NORD,MARSEILLE ST CHARLES,JCNORDSUD,FRMSC,22:06,FRLPD
9738,2023-06-12,MARNE LA VALLEE CHESSY,NON,5124,23:38,NORD,AIX EN PROVENCE TGV,JCNORDSUD,FRAIE,20:13,FRMLV
9739,2023-06-12,MARNE LA VALLEE CHESSY,NON,5124,23:53,NORD,MARSEILLE ST CHARLES,JCNORDSUD,FRMSC,20:13,FRMLV
9740,2023-06-12,TGV HAUTE PICARDIE,NON,5124,23:38,NORD,AIX EN PROVENCE TGV,JCNORDSUD,FRAIE,19:15,FRTHP
9741,2023-06-12,STRASBOURG,NON,5470,10:58,EST,MEUSE TGV,JCESTATL,FREAJ,10:01,FRAEG
9742,2023-06-12,STRASBOURG,NON,5470,12:01,EST,AEROPORT CDG2 TGV ROISSY,JCESTATL,FRMLW,10:01,FRAEG
9743,2023-06-12,LE MANS,NON,5470,14:47,EST,RENNES,JCESTATL,FRRNS,14:02,FRAET
9744,2023-06-12,MASSY TGV,NON,5470,14:47,EST,RENNES,JCESTATL,FRRNS,13:10,FRDJU
9745,2023-06-12,CHAMPAGNE-ARDENNE,NON,5470,14:47,EST,RENNES,JCESTATL,FRRNS,11:28,FREAH
9746,2023-06-12,LORRAINE TGV,NON,5470,13:59,EST,LE MANS,JCESTATL,FRAET,10:40,FREAM
9747,2023-06-12,LORRAINE TGV,NON,5470,13:04,EST,MASSY TGV,JCESTATL,FRDJU,10:40,FREAM
9748,2023-06-12,LORRAINE TGV,NON,5470,11:25,EST,CHAMPAGNE-ARDENNE,JCESTATL,FREAH,10:40,FREAM
9749,2023-06-12,AEROPORT CDG2 TGV ROISSY,NON,5470,12:26,EST,MARNE LA VALLEE CHESSY,JCESTATL,FRMLV,12:16,FRMLW
9750,2023-06-12,PAU,OUI,8587,18:47,ATLANTIQUE,ORTHEZ,SUDOUESTPA,FRGFI,18:26,FRAEE
9751,2023-06-12,BORDEAUX ST JEAN,NON,8587,23:00,ATLANTIQUE,PARIS (intramuros),SUDOUESTPA,FRPMO,20:50,FRBOJ
9752,2023-06-12,TARBES,OUI,8587,17:49,ATLANTIQUE,LOURDES,SUDOUESTPA,FRLDE,17:35,FRXTB
9753,2023-06-12,PAU,OUI,8560,08:16,ATLANTIQUE,DAX,SUDOUESTPA,FRACG,07:25,FRAEE
9754,2023-06-12,PAU,OUI,8560,07:45,ATLANTIQUE,ORTHEZ,SUDOUESTPA,FRGFI,07:25,FRAEE
9755,2023-06-12,PAU,NON,8560,11:52,ATLANTIQUE,PARIS (intramuros),SUDOUESTPA,FRPMO,07:25,FRAEE
9756,2023-06-12,ORTHEZ,OUI,8560,09:40,ATLANTIQUE,BORDEAUX ST JEAN,SUDOUESTPA,FRBOJ,07:48,FRGFI
9757,2023-06-12,LOURDES,OUI,8560,09:40,ATLANTIQUE,BORDEAUX ST JEAN,SUDOUESTPA,FRBOJ,06:57,FRLDE
9758,2023-06-12,TARBES,OUI,8560,07:22,ATLANTIQUE,PAU,SUDOUESTPA,FRAEE,06:40,FRXTB
9759,2023-06-12,CHAMBERY CHALLES LES EAUX,NON,6949,21:34,SUD EST,ANNECY,PARISALPES,FRNCY,20:52,FRCMF
9760,2023-06-12,PARIS (intramuros),NON,6949,19:17,SUD EST,MACON LOCHE TGV,PARISALPES,FRMLT,17:44,FRPLY
9761,2023-06-12,PARIS (intramuros),NON,8729,18:25,ATLANTIQUE,RENNES,PARISBRETA,FRRNS,16:53,FRPMO
9762,2023-06-12,PARIS (intramuros),NON,8729,20:33,ATLANTIQUE,QUIMPER,PARISBRETA,FRUIP,16:53,FRPMO
9763,2023-06-12,PARIS (intramuros),NON,8729,19:37,ATLANTIQUE,AURAY,PARISBRETA,FRXUY,16:53,FRPMO
9764,2023-06-12,RENNES,NON,8729,20:33,ATLANTIQUE,QUIMPER,PARISBRETA,FRUIP,18:29,FRRNS
9765,2023-06-12,VANNES,OUI,8729,20:33,ATLANTIQUE,QUIMPER,PARISBRETA,FRUIP,19:27,FRVNE
9766,2023-06-12,ZUERICH HB,NON,9226,17:58,INTERNATIONAL,DIJON VILLE,ZURBALPA,FRABA,15:34,CHAJD
9767,2023-06-12,BASEL SBB,NON,9226,17:58,INTERNATIONAL,DIJON VILLE,ZURBALPA,FRABA,16:34,CHAJP
9768,2023-06-12,BASEL SBB,NON,9226,16:53,INTERNATIONAL,MULHOUSE VILLE,ZURBALPA,FRAEK,16:34,CHAJP
9769,2023-06-12,LILLE (intramuros),OUI,9864,20:43,NORD,BRUXELLES MIDI BRUSSEL ZUID,JCSUDNORD,BEBMI,20:09,FRLLE
9770,2023-06-12,LYON (intramuros),NON,9864,20:43,NORD,BRUXELLES MIDI BRUSSEL ZUID,JCSUDNORD,BEBMI,17:00,FRLPD
9771,2023-06-12,AEROPORT CDG2 TGV ROISSY,NON,9864,20:43,NORD,BRUXELLES MIDI BRUSSEL ZUID,JCSUDNORD,BEBMI,19:07,FRMLW
9772,2023-06-12,MONTPELLIER SAINT-ROCH,NON,9864,19:01,NORD,AEROPORT CDG2 TGV ROISSY,JCSUDNORD,FRMLW,14:51,FRMPL
9773,2023-06-12,MONTPELLIER SAINT-ROCH,OUI,9864,16:05,NORD,VALENCE TGV RHONE-ALPES SUD,JCSUDNORD,FRVLA,14:51,FRMPL
9774,2023-06-12,VALENCE TGV RHONE-ALPES SUD,NON,9864,20:43,NORD,BRUXELLES MIDI BRUSSEL ZUID,JCSUDNORD,BEBMI,16:10,FRVLA
9775,2023-06-12,VALENCE VILLE,OUI,6191,10:09,SUD EST,MONTELIMAR GARE SNCF,PAVDR,FRXMK,09:49,FRVAF
9776,2023-06-12,MONTELIMAR GARE SNCF,OUI,6191,10:38,SUD EST,ORANGE,PAVDR,FRXOG,10:12,FRXMK
9777,2023-06-12,VERSAILLES CHANTIERS,NON,5316,20:31,SUD EST,LYON (intramuros),JCATLSUD,FRLPD,18:11,FRDHT
9778,2023-06-12,MASSY PALAISEAU,NON,5316,22:01,SUD EST,AVIGNON TGV,JCATLSUD,FRAVG,18:28,FRMPU
9779,2023-06-12,MASSY PALAISEAU,NON,5316,22:35,SUD EST,MARSEILLE ST CHARLES,JCATLSUD,FRMSC,18:28,FRMPU
9780,2023-06-12,MANTES LA JOLIE,NON,5316,22:35,SUD EST,MARSEILLE ST CHARLES,JCATLSUD,FRMSC,17:32,FRMTE
9781,2023-06-12,ROUEN RIVE DROITE,NON,5316,22:01,SUD EST,AVIGNON TGV,JCATLSUD,FRAVG,16:39,FRURD
9782,2023-06-12,ROUEN RIVE DROITE,NON,5316,20:31,SUD EST,LYON (intramuros),JCATLSUD,FRLPD,16:39,FRURD
9783,2023-06-12,GUINGAMP,OUI,8629,20:02,ATLANTIQUE,MORLAIX,PARISBRETA,FRMXN,19:36,FRGGP
9784,2023-06-12,PARIS (intramuros),NON,8629,18:25,ATLANTIQUE,RENNES,PARISBRETA,FRRNS,16:53,FRPMO
9785,2023-06-12,ST BRIEUC,OUI,8629,20:02,ATLANTIQUE,MORLAIX,PARISBRETA,FRMXN,19:19,FRSBK
9786,2023-06-12,LYON (intramuros),OUI,6821,08:37,SUD EST,MONTPELLIER SAINT-ROCH,JCPROVSUD,FRMPL,06:37,FRLPD
9787,2023-06-12,LYON (intramuros),OUI,6821,07:15,SUD EST,VALENCE TGV RHONE-ALPES SUD,JCPROVSUD,FRVLA,06:37,FRLPD
9788,2023-06-12,VALENCE TGV RHONE-ALPES SUD,OUI,6821,09:27,SUD EST,BEZIERS,JCPROVSUD,FRBZR,07:18,FRVLA
9789,2023-06-12,VALENCE TGV RHONE-ALPES SUD,OUI,6821,08:04,SUD EST,NIMES,JCPROVSUD,FRFNI,07:18,FRVLA
9790,2023-06-12,VALENCE TGV RHONE-ALPES SUD,OUI,6821,09:00,SUD EST,SETE,JCPROVSUD,FRXSY,07:18,FRVLA
9791,2023-06-12,SETE,OUI,6821,09:27,SUD EST,BEZIERS,JCPROVSUD,FRBZR,09:03,FRXSY
9792,2023-06-12,PARIS (intramuros),NON,6117,18:45,SUD EST,AIX EN PROVENCE TGV,PAPROVENCE,FRAIE,15:36,FRPLY
9793,2023-06-12,PARIS (intramuros),NON,6117,18:22,SUD EST,AVIGNON TGV,PAPROVENCE,FRAVG,15:36,FRPLY
9794,2023-06-12,AVIGNON TGV,OUI,6121,19:57,SUD EST,MARSEILLE ST CHARLES,PAPROVENCE,FRMSC,19:23,FRAVG
9795,2023-06-12,PARIS (intramuros),NON,6121,19:20,SUD EST,AVIGNON TGV,PAPROVENCE,FRAVG,16:36,FRPLY
9796,2023-06-12,UZERCHE,OUI,3684,20:07,IC ARO,CHATEAUROUX,TOULOUZECO,FRCHR,18:11,FRAAW
9797,2023-06-12,LIMOGES BENEDICTINS,OUI,3684,20:07,IC ARO,CHATEAUROUX,TOULOUZECO,FRCHR,18:51,FRAGQ
9798,2023-06-12,LIMOGES BENEDICTINS,OUI,3684,22:21,IC ARO,PARIS (intramuros),TOULOUZECO,FRPAZ,18:51,FRAGQ
9799,2023-06-12,BRIVE LA GAILLARDE,OUI,3684,19:26,IC ARO,LA SOUTERRAINE,TOULOUZECO,FRLST,17:45,FRBVE
9800,2023-06-12,LA SOUTERRAINE,OUI,3684,20:07,IC ARO,CHATEAUROUX,TOULOUZECO,FRCHR,19:28,FRLST
9801,2023-06-12,MARSEILLE ST CHARLES,NON,6866,19:23,SUD EST,AIX EN PROVENCE TGV,JCSUDPROV,FRAIE,19:11,FRMSC
9802,2023-06-12,TOULON,NON,6866,20:54,SUD EST,LYON (intramuros),JCSUDPROV,FRLPD,17:53,FRTLN
9803,2023-06-12,ST ETIENNE CHATEAUCREUX,OUI,6690,06:54,SUD EST,LYON (intramuros),RHONEPARIS,FRLPD,06:15,FRHHD
9804,2023-06-12,ST ETIENNE CHATEAUCREUX,NON,6690,09:06,SUD EST,PARIS (intramuros),RHONEPARIS,FRPLY,06:15,FRHHD
9805,2023-06-12,BORDEAUX ST JEAN,NON,3852,10:58,IC SRO,LUCON,BORDONANTE,FRLCN,07:53,FRBOJ
9806,2023-06-12,JONZAC,NON,3852,11:22,IC SRO,LA ROCHE SUR YON,BORDONANTE,FRXRO,08:41,FREMR
9807,2023-06-12,LA ROCHE SUR YON,NON,3852,12:05,IC SRO,NANTES,BORDONANTE,FRNTE,11:24,FRXRO
9808,2023-06-12,SAINTES,NON,3852,12:05,IC SRO,NANTES,BORDONANTE,FRNTE,09:25,FRXST
9809,2023-06-12,SAINTES,NON,3852,11:22,IC SRO,LA ROCHE SUR YON,BORDONANTE,FRXRO,09:25,FRXST
9810,2023-06-12,SAUMUR,NON,5306,14:24,SUD EST,ST PIERRE DES CORPS,JCATLSUD,FRXSH,13:50,FRACN
9811,2023-06-12,NANTES,OUI,5306,13:24,SUD EST,ANGERS ST LAUD,JCATLSUD,FRACL,12:44,FRNTE
9812,2023-06-12,NANTES,NON,5306,15:20,SUD EST,MASSY TGV,JCATLSUD,FRDJU,12:44,FRNTE
9813,2023-06-12,AVIGNON TGV,NON,6101,09:41,SUD EST,AIX EN PROVENCE TGV,PAPROVENCE,FRAIE,09:22,FRAVG
9814,2023-06-12,MASSY TGV,NON,5382,14:50,SUD EST,LE MANS,JCSUDATL,FRAET,13:56,FRDJU
9815,2023-06-12,LYON (intramuros),NON,5382,13:51,SUD EST,MASSY TGV,JCSUDATL,FRDJU,11:50,FRLPD
9816,2023-06-12,LYON (intramuros),NON,5382,14:50,SUD EST,LE MANS,JCSUDATL,FRAET,11:36,FRLPE
9817,2023-06-12,LYON (intramuros),NON,5382,13:51,SUD EST,MASSY TGV,JCSUDATL,FRDJU,11:36,FRLPE
9818,2023-06-12,VENDOME VILLIERS SUR LOIR,OUI,8319,19:35,ATLANTIQUE,ST PIERRE DES CORPS,PAROCHELLE,FRXSH,19:15,FRESL
9819,2023-06-12,KAISERSLAUTERN HBF,NON,9558,08:09,INTERNATIONAL,FORBACH,FRANCPA,FRBQT,07:22,DEKLT
9820,2023-06-12,KAISERSLAUTERN HBF,NON,9558,09:51,INTERNATIONAL,PARIS (intramuros),FRANCPA,FRPST,07:22,DEKLT
9821,2023-06-12,MANNHEIM HBF,NON,9558,09:51,INTERNATIONAL,PARIS (intramuros),FRANCPA,FRPST,06:40,DEMHG
9822,2023-06-12,SARREBRUCK/SAARBRUECKEN,NON,9558,09:51,INTERNATIONAL,PARIS (intramuros),FRANCPA,FRPST,08:01,DESBK
9823,2023-06-12,DIJON VILLE,NON,5514,09:00,EST,BELFORT-MONTBELIARD TGV,JCRHONRHIN,FRTJA,08:00,FRABA
9824,2023-06-12,LYON (intramuros),NON,5514,08:33,EST,BESANCON - F COMTE TGV,JCRHONRHIN,FRTJB,06:04,FRLPD
9825,2023-06-12,LYON (intramuros),NON,5514,09:32,EST,MULHOUSE VILLE,JCRHONRHIN,FRAEK,05:46,FRLPE
9826,2023-06-12,BELFORT-MONTBELIARD TGV,NON,5514,10:27,EST,STRASBOURG,JCRHONRHIN,FRAEG,09:05,FRTJA
9827,2023-06-12,BELFORT-MONTBELIARD TGV,NON,5514,09:32,EST,MULHOUSE VILLE,JCRHONRHIN,FRAEK,09:05,FRTJA
9828,2023-06-12,THIONVILLE,OUI,2872,18:20,EST,PARIS (intramuros),LUXMETZPA,FRPST,16:34,FRXTH
9829,2023-06-12,LUXEMBOURG,OUI,2872,16:31,EST,THIONVILLE,LUXMETZPA,FRXTH,16:10,LULUX
9830,2023-06-12,DAX,NON,8531,11:16,ATLANTIQUE,BIARRITZ,PASUDOUEST,FRBIQ,10:37,FRACG
9831,2023-06-12,BIARRITZ,OUI,8531,11:32,ATLANTIQUE,ST JEAN DE LUZ CIBOURE,PASUDOUEST,FRXJZ,11:19,FRBIQ
9832,2023-06-12,BORDEAUX ST JEAN,NON,8531,10:33,ATLANTIQUE,DAX,PASUDOUEST,FRACG,09:21,FRBOJ
9833,2023-06-12,BORDEAUX ST JEAN,NON,8531,11:05,ATLANTIQUE,BAYONNE,PASUDOUEST,FRXBY,09:21,FRBOJ
9834,2023-06-12,BORDEAUX ST JEAN,NON,8531,11:32,ATLANTIQUE,ST JEAN DE LUZ CIBOURE,PASUDOUEST,FRXJZ,09:21,FRBOJ
9835,2023-06-12,DIJON VILLE,NON,6766,22:04,SUD EST,PARIS (intramuros),BOURPA,FRPLY,20:27,FRABA
9836,2023-06-12,DOLE VILLE,NON,6766,20:23,SUD EST,DIJON VILLE,BOURPA,FRABA,19:59,FRACE
9837,2023-06-12,AIX EN PROVENCE TGV,OUI,6813,16:43,SUD EST,TOULON,JCPROVSUD,FRTLN,15:35,FRAIE
9838,2023-06-12,MARSEILLE ST CHARLES,OUI,6813,16:43,SUD EST,TOULON,JCPROVSUD,FRTLN,15:58,FRMSC
9839,2023-06-12,CHATEAUROUX,NON,3625,13:47,IC ARO,UZERCHE,PALITO,FRAAW,11:54,FRCHR
9840,2023-06-12,CHATEAUROUX,NON,3625,14:14,IC ARO,BRIVE LA GAILLARDE,PALITO,FRBVE,11:54,FRCHR
9841,2023-06-12,CHATEAUROUX,NON,3625,12:29,IC ARO,LA SOUTERRAINE,PALITO,FRLST,11:54,FRCHR
9842,2023-06-12,ISSOUDUN,NON,3625,13:06,IC ARO,LIMOGES BENEDICTINS,PALITO,FRAGQ,11:38,FRFMN
9843,2023-06-12,ISSOUDUN,NON,3625,14:14,IC ARO,BRIVE LA GAILLARDE,PALITO,FRBVE,11:38,FRFMN
9844,2023-06-12,PARIS (intramuros),NON,3625,11:36,IC ARO,ISSOUDUN,PALITO,FRFMN,09:38,FRPAZ
9845,2023-06-12,PARIS (intramuros),NON,3625,11:15,IC ARO,VIERZON VILLE,PALITO,FRXVZ,09:38,FRPAZ
9846,2023-06-12,VIERZON VILLE,NON,3625,13:47,IC ARO,UZERCHE,PALITO,FRAAW,11:17,FRXVZ
9847,2023-06-12,VIERZON VILLE,NON,3625,11:52,IC ARO,CHATEAUROUX,PALITO,FRCHR,11:17,FRXVZ
9848,2023-06-12,VIERZON VILLE,NON,3625,11:36,IC ARO,ISSOUDUN,PALITO,FRFMN,11:17,FRXVZ
9849,2023-06-12,PARIS (intramuros),NON,7581,20:16,NORD,BOULOGNE VILLE,PAARRAS,FRAEB,17:52,FRPNO
9850,2023-06-12,PARIS (intramuros),NON,7581,20:35,NORD,ETAPLES LE TOUQUET,PAARRAS,FRETA,17:52,FRPNO
9851,2023-06-12,LYON (intramuros),NON,6624,16:48,SUD EST,LE CREUSOT MONTCEAU MONTCHANIN,RHONEPARIS,FRXCC,16:04,FRLPD
9852,2023-06-12,LYON (intramuros),NON,6624,16:48,SUD EST,LE CREUSOT MONTCEAU MONTCHANIN,RHONEPARIS,FRXCC,15:50,FRLPE
9853,2023-06-12,LYON (intramuros),NON,5182,21:57,NORD,LILLE (intramuros),JCSUDNORD,FRLLE,19:00,FRLPD
9854,2023-06-12,MARNE LA VALLEE CHESSY,OUI,5182,21:01,NORD,AEROPORT CDG2 TGV ROISSY,JCSUDNORD,FRMLW,20:51,FRMLV
9855,2023-06-12,VALENCE TGV RHONE-ALPES SUD,NON,5182,21:01,NORD,AEROPORT CDG2 TGV ROISSY,JCSUDNORD,FRMLW,18:10,FRVLA
9856,2023-06-12,MONTPELLIER SUD DE FRANCE,NON,5182,20:47,NORD,MARNE LA VALLEE CHESSY,JCSUDNORD,FRMLV,17:05,FRSUF
9857,2023-06-12,MONTPELLIER SUD DE FRANCE,NON,5182,18:50,NORD,LYON (intramuros),JCSUDNORD,FRLPD,17:05,FRSUF
9858,2023-06-12,MONTPELLIER SUD DE FRANCE,NON,5182,21:57,NORD,LILLE (intramuros),JCSUDNORD,FRLLE,17:05,FRSUF
9859,2023-06-12,NIMES PONT DU GARD,NON,5182,21:01,NORD,AEROPORT CDG2 TGV ROISSY,JCSUDNORD,FRMLW,17:27,FRXZP
9860,2023-06-12,DIJON VILLE,NON,2239,19:31,EST,AIX EN PROVENCE TGV,JCRHINRHON,FRAIE,16:20,FRABA
9861,2023-06-12,DIJON VILLE,OUI,2239,16:39,EST,BEAUNE,JCRHINRHON,FRXBV,16:20,FRABA
9862,2023-06-12,STRASBOURG,NON,2239,21:59,EST,CANNES,JCRHINRHON,FRJCA,13:37,FRAEG
9863,2023-06-12,STRASBOURG,OUI,2239,15:29,EST,BESANCON - F COMTE TGV,JCRHINRHON,FRTJB,13:37,FRAEG
9864,2023-06-12,STRASBOURG,NON,2239,21:17,EST,LES ARCS DRAGUIGNAN,JCRHINRHON,FRXRS,13:37,FRAEG
9865,2023-06-12,COLMAR,OUI,2239,16:04,EST,DIJON VILLE,JCRHINRHON,FRABA,14:05,FRAEJ
9866,2023-06-12,COLMAR,NON,2239,19:31,EST,AIX EN PROVENCE TGV,JCRHINRHON,FRAIE,14:05,FRAEJ
9867,2023-06-12,COLMAR,NON,2239,22:30,EST,NICE VILLE,JCRHINRHON,FRNIC,14:05,FRAEJ
9868,2023-06-12,COLMAR,OUI,2239,15:02,EST,BELFORT-MONTBELIARD TGV,JCRHINRHON,FRTJA,14:05,FRAEJ
9869,2023-06-12,COLMAR,OUI,2239,15:29,EST,BESANCON - F COMTE TGV,JCRHINRHON,FRTJB,14:05,FRAEJ
9870,2023-06-12,COLMAR,NON,2239,22:11,EST,ANTIBES,JCRHINRHON,FRXAT,14:05,FRAEJ
9871,2023-06-12,MULHOUSE VILLE,NON,2239,19:31,EST,AIX EN PROVENCE TGV,JCRHINRHON,FRAIE,14:41,FRAEK
9872,2023-06-12,MULHOUSE VILLE,NON,2239,17:56,EST,LYON (intramuros),JCRHINRHON,FRLPD,14:41,FRAEK
9873,2023-06-12,MULHOUSE VILLE,NON,2239,21:17,EST,LES ARCS DRAGUIGNAN,JCRHINRHON,FRXRS,14:41,FRAEK
9874,2023-06-12,AIX EN PROVENCE TGV,OUI,2239,22:30,EST,NICE VILLE,JCRHINRHON,FRNIC,19:33,FRAIE
9875,2023-06-12,AVIGNON TGV,NON,2239,19:31,EST,AIX EN PROVENCE TGV,JCRHINRHON,FRAIE,19:12,FRAVG
9876,2023-06-12,AVIGNON TGV,NON,2239,22:30,EST,NICE VILLE,JCRHINRHON,FRNIC,19:12,FRAVG
9877,2023-06-12,LYON (intramuros),NON,2239,21:34,EST,ST RAPHAEL VALESCURE,JCRHINRHON,FRXSK,18:04,FRLPD
9878,2023-06-12,MARSEILLE ST CHARLES,OUI,2239,20:41,EST,TOULON,JCRHINRHON,FRTLN,19:57,FRMSC
9879,2023-06-12,MARSEILLE ST CHARLES,OUI,2239,22:11,EST,ANTIBES,JCRHINRHON,FRXAT,19:57,FRMSC
9880,2023-06-12,BELFORT-MONTBELIARD TGV,NON,2239,19:31,EST,AIX EN PROVENCE TGV,JCRHINRHON,FRAIE,15:06,FRTJA
9881,2023-06-12,BELFORT-MONTBELIARD TGV,NON,2239,19:45,EST,MARSEILLE ST CHARLES,JCRHINRHON,FRMSC,15:06,FRTJA
9882,2023-06-12,BEAUNE,NON,2239,19:10,EST,AVIGNON TGV,JCRHINRHON,FRAVG,16:42,FRXBV
9883,2023-06-12,BEAUNE,NON,2239,17:56,EST,LYON (intramuros),JCRHINRHON,FRLPD,16:42,FRXBV
9884,2023-06-12,BELFORT-MONTBELIARD TGV,NON,2239,22:11,EST,ANTIBES,JCRHINRHON,FRXAT,15:06,FRTJA
9885,2023-06-12,BELFORT-MONTBELIARD TGV,NON,2239,22:30,EST,NICE VILLE,JCRHINRHON,FRNIC,15:06,FRTJA
9886,2023-06-12,BELFORT-MONTBELIARD TGV,OUI,2239,16:39,EST,BEAUNE,JCRHINRHON,FRXBV,15:06,FRTJA
9887,2023-06-12,VENDOME VILLIERS SUR LOIR,OUI,8301,08:35,ATLANTIQUE,ST PIERRE DES CORPS,PAROCHELLE,FRXSH,08:16,FRESL
9888,2023-06-12,PARIS (intramuros),OUI,8301,08:35,ATLANTIQUE,ST PIERRE DES CORPS,PAROCHELLE,FRXSH,07:28,FRPMO
9889,2023-06-12,AVIGNON TGV,NON,6165,16:25,SUD EST,CANNES,PAAZUR,FRJCA,14:04,FRAVG
9890,2023-06-12,PARIS (intramuros),NON,6165,14:01,SUD EST,AVIGNON TGV,PAAZUR,FRAVG,11:20,FRPLY
9891,2023-06-12,PARIS (intramuros),NON,6165,16:58,SUD EST,NICE VILLE,PAAZUR,FRNIC,11:20,FRPLY
9892,2023-06-12,PARIS (intramuros),NON,6165,16:39,SUD EST,ANTIBES,PAAZUR,FRXAT,11:20,FRPLY
9893,2023-06-12,PARIS (intramuros),NON,6165,16:01,SUD EST,ST RAPHAEL VALESCURE,PAAZUR,FRXSK,11:20,FRPLY
9894,2023-06-12,TOULON,OUI,6165,16:39,SUD EST,ANTIBES,PAAZUR,FRXAT,15:15,FRTLN
9895,2023-06-12,TOULON,OUI,6165,16:01,SUD EST,ST RAPHAEL VALESCURE,PAAZUR,FRXSK,15:15,FRTLN
9896,2023-06-12,LE MANS,OUI,8067,19:10,ATLANTIQUE,RENNES,PARISBRETA,FRRNS,18:13,FRAET
9897,2023-06-12,SAVERDUN,NON,3970,05:16,IC NUIT,LES AUBRAIS ORLEANS,PALOMBEPAR,FRLAB,21:03,FRFPU
9898,2023-06-12,SAVERDUN,NON,3970,06:33,IC NUIT,PARIS (intramuros),PALOMBEPAR,FRPAZ,21:03,FRFPU
9899,2023-06-12,PORTE PUYMORENS,NON,3970,05:16,IC NUIT,LES AUBRAIS ORLEANS,PALOMBEPAR,FRLAB,19:05,FRFQF
9900,2023-06-12,PAMIERS,NON,3970,05:16,IC NUIT,LES AUBRAIS ORLEANS,PALOMBEPAR,FRLAB,20:47,FRPMS
9901,2023-06-12,AX LES THERMES,NON,3970,05:16,IC NUIT,LES AUBRAIS ORLEANS,PALOMBEPAR,FRLAB,19:47,FRXLT
9902,2023-06-12,AX LES THERMES,NON,3970,06:33,IC NUIT,PARIS (intramuros),PALOMBEPAR,FRPAZ,19:47,FRXLT
9903,2023-06-12,LES CABANNES,NON,3970,05:16,IC NUIT,LES AUBRAIS ORLEANS,PALOMBEPAR,FRLAB,20:04,FRFQK
9904,2023-06-12,VALENCE VILLE,NON,6196,15:48,SUD EST,LYON-SAINT EXUPERY TGV,VDRPA,FRJDQ,15:13,FRVAF
9905,2023-06-12,MONTELIMAR GARE SNCF,OUI,6196,15:10,SUD EST,VALENCE VILLE,VDRPA,FRVAF,14:49,FRXMK
9906,2023-06-12,ORANGE,NON,6196,17:46,SUD EST,PARIS (intramuros),VDRPA,FRPLY,14:21,FRXOG
9907,2023-06-12,MARSEILLE ST CHARLES,OUI,6024,16:38,SUD EST,AVIGNON TGV,PROVENCEPA,FRAVG,16:04,FRMSC
9908,2023-06-12,NANCY,OUI,2536,11:05,EST,CHAMPAGNE-ARDENNE,NANCYPA,FREAH,10:11,FRENC
9909,2023-06-12,BOULOGNE VILLE,NON,7520,14:32,NORD,PARIS (intramuros),ARRASPA,FRPNO,11:51,FRAEB
9910,2023-06-12,LILLE (intramuros),NON,7520,14:32,NORD,PARIS (intramuros),ARRASPA,FRPNO,13:03,FRLLE
9911,2023-06-12,BOURG EN BRESSE,NON,9774,17:42,INTERNATIONAL,PARIS (intramuros),GENEVEPA,FRPLY,15:52,FRXBK
9912,2023-06-12,PARIS (intramuros),OUI,8827,23:42,ATLANTIQUE,NANTES,PARISLOIRE,FRNTE,21:21,FRPMO
9913,2023-06-12,CANNES,OUI,6181,23:00,SUD EST,NICE VILLE,PAAZUR,FRNIC,22:33,FRJCA
9914,2023-06-12,PARIS (intramuros),NON,6181,21:11,SUD EST,TOULON,PAAZUR,FRTLN,17:20,FRPLY
9915,2023-06-12,NICE VILLE,OUI,6176,14:33,SUD EST,MARSEILLE ST CHARLES,AZURPA,FRMSC,12:02,FRNIC
9916,2023-06-12,ANTIBES,OUI,6176,12:29,SUD EST,CANNES,AZURPA,FRJCA,12:19,FRXAT
9917,2023-06-12,ANTIBES,OUI,6176,13:44,SUD EST,TOULON,AZURPA,FRTLN,12:19,FRXAT
9918,2023-06-12,NICE VILLE,NON,6174,15:50,SUD EST,PARIS (intramuros),AZURPA,FRPLY,09:57,FRNIC
9919,2023-06-12,ANTIBES,OUI,6174,10:28,SUD EST,CANNES,AZURPA,FRJCA,10:16,FRXAT
9920,2023-06-12,ANTIBES,OUI,6174,10:55,SUD EST,ST RAPHAEL VALESCURE,AZURPA,FRXSK,10:16,FRXAT
9921,2023-06-12,PARIS (intramuros),NON,8509,19:26,ATLANTIQUE,TOULOUSE MATABIAU,PASUDOUEST,FRXYT,15:08,FRPMO
9922,2023-06-12,ANGERS ST LAUD,NON,5480,18:00,EST,CHAMPAGNE-ARDENNE,JCATLEST,FREAH,14:49,FRACL
9923,2023-06-12,ANGERS ST LAUD,NON,5480,17:13,EST,AEROPORT CDG2 TGV ROISSY,JCATLEST,FRMLW,14:49,FRACL
9924,2023-06-12,MASSY TGV,NON,5480,17:13,EST,AEROPORT CDG2 TGV ROISSY,JCATLEST,FRMLW,16:26,FRDJU
9925,2023-06-12,CHAMPAGNE-ARDENNE,NON,5480,19:29,EST,STRASBOURG,JCATLEST,FRAEG,18:10,FREAH
9926,2023-06-12,MARNE LA VALLEE CHESSY,NON,5480,18:48,EST,LORRAINE TGV,JCATLEST,FREAM,17:03,FRMLV
9927,2023-06-12,NANTES,NON,5480,18:00,EST,CHAMPAGNE-ARDENNE,JCATLEST,FREAH,14:09,FRNTE
9928,2023-06-12,NANTES,NON,5480,16:57,EST,MARNE LA VALLEE CHESSY,JCATLEST,FRMLV,14:09,FRNTE
9929,2023-06-12,MARSEILLE ST CHARLES,OUI,6177,18:11,SUD EST,TOULON,PAAZUR,FRTLN,17:28,FRMSC
9930,2023-06-12,PARIS (intramuros),NON,6177,17:14,SUD EST,MARSEILLE ST CHARLES,PAAZUR,FRMSC,14:08,FRPLY
9931,2023-06-12,PARIS (intramuros),NON,6177,18:11,SUD EST,TOULON,PAAZUR,FRTLN,14:08,FRPLY
9932,2023-06-12,TOULON,OUI,6177,19:26,SUD EST,CANNES,PAAZUR,FRJCA,18:15,FRTLN
9933,2023-06-12,TOULON,OUI,6177,19:01,SUD EST,ST RAPHAEL VALESCURE,PAAZUR,FRXSK,18:15,FRTLN
9934,2023-06-12,ST RAPHAEL VALESCURE,OUI,6177,19:39,SUD EST,ANTIBES,PAAZUR,FRXAT,19:04,FRXSK
9935,2023-06-12,LILLE (intramuros),NON,7014,09:14,NORD,PARIS (intramuros),LILLEPA,FRPNO,08:12,FRADJ
9936,2023-06-12,BREST,OUI,8602,05:52,ATLANTIQUE,MORLAIX,BRETAPARIS,FRMXN,05:23,FRBES
9937,2023-06-12,BREST,NON,8602,09:08,ATLANTIQUE,PARIS (intramuros),BRETAPARIS,FRPMO,05:23,FRBES
9938,2023-06-12,GUINGAMP,OUI,8602,07:29,ATLANTIQUE,RENNES,BRETAPARIS,FRRNS,06:24,FRGGP
9939,2023-06-12,MORLAIX,OUI,8602,07:29,ATLANTIQUE,RENNES,BRETAPARIS,FRRNS,05:55,FRMXN
9940,2023-06-12,CHATEAUROUX,OUI,3665,22:04,IC ARO,BRIVE LA GAILLARDE,PALITO,FRBVE,19:44,FRCHR
9941,2023-06-12,VIERZON VILLE,OUI,3665,22:04,IC ARO,BRIVE LA GAILLARDE,PALITO,FRBVE,19:12,FRXVZ
9942,2023-06-12,NANTES,OUI,8900,06:43,ATLANTIQUE,ANGERS ST LAUD,LOIREPARIS,FRACL,06:05,FRNTE
9943,2023-06-12,ST NAZAIRE,OUI,8900,06:43,ATLANTIQUE,ANGERS ST LAUD,LOIREPARIS,FRACL,05:24,FRSNR
9944,2023-06-12,ST NAZAIRE,NON,8900,08:12,ATLANTIQUE,PARIS (intramuros),LOIREPARIS,FRPMO,05:24,FRSNR
9945,2023-06-12,PARIS (intramuros),NON,2573,21:07,EST,REMIREMONT,PANANCY,FRRNT,18:10,FRPST
9946,2023-06-12,PARIS (intramuros),NON,6275,15:56,SUD EST,BEZIERS,PALANG,FRBZR,11:44,FRPLY
9947,2023-06-12,PARIS (intramuros),NON,6275,16:52,SUD EST,PERPIGNAN,PALANG,FRPGF,11:44,FRPLY
9948,2023-06-12,PARIS (intramuros),NON,6275,15:41,SUD EST,AGDE,PALANG,FRXAG,11:44,FRPLY
9949,2023-06-12,PARIS (intramuros),NON,6275,16:13,SUD EST,NARBONNE,PALANG,FRXNA,11:44,FRPLY
9950,2023-06-12,VALENCE TGV RHONE-ALPES SUD,NON,6275,15:56,SUD EST,BEZIERS,PALANG,FRBZR,14:00,FRVLA
9951,2023-06-12,VALENCE TGV RHONE-ALPES SUD,NON,6275,16:52,SUD EST,PERPIGNAN,PALANG,FRPGF,14:00,FRVLA
9952,2023-06-12,SETE,OUI,6275,15:41,SUD EST,AGDE,PALANG,FRXAG,15:28,FRXSY
9953,2023-06-12,VALENCE TGV RHONE-ALPES SUD,NON,6275,14:36,SUD EST,NIMES PONT DU GARD,PALANG,FRXZP,14:00,FRVLA
9954,2023-06-12,NIMES PONT DU GARD,NON,6275,14:59,SUD EST,MONTPELLIER SUD DE FRANCE,PALANG,FRSUF,14:39,FRXZP
9955,2023-06-12,SAUMUR,NON,4506,22:08,IC SRO,NANTES,JOURLYNNTE,FRNTE,21:05,FRACN
9956,2023-06-12,BOURGES,NON,4506,19:26,IC SRO,VIERZON VILLE,JOURLYNNTE,FRXVZ,19:07,FRBOU
9957,2023-06-12,LYON (intramuros),NON,4506,21:26,IC SRO,ANGERS ST LAUD,JOURLYNNTE,FRACL,15:44,FRLPD
9958,2023-06-12,LYON (intramuros),NON,4506,20:26,IC SRO,ST PIERRE DES CORPS,JOURLYNNTE,FRXSH,15:44,FRLPD
9959,2023-06-12,LYON (intramuros),NON,4506,21:03,IC SRO,SAUMUR,JOURLYNNTE,FRACN,15:32,FRLPE
9960,2023-06-12,LYON (intramuros),NON,4506,15:40,IC SRO,LYON (intramuros),JOURLYNNTE,FRLPD,15:32,FRLPE
9961,2023-06-12,LYON (intramuros),NON,4506,17:26,IC SRO,ST GERMAIN DES FOSSES,JOURLYNNTE,FRSGF,15:32,FRLPE
9962,2023-06-12,ROANNE,NON,4506,21:03,IC SRO,SAUMUR,JOURLYNNTE,FRACN,16:48,FRRNE
9963,2023-06-12,ROANNE,NON,4506,18:21,IC SRO,NEVERS,JOURLYNNTE,FRNVS,16:48,FRRNE
9964,2023-06-12,ST GERMAIN DES FOSSES,NON,4506,22:08,IC SRO,NANTES,JOURLYNNTE,FRNTE,17:28,FRSGF
9965,2023-06-12,ST GERMAIN DES FOSSES,NON,4506,18:21,IC SRO,NEVERS,JOURLYNNTE,FRNVS,17:28,FRSGF
9966,2023-06-12,MOULINS SUR ALLIER,NON,4506,19:05,IC SRO,BOURGES,JOURLYNNTE,FRBOU,17:53,FRXMU
9967,2023-06-12,MOULINS SUR ALLIER,NON,4506,18:21,IC SRO,NEVERS,JOURLYNNTE,FRNVS,17:53,FRXMU
9968,2023-06-12,VIERZON VILLE,NON,4506,21:26,IC SRO,ANGERS ST LAUD,JOURLYNNTE,FRACL,19:28,FRXVZ
9969,2023-06-12,VIERZON VILLE,NON,4506,20:26,IC SRO,ST PIERRE DES CORPS,JOURLYNNTE,FRXSH,19:28,FRXVZ
9970,2023-06-12,PARIS (intramuros),NON,7181,18:40,NORD,ARRAS,PAARRAS,FRQRV,17:52,FRPNO
9971,2023-06-12,MULHOUSE VILLE,NON,6700,06:08,SUD EST,BELFORT-MONTBELIARD TGV,BOURPA,FRTJA,05:47,FRAEK
9972,2023-06-12,BESANCON - F COMTE TGV,NON,6700,08:42,SUD EST,PARIS (intramuros),BOURPA,FRPLY,06:35,FRTJB
9973,2023-06-12,DAX,NON,8549,20:31,ATLANTIQUE,ST JEAN DE LUZ CIBOURE,PASUDOUEST,FRXJZ,19:35,FRACG
9974,2023-06-12,BORDEAUX ST JEAN,NON,8549,20:15,ATLANTIQUE,BIARRITZ,PASUDOUEST,FRBIQ,18:20,FRBOJ
9975,2023-06-12,PARIS (intramuros),NON,8549,20:03,ATLANTIQUE,BAYONNE,PASUDOUEST,FRXBY,16:08,FRPMO
9976,2023-06-12,PARIS (intramuros),NON,8549,20:31,ATLANTIQUE,ST JEAN DE LUZ CIBOURE,PASUDOUEST,FRXJZ,16:08,FRPMO
9977,2023-06-12,BAYONNE,OUI,8549,20:31,ATLANTIQUE,ST JEAN DE LUZ CIBOURE,PASUDOUEST,FRXJZ,20:06,FRXBY
9978,2023-06-12,LES AUBRAIS ORLEANS,NON,3751,06:19,IC NUIT,MONTAUBAN VILLE BOURBON,PAVERMEIL,FRXMW,23:00,FRLAB
9979,2023-06-12,QUIMPER,OUI,8746,19:48,ATLANTIQUE,LORIENT,BRETAPARIS,FRLRT,19:16,FRUIP
9980,2023-06-12,QUIMPER,NON,8746,21:25,ATLANTIQUE,RENNES,BRETAPARIS,FRRNS,19:16,FRUIP
9981,2023-06-12,QUIMPER,OUI,8746,20:06,ATLANTIQUE,AURAY,BRETAPARIS,FRXUY,19:16,FRUIP
9982,2023-06-12,VANNES,NON,8746,21:25,ATLANTIQUE,RENNES,BRETAPARIS,FRRNS,20:22,FRVNE
9983,2023-06-12,NANTES,OUI,8905,20:34,ATLANTIQUE,ST NAZAIRE,PARISLOIRE,FRSNR,20:00,FRNTE
9984,2023-06-12,PARIS (intramuros),OUI,8905,19:54,ATLANTIQUE,NANTES,PARISLOIRE,FRNTE,17:48,FRPMO
9985,2023-06-12,STRASBOURG,NON,9890,07:23,NORD,CHAMPAGNE-ARDENNE,JCESTNORD,FREAH,06:01,FRAEG
9986,2023-06-12,STRASBOURG,NON,9890,07:56,NORD,AEROPORT CDG2 TGV ROISSY,JCESTNORD,FRMLW,06:01,FRAEG
9987,2023-06-12,CHAMPAGNE-ARDENNE,NON,9890,08:56,NORD,LILLE (intramuros),JCESTNORD,FRLLE,07:26,FREAH
9988,2023-06-12,CHAMPAGNE-ARDENNE,NON,9890,07:56,NORD,AEROPORT CDG2 TGV ROISSY,JCESTNORD,FRMLW,07:26,FREAH
9989,2023-06-12,MEUSE TGV,NON,9890,07:23,NORD,CHAMPAGNE-ARDENNE,JCESTNORD,FREAH,06:59,FREAJ
9990,2023-06-12,LILLE (intramuros),OUI,9890,09:43,NORD,BRUXELLES MIDI BRUSSEL ZUID,JCESTNORD,BEBMI,09:09,FRLLE
9991,2023-06-12,PARIS (intramuros),OUI,5789,08:26,IC NUIT,BRIANCON,PABRIANCON,FRXBC,20:48,FRPAZ
9992,2023-06-12,TOURS,NON,8314,13:33,ATLANTIQUE,PARIS (intramuros),ROCHELLEPA,FRPMO,12:13,FRAFW
9993,2023-06-12,VENDOME VILLIERS SUR LOIR,NON,8314,13:33,ATLANTIQUE,PARIS (intramuros),ROCHELLEPA,FRPMO,12:46,FRESL
9994,2023-06-12,PARIS (intramuros),NON,5959,16:01,IC ARO,VICHY,PACLERMONT,FRVHY,13:00,FRPBE
9995,2023-06-12,METZ VILLE,OUI,2886,19:49,EST,CHAMPAGNE-ARDENNE,LUXMETZPA,FREAH,18:58,FRADE
9996,2023-06-12,AUGSBURG HBF,NON,9576,09:51,INTERNATIONAL,KARLSRUHE HBF,MUNSTUTPA,DEQKA,07:20,DEAGB
9997,2023-06-12,MUENCHEN HBF,NON,9576,07:18,INTERNATIONAL,AUGSBURG HBF,MUNSTUTPA,DEAGB,06:51,DEBEG
9998,2023-06-12,MUENCHEN HBF,NON,9576,08:02,INTERNATIONAL,ULM HBF,MUNSTUTPA,DEQUL,06:51,DEBEG
9999,2023-06-12,KARLSRUHE HBF,NON,9576,10:37,INTERNATIONAL,STRASBOURG,MUNSTUTPA,FRAEG,09:53,DEQKA
